time,vehicle_id,real,origin,destination,position,flight_phase,velocity
0.0,1000,False,0,2,[3.  8.5 0. ],waiting,[-0.82138112 -0.19970136 -0.21083176]
0.0,1001,False,1,5,[5.5 1.5 0. ],waiting,[-0.48080528  0.59740651 -0.20557775]
0.0,1002,False,2,0,[-7.5 -1.   0. ],waiting,[ 0.5677905  -0.59831228 -0.99408226]
0.0,1003,False,3,4,[-1. -8.  0.],waiting,[ 0.63925976  0.24903542 -0.34837281]
0.0,1004,False,4,1,[ 8.  -7.5  0. ],waiting,[-0.62185191  0.08809385  0.93462812]
0.0,1005,False,5,3,[-8.  8.  0.],waiting,[ 0.50568378 -0.03156594 -0.11489306]
0.10853338241577148,1000,False,0,2,[3.  8.5 0. ],waiting,[-0.82138112 -0.19970136 -0.21083176]
0.10853338241577148,1001,False,1,5,[5.5 1.5 0. ],waiting,[-0.48080528  0.59740651 -0.20557775]
0.10853338241577148,1002,False,2,0,[-7.5 -1.   0. ],waiting,[ 0.5677905  -0.59831228 -0.99408226]
0.10853338241577148,1003,False,3,4,[-1. -8.  0.],waiting,[ 0.63925976  0.24903542 -0.34837281]
0.10853338241577148,1004,False,4,1,[ 8.  -7.5  0. ],queued,[-0.62185191  0.08809385  0.93462812]
0.10853338241577148,1005,False,5,3,[-8.  8.  0.],waiting,[ 0.50568378 -0.03156594 -0.11489306]
0.20288443565368652,1000,False,0,2,[3.  8.5 0. ],waiting,[-0.82138112 -0.19970136 -0.21083176]
0.20288443565368652,1001,False,1,5,[5.5 1.5 0. ],queued,[-0.48080528  0.59740651 -0.20557775]
0.20288443565368652,1002,False,2,0,[-7.5 -1.   0. ],waiting,[ 0.5677905  -0.59831228 -0.99408226]
0.20288443565368652,1003,False,3,4,[-1. -8.  0.],waiting,[ 0.63925976  0.24903542 -0.34837281]
0.20288443565368652,1004,False,4,1,[ 8.   -7.5   0.02],queued,[-0.62185191  0.08809385  0.93462812]
0.20288443565368652,1005,False,5,3,[-8.  8.  0.],waiting,[ 0.50568378 -0.03156594 -0.11489306]
0.30501461029052734,1000,False,0,2,[3.  8.5 0. ],waiting,[-0.82138112 -0.19970136 -0.21083176]
0.30501461029052734,1001,False,1,5,[5.5  1.5  0.02],queued,[-0.48080528  0.59740651 -0.20557775]
0.30501461029052734,1002,False,2,0,[-7.5 -1.   0. ],waiting,[ 0.5677905  -0.59831228 -0.99408226]
0.30501461029052734,1003,False,3,4,[-1. -8.  0.],waiting,[ 0.63925976  0.24903542 -0.34837281]
0.30501461029052734,1004,False,4,1,[ 8.   -7.5   0.06],queued,[-0.62185191  0.08809385  0.93462812]
0.30501461029052734,1005,False,5,3,[-8.  8.  0.],waiting,[ 0.50568378 -0.03156594 -0.11489306]
0.40754103660583496,1000,False,0,2,[3.  8.5 0. ],waiting,[-0.82138112 -0.19970136 -0.21083176]
0.40754103660583496,1001,False,1,5,[5.5  1.5  0.06],queued,[-0.48080528  0.59740651 -0.20557775]
0.40754103660583496,1002,False,2,0,[-7.5 -1.   0. ],waiting,[ 0.5677905  -0.59831228 -0.99408226]
0.40754103660583496,1003,False,3,4,[-1. -8.  0.],waiting,[ 0.63925976  0.24903542 -0.34837281]
0.40754103660583496,1004,False,4,1,[ 8.   -7.5   0.12],queued,[-0.62185191  0.08809385  0.93462812]
0.40754103660583496,1005,False,5,3,[-8.  8.  0.],waiting,[ 0.50568378 -0.03156594 -0.11489306]
0.507519006729126,1000,False,0,2,[3.  8.5 0. ],waiting,[-0.82138112 -0.19970136 -0.21083176]
0.507519006729126,1001,False,1,5,[5.5  1.5  0.12],queued,[-0.48080528  0.59740651 -0.20557775]
0.507519006729126,1002,False,2,0,[-7.5 -1.   0. ],waiting,[ 0.5677905  -0.59831228 -0.99408226]
0.507519006729126,1003,False,3,4,[-1. -8.  0.],waiting,[ 0.63925976  0.24903542 -0.34837281]
0.507519006729126,1004,False,4,1,[ 8.    -7.5    0.195],queued,[-0.62185191  0.08809385  0.93462812]
0.507519006729126,1005,False,5,3,[-8.  8.  0.],waiting,[ 0.50568378 -0.03156594 -0.11489306]
0.6013035774230957,1000,False,0,2,[3.  8.5 0. ],waiting,[-0.82138112 -0.19970136 -0.21083176]
0.6013035774230957,1001,False,1,5,[5.5   1.5   0.195],queued,[-0.48080528  0.59740651 -0.20557775]
0.6013035774230957,1002,False,2,0,[-7.5 -1.   0. ],waiting,[ 0.5677905  -0.59831228 -0.99408226]
0.6013035774230957,1003,False,3,4,[-1. -8.  0.],waiting,[ 0.63925976  0.24903542 -0.34837281]
0.6013035774230957,1004,False,4,1,[ 8.   -7.5   0.27],queued,[-0.62185191  0.08809385  0.93462812]
0.6013035774230957,1005,False,5,3,[-8.  8.  0.],waiting,[ 0.50568378 -0.03156594 -0.11489306]
0.7142143249511719,1000,False,0,2,[3.  8.5 0. ],waiting,[-0.82138112 -0.19970136 -0.21083176]
0.7142143249511719,1001,False,1,5,[5.5  1.5  0.27],queued,[-0.48080528  0.59740651 -0.20557775]
0.7142143249511719,1002,False,2,0,[-7.5 -1.   0. ],waiting,[ 0.5677905  -0.59831228 -0.99408226]
0.7142143249511719,1003,False,3,4,[-1. -8.  0.],waiting,[ 0.63925976  0.24903542 -0.34837281]
0.7142143249511719,1004,False,4,1,[ 8.    -7.5    0.345],queued,[-0.62185191  0.08809385  0.93462812]
0.7142143249511719,1005,False,5,3,[-8.  8.  0.],queued,[ 0.50568378 -0.03156594 -0.11489306]
0.8002543449401855,1000,False,0,2,[3.  8.5 0. ],waiting,[-0.82138112 -0.19970136 -0.21083176]
0.8002543449401855,1001,False,1,5,[5.5   1.5   0.345],queued,[-0.48080528  0.59740651 -0.20557775]
0.8002543449401855,1002,False,2,0,[-7.5 -1.   0. ],waiting,[ 0.5677905  -0.59831228 -0.99408226]
0.8002543449401855,1003,False,3,4,[-1. -8.  0.],waiting,[ 0.63925976  0.24903542 -0.34837281]
0.8002543449401855,1004,False,4,1,[ 8.   -7.5   0.42],queued,[-0.62185191  0.08809385  0.93462812]
0.8002543449401855,1005,False,5,3,[-8.    8.    0.02],queued,[ 0.50568378 -0.03156594 -0.11489306]
0.9071722030639648,1000,False,0,2,[3.  8.5 0. ],waiting,[-0.82138112 -0.19970136 -0.21083176]
0.9071722030639648,1001,False,1,5,[5.5  1.5  0.42],queued,[-0.48080528  0.59740651 -0.20557775]
0.9071722030639648,1002,False,2,0,[-7.5 -1.   0. ],queued,[ 0.5677905  -0.59831228 -0.99408226]
0.9071722030639648,1003,False,3,4,[-1. -8.  0.],waiting,[ 0.63925976  0.24903542 -0.34837281]
0.9071722030639648,1004,False,4,1,[ 8.    -7.5    0.495],queued,[-0.62185191  0.08809385  0.93462812]
0.9071722030639648,1005,False,5,3,[-8.    8.    0.06],queued,[ 0.50568378 -0.03156594 -0.11489306]
1.0099620819091797,1000,False,0,2,[3.  8.5 0. ],waiting,[-0.82138112 -0.19970136 -0.21083176]
1.0099620819091797,1001,False,1,5,[5.5   1.5   0.495],queued,[-0.48080528  0.59740651 -0.20557775]
1.0099620819091797,1002,False,2,0,[-7.5  -1.    0.02],queued,[ 0.5677905  -0.59831228 -0.99408226]
1.0099620819091797,1003,False,3,4,[-1. -8.  0.],waiting,[ 0.63925976  0.24903542 -0.34837281]
1.0099620819091797,1004,False,4,1,[ 8.   -7.5   0.57],queued,[-0.62185191  0.08809385  0.93462812]
1.0099620819091797,1005,False,5,3,[-8.    8.    0.12],queued,[ 0.50568378 -0.03156594 -0.11489306]
1.1144123077392578,1000,False,0,2,[3.  8.5 0. ],waiting,[-0.82138112 -0.19970136 -0.21083176]
1.1144123077392578,1001,False,1,5,[5.5  1.5  0.57],queued,[-0.48080528  0.59740651 -0.20557775]
1.1144123077392578,1002,False,2,0,[-7.5  -1.    0.06],queued,[ 0.5677905  -0.59831228 -0.99408226]
1.1144123077392578,1003,False,3,4,[-1. -8.  0.],waiting,[ 0.63925976  0.24903542 -0.34837281]
1.1144123077392578,1004,False,4,1,[ 8.    -7.5    0.645],queued,[-0.62185191  0.08809385  0.93462812]
1.1144123077392578,1005,False,5,3,[-8.     8.     0.195],queued,[ 0.50568378 -0.03156594 -0.11489306]
1.2059099674224854,1000,False,0,2,[3.  8.5 0. ],waiting,[-0.82138112 -0.19970136 -0.21083176]
1.2059099674224854,1001,False,1,5,[5.5   1.5   0.645],queued,[-0.48080528  0.59740651 -0.20557775]
1.2059099674224854,1002,False,2,0,[-7.5  -1.    0.12],queued,[ 0.5677905  -0.59831228 -0.99408226]
1.2059099674224854,1003,False,3,4,[-1. -8.  0.],waiting,[ 0.63925976  0.24903542 -0.34837281]
1.2059099674224854,1004,False,4,1,[ 8.   -7.5   0.72],queued,[-0.62185191  0.08809385  0.93462812]
1.2059099674224854,1005,False,5,3,[-8.    8.    0.27],queued,[ 0.50568378 -0.03156594 -0.11489306]
1.3125708103179932,1000,False,0,2,[3.  8.5 0. ],queued,[-0.82138112 -0.19970136 -0.21083176]
1.3125708103179932,1001,False,1,5,[5.5  1.5  0.72],queued,[-0.48080528  0.59740651 -0.20557775]
1.3125708103179932,1002,False,2,0,[-7.5   -1.     0.195],queued,[ 0.5677905  -0.59831228 -0.99408226]
1.3125708103179932,1003,False,3,4,[-1. -8.  0.],waiting,[ 0.63925976  0.24903542 -0.34837281]
1.3125708103179932,1004,False,4,1,[ 8.    -7.5    0.795],queued,[-0.62185191  0.08809385  0.93462812]
1.3125708103179932,1005,False,5,3,[-8.     8.     0.345],queued,[ 0.50568378 -0.03156594 -0.11489306]
1.4115757942199707,1000,False,0,2,[3.   8.5  0.02],queued,[-0.82138112 -0.19970136 -0.21083176]
1.4115757942199707,1001,False,1,5,[5.5   1.5   0.795],queued,[-0.48080528  0.59740651 -0.20557775]
1.4115757942199707,1002,False,2,0,[-7.5  -1.    0.27],queued,[ 0.5677905  -0.59831228 -0.99408226]
1.4115757942199707,1003,False,3,4,[-1. -8.  0.],waiting,[ 0.63925976  0.24903542 -0.34837281]
1.4115757942199707,1004,False,4,1,[ 8.   -7.5   0.87],queued,[-0.62185191  0.08809385  0.93462812]
1.4115757942199707,1005,False,5,3,[-8.    8.    0.42],queued,[ 0.50568378 -0.03156594 -0.11489306]
1.5016651153564453,1000,False,0,2,[3.   8.5  0.06],queued,[-0.82138112 -0.19970136 -0.21083176]
1.5016651153564453,1001,False,1,5,[5.5  1.5  0.87],queued,[-0.48080528  0.59740651 -0.20557775]
1.5016651153564453,1002,False,2,0,[-7.5   -1.     0.345],queued,[ 0.5677905  -0.59831228 -0.99408226]
1.5016651153564453,1003,False,3,4,[-1. -8.  0.],queued,[ 0.63925976  0.24903542 -0.34837281]
1.5016651153564453,1004,False,4,1,[ 8.    -7.5    0.945],queued,[-0.62185191  0.08809385  0.93462812]
1.5016651153564453,1005,False,5,3,[-8.     8.     0.495],queued,[ 0.50568378 -0.03156594 -0.11489306]
1.6010761260986328,1000,False,0,2,[3.   8.5  0.12],queued,[-0.82138112 -0.19970136 -0.21083176]
1.6010761260986328,1001,False,1,5,[5.5   1.5   0.945],queued,[-0.48080528  0.59740651 -0.20557775]
1.6010761260986328,1002,False,2,0,[-7.5  -1.    0.42],queued,[ 0.5677905  -0.59831228 -0.99408226]
1.6010761260986328,1003,False,3,4,[-1.   -8.    0.02],queued,[ 0.63925976  0.24903542 -0.34837281]
1.6010761260986328,1004,False,4,1,[ 8.   -7.5   1.02],queued,[-0.62185191  0.08809385  0.93462812]
1.6010761260986328,1005,False,5,3,[-8.    8.    0.57],queued,[ 0.50568378 -0.03156594 -0.11489306]
1.7084262371063232,1000,False,0,2,[3.    8.5   0.195],queued,[-0.82138112 -0.19970136 -0.21083176]
1.7084262371063232,1001,False,1,5,[5.5  1.5  1.02],queued,[-0.48080528  0.59740651 -0.20557775]
1.7084262371063232,1002,False,2,0,[-7.5   -1.     0.495],queued,[ 0.5677905  -0.59831228 -0.99408226]
1.7084262371063232,1003,False,3,4,[-1.   -8.    0.06],queued,[ 0.63925976  0.24903542 -0.34837281]
1.7084262371063232,1004,False,4,1,[ 8.    -7.5    1.095],queued,[-0.62185191  0.08809385  0.93462812]
1.7084262371063232,1005,False,5,3,[-8.     8.     0.645],queued,[ 0.50568378 -0.03156594 -0.11489306]
1.8090472221374512,1000,False,0,2,[3.   8.5  0.27],queued,[-0.82138112 -0.19970136 -0.21083176]
1.8090472221374512,1001,False,1,5,[5.5   1.5   1.095],queued,[-0.48080528  0.59740651 -0.20557775]
1.8090472221374512,1002,False,2,0,[-7.5  -1.    0.57],queued,[ 0.5677905  -0.59831228 -0.99408226]
1.8090472221374512,1003,False,3,4,[-1.   -8.    0.12],queued,[ 0.63925976  0.24903542 -0.34837281]
1.8090472221374512,1004,False,4,1,[ 8.   -7.5   1.17],queued,[-0.62185191  0.08809385  0.93462812]
1.8090472221374512,1005,False,5,3,[-8.    8.    0.72],queued,[ 0.50568378 -0.03156594 -0.11489306]
1.91270112991333,1000,False,0,2,[3.    8.5   0.345],queued,[-0.82138112 -0.19970136 -0.21083176]
1.91270112991333,1001,False,1,5,[5.5  1.5  1.17],queued,[-0.48080528  0.59740651 -0.20557775]
1.91270112991333,1002,False,2,0,[-7.5   -1.     0.645],queued,[ 0.5677905  -0.59831228 -0.99408226]
1.91270112991333,1003,False,3,4,[-1.    -8.     0.195],queued,[ 0.63925976  0.24903542 -0.34837281]
1.91270112991333,1004,False,4,1,[ 8.    -7.5    1.245],queued,[-0.62185191  0.08809385  0.93462812]
1.91270112991333,1005,False,5,3,[-8.     8.     0.795],queued,[ 0.50568378 -0.03156594 -0.11489306]
2.0085179805755615,1000,False,0,2,[3.   8.5  0.42],queued,[-0.82138112 -0.19970136 -0.21083176]
2.0085179805755615,1001,False,1,5,[5.5   1.5   1.245],queued,[-0.48080528  0.59740651 -0.20557775]
2.0085179805755615,1002,False,2,0,[-7.5  -1.    0.72],queued,[ 0.5677905  -0.59831228 -0.99408226]
2.0085179805755615,1003,False,3,4,[-1.   -8.    0.27],queued,[ 0.63925976  0.24903542 -0.34837281]
2.0085179805755615,1004,False,4,1,[ 8.   -7.5   1.32],queued,[-0.62185191  0.08809385  0.93462812]
2.0085179805755615,1005,False,5,3,[-8.    8.    0.87],queued,[ 0.50568378 -0.03156594 -0.11489306]
2.1107566356658936,1000,False,0,2,[3.    8.5   0.495],queued,[-0.82138112 -0.19970136 -0.21083176]
2.1107566356658936,1001,False,1,5,[5.5  1.5  1.32],queued,[-0.48080528  0.59740651 -0.20557775]
2.1107566356658936,1002,False,2,0,[-7.5   -1.     0.795],queued,[ 0.5677905  -0.59831228 -0.99408226]
2.1107566356658936,1003,False,3,4,[-1.    -8.     0.345],queued,[ 0.63925976  0.24903542 -0.34837281]
2.1107566356658936,1004,False,4,1,[ 8.    -7.5    1.395],queued,[-0.62185191  0.08809385  0.93462812]
2.1107566356658936,1005,False,5,3,[-8.     8.     0.945],queued,[ 0.50568378 -0.03156594 -0.11489306]
2.2199831008911133,1000,False,0,2,[3.   8.5  0.57],queued,[-0.82138112 -0.19970136 -0.21083176]
2.2199831008911133,1001,False,1,5,[5.5   1.5   1.395],queued,[-0.48080528  0.59740651 -0.20557775]
2.2199831008911133,1002,False,2,0,[-7.5  -1.    0.87],queued,[ 0.5677905  -0.59831228 -0.99408226]
2.2199831008911133,1003,False,3,4,[-1.   -8.    0.42],queued,[ 0.63925976  0.24903542 -0.34837281]
2.2199831008911133,1004,False,4,1,[ 8.   -7.5   1.47],queued,[-0.62185191  0.08809385  0.93462812]
2.2199831008911133,1005,False,5,3,[-8.    8.    1.02],queued,[ 0.50568378 -0.03156594 -0.11489306]
2.321906566619873,1000,False,0,2,[3.    8.5   0.645],queued,[-0.82138112 -0.19970136 -0.21083176]
2.321906566619873,1001,False,1,5,[5.5  1.5  1.47],queued,[-0.48080528  0.59740651 -0.20557775]
2.321906566619873,1002,False,2,0,[-7.5   -1.     0.945],queued,[ 0.5677905  -0.59831228 -0.99408226]
2.321906566619873,1003,False,3,4,[-1.    -8.     0.495],queued,[ 0.63925976  0.24903542 -0.34837281]
2.321906566619873,1004,False,4,1,[ 8.    -7.5    1.545],queued,[-0.62185191  0.08809385  0.93462812]
2.321906566619873,1005,False,5,3,[-8.     8.     1.095],queued,[ 0.50568378 -0.03156594 -0.11489306]
2.419135332107544,1000,False,0,2,[3.   8.5  0.72],queued,[-0.82138112 -0.19970136 -0.21083176]
2.419135332107544,1001,False,1,5,[5.5   1.5   1.545],queued,[-0.48080528  0.59740651 -0.20557775]
2.419135332107544,1002,False,2,0,[-7.5  -1.    1.02],queued,[ 0.5677905  -0.59831228 -0.99408226]
2.419135332107544,1003,False,3,4,[-1.   -8.    0.57],queued,[ 0.63925976  0.24903542 -0.34837281]
2.419135332107544,1004,False,4,1,[ 8.   -7.5   1.62],queued,[-0.62185191  0.08809385  0.93462812]
2.419135332107544,1005,False,5,3,[-8.    8.    1.17],queued,[ 0.50568378 -0.03156594 -0.11489306]
2.517003297805786,1000,False,0,2,[3.    8.5   0.795],queued,[-0.82138112 -0.19970136 -0.21083176]
2.517003297805786,1001,False,1,5,[5.5  1.5  1.62],queued,[-0.48080528  0.59740651 -0.20557775]
2.517003297805786,1002,False,2,0,[-7.5   -1.     1.095],queued,[ 0.5677905  -0.59831228 -0.99408226]
2.517003297805786,1003,False,3,4,[-1.    -8.     0.645],queued,[ 0.63925976  0.24903542 -0.34837281]
2.517003297805786,1004,False,4,1,[ 8.    -7.5    1.695],queued,[-0.62185191  0.08809385  0.93462812]
2.517003297805786,1005,False,5,3,[-8.     8.     1.245],queued,[ 0.50568378 -0.03156594 -0.11489306]
2.624276876449585,1000,False,0,2,[3.   8.5  0.87],queued,[-0.82138112 -0.19970136 -0.21083176]
2.624276876449585,1001,False,1,5,[5.5   1.5   1.695],queued,[-0.48080528  0.59740651 -0.20557775]
2.624276876449585,1002,False,2,0,[-7.5  -1.    1.17],queued,[ 0.5677905  -0.59831228 -0.99408226]
2.624276876449585,1003,False,3,4,[-1.   -8.    0.72],queued,[ 0.63925976  0.24903542 -0.34837281]
2.624276876449585,1004,False,4,1,[ 8.   -7.5   1.77],queued,[-0.62185191  0.08809385  0.93462812]
2.624276876449585,1005,False,5,3,[-8.    8.    1.32],queued,[ 0.50568378 -0.03156594 -0.11489306]
2.7224936485290527,1000,False,0,2,[3.    8.5   0.945],queued,[-0.82138112 -0.19970136 -0.21083176]
2.7224936485290527,1001,False,1,5,[5.5  1.5  1.77],queued,[-0.48080528  0.59740651 -0.20557775]
2.7224936485290527,1002,False,2,0,[-7.5   -1.     1.245],queued,[ 0.5677905  -0.59831228 -0.99408226]
2.7224936485290527,1003,False,3,4,[-1.    -8.     0.795],queued,[ 0.63925976  0.24903542 -0.34837281]
2.7224936485290527,1004,False,4,1,[ 8.    -7.5    1.845],queued,[-0.62185191  0.08809385  0.93462812]
2.7224936485290527,1005,False,5,3,[-8.     8.     1.395],queued,[ 0.50568378 -0.03156594 -0.11489306]
2.824063777923584,1000,False,0,2,[3.   8.5  1.02],queued,[-0.82138112 -0.19970136 -0.21083176]
2.824063777923584,1001,False,1,5,[5.5   1.5   1.845],queued,[-0.48080528  0.59740651 -0.20557775]
2.824063777923584,1002,False,2,0,[-7.5  -1.    1.32],queued,[ 0.5677905  -0.59831228 -0.99408226]
2.824063777923584,1003,False,3,4,[-1.   -8.    0.87],queued,[ 0.63925976  0.24903542 -0.34837281]
2.824063777923584,1004,False,4,1,[ 8.   -7.5   1.92],queued,[-0.62185191  0.08809385  0.93462812]
2.824063777923584,1005,False,5,3,[-8.    8.    1.47],queued,[ 0.50568378 -0.03156594 -0.11489306]
2.9173765182495117,1000,False,0,2,[3.    8.5   1.095],queued,[-0.82138112 -0.19970136 -0.21083176]
2.9173765182495117,1001,False,1,5,[5.5  1.5  1.92],queued,[-0.48080528  0.59740651 -0.20557775]
2.9173765182495117,1002,False,2,0,[-7.5   -1.     1.395],queued,[ 0.5677905  -0.59831228 -0.99408226]
2.9173765182495117,1003,False,3,4,[-1.    -8.     0.945],queued,[ 0.63925976  0.24903542 -0.34837281]
2.9173765182495117,1004,False,4,1,[ 8.    -7.5    1.995],queued,[-0.62185191  0.08809385  0.93462812]
2.9173765182495117,1005,False,5,3,[-8.     8.     1.545],queued,[ 0.50568378 -0.03156594 -0.11489306]
3.0130579471588135,1000,False,0,2,[3.   8.5  1.17],queued,[-0.82138112 -0.19970136 -0.21083176]
3.0130579471588135,1001,False,1,5,[5.5   1.5   1.995],queued,[-0.48080528  0.59740651 -0.20557775]
3.0130579471588135,1002,False,2,0,[-7.5  -1.    1.47],queued,[ 0.5677905  -0.59831228 -0.99408226]
3.0130579471588135,1003,False,3,4,[-1.   -8.    1.02],queued,[ 0.63925976  0.24903542 -0.34837281]
3.0130579471588135,1004,False,4,1,[ 8.   -7.5   2.07],queued,[-0.62185191  0.08809385  0.93462812]
3.0130579471588135,1005,False,5,3,[-8.    8.    1.62],queued,[ 0.50568378 -0.03156594 -0.11489306]
3.1136698722839355,1000,False,0,2,[3.    8.5   1.245],queued,[-0.82138112 -0.19970136 -0.21083176]
3.1136698722839355,1001,False,1,5,[5.5  1.5  2.07],queued,[-0.48080528  0.59740651 -0.20557775]
3.1136698722839355,1002,False,2,0,[-7.5   -1.     1.545],queued,[ 0.5677905  -0.59831228 -0.99408226]
3.1136698722839355,1003,False,3,4,[-1.    -8.     1.095],queued,[ 0.63925976  0.24903542 -0.34837281]
3.1136698722839355,1004,False,4,1,[ 8.    -7.5    2.145],queued,[-0.62185191  0.08809385  0.93462812]
3.1136698722839355,1005,False,5,3,[-8.     8.     1.695],queued,[ 0.50568378 -0.03156594 -0.11489306]
3.208949327468872,1000,False,0,2,[3.   8.5  1.32],queued,[-0.82138112 -0.19970136 -0.21083176]
3.208949327468872,1001,False,1,5,[5.5   1.5   2.145],queued,[-0.48080528  0.59740651 -0.20557775]
3.208949327468872,1002,False,2,0,[-7.5  -1.    1.62],queued,[ 0.5677905  -0.59831228 -0.99408226]
3.208949327468872,1003,False,3,4,[-1.   -8.    1.17],queued,[ 0.63925976  0.24903542 -0.34837281]
3.208949327468872,1004,False,4,1,[ 8.   -7.5   2.22],queued,[-0.62185191  0.08809385  0.93462812]
3.208949327468872,1005,False,5,3,[-8.    8.    1.77],queued,[ 0.50568378 -0.03156594 -0.11489306]
3.309722661972046,1000,False,0,2,[3.    8.5   1.395],queued,[-0.82138112 -0.19970136 -0.21083176]
3.309722661972046,1001,False,1,5,[5.5  1.5  2.22],queued,[-0.48080528  0.59740651 -0.20557775]
3.309722661972046,1002,False,2,0,[-7.5   -1.     1.695],queued,[ 0.5677905  -0.59831228 -0.99408226]
3.309722661972046,1003,False,3,4,[-1.    -8.     1.245],queued,[ 0.63925976  0.24903542 -0.34837281]
3.309722661972046,1004,False,4,1,[ 8.    -7.5    2.295],queued,[-0.62185191  0.08809385  0.93462812]
3.309722661972046,1005,False,5,3,[-8.     8.     1.845],queued,[ 0.50568378 -0.03156594 -0.11489306]
3.4099669456481934,1000,False,0,2,[3.   8.5  1.47],queued,[-0.82138112 -0.19970136 -0.21083176]
3.4099669456481934,1001,False,1,5,[5.5   1.5   2.295],queued,[-0.48080528  0.59740651 -0.20557775]
3.4099669456481934,1002,False,2,0,[-7.5  -1.    1.77],queued,[ 0.5677905  -0.59831228 -0.99408226]
3.4099669456481934,1003,False,3,4,[-1.   -8.    1.32],queued,[ 0.63925976  0.24903542 -0.34837281]
3.4099669456481934,1004,False,4,1,[ 8.   -7.5   2.37],queued,[-0.62185191  0.08809385  0.93462812]
3.4099669456481934,1005,False,5,3,[-8.    8.    1.92],queued,[ 0.50568378 -0.03156594 -0.11489306]
3.5102062225341797,1000,False,0,2,[3.    8.5   1.545],queued,[-0.82138112 -0.19970136 -0.21083176]
3.5102062225341797,1001,False,1,5,[5.5  1.5  2.37],queued,[-0.48080528  0.59740651 -0.20557775]
3.5102062225341797,1002,False,2,0,[-7.5   -1.     1.845],queued,[ 0.5677905  -0.59831228 -0.99408226]
3.5102062225341797,1003,False,3,4,[-1.    -8.     1.395],queued,[ 0.63925976  0.24903542 -0.34837281]
3.5102062225341797,1004,False,4,1,[ 8.    -7.5    2.445],entering,[-0.62185191  0.08809385  0.93462812]
3.5102062225341797,1005,False,5,3,[-8.     8.     1.995],queued,[ 0.50568378 -0.03156594 -0.11489306]
3.6179511547088623,1000,False,0,2,[3.   8.5  1.62],queued,[-0.82138112 -0.19970136 -0.21083176]
3.6179511547088623,1001,False,1,5,[5.5   1.5   2.445],queued,[-0.48080528  0.59740651 -0.20557775]
3.6179511547088623,1002,False,2,0,[-7.5  -1.    1.92],queued,[ 0.5677905  -0.59831228 -0.99408226]
3.6179511547088623,1003,False,3,4,[-1.   -8.    1.47],queued,[ 0.63925976  0.24903542 -0.34837281]
3.6179511547088623,1004,False,4,1,[ 7.98906104 -7.48325667  2.52      ],entering,[-0.62185191  0.08809385  0.93462812]
3.6179511547088623,1005,False,5,3,[-8.    8.    2.07],queued,[ 0.50568378 -0.03156594 -0.11489306]
3.717353105545044,1000,False,0,2,[3.    8.5   1.695],queued,[-0.82138112 -0.19970136 -0.21083176]
3.717353105545044,1001,False,1,5,[5.5  1.5  2.52],queued,[-0.48080528  0.59740651 -0.20557775]
3.717353105545044,1002,False,2,0,[-7.5   -1.     1.995],queued,[ 0.5677905  -0.59831228 -0.99408226]
3.717353105545044,1003,False,3,4,[-1.    -8.     1.545],queued,[ 0.63925976  0.24903542 -0.34837281]
3.717353105545044,1004,False,4,1,[ 7.96723472 -7.4497364   2.595     ],entering,[-0.62185191  0.08809385  0.93462812]
3.717353105545044,1005,False,5,3,[-8.     8.     2.145],queued,[ 0.50568378 -0.03156594 -0.11489306]
3.823626756668091,1000,False,0,2,[3.   8.5  1.77],queued,[-0.82138112 -0.19970136 -0.21083176]
3.823626756668091,1001,False,1,5,[5.5   1.5   2.595],entering,[-0.48080528  0.59740651 -0.20557775]
3.823626756668091,1002,False,2,0,[-7.5  -1.    2.07],queued,[ 0.5677905  -0.59831228 -0.99408226]
3.823626756668091,1003,False,3,4,[-1.   -8.    1.62],queued,[ 0.63925976  0.24903542 -0.34837281]
3.823626756668091,1004,False,4,1,[ 7.93448641 -7.39946174  2.67      ],entering,[-0.62185191  0.08809385  0.93462812]
3.823626756668091,1005,False,5,3,[-8.    8.    2.22],queued,[ 0.50568378 -0.03156594 -0.11489306]
3.9219136238098145,1000,False,0,2,[3.    8.5   1.845],queued,[-0.82138112 -0.19970136 -0.21083176]
3.9219136238098145,1001,False,1,5,[5.51963201 1.49618106 2.67      ],entering,[-0.48080528  0.59740651 -0.20557775]
3.9219136238098145,1002,False,2,0,[-7.5   -1.     2.145],entering,[ 0.5677905  -0.59831228 -0.99408226]
3.9219136238098145,1003,False,3,4,[-1.    -8.     1.695],queued,[ 0.63925976  0.24903542 -0.34837281]
3.9219136238098145,1004,False,4,1,[ 7.89072346 -7.33249342  2.745     ],entering,[-0.62185191  0.08809385  0.93462812]
3.9219136238098145,1005,False,5,3,[-8.     8.     2.295],queued,[ 0.50568378 -0.03156594 -0.11489306]
4.012119293212891,1000,False,0,2,[3.   8.5  1.92],queued,[-0.82138112 -0.19970136 -0.21083176]
4.012119293212891,1001,False,1,5,[5.55884541 1.48829165 2.745     ],entering,[-0.48080528  0.59740651 -0.20557775]
4.012119293212891,1002,False,2,0,[-7.48697738 -0.98482069  2.22      ],entering,[ 0.5677905  -0.59831228 -0.99408226]
4.012119293212891,1003,False,3,4,[-1.   -8.    1.77],queued,[ 0.63925976  0.24903542 -0.34837281]
4.012119293212891,1004,False,4,1,[ 7.83575582 -7.24895844  2.82      ],entering,[-0.62185191  0.08809385  0.93462812]
4.012119293212891,1005,False,5,3,[-8.    8.    2.37],queued,[ 0.50568378 -0.03156594 -0.11489306]
4.120310544967651,1000,False,0,2,[3.    8.5   1.995],queued,[-0.82138112 -0.19970136 -0.21083176]
4.120310544967651,1001,False,1,5,[5.61761447 1.47620977 2.82      ],entering,[-0.48080528  0.59740651 -0.20557775]
4.120310544967651,1002,False,2,0,[-7.46094731 -0.95444908  2.295     ],entering,[ 0.5677905  -0.59831228 -0.99408226]
4.120310544967651,1003,False,3,4,[-1.    -8.     1.845],entering,[ 0.63925976  0.24903542 -0.34837281]
4.120310544967651,1004,False,4,1,[ 7.76923186 -7.1491001   2.895     ],entering,[-0.62185191  0.08809385  0.93462812]
4.120310544967651,1005,False,5,3,[-8.     8.     2.445],queued,[ 0.50568378 -0.03156594 -0.11489306]
4.208714723587036,1000,False,0,2,[3.   8.5  2.07],queued,[-0.82138112 -0.19970136 -0.21083176]
4.208714723587036,1001,False,1,5,[5.6959052 1.45978   2.895    ],entering,[-0.48080528  0.59740651 -0.20557775]
4.208714723587036,1002,False,2,0,[-7.42194339 -0.90885645  2.37      ],entering,[ 0.5677905  -0.59831228 -0.99408226]
4.208714723587036,1003,False,3,4,[-1.00599567 -7.98091985  1.92      ],entering,[ 0.63925976  0.24903542 -0.34837281]
4.208714723587036,1004,False,4,1,[ 7.6911327  -7.03293181  2.97      ],entering,[-0.62185191  0.08809385  0.93462812]
4.208714723587036,1005,False,5,3,[-8.    8.    2.52],entering,[ 0.50568378 -0.03156594 -0.11489306]
4.311962127685547,1000,False,0,2,[3.    8.5   2.145],queued,[-0.82138112 -0.19970136 -0.21083176]
4.311962127685547,1001,False,1,5,[5.79365403 1.43872614 2.97      ],entering,[-0.48080528  0.59740651 -0.20557775]
4.311962127685547,1002,False,2,0,[-7.3700298  -0.84798834  2.445     ],entering,[ 0.5677905  -0.59831228 -0.99408226]
4.311962127685547,1003,False,3,4,[-1.017987   -7.94275956  1.995     ],entering,[ 0.63925976  0.24903542 -0.34837281]
4.311962127685547,1004,False,4,1,[ 7.60143769 -6.90046823  3.045     ],entering,[-0.62185191  0.08809385  0.93462812]
4.311962127685547,1005,False,5,3,[-7.98234613  7.99060101  2.595     ],entering,[ 0.50568378 -0.03156594 -0.11489306]
4.421757221221924,1000,False,0,2,[3.   8.5  2.22],queued,[-0.82138112 -0.19970136 -0.21083176]
4.421757221221924,1001,False,1,5,[5.91072159 1.41249669 3.045     ],entering,[-0.48080528  0.59740651 -0.20557775]
4.421757221221924,1002,False,2,0,[-7.30536153 -0.77171509  2.52      ],entering,[ 0.5677905  -0.59831228 -0.99408226]
4.421757221221924,1003,False,3,4,[-1.03597401 -7.88551912  2.07      ],entering,[ 0.63925976  0.24903542 -0.34837281]
4.421757221221924,1004,False,4,1,[ 7.50012389 -6.75172572  3.12      ],entering,[-0.62185191  0.08809385  0.93462812]
4.421757221221924,1005,False,5,3,[-7.9470384   7.97180304  2.67      ],entering,[ 0.50568378 -0.03156594 -0.11489306]
4.521961212158203,1000,False,0,2,[3.    8.5   2.295],queued,[-0.82138112 -0.19970136 -0.21083176]
4.521961212158203,1001,False,1,5,[6.04671589 1.37980363 3.12      ],entering,[-0.48080528  0.59740651 -0.20557775]
4.521961212158203,1002,False,2,0,[-7.22821103 -0.67981514  2.595     ],entering,[ 0.5677905  -0.59831228 -0.99408226]
4.521961212158203,1003,False,3,4,[-1.05995668 -7.80919854  2.145     ],entering,[ 0.63925976  0.24903542 -0.34837281]
4.521961212158203,1004,False,4,1,[ 7.38552636 -6.58803188  3.195     ],entering,[-0.62185191  0.08809385  0.93462812]
4.521961212158203,1005,False,5,3,[-7.8940731   7.94361302  2.745     ],entering,[ 0.50568378 -0.03156594 -0.11489306]
4.616599798202515,1000,False,0,2,[3.   8.5  2.37],entering,[-0.82138112 -0.19970136 -0.21083176]
4.616599798202515,1001,False,1,5,[6.2012149  1.33952267 3.195     ],entering,[-0.48080528  0.59740651 -0.20557775]
4.616599798202515,1002,False,2,0,[-7.13890827 -0.57203052  2.67      ],entering,[ 0.5677905  -0.59831228 -0.99408226]
4.616599798202515,1003,False,3,4,[-1.08993501 -7.71379781  2.22      ],entering,[ 0.63925976  0.24903542 -0.34837281]
4.616599798202515,1004,False,4,1,[ 7.26858479 -6.42578309  3.27      ],entering,[-0.62185191  0.08809385  0.93462812]
4.616599798202515,1005,False,5,3,[-7.82340008  7.90612587  2.82      ],entering,[ 0.50568378 -0.03156594 -0.11489306]
4.70938515663147,1000,False,0,2,[2.99717041 8.48020118 2.445     ],entering,[-0.82138112 -0.19970136 -0.21083176]
4.70938515663147,1001,False,1,5,[6.37269353 1.28867325 3.27      ],entering,[-0.48080528  0.59740651 -0.20557775]
4.70938515663147,1002,False,2,0,[-7.03807073 -0.44790734  2.745     ],entering,[ 0.5677905  -0.59831228 -0.99408226]
4.70938515663147,1003,False,3,4,[-1.12592334 -7.59932144  2.295     ],entering,[ 0.63925976  0.24903542 -0.34837281]
4.70938515663147,1004,False,4,1,[ 7.15244853 -6.2629569   3.345     ],entering,[-0.62185191  0.08809385  0.93462812]
4.70938515663147,1005,False,5,3,[-7.73490717  7.85955845  2.895     ],entering,[ 0.50568378 -0.03156594 -0.11489306]
4.822262525558472,1000,False,0,2,[2.99176652 8.44056872 2.52      ],entering,[-0.82138112 -0.19970136 -0.21083176]
4.822262525558472,1001,False,1,5,[6.55819163 1.22356009 3.345     ],entering,[-0.48080528  0.59740651 -0.20557775]
4.822262525558472,1002,False,2,0,[-6.92676655 -0.30674157  2.82      ],entering,[ 0.5677905  -0.59831228 -0.99408226]
4.822262525558472,1003,False,3,4,[-1.1682045  -7.46586086  2.37      ],entering,[ 0.63925976  0.24903542 -0.34837281]
4.822262525558472,1004,False,4,1,[ 7.03100717 -6.10404813  3.42      ],entering,[-0.62185191  0.08809385  0.93462812]
4.822262525558472,1005,False,5,3,[-7.62842148  7.80425834  2.97      ],entering,[ 0.50568378 -0.03156594 -0.11489306]
4.908708095550537,1000,False,0,2,[2.98389733 8.38108879 2.595     ],entering,[-0.82138112 -0.19970136 -0.21083176]
4.908708095550537,1001,False,1,5,[6.74293095 1.14693515 3.42      ],entering,[-0.48080528  0.59740651 -0.20557775]
4.908708095550537,1002,False,2,0,[-6.80769682 -0.14714496  2.895     ],entering,[ 0.5677905  -0.59831228 -0.99408226]
4.908708095550537,1003,False,3,4,[-1.21678744 -7.31341904  2.445     ],entering,[ 0.63925976  0.24903542 -0.34837281]
4.908708095550537,1004,False,4,1,[ 6.90969781 -5.94503857  3.495     ],entering,[-0.62185191  0.08809385  0.93462812]
4.908708095550537,1005,False,5,3,[-7.50393281  7.74024656  3.045     ],entering,[ 0.50568378 -0.03156594 -0.11489306]
5.014949798583984,1000,False,0,2,[2.97368939 8.30174607 2.67      ],entering,[-0.82138112 -0.19970136 -0.21083176]
5.014949798583984,1001,False,1,5,[6.92436553 1.06278354 3.495     ],entering,[-0.48080528  0.59740651 -0.20557775]
5.014949798583984,1002,False,2,0,[-6.69153014  0.01565954  2.97      ],entering,[ 0.5677905  -0.59831228 -0.99408226]
5.014949798583984,1003,False,3,4,[-1.27168179 -7.14199917  2.52      ],entering,[ 0.63925976  0.24903542 -0.34837281]
5.014949798583984,1004,False,4,1,[ 6.78337757 -5.78997988  3.57      ],entering,[-0.62185191  0.08809385  0.93462812]
5.014949798583984,1005,False,5,3,[-7.36126257  7.66790232  3.12      ],entering,[ 0.50568378 -0.03156594 -0.11489306]
5.11296534538269,1000,False,0,2,[2.96171045 8.20248192 2.745     ],entering,[-0.82138112 -0.19970136 -0.21083176]
5.11296534538269,1001,False,1,5,[7.10054864 0.96812883 3.57      ],entering,[-0.48080528  0.59740651 -0.20557775]
5.11296534538269,1002,False,2,0,[-6.57900003  0.1809985   3.045     ],entering,[ 0.5677905  -0.59831228 -0.99408226]
5.11296534538269,1003,False,3,4,[-1.33289812 -6.95160478  2.595     ],entering,[ 0.63925976  0.24903542 -0.34837281]
5.11296534538269,1004,False,4,1,[ 6.65257391 -5.63868414  3.6345    ],entering,[-0.62185191  0.08809385  0.93462812]
5.11296534538269,1005,False,5,3,[-7.19973004  7.58890868  3.195     ],entering,[ 0.50568378 -0.03156594 -0.11489306]
5.2219719886779785,1000,False,0,2,[2.94854572 8.08325295 2.82      ],entering,[-0.82138112 -0.19970136 -0.21083176]
5.2219719886779785,1001,False,1,5,[7.2701961  0.86220557 3.6345    ],entering,[-0.48080528  0.59740651 -0.20557775]
5.2219719886779785,1002,False,2,0,[-6.47060236  0.3490757   3.12      ],entering,[ 0.5677905  -0.59831228 -0.99408226]
5.2219719886779785,1003,False,3,4,[-1.39382561 -6.76111111  2.67      ],entering,[ 0.63925976  0.24903542 -0.34837281]
5.2219719886779785,1004,False,4,1,[ 6.51849724 -5.49028115  3.689325  ],entering,[-0.62185191  0.08809385  0.93462812]
5.2219719886779785,1005,False,5,3,[-7.01910577  7.50395642  3.27      ],entering,[ 0.50568378 -0.03156594 -0.11489306]
5.314316034317017,1000,False,0,2,[2.93548321 7.94402424 2.895     ],entering,[-0.82138112 -0.19970136 -0.21083176]
5.314316034317017,1001,False,1,5,[7.43175561 0.74431356 3.689325  ],entering,[-0.48080528  0.59740651 -0.20557775]
5.314316034317017,1002,False,2,0,[-6.36692104  0.52010255  3.195     ],entering,[ 0.5677905  -0.59831228 -0.99408226]
5.314316034317017,1003,False,3,4,[-1.45637512 -6.57114385  2.745     ],entering,[ 0.63925976  0.24903542 -0.34837281]
5.314316034317017,1004,False,4,1,[ 6.37961357 -5.34636685  3.73592625],entering,[-0.62185191  0.08809385  0.93462812]
5.314316034317017,1005,False,5,3,[-6.83610691  7.42326308  3.345     ],entering,[ 0.50568378 -0.03156594 -0.11489306]
5.420753240585327,1000,False,0,2,[2.92444314 7.78489805 2.97      ],entering,[-0.82138112 -0.19970136 -0.21083176]
5.420753240585327,1001,False,1,5,[7.58342411 0.6139423  3.73592625],entering,[-0.48080528  0.59740651 -0.20557775]
5.420753240585327,1002,False,2,0,[-6.26863282  0.69428471  3.27      ],entering,[ 0.5677905  -0.59831228 -0.99408226]
5.420753240585327,1003,False,3,4,[-1.51892462 -6.38117659  2.82      ],entering,[ 0.63925976  0.24903542 -0.34837281]
5.420753240585327,1004,False,4,1,[ 6.23473712 -5.20848714  3.77553731],entering,[-0.62185191  0.08809385  0.93462812]
5.420753240585327,1005,False,5,3,[-6.65135085  7.34667849  3.42      ],entering,[ 0.50568378 -0.03156594 -0.11489306]
5.514585733413696,1000,False,0,2,[2.91851569 7.60643638 3.045     ],entering,[-0.82138112 -0.19970136 -0.21083176]
5.514585733413696,1001,False,1,5,[7.72323967 0.47093318 3.77553731],entering,[-0.48080528  0.59740651 -0.20557775]
5.514585733413696,1002,False,2,0,[-6.17675831  0.87193345  3.345     ],entering,[ 0.5677905  -0.59831228 -0.99408226]
5.514585733413696,1003,False,3,4,[-1.58096408 -6.19104215  2.895     ],entering,[ 0.63925976  0.24903542 -0.34837281]
5.514585733413696,1004,False,4,1,[ 6.0838471  -5.07721565  3.80920672],entering,[-0.62185191  0.08809385  0.93462812]
5.514585733413696,1005,False,5,3,[-6.46510314  7.27379645  3.495     ],entering,[ 0.50568378 -0.03156594 -0.11489306]
5.614090442657471,1000,False,0,2,[2.9263014  7.41341622 3.12      ],entering,[-0.82138112 -0.19970136 -0.21083176]
5.614090442657471,1001,False,1,5,[7.85085734 0.31694054 3.80920672],entering,[-0.48080528  0.59740651 -0.20557775]
5.614090442657471,1002,False,2,0,[-6.09216826  1.05316404  3.42      ],entering,[ 0.5677905  -0.59831228 -0.99408226]
5.614090442657471,1003,False,3,4,[-1.64487054 -6.00152707  2.97      ],entering,[ 0.63925976  0.24903542 -0.34837281]
5.614090442657471,1004,False,4,1,[ 5.92881856 -4.95085842  3.83782571],cruising,[-0.62185191  0.08809385  0.93462812]
5.614090442657471,1005,False,5,3,[-6.27693771  7.2060191   3.57      ],entering,[ 0.50568378 -0.03156594 -0.11489306]
5.713642835617065,1000,False,0,2,[2.95354214 7.2157591  3.195     ],entering,[-0.82138112 -0.19970136 -0.21083176]
5.713642835617065,1001,False,1,5,[7.96284736 0.15134652 3.83827348],entering,[-0.48080528  0.59740651 -0.20557775]
5.713642835617065,1002,False,2,0,[-6.01604345  1.23811001  3.495     ],entering,[ 0.5677905  -0.59831228 -0.99408226]
5.713642835617065,1003,False,3,4,[-1.70877701 -5.812012    3.045     ],entering,[ 0.63925976  0.24903542 -0.34837281]
5.713642835617065,1004,False,4,1,[ 5.76668035 -4.83376358  3.86215185],cruising,[-0.62185191  0.08809385  0.93462812]
5.713642835617065,1005,False,5,3,[-6.08650541  7.14490002  3.6345    ],entering,[ 0.50568378 -0.03156594 -0.11489306]
5.8096301555633545,1000,False,0,2,[2.99583066 7.02028101 3.27      ],entering,[-0.82138112 -0.19970136 -0.21083176]
5.8096301555633545,1001,False,1,5,[ 8.05817088 -0.02437579  3.86290791],cruising,[-0.48080528  0.59740651 -0.20557775]
5.8096301555633545,1002,False,2,0,[-5.94975505  1.42680513  3.57      ],entering,[ 0.5677905  -0.59831228 -0.99408226]
5.8096301555633545,1003,False,3,4,[-1.77388391 -5.62290596  3.12      ],entering,[ 0.63925976  0.24903542 -0.34837281]
5.8096301555633545,1004,False,4,1,[ 5.60068171 -4.72220889  3.88282907],cruising,[-0.62185191  0.08809385  0.93462812]
5.8096301555633545,1005,False,5,3,[-5.89359958  7.09210476  3.689325  ],entering,[ 0.50568378 -0.03156594 -0.11489306]
5.91590428352356,1000,False,0,2,[3.04814556 6.82724435 3.345     ],entering,[-0.82138112 -0.19970136 -0.21083176]
5.91590428352356,1001,False,1,5,[ 8.13585305 -0.20864394  3.8835735 ],cruising,[-0.48080528  0.59740651 -0.20557775]
5.91590428352356,1002,False,2,0,[-5.89483351  1.6191164   3.6345    ],entering,[ 0.5677905  -0.59831228 -0.99408226]
5.91590428352356,1003,False,3,4,[-1.83725526 -5.43321128  3.195     ],entering,[ 0.63925976  0.24903542 -0.34837281]
5.91590428352356,1004,False,4,1,[ 5.42914243 -4.61937759  3.90040471],cruising,[-0.62185191  0.08809385  0.93462812]
5.91590428352356,1005,False,5,3,[-5.69823139  7.04931143  3.73592625],entering,[ 0.50568378 -0.03156594 -0.11489306]
6.013172388076782,1000,False,0,2,[3.11100107 6.63737813 3.42      ],entering,[-0.82138112 -0.19970136 -0.21083176]
6.013172388076782,1001,False,1,5,[ 8.19726583 -0.39898172  3.90103747],cruising,[-0.48080528  0.59740651 -0.20557775]
6.013172388076782,1002,False,2,0,[-5.85287932  1.81466651  3.689325  ],entering,[ 0.5677905  -0.59831228 -0.99408226]
6.013172388076782,1003,False,3,4,[-1.90357017 -5.24452548  3.27      ],entering,[ 0.63925976  0.24903542 -0.34837281]
6.013172388076782,1004,False,4,1,[ 5.25488341 -4.52122569  3.91534401],cruising,[-0.62185191  0.08809385  0.93462812]
6.013172388076782,1005,False,5,3,[-5.50128285  7.01450806  3.77553731],entering,[ 0.50568378 -0.03156594 -0.11489306]
6.112459659576416,1000,False,0,2,[3.18501415 6.45157699 3.495     ],entering,[-0.82138112 -0.19970136 -0.21083176]
6.112459659576416,1001,False,1,5,[ 8.24424998 -0.59338462  3.91588185],cruising,[-0.48080528  0.59740651 -0.20557775]
6.112459659576416,1002,False,2,0,[-5.8253928   2.01276873  3.73592625],entering,[ 0.5677905  -0.59831228 -0.99408226]
6.112459659576416,1003,False,3,4,[-1.97061346 -5.05609725  3.345     ],entering,[ 0.63925976  0.24903542 -0.34837281]
6.112459659576416,1004,False,4,1,[ 5.07705115 -4.42970692  3.92804241],cruising,[-0.62185191  0.08809385  0.93462812]
6.112459659576416,1005,False,5,3,[-5.30247982  6.9926596   3.80920672],entering,[ 0.50568378 -0.03156594 -0.11489306]
6.21513295173645,1000,False,0,2,[3.27302908 6.27198475 3.57      ],entering,[-0.82138112 -0.19970136 -0.21083176]
6.21513295173645,1001,False,1,5,[ 8.27840437 -0.79044674  3.92849957],cruising,[-0.48080528  0.59740651 -0.20557775]
6.21513295173645,1002,False,2,0,[-5.81352266  2.21241617  3.77553731],entering,[ 0.5677905  -0.59831228 -0.99408226]
6.21513295173645,1003,False,3,4,[-2.03797337 -4.86778198  3.42      ],entering,[ 0.63925976  0.24903542 -0.34837281]
6.21513295173645,1004,False,4,1,[ 4.89771502 -4.34117131  3.93883604],cruising,[-0.62185191  0.08809385  0.93462812]
6.21513295173645,1005,False,5,3,[-5.10282109  6.98098099  3.83782571],entering,[ 0.50568378 -0.03156594 -0.11489306]
6.323517560958862,1000,False,0,2,[3.3732455 6.0989048 3.6345   ],entering,[-0.82138112 -0.19970136 -0.21083176]
6.323517560958862,1001,False,1,5,[ 8.29926377 -0.98935598  3.93922464],cruising,[-0.48080528  0.59740651 -0.20557775]
6.323517560958862,1002,False,2,0,[-5.81680772  2.41238919  3.80920672],entering,[ 0.5677905  -0.59831228 -0.99408226]
6.323517560958862,1003,False,3,4,[-2.10546466 -4.67951375  3.495     ],entering,[ 0.63925976  0.24903542 -0.34837281]
6.323517560958862,1004,False,4,1,[ 4.71708206 -4.25531251  3.94801064],cruising,[-0.62185191  0.08809385  0.93462812]
6.323517560958862,1005,False,5,3,[-4.90282504  6.97972467  3.86215185],cruising,[ 0.50568378 -0.03156594 -0.11489306]
6.415729284286499,1000,False,0,2,[3.48628328 5.93391249 3.689325  ],entering,[-0.82138112 -0.19970136 -0.21083176]
6.415729284286499,1001,False,1,5,[ 8.31074878 -1.18902594  3.94834094],cruising,[-0.48080528  0.59740651 -0.20557775]
6.415729284286499,1002,False,2,0,[-5.83588821  2.61147695  3.83782571],cruising,[ 0.5677905  -0.59831228 -0.99408226]
6.415729284286499,1003,False,3,4,[-2.17274427 -4.49116977  3.57      ],entering,[ 0.63925976  0.24903542 -0.34837281]
6.415729284286499,1004,False,4,1,[ 4.53473251 -4.1731624   3.95580904],cruising,[-0.62185191  0.08809385  0.93462812]
6.415729284286499,1005,False,5,3,[-4.7030092   6.98830555  3.88282907],cruising,[ 0.50568378 -0.03156594 -0.11489306]
6.521989345550537,1000,False,0,2,[3.61252561 5.77879037 3.73592625],entering,[-0.82138112 -0.19970136 -0.21083176]
6.521989345550537,1001,False,1,5,[ 8.31411265 -1.38899765  3.9560898 ],cruising,[-0.48080528  0.59740651 -0.20557775]
6.521989345550537,1002,False,2,0,[-5.86829328  2.80883427  3.86215185],cruising,[ 0.5677905  -0.59831228 -0.99408226]
6.521989345550537,1003,False,3,4,[-2.23944374 -4.30261956  3.6345    ],entering,[ 0.63925976  0.24903542 -0.34837281]
6.521989345550537,1004,False,4,1,[ 4.35175306 -4.09242502  3.96243769],cruising,[-0.62185191  0.08809385  0.93462812]
6.521989345550537,1005,False,5,3,[-4.50374681  7.00546657  3.90040471],cruising,[ 0.50568378 -0.03156594 -0.11489306]
6.616612434387207,1000,False,0,2,[3.75274432 5.63618895 3.77560707],entering,[-0.82138112 -0.19970136 -0.21083176]
6.616612434387207,1001,False,1,5,[ 8.30811948 -1.58890783  3.96267633],cruising,[-0.48080528  0.59740651 -0.20557775]
6.616612434387207,1002,False,2,0,[-5.91202859  3.00399375  3.88282907],cruising,[ 0.5677905  -0.59831228 -0.99408226]
6.616612434387207,1003,False,3,4,[-2.30427886 -4.11342018  3.689325  ],entering,[ 0.63925976  0.24903542 -0.34837281]
6.616612434387207,1004,False,4,1,[ 4.16777337 -4.0139937   3.96807203],cruising,[-0.62185191  0.08809385  0.93462812]
6.616612434387207,1005,False,5,3,[-4.30520232  7.0295515   3.91534401],cruising,[ 0.50568378 -0.03156594 -0.11489306]
6.717467546463013,1000,False,0,2,[3.90539578 5.50697001 3.80926601],entering,[-0.82138112 -0.19970136 -0.21083176]
6.717467546463013,1001,False,1,5,[ 8.29614526 -1.78854906  3.96827488],cruising,[-0.48080528  0.59740651 -0.20557775]
6.717467546463013,1002,False,2,0,[-5.96643409  3.19645164  3.90040471],cruising,[ 0.5677905  -0.59831228 -0.99408226]
6.717467546463013,1003,False,3,4,[-2.36689133 -3.92347366  3.73592625],entering,[ 0.63925976  0.24903542 -0.34837281]
6.717467546463013,1004,False,4,1,[ 3.98347396 -3.93631662  3.97286123],cruising,[-0.62185191  0.08809385  0.93462812]
6.717467546463013,1005,False,5,3,[-4.10734856  7.05877294  3.92804241],cruising,[ 0.50568378 -0.03156594 -0.11489306]
6.820993900299072,1000,False,0,2,[4.06956314 5.39273746 3.83787611],cruising,[-0.82138112 -0.19970136 -0.21083176]
6.820993900299072,1001,False,1,5,[ 8.27874413 -1.98779062  3.97303365],cruising,[-0.48080528  0.59740651 -0.20557775]
6.820993900299072,1002,False,2,0,[-6.02722795  3.38698801  3.91534401],cruising,[ 0.5677905  -0.59831228 -0.99408226]
6.820993900299072,1003,False,3,4,[-2.42182921 -3.73116706  3.77553731],entering,[ 0.63925976  0.24903542 -0.34837281]
6.820993900299072,1004,False,4,1,[ 3.79855944 -3.86011546  3.97693204],cruising,[-0.62185191  0.08809385  0.93462812]
6.820993900299072,1005,False,5,3,[-3.91002821  7.09140234  3.93883604],cruising,[ 0.50568378 -0.03156594 -0.11489306]
6.909808397293091,1000,False,0,2,[4.24293076 5.29301952 3.86219469],cruising,[-0.82138112 -0.19970136 -0.21083176]
6.909808397293091,1001,False,1,5,[ 8.25371222 -2.18621795  3.9770786 ],cruising,[-0.48080528  0.59740651 -0.20557775]
6.909808397293091,1002,False,2,0,[-6.09199904  3.57620932  3.92804241],cruising,[ 0.5677905  -0.59831228 -0.99408226]
6.909808397293091,1003,False,3,4,[-2.47768983 -3.53912646  3.80920672],cruising,[ 0.63925976  0.24903542 -0.34837281]
6.909808397293091,1004,False,4,1,[ 3.61341578 -3.78447271  3.98039224],cruising,[-0.62185191  0.08809385  0.93462812]
6.909808397293091,1005,False,5,3,[-3.7130204   7.12586857  3.94801064],cruising,[ 0.50568378 -0.03156594 -0.11489306]
7.0092291831970215,1000,False,0,2,[4.42373234 5.20751637 3.88286549],cruising,[-0.82138112 -0.19970136 -0.21083176]
7.0092291831970215,1001,False,1,5,[ 8.22421272 -2.38403043  3.98051681],cruising,[-0.48080528  0.59740651 -0.20557775]
7.0092291831970215,1002,False,2,0,[-6.15843547  3.76485238  3.93883604],cruising,[ 0.5677905  -0.59831228 -0.99408226]
7.0092291831970215,1003,False,3,4,[-2.52806746 -3.34557519  3.83782571],cruising,[ 0.63925976  0.24903542 -0.34837281]
7.0092291831970215,1004,False,4,1,[ 3.42784474 -3.70988458  3.9833334 ],cruising,[-0.62185191  0.08809385  0.93462812]
7.0092291831970215,1005,False,5,3,[-3.51567239  7.15833032  3.95580904],cruising,[ 0.50568378 -0.03156594 -0.11489306]
7.109776735305786,1000,False,0,2,[4.60992138 5.13448458 3.90043566],cruising,[-0.82138112 -0.19970136 -0.21083176]
7.109776735305786,1001,False,1,5,[ 8.19031922 -2.58113759  3.98343929],cruising,[-0.48080528  0.59740651 -0.20557775]
7.109776735305786,1002,False,2,0,[-6.22429207  3.95369863  3.94801064],cruising,[ 0.5677905  -0.59831228 -0.99408226]
7.109776735305786,1003,False,3,4,[-2.57440504 -3.15101716  3.86215185],cruising,[ 0.63925976  0.24903542 -0.34837281]
7.109776735305786,1004,False,4,1,[ 3.2419968  -3.6359891   3.98583339],cruising,[-0.62185191  0.08809385  0.93462812]
7.109776735305786,1005,False,5,3,[-3.31826594  7.1904347   3.96243769],cruising,[ 0.50568378 -0.03156594 -0.11489306]
7.215177297592163,1000,False,0,2,[4.79983348 5.07176781 3.91537031],cruising,[-0.82138112 -0.19970136 -0.21083176]
7.215177297592163,1001,False,1,5,[ 8.14876444 -2.77677296  3.9859234 ],cruising,[-0.48080528  0.59740651 -0.20557775]
7.215177297592163,1002,False,2,0,[-6.28730597  4.14351235  3.95580904],cruising,[ 0.5677905  -0.59831228 -0.99408226]
7.215177297592163,1003,False,3,4,[-2.61473133 -2.95512487  3.88282907],cruising,[ 0.63925976  0.24903542 -0.34837281]
7.215177297592163,1004,False,4,1,[ 3.05578713 -3.56300991  3.98795838],cruising,[-0.62185191  0.08809385  0.93462812]
7.215177297592163,1005,False,5,3,[-3.1206133   7.22098691  3.96807203],cruising,[ 0.50568378 -0.03156594 -0.11489306]
7.315182447433472,1000,False,0,2,[4.99240783 5.01777596 3.92806477],cruising,[-0.82138112 -0.19970136 -0.21083176]
7.315182447433472,1001,False,1,5,[ 8.10300225 -2.97146714  3.98803489],cruising,[-0.48080528  0.59740651 -0.20557775]
7.315182447433472,1002,False,2,0,[-6.34040081  4.33633595  3.96243769],cruising,[ 0.5677905  -0.59831228 -0.99408226]
7.315182447433472,1003,False,3,4,[-2.65515539 -2.75925273  3.90040471],cruising,[ 0.63925976  0.24903542 -0.34837281]
7.315182447433472,1004,False,4,1,[ 2.86915597 -3.49111548  3.98976463],cruising,[-0.62185191  0.08809385  0.93462812]
7.315182447433472,1005,False,5,3,[-2.92220338  7.24615638  3.97286123],cruising,[ 0.50568378 -0.03156594 -0.11489306]
7.422610282897949,1000,False,0,2,[5.18655504 4.96974615 3.93885505],cruising,[-0.82138112 -0.19970136 -0.21083176]
7.422610282897949,1001,False,1,5,[ 8.04886986 -3.16400203  3.98982965],cruising,[-0.48080528  0.59740651 -0.20557775]
7.422610282897949,1002,False,2,0,[-6.38540519  4.53120669  3.96807203],cruising,[ 0.5677905  -0.59831228 -0.99408226]
7.422610282897949,1003,False,3,4,[-2.69378811 -2.56301941  3.91534401],cruising,[ 0.63925976  0.24903542 -0.34837281]
7.422610282897949,1004,False,4,1,[ 2.68196486 -3.42069185  3.99129993],cruising,[-0.62185191  0.08809385  0.93462812]
7.422610282897949,1005,False,5,3,[-2.72339651  7.26796982  3.97693204],cruising,[ 0.50568378 -0.03156594 -0.11489306]
7.5219337940216064,1000,False,0,2,[5.38161704 4.92557813 3.94802679],cruising,[-0.82138112 -0.19970136 -0.21083176]
7.5219337940216064,1001,False,1,5,[ 7.98596335 -3.35385137  3.99135521],cruising,[-0.48080528  0.59740651 -0.20557775]
7.5219337940216064,1002,False,2,0,[-6.41136768  4.7295144   3.97286123],cruising,[ 0.5677905  -0.59831228 -0.99408226]
7.5219337940216064,1003,False,3,4,[-2.73439105 -2.36718427  3.92804241],cruising,[ 0.63925976  0.24903542 -0.34837281]
7.5219337940216064,1004,False,4,1,[ 2.49434835 -3.35140947  3.99260494],cruising,[-0.62185191  0.08809385  0.93462812]
7.5219337940216064,1005,False,5,3,[-2.52389077  7.28202196  3.98039224],cruising,[ 0.50568378 -0.03156594 -0.11489306]
7.613665580749512,1000,False,0,2,[5.57711211 4.88336819 3.95582277],cruising,[-0.82138112 -0.19970136 -0.21083176]
7.613665580749512,1001,False,1,5,[ 7.91817956 -3.54201448  3.99265192],cruising,[-0.48080528  0.59740651 -0.20557775]
7.613665580749512,1002,False,2,0,[-6.42116817  4.92927413  3.97693204],cruising,[ 0.5677905  -0.59831228 -0.99408226]
7.613665580749512,1003,False,3,4,[-2.77713191 -2.1718046   3.93883604],cruising,[ 0.63925976  0.24903542 -0.34837281]
7.613665580749512,1004,False,4,1,[ 2.30591822 -3.28437155  3.9937142 ],cruising,[-0.62185191  0.08809385  0.93462812]
7.613665580749512,1005,False,5,3,[-2.32395127  7.28694077  3.9833334 ],cruising,[ 0.50568378 -0.03156594 -0.11489306]
7.7189836502075195,1000,False,0,2,[5.77306653 4.8433449  3.96244936],cruising,[-0.82138112 -0.19970136 -0.21083176]
7.7189836502075195,1001,False,1,5,[ 7.83924713 -3.72577974  3.99375414],cruising,[-0.48080528  0.59740651 -0.20557775]
7.7189836502075195,1002,False,2,0,[-6.41098453  5.12832427  3.98064124],cruising,[ 0.5677905  -0.59831228 -0.99408226]
7.7189836502075195,1003,False,3,4,[-2.82225292 -1.97696083  3.94801064],cruising,[ 0.63925976  0.24903542 -0.34837281]
7.7189836502075195,1004,False,4,1,[ 2.11650895 -3.22015216  3.99465707],cruising,[-0.62185191  0.08809385  0.93462812]
7.7189836502075195,1005,False,5,3,[-2.12396422  7.28466516  3.98583339],cruising,[ 0.50568378 -0.03156594 -0.11489306]
7.818789482116699,1000,False,0,2,[5.96873018 4.80192343 3.96808195],cruising,[-0.82138112 -0.19970136 -0.21083176]
7.818789482116699,1001,False,1,5,[ 7.74771482 -3.90360504  3.99469102],cruising,[-0.48080528  0.59740651 -0.20557775]
7.818789482116699,1002,False,2,0,[-6.38109078  5.32399465  3.98405223],cruising,[ 0.5677905  -0.59831228 -0.99408226]
7.818789482116699,1003,False,3,4,[-2.86978249 -1.78269055  3.95580904],cruising,[ 0.63925976  0.24903542 -0.34837281]
7.818789482116699,1004,False,4,1,[ 1.9264929  -3.15775104  3.99545851],cruising,[-0.62185191  0.08809385  0.93462812]
7.818789482116699,1005,False,5,3,[-1.92522405  7.26243185  3.98796576],cruising,[ 0.50568378 -0.03156594 -0.11489306]
7.919017314910889,1000,False,0,2,[6.1637655  4.75763775 3.97286966],cruising,[-0.82138112 -0.19970136 -0.21083176]
7.919017314910889,1001,False,1,5,[ 7.64154807 -4.07310024  3.99548736],cruising,[-0.48080528  0.59740651 -0.20557775]
7.919017314910889,1002,False,2,0,[-6.33205489  5.51387726  3.98717997],cruising,[ 0.5677905  -0.59831228 -0.99408226]
7.919017314910889,1003,False,3,4,[-2.92077965 -1.58930159  3.96243769],cruising,[ 0.63925976  0.24903542 -0.34837281]
7.919017314910889,1004,False,4,1,[ 1.73511589 -3.09965766  3.99613973],cruising,[-0.62185191  0.08809385  0.93462812]
7.919017314910889,1005,False,5,3,[-1.72950645  7.22126608  3.9897709 ],cruising,[ 0.50568378 -0.03156594 -0.11489306]
8.00900650024414,1000,False,0,2,[6.35777852 4.70906873 3.97693921],cruising,[-0.82138112 -0.19970136 -0.21083176]
8.00900650024414,1001,False,1,5,[ 7.51901378 -4.23110236  3.99617013],cruising,[-0.48080528  0.59740651 -0.20557775]
8.00900650024414,1002,False,2,0,[-6.26471216  5.69571111  3.99003023],cruising,[ 0.5677905  -0.59831228 -0.99408226]
8.00900650024414,1003,False,3,4,[-2.97553677 -1.39694344  3.96807203],cruising,[ 0.63925976  0.24903542 -0.34837281]
8.00900650024414,1004,False,4,1,[ 1.54218442 -3.04695617  3.99671877],cruising,[-0.62185191  0.08809385  0.93462812]
8.00900650024414,1005,False,5,3,[-1.53778985  7.16430343  3.99130526],cruising,[ 0.50568378 -0.03156594 -0.11489306]
8.109890222549438,1000,False,0,2,[6.55027588 4.65480304 3.98039833],cruising,[-0.82138112 -0.19970136 -0.21083176]
8.109890222549438,1001,False,1,5,[ 7.38208038 -4.37522417  3.99680297],cruising,[-0.48080528  0.59740651 -0.20557775]
8.109890222549438,1002,False,2,0,[-6.18013462  5.86740176  3.99260325],cruising,[ 0.5677905  -0.59831228 -0.99408226]
8.109890222549438,1003,False,3,4,[-3.03372348 -1.20559479  3.97286123],cruising,[ 0.63925976  0.24903542 -0.34837281]
8.109890222549438,1004,False,4,1,[ 1.34750971 -3.00111125  3.99721096],cruising,[-0.62185191  0.08809385  0.93462812]
8.109890222549438,1005,False,5,3,[-1.35047522  7.094209    3.99260947],cruising,[ 0.50568378 -0.03156594 -0.11489306]
8.217618942260742,1000,False,0,2,[6.74061729 4.59340151 3.98333858],cruising,[-0.82138112 -0.19970136 -0.21083176]
8.217618942260742,1001,False,1,5,[ 7.23252275 -4.50383384  3.99738656],cruising,[-0.48080528  0.59740651 -0.20557775]
8.217618942260742,1002,False,2,0,[-6.07934928  6.02737837  3.99487858],cruising,[ 0.5677905  -0.59831228 -0.99408226]
8.217618942260742,1003,False,3,4,[-3.0962549  -1.01562158  3.97693204],cruising,[ 0.63925976  0.24903542 -0.34837281]
8.217618942260742,1004,False,4,1,[ 1.15095501 -2.9641484   3.99762931],cruising,[-0.62185191  0.08809385  0.93462812]
8.217618942260742,1005,False,5,3,[-1.16748628  7.01349315  3.99371805],cruising,[ 0.50568378 -0.03156594 -0.11489306]
8.315980672836304,1000,False,0,2,[6.92795989 4.52338186 3.98583779],cruising,[-0.82138112 -0.19970136 -0.21083176]
8.315980672836304,1001,False,1,5,[ 7.07235751 -4.61548838  3.99792259],cruising,[-0.48080528  0.59740651 -0.20557775]
8.315980672836304,1002,False,2,0,[-5.96326478  6.17447721  3.99684017],cruising,[ 0.5677905  -0.59831228 -0.99408226]
8.315980672836304,1003,False,3,4,[-3.16356365 -0.82728801  3.98039224],cruising,[ 0.63925976  0.24903542 -0.34837281]
8.315980672836304,1004,False,4,1,[ 0.95182372 -2.94552778  3.99798492],cruising,[-0.62185191  0.08809385  0.93462812]
8.315980672836304,1005,False,5,3,[-0.98842288  6.92440724  3.99466035],cruising,[ 0.50568378 -0.03156594 -0.11489306]
8.417814493179321,1000,False,0,2,[7.11119366 4.44322335 3.98796212],cruising,[-0.82138112 -0.19970136 -0.21083176]
8.417814493179321,1001,False,1,5,[ 6.90373909 -4.70901721  3.99841223],cruising,[-0.48080528  0.59740651 -0.20557775]
8.417814493179321,1002,False,2,0,[-5.8330748   6.30740075  3.99849121],cruising,[ 0.5677905  -0.59831228 -0.99408226]
8.417814493179321,1003,False,3,4,[-3.23607069 -0.640894    3.9833334 ],cruising,[ 0.63925976  0.24903542 -0.34837281]
8.417814493179321,1004,False,4,1,[ 0.751905   -2.93982652  3.99828718],cruising,[-0.62185191  0.08809385  0.93462812]
8.417814493179321,1005,False,5,3,[-0.81151429  6.83111548  3.99546129],cruising,[ 0.50568378 -0.03156594 -0.11489306]
8.508795022964478,1000,False,0,2,[7.28887144 4.35140502 3.98976781],cruising,[-0.82138112 -0.19970136 -0.21083176]
8.508795022964478,1001,False,1,5,[ 6.72889052 -4.78354122  3.99885597],cruising,[-0.48080528  0.59740651 -0.20557775]
8.508795022964478,1002,False,2,0,[-5.68961515  6.42536401  3.99981688],cruising,[ 0.5677905  -0.59831228 -0.99408226]
8.508795022964478,1003,False,3,4,[-3.3141761  -0.45677571  3.98583339],cruising,[ 0.63925976  0.24903542 -0.34837281]
8.508795022964478,1004,False,4,1,[ 0.55214478 -2.94961708  3.9985441 ],cruising,[-0.62185191  0.08809385  0.93462812]
8.508795022964478,1005,False,5,3,[-0.63776438  6.73206515  3.9961421 ],cruising,[ 0.50568378 -0.03156594 -0.11489306]
8.612135410308838,1000,False,0,2,[7.45636389 4.24237612 3.99133744],cruising,[-0.82138112 -0.19970136 -0.21083176]
8.612135410308838,1001,False,1,5,[ 6.55006033 -4.83846562  3.99925357],cruising,[-0.48080528  0.59740651 -0.20557775]
8.612135410308838,1002,False,2,0,[-5.53365427  6.52771943  4.0008037 ],cruising,[ 0.5677905  -0.59831228 -0.99408226]
8.612135410308838,1003,False,3,4,[-3.39647614 -0.27449377  3.98795838],cruising,[ 0.63925976  0.24903542 -0.34837281]
8.612135410308838,1004,False,4,1,[ 0.35367771 -2.97433196  3.99876249],cruising,[-0.62185191  0.08809385  0.93462812]
8.612135410308838,1005,False,5,3,[-0.46638454  6.62896835  3.99672078],cruising,[ 0.50568378 -0.03156594 -0.11489306]
8.714530944824219,1000,False,0,2,[7.61222925 4.1170764  3.9926403 ],cruising,[-0.82138112 -0.19970136 -0.21083176]
8.714530944824219,1001,False,1,5,[ 6.36951492 -4.87346376  3.99960406],cruising,[-0.48080528  0.59740651 -0.20557775]
8.714530944824219,1002,False,2,0,[-5.36585526  6.61395856  4.0014387 ],cruising,[ 0.5677905  -0.59831228 -0.99408226]
8.714530944824219,1003,False,3,4,[-3.48530497 -0.0953027   3.98976463],cruising,[ 0.63925976  0.24903542 -0.34837281]
8.714530944824219,1004,False,4,1,[ 0.15749017 -3.01319643  3.99894811],cruising,[-0.62185191  0.08809385  0.93462812]
8.714530944824219,1005,False,5,3,[-0.2960252   6.52419386  3.99721267],cruising,[ 0.50568378 -0.03156594 -0.11489306]
8.817132472991943,1000,False,0,2,[7.75533951 3.97736436 3.99374426],cruising,[-0.82138112 -0.19970136 -0.21083176]
8.817132472991943,1001,False,1,5,[ 6.18847551 -4.88846807  3.99990386],cruising,[-0.48080528  0.59740651 -0.20557775]
8.817132472991943,1002,False,2,0,[-5.18671491  6.68372833  4.00170775],cruising,[ 0.5677905  -0.59831228 -0.99408226]
8.817132472991943,1003,False,3,4,[-3.5789322   0.08142857  3.99129993],cruising,[ 0.63925976  0.24903542 -0.34837281]
8.817132472991943,1004,False,4,1,[-0.03563857 -3.06517035  3.9991059 ],cruising,[-0.62185191  0.08809385  0.93462812]
8.817132472991943,1005,False,5,3,[-0.12692677  6.41739629  3.99763077],cruising,[ 0.50568378 -0.03156594 -0.11489306]
8.919416427612305,1000,False,0,2,[7.88374597 3.824096   3.99469073],cruising,[-0.82138112 -0.19970136 -0.21083176]
8.919416427612305,1001,False,1,5,[ 6.00832929 -4.8834924   4.00015171],cruising,[-0.48080528  0.59740651 -0.20557775]
8.919416427612305,1002,False,2,0,[-4.99643202  6.73689398  4.00159297],cruising,[ 0.5677905  -0.59831228 -0.99408226]
8.919416427612305,1003,False,3,4,[-3.68129566  0.25324743  3.99260494],cruising,[ 0.63925976  0.24903542 -0.34837281]
8.919416427612305,1004,False,4,1,[-0.22397995 -3.13245723  3.99924001],cruising,[-0.62185191  0.08809385  0.93462812]
8.919416427612305,1005,False,5,3,[0.04185884 6.31010501 3.99798615],cruising,[ 0.50568378 -0.03156594 -0.11489306]
9.00890564918518,1000,False,0,2,[7.99577576 3.65934735 3.99555124],cruising,[-0.82138112 -0.19970136 -0.21083176]
9.00890564918518,1001,False,1,5,[ 5.83025736 -4.85862466  4.00034626],cruising,[-0.48080528  0.59740651 -0.20557775]
9.00890564918518,1002,False,2,0,[-4.80196741  6.78362208  4.00135402],cruising,[ 0.5677905  -0.59831228 -0.99408226]
9.00890564918518,1003,False,3,4,[-3.78781293  0.42252256  3.9937142 ],cruising,[ 0.63925976  0.24903542 -0.34837281]
9.00890564918518,1004,False,4,1,[-0.40775818 -3.21135948  3.99935401],cruising,[-0.62185191  0.08809385  0.93462812]
9.00890564918518,1005,False,5,3,[0.21051315 6.20260745 3.99828823],cruising,[ 0.50568378 -0.03156594 -0.11489306]
9.10957956314087,1000,False,0,2,[8.09048452 3.48460014 3.99630875],cruising,[-0.82138112 -0.19970136 -0.21083176]
9.10957956314087,1001,False,1,5,[ 5.654777   -4.81392562  4.0004835 ],cruising,[-0.48080528  0.59740651 -0.20557775]
9.10957956314087,1002,False,2,0,[-4.60833499  6.8336869   4.00115092],cruising,[ 0.5677905  -0.59831228 -0.99408226]
9.10957956314087,1003,False,3,4,[-3.89761119  0.58968818  3.99465707],cruising,[ 0.63925976  0.24903542 -0.34837281]
9.10957956314087,1004,False,4,1,[-0.58878004 -3.29639527  3.99945091],cruising,[-0.62185191  0.08809385  0.93462812]
9.10957956314087,1005,False,5,3,[0.37953914 6.09569528 3.99854499],cruising,[ 0.50568378 -0.03156594 -0.11489306]
9.219421625137329,1000,False,0,2,[8.16712433 3.30127972 3.99695078],cruising,[-0.82138112 -0.19970136 -0.21083176]
9.219421625137329,1001,False,1,5,[ 5.48260184 -4.74950167  4.00056178],cruising,[-0.48080528  0.59740651 -0.20557775]
9.219421625137329,1002,False,2,0,[-4.41520385  6.88565192  4.00097828],cruising,[ 0.5677905  -0.59831228 -0.99408226]
9.219421625137329,1003,False,3,4,[-4.00995538  0.75515353  3.99545851],cruising,[ 0.63925976  0.24903542 -0.34837281]
9.219421625137329,1004,False,4,1,[-0.76718193 -3.38679863  3.99953327],cruising,[-0.62185191  0.08809385  0.93462812]
9.219421625137329,1005,False,5,3,[0.54919659 5.989788   3.99876325],cruising,[ 0.50568378 -0.03156594 -0.11489306]
9.318112134933472,1000,False,0,2,[8.22510676 3.1107561  3.99746512],cruising,[-0.82138112 -0.19970136 -0.21083176]
9.318112134933472,1001,False,1,5,[ 5.31350609 -4.66531632  4.00057497],cruising,[-0.48080528  0.59740651 -0.20557775]
9.318112134933472,1002,False,2,0,[-4.22224916  6.93826834  4.00083154],cruising,[ 0.5677905  -0.59831228 -0.99408226]
9.318112134933472,1003,False,3,4,[-4.12422781  0.91929314  3.99613973],cruising,[ 0.63925976  0.24903542 -0.34837281]
9.318112134933472,1004,False,4,1,[-0.94527588 -3.4778071   3.99960328],cruising,[-0.62185191  0.08809385  0.93462812]
9.318112134933472,1005,False,5,3,[0.72018511 5.88604349 3.99894876],cruising,[ 0.50568378 -0.03156594 -0.11489306]
9.41606330871582,1000,False,0,2,[8.26541839 2.9148608  3.99784535],cruising,[-0.82138112 -0.19970136 -0.21083176]
9.41606330871582,1001,False,1,5,[ 5.14693619 -4.56129123  4.0005179 ],cruising,[-0.48080528  0.59740651 -0.20557775]
9.41606330871582,1002,False,2,0,[-4.0285476   6.98806498  4.00070681],cruising,[ 0.5677905  -0.59831228 -0.99408226]
9.41606330871582,1003,False,3,4,[-4.23990773  1.08244386  3.99671877],cruising,[ 0.63925976  0.24903542 -0.34837281]
9.41606330871582,1004,False,4,1,[-1.12617677 -3.56309995  3.99966279],cruising,[-0.62185191  0.08809385  0.93462812]
9.41606330871582,1005,False,5,3,[0.89240375 5.78435406 3.99910644],cruising,[ 0.50568378 -0.03156594 -0.11489306]
9.51627492904663,1000,False,0,2,[8.3040491  2.71862709 3.99816855],cruising,[-0.82138112 -0.19970136 -0.21083176]
9.51627492904663,1001,False,1,5,[ 4.97684113 -4.45608822  4.00044021],cruising,[-0.48080528  0.59740651 -0.20557775]
9.51627492904663,1002,False,2,0,[-3.83463607  7.03703761  4.00060079],cruising,[ 0.5677905  -0.59831228 -0.99408226]
9.51627492904663,1003,False,3,4,[-4.35655278  1.24490595  3.99721096],cruising,[ 0.63925976  0.24903542 -0.34837281]
9.51627492904663,1004,False,4,1,[-1.31405739 -3.63166286  3.99971337],cruising,[-0.62185191  0.08809385  0.93462812]
9.51627492904663,1005,False,5,3,[1.06610783 5.68522336 3.99924048],cruising,[ 0.50568378 -0.03156594 -0.11489306]
9.620522260665894,1000,False,0,2,[8.33631626 2.52124717 3.99844327],cruising,[-0.82138112 -0.19970136 -0.21083176]
9.620522260665894,1001,False,1,5,[ 4.80354152 -4.35625213  4.00037418],cruising,[-0.48080528  0.59740651 -0.20557775]
9.620522260665894,1002,False,2,0,[-3.6403005   7.0842995   4.00051067],cruising,[ 0.5677905  -0.59831228 -0.99408226]
9.620522260665894,1003,False,3,4,[-4.47378266  1.40694655  3.99762931],cruising,[ 0.63925976  0.24903542 -0.34837281]
9.620522260665894,1004,False,4,1,[-1.50724969 -3.68094401  3.99975927],cruising,[-0.62185191  0.08809385  0.93462812]
9.620522260665894,1005,False,5,3,[1.24237667 5.59072843 3.99935441],cruising,[ 0.50568378 -0.03156594 -0.11489306]
9.71374225616455,1000,False,0,2,[8.36682202 2.32358737 3.99867678],cruising,[-0.82138112 -0.19970136 -0.21083176]
9.71374225616455,1001,False,1,5,[ 4.62676453 -4.26271126  4.00031805],cruising,[-0.48080528  0.59740651 -0.20557775]
9.71374225616455,1002,False,2,0,[-3.44537838  7.12908082  4.00043407],cruising,[ 0.5677905  -0.59831228 -0.99408226]
9.71374225616455,1003,False,3,4,[-4.59126493  1.56880425  3.99798492],cruising,[ 0.63925976  0.24903542 -0.34837281]
9.71374225616455,1004,False,4,1,[-1.70236176 -3.71031752  3.99980225],cruising,[-0.62185191  0.08809385  0.93462812]
9.71374225616455,1005,False,5,3,[1.42054417 5.499864   3.99945125],cruising,[ 0.50568378 -0.03156594 -0.11489306]
9.816171646118164,1000,False,0,2,[8.39174093 2.12514582 3.99887526],cruising,[-0.82138112 -0.19970136 -0.21083176]
9.816171646118164,1001,False,1,5,[ 4.4481683  -4.17269244  4.00027034],cruising,[-0.48080528  0.59740651 -0.20557775]
9.816171646118164,1002,False,2,0,[-3.24923762  7.16818071  4.00036896],cruising,[ 0.5677905  -0.59831228 -0.99408226]
9.816171646118164,1003,False,3,4,[-4.7087027   1.73069425  3.99828718],cruising,[ 0.63925976  0.24903542 -0.34837281]
9.816171646118164,1004,False,4,1,[-1.89644842 -3.71971733  3.99984264],cruising,[-0.62185191  0.08809385  0.93462812]
9.816171646118164,1005,False,5,3,[1.60081235 5.41324193 3.99953356],cruising,[ 0.50568378 -0.03156594 -0.11489306]
9.924132347106934,1000,False,0,2,[8.41496492 1.92649878 3.99904397],cruising,[-0.82138112 -0.19970136 -0.21083176]
9.924132347106934,1001,False,1,5,[ 4.26751879 -4.08686847  4.00022979],cruising,[-0.48080528  0.59740651 -0.20557775]
9.924132347106934,1002,False,2,0,[-3.05243691  7.20381052  4.00031361],cruising,[ 0.5677905  -0.59831228 -0.99408226]
9.924132347106934,1003,False,3,4,[-4.8258238   1.89281349  3.9985441 ],cruising,[ 0.63925976  0.24903542 -0.34837281]
9.924132347106934,1004,False,4,1,[-2.08654091 -3.70952003  3.99988058],cruising,[-0.62185191  0.08809385  0.93462812]
9.924132347106934,1005,False,5,3,[1.78442431 5.33395354 3.99960352],cruising,[ 0.50568378 -0.03156594 -0.11489306]
10.019882202148438,1000,False,0,2,[8.4333002  1.72734101 3.99918738],cruising,[-0.82138112 -0.19970136 -0.21083176]
10.019882202148438,1001,False,1,5,[ 4.08585987 -4.00320225  4.00019532],cruising,[-0.48080528  0.59740651 -0.20557775]
10.019882202148438,1002,False,2,0,[-2.85449691  7.23244191  4.00026657],cruising,[ 0.5677905  -0.59831228 -0.99408226]
10.019882202148438,1003,False,3,4,[-4.94262175  2.0551657   3.99876249],cruising,[ 0.63925976  0.24903542 -0.34837281]
10.019882202148438,1004,False,4,1,[-2.27004592 -3.68043874  3.99991605],cruising,[-0.62185191  0.08809385  0.93462812]
10.019882202148438,1005,False,5,3,[1.97025898 5.26002469 3.999663  ],cruising,[ 0.50568378 -0.03156594 -0.11489306]
10.118639707565308,1000,False,0,2,[8.45003399 1.52804229 3.99930927],cruising,[-0.82138112 -0.19970136 -0.21083176]
10.118639707565308,1001,False,1,5,[ 3.90297295 -3.92225552  4.00016603],cruising,[-0.48080528  0.59740651 -0.20557775]
10.118639707565308,1002,False,2,0,[-2.65592818  7.25632617  4.00022659],cruising,[ 0.5677905  -0.59831228 -0.99408226]
10.118639707565308,1003,False,3,4,[-5.05867372  2.21805197  3.99894811],cruising,[ 0.63925976  0.24903542 -0.34837281]
10.118639707565308,1004,False,4,1,[-2.44461858 -3.63346295  3.99994901],cruising,[-0.62185191  0.08809385  0.93462812]
10.118639707565308,1005,False,5,3,[2.15839752 5.19217273 3.99971355],cruising,[ 0.50568378 -0.03156594 -0.11489306]
10.221153020858765,1000,False,0,2,[8.46244927 1.32842801 3.99941288],cruising,[-0.82138112 -0.19970136 -0.21083176]
10.221153020858765,1001,False,1,5,[ 3.71947055 -3.8427139   4.00014112],cruising,[-0.48080528  0.59740651 -0.20557775]
10.221153020858765,1002,False,2,0,[-2.45647634  7.27112362  4.0001926 ],cruising,[ 0.5677905  -0.59831228 -0.99408226]
10.221153020858765,1003,False,3,4,[-5.17370706  2.38165922  3.9991059 ],cruising,[ 0.63925976  0.24903542 -0.34837281]
10.221153020858765,1004,False,4,1,[-2.60815011 -3.56981103  3.99997937],cruising,[-0.62185191  0.08809385  0.93462812]
10.221153020858765,1005,False,5,3,[2.35080275 5.13758125 3.99975651],cruising,[ 0.50568378 -0.03156594 -0.11489306]
10.310486793518066,1000,False,0,2,[8.47333362 1.1287244  3.99950095],cruising,[-0.82138112 -0.19970136 -0.21083176]
10.310486793518066,1001,False,1,5,[ 3.53518736 -3.76499834  4.00011995],cruising,[-0.48080528  0.59740651 -0.20557775]
10.310486793518066,1002,False,2,0,[-2.25664275  7.27928051  4.00016371],cruising,[ 0.5677905  -0.59831228 -0.99408226]
10.310486793518066,1003,False,3,4,[-5.28744396  2.54617037  3.99924001],cruising,[ 0.63925976  0.24903542 -0.34837281]
10.310486793518066,1004,False,4,1,[-2.75887257 -3.49079917  4.000007  ],cruising,[-0.62185191  0.08809385  0.93462812]
10.310486793518066,1005,False,5,3,[2.5456301  5.09238941 3.99979304],cruising,[ 0.50568378 -0.03156594 -0.11489306]
10.416698455810547,1000,False,0,2,[8.4824758  0.92893346 3.9995758 ],cruising,[-0.82138112 -0.19970136 -0.21083176]
10.416698455810547,1001,False,1,5,[ 3.35042351 -3.68843257  4.00010196],cruising,[-0.48080528  0.59740651 -0.20557775]
10.416698455810547,1002,False,2,0,[-2.05676924  7.27216849  4.00013915],cruising,[ 0.5677905  -0.59831228 -0.99408226]
10.416698455810547,1003,False,3,4,[-5.39959048  2.71176976  3.99935401],cruising,[ 0.63925976  0.24903542 -0.34837281]
10.416698455810547,1004,False,4,1,[-2.89519002 -3.39791303  4.00003179],cruising,[-0.62185191  0.08809385  0.93462812]
10.416698455810547,1005,False,5,3,[2.74213812 5.05517923 3.99982408],cruising,[ 0.50568378 -0.03156594 -0.11489306]
10.515541076660156,1000,False,0,2,[8.48752813 0.72899728 3.99963943],cruising,[-0.82138112 -0.19970136 -0.21083176]
10.515541076660156,1001,False,1,5,[ 3.16511637 -3.6131912   4.00008667],cruising,[-0.48080528  0.59740651 -0.20557775]
10.515541076660156,1002,False,2,0,[-1.85863372  7.24513213  4.00011818],cruising,[ 0.5677905  -0.59831228 -0.99408226]
10.515541076660156,1003,False,3,4,[-5.51079117  2.87800576  3.99945091],cruising,[ 0.63925976  0.24903542 -0.34837281]
10.515541076660156,1004,False,4,1,[-3.01576839 -3.29268665  4.00005355],cruising,[-0.62185191  0.08809385  0.93462812]
10.515541076660156,1005,False,5,3,[2.93978801 5.0246093  3.99985047],cruising,[ 0.50568378 -0.03156594 -0.11489306]
10.610368013381958,1000,False,0,2,[8.49098081 0.52902709 3.99969352],cruising,[-0.82138112 -0.19970136 -0.21083176]
10.610368013381958,1001,False,1,5,[ 2.97927801 -3.53927161  4.00007367],cruising,[-0.48080528  0.59740651 -0.20557775]
10.610368013381958,1002,False,2,0,[-1.66391688  7.19946648  4.00010045],cruising,[ 0.5677905  -0.59831228 -0.99408226]
10.610368013381958,1003,False,3,4,[-5.61969517  3.04575532  3.99953327],cruising,[ 0.63925976  0.24903542 -0.34837281]
10.610368013381958,1004,False,4,1,[-3.11946911 -3.17672972  4.00007209],cruising,[-0.62185191  0.08809385  0.93462812]
10.610368013381958,1005,False,5,3,[3.1381991 4.999449  3.9998729],cruising,[ 0.50568378 -0.03156594 -0.11489306]
10.71426272392273,1000,False,0,2,[8.49266817 0.32903421 3.99973949],cruising,[-0.82138112 -0.19970136 -0.21083176]
10.71426272392273,1001,False,1,5,[ 2.79282592 -3.46691404  4.00006262],cruising,[-0.48080528  0.59740651 -0.20557775]
10.71426272392273,1002,False,2,0,[-1.47339584  7.13862459  4.00008538],cruising,[ 0.5677905  -0.59831228 -0.99408226]
10.71426272392273,1003,False,3,4,[-5.72590837  3.21522142  3.99960328],cruising,[ 0.63925976  0.24903542 -0.34837281]
10.71426272392273,1004,False,4,1,[-3.20530944 -3.05177244  4.00008723],cruising,[-0.62185191  0.08809385  0.93462812]
10.71426272392273,1005,False,5,3,[3.33710835 4.97858973 3.99989196],cruising,[ 0.50568378 -0.03156594 -0.11489306]
10.816316366195679,1000,False,0,2,[8.49246341 0.12903431 3.99977857],cruising,[-0.82138112 -0.19970136 -0.21083176]
10.816316366195679,1001,False,1,5,[ 2.6058788  -3.39584525  4.00005322],cruising,[-0.48080528  0.59740651 -0.20557775]
10.816316366195679,1002,False,2,0,[-1.28732217  7.06529936  4.00007258],cruising,[ 0.5677905  -0.59831228 -0.99408226]
10.816316366195679,1003,False,3,4,[-5.82896156  3.38662749  3.99966279],cruising,[ 0.63925976  0.24903542 -0.34837281]
10.816316366195679,1004,False,4,1,[-3.2729761  -2.91846541  4.00009881],cruising,[-0.62185191  0.08809385  0.93462812]
10.816316366195679,1005,False,5,3,[3.53633705 4.96104197 3.99990817],cruising,[ 0.50568378 -0.03156594 -0.11489306]
10.912003993988037,1000,False,0,2,[ 8.48817816 -0.07091977  3.99981178],cruising,[-0.82138112 -0.19970136 -0.21083176]
10.912003993988037,1001,False,1,5,[ 2.41813292 -3.32691422  4.00004524],cruising,[-0.48080528  0.59740651 -0.20557775]
10.912003993988037,1002,False,2,0,[-1.10550638  6.98197458  4.00006169],cruising,[ 0.5677905  -0.59831228 -0.99408226]
10.912003993988037,1003,False,3,4,[-5.92828605  3.56022082  3.99971337],cruising,[ 0.63925976  0.24903542 -0.34837281]
10.912003993988037,1004,False,4,1,[-3.32225158 -2.77729938  4.0001067 ],cruising,[-0.62185191  0.08809385  0.93462812]
10.912003993988037,1005,False,5,3,[3.73576488 4.94592439 3.99992194],cruising,[ 0.50568378 -0.03156594 -0.11489306]
11.012309074401855,1000,False,0,2,[ 8.48218108 -0.27082984  3.99984001],cruising,[-0.82138112 -0.19970136 -0.21083176]
11.012309074401855,1001,False,1,5,[ 2.22944548 -3.26060398  4.00003845],cruising,[-0.48080528  0.59740651 -0.20557775]
11.012309074401855,1002,False,2,0,[-0.9261487   6.89348266  4.00005244],cruising,[ 0.5677905  -0.59831228 -0.99408226]
11.012309074401855,1003,False,3,4,[-6.02318174  3.73627424  3.99975637],cruising,[ 0.63925976  0.24903542 -0.34837281]
11.012309074401855,1004,False,4,1,[-3.35300619 -2.628585    4.00011078],cruising,[-0.62185191  0.08809385  0.93462812]
11.012309074401855,1005,False,5,3,[3.9353104  4.93244892 3.99993365],cruising,[ 0.50568378 -0.03156594 -0.11489306]
11.110816478729248,1000,False,0,2,[ 8.47432438 -0.47067546  3.99986401],cruising,[-0.82138112 -0.19970136 -0.21083176]
11.110816478729248,1001,False,1,5,[ 2.0401531  -3.19604086  4.00003269],cruising,[-0.48080528  0.59740651 -0.20557775]
11.110816478729248,1002,False,2,0,[-0.75045817  6.79791677  4.00004457],cruising,[ 0.5677905  -0.59831228 -0.99408226]
11.110816478729248,1003,False,3,4,[-6.11277447  3.9150846   3.99979291],cruising,[ 0.63925976  0.24903542 -0.34837281]
11.110816478729248,1004,False,4,1,[-3.36518401 -2.47246098  4.00011097],cruising,[-0.62185191  0.08809385  0.93462812]
11.110816478729248,1005,False,5,3,[4.13491658 4.91990421 3.9999436 ],cruising,[ 0.50568378 -0.03156594 -0.11489306]
11.21729326248169,1000,False,0,2,[ 8.46245117 -0.67032272  3.99988441],cruising,[-0.82138112 -0.19970136 -0.21083176]
11.21729326248169,1001,False,1,5,[ 1.84958511 -3.1353462   4.00002778],cruising,[-0.48080528  0.59740651 -0.20557775]
11.21729326248169,1002,False,2,0,[-0.5776608   6.6972139   4.00003789],cruising,[ 0.5677905  -0.59831228 -0.99408226]
11.21729326248169,1003,False,3,4,[-6.19595901  4.09696459  3.99982397],cruising,[ 0.63925976  0.24903542 -0.34837281]
11.21729326248169,1004,False,4,1,[-3.35897539 -2.30846683  4.00010714],cruising,[-0.62185191  0.08809385  0.93462812]
11.21729326248169,1005,False,5,3,[4.33452572 4.90740656 3.99995206],cruising,[ 0.50568378 -0.03156594 -0.11489306]
11.324049949645996,1000,False,0,2,[ 8.44880244 -0.86985646  3.99990175],cruising,[-0.82138112 -0.19970136 -0.21083176]
11.324049949645996,1001,False,1,5,[ 1.65755759 -3.07944064  4.00002362],cruising,[-0.48080528  0.59740651 -0.20557775]
11.324049949645996,1002,False,2,0,[-0.40621013  6.59423493  4.0000322 ],cruising,[ 0.5677905  -0.59831228 -0.99408226]
11.324049949645996,1003,False,3,4,[-6.26712965  4.28387297  3.99985038],cruising,[ 0.63925976  0.24903542 -0.34837281]
11.324049949645996,1004,False,4,1,[-3.33499486 -2.13529886  4.00009918],cruising,[-0.62185191  0.08809385  0.93462812]
11.324049949645996,1005,False,5,3,[4.5341373  4.89494788 3.99995925],cruising,[ 0.50568378 -0.03156594 -0.11489306]
11.41523289680481,1000,False,0,2,[ 8.43320279 -1.06924715  3.99991649],cruising,[-0.82138112 -0.19970136 -0.21083176]
11.41523289680481,1001,False,1,5,[ 1.46387811 -3.02955818  4.00002007],cruising,[-0.48080528  0.59740651 -0.20557775]
11.41523289680481,1002,False,2,0,[-0.23652871  6.48836607  4.00002737],cruising,[ 0.5677905  -0.59831228 -0.99408226]
11.41523289680481,1003,False,3,4,[-6.32849898  4.47422476  3.99987282],cruising,[ 0.63925976  0.24903542 -0.34837281]
11.41523289680481,1004,False,4,1,[-3.29553755 -1.94946322  4.00008698],cruising,[-0.62185191  0.08809385  0.93462812]
11.41523289680481,1005,False,5,3,[4.73370814 4.88185289 3.99996537],cruising,[ 0.50568378 -0.03156594 -0.11489306]
11.523374557495117,1000,False,0,2,[ 8.41549619 -1.2684618   3.99992901],cruising,[-0.82138112 -0.19970136 -0.21083176]
11.523374557495117,1001,False,1,5,[ 1.26837369 -2.98739162  4.00001706],cruising,[-0.48080528  0.59740651 -0.20557775]
11.523374557495117,1002,False,2,0,[-0.0674526   6.38153317  4.00002327],cruising,[ 0.5677905  -0.59831228 -0.99408226]
11.523374557495117,1003,False,3,4,[-6.37063273  4.66973626  3.9998919 ],cruising,[ 0.63925976  0.24903542 -0.34837281]
11.523374557495117,1004,False,4,1,[-3.26075925 -1.75251026  4.00007393],cruising,[-0.62185191  0.08809385  0.93462812]
11.523374557495117,1005,False,5,3,[4.93319125 4.86748316 3.99997056],cruising,[ 0.50568378 -0.03156594 -0.11489306]
11.614777088165283,1000,False,0,2,[ 8.39329184 -1.4672254   3.99993966],cruising,[-0.82138112 -0.19970136 -0.21083176]
11.614777088165283,1001,False,1,5,[ 1.0709633  -2.95531142  4.0000145 ],cruising,[-0.48080528  0.59740651 -0.20557775]
11.614777088165283,1002,False,2,0,[0.10104223 6.27378581 4.00001978],cruising,[ 0.5677905  -0.59831228 -0.99408226]
11.614777088165283,1003,False,3,4,[-6.39646295  4.86806125  3.99990811],cruising,[ 0.63925976  0.24903542 -0.34837281]
11.614777088165283,1004,False,4,1,[-3.2425993  -1.55333643  4.00006284],cruising,[-0.62185191  0.08809385  0.93462812]
11.614777088165283,1005,False,5,3,[5.13252866 4.85121671 3.99997498],cruising,[ 0.50568378 -0.03156594 -0.11489306]
11.711130380630493,1000,False,0,2,[ 8.36900088 -1.66574479  3.99994871],cruising,[-0.82138112 -0.19970136 -0.21083176]
11.711130380630493,1001,False,1,5,[ 0.87137401 -2.94311218  4.00001231],cruising,[-0.48080528  0.59740651 -0.20557775]
11.711130380630493,1002,False,2,0,[0.26966043 6.16623163 4.00001681],cruising,[ 0.5677905  -0.59831228 -0.99408226]
11.711130380630493,1003,False,3,4,[-6.40231661  5.06735439  3.99992283],cruising,[ 0.63925976  0.24903542 -0.34837281]
11.711130380630493,1004,False,4,1,[-3.24078003 -1.3533447   4.00005342],cruising,[-0.62185191  0.08809385  0.93462812]
11.711130380630493,1005,False,5,3,[5.33175722 4.83366736 3.99997873],cruising,[ 0.50568378 -0.03156594 -0.11489306]
11.819009065628052,1000,False,0,2,[ 8.34240287 -1.86396827  3.99995641],cruising,[-0.82138112 -0.19970136 -0.21083176]
11.819009065628052,1001,False,1,5,[ 0.67137567 -2.94229892  4.00001047],cruising,[-0.48080528  0.59740651 -0.20557775]
11.819009065628052,1002,False,2,0,[0.43881946 6.05953008 4.00001429],exiting,[ 0.5677905  -0.59831228 -0.99408226]
11.819009065628052,1003,False,3,4,[-6.38825167  5.26484501  3.99993638],cruising,[ 0.63925976  0.24903542 -0.34837281]
11.819009065628052,1004,False,4,1,[-3.25353471 -1.15375182  4.00004541],cruising,[-0.62185191  0.08809385  0.93462812]
11.819009065628052,1005,False,5,3,[5.53068823 4.81301662 3.99998192],cruising,[ 0.50568378 -0.03156594 -0.11489306]
11.910192012786865,1000,False,0,2,[ 8.31075802 -2.06144891  3.99996294],cruising,[-0.82138112 -0.19970136 -0.21083176]
11.910192012786865,1001,False,1,5,[ 0.47192315 -2.95708725  4.0000089 ],cruising,[-0.48080528  0.59740651 -0.20557775]
11.910192012786865,1002,False,2,0,[0.59774359 5.97001127 4.00001176],exiting,[ 0.5677905  -0.59831228 -0.99408226]
11.910192012786865,1003,False,3,4,[-6.35465746  5.45802196  3.99994885],cruising,[ 0.63925976  0.24903542 -0.34837281]
11.910192012786865,1004,False,4,1,[-3.28049508 -0.9555773   4.00003859],cruising,[-0.62185191  0.08809385  0.93462812]
11.910192012786865,1005,False,5,3,[5.72918958 4.78857861 3.99998463],cruising,[ 0.50568378 -0.03156594 -0.11489306]
12.020028352737427,1000,False,0,2,[ 8.27667654 -2.25852365  3.9999685 ],cruising,[-0.82138112 -0.19970136 -0.21083176]
12.020028352737427,1001,False,1,5,[ 0.27414025 -2.98678443  4.00000756],cruising,[-0.48080528  0.59740651 -0.20557775]
12.020028352737427,1002,False,2,0,[0.74627871 5.89758247 4.00000926],exiting,[ 0.5677905  -0.59831228 -0.99408226]
12.020028352737427,1003,False,3,4,[-6.30221412  5.64451234  3.99996028],cruising,[ 0.63925976  0.24903542 -0.34837281]
12.020028352737427,1004,False,4,1,[-3.32049842 -0.75961881  4.00003281],cruising,[-0.62185191  0.08809385  0.93462812]
12.020028352737427,1005,False,5,3,[5.92708171 4.7596182  3.99998694],cruising,[ 0.50568378 -0.03156594 -0.11489306]
12.112218618392944,1000,False,0,2,[ 8.23985644 -2.45510513  3.99997323],cruising,[-0.82138112 -0.19970136 -0.21083176]
12.112218618392944,1001,False,1,5,[ 0.07996823 -3.03471384  4.00000643],cruising,[-0.48080528  0.59740651 -0.20557775]
12.112218618392944,1002,False,2,0,[0.88425182 5.84213732 4.00000683],exiting,[ 0.5677905  -0.59831228 -0.99408226]
12.112218618392944,1003,False,3,4,[-6.2318553   5.82211251  3.99997068],cruising,[ 0.63925976  0.24903542 -0.34837281]
12.112218618392944,1004,False,4,1,[-3.37088836 -0.56607074  4.00002788],cruising,[-0.62185191  0.08809385  0.93462812]
12.112218618392944,1005,False,5,3,[6.12412092 4.72533192 3.9999889 ],cruising,[ 0.50568378 -0.03156594 -0.11489306]
12.215960502624512,1000,False,0,2,[ 8.19690841 -2.65043937  3.99997724],cruising,[-0.82138112 -0.19970136 -0.21083176]
12.215960502624512,1001,False,1,5,[-0.11097926 -3.0942038   4.00000546],cruising,[-0.48080528  0.59740651 -0.20557775]
12.215960502624512,1002,False,2,0,[1.01146683 5.80355226 4.00000451],exiting,[ 0.5677905  -0.59831228 -0.99408226]
12.215960502624512,1003,False,3,4,[-6.14465141  5.98893105  3.99997998],cruising,[ 0.63925976  0.24903542 -0.34837281]
12.215960502624512,1004,False,4,1,[-3.43249283 -0.37579492  4.0000237 ],cruising,[-0.62185191  0.08809385  0.93462812]
12.215960502624512,1005,False,5,3,[6.31997691 4.68482968 3.99999056],cruising,[ 0.50568378 -0.03156594 -0.11489306]
12.313435792922974,1000,False,0,2,[ 8.15090421 -2.84507651  3.99998066],cruising,[-0.82138112 -0.19970136 -0.21083176]
12.313435792922974,1001,False,1,5,[-0.2984142  -3.16397587  4.00000464],cruising,[-0.48080528  0.59740651 -0.20557775]
12.313435792922974,1002,False,2,0,[1.12769582 5.78167971 4.00000235],exiting,[ 0.5677905  -0.59831228 -0.99408226]
12.313435792922974,1003,False,3,4,[-6.0416752   6.14345188  3.99998813],cruising,[ 0.63925976  0.24903542 -0.34837281]
12.313435792922974,1004,False,4,1,[-3.50458926 -0.1892417   4.00002015],cruising,[-0.62185191  0.08809385  0.93462812]
12.313435792922974,1005,False,5,3,[6.51420277 4.63711894 3.99999198],cruising,[ 0.50568378 -0.03156594 -0.11489306]
12.40924334526062,1000,False,0,2,[ 8.0977886  -3.03789438  3.99998356],cruising,[-0.82138112 -0.19970136 -0.21083176]
12.40924334526062,1001,False,1,5,[-0.4812809  -3.24496829  4.00000395],cruising,[-0.48080528  0.59740651 -0.20557775]
12.40924334526062,1002,False,2,0,[1.23265858 5.77633205 4.0000004 ],exiting,[ 0.5677905  -0.59831228 -0.99408226]
12.40924334526062,1003,False,3,4,[-5.92411088  6.28429108  3.99999513],cruising,[ 0.63925976  0.24903542 -0.34837281]
12.40924334526062,1004,False,4,1,[-3.58446981 -0.00588658  4.00001712],cruising,[-0.62185191  0.08809385  0.93462812]
12.40924334526062,1005,False,5,3,[6.70619546 4.58109389 3.99999318],cruising,[ 0.50568378 -0.03156594 -0.11489306]
12.51905632019043,1000,False,0,2,[ 8.04101229 -3.22966625  3.99998602],cruising,[-0.82138112 -0.19970136 -0.21083176]
12.51905632019043,1001,False,1,5,[-0.66075538 -3.3332231   4.00000336],cruising,[-0.48080528  0.59740651 -0.20557775]
12.51905632019043,1002,False,2,0,[1.32597121 5.7872409  3.99999877],exiting,[ 0.5677905  -0.59831228 -0.99408226]
12.51905632019043,1003,False,3,4,[-5.79283517  6.41057013  4.00000093],cruising,[ 0.63925976  0.24903542 -0.34837281]
12.51905632019043,1004,False,4,1,[-3.67556632  0.17216236  4.00001456],cruising,[-0.62185191  0.08809385  0.93462812]
12.51905632019043,1005,False,5,3,[6.89514519 4.51553475 3.9999942 ],cruising,[ 0.50568378 -0.03156594 -0.11489306]
12.609078645706177,1000,False,0,2,[ 7.97549521 -3.41863057  3.99998812],cruising,[-0.82138112 -0.19970136 -0.21083176]
12.609078645706177,1001,False,1,5,[-0.83866053 -3.4246001   4.00000285],cruising,[-0.48080528  0.59740651 -0.20557775]
12.609078645706177,1002,False,2,0,[1.40739569 5.81423303 3.99999748],exiting,[ 0.5677905  -0.59831228 -0.99408226]
12.609078645706177,1003,False,3,4,[-5.64866919  6.52155731  4.00000549],cruising,[ 0.63925976  0.24903542 -0.34837281]
12.609078645706177,1004,False,4,1,[-3.77341082  0.34659416  4.00001237],cruising,[-0.62185191  0.08809385  0.93462812]
12.609078645706177,1005,False,5,3,[7.07997381 4.43912546 3.99999507],cruising,[ 0.50568378 -0.03156594 -0.11489306]
12.714576721191406,1000,False,0,2,[ 7.90035757 -3.60397979  3.9999899 ],cruising,[-0.82138112 -0.19970136 -0.21083176]
12.714576721191406,1001,False,1,5,[-1.01736342 -3.51440699  4.00000242],cruising,[-0.48080528  0.59740651 -0.20557775]
12.714576721191406,1002,False,2,0,[1.47669162 5.85712795 3.9999966 ],exiting,[ 0.5677905  -0.59831228 -0.99408226]
12.714576721191406,1003,False,3,4,[-5.4923455   6.61666401  4.00000876],cruising,[ 0.63925976  0.24903542 -0.34837281]
12.714576721191406,1004,False,4,1,[-3.87805997  0.51703053  4.00001052],cruising,[-0.62185191  0.08809385  0.93462812]
12.714576721191406,1005,False,5,3,[7.25926616 4.35050123 3.99999581],cruising,[ 0.50568378 -0.03156594 -0.11489306]
12.820346117019653,1000,False,0,2,[ 7.81426669 -3.78450226  3.99999142],cruising,[-0.82138112 -0.19970136 -0.21083176]
12.820346117019653,1001,False,1,5,[-1.2007208  -3.59428233  4.00000206],cruising,[-0.48080528  0.59740651 -0.20557775]
12.820346117019653,1002,False,2,0,[1.53361638 5.91573763 3.99999617],exiting,[ 0.5677905  -0.59831228 -0.99408226]
12.820346117019653,1003,False,3,4,[-5.32446675  6.69544648  4.0000107 ],cruising,[ 0.63925976  0.24903542 -0.34837281]
12.820346117019653,1004,False,4,1,[-3.9861974   0.68527528  4.00000894],cruising,[-0.62185191  0.08809385  0.93462812]
12.820346117019653,1005,False,5,3,[7.43120588 4.2483409  3.99999644],cruising,[ 0.50568378 -0.03156594 -0.11489306]
12.924516439437866,1000,False,0,2,[ 7.71536716 -3.95833805  3.9999927 ],cruising,[-0.82138112 -0.19970136 -0.21083176]
12.924516439437866,1001,False,1,5,[-1.39097719 -3.65538525  4.00000174],cruising,[-0.48080528  0.59740651 -0.20557775]
12.924516439437866,1002,False,2,0,[1.57792506 5.98986616 3.9999962 ],exiting,[ 0.5677905  -0.59831228 -0.99408226]
12.924516439437866,1003,False,3,4,[-5.14543277  6.75762892  4.00001127],cruising,[ 0.63925976  0.24903542 -0.34837281]
12.924516439437866,1004,False,4,1,[-4.09703255  0.85175522  4.0000076 ],cruising,[-0.62185191  0.08809385  0.93462812]
12.924516439437866,1005,False,5,3,[7.59182116 4.12969552 3.999997  ],cruising,[ 0.50568378 -0.03156594 -0.11489306]
13.013682842254639,1000,False,0,2,[ 7.60124268 -4.12258056  3.9999938 ],cruising,[-0.82138112 -0.19970136 -0.21083176]
13.013682842254639,1001,False,1,5,[-1.58498859 -3.69684384  4.00000145],cruising,[-0.48080528  0.59740651 -0.20557775]
13.013682842254639,1002,False,2,0,[1.60937046 6.07930927 3.99999668],exiting,[ 0.5677905  -0.59831228 -0.99408226]
13.013682842254639,1003,False,3,4,[-4.9552303   6.80322025  4.00001042],cruising,[ 0.63925976  0.24903542 -0.34837281]
13.013682842254639,1004,False,4,1,[-4.209906    1.01685999  4.00000646],cruising,[-0.62185191  0.08809385  0.93462812]
13.013682842254639,1005,False,5,3,[7.73969483 3.99563419 3.99999747],cruising,[ 0.50568378 -0.03156594 -0.11489306]
13.11085319519043,1000,False,0,2,[ 7.47137648 -4.27448622  3.99999475],cruising,[-0.82138112 -0.19970136 -0.21083176]
13.11085319519043,1001,False,1,5,[-1.77965071 -3.71831301  4.00000117],cruising,[-0.48080528  0.59740651 -0.20557775]
13.11085319519043,1002,False,2,0,[1.63441687 6.17612186 3.9999973 ],exiting,[ 0.5677905  -0.59831228 -0.99408226]
13.11085319519043,1003,False,3,4,[-4.75908563  6.84230055  4.00000886],cruising,[ 0.63925976  0.24903542 -0.34837281]
13.11085319519043,1004,False,4,1,[-4.32426445  1.18093968  4.00000549],cruising,[-0.62185191  0.08809385  0.93462812]
13.11085319519043,1005,False,5,3,[7.87330799 3.8475501  3.99999788],cruising,[ 0.50568378 -0.03156594 -0.11489306]
13.218685388565063,1000,False,0,2,[ 7.32741709 -4.41220096  3.99999561],cruising,[-0.82138112 -0.19970136 -0.21083176]
13.218685388565063,1001,False,1,5,[-1.97197092 -3.71991977  4.00000091],cruising,[-0.48080528  0.59740651 -0.20557775]
13.218685388565063,1002,False,2,0,[1.65946328 6.27293445 3.9999978 ],exiting,[ 0.5677905  -0.59831228 -0.99408226]
13.218685388565063,1003,False,3,4,[-4.56326722  6.88298409  4.00000753],cruising,[ 0.63925976  0.24903542 -0.34837281]
13.218685388565063,1004,False,4,1,[-4.43963905  1.34430645  4.00000467],cruising,[-0.62185191  0.08809385  0.93462812]
13.218685388565063,1005,False,5,3,[7.99124508 3.68704584 3.99999823],cruising,[ 0.50568378 -0.03156594 -0.11489306]
13.310778379440308,1000,False,0,2,[ 7.17184397 -4.53363315  3.9999964 ],cruising,[-0.82138112 -0.19970136 -0.21083176]
13.310778379440308,1001,False,1,5,[-2.15905985 -3.70222281  4.00000067],cruising,[-0.48080528  0.59740651 -0.20557775]
13.310778379440308,1002,False,2,0,[1.68450968 6.36974704 3.99999822],exiting,[ 0.5677905  -0.59831228 -0.99408226]
13.310778379440308,1003,False,3,4,[-4.36819072  6.92708803  4.0000064 ],cruising,[ 0.63925976  0.24903542 -0.34837281]
13.310778379440308,1004,False,4,1,[-4.55545311  1.50736197  4.00000397],cruising,[-0.62185191  0.08809385  0.93462812]
13.310778379440308,1005,False,5,3,[8.0919708  3.51635487 3.99999855],cruising,[ 0.50568378 -0.03156594 -0.11489306]
13.419145822525024,1000,False,0,2,[ 7.00669046 -4.63750927  3.99999714],cruising,[-0.82138112 -0.19970136 -0.21083176]
13.419145822525024,1001,False,1,5,[-2.33859394 -3.66600762  4.00000044],cruising,[-0.48080528  0.59740651 -0.20557775]
13.419145822525024,1002,False,2,0,[1.70955609 6.46655962 3.99999855],exiting,[ 0.5677905  -0.59831228 -0.99408226]
13.419145822525024,1003,False,3,4,[-4.17356017  6.9731201   4.00000544],cruising,[ 0.63925976  0.24903542 -0.34837281]
13.419145822525024,1004,False,4,1,[-4.67170935  1.67010252  4.00000337],cruising,[-0.62185191  0.08809385  0.93462812]
13.419145822525024,1005,False,5,3,[8.17476439 3.33680734 3.99999882],cruising,[ 0.50568378 -0.03156594 -0.11489306]
13.517353773117065,1000,False,0,2,[ 6.83405685 -4.72283684  3.99999781],cruising,[-0.82138112 -0.19970136 -0.21083176]
13.517353773117065,1001,False,1,5,[-2.50837959 -3.61232912  4.00000023],cruising,[-0.48080528  0.59740651 -0.20557775]
13.517353773117065,1002,False,2,0,[1.7346025  6.56337221 3.99999883],exiting,[ 0.5677905  -0.59831228 -0.99408226]
13.517353773117065,1003,False,3,4,[-3.97907997  7.01978326  4.00000462],cruising,[ 0.63925976  0.24903542 -0.34837281]
13.517353773117065,1004,False,4,1,[-4.78804212  1.83278838  4.00000287],cruising,[-0.62185191  0.08809385  0.93462812]
13.517353773117065,1005,False,5,3,[8.23904883 3.14968281 3.99999904],cruising,[ 0.50568378 -0.03156594 -0.11489306]
13.616036653518677,1000,False,0,2,[ 6.6561006  -4.78888568  3.99999842],cruising,[-0.82138112 -0.19970136 -0.21083176]
13.616036653518677,1001,False,1,5,[-2.66641908 -3.54246334  4.00000004],cruising,[-0.48080528  0.59740651 -0.20557775]
13.616036653518677,1002,False,2,0,[1.75964891 6.6601848  3.99999906],exiting,[ 0.5677905  -0.59831228 -0.99408226]
13.616036653518677,1003,False,3,4,[-3.78448592  7.06596934  4.00000393],cruising,[ 0.63925976  0.24903542 -0.34837281]
13.616036653518677,1004,False,4,1,[-4.90412382  1.99565347  4.00000244],cruising,[-0.62185191  0.08809385  0.93462812]
13.616036653518677,1005,False,5,3,[8.28454526 2.9557018  3.99999921],cruising,[ 0.50568378 -0.03156594 -0.11489306]
13.719926834106445,1000,False,0,2,[ 6.47500662 -4.83518219  3.99999897],cruising,[-0.82138112 -0.19970136 -0.21083176]
13.719926834106445,1001,False,1,5,[-2.81103091 -3.45777534  3.99999986],cruising,[-0.48080528  0.59740651 -0.20557775]
13.719926834106445,1002,False,2,0,[1.78469531 6.75699739 3.99999924],exiting,[ 0.5677905  -0.59831228 -0.99408226]
13.719926834106445,1003,False,3,4,[-3.58901776  7.10830372  4.00000334],cruising,[ 0.63925976  0.24903542 -0.34837281]
13.719926834106445,1004,False,4,1,[-5.01965109  2.15891231  4.00000207],cruising,[-0.62185191  0.08809385  0.93462812]
13.719926834106445,1005,False,5,3,[8.31722389 2.7583896  3.99999933],cruising,[ 0.50568378 -0.03156594 -0.11489306]
13.822156190872192,1000,False,0,2,[ 6.29297472 -4.86150071  3.99999945],cruising,[-0.82138112 -0.19970136 -0.21083176]
13.822156190872192,1001,False,1,5,[-2.94075749 -3.35972959  3.99999971],cruising,[-0.48080528  0.59740651 -0.20557775]
13.822156190872192,1002,False,2,0,[1.80974172 6.85380998 3.99999939],exiting,[ 0.5677905  -0.59831228 -0.99408226]
13.822156190872192,1003,False,3,4,[-3.39316035  7.14879908  4.00000284],cruising,[ 0.63925976  0.24903542 -0.34837281]
13.822156190872192,1004,False,4,1,[-5.13479608  2.322441    4.00000176],cruising,[-0.62185191  0.08809385  0.93462812]
13.822156190872192,1005,False,5,3,[8.34504656 2.5603343  3.99999943],cruising,[ 0.50568378 -0.03156594 -0.11489306]
13.920471668243408,1000,False,0,2,[ 6.11101827 -4.86781937  3.99999986],cruising,[-0.82138112 -0.19970136 -0.21083176]
13.920471668243408,1001,False,1,5,[-3.05429387 -3.24994175  3.99999958],cruising,[-0.48080528  0.59740651 -0.20557775]
13.920471668243408,1002,False,2,0,[1.83478813 6.95062257 3.99999951],exiting,[ 0.5677905  -0.59831228 -0.99408226]
13.920471668243408,1003,False,3,4,[-3.19676406  7.18659455  4.00000241],cruising,[ 0.63925976  0.24903542 -0.34837281]
13.920471668243408,1004,False,4,1,[-5.24884286  2.48673747  4.0000015 ],cruising,[-0.62185191  0.08809385  0.93462812]
13.920471668243408,1005,False,5,3,[8.37216505 2.36218136 3.99999951],cruising,[ 0.50568378 -0.03156594 -0.11489306]
14.020177364349365,1000,False,0,2,[ 5.93046558 -4.85418735  4.0000002 ],cruising,[-0.82138112 -0.19970136 -0.21083176]
14.020177364349365,1001,False,1,5,[-3.15053737 -3.13010618  3.99999947],cruising,[-0.48080528  0.59740651 -0.20557775]
14.020177364349365,1002,False,2,0,[1.85983453 7.04743516 3.99999961],exiting,[ 0.5677905  -0.59831228 -0.99408226]
14.020177364349365,1003,False,3,4,[-2.99928042  7.21822069  4.00000205],cruising,[ 0.63925976  0.24903542 -0.34837281]
14.020177364349365,1004,False,4,1,[-5.3614851   2.65200007  4.00000127],cruising,[-0.62185191  0.08809385  0.93462812]
14.020177364349365,1005,False,5,3,[8.39465097 2.16344943 3.99999959],cruising,[ 0.50568378 -0.03156594 -0.11489306]
14.124235153198242,1000,False,0,2,[ 5.75197744 -4.82066218  4.00000045],cruising,[-0.82138112 -0.19970136 -0.21083176]
14.124235153198242,1001,False,1,5,[-3.22886605 -3.0013791   3.99999938],cruising,[-0.48080528  0.59740651 -0.20557775]
14.124235153198242,1002,False,2,0,[1.88488094 7.14424775 3.99999969],exiting,[ 0.5677905  -0.59831228 -0.99408226]
14.124235153198242,1003,False,3,4,[-2.80120365  7.24589007  4.00000174],cruising,[ 0.63925976  0.24903542 -0.34837281]
14.124235153198242,1004,False,4,1,[-5.4723982   2.81842808  4.00000108],cruising,[-0.62185191  0.08809385  0.93462812]
14.124235153198242,1005,False,5,3,[8.41606736 1.96459939 3.99999965],cruising,[ 0.50568378 -0.03156594 -0.11489306]
14.2209632396698,1000,False,0,2,[ 5.57645904 -4.76735872  4.00000062],cruising,[-0.82138112 -0.19970136 -0.21083176]
14.2209632396698,1001,False,1,5,[-3.28891395 -2.86453948  3.99999931],cruising,[-0.48080528  0.59740651 -0.20557775]
14.2209632396698,1002,False,2,0,[1.90992735 7.24106034 3.99999976],exiting,[ 0.5677905  -0.59831228 -0.99408226]
14.2209632396698,1003,False,3,4,[-2.60217355  7.26556284  4.00000148],cruising,[ 0.63925976  0.24903542 -0.34837281]
14.2209632396698,1004,False,4,1,[-5.58122534  2.98622753  4.00000092],cruising,[-0.62185191  0.08809385  0.93462812]
14.2209632396698,1005,False,5,3,[8.43319225 1.76533389 3.9999997 ],cruising,[ 0.50568378 -0.03156594 -0.11489306]
14.32016110420227,1000,False,0,2,[ 5.40398866 -4.69428888  4.0000007 ],cruising,[-0.82138112 -0.19970136 -0.21083176]
14.32016110420227,1001,False,1,5,[-3.3305063  -2.71999321  3.99999927],cruising,[-0.48080528  0.59740651 -0.20557775]
14.32016110420227,1002,False,2,0,[1.93497375 7.33787293 3.99999981],exiting,[ 0.5677905  -0.59831228 -0.99408226]
14.32016110420227,1003,False,3,4,[-2.40266673  7.27959951  4.00000126],cruising,[ 0.63925976  0.24903542 -0.34837281]
14.32016110420227,1004,False,4,1,[-5.68756142  3.15561655  4.00000078],cruising,[-0.62185191  0.08809385  0.93462812]
14.32016110420227,1005,False,5,3,[8.44907248 1.56596534 3.99999975],cruising,[ 0.50568378 -0.03156594 -0.11489306]
14.408831357955933,1000,False,0,2,[ 5.23467285 -4.60146939  4.00000069],cruising,[-0.82138112 -0.19970136 -0.21083176]
14.408831357955933,1001,False,1,5,[-3.35356976 -2.56791829  3.99999926],cruising,[-0.48080528  0.59740651 -0.20557775]
14.408831357955933,1002,False,2,0,[1.96002016 7.43468552 3.99999985],exiting,[ 0.5677905  -0.59831228 -0.99408226]
14.408831357955933,1003,False,3,4,[-2.20269093  7.28271086  4.00000107],cruising,[ 0.63925976  0.24903542 -0.34837281]
14.408831357955933,1004,False,4,1,[-5.79246383  3.32589715  4.00000066],cruising,[-0.62185191  0.08809385  0.93462812]
14.408831357955933,1005,False,5,3,[8.46338911 1.36647841 3.99999978],cruising,[ 0.50568378 -0.03156594 -0.11489306]
14.518656492233276,1000,False,0,2,[ 5.06482853 -4.49586208  4.00000058],cruising,[-0.82138112 -0.19970136 -0.21083176]
14.518656492233276,1001,False,1,5,[-3.35810784 -2.40830612  3.99999927],cruising,[-0.48080528  0.59740651 -0.20557775]
14.518656492233276,1002,False,2,0,[1.98506657 7.53149811 3.99999988],exiting,[ 0.5677905  -0.59831228 -0.99408226]
14.518656492233276,1003,False,3,4,[-2.00323966  7.26790578  4.00000091],cruising,[ 0.63925976  0.24903542 -0.34837281]
14.518656492233276,1004,False,4,1,[-5.89379575  3.49832639  4.00000056],cruising,[-0.62185191  0.08809385  0.93462812]
14.518656492233276,1005,False,5,3,[8.47348753 1.16673352 3.99999982],cruising,[ 0.50568378 -0.03156594 -0.11489306]
14.616859912872314,1000,False,0,2,[ 4.89183398 -4.39549831  4.0000005 ],cruising,[-0.82138112 -0.19970136 -0.21083176]
14.616859912872314,1001,False,1,5,[-3.34444514 -2.2404035   3.99999931],cruising,[-0.48080528  0.59740651 -0.20557775]
14.616859912872314,1002,False,2,0,[2.01011298 7.6283107  3.99999991],exiting,[ 0.5677905  -0.59831228 -0.99408226]
14.616859912872314,1003,False,3,4,[-1.80616884  7.23380166  4.00000077],cruising,[ 0.63925976  0.24903542 -0.34837281]
14.616859912872314,1004,False,4,1,[-5.99093631  3.67315119  4.00000048],cruising,[-0.62185191  0.08809385  0.93462812]
14.616859912872314,1005,False,5,3,[8.48209872 0.96691899 3.99999984],cruising,[ 0.50568378 -0.03156594 -0.11489306]
14.716073036193848,1000,False,0,2,[ 4.71525362 -4.30158677  4.00000042],cruising,[-0.82138112 -0.19970136 -0.21083176]
14.716073036193848,1001,False,1,5,[-3.31362762 -2.06221925  3.99999938],cruising,[-0.48080528  0.59740651 -0.20557775]
14.716073036193848,1002,False,2,0,[2.03515938 7.72512329 3.99999993],exiting,[ 0.5677905  -0.59831228 -0.99408226]
14.716073036193848,1003,False,3,4,[-1.61274707  7.18292906  4.00000066],cruising,[ 0.63925976  0.24903542 -0.34837281]
14.716073036193848,1004,False,4,1,[-6.08310774  3.85064605  4.00000041],cruising,[-0.62185191  0.08809385  0.93462812]
14.716073036193848,1005,False,5,3,[8.48901434 0.76703859 3.99999987],cruising,[ 0.50568378 -0.03156594 -0.11489306]
14.816394090652466,1000,False,0,2,[ 4.5368731  -4.21114127  4.00000036],cruising,[-0.82138112 -0.19970136 -0.21083176]
14.816394090652466,1001,False,1,5,[-3.27123057 -1.86772811  3.99999947],cruising,[-0.48080528  0.59740651 -0.20557775]
14.816394090652466,1002,False,2,0,[2.06020579 7.82193588 3.99999995],exiting,[ 0.5677905  -0.59831228 -0.99408226]
14.816394090652466,1003,False,3,4,[-1.42359767  7.11794827  4.00000056],cruising,[ 0.63925976  0.24903542 -0.34837281]
14.816394090652466,1004,False,4,1,[-6.16616685  4.03258337  4.00000035],cruising,[-0.62185191  0.08809385  0.93462812]
14.816394090652466,1005,False,5,3,[8.49191371 0.56705961 3.99999989],cruising,[ 0.50568378 -0.03156594 -0.11489306]
14.915755033493042,1000,False,0,2,[ 4.35697487 -4.12375347  4.0000003 ],cruising,[-0.82138112 -0.19970136 -0.21083176]
14.915755033493042,1001,False,1,5,[-3.24455438 -1.66951514  3.99999955],cruising,[-0.48080528  0.59740651 -0.20557775]
14.915755033493042,1002,False,2,0,[2.0852522  7.91874847 3.99999996],exiting,[ 0.5677905  -0.59831228 -0.99408226]
14.915755033493042,1003,False,3,4,[-1.23881468  7.0414287   4.00000048],cruising,[ 0.63925976  0.24903542 -0.34837281]
14.915755033493042,1004,False,4,1,[-6.24197111  4.21766095  4.00000029],cruising,[-0.62185191  0.08809385  0.93462812]
14.915755033493042,1005,False,5,3,[8.49324657 0.36706405 3.9999999 ],cruising,[ 0.50568378 -0.03156594 -0.11489306]
15.009960412979126,1000,False,0,2,[ 4.17535795 -4.03999611  4.00000026],cruising,[-0.82138112 -0.19970136 -0.21083176]
15.009960412979126,1001,False,1,5,[-3.23429892 -1.46977825  3.99999962],cruising,[-0.48080528  0.59740651 -0.20557775]
15.009960412979126,1002,False,2,0,[2.1102986  8.01556106 3.99999997],exiting,[ 0.5677905  -0.59831228 -0.99408226]
15.009960412979126,1003,False,3,4,[-1.05811321  6.95571418  4.0000004 ],cruising,[ 0.63925976  0.24903542 -0.34837281]
15.009960412979126,1004,False,4,1,[-6.3087013   4.40620029  4.00000025],cruising,[-0.62185191  0.08809385  0.93462812]
15.009960412979126,1005,False,5,3,[8.49284332 0.16706445 3.99999992],cruising,[ 0.50568378 -0.03156594 -0.11489306]
15.1166672706604,1000,False,0,2,[ 3.99289249 -3.95810376  4.00000022],cruising,[-0.82138112 -0.19970136 -0.21083176]
15.1166672706604,1001,False,1,5,[-3.23988075 -1.26985616  3.99999967],cruising,[-0.48080528  0.59740651 -0.20557775]
15.1166672706604,1002,False,2,0,[2.13534501 8.11237365 3.99999998],exiting,[ 0.5677905  -0.59831228 -0.99408226]
15.1166672706604,1003,False,3,4,[-0.87973849  6.86525723  4.00000034],cruising,[ 0.63925976  0.24903542 -0.34837281]
15.1166672706604,1004,False,4,1,[-6.35784141  4.60006945  4.00000021],cruising,[-0.62185191  0.08809385  0.93462812]
15.1166672706604,1005,False,5,3,[ 8.48856219 -0.03288972  3.99999993],cruising,[ 0.50568378 -0.03156594 -0.11489306]
15.212400674819946,1000,False,0,2,[ 3.80939219 -3.87855731  4.00000019],cruising,[-0.82138112 -0.19970136 -0.21083176]
15.212400674819946,1001,False,1,5,[-3.25927647 -1.07079887  3.99999972],cruising,[-0.48080528  0.59740651 -0.20557775]
15.212400674819946,1002,False,2,0,[2.16039142 8.20918624 3.99999998],exiting,[ 0.5677905  -0.59831228 -0.99408226]
15.212400674819946,1003,False,3,4,[-0.70478003  6.7683576   4.00000029],cruising,[ 0.63925976  0.24903542 -0.34837281]
15.212400674819946,1004,False,4,1,[-6.39217674  4.79710012  4.00000018],cruising,[-0.62185191  0.08809385  0.93462812]
15.212400674819946,1005,False,5,3,[ 8.48264822 -0.23280226  3.99999994],cruising,[ 0.50568378 -0.03156594 -0.11489306]
15.317699670791626,1000,False,0,2,[ 3.62534703 -3.80027973  4.00000016],cruising,[-0.82138112 -0.19970136 -0.21083176]
15.317699670791626,1001,False,1,5,[-3.29222249 -0.87353113  3.99999976],cruising,[-0.48080528  0.59740651 -0.20557775]
15.317699670791626,1002,False,2,0,[2.18543782 8.30599883 3.99999999],exiting,[ 0.5677905  -0.59831228 -0.99408226]
15.317699670791626,1003,False,3,4,[-0.53246563  6.66683052  4.00000025],cruising,[ 0.63925976  0.24903542 -0.34837281]
15.317699670791626,1004,False,4,1,[-6.40660909  4.99609833  4.00000015],cruising,[-0.62185191  0.08809385  0.93462812]
15.317699670791626,1005,False,5,3,[ 8.47493694 -0.43265355  3.99999995],cruising,[ 0.50568378 -0.03156594 -0.11489306]
15.422403812408447,1000,False,0,2,[ 3.44062732 -3.7236075   4.00000014],cruising,[-0.82138112 -0.19970136 -0.21083176]
15.422403812408447,1001,False,1,5,[-3.3376096  -0.67874918  3.9999998 ],cruising,[-0.48080528  0.59740651 -0.20557775]
15.422403812408447,1002,False,2,0,[2.21048423 8.40281142 3.99999999],exiting,[ 0.5677905  -0.59831228 -0.99408226]
15.422403812408447,1003,False,3,4,[-0.36136612  6.56326915  4.00000021],cruising,[ 0.63925976  0.24903542 -0.34837281]
15.422403812408447,1004,False,4,1,[-6.40105606  5.19433186  4.00000013],cruising,[-0.62185191  0.08809385  0.93462812]
15.422403812408447,1005,False,5,3,[ 8.46529129 -0.63242082  3.99999996],cruising,[ 0.50568378 -0.03156594 -0.11489306]
15.520705699920654,1000,False,0,2,[ 3.25544133 -3.64806844  4.00000011],cruising,[-0.82138112 -0.19970136 -0.21083176]
15.520705699920654,1001,False,1,5,[-3.39446456 -0.48700061  3.99999983],cruising,[-0.48080528  0.59740651 -0.20557775]
15.520705699920654,1002,False,2,0,[2.23553064 8.49962401 4.        ],exiting,[ 0.5677905  -0.59831228 -0.99408226]
15.520705699920654,1003,False,3,4,[-0.19180177  6.45721289  4.00000018],cruising,[ 0.63925976  0.24903542 -0.34837281]
15.520705699920654,1004,False,4,1,[-6.37578819  5.38920013  4.0000001 ],cruising,[-0.62185191  0.08809385  0.93462812]
15.520705699920654,1005,False,5,3,[ 8.45153138 -0.83194692  3.99999996],cruising,[ 0.50568378 -0.03156594 -0.11489306]
15.60981297492981,1000,False,0,2,[ 3.06974705 -3.57378766  4.0000001 ],cruising,[-0.82138112 -0.19970136 -0.21083176]
15.60981297492981,1001,False,1,5,[-3.46013497 -0.29808952  3.99999986],cruising,[-0.48080528  0.59740651 -0.20557775]
15.60981297492981,1002,False,2,0,[2.26057704 8.5964366  4.        ],exiting,[ 0.5677905  -0.59831228 -0.99408226]
15.60981297492981,1003,False,3,4,[-0.02272751  6.35037706  4.00000015],cruising,[ 0.63925976  0.24903542 -0.34837281]
15.60981297492981,1004,False,4,1,[-6.33138051  5.57826599  4.00000008],cruising,[-0.62185191  0.08809385  0.93462812]
15.60981297492981,1005,False,5,3,[ 8.43592617 -1.03133718  3.99999997],cruising,[ 0.50568378 -0.03156594 -0.11489306]
15.720660924911499,1000,False,0,2,[ 2.88351847 -3.50085678  4.00000008],cruising,[-0.82138112 -0.19970136 -0.21083176]
15.720660924911499,1001,False,1,5,[-3.53607663 -0.11306827  3.99999988],cruising,[-0.48080528  0.59740651 -0.20557775]
15.720660924911499,1002,False,2,0,[2.28562345 8.69324918 4.        ],landing,[ 0.5677905  -0.59831228 -0.99408226]
15.720660924911499,1003,False,3,4,[0.14596597 6.24294098 4.00000013],cruising,[ 0.63925976  0.24903542 -0.34837281]
15.720660924911499,1004,False,4,1,[-6.26867595  5.7592557   4.00000006],cruising,[-0.62185191  0.08809385  0.93462812]
15.720660924911499,1005,False,5,3,[ 8.41829871 -1.23055885  3.99999997],cruising,[ 0.50568378 -0.03156594 -0.11489306]
15.822050094604492,1000,False,0,2,[ 2.69682543 -3.42912317  4.00000007],cruising,[-0.82138112 -0.19970136 -0.21083176]
15.822050094604492,1001,False,1,5,[-3.62262155  0.06723696  3.9999999 ],cruising,[-0.48080528  0.59740651 -0.20557775]
15.822050094604492,1002,False,2,0,[2.31015936 8.77556822 3.9862277 ],landing,[ 0.5677905  -0.59831228 -0.99408226]
15.822050094604492,1003,False,3,4,[0.31487849 6.13584961 4.00000011],cruising,[ 0.63925976  0.24903542 -0.34837281]
15.822050094604492,1004,False,4,1,[-6.18866617  5.930219    4.00000004],cruising,[-0.62185191  0.08809385  0.93462812]
15.822050094604492,1005,False,5,3,[ 8.39848872 -1.42957534  3.99999998],cruising,[ 0.50568378 -0.03156594 -0.11489306]
15.910295963287354,1000,False,0,2,[ 2.50942167 -3.35926739  4.00000006],cruising,[-0.82138112 -0.19970136 -0.21083176]
15.910295963287354,1001,False,1,5,[-3.71678597  0.2436826   3.99999991],cruising,[-0.48080528  0.59740651 -0.20557775]
15.910295963287354,1002,False,2,0,[2.33410598 8.84324042 3.95884941],landing,[ 0.5677905  -0.59831228 -0.99408226]
15.910295963287354,1003,False,3,4,[0.48427402 6.02952392 4.00000009],cruising,[ 0.63925976  0.24903542 -0.34837281]
15.910295963287354,1004,False,4,1,[-6.09264757  6.08919406  4.00000003],cruising,[-0.62185191  0.08809385  0.93462812]
15.910295963287354,1005,False,5,3,[ 8.37401933 -1.62807282  3.99999998],cruising,[ 0.50568378 -0.03156594 -0.11489306]
16.018014192581177,1000,False,0,2,[ 2.32116489 -3.29174419  4.00000005],cruising,[-0.82138112 -0.19970136 -0.21083176]
16.018014192581177,1001,False,1,5,[-3.81697515  0.41677832  3.99999992],cruising,[-0.48080528  0.59740651 -0.20557775]
16.018014192581177,1002,False,2,0,[2.35737043 8.89608749 3.91806402],landing,[ 0.5677905  -0.59831228 -0.99408226]
16.018014192581177,1003,False,3,4,[0.65479462 5.92501208 4.00000008],cruising,[ 0.63925976  0.24903542 -0.34837281]
16.018014192581177,1004,False,4,1,[-5.98158641  6.23498877  4.00000001],cruising,[-0.62185191  0.08809385  0.93462812]
16.018014192581177,1005,False,5,3,[ 8.34737247 -1.82628973  3.99999998],cruising,[ 0.50568378 -0.03156594 -0.11489306]
16.110718965530396,1000,False,0,2,[ 2.1323475  -3.22580485  4.00000004],cruising,[-0.82138112 -0.19970136 -0.21083176]
16.110718965530396,1001,False,1,5,[-3.92188043  0.58705715  3.99999994],cruising,[-0.48080528  0.59740651 -0.20557775]
16.110718965530396,1002,False,2,0,[2.37982696 8.93387243 3.8641455 ],landing,[ 0.5677905  -0.59831228 -0.99408226]
16.110718965530396,1003,False,3,4,[0.82642673 5.8223358  4.00000007],cruising,[ 0.63925976  0.24903542 -0.34837281]
16.110718965530396,1004,False,4,1,[-5.8563821   6.36664237  4.        ],cruising,[-0.62185191  0.08809385  0.93462812]
16.110718965530396,1005,False,5,3,[ 8.31831402 -2.02416749  3.99999999],cruising,[ 0.50568378 -0.03156594 -0.11489306]
16.21567416191101,1000,False,0,2,[ 1.94236213 -3.1633104   4.00000004],cruising,[-0.82138112 -0.19970136 -0.21083176]
16.21567416191101,1001,False,1,5,[-4.03148313  0.75435105  3.99999995],cruising,[-0.48080528  0.59740651 -0.20557775]
16.21567416191101,1002,False,2,0,[2.40135919 8.95638036 3.79735224],landing,[ 0.5677905  -0.59831228 -0.99408226]
16.21567416191101,1003,False,3,4,[1.00009626 5.72314459 4.00000006],cruising,[ 0.63925976  0.24903542 -0.34837281]
16.21567416191101,1004,False,4,1,[-5.71788975  6.48334846  3.99999999],cruising,[-0.62185191  0.08809385  0.93462812]
16.21567416191101,1005,False,5,3,[ 8.28394761 -2.22119274  3.99999999],cruising,[ 0.50568378 -0.03156594 -0.11489306]
16.315852403640747,1000,False,0,2,[ 1.75102771 -3.10507689  4.00000003],cruising,[-0.82138112 -0.19970136 -0.21083176]
16.315852403640747,1001,False,1,5,[-4.14340211  0.92010431  3.99999995],cruising,[-0.48080528  0.59740651 -0.20557775]
16.315852403640747,1002,False,2,0,[2.42186427 8.96342493 3.71791662],landing,[ 0.5677905  -0.59831228 -0.99408226]
16.315852403640747,1003,False,3,4,[1.1753857  5.626845   4.00000005],cruising,[ 0.63925976  0.24903542 -0.34837281]
16.315852403640747,1004,False,4,1,[-5.56688786  6.58444969  3.99999998],cruising,[-0.62185191  0.08809385  0.93462812]
16.315852403640747,1005,False,5,3,[ 8.24700956 -2.4177521   3.99999999],cruising,[ 0.50568378 -0.03156594 -0.11489306]
16.41921043395996,1000,False,0,2,[ 1.55815028 -3.05217796  4.00000003],cruising,[-0.82138112 -0.19970136 -0.21083176]
16.41921043395996,1001,False,1,5,[-4.25704971  1.08467716  3.99999996],cruising,[-0.48080528  0.59740651 -0.20557775]
16.41921043395996,1002,False,2,0,[2.44123713 8.9548193  3.62607981],landing,[ 0.5677905  -0.59831228 -0.99408226]
16.41921043395996,1003,False,3,4,[1.35252906 5.5339998  4.00000004],cruising,[ 0.63925976  0.24903542 -0.34837281]
16.41921043395996,1004,False,4,1,[-5.40404189  6.66943517  3.99999998],cruising,[-0.62185191  0.08809385  0.93462812]
16.41921043395996,1005,False,5,3,[ 8.20419711 -2.6131161   3.99999999],cruising,[ 0.50568378 -0.03156594 -0.11489306]
16.52056622505188,1000,False,0,2,[ 1.36353897 -3.00606462  4.00000002],cruising,[-0.82138112 -0.19970136 -0.21083176]
16.52056622505188,1001,False,1,5,[-4.37151599  1.24868164  3.99999997],cruising,[-0.48080528  0.59740651 -0.20557775]
16.52056622505188,1002,False,2,0,[2.46008276 8.93947942 3.52907708],landing,[ 0.5677905  -0.59831228 -0.99408226]
16.52056622505188,1003,False,3,4,[1.53271834 5.44721372 4.00000004],cruising,[ 0.63925976  0.24903542 -0.34837281]
16.52056622505188,1004,False,4,1,[-5.22984876  6.73795122  3.99999998],cruising,[-0.62185191  0.08809385  0.93462812]
16.52056622505188,1005,False,5,3,[ 8.15842283 -2.80780744  3.99999999],cruising,[ 0.50568378 -0.03156594 -0.11489306]
16.62011408805847,1000,False,0,2,[ 1.16705187 -2.96874416  4.00000002],cruising,[-0.82138112 -0.19970136 -0.21083176]
16.62011408805847,1001,False,1,5,[-4.4870399   1.41194286  3.99999997],cruising,[-0.48080528  0.59740651 -0.20557775]
16.62011408805847,1002,False,2,0,[2.47892839 8.92413954 3.43207434],landing,[ 0.5677905  -0.59831228 -0.99408226]
16.62011408805847,1003,False,3,4,[1.71503221 5.36498445 4.00000003],cruising,[ 0.63925976  0.24903542 -0.34837281]
16.62011408805847,1004,False,4,1,[-5.04450973  6.78986098  3.99999998],cruising,[-0.62185191  0.08809385  0.93462812]
16.62011408805847,1005,False,5,3,[ 8.10575423 -3.00074789  3.99999999],cruising,[ 0.50568378 -0.03156594 -0.11489306]
16.72032117843628,1000,False,0,2,[ 0.96797623 -2.94953769  4.00000002],cruising,[-0.82138112 -0.19970136 -0.21083176]
16.72032117843628,1001,False,1,5,[-4.60318229  1.57476468  3.99999998],cruising,[-0.48080528  0.59740651 -0.20557775]
16.72032117843628,1002,False,2,0,[2.49777401 8.90879966 3.33507161],landing,[ 0.5677905  -0.59831228 -0.99408226]
16.72032117843628,1003,False,3,4,[1.89961641 5.28798658 4.00000003],cruising,[ 0.63925976  0.24903542 -0.34837281]
16.72032117843628,1004,False,4,1,[-4.84786168  6.82632388  3.99999998],cruising,[-0.62185191  0.08809385  0.93462812]
16.72032117843628,1005,False,5,3,[ 8.04947532 -3.19266632  3.99999999],cruising,[ 0.50568378 -0.03156594 -0.11489306]
16.810563564300537,1000,False,0,2,[ 0.76807793 -2.94316021  4.00000001],cruising,[-0.82138112 -0.19970136 -0.21083176]
16.810563564300537,1001,False,1,5,[-4.71956361  1.73741581  3.99999998],cruising,[-0.48080528  0.59740651 -0.20557775]
16.810563564300537,1002,False,2,0,[2.51661964 8.89345979 3.23806887],landing,[ 0.5677905  -0.59831228 -0.99408226]
16.810563564300537,1003,False,3,4,[2.08765231 5.21985069 4.00000002],cruising,[ 0.63925976  0.24903542 -0.34837281]
16.810563564300537,1004,False,4,1,[-4.6516436   6.86503387  3.99999998],cruising,[-0.62185191  0.08809385  0.93462812]
16.810563564300537,1005,False,5,3,[ 7.98466589 -3.38187451  4.        ],cruising,[ 0.50568378 -0.03156594 -0.11489306]
16.908824920654297,1000,False,0,2,[ 0.56828096 -2.95216961  4.00000001],cruising,[-0.82138112 -0.19970136 -0.21083176]
16.908824920654297,1001,False,1,5,[-4.83584744  1.90013665  3.99999998],cruising,[-0.48080528  0.59740651 -0.20557775]
16.908824920654297,1002,False,2,0,[2.53546527 8.87811991 3.14106614],landing,[ 0.5677905  -0.59831228 -0.99408226]
16.908824920654297,1003,False,3,4,[2.27822801 5.15918024 4.00000002],cruising,[ 0.63925976  0.24903542 -0.34837281]
16.908824920654297,1004,False,4,1,[-4.4562827   6.90786051  3.99999999],cruising,[-0.62185191  0.08809385  0.93462812]
16.908824920654297,1005,False,5,3,[ 7.91526496 -3.56944719  4.        ],cruising,[ 0.50568378 -0.03156594 -0.11489306]
17.0094997882843,1000,False,0,2,[ 0.36970961 -2.97603213  4.00000001],cruising,[-0.82138112 -0.19970136 -0.21083176]
17.0094997882843,1001,False,1,5,[-4.95172641  2.06314604  3.99999999],cruising,[-0.48080528  0.59740651 -0.20557775]
17.0094997882843,1002,False,2,0,[2.55431089 8.86278003 3.0440634 ],landing,[ 0.5677905  -0.59831228 -0.99408226]
17.0094997882843,1003,False,3,4,[2.47184302 5.10904812 4.00000002],cruising,[ 0.63925976  0.24903542 -0.34837281]
17.0094997882843,1004,False,4,1,[-4.26149965  6.9532429   3.99999999],cruising,[-0.62185191  0.08809385  0.93462812]
17.0094997882843,1005,False,5,3,[ 7.83480677 -3.75254956  4.        ],cruising,[ 0.50568378 -0.03156594 -0.11489306]
17.1202175617218,1000,False,0,2,[ 0.17334786 -3.01400664  4.00000001],cruising,[-0.82138112 -0.19970136 -0.21083176]
17.1202175617218,1001,False,1,5,[-5.06729841  2.22637323  3.99999999],cruising,[-0.48080528  0.59740651 -0.20557775]
17.1202175617218,1002,False,2,0,[2.57315652 8.84744015 2.94706067],landing,[ 0.5677905  -0.59831228 -0.99408226]
17.1202175617218,1003,False,3,4,[2.66756503 5.06790336 4.00000001],cruising,[ 0.63925976  0.24903542 -0.34837281]
17.1202175617218,1004,False,4,1,[-4.06699466  6.99980266  3.99999999],cruising,[-0.62185191  0.08809385  0.93462812]
17.1202175617218,1005,False,5,3,[ 7.74179078 -3.9296033   4.        ],cruising,[ 0.50568378 -0.03156594 -0.11489306]
17.214795351028442,1000,False,0,2,[-0.02001987 -3.06508424  4.00000001],cruising,[-0.82138112 -0.19970136 -0.21083176]
17.214795351028442,1001,False,1,5,[-5.18194029  2.39025501  3.99999999],cruising,[-0.48080528  0.59740651 -0.20557775]
17.214795351028442,1002,False,2,0,[2.59200215 8.83210027 2.85005793],landing,[ 0.5677905  -0.59831228 -0.99408226]
17.214795351028442,1003,False,3,4,[2.86471605 5.03426594 4.00000001],cruising,[ 0.63925976  0.24903542 -0.34837281]
17.214795351028442,1004,False,4,1,[-3.87248798  7.0463553   3.99999999],cruising,[-0.62185191  0.08809385  0.93462812]
17.214795351028442,1005,False,5,3,[ 7.63414601 -4.09816369  4.        ],cruising,[ 0.50568378 -0.03156594 -0.11489306]
17.316509008407593,1000,False,0,2,[-0.20868797 -3.1314495   4.00000001],cruising,[-0.82138112 -0.19970136 -0.21083176]
17.316509008407593,1001,False,1,5,[-5.29535189  2.55499059  3.99999999],cruising,[-0.48080528  0.59740651 -0.20557775]
17.316509008407593,1002,False,2,0,[2.61084777 8.81676039 2.7530552 ],landing,[ 0.5677905  -0.59831228 -0.99408226]
17.316509008407593,1003,False,3,4,[3.06281755 5.00677416 4.00000001],cruising,[ 0.63925976  0.24903542 -0.34837281]
17.316509008407593,1004,False,4,1,[-3.67719137  7.08947417  3.99999999],cruising,[-0.62185191  0.08809385  0.93462812]
17.316509008407593,1005,False,5,3,[ 7.51023885 -4.25508213  4.        ],cruising,[ 0.50568378 -0.03156594 -0.11489306]
17.410714149475098,1000,False,0,2,[-0.39394067 -3.20682479  4.00000001],cruising,[-0.82138112 -0.19970136 -0.21083176]
17.410714149475098,1001,False,1,5,[-5.40722133  2.72077728  3.99999999],cruising,[-0.48080528  0.59740651 -0.20557775]
17.410714149475098,1002,False,2,0,[2.6296934  8.80142051 2.65605247],landing,[ 0.5677905  -0.59831228 -0.99408226]
17.410714149475098,1003,False,3,4,[3.26153979 4.98420267 4.00000001],cruising,[ 0.63925976  0.24903542 -0.34837281]
17.410714149475098,1004,False,4,1,[-3.48157708  7.13112811  3.99999999],cruising,[-0.62185191  0.08809385  0.93462812]
17.410714149475098,1005,False,5,3,[ 7.37207695 -4.39797196  4.        ],cruising,[ 0.50568378 -0.03156594 -0.11489306]
17.51130771636963,1000,False,0,2,[-0.57508146 -3.29160696  4.        ],cruising,[-0.82138112 -0.19970136 -0.21083176]
17.51130771636963,1001,False,1,5,[-5.51721193  2.8878164   3.99999999],cruising,[-0.48080528  0.59740651 -0.20557775]
17.51130771636963,1002,False,2,0,[2.64853903 8.78608063 2.55904973],landing,[ 0.5677905  -0.59831228 -0.99408226]
17.51130771636963,1003,False,3,4,[3.46065983 4.9654621  4.00000001],cruising,[ 0.63925976  0.24903542 -0.34837281]
17.51130771636963,1004,False,4,1,[-3.28547591  7.17042606  3.99999999],cruising,[-0.62185191  0.08809385  0.93462812]
17.51130771636963,1005,False,5,3,[ 7.22145503 -4.52521736  4.        ],cruising,[ 0.50568378 -0.03156594 -0.11489306]
17.61952829360962,1000,False,0,2,[-0.753627   -3.38172627  4.        ],cruising,[-0.82138112 -0.19970136 -0.21083176]
17.61952829360962,1001,False,1,5,[-5.62611405  3.05556719  3.99999999],cruising,[-0.48080528  0.59740651 -0.20557775]
17.61952829360962,1002,False,2,0,[2.66738465 8.77074075 2.462047  ],landing,[ 0.5677905  -0.59831228 -0.99408226]
17.61952829360962,1003,False,3,4,[3.6600289  4.9495884  4.00000001],cruising,[ 0.63925976  0.24903542 -0.34837281]
17.61952829360962,1004,False,4,1,[-3.08830768  7.20396242  4.        ],cruising,[-0.62185191  0.08809385  0.93462812]
17.61952829360962,1005,False,5,3,[ 7.0607653  -4.63518158  4.        ],cruising,[ 0.50568378 -0.03156594 -0.11489306]
17.719218730926514,1000,False,0,2,[-0.9316976  -3.47278043  4.        ],cruising,[-0.82138112 -0.19970136 -0.21083176]
17.719218730926514,1001,False,1,5,[-5.73229527  3.22505332  4.        ],cruising,[-0.48080528  0.59740651 -0.20557775]
17.719218730926514,1002,False,2,0,[2.68623028 8.75540088 2.36504426],landing,[ 0.5677905  -0.59831228 -0.99408226]
17.719218730926514,1003,False,3,4,[3.85954796 4.93572682 4.00000001],cruising,[ 0.63925976  0.24903542 -0.34837281]
17.719218730926514,1004,False,4,1,[-2.89055936  7.23388904  4.        ],cruising,[-0.62185191  0.08809385  0.93462812]
17.719218730926514,1005,False,5,3,[ 6.89215456 -4.72678123  4.        ],cruising,[ 0.50568378 -0.03156594 -0.11489306]
17.820010900497437,1000,False,0,2,[-1.11268812 -3.55788292  4.        ],cruising,[-0.82138112 -0.19970136 -0.21083176]
17.820010900497437,1001,False,1,5,[-5.83528635  3.39649672  4.        ],cruising,[-0.48080528  0.59740651 -0.20557775]
17.820010900497437,1002,False,2,0,[2.7050759  8.740061   2.26804153],landing,[ 0.5677905  -0.59831228 -0.99408226]
17.820010900497437,1003,False,3,4,[4.05914984 4.92311381 4.        ],cruising,[ 0.63925976  0.24903542 -0.34837281]
17.820010900497437,1004,False,4,1,[-2.69182377  7.25634272  4.        ],cruising,[-0.62185191  0.08809385  0.93462812]
17.820010900497437,1005,False,5,3,[ 6.71749951 -4.79931608  4.        ],cruising,[ 0.50568378 -0.03156594 -0.11489306]
17.91547918319702,1000,False,0,2,[-1.3005429  -3.62651659  4.        ],cruising,[-0.82138112 -0.19970136 -0.21083176]
17.91547918319702,1001,False,1,5,[-5.93451752  3.57014341  4.        ],cruising,[-0.48080528  0.59740651 -0.20557775]
17.91547918319702,1002,False,2,0,[2.72392153 8.72472112 2.17103879],landing,[ 0.5677905  -0.59831228 -0.99408226]
17.91547918319702,1003,False,3,4,[4.25878619 4.91105856 4.        ],cruising,[ 0.63925976  0.24903542 -0.34837281]
17.91547918319702,1004,False,4,1,[-2.49256949  7.27359754  4.        ],cruising,[-0.62185191  0.08809385  0.93462812]
17.91547918319702,1005,False,5,3,[ 6.53896425 -4.85223095  4.        ],cruising,[ 0.50568378 -0.03156594 -0.11489306]
18.013172388076782,1000,False,0,2,[-1.49373709 -3.67587616  4.        ],cruising,[-0.82138112 -0.19970136 -0.21083176]
18.013172388076782,1001,False,1,5,[-6.02928646  3.7462651   4.        ],cruising,[-0.48080528  0.59740651 -0.20557775]
18.013172388076782,1002,False,2,0,[2.74276716 8.70938124 2.07403606],landing,[ 0.5677905  -0.59831228 -0.99408226]
18.013172388076782,1003,False,3,4,[4.4584134 4.8988529 4.       ],cruising,[ 0.63925976  0.24903542 -0.34837281]
18.013172388076782,1004,False,4,1,[-2.29269647  7.2807235   4.        ],cruising,[-0.62185191  0.08809385  0.93462812]
18.013172388076782,1005,False,5,3,[ 6.35881584 -4.88521097  4.        ],cruising,[ 0.50568378 -0.03156594 -0.11489306]
18.117950439453125,1000,False,0,2,[-1.6892661  -3.70537248  4.        ],cruising,[-0.82138112 -0.19970136 -0.21083176]
18.117950439453125,1001,False,1,5,[-6.1187155   3.92515737  4.        ],cruising,[-0.48080528  0.59740651 -0.20557775]
18.117950439453125,1002,False,2,0,[2.76161278 8.69404136 1.97703333],landing,[ 0.5677905  -0.59831228 -0.99408226]
18.117950439453125,1003,False,3,4,[4.65801928 4.88630331 4.        ],cruising,[ 0.63925976  0.24903542 -0.34837281]
18.117950439453125,1004,False,4,1,[-2.0928325   7.27334835  4.        ],cruising,[-0.62185191  0.08809385  0.93462812]
18.117950439453125,1005,False,5,3,[ 6.17867059 -4.898191    4.        ],cruising,[ 0.50568378 -0.03156594 -0.11489306]
18.219193696975708,1000,False,0,2,[-1.88386986 -3.71489021  4.        ],cruising,[-0.82138112 -0.19970136 -0.21083176]
18.219193696975708,1001,False,1,5,[-6.20169446  4.10713125  4.        ],cruising,[-0.48080528  0.59740651 -0.20557775]
18.219193696975708,1002,False,2,0,[2.78045841 8.67870148 1.88003059],landing,[ 0.5677905  -0.59831228 -0.99408226]
18.219193696975708,1003,False,3,4,[4.85755934 4.87274736 4.        ],cruising,[ 0.63925976  0.24903542 -0.34837281]
18.219193696975708,1004,False,4,1,[-1.89467488  7.24626411  4.        ],cruising,[-0.62185191  0.08809385  0.93462812]
18.219193696975708,1005,False,5,3,[ 5.99942337 -4.8911912   4.        ],cruising,[ 0.50568378 -0.03156594 -0.11489306]
18.3089497089386,1000,False,0,2,[-2.07452716 -3.70480117  4.        ],cruising,[-0.82138112 -0.19970136 -0.21083176]
18.3089497089386,1001,False,1,5,[-6.27255802  4.29415627  4.        ],cruising,[-0.48080528  0.59740651 -0.20557775]
18.3089497089386,1002,False,2,0,[2.79930404 8.6633616  1.78302786],landing,[ 0.5677905  -0.59831228 -0.99408226]
18.3089497089386,1003,False,3,4,[5.05698116 4.85755069 4.        ],cruising,[ 0.63925976  0.24903542 -0.34837281]
18.3089497089386,1004,False,4,1,[-1.69968942  7.20175939  4.        ],cruising,[-0.62185191  0.08809385  0.93462812]
18.3089497089386,1005,False,5,3,[ 5.82225253 -4.86429947  4.        ],cruising,[ 0.50568378 -0.03156594 -0.11489306]
18.414157390594482,1000,False,0,2,[-2.25863553 -3.67581474  4.        ],cruising,[-0.82138112 -0.19970136 -0.21083176]
18.414157390594482,1001,False,1,5,[-6.3335634   4.48462501  4.        ],exiting,[-0.48080528  0.59740651 -0.20557775]
18.414157390594482,1002,False,2,0,[2.81814966 8.64802172 1.68602512],landing,[ 0.5677905  -0.59831228 -0.99408226]
18.414157390594482,1003,False,3,4,[5.25621722 4.84008664 4.        ],cruising,[ 0.63925976  0.24903542 -0.34837281]
18.414157390594482,1004,False,4,1,[-1.50871169  7.14236658  4.        ],cruising,[-0.62185191  0.08809385  0.93462812]
18.414157390594482,1005,False,5,3,[ 5.64765136 -4.81757351  4.        ],cruising,[ 0.50568378 -0.03156594 -0.11489306]
18.51575541496277,1000,False,0,2,[-2.4338491  -3.62891512  4.        ],cruising,[-0.82138112 -0.19970136 -0.21083176]
18.51575541496277,1001,False,1,5,[-6.39424633  4.65509636  4.        ],exiting,[-0.48080528  0.59740651 -0.20557775]
18.51575541496277,1002,False,2,0,[2.83699529 8.63268184 1.58902239],landing,[ 0.5677905  -0.59831228 -0.99408226]
18.51575541496277,1003,False,3,4,[5.45517719 4.81971688 4.        ],cruising,[ 0.63925976  0.24903542 -0.34837281]
18.51575541496277,1004,False,4,1,[-1.32053754  7.07461342  4.        ],cruising,[-0.62185191  0.08809385  0.93462812]
18.51575541496277,1005,False,5,3,[ 5.47631432 -4.75111572  4.        ],cruising,[ 0.50568378 -0.03156594 -0.11489306]
18.61535334587097,1000,False,0,2,[-2.59805815 -3.56531517  4.        ],cruising,[-0.82138112 -0.19970136 -0.21083176]
18.61535334587097,1001,False,1,5,[-6.45482832  4.80556796  4.        ],exiting,[-0.48080528  0.59740651 -0.20557775]
18.61535334587097,1002,False,2,0,[2.85584092 8.61734197 1.49201965],fake_landed,[ 0.5677905  -0.59831228 -0.99408226]
18.61535334587097,1003,False,3,4,[5.65394507 4.79755089 4.        ],cruising,[ 0.63925976  0.24903542 -0.34837281]
18.61535334587097,1004,False,4,1,[-1.13693664  6.99529943  4.        ],cruising,[-0.62185191  0.08809385  0.93462812]
18.61535334587097,1005,False,5,3,[ 5.30794198 -4.66487888  4.        ],cruising,[ 0.50568378 -0.03156594 -0.11489306]
18.7201144695282,1000,False,0,2,[-2.74949229 -3.48632688  4.        ],cruising,[-0.82138112 -0.19970136 -0.21083176]
18.7201144695282,1001,False,1,5,[-6.51562077  4.93604067  4.        ],exiting,[-0.48080528  0.59740651 -0.20557775]
18.7201144695282,1002,False,2,0,[2.87091742 8.60507006 1.41441747],fake_landed,[ 0.5677905  -0.59831228 -0.99408226]
18.7201144695282,1003,False,3,4,[5.85218545 4.77107917 4.        ],cruising,[ 0.63925976  0.24903542 -0.34837281]
18.7201144695282,1004,False,4,1,[-0.95750269  6.90696225  4.        ],cruising,[-0.62185191  0.08809385  0.93462812]
18.7201144695282,1005,False,5,3,[ 5.1418117  -4.55876811  4.        ],cruising,[ 0.50568378 -0.03156594 -0.11489306]
18.817842960357666,1000,False,0,2,[-2.88660587 -3.39337714  4.        ],cruising,[-0.82138112 -0.19970136 -0.21083176]
18.817842960357666,1001,False,1,5,[-6.57695509  5.04652072  4.        ],exiting,[-0.48080528  0.59740651 -0.20557775]
18.817842960357666,1002,False,2,0,[2.88222479 8.59586614 1.35621583],fake_landed,[ 0.5677905  -0.59831228 -0.99408226]
18.817842960357666,1003,False,3,4,[6.04968419 4.7395475  4.        ],cruising,[ 0.63925976  0.24903542 -0.34837281]
18.817842960357666,1004,False,4,1,[-0.78160698  6.81177455  4.        ],cruising,[-0.62185191  0.08809385  0.93462812]
18.817842960357666,1005,False,5,3,[ 4.97160653 -4.45374334  4.        ],cruising,[ 0.50568378 -0.03156594 -0.11489306]
18.915897607803345,1000,False,0,2,[-3.0080254  -3.28802995  4.        ],cruising,[-0.82138112 -0.19970136 -0.21083176]
18.915897607803345,1001,False,1,5,[-6.63914357  5.13701902  4.        ],exiting,[-0.48080528  0.59740651 -0.20557775]
18.915897607803345,1002,False,2,0,[2.88976304 8.58973018 1.31741473],fake_landed,[ 0.5677905  -0.59831228 -0.99408226]
18.915897607803345,1003,False,3,4,[6.24615093 4.70211997 4.        ],cruising,[ 0.63925976  0.24903542 -0.34837281]
18.915897607803345,1004,False,4,1,[-0.60754285  6.71327743  4.        ],cruising,[-0.62185191  0.08809385  0.93462812]
18.915897607803345,1005,False,5,3,[ 4.79823185 -4.35403767  4.        ],cruising,[ 0.50568378 -0.03156594 -0.11489306]
19.01000666618347,1000,False,0,2,[-3.11259115 -3.17191475  4.        ],cruising,[-0.82138112 -0.19970136 -0.21083176]
19.01000666618347,1001,False,1,5,[-6.70208822  5.2147234   4.        ],exiting,[-0.48080528  0.59740651 -0.20557775]
19.01000666618347,1002,False,2,0,[2.89353217 8.58666221 1.29801418],fake_landed,[ 0.5677905  -0.59831228 -0.99408226]
19.01000666618347,1003,False,3,4,[6.44119268 4.65786259 4.        ],cruising,[ 0.63925976  0.24903542 -0.34837281]
19.01000666618347,1004,False,4,1,[-0.43600866  6.61043765  4.        ],cruising,[-0.62185191  0.08809385  0.93462812]
19.01000666618347,1005,False,5,3,[ 4.62140223 -4.26059633  4.        ],cruising,[ 0.50568378 -0.03156594 -0.11489306]
19.122806072235107,1000,False,0,2,[-3.19930398 -3.04678439  4.        ],cruising,[-0.82138112 -0.19970136 -0.21083176]
19.122806072235107,1001,False,1,5,[-6.76503287  5.29242779  4.        ],exiting,[-0.48080528  0.59740651 -0.20557775]
19.122806072235107,1002,False,0,6,[2.89353217 8.58666221 1.29801418],waiting,[ 0.5677905  -0.59831228 -0.99408226]
19.122806072235107,1003,False,3,4,[6.63427875 4.60573035 4.        ],cruising,[ 0.63925976  0.24903542 -0.34837281]
19.122806072235107,1004,False,4,1,[-0.26618541  6.50479645  4.        ],cruising,[-0.62185191  0.08809385  0.93462812]
19.122806072235107,1005,False,5,3,[ 4.44277374 -4.17064155  4.        ],cruising,[ 0.50568378 -0.03156594 -0.11489306]
19.211374282836914,1000,False,0,2,[-3.26784726 -2.91329535  4.        ],cruising,[-0.82138112 -0.19970136 -0.21083176]
19.211374282836914,1001,False,1,5,[-6.82797752  5.37013217  4.        ],exiting,[-0.48080528  0.59740651 -0.20557775]
19.211374282836914,1002,False,0,6,[2.89353217 8.58666221 1.29801418],waiting,[ 0.5677905  -0.59831228 -0.99408226]
19.211374282836914,1003,False,3,4,[6.82469517 4.54456182 4.        ],cruising,[ 0.63925976  0.24903542 -0.34837281]
19.211374282836914,1004,False,4,1,[-0.09696135  6.39819805  4.        ],cruising,[-0.62185191  0.08809385  0.93462812]
19.211374282836914,1005,False,5,3,[ 4.26210311 -4.08486205  4.        ],cruising,[ 0.50568378 -0.03156594 -0.11489306]
19.317553520202637,1000,False,0,2,[-3.31800047 -2.77194468  4.        ],cruising,[-0.82138112 -0.19970136 -0.21083176]
19.317553520202637,1001,False,1,5,[-6.89092217  5.44783655  4.        ],exiting,[-0.48080528  0.59740651 -0.20557775]
19.317553520202637,1002,False,0,6,[2.89353217 8.58666221 1.29801418],waiting,[ 0.5677905  -0.59831228 -0.99408226]
19.317553520202637,1003,False,3,4,[7.01148776 4.47308785 4.        ],cruising,[ 0.63925976  0.24903542 -0.34837281]
19.317553520202637,1004,False,4,1,[0.07168279 6.29068454 4.        ],cruising,[-0.62185191  0.08809385  0.93462812]
19.317553520202637,1005,False,5,3,[ 4.08043369 -4.00121862  4.        ],cruising,[ 0.50568378 -0.03156594 -0.11489306]
19.4111430644989,1000,False,0,2,[-3.34961682 -2.62308502  4.        ],cruising,[-0.82138112 -0.19970136 -0.21083176]
19.4111430644989,1001,False,1,5,[-6.95386682  5.52554094  4.        ],exiting,[-0.48080528  0.59740651 -0.20557775]
19.4111430644989,1002,False,0,6,[2.89353217 8.58666221 1.29801418],waiting,[ 0.5677905  -0.59831228 -0.99408226]
19.4111430644989,1003,False,3,4,[7.19339571 4.38996447 4.        ],cruising,[ 0.63925976  0.24903542 -0.34837281]
19.4111430644989,1004,False,4,1,[0.24042611 6.18332678 4.        ],cruising,[-0.62185191  0.08809385  0.93462812]
19.4111430644989,1005,False,5,3,[ 3.89754104 -3.92028482  4.        ],cruising,[ 0.50568378 -0.03156594 -0.11489306]
19.51381754875183,1000,False,0,2,[-3.36265362 -2.46682262  4.        ],cruising,[-0.82138112 -0.19970136 -0.21083176]
19.51381754875183,1001,False,1,5,[-7.01681147  5.60324532  4.        ],exiting,[-0.48080528  0.59740651 -0.20557775]
19.51381754875183,1002,False,0,6,[2.89353217 8.58666221 1.29801418],waiting,[ 0.5677905  -0.59831228 -0.99408226]
19.51381754875183,1003,False,3,4,[7.3687832  4.29384356 4.        ],cruising,[ 0.63925976  0.24903542 -0.34837281]
19.51381754875183,1004,False,4,1,[0.40952532 6.07653044 4.        ],cruising,[-0.62185191  0.08809385  0.93462812]
19.51381754875183,1005,False,5,3,[ 3.71403784 -3.84074504  4.        ],cruising,[ 0.50568378 -0.03156594 -0.11489306]
19.610015153884888,1000,False,0,2,[-3.35729493 -2.3027113   4.        ],cruising,[-0.82138112 -0.19970136 -0.21083176]
19.610015153884888,1001,False,1,5,[-7.07975612  5.6809497   4.        ],exiting,[-0.48080528  0.59740651 -0.20557775]
19.610015153884888,1002,False,0,6,[2.89353217 8.58666221 1.29801418],waiting,[ 0.5677905  -0.59831228 -0.99408226]
19.610015153884888,1003,False,3,4,[7.53347938 4.1808201  4.        ],cruising,[ 0.63925976  0.24903542 -0.34837281]
19.610015153884888,1004,False,4,1,[0.57954973 5.97121329 4.        ],cruising,[-0.62185191  0.08809385  0.93462812]
19.610015153884888,1005,False,5,3,[ 3.52975537 -3.7630278   4.        ],cruising,[ 0.50568378 -0.03156594 -0.11489306]
19.7097589969635,1000,False,0,2,[-3.33412632 -2.12950015  4.        ],cruising,[-0.82138112 -0.19970136 -0.21083176]
19.7097589969635,1001,False,1,5,[-7.14270077  5.75865408  4.        ],exiting,[-0.48080528  0.59740651 -0.20557775]
19.7097589969635,1002,False,0,6,[2.89353217 8.58666221 1.29801418],waiting,[ 0.5677905  -0.59831228 -0.99408226]
19.7097589969635,1003,False,3,4,[7.68604722 4.05189371 4.        ],cruising,[ 0.63925976  0.24903542 -0.34837281]
19.7097589969635,1004,False,4,1,[0.75057159 5.86752375 4.        ],cruising,[-0.62185191  0.08809385  0.93462812]
19.7097589969635,1005,False,5,3,[ 3.34499378 -3.68645655  4.        ],cruising,[ 0.50568378 -0.03156594 -0.11489306]
19.81847357749939,1000,False,0,2,[-3.29539391 -1.94372841  4.        ],cruising,[-0.82138112 -0.19970136 -0.21083176]
19.81847357749939,1001,False,1,5,[-7.20564542  5.83635847  4.        ],exiting,[-0.48080528  0.59740651 -0.20557775]
19.81847357749939,1002,False,0,6,[2.89353217 8.58666221 1.29801418],waiting,[ 0.5677905  -0.59831228 -0.99408226]
19.81847357749939,1003,False,3,4,[7.82491787 3.90839382 4.        ],cruising,[ 0.63925976  0.24903542 -0.34837281]
19.81847357749939,1004,False,4,1,[0.92345912 5.76697574 4.        ],cruising,[-0.62185191  0.08809385  0.93462812]
19.81847357749939,1005,False,5,3,[ 3.15968891 -3.6112096   4.        ],cruising,[ 0.50568378 -0.03156594 -0.11489306]
19.91862416267395,1000,False,0,2,[-3.26093145 -1.74671994  4.        ],cruising,[-0.82138112 -0.19970136 -0.21083176]
19.91862416267395,1001,False,1,5,[-7.26859007  5.91406285  4.        ],exiting,[-0.48080528  0.59740651 -0.20557775]
19.91862416267395,1002,False,0,6,[2.89353217 8.58666221 1.29801418],waiting,[ 0.5677905  -0.59831228 -0.99408226]
19.91862416267395,1003,False,3,4,[7.94823894 3.75231575 4.        ],cruising,[ 0.63925976  0.24903542 -0.34837281]
19.91862416267395,1004,False,4,1,[1.09787376 5.66910065 4.        ],cruising,[-0.62185191  0.08809385  0.93462812]
19.91862416267395,1005,False,5,3,[ 2.97385212 -3.53728608  4.        ],cruising,[ 0.50568378 -0.03156594 -0.11489306]
20.01843500137329,1000,False,0,2,[-3.24307145 -1.54751899  4.        ],cruising,[-0.82138112 -0.19970136 -0.21083176]
20.01843500137329,1001,False,1,5,[-7.33153472  5.99176723  4.        ],exiting,[-0.48080528  0.59740651 -0.20557775]
20.01843500137329,1002,False,0,6,[2.89353217 8.58666221 1.29801418],waiting,[ 0.5677905  -0.59831228 -0.99408226]
20.01843500137329,1003,False,3,4,[8.05488726 3.58519145 4.        ],cruising,[ 0.63925976  0.24903542 -0.34837281]
20.01843500137329,1004,False,4,1,[1.2740554  5.57444321 4.        ],cruising,[-0.62185191  0.08809385  0.93462812]
20.01843500137329,1005,False,5,3,[ 2.78739995 -3.46492871  4.        ],cruising,[ 0.50568378 -0.03156594 -0.11489306]
20.108579635620117,1000,False,0,2,[-3.24152888 -1.34752493  4.        ],cruising,[-0.82138112 -0.19970136 -0.21083176]
20.108579635620117,1001,False,1,5,[-7.39447937  6.06947162  4.        ],exiting,[-0.48080528  0.59740651 -0.20557775]
20.108579635620117,1002,False,0,6,[2.89353217 8.58666221 1.29801418],waiting,[ 0.5677905  -0.59831228 -0.99408226]
20.108579635620117,1003,False,3,4,[8.14395714 3.40852784 4.        ],cruising,[ 0.63925976  0.24903542 -0.34837281]
20.108579635620117,1004,False,4,1,[1.45316903 5.48545835 4.        ],cruising,[-0.62185191  0.08809385  0.93462812]
20.108579635620117,1005,False,5,3,[ 2.60045167 -3.39386297  4.        ],cruising,[ 0.50568378 -0.03156594 -0.11489306]
20.219177722930908,1000,False,0,2,[-3.25452977 -1.14794794  4.        ],cruising,[-0.82138112 -0.19970136 -0.21083176]
20.219177722930908,1001,False,1,5,[-7.45742402  6.147176    4.        ],exiting,[-0.48080528  0.59740651 -0.20557775]
20.219177722930908,1002,False,0,6,[2.89353217 8.58666221 1.29801418],waiting,[ 0.5677905  -0.59831228 -0.99408226]
20.219177722930908,1003,False,3,4,[8.21475783 3.2237256  4.        ],cruising,[ 0.63925976  0.24903542 -0.34837281]
20.219177722930908,1004,False,4,1,[1.63435967 5.40078278 4.        ],cruising,[-0.62185191  0.08809385  0.93462812]
20.219177722930908,1005,False,5,3,[ 2.4127018  -3.32494282  4.        ],cruising,[ 0.50568378 -0.03156594 -0.11489306]
20.3216450214386,1000,False,0,2,[-3.28171216 -0.94980376  4.        ],cruising,[-0.82138112 -0.19970136 -0.21083176]
20.3216450214386,1001,False,1,5,[-7.52036867  6.22488038  4.        ],exiting,[-0.48080528  0.59740651 -0.20557775]
20.3216450214386,1002,False,0,6,[2.89353217 8.58666221 1.29801418],waiting,[ 0.5677905  -0.59831228 -0.99408226]
20.3216450214386,1003,False,3,4,[8.26676367 3.03208574 4.        ],cruising,[ 0.63925976  0.24903542 -0.34837281]
20.3216450214386,1004,False,4,1,[1.81778963 5.32107424 4.        ],cruising,[-0.62185191  0.08809385  0.93462812]
20.3216450214386,1005,False,5,3,[ 2.22400696 -3.25865363  4.        ],cruising,[ 0.50568378 -0.03156594 -0.11489306]
20.414337158203125,1000,False,0,2,[-3.32191809 -0.75388672  4.        ],cruising,[-0.82138112 -0.19970136 -0.21083176]
20.414337158203125,1001,False,1,5,[-7.58331332  6.30258476  4.        ],exiting,[-0.48080528  0.59740651 -0.20557775]
20.414337158203125,1002,False,0,6,[2.89353217 8.58666221 1.29801418],waiting,[ 0.5677905  -0.59831228 -0.99408226]
20.414337158203125,1003,False,3,4,[8.30339915 2.83546977 4.        ],cruising,[ 0.63925976  0.24903542 -0.34837281]
20.414337158203125,1004,False,4,1,[2.0046615  5.24980781 4.        ],cruising,[-0.62185191  0.08809385  0.93462812]
20.414337158203125,1005,False,5,3,[ 2.0347062  -3.19411509  4.        ],cruising,[ 0.50568378 -0.03156594 -0.11489306]
20.51670527458191,1000,False,0,2,[-3.37408703 -0.56081057  4.        ],cruising,[-0.82138112 -0.19970136 -0.21083176]
20.51670527458191,1001,False,1,5,[-7.64625796  6.38028915  4.        ],exiting,[-0.48080528  0.59740651 -0.20557775]
20.51670527458191,1002,False,0,6,[2.89353217 8.58666221 1.29801418],waiting,[ 0.5677905  -0.59831228 -0.99408226]
20.51670527458191,1003,False,3,4,[8.33421317 2.63785778 4.        ],cruising,[ 0.63925976  0.24903542 -0.34837281]
20.51670527458191,1004,False,4,1,[2.19374214 5.18462719 4.        ],cruising,[-0.62185191  0.08809385  0.93462812]
20.51670527458191,1005,False,5,3,[ 1.84412571 -3.13345969  4.        ],cruising,[ 0.50568378 -0.03156594 -0.11489306]
20.621480226516724,1000,False,0,2,[-3.43554089 -0.37048605  4.        ],cruising,[-0.82138112 -0.19970136 -0.21083176]
20.621480226516724,1001,False,1,5,[-7.70920261  6.45799353  4.        ],exiting,[-0.48080528  0.59740651 -0.20557775]
20.621480226516724,1002,False,0,6,[2.89353217 8.58666221 1.29801418],waiting,[ 0.5677905  -0.59831228 -0.99408226]
20.621480226516724,1003,False,3,4,[8.36032694 2.43956993 4.        ],cruising,[ 0.63925976  0.24903542 -0.34837281]
20.621480226516724,1004,False,4,1,[2.38597682 5.12943819 4.        ],cruising,[-0.62185191  0.08809385  0.93462812]
20.621480226516724,1005,False,5,3,[ 1.65208157 -3.07761125  4.        ],cruising,[ 0.50568378 -0.03156594 -0.11489306]
20.713685989379883,1000,False,0,2,[-3.50755512 -0.18390108  4.        ],cruising,[-0.82138112 -0.19970136 -0.21083176]
20.713685989379883,1001,False,1,5,[-7.77214726  6.53569791  4.        ],exiting,[-0.48080528  0.59740651 -0.20557775]
20.713685989379883,1002,False,0,6,[2.89353217 8.58666221 1.29801418],waiting,[ 0.5677905  -0.59831228 -0.99408226]
20.713685989379883,1003,False,3,4,[8.38561639 2.24117527 4.        ],cruising,[ 0.63925976  0.24903542 -0.34837281]
20.713685989379883,1004,False,4,1,[2.58077449 5.08411857 4.        ],cruising,[-0.62185191  0.08809385  0.93462812]
20.713685989379883,1005,False,5,3,[ 1.45838175 -3.02780785  4.        ],cruising,[ 0.50568378 -0.03156594 -0.11489306]
20.81079077720642,1000,False,0,2,[-3.58967461e+00 -1.53773227e-03  4.00000000e+00],exiting,[-0.82138112 -0.19970136 -0.21083176]
20.81079077720642,1001,False,1,5,[-7.83509191  6.6134023   4.        ],exiting,[-0.48080528  0.59740651 -0.20557775]
20.81079077720642,1002,False,0,6,[2.89353217 8.58666221 1.29801418],waiting,[ 0.5677905  -0.59831228 -0.99408226]
20.81079077720642,1003,False,3,4,[8.40644149 2.04226244 4.        ],cruising,[ 0.63925976  0.24903542 -0.34837281]
20.81079077720642,1004,False,4,1,[2.77731958 5.04710467 4.        ],cruising,[-0.62185191  0.08809385  0.93462812]
20.81079077720642,1005,False,5,3,[ 1.26285441 -2.98574767  4.        ],cruising,[ 0.50568378 -0.03156594 -0.11489306]
20.911357641220093,1000,False,0,2,[-3.67256219  0.16084037  4.        ],exiting,[-0.82138112 -0.19970136 -0.21083176]
20.911357641220093,1001,False,1,5,[-7.89803656  6.69110668  4.        ],exiting,[-0.48080528  0.59740651 -0.20557775]
20.911357641220093,1002,False,0,6,[2.89353217 8.58666221 1.29801418],waiting,[ 0.5677905  -0.59831228 -0.99408226]
20.911357641220093,1003,False,3,4,[8.42613075 1.84323396 4.        ],cruising,[ 0.63925976  0.24903542 -0.34837281]
20.911357641220093,1004,False,4,1,[2.97503193 5.01694133 4.        ],cruising,[-0.62185191  0.08809385  0.93462812]
20.911357641220093,1005,False,5,3,[ 1.06542116 -2.95380846  4.        ],cruising,[ 0.50568378 -0.03156594 -0.11489306]
21.022040843963623,1000,False,0,2,[-3.75605423  0.30322761  4.        ],exiting,[-0.82138112 -0.19970136 -0.21083176]
21.022040843963623,1001,False,1,5,[-7.96098121  6.76881106  4.        ],exiting,[-0.48080528  0.59740651 -0.20557775]
21.022040843963623,1002,False,0,6,[2.89353217 8.58666221 1.29801418],waiting,[ 0.5677905  -0.59831228 -0.99408226]
21.022040843963623,1003,False,3,4,[8.44429678 1.64406068 4.        ],cruising,[ 0.63925976  0.24903542 -0.34837281]
21.022040843963623,1004,False,4,1,[3.17350957 4.99231154 4.        ],cruising,[-0.62185191  0.08809385  0.93462812]
21.022040843963623,1005,False,5,3,[ 0.86582745 -2.94175222  4.        ],cruising,[ 0.50568378 -0.03156594 -0.11489306]
21.116626977920532,1000,False,0,2,[-3.83996855  0.42561931  4.        ],exiting,[-0.82138112 -0.19970136 -0.21083176]
21.116626977920532,1001,False,1,5,[-8.02392586  6.84651544  4.        ],exiting,[-0.48080528  0.59740651 -0.20557775]
21.116626977920532,1002,False,0,6,[2.89353217 8.58666221 1.29801418],waiting,[ 0.5677905  -0.59831228 -0.99408226]
21.116626977920532,1003,False,3,4,[8.45801131 1.44453146 4.        ],cruising,[ 0.63925976  0.24903542 -0.34837281]
21.116626977920532,1004,False,4,1,[3.37247982 4.97204237 4.        ],cruising,[-0.62185191  0.08809385  0.93462812]
21.116626977920532,1005,False,5,3,[ 0.66587389 -2.94606196  4.        ],cruising,[ 0.50568378 -0.03156594 -0.11489306]
21.216857194900513,1000,False,0,2,[-3.92409957  0.52801218  4.        ],exiting,[-0.82138112 -0.19970136 -0.21083176]
21.216857194900513,1001,False,1,5,[-8.08687051  6.92421983  4.        ],exiting,[-0.48080528  0.59740651 -0.20557775]
21.216857194900513,1002,False,0,6,[2.89353217 8.58666221 1.29801418],waiting,[ 0.5677905  -0.59831228 -0.99408226]
21.216857194900513,1003,False,3,4,[8.470259   1.24490682 4.        ],cruising,[ 0.63925976  0.24903542 -0.34837281]
21.216857194900513,1004,False,4,1,[3.57176068 4.95509726 4.        ],cruising,[-0.62185191  0.08809385  0.93462812]
21.216857194900513,1005,False,5,3,[ 0.46636852 -2.96011928  4.        ],cruising,[ 0.50568378 -0.03156594 -0.11489306]
21.319504261016846,1000,False,0,2,[-4.00820866  0.61040506  4.        ],exiting,[-0.82138112 -0.19970136 -0.21083176]
21.319504261016846,1001,False,1,5,[-8.14981516  7.00192421  4.        ],exiting,[-0.48080528  0.59740651 -0.20557775]
21.319504261016846,1002,False,0,6,[2.89353217 8.58666221 1.29801418],waiting,[ 0.5677905  -0.59831228 -0.99408226]
21.319504261016846,1003,False,3,4,[8.47852013 1.04507751 4.        ],cruising,[ 0.63925976  0.24903542 -0.34837281]
21.319504261016846,1004,False,4,1,[3.77123172 4.94056091 4.        ],cruising,[-0.62185191  0.08809385  0.93462812]
21.319504261016846,1005,False,5,3,[ 0.2685131  -2.98932945  4.        ],cruising,[ 0.50568378 -0.03156594 -0.11489306]
21.42275357246399,1000,False,0,2,[-4.09200201  0.67280044  4.        ],exiting,[-0.82138112 -0.19970136 -0.21083176]
21.42275357246399,1001,False,1,5,[-8.21275981  7.07962859  4.        ],exiting,[-0.48080528  0.59740651 -0.20557775]
21.42275357246399,1002,False,0,6,[2.89353217 8.58666221 1.29801418],queued,[ 0.5677905  -0.59831228 -0.99408226]
21.42275357246399,1003,False,3,4,[8.48534033 0.84519383 4.        ],cruising,[ 0.63925976  0.24903542 -0.34837281]
21.42275357246399,1004,False,4,1,[3.97081267 4.92762096 4.        ],cruising,[-0.62185191  0.08809385  0.93462812]
21.42275357246399,1005,False,5,3,[ 0.07427504 -3.03699049  4.        ],cruising,[ 0.50568378 -0.03156594 -0.11489306]
21.510709524154663,1000,False,0,2,[-4.17506752  0.71520907  4.        ],exiting,[-0.82138112 -0.19970136 -0.21083176]
21.510709524154663,1001,False,1,5,[-8.27570446  7.15733298  4.        ],exiting,[-0.48080528  0.59740651 -0.20557775]
21.510709524154663,1002,False,0,6,[2.89353217 8.58666221 1.31801418],queued,[ 0.5677905  -0.59831228 -0.99408226]
21.510709524154663,1003,False,3,4,[8.49050864 0.64526062 4.        ],cruising,[ 0.63925976  0.24903542 -0.34837281]
21.510709524154663,1004,False,4,1,[4.170448   4.91554881 4.        ],cruising,[-0.62185191  0.08809385  0.93462812]
21.510709524154663,1005,False,5,3,[-0.11671408 -3.09634668  4.        ],exiting,[ 0.50568378 -0.03156594 -0.11489306]
21.618270874023438,1000,False,0,2,[-4.25715113  0.73764181  4.        ],exiting,[-0.82138112 -0.19970136 -0.21083176]
21.618270874023438,1001,False,1,5,[-8.33864911  7.23503736  4.        ],exiting,[-0.48080528  0.59740651 -0.20557775]
21.618270874023438,1002,False,0,6,[2.89353217 8.58666221 1.35801418],queued,[ 0.5677905  -0.59831228 -0.99408226]
21.618270874023438,1003,False,3,4,[8.49386738 0.44528883 4.        ],cruising,[ 0.63925976  0.24903542 -0.34837281]
21.618270874023438,1004,False,4,1,[4.37009556 4.90368067 4.        ],cruising,[-0.62185191  0.08809385  0.93462812]
21.618270874023438,1005,False,5,3,[-0.28815341 -3.15992256  4.        ],exiting,[ 0.50568378 -0.03156594 -0.11489306]
21.723588228225708,1000,False,0,2,[-4.33799459  0.74011304  4.        ],exiting,[-0.82138112 -0.19970136 -0.21083176]
21.723588228225708,1001,False,1,5,[-8.40159376  7.31274174  4.        ],landing,[-0.48080528  0.59740651 -0.20557775]
21.723588228225708,1002,False,0,6,[2.89353217 8.58666221 1.41801418],queued,[ 0.5677905  -0.59831228 -0.99408226]
21.723588228225708,1003,False,3,4,[8.49317531 0.24529003 4.        ],cruising,[ 0.63925976  0.24903542 -0.34837281]
21.723588228225708,1004,False,4,1,[4.56972367 4.8914898  4.        ],cruising,[-0.62185191  0.08809385  0.93462812]
21.723588228225708,1005,False,5,3,[-0.44002993 -3.22765734  4.        ],exiting,[ 0.50568378 -0.03156594 -0.11489306]
21.815187454223633,1000,False,0,2,[-4.41733532  0.7226408   4.        ],exiting,[-0.82138112 -0.19970136 -0.21083176]
21.815187454223633,1001,False,1,5,[-8.4534637   7.38199897  3.98564742],landing,[-0.48080528  0.59740651 -0.20557775]
21.815187454223633,1002,False,0,6,[2.89353217 8.58666221 1.49301418],queued,[ 0.5677905  -0.59831228 -0.99408226]
21.815187454223633,1003,False,3,4,[8.49084161 0.04530364 4.        ],cruising,[ 0.63925976  0.24903542 -0.34837281]
21.815187454223633,1004,False,4,1,[4.76930745 4.87859349 4.        ],cruising,[-0.62185191  0.08809385  0.93462812]
21.815187454223633,1005,False,5,3,[-0.57232787 -3.29947614  4.        ],exiting,[ 0.50568378 -0.03156594 -0.11489306]
21.917901515960693,1000,False,0,2,[-4.49490622  0.68524702  4.        ],exiting,[-0.82138112 -0.19970136 -0.21083176]
21.917901515960693,1001,False,1,5,[-8.4941767   7.44264952  3.95710162],landing,[-0.48080528  0.59740651 -0.20557775]
21.917901515960693,1002,False,0,6,[2.89353217 8.58666221 1.56801418],queued,[ 0.5677905  -0.59831228 -0.99408226]
21.917901515960693,1003,False,3,4,[ 8.48671214 -0.15465372  4.        ],cruising,[ 0.63925976  0.24903542 -0.34837281]
21.917901515960693,1004,False,4,1,[4.96879914 4.86434343 4.        ],cruising,[-0.62185191  0.08809385  0.93462812]
21.917901515960693,1005,False,5,3,[-0.68502794 -3.37528534  4.        ],exiting,[ 0.50568378 -0.03156594 -0.11489306]
22.021761417388916,1000,False,0,2,[-4.57043546  0.62795773  4.        ],exiting,[-0.82138112 -0.19970136 -0.21083176]
22.021761417388916,1001,False,1,5,[-8.5236361   7.49450339  3.91455671],landing,[-0.48080528  0.59740651 -0.20557775]
22.021761417388916,1002,False,0,6,[2.89353217 8.58666221 1.64301418],queued,[ 0.5677905  -0.59831228 -0.99408226]
22.021761417388916,1003,False,3,4,[ 8.47864875 -0.35449111  4.        ],cruising,[ 0.63925976  0.24903542 -0.34837281]
22.021761417388916,1004,False,4,1,[5.1681392  4.84810946 4.        ],cruising,[-0.62185191  0.08809385  0.93462812]
22.021761417388916,1005,False,5,3,[-0.77810542 -3.45496157  4.        ],exiting,[ 0.50568378 -0.03156594 -0.11489306]
22.109628915786743,1000,False,0,2,[-4.64485513  0.56116168  4.        ],exiting,[-0.82138112 -0.19970136 -0.21083176]
22.109628915786743,1001,False,1,5,[-8.5417082   7.53729304  3.85829432],landing,[-0.48080528  0.59740651 -0.20557775]
22.109628915786743,1002,False,0,6,[2.89353217 8.58666221 1.71801418],queued,[ 0.5677905  -0.59831228 -0.99408226]
22.109628915786743,1003,False,3,4,[ 8.46888962 -0.55425287  4.        ],cruising,[ 0.63925976  0.24903542 -0.34837281]
22.109628915786743,1004,False,4,1,[5.36724892 4.82925954 4.        ],cruising,[-0.62185191  0.08809385  0.93462812]
22.109628915786743,1005,False,5,3,[-0.85152564 -3.53832459  4.        ],exiting,[ 0.50568378 -0.03156594 -0.11489306]
22.21184802055359,1000,False,0,2,[-4.7192748   0.49436563  4.        ],exiting,[-0.82138112 -0.19970136 -0.21083176]
22.21184802055359,1001,False,1,5,[-8.54829493  7.57081835  3.78853162],landing,[-0.48080528  0.59740651 -0.20557775]
22.21184802055359,1002,False,0,6,[2.89353217 8.58666221 1.79301418],queued,[ 0.5677905  -0.59831228 -0.99408226]
22.21184802055359,1003,False,3,4,[ 8.45726748 -0.7539149   4.        ],cruising,[ 0.63925976  0.24903542 -0.34837281]
22.21184802055359,1004,False,4,1,[5.56602202 4.80714049 4.        ],cruising,[-0.62185191  0.08809385  0.93462812]
22.21184802055359,1005,False,5,3,[-0.90526507 -3.62524659  4.        ],exiting,[ 0.50568378 -0.03156594 -0.11489306]
22.32042145729065,1000,False,0,2,[-4.79369447  0.42756958  4.        ],exiting,[-0.82138112 -0.19970136 -0.21083176]
22.32042145729065,1001,False,1,5,[-8.54329937  7.594878    3.70549293],landing,[-0.48080528  0.59740651 -0.20557775]
22.32042145729065,1002,False,0,6,[2.89353217 8.58666221 1.86801418],queued,[ 0.5677905  -0.59831228 -0.99408226]
22.32042145729065,1003,False,3,4,[ 8.44363808 -0.95344995  4.        ],cruising,[ 0.63925976  0.24903542 -0.34837281]
22.32042145729065,1004,False,4,1,[5.76456448 4.78303875 4.        ],cruising,[-0.62185191  0.08809385  0.93462812]
22.32042145729065,1005,False,5,3,[-0.93929995 -3.71559365  4.        ],exiting,[ 0.50568378 -0.03156594 -0.11489306]
22.415311336517334,1000,False,0,2,[-4.86811415  0.36077353  4.        ],exiting,[-0.82138112 -0.19970136 -0.21083176]
22.415311336517334,1001,False,1,5,[-8.52662525  7.60926826  3.60941148],landing,[-0.48080528  0.59740651 -0.20557775]
22.415311336517334,1002,False,0,6,[2.89353217 8.58666221 1.94301418],queued,[ 0.5677905  -0.59831228 -0.99408226]
22.415311336517334,1003,False,3,4,[ 8.42573195 -1.15264677  4.        ],cruising,[ 0.63925976  0.24903542 -0.34837281]
22.415311336517334,1004,False,4,1,[5.96247221 4.75418519 4.        ],cruising,[-0.62185191  0.08809385  0.93462812]
22.415311336517334,1005,False,5,3,[-0.95360666 -3.80922688  4.        ],exiting,[ 0.50568378 -0.03156594 -0.11489306]
22.51887083053589,1000,False,0,2,[-4.94253382  0.29397748  4.        ],exiting,[-0.82138112 -0.19970136 -0.21083176]
22.51887083053589,1001,False,1,5,[-8.50867398  7.62258727  3.51194171],landing,[-0.48080528  0.59740651 -0.20557775]
22.51887083053589,1002,False,0,6,[2.89353217 8.58666221 2.01801418],queued,[ 0.5677905  -0.59831228 -0.99408226]
22.51887083053589,1003,False,3,4,[ 8.40587733 -1.35165881  4.        ],cruising,[ 0.63925976  0.24903542 -0.34837281]
22.51887083053589,1004,False,4,1,[6.159493   4.71979321 4.        ],cruising,[-0.62185191  0.08809385  0.93462812]
22.51887083053589,1005,False,5,3,[-0.94816196 -3.90600367  4.        ],exiting,[ 0.50568378 -0.03156594 -0.11489306]
22.623626470565796,1000,False,0,2,[-5.01695349  0.22718142  4.        ],exiting,[-0.82138112 -0.19970136 -0.21083176]
22.623626470565796,1001,False,1,5,[-8.49072272  7.63590629  3.41447194],landing,[-0.48080528  0.59740651 -0.20557775]
22.623626470565796,1002,False,0,6,[2.89353217 8.58666221 2.09301418],queued,[ 0.5677905  -0.59831228 -0.99408226]
22.623626470565796,1003,False,3,4,[ 8.3838782  -1.55044523  4.        ],cruising,[ 0.63925976  0.24903542 -0.34837281]
22.623626470565796,1004,False,4,1,[6.35528527 4.67898406 4.        ],cruising,[-0.62185191  0.08809385  0.93462812]
22.623626470565796,1005,False,5,3,[-0.93111444 -4.00453986  4.        ],exiting,[ 0.50568378 -0.03156594 -0.11489306]
22.710699796676636,1000,False,0,2,[-5.09137316  0.16038537  4.        ],exiting,[-0.82138112 -0.19970136 -0.21083176]
22.710699796676636,1001,False,1,5,[-8.47277146  7.6492253   3.31700216],landing,[-0.48080528  0.59740651 -0.20557775]
22.710699796676636,1002,False,0,6,[2.89353217 8.58666221 2.16801418],queued,[ 0.5677905  -0.59831228 -0.99408226]
22.710699796676636,1003,False,3,4,[ 8.35723024 -1.74866199  4.        ],cruising,[ 0.63925976  0.24903542 -0.34837281]
22.710699796676636,1004,False,4,1,[6.54938738 4.63077233 4.        ],cruising,[-0.62185191  0.08809385  0.93462812]
22.710699796676636,1005,False,5,3,[-0.91406692 -4.10307606  4.        ],exiting,[ 0.50568378 -0.03156594 -0.11489306]
22.80970335006714,1000,False,0,2,[-5.16579283  0.09358932  4.        ],exiting,[-0.82138112 -0.19970136 -0.21083176]
22.80970335006714,1001,False,1,5,[-8.4548202   7.66254431  3.21953239],landing,[-0.48080528  0.59740651 -0.20557775]
22.80970335006714,1002,False,0,6,[2.89353217 8.58666221 2.24301418],queued,[ 0.5677905  -0.59831228 -0.99408226]
22.80970335006714,1003,False,3,4,[ 8.32836637 -1.94656822  4.        ],cruising,[ 0.63925976  0.24903542 -0.34837281]
22.80970335006714,1004,False,4,1,[6.7411772  4.57405665 4.        ],cruising,[-0.62185191  0.08809385  0.93462812]
22.80970335006714,1005,False,5,3,[-0.8970194  -4.20161226  4.        ],exiting,[ 0.50568378 -0.03156594 -0.11489306]
22.9141845703125,1000,False,0,2,[-5.2402125   0.02679327  4.        ],exiting,[-0.82138112 -0.19970136 -0.21083176]
22.9141845703125,1001,False,1,5,[-8.43686894  7.67586332  3.12206262],landing,[-0.48080528  0.59740651 -0.20557775]
22.9141845703125,1002,False,0,6,[2.89353217 8.58666221 2.31801418],queued,[ 0.5677905  -0.59831228 -0.99408226]
22.9141845703125,1003,False,3,4,[ 8.29702675 -2.14409753  4.        ],cruising,[ 0.63925976  0.24903542 -0.34837281]
22.9141845703125,1004,False,4,1,[6.92982051 4.50762096 4.        ],cruising,[-0.62185191  0.08809385  0.93462812]
22.9141845703125,1005,False,5,3,[-0.87997188 -4.30014845  4.        ],exiting,[ 0.50568378 -0.03156594 -0.11489306]
23.00978922843933,1000,False,0,2,[-5.31463218 -0.04000278  4.        ],exiting,[-0.82138112 -0.19970136 -0.21083176]
23.00978922843933,1001,False,1,5,[-8.41891768  7.68918233  3.02459285],landing,[-0.48080528  0.59740651 -0.20557775]
23.00978922843933,1002,False,0,6,[2.89353217 8.58666221 2.39301418],entering,[ 0.5677905  -0.59831228 -0.99408226]
23.00978922843933,1003,False,3,4,[ 8.26023862 -2.340685    4.        ],cruising,[ 0.63925976  0.24903542 -0.34837281]
23.00978922843933,1004,False,4,1,[7.11420859 4.43015462 4.        ],cruising,[-0.62185191  0.08809385  0.93462812]
23.00978922843933,1005,False,5,3,[-0.86292436 -4.39868465  4.        ],exiting,[ 0.50568378 -0.03156594 -0.11489306]
23.117493152618408,1000,False,0,2,[-5.38905185 -0.10679883  4.        ],exiting,[-0.82138112 -0.19970136 -0.21083176]
23.117493152618408,1001,False,1,5,[-8.40096642  7.70250134  2.92712308],landing,[-0.48080528  0.59740651 -0.20557775]
23.117493152618408,1002,False,0,6,[2.88991692 8.56699167 2.46801418],entering,[ 0.5677905  -0.59831228 -0.99408226]
23.117493152618408,1003,False,3,4,[ 8.2207489  -2.53674765  4.        ],cruising,[ 0.63925976  0.24903542 -0.34837281]
23.117493152618408,1004,False,4,1,[7.29288925 4.34030351 4.        ],cruising,[-0.62185191  0.08809385  0.93462812]
23.117493152618408,1005,False,5,3,[-0.84587684 -4.49722085  4.        ],exiting,[ 0.50568378 -0.03156594 -0.11489306]
23.2109272480011,1000,False,0,2,[-5.46347152 -0.17359488  4.        ],exiting,[-0.82138112 -0.19970136 -0.21083176]
23.2109272480011,1001,False,1,5,[-8.38301516  7.71582035  2.82965331],landing,[-0.48080528  0.59740651 -0.20557775]
23.2109272480011,1002,False,0,6,[2.88271091 8.52764612 2.54301418],entering,[ 0.5677905  -0.59831228 -0.99408226]
23.2109272480011,1003,False,3,4,[ 8.17820175 -2.73216961  4.        ],cruising,[ 0.63925976  0.24903542 -0.34837281]
23.2109272480011,1004,False,4,1,[7.46154553 4.23314599 4.        ],cruising,[-0.62185191  0.08809385  0.93462812]
23.2109272480011,1005,False,5,3,[-0.82882932 -4.59575704  4.        ],exiting,[ 0.50568378 -0.03156594 -0.11489306]
23.30928635597229,1000,False,0,2,[-5.53789119 -0.24039093  4.        ],exiting,[-0.82138112 -0.19970136 -0.21083176]
23.30928635597229,1001,False,1,5,[-8.3650639   7.72913936  2.73218354],landing,[-0.48080528  0.59740651 -0.20557775]
23.30928635597229,1002,False,0,6,[2.87216032 8.4685822  2.61801418],entering,[ 0.5677905  -0.59831228 -0.99408226]
23.30928635597229,1003,False,3,4,[ 8.12876253 -2.9259627   4.        ],cruising,[ 0.63925976  0.24903542 -0.34837281]
23.30928635597229,1004,False,4,1,[7.6187188  4.10961347 4.        ],cruising,[-0.62185191  0.08809385  0.93462812]
23.30928635597229,1005,False,5,3,[-0.8117818  -4.69429324  4.        ],exiting,[ 0.50568378 -0.03156594 -0.11489306]
23.41896629333496,1000,False,0,2,[-5.61231086 -0.30718699  4.        ],exiting,[-0.82138112 -0.19970136 -0.21083176]
23.41896629333496,1001,False,1,5,[-8.34711263  7.74245837  2.63471377],landing,[-0.48080528  0.59740651 -0.20557775]
23.41896629333496,1002,False,0,6,[2.85844126 8.38977086 2.69301418],entering,[ 0.5677905  -0.59831228 -0.99408226]
23.41896629333496,1003,False,3,4,[ 8.07213406 -3.11777828  4.        ],cruising,[ 0.63925976  0.24903542 -0.34837281]
23.41896629333496,1004,False,4,1,[7.76278213 3.970977   4.        ],cruising,[-0.62185191  0.08809385  0.93462812]
23.41896629333496,1005,False,5,3,[-0.79473428 -4.79282944  4.        ],exiting,[ 0.50568378 -0.03156594 -0.11489306]
23.509925365447998,1000,False,0,2,[-5.68673053 -0.37398304  4.        ],exiting,[-0.82138112 -0.19970136 -0.21083176]
23.509925365447998,1001,False,1,5,[-8.32916137  7.75577738  2.537244  ],landing,[-0.48080528  0.59740651 -0.20557775]
23.509925365447998,1002,False,0,6,[2.84179172 8.29117537 2.76801418],entering,[ 0.5677905  -0.59831228 -0.99408226]
23.509925365447998,1003,False,3,4,[ 8.01170466 -3.30843055  4.        ],exiting,[ 0.63925976  0.24903542 -0.34837281]
23.509925365447998,1004,False,4,1,[7.89185315 3.81910304 4.        ],cruising,[-0.62185191  0.08809385  0.93462812]
23.509925365447998,1005,False,5,3,[-0.77768676 -4.89136563  4.        ],exiting,[ 0.50568378 -0.03156594 -0.11489306]
23.61764931678772,1000,False,0,2,[-5.76115021 -0.44077909  4.        ],exiting,[-0.82138112 -0.19970136 -0.21083176]
23.61764931678772,1001,False,1,5,[-8.31121011  7.76909639  2.43977423],landing,[-0.48080528  0.59740651 -0.20557775]
23.61764931678772,1002,False,0,6,[2.82313808 8.17268055 2.84301418],entering,[ 0.5677905  -0.59831228 -0.99408226]
23.61764931678772,1003,False,3,4,[ 7.9641739  -3.48379802  4.        ],exiting,[ 0.63925976  0.24903542 -0.34837281]
23.61764931678772,1004,False,4,1,[8.00476135 3.65544932 4.        ],cruising,[-0.62185191  0.08809385  0.93462812]
23.61764931678772,1005,False,5,3,[-0.76063924 -4.98990183  4.        ],exiting,[ 0.50568378 -0.03156594 -0.11489306]
23.72336983680725,1000,False,0,2,[-5.83556988 -0.50757514  4.        ],exiting,[-0.82138112 -0.19970136 -0.21083176]
23.72336983680725,1001,False,1,5,[-8.29325885  7.78241541  2.34230446],landing,[-0.48080528  0.59740651 -0.20557775]
23.72336983680725,1002,False,0,6,[2.80365829 8.0342028  2.91801418],entering,[ 0.5677905  -0.59831228 -0.99408226]
23.72336983680725,1003,False,3,4,[ 7.92969766 -3.6440136   4.        ],exiting,[ 0.63925976  0.24903542 -0.34837281]
23.72336983680725,1004,False,4,1,[8.10043801 3.48164305 4.        ],cruising,[-0.62185191  0.08809385  0.93462812]
23.72336983680725,1005,False,5,3,[-0.74359172 -5.08843803  4.        ],exiting,[ 0.50568378 -0.03156594 -0.11489306]
23.81751012802124,1000,False,0,2,[-5.90998955 -0.57437119  4.        ],exiting,[-0.82138112 -0.19970136 -0.21083176]
23.81751012802124,1001,False,1,5,[-8.27530759  7.79573442  2.24483469],landing,[-0.48080528  0.59740651 -0.20557775]
23.81751012802124,1002,False,0,6,[2.78513061 7.87574772 2.99301418],entering,[ 0.5677905  -0.59831228 -0.99408226]
23.81751012802124,1003,False,3,4,[ 7.90847317 -3.7892495   4.        ],exiting,[ 0.63925976  0.24903542 -0.34837281]
23.81751012802124,1004,False,4,1,[8.17809555 3.29915858 4.        ],exiting,[-0.62185191  0.08809385  0.93462812]
23.81751012802124,1005,False,5,3,[-0.7265442  -5.18697423  4.        ],exiting,[ 0.50568378 -0.03156594 -0.11489306]
23.910057067871094,1000,False,0,2,[-5.98440922 -0.64116724  4.        ],exiting,[-0.82138112 -0.19970136 -0.21083176]
23.910057067871094,1001,False,1,5,[-8.25735633  7.80905343  2.14736492],landing,[-0.48080528  0.59740651 -0.20557775]
23.910057067871094,1002,False,0,6,[2.76914883 7.69745535 3.06801418],entering,[ 0.5677905  -0.59831228 -0.99408226]
23.910057067871094,1003,False,3,4,[ 7.90074341 -3.91972422  4.        ],exiting,[ 0.63925976  0.24903542 -0.34837281]
23.910057067871094,1004,False,4,1,[8.23724286 3.12424848 4.        ],exiting,[-0.62185191  0.08809385  0.93462812]
23.910057067871094,1005,False,5,3,[-0.70949668 -5.28551042  4.        ],exiting,[ 0.50568378 -0.03156594 -0.11489306]
24.01374864578247,1000,False,0,2,[-6.05882889 -0.70796329  4.        ],exiting,[-0.82138112 -0.19970136 -0.21083176]
24.01374864578247,1001,False,1,5,[-8.23940507  7.82237244  2.04989515],landing,[-0.48080528  0.59740651 -0.20557775]
24.01374864578247,1002,False,0,6,[2.76329428 7.50191654 3.14301418],entering,[ 0.5677905  -0.59831228 -0.99408226]
24.01374864578247,1003,False,3,4,[ 7.90670333 -4.03561839  4.        ],exiting,[ 0.63925976  0.24903542 -0.34837281]
24.01374864578247,1004,False,4,1,[8.28024398 2.96114096 4.        ],exiting,[-0.62185191  0.08809385  0.93462812]
24.01374864578247,1005,False,5,3,[-0.69244916 -5.38404662  4.        ],exiting,[ 0.50568378 -0.03156594 -0.11489306]
24.120980262756348,1000,False,0,2,[-6.13324856 -0.77475934  4.        ],exiting,[-0.82138112 -0.19970136 -0.21083176]
24.120980262756348,1001,False,1,5,[-8.22145381  7.83569145  1.95242538],landing,[-0.48080528  0.59740651 -0.20557775]
24.120980262756348,1002,False,0,6,[2.76822536 7.30197734 3.21801418],entering,[ 0.5677905  -0.59831228 -0.99408226]
24.120980262756348,1003,False,3,4,[ 7.92654852 -4.13711814  4.        ],exiting,[ 0.63925976  0.24903542 -0.34837281]
24.120980262756348,1004,False,4,1,[8.30820993 2.81122219 4.        ],exiting,[-0.62185191  0.08809385  0.93462812]
24.120980262756348,1005,False,5,3,[-0.67540164 -5.48258282  4.        ],exiting,[ 0.50568378 -0.03156594 -0.11489306]
24.21467137336731,1000,False,0,2,[-6.20766824 -0.8415554   4.        ],exiting,[-0.82138112 -0.19970136 -0.21083176]
24.21467137336731,1001,False,1,5,[-8.20350255  7.84901046  1.85495561],landing,[-0.48080528  0.59740651 -0.20557775]
24.21467137336731,1002,False,0,6,[2.78673615 7.1028358  3.29301418],entering,[ 0.5677905  -0.59831228 -0.99408226]
24.21467137336731,1003,False,3,4,[ 7.95085374 -4.23411946  4.        ],exiting,[ 0.63925976  0.24903542 -0.34837281]
24.21467137336731,1004,False,4,1,[8.32177358 2.67518053 4.        ],exiting,[-0.62185191  0.08809385  0.93462812]
24.21467137336731,1005,False,5,3,[-0.65835412 -5.58111901  4.        ],exiting,[ 0.50568378 -0.03156594 -0.11489306]
24.311264038085938,1000,False,0,2,[-6.28208791 -0.90835145  4.        ],exiting,[-0.82138112 -0.19970136 -0.21083176]
24.311264038085938,1001,False,1,5,[-8.18555129  7.86232947  1.75748584],landing,[-0.48080528  0.59740651 -0.20557775]
24.311264038085938,1002,False,0,6,[2.82209919 6.90598699 3.36801418],entering,[ 0.5677905  -0.59831228 -0.99408226]
24.311264038085938,1003,False,3,4,[ 7.97515896 -4.33112078  4.        ],exiting,[ 0.63925976  0.24903542 -0.34837281]
24.311264038085938,1004,False,4,1,[8.32139588 2.55347898 4.        ],exiting,[-0.62185191  0.08809385  0.93462812]
24.311264038085938,1005,False,5,3,[-0.6413066  -5.67965521  4.        ],exiting,[ 0.50568378 -0.03156594 -0.11489306]
24.412472009658813,1000,False,0,2,[-6.35650758 -0.9751475   4.        ],exiting,[-0.82138112 -0.19970136 -0.21083176]
24.412472009658813,1001,False,1,5,[-8.16760002  7.87564848  1.66001606],landing,[-0.48080528  0.59740651 -0.20557775]
24.412472009658813,1002,False,0,6,[2.86938559 6.71165738 3.44301418],entering,[ 0.5677905  -0.59831228 -0.99408226]
24.412472009658813,1003,False,3,4,[ 7.99946418 -4.42812211  4.        ],exiting,[ 0.63925976  0.24903542 -0.34837281]
24.412472009658813,1004,False,4,1,[8.30749748 2.44651481 4.        ],exiting,[-0.62185191  0.08809385  0.93462812]
24.412472009658813,1005,False,5,3,[-0.62425908 -5.77819141  4.        ],exiting,[ 0.50568378 -0.03156594 -0.11489306]
24.51352882385254,1000,False,0,2,[-6.43092725 -1.04194355  4.        ],exiting,[-0.82138112 -0.19970136 -0.21083176]
24.51352882385254,1001,False,1,5,[-8.14964876  7.88896749  1.56254629],landing,[-0.48080528  0.59740651 -0.20557775]
24.51352882385254,1002,False,0,6,[2.93283281 6.52198806 3.51801418],entering,[ 0.5677905  -0.59831228 -0.99408226]
24.51352882385254,1003,False,3,4,[ 8.02376939 -4.52512343  4.        ],exiting,[ 0.63925976  0.24903542 -0.34837281]
24.51352882385254,1004,False,4,1,[8.2805711  2.35472536 4.        ],exiting,[-0.62185191  0.08809385  0.93462812]
24.51352882385254,1005,False,5,3,[-0.60721156 -5.8767276   4.        ],exiting,[ 0.50568378 -0.03156594 -0.11489306]
24.623530864715576,1000,False,0,2,[-6.50534692 -1.1087396   4.        ],exiting,[-0.82138112 -0.19970136 -0.21083176]
24.623530864715576,1001,False,1,5,[-8.1316975   7.9022865   1.46507652],fake_landed,[-0.48080528  0.59740651 -0.20557775]
24.623530864715576,1002,False,0,6,[3.00896919 6.33704685 3.59031206],entering,[ 0.5677905  -0.59831228 -0.99408226]
24.623530864715576,1003,False,3,4,[ 8.04807461 -4.62212475  4.        ],exiting,[ 0.63925976  0.24903542 -0.34837281]
24.623530864715576,1004,False,4,1,[8.24087102 2.27832527 4.        ],exiting,[-0.62185191  0.08809385  0.93462812]
24.623530864715576,1005,False,5,3,[-0.59016404 -5.9752638   4.        ],exiting,[ 0.50568378 -0.03156594 -0.11489306]
24.71763563156128,1000,False,0,2,[-6.57976659 -1.17553565  4.        ],exiting,[-0.82138112 -0.19970136 -0.21083176]
24.71763563156128,1001,False,1,5,[-8.11733649  7.91294171  1.38710071],fake_landed,[-0.48080528  0.59740651 -0.20557775]
24.71763563156128,1002,False,0,6,[3.10055646 6.15927829 3.65213027],entering,[ 0.5677905  -0.59831228 -0.99408226]
24.71763563156128,1003,False,3,4,[ 8.07237983 -4.71912607  4.        ],exiting,[ 0.63925976  0.24903542 -0.34837281]
24.71763563156128,1004,False,4,1,[8.18866009 2.21752898 4.        ],exiting,[-0.62185191  0.08809385  0.93462812]
24.71763563156128,1005,False,5,3,[-0.57311652 -6.0738      4.        ],exiting,[ 0.50568378 -0.03156594 -0.11489306]
24.812459468841553,1000,False,0,2,[-6.65418627 -1.2423317   4.        ],exiting,[-0.82138112 -0.19970136 -0.21083176]
24.812459468841553,1001,False,1,5,[-8.10656574  7.92093312  1.32861885],fake_landed,[-0.48080528  0.59740651 -0.20557775]
24.812459468841553,1002,False,0,6,[3.20628661 5.98951039 3.70431073],entering,[ 0.5677905  -0.59831228 -0.99408226]
24.812459468841553,1003,False,3,4,[ 8.09668505 -4.81612739  4.        ],exiting,[ 0.63925976  0.24903542 -0.34837281]
24.812459468841553,1004,False,4,1,[8.12421019 2.17255065 4.        ],exiting,[-0.62185191  0.08809385  0.93462812]
24.812459468841553,1005,False,5,3,[-0.556069   -6.17233619  4.        ],exiting,[ 0.50568378 -0.03156594 -0.11489306]
24.91569447517395,1000,False,0,2,[-6.72860594 -1.30912776  4.        ],exiting,[-0.82138112 -0.19970136 -0.21083176]
24.91569447517395,1001,False,1,5,[-8.09938523  7.92626072  1.28963094],fake_landed,[-0.48080528  0.59740651 -0.20557775]
24.91569447517395,1002,False,0,6,[3.3272405  5.83026471 3.74890696],entering,[ 0.5677905  -0.59831228 -0.99408226]
24.91569447517395,1003,False,3,4,[ 8.12099026 -4.91312871  4.        ],exiting,[ 0.63925976  0.24903542 -0.34837281]
24.91569447517395,1004,False,4,1,[8.04780296 2.14360422 4.        ],exiting,[-0.62185191  0.08809385  0.93462812]
24.91569447517395,1005,False,5,3,[-0.53902148 -6.27087239  4.        ],exiting,[ 0.50568378 -0.03156594 -0.11489306]
25.010950803756714,1000,False,0,2,[-6.80302561 -1.37592381  4.        ],exiting,[-0.82138112 -0.19970136 -0.21083176]
25.010950803756714,1001,False,1,5,[-8.09579498  7.92892453  1.27013698],fake_landed,[-0.48080528  0.59740651 -0.20557775]
25.010950803756714,1002,False,0,6,[3.46235521 5.68280618 3.78657092],entering,[ 0.5677905  -0.59831228 -0.99408226]
25.010950803756714,1003,False,3,4,[ 8.14529548 -5.01013004  4.        ],exiting,[ 0.63925976  0.24903542 -0.34837281]
25.010950803756714,1004,False,4,1,[7.95973069 2.13090363 4.        ],exiting,[-0.62185191  0.08809385  0.93462812]
25.010950803756714,1005,False,5,3,[-0.52197396 -6.36940859  4.        ],exiting,[ 0.50568378 -0.03156594 -0.11489306]
25.11101746559143,1000,False,0,2,[-6.87744528 -1.44271986  4.        ],exiting,[-0.82138112 -0.19970136 -0.21083176]
25.11101746559143,1001,False,1,5,[-8.09579498  7.92892453  1.27013698],fake_landed,[-0.48080528  0.59740651 -0.20557775]
25.11101746559143,1002,False,0,6,[3.61058099 5.54853363 3.81858528],entering,[ 0.5677905  -0.59831228 -0.99408226]
25.11101746559143,1003,False,3,4,[ 8.1696007  -5.10713136  4.        ],exiting,[ 0.63925976  0.24903542 -0.34837281]
25.11101746559143,1004,False,4,1,[7.86029739 2.13466289 4.        ],exiting,[-0.62185191  0.08809385  0.93462812]
25.11101746559143,1005,False,5,3,[-0.50492644 -6.46794478  4.        ],exiting,[ 0.50568378 -0.03156594 -0.11489306]
25.220366954803467,1000,False,0,2,[-6.95186495 -1.50951591  4.        ],landing,[-0.82138112 -0.19970136 -0.21083176]
25.220366954803467,1001,False,5,0,[-8.09579498  7.92892453  1.27013698],waiting,[-0.48080528  0.59740651 -0.20557775]
25.220366954803467,1002,False,0,6,[3.77112531 5.42931936 3.84596263],cruising,[ 0.5677905  -0.59831228 -0.99408226]
25.220366954803467,1003,False,3,4,[ 8.19390592 -5.20413268  4.        ],exiting,[ 0.63925976  0.24903542 -0.34837281]
25.220366954803467,1004,False,4,1,[7.76039709 2.13912719 4.        ],exiting,[-0.62185191  0.08809385  0.93462812]
25.220366954803467,1005,False,5,3,[-0.48787892 -6.56648098  4.        ],exiting,[ 0.50568378 -0.03156594 -0.11489306]
25.322566509246826,1000,False,0,2,[-7.01800006 -1.56458557  3.98607672],landing,[-0.82138112 -0.19970136 -0.21083176]
25.322566509246826,1001,False,5,0,[-8.09579498  7.92892453  1.27013698],waiting,[-0.48080528  0.59740651 -0.20557775]
25.322566509246826,1002,False,0,6,[3.94256395 5.32632999 3.86908953],cruising,[ 0.5677905  -0.59831228 -0.99408226]
25.322566509246826,1003,False,3,4,[ 8.21821113 -5.301134    4.        ],exiting,[ 0.63925976  0.24903542 -0.34837281]
25.322566509246826,1004,False,4,1,[7.66049679 2.14359148 4.        ],exiting,[-0.62185191  0.08809385  0.93462812]
25.322566509246826,1005,False,5,3,[-0.4708314  -6.66501718  4.        ],exiting,[ 0.50568378 -0.03156594 -0.11489306]
25.424084663391113,1000,False,0,2,[-7.07569863 -1.60784316  3.95839481],landing,[-0.82138112 -0.19970136 -0.21083176]
25.424084663391113,1001,False,5,0,[-8.09579498  7.92892453  1.27013698],waiting,[-0.48080528  0.59740651 -0.20557775]
25.424084663391113,1002,False,0,6,[4.12189592 5.23778596 3.8887261 ],cruising,[ 0.5677905  -0.59831228 -0.99408226]
25.424084663391113,1003,False,3,4,[ 8.24251635 -5.39813532  4.        ],exiting,[ 0.63925976  0.24903542 -0.34837281]
25.424084663391113,1004,False,4,1,[7.56059649 2.14805578 4.        ],exiting,[-0.62185191  0.08809385  0.93462812]
25.424084663391113,1005,False,5,3,[-0.45378388 -6.76355337  4.        ],exiting,[ 0.50568378 -0.03156594 -0.11489306]
25.517172813415527,1000,False,0,2,[-7.12478201 -1.6391893   3.91715208],landing,[-0.82138112 -0.19970136 -0.21083176]
25.517172813415527,1001,False,5,0,[-8.09579498  7.92892453  1.27013698],waiting,[-0.48080528  0.59740651 -0.20557775]
25.517172813415527,1002,False,0,6,[4.30734423 5.1628932  3.90541718],cruising,[ 0.5677905  -0.59831228 -0.99408226]
25.517172813415527,1003,False,3,4,[ 8.26682157 -5.49513664  4.        ],exiting,[ 0.63925976  0.24903542 -0.34837281]
25.517172813415527,1004,False,4,1,[7.46069619 2.15252008 4.        ],exiting,[-0.62185191  0.08809385  0.93462812]
25.517172813415527,1005,False,5,3,[-0.43673636 -6.86208957  4.        ],exiting,[ 0.50568378 -0.03156594 -0.11489306]
25.612248182296753,1000,False,0,2,[-7.16500802 -1.65849158  3.86262431],landing,[-0.82138112 -0.19970136 -0.21083176]
25.612248182296753,1001,False,5,0,[-8.09579498  7.92892453  1.27013698],waiting,[-0.48080528  0.59740651 -0.20557775]
25.612248182296753,1002,False,0,6,[4.49703892 5.09952189 3.91960461],cruising,[ 0.5677905  -0.59831228 -0.99408226]
25.612248182296753,1003,False,3,4,[ 8.29112679 -5.59213797  4.        ],exiting,[ 0.63925976  0.24903542 -0.34837281]
25.612248182296753,1004,False,4,1,[7.36079589 2.15698437 4.        ],exiting,[-0.62185191  0.08809385  0.93462812]
25.612248182296753,1005,False,5,3,[-0.41968884 -6.96062577  4.        ],exiting,[ 0.50568378 -0.03156594 -0.11489306]
25.716445684432983,1000,False,0,2,[-7.19616467 -1.66563641  3.79506031],landing,[-0.82138112 -0.19970136 -0.21083176]
25.716445684432983,1001,False,5,0,[-8.09579498  7.92892453  1.27013698],waiting,[-0.48080528  0.59740651 -0.20557775]
25.716445684432983,1002,False,0,6,[4.68956819 5.04536952 3.93166392],cruising,[ 0.5677905  -0.59831228 -0.99408226]
25.716445684432983,1003,False,3,4,[ 8.315432   -5.68913929  4.        ],exiting,[ 0.63925976  0.24903542 -0.34837281]
25.716445684432983,1004,False,4,1,[7.26089559 2.16144867 4.        ],exiting,[-0.62185191  0.08809385  0.93462812]
25.716445684432983,1005,False,5,3,[-0.40264132 -7.05916196  4.        ],exiting,[ 0.50568378 -0.03156594 -0.11489306]
25.809393405914307,1000,False,0,2,[-7.21806081 -1.66052328  3.71469063],landing,[-0.82138112 -0.19970136 -0.21083176]
25.809393405914307,1001,False,5,0,[-8.09579498  7.92892453  1.27013698],waiting,[-0.48080528  0.59740651 -0.20557775]
25.809393405914307,1002,False,0,6,[4.88405459 4.99873219 3.94191433],cruising,[ 0.5677905  -0.59831228 -0.99408226]
25.809393405914307,1003,False,3,4,[ 8.33973722 -5.78614061  4.        ],exiting,[ 0.63925976  0.24903542 -0.34837281]
25.809393405914307,1004,False,4,1,[7.16099529 2.16591297 4.        ],exiting,[-0.62185191  0.08809385  0.93462812]
25.809393405914307,1005,False,5,3,[-0.3855938  -7.15769816  4.        ],exiting,[ 0.50568378 -0.03156594 -0.11489306]
25.90915560722351,1000,False,0,2,[-7.23050308 -1.64305241  3.62175471],landing,[-0.82138112 -0.19970136 -0.21083176]
25.90915560722351,1001,False,5,0,[-8.09579498  7.92892453  1.27013698],waiting,[-0.48080528  0.59740651 -0.20557775]
25.90915560722351,1002,False,0,6,[5.07968653 4.95716123 3.95062718],cruising,[ 0.5677905  -0.59831228 -0.99408226]
25.90915560722351,1003,False,3,4,[ 8.36404244 -5.88314193  4.        ],exiting,[ 0.63925976  0.24903542 -0.34837281]
25.90915560722351,1004,False,4,1,[7.06109499 2.17037727 4.        ],exiting,[-0.62185191  0.08809385  0.93462812]
25.90915560722351,1005,False,5,3,[-0.36854628 -7.25623436  4.        ],exiting,[ 0.50568378 -0.03156594 -0.11489306]
26.018893003463745,1000,False,0,2,[-7.23962254 -1.62129227  3.5245779 ],landing,[-0.82138112 -0.19970136 -0.21083176]
26.018893003463745,1001,False,5,0,[-8.09579498  7.92892453  1.27013698],queued,[-0.48080528  0.59740651 -0.20557775]
26.018893003463745,1002,False,0,6,[5.27595982 4.91873213 3.9580331 ],cruising,[ 0.5677905  -0.59831228 -0.99408226]
26.018893003463745,1003,False,3,4,[ 8.38834766 -5.98014325  4.        ],exiting,[ 0.63925976  0.24903542 -0.34837281]
26.018893003463745,1004,False,4,1,[6.96119469 2.17484156 4.        ],exiting,[-0.62185191  0.08809385  0.93462812]
26.018893003463745,1005,False,5,3,[-0.35149876 -7.35477055  4.        ],exiting,[ 0.50568378 -0.03156594 -0.11489306]
26.109042644500732,1000,False,0,2,[-7.248742   -1.59953213  3.42740109],landing,[-0.82138112 -0.19970136 -0.21083176]
26.109042644500732,1001,False,5,0,[-8.09579498  7.92892453  1.29013698],queued,[-0.48080528  0.59740651 -0.20557775]
26.109042644500732,1002,False,0,6,[5.47250662 4.88172735 3.96432814],cruising,[ 0.5677905  -0.59831228 -0.99408226]
26.109042644500732,1003,False,3,4,[ 8.41265287 -6.07714457  4.        ],exiting,[ 0.63925976  0.24903542 -0.34837281]
26.109042644500732,1004,False,4,1,[6.86129439 2.17930586 4.        ],exiting,[-0.62185191  0.08809385  0.93462812]
26.109042644500732,1005,False,5,3,[-0.33445124 -7.45330675  4.        ],exiting,[ 0.50568378 -0.03156594 -0.11489306]
26.209500551223755,1000,False,0,2,[-7.25786146 -1.57777199  3.33022429],landing,[-0.82138112 -0.19970136 -0.21083176]
26.209500551223755,1001,False,5,0,[-8.09579498  7.92892453  1.33013698],queued,[-0.48080528  0.59740651 -0.20557775]
26.209500551223755,1002,False,0,6,[5.66935792 4.84637811 3.96967892],exiting,[ 0.5677905  -0.59831228 -0.99408226]
26.209500551223755,1003,False,3,4,[ 8.43695809 -6.1741459   4.        ],exiting,[ 0.63925976  0.24903542 -0.34837281]
26.209500551223755,1004,False,4,1,[6.76139408 2.18377016 4.        ],exiting,[-0.62185191  0.08809385  0.93462812]
26.209500551223755,1005,False,5,3,[-0.31740372 -7.55184295  4.        ],exiting,[ 0.50568378 -0.03156594 -0.11489306]
26.31924080848694,1000,False,0,2,[-7.26698092 -1.55601185  3.23304748],landing,[-0.82138112 -0.19970136 -0.21083176]
26.31924080848694,1001,False,5,0,[-8.09579498  7.92892453  1.39013698],queued,[-0.48080528  0.59740651 -0.20557775]
26.31924080848694,1002,False,0,6,[5.85083608 4.8238221  3.97500682],exiting,[ 0.5677905  -0.59831228 -0.99408226]
26.31924080848694,1003,False,3,4,[ 8.46126331 -6.27114722  4.        ],exiting,[ 0.63925976  0.24903542 -0.34837281]
26.31924080848694,1004,False,4,1,[6.66149378 2.18823445 4.        ],exiting,[-0.62185191  0.08809385  0.93462812]
26.31924080848694,1005,False,5,3,[-0.3003562  -7.65037914  4.        ],exiting,[ 0.50568378 -0.03156594 -0.11489306]
26.420419692993164,1000,False,0,2,[-7.27610038 -1.53425172  3.13587067],landing,[-0.82138112 -0.19970136 -0.21083176]
26.420419692993164,1001,False,5,0,[-8.09579498  7.92892453  1.46513698],queued,[-0.48080528  0.59740651 -0.20557775]
26.420419692993164,1002,False,0,6,[6.01690902 4.81402024 3.9802328 ],exiting,[ 0.5677905  -0.59831228 -0.99408226]
26.420419692993164,1003,False,3,4,[ 8.48556853 -6.36814854  4.        ],exiting,[ 0.63925976  0.24903542 -0.34837281]
26.420419692993164,1004,False,4,1,[6.56159348 2.19269875 4.        ],exiting,[-0.62185191  0.08809385  0.93462812]
26.420419692993164,1005,False,5,3,[-0.28330868 -7.74891534  4.        ],landing,[ 0.50568378 -0.03156594 -0.11489306]
26.52049469947815,1000,False,0,2,[-7.28521984 -1.51249158  3.03869387],landing,[-0.82138112 -0.19970136 -0.21083176]
26.52049469947815,1001,False,5,0,[-8.09579498  7.92892453  1.54013698],queued,[-0.48080528  0.59740651 -0.20557775]
26.52049469947815,1002,False,0,6,[6.16753718 4.81692356 3.98526495],exiting,[ 0.5677905  -0.59831228 -0.99408226]
26.52049469947815,1003,False,3,4,[ 8.50987374 -6.46514986  4.        ],exiting,[ 0.63925976  0.24903542 -0.34837281]
26.52049469947815,1004,False,4,1,[6.46169318 2.19716305 4.        ],exiting,[-0.62185191  0.08809385  0.93462812]
26.52049469947815,1005,False,5,3,[-0.27181405 -7.83433184  3.98596294],landing,[ 0.50568378 -0.03156594 -0.11489306]
26.616564512252808,1000,False,0,2,[-7.2943393  -1.49073144  2.94151706],landing,[-0.82138112 -0.19970136 -0.21083176]
26.616564512252808,1001,False,5,0,[-8.09579498  7.92892453  1.61513698],queued,[-0.48080528  0.59740651 -0.20557775]
26.616564512252808,1002,False,0,6,[6.30267117 4.83246956 3.98999251],exiting,[ 0.5677905  -0.59831228 -0.99408226]
26.616564512252808,1003,False,3,4,[ 8.53417896 -6.56215118  4.        ],exiting,[ 0.63925976  0.24903542 -0.34837281]
26.616564512252808,1004,False,4,1,[6.36179288 2.20162734 4.        ],exiting,[-0.62185191  0.08809385  0.93462812]
26.616564512252808,1005,False,5,3,[-0.26586452 -7.90645286  3.9580521 ],landing,[ 0.50568378 -0.03156594 -0.11489306]
26.71563196182251,1000,False,0,2,[-7.30345876 -1.4689713   2.84434025],landing,[-0.82138112 -0.19970136 -0.21083176]
26.71563196182251,1001,False,5,0,[-8.09579498  7.92892453  1.69013698],queued,[-0.48080528  0.59740651 -0.20557775]
26.71563196182251,1002,False,0,6,[6.42224578 4.86057364 3.99427211],exiting,[ 0.5677905  -0.59831228 -0.99408226]
26.71563196182251,1003,False,3,4,[ 8.55848418 -6.6591525   4.        ],exiting,[ 0.63925976  0.24903542 -0.34837281]
26.71563196182251,1004,False,4,1,[6.26189258 2.20609164 4.        ],exiting,[-0.62185191  0.08809385  0.93462812]
26.71563196182251,1005,False,5,3,[-0.26544982 -7.96507174  3.91646433],landing,[ 0.50568378 -0.03156594 -0.11489306]
26.820507287979126,1000,False,0,2,[-7.31257822 -1.44721116  2.74716344],landing,[-0.82138112 -0.19970136 -0.21083176]
26.820507287979126,1001,False,5,0,[-8.09579498  7.92892453  1.76513698],queued,[-0.48080528  0.59740651 -0.20557775]
26.820507287979126,1002,False,0,6,[6.52617167 4.90111575 3.99790907],exiting,[ 0.5677905  -0.59831228 -0.99408226]
26.820507287979126,1003,False,3,4,[ 8.5827894  -6.75615382  4.        ],exiting,[ 0.63925976  0.24903542 -0.34837281]
26.820507287979126,1004,False,4,1,[6.16199228 2.21055594 4.        ],exiting,[-0.62185191  0.08809385  0.93462812]
26.820507287979126,1005,False,5,3,[-0.27055382 -8.00990693  3.86147681],landing,[ 0.50568378 -0.03156594 -0.11489306]
26.91958522796631,1000,False,0,2,[-7.32169768 -1.42545102  2.64998664],landing,[-0.82138112 -0.19970136 -0.21083176]
26.91958522796631,1001,False,5,0,[-8.09579498  7.92892453  1.84013698],queued,[-0.48080528  0.59740651 -0.20557775]
26.91958522796631,1002,False,0,6,[6.61438496 4.95400737 4.00076887],exiting,[ 0.5677905  -0.59831228 -0.99408226]
26.91958522796631,1003,False,3,4,[ 8.60709461 -6.85315515  4.        ],exiting,[ 0.63925976  0.24903542 -0.34837281]
26.91958522796631,1004,False,4,1,[6.06209198 2.21502024 4.        ],exiting,[-0.62185191  0.08809385  0.93462812]
26.91958522796631,1005,False,5,3,[-0.28116106 -8.04072215  3.79333045],landing,[ 0.50568378 -0.03156594 -0.11489306]
27.009881734848022,1000,False,0,2,[-7.33081713 -1.40369089  2.55280983],landing,[-0.82138112 -0.19970136 -0.21083176]
27.009881734848022,1001,False,5,0,[-8.09579498  7.92892453  1.91513698],queued,[-0.48080528  0.59740651 -0.20557775]
27.009881734848022,1002,False,0,6,[6.68681976 5.01915498 4.00271774],exiting,[ 0.5677905  -0.59831228 -0.99408226]
27.009881734848022,1003,False,3,4,[ 8.63139983 -6.95015647  4.        ],exiting,[ 0.63925976  0.24903542 -0.34837281]
27.009881734848022,1004,False,4,1,[5.96219168 2.21948453 4.        ],exiting,[-0.62185191  0.08809385  0.93462812]
27.009881734848022,1005,False,5,3,[-0.29725563 -8.05729981  3.71225424],landing,[ 0.50568378 -0.03156594 -0.11489306]
27.121618509292603,1000,False,0,2,[-7.33993659 -1.38193075  2.45563302],landing,[-0.82138112 -0.19970136 -0.21083176]
27.121618509292603,1001,False,5,0,[-8.09579498  7.92892453  1.99013698],queued,[-0.48080528  0.59740651 -0.20557775]
27.121618509292603,1002,False,0,6,[6.74340858 5.09646114 4.00363006],exiting,[ 0.5677905  -0.59831228 -0.99408226]
27.121618509292603,1003,False,3,4,[ 8.65570505 -7.04715779  4.        ],exiting,[ 0.63925976  0.24903542 -0.34837281]
27.121618509292603,1004,False,4,1,[5.86229138 2.22394883 4.        ],exiting,[-0.62185191  0.08809385  0.93462812]
27.121618509292603,1005,False,5,3,[-0.3188198  -8.05942073  3.61848605],landing,[ 0.50568378 -0.03156594 -0.11489306]
27.213197708129883,1000,False,0,2,[-7.34905605 -1.36017061  2.35845622],landing,[-0.82138112 -0.19970136 -0.21083176]
27.213197708129883,1001,False,5,0,[-8.09579498  7.92892453  2.06513698],queued,[-0.48080528  0.59740651 -0.20557775]
27.213197708129883,1002,False,0,6,[6.78408201 5.18582626 4.00341025],exiting,[ 0.5677905  -0.59831228 -0.99408226]
27.213197708129883,1003,False,3,4,[ 8.68001027 -7.14415911  4.        ],landing,[ 0.63925976  0.24903542 -0.34837281]
27.213197708129883,1004,False,4,1,[5.76239108 2.22841313 4.        ],exiting,[-0.62185191  0.08809385  0.93462812]
27.213197708129883,1005,False,5,3,[-0.34191961 -8.05740569  3.5212115 ],landing,[ 0.50568378 -0.03156594 -0.11489306]
27.31178569793701,1000,False,0,2,[-7.35817551 -1.33841047  2.26127941],landing,[-0.82138112 -0.19970136 -0.21083176]
27.31178569793701,1001,False,5,0,[-8.09579498  7.92892453  2.14013698],queued,[-0.48080528  0.59740651 -0.20557775]
27.31178569793701,1002,False,0,6,[6.81890673 5.2795665  4.00282098],exiting,[ 0.5677905  -0.59831228 -0.99408226]
27.31178569793701,1003,False,3,4,[ 8.69782105 -7.22860652  3.98585003],landing,[ 0.63925976  0.24903542 -0.34837281]
27.31178569793701,1004,False,4,1,[5.66249078 2.23287742 4.        ],exiting,[-0.62185191  0.08809385  0.93462812]
27.31178569793701,1005,False,5,3,[-0.36501943 -8.05539064  3.42393695],landing,[ 0.50568378 -0.03156594 -0.11489306]
27.41652274131775,1000,False,0,2,[-7.36729497 -1.31665033  2.1641026 ],landing,[-0.82138112 -0.19970136 -0.21083176]
27.41652274131775,1001,False,5,0,[-8.09579498  7.92892453  2.21513698],queued,[-0.48080528  0.59740651 -0.20557775]
27.41652274131775,1002,False,0,6,[6.85373146 5.37330675 4.00233203],exiting,[ 0.5677905  -0.59831228 -0.99408226]
27.41652274131775,1003,False,3,4,[ 8.70913136 -7.30032284  3.9577121 ],landing,[ 0.63925976  0.24903542 -0.34837281]
27.41652274131775,1004,False,4,1,[5.56259048 2.23734172 4.        ],landing,[-0.62185191  0.08809385  0.93462812]
27.41652274131775,1005,False,5,3,[-0.38811924 -8.0533756   3.3266624 ],landing,[ 0.50568378 -0.03156594 -0.11489306]
27.52223515510559,1000,False,0,2,[-7.37641443 -1.29489019  2.06692579],landing,[-0.82138112 -0.19970136 -0.21083176]
27.52223515510559,1001,False,5,0,[-8.09579498  7.92892453  2.29013698],queued,[-0.48080528  0.59740651 -0.20557775]
27.52223515510559,1002,False,0,6,[6.88855619 5.467047   4.00192653],exiting,[ 0.5677905  -0.59831228 -0.99408226]
27.52223515510559,1003,False,3,4,[ 8.71393518 -7.35909897  3.91578224],landing,[ 0.63925976  0.24903542 -0.34837281]
27.52223515510559,1004,False,4,1,[5.47661464 2.23802944 3.98614912],landing,[-0.62185191  0.08809385  0.93462812]
27.52223515510559,1005,False,5,3,[-0.41121906 -8.05136056  3.22938785],landing,[ 0.50568378 -0.03156594 -0.11489306]
27.61847996711731,1000,False,0,2,[-7.38553389 -1.27313006  1.96974899],landing,[-0.82138112 -0.19970136 -0.21083176]
27.61847996711731,1001,False,5,0,[-8.09579498  7.92892453  2.36513698],queued,[-0.48080528  0.59740651 -0.20557775]
27.61847996711731,1002,False,0,6,[6.92338092 5.56078726 4.00159041],exiting,[ 0.5677905  -0.59831228 -0.99408226]
27.61847996711731,1003,False,3,4,[ 8.71222638 -7.40464712  3.8603392 ],landing,[ 0.63925976  0.24903542 -0.34837281]
27.61847996711731,1004,False,4,1,[5.40473407 2.23497065 3.95861296],landing,[-0.62185191  0.08809385  0.93462812]
27.61847996711731,1005,False,5,3,[-0.43431887 -8.04934551  3.1321133 ],landing,[ 0.50568378 -0.03156594 -0.11489306]
27.72408151626587,1000,False,0,2,[-7.39465335 -1.25136992  1.87257218],landing,[-0.82138112 -0.19970136 -0.21083176]
27.72408151626587,1001,False,5,0,[-8.09579498  7.92892453  2.44013698],queued,[-0.48080528  0.59740651 -0.20557775]
27.72408151626587,1002,False,0,6,[6.95820565 5.65452752 4.00131196],exiting,[ 0.5677905  -0.59831228 -0.99408226]
27.72408151626587,1003,False,3,4,[ 8.70400187 -7.43673474  3.7916161 ],landing,[ 0.63925976  0.24903542 -0.34837281]
27.72408151626587,1004,False,4,1,[5.34714824 2.22820165 3.91758996],landing,[-0.62185191  0.08809385  0.93462812]
27.72408151626587,1005,False,5,3,[-0.45741869 -8.04733047  3.03483875],landing,[ 0.50568378 -0.03156594 -0.11489306]
27.82013726234436,1000,False,0,2,[-7.40377281 -1.22960978  1.77539537],landing,[-0.82138112 -0.19970136 -0.21083176]
27.82013726234436,1001,False,5,0,[-8.09579498  7.92892453  2.51513698],entering,[-0.48080528  0.59740651 -0.20557775]
27.82013726234436,1002,False,0,6,[6.99303039 5.74826778 4.00108142],exiting,[ 0.5677905  -0.59831228 -0.99408226]
27.82013726234436,1003,False,3,4,[ 8.68926034 -7.4551417   3.70984049],landing,[ 0.63925976  0.24903542 -0.34837281]
27.82013726234436,1004,False,4,1,[5.30412452 2.2177731  3.86335512],landing,[-0.62185191  0.08809385  0.93462812]
27.82013726234436,1005,False,5,3,[-0.4805185  -8.04531543  2.9375642 ],landing,[ 0.50568378 -0.03156594 -0.11489306]
27.909091472625732,1000,False,0,2,[-7.41289227 -1.20784964  1.67821857],landing,[-0.82138112 -0.19970136 -0.21083176]
27.909091472625732,1001,False,5,0,[-8.07794597  7.91990163  2.59013698],entering,[-0.48080528  0.59740651 -0.20557775]
27.909091472625732,1002,False,0,6,[7.02785512 5.84200804 4.00089065],exiting,[ 0.5677905  -0.59831228 -0.99408226]
27.909091472625732,1003,False,3,4,[ 8.66800214 -7.4596461   3.61524882],landing,[ 0.63925976  0.24903542 -0.34837281]
27.909091472625732,1004,False,4,1,[5.27590084 2.20373219 3.79616228],landing,[-0.62185191  0.08809385  0.93462812]
27.909091472625732,1005,False,5,3,[-0.50361832 -8.04330038  2.84028965],landing,[ 0.50568378 -0.03156594 -0.11489306]
28.01281976699829,1000,False,0,2,[-7.42201173 -1.1860895   1.58104176],landing,[-0.82138112 -0.19970136 -0.21083176]
28.01281976699829,1001,False,5,0,[-8.04223427  7.90188292  2.66513698],entering,[-0.48080528  0.59740651 -0.20557775]
28.01281976699829,1002,False,0,6,[7.06267985 5.93574831 4.0007329 ],exiting,[ 0.5677905  -0.59831228 -0.99408226]
28.01281976699829,1003,False,3,4,[ 8.64529923 -7.46101758  3.51786968],landing,[ 0.63925976  0.24903542 -0.34837281]
28.01281976699829,1004,False,4,1,[5.2626872  2.18612227 3.71624306],landing,[-0.62185191  0.08809385  0.93462812]
28.01281976699829,1005,False,5,3,[-0.52671813 -8.04128534  2.7430151 ],landing,[ 0.50568378 -0.03156594 -0.11489306]
28.11194658279419,1000,False,0,2,[-7.43113119 -1.16432936  1.48386495],fake_landed,[-0.82138112 -0.19970136 -0.21083176]
28.11194658279419,1001,False,5,0,[-7.98862974  7.87492853  2.74013698],entering,[-0.48080528  0.59740651 -0.20557775]
28.11194658279419,1002,False,0,6,[7.09750459 6.02948858 4.00060253],exiting,[ 0.5677905  -0.59831228 -0.99408226]
28.11194658279419,1003,False,3,4,[ 8.62259633 -7.46238905  3.42049054],landing,[ 0.63925976  0.24903542 -0.34837281]
28.11194658279419,1004,False,4,1,[5.26469477 2.16498867 3.62383792],landing,[-0.62185191  0.08809385  0.93462812]
28.11194658279419,1005,False,5,3,[-0.54981795 -8.03927029  2.64574055],landing,[ 0.50568378 -0.03156594 -0.11489306]
28.21124529838562,1000,False,0,2,[-7.43842675 -1.14692125  1.40612351],fake_landed,[-0.82138112 -0.19970136 -0.21083176]
28.21124529838562,1001,False,5,0,[-7.91707527  7.83915371  2.81513698],entering,[-0.48080528  0.59740651 -0.20557775]
28.21124529838562,1002,False,0,6,[7.13232932 6.12322884 4.00049487],exiting,[ 0.5677905  -0.59831228 -0.99408226]
28.21124529838562,1003,False,3,4,[ 8.59989342 -7.46376053  3.3231114 ],landing,[ 0.63925976  0.24903542 -0.34837281]
28.21124529838562,1004,False,4,1,[5.27264658 2.14251633 3.52672066],landing,[-0.62185191  0.08809385  0.93462812]
28.21124529838562,1005,False,5,3,[-0.57291776 -8.03725525  2.548466  ],landing,[ 0.50568378 -0.03156594 -0.11489306]
28.323065757751465,1000,False,0,2,[-7.44389843 -1.13386517  1.34781742],fake_landed,[-0.82138112 -0.19970136 -0.21083176]
28.323065757751465,1001,False,5,0,[-7.82752268  7.79465724  2.89013698],entering,[-0.48080528  0.59740651 -0.20557775]
28.323065757751465,1002,False,0,6,[7.16715406 6.21696911 4.00040603],exiting,[ 0.5677905  -0.59831228 -0.99408226]
28.323065757751465,1003,False,3,4,[ 8.57719051 -7.46513201  3.22573226],landing,[ 0.63925976  0.24903542 -0.34837281]
28.323065757751465,1004,False,4,1,[5.28059838 2.12004398 3.4296034 ],landing,[-0.62185191  0.08809385  0.93462812]
28.323065757751465,1005,False,5,3,[-0.59601758 -8.03524021  2.45119145],landing,[ 0.50568378 -0.03156594 -0.11489306]
28.417222261428833,1000,False,0,2,[-7.44754621 -1.12516111  1.3089467 ],fake_landed,[-0.82138112 -0.19970136 -0.21083176]
28.417222261428833,1001,False,5,0,[-7.7199478   7.74148914  2.96513698],entering,[-0.48080528  0.59740651 -0.20557775]
28.417222261428833,1002,False,0,6,[7.20197879 6.31070938 4.00033277],exiting,[ 0.5677905  -0.59831228 -0.99408226]
28.417222261428833,1003,False,3,4,[ 8.55448761 -7.46650349  3.12835312],landing,[ 0.63925976  0.24903542 -0.34837281]
28.417222261428833,1004,False,4,1,[5.28855019 2.09757164 3.33248613],landing,[-0.62185191  0.08809385  0.93462812]
28.417222261428833,1005,False,5,3,[-0.61911739 -8.03322516  2.3539169 ],landing,[ 0.50568378 -0.03156594 -0.11489306]
28.515653133392334,1000,False,0,2,[-7.4493701  -1.12080909  1.28951134],fake_landed,[-0.82138112 -0.19970136 -0.21083176]
28.515653133392334,1001,False,5,0,[-7.59432914  7.6796942   3.04013698],entering,[-0.48080528  0.59740651 -0.20557775]
28.515653133392334,1002,False,0,6,[7.23680353 6.40444964 4.00027242],exiting,[ 0.5677905  -0.59831228 -0.99408226]
28.515653133392334,1003,False,3,4,[ 8.5317847  -7.46787497  3.03097398],landing,[ 0.63925976  0.24903542 -0.34837281]
28.515653133392334,1004,False,4,1,[5.29650199 2.07509929 3.23536887],landing,[-0.62185191  0.08809385  0.93462812]
28.515653133392334,1005,False,5,3,[-0.64221721 -8.03121012  2.25664235],landing,[ 0.50568378 -0.03156594 -0.11489306]
28.609212398529053,1000,False,0,2,[-7.4493701  -1.12080909  1.28951134],fake_landed,[-0.82138112 -0.19970136 -0.21083176]
28.609212398529053,1001,False,5,0,[-7.45021954  7.61027791  3.11513698],entering,[-0.48080528  0.59740651 -0.20557775]
28.609212398529053,1002,False,0,6,[7.27162826 6.49818991 4.00022273],exiting,[ 0.5677905  -0.59831228 -0.99408226]
28.609212398529053,1003,False,3,4,[ 8.5090818  -7.46924645  2.93359484],landing,[ 0.63925976  0.24903542 -0.34837281]
28.609212398529053,1004,False,4,1,[5.3044538  2.05262694 3.13825161],landing,[-0.62185191  0.08809385  0.93462812]
28.609212398529053,1005,False,5,3,[-0.66531703 -8.02919507  2.1593678 ],landing,[ 0.50568378 -0.03156594 -0.11489306]
28.711287260055542,1000,False,2,5,[-7.4493701  -1.12080909  1.28951134],waiting,[-0.82138112 -0.19970136 -0.21083176]
28.711287260055542,1001,False,5,0,[-7.28739443  7.53380971  3.19013698],entering,[-0.48080528  0.59740651 -0.20557775]
28.711287260055542,1002,False,0,6,[7.306453   6.59193018 4.00018186],exiting,[ 0.5677905  -0.59831228 -0.99408226]
28.711287260055542,1003,False,3,4,[ 8.48637889 -7.47061793  2.8362157 ],landing,[ 0.63925976  0.24903542 -0.34837281]
28.711287260055542,1004,False,4,1,[5.3124056  2.0301546  3.04113435],landing,[-0.62185191  0.08809385  0.93462812]
28.711287260055542,1005,False,5,3,[-0.68841684 -8.02718003  2.06209325],landing,[ 0.50568378 -0.03156594 -0.11489306]
28.81799006462097,1000,False,2,5,[-7.4493701  -1.12080909  1.28951134],waiting,[-0.82138112 -0.19970136 -0.21083176]
28.81799006462097,1001,False,5,0,[-7.10507016  7.45289368  3.26513698],entering,[-0.48080528  0.59740651 -0.20557775]
28.81799006462097,1002,False,0,6,[7.34127773 6.68567045 4.00014829],exiting,[ 0.5677905  -0.59831228 -0.99408226]
28.81799006462097,1003,False,3,4,[ 8.46367599 -7.47198941  2.73883655],landing,[ 0.63925976  0.24903542 -0.34837281]
28.81799006462097,1004,False,4,1,[5.32035741 2.00768225 2.94401709],landing,[-0.62185191  0.08809385  0.93462812]
28.81799006462097,1005,False,5,3,[-0.71151666 -8.02516499  1.9648187 ],landing,[ 0.50568378 -0.03156594 -0.11489306]
28.91156816482544,1000,False,2,5,[-7.4493701  -1.12080909  1.28951134],waiting,[-0.82138112 -0.19970136 -0.21083176]
28.91156816482544,1001,False,5,0,[-6.92124684  7.37409656  3.34013698],entering,[-0.48080528  0.59740651 -0.20557775]
28.91156816482544,1002,False,0,6,[7.37610247 6.77941071 4.00012072],exiting,[ 0.5677905  -0.59831228 -0.99408226]
28.91156816482544,1003,False,3,4,[ 8.44097308 -7.47336089  2.64145741],landing,[ 0.63925976  0.24903542 -0.34837281]
28.91156816482544,1004,False,4,1,[5.32830921 1.98520991 2.84689983],landing,[-0.62185191  0.08809385  0.93462812]
28.91156816482544,1005,False,5,3,[-0.73461647 -8.02314994  1.86754415],landing,[ 0.50568378 -0.03156594 -0.11489306]
29.00943922996521,1000,False,2,5,[-7.4493701  -1.12080909  1.28951134],waiting,[-0.82138112 -0.19970136 -0.21083176]
29.00943922996521,1001,False,5,0,[-6.73528924  7.30047747  3.41513698],entering,[-0.48080528  0.59740651 -0.20557775]
29.00943922996521,1002,False,0,6,[7.4109272  6.87315098 4.00009812],exiting,[ 0.5677905  -0.59831228 -0.99408226]
29.00943922996521,1003,False,3,4,[ 8.41827017 -7.47473236  2.54407827],landing,[ 0.63925976  0.24903542 -0.34837281]
29.00943922996521,1004,False,4,1,[5.33626102 1.96273756 2.74978257],landing,[-0.62185191  0.08809385  0.93462812]
29.00943922996521,1005,False,5,3,[-0.75771629 -8.0211349   1.7702696 ],landing,[ 0.50568378 -0.03156594 -0.11489306]
29.115673303604126,1000,False,2,5,[-7.4493701  -1.12080909  1.28951134],waiting,[-0.82138112 -0.19970136 -0.21083176]
29.115673303604126,1001,False,5,0,[-6.5477362   7.23102347  3.49013698],entering,[-0.48080528  0.59740651 -0.20557775]
29.115673303604126,1002,False,0,6,[7.44575194 6.96689125 4.00007961],exiting,[ 0.5677905  -0.59831228 -0.99408226]
29.115673303604126,1003,False,3,4,[ 8.39556727 -7.47610384  2.44669913],landing,[ 0.63925976  0.24903542 -0.34837281]
29.115673303604126,1004,False,4,1,[5.34421282 1.94026522 2.6526653 ],landing,[-0.62185191  0.08809385  0.93462812]
29.115673303604126,1005,False,5,3,[-0.7808161  -8.01911986  1.67299505],landing,[ 0.50568378 -0.03156594 -0.11489306]
29.21049928665161,1000,False,2,5,[-7.4493701  -1.12080909  1.28951134],waiting,[-0.82138112 -0.19970136 -0.21083176]
29.21049928665161,1001,False,5,0,[-6.35847802  7.16636018  3.56513698],entering,[-0.48080528  0.59740651 -0.20557775]
29.21049928665161,1002,False,0,6,[7.48057668 7.06063152 4.00006447],exiting,[ 0.5677905  -0.59831228 -0.99408226]
29.21049928665161,1003,False,3,4,[ 8.37286436 -7.47747532  2.34931999],landing,[ 0.63925976  0.24903542 -0.34837281]
29.21049928665161,1004,False,4,1,[5.35216463 1.91779287 2.55554804],landing,[-0.62185191  0.08809385  0.93462812]
29.21049928665161,1005,False,5,3,[-0.80391592 -8.01710481  1.5757205 ],landing,[ 0.50568378 -0.03156594 -0.11489306]
29.3120858669281,1000,False,2,5,[-7.4493701  -1.12080909  1.28951134],waiting,[-0.82138112 -0.19970136 -0.21083176]
29.3120858669281,1001,False,5,0,[-6.16717084  7.10803727  3.63036644],entering,[-0.48080528  0.59740651 -0.20557775]
29.3120858669281,1002,False,0,6,[7.51540141 7.15437178 4.0000521 ],exiting,[ 0.5677905  -0.59831228 -0.99408226]
29.3120858669281,1003,False,3,4,[ 8.35016146 -7.4788468   2.25194085],landing,[ 0.63925976  0.24903542 -0.34837281]
29.3120858669281,1004,False,4,1,[5.36011644 1.89532053 2.45843078],landing,[-0.62185191  0.08809385  0.93462812]
29.3120858669281,1005,False,5,3,[-0.82701573 -8.01508977  1.47844595],fake_landed,[ 0.50568378 -0.03156594 -0.11489306]
29.41300654411316,1000,False,2,5,[-7.4493701  -1.12080909  1.28951134],waiting,[-0.82138112 -0.19970136 -0.21083176]
29.41300654411316,1001,False,5,0,[-5.9736047   7.05771678  3.68581147],entering,[-0.48080528  0.59740651 -0.20557775]
29.41300654411316,1002,False,0,6,[7.55022615 7.24811205 4.000042  ],exiting,[ 0.5677905  -0.59831228 -0.99408226]
29.41300654411316,1003,False,3,4,[ 8.32745855 -7.48021828  2.15456171],landing,[ 0.63925976  0.24903542 -0.34837281]
29.41300654411316,1004,False,4,1,[5.36806824 1.87284818 2.36131352],landing,[-0.62185191  0.08809385  0.93462812]
29.41300654411316,1005,False,5,3,[-0.84549558 -8.01347773  1.40062631],fake_landed,[ 0.50568378 -0.03156594 -0.11489306]
29.50906276702881,1000,False,2,5,[-7.4493701  -1.12080909  1.28951134],waiting,[-0.82138112 -0.19970136 -0.21083176]
29.50906276702881,1001,False,5,0,[-5.77802771  7.01588807  3.73293975],entering,[-0.48080528  0.59740651 -0.20557775]
29.50906276702881,1002,False,0,6,[7.58505088 7.34185232 4.00003378],exiting,[ 0.5677905  -0.59831228 -0.99408226]
29.50906276702881,1003,False,3,4,[ 8.30475564 -7.48158976  2.05718257],landing,[ 0.63925976  0.24903542 -0.34837281]
29.50906276702881,1004,False,4,1,[5.37602005 1.85037583 2.26419626],landing,[-0.62185191  0.08809385  0.93462812]
29.50906276702881,1005,False,5,3,[-0.85935547 -8.01226871  1.34226158],fake_landed,[ 0.50568378 -0.03156594 -0.11489306]
29.61367893218994,1000,False,2,5,[-7.4493701  -1.12080909  1.28951134],waiting,[-0.82138112 -0.19970136 -0.21083176]
29.61367893218994,1001,False,5,0,[-5.58077219  6.98286903  3.77299879],entering,[-0.48080528  0.59740651 -0.20557775]
29.61367893218994,1002,False,0,6,[7.61987562 7.43559259 4.0000271 ],exiting,[ 0.5677905  -0.59831228 -0.99408226]
29.61367893218994,1003,False,3,4,[ 8.28205274 -7.48296124  1.95980343],landing,[ 0.63925976  0.24903542 -0.34837281]
29.61367893218994,1004,False,4,1,[5.38397185 1.82790349 2.167079  ],landing,[-0.62185191  0.08809385  0.93462812]
29.61367893218994,1005,False,5,3,[-0.8685954  -8.01146269  1.30335176],fake_landed,[ 0.50568378 -0.03156594 -0.11489306]
29.7140212059021,1000,False,2,5,[-7.4493701  -1.12080909  1.28951134],waiting,[-0.82138112 -0.19970136 -0.21083176]
29.7140212059021,1001,False,5,0,[-5.38184646  6.96216743  3.80704897],entering,[-0.48080528  0.59740651 -0.20557775]
29.7140212059021,1002,False,0,6,[7.65470035 7.52933286 4.00002167],exiting,[ 0.5677905  -0.59831228 -0.99408226]
29.7140212059021,1003,False,3,4,[ 8.25934983 -7.48433272  1.86242429],landing,[ 0.63925976  0.24903542 -0.34837281]
29.7140212059021,1004,False,4,1,[5.39192366 1.80543114 2.06996174],landing,[-0.62185191  0.08809385  0.93462812]
29.7140212059021,1005,False,5,3,[-0.87321536 -8.01105968  1.28389685],fake_landed,[ 0.50568378 -0.03156594 -0.11489306]
29.810075044631958,1000,False,2,5,[-7.4493701  -1.12080909  1.28951134],waiting,[-0.82138112 -0.19970136 -0.21083176]
29.810075044631958,1001,False,5,0,[-5.18211553  6.95179652  3.83599162],entering,[-0.48080528  0.59740651 -0.20557775]
29.810075044631958,1002,False,0,6,[7.68952509 7.62307312 4.00001727],exiting,[ 0.5677905  -0.59831228 -0.99408226]
29.810075044631958,1003,False,3,4,[ 8.23664693 -7.4857042   1.76504514],landing,[ 0.63925976  0.24903542 -0.34837281]
29.810075044631958,1004,False,4,1,[5.39987546 1.7829588  1.97284447],landing,[-0.62185191  0.08809385  0.93462812]
29.810075044631958,1005,False,5,3,[-0.87321536 -8.01105968  1.28389685],fake_landed,[ 0.50568378 -0.03156594 -0.11489306]
29.918156623840332,1000,False,2,5,[-7.4493701  -1.12080909  1.28951134],waiting,[-0.82138112 -0.19970136 -0.21083176]
29.918156623840332,1001,False,5,0,[-4.98211557  6.95166819  3.86059288],cruising,[-0.48080528  0.59740651 -0.20557775]
29.918156623840332,1002,False,0,6,[7.72434982 7.71681339 4.00001371],exiting,[ 0.5677905  -0.59831228 -0.99408226]
29.918156623840332,1003,False,3,4,[ 8.21394402 -7.48707568  1.667666  ],landing,[ 0.63925976  0.24903542 -0.34837281]
29.918156623840332,1004,False,4,1,[5.40782727 1.76048645 1.87572721],landing,[-0.62185191  0.08809385  0.93462812]
29.918156623840332,1005,False,3,2,[-0.87321536 -8.01105968  1.28389685],waiting,[ 0.50568378 -0.03156594 -0.11489306]
30.01271152496338,1000,False,2,5,[-7.4493701  -1.12080909  1.28951134],waiting,[-0.82138112 -0.19970136 -0.21083176]
30.01271152496338,1001,False,5,0,[-4.78234803  6.96130814  3.88150395],cruising,[-0.48080528  0.59740651 -0.20557775]
30.01271152496338,1002,False,0,6,[7.75917456 7.81055366 4.00001084],exiting,[ 0.5677905  -0.59831228 -0.99408226]
30.01271152496338,1003,False,3,4,[ 8.19124111 -7.48844715  1.57028686],landing,[ 0.63925976  0.24903542 -0.34837281]
30.01271152496338,1004,False,4,1,[5.41577907 1.73801411 1.77860995],landing,[-0.62185191  0.08809385  0.93462812]
30.01271152496338,1005,False,3,2,[-0.87321536 -8.01105968  1.28389685],waiting,[ 0.50568378 -0.03156594 -0.11489306]
30.109781742095947,1000,False,2,5,[-7.4493701  -1.12080909  1.28951134],waiting,[-0.82138112 -0.19970136 -0.21083176]
30.109781742095947,1001,False,5,0,[-4.58318147  6.97954773  3.89927836],cruising,[-0.48080528  0.59740651 -0.20557775]
30.109781742095947,1002,False,0,6,[7.79399929 7.90429393 4.00000853],exiting,[ 0.5677905  -0.59831228 -0.99408226]
30.109781742095947,1003,False,3,4,[ 8.16853821 -7.48981863  1.47290772],fake_landed,[ 0.63925976  0.24903542 -0.34837281]
30.109781742095947,1004,False,4,1,[5.42373088 1.71554176 1.68149269],landing,[-0.62185191  0.08809385  0.93462812]
30.109781742095947,1005,False,3,2,[-0.87321536 -8.01105968  1.28389685],queued,[ 0.50568378 -0.03156594 -0.11489306]
30.219635725021362,1000,False,2,5,[-7.4493701  -1.12080909  1.28951134],waiting,[-0.82138112 -0.19970136 -0.21083176]
30.219635725021362,1001,False,5,0,[-4.38478077  7.00478979  3.9143866 ],cruising,[-0.48080528  0.59740651 -0.20557775]
30.219635725021362,1002,False,0,6,[7.82882403 7.99803419 4.00000668],exiting,[ 0.5677905  -0.59831228 -0.99408226]
30.219635725021362,1003,False,3,4,[ 8.15037588 -7.49091582  1.39500441],fake_landed,[ 0.63925976  0.24903542 -0.34837281]
30.219635725021362,1004,False,4,1,[5.43168268 1.69306942 1.58437543],landing,[-0.62185191  0.08809385  0.93462812]
30.219635725021362,1005,False,3,2,[-0.87321536 -8.01105968  1.30389685],queued,[ 0.50568378 -0.03156594 -0.11489306]
30.32351040840149,1000,False,2,5,[-7.4493701  -1.12080909  1.28951134],waiting,[-0.82138112 -0.19970136 -0.21083176]
30.32351040840149,1001,False,5,0,[-4.18711859  7.03528017  3.92722861],cruising,[-0.48080528  0.59740651 -0.20557775]
30.32351040840149,1002,False,0,6,[7.86364876 8.09177446 4.0000052 ],exiting,[ 0.5677905  -0.59831228 -0.99408226]
30.32351040840149,1003,False,3,4,[ 8.13675414 -7.4917387   1.33657692],fake_landed,[ 0.63925976  0.24903542 -0.34837281]
30.32351040840149,1004,False,4,1,[5.43963449 1.67059707 1.48725817],fake_landed,[-0.62185191  0.08809385  0.93462812]
30.32351040840149,1005,False,3,2,[-0.87321536 -8.01105968  1.34389685],queued,[ 0.50568378 -0.03156594 -0.11489306]
30.41212248802185,1000,False,2,5,[-7.4493701  -1.12080909  1.28951134],waiting,[-0.82138112 -0.19970136 -0.21083176]
30.41212248802185,1001,False,5,0,[-3.99003436  7.0693067   3.93814432],cruising,[-0.48080528  0.59740651 -0.20557775]
30.41212248802185,1002,False,0,6,[7.8984735  8.18551473 4.00000401],exiting,[ 0.5677905  -0.59831228 -0.99408226]
30.41212248802185,1003,False,3,4,[ 8.12767298 -7.4922873   1.29762527],fake_landed,[ 0.63925976  0.24903542 -0.34837281]
30.41212248802185,1004,False,4,1,[5.44599593 1.65261919 1.40956436],fake_landed,[-0.62185191  0.08809385  0.93462812]
30.41212248802185,1005,False,3,2,[-0.87321536 -8.01105968  1.40389685],queued,[ 0.50568378 -0.03156594 -0.11489306]
30.509743452072144,1000,False,2,5,[-7.4493701  -1.12080909  1.28951134],waiting,[-0.82138112 -0.19970136 -0.21083176]
30.509743452072144,1001,False,5,0,[-3.79330105  7.10530678  3.94742267],cruising,[-0.48080528  0.59740651 -0.20557775]
30.509743452072144,1002,False,0,6,[7.93329824 8.279255   4.00000307],exiting,[ 0.5677905  -0.59831228 -0.99408226]
30.509743452072144,1003,False,3,4,[ 8.1231324  -7.49256159  1.27814944],fake_landed,[ 0.63925976  0.24903542 -0.34837281]
30.509743452072144,1004,False,4,1,[5.45076701 1.63913579 1.351294  ],fake_landed,[-0.62185191  0.08809385  0.93462812]
30.509743452072144,1005,False,3,2,[-0.87321536 -8.01105968  1.47889685],queued,[ 0.50568378 -0.03156594 -0.11489306]
30.609219789505005,1000,False,2,5,[-7.4493701  -1.12080909  1.28951134],queued,[-0.82138112 -0.19970136 -0.21083176]
30.609219789505005,1001,False,5,0,[-3.59623658  7.13944758  3.95530927],cruising,[-0.48080528  0.59740651 -0.20557775]
30.609219789505005,1002,False,0,6,[7.96812297 8.37299527 4.00000233],exiting,[ 0.5677905  -0.59831228 -0.99408226]
30.609219789505005,1003,False,3,4,[ 8.1231324  -7.49256159  1.27814944],fake_landed,[ 0.63925976  0.24903542 -0.34837281]
30.609219789505005,1004,False,4,1,[5.45394774 1.63014685 1.3124471 ],fake_landed,[-0.62185191  0.08809385  0.93462812]
30.609219789505005,1005,False,3,2,[-0.87321536 -8.01105968  1.55389685],queued,[ 0.50568378 -0.03156594 -0.11489306]
30.709046840667725,1000,False,2,5,[-7.4493701  -1.12080909  1.30951134],queued,[-0.82138112 -0.19970136 -0.21083176]
30.709046840667725,1001,False,5,0,[-3.39913982  7.1734015   3.96201288],cruising,[-0.48080528  0.59740651 -0.20557775]
30.709046840667725,1002,False,0,6,[8.00294771 8.46673553 4.00000174],exiting,[ 0.5677905  -0.59831228 -0.99408226]
30.709046840667725,1003,False,4,3,[ 8.1231324  -7.49256159  1.27814944],waiting,[ 0.63925976  0.24903542 -0.34837281]
30.709046840667725,1004,False,4,1,[5.4555381  1.62565238 1.29302364],fake_landed,[-0.62185191  0.08809385  0.93462812]
30.709046840667725,1005,False,3,2,[-0.87321536 -8.01105968  1.62889685],queued,[ 0.50568378 -0.03156594 -0.11489306]
30.815940141677856,1000,False,2,5,[-7.4493701  -1.12080909  1.34951134],queued,[-0.82138112 -0.19970136 -0.21083176]
30.815940141677856,1001,False,5,0,[-3.20181262  7.20598943  3.96771095],cruising,[-0.48080528  0.59740651 -0.20557775]
30.815940141677856,1002,False,0,6,[8.03777244 8.5604758  4.00000129],exiting,[ 0.5677905  -0.59831228 -0.99408226]
30.815940141677856,1003,False,4,3,[ 8.1231324  -7.49256159  1.27814944],waiting,[ 0.63925976  0.24903542 -0.34837281]
30.815940141677856,1004,False,4,1,[5.4555381  1.62565238 1.29302364],fake_landed,[-0.62185191  0.08809385  0.93462812]
30.815940141677856,1005,False,3,2,[-0.87321536 -8.01105968  1.70389685],queued,[ 0.50568378 -0.03156594 -0.11489306]
30.921416759490967,1000,False,2,5,[-7.4493701  -1.12080909  1.40951134],queued,[-0.82138112 -0.19970136 -0.21083176]
30.921416759490967,1001,False,5,0,[-3.00370994  7.23347268  3.97255431],cruising,[-0.48080528  0.59740651 -0.20557775]
30.921416759490967,1002,False,0,6,[8.07259718 8.65421607 4.00000093],exiting,[ 0.5677905  -0.59831228 -0.99408226]
30.921416759490967,1003,False,4,3,[ 8.1231324  -7.49256159  1.27814944],waiting,[ 0.63925976  0.24903542 -0.34837281]
30.921416759490967,1004,False,1,4,[5.4555381  1.62565238 1.29302364],waiting,[-0.62185191  0.08809385  0.93462812]
30.921416759490967,1005,False,3,2,[-0.87321536 -8.01105968  1.77889685],queued,[ 0.50568378 -0.03156594 -0.11489306]
31.018439292907715,1000,False,2,5,[-7.4493701  -1.12080909  1.48451134],queued,[-0.82138112 -0.19970136 -0.21083176]
31.018439292907715,1001,False,5,0,[-2.80520245  7.25786073  3.97667116],cruising,[-0.48080528  0.59740651 -0.20557775]
31.018439292907715,1002,False,0,6,[8.10742191 8.74795634 4.00000065],exiting,[ 0.5677905  -0.59831228 -0.99408226]
31.018439292907715,1003,False,4,3,[ 8.1231324  -7.49256159  1.27814944],waiting,[ 0.63925976  0.24903542 -0.34837281]
31.018439292907715,1004,False,1,4,[5.4555381  1.62565238 1.29302364],waiting,[-0.62185191  0.08809385  0.93462812]
31.018439292907715,1005,False,3,2,[-0.87321536 -8.01105968  1.85389685],entering,[ 0.50568378 -0.03156594 -0.11489306]
31.116664171218872,1000,False,2,5,[-7.4493701  -1.12080909  1.55951134],queued,[-0.82138112 -0.19970136 -0.21083176]
31.116664171218872,1001,False,5,0,[-2.60593348  7.27494511  3.98017049],cruising,[-0.48080528  0.59740651 -0.20557775]
31.116664171218872,1002,False,0,6,[8.14224665 8.8416966  4.00000045],exiting,[ 0.5677905  -0.59831228 -0.99408226]
31.116664171218872,1003,False,4,3,[ 8.1231324  -7.49256159  1.27814944],waiting,[ 0.63925976  0.24903542 -0.34837281]
31.116664171218872,1004,False,1,4,[5.4555381  1.62565238 1.29302364],waiting,[-0.62185191  0.08809385  0.93462812]
31.116664171218872,1005,False,3,2,[-0.87970679 -7.99214246  1.92889685],entering,[ 0.50568378 -0.03156594 -0.11489306]
31.22169303894043,1000,False,2,5,[-7.4493701  -1.12080909  1.63451134],queued,[-0.82138112 -0.19970136 -0.21083176]
31.22169303894043,1001,False,5,0,[-2.40629397  7.28694784  3.98314491],cruising,[-0.48080528  0.59740651 -0.20557775]
31.22169303894043,1002,False,0,6,[8.17707138 8.93543687 4.00000029],exiting,[ 0.5677905  -0.59831228 -0.99408226]
31.22169303894043,1003,False,4,3,[ 8.1231324  -7.49256159  1.27814944],waiting,[ 0.63925976  0.24903542 -0.34837281]
31.22169303894043,1004,False,1,4,[5.4555381  1.62565238 1.29302364],waiting,[-0.62185191  0.08809385  0.93462812]
31.22169303894043,1005,False,3,2,[-0.89268965 -7.95430801  2.00389685],entering,[ 0.50568378 -0.03156594 -0.11489306]
31.314327716827393,1000,False,2,5,[-7.4493701  -1.12080909  1.70951134],queued,[-0.82138112 -0.19970136 -0.21083176]
31.314327716827393,1001,False,5,0,[-2.20629986  7.28848305  3.98567318],cruising,[-0.48080528  0.59740651 -0.20557775]
31.314327716827393,1002,False,0,6,[8.21189612 9.02917714 4.00000017],exiting,[ 0.5677905  -0.59831228 -0.99408226]
31.314327716827393,1003,False,4,3,[ 8.1231324  -7.49256159  1.27814944],queued,[ 0.63925976  0.24903542 -0.34837281]
31.314327716827393,1004,False,1,4,[5.4555381  1.62565238 1.29302364],waiting,[-0.62185191  0.08809385  0.93462812]
31.314327716827393,1005,False,3,2,[-0.91216394 -7.89755634  2.07889685],entering,[ 0.50568378 -0.03156594 -0.11489306]
31.420140743255615,1000,False,2,5,[-7.4493701  -1.12080909  1.78451134],queued,[-0.82138112 -0.19970136 -0.21083176]
31.420140743255615,1001,False,5,0,[-2.00693945  7.27250096  3.9878222 ],cruising,[-0.48080528  0.59740651 -0.20557775]
31.420140743255615,1002,False,0,6,[8.24672085 9.12291741 4.00000009],landing,[ 0.5677905  -0.59831228 -0.99408226]
31.420140743255615,1003,False,4,3,[ 8.1231324  -7.49256159  1.29814944],queued,[ 0.63925976  0.24903542 -0.34837281]
31.420140743255615,1004,False,1,4,[5.4555381  1.62565238 1.29302364],waiting,[-0.62185191  0.08809385  0.93462812]
31.420140743255615,1005,False,3,2,[-0.93812966 -7.82188745  2.15389685],entering,[ 0.50568378 -0.03156594 -0.11489306]
31.52319860458374,1000,False,2,5,[-7.4493701  -1.12080909  1.85951134],queued,[-0.82138112 -0.19970136 -0.21083176]
31.52319860458374,1001,False,5,0,[-1.81001583  7.23755688  3.98964887],cruising,[-0.48080528  0.59740651 -0.20557775]
31.52319860458374,1002,False,0,6,[8.27977214 9.20256613 3.98591869],landing,[ 0.5677905  -0.59831228 -0.99408226]
31.52319860458374,1003,False,4,3,[ 8.1231324  -7.49256159  1.33814944],queued,[ 0.63925976  0.24903542 -0.34837281]
31.52319860458374,1004,False,1,4,[5.4555381  1.62565238 1.29302364],waiting,[-0.62185191  0.08809385  0.93462812]
31.52319860458374,1005,False,3,2,[-0.9705868  -7.72730133  2.22889685],entering,[ 0.50568378 -0.03156594 -0.11489306]
31.620299339294434,1000,False,2,5,[-7.4493701  -1.12080909  1.93451134],queued,[-0.82138112 -0.19970136 -0.21083176]
31.620299339294434,1001,False,5,0,[-1.61674636  7.18610874  3.99120154],cruising,[-0.48080528  0.59740651 -0.20557775]
31.620299339294434,1002,False,0,6,[8.31095475 9.2679747  3.95791875],landing,[ 0.5677905  -0.59831228 -0.99408226]
31.620299339294434,1003,False,4,3,[ 8.1231324  -7.49256159  1.39814944],queued,[ 0.63925976  0.24903542 -0.34837281]
31.620299339294434,1004,False,1,4,[5.4555381  1.62565238 1.29302364],waiting,[-0.62185191  0.08809385  0.93462812]
31.620299339294434,1005,False,3,2,[-1.00953538 -7.61379799  2.30389685],entering,[ 0.50568378 -0.03156594 -0.11489306]
31.72305178642273,1000,False,2,5,[-7.4493701  -1.12080909  2.00951134],queued,[-0.82138112 -0.19970136 -0.21083176]
31.72305178642273,1001,False,5,0,[-1.42772659  7.12075181  3.99252131],cruising,[-0.48080528  0.59740651 -0.20557775]
31.72305178642273,1002,False,0,6,[8.34015561 9.31896875 3.91619677],landing,[ 0.5677905  -0.59831228 -0.99408226]
31.72305178642273,1003,False,4,3,[ 8.1231324  -7.49256159  1.47314944],queued,[ 0.63925976  0.24903542 -0.34837281]
31.72305178642273,1004,False,1,4,[5.4555381  1.62565238 1.29302364],waiting,[-0.62185191  0.08809385  0.93462812]
31.72305178642273,1005,False,3,2,[-1.05497539 -7.48137742  2.37889685],entering,[ 0.50568378 -0.03156594 -0.11489306]
31.814382076263428,1000,False,2,5,[-7.4493701  -1.12080909  2.08451134],queued,[-0.82138112 -0.19970136 -0.21083176]
31.814382076263428,1001,False,5,0,[-1.24303942  7.04400125  3.99364311],cruising,[-0.48080528  0.59740651 -0.20557775]
31.814382076263428,1002,False,0,6,[8.36721824 9.35531086 3.8610305 ],landing,[ 0.5677905  -0.59831228 -0.99408226]
31.814382076263428,1003,False,4,3,[ 8.1231324  -7.49256159  1.54814944],queued,[ 0.63925976  0.24903542 -0.34837281]
31.814382076263428,1004,False,1,4,[5.4555381  1.62565238 1.29302364],waiting,[-0.62185191  0.08809385  0.93462812]
31.814382076263428,1005,False,3,2,[-1.10690682 -7.33003964  2.45389685],entering,[ 0.50568378 -0.03156594 -0.11489306]
31.90949034690857,1000,False,2,5,[-7.4493701  -1.12080909  2.15951134],entering,[-0.82138112 -0.19970136 -0.21083176]
31.90949034690857,1001,False,5,0,[-1.06098375  6.9612019   3.99459665],cruising,[-0.48080528  0.59740651 -0.20557775]
31.90949034690857,1002,False,0,6,[8.39201162 9.37680576 3.79265778],landing,[ 0.5677905  -0.59831228 -0.99408226]
31.90949034690857,1003,False,4,3,[ 8.1231324  -7.49256159  1.62314944],queued,[ 0.63925976  0.24903542 -0.34837281]
31.90949034690857,1004,False,1,4,[5.4555381  1.62565238 1.29302364],waiting,[-0.62185191  0.08809385  0.93462812]
31.90949034690857,1005,False,3,2,[-1.16532969 -7.15978462  2.52889685],entering,[ 0.50568378 -0.03156594 -0.11489306]
32.01510405540466,1000,False,2,5,[-7.4362906  -1.10567877  2.23451134],entering,[-0.82138112 -0.19970136 -0.21083176]
32.01510405540466,1001,False,5,0,[-0.88296566  6.87004511  3.99540715],cruising,[-0.48080528  0.59740651 -0.20557775]
32.01510405540466,1002,False,0,6,[8.41441238 9.3832725  3.711307  ],landing,[ 0.5677905  -0.59831228 -0.99408226]
32.01510405540466,1003,False,4,3,[ 8.1231324  -7.49256159  1.69814944],queued,[ 0.63925976  0.24903542 -0.34837281]
32.01510405540466,1004,False,1,4,[5.4555381  1.62565238 1.29302364],waiting,[-0.62185191  0.08809385  0.93462812]
32.01510405540466,1005,False,3,2,[-1.23149757 -6.97109013  2.60389685],entering,[ 0.50568378 -0.03156594 -0.11489306]
32.11074447631836,1000,False,2,5,[-7.4101465  -1.07540526  2.30951134],entering,[-0.82138112 -0.19970136 -0.21083176]
32.11074447631836,1001,False,5,0,[-0.70828922  6.77263802  3.99609608],cruising,[-0.48080528  0.59740651 -0.20557775]
32.11074447631836,1002,False,0,6,[8.43429481 9.37452969 3.61721544],landing,[ 0.5677905  -0.59831228 -0.99408226]
32.11074447631836,1003,False,4,3,[ 8.1231324  -7.49256159  1.77314944],queued,[ 0.63925976  0.24903542 -0.34837281]
32.11074447631836,1004,False,1,4,[5.4555381  1.62565238 1.29302364],waiting,[-0.62185191  0.08809385  0.93462812]
32.11074447631836,1005,False,3,2,[-1.2976813  -6.78235827  2.67889685],entering,[ 0.50568378 -0.03156594 -0.11489306]
32.216740131378174,1000,False,2,5,[-7.37097084 -1.02996011  2.38451134],entering,[-0.82138112 -0.19970136 -0.21083176]
32.216740131378174,1001,False,5,0,[-0.535278    6.67230299  3.99668166],cruising,[-0.48080528  0.59740651 -0.20557775]
32.216740131378174,1002,False,0,6,[8.45349475 9.36181821 3.51990264],landing,[ 0.5677905  -0.59831228 -0.99408226]
32.216740131378174,1003,False,4,3,[ 8.1231324  -7.49256159  1.84814944],queued,[ 0.63925976  0.24903542 -0.34837281]
32.216740131378174,1004,False,1,4,[5.4555381  1.62565238 1.29302364],waiting,[-0.62185191  0.08809385  0.93462812]
32.216740131378174,1005,False,3,2,[-1.36386503 -6.59362641  2.75389685],entering,[ 0.50568378 -0.03156594 -0.11489306]
32.31997489929199,1000,False,2,5,[-7.31882671 -0.96928936  2.45951134],entering,[-0.82138112 -0.19970136 -0.21083176]
32.31997489929199,1001,False,5,0,[-0.3645419   6.56814358  3.99717942],cruising,[-0.48080528  0.59740651 -0.20557775]
32.31997489929199,1002,False,0,6,[8.47269468 9.34910674 3.42258984],landing,[ 0.5677905  -0.59831228 -0.99408226]
32.31997489929199,1003,False,4,3,[ 8.1231324  -7.49256159  1.92314944],queued,[ 0.63925976  0.24903542 -0.34837281]
32.31997489929199,1004,False,1,4,[5.4555381  1.62565238 1.29302364],waiting,[-0.62185191  0.08809385  0.93462812]
32.31997489929199,1005,False,3,2,[-1.4308274  -6.40516941  2.82889685],entering,[ 0.50568378 -0.03156594 -0.11489306]
32.421064376831055,1000,False,2,5,[-7.25383776 -0.89328856  2.53451134],entering,[-0.82138112 -0.19970136 -0.21083176]
32.421064376831055,1001,False,5,0,[-0.1952614   6.46163484  3.9976025 ],cruising,[-0.48080528  0.59740651 -0.20557775]
32.421064376831055,1002,False,0,6,[8.49189462 9.33639527 3.32527704],landing,[ 0.5677905  -0.59831228 -0.99408226]
32.421064376831055,1003,False,4,3,[ 8.1231324  -7.49256159  1.99814944],queued,[ 0.63925976  0.24903542 -0.34837281]
32.421064376831055,1004,False,1,4,[5.4555381  1.62565238 1.29302364],waiting,[-0.62185191  0.08809385  0.93462812]
32.421064376831055,1005,False,3,2,[-1.49832617 -6.21690386  2.90389685],entering,[ 0.50568378 -0.03156594 -0.11489306]
32.521787881851196,1000,False,2,5,[-7.17632186 -0.80169689  2.60951134],entering,[-0.82138112 -0.19970136 -0.21083176]
32.521787881851196,1001,False,5,0,[-0.02640845  6.35444957  3.99796213],cruising,[-0.48080528  0.59740651 -0.20557775]
32.521787881851196,1002,False,0,6,[8.51109456 9.32368379 3.22796424],landing,[ 0.5677905  -0.59831228 -0.99408226]
32.521787881851196,1003,False,4,3,[ 8.1231324  -7.49256159  2.07314944],queued,[ 0.63925976  0.24903542 -0.34837281]
32.521787881851196,1004,False,1,4,[5.4555381  1.62565238 1.29302364],queued,[-0.62185191  0.08809385  0.93462812]
32.521787881851196,1005,False,3,2,[-1.56582494 -6.02863832  2.97889685],entering,[ 0.50568378 -0.03156594 -0.11489306]
32.60944104194641,1000,False,2,5,[-7.08660342 -0.69425914  2.68451134],entering,[-0.82138112 -0.19970136 -0.21083176]
32.60944104194641,1001,False,5,0,[0.14211284 6.2467436  3.99826781],cruising,[-0.48080528  0.59740651 -0.20557775]
32.60944104194641,1002,False,0,6,[8.53029449 9.31097232 3.13065144],landing,[ 0.5677905  -0.59831228 -0.99408226]
32.60944104194641,1003,False,4,3,[ 8.1231324  -7.49256159  2.14814944],queued,[ 0.63925976  0.24903542 -0.34837281]
32.60944104194641,1004,False,1,4,[5.4555381  1.62565238 1.31302364],queued,[-0.62185191  0.08809385  0.93462812]
32.60944104194641,1005,False,3,2,[-1.63459987 -5.8408352   3.05389685],entering,[ 0.50568378 -0.03156594 -0.11489306]
32.710673809051514,1000,False,2,5,[-6.98523184 -0.57056702  2.75951134],entering,[-0.82138112 -0.19970136 -0.21083176]
32.710673809051514,1001,False,5,0,[0.31089011 6.13943921 3.99852764],cruising,[-0.48080528  0.59740651 -0.20557775]
32.710673809051514,1002,False,0,6,[8.54949443 9.29826085 3.03333864],landing,[ 0.5677905  -0.59831228 -0.99408226]
32.710673809051514,1003,False,4,3,[ 8.1231324  -7.49256159  2.22314944],queued,[ 0.63925976  0.24903542 -0.34837281]
32.710673809051514,1004,False,1,4,[5.4555381  1.62565238 1.35302364],queued,[-0.62185191  0.08809385  0.93462812]
32.710673809051514,1005,False,3,2,[-1.7033748  -5.65303209  3.12889685],entering,[ 0.50568378 -0.03156594 -0.11489306]
32.810953855514526,1000,False,2,5,[-6.87338335 -0.42983864  2.83451134],entering,[-0.82138112 -0.19970136 -0.21083176]
32.810953855514526,1001,False,5,0,[0.4801783  6.03294269 3.99874849],exiting,[-0.48080528  0.59740651 -0.20557775]
32.810953855514526,1002,False,0,6,[8.56869437 9.28554937 2.93602584],landing,[ 0.5677905  -0.59831228 -0.99408226]
32.810953855514526,1003,False,4,3,[ 8.1231324  -7.49256159  2.29814944],queued,[ 0.63925976  0.24903542 -0.34837281]
32.810953855514526,1004,False,1,4,[5.4555381  1.62565238 1.41302364],queued,[-0.62185191  0.08809385  0.93462812]
32.810953855514526,1005,False,3,2,[-1.77329097 -5.46565085  3.20389685],entering,[ 0.50568378 -0.03156594 -0.11489306]
32.91477632522583,1000,False,2,5,[-6.75371131 -0.27070396  2.90951134],entering,[-0.82138112 -0.19970136 -0.21083176]
32.91477632522583,1001,False,5,0,[0.63916588 5.9435896  3.99896976],exiting,[-0.48080528  0.59740651 -0.20557775]
32.91477632522583,1002,False,0,6,[8.58789431 9.2728379  2.83871304],landing,[ 0.5677905  -0.59831228 -0.99408226]
32.91477632522583,1003,False,4,3,[ 8.1231324  -7.49256159  2.37314944],queued,[ 0.63925976  0.24903542 -0.34837281]
32.91477632522583,1004,False,1,4,[5.4555381  1.62565238 1.48802364],queued,[-0.62185191  0.08809385  0.93462812]
32.91477632522583,1005,False,3,2,[-1.84274392 -5.27809743  3.27889685],entering,[ 0.50568378 -0.03156594 -0.11489306]
33.00935888290405,1000,False,2,5,[-6.63694812 -0.10832675  2.98451134],entering,[-0.82138112 -0.19970136 -0.21083176]
33.00935888290405,1001,False,5,0,[0.78769665 5.87128513 3.99918851],exiting,[-0.48080528  0.59740651 -0.20557775]
33.00935888290405,1002,False,0,6,[8.60709424 9.26012643 2.74140025],landing,[ 0.5677905  -0.59831228 -0.99408226]
33.00935888290405,1003,False,4,3,[ 8.1231324  -7.49256159  2.44814944],entering,[ 0.63925976  0.24903542 -0.34837281]
33.00935888290405,1004,False,1,4,[5.4555381  1.62565238 1.56302364],queued,[-0.62185191  0.08809385  0.93462812]
33.00935888290405,1005,False,3,2,[-1.91366408 -5.09109387  3.35389685],entering,[ 0.50568378 -0.03156594 -0.11489306]
33.11753988265991,1000,False,2,5,[-6.52372021  0.05653514  3.05951134],entering,[-0.82138112 -0.19970136 -0.21083176]
33.11753988265991,1001,False,5,0,[0.92559585 5.81592083 3.99940151],exiting,[-0.48080528  0.59740651 -0.20557775]
33.11753988265991,1002,False,0,6,[8.62629418 9.24741495 2.64408745],landing,[ 0.5677905  -0.59831228 -0.99408226]
33.11753988265991,1003,False,4,3,[ 8.11166183 -7.47617787  2.52314944],entering,[ 0.63925976  0.24903542 -0.34837281]
33.11753988265991,1004,False,1,4,[5.4555381  1.62565238 1.63802364],queued,[-0.62185191  0.08809385  0.93462812]
33.11753988265991,1005,False,3,2,[-1.98520361 -4.90432638  3.42889685],entering,[ 0.50568378 -0.03156594 -0.11489306]
33.2151894569397,1000,False,2,5,[-6.41464371  0.22417259  3.13451134],entering,[-0.82138112 -0.19970136 -0.21083176]
33.2151894569397,1001,False,5,0,[1.05266604 5.77737119 3.99960505],exiting,[-0.48080528  0.59740651 -0.20557775]
33.2151894569397,1002,False,0,6,[8.64549412 9.23470348 2.54677465],landing,[ 0.5677905  -0.59831228 -0.99408226]
33.2151894569397,1003,False,4,3,[ 8.08872071 -7.44341044  2.59814944],entering,[ 0.63925976  0.24903542 -0.34837281]
33.2151894569397,1004,False,1,4,[5.4555381  1.62565238 1.71302364],queued,[-0.62185191  0.08809385  0.93462812]
33.2151894569397,1005,False,3,2,[-2.05700559 -4.71765963  3.50389685],entering,[ 0.50568378 -0.03156594 -0.11489306]
33.31609320640564,1000,False,2,5,[-6.3102575   0.39477013  3.20951134],entering,[-0.82138112 -0.19970136 -0.21083176]
33.31609320640564,1001,False,5,0,[1.1686786  5.75548674 3.99979481],exiting,[-0.48080528  0.59740651 -0.20557775]
33.31609320640564,1002,False,0,6,[8.66469405 9.22199201 2.44946185],landing,[ 0.5677905  -0.59831228 -0.99408226]
33.31609320640564,1003,False,4,3,[ 8.05430902 -7.39425929  2.67314944],entering,[ 0.63925976  0.24903542 -0.34837281]
33.31609320640564,1004,False,1,4,[5.4555381  1.62565238 1.78802364],queued,[-0.62185191  0.08809385  0.93462812]
33.31609320640564,1005,False,3,2,[-2.12869947 -4.53095133  3.57831232],entering,[ 0.50568378 -0.03156594 -0.11489306]
33.415658950805664,1000,False,2,5,[-6.211265    0.56855299  3.28451134],entering,[-0.82138112 -0.19970136 -0.21083176]
33.415658950805664,1001,False,5,0,[1.2733538  5.75007844 3.99996543],exiting,[-0.48080528  0.59740651 -0.20557775]
33.415658950805664,1002,False,0,6,[8.68389399 9.20928053 2.35214905],landing,[ 0.5677905  -0.59831228 -0.99408226]
33.415658950805664,1003,False,4,3,[ 8.00842677 -7.32872442  2.74814944],entering,[ 0.63925976  0.24903542 -0.34837281]
33.415658950805664,1004,False,1,4,[5.4555381  1.62565238 1.86302364],queued,[-0.62185191  0.08809385  0.93462812]
33.415658950805664,1005,False,3,2,[-2.19875348 -4.34362158  3.64156547],entering,[ 0.50568378 -0.03156594 -0.11489306]
33.50977444648743,1000,False,2,5,[-6.11849914  0.74573791  3.35951134],entering,[-0.82138112 -0.19970136 -0.21083176]
33.50977444648743,1001,False,5,0,[1.36630369 5.76087251 4.00010944],exiting,[-0.48080528  0.59740651 -0.20557775]
33.50977444648743,1002,False,0,6,[8.70309393 9.19656906 2.25483625],landing,[ 0.5677905  -0.59831228 -0.99408226]
33.50977444648743,1003,False,4,3,[ 7.95107396 -7.24680583  2.82314944],entering,[ 0.63925976  0.24903542 -0.34837281]
33.50977444648743,1004,False,1,4,[5.4555381  1.62565238 1.93802364],queued,[-0.62185191  0.08809385  0.93462812]
33.50977444648743,1005,False,3,2,[-2.26343808 -4.15437068  3.69533065],entering,[ 0.50568378 -0.03156594 -0.11489306]
33.62246346473694,1000,False,2,5,[-6.03292908  0.92650783  3.43451134],entering,[-0.82138112 -0.19970136 -0.21083176]
33.62246346473694,1001,False,5,0,[1.44729031 5.78769403 4.00022244],exiting,[-0.48080528  0.59740651 -0.20557775]
33.62246346473694,1002,False,0,6,[8.72229386 9.18385759 2.15752345],landing,[ 0.5677905  -0.59831228 -0.99408226]
33.62246346473694,1003,False,4,3,[ 7.88225059 -7.14850352  2.89814944],entering,[ 0.63925976  0.24903542 -0.34837281]
33.62246346473694,1004,False,1,4,[5.4555381  1.62565238 2.01302364],queued,[-0.62185191  0.08809385  0.93462812]
33.62246346473694,1005,False,3,2,[-2.32596578 -3.96439625  3.74103105],entering,[ 0.50568378 -0.03156594 -0.11489306]
33.71951174736023,1000,False,2,5,[-5.95571076  1.11099992  3.50951134],entering,[-0.82138112 -0.19970136 -0.21083176]
33.71951174736023,1001,False,5,0,[1.51607359 5.83036096 4.00030034],exiting,[-0.48080528  0.59740651 -0.20557775]
33.71951174736023,1002,False,0,6,[8.7414938  9.17114611 2.06021065],landing,[ 0.5677905  -0.59831228 -0.99408226]
33.71951174736023,1003,False,4,3,[ 7.80203379 -7.03376376  2.97314944],entering,[ 0.63925976  0.24903542 -0.34837281]
33.71951174736023,1004,False,1,4,[5.4555381  1.62565238 2.08802364],queued,[-0.62185191  0.08809385  0.93462812]
33.71951174736023,1005,False,3,2,[-2.38764851 -3.77414578  3.7798764 ],entering,[ 0.50568378 -0.03156594 -0.11489306]
33.81725192070007,1000,False,2,5,[-5.88819261  1.29925852  3.58308464],entering,[-0.82138112 -0.19970136 -0.21083176]
33.81725192070007,1001,False,5,0,[1.57241139 5.88868384 4.0003397 ],exiting,[-0.48080528  0.59740651 -0.20557775]
33.81725192070007,1002,False,0,6,[8.76069374 9.15843464 1.96289785],landing,[ 0.5677905  -0.59831228 -0.99408226]
33.81725192070007,1003,False,4,3,[ 7.70962549 -6.90316944  3.04814944],entering,[ 0.63925976  0.24903542 -0.34837281]
33.81725192070007,1004,False,1,4,[5.4555381  1.62565238 2.16302364],queued,[-0.62185191  0.08809385  0.93462812]
33.81725192070007,1005,False,3,2,[-2.44881129 -3.58372752  3.81289494],cruising,[ 0.50568378 -0.03156594 -0.11489306]
33.91846823692322,1000,False,2,5,[-5.8318908   1.49117024  3.64562194],entering,[-0.82138112 -0.19970136 -0.21083176]
33.91846823692322,1001,False,5,0,[1.61605947 5.96246535 4.00033836],exiting,[-0.48080528  0.59740651 -0.20557775]
33.91846823692322,1002,False,0,6,[8.77989367 9.14572317 1.86558505],landing,[ 0.5677905  -0.59831228 -0.99408226]
33.91846823692322,1003,False,4,3,[ 7.60433865 -6.75727337  3.12314944],entering,[ 0.63925976  0.24903542 -0.34837281]
33.91846823692322,1004,False,1,4,[5.4555381  1.62565238 2.23802364],queued,[-0.62185191  0.08809385  0.93462812]
33.91846823692322,1005,False,3,2,[-2.5040883  -3.39151812  3.8409607 ],cruising,[ 0.50568378 -0.03156594 -0.11489306]
34.0110239982605,1000,False,2,5,[-5.78841001  1.68638658  3.69877865],entering,[-0.82138112 -0.19970136 -0.21083176]
34.0110239982605,1001,False,5,0,[1.64677134 6.05149983 4.00029715],exiting,[-0.48080528  0.59740651 -0.20557775]
34.0110239982605,1002,False,0,6,[8.79909361 9.1330117  1.76827225],landing,[ 0.5677905  -0.59831228 -0.99408226]
34.0110239982605,1003,False,4,3,[ 7.48609249 -6.59614393  3.19814944],entering,[ 0.63925976  0.24903542 -0.34837281]
34.0110239982605,1004,False,1,4,[5.4555381  1.62565238 2.31302364],queued,[-0.62185191  0.08809385  0.93462812]
34.0110239982605,1005,False,3,2,[-2.54966507 -3.19678045  3.86481659],cruising,[ 0.50568378 -0.03156594 -0.11489306]
34.109086751937866,1000,False,2,5,[-5.75928573  1.88425466  3.74396185],entering,[-0.82138112 -0.19970136 -0.21083176]
34.109086751937866,1001,False,5,0,[1.67033878 6.14868304 4.00024208],exiting,[-0.48080528  0.59740651 -0.20557775]
34.109086751937866,1002,False,0,6,[8.81829355 9.12030022 1.67095946],landing,[ 0.5677905  -0.59831228 -0.99408226]
34.109086751937866,1003,False,4,3,[ 7.36741184 -6.43516286  3.27314944],entering,[ 0.63925976  0.24903542 -0.34837281]
34.109086751937866,1004,False,1,4,[5.4555381  1.62565238 2.38802364],queued,[-0.62185191  0.08809385  0.93462812]
34.109086751937866,1005,False,3,2,[-2.59370889 -3.00169037  3.8850941 ],cruising,[ 0.50568378 -0.03156594 -0.11489306]
34.213815212249756,1000,False,2,5,[-5.7457424   2.08379558  3.78236757],entering,[-0.82138112 -0.19970136 -0.21083176]
34.213815212249756,1001,False,5,0,[1.69390622 6.24586624 4.00019691],exiting,[-0.48080528  0.59740651 -0.20557775]
34.213815212249756,1002,False,0,6,[8.83749349 9.10758875 1.57364666],landing,[ 0.5677905  -0.59831228 -0.99408226]
34.213815212249756,1003,False,4,3,[ 7.24505488 -6.27695801  3.34814944],entering,[ 0.63925976  0.24903542 -0.34837281]
34.213815212249756,1004,False,1,4,[5.4555381  1.62565238 2.46302364],queued,[-0.62185191  0.08809385  0.93462812]
34.213815212249756,1005,False,3,2,[-2.63697643 -2.80642665  3.90232999],cruising,[ 0.50568378 -0.03156594 -0.11489306]
34.310628175735474,1000,False,2,5,[-5.74755472  2.28378737  3.81501244],entering,[-0.82138112 -0.19970136 -0.21083176]
34.310628175735474,1001,False,5,0,[1.71747367 6.34304945 4.00015989],exiting,[-0.48080528  0.59740651 -0.20557775]
34.310628175735474,1002,False,0,6,[8.85669342 9.09487728 1.47633386],fake_landed,[ 0.5677905  -0.59831228 -0.99408226]
34.310628175735474,1003,False,4,3,[ 7.12381465 -6.11789573  3.42314944],entering,[ 0.63925976  0.24903542 -0.34837281]
34.310628175735474,1004,False,1,4,[5.4555381  1.62565238 2.53802364],queued,[-0.62185191  0.08809385  0.93462812]
34.310628175735474,1005,False,3,2,[-2.67746152 -2.61056711  3.91698049],cruising,[ 0.50568378 -0.03156594 -0.11489306]
34.41227746009827,1000,False,2,5,[-5.7653694   2.48299238  3.84276057],cruising,[-0.82138112 -0.19970136 -0.21083176]
34.41227746009827,1001,False,5,0,[1.74104111 6.44023265 4.00012959],exiting,[-0.48080528  0.59740651 -0.20557775]
34.41227746009827,1002,False,0,6,[8.87205337 9.0847081  1.39848362],fake_landed,[ 0.5677905  -0.59831228 -0.99408226]
34.41227746009827,1003,False,4,3,[ 6.99697424 -5.96326227  3.49814944],entering,[ 0.63925976  0.24903542 -0.34837281]
34.41227746009827,1004,False,1,4,[5.4555381  1.62565238 2.61302364],entering,[-0.62185191  0.08809385  0.93462812]
34.41227746009827,1005,False,3,2,[-2.71932169 -2.41499685  3.92943342],cruising,[ 0.50568378 -0.03156594 -0.11489306]
34.5209686756134,1000,False,2,5,[-5.79698662  2.68047745  3.86634649],cruising,[-0.82138112 -0.19970136 -0.21083176]
34.5209686756134,1001,False,5,0,[1.76460855 6.53741586 4.00010482],exiting,[-0.48080528  0.59740651 -0.20557775]
34.5209686756134,1002,False,0,6,[8.88357333 9.07708121 1.34009594],fake_landed,[ 0.5677905  -0.59831228 -0.99408226]
34.5209686756134,1003,False,4,3,[ 6.86919495 -5.80940371  3.57314944],entering,[ 0.63925976  0.24903542 -0.34837281]
34.5209686756134,1004,False,1,4,[5.47523091 1.62216054 2.68802364],entering,[-0.62185191  0.08809385  0.93462812]
34.5209686756134,1005,False,3,2,[-2.76280755 -2.21978164  3.9400184 ],cruising,[ 0.50568378 -0.03156594 -0.11489306]
34.61815881729126,1000,False,2,5,[-5.84183421  2.87538433  3.88639451],cruising,[-0.82138112 -0.19970136 -0.21083176]
34.61815881729126,1001,False,5,0,[1.788176   6.63459907 4.00008461],exiting,[-0.48080528  0.59740651 -0.20557775]
34.61815881729126,1002,False,0,6,[8.89125331 9.07199662 1.30117082],fake_landed,[ 0.5677905  -0.59831228 -0.99408226]
34.61815881729126,1003,False,4,3,[ 6.73983273 -5.65687367  3.63717702],entering,[ 0.63925976  0.24903542 -0.34837281]
34.61815881729126,1004,False,1,4,[5.51461088 1.61514503 2.76302364],entering,[-0.62185191  0.08809385  0.93462812]
34.61815881729126,1005,False,3,2,[-2.80742507 -2.02482196  3.94901564],cruising,[ 0.50568378 -0.03156594 -0.11489306]
34.7179160118103,1000,False,2,5,[-5.89621977  3.06784786  3.90343534],cruising,[-0.82138112 -0.19970136 -0.21083176]
34.7179160118103,1001,False,5,0,[1.81174344 6.73178227 4.00006812],exiting,[-0.48080528  0.59740651 -0.20557775]
34.7179160118103,1002,False,0,6,[8.8950933  9.06945433 1.28170826],fake_landed,[ 0.5677905  -0.59831228 -0.99408226]
34.7179160118103,1003,False,4,3,[ 6.60321044 -5.51081084  3.69160047],entering,[ 0.63925976  0.24903542 -0.34837281]
34.7179160118103,1004,False,1,4,[5.57366523 1.6045353  2.83802364],entering,[-0.62185191  0.08809385  0.93462812]
34.7179160118103,1005,False,3,2,[-2.85492243 -1.83054381  3.9566633 ],cruising,[ 0.50568378 -0.03156594 -0.11489306]
34.80904030799866,1000,False,2,5,[-5.95770517  3.2581622   3.91792004],cruising,[-0.82138112 -0.19970136 -0.21083176]
34.80904030799866,1001,False,5,0,[1.83531089 6.82896548 4.00005471],exiting,[-0.48080528  0.59740651 -0.20557775]
34.80904030799866,1002,False,0,6,[8.8950933  9.06945433 1.28170826],fake_landed,[ 0.5677905  -0.59831228 -0.99408226]
34.80904030799866,1003,False,4,3,[ 6.461869   -5.36930961  3.7378604 ],entering,[ 0.63925976  0.24903542 -0.34837281]
34.80904030799866,1004,False,1,4,[5.65231985 1.58994693 2.91302364],entering,[-0.62185191  0.08809385  0.93462812]
34.80904030799866,1005,False,3,2,[-2.90557316 -1.63706383  3.9631638 ],cruising,[ 0.50568378 -0.03156594 -0.11489306]
34.908809185028076,1000,False,2,5,[-6.02390059  3.44688995  3.93023203],cruising,[-0.82138112 -0.19970136 -0.21083176]
34.908809185028076,1001,False,5,0,[1.85887833 6.92614869 4.00004381],exiting,[-0.48080528  0.59740651 -0.20557775]
34.908809185028076,1002,False,6,1,[8.8950933  9.06945433 1.28170826],waiting,[ 0.5677905  -0.59831228 -0.99408226]
34.908809185028076,1003,False,4,3,[ 6.31584735 -5.23264331  3.77718134],entering,[ 0.63925976  0.24903542 -0.34837281]
34.908809185028076,1004,False,1,4,[5.75049337 1.57099822 2.98802364],entering,[-0.62185191  0.08809385  0.93462812]
34.908809185028076,1005,False,3,2,[-2.95971231 -1.44453083  3.96868923],cruising,[ 0.50568378 -0.03156594 -0.11489306]
35.01037955284119,1000,False,2,5,[-6.09253118  3.63474586  3.94069723],cruising,[-0.82138112 -0.19970136 -0.21083176]
35.01037955284119,1001,False,5,0,[1.88244577 7.02333189 4.00003497],exiting,[-0.48080528  0.59740651 -0.20557775]
35.01037955284119,1002,False,6,1,[8.8950933  9.06945433 1.28170826],waiting,[ 0.5677905  -0.59831228 -0.99408226]
35.01037955284119,1003,False,4,3,[ 6.16592275 -5.1002703   3.81060414],entering,[ 0.63925976  0.24903542 -0.34837281]
35.01037955284119,1004,False,1,4,[5.86804426 1.54709801 3.06302364],entering,[-0.62185191  0.08809385  0.93462812]
35.01037955284119,1005,False,3,2,[-3.01771577 -1.25312655  3.97338585],cruising,[ 0.50568378 -0.03156594 -0.11489306]
35.109519481658936,1000,False,2,5,[-6.16142122  3.82250678  3.94959264],cruising,[-0.82138112 -0.19970136 -0.21083176]
35.109519481658936,1001,False,5,0,[1.90601322 7.1205151  4.00002782],exiting,[-0.48080528  0.59740651 -0.20557775]
35.109519481658936,1002,False,6,1,[8.8950933  9.06945433 1.28170826],waiting,[ 0.5677905  -0.59831228 -0.99408226]
35.109519481658936,1003,False,4,3,[ 6.00891859 -4.97637642  3.83901352],entering,[ 0.63925976  0.24903542 -0.34837281]
35.109519481658936,1004,False,1,4,[6.00478623 1.51756728 3.13802364],entering,[-0.62185191  0.08809385  0.93462812]
35.109519481658936,1005,False,3,2,[-3.07998284 -1.06306653  3.97737797],cruising,[ 0.50568378 -0.03156594 -0.11489306]
35.21175718307495,1000,False,2,5,[-6.2284234   4.01094963  3.95715375],cruising,[-0.82138112 -0.19970136 -0.21083176]
35.21175718307495,1001,False,5,0,[1.92958066 7.2176983  4.00002204],exiting,[-0.48080528  0.59740651 -0.20557775]
35.21175718307495,1002,False,6,1,[8.8950933  9.06945433 1.28170826],waiting,[ 0.5677905  -0.59831228 -0.99408226]
35.21175718307495,1003,False,4,3,[ 5.84808775 -4.85749227  3.86316149],cruising,[ 0.63925976  0.24903542 -0.34837281]
35.21175718307495,1004,False,1,4,[6.16004237 1.48047181 3.21302364],entering,[-0.62185191  0.08809385  0.93462812]
35.21175718307495,1005,False,3,2,[-3.14581175 -0.87421062  3.98077127],cruising,[ 0.50568378 -0.03156594 -0.11489306]
35.316354751586914,1000,False,2,5,[-6.29131222  4.20080483  3.96358068],cruising,[-0.82138112 -0.19970136 -0.21083176]
35.316354751586914,1001,False,5,0,[1.9531481  7.31488151 4.00001738],exiting,[-0.48080528  0.59740651 -0.20557775]
35.316354751586914,1002,False,6,1,[8.8950933  9.06945433 1.28170826],waiting,[ 0.5677905  -0.59831228 -0.99408226]
35.316354751586914,1003,False,4,3,[ 5.68076297 -4.74793672  3.88368727],cruising,[ 0.63925976  0.24903542 -0.34837281]
35.316354751586914,1004,False,1,4,[6.33288988 1.43386089 3.28802364],entering,[-0.62185191  0.08809385  0.93462812]
35.316354751586914,1005,False,3,2,[-3.21672794 -0.68720556  3.98365558],cruising,[ 0.50568378 -0.03156594 -0.11489306]
35.409990072250366,1000,False,2,5,[-6.34765011  4.39270595  3.96904358],cruising,[-0.82138112 -0.19970136 -0.21083176]
35.409990072250366,1001,False,5,0,[1.97671555 7.41206472 4.00001364],exiting,[-0.48080528  0.59740651 -0.20557775]
35.409990072250366,1002,False,6,1,[8.8950933  9.06945433 1.28170826],waiting,[ 0.5677905  -0.59831228 -0.99408226]
35.409990072250366,1003,False,4,3,[ 5.51006246 -4.643719    3.90113418],cruising,[ 0.63925976  0.24903542 -0.34837281]
35.409990072250366,1004,False,1,4,[6.51921508 1.37247324 3.36302364],entering,[-0.62185191  0.08809385  0.93462812]
35.409990072250366,1005,False,3,2,[-3.29314561 -0.5023804   3.98610725],cruising,[ 0.50568378 -0.03156594 -0.11489306]
35.523390769958496,1000,False,2,5,[-6.38838984  4.58851268  3.97368704],exiting,[-0.82138112 -0.19970136 -0.21083176]
35.523390769958496,1001,False,5,0,[2.00028299 7.50924792 4.00001064],exiting,[-0.48080528  0.59740651 -0.20557775]
35.523390769958496,1002,False,6,1,[8.8950933  9.06945433 1.28170826],waiting,[ 0.5677905  -0.59831228 -0.99408226]
35.523390769958496,1003,False,4,3,[ 5.33479178 -4.54738526  3.91596405],cruising,[ 0.63925976  0.24903542 -0.34837281]
35.523390769958496,1004,False,1,4,[6.70612899 1.30131715 3.43802364],entering,[-0.62185191  0.08809385  0.93462812]
35.523390769958496,1005,False,3,2,[-3.3754495  -0.3201002   3.98819116],cruising,[ 0.50568378 -0.03156594 -0.11489306]
35.62031364440918,1000,False,2,5,[-6.43235562  4.76458131  3.97833711],exiting,[-0.82138112 -0.19970136 -0.21083176]
35.62031364440918,1001,False,5,0,[2.02385044 7.60643113 4.00000825],exiting,[-0.48080528  0.59740651 -0.20557775]
35.62031364440918,1002,False,6,1,[8.8950933  9.06945433 1.28170826],waiting,[ 0.5677905  -0.59831228 -0.99408226]
35.62031364440918,1003,False,4,3,[ 5.1574428  -4.45493342  3.92856944],cruising,[ 0.63925976  0.24903542 -0.34837281]
35.62031364440918,1004,False,1,4,[6.88903506 1.22041369 3.51302364],entering,[-0.62185191  0.08809385  0.93462812]
35.62031364440918,1005,False,3,2,[-3.46208525 -0.1398386   3.98996249],cruising,[ 0.50568378 -0.03156594 -0.11489306]
35.71043920516968,1000,False,2,5,[-6.47977984  4.92095163  3.98286002],exiting,[-0.82138112 -0.19970136 -0.21083176]
35.71043920516968,1001,False,5,0,[2.04741788 7.70361434 4.00000634],exiting,[-0.48080528  0.59740651 -0.20557775]
35.71043920516968,1002,False,6,1,[8.8950933  9.06945433 1.28170826],waiting,[ 0.5677905  -0.59831228 -0.99408226]
35.71043920516968,1003,False,4,3,[ 4.97730008 -4.36805075  3.93928403],cruising,[ 0.63925976  0.24903542 -0.34837281]
35.71043920516968,1004,False,1,4,[7.06693374 1.1290241  3.5860701 ],entering,[-0.62185191  0.08809385  0.93462812]
35.71043920516968,1005,False,3,2,[-3.55565604  0.03692256  3.99146811],exiting,[ 0.50568378 -0.03156594 -0.11489306]
35.811490535736084,1000,False,2,5,[-6.53096698  5.05768183  3.98705768],exiting,[-0.82138112 -0.19970136 -0.21083176]
35.811490535736084,1001,False,5,0,[2.07098532 7.80079754 4.00000483],exiting,[-0.48080528  0.59740651 -0.20557775]
35.811490535736084,1002,False,6,1,[8.8950933  9.06945433 1.28170826],queued,[ 0.5677905  -0.59831228 -0.99408226]
35.811490535736084,1003,False,4,3,[ 4.79610894 -4.28337626  3.94839142],cruising,[ 0.63925976  0.24903542 -0.34837281]
35.811490535736084,1004,False,1,4,[7.23858702 1.02638321 3.64815958],entering,[-0.62185191  0.08809385  0.93462812]
35.811490535736084,1005,False,3,2,[-3.64894844  0.19368566  3.99297322],exiting,[ 0.50568378 -0.03156594 -0.11489306]
35.92069387435913,1000,False,2,5,[-6.58628188  5.17485192  3.99065211],exiting,[-0.82138112 -0.19970136 -0.21083176]
35.92069387435913,1001,False,5,0,[2.09455277 7.89798075 4.00000364],exiting,[-0.48080528  0.59740651 -0.20557775]
35.92069387435913,1002,False,6,1,[8.8950933  9.06945433 1.30170826],queued,[ 0.5677905  -0.59831228 -0.99408226]
35.92069387435913,1003,False,4,3,[ 4.61329095 -4.20227394  3.95613271],cruising,[ 0.63925976  0.24903542 -0.34837281]
35.92069387435913,1004,False,1,4,[7.40249169 0.91177405 3.70093564],entering,[-0.62185191  0.08809385  0.93462812]
35.92069387435913,1005,False,3,2,[-3.74181106  0.33045338  3.9944582 ],exiting,[ 0.50568378 -0.03156594 -0.11489306]
36.01476430892944,1000,False,2,5,[-6.64603106  5.27254041  3.99334977],exiting,[-0.82138112 -0.19970136 -0.21083176]
36.01476430892944,1001,False,5,0,[2.11812021 7.99516396 4.0000027 ],exiting,[-0.48080528  0.59740651 -0.20557775]
36.01476430892944,1002,False,6,1,[8.8950933  9.06945433 1.34170826],queued,[ 0.5677905  -0.59831228 -0.99408226]
36.01476430892944,1003,False,4,3,[ 4.43000997 -4.12222345  3.9627128 ],cruising,[ 0.63925976  0.24903542 -0.34837281]
36.01476430892944,1004,False,1,4,[7.5582399  0.78630495 3.7457953 ],entering,[-0.62185191  0.08809385  0.93462812]
36.01476430892944,1005,False,3,2,[-3.83407336  0.44723016  3.99590108],exiting,[ 0.50568378 -0.03156594 -0.11489306]
36.1221137046814,1000,False,2,5,[-6.71052481  5.35084397  3.99473832],exiting,[-0.82138112 -0.19970136 -0.21083176]
36.1221137046814,1001,False,5,0,[2.14168765 8.09234716 4.00000197],exiting,[-0.48080528  0.59740651 -0.20557775]
36.1221137046814,1002,False,6,1,[8.8950933  9.06945433 1.40170826],queued,[ 0.5677905  -0.59831228 -0.99408226]
36.1221137046814,1003,False,4,3,[ 4.24627426 -4.04322226  3.96830588],cruising,[ 0.63925976  0.24903542 -0.34837281]
36.1221137046814,1004,False,1,4,[7.7025304  0.64781217 3.783926  ],entering,[-0.62185191  0.08809385  0.93462812]
36.1221137046814,1005,False,3,2,[-3.92554055  0.54402286  3.99727667],exiting,[ 0.50568378 -0.03156594 -0.11489306]
36.22319579124451,1000,False,2,5,[-6.77565404  5.42672643  3.99571671],exiting,[-0.82138112 -0.19970136 -0.21083176]
36.22319579124451,1001,False,5,0,[2.1652551  8.18953037 4.00000141],exiting,[-0.48080528  0.59740651 -0.20557775]
36.22319579124451,1002,False,6,1,[8.8950933  9.06945433 1.47670826],queued,[ 0.5677905  -0.59831228 -0.99408226]
36.22319579124451,1003,False,4,3,[ 4.06174069 -3.96610312  3.97306   ],cruising,[ 0.63925976  0.24903542 -0.34837281]
36.22319579124451,1004,False,1,4,[7.8333729  0.49655001 3.8163371 ],entering,[-0.62185191  0.08809385  0.93462812]
36.22319579124451,1005,False,3,2,[-4.01598344  0.62084205  3.99855518],exiting,[ 0.50568378 -0.03156594 -0.11489306]
36.31812810897827,1000,False,2,5,[-6.84078331  5.50260892  3.99651892],exiting,[-0.82138112 -0.19970136 -0.21083176]
36.31812810897827,1001,False,5,0,[2.18882254 8.28671357 4.00000097],exiting,[-0.48080528  0.59740651 -0.20557775]
36.31812810897827,1002,False,6,1,[8.8950933  9.06945433 1.55170826],entering,[ 0.5677905  -0.59831228 -0.99408226]
36.31812810897827,1003,False,4,3,[ 3.87696518 -3.88956548  3.977101  ],cruising,[ 0.63925976  0.24903542 -0.34837281]
36.31812810897827,1004,False,1,4,[7.94905366 0.33339989 3.84388654],entering,[-0.62185191  0.08809385  0.93462812]
36.31812810897827,1005,False,3,2,[-4.10511397  0.6777048   3.99969898],exiting,[ 0.50568378 -0.03156594 -0.11489306]
36.420250415802,1000,False,2,5,[-6.90591259  5.57849145  3.99717591],exiting,[-0.82138112 -0.19970136 -0.21083176]
36.420250415802,1001,False,5,0,[2.21238998 8.38389678 4.00000064],exiting,[-0.48080528  0.59740651 -0.20557775]
36.420250415802,1002,False,6,1,[8.89086749 9.04990586 1.62670826],entering,[ 0.5677905  -0.59831228 -0.99408226]
36.420250415802,1003,False,4,3,[ 3.69168549 -3.81425654  3.98053585],cruising,[ 0.63925976  0.24903542 -0.34837281]
36.420250415802,1004,False,1,4,[8.04846028 0.15985357 3.86730356],cruising,[-0.62185191  0.08809385  0.93462812]
36.420250415802,1005,False,3,2,[-4.19255256  0.71464009  4.00065866],exiting,[ 0.50568378 -0.03156594 -0.11489306]
36.508888244628906,1000,False,2,5,[-6.9710419   5.65437399  3.99771331],exiting,[-0.82138112 -0.19970136 -0.21083176]
36.508888244628906,1001,False,5,0,[2.23595743 8.48107999 4.0000004 ],exiting,[-0.48080528  0.59740651 -0.20557775]
36.508888244628906,1002,False,6,1,[8.88241587 9.01080893 1.70170826],entering,[ 0.5677905  -0.59831228 -0.99408226]
36.508888244628906,1003,False,4,3,[ 3.50619476 -3.7394689   3.98345547],cruising,[ 0.63925976  0.24903542 -0.34837281]
36.508888244628906,1004,False,1,4,[ 8.13027594 -0.02259704  3.88736326],cruising,[-0.62185191  0.08809385  0.93462812]
36.508888244628906,1005,False,3,2,[-4.27805398  0.73167057  4.0014038 ],exiting,[ 0.50568378 -0.03156594 -0.11489306]
36.60850214958191,1000,False,2,5,[-7.03617122  5.73025655  3.99815232],exiting,[-0.82138112 -0.19970136 -0.21083176]
36.60850214958191,1001,False,5,0,[2.25952487 8.57826319 4.00000022],exiting,[-0.48080528  0.59740651 -0.20557775]
36.60850214958191,1002,False,6,1,[8.86973845 8.95216353 1.77670826],entering,[ 0.5677905  -0.59831228 -0.99408226]
36.60850214958191,1003,False,4,3,[ 3.32033153 -3.6656119   3.98593715],cruising,[ 0.63925976  0.24903542 -0.34837281]
36.60850214958191,1004,False,1,4,[ 8.19536342 -0.21170975  3.90425877],cruising,[-0.62185191  0.08809385  0.93462812]
36.60850214958191,1005,False,3,2,[-4.36136825  0.72882249  4.00190606],exiting,[ 0.50568378 -0.03156594 -0.11489306]
36.7143497467041,1000,False,2,5,[-7.10130055  5.80613912  3.99851045],exiting,[-0.82138112 -0.19970136 -0.21083176]
36.7143497467041,1001,False,5,0,[2.28309232 8.6754464  4.00000009],landing,[-0.48080528  0.59740651 -0.20557775]
36.7143497467041,1002,False,6,1,[8.85283523 8.87396966 1.85170826],entering,[ 0.5677905  -0.59831228 -0.99408226]
36.7143497467041,1003,False,4,3,[ 3.13417027 -3.59250932  3.98804658],cruising,[ 0.63925976  0.24903542 -0.34837281]
36.7143497467041,1004,False,1,4,[ 8.24591917 -0.40521458  3.91861996],cruising,[-0.62185191  0.08809385  0.93462812]
36.7143497467041,1005,False,3,2,[-4.44224079  0.70612581  4.00214148],exiting,[ 0.50568378 -0.03156594 -0.11489306]
36.811583280563354,1000,False,2,5,[-7.16642988  5.88202169  3.99880215],exiting,[-0.82138112 -0.19970136 -0.21083176]
36.811583280563354,1001,False,5,0,[2.306369   8.75814469 3.98621219],landing,[-0.48080528  0.59740651 -0.20557775]
36.811583280563354,1002,False,6,1,[8.83170921 8.77622667 1.92670826],entering,[ 0.5677905  -0.59831228 -0.99408226]
36.811583280563354,1003,False,4,3,[ 2.94766562 -3.52028735  3.98983959],cruising,[ 0.63925976  0.24903542 -0.34837281]
36.811583280563354,1004,False,1,4,[ 8.28350821 -0.60165048  3.93082696],cruising,[-0.62185191  0.08809385  0.93462812]
36.811583280563354,1005,False,3,2,[-4.52041251  0.66361433  4.00209555],exiting,[ 0.50568378 -0.03156594 -0.11489306]
36.909472942352295,1000,False,2,5,[-7.23155922  5.95790427  3.99903936],exiting,[-0.82138112 -0.19970136 -0.21083176]
36.909472942352295,1001,False,5,0,[2.32927855 8.82620335 3.95880275],landing,[-0.48080528  0.59740651 -0.20557775]
36.909472942352295,1002,False,6,1,[8.80651812 8.65890117 2.00170826],entering,[ 0.5677905  -0.59831228 -0.99408226]
36.909472942352295,1003,False,4,3,[ 2.76068903 -3.44929609  3.99136365],cruising,[ 0.63925976  0.24903542 -0.34837281]
36.909472942352295,1004,False,1,4,[ 8.30977034 -0.79991873  3.94120292],cruising,[-0.62185191  0.08809385  0.93462812]
36.909472942352295,1005,False,3,2,[-4.59561976  0.60132562  4.00177935],exiting,[ 0.50568378 -0.03156594 -0.11489306]
37.012694358825684,1000,False,2,5,[-7.29668856  6.03378686  3.99923193],exiting,[-0.82138112 -0.19970136 -0.21083176]
37.012694358825684,1001,False,5,0,[2.35173085 8.87944234 3.91797063],landing,[-0.48080528  0.59740651 -0.20557775]
37.012694358825684,1002,False,6,1,[8.77750761 8.52194374 2.07670826],entering,[ 0.5677905  -0.59831228 -0.99408226]
37.012694358825684,1003,False,4,3,[ 2.5730954  -3.37995182  3.99265911],cruising,[ 0.63925976  0.24903542 -0.34837281]
37.012694358825684,1004,False,1,4,[ 8.3241133  -0.99940377  3.95002248],cruising,[-0.62185191  0.08809385  0.93462812]
37.012694358825684,1005,False,3,2,[-4.67009979  0.5345969   4.00145877],exiting,[ 0.50568378 -0.03156594 -0.11489306]
37.10903882980347,1000,False,2,5,[-7.3618179   6.10966944  3.99938796],exiting,[-0.82138112 -0.19970136 -0.21083176]
37.10903882980347,1001,False,5,0,[2.37360371 8.91762204 3.86399004],landing,[-0.48080528  0.59740651 -0.20557775]
37.10903882980347,1002,False,6,1,[8.74508173 8.3652801  2.15170826],entering,[ 0.5677905  -0.59831228 -0.99408226]
37.10903882980347,1003,False,4,3,[ 2.38505975 -3.31181524  3.99376024],cruising,[ 0.63925976  0.24903542 -0.34837281]
37.10903882980347,1004,False,1,4,[ 8.33031555 -1.19930758  3.95751911],cruising,[-0.62185191  0.08809385  0.93462812]
37.10903882980347,1005,False,3,2,[-4.74457982  0.46786818  4.00119458],exiting,[ 0.50568378 -0.03156594 -0.11489306]
37.21507024765015,1000,False,2,5,[-7.42694725  6.18555203  3.99951411],exiting,[-0.82138112 -0.19970136 -0.21083176]
37.21507024765015,1001,False,5,0,[2.39478441 8.94052598 3.79711868],landing,[-0.48080528  0.59740651 -0.20557775]
37.21507024765015,1002,False,6,1,[8.70958918 8.18885296 2.22670826],entering,[ 0.5677905  -0.59831228 -0.99408226]
37.21507024765015,1003,False,4,3,[ 2.19612476 -3.24621363  3.9946962 ],cruising,[ 0.63925976  0.24903542 -0.34837281]
37.21507024765015,1004,False,1,4,[ 8.32943062 -1.39930562  3.96389124],cruising,[-0.62185191  0.08809385  0.93462812]
37.21507024765015,1005,False,3,2,[-4.81905986  0.40113945  4.00097704],exiting,[ 0.50568378 -0.03156594 -0.11489306]
37.31571316719055,1000,False,2,5,[-7.49207659  6.26143462  3.99961588],exiting,[-0.82138112 -0.19970136 -0.21083176]
37.31571316719055,1001,False,5,0,[2.41517303 8.94796592 3.71758885],landing,[-0.48080528  0.59740651 -0.20557775]
37.31571316719055,1002,False,6,1,[8.67106769 7.99265652 2.30170826],entering,[ 0.5677905  -0.59831228 -0.99408226]
37.31571316719055,1003,False,4,3,[ 2.0061162  -3.1837897   3.99549177],cruising,[ 0.63925976  0.24903542 -0.34837281]
37.31571316719055,1004,False,1,4,[ 8.32001675 -1.59908394  3.96930756],cruising,[-0.62185191  0.08809385  0.93462812]
37.31571316719055,1005,False,3,2,[-4.8935399   0.33441073  4.00079807],exiting,[ 0.50568378 -0.03156594 -0.11489306]
37.416839599609375,1000,False,2,5,[-7.55720594  6.33731721  3.99969778],exiting,[-0.82138112 -0.19970136 -0.21083176]
37.416839599609375,1001,False,5,0,[2.43466743 8.93975306 3.62564166],landing,[-0.48080528  0.59740651 -0.20557775]
37.416839599609375,1002,False,6,1,[8.63253758 7.79640303 2.37670826],entering,[ 0.5677905  -0.59831228 -0.99408226]
37.416839599609375,1003,False,4,3,[ 1.81545709 -3.12338189  3.99616801],cruising,[ 0.63925976  0.24903542 -0.34837281]
37.416839599609375,1004,False,1,4,[ 8.30531078 -1.79854255  3.97391142],cruising,[-0.62185191  0.08809385  0.93462812]
37.416839599609375,1005,False,3,2,[-4.96801994  0.267682    4.00065098],exiting,[ 0.50568378 -0.03156594 -0.11489306]
37.51839256286621,1000,False,2,5,[-7.62233529  6.4131998   3.99976351],exiting,[-0.82138112 -0.19970136 -0.21083176]
37.51839256286621,1001,False,5,0,[2.45374398 8.92491406 3.52860616],landing,[-0.48080528  0.59740651 -0.20557775]
37.51839256286621,1002,False,6,1,[8.59458269 7.60003749 2.45170826],entering,[ 0.5677905  -0.59831228 -0.99408226]
37.51839256286621,1003,False,4,3,[ 1.62331637 -3.06786663  3.99674281],cruising,[ 0.63925976  0.24903542 -0.34837281]
37.51839256286621,1004,False,1,4,[ 8.28572799 -1.99758152  3.97782471],cruising,[-0.62185191  0.08809385  0.93462812]
37.51839256286621,1005,False,3,2,[-5.04249998  0.20095327  4.00053021],exiting,[ 0.50568378 -0.03156594 -0.11489306]
37.618346214294434,1000,False,2,5,[-7.68746464  6.4890824   3.9998161 ],exiting,[-0.82138112 -0.19970136 -0.21083176]
37.618346214294434,1001,False,5,0,[2.47282053 8.91007505 3.43157065],landing,[-0.48080528  0.59740651 -0.20557775]
37.618346214294434,1002,False,6,1,[8.55922078 7.40318847 2.52670826],entering,[ 0.5677905  -0.59831228 -0.99408226]
37.618346214294434,1003,False,4,3,[ 1.42950345 -3.0185052   3.99723139],cruising,[ 0.63925976  0.24903542 -0.34837281]
37.618346214294434,1004,False,1,4,[ 8.25893096 -2.19577819  3.981151  ],cruising,[-0.62185191  0.08809385  0.93462812]
37.618346214294434,1005,False,3,2,[-5.11698002  0.13422454  4.00043115],exiting,[ 0.50568378 -0.03156594 -0.11489306]
37.717928647994995,1000,False,2,5,[-7.75259398  6.56496499  3.99985803],exiting,[-0.82138112 -0.19970136 -0.21083176]
37.717928647994995,1001,False,5,0,[2.49189709 8.89523605 3.33453515],landing,[-0.48080528  0.59740651 -0.20557775]
37.717928647994995,1002,False,6,1,[8.52506382 7.2061268  2.60170826],entering,[ 0.5677905  -0.59831228 -0.99408226]
37.717928647994995,1003,False,4,3,[ 1.23385214 -2.97702552  3.99764668],cruising,[ 0.63925976  0.24903542 -0.34837281]
37.717928647994995,1004,False,1,4,[ 8.22801593 -2.3933744   3.98397835],cruising,[-0.62185191  0.08809385  0.93462812]
37.717928647994995,1005,False,3,2,[-5.19146006  0.06749581  4.00034999],exiting,[ 0.50568378 -0.03156594 -0.11489306]
37.817134857177734,1000,False,2,5,[-7.81772333  6.64084758  3.99989134],exiting,[-0.82138112 -0.19970136 -0.21083176]
37.817134857177734,1001,False,5,0,[2.51097364 8.88039704 3.23749964],landing,[-0.48080528  0.59740651 -0.20557775]
37.817134857177734,1002,False,6,1,[8.49090686 7.00906513 2.67670826],entering,[ 0.5677905  -0.59831228 -0.99408226]
37.817134857177734,1003,False,4,3,[ 1.03547497 -2.95159919  3.99799968],cruising,[ 0.63925976  0.24903542 -0.34837281]
37.817134857177734,1004,False,1,4,[ 8.19298242 -2.59028213  3.9863816 ],cruising,[-0.62185191  0.08809385  0.93462812]
37.817134857177734,1005,False,3,2,[-5.26594010e+00  7.67085783e-04  4.00028357e+00],exiting,[ 0.50568378 -0.03156594 -0.11489306]
37.91474366188049,1000,False,2,5,[-7.88285268  6.71673017  3.99991768],exiting,[-0.82138112 -0.19970136 -0.21083176]
37.91474366188049,1001,False,5,0,[2.53005019 8.86555804 3.14046414],landing,[-0.48080528  0.59740651 -0.20557775]
37.91474366188049,1002,False,6,1,[8.45823095 6.81175248 2.75170826],entering,[ 0.5677905  -0.59831228 -0.99408226]
37.91474366188049,1003,False,4,3,[ 0.83578978 -2.94038201  3.99829972],cruising,[ 0.63925976  0.24903542 -0.34837281]
37.91474366188049,1004,False,1,4,[ 8.15048024 -2.78571386  3.98842436],cruising,[-0.62185191  0.08809385  0.93462812]
37.91474366188049,1005,False,3,2,[-5.34042014 -0.06596164  4.00022929],exiting,[ 0.50568378 -0.03156594 -0.11489306]
38.014750719070435,1000,False,2,5,[-7.94798203  6.79261277  3.99993841],exiting,[-0.82138112 -0.19970136 -0.21083176]
38.014750719070435,1001,False,5,0,[2.54912675 8.85071904 3.04342864],landing,[-0.48080528  0.59740651 -0.20557775]
38.014750719070435,1002,False,6,1,[8.42911507 6.61388316 2.82670826],entering,[ 0.5677905  -0.59831228 -0.99408226]
38.014750719070435,1003,False,4,3,[ 0.63584263 -2.94497967  3.99855477],cruising,[ 0.63925976  0.24903542 -0.34837281]
38.014750719070435,1004,False,1,4,[ 8.10394453 -2.9802246   3.99016071],cruising,[-0.62185191  0.08809385  0.93462812]
38.014750719070435,1005,False,3,2,[-5.41490018 -0.13269037  4.00018499],exiting,[ 0.50568378 -0.03156594 -0.11489306]
38.114967823028564,1000,False,2,5,[-8.01311138  6.86849536  3.99995463],exiting,[-0.82138112 -0.19970136 -0.21083176]
38.114967823028564,1001,False,5,0,[2.5682033  8.83588003 2.94639313],landing,[-0.48080528  0.59740651 -0.20557775]
38.114967823028564,1002,False,6,1,[8.39999919 6.41601385 2.90170826],entering,[ 0.5677905  -0.59831228 -0.99408226]
38.114967823028564,1003,False,4,3,[ 0.43679439 -2.96446811  3.99877155],cruising,[ 0.63925976  0.24903542 -0.34837281]
38.114967823028564,1004,False,1,4,[ 8.04914625 -3.17257103  3.9916366 ],cruising,[-0.62185191  0.08809385  0.93462812]
38.114967823028564,1005,False,3,2,[-5.48938023 -0.1994191   4.00014889],exiting,[ 0.50568378 -0.03156594 -0.11489306]
38.21209239959717,1000,False,2,5,[-8.07824073  6.94437795  3.99996724],exiting,[-0.82138112 -0.19970136 -0.21083176]
38.21209239959717,1001,False,5,0,[2.58727985 8.82104103 2.84935763],landing,[-0.48080528  0.59740651 -0.20557775]
38.21209239959717,1002,False,6,1,[8.37340681 6.21778962 2.97670826],entering,[ 0.5677905  -0.59831228 -0.99408226]
38.21209239959717,1003,False,4,3,[ 0.23966191 -2.99821398  3.99895582],cruising,[ 0.63925976  0.24903542 -0.34837281]
38.21209239959717,1004,False,1,4,[ 7.98565214 -3.36222466  3.99289111],exiting,[-0.62185191  0.08809385  0.93462812]
38.21209239959717,1005,False,3,2,[-5.56386027 -0.26614783  4.00011952],exiting,[ 0.50568378 -0.03156594 -0.11489306]
38.31271457672119,1000,False,2,5,[-8.14337007  7.02026055  3.99997696],exiting,[-0.82138112 -0.19970136 -0.21083176]
38.31271457672119,1001,False,5,0,[2.60635641 8.80620202 2.75232212],landing,[-0.48080528  0.59740651 -0.20557775]
38.31271457672119,1002,False,6,1,[8.34994527 6.01917049 3.05170826],entering,[ 0.5677905  -0.59831228 -0.99408226]
38.31271457672119,1003,False,4,3,[ 0.04529054 -3.04532842  3.99911245],cruising,[ 0.63925976  0.24903542 -0.34837281]
38.31271457672119,1004,False,1,4,[ 7.93549413 -3.53697364  3.99414429],exiting,[-0.62185191  0.08809385  0.93462812]
38.31271457672119,1005,False,3,2,[-5.63834031 -0.33287656  4.00009566],exiting,[ 0.50568378 -0.03156594 -0.11489306]
38.41683506965637,1000,False,2,5,[-8.20849942  7.09614314  3.99998438],exiting,[-0.82138112 -0.19970136 -0.21083176]
38.41683506965637,1001,False,5,0,[2.62543296 8.79136302 2.65528662],landing,[-0.48080528  0.59740651 -0.20557775]
38.41683506965637,1002,False,6,1,[8.32771949 5.82040929 3.12670826],entering,[ 0.5677905  -0.59831228 -0.99408226]
38.41683506965637,1003,False,4,3,[-0.14571514 -3.1046313   3.99924558],exiting,[ 0.63925976  0.24903542 -0.34837281]
38.41683506965637,1004,False,1,4,[ 7.89882252 -3.69695388  3.9953627 ],exiting,[-0.62185191  0.08809385  0.93462812]
38.41683506965637,1005,False,3,2,[-5.71282035 -0.39960529  4.00007631],exiting,[ 0.50568378 -0.03156594 -0.11489306]
38.512495040893555,1000,False,2,5,[-8.27362877  7.17202573  3.99998996],exiting,[-0.82138112 -0.19970136 -0.21083176]
38.512495040893555,1001,False,5,0,[2.64450951 8.77652401 2.55825111],landing,[-0.48080528  0.59740651 -0.20557775]
38.512495040893555,1002,False,6,1,[8.31036057 5.62116405 3.20170826],entering,[ 0.5677905  -0.59831228 -0.99408226]
38.512495040893555,1003,False,4,3,[-0.31716966 -3.16814756  3.99937827],exiting,[ 0.63925976  0.24903542 -0.34837281]
38.512495040893555,1004,False,1,4,[ 7.87582465 -3.84233885  3.99649884],exiting,[-0.62185191  0.08809385  0.93462812]
38.512495040893555,1005,False,3,2,[-5.78730039 -0.46633402  4.00006066],exiting,[ 0.50568378 -0.03156594 -0.11489306]
38.6151487827301,1000,False,2,5,[-8.33875812  7.24790833  3.9999941 ],exiting,[-0.82138112 -0.19970136 -0.21083176]
38.6151487827301,1001,False,5,0,[2.66358607 8.76168501 2.46121561],landing,[-0.48080528  0.59740651 -0.20557775]
38.6151487827301,1002,False,6,1,[8.29573822 5.4216993  3.27670826],entering,[ 0.5677905  -0.59831228 -0.99408226]
38.6151487827301,1003,False,4,3,[-0.46905967 -3.23581466  3.99950857],exiting,[ 0.63925976  0.24903542 -0.34837281]
38.6151487827301,1004,False,1,4,[ 7.86673586 -3.9733532   3.99748273],exiting,[-0.62185191  0.08809385  0.93462812]
38.6151487827301,1005,False,3,2,[-5.86178044 -0.53306275  4.00004802],exiting,[ 0.50568378 -0.03156594 -0.11489306]
38.71688747406006,1000,False,2,5,[-8.40388747  7.32379092  3.99999708],landing,[-0.82138112 -0.19970136 -0.21083176]
38.71688747406006,1001,False,5,0,[2.68266262 8.746846   2.36418011],landing,[-0.48080528  0.59740651 -0.20557775]
38.71688747406006,1002,False,6,1,[8.28465974 5.22200636 3.35170826],entering,[ 0.5677905  -0.59831228 -0.99408226]
38.71688747406006,1003,False,4,3,[-0.60136903 -3.30755588  3.99963425],exiting,[ 0.63925976  0.24903542 -0.34837281]
38.71688747406006,1004,False,1,4,[ 7.87174074 -4.09017884  3.99824565],exiting,[-0.62185191  0.08809385  0.93462812]
38.71688747406006,1005,False,3,2,[-5.93626048 -0.59979148  4.00003785],exiting,[ 0.50568378 -0.03156594 -0.11489306]
38.815540075302124,1000,False,2,5,[-8.45766559  7.39148998  3.98571093],landing,[-0.82138112 -0.19970136 -0.21083176]
38.815540075302124,1001,False,5,0,[2.70173917 8.732007   2.2671446 ],landing,[-0.48080528  0.59740651 -0.20557775]
38.815540075302124,1002,False,6,1,[8.2797251  5.02206725 3.42670826],entering,[ 0.5677905  -0.59831228 -0.99408226]
38.815540075302124,1003,False,4,3,[-0.7140781  -3.38327562  3.99975262],exiting,[ 0.63925976  0.24903542 -0.34837281]
38.815540075302124,1004,False,1,4,[ 7.89102317 -4.1930025   3.99869855],exiting,[-0.62185191  0.08809385  0.93462812]
38.815540075302124,1005,False,3,2,[-6.01074052 -0.66652021  4.00002967],exiting,[ 0.50568378 -0.03156594 -0.11489306]
38.916226863861084,1000,False,2,5,[-8.50000642  7.45084872  3.9572958 ],landing,[-0.82138112 -0.19970136 -0.21083176]
38.916226863861084,1001,False,5,0,[2.72081572 8.71716799 2.1701091 ],landing,[-0.48080528  0.59740651 -0.20557775]
38.916226863861084,1002,False,6,1,[8.28032398 4.82206815 3.50170826],entering,[ 0.5677905  -0.59831228 -0.99408226]
38.916226863861084,1003,False,4,3,[-0.80716183 -3.46284837  3.99986026],exiting,[ 0.63925976  0.24903542 -0.34837281]
38.916226863861084,1004,False,1,4,[ 7.91680109 -4.28962288  3.99893497],exiting,[-0.62185191  0.08809385  0.93462812]
38.916226863861084,1005,False,3,2,[-6.08522056 -0.73324893  4.00002312],exiting,[ 0.50568378 -0.03156594 -0.11489306]
39.015358209609985,1000,False,2,5,[-8.53080899  7.5016808   3.9149464 ],landing,[-0.82138112 -0.19970136 -0.21083176]
39.015358209609985,1001,False,5,0,[2.73989228 8.70232899 2.07307359],landing,[-0.48080528  0.59740651 -0.20557775]
39.015358209609985,1002,False,6,1,[8.28509601 4.62212509 3.57645202],entering,[ 0.5677905  -0.59831228 -0.99408226]
39.015358209609985,1003,False,4,3,[-0.88058491 -3.54608971  3.99995232],exiting,[ 0.63925976  0.24903542 -0.34837281]
39.015358209609985,1004,False,1,4,[ 7.94257901 -4.38624325  3.99912955],exiting,[-0.62185191  0.08809385  0.93462812]
39.015358209609985,1005,False,3,2,[-6.15970061 -0.79997766  4.0000179 ],exiting,[ 0.50568378 -0.03156594 -0.11489306]
39.11347794532776,1000,False,2,5,[-8.54993436  7.54372531  3.85894336],landing,[-0.82138112 -0.19970136 -0.21083176]
39.11347794532776,1001,False,5,0,[2.75896883 8.68748998 1.97603809],landing,[-0.48080528  0.59740651 -0.20557775]
39.11347794532776,1002,False,6,1,[8.29448145 4.42234542 3.63998422],entering,[ 0.5677905  -0.59831228 -0.99408226]
39.11347794532776,1003,False,4,3,[-0.93432352 -3.63286962  4.00002554],exiting,[ 0.63925976  0.24903542 -0.34837281]
39.11347794532776,1004,False,1,4,[ 7.96835693 -4.48286363  3.99928954],exiting,[-0.62185191  0.08809385  0.93462812]
39.11347794532776,1005,False,3,2,[-6.23418065 -0.86670639  4.00001374],exiting,[ 0.50568378 -0.03156594 -0.11489306]
39.21576499938965,1000,False,2,5,[-8.55727782  7.57678183  3.78950891],landing,[-0.82138112 -0.19970136 -0.21083176]
39.21576499938965,1001,False,5,0,[2.77804538 8.67265098 1.87900259],landing,[-0.48080528  0.59740651 -0.20557775]
39.21576499938965,1002,False,6,1,[8.30676939 4.22272326 3.69398658],entering,[ 0.5677905  -0.59831228 -0.99408226]
39.21576499938965,1003,False,4,3,[-0.96835368 -3.72305197  4.00007672],exiting,[ 0.63925976  0.24903542 -0.34837281]
39.21576499938965,1004,False,1,4,[ 7.99413485 -4.57948402  3.99942097],exiting,[-0.62185191  0.08809385  0.93462812]
39.21576499938965,1005,False,3,2,[-6.30866069 -0.93343512  4.00001045],exiting,[ 0.50568378 -0.03156594 -0.11489306]
39.311002254486084,1000,False,2,5,[-8.55273774  7.60065246  3.70686837],landing,[-0.82138112 -0.19970136 -0.21083176]
39.311002254486084,1001,False,5,0,[2.79712194 8.65781197 1.78196708],landing,[-0.48080528  0.59740651 -0.20557775]
39.311002254486084,1002,False,6,1,[8.31650432 4.02296033 3.7398886 ],entering,[ 0.5677905  -0.59831228 -0.99408226]
39.311002254486084,1003,False,4,3,[-0.98265156 -3.81649568  4.00010286],exiting,[ 0.63925976  0.24903542 -0.34837281]
39.311002254486084,1004,False,1,4,[ 8.01991278 -4.6761044   3.99952881],exiting,[-0.62185191  0.08809385  0.93462812]
39.311002254486084,1005,False,3,2,[-6.38314073 -1.00016385  4.00000785],exiting,[ 0.50568378 -0.03156594 -0.11489306]
39.414427757263184,1000,False,2,5,[-8.53621313  7.61513688  3.61125594],landing,[-0.82138112 -0.19970136 -0.21083176]
39.414427757263184,1001,False,5,0,[2.81619849 8.64297297 1.68493158],landing,[-0.48080528  0.59740651 -0.20557775]
39.414427757263184,1002,False,6,1,[8.33144252 3.82351898 3.77890531],cruising,[ 0.5677905  -0.59831228 -0.99408226]
39.414427757263184,1003,False,4,3,[-0.97719376 -3.91305584  4.00010162],exiting,[ 0.63925976  0.24903542 -0.34837281]
39.414427757263184,1004,False,1,4,[ 8.0456907  -4.77272478  3.99961722],exiting,[-0.62185191  0.08809385  0.93462812]
39.414427757263184,1005,False,3,2,[-6.45762077 -1.06689258  4.00000581],exiting,[ 0.50568378 -0.03156594 -0.11489306]
39.51841139793396,1000,False,2,5,[-8.51795221  7.62824352  3.5138149 ],landing,[-0.82138112 -0.19970136 -0.21083176]
39.51841139793396,1001,False,5,0,[2.83527504 8.62813396 1.58789607],landing,[-0.48080528  0.59740651 -0.20557775]
39.51841139793396,1002,False,6,1,[8.340559   3.62372686 3.81206951],cruising,[ 0.5677905  -0.59831228 -0.99408226]
39.51841139793396,1003,False,4,3,[-0.95942359 -4.01146428  4.00008388],exiting,[ 0.63925976  0.24903542 -0.34837281]
39.51841139793396,1004,False,1,4,[ 8.07146862 -4.86934516  3.9996896 ],exiting,[-0.62185191  0.08809385  0.93462812]
39.51841139793396,1005,False,3,2,[-6.53210082 -1.13362131  4.00000423],exiting,[ 0.50568378 -0.03156594 -0.11489306]
39.61742806434631,1000,False,2,5,[-8.49969129  7.64135016  3.41637387],landing,[-0.82138112 -0.19970136 -0.21083176]
39.61742806434631,1001,False,5,0,[2.8543516  8.61329496 1.49086057],fake_landed,[-0.48080528  0.59740651 -0.20557775]
39.61742806434631,1002,False,6,1,[8.34801792 3.423866   3.84025908],exiting,[ 0.5677905  -0.59831228 -0.99408226]
39.61742806434631,1003,False,4,3,[-0.94165341 -4.10987272  4.00006918],exiting,[ 0.63925976  0.24903542 -0.34837281]
39.61742806434631,1004,False,1,4,[ 8.09724654 -4.96596555  3.99974878],exiting,[-0.62185191  0.08809385  0.93462812]
39.61742806434631,1005,False,3,2,[-6.60658086 -1.20035004  4.000003  ],exiting,[ 0.50568378 -0.03156594 -0.11489306]
39.721614837646484,1000,False,2,5,[-8.48143038  7.65445681  3.31893284],landing,[-0.82138112 -0.19970136 -0.21083176]
39.721614837646484,1001,False,5,0,[2.86961284 8.60142376 1.41323217],fake_landed,[-0.48080528  0.59740651 -0.20557775]
39.721614837646484,1002,False,6,1,[8.34499171 3.24103614 3.86853315],exiting,[ 0.5677905  -0.59831228 -0.99408226]
39.721614837646484,1003,False,4,3,[-0.92388324 -4.20828116  4.00005701],exiting,[ 0.63925976  0.24903542 -0.34837281]
39.721614837646484,1004,False,1,4,[ 8.12302447 -5.06258593  3.99979712],exiting,[-0.62185191  0.08809385  0.93462812]
39.721614837646484,1005,False,3,2,[-6.6810609  -1.26707877  4.00000206],exiting,[ 0.50568378 -0.03156594 -0.11489306]
39.81097722053528,1000,False,2,5,[-8.46316946  7.66756345  3.22149181],landing,[-0.82138112 -0.19970136 -0.21083176]
39.81097722053528,1001,False,5,0,[2.88105877 8.59252035 1.35501086],fake_landed,[-0.48080528  0.59740651 -0.20557775]
39.81097722053528,1002,False,6,1,[8.33155806 3.07528138 3.89645239],exiting,[ 0.5677905  -0.59831228 -0.99408226]
39.81097722053528,1003,False,4,3,[-0.90611307 -4.3066896   4.00004694],exiting,[ 0.63925976  0.24903542 -0.34837281]
39.81097722053528,1004,False,1,4,[ 8.14880239 -5.15920632  3.99983653],exiting,[-0.62185191  0.08809385  0.93462812]
39.81097722053528,1005,False,3,2,[-6.75554094 -1.3338075   4.00000135],exiting,[ 0.50568378 -0.03156594 -0.11489306]
39.9178991317749,1000,False,2,5,[-8.44490854  7.68067009  3.12405077],landing,[-0.82138112 -0.19970136 -0.21083176]
39.9178991317749,1001,False,5,0,[2.88868939 8.58658475 1.31619666],fake_landed,[-0.48080528  0.59740651 -0.20557775]
39.9178991317749,1002,False,6,1,[8.30782507 2.92664945 3.92351573],exiting,[ 0.5677905  -0.59831228 -0.99408226]
39.9178991317749,1003,False,4,3,[-0.88834289 -4.40509804  4.00003862],exiting,[ 0.63925976  0.24903542 -0.34837281]
39.9178991317749,1004,False,1,4,[ 8.17458031 -5.2558267   3.99986863],exiting,[-0.62185191  0.08809385  0.93462812]
39.9178991317749,1005,False,3,2,[-6.83002099 -1.40053623  4.00000082],exiting,[ 0.50568378 -0.03156594 -0.11489306]
40.01150918006897,1000,False,2,5,[-8.42664762  7.69377674  3.02660974],landing,[-0.82138112 -0.19970136 -0.21083176]
40.01150918006897,1001,False,5,0,[2.8925047  8.58361695 1.29678956],fake_landed,[-0.48080528  0.59740651 -0.20557775]
40.01150918006897,1002,False,6,1,[8.27394067 2.79518939 3.94913842],exiting,[ 0.5677905  -0.59831228 -0.99408226]
40.01150918006897,1003,False,4,3,[-0.87057272 -4.50350648  4.00003174],exiting,[ 0.63925976  0.24903542 -0.34837281]
40.01150918006897,1004,False,1,4,[ 8.20035824 -5.35244708  3.99989472],exiting,[-0.62185191  0.08809385  0.93462812]
40.01150918006897,1005,False,3,2,[-6.90450103 -1.46726496  4.00000044],exiting,[ 0.50568378 -0.03156594 -0.11489306]
40.10866451263428,1000,False,2,5,[-8.4083867   7.70688338  2.92916871],landing,[-0.82138112 -0.19970136 -0.21083176]
40.10866451263428,1001,False,5,0,[2.8925047  8.58361695 1.29678956],fake_landed,[-0.48080528  0.59740651 -0.20557775]
40.10866451263428,1002,False,6,1,[8.23011209 2.68094786 3.97260799],exiting,[ 0.5677905  -0.59831228 -0.99408226]
40.10866451263428,1003,False,4,3,[-0.85280254 -4.60191492  4.00002606],exiting,[ 0.63925976  0.24903542 -0.34837281]
40.10866451263428,1004,False,1,4,[ 8.22613616 -5.44906747  3.99991588],exiting,[-0.62185191  0.08809385  0.93462812]
40.10866451263428,1005,False,3,2,[-6.97898107 -1.53399369  4.00000017],landing,[ 0.50568378 -0.03156594 -0.11489306]
40.21817588806152,1000,False,2,5,[-8.39012578  7.71999002  2.83172768],landing,[-0.82138112 -0.19970136 -0.21083176]
40.21817588806152,1001,False,0,6,[2.8925047  8.58361695 1.29678956],waiting,[-0.48080528  0.59740651 -0.20557775]
40.21817588806152,1002,False,6,1,[8.1766616  2.5839606  3.99296172],exiting,[ 0.5677905  -0.59831228 -0.99408226]
40.21817588806152,1003,False,4,3,[-0.83503237 -4.70032336  4.00002138],exiting,[ 0.63925976  0.24903542 -0.34837281]
40.21817588806152,1004,False,1,4,[ 8.25191408 -5.54568785  3.99993303],exiting,[-0.62185191  0.08809385  0.93462812]
40.21817588806152,1005,False,3,2,[-7.04509785 -1.58896473  3.98615025],landing,[ 0.50568378 -0.03156594 -0.11489306]
40.30928421020508,1000,False,2,5,[-8.37186487  7.73309666  2.73428665],landing,[-0.82138112 -0.19970136 -0.21083176]
40.30928421020508,1001,False,0,6,[2.8925047  8.58361695 1.29678956],waiting,[-0.48080528  0.59740651 -0.20557775]
40.30928421020508,1002,False,6,1,[8.1138873  2.50423709 4.00943863],exiting,[ 0.5677905  -0.59831228 -0.99408226]
40.30928421020508,1003,False,4,3,[-0.81726219 -4.79873179  4.00001752],exiting,[ 0.63925976  0.24903542 -0.34837281]
40.30928421020508,1004,False,1,4,[ 8.277692   -5.64230824  3.99994688],exiting,[-0.62185191  0.08809385  0.93462812]
40.30928421020508,1005,False,3,2,[-7.10269997 -1.63209339  3.95861609],landing,[ 0.50568378 -0.03156594 -0.11489306]
40.41485929489136,1000,False,2,5,[-8.35360395  7.74620331  2.63684561],landing,[-0.82138112 -0.19970136 -0.21083176]
40.41485929489136,1001,False,0,6,[2.8925047  8.58361695 1.29678956],waiting,[-0.48080528  0.59740651 -0.20557775]
40.41485929489136,1002,False,6,1,[8.04206654 2.44177685 4.02142765],exiting,[ 0.5677905  -0.59831228 -0.99408226]
40.41485929489136,1003,False,4,3,[-0.79949202 -4.89714023  4.00001434],exiting,[ 0.63925976  0.24903542 -0.34837281]
40.41485929489136,1004,False,1,4,[ 8.30346993 -5.73892862  3.99995805],exiting,[-0.62185191  0.08809385  0.93462812]
40.41485929489136,1005,False,3,2,[-7.15160985 -1.66328162  3.91759597],landing,[ 0.50568378 -0.03156594 -0.11489306]
40.51197838783264,1000,False,2,5,[-8.33534303  7.75930995  2.53940458],landing,[-0.82138112 -0.19970136 -0.21083176]
40.51197838783264,1001,False,0,6,[2.8925047  8.58361695 1.29678956],waiting,[-0.48080528  0.59740651 -0.20557775]
40.51197838783264,1002,False,6,1,[7.9614875  2.39657968 4.02838884],exiting,[ 0.5677905  -0.59831228 -0.99408226]
40.51197838783264,1003,False,4,3,[-0.78172185 -4.99554867  4.00001172],exiting,[ 0.63925976  0.24903542 -0.34837281]
40.51197838783264,1004,False,1,4,[ 8.32924785 -5.83554901  3.99996704],exiting,[-0.62185191  0.08809385  0.93462812]
40.51197838783264,1005,False,3,2,[-7.19158811 -1.68239957  3.86336471],landing,[ 0.50568378 -0.03156594 -0.11489306]
40.61199998855591,1000,False,2,5,[-8.31708211  7.77241659  2.44196355],landing,[-0.82138112 -0.19970136 -0.21083176]
40.61199998855591,1001,False,0,6,[2.8925047  8.58361695 1.29678956],waiting,[-0.48080528  0.59740651 -0.20557775]
40.61199998855591,1002,False,6,1,[7.87243599 2.36866642 4.02992015],exiting,[ 0.5677905  -0.59831228 -0.99408226]
40.61199998855591,1003,False,4,3,[-0.76395167 -5.09395711  4.00000956],exiting,[ 0.63925976  0.24903542 -0.34837281]
40.61199998855591,1004,False,1,4,[ 8.35502577 -5.93216939  3.99997424],exiting,[-0.62185191  0.08809385  0.93462812]
40.61199998855591,1005,False,3,2,[-7.22242062 -1.68933345  3.79617568],landing,[ 0.50568378 -0.03156594 -0.11489306]
40.71033000946045,1000,False,2,5,[-8.29882119  7.78552324  2.34452252],landing,[-0.82138112 -0.19970136 -0.21083176]
40.71033000946045,1001,False,0,6,[2.8925047  8.58361695 1.29678956],waiting,[-0.48080528  0.59740651 -0.20557775]
40.71033000946045,1002,False,6,1,[7.77516531 2.35813809 4.02595517],exiting,[ 0.5677905  -0.59831228 -0.99408226]
40.71033000946045,1003,False,4,3,[-0.7461815  -5.19236555  4.0000078 ],exiting,[ 0.63925976  0.24903542 -0.34837281]
40.71033000946045,1004,False,1,4,[ 8.3808037  -6.02878977  3.99998   ],exiting,[-0.62185191  0.08809385  0.93462812]
40.71033000946045,1005,False,3,2,[-7.24391718 -1.68398405  3.71626025],landing,[ 0.50568378 -0.03156594 -0.11489306]
40.811201333999634,1000,False,2,5,[-8.28056027  7.79862988  2.24708148],landing,[-0.82138112 -0.19970136 -0.21083176]
40.811201333999634,1001,False,0,6,[2.8925047  8.58361695 1.29678956],waiting,[-0.48080528  0.59740651 -0.20557775]
40.811201333999634,1002,False,6,1,[7.67528673 2.35333477 4.020967  ],exiting,[ 0.5677905  -0.59831228 -0.99408226]
40.811201333999634,1003,False,4,3,[-0.72841132 -5.29077399  4.00000634],exiting,[ 0.63925976  0.24903542 -0.34837281]
40.811201333999634,1004,False,1,4,[ 8.40658162 -6.12541016  3.99998459],exiting,[-0.62185191  0.08809385  0.93462812]
40.811201333999634,1005,False,3,2,[-7.25588539 -1.666253    3.62385862],landing,[ 0.50568378 -0.03156594 -0.11489306]
40.90909147262573,1000,False,2,5,[-8.26229936  7.81173652  2.14964045],landing,[-0.82138112 -0.19970136 -0.21083176]
40.90909147262573,1001,False,0,6,[2.8925047  8.58361695 1.29678956],waiting,[-0.48080528  0.59740651 -0.20557775]
40.90909147262573,1002,False,6,1,[7.57540643 2.34853136 4.0168985 ],exiting,[ 0.5677905  -0.59831228 -0.99408226]
40.90909147262573,1003,False,4,3,[-0.71064115 -5.38918243  4.00000515],exiting,[ 0.63925976  0.24903542 -0.34837281]
40.90909147262573,1004,False,1,4,[ 8.43235954 -6.22203054  3.99998823],exiting,[-0.62185191  0.08809385  0.93462812]
40.90909147262573,1005,False,3,2,[-7.26413206 -1.64374567  3.52677405],landing,[ 0.50568378 -0.03156594 -0.11489306]
41.009933948516846,1000,False,2,5,[-8.24403844  7.82484316  2.05219942],landing,[-0.82138112 -0.19970136 -0.21083176]
41.009933948516846,1001,False,0,6,[2.8925047  8.58361695 1.29678956],waiting,[-0.48080528  0.59740651 -0.20557775]
41.009933948516846,1002,False,6,1,[7.4755249  2.3437279  4.01358517],exiting,[ 0.5677905  -0.59831228 -0.99408226]
41.009933948516846,1003,False,4,3,[-0.69287098 -5.48759087  4.00000418],exiting,[ 0.63925976  0.24903542 -0.34837281]
41.009933948516846,1004,False,1,4,[ 8.45813747 -6.31865093  3.99999111],exiting,[-0.62185191  0.08809385  0.93462812]
41.009933948516846,1005,False,3,2,[-7.27237873 -1.62123834  3.42968949],landing,[ 0.50568378 -0.03156594 -0.11489306]
41.11583232879639,1000,False,2,5,[-8.22577752  7.83794981  1.95475839],landing,[-0.82138112 -0.19970136 -0.21083176]
41.11583232879639,1001,False,0,6,[2.8925047  8.58361695 1.29678956],waiting,[-0.48080528  0.59740651 -0.20557775]
41.11583232879639,1002,False,6,1,[7.37564249 2.33892439 4.01089125],exiting,[ 0.5677905  -0.59831228 -0.99408226]
41.11583232879639,1003,False,4,3,[-0.6751008  -5.58599931  4.00000338],exiting,[ 0.63925976  0.24903542 -0.34837281]
41.11583232879639,1004,False,1,4,[ 8.48391539 -6.41527131  3.99999337],exiting,[-0.62185191  0.08809385  0.93462812]
41.11583232879639,1005,False,3,2,[-7.2806254  -1.59873101  3.33260493],landing,[ 0.50568378 -0.03156594 -0.11489306]
41.209136724472046,1000,False,2,5,[-8.2075166   7.85105645  1.85731736],landing,[-0.82138112 -0.19970136 -0.21083176]
41.209136724472046,1001,False,0,6,[2.8925047  8.58361695 1.29678956],waiting,[-0.48080528  0.59740651 -0.20557775]
41.209136724472046,1002,False,6,1,[7.27575946 2.33412086 4.00870484],exiting,[ 0.5677905  -0.59831228 -0.99408226]
41.209136724472046,1003,False,4,3,[-0.65733063 -5.68440775  4.00000273],exiting,[ 0.63925976  0.24903542 -0.34837281]
41.209136724472046,1004,False,1,4,[ 8.50969331 -6.5118917   3.99999514],exiting,[-0.62185191  0.08809385  0.93462812]
41.209136724472046,1005,False,3,2,[-7.28887206 -1.57622368  3.23552036],landing,[ 0.50568378 -0.03156594 -0.11489306]
41.312923431396484,1000,False,2,5,[-8.18925568  7.86416309  1.75987632],landing,[-0.82138112 -0.19970136 -0.21083176]
41.312923431396484,1001,False,0,6,[2.8925047  8.58361695 1.29678956],waiting,[-0.48080528  0.59740651 -0.20557775]
41.312923431396484,1002,False,6,1,[7.17587598 2.3293173  4.00693372],exiting,[ 0.5677905  -0.59831228 -0.99408226]
41.312923431396484,1003,False,4,3,[-0.63956045 -5.78281619  4.0000022 ],exiting,[ 0.63925976  0.24903542 -0.34837281]
41.312923431396484,1004,False,1,4,[ 8.53547124 -6.60851208  3.99999651],exiting,[-0.62185191  0.08809385  0.93462812]
41.312923431396484,1005,False,3,2,[-7.29711873 -1.55371635  3.1384358 ],landing,[ 0.50568378 -0.03156594 -0.11489306]
41.42176961898804,1000,False,2,5,[-8.17099476  7.87726974  1.66243529],landing,[-0.82138112 -0.19970136 -0.21083176]
41.42176961898804,1001,False,0,6,[2.8925047  8.58361695 1.29678956],waiting,[-0.48080528  0.59740651 -0.20557775]
41.42176961898804,1002,False,6,1,[7.07599218 2.32451372 4.00550203],exiting,[ 0.5677905  -0.59831228 -0.99408226]
41.42176961898804,1003,False,4,3,[-0.62179028 -5.88122463  4.00000177],exiting,[ 0.63925976  0.24903542 -0.34837281]
41.42176961898804,1004,False,1,4,[ 8.56124916 -6.70513247  3.99999756],exiting,[-0.62185191  0.08809385  0.93462812]
41.42176961898804,1005,False,3,2,[-7.3053654  -1.53120902  3.04135123],landing,[ 0.50568378 -0.03156594 -0.11489306]
41.52166438102722,1000,False,2,5,[-8.15273385  7.89037638  1.56499426],landing,[-0.82138112 -0.19970136 -0.21083176]
41.52166438102722,1001,False,0,6,[2.8925047  8.58361695 1.29678956],waiting,[-0.48080528  0.59740651 -0.20557775]
41.52166438102722,1002,False,6,1,[6.97610816 2.31971014 4.00434735],exiting,[ 0.5677905  -0.59831228 -0.99408226]
41.52166438102722,1003,False,4,3,[-0.6040201  -5.97963307  4.00000142],exiting,[ 0.63925976  0.24903542 -0.34837281]
41.52166438102722,1004,False,1,4,[ 8.58702708 -6.80175285  3.99999836],exiting,[-0.62185191  0.08809385  0.93462812]
41.52166438102722,1005,False,3,2,[-7.31361207 -1.50870169  2.94426667],landing,[ 0.50568378 -0.03156594 -0.11489306]
41.62290072441101,1000,False,2,5,[-8.13447293  7.90348302  1.46755323],fake_landed,[-0.82138112 -0.19970136 -0.21083176]
41.62290072441101,1001,False,0,6,[2.8925047  8.58361695 1.29678956],waiting,[-0.48080528  0.59740651 -0.20557775]
41.62290072441101,1002,False,6,1,[6.87622399 2.31490655 4.00341842],exiting,[ 0.5677905  -0.59831228 -0.99408226]
41.62290072441101,1003,False,4,3,[-0.58624993 -6.0780415   4.00000113],exiting,[ 0.63925976  0.24903542 -0.34837281]
41.62290072441101,1004,False,1,4,[ 8.612805   -6.89837323  3.99999897],exiting,[-0.62185191  0.08809385  0.93462812]
41.62290072441101,1005,False,3,2,[-7.32185874 -1.48619437  2.84718211],landing,[ 0.50568378 -0.03156594 -0.11489306]
41.71758985519409,1000,False,2,5,[-8.11986419  7.91396834  1.3896004 ],fake_landed,[-0.82138112 -0.19970136 -0.21083176]
41.71758985519409,1001,False,0,6,[2.8925047  8.58361695 1.29678956],waiting,[-0.48080528  0.59740651 -0.20557775]
41.71758985519409,1002,False,6,1,[6.7763397  2.31010295 4.00267318],exiting,[ 0.5677905  -0.59831228 -0.99408226]
41.71758985519409,1003,False,4,3,[-0.56847976 -6.17644994  4.0000009 ],exiting,[ 0.63925976  0.24903542 -0.34837281]
41.71758985519409,1004,False,1,4,[ 8.63858293 -6.99499362  3.99999941],exiting,[-0.62185191  0.08809385  0.93462812]
41.71758985519409,1005,False,3,2,[-7.33010541 -1.46368704  2.75009754],landing,[ 0.50568378 -0.03156594 -0.11489306]
41.81436467170715,1000,False,2,5,[-8.10890764  7.92183232  1.33113578],fake_landed,[-0.82138112 -0.19970136 -0.21083176]
41.81436467170715,1001,False,0,6,[2.8925047  8.58361695 1.29678956],waiting,[-0.48080528  0.59740651 -0.20557775]
41.81436467170715,1002,False,6,1,[6.67645533 2.30529935 4.00207714],exiting,[ 0.5677905  -0.59831228 -0.99408226]
41.81436467170715,1003,False,4,3,[-0.55070958 -6.27485838  4.00000072],exiting,[ 0.63925976  0.24903542 -0.34837281]
41.81436467170715,1004,False,1,4,[ 8.66436085 -7.091614    3.99999973],landing,[-0.62185191  0.08809385  0.93462812]
41.81436467170715,1005,False,3,2,[-7.33835208 -1.44117971  2.65301298],landing,[ 0.50568378 -0.03156594 -0.11489306]
41.91220808029175,1000,False,2,5,[-8.10160327  7.92707498  1.29215937],fake_landed,[-0.82138112 -0.19970136 -0.21083176]
41.91220808029175,1001,False,0,6,[2.8925047  8.58361695 1.29678956],waiting,[-0.48080528  0.59740651 -0.20557775]
41.91220808029175,1002,False,6,1,[6.5765709  2.30049575 4.00160207],exiting,[ 0.5677905  -0.59831228 -0.99408226]
41.91220808029175,1003,False,4,3,[-0.53293941 -6.37326682  4.00000057],exiting,[ 0.63925976  0.24903542 -0.34837281]
41.91220808029175,1004,False,1,4,[ 8.68345495 -7.17587829  3.98576441],landing,[-0.62185191  0.08809385  0.93462812]
41.91220808029175,1005,False,3,2,[-7.34659875 -1.41867238  2.55592841],landing,[ 0.50568378 -0.03156594 -0.11489306]
42.00905227661133,1000,False,2,5,[-8.09795109  7.92969631  1.27267116],fake_landed,[-0.82138112 -0.19970136 -0.21083176]
42.00905227661133,1001,False,0,6,[2.8925047  8.58361695 1.29678956],queued,[-0.48080528  0.59740651 -0.20557775]
42.00905227661133,1002,False,6,1,[6.47668643 2.29569214 4.00122488],exiting,[ 0.5677905  -0.59831228 -0.99408226]
42.00905227661133,1003,False,4,3,[-0.51516923 -6.47167526  4.00000044],exiting,[ 0.63925976  0.24903542 -0.34837281]
42.00905227661133,1004,False,1,4,[ 8.69585601 -7.24760844  3.95745433],landing,[-0.62185191  0.08809385  0.93462812]
42.00905227661133,1005,False,3,2,[-7.35484542 -1.39616505  2.45884385],landing,[ 0.50568378 -0.03156594 -0.11489306]
42.114295959472656,1000,False,2,5,[-8.09795109  7.92969631  1.27267116],fake_landed,[-0.82138112 -0.19970136 -0.21083176]
42.114295959472656,1001,False,0,6,[2.8925047  8.58361695 1.31678956],queued,[-0.48080528  0.59740651 -0.20557775]
42.114295959472656,1002,False,6,1,[6.37680194 2.29088853 4.00092672],exiting,[ 0.5677905  -0.59831228 -0.99408226]
42.114295959472656,1003,False,4,3,[-0.49739906 -6.5700837   4.00000035],exiting,[ 0.63925976  0.24903542 -0.34837281]
42.114295959472656,1004,False,1,4,[ 8.70155426 -7.30659378  3.9152647 ],landing,[-0.62185191  0.08809385  0.93462812]
42.114295959472656,1005,False,3,2,[-7.36309208 -1.37365772  2.36175929],landing,[ 0.50568378 -0.03156594 -0.11489306]
42.210519552230835,1000,False,5,0,[-8.09795109  7.92969631  1.27267116],waiting,[-0.82138112 -0.19970136 -0.21083176]
42.210519552230835,1001,False,0,6,[2.8925047  8.58361695 1.35678956],queued,[-0.48080528  0.59740651 -0.20557775]
42.210519552230835,1002,False,6,1,[6.27691743 2.28608493 4.00069222],exiting,[ 0.5677905  -0.59831228 -0.99408226]
42.210519552230835,1003,False,4,3,[-0.47962889 -6.66849214  4.00000027],exiting,[ 0.63925976  0.24903542 -0.34837281]
42.210519552230835,1004,False,1,4,[ 8.7005383  -7.35254192  3.85947541],landing,[-0.62185191  0.08809385  0.93462812]
42.210519552230835,1005,False,3,2,[-7.37133875 -1.35115039  2.26467472],landing,[ 0.50568378 -0.03156594 -0.11489306]
42.31337261199951,1000,False,5,0,[-8.09795109  7.92969631  1.27267116],waiting,[-0.82138112 -0.19970136 -0.21083176]
42.31337261199951,1001,False,0,6,[2.8925047  8.58361695 1.41678956],queued,[-0.48080528  0.59740651 -0.20557775]
42.31337261199951,1002,False,6,1,[6.1770329  2.28128132 4.00050886],exiting,[ 0.5677905  -0.59831228 -0.99408226]
42.31337261199951,1003,False,4,3,[-0.46185871 -6.76690058  4.00000021],exiting,[ 0.63925976  0.24903542 -0.34837281]
42.31337261199951,1004,False,1,4,[ 8.69280103 -7.38522426  3.79031292],landing,[-0.62185191  0.08809385  0.93462812]
42.31337261199951,1005,False,3,2,[-7.37958542 -1.32864306  2.16759016],landing,[ 0.50568378 -0.03156594 -0.11489306]
42.41260862350464,1000,False,5,0,[-8.09795109  7.92969631  1.27267116],waiting,[-0.82138112 -0.19970136 -0.21083176]
42.41260862350464,1001,False,0,6,[2.8925047  8.58361695 1.49178956],queued,[-0.48080528  0.59740651 -0.20557775]
42.41260862350464,1002,False,6,1,[6.07714836 2.27647771 4.00036648],exiting,[ 0.5677905  -0.59831228 -0.99408226]
42.41260862350464,1003,False,4,3,[-0.44408854 -6.86530902  4.00000016],exiting,[ 0.63925976  0.24903542 -0.34837281]
42.41260862350464,1004,False,1,4,[ 8.67833715 -7.40441924  3.70800342],landing,[-0.62185191  0.08809385  0.93462812]
42.41260862350464,1005,False,3,2,[-7.38783209 -1.30613573  2.07050559],landing,[ 0.50568378 -0.03156594 -0.11489306]
42.521589517593384,1000,False,5,0,[-8.09795109  7.92969631  1.27267116],waiting,[-0.82138112 -0.19970136 -0.21083176]
42.521589517593384,1001,False,0,6,[2.8925047  8.58361695 1.56678956],queued,[-0.48080528  0.59740651 -0.20557775]
42.521589517593384,1002,False,6,1,[5.97726381 2.2716741  4.00025685],exiting,[ 0.5677905  -0.59831228 -0.99408226]
42.521589517593384,1003,False,4,3,[-0.42631836 -6.96371746  4.00000012],exiting,[ 0.63925976  0.24903542 -0.34837281]
42.521589517593384,1004,False,1,4,[ 8.65714298 -7.40990346  3.61278196],landing,[-0.62185191  0.08809385  0.93462812]
42.521589517593384,1005,False,3,2,[-7.39607876 -1.2836284   1.97342103],landing,[ 0.50568378 -0.03156594 -0.11489306]
42.608911991119385,1000,False,5,0,[-8.09795109  7.92969631  1.27267116],queued,[-0.82138112 -0.19970136 -0.21083176]
42.608911991119385,1001,False,0,6,[2.8925047  8.58361695 1.64178956],queued,[-0.48080528  0.59740651 -0.20557775]
42.608911991119385,1002,False,6,1,[5.87737926 2.26687049 4.00017329],exiting,[ 0.5677905  -0.59831228 -0.99408226]
42.608911991119385,1003,False,4,3,[-0.40854819 -7.0621259   4.00000009],exiting,[ 0.63925976  0.24903542 -0.34837281]
42.608911991119385,1004,False,1,4,[ 8.63478067 -7.41296941  3.51536263],landing,[-0.62185191  0.08809385  0.93462812]
42.608911991119385,1005,False,3,2,[-7.40432543 -1.26112107  1.87633647],landing,[ 0.50568378 -0.03156594 -0.11489306]
42.710525035858154,1000,False,5,0,[-8.09795109  7.92969631  1.29267116],queued,[-0.82138112 -0.19970136 -0.21083176]
42.710525035858154,1001,False,0,6,[2.8925047  8.58361695 1.71678956],queued,[-0.48080528  0.59740651 -0.20557775]
42.710525035858154,1002,False,6,1,[5.77749471 2.26206688 4.00011046],exiting,[ 0.5677905  -0.59831228 -0.99408226]
42.710525035858154,1003,False,4,3,[-0.39077801 -7.16053434  4.00000007],exiting,[ 0.63925976  0.24903542 -0.34837281]
42.710525035858154,1004,False,1,4,[ 8.61241835 -7.41603536  3.41794329],landing,[-0.62185191  0.08809385  0.93462812]
42.710525035858154,1005,False,3,2,[-7.4125721  -1.23861374  1.7792519 ],landing,[ 0.50568378 -0.03156594 -0.11489306]
42.81013798713684,1000,False,5,0,[-8.09795109  7.92969631  1.33267116],queued,[-0.82138112 -0.19970136 -0.21083176]
42.81013798713684,1001,False,0,6,[2.8925047  8.58361695 1.79178956],queued,[-0.48080528  0.59740651 -0.20557775]
42.81013798713684,1002,False,6,1,[5.67761015 2.25726327 4.00006407],exiting,[ 0.5677905  -0.59831228 -0.99408226]
42.81013798713684,1003,False,4,3,[-0.37300784 -7.25894278  4.00000005],exiting,[ 0.63925976  0.24903542 -0.34837281]
42.81013798713684,1004,False,1,4,[ 8.59005604 -7.41910131  3.32052396],landing,[-0.62185191  0.08809385  0.93462812]
42.81013798713684,1005,False,3,2,[-7.42081877 -1.21610642  1.68216734],landing,[ 0.50568378 -0.03156594 -0.11489306]
42.908940076828,1000,False,5,0,[-8.09795109  7.92969631  1.39267116],queued,[-0.82138112 -0.19970136 -0.21083176]
42.908940076828,1001,False,0,6,[2.8925047  8.58361695 1.86678956],queued,[-0.48080528  0.59740651 -0.20557775]
42.908940076828,1002,False,6,1,[5.5777256  2.25245966 4.00003077],landing,[ 0.5677905  -0.59831228 -0.99408226]
42.908940076828,1003,False,4,3,[-0.35523767 -7.35735121  4.00000003],exiting,[ 0.63925976  0.24903542 -0.34837281]
42.908940076828,1004,False,1,4,[ 8.56769372 -7.42216726  3.22310462],landing,[-0.62185191  0.08809385  0.93462812]
42.908940076828,1005,False,3,2,[-7.42906544 -1.19359909  1.58508277],landing,[ 0.50568378 -0.03156594 -0.11489306]
43.01561617851257,1000,False,5,0,[-8.09795109  7.92969631  1.46767116],queued,[-0.82138112 -0.19970136 -0.21083176]
43.01561617851257,1001,False,0,6,[2.8925047  8.58361695 1.94178956],queued,[-0.48080528  0.59740651 -0.20557775]
43.01561617851257,1002,False,6,1,[5.4918812  2.24510204 3.98598494],landing,[ 0.5677905  -0.59831228 -0.99408226]
43.01561617851257,1003,False,4,3,[-0.33746749 -7.45575965  4.00000002],exiting,[ 0.63925976  0.24903542 -0.34837281]
43.01561617851257,1004,False,1,4,[ 8.54533141 -7.42523321  3.12568529],landing,[-0.62185191  0.08809385  0.93462812]
43.01561617851257,1005,False,3,2,[-7.43731211 -1.17109176  1.48799821],fake_landed,[ 0.50568378 -0.03156594 -0.11489306]
43.10970664024353,1000,False,5,0,[-8.09795109  7.92969631  1.54267116],queued,[-0.82138112 -0.19970136 -0.21083176]
43.10970664024353,1001,False,0,6,[2.8925047  8.58361695 2.01678956],queued,[-0.48080528  0.59740651 -0.20557775]
43.10970664024353,1002,False,6,1,[5.42024654 2.23523625 3.95809019],landing,[ 0.5677905  -0.59831228 -0.99408226]
43.10970664024353,1003,False,4,3,[-0.31969732 -7.55416809  4.00000001],exiting,[ 0.63925976  0.24903542 -0.34837281]
43.10970664024353,1004,False,1,4,[ 8.52296909 -7.42829916  3.02826595],landing,[-0.62185191  0.08809385  0.93462812]
43.10970664024353,1005,False,3,2,[-7.44390944 -1.15308589  1.41033056],fake_landed,[ 0.50568378 -0.03156594 -0.11489306]
43.20986342430115,1000,False,5,0,[-8.09795109  7.92969631  1.61767116],queued,[-0.82138112 -0.19970136 -0.21083176]
43.20986342430115,1001,False,0,6,[2.8925047  8.58361695 2.09178956],queued,[-0.48080528  0.59740651 -0.20557775]
43.20986342430115,1002,False,6,1,[5.36302054 2.22291724 3.91654363],landing,[ 0.5677905  -0.59831228 -0.99408226]
43.20986342430115,1003,False,4,3,[-0.30192714 -7.65257653  4.00000001],exiting,[ 0.63925976  0.24903542 -0.34837281]
43.20986342430115,1004,False,1,4,[ 8.50060678 -7.43136511  2.93084662],landing,[-0.62185191  0.08809385  0.93462812]
43.20986342430115,1005,False,3,2,[-7.44885744 -1.1395815   1.35207982],fake_landed,[ 0.50568378 -0.03156594 -0.11489306]
43.317423582077026,1000,False,5,0,[-8.09795109  7.92969631  1.69267116],queued,[-0.82138112 -0.19970136 -0.21083176]
43.317423582077026,1001,False,0,6,[2.8925047  8.58361695 2.16678956],queued,[-0.48080528  0.59740651 -0.20557775]
43.317423582077026,1002,False,6,1,[5.32047337 2.20822181 3.86162228],landing,[ 0.5677905  -0.59831228 -0.99408226]
43.317423582077026,1003,False,4,3,[-0.28415697 -7.75098497  4.        ],landing,[ 0.63925976  0.24903542 -0.34837281]
43.317423582077026,1004,False,1,4,[ 8.47824446 -7.43443106  2.83342728],landing,[-0.62185191  0.08809385  0.93462812]
43.317423582077026,1005,False,3,2,[-7.45215611 -1.13057856  1.31324599],fake_landed,[ 0.50568378 -0.03156594 -0.11489306]
43.4189178943634,1000,False,5,0,[-8.09795109  7.92969631  1.76767116],queued,[-0.82138112 -0.19970136 -0.21083176]
43.4189178943634,1001,False,0,6,[2.8925047  8.58361695 2.24178956],queued,[-0.48080528  0.59740651 -0.20557775]
43.4189178943634,1002,False,6,1,[5.29283285 2.19121676 3.79356863],landing,[ 0.5677905  -0.59831228 -0.99408226]
43.4189178943634,1003,False,4,3,[-0.27203402 -7.83629832  3.98597761],landing,[ 0.63925976  0.24903542 -0.34837281]
43.4189178943634,1004,False,1,4,[ 8.45588215 -7.43749701  2.73600795],landing,[-0.62185191  0.08809385  0.93462812]
43.4189178943634,1005,False,3,2,[-7.45380544 -1.1260771   1.29382908],fake_landed,[ 0.50568378 -0.03156594 -0.11489306]
43.51565480232239,1000,False,5,0,[-8.09795109  7.92969631  1.84267116],queued,[-0.82138112 -0.19970136 -0.21083176]
43.51565480232239,1001,False,0,6,[2.8925047  8.58361695 2.31678956],queued,[-0.48080528  0.59740651 -0.20557775]
43.51565480232239,1002,False,6,1,[5.28030743 2.17196493 3.71261205],landing,[ 0.5677905  -0.59831228 -0.99408226]
43.51565480232239,1003,False,4,3,[-0.26555176 -7.90834093  3.95809628],landing,[ 0.63925976  0.24903542 -0.34837281]
43.51565480232239,1004,False,1,4,[ 8.43351983 -7.44056296  2.63858861],landing,[-0.62185191  0.08809385  0.93462812]
43.51565480232239,1005,False,2,5,[-7.45380544 -1.1260771   1.29382908],waiting,[ 0.50568378 -0.03156594 -0.11489306]
43.61237120628357,1000,False,5,0,[-8.09795109  7.92969631  1.91767116],queued,[-0.82138112 -0.19970136 -0.21083176]
43.61237120628357,1001,False,0,6,[2.8925047  8.58361695 2.39178956],entering,[-0.48080528  0.59740651 -0.20557775]
43.61237120628357,1002,False,6,1,[5.28310667 2.15053128 3.61899077],landing,[ 0.5677905  -0.59831228 -0.99408226]
43.61237120628357,1003,False,4,3,[-0.26470134 -7.9669064   3.91655299],landing,[ 0.63925976  0.24903542 -0.34837281]
43.61237120628357,1004,False,1,4,[ 8.41115752 -7.44362891  2.54116928],landing,[-0.62185191  0.08809385  0.93462812]
43.61237120628357,1005,False,2,5,[-7.45380544 -1.1260771   1.29382908],waiting,[ 0.50568378 -0.03156594 -0.11489306]
43.715880393981934,1000,False,5,0,[-8.09795109  7.92969631  1.99267116],queued,[-0.82138112 -0.19970136 -0.21083176]
43.715880393981934,1001,False,0,6,[2.88889421 8.56394554 2.46678956],entering,[-0.48080528  0.59740651 -0.20557775]
43.715880393981934,1002,False,6,1,[5.29045947 2.12847791 3.52173037],landing,[ 0.5677905  -0.59831228 -0.99408226]
43.715880393981934,1003,False,4,3,[-0.26946864 -8.01171382  3.86162473],landing,[ 0.63925976  0.24903542 -0.34837281]
43.715880393981934,1004,False,1,4,[ 8.3887952  -7.44669486  2.44374994],landing,[-0.62185191  0.08809385  0.93462812]
43.715880393981934,1005,False,2,5,[-7.45380544 -1.1260771   1.29382908],waiting,[ 0.50568378 -0.03156594 -0.11489306]
43.80905628204346,1000,False,5,0,[-8.09795109  7.92969631  2.06767116],queued,[-0.82138112 -0.19970136 -0.21083176]
43.80905628204346,1001,False,0,6,[2.88169776 8.52459824 2.54178956],entering,[-0.48080528  0.59740651 -0.20557775]
43.80905628204346,1002,False,6,1,[5.29781228 2.10642453 3.42446998],landing,[ 0.5677905  -0.59831228 -0.99408226]
43.80905628204346,1003,False,4,3,[-0.2798398  -8.04252633  3.79355345],landing,[ 0.63925976  0.24903542 -0.34837281]
43.80905628204346,1004,False,1,4,[ 8.36643289 -7.44976081  2.34633061],landing,[-0.62185191  0.08809385  0.93462812]
43.80905628204346,1005,False,2,5,[-7.45380544 -1.1260771   1.29382908],waiting,[ 0.50568378 -0.03156594 -0.11489306]
43.90941119194031,1000,False,5,0,[-8.09795109  7.92969631  2.14267116],queued,[-0.82138112 -0.19970136 -0.21083176]
43.90941119194031,1001,False,0,6,[2.87116162 8.46553174 2.61678956],entering,[-0.48080528  0.59740651 -0.20557775]
43.90941119194031,1002,False,6,1,[5.30516509 2.08437116 3.32720958],landing,[ 0.5677905  -0.59831228 -0.99408226]
43.90941119194031,1003,False,4,3,[-0.29580044 -8.05912648  3.71256836],landing,[ 0.63925976  0.24903542 -0.34837281]
43.90941119194031,1004,False,1,4,[ 8.34407057 -7.45282676  2.24891127],landing,[-0.62185191  0.08809385  0.93462812]
43.90941119194031,1005,False,2,5,[-7.45380544 -1.1260771   1.29382908],waiting,[ 0.50568378 -0.03156594 -0.11489306]
44.00940251350403,1000,False,5,0,[-8.09795109  7.92969631  2.21767116],queued,[-0.82138112 -0.19970136 -0.21083176]
44.00940251350403,1001,False,0,6,[2.85746212 8.386717   2.69178956],entering,[-0.48080528  0.59740651 -0.20557775]
44.00940251350403,1002,False,6,1,[5.31251789 2.06231778 3.22994918],landing,[ 0.5677905  -0.59831228 -0.99408226]
44.00940251350403,1003,False,4,3,[-0.31733435 -8.06129528  3.61890751],landing,[ 0.63925976  0.24903542 -0.34837281]
44.00940251350403,1004,False,1,4,[ 8.32170826 -7.4558927   2.15149194],landing,[-0.62185191  0.08809385  0.93462812]
44.00940251350403,1005,False,2,5,[-7.45380544 -1.1260771   1.29382908],waiting,[ 0.50568378 -0.03156594 -0.11489306]
44.10978603363037,1000,False,5,0,[-8.09795109  7.92969631  2.29267116],queued,[-0.82138112 -0.19970136 -0.21083176]
44.10978603363037,1001,False,0,6,[2.84083759 8.28811731 2.76678956],entering,[-0.48080528  0.59740651 -0.20557775]
44.10978603363037,1002,False,6,1,[5.3198707  2.0402644  3.13268879],landing,[ 0.5677905  -0.59831228 -0.99408226]
44.10978603363037,1003,False,4,3,[-0.34047833 -8.05921722  3.52164478],landing,[ 0.63925976  0.24903542 -0.34837281]
44.10978603363037,1004,False,1,4,[ 8.29934594 -7.45895865  2.0540726 ],landing,[-0.62185191  0.08809385  0.93462812]
44.10978603363037,1005,False,2,5,[-7.45380544 -1.1260771   1.29382908],waiting,[ 0.50568378 -0.03156594 -0.11489306]
44.21487069129944,1000,False,5,0,[-8.09795109  7.92969631  2.36767116],queued,[-0.82138112 -0.19970136 -0.21083176]
44.21487069129944,1001,False,0,6,[2.8222152  8.16961766 2.84178956],entering,[-0.48080528  0.59740651 -0.20557775]
44.21487069129944,1002,False,6,1,[5.3272235  2.01821103 3.03542839],landing,[ 0.5677905  -0.59831228 -0.99408226]
44.21487069129944,1003,False,4,3,[-0.3636223  -8.05713917  3.42438205],landing,[ 0.63925976  0.24903542 -0.34837281]
44.21487069129944,1004,False,1,4,[ 8.27698363 -7.4620246   1.95665327],landing,[-0.62185191  0.08809385  0.93462812]
44.21487069129944,1005,False,2,5,[-7.45380544 -1.1260771   1.29382908],waiting,[ 0.50568378 -0.03156594 -0.11489306]
44.30964398384094,1000,False,5,0,[-8.09795109  7.92969631  2.44267116],queued,[-0.82138112 -0.19970136 -0.21083176]
44.30964398384094,1001,False,0,6,[2.80277392 8.03113477 2.91678956],entering,[-0.48080528  0.59740651 -0.20557775]
44.30964398384094,1002,False,6,1,[5.33457631 1.99615765 2.93816799],landing,[ 0.5677905  -0.59831228 -0.99408226]
44.30964398384094,1003,False,4,3,[-0.38676627 -8.05506111  3.32711932],landing,[ 0.63925976  0.24903542 -0.34837281]
44.30964398384094,1004,False,1,4,[ 8.25462131 -7.46509055  1.85923393],landing,[-0.62185191  0.08809385  0.93462812]
44.30964398384094,1005,False,2,5,[-7.45380544 -1.1260771   1.29382908],waiting,[ 0.50568378 -0.03156594 -0.11489306]
44.408409118652344,1000,False,5,0,[-8.09795109  7.92969631  2.51767116],entering,[-0.82138112 -0.19970136 -0.21083176]
44.408409118652344,1001,False,0,6,[2.78429363 7.87267499 2.99178956],entering,[-0.48080528  0.59740651 -0.20557775]
44.408409118652344,1002,False,6,1,[5.34192911 1.97410428 2.84090759],landing,[ 0.5677905  -0.59831228 -0.99408226]
44.408409118652344,1003,False,4,3,[-0.40991025 -8.05298306  3.2298566 ],landing,[ 0.63925976  0.24903542 -0.34837281]
44.408409118652344,1004,False,1,4,[ 8.232259  -7.4681565  1.7618146],landing,[-0.62185191  0.08809385  0.93462812]
44.408409118652344,1005,False,2,5,[-7.45380544 -1.1260771   1.29382908],waiting,[ 0.50568378 -0.03156594 -0.11489306]
44.510239124298096,1000,False,5,0,[-8.08010383  7.92066995  2.59267116],entering,[-0.82138112 -0.19970136 -0.21083176]
44.510239124298096,1001,False,0,6,[2.76837101 7.69437943 3.06678956],entering,[-0.48080528  0.59740651 -0.20557775]
44.510239124298096,1002,False,6,1,[5.34928192 1.9520509  2.7436472 ],landing,[ 0.5677905  -0.59831228 -0.99408226]
44.510239124298096,1003,False,4,3,[-0.43305422 -8.050905    3.13259387],landing,[ 0.63925976  0.24903542 -0.34837281]
44.510239124298096,1004,False,1,4,[ 8.20989668 -7.47122245  1.66439526],landing,[-0.62185191  0.08809385  0.93462812]
44.510239124298096,1005,False,2,5,[-7.45380544 -1.1260771   1.29382908],queued,[ 0.50568378 -0.03156594 -0.11489306]
44.61001896858215,1000,False,5,0,[-8.04439564  7.90264428  2.66767116],entering,[-0.82138112 -0.19970136 -0.21083176]
44.61001896858215,1001,False,0,6,[2.76258915 7.49884538 3.14178956],entering,[-0.48080528  0.59740651 -0.20557775]
44.61001896858215,1002,False,6,1,[5.35663473 1.92999753 2.6463868 ],landing,[ 0.5677905  -0.59831228 -0.99408226]
44.61001896858215,1003,False,4,3,[-0.4561982  -8.04882695  3.03533114],landing,[ 0.63925976  0.24903542 -0.34837281]
44.61001896858215,1004,False,1,4,[ 8.18753437 -7.4742884   1.56697593],landing,[-0.62185191  0.08809385  0.93462812]
44.61001896858215,1005,False,2,5,[-7.45380544 -1.1260771   1.31382908],queued,[ 0.50568378 -0.03156594 -0.11489306]
44.71320700645447,1000,False,5,0,[-7.99079641  7.87567935  2.74267116],entering,[-0.82138112 -0.19970136 -0.21083176]
44.71320700645447,1001,False,0,6,[2.76761175 7.29890846 3.21678956],entering,[-0.48080528  0.59740651 -0.20557775]
44.71320700645447,1002,False,6,1,[5.36398753 1.90794415 2.5491264 ],landing,[ 0.5677905  -0.59831228 -0.99408226]
44.71320700645447,1003,False,4,3,[-0.47934217 -8.0467489   2.93806841],landing,[ 0.63925976  0.24903542 -0.34837281]
44.71320700645447,1004,False,1,4,[ 8.16517205 -7.47735435  1.46955659],fake_landed,[-0.62185191  0.08809385  0.93462812]
44.71320700645447,1005,False,2,5,[-7.45380544 -1.1260771   1.35382908],queued,[ 0.50568378 -0.03156594 -0.11489306]
44.80897116661072,1000,False,5,0,[-7.91924908  7.83989028  2.81767116],entering,[-0.82138112 -0.19970136 -0.21083176]
44.80897116661072,1001,False,0,6,[2.78622675 7.09977664 3.29178956],entering,[-0.48080528  0.59740651 -0.20557775]
44.80897116661072,1002,False,6,1,[5.37134034 1.88589078 2.451866  ],landing,[ 0.5677905  -0.59831228 -0.99408226]
44.80897116661072,1003,False,4,3,[-0.50248615 -8.04467084  2.84080569],landing,[ 0.63925976  0.24903542 -0.34837281]
44.80897116661072,1004,False,1,4,[ 8.1472822  -7.47980711  1.39162113],fake_landed,[-0.62185191  0.08809385  0.93462812]
44.80897116661072,1005,False,2,5,[-7.45380544 -1.1260771   1.41382908],queued,[ 0.50568378 -0.03156594 -0.11489306]
44.90895700454712,1000,False,5,0,[-7.82970219  7.79538248  2.89267116],entering,[-0.82138112 -0.19970136 -0.21083176]
44.90895700454712,1001,False,0,6,[2.82170824 6.90294914 3.36678956],entering,[-0.48080528  0.59740651 -0.20557775]
44.90895700454712,1002,False,6,1,[5.37869314 1.8638374  2.35460561],landing,[ 0.5677905  -0.59831228 -0.99408226]
44.90895700454712,1003,False,4,3,[-0.52563012 -8.04259279  2.74354296],landing,[ 0.63925976  0.24903542 -0.34837281]
44.90895700454712,1004,False,1,4,[ 8.13386481 -7.48164668  1.33316953],fake_landed,[-0.62185191  0.08809385  0.93462812]
44.90895700454712,1005,False,2,5,[-7.45380544 -1.1260771   1.48882908],queued,[ 0.50568378 -0.03156594 -0.11489306]
45.00961399078369,1000,False,5,0,[-7.72213009  7.74220912  2.96767116],entering,[-0.82138112 -0.19970136 -0.21083176]
45.00961399078369,1001,False,0,6,[2.86912896 6.70865227 3.44178956],entering,[-0.48080528  0.59740651 -0.20557775]
45.00961399078369,1002,False,6,1,[5.38604595 1.84178402 2.25734521],landing,[ 0.5677905  -0.59831228 -0.99408226]
45.00961399078369,1003,False,4,3,[-0.5487741  -8.04051473  2.64628023],landing,[ 0.63925976  0.24903542 -0.34837281]
45.00961399078369,1004,False,1,4,[ 8.12491988 -7.48287306  1.29420179],fake_landed,[-0.62185191  0.08809385  0.93462812]
45.00961399078369,1005,False,2,5,[-7.45380544 -1.1260771   1.56382908],queued,[ 0.50568378 -0.03156594 -0.11489306]
45.10914421081543,1000,False,5,0,[-7.59651885  7.68039926  3.04267116],entering,[-0.82138112 -0.19970136 -0.21083176]
45.10914421081543,1001,False,0,6,[2.93272751 6.51903364 3.51678956],entering,[-0.48080528  0.59740651 -0.20557775]
45.10914421081543,1002,False,6,1,[5.39339875 1.81973065 2.16008481],landing,[ 0.5677905  -0.59831228 -0.99408226]
45.10914421081543,1003,False,4,3,[-0.57191807 -8.03843668  2.54901751],landing,[ 0.63925976  0.24903542 -0.34837281]
45.10914421081543,1004,False,1,4,[ 8.12044742 -7.48348625  1.27471792],fake_landed,[-0.62185191  0.08809385  0.93462812]
45.10914421081543,1005,False,2,5,[-7.45380544 -1.1260771   1.63882908],queued,[ 0.50568378 -0.03156594 -0.11489306]
45.20904278755188,1000,False,5,0,[-7.4524213   7.6109568   3.11767116],entering,[-0.82138112 -0.19970136 -0.21083176]
45.20904278755188,1001,False,0,6,[3.00903339 6.3341623  3.58927113],entering,[-0.48080528  0.59740651 -0.20557775]
45.20904278755188,1002,False,6,1,[5.40075156 1.79767727 2.06282442],landing,[ 0.5677905  -0.59831228 -0.99408226]
45.20904278755188,1003,False,4,3,[-0.59506205 -8.03635862  2.45175478],landing,[ 0.63925976  0.24903542 -0.34837281]
45.20904278755188,1004,False,1,4,[ 8.12044742 -7.48348625  1.27471792],fake_landed,[-0.62185191  0.08809385  0.93462812]
45.20904278755188,1005,False,2,5,[-7.45380544 -1.1260771   1.71382908],queued,[ 0.50568378 -0.03156594 -0.11489306]
45.31702733039856,1000,False,5,0,[-7.28959904  7.53448691  3.19267116],entering,[-0.82138112 -0.19970136 -0.21083176]
45.31702733039856,1001,False,0,6,[3.10077882 6.15647681 3.65126537],entering,[-0.48080528  0.59740651 -0.20557775]
45.31702733039856,1002,False,6,1,[5.40810437 1.7756239  1.96556402],landing,[ 0.5677905  -0.59831228 -0.99408226]
45.31702733039856,1003,False,4,3,[-0.61820602 -8.03428057  2.35449205],landing,[ 0.63925976  0.24903542 -0.34837281]
45.31702733039856,1004,False,4,2,[ 8.12044742 -7.48348625  1.27471792],waiting,[-0.62185191  0.08809385  0.93462812]
45.31702733039856,1005,False,2,5,[-7.45380544 -1.1260771   1.78882908],queued,[ 0.50568378 -0.03156594 -0.11489306]
45.41509437561035,1000,False,5,0,[-7.1072912   7.45351008  3.26767116],entering,[-0.82138112 -0.19970136 -0.21083176]
45.41509437561035,1001,False,0,6,[3.20671221 5.98683568 3.70357557],entering,[-0.48080528  0.59740651 -0.20557775]
45.41509437561035,1002,False,6,1,[5.41545717 1.75357052 1.86830362],landing,[ 0.5677905  -0.59831228 -0.99408226]
45.41509437561035,1003,False,4,3,[-0.64135    -8.03220251  2.25722932],landing,[ 0.63925976  0.24903542 -0.34837281]
45.41509437561035,1004,False,4,2,[ 8.12044742 -7.48348625  1.27471792],waiting,[-0.62185191  0.08809385  0.93462812]
45.41509437561035,1005,False,2,5,[-7.45380544 -1.1260771   1.86382908],queued,[ 0.50568378 -0.03156594 -0.11489306]
45.518152475357056,1000,False,5,0,[-6.92345691  7.37473854  3.34267116],entering,[-0.82138112 -0.19970136 -0.21083176]
45.518152475357056,1001,False,0,6,[3.32785375 5.82773445 3.74829481],entering,[-0.48080528  0.59740651 -0.20557775]
45.518152475357056,1002,False,6,1,[5.42280998 1.73151715 1.77104322],landing,[ 0.5677905  -0.59831228 -0.99408226]
45.518152475357056,1003,False,4,3,[-0.66449397 -8.03012446  2.1599666 ],landing,[ 0.63925976  0.24903542 -0.34837281]
45.518152475357056,1004,False,4,2,[ 8.12044742 -7.48348625  1.27471792],waiting,[-0.62185191  0.08809385  0.93462812]
45.518152475357056,1005,False,2,5,[-7.45380544 -1.1260771   1.93882908],queued,[ 0.50568378 -0.03156594 -0.11489306]
45.61317205429077,1000,False,5,0,[-6.73749161  7.3011389   3.41767116],entering,[-0.82138112 -0.19970136 -0.21083176]
45.61317205429077,1001,False,0,6,[3.46318354 5.68047329 3.78605059],entering,[-0.48080528  0.59740651 -0.20557775]
45.61317205429077,1002,False,6,1,[5.43016278 1.70946377 1.67378283],landing,[ 0.5677905  -0.59831228 -0.99408226]
45.61317205429077,1003,False,4,3,[-0.68763795 -8.02804641  2.06270387],landing,[ 0.63925976  0.24903542 -0.34837281]
45.61317205429077,1004,False,4,2,[ 8.12044742 -7.48348625  1.27471792],waiting,[-0.62185191  0.08809385  0.93462812]
45.61317205429077,1005,False,2,5,[-7.45380544 -1.1260771   2.01382908],queued,[ 0.50568378 -0.03156594 -0.11489306]
45.71809101104736,1000,False,5,0,[-6.54997306  7.23159185  3.49267116],entering,[-0.82138112 -0.19970136 -0.21083176]
45.71809101104736,1001,False,0,6,[3.61201511 5.54693379 3.81838252],entering,[-0.48080528  0.59740651 -0.20557775]
45.71809101104736,1002,False,6,1,[5.43751559 1.6874104  1.57652243],landing,[ 0.5677905  -0.59831228 -0.99408226]
45.71809101104736,1003,False,4,3,[-0.71078192 -8.02596835  1.96544114],landing,[ 0.63925976  0.24903542 -0.34837281]
45.71809101104736,1004,False,4,2,[ 8.12044742 -7.48348625  1.27471792],waiting,[-0.62185191  0.08809385  0.93462812]
45.71809101104736,1005,False,2,5,[-7.45380544 -1.1260771   2.08882908],queued,[ 0.50568378 -0.03156594 -0.11489306]
45.8140082359314,1000,False,5,0,[-6.36075098  7.16682301  3.56767116],entering,[-0.82138112 -0.19970136 -0.21083176]
45.8140082359314,1001,False,0,6,[3.7730842  5.42837899 3.84564475],cruising,[-0.48080528  0.59740651 -0.20557775]
45.8140082359314,1002,False,6,1,[5.44486839 1.66535702 1.47926203],fake_landed,[ 0.5677905  -0.59831228 -0.99408226]
45.8140082359314,1003,False,4,3,[-0.7339259  -8.0238903   1.86817841],landing,[ 0.63925976  0.24903542 -0.34837281]
45.8140082359314,1004,False,4,2,[ 8.12044742 -7.48348625  1.27471792],waiting,[-0.62185191  0.08809385  0.93462812]
45.8140082359314,1005,False,2,5,[-7.45380544 -1.1260771   2.16382908],entering,[ 0.50568378 -0.03156594 -0.11489306]
45.914358139038086,1000,False,5,0,[-6.16948018  7.10838086  3.63252049],entering,[-0.82138112 -0.19970136 -0.21083176]
45.914358139038086,1001,False,0,6,[3.94464524 5.32558401 3.86879804],cruising,[-0.48080528  0.59740651 -0.20557775]
45.914358139038086,1002,False,6,1,[5.45075064 1.64771432 1.40145371],fake_landed,[ 0.5677905  -0.59831228 -0.99408226]
45.914358139038086,1003,False,4,3,[-0.75706987 -8.02181224  1.77091569],landing,[ 0.63925976  0.24903542 -0.34837281]
45.914358139038086,1004,False,4,2,[ 8.12044742 -7.48348625  1.27471792],waiting,[-0.62185191  0.08809385  0.93462812]
45.914358139038086,1005,False,2,5,[-7.44071994 -1.11095197  2.23882908],entering,[ 0.50568378 -0.03156594 -0.11489306]
46.00874066352844,1000,False,5,0,[-5.97594876  7.05792706  3.68764241],entering,[-0.82138112 -0.19970136 -0.21083176]
46.00874066352844,1001,False,0,6,[4.12402419 5.2371352  3.88847833],cruising,[-0.48080528  0.59740651 -0.20557775]
46.00874066352844,1002,False,6,1,[5.45516232 1.63448229 1.34309748],fake_landed,[ 0.5677905  -0.59831228 -0.99408226]
46.00874066352844,1003,False,4,3,[-0.78021385 -8.01973419  1.67365296],landing,[ 0.63925976  0.24903542 -0.34837281]
46.00874066352844,1004,False,4,2,[ 8.12044742 -7.48348625  1.27471792],waiting,[-0.62185191  0.08809385  0.93462812]
46.00874066352844,1005,False,2,5,[-7.41456381 -1.08068885  2.31382908],entering,[ 0.50568378 -0.03156594 -0.11489306]
46.108824014663696,1000,False,5,0,[-5.78036318  7.01613854  3.73449605],entering,[-0.82138112 -0.19970136 -0.21083176]
46.108824014663696,1001,False,0,6,[4.30950805 5.16233054 3.90520658],cruising,[-0.48080528  0.59740651 -0.20557775]
46.108824014663696,1002,False,6,1,[5.45810344 1.62566094 1.30419332],fake_landed,[ 0.5677905  -0.59831228 -0.99408226]
46.108824014663696,1003,False,4,3,[-0.80335782 -8.01765613  1.57639023],landing,[ 0.63925976  0.24903542 -0.34837281]
46.108824014663696,1004,False,4,2,[ 8.12044742 -7.48348625  1.27471792],waiting,[-0.62185191  0.08809385  0.93462812]
46.108824014663696,1005,False,2,5,[-7.37536995 -1.03525939  2.38882908],entering,[ 0.50568378 -0.03156594 -0.11489306]
46.209590435028076,1000,False,5,0,[-5.58313565  6.98295265  3.77432164],entering,[-0.82138112 -0.19970136 -0.21083176]
46.209590435028076,1001,False,0,6,[4.49922848 5.0990363  3.91942559],cruising,[-0.48080528  0.59740651 -0.20557775]
46.209590435028076,1002,False,6,1,[5.459574   1.62125027 1.28474124],fake_landed,[ 0.5677905  -0.59831228 -0.99408226]
46.209590435028076,1003,False,4,3,[-0.8265018  -8.01557808  1.4791275 ],fake_landed,[ 0.63925976  0.24903542 -0.34837281]
46.209590435028076,1004,False,4,2,[ 8.12044742 -7.48348625  1.27471792],waiting,[-0.62185191  0.08809385  0.93462812]
46.209590435028076,1005,False,2,5,[-7.32320124 -0.97460978  2.46382908],entering,[ 0.50568378 -0.03156594 -0.11489306]
46.30987572669983,1000,False,5,0,[-5.38420715  6.96227774  3.8081734 ],entering,[-0.82138112 -0.19970136 -0.21083176]
46.30987572669983,1001,False,0,6,[4.69177576 5.04494801 3.93151175],cruising,[-0.48080528  0.59740651 -0.20557775]
46.30987572669983,1002,False,6,1,[5.459574   1.62125027 1.28474124],fake_landed,[ 0.5677905  -0.59831228 -0.99408226]
46.30987572669983,1003,False,4,3,[-0.84501698 -8.01391564  1.40131732],fake_landed,[ 0.63925976  0.24903542 -0.34837281]
46.30987572669983,1004,False,4,2,[ 8.12044742 -7.48348625  1.27471792],waiting,[-0.62185191  0.08809385  0.93462812]
46.30987572669983,1005,False,2,5,[-7.25818089 -0.89863584  2.53882908],entering,[ 0.50568378 -0.03156594 -0.11489306]
46.40885019302368,1000,False,5,0,[-5.18448608  6.95171863  3.83694739],entering,[-0.82138112 -0.19970136 -0.21083176]
46.40885019302368,1001,False,0,6,[4.88627458 4.99836251 3.94178499],cruising,[-0.48080528  0.59740651 -0.20557775]
46.40885019302368,1002,False,1,4,[5.459574   1.62125027 1.28474124],waiting,[ 0.5677905  -0.59831228 -0.99408226]
46.40885019302368,1003,False,4,3,[-0.85890336 -8.0126688   1.34295969],fake_landed,[ 0.63925976  0.24903542 -0.34837281]
46.40885019302368,1004,False,4,2,[ 8.12044742 -7.48348625  1.27471792],waiting,[-0.62185191  0.08809385  0.93462812]
46.40885019302368,1005,False,2,5,[-7.18062578 -0.80707728  2.61382908],entering,[ 0.50568378 -0.03156594 -0.11489306]
46.509249687194824,1000,False,5,0,[-4.98448631  6.95141894  3.86140528],cruising,[-0.82138112 -0.19970136 -0.21083176]
46.509249687194824,1001,False,0,6,[5.08191481 4.95683058 3.95051724],cruising,[-0.48080528  0.59740651 -0.20557775]
46.509249687194824,1002,False,1,4,[5.459574   1.62125027 1.28474124],waiting,[ 0.5677905  -0.59831228 -0.99408226]
46.509249687194824,1003,False,4,3,[-0.86816095 -8.01183758  1.3040546 ],fake_landed,[ 0.63925976  0.24903542 -0.34837281]
46.509249687194824,1004,False,4,2,[ 8.12044742 -7.48348625  1.27471792],waiting,[-0.62185191  0.08809385  0.93462812]
46.509249687194824,1005,False,2,5,[-7.0908591  -0.69967961  2.68882908],entering,[ 0.50568378 -0.03156594 -0.11489306]
46.618260860443115,1000,False,5,0,[-4.78471173  6.96091202  3.88219449],cruising,[-0.82138112 -0.19970136 -0.21083176]
46.618260860443115,1001,False,0,6,[5.27819334 4.91842824 3.95793966],cruising,[-0.48080528  0.59740651 -0.20557775]
46.618260860443115,1002,False,1,4,[5.459574   1.62125027 1.28474124],waiting,[ 0.5677905  -0.59831228 -0.99408226]
46.618260860443115,1003,False,4,3,[-0.87278974 -8.01142197  1.28460205],fake_landed,[ 0.63925976  0.24903542 -0.34837281]
46.618260860443115,1004,False,4,2,[ 8.12044742 -7.48348625  1.27471792],waiting,[-0.62185191  0.08809385  0.93462812]
46.618260860443115,1005,False,2,5,[-6.98942811 -0.5760356   2.76382908],entering,[ 0.50568378 -0.03156594 -0.11489306]
46.70857381820679,1000,False,5,0,[-4.58553439  6.97903344  3.89986531],cruising,[-0.82138112 -0.19970136 -0.21083176]
46.70857381820679,1001,False,0,6,[5.47474298 4.88143856 3.96424871],cruising,[-0.48080528  0.59740651 -0.20557775]
46.70857381820679,1002,False,1,4,[5.459574   1.62125027 1.28474124],waiting,[ 0.5677905  -0.59831228 -0.99408226]
46.70857381820679,1003,False,4,3,[-0.87278974 -8.01142197  1.28460205],fake_landed,[ 0.63925976  0.24903542 -0.34837281]
46.70857381820679,1004,False,4,2,[ 8.12044742 -7.48348625  1.27471792],waiting,[-0.62185191  0.08809385  0.93462812]
46.70857381820679,1005,False,2,5,[-6.87750468 -0.43536488  2.83882908],entering,[ 0.50568378 -0.03156594 -0.11489306]
46.81061506271362,1000,False,5,0,[-4.38712238  7.00418647  3.91488552],cruising,[-0.82138112 -0.19970136 -0.21083176]
46.81061506271362,1001,False,0,6,[5.67159576 4.84609757 3.9696114 ],exiting,[-0.48080528  0.59740651 -0.20557775]
46.81061506271362,1002,False,1,4,[5.459574   1.62125027 1.28474124],waiting,[ 0.5677905  -0.59831228 -0.99408226]
46.81061506271362,1003,False,3,1,[-0.87278974 -8.01142197  1.28460205],waiting,[ 0.63925976  0.24903542 -0.34837281]
46.81061506271362,1004,False,4,2,[ 8.12044742 -7.48348625  1.27471792],waiting,[-0.62185191  0.08809385  0.93462812]
46.81061506271362,1005,False,2,5,[-6.75773154 -0.27629899  2.91382908],entering,[ 0.50568378 -0.03156594 -0.11489306]
46.92032217979431,1000,False,5,0,[-4.18945063  7.03461474  3.92765269],cruising,[-0.82138112 -0.19970136 -0.21083176]
46.92032217979431,1001,False,0,6,[5.85307448 4.8235487  3.97495119],exiting,[-0.48080528  0.59740651 -0.20557775]
46.92032217979431,1002,False,1,4,[5.459574   1.62125027 1.28474124],waiting,[ 0.5677905  -0.59831228 -0.99408226]
46.92032217979431,1003,False,3,1,[-0.87278974 -8.01142197  1.28460205],waiting,[ 0.63925976  0.24903542 -0.34837281]
46.92032217979431,1004,False,4,2,[ 8.12044742 -7.48348625  1.27471792],waiting,[-0.62185191  0.08809385  0.93462812]
46.92032217979431,1005,False,2,5,[-6.64085503 -0.11400333  2.98882908],entering,[ 0.50568378 -0.03156594 -0.11489306]
47.009241580963135,1000,False,5,0,[-3.99235971  7.06860252  3.93850479],cruising,[-0.82138112 -0.19970136 -0.21083176]
47.009241580963135,1001,False,0,6,[6.01914701 4.81375281 3.98018885],exiting,[-0.48080528  0.59740651 -0.20557775]
47.009241580963135,1002,False,1,4,[5.459574   1.62125027 1.28474124],waiting,[ 0.5677905  -0.59831228 -0.99408226]
47.009241580963135,1003,False,3,1,[-0.87278974 -8.01142197  1.28460205],waiting,[ 0.63925976  0.24903542 -0.34837281]
47.009241580963135,1004,False,4,2,[ 8.12044742 -7.48348625  1.27471792],waiting,[-0.62185191  0.08809385  0.93462812]
47.009241580963135,1005,False,2,5,[-6.52749783  0.05076967  3.06382908],entering,[ 0.50568378 -0.03156594 -0.11489306]
47.10952663421631,1000,False,5,0,[-3.79562287  7.1045833   3.94772907],cruising,[-0.82138112 -0.19970136 -0.21083176]
47.10952663421631,1001,False,0,6,[6.16977372 4.81666081 3.9852323 ],exiting,[-0.48080528  0.59740651 -0.20557775]
47.10952663421631,1002,False,1,4,[5.459574   1.62125027 1.28474124],waiting,[ 0.5677905  -0.59831228 -0.99408226]
47.10952663421631,1003,False,3,1,[-0.87278974 -8.01142197  1.28460205],waiting,[ 0.63925976  0.24903542 -0.34837281]
47.10952663421631,1004,False,4,2,[ 8.12044742 -7.48348625  1.27471792],waiting,[-0.62185191  0.08809385  0.93462812]
47.10952663421631,1005,False,2,5,[-6.41827282  0.21831041  3.13882908],entering,[ 0.50568378 -0.03156594 -0.11489306]
47.2187716960907,1000,False,5,0,[-3.59855885  7.13872672  3.95556971],cruising,[-0.82138112 -0.19970136 -0.21083176]
47.2187716960907,1001,False,0,6,[6.30490514 4.83221014 3.98997057],exiting,[-0.48080528  0.59740651 -0.20557775]
47.2187716960907,1002,False,1,4,[5.459574   1.62125027 1.28474124],waiting,[ 0.5677905  -0.59831228 -0.99408226]
47.2187716960907,1003,False,3,1,[-0.87278974 -8.01142197  1.28460205],waiting,[ 0.63925976  0.24903542 -0.34837281]
47.2187716960907,1004,False,4,2,[ 8.12044742 -7.48348625  1.27471792],waiting,[-0.62185191  0.08809385  0.93462812]
47.2187716960907,1005,False,2,5,[-6.31371519  0.38880294  3.21382908],entering,[ 0.50568378 -0.03156594 -0.11489306]
47.32251334190369,1000,False,5,0,[-3.40146457  7.172695    3.96223425],cruising,[-0.82138112 -0.19970136 -0.21083176]
47.32251334190369,1001,False,0,6,[6.42447602 4.86031606 3.99426005],exiting,[-0.48080528  0.59740651 -0.20557775]
47.32251334190369,1002,False,1,4,[5.459574   1.62125027 1.28474124],waiting,[ 0.5677905  -0.59831228 -0.99408226]
47.32251334190369,1003,False,3,1,[-0.87278974 -8.01142197  1.28460205],waiting,[ 0.63925976  0.24903542 -0.34837281]
47.32251334190369,1004,False,4,2,[ 8.12044742 -7.48348625  1.27471792],waiting,[-0.62185191  0.08809385  0.93462812]
47.32251334190369,1005,False,2,5,[-6.21452382  0.56247237  3.28882908],entering,[ 0.50568378 -0.03156594 -0.11489306]
47.40982961654663,1000,False,5,0,[-3.20414132  7.20530688  3.96789911],cruising,[-0.82138112 -0.19970136 -0.21083176]
47.40982961654663,1001,False,0,6,[6.52839687 4.9008583  3.99790562],exiting,[-0.48080528  0.59740651 -0.20557775]
47.40982961654663,1002,False,1,4,[5.459574   1.62125027 1.28474124],waiting,[ 0.5677905  -0.59831228 -0.99408226]
47.40982961654663,1003,False,3,1,[-0.87278974 -8.01142197  1.28460205],waiting,[ 0.63925976  0.24903542 -0.34837281]
47.40982961654663,1004,False,4,2,[ 8.12044742 -7.48348625  1.27471792],waiting,[-0.62185191  0.08809385  0.93462812]
47.40982961654663,1005,False,2,5,[-6.12152627  0.73953579  3.36382908],entering,[ 0.50568378 -0.03156594 -0.11489306]
47.50953125953674,1000,False,5,0,[-3.00604401  7.23282883  3.97271425],cruising,[-0.82138112 -0.19970136 -0.21083176]
47.50953125953674,1001,False,0,6,[6.61660378 4.95374824 4.00077249],exiting,[-0.48080528  0.59740651 -0.20557775]
47.50953125953674,1002,False,1,4,[5.459574   1.62125027 1.28474124],waiting,[ 0.5677905  -0.59831228 -0.99408226]
47.50953125953674,1003,False,3,1,[-0.87278974 -8.01142197  1.28460205],waiting,[ 0.63925976  0.24903542 -0.34837281]
47.50953125953674,1004,False,4,2,[ 8.12044742 -7.48348625  1.27471792],queued,[-0.62185191  0.08809385  0.93462812]
47.50953125953674,1005,False,2,5,[-6.0356856   0.92017737  3.43882908],entering,[ 0.50568378 -0.03156594 -0.11489306]
47.60865545272827,1000,False,5,0,[-2.807542    7.25726142  3.97680711],cruising,[-0.82138112 -0.19970136 -0.21083176]
47.60865545272827,1001,False,0,6,[6.68903077 5.01889221 4.00272666],exiting,[-0.48080528  0.59740651 -0.20557775]
47.60865545272827,1002,False,1,4,[5.459574   1.62125027 1.28474124],waiting,[ 0.5677905  -0.59831228 -0.99408226]
47.60865545272827,1003,False,3,1,[-0.87278974 -8.01142197  1.28460205],waiting,[ 0.63925976  0.24903542 -0.34837281]
47.60865545272827,1004,False,4,2,[ 8.12044742 -7.48348625  1.29471792],queued,[-0.62185191  0.08809385  0.93462812]
47.60865545272827,1005,False,2,5,[-5.95815117  1.10453683  3.51382908],entering,[ 0.50568378 -0.03156594 -0.11489306]
47.711381912231445,1000,False,5,0,[-2.60827799  7.27440352  3.98028604],cruising,[-0.82138112 -0.19970136 -0.21083176]
47.711381912231445,1001,False,0,6,[6.74561032 5.09619264 4.00364227],exiting,[-0.48080528  0.59740651 -0.20557775]
47.711381912231445,1002,False,1,4,[5.459574   1.62125027 1.28474124],waiting,[ 0.5677905  -0.59831228 -0.99408226]
47.711381912231445,1003,False,3,1,[-0.87278974 -8.01142197  1.28460205],waiting,[ 0.63925976  0.24903542 -0.34837281]
47.711381912231445,1004,False,4,2,[ 8.12044742 -7.48348625  1.33471792],queued,[-0.62185191  0.08809385  0.93462812]
47.711381912231445,1005,False,2,5,[-5.89026505  1.29266305  3.58675472],entering,[ 0.50568378 -0.03156594 -0.11489306]
47.809571743011475,1000,False,5,0,[-2.40864222  7.2864683   3.98324314],cruising,[-0.82138112 -0.19970136 -0.21083176]
47.809571743011475,1001,False,0,6,[6.78627295 5.18554983 4.00342354],exiting,[-0.48080528  0.59740651 -0.20557775]
47.809571743011475,1002,False,1,4,[5.459574   1.62125027 1.28474124],waiting,[ 0.5677905  -0.59831228 -0.99408226]
47.809571743011475,1003,False,3,1,[-0.87278974 -8.01142197  1.28460205],waiting,[ 0.63925976  0.24903542 -0.34837281]
47.809571743011475,1004,False,4,2,[ 8.12044742 -7.48348625  1.39471792],queued,[-0.62185191  0.08809385  0.93462812]
47.809571743011475,1005,False,2,5,[-5.83353871  1.48444971  3.64874151],entering,[ 0.50568378 -0.03156594 -0.11489306]
47.9132981300354,1000,False,5,0,[-2.20864871  7.28807994  3.98575667],cruising,[-0.82138112 -0.19970136 -0.21083176]
47.9132981300354,1001,False,0,6,[6.82105172 5.27930712 4.00283196],exiting,[-0.48080528  0.59740651 -0.20557775]
47.9132981300354,1002,False,1,4,[5.459574   1.62125027 1.28474124],waiting,[ 0.5677905  -0.59831228 -0.99408226]
47.9132981300354,1003,False,3,1,[-0.87278974 -8.01142197  1.28460205],queued,[ 0.63925976  0.24903542 -0.34837281]
47.9132981300354,1004,False,4,2,[ 8.12044742 -7.48348625  1.46971792],queued,[-0.62185191  0.08809385  0.93462812]
47.9132981300354,1005,False,2,5,[-5.78957616  1.67955813  3.70143028],entering,[ 0.50568378 -0.03156594 -0.11489306]
48.01026892662048,1000,False,5,0,[-2.00928007  7.2722008   3.98789317],cruising,[-0.82138112 -0.19970136 -0.21083176]
48.01026892662048,1001,False,0,6,[6.8558305  5.37306443 4.0023411 ],exiting,[-0.48080528  0.59740651 -0.20557775]
48.01026892662048,1002,False,1,4,[5.459574   1.62125027 1.28474124],waiting,[ 0.5677905  -0.59831228 -0.99408226]
48.01026892662048,1003,False,3,1,[-0.87278974 -8.01142197  1.30460205],queued,[ 0.63925976  0.24903542 -0.34837281]
48.01026892662048,1004,False,4,2,[ 8.12044742 -7.48348625  1.54471792],queued,[-0.62185191  0.08809385  0.93462812]
48.01026892662048,1005,False,2,5,[-5.75991915  1.87734706  3.74621574],entering,[ 0.50568378 -0.03156594 -0.11489306]
48.11791491508484,1000,False,5,0,[-1.81233431  7.23738177  3.98970919],cruising,[-0.82138112 -0.19970136 -0.21083176]
48.11791491508484,1001,False,0,6,[6.89060928 5.46682174 4.00193402],exiting,[-0.48080528  0.59740651 -0.20557775]
48.11791491508484,1002,False,1,4,[5.459574   1.62125027 1.28474124],queued,[ 0.5677905  -0.59831228 -0.99408226]
48.11791491508484,1003,False,3,1,[-0.87278974 -8.01142197  1.34460205],queued,[ 0.63925976  0.24903542 -0.34837281]
48.11791491508484,1004,False,4,2,[ 8.12044742 -7.48348625  1.61971792],queued,[-0.62185191  0.08809385  0.93462812]
48.11791491508484,1005,False,2,5,[-5.7458078   2.07684862  3.78428338],entering,[ 0.50568378 -0.03156594 -0.11489306]
48.20859909057617,1000,False,5,0,[-1.61902877  7.18606928  3.99125281],cruising,[-0.82138112 -0.19970136 -0.21083176]
48.20859909057617,1001,False,0,6,[6.92538806 5.56057905 4.00159659],exiting,[-0.48080528  0.59740651 -0.20557775]
48.20859909057617,1002,False,1,4,[5.459574   1.62125027 1.30474124],queued,[ 0.5677905  -0.59831228 -0.99408226]
48.20859909057617,1003,False,3,1,[-0.87278974 -8.01142197  1.40460205],queued,[ 0.63925976  0.24903542 -0.34837281]
48.20859909057617,1004,False,4,2,[ 8.12044742 -7.48348625  1.69471792],queued,[-0.62185191  0.08809385  0.93462812]
48.20859909057617,1005,False,2,5,[-5.74704535  2.27684479  3.81664087],entering,[ 0.50568378 -0.03156594 -0.11489306]
48.3161735534668,1000,False,5,0,[-1.42996158  7.12084969  3.99256489],cruising,[-0.82138112 -0.19970136 -0.21083176]
48.3161735534668,1001,False,0,6,[6.96016685 5.65433637 4.00131705],exiting,[-0.48080528  0.59740651 -0.20557775]
48.3161735534668,1002,False,1,4,[5.459574   1.62125027 1.34474124],queued,[ 0.5677905  -0.59831228 -0.99408226]
48.3161735534668,1003,False,3,1,[-0.87278974 -8.01142197  1.47960205],queued,[ 0.63925976  0.24903542 -0.34837281]
48.3161735534668,1004,False,4,2,[ 8.12044742 -7.48348625  1.76971792],queued,[-0.62185191  0.08809385  0.93462812]
48.3161735534668,1005,False,2,5,[-5.7643051   2.47609865  3.84414474],cruising,[ 0.50568378 -0.03156594 -0.11489306]
48.411561250686646,1000,False,5,0,[-1.24521929  7.04423189  3.99368016],cruising,[-0.82138112 -0.19970136 -0.21083176]
48.411561250686646,1001,False,0,6,[6.99494563 5.74809369 4.00108561],exiting,[-0.48080528  0.59740651 -0.20557775]
48.411561250686646,1002,False,1,4,[5.459574   1.62125027 1.40474124],queued,[ 0.5677905  -0.59831228 -0.99408226]
48.411561250686646,1003,False,3,1,[-0.87278974 -8.01142197  1.55460205],queued,[ 0.63925976  0.24903542 -0.34837281]
48.411561250686646,1004,False,4,2,[ 8.12044742 -7.48348625  1.84471792],queued,[-0.62185191  0.08809385  0.93462812]
48.411561250686646,1005,False,2,5,[-5.79542093  2.67366333  3.86752303],cruising,[ 0.50568378 -0.03156594 -0.11489306]
48.510300397872925,1000,False,5,0,[-1.06310981  6.96155096  3.99462813],cruising,[-0.82138112 -0.19970136 -0.21083176]
48.510300397872925,1001,False,0,6,[7.02972441 5.84185101 4.0008941 ],exiting,[-0.48080528  0.59740651 -0.20557775]
48.510300397872925,1002,False,1,4,[5.459574   1.62125027 1.47974124],queued,[ 0.5677905  -0.59831228 -0.99408226]
48.510300397872925,1003,False,3,1,[-0.87278974 -8.01142197  1.62960205],queued,[ 0.63925976  0.24903542 -0.34837281]
48.510300397872925,1004,False,4,2,[ 8.12044742 -7.48348625  1.91971792],queued,[-0.62185191  0.08809385  0.93462812]
48.510300397872925,1005,False,2,5,[-5.83983334  2.86866984  3.88739458],cruising,[ 0.50568378 -0.03156594 -0.11489306]
48.62378191947937,1000,False,5,0,[-0.88503544  6.87050417  3.99543391],cruising,[-0.82138112 -0.19970136 -0.21083176]
48.62378191947937,1001,False,0,6,[7.0645032  5.93560834 4.00073573],exiting,[-0.48080528  0.59740651 -0.20557775]
48.62378191947937,1002,False,1,4,[5.459574   1.62125027 1.55474124],queued,[ 0.5677905  -0.59831228 -0.99408226]
48.62378191947937,1003,False,3,1,[-0.87278974 -8.01142197  1.70460205],queued,[ 0.63925976  0.24903542 -0.34837281]
48.62378191947937,1004,False,4,2,[ 8.12044742 -7.48348625  1.99471792],queued,[-0.62185191  0.08809385  0.93462812]
48.62378191947937,1005,False,2,5,[-5.89386645  3.06123262  3.90428539],cruising,[ 0.50568378 -0.03156594 -0.11489306]
48.715595960617065,1000,False,5,0,[-0.7103034   6.77319684  3.99611883],cruising,[-0.82138112 -0.19970136 -0.21083176]
48.715595960617065,1001,False,0,6,[7.09928198 6.02936566 4.00060486],exiting,[-0.48080528  0.59740651 -0.20557775]
48.715595960617065,1002,False,1,4,[5.459574   1.62125027 1.62974124],queued,[ 0.5677905  -0.59831228 -0.99408226]
48.715595960617065,1003,False,3,1,[-0.87278974 -8.01142197  1.77960205],queued,[ 0.63925976  0.24903542 -0.34837281]
48.715595960617065,1004,False,4,2,[ 8.12044742 -7.48348625  2.06971792],queued,[-0.62185191  0.08809385  0.93462812]
48.715595960617065,1005,False,2,5,[-5.95508179  3.25163399  3.91864258],cruising,[ 0.50568378 -0.03156594 -0.11489306]
48.810890913009644,1000,False,5,0,[-0.53724243  6.67294764  3.996701  ],cruising,[-0.82138112 -0.19970136 -0.21083176]
48.810890913009644,1001,False,0,6,[7.13406077 6.12312298 4.00049678],exiting,[-0.48080528  0.59740651 -0.20557775]
48.810890913009644,1002,False,1,4,[5.459574   1.62125027 1.70474124],queued,[ 0.5677905  -0.59831228 -0.99408226]
48.810890913009644,1003,False,3,1,[-0.87278974 -8.01142197  1.85460205],entering,[ 0.63925976  0.24903542 -0.34837281]
48.810890913009644,1004,False,4,2,[ 8.12044742 -7.48348625  2.14471792],queued,[-0.62185191  0.08809385  0.93462812]
48.810890913009644,1005,False,2,5,[-6.02108401  3.4404294   3.93084619],cruising,[ 0.50568378 -0.03156594 -0.11489306]
48.9173002243042,1000,False,5,0,[-0.36646005  6.56886413  3.99719585],cruising,[-0.82138112 -0.19970136 -0.21083176]
48.9173002243042,1001,False,0,6,[7.16883955 6.21688031 4.0004076 ],exiting,[-0.48080528  0.59740651 -0.20557775]
48.9173002243042,1002,False,1,4,[5.459574   1.62125027 1.77974124],queued,[ 0.5677905  -0.59831228 -0.99408226]
48.9173002243042,1003,False,3,1,[-0.87928237 -7.99250516  1.92960205],entering,[ 0.63925976  0.24903542 -0.34837281]
48.9173002243042,1004,False,4,2,[ 8.12044742 -7.48348625  2.21971792],queued,[-0.62185191  0.08809385  0.93462812]
48.9173002243042,1005,False,2,5,[-6.09192947  3.62746127  3.94121927],cruising,[ 0.50568378 -0.03156594 -0.11489306]
49.01392841339111,1000,False,5,0,[-0.19713825  6.46242105  3.99761647],cruising,[-0.82138112 -0.19970136 -0.21083176]
49.01392841339111,1001,False,0,6,[7.20361834 6.31063763 4.00033405],exiting,[-0.48080528  0.59740651 -0.20557775]
49.01392841339111,1002,False,1,4,[5.459574   1.62125027 1.85474124],queued,[ 0.5677905  -0.59831228 -0.99408226]
49.01392841339111,1003,False,3,1,[-0.89226762 -7.95467153  2.00460205],entering,[ 0.63925976  0.24903542 -0.34837281]
49.01392841339111,1004,False,4,2,[ 8.12044742 -7.48348625  2.29471792],queued,[-0.62185191  0.08809385  0.93462812]
49.01392841339111,1005,False,2,5,[-6.16300669  3.81440519  3.95003638],cruising,[ 0.50568378 -0.03156594 -0.11489306]
49.12297964096069,1000,False,5,0,[-0.02825072  6.35529028  3.997974  ],cruising,[-0.82138112 -0.19970136 -0.21083176]
49.12297964096069,1001,False,0,6,[7.23839712 6.40439496 4.00027346],exiting,[-0.48080528  0.59740651 -0.20557775]
49.12297964096069,1002,False,1,4,[5.459574   1.62125027 1.92974124],queued,[ 0.5677905  -0.59831228 -0.99408226]
49.12297964096069,1003,False,3,1,[-0.91174549 -7.89792109  2.07960205],entering,[ 0.63925976  0.24903542 -0.34837281]
49.12297964096069,1004,False,4,2,[ 8.12044742 -7.48348625  2.36971792],queued,[-0.62185191  0.08809385  0.93462812]
49.12297964096069,1005,False,2,5,[-6.22905041  4.00318609  3.95753092],cruising,[ 0.50568378 -0.03156594 -0.11489306]
49.21389627456665,1000,False,5,0,[0.1402994  6.24762944 3.9982779 ],cruising,[-0.82138112 -0.19970136 -0.21083176]
49.21389627456665,1001,False,0,6,[7.27317591 6.49815228 4.00022358],exiting,[-0.48080528  0.59740651 -0.20557775]
49.21389627456665,1002,False,1,4,[5.459574   1.62125027 2.00474124],queued,[ 0.5677905  -0.59831228 -0.99408226]
49.21389627456665,1003,False,3,1,[-0.93771599 -7.82225384  2.15460205],entering,[ 0.63925976  0.24903542 -0.34837281]
49.21389627456665,1004,False,4,2,[ 8.12044742 -7.48348625  2.44471792],entering,[-0.62185191  0.08809385  0.93462812]
49.21389627456665,1005,False,2,5,[-6.29122397  4.19327672  3.96390128],cruising,[ 0.50568378 -0.03156594 -0.11489306]
49.310500144958496,1000,False,5,0,[0.30909949 6.14036095 3.99853622],cruising,[-0.82138112 -0.19970136 -0.21083176]
49.310500144958496,1001,False,0,6,[7.30795469 6.59190961 4.00018256],exiting,[-0.48080528  0.59740651 -0.20557775]
49.310500144958496,1002,False,1,4,[5.459574   1.62125027 2.07974124],queued,[ 0.5677905  -0.59831228 -0.99408226]
49.310500144958496,1003,False,3,1,[-0.97017912 -7.72766977  2.22960205],entering,[ 0.63925976  0.24903542 -0.34837281]
49.310500144958496,1004,False,4,2,[ 8.10896208 -7.46711289  2.51971792],entering,[-0.62185191  0.08809385  0.93462812]
49.310500144958496,1005,False,2,5,[-6.34705373  4.38532629  3.96931609],cruising,[ 0.50568378 -0.03156594 -0.11489306]
49.41438961029053,1000,False,5,0,[0.47840509 6.0338921  3.99875578],exiting,[-0.82138112 -0.19970136 -0.21083176]
49.41438961029053,1001,False,0,6,[7.34273348 6.68566693 4.00014885],exiting,[-0.48080528  0.59740651 -0.20557775]
49.41438961029053,1002,False,1,4,[5.459574   1.62125027 2.15474124],queued,[ 0.5677905  -0.59831228 -0.99408226]
49.41438961029053,1003,False,3,1,[-1.00913487 -7.61416889  2.30460205],entering,[ 0.63925976  0.24903542 -0.34837281]
49.41438961029053,1004,False,4,2,[ 8.08599139 -7.43436617  2.59471792],entering,[-0.62185191  0.08809385  0.93462812]
49.41438961029053,1005,False,2,5,[-6.3875111   4.58119155  3.97391868],exiting,[ 0.50568378 -0.03156594 -0.11489306]
49.51824331283569,1000,False,5,0,[0.63740983 5.94456655 3.99897576],exiting,[-0.82138112 -0.19970136 -0.21083176]
49.51824331283569,1001,False,0,6,[7.37751226 6.77942426 4.00012118],exiting,[-0.48080528  0.59740651 -0.20557775]
49.51824331283569,1002,False,1,4,[5.459574   1.62125027 2.22974124],queued,[ 0.5677905  -0.59831228 -0.99408226]
49.51824331283569,1003,False,3,1,[-1.05458324 -7.4817512   2.37960205],entering,[ 0.63925976  0.24903542 -0.34837281]
49.51824331283569,1004,False,4,2,[ 8.05153537 -7.38524609  2.66971792],entering,[-0.62185191  0.08809385  0.93462812]
49.51824331283569,1005,False,2,5,[-6.43122791  4.7573242   3.97852759],exiting,[ 0.50568378 -0.03156594 -0.11489306]
49.6094536781311,1000,False,5,0,[0.78595765 5.87228954 3.99919324],exiting,[-0.82138112 -0.19970136 -0.21083176]
49.6094536781311,1001,False,0,6,[7.41229105 6.87318159 4.00009849],exiting,[-0.48080528  0.59740651 -0.20557775]
49.6094536781311,1002,False,1,4,[5.459574   1.62125027 2.30474124],queued,[ 0.5677905  -0.59831228 -0.99408226]
49.6094536781311,1003,False,3,1,[-1.10652424 -7.3304167   2.45460205],entering,[ 0.63925976  0.24903542 -0.34837281]
49.6094536781311,1004,False,4,2,[ 8.005594   -7.31975265  2.74471792],entering,[-0.62185191  0.08809385  0.93462812]
49.6094536781311,1005,False,2,5,[-6.47843604  4.91376435  3.98301031],exiting,[ 0.50568378 -0.03156594 -0.11489306]
49.71104574203491,1000,False,5,0,[0.92387392 5.81695272 3.99940499],exiting,[-0.82138112 -0.19970136 -0.21083176]
49.71104574203491,1001,False,0,6,[7.44706983 6.96693891 4.00007991],exiting,[-0.48080528  0.59740651 -0.20557775]
49.71104574203491,1002,False,1,4,[5.459574   1.62125027 2.37974124],queued,[ 0.5677905  -0.59831228 -0.99408226]
49.71104574203491,1003,False,3,1,[-1.16495787 -7.16016538  2.52960205],entering,[ 0.63925976  0.24903542 -0.34837281]
49.71104574203491,1004,False,4,2,[ 7.94816728 -7.23788585  2.81971792],entering,[-0.62185191  0.08809385  0.93462812]
49.71104574203491,1005,False,2,5,[-6.5294392   5.0505705   3.98717066],exiting,[ 0.50568378 -0.03156594 -0.11489306]
49.80964779853821,1000,False,5,0,[1.05096132 5.77843064 3.99960734],exiting,[-0.82138112 -0.19970136 -0.21083176]
49.80964779853821,1001,False,0,6,[7.48184862 7.06069624 4.00006471],exiting,[-0.48080528  0.59740651 -0.20557775]
49.80964779853821,1002,False,1,4,[5.459574   1.62125027 2.45474124],queued,[ 0.5677905  -0.59831228 -0.99408226]
49.80964779853821,1003,False,3,1,[-1.23113736 -6.97147493  2.60460205],entering,[ 0.63925976  0.24903542 -0.34837281]
49.80964779853821,1004,False,4,2,[ 7.87925523 -7.1396457   2.89471792],entering,[-0.62185191  0.08809385  0.93462812]
49.80964779853821,1005,False,2,5,[-6.58460138  5.16782299  3.99073326],exiting,[ 0.50568378 -0.03156594 -0.11489306]
49.9219012260437,1000,False,5,0,[1.16699129 5.75657389 3.99979598],exiting,[-0.82138112 -0.19970136 -0.21083176]
49.9219012260437,1001,False,0,6,[7.5166274  7.15445356 4.00005229],exiting,[-0.48080528  0.59740651 -0.20557775]
49.9219012260437,1002,False,1,4,[5.459574   1.62125027 2.52974124],queued,[ 0.5677905  -0.59831228 -0.99408226]
49.9219012260437,1003,False,3,1,[-1.29733268 -6.78274714  2.67960205],entering,[ 0.63925976  0.24903542 -0.34837281]
49.9219012260437,1004,False,4,2,[ 7.79893076 -7.02498126  2.96971792],entering,[-0.62185191  0.08809385  0.93462812]
49.9219012260437,1005,False,2,5,[-6.6442283   5.26560046  3.99340742],exiting,[ 0.50568378 -0.03156594 -0.11489306]
50.020174503326416,1000,False,5,0,[1.27168414 5.75119346 3.99996559],exiting,[-0.82138112 -0.19970136 -0.21083176]
50.020174503326416,1001,False,0,6,[7.55140619 7.24821089 4.00004216],exiting,[-0.48080528  0.59740651 -0.20557775]
50.020174503326416,1002,False,1,4,[5.459574   1.62125027 2.60474124],entering,[ 0.5677905  -0.59831228 -0.99408226]
50.020174503326416,1003,False,3,1,[-1.36352801 -6.59401935  2.75460205],entering,[ 0.63925976  0.24903542 -0.34837281]
50.020174503326416,1004,False,4,2,[ 7.70639197 -6.89447984  3.04471792],entering,[-0.62185191  0.08809385  0.93462812]
50.020174503326416,1005,False,2,5,[-6.70862944  5.34399945  3.99478498],exiting,[ 0.50568378 -0.03156594 -0.11489306]
50.115034103393555,1000,False,5,0,[1.36465222 5.76201578 4.00010873],exiting,[-0.82138112 -0.19970136 -0.21083176]
50.115034103393555,1001,False,0,6,[7.58618497 7.34196821 4.00003391],exiting,[-0.48080528  0.59740651 -0.20557775]
50.115034103393555,1002,False,1,4,[5.47926564 1.61775177 2.67974124],entering,[ 0.5677905  -0.59831228 -0.99408226]
50.115034103393555,1003,False,3,1,[-1.4304829  -6.40555969  2.82960205],entering,[ 0.63925976  0.24903542 -0.34837281]
50.115034103393555,1004,False,4,2,[ 7.6009641  -6.74868555  3.11971792],entering,[-0.62185191  0.08809385  0.93462812]
50.115034103393555,1005,False,2,5,[-6.77367646  5.4199524   3.99575427],exiting,[ 0.50568378 -0.03156594 -0.11489306]
50.22328305244446,1000,False,5,0,[1.44565762 5.78886599 4.00022102],exiting,[-0.82138112 -0.19970136 -0.21083176]
50.22328305244446,1001,False,0,6,[7.62096376 7.43572554 4.0000272 ],exiting,[-0.48080528  0.59740651 -0.20557775]
50.22328305244446,1002,False,1,4,[5.51864322 1.61072287 2.75474124],entering,[ 0.5677905  -0.59831228 -0.99408226]
50.22328305244446,1003,False,3,1,[-1.49799412 -6.21729861  2.90460205],entering,[ 0.63925976  0.24903542 -0.34837281]
50.22328305244446,1004,False,4,2,[ 7.48256643 -6.58766679  3.19471792],entering,[-0.62185191  0.08809385  0.93462812]
50.22328305244446,1005,False,2,5,[-6.83872351  5.49590538  3.99654906],exiting,[ 0.50568378 -0.03156594 -0.11489306]
50.31071615219116,1000,False,5,0,[1.51446028 5.83156208 4.00029842],exiting,[-0.82138112 -0.19970136 -0.21083176]
50.31071615219116,1001,False,0,6,[7.65574254 7.52948286 4.00002175],exiting,[-0.48080528  0.59740651 -0.20557775]
50.31071615219116,1002,False,1,4,[5.57769393 1.60009291 2.82974124],entering,[ 0.5677905  -0.59831228 -0.99408226]
50.31071615219116,1003,False,3,1,[-1.56550534 -6.02903753  2.97960205],entering,[ 0.63925976  0.24903542 -0.34837281]
50.31071615219116,1004,False,4,2,[ 7.3636417  -6.42686596  3.26971792],entering,[-0.62185191  0.08809385  0.93462812]
50.31071615219116,1005,False,2,5,[-6.90377059  5.57185839  3.99720003],exiting,[ 0.50568378 -0.03156594 -0.11489306]
50.41347002983093,1000,False,5,0,[1.57081809 5.88991463 4.0003375 ],exiting,[-0.82138112 -0.19970136 -0.21083176]
50.41347002983093,1001,False,0,6,[7.69052133 7.62324019 4.00001733],exiting,[-0.48080528  0.59740651 -0.20557775]
50.41347002983093,1002,False,1,4,[5.65634344 1.58547706 2.90474124],entering,[ 0.5677905  -0.59831228 -0.99408226]
50.41347002983093,1003,False,3,1,[-1.63429218 -5.84123877  3.05460205],entering,[ 0.63925976  0.24903542 -0.34837281]
50.41347002983093,1004,False,4,2,[ 7.24113434 -6.26877754  3.34471792],entering,[-0.62185191  0.08809385  0.93462812]
50.41347002983093,1005,False,2,5,[-6.96881768  5.64781142  3.99773255],exiting,[ 0.50568378 -0.03156594 -0.11489306]
50.51198887825012,1000,False,5,0,[1.61448684 5.96372634 4.00033609],exiting,[-0.82138112 -0.19970136 -0.21083176]
50.51198887825012,1001,False,0,6,[7.72530011 7.71699752 4.00001376],exiting,[-0.48080528  0.59740651 -0.20557775]
50.51198887825012,1002,False,1,4,[5.7545101  1.56649307 2.97974124],entering,[ 0.5677905  -0.59831228 -0.99408226]
50.51198887825012,1003,False,3,1,[-1.70307902 -5.65344002  3.12960205],entering,[ 0.63925976  0.24903542 -0.34837281]
50.51198887825012,1004,False,4,2,[ 7.11958193 -6.10995371  3.41971792],entering,[-0.62185191  0.08809385  0.93462812]
50.51198887825012,1005,False,2,5,[-7.03386479  5.72376447  3.99816761],exiting,[ 0.50568378 -0.03156594 -0.11489306]
50.60857534408569,1000,False,5,0,[1.64522005 6.05279158 4.00029506],exiting,[-0.82138112 -0.19970136 -0.21083176]
50.60857534408569,1001,False,0,6,[7.7600789  7.81075484 4.00001088],exiting,[-0.48080528  0.59740651 -0.20557775]
50.60857534408569,1002,False,1,4,[5.87205185 1.54254864 3.05474124],entering,[ 0.5677905  -0.59831228 -0.99408226]
50.60857534408569,1003,False,3,1,[-1.77300651 -5.46606301  3.20460205],entering,[ 0.63925976  0.24903542 -0.34837281]
50.60857534408569,1004,False,4,2,[ 6.99259712 -5.95543879  3.49471792],entering,[-0.62185191  0.08809385  0.93462812]
50.60857534408569,1005,False,2,5,[-7.0989119   5.79971752  3.99852255],exiting,[ 0.50568378 -0.03156594 -0.11489306]
50.70913314819336,1000,False,5,0,[1.66884969 6.14995968 4.00024037],exiting,[-0.82138112 -0.19970136 -0.21083176]
50.70913314819336,1001,False,0,6,[7.79485768 7.90451217 4.00000856],exiting,[-0.48080528  0.59740651 -0.20557775]
50.70913314819336,1002,False,1,4,[6.00878164 1.51296336 3.12974124],entering,[ 0.5677905  -0.59831228 -0.99408226]
50.70913314819336,1003,False,3,1,[-1.84244398 -5.27850385  3.27960205],entering,[ 0.63925976  0.24903542 -0.34837281]
50.70913314819336,1004,False,4,2,[ 6.86442438 -5.80190785  3.56971792],entering,[-0.62185191  0.08809385  0.93462812]
50.70913314819336,1005,False,2,5,[-7.16395902  5.87567059  3.99881168],exiting,[ 0.50568378 -0.03156594 -0.11489306]
50.81233191490173,1000,False,5,0,[1.69247934 6.24712778 4.00019552],exiting,[-0.82138112 -0.19970136 -0.21083176]
50.81233191490173,1001,False,0,6,[7.82963647 7.99826949 4.0000067 ],exiting,[-0.48080528  0.59740651 -0.20557775]
50.81233191490173,1002,False,1,4,[6.16402032 1.47580041 3.20474124],entering,[ 0.5677905  -0.59831228 -0.99408226]
50.81233191490173,1003,False,3,1,[-1.91337765 -5.09150542  3.35460205],entering,[ 0.63925976  0.24903542 -0.34837281]
50.81233191490173,1004,False,4,2,[ 6.73462856 -5.64974661  3.63426024],entering,[-0.62185191  0.08809385  0.93462812]
50.81233191490173,1005,False,2,5,[-7.22900614  5.95162365  3.99904683],exiting,[ 0.50568378 -0.03156594 -0.11489306]
50.90995740890503,1000,False,5,0,[1.71610899 6.34429588 4.00015876],exiting,[-0.82138112 -0.19970136 -0.21083176]
50.90995740890503,1001,False,0,6,[7.86441525 8.09202682 4.00000521],exiting,[-0.48080528  0.59740651 -0.20557775]
50.90995740890503,1002,False,1,4,[6.33684143 1.42910551 3.27974124],entering,[ 0.5677905  -0.59831228 -0.99408226]
50.90995740890503,1003,False,3,1,[-1.98493002 -4.90474284  3.42960205],entering,[ 0.63925976  0.24903542 -0.34837281]
50.90995740890503,1004,False,4,2,[ 6.59790002 -5.50378324  3.6891212 ],entering,[-0.62185191  0.08809385  0.93462812]
50.90995740890503,1005,False,2,5,[-7.29405327  6.02757672  3.99923775],exiting,[ 0.50568378 -0.03156594 -0.11489306]
51.02193212509155,1000,False,5,0,[1.73973863 6.44146398 4.00012867],exiting,[-0.82138112 -0.19970136 -0.21083176]
51.02193212509155,1001,False,0,6,[7.89919404 8.18578414 4.00000403],exiting,[-0.48080528  0.59740651 -0.20557775]
51.02193212509155,1002,False,1,4,[6.52311993 1.36761539 3.35474124],entering,[ 0.5677905  -0.59831228 -0.99408226]
51.02193212509155,1003,False,3,1,[-2.05674424 -4.7180808   3.50460205],entering,[ 0.63925976  0.24903542 -0.34837281]
51.02193212509155,1004,False,4,2,[ 6.45643279 -5.36240777  3.73575302],entering,[-0.62185191  0.08809385  0.93462812]
51.02193212509155,1005,False,2,5,[-7.3591004   6.1035298   3.99939245],exiting,[ 0.50568378 -0.03156594 -0.11489306]
51.11159682273865,1000,False,5,0,[1.76336828 6.53863208 4.00010408],exiting,[-0.82138112 -0.19970136 -0.21083176]
51.11159682273865,1001,False,0,6,[7.93397282 8.27954147 4.00000308],exiting,[-0.48080528  0.59740651 -0.20557775]
51.11159682273865,1002,False,1,4,[6.70910262 1.29405971 3.42974124],entering,[ 0.5677905  -0.59831228 -0.99408226]
51.11159682273865,1003,False,3,1,[-2.12844988 -4.53137702  3.57891174],entering,[ 0.63925976  0.24903542 -0.34837281]
51.11159682273865,1004,False,4,2,[ 6.31262361 -5.22341525  3.77539007],entering,[-0.62185191  0.08809385  0.93462812]
51.11159682273865,1005,False,2,5,[-7.42414753  6.17948287  3.99951756],exiting,[ 0.50568378 -0.03156594 -0.11489306]
51.22291374206543,1000,False,5,0,[1.78699792 6.63580018 4.000084  ],exiting,[-0.82138112 -0.19970136 -0.21083176]
51.22291374206543,1001,False,0,6,[7.96875161 8.3732988  4.00000234],exiting,[-0.48080528  0.59740651 -0.20557775]
51.22291374206543,1002,False,1,4,[6.89196254 1.21305199 3.50474124],entering,[ 0.5677905  -0.59831228 -0.99408226]
51.22291374206543,1003,False,3,1,[-2.19847673 -4.34403712  3.64207498],entering,[ 0.63925976  0.24903542 -0.34837281]
51.22291374206543,1004,False,4,2,[ 6.16191206 -5.09193891  3.80908156],entering,[-0.62185191  0.08809385  0.93462812]
51.22291374206543,1005,False,2,5,[-7.48919466  6.25543595  3.9996185 ],exiting,[ 0.50568378 -0.03156594 -0.11489306]
51.31506299972534,1000,False,5,0,[1.81062757 6.73296828 4.00006763],exiting,[-0.82138112 -0.19970136 -0.21083176]
51.31506299972534,1001,False,0,6,[8.00353039 8.46705612 4.00000175],exiting,[-0.48080528  0.59740651 -0.20557775]
51.31506299972534,1002,False,1,4,[7.06979914 1.12154164 3.57903005],entering,[ 0.5677905  -0.59831228 -0.99408226]
51.31506299972534,1003,False,3,1,[-2.26313625 -4.15477765  3.69576373],entering,[ 0.63925976  0.24903542 -0.34837281]
51.31506299972534,1004,False,4,2,[ 6.00417985 -4.96897327  3.83771932],entering,[-0.62185191  0.08809385  0.93462812]
51.31506299972534,1005,False,2,5,[-7.55424179  6.33138903  3.99969974],exiting,[ 0.50568378 -0.03156594 -0.11489306]
51.40921115875244,1000,False,5,0,[1.83425721 6.83013639 4.00005432],exiting,[-0.82138112 -0.19970136 -0.21083176]
51.40921115875244,1001,False,0,6,[8.03830918 8.56081345 4.00000129],exiting,[-0.48080528  0.59740651 -0.20557775]
51.40921115875244,1002,False,1,4,[7.24136972 1.01876258 3.64217554],entering,[ 0.5677905  -0.59831228 -0.99408226]
51.40921115875244,1003,False,3,1,[-2.32568877 -3.96481138  3.74139917],entering,[ 0.63925976  0.24903542 -0.34837281]
51.40921115875244,1004,False,4,2,[ 5.84270491 -4.85096545  3.86206143],cruising,[-0.62185191  0.08809385  0.93462812]
51.40921115875244,1005,False,2,5,[-7.61928893  6.40734211  3.99976496],exiting,[ 0.50568378 -0.03156594 -0.11489306]
51.511579275131226,1000,False,5,0,[1.85788686 6.92730449 4.00004349],exiting,[-0.82138112 -0.19970136 -0.21083176]
51.511579275131226,1001,False,0,6,[8.07308796 8.65457077 4.00000093],exiting,[-0.48080528  0.59740651 -0.20557775]
51.511579275131226,1002,False,1,4,[7.40516574 0.9039982  3.69584921],entering,[ 0.5677905  -0.59831228 -0.99408226]
51.511579275131226,1003,False,3,1,[-2.38735015 -3.77455399  3.7801893 ],entering,[ 0.63925976  0.24903542 -0.34837281]
51.511579275131226,1004,False,4,2,[ 5.67484649 -4.74222929  3.88275221],cruising,[-0.62185191  0.08809385  0.93462812]
51.511579275131226,1005,False,2,5,[-7.68433606  6.48329518  3.99981714],exiting,[ 0.50568378 -0.03156594 -0.11489306]
51.62208294868469,1000,False,5,0,[1.88151651 7.02447259 4.00003472],exiting,[-0.82138112 -0.19970136 -0.21083176]
51.62208294868469,1001,False,0,6,[8.10786675 8.7483281  4.00000066],exiting,[-0.48080528  0.59740651 -0.20557775]
51.62208294868469,1002,False,1,4,[7.56078082 0.77836402 3.74147183],entering,[ 0.5677905  -0.59831228 -0.99408226]
51.62208294868469,1003,False,3,1,[-2.44854087 -3.58414471  3.8131609 ],cruising,[ 0.63925976  0.24903542 -0.34837281]
51.62208294868469,1004,False,4,2,[ 5.50372242 -4.63870852  3.90033938],cruising,[-0.62185191  0.08809385  0.93462812]
51.62208294868469,1005,False,2,5,[-7.74938319  6.55924826  3.99985877],exiting,[ 0.50568378 -0.03156594 -0.11489306]
51.718491554260254,1000,False,5,0,[1.90514615 7.12164069 4.00002761],exiting,[-0.82138112 -0.19970136 -0.21083176]
51.718491554260254,1001,False,0,6,[8.14264553 8.84208542 4.00000045],exiting,[-0.48080528  0.59740651 -0.20557775]
51.718491554260254,1002,False,1,4,[7.70490344 0.63969653 3.78025106],entering,[ 0.5677905  -0.59831228 -0.99408226]
51.718491554260254,1003,False,3,1,[-2.50384433 -3.39194292  3.84118677],cruising,[ 0.63925976  0.24903542 -0.34837281]
51.718491554260254,1004,False,4,2,[ 5.32812754 -4.542967    3.91528847],cruising,[-0.62185191  0.08809385  0.93462812]
51.718491554260254,1005,False,2,5,[-7.81443033  6.63520134  3.99989184],exiting,[ 0.50568378 -0.03156594 -0.11489306]
51.809630155563354,1000,False,5,0,[1.9287758  7.21880879 4.00002188],exiting,[-0.82138112 -0.19970136 -0.21083176]
51.809630155563354,1001,False,0,6,[8.17742432 8.93584275 4.00000029],exiting,[-0.48080528  0.59740651 -0.20557775]
51.809630155563354,1002,False,1,4,[7.83554234 0.4882585  3.8132134 ],entering,[ 0.5677905  -0.59831228 -0.99408226]
51.809630155563354,1003,False,3,1,[-2.54941392 -3.19720357  3.86500875],cruising,[ 0.63925976  0.24903542 -0.34837281]
51.809630155563354,1004,False,4,2,[ 5.15053902 -4.45097613  3.9279952 ],cruising,[-0.62185191  0.08809385  0.93462812]
51.809630155563354,1005,False,2,5,[-7.87947746  6.71115442  3.999918  ],exiting,[ 0.50568378 -0.03156594 -0.11489306]
51.90936350822449,1000,False,5,0,[1.95240544 7.31597689 4.00001725],exiting,[-0.82138112 -0.19970136 -0.21083176]
51.90936350822449,1001,False,0,6,[8.2122031  9.02960007 4.00000017],exiting,[-0.48080528  0.59740651 -0.20557775]
51.90936350822449,1002,False,1,4,[7.95098788 0.32494185 3.84123139],entering,[ 0.5677905  -0.59831228 -0.99408226]
51.90936350822449,1003,False,3,1,[-2.59345794 -3.00211353  3.88525744],cruising,[ 0.63925976  0.24903542 -0.34837281]
51.90936350822449,1004,False,4,2,[ 4.97022024 -4.36445946  3.93879592],cruising,[-0.62185191  0.08809385  0.93462812]
51.90936350822449,1005,False,2,5,[-7.9445246  6.7871075  3.9999386],exiting,[ 0.50568378 -0.03156594 -0.11489306]
52.00914192199707,1000,False,5,0,[1.97603509 7.41314499 4.00001354],exiting,[-0.82138112 -0.19970136 -0.21083176]
52.00914192199707,1001,False,0,6,[8.24698189 9.1233574  4.00000009],landing,[-0.48080528  0.59740651 -0.20557775]
52.00914192199707,1002,False,1,4,[8.05013721 0.15124841 3.86504668],cruising,[ 0.5677905  -0.59831228 -0.99408226]
52.00914192199707,1003,False,3,1,[-2.63673104 -2.80685105  3.90246882],cruising,[ 0.63925976  0.24903542 -0.34837281]
52.00914192199707,1004,False,4,2,[ 4.78890521 -4.28005057  3.94797653],cruising,[-0.62185191  0.08809385  0.93462812]
52.00914192199707,1005,False,2,5,[-8.00957173  6.86306058  3.99995472],exiting,[ 0.50568378 -0.03156594 -0.11489306]
52.11465239524841,1000,False,5,0,[1.99966473 7.51031309 4.00001056],exiting,[-0.82138112 -0.19970136 -0.21083176]
52.11465239524841,1001,False,0,6,[8.27999302 9.20302072 3.98592043],landing,[-0.48080528  0.59740651 -0.20557775]
52.11465239524841,1002,False,1,4,[ 8.13169037 -0.0313186   3.885451  ],cruising,[ 0.5677905  -0.59831228 -0.99408226]
52.11465239524841,1003,False,3,1,[-2.67722638 -2.61099363  3.9170985 ],cruising,[ 0.63925976  0.24903542 -0.34837281]
52.11465239524841,1004,False,4,2,[ 4.60671474 -4.19754825  3.95578005],cruising,[-0.62185191  0.08809385  0.93462812]
52.11465239524841,1005,False,2,5,[-8.07461887  6.93901366  3.99996726],exiting,[ 0.50568378 -0.03156594 -0.11489306]
52.20910882949829,1000,False,5,0,[2.02329438 7.60748119 4.00000818],exiting,[-0.82138112 -0.19970136 -0.21083176]
52.20910882949829,1001,False,0,6,[8.31114136 9.26844139 3.95792398],landing,[-0.48080528  0.59740651 -0.20557775]
52.20910882949829,1002,False,1,4,[ 8.19649891 -0.22052709  3.90263335],cruising,[ 0.5677905  -0.59831228 -0.99408226]
52.20910882949829,1003,False,3,1,[-2.71909805 -2.41542583  3.92953373],cruising,[ 0.63925976  0.24903542 -0.34837281]
52.20910882949829,1004,False,4,2,[ 4.42322983 -4.11796629  3.96241305],cruising,[-0.62185191  0.08809385  0.93462812]
52.20910882949829,1005,False,2,5,[-8.139666    7.01496674  3.99997693],exiting,[ 0.50568378 -0.03156594 -0.11489306]
52.30948877334595,1000,False,5,0,[2.04692403 7.70464929 4.00000629],exiting,[-0.82138112 -0.19970136 -0.21083176]
52.30948877334595,1001,False,0,6,[8.34031391 9.31944504 3.91620726],landing,[-0.48080528  0.59740651 -0.20557775]
52.30948877334595,1002,False,1,4,[ 8.24679197 -0.41410035  3.91723835],cruising,[ 0.5677905  -0.59831228 -0.99408226]
52.30948877334595,1003,False,3,1,[-2.76259552 -2.2202132   3.94010367],cruising,[ 0.63925976  0.24903542 -0.34837281]
52.30948877334595,1004,False,4,2,[ 4.23934246 -4.03931875  3.96805109],cruising,[-0.62185191  0.08809385  0.93462812]
52.30948877334595,1005,False,2,5,[-8.20471313  7.09091982  3.99998431],exiting,[ 0.50568378 -0.03156594 -0.11489306]
52.42223763465881,1000,False,5,0,[2.07055367 7.80181739 4.00000479],exiting,[-0.82138112 -0.19970136 -0.21083176]
52.42223763465881,1001,False,0,6,[8.36735436 9.35579426 3.86104801],landing,[-0.48080528  0.59740651 -0.20557775]
52.42223763465881,1002,False,1,4,[ 8.28413993 -0.61058223  3.92965259],cruising,[ 0.5677905  -0.59831228 -0.99408226]
52.42223763465881,1003,False,3,1,[-2.80722435 -2.02525611  3.94908812],cruising,[ 0.63925976  0.24903542 -0.34837281]
52.42223763465881,1004,False,4,2,[ 4.05469486 -3.96247305  3.97284343],cruising,[-0.62185191  0.08809385  0.93462812]
52.42223763465881,1005,False,2,5,[-8.26976027  7.1668729   3.99998988],exiting,[ 0.50568378 -0.03156594 -0.11489306]
52.518866539001465,1000,False,5,0,[2.09418332 7.8989855  4.00000361],exiting,[-0.82138112 -0.19970136 -0.21083176]
52.518866539001465,1001,False,0,6,[8.39213173 9.37729365 3.79268418],landing,[-0.48080528  0.59740651 -0.20557775]
52.518866539001465,1002,False,1,4,[ 8.30815919 -0.80913468  3.9402047 ],cruising,[ 0.5677905  -0.59831228 -0.99408226]
52.518866539001465,1003,False,3,1,[-2.8547315  -1.83098035  3.9567249 ],cruising,[ 0.63925976  0.24903542 -0.34837281]
52.518866539001465,1004,False,4,2,[ 3.8698353  -3.88613864  3.97691691],cruising,[-0.62185191  0.08809385  0.93462812]
52.518866539001465,1005,False,2,5,[-8.3348074   7.24282598  3.999994  ],exiting,[ 0.50568378 -0.03156594 -0.11489306]
52.610809087753296,1000,False,5,0,[2.11781296 7.9961536  4.00000268],exiting,[-0.82138112 -0.19970136 -0.21083176]
52.610809087753296,1001,False,0,6,[8.41452276 9.38376225 3.71134419],landing,[-0.48080528  0.59740651 -0.20557775]
52.610809087753296,1002,False,1,4,[ 8.32269744 -1.00860558  3.949174  ],cruising,[ 0.5677905  -0.59831228 -0.99408226]
52.610809087753296,1003,False,3,1,[-2.90539023 -1.63750247  3.96321616],cruising,[ 0.63925976  0.24903542 -0.34837281]
52.610809087753296,1004,False,4,2,[ 3.68449229 -3.81098566  3.98037937],cruising,[-0.62185191  0.08809385  0.93462812]
52.610809087753296,1005,False,2,5,[-8.39985454  7.31877906  3.99999698],landing,[ 0.50568378 -0.03156594 -0.11489306]
52.7180552482605,1000,False,5,0,[2.14144261 8.0933217  4.00000195],exiting,[-0.82138112 -0.19970136 -0.21083176]
52.7180552482605,1001,False,0,6,[8.43440182 9.37501863 3.61726534],landing,[-0.48080528  0.59740651 -0.20557775]
52.7180552482605,1002,False,1,4,[ 8.32903655 -1.2085051   3.9567979 ],cruising,[ 0.5677905  -0.59831228 -0.99408226]
52.7180552482605,1003,False,3,1,[-2.95953544 -1.44497118  3.96873374],cruising,[ 0.63925976  0.24903542 -0.34837281]
52.7180552482605,1004,False,4,2,[ 3.4989549  -3.73631386  3.98332247],cruising,[-0.62185191  0.08809385  0.93462812]
52.7180552482605,1005,False,2,5,[-8.45356735  7.38655027  3.98569646],landing,[ 0.50568378 -0.03156594 -0.11489306]
52.810731172561646,1000,False,5,0,[2.16507226 8.1904898  4.00000139],exiting,[-0.82138112 -0.19970136 -0.21083176]
52.810731172561646,1001,False,0,6,[8.45359754 9.36229095 3.51995382],landing,[-0.48080528  0.59740651 -0.20557775]
52.810731172561646,1002,False,1,4,[ 8.32824018 -1.40850351  3.96327821],cruising,[ 0.5677905  -0.59831228 -0.99408226]
52.810731172561646,1003,False,3,1,[-3.01754296 -1.25356813  3.97342368],cruising,[ 0.63925976  0.24903542 -0.34837281]
52.810731172561646,1004,False,4,2,[ 3.31305616 -3.66254628  3.9858241 ],cruising,[-0.62185191  0.08809385  0.93462812]
52.810731172561646,1005,False,2,5,[-8.49585981  7.44598266  3.9572524 ],landing,[ 0.50568378 -0.03156594 -0.11489306]
52.9118549823761,1000,False,5,0,[2.1887019  8.2876579  4.00000096],exiting,[-0.82138112 -0.19970136 -0.21083176]
52.9118549823761,1001,False,0,6,[8.47279326 9.34956327 3.42264231],landing,[-0.48080528  0.59740651 -0.20557775]
52.9118549823761,1002,False,1,4,[ 8.31885357 -1.60828312  3.96878648],cruising,[ 0.5677905  -0.59831228 -0.99408226]
52.9118549823761,1003,False,3,1,[-3.07981208 -1.06350878  3.97741013],cruising,[ 0.63925976  0.24903542 -0.34837281]
52.9118549823761,1004,False,4,2,[ 3.12686779 -3.58951278  3.98795048],cruising,[-0.62185191  0.08809385  0.93462812]
52.9118549823761,1005,False,2,5,[-8.52663092  7.49688956  3.91485935],landing,[ 0.50568378 -0.03156594 -0.11489306]
53.02326464653015,1000,False,5,0,[2.21233155 8.384826   4.00000064],exiting,[-0.82138112 -0.19970136 -0.21083176]
53.02326464653015,1001,False,0,6,[8.49198898 9.33683559 3.3253308 ],landing,[-0.48080528  0.59740651 -0.20557775]
53.02326464653015,1002,False,1,4,[ 8.30414666 -1.80774165  3.97346851],cruising,[ 0.5677905  -0.59831228 -0.99408226]
53.02326464653015,1003,False,3,1,[-3.14564162 -0.87465309  3.98079861],cruising,[ 0.63925976  0.24903542 -0.34837281]
53.02326464653015,1004,False,4,2,[ 2.9403417  -3.51734618  3.98975791],cruising,[-0.62185191  0.08809385  0.93462812]
53.02326464653015,1005,False,2,5,[-8.54574152  7.53900927  3.85879816],landing,[ 0.50568378 -0.03156594 -0.11489306]
53.108880043029785,1000,False,5,0,[2.23596119 8.4819941  4.00000039],exiting,[-0.82138112 -0.19970136 -0.21083176]
53.108880043029785,1001,False,0,6,[8.51118469 9.32410792 3.22801928],landing,[-0.48080528  0.59740651 -0.20557775]
53.108880043029785,1002,False,1,4,[ 8.28453988 -2.00677827  3.97744823],cruising,[ 0.5677905  -0.59831228 -0.99408226]
53.108880043029785,1003,False,3,1,[-3.21655652 -0.68764753  3.98367882],cruising,[ 0.63925976  0.24903542 -0.34837281]
53.108880043029785,1004,False,4,2,[ 2.75334675 -3.44640333  3.99129422],cruising,[-0.62185191  0.08809385  0.93462812]
53.108880043029785,1005,False,2,5,[-8.55308737  7.57214196  3.78928989],landing,[ 0.50568378 -0.03156594 -0.11489306]
53.2174506187439,1000,False,5,0,[2.25959084 8.5791622  4.00000022],exiting,[-0.82138112 -0.19970136 -0.21083176]
53.2174506187439,1001,False,0,6,[8.53038041 9.31138024 3.13070777],landing,[-0.48080528  0.59740651 -0.20557775]
53.2174506187439,1002,False,1,4,[ 8.25767484 -2.20496573  3.980831  ],cruising,[ 0.5677905  -0.59831228 -0.99408226]
53.2174506187439,1003,False,3,1,[-3.29297103 -0.50282107  3.98612699],cruising,[ 0.63925976  0.24903542 -0.34837281]
53.2174506187439,1004,False,4,2,[ 2.56573557 -3.37710653  3.99260009],cruising,[-0.62185191  0.08809385  0.93462812]
53.2174506187439,1005,False,2,5,[-8.54856685  7.59608946  3.70655961],landing,[ 0.50568378 -0.03156594 -0.11489306]
53.31385612487793,1000,False,5,0,[2.28322048 8.6763303  4.00000009],landing,[-0.82138112 -0.19970136 -0.21083176]
53.31385612487793,1001,False,0,6,[8.54957613 9.29865256 3.03339626],landing,[-0.48080528  0.59740651 -0.20557775]
53.31385612487793,1002,False,1,4,[ 8.22668011 -2.40254945  3.98370635],cruising,[ 0.5677905  -0.59831228 -0.99408226]
53.31385612487793,1003,False,3,1,[-3.37526998 -0.32053864  3.98820794],cruising,[ 0.63925976  0.24903542 -0.34837281]
53.31385612487793,1004,False,4,2,[ 2.37768398 -3.30901396  3.99371008],cruising,[-0.62185191  0.08809385  0.93462812]
53.31385612487793,1005,False,2,5,[-8.53207895  7.61065119  3.61084129],landing,[ 0.50568378 -0.03156594 -0.11489306]
53.41850423812866,1000,False,5,0,[2.30655003 8.75901279 3.98621313],landing,[-0.82138112 -0.19970136 -0.21083176]
53.41850423812866,1001,False,0,6,[8.56877184 9.28592488 2.93608474],landing,[-0.48080528  0.59740651 -0.20557775]
53.41850423812866,1002,False,1,4,[ 8.18860067 -2.59889088  3.9861504 ],cruising,[ 0.5677905  -0.59831228 -0.99408226]
53.41850423812866,1003,False,3,1,[-3.46190004 -0.1402743   3.98997675],cruising,[ 0.63925976  0.24903542 -0.34837281]
53.41850423812866,1004,False,4,2,[ 2.18873098 -3.24346426  3.99465357],cruising,[-0.62185191  0.08809385  0.93462812]
53.41850423812866,1005,False,2,5,[-8.51395533  7.62391315  3.51339564],landing,[ 0.50568378 -0.03156594 -0.11489306]
53.50892996788025,1000,False,5,0,[2.32950302 8.82705499 3.95880558],landing,[-0.82138112 -0.19970136 -0.21083176]
53.50892996788025,1001,False,0,6,[8.58796756 9.2731972  2.83877323],landing,[-0.48080528  0.59740651 -0.20557775]
53.50892996788025,1002,False,1,4,[ 8.14658585 -2.79442797  3.98822784],cruising,[ 0.5677905  -0.59831228 -0.99408226]
53.50892996788025,1003,False,3,1,[-3.5554634   0.03649079  3.99148024],cruising,[ 0.63925976  0.24903542 -0.34837281]
53.50892996788025,1004,False,4,2,[ 1.99870122 -3.18110488  3.99545553],cruising,[-0.62185191  0.08809385  0.93462812]
53.50892996788025,1005,False,2,5,[-8.49583172  7.6371751   3.41594998],landing,[ 0.50568378 -0.03156594 -0.11489306]
53.609039545059204,1000,False,5,0,[2.35198918 8.88027697 3.9179763 ],landing,[-0.82138112 -0.19970136 -0.21083176]
53.609039545059204,1001,False,0,6,[8.60716328 9.26046953 2.74146172],landing,[-0.48080528  0.59740651 -0.20557775]
53.609039545059204,1002,False,1,4,[ 8.10040115 -2.98902235  3.98999366],cruising,[ 0.5677905  -0.59831228 -0.99408226]
53.609039545059204,1003,False,3,1,[-3.65507753  0.20991808  3.9927582 ],cruising,[ 0.63925976  0.24903542 -0.34837281]
53.609039545059204,1004,False,4,2,[ 1.80802136 -3.1207626   3.9961372 ],cruising,[-0.62185191  0.08809385  0.93462812]
53.609039545059204,1005,False,2,5,[-8.47770811  7.65043706  3.31850433],landing,[ 0.50568378 -0.03156594 -0.11489306]
53.709492206573486,1000,False,5,0,[2.37388621 8.91843922 3.86399948],landing,[-0.82138112 -0.19970136 -0.21083176]
53.709492206573486,1001,False,0,6,[8.626359   9.24774185 2.6441502 ],landing,[-0.48080528  0.59740651 -0.20557775]
53.709492206573486,1002,False,1,4,[ 8.0458067  -3.18142674  3.99149461],cruising,[ 0.5677905  -0.59831228 -0.99408226]
53.709492206573486,1003,False,3,1,[-3.76150315  0.37925085  3.99384447],cruising,[ 0.63925976  0.24903542 -0.34837281]
53.709492206573486,1004,False,4,2,[ 1.61585538 -3.06533484  3.99671662],cruising,[-0.62185191  0.08809385  0.93462812]
53.709492206573486,1005,False,2,5,[-8.4595845   7.66369901  3.22105868],landing,[ 0.50568378 -0.03156594 -0.11489306]
53.81736993789673,1000,False,5,0,[2.39508123 8.94132533 3.79713287],landing,[-0.82138112 -0.19970136 -0.21083176]
53.81736993789673,1001,False,0,6,[8.64555471 9.23501417 2.54683869],landing,[-0.48080528  0.59740651 -0.20557775]
53.81736993789673,1002,False,1,4,[ 7.98239115 -3.37110664  3.99277042],exiting,[ 0.5677905  -0.59831228 -0.99408226]
53.81736993789673,1003,False,3,1,[-3.87106521  0.54657137  3.9947678 ],cruising,[ 0.63925976  0.24903542 -0.34837281]
53.81736993789673,1004,False,4,2,[ 1.42201307 -3.01608893  3.99720913],cruising,[-0.62185191  0.08809385  0.93462812]
53.81736993789673,1005,False,2,5,[-8.44146088  7.67696097  3.12361302],landing,[ 0.50568378 -0.03156594 -0.11489306]
53.91151833534241,1000,False,5,0,[2.41547417 8.94874714 3.71760878],landing,[-0.82138112 -0.19970136 -0.21083176]
53.91151833534241,1001,False,0,6,[8.66475043 9.22228649 2.44952718],landing,[-0.48080528  0.59740651 -0.20557775]
53.91151833534241,1002,False,1,4,[ 7.93231155 -3.54588177  3.99404494],exiting,[ 0.5677905  -0.59831228 -0.99408226]
53.91151833534241,1003,False,3,1,[-3.98309433  0.71225021  3.99555263],cruising,[ 0.63925976  0.24903542 -0.34837281]
53.91151833534241,1004,False,4,2,[ 1.22632975 -2.97476055  3.99762776],cruising,[-0.62185191  0.08809385  0.93462812]
53.91151833534241,1005,False,2,5,[-8.42333727  7.69022292  3.02616737],landing,[ 0.50568378 -0.03156594 -0.11489306]
54.01229119300842,1000,False,5,0,[2.43496279 8.94051596 3.62566832],landing,[-0.82138112 -0.19970136 -0.21083176]
54.01229119300842,1001,False,0,6,[8.68394615 9.20955881 2.35221566],landing,[-0.48080528  0.59740651 -0.20557775]
54.01229119300842,1002,False,1,4,[ 7.89571836 -3.70588817  3.99528418],exiting,[ 0.5677905  -0.59831228 -0.99408226]
54.01229119300842,1003,False,3,1,[-4.09701776  0.87663223  3.99621974],cruising,[ 0.63925976  0.24903542 -0.34837281]
54.01229119300842,1004,False,4,2,[ 1.0279214  -2.94957865  3.99798359],cruising,[-0.62185191  0.08809385  0.93462812]
54.01229119300842,1005,False,2,5,[-8.40521366  7.70348488  2.92872172],landing,[ 0.50568378 -0.03156594 -0.11489306]
54.11227631568909,1000,False,5,0,[2.45402884 8.92565162 3.52863463],landing,[-0.82138112 -0.19970136 -0.21083176]
54.11227631568909,1001,False,0,6,[8.70314186 9.19683114 2.25490415],landing,[-0.48080528  0.59740651 -0.20557775]
54.11227631568909,1002,False,1,4,[ 7.8727991  -3.85129948  3.99643988],exiting,[ 0.5677905  -0.59831228 -0.99408226]
54.11227631568909,1003,False,3,1,[-4.21234545  1.04003213  3.99678678],cruising,[ 0.63925976  0.24903542 -0.34837281]
54.11227631568909,1004,False,4,2,[ 0.82821934 -2.93866586  3.99828606],cruising,[-0.62185191  0.08809385  0.93462812]
54.11227631568909,1005,False,2,5,[-8.38709004  7.71674683  2.83127607],landing,[ 0.50568378 -0.03156594 -0.11489306]
54.224101305007935,1000,False,5,0,[2.4730949  8.91078729 3.43160094],landing,[-0.82138112 -0.19970136 -0.21083176]
54.224101305007935,1001,False,0,6,[8.72233758 9.18410346 2.15759263],landing,[-0.48080528  0.59740651 -0.20557775]
54.224101305007935,1002,False,1,4,[ 7.8637894  -3.98234067  3.99744091],exiting,[ 0.5677905  -0.59831228 -0.99408226]
54.224101305007935,1003,False,3,1,[-4.32865589  1.20273394  3.99726876],cruising,[ 0.63925976  0.24903542 -0.34837281]
54.224101305007935,1004,False,4,2,[ 0.6282808  -2.94362371  3.99854315],cruising,[-0.62185191  0.08809385  0.93462812]
54.224101305007935,1005,False,2,5,[-8.36896643  7.73000879  2.73383041],landing,[ 0.50568378 -0.03156594 -0.11489306]
54.31371188163757,1000,False,5,0,[2.49216095 8.89592296 3.33456725],landing,[-0.82138112 -0.19970136 -0.21083176]
54.31371188163757,1001,False,0,6,[8.7415333  9.17137578 2.06028112],landing,[-0.48080528  0.59740651 -0.20557775]
54.31371188163757,1002,False,1,4,[ 7.868874   -4.09919382  3.99821748],exiting,[ 0.5677905  -0.59831228 -0.99408226]
54.31371188163757,1003,False,3,1,[-4.44558294  1.3649932   3.99767845],cruising,[ 0.63925976  0.24903542 -0.34837281]
54.31371188163757,1004,False,4,2,[ 0.42927181 -2.96350894  3.99876168],cruising,[-0.62185191  0.08809385  0.93462812]
54.31371188163757,1005,False,2,5,[-8.35084282  7.74327074  2.63638476],landing,[ 0.50568378 -0.03156594 -0.11489306]
54.41479134559631,1000,False,5,0,[2.511227   8.88105863 3.23753356],landing,[-0.82138112 -0.19970136 -0.21083176]
54.41479134559631,1001,False,0,6,[8.76072902 9.1586481  1.96296961],landing,[-0.48080528  0.59740651 -0.20557775]
54.41479134559631,1002,False,1,4,[ 7.88823684 -4.20204581  3.99867924],exiting,[ 0.5677905  -0.59831228 -0.99408226]
54.41479134559631,1003,False,3,1,[-4.56280374  1.52704036  3.99802668],cruising,[ 0.63925976  0.24903542 -0.34837281]
54.41479134559631,1004,False,4,2,[ 0.23221133 -2.99767277  3.99894742],cruising,[-0.62185191  0.08809385  0.93462812]
54.41479134559631,1005,False,2,5,[-8.3327192   7.7565327   2.53893911],landing,[ 0.50568378 -0.03156594 -0.11489306]
54.5132212638855,1000,False,5,0,[2.53029306 8.8661943  3.14049987],landing,[-0.82138112 -0.19970136 -0.21083176]
54.5132212638855,1001,False,0,6,[8.77992473 9.14592042 1.86565809],landing,[-0.48080528  0.59740651 -0.20557775]
54.5132212638855,1002,False,1,4,[ 7.91416879 -4.29862496  3.99891928],exiting,[ 0.5677905  -0.59831228 -0.99408226]
54.5132212638855,1003,False,3,1,[-4.67999939  1.68910571  3.99832268],cruising,[ 0.63925976  0.24903542 -0.34837281]
54.5132212638855,1004,False,4,2,[ 0.03794328 -3.04521143  3.99910531],cruising,[-0.62185191  0.08809385  0.93462812]
54.5132212638855,1005,False,2,5,[-8.31459559  7.76979465  2.44149346],landing,[ 0.50568378 -0.03156594 -0.11489306]
54.61350178718567,1000,False,5,0,[2.54935911 8.85132996 3.04346617],landing,[-0.82138112 -0.19970136 -0.21083176]
54.61350178718567,1001,False,0,6,[8.79912045 9.13319274 1.76834658],landing,[-0.48080528  0.59740651 -0.20557775]
54.61350178718567,1002,False,1,4,[ 7.94010074 -4.39520411  3.99911682],exiting,[ 0.5677905  -0.59831228 -0.99408226]
54.61350178718567,1003,False,3,1,[-4.7970741   1.85125846  3.99857428],cruising,[ 0.63925976  0.24903542 -0.34837281]
54.61350178718567,1004,False,4,2,[-0.1517528  -3.1085786   3.99923951],cruising,[-0.62185191  0.08809385  0.93462812]
54.61350178718567,1005,False,2,5,[-8.29647198  7.78305661  2.3440478 ],landing,[ 0.50568378 -0.03156594 -0.11489306]
54.708749532699585,1000,False,5,0,[2.56842517 8.83646563 2.94643248],landing,[-0.82138112 -0.19970136 -0.21083176]
54.708749532699585,1001,False,0,6,[8.81831617 9.12046507 1.67103507],landing,[-0.48080528  0.59740651 -0.20557775]
54.708749532699585,1002,False,1,4,[ 7.9660327  -4.49178326  3.99927923],exiting,[ 0.5677905  -0.59831228 -0.99408226]
54.708749532699585,1003,False,3,1,[-4.91373654  2.01370806  3.99878813],cruising,[ 0.63925976  0.24903542 -0.34837281]
54.708749532699585,1004,False,4,2,[-0.33801352 -3.18142735  3.99935359],cruising,[-0.62185191  0.08809385  0.93462812]
54.708749532699585,1005,False,2,5,[-8.27834837  7.79631856  2.24660215],landing,[ 0.50568378 -0.03156594 -0.11489306]
54.81416153907776,1000,False,5,0,[2.58749122 8.8216013  2.84939879],landing,[-0.82138112 -0.19970136 -0.21083176]
54.81416153907776,1001,False,0,6,[8.83751189 9.10773739 1.57372355],landing,[-0.48080528  0.59740651 -0.20557775]
54.81416153907776,1002,False,1,4,[ 7.99196465 -4.58836242  3.99941263],exiting,[ 0.5677905  -0.59831228 -0.99408226]
54.81416153907776,1003,False,3,1,[-5.02971159  2.17664912  3.99896991],cruising,[ 0.63925976  0.24903542 -0.34837281]
54.81416153907776,1004,False,4,2,[-0.51996224 -3.26446147  3.99945055],cruising,[-0.62185191  0.08809385  0.93462812]
54.81416153907776,1005,False,2,5,[-8.26022475  7.80958052  2.1491565 ],landing,[ 0.50568378 -0.03156594 -0.11489306]
54.91102600097656,1000,False,5,0,[2.60655727 8.80673697 2.7523651 ],landing,[-0.82138112 -0.19970136 -0.21083176]
54.91102600097656,1001,False,0,6,[8.8567076  9.09500971 1.47641204],fake_landed,[-0.48080528  0.59740651 -0.20557775]
54.91102600097656,1002,False,1,4,[ 8.0178966  -4.68494157  3.99952209],exiting,[ 0.5677905  -0.59831228 -0.99408226]
54.91102600097656,1003,False,3,1,[-5.14472965  2.34026711  3.99912443],cruising,[ 0.63925976  0.24903542 -0.34837281]
54.91102600097656,1004,False,4,2,[-0.69893105 -3.35373724  3.99953297],cruising,[-0.62185191  0.08809385  0.93462812]
54.91102600097656,1005,False,2,5,[-8.24210114  7.82284247  2.05171085],landing,[ 0.50568378 -0.03156594 -0.11489306]
55.00915479660034,1000,False,5,0,[2.62562333 8.79187263 2.65533141],landing,[-0.82138112 -0.19970136 -0.21083176]
55.00915479660034,1001,False,0,6,[8.87206418 9.08482757 1.39856283],fake_landed,[-0.48080528  0.59740651 -0.20557775]
55.00915479660034,1002,False,1,4,[ 8.04382856 -4.78152073  3.99961181],exiting,[ 0.5677905  -0.59831228 -0.99408226]
55.00915479660034,1003,False,3,1,[-5.25912925  2.50431811  3.99925576],cruising,[ 0.63925976  0.24903542 -0.34837281]
55.00915479660034,1004,False,4,2,[-0.87687012 -3.4450482   3.99960302],cruising,[-0.62185191  0.08809385  0.93462812]
55.00915479660034,1005,False,2,5,[-8.22397753  7.83610443  1.95426519],landing,[ 0.50568378 -0.03156594 -0.11489306]
55.12135457992554,1000,False,5,0,[2.64468938 8.7770083  2.55829772],landing,[-0.82138112 -0.19970136 -0.21083176]
55.12135457992554,1001,False,0,6,[8.88358161 9.07719096 1.34017592],fake_landed,[-0.48080528  0.59740651 -0.20557775]
55.12135457992554,1002,False,1,4,[ 8.06976051 -4.87809989  3.99968526],exiting,[ 0.5677905  -0.59831228 -0.99408226]
55.12135457992554,1003,False,3,1,[-5.37202362  2.66940857  3.9993674 ],cruising,[ 0.63925976  0.24903542 -0.34837281]
55.12135457992554,1004,False,4,2,[-1.05624344 -3.53350842  3.99966257],cruising,[-0.62185191  0.08809385  0.93462812]
55.12135457992554,1005,False,2,5,[-8.20585391  7.84936638  1.85681954],landing,[ 0.50568378 -0.03156594 -0.11489306]
55.212918281555176,1000,False,5,0,[2.66375543 8.76214397 2.46126403],landing,[-0.82138112 -0.19970136 -0.21083176]
55.212918281555176,1001,False,0,6,[8.89125989 9.07209989 1.30125132],fake_landed,[-0.48080528  0.59740651 -0.20557775]
55.212918281555176,1002,False,1,4,[ 8.09569247 -4.97467904  3.99974532],exiting,[ 0.5677905  -0.59831228 -0.99408226]
55.212918281555176,1003,False,3,1,[-5.48310176  2.83572649  3.99946229],cruising,[ 0.63925976  0.24903542 -0.34837281]
55.212918281555176,1004,False,4,2,[-1.24107413 -3.60991271  3.99971318],cruising,[-0.62185191  0.08809385  0.93462812]
55.212918281555176,1005,False,2,5,[-8.1877303   7.86262834  1.75937389],landing,[ 0.50568378 -0.03156594 -0.11489306]
55.31068539619446,1000,False,5,0,[2.68282149 8.74727964 2.36423034],landing,[-0.82138112 -0.19970136 -0.21083176]
55.31068539619446,1001,False,0,6,[8.89509904 9.06955435 1.28178901],fake_landed,[-0.48080528  0.59740651 -0.20557775]
55.31068539619446,1002,False,1,4,[ 8.12162442 -5.0712582   3.99979435],exiting,[ 0.5677905  -0.59831228 -0.99408226]
55.31068539619446,1003,False,3,1,[-5.59201668  3.00346897  3.99954295],cruising,[ 0.63925976  0.24903542 -0.34837281]
55.31068539619446,1004,False,4,2,[-1.43231083 -3.66737067  3.99975804],cruising,[-0.62185191  0.08809385  0.93462812]
55.31068539619446,1005,False,2,5,[-8.16960669  7.87589029  1.66192824],landing,[ 0.50568378 -0.03156594 -0.11489306]
55.41672492027283,1000,False,5,0,[2.70188754 8.73241531 2.26719664],landing,[-0.82138112 -0.19970136 -0.21083176]
55.41672492027283,1001,False,6,3,[8.89509904 9.06955435 1.28178901],waiting,[-0.48080528  0.59740651 -0.20557775]
55.41672492027283,1002,False,1,4,[ 8.14755638 -5.16783736  3.99983434],exiting,[ 0.5677905  -0.59831228 -0.99408226]
55.41672492027283,1003,False,3,1,[-5.69836992  3.17284721  3.9996115 ],cruising,[ 0.63925976  0.24903542 -0.34837281]
55.41672492027283,1004,False,4,2,[-1.62670494 -3.70507944  3.99979983],cruising,[-0.62185191  0.08809385  0.93462812]
55.41672492027283,1005,False,2,5,[-8.15148308  7.88915225  1.56448258],landing,[ 0.50568378 -0.03156594 -0.11489306]
55.50909781455994,1000,False,5,0,[2.72095359 8.71755097 2.17016295],landing,[-0.82138112 -0.19970136 -0.21083176]
55.50909781455994,1001,False,6,3,[8.89509904 9.06955435 1.28178901],waiting,[-0.48080528  0.59740651 -0.20557775]
55.50909781455994,1002,False,1,4,[ 8.17348833 -5.26441652  3.99986689],exiting,[ 0.5677905  -0.59831228 -0.99408226]
55.50909781455994,1003,False,3,1,[-5.80169243  3.34409106  3.99966978],cruising,[ 0.63925976  0.24903542 -0.34837281]
55.50909781455994,1004,False,4,2,[-1.82107408 -3.72278822  3.99983912],cruising,[-0.62185191  0.08809385  0.93462812]
55.50909781455994,1005,False,2,5,[-8.13335946  7.9024142   1.46703693],fake_landed,[ 0.50568378 -0.03156594 -0.11489306]
55.62387013435364,1000,False,5,0,[2.74001965 8.70268664 2.07312926],landing,[-0.82138112 -0.19970136 -0.21083176]
55.62387013435364,1001,False,6,3,[8.89509904 9.06955435 1.28178901],waiting,[-0.48080528  0.59740651 -0.20557775]
55.62387013435364,1002,False,1,4,[ 8.19942029 -5.36099567  3.99989335],exiting,[ 0.5677905  -0.59831228 -0.99408226]
55.62387013435364,1003,False,3,1,[-5.90142026  3.517453    3.99971931],cruising,[ 0.63925976  0.24903542 -0.34837281]
55.62387013435364,1004,False,4,2,[-2.01241296 -3.7207279   3.99987608],cruising,[-0.62185191  0.08809385  0.93462812]
55.62387013435364,1005,False,2,5,[-8.11886057  7.91302377  1.38908041],fake_landed,[ 0.50568378 -0.03156594 -0.11489306]
55.72098517417908,1000,False,5,0,[2.7590857  8.68782231 1.97609557],landing,[-0.82138112 -0.19970136 -0.21083176]
55.72098517417908,1001,False,6,3,[8.89509904 9.06955435 1.28178901],waiting,[-0.48080528  0.59740651 -0.20557775]
55.72098517417908,1002,False,1,4,[ 8.22535224 -5.45757483  3.99991482],exiting,[ 0.5677905  -0.59831228 -0.99408226]
55.72098517417908,1003,False,3,1,[-5.99686289  3.69321052  3.99976141],cruising,[ 0.63925976  0.24903542 -0.34837281]
55.72098517417908,1004,False,4,2,[-2.19808712 -3.69948657  3.9999107 ],cruising,[-0.62185191  0.08809385  0.93462812]
55.72098517417908,1005,False,2,5,[-8.1079864   7.92098094  1.33061302],fake_landed,[ 0.50568378 -0.03156594 -0.11489306]
55.813069343566895,1000,False,5,0,[2.77815175 8.67295798 1.87906188],landing,[-0.82138112 -0.19970136 -0.21083176]
55.813069343566895,1001,False,6,3,[8.89509904 9.06955435 1.28178901],waiting,[-0.48080528  0.59740651 -0.20557775]
55.813069343566895,1002,False,1,4,[ 8.2512842  -5.55415399  3.9999322 ],exiting,[ 0.5677905  -0.59831228 -0.99408226]
55.813069343566895,1003,False,3,1,[-6.08716124  3.87166557  3.9997972 ],cruising,[ 0.63925976  0.24903542 -0.34837281]
55.813069343566895,1004,False,4,2,[-2.37569788 -3.65994274  3.99994294],cruising,[-0.62185191  0.08809385  0.93462812]
55.813069343566895,1005,False,2,5,[-8.10073696  7.92628572  1.29163476],fake_landed,[ 0.50568378 -0.03156594 -0.11489306]
55.91064524650574,1000,False,5,0,[2.79721781 8.65809364 1.78202819],landing,[-0.82138112 -0.19970136 -0.21083176]
55.91064524650574,1001,False,6,3,[8.89509904 9.06955435 1.28178901],waiting,[-0.48080528  0.59740651 -0.20557775]
55.91064524650574,1002,False,1,4,[ 8.27721615 -5.65073315  3.99994624],exiting,[ 0.5677905  -0.59831228 -0.99408226]
55.91064524650574,1003,False,3,1,[-6.17123154  4.05313784  3.99982762],cruising,[ 0.63925976  0.24903542 -0.34837281]
55.91064524650574,1004,False,4,2,[-2.54306263 -3.60322279  3.99997271],cruising,[-0.62185191  0.08809385  0.93462812]
55.91064524650574,1005,False,2,5,[-8.09711224  7.92893811  1.27214563],fake_landed,[ 0.50568378 -0.03156594 -0.11489306]
56.02180576324463,1000,False,5,0,[2.81628386 8.64322931 1.6849945 ],landing,[-0.82138112 -0.19970136 -0.21083176]
56.02180576324463,1001,False,6,3,[8.89509904 9.06955435 1.28178901],queued,[-0.48080528  0.59740651 -0.20557775]
56.02180576324463,1002,False,1,4,[ 8.30314811 -5.74731231  3.99995756],exiting,[ 0.5677905  -0.59831228 -0.99408226]
56.02180576324463,1003,False,3,1,[-6.24769012  4.23794608  3.99985348],cruising,[ 0.63925976  0.24903542 -0.34837281]
56.02180576324463,1004,False,4,2,[-2.698338   -3.53057026  3.9999999 ],cruising,[-0.62185191  0.08809385  0.93462812]
56.02180576324463,1005,False,5,6,[-8.09711224  7.92893811  1.27214563],waiting,[ 0.50568378 -0.03156594 -0.11489306]
56.10918998718262,1000,False,5,0,[2.83534991 8.62836498 1.58796081],landing,[-0.82138112 -0.19970136 -0.21083176]
56.10918998718262,1001,False,6,3,[8.89509904 9.06955435 1.30178901],queued,[-0.48080528  0.59740651 -0.20557775]
56.10918998718262,1002,False,1,4,[ 8.32908006 -5.84389146  3.99996667],exiting,[ 0.5677905  -0.59831228 -0.99408226]
56.10918998718262,1003,False,3,1,[-6.3147541   4.42636695  3.99987546],cruising,[ 0.63925976  0.24903542 -0.34837281]
56.10918998718262,1004,False,4,2,[-2.83990534 -3.44335443  4.00002437],cruising,[-0.62185191  0.08809385  0.93462812]
56.10918998718262,1005,False,5,6,[-8.09711224  7.92893811  1.27214563],waiting,[ 0.50568378 -0.03156594 -0.11489306]
56.210033893585205,1000,False,5,0,[2.85441597 8.61350065 1.49092711],fake_landed,[-0.82138112 -0.19970136 -0.21083176]
56.210033893585205,1001,False,6,3,[8.89509904 9.06955435 1.34178901],queued,[-0.48080528  0.59740651 -0.20557775]
56.210033893585205,1002,False,1,4,[ 8.35501201 -5.94047062  3.99997396],exiting,[ 0.5677905  -0.59831228 -0.99408226]
56.210033893585205,1003,False,3,1,[-6.36379299  4.62026173  3.99989414],cruising,[ 0.63925976  0.24903542 -0.34837281]
56.210033893585205,1004,False,4,2,[-2.9663085  -3.34309836  4.00004599],cruising,[-0.62185191  0.08809385  0.93462812]
56.210033893585205,1005,False,5,6,[-8.09711224  7.92893811  1.27214563],waiting,[ 0.50568378 -0.03156594 -0.11489306]
56.322779417037964,1000,False,5,0,[2.86966881 8.60160918 1.41330016],fake_landed,[-0.82138112 -0.19970136 -0.21083176]
56.322779417037964,1001,False,6,3,[8.89509904 9.06955435 1.40178901],queued,[-0.48080528  0.59740651 -0.20557775]
56.322779417037964,1002,False,1,4,[ 8.38094397 -6.03704978  3.9999798 ],exiting,[ 0.5677905  -0.59831228 -0.99408226]
56.322779417037964,1003,False,3,1,[-6.39318494  4.81789788  3.99991047],cruising,[ 0.63925976  0.24903542 -0.34837281]
56.322779417037964,1004,False,4,2,[-3.07631518 -3.23138998  4.00006457],cruising,[-0.62185191  0.08809385  0.93462812]
56.322779417037964,1005,False,5,6,[-8.09711224  7.92893811  1.27214563],waiting,[ 0.50568378 -0.03156594 -0.11489306]
56.42351531982422,1000,False,5,0,[2.88110844 8.59269058 1.35507995],fake_landed,[-0.82138112 -0.19970136 -0.21083176]
56.42351531982422,1001,False,6,3,[8.89509904 9.06955435 1.47678901],queued,[-0.48080528  0.59740651 -0.20557775]
56.42351531982422,1002,False,1,4,[ 8.40687592 -6.13362894  3.99998444],exiting,[ 0.5677905  -0.59831228 -0.99408226]
56.42351531982422,1003,False,3,1,[-6.40261838  5.01682167  3.99992515],cruising,[ 0.63925976  0.24903542 -0.34837281]
56.42351531982422,1004,False,4,2,[-3.16883653 -3.10997269  4.00007994],cruising,[-0.62185191  0.08809385  0.93462812]
56.42351531982422,1005,False,5,6,[-8.09711224  7.92893811  1.27214563],waiting,[ 0.50568378 -0.03156594 -0.11489306]
56.52069973945618,1000,False,5,0,[2.88873486 8.58674485 1.31626647],fake_landed,[-0.82138112 -0.19970136 -0.21083176]
56.52069973945618,1001,False,6,3,[8.89509904 9.06955435 1.55178901],entering,[-0.48080528  0.59740651 -0.20557775]
56.52069973945618,1002,False,1,4,[ 8.43280788 -6.23020809  3.99998813],exiting,[ 0.5677905  -0.59831228 -0.99408226]
56.52069973945618,1003,False,3,1,[-6.39210501  5.21428778  3.9999386 ],cruising,[ 0.63925976  0.24903542 -0.34837281]
56.52069973945618,1004,False,4,2,[-3.24333287 -2.97988941  4.00009196],cruising,[-0.62185191  0.08809385  0.93462812]
56.52069973945618,1005,False,5,6,[-8.09711224  7.92893811  1.27214563],waiting,[ 0.50568378 -0.03156594 -0.11489306]
56.62204933166504,1000,False,5,0,[2.89254807 8.58377198 1.29685973],fake_landed,[-0.82138112 -0.19970136 -0.21083176]
56.62204933166504,1001,False,6,3,[8.89087329 9.05000587 1.62678901],entering,[-0.48080528  0.59740651 -0.20557775]
56.62204933166504,1002,False,1,4,[ 8.45873983 -6.32678725  3.99999104],exiting,[ 0.5677905  -0.59831228 -0.99408226]
56.62204933166504,1003,False,3,1,[-6.36199021  5.40778103  3.99995091],cruising,[ 0.63925976  0.24903542 -0.34837281]
56.62204933166504,1004,False,4,2,[-3.29954476 -2.84170189  4.00010051],cruising,[-0.62185191  0.08809385  0.93462812]
56.62204933166504,1005,False,5,6,[-8.09711224  7.92893811  1.27214563],waiting,[ 0.50568378 -0.03156594 -0.11489306]
56.7141318321228,1000,False,0,5,[2.89254807 8.58377198 1.29685973],waiting,[-0.82138112 -0.19970136 -0.21083176]
56.7141318321228,1001,False,6,3,[8.8824218  9.01090891 1.70178901],entering,[-0.48080528  0.59740651 -0.20557775]
56.7141318321228,1002,False,1,4,[ 8.48467179 -6.42336641  3.99999333],exiting,[ 0.5677905  -0.59831228 -0.99408226]
56.7141318321228,1003,False,3,1,[-6.31283775  5.59514504  3.99996205],cruising,[ 0.63925976  0.24903542 -0.34837281]
56.7141318321228,1004,False,4,2,[-3.33730889 -2.69578907  4.00010547],cruising,[-0.62185191  0.08809385  0.93462812]
56.7141318321228,1005,False,5,6,[-8.09711224  7.92893811  1.27214563],waiting,[ 0.50568378 -0.03156594 -0.11489306]
56.82156157493591,1000,False,0,5,[2.89254807 8.58377198 1.29685973],waiting,[-0.82138112 -0.19970136 -0.21083176]
56.82156157493591,1001,False,6,3,[8.86974455 8.95226347 1.77678901],entering,[-0.48080528  0.59740651 -0.20557775]
56.82156157493591,1002,False,1,4,[ 8.51060374 -6.51994557  3.99999511],exiting,[ 0.5677905  -0.59831228 -0.99408226]
56.82156157493591,1003,False,3,1,[-6.24555027  5.77407572  3.99997209],cruising,[ 0.63925976  0.24903542 -0.34837281]
56.82156157493591,1004,False,4,2,[-3.35650463 -2.5424456   4.00010677],cruising,[-0.62185191  0.08809385  0.93462812]
56.82156157493591,1005,False,5,6,[-8.09711224  7.92893811  1.27214563],queued,[ 0.50568378 -0.03156594 -0.11489306]
56.91059756278992,1000,False,0,5,[2.89254807 8.58377198 1.29685973],waiting,[-0.82138112 -0.19970136 -0.21083176]
56.91059756278992,1001,False,6,3,[8.85284157 8.87406956 1.85178901],entering,[-0.48080528  0.59740651 -0.20557775]
56.91059756278992,1002,False,1,4,[ 8.5365357  -6.61652473  3.9999965 ],exiting,[ 0.5677905  -0.59831228 -0.99408226]
56.91059756278992,1003,False,3,1,[-6.1612798   5.94244335  3.99998104],cruising,[ 0.63925976  0.24903542 -0.34837281]
56.91059756278992,1004,False,4,2,[-3.35723919 -2.38140894  4.00010432],cruising,[-0.62185191  0.08809385  0.93462812]
56.91059756278992,1005,False,5,6,[-8.09711224  7.92893811  1.29214563],queued,[ 0.50568378 -0.03156594 -0.11489306]
57.01708936691284,1000,False,0,5,[2.89254807 8.58377198 1.29685973],waiting,[-0.82138112 -0.19970136 -0.21083176]
57.01708936691284,1001,False,6,3,[8.83171569 8.77632654 1.92678901],entering,[-0.48080528  0.59740651 -0.20557775]
57.01708936691284,1002,False,1,4,[ 8.56246765 -6.71310388  3.99999756],exiting,[ 0.5677905  -0.59831228 -0.99408226]
57.01708936691284,1003,False,3,1,[-6.06100648  6.09881477  3.99998888],cruising,[ 0.63925976  0.24903542 -0.34837281]
57.01708936691284,1004,False,4,2,[-3.33991547 -2.21177587  4.00009801],cruising,[-0.62185191  0.08809385  0.93462812]
57.01708936691284,1005,False,5,6,[-8.09711224  7.92893811  1.33214563],queued,[ 0.50568378 -0.03156594 -0.11489306]
57.10931038856506,1000,False,0,5,[2.89254807 8.58377198 1.29685973],waiting,[-0.82138112 -0.19970136 -0.21083176]
57.10931038856506,1001,False,6,3,[8.80652455 8.65900104 2.00178901],entering,[-0.48080528  0.59740651 -0.20557775]
57.10931038856506,1002,False,1,4,[ 8.58839961 -6.80968304  3.99999837],exiting,[ 0.5677905  -0.59831228 -0.99408226]
57.10931038856506,1003,False,3,1,[-5.94565443  6.24204726  3.99999555],cruising,[ 0.63925976  0.24903542 -0.34837281]
57.10931038856506,1004,False,4,2,[-3.3058091  -2.03126426  4.00008777],cruising,[-0.62185191  0.08809385  0.93462812]
57.10931038856506,1005,False,5,6,[-8.09711224  7.92893811  1.39214563],queued,[ 0.50568378 -0.03156594 -0.11489306]
57.20978140830994,1000,False,0,5,[2.89254807 8.58377198 1.29685973],waiting,[-0.82138112 -0.19970136 -0.21083176]
57.20978140830994,1001,False,6,3,[8.77751381 8.52204366 2.07678901],entering,[-0.48080528  0.59740651 -0.20557775]
57.20978140830994,1002,False,1,4,[ 8.61433156 -6.9062622   3.99999898],exiting,[ 0.5677905  -0.59831228 -0.99408226]
57.20978140830994,1003,False,3,1,[-5.81613513  6.37116275  4.00000102],cruising,[ 0.63925976  0.24903542 -0.34837281]
57.20978140830994,1004,False,4,2,[-3.2654527  -1.83537817  4.0000746 ],cruising,[-0.62185191  0.08809385  0.93462812]
57.20978140830994,1005,False,5,6,[-8.09711224  7.92893811  1.46714563],queued,[ 0.50568378 -0.03156594 -0.11489306]
57.32202982902527,1000,False,0,5,[2.89254807 8.58377198 1.29685973],waiting,[-0.82138112 -0.19970136 -0.21083176]
57.32202982902527,1001,False,6,3,[8.74508748 8.3653801  2.15178901],entering,[-0.48080528  0.59740651 -0.20557775]
57.32202982902527,1002,False,1,4,[ 8.64026352 -7.00284136  3.99999942],exiting,[ 0.5677905  -0.59831228 -0.99408226]
57.32202982902527,1003,False,3,1,[-5.67334557  6.48531497  4.00000528],cruising,[ 0.63925976  0.24903542 -0.34837281]
57.32202982902527,1004,False,4,2,[-3.2416287  -1.63680219  4.00006341],cruising,[-0.62185191  0.08809385  0.93462812]
57.32202982902527,1005,False,5,6,[-8.09711224  7.92893811  1.54214563],queued,[ 0.50568378 -0.03156594 -0.11489306]
57.41728758811951,1000,False,0,5,[2.89254807 8.58377198 1.29685973],waiting,[-0.82138112 -0.19970136 -0.21083176]
57.41728758811951,1001,False,6,3,[8.70959502 8.18895296 2.22678901],entering,[-0.48080528  0.59740651 -0.20557775]
57.41728758811951,1002,False,1,4,[ 8.66619547 -7.09942051  3.99999974],landing,[ 0.5677905  -0.59831228 -0.99408226]
57.41728758811951,1003,False,3,1,[-5.51833868  6.58363251  4.00000834],cruising,[ 0.63925976  0.24903542 -0.34837281]
57.41728758811951,1004,False,4,2,[-3.23381417 -1.43695492  4.0000539 ],cruising,[-0.62185191  0.08809385  0.93462812]
57.41728758811951,1005,False,5,6,[-8.09711224  7.92893811  1.61714563],queued,[ 0.50568378 -0.03156594 -0.11489306]
57.51410365104675,1000,False,0,5,[2.89254807 8.58377198 1.29685973],waiting,[-0.82138112 -0.19970136 -0.21083176]
57.51410365104675,1001,False,6,3,[8.67107417 7.99275643 2.30178901],entering,[-0.48080528  0.59740651 -0.20557775]
57.51410365104675,1002,False,1,4,[ 8.68542236 -7.18363388  3.98578284],landing,[ 0.5677905  -0.59831228 -0.99408226]
57.51410365104675,1003,False,3,1,[-5.35172603  6.66566181  4.00001017],cruising,[ 0.63925976  0.24903542 -0.34837281]
57.51410365104675,1004,False,4,2,[-3.24158366 -1.23710589  4.00004582],cruising,[-0.62185191  0.08809385  0.93462812]
57.51410365104675,1005,False,5,6,[-8.09711224  7.92893811  1.69214563],queued,[ 0.50568378 -0.03156594 -0.11489306]
57.61025094985962,1000,False,0,5,[2.89254807 8.58377198 1.29685973],waiting,[-0.82138112 -0.19970136 -0.21083176]
57.61025094985962,1001,False,6,3,[8.63254469 7.79650282 2.37678901],entering,[-0.48080528  0.59740651 -0.20557775]
57.61025094985962,1002,False,1,4,[ 8.6979348  -7.25530364  3.95750983],landing,[ 0.5677905  -0.59831228 -0.99408226]
57.61025094985962,1003,False,3,1,[-5.17393259  6.7311083   4.00001074],cruising,[ 0.63925976  0.24903542 -0.34837281]
57.61025094985962,1004,False,4,2,[-3.26389511 -1.03835429  4.00003894],cruising,[-0.62185191  0.08809385  0.93462812]
57.61025094985962,1005,False,5,6,[-8.09711224  7.92893811  1.76714563],queued,[ 0.50568378 -0.03156594 -0.11489306]
57.70940160751343,1000,False,0,5,[2.89254807 8.58377198 1.29685973],waiting,[-0.82138112 -0.19970136 -0.21083176]
57.70940160751343,1001,False,6,3,[8.59458861 7.60013751 2.45178901],entering,[-0.48080528  0.59740651 -0.20557775]
57.70940160751343,1002,False,1,4,[ 8.70372282 -7.31421949  3.91537609],landing,[ 0.5677905  -0.59831228 -0.99408226]
57.70940160751343,1003,False,3,1,[-4.98501814  6.77993182  4.00001001],cruising,[ 0.63925976  0.24903542 -0.34837281]
57.70940160751343,1004,False,4,2,[-3.29957633 -0.8415629   4.0000331 ],cruising,[-0.62185191  0.08809385  0.93462812]
57.70940160751343,1005,False,5,6,[-8.09711224  7.92893811  1.84214563],queued,[ 0.50568378 -0.03156594 -0.11489306]
57.80919098854065,1000,False,0,5,[2.89254807 8.58377198 1.29685973],waiting,[-0.82138112 -0.19970136 -0.21083176]
57.80919098854065,1001,False,6,3,[8.5592254  7.40328873 2.52678901],entering,[-0.48080528  0.59740651 -0.20557775]
57.80919098854065,1002,False,1,4,[ 8.70277479 -7.36009005  3.85966126],landing,[ 0.5677905  -0.59831228 -0.99408226]
57.80919098854065,1003,False,3,1,[-4.78914325  6.82034255  4.0000085 ],cruising,[ 0.63925976  0.24903542 -0.34837281]
57.80919098854065,1004,False,4,2,[-3.34601988 -0.64703014  4.00002814],cruising,[-0.62185191  0.08809385  0.93462812]
57.80919098854065,1005,False,5,6,[-8.09711224  7.92893811  1.91714563],queued,[ 0.50568378 -0.03156594 -0.11489306]
57.9085750579834,1000,False,0,5,[2.89254807 8.58377198 1.29685973],waiting,[-0.82138112 -0.19970136 -0.21083176]
57.9085750579834,1001,False,6,3,[8.52506916 7.20622693 2.60178901],entering,[-0.48080528  0.59740651 -0.20557775]
57.9085750579834,1002,False,1,4,[ 8.69508333 -7.39268588  3.79059323],landing,[ 0.5677905  -0.59831228 -0.99408226]
57.9085750579834,1003,False,3,1,[-4.59420163  6.86503891  4.00000723],cruising,[ 0.63925976  0.24903542 -0.34837281]
57.9085750579834,1004,False,4,2,[-3.40387129 -0.45557984  4.00002392],cruising,[-0.62185191  0.08809385  0.93462812]
57.9085750579834,1005,False,5,6,[-8.09711224  7.92893811  1.99214563],queued,[ 0.50568378 -0.03156594 -0.11489306]
58.008495807647705,1000,False,0,5,[2.89254807 8.58377198 1.29685973],waiting,[-0.82138112 -0.19970136 -0.21083176]
58.008495807647705,1001,False,6,3,[8.49091291 7.00916514 2.67678901],entering,[-0.48080528  0.59740651 -0.20557775]
58.008495807647705,1002,False,1,4,[ 8.68064298 -7.41178575  3.70839847],landing,[ 0.5677905  -0.59831228 -0.99408226]
58.008495807647705,1003,False,3,1,[-4.39991405  6.9124977   4.00000614],cruising,[ 0.63925976  0.24903542 -0.34837281]
58.008495807647705,1004,False,4,2,[-3.47235829 -0.26767154  4.00002033],cruising,[-0.62185191  0.08809385  0.93462812]
58.008495807647705,1005,False,5,6,[-8.09711224  7.92893811  2.06714563],queued,[ 0.50568378 -0.03156594 -0.11489306]
58.10927176475525,1000,False,0,5,[2.89254807 8.58377198 1.29685973],waiting,[-0.82138112 -0.19970136 -0.21083176]
58.10927176475525,1001,False,6,3,[8.4582352  6.81185278 2.75178901],entering,[-0.48080528  0.59740651 -0.20557775]
58.10927176475525,1002,False,1,4,[ 8.65944985 -7.41716655  3.61331233],landing,[ 0.5677905  -0.59831228 -0.99408226]
58.10927176475525,1003,False,3,1,[-4.20536296  6.95886443  4.00000522],cruising,[ 0.63925976  0.24903542 -0.34837281]
58.10927176475525,1004,False,4,2,[-3.54881147 -0.08286106  4.00001728],cruising,[-0.62185191  0.08809385  0.93462812]
58.10927176475525,1005,False,5,6,[-8.09711224  7.92893811  2.14214563],queued,[ 0.50568378 -0.03156594 -0.11489306]
58.2096266746521,1000,False,0,5,[2.89254807 8.58377198 1.29685973],waiting,[-0.82138112 -0.19970136 -0.21083176]
58.2096266746521,1001,False,6,3,[8.42912003 6.61398336 2.82678901],entering,[-0.48080528  0.59740651 -0.20557775]
58.2096266746521,1002,False,1,4,[ 8.63701529 -7.41998456  3.51590212],landing,[ 0.5677905  -0.59831228 -0.99408226]
58.2096266746521,1003,False,3,1,[-4.01098979  7.00597146  4.00000444],cruising,[ 0.63925976  0.24903542 -0.34837281]
58.2096266746521,1004,False,4,2,[-3.63599675  0.0971354   4.00001469],exiting,[-0.62185191  0.08809385  0.93462812]
58.2096266746521,1005,False,5,6,[-8.09711224  7.92893811  2.21714563],queued,[ 0.50568378 -0.03156594 -0.11489306]
58.31377172470093,1000,False,0,5,[2.89254807 8.58377198 1.29685973],waiting,[-0.82138112 -0.19970136 -0.21083176]
58.31377172470093,1001,False,6,3,[8.40000486 6.41611394 2.90178901],entering,[-0.48080528  0.59740651 -0.20557775]
58.31377172470093,1002,False,1,4,[ 8.61458073 -7.42280256  3.41849191],landing,[ 0.5677905  -0.59831228 -0.99408226]
58.31377172470093,1003,False,3,1,[-3.81652167  7.05268492  4.00000377],cruising,[ 0.63925976  0.24903542 -0.34837281]
58.31377172470093,1004,False,4,2,[-3.72338911  0.25713293  4.0000121 ],exiting,[-0.62185191  0.08809385  0.93462812]
58.31377172470093,1005,False,5,6,[-8.09711224  7.92893811  2.29214563],queued,[ 0.50568378 -0.03156594 -0.11489306]
58.41169333457947,1000,False,0,5,[2.89254807 8.58377198 1.29685973],waiting,[-0.82138112 -0.19970136 -0.21083176]
58.41169333457947,1001,False,6,3,[8.37340989 6.21789006 2.97678901],entering,[-0.48080528  0.59740651 -0.20557775]
58.41169333457947,1002,False,1,4,[ 8.59214617 -7.42562056  3.32108169],landing,[ 0.5677905  -0.59831228 -0.99408226]
58.41169333457947,1003,False,3,1,[-3.62173175  7.09803785  4.00000321],cruising,[ 0.63925976  0.24903542 -0.34837281]
58.41169333457947,1004,False,4,2,[-3.81082478  0.39713051  4.00000954],exiting,[-0.62185191  0.08809385  0.93462812]
58.41169333457947,1005,False,5,6,[-8.09711224  7.92893811  2.36714563],queued,[ 0.50568378 -0.03156594 -0.11489306]
58.50936436653137,1000,False,0,5,[2.89254807 8.58377198 1.29685973],waiting,[-0.82138112 -0.19970136 -0.21083176]
58.50936436653137,1001,False,6,3,[8.34994908 6.01927085 3.05178901],entering,[-0.48080528  0.59740651 -0.20557775]
58.50936436653137,1002,False,1,4,[ 8.56971161 -7.42843857  3.22367148],landing,[ 0.5677905  -0.59831228 -0.99408226]
58.50936436653137,1003,False,3,1,[-3.42592078  7.13875718  4.00000273],cruising,[ 0.63925976  0.24903542 -0.34837281]
58.50936436653137,1004,False,4,2,[-3.89812149  0.51712857  4.00000705],exiting,[-0.62185191  0.08809385  0.93462812]
58.50936436653137,1005,False,5,6,[-8.09711224  7.92893811  2.44214563],queued,[ 0.50568378 -0.03156594 -0.11489306]
58.61612248420715,1000,False,0,5,[2.89254807 8.58377198 1.29685973],waiting,[-0.82138112 -0.19970136 -0.21083176]
58.61612248420715,1001,False,6,3,[8.32771996 5.82051002 3.12678901],entering,[-0.48080528  0.59740651 -0.20557775]
58.61612248420715,1002,False,1,4,[ 8.54727706 -7.43125657  3.12626127],landing,[ 0.5677905  -0.59831228 -0.99408226]
58.61612248420715,1003,False,3,1,[-3.22959302  7.17690706  4.00000232],cruising,[ 0.63925976  0.24903542 -0.34837281]
58.61612248420715,1004,False,4,2,[-3.98507363  0.6171296   4.00000467],exiting,[-0.62185191  0.08809385  0.93462812]
58.61612248420715,1005,False,5,6,[-8.09711224  7.92893811  2.51714563],entering,[ 0.50568378 -0.03156594 -0.11489306]
58.7165048122406,1000,False,0,5,[2.89254807 8.58377198 1.29685973],waiting,[-0.82138112 -0.19970136 -0.21083176]
58.7165048122406,1001,False,6,3,[8.31036185 5.62126471 3.20178901],entering,[-0.48080528  0.59740651 -0.20557775]
58.7165048122406,1002,False,1,4,[ 8.5248425  -7.43407457  3.02885106],landing,[ 0.5677905  -0.59831228 -0.99408226]
58.7165048122406,1003,False,3,1,[-3.03263734  7.21166995  4.00000197],cruising,[ 0.63925976  0.24903542 -0.34837281]
58.7165048122406,1004,False,4,2,[-4.07144267  0.69713914  4.00000246],exiting,[-0.62185191  0.08809385  0.93462812]
58.7165048122406,1005,False,5,6,[-8.07926402  7.91991363  2.59214563],entering,[ 0.50568378 -0.03156594 -0.11489306]
58.81576609611511,1000,False,0,5,[2.89254807 8.58377198 1.29685973],queued,[-0.82138112 -0.19970136 -0.21083176]
58.81576609611511,1001,False,6,3,[8.29573513 5.42180027 3.27678901],entering,[-0.48080528  0.59740651 -0.20557775]
58.81576609611511,1002,False,1,4,[ 8.50240794 -7.43689258  2.93144085],landing,[ 0.5677905  -0.59831228 -0.99408226]
58.81576609611511,1003,False,3,1,[-2.83457384  7.23943412  4.00000167],cruising,[ 0.63925976  0.24903542 -0.34837281]
58.81576609611511,1004,False,4,2,[-4.15693505  0.75716789  4.00000047],exiting,[-0.62185191  0.08809385  0.93462812]
58.81576609611511,1005,False,5,6,[-8.04355394  7.90189173  2.66714563],entering,[ 0.50568378 -0.03156594 -0.11489306]
58.90950894355774,1000,False,0,5,[2.89254807 8.58377198 1.31685973],queued,[-0.82138112 -0.19970136 -0.21083176]
58.90950894355774,1001,False,6,3,[8.28465765 5.22210729 3.35178901],entering,[-0.48080528  0.59740651 -0.20557775]
58.90950894355774,1002,False,1,4,[ 8.47997338 -7.43971058  2.83403063],landing,[ 0.5677905  -0.59831228 -0.99408226]
58.90950894355774,1003,False,3,1,[-2.63590886  7.26250411  4.00000142],cruising,[ 0.63925976  0.24903542 -0.34837281]
58.90950894355774,1004,False,4,2,[-4.24113904  0.79723819  3.99999879],exiting,[-0.62185191  0.08809385  0.93462812]
58.90950894355774,1005,False,5,6,[-7.98995183  7.87493251  2.74214563],entering,[ 0.50568378 -0.03156594 -0.11489306]
59.01512432098389,1000,False,0,5,[2.89254807 8.58377198 1.35685973],queued,[-0.82138112 -0.19970136 -0.21083176]
59.01512432098389,1001,False,6,3,[8.27972358 5.02216816 3.42678901],entering,[-0.48080528  0.59740651 -0.20557775]
59.01512432098389,1002,False,1,4,[ 8.45753882 -7.44252858  2.73662042],landing,[ 0.5677905  -0.59831228 -0.99408226]
59.01512432098389,1003,False,3,1,[-2.43639555  7.27644837  4.00000121],cruising,[ 0.63925976  0.24903542 -0.34837281]
59.01512432098389,1004,False,4,2,[-4.32380107  0.81736802  3.99999747],exiting,[-0.62185191  0.08809385  0.93462812]
59.01512432098389,1005,False,5,6,[-7.91840063  7.83915116  2.81714563],entering,[ 0.50568378 -0.03156594 -0.11489306]
59.11018466949463,1000,False,0,5,[2.89254807 8.58377198 1.41685973],queued,[-0.82138112 -0.19970136 -0.21083176]
59.11018466949463,1001,False,6,3,[8.28032262 4.82216906 3.50178901],entering,[-0.48080528  0.59740651 -0.20557775]
59.11018466949463,1002,False,1,4,[ 8.43510426 -7.44534659  2.63921021],landing,[ 0.5677905  -0.59831228 -0.99408226]
59.11018466949463,1003,False,3,1,[-2.23642491  7.27987516  4.00000103],cruising,[ 0.63925976  0.24903542 -0.34837281]
59.11018466949463,1004,False,4,2,[-4.4046634   0.81757898  3.99999655],exiting,[-0.62185191  0.08809385  0.93462812]
59.11018466949463,1005,False,5,6,[-7.82884905  7.79465281  2.89214563],entering,[ 0.50568378 -0.03156594 -0.11489306]
59.221354484558105,1000,False,0,5,[2.89254807 8.58377198 1.49185973],queued,[-0.82138112 -0.19970136 -0.21083176]
59.221354484558105,1001,False,6,3,[8.28508733 4.62222582 3.57652066],entering,[-0.48080528  0.59740651 -0.20557775]
59.221354484558105,1002,False,1,4,[ 8.4126697  -7.44816459  2.5418    ],landing,[ 0.5677905  -0.59831228 -0.99408226]
59.221354484558105,1003,False,3,1,[-2.03691147  7.26593287  4.00000087],cruising,[ 0.63925976  0.24903542 -0.34837281]
59.221354484558105,1004,False,4,2,[-4.48346414  0.79789648  3.99999609],exiting,[-0.62185191  0.08809385  0.93462812]
59.221354484558105,1005,False,5,6,[-7.72127151  7.74149046  2.96714563],entering,[ 0.50568378 -0.03156594 -0.11489306]
59.30898857116699,1000,False,0,5,[2.89254807 8.58377198 1.56685973],queued,[-0.82138112 -0.19970136 -0.21083176]
59.30898857116699,1001,False,6,3,[8.29447338 4.42244619 3.64004256],entering,[-0.48080528  0.59740651 -0.20557775]
59.30898857116699,1002,False,1,4,[ 8.39023514 -7.45098259  2.44438979],landing,[ 0.5677905  -0.59831228 -0.99408226]
59.30898857116699,1003,False,3,1,[-1.8396165   7.23315035  4.00000074],cruising,[ 0.63925976  0.24903542 -0.34837281]
59.30898857116699,1004,False,4,2,[-4.55993697  0.75834992  3.9999961 ],exiting,[-0.62185191  0.08809385  0.93462812]
59.30898857116699,1005,False,5,6,[-7.59565326  7.67969486  3.04214563],entering,[ 0.50568378 -0.03156594 -0.11489306]
59.40927791595459,1000,False,0,5,[2.89254807 8.58377198 1.64185973],queued,[-0.82138112 -0.19970136 -0.21083176]
59.40927791595459,1001,False,6,3,[8.30676163 4.22282405 3.69403618],entering,[-0.48080528  0.59740651 -0.20557775]
59.40927791595459,1002,False,1,4,[ 8.36780058 -7.4538006   2.34697957],landing,[ 0.5677905  -0.59831228 -0.99408226]
59.40927791595459,1003,False,3,1,[-1.6457836   7.18386742  4.00000063],cruising,[ 0.63925976  0.24903542 -0.34837281]
59.40927791595459,1004,False,4,2,[-4.63381096  0.69897294  3.99999658],exiting,[-0.62185191  0.08809385  0.93462812]
59.40927791595459,1005,False,5,6,[-7.45154705  7.6102707   3.11714563],entering,[ 0.50568378 -0.03156594 -0.11489306]
59.515480756759644,1000,False,0,5,[2.89254807 8.58377198 1.71685973],queued,[-0.82138112 -0.19970136 -0.21083176]
59.515480756759644,1001,False,6,3,[8.31648878 4.02306073 3.73993075],entering,[-0.48080528  0.59740651 -0.20557775]
59.515480756759644,1002,False,1,4,[ 8.34536602 -7.4566186   2.24956936],landing,[ 0.5677905  -0.59831228 -0.99408226]
59.515480756759644,1003,False,3,1,[-1.45461961  7.12507688  4.00000054],cruising,[ 0.63925976  0.24903542 -0.34837281]
59.515480756759644,1004,False,4,2,[-4.70630446  0.63009121  3.99999719],exiting,[-0.62185191  0.08809385  0.93462812]
59.515480756759644,1005,False,5,6,[-7.2887161   7.53381914  3.19214563],entering,[ 0.50568378 -0.03156594 -0.11489306]
59.60885548591614,1000,False,0,5,[2.89254807 8.58377198 1.79185973],queued,[-0.82138112 -0.19970136 -0.21083176]
59.60885548591614,1001,False,6,3,[8.33142845 3.82361949 3.77894114],cruising,[-0.48080528  0.59740651 -0.20557775]
59.60885548591614,1002,False,1,4,[ 8.32293146 -7.4594366   2.15215915],landing,[ 0.5677905  -0.59831228 -0.99408226]
59.60885548591614,1003,False,3,1,[-1.26804135  7.05304527  4.00000046],cruising,[ 0.63925976  0.24903542 -0.34837281]
59.60885548591614,1004,False,4,2,[-4.77879796  0.56120948  3.9999977 ],exiting,[-0.62185191  0.08809385  0.93462812]
59.60885548591614,1005,False,5,6,[-7.10639618  7.45287533  3.26714563],entering,[ 0.50568378 -0.03156594 -0.11489306]
59.71773314476013,1000,False,0,5,[2.89254807 8.58377198 1.86685973],queued,[-0.82138112 -0.19970136 -0.21083176]
59.71773314476013,1001,False,6,3,[8.3405391  3.62382711 3.81209997],cruising,[-0.48080528  0.59740651 -0.20557775]
59.71773314476013,1002,False,1,4,[ 8.30049691 -7.46225461  2.05474894],landing,[ 0.5677905  -0.59831228 -0.99408226]
59.71773314476013,1003,False,3,1,[-1.08588165  6.97047503  4.00000039],cruising,[ 0.63925976  0.24903542 -0.34837281]
59.71773314476013,1004,False,4,2,[-4.85129145  0.49232775  3.99999812],exiting,[-0.62185191  0.08809385  0.93462812]
59.71773314476013,1005,False,5,6,[-6.92255369  7.37412294  3.34214563],entering,[ 0.50568378 -0.03156594 -0.11489306]
59.81405758857727,1000,False,0,5,[2.89254807 8.58377198 1.94185973],queued,[-0.82138112 -0.19970136 -0.21083176]
59.81405758857727,1001,False,6,3,[8.34799423 3.42396611 3.84028497],cruising,[-0.48080528  0.59740651 -0.20557775]
59.81405758857727,1002,False,1,4,[ 8.27806235 -7.46507261  1.95733873],landing,[ 0.5677905  -0.59831228 -0.99408226]
59.81405758857727,1003,False,3,1,[-0.90765314  6.87973035  4.00000033],cruising,[ 0.63925976  0.24903542 -0.34837281]
59.81405758857727,1004,False,4,2,[-4.92378495  0.42344602  3.99999846],exiting,[-0.62185191  0.08809385  0.93462812]
59.81405758857727,1005,False,5,6,[-6.73657986  7.30054485  3.41714563],entering,[ 0.50568378 -0.03156594 -0.11489306]
59.91340208053589,1000,False,0,5,[2.89254807 8.58377198 2.01685973],queued,[-0.82138112 -0.19970136 -0.21083176]
59.91340208053589,1001,False,6,3,[8.36151984 3.22442399 3.86424223],cruising,[-0.48080528  0.59740651 -0.20557775]
59.91340208053589,1002,False,1,4,[ 8.25562779 -7.46789061  1.85992851],landing,[ 0.5677905  -0.59831228 -0.99408226]
59.91340208053589,1003,False,3,1,[-0.73156592  6.78489738  4.00000028],cruising,[ 0.63925976  0.24903542 -0.34837281]
59.91340208053589,1004,False,4,2,[-4.99627845  0.35456429  3.99999874],exiting,[-0.62185191  0.08809385  0.93462812]
59.91340208053589,1005,False,5,6,[-6.54904263  7.2310482   3.49214563],entering,[ 0.50568378 -0.03156594 -0.11489306]
60.00996375083923,1000,False,0,5,[2.89254807 8.58377198 2.09185973],queued,[-0.82138112 -0.19970136 -0.21083176]
60.00996375083923,1001,False,6,3,[8.37365011 3.02479218 3.88460589],cruising,[-0.48080528  0.59740651 -0.20557775]
60.00996375083923,1002,False,1,4,[ 8.23319323 -7.47070862  1.7625183 ],landing,[ 0.5677905  -0.59831228 -0.99408226]
60.00996375083923,1003,False,3,1,[-0.55851592  6.68462925  4.00000024],cruising,[ 0.63925976  0.24903542 -0.34837281]
60.00996375083923,1004,False,4,2,[-5.06877195  0.28568256  3.99999898],exiting,[-0.62185191  0.08809385  0.93462812]
60.00996375083923,1005,False,5,6,[-6.35980082  7.166337    3.56714563],entering,[ 0.50568378 -0.03156594 -0.11489306]
60.11728501319885,1000,False,0,5,[2.89254807 8.58377198 2.16685973],queued,[-0.82138112 -0.19970136 -0.21083176]
60.11728501319885,1001,False,6,3,[8.38515854 2.82512357 3.90191501],cruising,[-0.48080528  0.59740651 -0.20557775]
60.11728501319885,1002,False,1,4,[ 8.21075867 -7.47352662  1.66510809],landing,[ 0.5677905  -0.59831228 -0.99408226]
60.11728501319885,1003,False,3,1,[-0.38767724  6.58063817  4.0000002 ],cruising,[ 0.63925976  0.24903542 -0.34837281]
60.11728501319885,1004,False,4,2,[-5.14126545  0.21680083  3.99999917],exiting,[-0.62185191  0.08809385  0.93462812]
60.11728501319885,1005,False,5,6,[-6.16850998  7.10796053  3.63207378],entering,[ 0.50568378 -0.03156594 -0.11489306]
60.213043212890625,1000,False,0,5,[2.89254807 8.58377198 2.24185973],queued,[-0.82138112 -0.19970136 -0.21083176]
60.213043212890625,1001,False,6,3,[8.40017205 2.62568788 3.91662776],cruising,[-0.48080528  0.59740651 -0.20557775]
60.213043212890625,1002,False,1,4,[ 8.18832411 -7.47634462  1.56769788],landing,[ 0.5677905  -0.59831228 -0.99408226]
60.213043212890625,1003,False,3,1,[-0.2177483   6.47516705  4.00000017],cruising,[ 0.63925976  0.24903542 -0.34837281]
60.213043212890625,1004,False,4,2,[-5.21375895  0.1479191   3.99999932],exiting,[-0.62185191  0.08809385  0.93462812]
60.213043212890625,1005,False,5,6,[-5.97495925  7.0575808   3.68726271],entering,[ 0.50568378 -0.03156594 -0.11489306]
60.31309390068054,1000,False,0,5,[2.89254807 8.58377198 2.31685973],queued,[-0.82138112 -0.19970136 -0.21083176]
60.31309390068054,1001,False,6,3,[8.41342834 2.42612769 3.92913359],cruising,[-0.48080528  0.59740651 -0.20557775]
60.31309390068054,1002,False,1,4,[ 8.16588955 -7.47916263  1.47028767],fake_landed,[ 0.5677905  -0.59831228 -0.99408226]
60.31309390068054,1003,False,3,1,[-0.0488758   6.36801259  4.00000015],cruising,[ 0.63925976  0.24903542 -0.34837281]
60.31309390068054,1004,False,4,2,[-5.28625245  0.07903737  3.99999945],exiting,[-0.62185191  0.08809385  0.93462812]
60.31309390068054,1005,False,5,6,[-5.77936969  7.01581091  3.73417331],entering,[ 0.50568378 -0.03156594 -0.11489306]
60.41473960876465,1000,False,0,5,[2.89254807 8.58377198 2.39185973],entering,[-0.82138112 -0.19970136 -0.21083176]
60.41473960876465,1001,False,6,3,[8.42839663 2.2266886  3.93976355],cruising,[-0.48080528  0.59740651 -0.20557775]
60.41473960876465,1002,False,1,4,[ 8.1479419  -7.48141703  1.3923595 ],fake_landed,[ 0.5677905  -0.59831228 -0.99408226]
60.41473960876465,1003,False,3,1,[0.11981621 6.26057422 4.00000012],cruising,[ 0.63925976  0.24903542 -0.34837281]
60.41473960876465,1004,False,4,2,[-5.35874595  0.01015564  3.99999956],exiting,[-0.62185191  0.08809385  0.93462812]
60.41473960876465,1005,False,5,6,[-5.58212673  6.9827169   3.77404731],entering,[ 0.50568378 -0.03156594 -0.11489306]
60.509310245513916,1000,False,0,5,[2.88893734 8.56410062 2.46685973],entering,[-0.82138112 -0.19970136 -0.21083176]
60.509310245513916,1001,False,6,3,[8.44087259 2.0270781  3.94879902],cruising,[-0.48080528  0.59740651 -0.20557775]
60.509310245513916,1002,False,1,4,[ 8.13448117 -7.48310783  1.33391337],fake_landed,[ 0.5677905  -0.59831228 -0.99408226]
60.509310245513916,1003,False,3,1,[0.2885927  6.15326859 4.00000011],cruising,[ 0.63925976  0.24903542 -0.34837281]
60.509310245513916,1004,False,4,2,[-5.43123945 -0.05872608  3.99999964],exiting,[-0.62185191  0.08809385  0.93462812]
60.509310245513916,1005,False,5,6,[-5.38319599  6.96206354  3.80794021],entering,[ 0.50568378 -0.03156594 -0.11489306]
60.6210412979126,1000,False,0,5,[2.88174042 8.5247534  2.54185973],entering,[-0.82138112 -0.19970136 -0.21083176]
60.6210412979126,1001,False,6,3,[8.45388067 1.82750157 3.95647917],cruising,[-0.48080528  0.59740651 -0.20557775]
60.6210412979126,1002,False,1,4,[ 8.12550734 -7.48423503  1.29494928],fake_landed,[ 0.5677905  -0.59831228 -0.99408226]
60.6210412979126,1003,False,3,1,[0.45787393 6.04676101 4.00000009],cruising,[ 0.63925976  0.24903542 -0.34837281]
60.6210412979126,1004,False,4,2,[-5.50373294 -0.12760781  3.99999971],exiting,[-0.62185191  0.08809385  0.93462812]
60.6210412979126,1005,False,5,6,[-5.18346956  6.95160634  3.83674918],entering,[ 0.50568378 -0.03156594 -0.11489306]
60.71214175224304,1000,False,0,5,[2.87120356 8.46568703 2.61685973],entering,[-0.82138112 -0.19970136 -0.21083176]
60.71214175224304,1001,False,6,3,[8.46402803 1.62775916 3.96300729],cruising,[-0.48080528  0.59740651 -0.20557775]
60.71214175224304,1002,False,1,4,[ 8.12102043 -7.48479863  1.27546724],fake_landed,[ 0.5677905  -0.59831228 -0.99408226]
60.71214175224304,1003,False,3,1,[0.62792297 5.94148365 4.00000008],cruising,[ 0.63925976  0.24903542 -0.34837281]
60.71214175224304,1004,False,4,2,[-5.57622644 -0.19648954  3.99999977],exiting,[-0.62185191  0.08809385  0.93462812]
60.71214175224304,1005,False,5,6,[-4.98346966  6.95140102  3.86123681],cruising,[ 0.50568378 -0.03156594 -0.11489306]
60.82389259338379,1000,False,0,5,[2.85750309 8.38687246 2.69185973],entering,[-0.82138112 -0.19970136 -0.21083176]
60.82389259338379,1001,False,6,3,[8.4739657  1.42800621 3.9685562 ],cruising,[-0.48080528  0.59740651 -0.20557775]
60.82389259338379,1002,False,4,0,[ 8.12102043 -7.48479863  1.27546724],waiting,[ 0.5677905  -0.59831228 -0.99408226]
60.82389259338379,1003,False,3,1,[0.79950742 5.83872773 4.00000006],cruising,[ 0.63925976  0.24903542 -0.34837281]
60.82389259338379,1004,False,4,2,[-5.64871994 -0.26537127  3.99999981],exiting,[-0.62185191  0.08809385  0.93462812]
60.82389259338379,1005,False,5,6,[-4.78369903  6.96097668  3.88205128],cruising,[ 0.50568378 -0.03156594 -0.11489306]
60.91071152687073,1000,False,0,5,[2.84087731 8.28827298 2.76685973],entering,[-0.82138112 -0.19970136 -0.21083176]
60.91071152687073,1001,False,6,3,[8.48317989 1.22821857 3.97327277],cruising,[-0.48080528  0.59740651 -0.20557775]
60.91071152687073,1002,False,4,0,[ 8.12102043 -7.48479863  1.27546724],waiting,[ 0.5677905  -0.59831228 -0.99408226]
60.91071152687073,1003,False,3,1,[0.97243861 5.73825483 4.00000006],cruising,[ 0.63925976  0.24903542 -0.34837281]
60.91071152687073,1004,False,4,2,[-5.72121344 -0.334253    3.99999985],exiting,[-0.62185191  0.08809385  0.93462812]
60.91071152687073,1005,False,5,6,[-4.58452791  6.97916637  3.89974359],cruising,[ 0.50568378 -0.03156594 -0.11489306]
61.01425790786743,1000,False,0,5,[2.82225337 8.16977356 2.84185973],entering,[-0.82138112 -0.19970136 -0.21083176]
61.01425790786743,1001,False,6,3,[8.48895569 1.02830199 3.97728185],cruising,[-0.48080528  0.59740651 -0.20557775]
61.01425790786743,1002,False,4,0,[ 8.12102043 -7.48479863  1.27546724],waiting,[ 0.5677905  -0.59831228 -0.99408226]
61.01425790786743,1003,False,3,1,[1.14773707 5.64197167 4.00000005],cruising,[ 0.63925976  0.24903542 -0.34837281]
61.01425790786743,1004,False,4,2,[-5.79370694 -0.40313473  3.99999988],exiting,[-0.62185191  0.08809385  0.93462812]
61.01425790786743,1005,False,5,6,[-4.38612268  7.00437283  3.91478205],cruising,[ 0.50568378 -0.03156594 -0.11489306]
61.1108660697937,1000,False,0,5,[2.80281017 8.03129094 2.91685973],entering,[-0.82138112 -0.19970136 -0.21083176]
61.1108660697937,1001,False,6,3,[8.4937708  0.82835996 3.98068958],cruising,[-0.48080528  0.59740651 -0.20557775]
61.1108660697937,1002,False,4,0,[ 8.12102043 -7.48479863  1.27546724],waiting,[ 0.5677905  -0.59831228 -0.99408226]
61.1108660697937,1003,False,3,1,[1.32483289 5.54903581 4.00000004],cruising,[ 0.63925976  0.24903542 -0.34837281]
61.1108660697937,1004,False,4,2,[-5.86620044 -0.47201646  3.99999991],exiting,[-0.62185191  0.08809385  0.93462812]
61.1108660697937,1005,False,5,6,[-4.18845702  7.03484061  3.92756475],cruising,[ 0.50568378 -0.03156594 -0.11489306]
61.212952613830566,1000,False,0,5,[2.78432752 7.87283139 2.99185973],entering,[-0.82138112 -0.19970136 -0.21083176]
61.212952613830566,1001,False,6,3,[8.49731534 0.62839137 3.98358614],cruising,[-0.48080528  0.59740651 -0.20557775]
61.212952613830566,1002,False,4,0,[ 8.12102043 -7.48479863  1.27546724],waiting,[ 0.5677905  -0.59831228 -0.99408226]
61.212952613830566,1003,False,3,1,[1.50394158 5.460041   4.00000003],cruising,[ 0.63925976  0.24903542 -0.34837281]
61.212952613830566,1004,False,4,2,[-5.93869394 -0.54089819  3.99999993],exiting,[-0.62185191  0.08809385  0.93462812]
61.212952613830566,1005,False,5,6,[-3.99137081  7.06885569  3.93843003],cruising,[ 0.50568378 -0.03156594 -0.11489306]
61.31755876541138,1000,False,0,5,[2.76840195 7.69453598 3.06685973],entering,[-0.82138112 -0.19970136 -0.21083176]
61.31755876541138,1001,False,6,3,[8.49725856 0.42839138 3.98604822],cruising,[-0.48080528  0.59740651 -0.20557775]
61.31755876541138,1002,False,4,0,[ 8.12102043 -7.48479863  1.27546724],waiting,[ 0.5677905  -0.59831228 -0.99408226]
61.31755876541138,1003,False,3,1,[1.68628346 5.37787387 4.00000003],cruising,[ 0.63925976  0.24903542 -0.34837281]
61.31755876541138,1004,False,4,2,[-6.01118744 -0.60977992  3.99999994],exiting,[-0.62185191  0.08809385  0.93462812]
61.31755876541138,1005,False,5,6,[-3.79463708  7.1048535   3.94766553],cruising,[ 0.50568378 -0.03156594 -0.11489306]
61.41614389419556,1000,False,0,5,[2.76261646 7.4990017  3.14185973],entering,[-0.82138112 -0.19970136 -0.21083176]
61.41614389419556,1001,False,6,3,[8.49588877 0.22839607 3.98814099],cruising,[-0.48080528  0.59740651 -0.20557775]
61.41614389419556,1002,False,4,0,[ 8.12102043 -7.48479863  1.27546724],waiting,[ 0.5677905  -0.59831228 -0.99408226]
61.41614389419556,1003,False,3,1,[1.87082027 5.30076247 4.00000002],cruising,[ 0.63925976  0.24903542 -0.34837281]
61.41614389419556,1004,False,4,2,[-6.08368094 -0.67866165  3.99999995],exiting,[-0.62185191  0.08809385  0.93462812]
61.41614389419556,1005,False,5,6,[-3.59757412  7.13900301  3.9555157 ],cruising,[ 0.50568378 -0.03156594 -0.11489306]
61.51572942733765,1000,False,0,5,[2.76763448 7.29906466 3.21685973],entering,[-0.82138112 -0.19970136 -0.21083176]
61.51572942733765,1001,False,6,3,[8.49298374 0.02841717 3.98991984],cruising,[-0.48080528  0.59740651 -0.20557775]
61.51572942733765,1002,False,4,0,[ 8.12102043 -7.48479863  1.27546724],waiting,[ 0.5677905  -0.59831228 -0.99408226]
61.51572942733765,1003,False,3,1,[2.05765899 5.22940917 4.00000002],cruising,[ 0.63925976  0.24903542 -0.34837281]
61.51572942733765,1004,False,4,2,[-6.15617443 -0.74754338  3.99999996],exiting,[-0.62185191  0.08809385  0.93462812]
61.51572942733765,1005,False,5,6,[-3.40047979  7.172971    3.96218834],cruising,[ 0.50568378 -0.03156594 -0.11489306]
61.61383295059204,1000,False,0,5,[2.78624427 7.09993235 3.29185973],entering,[-0.82138112 -0.19970136 -0.21083176]
61.61383295059204,1001,False,6,3,[ 8.48836737 -0.17152954  3.99143186],cruising,[-0.48080528  0.59740651 -0.20557775]
61.61383295059204,1002,False,4,0,[ 8.12102043 -7.48479863  1.27546724],waiting,[ 0.5677905  -0.59831228 -0.99408226]
61.61383295059204,1003,False,3,1,[2.24825607 5.16880595 4.00000002],cruising,[ 0.63925976  0.24903542 -0.34837281]
61.61383295059204,1004,False,4,2,[-6.22866793 -0.81642511  3.99999997],exiting,[-0.62185191  0.08809385  0.93462812]
61.61383295059204,1005,False,5,6,[-3.20315563  7.20557738  3.96786009],cruising,[ 0.50568378 -0.03156594 -0.11489306]
61.71561622619629,1000,False,0,5,[2.82171981 6.90310378 3.36685973],entering,[-0.82138112 -0.19970136 -0.21083176]
61.71561622619629,1001,False,6,3,[ 8.47984889 -0.37134805  3.99271708],cruising,[-0.48080528  0.59740651 -0.20557775]
61.71561622619629,1002,False,4,0,[ 8.12102043 -7.48479863  1.27546724],waiting,[ 0.5677905  -0.59831228 -0.99408226]
61.71561622619629,1003,False,3,1,[2.44179935 5.1183976  4.00000002],cruising,[ 0.63925976  0.24903542 -0.34837281]
61.71561622619629,1004,False,4,2,[-6.30116143 -0.88530684  3.99999998],exiting,[-0.62185191  0.08809385  0.93462812]
61.71561622619629,1005,False,5,6,[-3.00505657  7.23308668  3.97268108],cruising,[ 0.50568378 -0.03156594 -0.11489306]
61.817241191864014,1000,False,0,5,[2.86913377 6.70880526 3.44185973],entering,[-0.82138112 -0.19970136 -0.21083176]
61.817241191864014,1001,False,6,3,[ 8.469695   -0.57109013  3.99380952],cruising,[-0.48080528  0.59740651 -0.20557775]
61.817241191864014,1002,False,4,0,[ 8.12102043 -7.48479863  1.27546724],waiting,[ 0.5677905  -0.59831228 -0.99408226]
61.817241191864014,1003,False,3,1,[2.63741512 5.07675067 4.00000001],cruising,[ 0.63925976  0.24903542 -0.34837281]
61.817241191864014,1004,False,4,2,[-6.37365493 -0.95418856  3.99999998],exiting,[-0.62185191  0.08809385  0.93462812]
61.817241191864014,1005,False,5,6,[-2.8065526   7.25750339  3.97677892],cruising,[ 0.50568378 -0.03156594 -0.11489306]
61.9102988243103,1000,False,0,5,[2.9327247  6.51918407 3.51685973],entering,[-0.82138112 -0.19970136 -0.21083176]
61.9102988243103,1001,False,6,3,[ 8.45772561 -0.77073164  3.99473809],cruising,[-0.48080528  0.59740651 -0.20557775]
61.9102988243103,1002,False,4,0,[ 8.12102043 -7.48479863  1.27546724],waiting,[ 0.5677905  -0.59831228 -0.99408226]
61.9102988243103,1003,False,3,1,[2.83445638 5.04247612 4.00000001],cruising,[ 0.63925976  0.24903542 -0.34837281]
61.9102988243103,1004,False,4,2,[-6.44614843 -1.02307029  3.99999999],exiting,[-0.62185191  0.08809385  0.93462812]
61.9102988243103,1005,False,5,6,[-2.60728669  7.27462346  3.98026208],cruising,[ 0.50568378 -0.03156594 -0.11489306]
62.01453638076782,1000,False,0,5,[3.00902202 6.3343092  3.58933077],entering,[-0.82138112 -0.19970136 -0.21083176]
62.01453638076782,1001,False,6,3,[ 8.44378625 -0.97024529  3.99552738],cruising,[-0.48080528  0.59740651 -0.20557775]
62.01453638076782,1002,False,4,0,[ 8.12102043 -7.48479863  1.27546724],queued,[ 0.5677905  -0.59831228 -0.99408226]
62.01453638076782,1003,False,3,1,[3.03245892 5.01428047 4.00000001],cruising,[ 0.63925976  0.24903542 -0.34837281]
62.01453638076782,1004,False,4,2,[-6.51864193 -1.09195202  3.99999999],exiting,[-0.62185191  0.08809385  0.93462812]
62.01453638076782,1005,False,5,6,[-2.40764945  7.28666388  3.98322277],cruising,[ 0.50568378 -0.03156594 -0.11489306]
62.11380910873413,1000,False,0,5,[3.10075954 6.15661955 3.651315  ],entering,[-0.82138112 -0.19970136 -0.21083176]
62.11380910873413,1001,False,6,3,[ 8.42556271 -1.16941331  3.99619827],cruising,[-0.48080528  0.59740651 -0.20557775]
62.11380910873413,1002,False,4,0,[ 8.12102043 -7.48479863  1.29546724],queued,[ 0.5677905  -0.59831228 -0.99408226]
62.11380910873413,1003,False,3,1,[3.23109795 4.9909881  4.00000001],cruising,[ 0.63925976  0.24903542 -0.34837281]
62.11380910873413,1004,False,4,2,[-6.59113543 -1.16083375  3.99999999],exiting,[-0.62185191  0.08809385  0.93462812]
62.11380910873413,1005,False,5,6,[-2.2076557   7.28824471  3.98573935],cruising,[ 0.50568378 -0.03156594 -0.11489306]
62.21734857559204,1000,False,0,5,[3.20668265 5.98697199 3.70361775],entering,[-0.82138112 -0.19970136 -0.21083176]
62.21734857559204,1001,False,6,3,[ 8.40542012 -1.36839642  3.99676853],cruising,[-0.48080528  0.59740651 -0.20557775]
62.21734857559204,1002,False,4,0,[ 8.12102043 -7.48479863  1.33546724],queued,[ 0.5677905  -0.59831228 -0.99408226]
62.21734857559204,1003,False,3,1,[3.43015064 4.97154515 4.00000001],cruising,[ 0.63925976  0.24903542 -0.34837281]
62.21734857559204,1004,False,4,2,[-6.66362893 -1.22971548  4.        ],exiting,[-0.62185191  0.08809385  0.93462812]
62.21734857559204,1005,False,5,6,[-2.00829044  7.27232323  3.98787845],cruising,[ 0.50568378 -0.03156594 -0.11489306]
62.310442209243774,1000,False,0,5,[3.32781474 5.82786348 3.74832999],entering,[-0.82138112 -0.19970136 -0.21083176]
62.310442209243774,1001,False,6,3,[ 8.38315548 -1.56715327  3.99725325],cruising,[-0.48080528  0.59740651 -0.20557775]
62.310442209243774,1002,False,4,0,[ 8.12102043 -7.48479863  1.39546724],queued,[ 0.5677905  -0.59831228 -0.99408226]
62.310442209243774,1003,False,3,1,[3.62946613 4.95501232 4.00000001],cruising,[ 0.63925976  0.24903542 -0.34837281]
62.310442209243774,1004,False,4,2,[-6.73612243 -1.29859721  4.        ],exiting,[-0.62185191  0.08809385  0.93462812]
62.310442209243774,1005,False,5,6,[-1.81135387  7.23745224  3.98969668],cruising,[ 0.50568378 -0.03156594 -0.11489306]
62.41151666641235,1000,False,0,5,[3.46313363 5.6805923  3.7860805 ],entering,[-0.82138112 -0.19970136 -0.21083176]
62.41151666641235,1001,False,6,3,[ 8.3562189  -1.76533102  3.99766526],cruising,[-0.48080528  0.59740651 -0.20557775]
62.41151666641235,1002,False,4,0,[ 8.12102043 -7.48479863  1.47046724],queued,[ 0.5677905  -0.59831228 -0.99408226]
62.41151666641235,1003,False,3,1,[3.82894268 4.94055179 4.        ],cruising,[ 0.63925976  0.24903542 -0.34837281]
62.41151666641235,1004,False,4,2,[-6.80861592 -1.36747894  4.        ],exiting,[-0.62185191  0.08809385  0.93462812]
62.41151666641235,1005,False,5,6,[-1.61806338  7.18608309  3.99124218],cruising,[ 0.50568378 -0.03156594 -0.11489306]
62.52177143096924,1000,False,0,5,[3.61195544 5.54704187 3.81840767],entering,[-0.82138112 -0.19970136 -0.21083176]
62.52177143096924,1001,False,6,3,[ 8.32708577 -1.9631978   3.99801547],cruising,[-0.48080528  0.59740651 -0.20557775]
62.52177143096924,1002,False,4,0,[ 8.12102043 -7.48479863  1.54546724],queued,[ 0.5677905  -0.59831228 -0.99408226]
62.52177143096924,1003,False,3,1,[4.02851054 4.92741142 4.        ],cruising,[ 0.63925976  0.24903542 -0.34837281]
62.52177143096924,1004,False,4,2,[-6.88110942 -1.43636067  4.        ],exiting,[-0.62185191  0.08809385  0.93462812]
62.52177143096924,1005,False,5,6,[-1.42901605  7.12080595  3.99255585],cruising,[ 0.50568378 -0.03156594 -0.11489306]
62.61489701271057,1000,False,0,5,[3.77301599 5.42847537 3.8456658 ],cruising,[-0.82138112 -0.19970136 -0.21083176]
62.61489701271057,1001,False,6,3,[ 8.29549077 -2.16068642  3.99831315],cruising,[-0.48080528  0.59740651 -0.20557775]
62.61489701271057,1002,False,4,0,[ 8.12102043 -7.48479863  1.62046724],queued,[ 0.5677905  -0.59831228 -0.99408226]
62.61489701271057,1003,False,3,1,[4.22809405 4.91451096 4.        ],cruising,[ 0.63925976  0.24903542 -0.34837281]
62.61489701271057,1004,False,4,2,[-6.95360292 -1.5052424   4.        ],landing,[-0.62185191  0.08809385  0.93462812]
62.61489701271057,1005,False,5,6,[-1.24429689  7.0441324   3.99367247],cruising,[ 0.50568378 -0.03156594 -0.11489306]
62.7109477519989,1000,False,0,5,[3.94456918 5.32566727 3.86881593],cruising,[-0.82138112 -0.19970136 -0.21083176]
62.7109477519989,1001,False,6,3,[ 8.25841071 -2.35721903  3.99856618],cruising,[-0.48080528  0.59740651 -0.20557775]
62.7109477519989,1002,False,4,0,[ 8.12102043 -7.48479863  1.69546724],queued,[ 0.5677905  -0.59831228 -0.99408226]
62.7109477519989,1003,False,3,1,[4.42770404 4.90202689 4.        ],cruising,[ 0.63925976  0.24903542 -0.34837281]
62.7109477519989,1004,False,4,2,[-7.01810408 -1.56215309  3.98611416],landing,[-0.62185191  0.08809385  0.93462812]
62.7109477519989,1005,False,5,6,[-1.06221002  6.96140169  3.9946216 ],cruising,[ 0.50568378 -0.03156594 -0.11489306]
62.81619739532471,1000,False,0,5,[4.12394195 5.23720594 3.88849354],cruising,[-0.82138112 -0.19970136 -0.21083176]
62.81619739532471,1001,False,6,3,[ 8.21864232 -2.55322535  3.99878125],cruising,[-0.48080528  0.59740651 -0.20557775]
62.81619739532471,1002,False,4,0,[ 8.12102043 -7.48479863  1.77046724],queued,[ 0.5677905  -0.59831228 -0.99408226]
62.81619739532471,1003,False,3,1,[4.62729601 4.88925798 4.        ],cruising,[ 0.63925976  0.24903542 -0.34837281]
62.81619739532471,1004,False,4,2,[-7.0744638  -1.60700313  3.95850761],landing,[-0.62185191  0.08809385  0.93462812]
62.81619739532471,1005,False,5,6,[-0.88415933  6.8703086   3.99542836],cruising,[ 0.50568378 -0.03156594 -0.11489306]
62.91078591346741,1000,False,0,5,[4.30942121 5.16238986 3.90521951],cruising,[-0.82138112 -0.19970136 -0.21083176]
62.91078591346741,1001,False,6,3,[ 8.1726889  -2.74787448  3.99896407],cruising,[-0.48080528  0.59740651 -0.20557775]
62.91078591346741,1002,False,4,0,[ 8.12102043 -7.48479863  1.84546724],queued,[ 0.5677905  -0.59831228 -0.99408226]
62.91078591346741,1003,False,3,1,[4.82682571 4.8755504  4.        ],cruising,[ 0.63925976  0.24903542 -0.34837281]
62.91078591346741,1004,False,4,2,[-7.12250702 -1.63968863  3.91737848],landing,[-0.62185191  0.08809385  0.93462812]
62.91078591346741,1005,False,5,6,[-0.7094507   6.77295925  3.99611411],cruising,[ 0.50568378 -0.03156594 -0.11489306]
63.01064467430115,1000,False,0,5,[4.49913831 5.09908568 3.91943658],cruising,[-0.82138112 -0.19970136 -0.21083176]
63.01064467430115,1001,False,6,3,[ 8.12358223 -2.9417521   3.99911946],cruising,[-0.48080528  0.59740651 -0.20557775]
63.01064467430115,1002,False,4,0,[ 8.12102043 -7.48479863  1.92046724],queued,[ 0.5677905  -0.59831228 -0.99408226]
63.01064467430115,1003,False,3,1,[5.02624165 4.86027678 4.        ],cruising,[ 0.63925976  0.24903542 -0.34837281]
63.01064467430115,1004,False,4,2,[-7.16199708 -1.66007151  3.86300214],landing,[-0.62185191  0.08809385  0.93462812]
63.01064467430115,1005,False,5,6,[-0.5364107   6.67267387  3.99669699],cruising,[ 0.50568378 -0.03156594 -0.11489306]
63.11698794364929,1000,False,0,5,[4.69168326 5.04498907 3.93152109],cruising,[-0.82138112 -0.19970136 -0.21083176]
63.11698794364929,1001,False,6,3,[ 8.06709005 -3.13360787  3.99925154],cruising,[-0.48080528  0.59740651 -0.20557775]
63.11698794364929,1002,False,4,0,[ 8.12102043 -7.48479863  1.99546724],queued,[ 0.5677905  -0.59831228 -0.99408226]
63.11698794364929,1003,False,3,1,[5.22556895 4.84388699 4.        ],cruising,[ 0.63925976  0.24903542 -0.34837281]
63.11698794364929,1004,False,4,2,[-7.19272428 -1.66803177  3.79563001],landing,[-0.62185191  0.08809385  0.93462812]
63.11698794364929,1005,False,5,6,[-0.36564783  6.56855835  3.99719244],cruising,[ 0.50568378 -0.03156594 -0.11489306]
63.210837602615356,1000,False,0,5,[4.88618045 4.99839676 3.94179293],cruising,[-0.82138112 -0.19970136 -0.21083176]
63.210837602615356,1001,False,6,3,[ 8.00669942 -3.32427242  3.99936381],cruising,[-0.48080528  0.59740651 -0.20557775]
63.210837602615356,1002,False,4,0,[ 8.12102043 -7.48479863  2.07046724],queued,[ 0.5677905  -0.59831228 -0.99408226]
63.210837602615356,1003,False,3,1,[5.42465351 4.82477312 4.        ],cruising,[ 0.63925976  0.24903542 -0.34837281]
63.210837602615356,1004,False,4,2,[-7.21450101 -1.663464    3.71549317],landing,[-0.62185191  0.08809385  0.93462812]
63.210837602615356,1005,False,5,6,[-0.19634345  6.46208757  3.99761358],cruising,[ 0.50568378 -0.03156594 -0.11489306]
63.30920600891113,1000,False,0,5,[5.08181953 4.95685944 3.95052399],cruising,[-0.82138112 -0.19970136 -0.21083176]
63.30920600891113,1001,False,6,3,[ 7.93702533 -3.51174381  3.99945924],cruising,[-0.48080528  0.59740651 -0.20557775]
63.30920600891113,1002,False,4,0,[ 8.12102043 -7.48479863  2.14546724],queued,[ 0.5677905  -0.59831228 -0.99408226]
63.30920600891113,1003,False,3,1,[5.62338257 4.80226179 4.        ],cruising,[ 0.63925976  0.24903542 -0.34837281]
63.30920600891113,1004,False,4,2,[-7.22713748 -1.64626348  3.62283158],landing,[-0.62185191  0.08809385  0.93462812]
63.30920600891113,1005,False,5,6,[-0.02747051  6.3549338   3.99797154],cruising,[ 0.50568378 -0.03156594 -0.11489306]
63.42349314689636,1000,False,0,5,[5.27809725 4.91845295 3.95794539],cruising,[-0.82138112 -0.19970136 -0.21083176]
63.42349314689636,1001,False,6,3,[ 7.85700029 -3.69503591  3.99954035],cruising,[-0.48080528  0.59740651 -0.20557775]
63.42349314689636,1002,False,4,0,[ 8.12102043 -7.48479863  2.22046724],queued,[ 0.5677905  -0.59831228 -0.99408226]
63.42349314689636,1003,False,3,1,[5.82160304 4.77564142 4.        ],cruising,[ 0.63925976  0.24903542 -0.34837281]
63.42349314689636,1004,False,4,2,[-7.23636441 -1.62440988  3.5256859 ],landing,[-0.62185191  0.08809385  0.93462812]
63.42349314689636,1005,False,5,6,[0.14106744 6.24725391 3.99827581],cruising,[ 0.50568378 -0.03156594 -0.11489306]
63.51056623458862,1000,False,0,5,[5.47464633 4.88146025 3.96425358],cruising,[-0.82138112 -0.19970136 -0.21083176]
63.51056623458862,1001,False,6,3,[ 7.76506184 -3.87265156  3.9996093 ],cruising,[-0.48080528  0.59740651 -0.20557775]
63.51056623458862,1002,False,4,0,[ 8.12102043 -7.48479863  2.29546724],queued,[ 0.5677905  -0.59831228 -0.99408226]
63.51056623458862,1003,False,3,1,[6.01910704 4.74414264 4.        ],cruising,[ 0.63925976  0.24903542 -0.34837281]
63.51056623458862,1004,False,4,2,[-7.24559134 -1.60255628  3.42854021],landing,[-0.62185191  0.08809385  0.93462812]
63.51056623458862,1005,False,5,6,[0.30985791 6.13997026 3.99853444],cruising,[ 0.50568378 -0.03156594 -0.11489306]
63.613168478012085,1000,False,0,5,[5.6714987  4.84611703 3.96961555],cruising,[-0.82138112 -0.19970136 -0.21083176]
63.613168478012085,1001,False,6,3,[ 7.65909097 -4.04226929  3.9996679 ],cruising,[-0.48080528  0.59740651 -0.20557775]
63.613168478012085,1002,False,4,0,[ 8.12102043 -7.48479863  2.37046724],queued,[ 0.5677905  -0.59831228 -0.99408226]
63.613168478012085,1003,False,3,1,[6.21561257 4.70691931 4.        ],cruising,[ 0.63925976  0.24903542 -0.34837281]
63.613168478012085,1004,False,4,2,[-7.25481827 -1.58070269  3.33139453],landing,[-0.62185191  0.08809385  0.93462812]
63.613168478012085,1005,False,5,6,[0.47915616 6.03348974 3.99875427],cruising,[ 0.50568378 -0.03156594 -0.11489306]
63.71087694168091,1000,False,0,5,[5.8680623  4.80920157 3.97417321],cruising,[-0.82138112 -0.19970136 -0.21083176]
63.71087694168091,1001,False,6,3,[ 7.53671948 -4.20044063  3.99971787],cruising,[-0.48080528  0.59740651 -0.20557775]
63.71087694168091,1002,False,4,0,[ 8.12102043 -7.48479863  2.44546724],entering,[ 0.5677905  -0.59831228 -0.99408226]
63.71087694168091,1003,False,3,1,[6.4107377  4.66303103 4.        ],cruising,[ 0.63925976  0.24903542 -0.34837281]
63.71087694168091,1004,False,4,2,[-7.2640452  -1.55884909  3.23424884],landing,[-0.62185191  0.08809385  0.93462812]
63.71087694168091,1005,False,5,6,[0.64959542 5.92884531 3.99894113],cruising,[ 0.50568378 -0.03156594 -0.11489306]
63.82196617126465,1000,False,0,5,[6.06406019 4.7693917  3.97804723],cruising,[-0.82138112 -0.19970136 -0.21083176]
63.82196617126465,1001,False,6,3,[ 7.39936963 -4.34535872  3.99976209],cruising,[-0.48080528  0.59740651 -0.20557775]
63.82196617126465,1002,False,4,0,[ 8.10953649 -7.46842429  2.52046724],entering,[ 0.5677905  -0.59831228 -0.99408226]
63.82196617126465,1003,False,3,1,[6.60396617 4.6114291  4.        ],cruising,[ 0.63925976  0.24903542 -0.34837281]
63.82196617126465,1004,False,4,2,[-7.27327213 -1.53699549  3.13710316],landing,[-0.62185191  0.08809385  0.93462812]
63.82196617126465,1005,False,5,6,[0.82115837 5.8260535  3.99909996],cruising,[ 0.50568378 -0.03156594 -0.11489306]
63.91059112548828,1000,False,0,5,[6.25916218 4.72540062 3.98134015],cruising,[-0.82138112 -0.19970136 -0.21083176]
63.91059112548828,1001,False,6,3,[ 7.24947486 -4.47470039  3.99980328],cruising,[-0.48080528  0.59740651 -0.20557775]
63.91059112548828,1002,False,4,0,[ 8.0865686  -7.43567561  2.59546724],entering,[ 0.5677905  -0.59831228 -0.99408226]
63.91059112548828,1003,False,3,1,[6.7946026  4.55094975 4.        ],cruising,[ 0.63925976  0.24903542 -0.34837281]
63.91059112548828,1004,False,4,2,[-7.28249906 -1.51514189  3.03995747],landing,[-0.62185191  0.08809385  0.93462812]
63.91059112548828,1005,False,5,6,[0.99476313 5.72674898 3.99923497],cruising,[ 0.50568378 -0.03156594 -0.11489306]
64.00961303710938,1000,False,0,5,[6.45294916 4.67593745 3.98413912],cruising,[-0.82138112 -0.19970136 -0.21083176]
64.00961303710938,1001,False,6,3,[ 7.08893974 -4.58710739  3.99984145],cruising,[-0.48080528  0.59740651 -0.20557775]
64.00961303710938,1002,False,4,0,[ 8.05211677 -7.38655259  2.67046724],entering,[ 0.5677905  -0.59831228 -0.99408226]
64.00961303710938,1003,False,3,1,[6.9817164  4.48032095 4.        ],cruising,[ 0.63925976  0.24903542 -0.34837281]
64.00961303710938,1004,False,4,2,[-7.29172599 -1.49328829  2.94281179],landing,[-0.62185191  0.08809385  0.93462812]
64.00961303710938,1005,False,5,6,[1.16999308 5.63034119 3.99934972],cruising,[ 0.50568378 -0.03156594 -0.11489306]
64.11980438232422,1000,False,0,5,[6.64487252 4.61967533 3.98651826],cruising,[-0.82138112 -0.19970136 -0.21083176]
64.11980438232422,1001,False,6,3,[ 6.91981802 -4.68145144  3.99987656],cruising,[-0.48080528  0.59740651 -0.20557775]
64.11980438232422,1002,False,4,0,[ 8.00618099 -7.32105523  2.74546724],entering,[ 0.5677905  -0.59831228 -0.99408226]
64.11980438232422,1003,False,3,1,[7.16407587 4.39819286 4.        ],cruising,[ 0.63925976  0.24903542 -0.34837281]
64.11980438232422,1004,False,4,2,[-7.30095292 -1.47143469  2.84566611],landing,[-0.62185191  0.08809385  0.93462812]
64.11980438232422,1005,False,5,6,[1.34708006 5.5373885  3.99944726],cruising,[ 0.50568378 -0.03156594 -0.11489306]
64.21439361572266,1000,False,0,5,[6.83420532 4.55523085 3.98854052],cruising,[-0.82138112 -0.19970136 -0.21083176]
64.21439361572266,1001,False,6,3,[ 6.74425697 -4.75686047  3.99990855],cruising,[-0.48080528  0.59740651 -0.20557775]
64.21439361572266,1002,False,4,0,[ 7.94876127 -7.23918353  2.82046724],entering,[ 0.5677905  -0.59831228 -0.99408226]
64.21439361572266,1003,False,3,1,[7.34007967 4.30320516 4.        ],cruising,[ 0.63925976  0.24903542 -0.34837281]
64.21439361572266,1004,False,4,2,[-7.31017985 -1.44958109  2.74852042],landing,[-0.62185191  0.08809385  0.93462812]
64.21439361572266,1005,False,5,6,[1.52720941 5.45047811 3.99953017],cruising,[ 0.50568378 -0.03156594 -0.11489306]
64.313973903656,1000,False,0,5,[7.01998361 4.48116044 3.99025944],cruising,[-0.82138112 -0.19970136 -0.21083176]
64.313973903656,1001,False,6,3,[ 6.56444454 -4.81272658  3.99993735],cruising,[-0.48080528  0.59740651 -0.20557775]
64.313973903656,1002,False,4,0,[ 7.8798576  -7.14093748  2.89546724],entering,[ 0.5677905  -0.59831228 -0.99408226]
64.313973903656,1003,False,3,1,[7.50770249 4.19410618 4.        ],cruising,[ 0.63925976  0.24903542 -0.34837281]
64.313973903656,1004,False,4,2,[-7.31940678 -1.4277275   2.65137474],landing,[-0.62185191  0.08809385  0.93462812]
64.313973903656,1005,False,5,6,[1.70946512 5.36812    3.99960065],cruising,[ 0.50568378 -0.03156594 -0.11489306]
64.41521096229553,1000,False,0,5,[7.20093915 4.39598361 3.99172052],cruising,[-0.82138112 -0.19970136 -0.21083176]
64.41521096229553,1001,False,6,3,[ 6.38259173 -4.84869704  3.99996286],cruising,[-0.48080528  0.59740651 -0.20557775]
64.41521096229553,1002,False,4,0,[ 7.79954565 -7.0262643   2.97046724],entering,[ 0.5677905  -0.59831228 -0.99408226]
64.41521096229553,1003,False,3,1,[7.663276   4.06904431 4.        ],cruising,[ 0.63925976  0.24903542 -0.34837281]
64.41521096229553,1004,False,4,2,[-7.32863371 -1.4058739   2.55422905],landing,[-0.62185191  0.08809385  0.93462812]
64.41521096229553,1005,False,5,6,[1.89399254 5.29098614 3.99966055],cruising,[ 0.50568378 -0.03156594 -0.11489306]
64.51227760314941,1000,False,0,5,[7.37543077 4.29824583 3.99296245],cruising,[-0.82138112 -0.19970136 -0.21083176]
64.51227760314941,1001,False,6,3,[ 6.20008471 -4.8646782   3.99998477],cruising,[-0.48080528  0.59740651 -0.20557775]
64.51227760314941,1002,False,4,0,[ 7.70702405 -6.89575052  3.04546724],entering,[ 0.5677905  -0.59831228 -0.99408226]
64.51227760314941,1003,False,3,1,[7.8054111  3.92916997 4.        ],cruising,[ 0.63925976  0.24903542 -0.34837281]
64.51227760314941,1004,False,4,2,[-7.33786064 -1.3840203   2.45708337],landing,[-0.62185191  0.08809385  0.93462812]
64.51227760314941,1005,False,5,6,[2.08087958 5.21975952 3.99971147],cruising,[ 0.50568378 -0.03156594 -0.11489306]
64.61046266555786,1000,False,0,5,[7.53908835 4.18369732 3.99405378],cruising,[-0.82138112 -0.19970136 -0.21083176]
64.61046266555786,1001,False,6,3,[ 6.01838222 -4.86067555  4.00000301],cruising,[-0.48080528  0.59740651 -0.20557775]
64.61046266555786,1002,False,4,0,[ 7.60161217 -6.74994488  3.12046724],entering,[ 0.5677905  -0.59831228 -0.99408226]
64.61046266555786,1003,False,3,1,[7.93264727 3.77595315 4.        ],cruising,[ 0.63925976  0.24903542 -0.34837281]
64.61046266555786,1004,False,4,2,[-7.34708757 -1.3621667   2.35993768],landing,[-0.62185191  0.08809385  0.93462812]
64.61046266555786,1005,False,5,6,[2.27159564 5.15953175 3.99975475],cruising,[ 0.50568378 -0.03156594 -0.11489306]
64.70990538597107,1000,False,0,5,[7.69049115 4.05334401 3.99497575],cruising,[-0.82138112 -0.19970136 -0.21083176]
64.70990538597107,1001,False,6,3,[ 5.83867502 -4.83677268  4.00001746],cruising,[-0.48080528  0.59740651 -0.20557775]
64.70990538597107,1002,False,4,0,[ 7.48322915 -6.58891593  3.19546724],entering,[ 0.5677905  -0.59831228 -0.99408226]
64.70990538597107,1003,False,3,1,[8.04363704 3.61107208 4.        ],cruising,[ 0.63925976  0.24903542 -0.34837281]
64.70990538597107,1004,False,4,2,[-7.3563145 -1.3403131  2.262792 ],landing,[-0.62185191  0.08809385  0.93462812]
64.70990538597107,1005,False,5,6,[2.46528488 5.10968717 3.99979154],cruising,[ 0.50568378 -0.03156594 -0.11489306]
64.81516790390015,1000,False,0,5,[7.8280806  3.90852791 3.99575826],cruising,[-0.82138112 -0.19970136 -0.21083176]
64.81516790390015,1001,False,6,3,[ 5.66149956 -4.7930307   4.00002783],cruising,[-0.48080528  0.59740651 -0.20557775]
64.81516790390015,1002,False,4,0,[ 7.36434133 -6.4280878   3.27046724],entering,[ 0.5677905  -0.59831228 -0.99408226]
64.81516790390015,1003,False,3,1,[8.13702462 3.43669559 4.        ],cruising,[ 0.63925976  0.24903542 -0.34837281]
64.81516790390015,1004,False,4,2,[-7.36554143 -1.3184595   2.16564632],landing,[-0.62185191  0.08809385  0.93462812]
64.81516790390015,1005,False,5,6,[2.6610428  5.0687136  3.99982281],cruising,[ 0.50568378 -0.03156594 -0.11489306]
64.9119918346405,1000,False,0,5,[7.95002811 3.75124893 3.99646245],cruising,[-0.82138112 -0.19970136 -0.21083176]
64.9119918346405,1001,False,6,3,[ 5.48759012 -4.72955719  4.00003397],cruising,[-0.48080528  0.59740651 -0.20557775]
64.9119918346405,1002,False,4,0,[ 7.24184801 -6.26998852  3.34546724],entering,[ 0.5677905  -0.59831228 -0.99408226]
64.9119918346405,1003,False,3,1,[8.21218146 3.25409476 4.        ],exiting,[ 0.63925976  0.24903542 -0.34837281]
64.9119918346405,1004,False,4,2,[-7.37476836 -1.2966059   2.06850063],landing,[-0.62185191  0.08809385  0.93462812]
64.9119918346405,1005,False,5,6,[2.85820857 5.03516272 3.99984938],cruising,[ 0.50568378 -0.03156594 -0.11489306]
65.0099515914917,1000,False,0,5,[8.05523144 3.58303261 3.99708319],cruising,[-0.82138112 -0.19970136 -0.21083176]
65.0099515914917,1001,False,6,3,[ 5.31674639 -4.64632005  4.00003541],cruising,[-0.48080528  0.59740651 -0.20557775]
65.0099515914917,1002,False,4,0,[ 7.12034273 -6.11112861  3.42046724],entering,[ 0.5677905  -0.59831228 -0.99408226]
65.0099515914917,1003,False,3,1,[8.26830218 3.07762798 4.        ],exiting,[ 0.63925976  0.24903542 -0.34837281]
65.0099515914917,1004,False,4,2,[-7.38399529 -1.27475231  1.97135495],landing,[-0.62185191  0.08809385  0.93462812]
65.0099515914917,1005,False,5,6,[3.05631381 5.00769799 3.99987198],cruising,[ 0.50568378 -0.03156594 -0.11489306]
65.10907912254333,1000,False,0,5,[8.14279956 3.40538274 3.99761664],cruising,[-0.82138112 -0.19970136 -0.21083176]
65.10907912254333,1001,False,6,3,[ 5.1484396  -4.54324446  4.0000317 ],cruising,[-0.48080528  0.59740651 -0.20557775]
65.10907912254333,1002,False,4,0,[ 6.99337086 -5.95660307  3.49546724],entering,[ 0.5677905  -0.59831228 -0.99408226]
65.10907912254333,1003,False,3,1,[8.30792492 2.91246679 4.        ],exiting,[ 0.63925976  0.24903542 -0.34837281]
65.10907912254333,1004,False,4,2,[-7.39322222 -1.25289871  1.87420926],landing,[-0.62185191  0.08809385  0.93462812]
65.10907912254333,1005,False,5,6,[3.25503458 4.98511354 3.99989118],cruising,[ 0.50568378 -0.03156594 -0.11489306]
65.22171330451965,1000,False,0,5,[8.21205195 3.2197001  3.99805751],cruising,[-0.82138112 -0.19970136 -0.21083176]
65.22171330451965,1001,False,6,3,[ 4.97655215 -4.44099621  4.00002694],cruising,[-0.48080528  0.59740651 -0.20557775]
65.22171330451965,1002,False,4,0,[ 6.86525753 -5.80302256  3.57046724],entering,[ 0.5677905  -0.59831228 -0.99408226]
65.22171330451965,1003,False,3,1,[8.33248898 2.76046752 4.        ],exiting,[ 0.63925976  0.24903542 -0.34837281]
65.22171330451965,1004,False,4,2,[-7.40244915 -1.23104511  1.77706358],landing,[-0.62185191  0.08809385  0.93462812]
65.22171330451965,1005,False,5,6,[3.45415103 4.96633485 3.9999075 ],cruising,[ 0.50568378 -0.03156594 -0.11489306]
65.31351971626282,1000,False,0,5,[8.26246786 3.02729608 3.99839843],cruising,[-0.82138112 -0.19970136 -0.21083176]
65.31351971626282,1001,False,6,3,[ 4.80183869 -4.34365553  4.0000229 ],cruising,[-0.48080528  0.59740651 -0.20557775]
65.31351971626282,1002,False,4,0,[ 6.73552685 -5.65080577  3.63489716],entering,[ 0.5677905  -0.59831228 -0.99408226]
65.31351971626282,1003,False,3,1,[8.34283736 2.62253646 4.        ],exiting,[ 0.63925976  0.24903542 -0.34837281]
65.31351971626282,1004,False,4,2,[-7.41167608 -1.20919151  1.67991789],landing,[-0.62185191  0.08809385  0.93462812]
65.31351971626282,1005,False,5,6,[3.65351594 4.95040906 3.99992138],cruising,[ 0.50568378 -0.03156594 -0.11489306]
65.40960359573364,1000,False,0,5,[8.30022034 2.83089153 3.99863866],cruising,[-0.82138112 -0.19970136 -0.21083176]
65.40960359573364,1001,False,6,3,[ 4.62397781 -4.25219239  4.00001947],cruising,[-0.48080528  0.59740651 -0.20557775]
65.40960359573364,1002,False,4,0,[ 6.59880511 -5.50483602  3.68966258],entering,[ 0.5677905  -0.59831228 -0.99408226]
65.40960359573364,1003,False,3,1,[8.33956198 2.49924757 4.        ],exiting,[ 0.63925976  0.24903542 -0.34837281]
65.40960359573364,1004,False,4,2,[-7.42090301 -1.18733791  1.58277221],landing,[-0.62185191  0.08809385  0.93462812]
65.40960359573364,1005,False,5,6,[3.85303099 4.93648979 3.99993317],cruising,[ 0.50568378 -0.03156594 -0.11489306]
65.52279567718506,1000,False,0,5,[8.33189401 2.63341551 3.99884286],cruising,[-0.82138112 -0.19970136 -0.21083176]
65.52279567718506,1001,False,6,3,[ 4.44454433 -4.16385424  4.00001655],cruising,[-0.48080528  0.59740651 -0.20557775]
65.52279567718506,1002,False,4,0,[ 6.45734878 -5.36344965  3.73621319],entering,[ 0.5677905  -0.59831228 -0.99408226]
65.52279567718506,1003,False,3,1,[8.3231715  2.39105817 4.        ],exiting,[ 0.63925976  0.24903542 -0.34837281]
65.52279567718506,1004,False,4,2,[-7.43012994 -1.16548431  1.48562652],fake_landed,[-0.62185191  0.08809385  0.93462812]
65.52279567718506,1005,False,5,6,[4.05262926 4.92381974 3.9999432 ],cruising,[ 0.50568378 -0.03156594 -0.11489306]
65.61226725578308,1000,False,0,5,[8.35866223 2.43521495 3.99901643],cruising,[-0.82138112 -0.19970136 -0.21083176]
65.61226725578308,1001,False,6,3,[ 4.26325676 -4.07938639  4.00001406],cruising,[-0.48080528  0.59740651 -0.20557775]
65.61226725578308,1002,False,4,0,[ 6.31362105 -5.22437291  3.77578122],entering,[ 0.5677905  -0.59831228 -0.99408226]
65.61226725578308,1003,False,3,1,[8.29419967 2.29841576 4.        ],exiting,[ 0.63925976  0.24903542 -0.34837281]
65.61226725578308,1004,False,4,2,[-7.43751149 -1.14800143  1.40790998],fake_landed,[-0.62185191  0.08809385  0.93462812]
65.61226725578308,1005,False,5,6,[4.25226248 4.91171272 3.99995172],cruising,[ 0.50568378 -0.03156594 -0.11489306]
65.71086359024048,1000,False,0,5,[8.38445659 2.23688529 3.99916397],cruising,[-0.82138112 -0.19970136 -0.21083176]
65.71086359024048,1001,False,6,3,[ 4.08110719 -3.99679382  4.00001196],cruising,[-0.48080528  0.59740651 -0.20557775]
65.71086359024048,1002,False,4,0,[ 6.16298725 -5.0928075   3.80941403],entering,[ 0.5677905  -0.59831228 -0.99408226]
65.71086359024048,1003,False,3,1,[8.25290431 2.22152553 4.        ],exiting,[ 0.63925976  0.24903542 -0.34837281]
65.71086359024048,1004,False,4,2,[-7.44304765 -1.13488927  1.34962257],fake_landed,[-0.62185191  0.08809385  0.93462812]
65.71086359024048,1005,False,5,6,[4.45188708 4.89946454 3.99995896],cruising,[ 0.50568378 -0.03156594 -0.11489306]
65.81358361244202,1000,False,0,5,[8.40565594 2.038012   3.99928937],cruising,[-0.82138112 -0.19970136 -0.21083176]
65.81358361244202,1001,False,6,3,[ 3.89784493 -3.91670047  4.00001016],cruising,[-0.48080528  0.59740651 -0.20557775]
65.81358361244202,1002,False,4,0,[ 6.00532504 -4.96975211  3.83800193],entering,[ 0.5677905  -0.59831228 -0.99408226]
65.81358361244202,1003,False,3,1,[8.19955195 2.16059238 4.        ],exiting,[ 0.63925976  0.24903542 -0.34837281]
65.81358361244202,1004,False,4,2,[-7.44673842 -1.12614783  1.31076429],fake_landed,[-0.62185191  0.08809385  0.93462812]
65.81358361244202,1005,False,5,6,[4.65149085 4.88688149 3.99996511],cruising,[ 0.50568378 -0.03156594 -0.11489306]
65.91951203346252,1000,False,0,5,[8.4256291  1.83901182 3.99939597],cruising,[-0.82138112 -0.19970136 -0.21083176]
65.91951203346252,1001,False,6,3,[ 3.71405383 -3.83782823  4.00000864],cruising,[-0.48080528  0.59740651 -0.20557775]
65.91951203346252,1002,False,4,0,[ 5.84390858 -4.85166432  3.86230164],cruising,[ 0.5677905  -0.59831228 -0.99408226]
65.91951203346252,1003,False,3,1,[8.13441813 2.11582083 4.        ],exiting,[ 0.63925976  0.24903542 -0.34837281]
65.91951203346252,1004,False,4,2,[-7.4485838  -1.12177712  1.29133516],fake_landed,[-0.62185191  0.08809385  0.93462812]
65.91951203346252,1005,False,5,6,[4.85102943 4.8733037  3.99997035],cruising,[ 0.50568378 -0.03156594 -0.11489306]
66.01214551925659,1000,False,0,5,[8.44400792 1.63985806 3.99948657],cruising,[-0.82138112 -0.19970136 -0.21083176]
66.01214551925659,1001,False,6,3,[ 3.52954854 -3.76064145  4.00000734],cruising,[-0.48080528  0.59740651 -0.20557775]
66.01214551925659,1002,False,4,0,[ 5.67609701 -4.74285587  3.88295639],cruising,[ 0.5677905  -0.59831228 -0.99408226]
66.01214551925659,1003,False,3,1,[8.05778808 2.087415   4.        ],exiting,[ 0.63925976  0.24903542 -0.34837281]
66.01214551925659,1004,False,4,2,[-7.4485838  -1.12177712  1.29133516],fake_landed,[-0.62185191  0.08809385  0.93462812]
66.01214551925659,1005,False,5,6,[5.05045062 4.85809886 3.9999748 ],cruising,[ 0.50568378 -0.03156594 -0.11489306]
66.11269521713257,1000,False,0,5,[8.45786857 1.44033893 3.99956359],cruising,[-0.82138112 -0.19970136 -0.21083176]
66.11269521713257,1001,False,6,3,[ 3.3446134  -3.68449032  4.00000624],cruising,[-0.48080528  0.59740651 -0.20557775]
66.11269521713257,1002,False,4,0,[ 5.50500735 -4.63927824  3.90051293],cruising,[ 0.5677905  -0.59831228 -0.99408226]
66.11269521713257,1003,False,3,1,[7.96995753 2.07557868 4.        ],exiting,[ 0.63925976  0.24903542 -0.34837281]
66.11269521713257,1004,False,2,4,[-7.4485838  -1.12177712  1.29133516],waiting,[-0.62185191  0.08809385  0.93462812]
66.11269521713257,1005,False,5,6,[5.24968732 4.84064205 3.99997858],cruising,[ 0.50568378 -0.03156594 -0.11489306]
66.2218804359436,1000,False,0,5,[8.47022123 1.24072077 3.99962905],cruising,[-0.82138112 -0.19970136 -0.21083176]
66.2218804359436,1001,False,6,3,[ 3.15917366 -3.60957636  4.0000053 ],cruising,[-0.48080528  0.59740651 -0.20557775]
66.2218804359436,1002,False,4,0,[ 5.32943757 -4.5434907   3.91543599],cruising,[ 0.5677905  -0.59831228 -0.99408226]
66.2218804359436,1003,False,3,1,[7.87123364 2.08051541 4.        ],exiting,[ 0.63925976  0.24903542 -0.34837281]
66.2218804359436,1004,False,2,4,[-7.4485838  -1.12177712  1.29133516],waiting,[-0.62185191  0.08809385  0.93462812]
66.2218804359436,1005,False,5,6,[5.44879054 4.82172359 3.99998179],cruising,[ 0.50568378 -0.03156594 -0.11489306]
66.30995583534241,1000,False,0,5,[8.47854519 1.04089406 3.99968469],cruising,[-0.82138112 -0.19970136 -0.21083176]
66.30995583534241,1001,False,6,3,[ 2.97323203 -3.53591694  4.00000451],cruising,[-0.48080528  0.59740651 -0.20557775]
66.30995583534241,1002,False,4,0,[ 5.15186541 -4.45146827  3.92812059],cruising,[ 0.5677905  -0.59831228 -0.99408226]
66.30995583534241,1003,False,3,1,[7.7714538  2.08714746 4.        ],exiting,[ 0.63925976  0.24903542 -0.34837281]
66.30995583534241,1004,False,2,4,[-7.4485838  -1.12177712  1.29133516],waiting,[-0.62185191  0.08809385  0.93462812]
66.30995583534241,1005,False,5,6,[5.64752822 4.79928855 3.99998452],exiting,[ 0.50568378 -0.03156594 -0.11489306]
66.40949892997742,1000,False,0,5,[8.48540538 0.84101175 3.99973199],cruising,[-0.82138112 -0.19970136 -0.21083176]
66.40949892997742,1001,False,6,3,[ 2.7866985  -3.46376957  4.00000383],cruising,[-0.48080528  0.59740651 -0.20557775]
66.40949892997742,1002,False,4,0,[ 4.97155765 -4.36492861  3.93890251],cruising,[ 0.5677905  -0.59831228 -0.99408226]
66.40949892997742,1003,False,3,1,[7.67167396 2.09377952 4.        ],exiting,[ 0.63925976  0.24903542 -0.34837281]
66.40949892997742,1004,False,2,4,[-7.4485838  -1.12177712  1.29133516],waiting,[-0.62185191  0.08809385  0.93462812]
66.40949892997742,1005,False,5,6,[5.83014329 4.78868825 3.99998724],exiting,[ 0.50568378 -0.03156594 -0.11489306]
66.52022576332092,1000,False,0,5,[8.49059585 0.64107912 3.99977219],cruising,[-0.82138112 -0.19970136 -0.21083176]
66.52022576332092,1001,False,6,3,[ 2.59968685 -3.39287075  4.00000326],cruising,[-0.48080528  0.59740651 -0.20557775]
66.52022576332092,1002,False,4,0,[ 4.7902486  -4.28050689  3.94806713],cruising,[ 0.5677905  -0.59831228 -0.99408226]
66.52022576332092,1003,False,3,1,[7.57189413 2.10041157 4.        ],exiting,[ 0.63925976  0.24903542 -0.34837281]
66.52022576332092,1004,False,2,4,[-7.4485838  -1.12177712  1.29133516],waiting,[-0.62185191  0.08809385  0.93462812]
66.52022576332092,1005,False,5,6,[5.99661605 4.78989583 3.99998991],exiting,[ 0.50568378 -0.03156594 -0.11489306]
66.6224615573883,1000,False,0,5,[8.49396283 0.44110746 3.99980636],cruising,[-0.82138112 -0.19970136 -0.21083176]
66.6224615573883,1001,False,6,3,[ 2.41188785 -3.32408459  4.00000277],cruising,[-0.48080528  0.59740651 -0.20557775]
66.6224615573883,1002,False,4,0,[ 4.60806059 -4.19799913  3.95585706],cruising,[ 0.5677905  -0.59831228 -0.99408226]
66.6224615573883,1003,False,3,1,[7.47211429 2.10704363 4.        ],exiting,[ 0.63925976  0.24903542 -0.34837281]
66.6224615573883,1004,False,2,4,[-7.4485838  -1.12177712  1.29133516],waiting,[-0.62185191  0.08809385  0.93462812]
66.6224615573883,1005,False,5,6,[6.14692038 4.80287549 3.99999247],exiting,[ 0.50568378 -0.03156594 -0.11489306]
66.70945477485657,1000,False,0,5,[8.49325919 0.2411087  3.99983541],cruising,[-0.82138112 -0.19970136 -0.21083176]
66.70945477485657,1001,False,6,3,[ 2.22315487 -3.25790406  4.00000235],cruising,[-0.48080528  0.59740651 -0.20557775]
66.70945477485657,1002,False,4,0,[ 4.42457665 -4.11841494  3.9624785 ],cruising,[ 0.5677905  -0.59831228 -0.99408226]
66.70945477485657,1003,False,3,1,[7.37233445 2.11367568 4.        ],exiting,[ 0.63925976  0.24903542 -0.34837281]
66.70945477485657,1004,False,2,4,[-7.4485838  -1.12177712  1.29133516],waiting,[-0.62185191  0.08809385  0.93462812]
66.70945477485657,1005,False,5,6,[6.28102149 4.82757929 3.99999486],exiting,[ 0.50568378 -0.03156594 -0.11489306]
66.81692504882812,1000,False,0,5,[8.49090747 0.04112252 3.9998601 ],cruising,[-0.82138112 -0.19970136 -0.21083176]
66.81692504882812,1001,False,6,3,[ 2.03382429 -3.19345306  4.000002  ],cruising,[-0.48080528  0.59740651 -0.20557775]
66.81692504882812,1002,False,4,0,[ 4.24068849 -4.03976925  3.96810673],cruising,[ 0.5677905  -0.59831228 -0.99408226]
66.81692504882812,1003,False,3,1,[7.27255462 2.12030774 4.        ],exiting,[ 0.63925976  0.24903542 -0.34837281]
66.81692504882812,1004,False,2,4,[-7.4485838  -1.12177712  1.29133516],waiting,[-0.62185191  0.08809385  0.93462812]
66.81692504882812,1005,False,5,6,[6.3988701  4.86393884 3.99999702],exiting,[ 0.50568378 -0.03156594 -0.11489306]
66.91339111328125,1000,False,0,5,[ 8.48675495 -0.15883436  3.99988108],cruising,[-0.82138112 -0.19970136 -0.21083176]
66.91339111328125,1001,False,6,3,[ 1.84322052 -3.13287086  4.0000017 ],cruising,[-0.48080528  0.59740651 -0.20557775]
66.91339111328125,1002,False,4,0,[ 4.05603964 -3.96292655  3.97289072],cruising,[ 0.5677905  -0.59831228 -0.99408226]
66.91339111328125,1003,False,3,1,[7.17277478 2.1269398  4.        ],exiting,[ 0.63925976  0.24903542 -0.34837281]
66.91339111328125,1004,False,2,4,[-7.4485838  -1.12177712  1.29133516],waiting,[-0.62185191  0.08809385  0.93462812]
66.91339111328125,1005,False,5,6,[6.50040242 4.91186466 3.99999883],exiting,[ 0.50568378 -0.03156594 -0.11489306]
67.01396703720093,1000,False,0,5,[ 8.47865583 -0.35867031  3.99989892],cruising,[-0.82138112 -0.19970136 -0.21083176]
67.01396703720093,1001,False,6,3,[ 1.6511581  -3.07708532  4.00000145],cruising,[-0.48080528  0.59740651 -0.20557775]
67.01396703720093,1002,False,4,0,[ 3.87117807 -3.88659699  3.97695711],cruising,[ 0.5677905  -0.59831228 -0.99408226]
67.01396703720093,1003,False,3,1,[7.07299494 2.13357185 4.        ],exiting,[ 0.63925976  0.24903542 -0.34837281]
67.01396703720093,1004,False,2,4,[-7.4485838  -1.12177712  1.29133516],waiting,[-0.62185191  0.08809385  0.93462812]
67.01396703720093,1005,False,5,6,[6.58556823 4.97128558 4.00000022],exiting,[ 0.50568378 -0.03156594 -0.11489306]
67.11637711524963,1000,False,0,5,[ 8.4688597  -0.55843025  3.99991408],cruising,[-0.82138112 -0.19970136 -0.21083176]
67.11637711524963,1001,False,6,3,[ 1.45744386 -3.02733804  4.00000123],cruising,[-0.48080528  0.59740651 -0.20557775]
67.11637711524963,1002,False,4,0,[ 3.68583312 -3.81144881  3.98041354],cruising,[ 0.5677905  -0.59831228 -0.99408226]
67.11637711524963,1003,False,3,1,[6.9732151  2.14020391 4.        ],exiting,[ 0.63925976  0.24903542 -0.34837281]
67.11637711524963,1004,False,2,4,[-7.4485838  -1.12177712  1.29133516],waiting,[-0.62185191  0.08809385  0.93462812]
67.11637711524963,1005,False,5,6,[6.65431469 5.042126   4.00000113],exiting,[ 0.50568378 -0.03156594 -0.11489306]
67.22016024589539,1000,False,0,5,[ 8.45719949 -0.75809006  3.99992697],cruising,[-0.82138112 -0.19970136 -0.21083176]
67.22016024589539,1001,False,6,3,[ 1.26190524 -2.98533032  4.00000104],cruising,[-0.48080528  0.59740651 -0.20557775]
67.22016024589539,1002,False,4,0,[ 3.50029364 -3.7367822   3.98335151],cruising,[ 0.5677905  -0.59831228 -0.99408226]
67.22016024589539,1003,False,3,1,[6.87343527 2.14683596 4.        ],exiting,[ 0.63925976  0.24903542 -0.34837281]
67.22016024589539,1004,False,2,4,[-7.4485838  -1.12177712  1.29133516],waiting,[-0.62185191  0.08809385  0.93462812]
67.22016024589539,1005,False,5,6,[6.70658708 5.12430683 4.00000148],exiting,[ 0.50568378 -0.03156594 -0.11489306]
67.3123300075531,1000,False,0,5,[ 8.44353114 -0.95762246  3.99993792],cruising,[-0.82138112 -0.19970136 -0.21083176]
67.3123300075531,1001,False,6,3,[ 1.06446363 -2.95344286  4.00000089],cruising,[-0.48080528  0.59740651 -0.20557775]
67.3123300075531,1002,False,4,0,[ 3.3143931  -3.66301914  3.98584878],cruising,[ 0.5677905  -0.59831228 -0.99408226]
67.3123300075531,1003,False,3,1,[6.77365543 2.15346802 4.        ],exiting,[ 0.63925976  0.24903542 -0.34837281]
67.3123300075531,1004,False,2,4,[-7.4485838  -1.12177712  1.29133516],waiting,[-0.62185191  0.08809385  0.93462812]
67.3123300075531,1005,False,5,6,[6.74248317 5.21764209 4.00000122],exiting,[ 0.50568378 -0.03156594 -0.11489306]
67.41405081748962,1000,False,0,5,[ 8.42557611 -1.15681487  3.99994724],cruising,[-0.82138112 -0.19970136 -0.21083176]
67.41405081748962,1001,False,6,3,[ 0.86486721 -2.94143898  4.00000075],cruising,[-0.48080528  0.59740651 -0.20557775]
67.41405081748962,1002,False,4,0,[ 3.12820321 -3.58998953  3.98797147],cruising,[ 0.5677905  -0.59831228 -0.99408226]
67.41405081748962,1003,False,3,1,[6.67387559 2.16010007 4.        ],exiting,[ 0.63925976  0.24903542 -0.34837281]
67.41405081748962,1004,False,2,4,[-7.4485838  -1.12177712  1.29133516],waiting,[-0.62185191  0.08809385  0.93462812]
67.41405081748962,1005,False,5,6,[6.77837925 5.31097735 4.00000101],exiting,[ 0.50568378 -0.03156594 -0.11489306]
67.5216076374054,1000,False,0,5,[ 8.40567357 -1.35582213  3.99995515],cruising,[-0.82138112 -0.19970136 -0.21083176]
67.5216076374054,1001,False,6,3,[ 0.66491508 -2.94581447  4.00000064],cruising,[-0.48080528  0.59740651 -0.20557775]
67.5216076374054,1002,False,4,0,[ 2.94167597 -3.51782589  3.98977575],cruising,[ 0.5677905  -0.59831228 -0.99408226]
67.5216076374054,1003,False,3,1,[6.57409576 2.16673213 4.        ],exiting,[ 0.63925976  0.24903542 -0.34837281]
67.5216076374054,1004,False,2,4,[-7.4485838  -1.12177712  1.29133516],waiting,[-0.62185191  0.08809385  0.93462812]
67.5216076374054,1005,False,5,6,[6.81427534 5.40431261 4.00000083],exiting,[ 0.50568378 -0.03156594 -0.11489306]
67.61421537399292,1000,False,0,5,[ 8.38362708 -1.55460329  3.99996188],cruising,[-0.82138112 -0.19970136 -0.21083176]
67.61421537399292,1001,False,6,3,[ 0.46541405 -2.95993328  4.00000054],cruising,[-0.48080528  0.59740651 -0.20557775]
67.61421537399292,1002,False,4,0,[ 2.75468044 -3.44688457  3.99130939],cruising,[ 0.5677905  -0.59831228 -0.99408226]
67.61421537399292,1003,False,3,1,[6.47431592 2.17336418 4.        ],exiting,[ 0.63925976  0.24903542 -0.34837281]
67.61421537399292,1004,False,2,4,[-7.4485838  -1.12177712  1.29133516],waiting,[-0.62185191  0.08809385  0.93462812]
67.61421537399292,1005,False,5,6,[6.85017143 5.49764788 4.00000069],exiting,[ 0.50568378 -0.03156594 -0.11489306]
67.72131395339966,1000,False,0,5,[ 8.356922   -1.75281237  3.9999676 ],cruising,[-0.82138112 -0.19970136 -0.21083176]
67.72131395339966,1001,False,6,3,[ 0.2675678  -2.98920546  4.00000046],cruising,[-0.48080528  0.59740651 -0.20557775]
67.72131395339966,1002,False,4,0,[ 2.56706942 -3.37758735  3.99261298],cruising,[ 0.5677905  -0.59831228 -0.99408226]
67.72131395339966,1003,False,3,1,[6.37453608 2.17999624 4.        ],exiting,[ 0.63925976  0.24903542 -0.34837281]
67.72131395339966,1004,False,2,4,[-7.4485838  -1.12177712  1.29133516],waiting,[-0.62185191  0.08809385  0.93462812]
67.72131395339966,1005,False,5,6,[6.88606751 5.59098314 4.00000057],exiting,[ 0.50568378 -0.03156594 -0.11489306]
67.8216495513916,1000,False,0,5,[ 8.3280027  -1.95071051  3.99997246],cruising,[-0.82138112 -0.19970136 -0.21083176]
67.8216495513916,1001,False,6,3,[ 0.07334566 -3.03693132  4.00000039],cruising,[-0.48080528  0.59740651 -0.20557775]
67.8216495513916,1002,False,4,0,[ 2.37901837 -3.30949328  3.99372103],cruising,[ 0.5677905  -0.59831228 -0.99408226]
67.8216495513916,1003,False,3,1,[6.27475625 2.18662829 4.        ],exiting,[ 0.63925976  0.24903542 -0.34837281]
67.8216495513916,1004,False,2,4,[-7.4485838  -1.12177712  1.29133516],waiting,[-0.62185191  0.08809385  0.93462812]
67.8216495513916,1005,False,5,6,[6.9219636  5.6843184  4.00000047],exiting,[ 0.50568378 -0.03156594 -0.11489306]
67.90922260284424,1000,False,0,5,[ 8.29660862 -2.14823117  3.99997659],cruising,[-0.82138112 -0.19970136 -0.21083176]
67.90922260284424,1001,False,6,3,[-0.1176244  -3.09634882  4.00000033],exiting,[-0.48080528  0.59740651 -0.20557775]
67.90922260284424,1002,False,4,0,[ 2.19006684 -3.24393934  3.99466288],cruising,[ 0.5677905  -0.59831228 -0.99408226]
67.90922260284424,1003,False,3,1,[6.17497641 2.19326035 4.        ],exiting,[ 0.63925976  0.24903542 -0.34837281]
67.90922260284424,1004,False,2,4,[-7.4485838  -1.12177712  1.29133516],queued,[-0.62185191  0.08809385  0.93462812]
67.90922260284424,1005,False,5,6,[6.95785968 5.77765366 4.00000039],exiting,[ 0.50568378 -0.03156594 -0.11489306]
68.00949430465698,1000,False,0,5,[ 8.25975493 -2.34480636  3.9999801 ],cruising,[-0.82138112 -0.19970136 -0.21083176]
68.00949430465698,1001,False,6,3,[-0.28904336 -3.15997999  4.00000028],exiting,[-0.48080528  0.59740651 -0.20557775]
68.00949430465698,1002,False,4,0,[ 2.00003956 -3.18157241  3.99546344],cruising,[ 0.5677905  -0.59831228 -0.99408226]
68.00949430465698,1003,False,3,1,[6.07519657 2.1998924  4.        ],exiting,[ 0.63925976  0.24903542 -0.34837281]
68.00949430465698,1004,False,2,4,[-7.4485838  -1.12177712  1.31133516],queued,[-0.62185191  0.08809385  0.93462812]
68.00949430465698,1005,False,5,6,[6.99375577 5.87098892 4.00000032],exiting,[ 0.50568378 -0.03156594 -0.11489306]
68.12040853500366,1000,False,0,5,[ 8.22020141 -2.54085615  3.99998308],cruising,[-0.82138112 -0.19970136 -0.21083176]
68.12040853500366,1001,False,6,3,[-0.44089824 -3.22776405  4.00000022],exiting,[-0.48080528  0.59740651 -0.20557775]
68.12040853500366,1002,False,4,0,[ 1.80936241 -3.12122156  3.99614393],cruising,[ 0.5677905  -0.59831228 -0.99408226]
68.12040853500366,1003,False,3,1,[5.97541674 2.20652446 4.        ],exiting,[ 0.63925976  0.24903542 -0.34837281]
68.12040853500366,1004,False,2,4,[-7.4485838  -1.12177712  1.35133516],queued,[-0.62185191  0.08809385  0.93462812]
68.12040853500366,1005,False,5,6,[7.02965186 5.96432418 4.00000026],exiting,[ 0.50568378 -0.03156594 -0.11489306]
68.22127652168274,1000,False,0,5,[ 8.17449493 -2.73556341  3.99998562],cruising,[-0.82138112 -0.19970136 -0.21083176]
68.22127652168274,1001,False,6,3,[-0.57317329 -3.29962616  4.00000016],exiting,[-0.48080528  0.59740651 -0.20557775]
68.22127652168274,1002,False,4,0,[ 1.61720024 -3.06578062  3.99672234],cruising,[ 0.5677905  -0.59831228 -0.99408226]
68.22127652168274,1003,False,3,1,[5.8756369  2.21315652 4.        ],exiting,[ 0.63925976  0.24903542 -0.34837281]
68.22127652168274,1004,False,2,4,[-7.4485838  -1.12177712  1.41133516],queued,[-0.62185191  0.08809385  0.93462812]
68.22127652168274,1005,False,5,6,[7.06554794 6.05765944 4.00000022],exiting,[ 0.50568378 -0.03156594 -0.11489306]
68.31739521026611,1000,False,0,5,[ 8.12562502 -2.92950085  3.99998778],cruising,[-0.82138112 -0.19970136 -0.21083176]
68.31739521026611,1001,False,6,3,[-0.68584926 -3.37547273  4.00000011],exiting,[-0.48080528  0.59740651 -0.20557775]
68.31739521026611,1002,False,4,0,[ 1.42336269 -3.01651597  3.99721399],cruising,[ 0.5677905  -0.59831228 -0.99408226]
68.31739521026611,1003,False,3,1,[5.77585706 2.21978857 4.        ],exiting,[ 0.63925976  0.24903542 -0.34837281]
68.31739521026611,1004,False,2,4,[-7.4485838  -1.12177712  1.48633516],queued,[-0.62185191  0.08809385  0.93462812]
68.31739521026611,1005,False,5,6,[7.10144403 6.1509947  4.00000018],exiting,[ 0.50568378 -0.03156594 -0.11489306]
68.41407299041748,1000,False,0,5,[ 8.0694102  -3.12143807  3.99998961],cruising,[-0.82138112 -0.19970136 -0.21083176]
68.41407299041748,1001,False,6,3,[-0.77890147 -3.45518042  4.00000006],exiting,[-0.48080528  0.59740651 -0.20557775]
68.41407299041748,1002,False,4,0,[ 1.22768477 -2.97516199  3.99763189],cruising,[ 0.5677905  -0.59831228 -0.99408226]
68.41407299041748,1003,False,3,1,[5.67607723 2.22642063 4.        ],exiting,[ 0.63925976  0.24903542 -0.34837281]
68.41407299041748,1004,False,2,4,[-7.4485838  -1.12177712  1.56133516],queued,[-0.62185191  0.08809385  0.93462812]
68.41407299041748,1005,False,5,6,[7.13734011 6.24432997 4.00000015],exiting,[ 0.50568378 -0.03156594 -0.11489306]
68.51017808914185,1000,False,0,5,[ 8.00928801 -3.31218744  3.99999117],cruising,[-0.82138112 -0.19970136 -0.21083176]
68.51017808914185,1001,False,6,3,[-0.85229534 -3.53856906  4.00000002],exiting,[-0.48080528  0.59740651 -0.20557775]
68.51017808914185,1002,False,4,0,[ 1.02928185 -2.94993741  3.99798711],cruising,[ 0.5677905  -0.59831228 -0.99408226]
68.51017808914185,1003,False,3,1,[5.57629739 2.23305268 4.        ],landing,[ 0.63925976  0.24903542 -0.34837281]
68.51017808914185,1004,False,2,4,[-7.4485838  -1.12177712  1.63633516],queued,[-0.62185191  0.08809385  0.93462812]
68.51017808914185,1005,False,5,6,[7.1732362  6.33766523 4.00000012],exiting,[ 0.50568378 -0.03156594 -0.11489306]
68.60973978042603,1000,False,0,5,[ 7.93993376 -3.49977739  3.99999249],cruising,[-0.82138112 -0.19970136 -0.21083176]
68.60973978042603,1001,False,6,3,[-0.90600736 -3.62551086  3.99999999],exiting,[-0.48080528  0.59740651 -0.20557775]
68.60973978042603,1002,False,4,0,[ 0.82958273 -2.93897088  3.99828904],cruising,[ 0.5677905  -0.59831228 -0.99408226]
68.60973978042603,1003,False,3,1,[5.49036204 2.23561917 3.98615076],landing,[ 0.63925976  0.24903542 -0.34837281]
68.60973978042603,1004,False,2,4,[-7.4485838  -1.12177712  1.71133516],queued,[-0.62185191  0.08809385  0.93462812]
68.60973978042603,1005,False,5,6,[7.20913229 6.43100049 4.0000001 ],exiting,[ 0.50568378 -0.03156594 -0.11489306]
68.71995306015015,1000,False,0,5,[ 7.86028343 -3.68323262  3.99999362],cruising,[-0.82138112 -0.19970136 -0.21083176]
68.71995306015015,1001,False,6,3,[-0.94001384 -3.71587193  3.99999997],exiting,[-0.48080528  0.59740651 -0.20557775]
68.71995306015015,1002,False,4,0,[ 0.62964262 -2.94386471  3.99854568],cruising,[ 0.5677905  -0.59831228 -0.99408226]
68.71995306015015,1003,False,3,1,[5.41844255 2.23414632 3.95861798],landing,[ 0.63925976  0.24903542 -0.34837281]
68.71995306015015,1004,False,2,4,[-7.4485838  -1.12177712  1.78633516],queued,[-0.62185191  0.08809385  0.93462812]
68.71995306015015,1005,False,5,6,[7.24502837 6.52433575 4.00000008],exiting,[ 0.50568378 -0.03156594 -0.11489306]
68.80928993225098,1000,False,0,5,[ 7.77486572 -3.86407459  3.99999458],cruising,[-0.82138112 -0.19970136 -0.21083176]
68.80928993225098,1001,False,6,3,[-0.95429118 -3.80951342  3.99999996],exiting,[-0.48080528  0.59740651 -0.20557775]
68.80928993225098,1002,False,4,0,[ 0.43062657 -2.96367916  3.99876383],cruising,[ 0.5677905  -0.59831228 -0.99408226]
68.80928993225098,1003,False,3,1,[5.36073908 2.22866594 3.91760022],landing,[ 0.63925976  0.24903542 -0.34837281]
68.80928993225098,1004,False,2,4,[-7.4485838  -1.12177712  1.86133516],queued,[-0.62185191  0.08809385  0.93462812]
68.80928993225098,1005,False,5,6,[7.28092446 6.61767101 4.00000006],exiting,[ 0.50568378 -0.03156594 -0.11489306]
68.90943098068237,1000,False,0,5,[ 7.67531487 -4.03753821  3.99999539],cruising,[-0.82138112 -0.19970136 -0.21083176]
68.90943098068237,1001,False,6,3,[-0.9488162  -3.90629275  3.99999996],exiting,[-0.48080528  0.59740651 -0.20557775]
68.90943098068237,1002,False,4,0,[ 0.23355315 -2.99776825  3.99894926],cruising,[ 0.5677905  -0.59831228 -0.99408226]
68.90943098068237,1003,False,3,1,[5.31751982 2.21922266 3.86337252],landing,[ 0.63925976  0.24903542 -0.34837281]
68.90943098068237,1004,False,2,4,[-7.4485838  -1.12177712  1.93633516],queued,[-0.62185191  0.08809385  0.93462812]
68.90943098068237,1005,False,5,6,[7.31682055 6.71100627 4.00000005],exiting,[ 0.50568378 -0.03156594 -0.11489306]
69.01051044464111,1000,False,0,5,[ 7.55921187 -4.1997757   3.99999612],cruising,[-0.82138112 -0.19970136 -0.21083176]
69.01051044464111,1001,False,6,3,[-0.93175185 -4.00482603  3.99999996],exiting,[-0.48080528  0.59740651 -0.20557775]
69.01051044464111,1002,False,4,0,[ 0.03926652 -3.04523092  3.99910687],cruising,[ 0.5677905  -0.59831228 -0.99408226]
69.01051044464111,1003,False,3,1,[5.28902384 2.20585833 3.79618908],landing,[ 0.63925976  0.24903542 -0.34837281]
69.01051044464111,1004,False,2,4,[-7.4485838  -1.12177712  2.01133516],queued,[-0.62185191  0.08809385  0.93462812]
69.01051044464111,1005,False,5,6,[7.35271663 6.80434153 4.00000004],exiting,[ 0.50568378 -0.03156594 -0.11489306]
69.1154432296753,1000,False,0,5,[ 7.42782931 -4.34910834  3.99999677],cruising,[-0.82138112 -0.19970136 -0.21083176]
69.1154432296753,1001,False,6,3,[-0.9146875  -4.10335932  3.99999997],exiting,[-0.48080528  0.59740651 -0.20557775]
69.1154432296753,1002,False,4,0,[-0.15045597 -3.108519    3.99924084],cruising,[ 0.5677905  -0.59831228 -0.99408226]
69.1154432296753,1003,False,3,1,[5.27546194 2.18861157 3.71628168],landing,[ 0.63925976  0.24903542 -0.34837281]
69.1154432296753,1004,False,2,4,[-7.4485838  -1.12177712  2.08633516],queued,[-0.62185191  0.08809385  0.93462812]
69.1154432296753,1005,False,5,6,[7.38861272 6.89767679 4.00000004],exiting,[ 0.50568378 -0.03156594 -0.11489306]
69.22222232818604,1000,False,0,5,[ 7.28303684 -4.48360271  3.99999736],cruising,[-0.82138112 -0.19970136 -0.21083176]
69.22222232818604,1001,False,6,3,[-0.89762316 -4.2018926   3.99999998],exiting,[-0.48080528  0.59740651 -0.20557775]
69.22222232818604,1002,False,4,0,[-0.33674566 -3.18129365  3.99935471],cruising,[ 0.5677905  -0.59831228 -0.99408226]
69.22222232818604,1003,False,3,1,[5.27704618 2.16752294 3.62389088],landing,[ 0.63925976  0.24903542 -0.34837281]
69.22222232818604,1004,False,2,4,[-7.4485838  -1.12177712  2.16133516],entering,[-0.62185191  0.08809385  0.93462812]
69.22222232818604,1005,False,5,6,[7.4245088  6.99101206 4.00000003],exiting,[ 0.50568378 -0.03156594 -0.11489306]
69.31681489944458,1000,False,0,5,[ 7.12721499 -4.60141316  3.99999791],cruising,[-0.82138112 -0.19970136 -0.21083176]
69.31681489944458,1001,False,6,3,[-0.88055881 -4.30042588  3.99999998],exiting,[-0.48080528  0.59740651 -0.20557775]
69.31681489944458,1002,False,4,0,[-0.51872642 -3.26425752  3.99945151],cruising,[ 0.5677905  -0.59831228 -0.99408226]
69.31681489944458,1003,False,3,1,[5.28458144 2.1449624  3.52676086],landing,[ 0.63925976  0.24903542 -0.34837281]
69.31681489944458,1004,False,2,4,[-7.43550437 -1.10664674  2.23633516],entering,[-0.62185191  0.08809385  0.93462812]
69.31681489944458,1005,False,5,6,[7.46040489 7.08434732 4.00000002],exiting,[ 0.50568378 -0.03156594 -0.11489306]
69.40928792953491,1000,False,0,5,[ 6.96252014 -4.70129962  3.9999984 ],cruising,[-0.82138112 -0.19970136 -0.21083176]
69.40928792953491,1001,False,6,3,[-0.86349447 -4.39895917  3.99999998],exiting,[-0.48080528  0.59740651 -0.20557775]
69.40928792953491,1002,False,4,0,[-0.69772668 -3.35347023  3.99953378],cruising,[ 0.5677905  -0.59831228 -0.99408226]
69.40928792953491,1003,False,3,1,[5.29211669 2.12240186 3.42963083],landing,[ 0.63925976  0.24903542 -0.34837281]
69.40928792953491,1004,False,2,4,[-7.40936041 -1.0763731   2.31133516],entering,[-0.62185191  0.08809385  0.93462812]
69.40928792953491,1005,False,5,6,[7.49630098 7.17768258 4.00000002],exiting,[ 0.50568378 -0.03156594 -0.11489306]
69.5153865814209,1000,False,0,5,[ 6.79111926 -4.78234385  3.99999886],cruising,[-0.82138112 -0.19970136 -0.21083176]
69.5153865814209,1001,False,6,3,[-0.84643012 -4.49749245  3.99999999],exiting,[-0.48080528  0.59740651 -0.20557775]
69.5153865814209,1002,False,4,0,[-0.87569293 -3.44472817  3.99960371],cruising,[ 0.5677905  -0.59831228 -0.99408226]
69.5153865814209,1003,False,3,1,[5.29965195 2.09984133 3.3325008 ],landing,[ 0.63925976  0.24903542 -0.34837281]
69.5153865814209,1004,False,2,4,[-7.37018498 -1.03092776  2.38633516],entering,[-0.62185191  0.08809385  0.93462812]
69.5153865814209,1005,False,5,6,[7.53219706 7.27101784 4.00000001],exiting,[ 0.50568378 -0.03156594 -0.11489306]
69.61362934112549,1000,False,0,5,[ 6.6152004  -4.84390508  3.99999927],cruising,[-0.82138112 -0.19970136 -0.21083176]
69.61362934112549,1001,False,6,3,[-0.82936577 -4.59602574  3.99999999],exiting,[-0.48080528  0.59740651 -0.20557775]
69.61362934112549,1002,False,4,0,[-1.05508593 -3.53314848  3.99966316],cruising,[ 0.5677905  -0.59831228 -0.99408226]
69.61362934112549,1003,False,3,1,[5.30718721 2.07728079 3.23537078],landing,[ 0.63925976  0.24903542 -0.34837281]
69.61362934112549,1004,False,2,4,[-7.31804115 -0.97025676  2.46133516],entering,[-0.62185191  0.08809385  0.93462812]
69.61362934112549,1005,False,5,6,[7.56809315 7.3643531  4.00000001],exiting,[ 0.50568378 -0.03156594 -0.11489306]
69.71308207511902,1000,False,0,5,[ 6.43679272 -4.88562176  3.99999963],cruising,[-0.82138112 -0.19970136 -0.21083176]
69.71308207511902,1001,False,6,3,[-0.81230143 -4.69455902  3.99999999],exiting,[-0.48080528  0.59740651 -0.20557775]
69.71308207511902,1002,False,4,0,[-1.23992457 -3.60953354  3.99971368],cruising,[ 0.5677905  -0.59831228 -0.99408226]
69.71308207511902,1003,False,3,1,[5.31472247 2.05472025 3.13824075],landing,[ 0.63925976  0.24903542 -0.34837281]
69.71308207511902,1004,False,2,4,[-7.25305258 -0.89425563  2.53633516],entering,[-0.62185191  0.08809385  0.93462812]
69.71308207511902,1005,False,5,6,[7.60398924 7.45768836 4.00000001],exiting,[ 0.50568378 -0.03156594 -0.11489306]
69.82049560546875,1000,False,0,5,[ 6.25763727 -4.90735243  3.99999994],cruising,[-0.82138112 -0.19970136 -0.21083176]
69.82049560546875,1001,False,6,3,[-0.79523708 -4.79309231  3.99999999],exiting,[-0.48080528  0.59740651 -0.20557775]
69.82049560546875,1002,False,4,0,[-1.43116887 -3.66697216  3.99975845],cruising,[ 0.5677905  -0.59831228 -0.99408226]
69.82049560546875,1003,False,3,1,[5.32225773 2.03215972 3.04111072],landing,[ 0.63925976  0.24903542 -0.34837281]
69.82049560546875,1004,False,2,4,[-7.17553714 -0.80266356  2.61133516],entering,[-0.62185191  0.08809385  0.93462812]
69.82049560546875,1005,False,5,6,[7.63988532 7.55102362 4.00000001],exiting,[ 0.50568378 -0.03156594 -0.11489306]
69.90909004211426,1000,False,0,5,[ 6.07876683 -4.90908512  4.0000002 ],cruising,[-0.82138112 -0.19970136 -0.21083176]
69.90909004211426,1001,False,6,3,[-0.77817273 -4.89162559  3.99999999],exiting,[-0.48080528  0.59740651 -0.20557775]
69.90909004211426,1002,False,4,0,[-1.62557156 -3.70466175  3.99980016],cruising,[ 0.5677905  -0.59831228 -0.99408226]
69.90909004211426,1003,False,3,1,[5.32979299 2.00959918 2.9439807 ],landing,[ 0.63925976  0.24903542 -0.34837281]
69.90909004211426,1004,False,2,4,[-7.08581927 -0.69522534  2.68633516],entering,[-0.62185191  0.08809385  0.93462812]
69.90909004211426,1005,False,5,6,[7.67578141 7.64435888 4.00000001],exiting,[ 0.50568378 -0.03156594 -0.11489306]
70.02293109893799,1000,False,0,5,[ 5.9014446  -4.89087784  4.0000004 ],cruising,[-0.82138112 -0.19970136 -0.21083176]
70.02293109893799,1001,False,6,3,[-0.76110839 -4.99015887  3.99999999],exiting,[-0.48080528  0.59740651 -0.20557775]
70.02293109893799,1002,False,4,0,[-1.819952   -3.72235134  3.99983938],cruising,[ 0.5677905  -0.59831228 -0.99408226]
70.02293109893799,1003,False,3,1,[5.33732825 1.98703864 2.84685067],landing,[ 0.63925976  0.24903542 -0.34837281]
70.02293109893799,1004,False,2,4,[-6.9844484  -0.57153265  2.76133516],entering,[-0.62185191  0.08809385  0.93462812]
70.02293109893799,1005,False,5,6,[7.71167749 7.73769415 4.        ],exiting,[ 0.50568378 -0.03156594 -0.11489306]
70.11555433273315,1000,False,0,5,[ 5.72670031 -4.85283739  4.00000055],cruising,[-0.82138112 -0.19970136 -0.21083176]
70.11555433273315,1001,False,6,3,[-0.74404404 -5.08869216  4.        ],exiting,[-0.48080528  0.59740651 -0.20557775]
70.11555433273315,1002,False,4,0,[-2.01130624 -3.72027121  3.99987626],cruising,[ 0.5677905  -0.59831228 -0.99408226]
70.11555433273315,1003,False,3,1,[5.3448635  1.96447811 2.74972065],landing,[ 0.63925976  0.24903542 -0.34837281]
70.11555433273315,1004,False,2,4,[-6.87260078 -0.4308036   2.83633516],entering,[-0.62185191  0.08809385  0.93462812]
70.11555433273315,1005,False,5,6,[7.74757358 7.83102941 4.        ],exiting,[ 0.50568378 -0.03156594 -0.11489306]
70.21101641654968,1000,False,0,5,[ 5.55486528 -4.79500966  4.00000064],cruising,[-0.82138112 -0.19970136 -0.21083176]
70.21101641654968,1001,False,6,3,[-0.72697969 -5.18722544  4.        ],exiting,[-0.48080528  0.59740651 -0.20557775]
70.21101641654968,1002,False,4,0,[-2.19700046 -3.69900869  3.99991081],cruising,[ 0.5677905  -0.59831228 -0.99408226]
70.21101641654968,1003,False,3,1,[5.35239876 1.94191757 2.65259062],landing,[ 0.63925976  0.24903542 -0.34837281]
70.21101641654968,1004,False,2,4,[-6.75292988 -0.27166812  2.91133516],entering,[-0.62185191  0.08809385  0.93462812]
70.21101641654968,1005,False,5,6,[7.78346967 7.92436467 4.        ],exiting,[ 0.50568378 -0.03156594 -0.11489306]
70.31289911270142,1000,False,0,5,[ 5.38640504 -4.71746873  4.00000067],cruising,[-0.82138112 -0.19970136 -0.21083176]
70.31289911270142,1001,False,6,3,[-0.70991535 -5.28575873  4.        ],exiting,[-0.48080528  0.59740651 -0.20557775]
70.31289911270142,1002,False,4,0,[-2.37463603 -3.65944157  3.99994298],cruising,[ 0.5677905  -0.59831228 -0.99408226]
70.31289911270142,1003,False,3,1,[5.35993402 1.91935703 2.55546059],landing,[ 0.63925976  0.24903542 -0.34837281]
70.31289911270142,1004,False,2,4,[-6.63616796 -0.10929001  2.98633516],entering,[-0.62185191  0.08809385  0.93462812]
70.31289911270142,1005,False,5,6,[7.81936575 8.01769993 4.        ],exiting,[ 0.50568378 -0.03156594 -0.11489306]
70.41279578208923,1000,False,0,5,[ 5.22049257 -4.62009074  4.00000063],cruising,[-0.82138112 -0.19970136 -0.21083176]
70.41279578208923,1001,False,6,3,[-0.692851   -5.38429201  4.        ],exiting,[-0.48080528  0.59740651 -0.20557775]
70.41279578208923,1002,False,4,0,[-2.54203    -3.6026957   3.99997269],cruising,[ 0.5677905  -0.59831228 -0.99408226]
70.41279578208923,1003,False,3,1,[5.36746928 1.8967965  2.45833057],landing,[ 0.63925976  0.24903542 -0.34837281]
70.41279578208923,1004,False,2,4,[-6.52294151  0.05557288  3.06133516],entering,[-0.62185191  0.08809385  0.93462812]
70.41279578208923,1005,False,5,6,[7.85526184 8.11103519 4.        ],exiting,[ 0.50568378 -0.03156594 -0.11489306]
70.50952339172363,1000,False,0,5,[ 5.05292968 -4.51089972  4.00000053],cruising,[-0.82138112 -0.19970136 -0.21083176]
70.50952339172363,1001,False,6,3,[-0.67578666 -5.48282529  4.        ],exiting,[-0.48080528  0.59740651 -0.20557775]
70.50952339172363,1002,False,4,0,[-2.6973384  -3.53001436  3.99999982],cruising,[ 0.5677905  -0.59831228 -0.99408226]
70.50952339172363,1003,False,3,1,[5.37500454 1.87423596 2.36120054],landing,[ 0.63925976  0.24903542 -0.34837281]
70.50952339172363,1004,False,2,4,[-6.41386665  0.2232114   3.13633516],entering,[-0.62185191  0.08809385  0.93462812]
70.50952339172363,1005,False,5,6,[7.89115793 8.20437045 4.        ],exiting,[ 0.50568378 -0.03156594 -0.11489306]
70.60934352874756,1000,False,0,5,[ 4.88170931 -4.40753829  4.00000045],cruising,[-0.82138112 -0.19970136 -0.21083176]
70.60934352874756,1001,False,6,3,[-0.65872231 -5.58135858  4.        ],exiting,[-0.48080528  0.59740651 -0.20557775]
70.60934352874756,1002,False,4,0,[-2.83894211 -3.44276658  4.00002424],cruising,[ 0.5677905  -0.59831228 -0.99408226]
70.60934352874756,1003,False,3,1,[5.3825398  1.85167542 2.26407051],landing,[ 0.63925976  0.24903542 -0.34837281]
70.60934352874756,1004,False,2,4,[-6.30948233  0.3938101   3.21133516],entering,[-0.62185191  0.08809385  0.93462812]
70.60934352874756,1005,False,5,6,[7.92705401 8.29770571 4.        ],exiting,[ 0.50568378 -0.03156594 -0.11489306]
70.71011424064636,1000,False,0,5,[ 4.70744783 -4.30939077  4.00000038],cruising,[-0.82138112 -0.19970136 -0.21083176]
70.71011424064636,1001,False,6,3,[-0.64165796 -5.67989186  4.        ],exiting,[-0.48080528  0.59740651 -0.20557775]
70.71011424064636,1002,False,4,0,[-2.96538403 -3.34247579  4.0000458 ],cruising,[ 0.5677905  -0.59831228 -0.99408226]
70.71011424064636,1003,False,3,1,[5.39007506 1.82911489 2.16694049],landing,[ 0.63925976  0.24903542 -0.34837281]
70.71011424064636,1004,False,2,4,[-6.21049203  0.56759422  3.28633516],entering,[-0.62185191  0.08809385  0.93462812]
70.71011424064636,1005,False,5,6,[7.9629501  8.39104097 4.        ],exiting,[ 0.50568378 -0.03156594 -0.11489306]
70.80968189239502,1000,False,0,5,[ 4.52998102 -4.21716532  4.00000033],cruising,[-0.82138112 -0.19970136 -0.21083176]
70.80968189239502,1001,False,6,3,[-0.62459362 -5.77842515  4.        ],exiting,[-0.48080528  0.59740651 -0.20557775]
70.80968189239502,1002,False,4,0,[-3.07543106 -3.2307304   4.00006434],cruising,[ 0.5677905  -0.59831228 -0.99408226]
70.80968189239502,1003,False,3,1,[5.39761031 1.80655435 2.06981046],landing,[ 0.63925976  0.24903542 -0.34837281]
70.80968189239502,1004,False,2,4,[-6.11772875  0.74478048  3.36133516],entering,[-0.62185191  0.08809385  0.93462812]
70.80968189239502,1005,False,5,6,[7.99884618 8.48437624 4.        ],exiting,[ 0.50568378 -0.03156594 -0.11489306]
70.92133498191833,1000,False,0,5,[ 4.35080028 -4.12831567  4.00000028],cruising,[-0.82138112 -0.19970136 -0.21083176]
70.92133498191833,1001,False,6,3,[-0.60752927 -5.87695843  4.        ],exiting,[-0.48080528  0.59740651 -0.20557775]
70.92133498191833,1002,False,4,0,[-3.16799332 -3.10927509  4.00007967],cruising,[ 0.5677905  -0.59831228 -0.99408226]
70.92133498191833,1003,False,3,1,[5.40514557 1.78399381 1.97268043],landing,[ 0.63925976  0.24903542 -0.34837281]
70.92133498191833,1004,False,2,4,[-6.03216173  0.92555185  3.43633516],entering,[-0.62185191  0.08809385  0.93462812]
70.92133498191833,1005,False,5,6,[8.03474227 8.5777115  4.        ],exiting,[ 0.50568378 -0.03156594 -0.11489306]
71.0189197063446,1000,False,0,5,[ 4.16973583 -4.04337059  4.00000024],cruising,[-0.82138112 -0.19970136 -0.21083176]
71.0189197063446,1001,False,6,3,[-0.59046492 -5.97549171  4.        ],exiting,[-0.48080528  0.59740651 -0.20557775]
71.0189197063446,1002,False,4,0,[-3.24253233 -2.97915015  4.00009167],cruising,[ 0.5677905  -0.59831228 -0.99408226]
71.0189197063446,1003,False,3,1,[5.41268083 1.76143328 1.87555041],landing,[ 0.63925976  0.24903542 -0.34837281]
71.0189197063446,1004,False,2,4,[-5.95494705  1.11004546  3.51133516],entering,[-0.62185191  0.08809385  0.93462812]
71.0189197063446,1005,False,5,6,[8.07063836 8.67104676 4.        ],exiting,[ 0.50568378 -0.03156594 -0.11489306]
71.11108160018921,1000,False,0,5,[ 3.98770403 -3.96051878  4.0000002 ],cruising,[-0.82138112 -0.19970136 -0.21083176]
71.11108160018921,1001,False,6,3,[-0.57340058 -6.074025    4.        ],exiting,[-0.48080528  0.59740651 -0.20557775]
71.11108160018921,1002,False,4,0,[-3.29878831 -2.84091775  4.00010019],cruising,[ 0.5677905  -0.59831228 -0.99408226]
71.11108160018921,1003,False,3,1,[5.42021609 1.73887274 1.77842038],landing,[ 0.63925976  0.24903542 -0.34837281]
71.11108160018921,1004,False,2,4,[-5.88743326  1.29830562  3.58463488],entering,[-0.62185191  0.08809385  0.93462812]
71.11108160018921,1005,False,5,6,[8.10653444 8.76438202 4.        ],exiting,[ 0.50568378 -0.03156594 -0.11489306]
71.21215796470642,1000,False,0,5,[ 3.80453945 -3.8802023   4.00000017],cruising,[-0.82138112 -0.19970136 -0.21083176]
71.21215796470642,1001,False,6,3,[-0.55633623 -6.17255828  4.        ],exiting,[-0.48080528  0.59740651 -0.20557775]
71.21215796470642,1002,False,4,0,[-3.33659774 -2.69495716  4.00010514],cruising,[ 0.5677905  -0.59831228 -0.99408226]
71.21215796470642,1003,False,3,1,[5.42775135 1.7163122  1.68129035],landing,[ 0.63925976  0.24903542 -0.34837281]
71.21215796470642,1004,False,2,4,[-5.83113666  1.49021886  3.64693965],entering,[-0.62185191  0.08809385  0.93462812]
71.21215796470642,1005,False,5,6,[8.14243053 8.85771728 4.        ],exiting,[ 0.50568378 -0.03156594 -0.11489306]
71.31147646903992,1000,False,0,5,[ 3.62075805 -3.80130744  4.00000015],cruising,[-0.82138112 -0.19970136 -0.21083176]
71.31147646903992,1001,False,6,3,[-0.53927189 -6.27109157  4.        ],exiting,[-0.48080528  0.59740651 -0.20557775]
71.31147646903992,1002,False,4,0,[-3.35583984 -2.54156327  4.00010645],cruising,[ 0.5677905  -0.59831228 -0.99408226]
71.31147646903992,1003,False,3,1,[5.43528661 1.69375167 1.58416033],landing,[ 0.63925976  0.24903542 -0.34837281]
71.31147646903992,1004,False,2,4,[-5.78766208  1.68543659  3.6998987 ],entering,[-0.62185191  0.08809385  0.93462812]
71.31147646903992,1005,False,5,6,[8.17832661 8.95105254 4.        ],exiting,[ 0.50568378 -0.03156594 -0.11489306]
71.4190981388092,1000,False,0,5,[ 3.43624345 -3.72414293  4.00000012],cruising,[-0.82138112 -0.19970136 -0.21083176]
71.4190981388092,1001,False,6,3,[-0.52220754 -6.36962485  4.        ],exiting,[-0.48080528  0.59740651 -0.20557775]
71.4190981388092,1002,False,4,0,[-3.3566219  -2.38047347  4.000104  ],cruising,[ 0.5677905  -0.59831228 -0.99408226]
71.4190981388092,1003,False,3,1,[5.44282186 1.67119113 1.4870303 ],fake_landed,[ 0.63925976  0.24903542 -0.34837281]
71.4190981388092,1004,False,2,4,[-5.75854505  1.88330573  3.7449139 ],entering,[-0.62185191  0.08809385  0.93462812]
71.4190981388092,1005,False,5,6,[8.2142227 9.0443878 4.       ],exiting,[ 0.50568378 -0.03156594 -0.11489306]
71.51110935211182,1000,False,0,5,[ 3.25121799 -3.64821153  4.0000001 ],cruising,[-0.82138112 -0.19970136 -0.21083176]
71.51110935211182,1001,False,6,3,[-0.50514319 -6.46815814  4.        ],exiting,[-0.48080528  0.59740651 -0.20557775]
71.51110935211182,1002,False,4,0,[-3.33934731 -2.21078381  4.00009771],cruising,[ 0.5677905  -0.59831228 -0.99408226]
71.51110935211182,1003,False,3,1,[5.44885007 1.6531427  1.40932628],fake_landed,[ 0.63925976  0.24903542 -0.34837281]
71.51110935211182,1004,False,2,4,[-5.74500998  2.08284721  3.78317681],entering,[-0.62185191  0.08809385  0.93462812]
71.51110935211182,1005,False,5,6,[8.25011879 9.13772306 4.        ],landing,[ 0.50568378 -0.03156594 -0.11489306]
71.62272787094116,1000,False,0,5,[ 3.06564853 -3.57361947  4.00000009],cruising,[-0.82138112 -0.19970136 -0.21083176]
71.62272787094116,1001,False,6,3,[-0.48807885 -6.56669142  4.        ],exiting,[-0.48080528  0.59740651 -0.20557775]
71.62272787094116,1002,False,4,0,[-3.3052946  -2.03020864  4.00008749],cruising,[ 0.5677905  -0.59831228 -0.99408226]
71.62272787094116,1003,False,3,1,[5.45337123 1.63960638 1.35104826],fake_landed,[ 0.63925976  0.24903542 -0.34837281]
71.62272787094116,1004,False,2,4,[-5.74683214  2.28283891  3.81570029],entering,[-0.62185191  0.08809385  0.93462812]
71.62272787094116,1005,False,5,6,[8.28407388 9.21697544 3.98593213],landing,[ 0.50568378 -0.03156594 -0.11489306]
71.71560215950012,1000,False,0,5,[ 2.87951631 -3.50044299  4.00000008],cruising,[-0.82138112 -0.19970136 -0.21083176]
71.71560215950012,1001,False,6,3,[-0.4710145 -6.6652247  4.       ],exiting,[-0.48080528  0.59740651 -0.20557775]
71.71560215950012,1002,False,4,0,[-3.26506471 -1.83429653  4.00007436],cruising,[ 0.5677905  -0.59831228 -0.99408226]
71.71560215950012,1003,False,3,1,[5.45638533 1.63058216 1.31219625],fake_landed,[ 0.63925976  0.24903542 -0.34837281]
71.71560215950012,1004,False,2,4,[-5.76465729  2.48204299  3.84334525],cruising,[-0.62185191  0.08809385  0.93462812]
71.71560215950012,1005,False,5,6,[8.31599108 9.2819976  3.95795931],landing,[ 0.50568378 -0.03156594 -0.11489306]
71.81999921798706,1000,False,0,5,[ 2.69271499 -3.42899182  4.00000006],cruising,[-0.82138112 -0.19970136 -0.21083176]
71.81999921798706,1001,False,6,3,[-0.45395015 -6.76375799  4.        ],exiting,[-0.48080528  0.59740651 -0.20557775]
71.81999921798706,1002,False,4,0,[-3.24136213 -1.63570603  4.00006321],cruising,[ 0.5677905  -0.59831228 -0.99408226]
71.81999921798706,1003,False,3,1,[5.45789238 1.62607006 1.29277025],fake_landed,[ 0.63925976  0.24903542 -0.34837281]
71.81999921798706,1004,False,2,4,[-5.79628645  2.67952614  3.86684346],cruising,[-0.62185191  0.08809385  0.93462812]
71.81999921798706,1005,False,5,6,[8.34575538 9.33261677 3.91627812],landing,[ 0.50568378 -0.03156594 -0.11489306]
71.91789197921753,1000,False,0,5,[ 2.50540421 -3.35888711  4.00000005],cruising,[-0.82138112 -0.19970136 -0.21083176]
71.91789197921753,1001,False,6,3,[-0.43688581 -6.86229127  4.        ],exiting,[-0.48080528  0.59740651 -0.20557775]
71.91789197921753,1002,False,4,0,[-3.23365881 -1.43585444  4.00005373],cruising,[ 0.5677905  -0.59831228 -0.99408226]
71.91789197921753,1003,False,3,1,[5.45789238 1.62607006 1.29277025],fake_landed,[ 0.63925976  0.24903542 -0.34837281]
71.91789197921753,1004,False,2,4,[-5.84114594  2.87443029  3.88681694],cruising,[-0.62185191  0.08809385  0.93462812]
71.91789197921753,1005,False,5,6,[8.37320784 9.36859801 3.86116615],landing,[ 0.50568378 -0.03156594 -0.11489306]
72.0237123966217,1000,False,0,5,[ 2.31721589 -3.29117334  4.00000005],cruising,[-0.82138112 -0.19970136 -0.21083176]
72.0237123966217,1001,False,6,3,[-0.41982146 -6.96082456  4.        ],exiting,[-0.48080528  0.59740651 -0.20557775]
72.0237123966217,1002,False,4,0,[-3.24152694 -1.23600926  4.00004567],cruising,[ 0.5677905  -0.59831228 -0.99408226]
72.0237123966217,1003,False,1,2,[5.45789238 1.62607006 1.29277025],waiting,[ 0.63925976  0.24903542 -0.34837281]
72.0237123966217,1004,False,2,4,[-5.89554481  3.06689006  3.9037944 ],cruising,[-0.62185191  0.08809385  0.93462812]
72.0237123966217,1005,False,5,6,[8.39821484 9.3897472  3.79286212],landing,[ 0.50568378 -0.03156594 -0.11489306]
72.11332893371582,1000,False,0,5,[ 2.12844971 -3.22508756  4.00000004],cruising,[-0.82138112 -0.19970136 -0.21083176]
72.11332893371582,1001,False,6,3,[-0.40275711 -7.05935784  4.        ],exiting,[-0.48080528  0.59740651 -0.20557775]
72.11332893371582,1002,False,4,0,[-3.26392399 -1.03726729  4.00003882],cruising,[ 0.5677905  -0.59831228 -0.99408226]
72.11332893371582,1003,False,1,2,[5.45789238 1.62607006 1.29277025],waiting,[ 0.63925976  0.24903542 -0.34837281]
72.11332893371582,1004,False,2,4,[-5.95704509  3.25719958  3.91822524],cruising,[-0.62185191  0.08809385  0.93462812]
72.11332893371582,1005,False,5,6,[8.42065097 9.39588511 3.7115946 ],landing,[ 0.50568378 -0.03156594 -0.11489306]
72.22397184371948,1000,False,0,5,[ 1.93849885 -3.16248828  4.00000003],cruising,[-0.82138112 -0.19970136 -0.21083176]
72.22397184371948,1001,False,6,3,[-0.38569277 -7.15789112  4.        ],exiting,[-0.48080528  0.59740651 -0.20557775]
72.22397184371948,1002,False,4,0,[-3.29967887 -0.84048927  4.000033  ],cruising,[ 0.5677905  -0.59831228 -0.99408226]
72.22397184371948,1003,False,1,2,[5.45789238 1.62607006 1.29277025],waiting,[ 0.63925976  0.24903542 -0.34837281]
72.22397184371948,1004,False,2,4,[-6.02325719  3.44592149  3.93049145],cruising,[-0.62185191  0.08809385  0.93462812]
72.22397184371948,1005,False,5,6,[8.4403885  9.38683206 3.61760104],landing,[ 0.50568378 -0.03156594 -0.11489306]
72.30976223945618,1000,False,0,5,[ 1.74718514 -3.10418677  4.00000003],cruising,[-0.82138112 -0.19970136 -0.21083176]
72.30976223945618,1001,False,6,3,[-0.36862842 -7.25642441  4.        ],exiting,[-0.48080528  0.59740651 -0.20557775]
72.30976223945618,1002,False,4,0,[-3.34618458 -0.64597136  4.00002805],cruising,[ 0.5677905  -0.59831228 -0.99408226]
72.30976223945618,1003,False,1,2,[5.45789238 1.62607006 1.29277025],waiting,[ 0.63925976  0.24903542 -0.34837281]
72.30976223945618,1004,False,2,4,[-6.09190662  3.63377051  3.94091774],cruising,[-0.62185191  0.08809385  0.93462812]
72.30976223945618,1005,False,5,6,[8.45937645 9.37370662 3.5203016 ],landing,[ 0.50568378 -0.03156594 -0.11489306]
72.41044235229492,1000,False,0,5,[ 1.55431704 -3.05125382  4.00000002],cruising,[-0.82138112 -0.19970136 -0.21083176]
72.41044235229492,1001,False,6,3,[-0.35156408 -7.35495769  4.        ],exiting,[-0.48080528  0.59740651 -0.20557775]
72.41044235229492,1002,False,4,0,[-3.4040903  -0.45453749  4.00002384],cruising,[ 0.5677905  -0.59831228 -0.99408226]
72.41044235229492,1003,False,1,2,[5.45789238 1.62607006 1.29277025],waiting,[ 0.63925976  0.24903542 -0.34837281]
72.41044235229492,1004,False,2,4,[-6.16081813  3.82152355  3.94978008],cruising,[-0.62185191  0.08809385  0.93462812]
72.41044235229492,1005,False,5,6,[8.47836441 9.36058117 3.42300217],landing,[ 0.50568378 -0.03156594 -0.11489306]
72.51125001907349,1000,False,0,5,[ 1.35970598 -3.00513948  4.00000002],cruising,[-0.82138112 -0.19970136 -0.21083176]
72.51125001907349,1001,False,6,3,[-0.33449973 -7.45349098  4.        ],exiting,[-0.48080528  0.59740651 -0.20557775]
72.51125001907349,1002,False,4,0,[-3.47262573 -0.26664684  4.00002026],cruising,[ 0.5677905  -0.59831228 -0.99408226]
72.51125001907349,1003,False,1,2,[5.45789238 1.62607006 1.29277025],waiting,[ 0.63925976  0.24903542 -0.34837281]
72.51125001907349,1004,False,2,4,[-6.227845    4.00995762  3.95731306],cruising,[-0.62185191  0.08809385  0.93462812]
72.51125001907349,1005,False,5,6,[8.49735237 9.34745573 3.32570273],landing,[ 0.50568378 -0.03156594 -0.11489306]
72.61406779289246,1000,False,0,5,[ 1.1632126  -2.96785204  4.00000002],cruising,[-0.82138112 -0.19970136 -0.21083176]
72.61406779289246,1001,False,6,3,[-0.31743538 -7.55202426  4.        ],exiting,[-0.48080528  0.59740651 -0.20557775]
72.61406779289246,1002,False,4,0,[-3.54912106 -0.08185381  4.00001722],cruising,[ 0.5677905  -0.59831228 -0.99408226]
72.61406779289246,1003,False,1,2,[5.45789238 1.62607006 1.29277025],waiting,[ 0.63925976  0.24903542 -0.34837281]
72.61406779289246,1004,False,2,4,[-6.29076249  4.19980332  3.9637161 ],cruising,[-0.62185191  0.08809385  0.93462812]
72.61406779289246,1005,False,5,6,[8.51634032 9.33433028 3.2284033 ],landing,[ 0.50568378 -0.03156594 -0.11489306]
72.72322654724121,1000,False,0,5,[ 0.96412759 -2.94874291  4.00000001],cruising,[-0.82138112 -0.19970136 -0.21083176]
72.72322654724121,1001,False,6,3,[-0.30037104 -7.65055755  4.        ],exiting,[-0.48080528  0.59740651 -0.20557775]
72.72322654724121,1002,False,4,0,[-3.63634669  0.09812311  4.00001464],cruising,[ 0.5677905  -0.59831228 -0.99408226]
72.72322654724121,1003,False,1,2,[5.45789238 1.62607006 1.29277025],waiting,[ 0.63925976  0.24903542 -0.34837281]
72.72322654724121,1004,False,2,4,[-6.34713395  4.39169459  3.96915869],cruising,[-0.62185191  0.08809385  0.93462812]
72.72322654724121,1005,False,5,6,[8.53532828 9.32120484 3.13110386],landing,[ 0.50568378 -0.03156594 -0.11489306]
72.81638956069946,1000,False,0,5,[ 0.76422527 -2.94249288  4.00000001],cruising,[-0.82138112 -0.19970136 -0.21083176]
72.81638956069946,1001,False,6,3,[-0.28330669 -7.74909083  4.        ],landing,[-0.48080528  0.59740651 -0.20557775]
72.81638956069946,1002,False,4,0,[-3.73121626  0.27419061  4.00001244],cruising,[ 0.5677905  -0.59831228 -0.99408226]
72.81638956069946,1003,False,1,2,[5.45789238 1.62607006 1.29277025],waiting,[ 0.63925976  0.24903542 -0.34837281]
72.81638956069946,1004,False,2,4,[-6.38792078  4.58749151  3.97378489],cruising,[-0.62185191  0.08809385  0.93462812]
72.81638956069946,1005,False,5,6,[8.55431623 9.30807939 3.03380442],landing,[ 0.50568378 -0.03156594 -0.11489306]
72.91913652420044,1000,False,0,5,[ 0.56443556 -2.95166181  4.00000001],cruising,[-0.82138112 -0.19970136 -0.21083176]
72.91913652420044,1001,False,6,3,[-0.27179742 -7.8345047   3.98596354],landing,[-0.48080528  0.59740651 -0.20557775]
72.91913652420044,1002,False,4,0,[-3.83380444  0.44587539  4.00001058],cruising,[ 0.5677905  -0.59831228 -0.99408226]
72.91913652420044,1003,False,1,2,[5.45789238 1.62607006 1.29277025],waiting,[ 0.63925976  0.24903542 -0.34837281]
72.91913652420044,1004,False,2,4,[-6.41563925  4.78556141  3.97771715],cruising,[-0.62185191  0.08809385  0.93462812]
72.91913652420044,1005,False,5,6,[8.57330419 9.29495394 2.93650499],landing,[ 0.50568378 -0.03156594 -0.11489306]
73.0159170627594,1000,False,0,5,[ 0.3658862  -2.97570667  4.00000001],cruising,[-0.82138112 -0.19970136 -0.21083176]
73.0159170627594,1001,False,6,3,[-0.26583547 -7.90662337  3.95805392],landing,[-0.48080528  0.59740651 -0.20557775]
73.0159170627594,1002,False,4,0,[-3.94037547  0.61511669  4.00000899],cruising,[ 0.5677905  -0.59831228 -0.99408226]
73.0159170627594,1003,False,1,2,[5.45789238 1.62607006 1.29277025],waiting,[ 0.63925976  0.24903542 -0.34837281]
73.0159170627594,1004,False,2,4,[-6.42340998  4.9850132   3.9812271 ],cruising,[-0.62185191  0.08809385  0.93462812]
73.0159170627594,1005,False,5,6,[8.59229215 9.2818285  2.83920555],landing,[ 0.50568378 -0.03156594 -0.11489306]
73.11627411842346,1000,False,0,5,[ 0.16956248 -3.01387726  4.00000001],cruising,[-0.82138112 -0.19970136 -0.21083176]
73.11627411842346,1001,False,6,3,[-0.26541058 -7.96524021  3.91646798],landing,[-0.48080528  0.59740651 -0.20557775]
73.11627411842346,1002,False,4,0,[-4.0500437   0.78236763  4.00000764],cruising,[ 0.5677905  -0.59831228 -0.99408226]
73.11627411842346,1003,False,1,2,[5.45789238 1.62607006 1.29277025],waiting,[ 0.63925976  0.24903542 -0.34837281]
73.11627411842346,1004,False,2,4,[-6.41122619  5.18315159  3.98443335],cruising,[-0.62185191  0.08809385  0.93462812]
73.11627411842346,1005,False,5,6,[8.6112801  9.26870305 2.74190612],landing,[ 0.50568378 -0.03156594 -0.11489306]
73.21860671043396,1000,False,0,5,[-0.02375196 -3.06515618  4.00000001],cruising,[-0.82138112 -0.19970136 -0.21083176]
73.21860671043396,1001,False,6,3,[-0.27050669 -8.01007367  3.86148289],landing,[-0.48080528  0.59740651 -0.20557775]
73.21860671043396,1002,False,4,0,[-4.16207426  0.94804549  4.0000065 ],cruising,[ 0.5677905  -0.59831228 -0.99408226]
73.21860671043396,1003,False,1,2,[5.45789238 1.62607006 1.29277025],waiting,[ 0.63925976  0.24903542 -0.34837281]
73.21860671043396,1004,False,2,4,[-6.37942313  5.37741535  3.98737289],cruising,[-0.62185191  0.08809385  0.93462812]
73.21860671043396,1005,False,5,6,[8.63026806 9.25557761 2.64460668],landing,[ 0.50568378 -0.03156594 -0.11489306]
73.31475400924683,1000,False,0,5,[-0.21234581 -3.13173215  4.00000001],cruising,[-0.82138112 -0.19970136 -0.21083176]
73.31475400924683,1001,False,6,3,[-0.28110837 -8.04088747  3.79333962],landing,[-0.48080528  0.59740651 -0.20557775]
73.31475400924683,1002,False,4,0,[-4.2758547   1.11252653  4.00000552],cruising,[ 0.5677905  -0.59831228 -0.99408226]
73.31475400924683,1003,False,1,2,[5.45789238 1.62607006 1.29277025],waiting,[ 0.63925976  0.24903542 -0.34837281]
73.31475400924683,1004,False,2,4,[-6.3286288   5.5654127   3.99005957],cruising,[-0.62185191  0.08809385  0.93462812]
73.31475400924683,1005,False,5,6,[8.64925602 9.24245216 2.54730725],landing,[ 0.50568378 -0.03156594 -0.11489306]
73.41293954849243,1000,False,0,5,[-0.39751804 -3.20730493  4.        ],cruising,[-0.82138112 -0.19970136 -0.21083176]
73.41293954849243,1001,False,6,3,[-0.29719972 -8.05746402  3.71226715],landing,[-0.48080528  0.59740651 -0.20557775]
73.41293954849243,1002,False,4,0,[-4.39087028  1.27614626  4.00000469],cruising,[ 0.5677905  -0.59831228 -0.99408226]
73.41293954849243,1003,False,1,2,[5.45789238 1.62607006 1.29277025],waiting,[ 0.63925976  0.24903542 -0.34837281]
73.41293954849243,1004,False,2,4,[-6.25973216  5.74491034  3.99249888],cruising,[-0.62185191  0.08809385  0.93462812]
73.41293954849243,1005,False,5,6,[8.66824397 9.22932672 2.45000781],landing,[ 0.50568378 -0.03156594 -0.11489306]
73.5154321193695,1000,False,0,5,[-0.57857136 -3.29227372  4.        ],cruising,[-0.82138112 -0.19970136 -0.21083176]
73.5154321193695,1001,False,6,3,[-0.31876308 -8.05958416  3.61850338],landing,[-0.48080528  0.59740651 -0.20557775]
73.5154321193695,1002,False,4,0,[-4.50668301  1.43920273  4.00000399],cruising,[ 0.5677905  -0.59831228 -0.99408226]
73.5154321193695,1003,False,1,2,[5.45789238 1.62607006 1.29277025],waiting,[ 0.63925976  0.24903542 -0.34837281]
73.5154321193695,1004,False,2,4,[-6.17377046  5.91398133  3.99467571],cruising,[-0.62185191  0.08809385  0.93462812]
73.5154321193695,1005,False,5,6,[8.68723193 9.21620127 2.35270838],landing,[ 0.50568378 -0.03156594 -0.11489306]
73.61128854751587,1000,False,0,5,[-0.75703299 -3.38255909  4.        ],cruising,[-0.82138112 -0.19970136 -0.21083176]
73.61128854751587,1001,False,6,3,[-0.34186456 -8.0575636   3.52122933],landing,[-0.48080528  0.59740651 -0.20557775]
73.61128854751587,1002,False,4,0,[-4.62281284  1.60203351  4.00000339],cruising,[ 0.5677905  -0.59831228 -0.99408226]
73.61128854751587,1003,False,1,2,[5.45789238 1.62607006 1.29277025],waiting,[ 0.63925976  0.24903542 -0.34837281]
73.61128854751587,1004,False,2,4,[-6.0719046   6.07092837  3.99659298],cruising,[-0.62185191  0.08809385  0.93462812]
73.61128854751587,1005,False,5,6,[8.70621989 9.20307582 2.25540894],landing,[ 0.50568378 -0.03156594 -0.11489306]
73.7202422618866,1000,False,0,5,[-0.93503351 -3.47375017  4.        ],cruising,[-0.82138112 -0.19970136 -0.21083176]
73.7202422618866,1001,False,6,3,[-0.36496604 -8.05554303  3.42395529],landing,[-0.48080528  0.59740651 -0.20557775]
73.7202422618866,1002,False,4,0,[-4.73918884  1.76468844  4.00000288],cruising,[ 0.5677905  -0.59831228 -0.99408226]
73.7202422618866,1003,False,1,2,[5.45789238 1.62607006 1.29277025],waiting,[ 0.63925976  0.24903542 -0.34837281]
73.7202422618866,1004,False,2,4,[-5.95503407  6.21465476  3.99823741],cruising,[-0.62185191  0.08809385  0.93462812]
73.7202422618866,1005,False,5,6,[8.72520784 9.18995038 2.1581095 ],landing,[ 0.50568378 -0.03156594 -0.11489306]
73.80903005599976,1000,False,0,5,[-1.11598041 -3.55894536  4.        ],cruising,[-0.82138112 -0.19970136 -0.21083176]
73.80903005599976,1001,False,6,3,[-0.38806751 -8.05352247  3.32668125],landing,[-0.48080528  0.59740651 -0.20557775]
73.80903005599976,1002,False,4,0,[-4.85546304  1.92741616  4.00000245],cruising,[ 0.5677905  -0.59831228 -0.99408226]
73.80903005599976,1003,False,1,2,[5.45789238 1.62607006 1.29277025],waiting,[ 0.63925976  0.24903542 -0.34837281]
73.80903005599976,1004,False,2,4,[-5.82404925  6.34421407  3.99959781],cruising,[-0.62185191  0.08809385  0.93462812]
73.80903005599976,1005,False,5,6,[8.7441958  9.17682493 2.06081007],landing,[ 0.50568378 -0.03156594 -0.11489306]
73.91879844665527,1000,False,0,5,[-1.30382719 -3.62760092  4.        ],cruising,[-0.82138112 -0.19970136 -0.21083176]
73.91879844665527,1001,False,6,3,[-0.41116899 -8.05150191  3.22940721],landing,[-0.48080528  0.59740651 -0.20557775]
73.91879844665527,1002,False,4,0,[-4.97131906  2.09044187  4.00000208],cruising,[ 0.5677905  -0.59831228 -0.99408226]
73.91879844665527,1003,False,1,2,[5.45789238 1.62607006 1.29277025],waiting,[ 0.63925976  0.24903542 -0.34837281]
73.91879844665527,1004,False,2,4,[-5.67979649  6.45881092  4.00066446],cruising,[-0.62185191  0.08809385  0.93462812]
73.91879844665527,1005,False,5,6,[8.76318376 9.16369949 1.96351063],landing,[ 0.50568378 -0.03156594 -0.11489306]
74.0203595161438,1000,False,0,5,[-1.4970103  -3.67698153  4.        ],cruising,[-0.82138112 -0.19970136 -0.21083176]
74.0203595161438,1001,False,6,3,[-0.43427047 -8.04948134  3.13213317],landing,[-0.48080528  0.59740651 -0.20557775]
74.0203595161438,1002,False,4,0,[-5.08645889  2.25397419  4.00000177],cruising,[ 0.5677905  -0.59831228 -0.99408226]
74.0203595161438,1003,False,1,2,[5.45789238 1.62607006 1.29277025],waiting,[ 0.63925976  0.24903542 -0.34837281]
74.0203595161438,1004,False,2,4,[-5.52304456  6.55779753  4.00142873],cruising,[-0.62185191  0.08809385  0.93462812]
74.0203595161438,1005,False,5,6,[8.78217171 9.15057404 1.8662112 ],landing,[ 0.50568378 -0.03156594 -0.11489306]
74.12159872055054,1000,False,0,5,[-1.69252228 -3.70649819  4.        ],cruising,[-0.82138112 -0.19970136 -0.21083176]
74.12159872055054,1001,False,6,3,[-0.45737195 -8.04746078  3.03485913],landing,[-0.48080528  0.59740651 -0.20557775]
74.12159872055054,1002,False,4,0,[-5.20113166  2.41783436  4.0000015 ],cruising,[ 0.5677905  -0.59831228 -0.99408226]
74.12159872055054,1003,False,1,2,[5.45789238 1.62607006 1.29277025],waiting,[ 0.63925976  0.24903542 -0.34837281]
74.12159872055054,1004,False,2,4,[-5.35448152  6.64064716  4.00188434],cruising,[-0.62185191  0.08809385  0.93462812]
74.12159872055054,1005,False,5,6,[8.80115967 9.1374486  1.76891176],landing,[ 0.50568378 -0.03156594 -0.11489306]
74.22372198104858,1000,False,0,5,[-1.88709908 -3.71603672  4.        ],cruising,[-0.82138112 -0.19970136 -0.21083176]
74.22372198104858,1001,False,6,3,[-0.48047343 -8.04544022  2.93758509],landing,[-0.48080528  0.59740651 -0.20557775]
74.22372198104858,1002,False,4,0,[-5.31452661  2.58258139  4.00000128],cruising,[ 0.5677905  -0.59831228 -0.99408226]
74.22372198104858,1003,False,1,2,[5.45789238 1.62607006 1.29277025],waiting,[ 0.63925976  0.24903542 -0.34837281]
74.22372198104858,1004,False,2,4,[-5.17495552  6.70677183  4.002041  ],cruising,[-0.62185191  0.08809385  0.93462812]
74.22372198104858,1005,False,5,6,[8.82014762 9.12432315 1.67161233],landing,[ 0.50568378 -0.03156594 -0.11489306]
74.30973672866821,1000,False,0,5,[-2.07771629 -3.70597114  4.        ],cruising,[-0.82138112 -0.19970136 -0.21083176]
74.30973672866821,1001,False,6,3,[-0.5035749  -8.04341965  2.84031105],landing,[-0.48080528  0.59740651 -0.20557775]
74.30973672866821,1002,False,4,0,[-5.42633012  2.74841256  4.00000109],cruising,[ 0.5677905  -0.59831228 -0.99408226]
74.30973672866821,1003,False,1,2,[5.45789238 1.62607006 1.29277025],queued,[ 0.63925976  0.24903542 -0.34837281]
74.30973672866821,1004,False,2,4,[-4.98448513  6.75615966  4.00188364],cruising,[-0.62185191  0.08809385  0.93462812]
74.30973672866821,1005,False,5,6,[8.83913558 9.11119771 1.57431289],landing,[ 0.50568378 -0.03156594 -0.11489306]
74.40909910202026,1000,False,0,5,[-2.26176992 -3.67701325  4.        ],cruising,[-0.82138112 -0.19970136 -0.21083176]
74.40909910202026,1001,False,6,3,[-0.52667638 -8.04139909  2.74303701],landing,[-0.48080528  0.59740651 -0.20557775]
74.40909910202026,1002,False,4,0,[-5.5362029   2.9155292   4.00000092],cruising,[ 0.5677905  -0.59831228 -0.99408226]
74.40909910202026,1003,False,1,2,[5.45789238 1.62607006 1.31277025],queued,[ 0.63925976  0.24903542 -0.34837281]
74.40909910202026,1004,False,2,4,[-4.78949752  6.80065499  4.0016011 ],cruising,[-0.62185191  0.08809385  0.93462812]
74.40909910202026,1005,False,5,6,[8.85812354 9.09807226 1.47701345],fake_landed,[ 0.50568378 -0.03156594 -0.11489306]
74.51752924919128,1000,False,0,5,[-2.43691415 -3.63014941  4.        ],cruising,[-0.82138112 -0.19970136 -0.21083176]
74.51752924919128,1001,False,6,3,[-0.54977786 -8.03937853  2.64576297],landing,[-0.48080528  0.59740651 -0.20557775]
74.51752924919128,1002,False,4,0,[-5.64376505  3.08414232  4.00000079],cruising,[ 0.5677905  -0.59831228 -0.99408226]
74.51752924919128,1003,False,1,2,[5.45789238 1.62607006 1.35277025],queued,[ 0.63925976  0.24903542 -0.34837281]
74.51752924919128,1004,False,2,4,[-4.59537367  6.84877911  4.00136093],cruising,[-0.62185191  0.08809385  0.93462812]
74.51752924919128,1005,False,5,6,[8.8733139  9.0875719  1.39917391],fake_landed,[ 0.50568378 -0.03156594 -0.11489306]
74.60848355293274,1000,False,0,5,[-2.60104045 -3.5665941   4.        ],cruising,[-0.82138112 -0.19970136 -0.21083176]
74.60848355293274,1001,False,6,3,[-0.57287934 -8.03735797  2.54848893],landing,[-0.48080528  0.59740651 -0.20557775]
74.60848355293274,1002,False,4,0,[-5.74857841  3.25447776  4.00000067],cruising,[ 0.5677905  -0.59831228 -0.99408226]
74.60848355293274,1003,False,1,2,[5.45789238 1.62607006 1.41277025],queued,[ 0.63925976  0.24903542 -0.34837281]
74.60848355293274,1004,False,2,4,[-4.40180037  6.89907201  4.00115679],cruising,[-0.62185191  0.08809385  0.93462812]
74.60848355293274,1005,False,5,6,[8.88470668 9.07969664 1.34079424],fake_landed,[ 0.50568378 -0.03156594 -0.11489306]
74.72088360786438,1000,False,0,5,[-2.75238018 -3.48766012  4.        ],cruising,[-0.82138112 -0.19970136 -0.21083176]
74.72088360786438,1001,False,6,3,[-0.59598082 -8.0353374   2.45121489],landing,[-0.48080528  0.59740651 -0.20557775]
74.72088360786438,1002,False,4,0,[-5.85012464  3.42678087  4.00000057],cruising,[ 0.5677905  -0.59831228 -0.99408226]
74.72088360786438,1003,False,1,2,[5.45789238 1.62607006 1.48777025],queued,[ 0.63925976  0.24903542 -0.34837281]
74.72088360786438,1004,False,2,4,[-4.20845949  6.95025117  4.00098327],cruising,[-0.62185191  0.08809385  0.93462812]
74.72088360786438,1005,False,5,6,[8.89230186 9.07444646 1.30187447],fake_landed,[ 0.50568378 -0.03156594 -0.11489306]
74.81932783126831,1000,False,0,5,[-2.88938895 -3.39477538  4.        ],cruising,[-0.82138112 -0.19970136 -0.21083176]
74.81932783126831,1001,False,6,3,[-0.6190823  -8.03331684  2.35394084],landing,[-0.48080528  0.59740651 -0.20557775]
74.81932783126831,1002,False,4,0,[-5.94777732  3.60132013  4.00000048],cruising,[ 0.5677905  -0.59831228 -0.99408226]
74.81932783126831,1003,False,1,2,[5.45789238 1.62607006 1.56277025],queued,[ 0.63925976  0.24903542 -0.34837281]
74.81932783126831,1004,False,2,4,[-4.01443207  6.99876259  4.00083578],cruising,[-0.62185191  0.08809385  0.93462812]
74.81932783126831,1005,False,5,6,[8.89609945 9.07182137 1.28241458],fake_landed,[ 0.50568378 -0.03156594 -0.11489306]
74.91542053222656,1000,False,0,5,[-3.01069608 -3.28950282  4.        ],cruising,[-0.82138112 -0.19970136 -0.21083176]
74.91542053222656,1001,False,6,3,[-0.64218377 -8.03129628  2.2566668 ],landing,[-0.48080528  0.59740651 -0.20557775]
74.91542053222656,1002,False,4,0,[-6.04076528  3.77838859  4.00000041],cruising,[ 0.5677905  -0.59831228 -0.99408226]
74.91542053222656,1003,False,1,2,[5.45789238 1.62607006 1.63777025],queued,[ 0.63925976  0.24903542 -0.34837281]
74.91542053222656,1004,False,2,4,[-3.8202437   7.04662572  4.00071042],cruising,[-0.62185191  0.08809385  0.93462812]
74.91542053222656,1005,False,6,1,[8.89609945 9.07182137 1.28241458],waiting,[ 0.50568378 -0.03156594 -0.11489306]
75.00953316688538,1000,False,0,5,[-3.11514424 -3.17347035  4.        ],cruising,[-0.82138112 -0.19970136 -0.21083176]
75.00953316688538,1001,False,6,3,[-0.66528525 -8.02927571  2.15939276],landing,[-0.48080528  0.59740651 -0.20557775]
75.00953316688538,1002,False,4,0,[-6.12812402  3.95830093  4.00000035],cruising,[ 0.5677905  -0.59831228 -0.99408226]
75.00953316688538,1003,False,1,2,[5.45789238 1.62607006 1.71277025],queued,[ 0.63925976  0.24903542 -0.34837281]
75.00953316688538,1004,False,2,4,[-3.62567571  7.09292145  4.00060385],cruising,[-0.62185191  0.08809385  0.93462812]
75.00953316688538,1005,False,6,1,[8.89609945 9.07182137 1.28241458],waiting,[ 0.50568378 -0.03156594 -0.11489306]
75.11030626296997,1000,False,0,5,[-3.20173345 -3.04843467  4.        ],cruising,[-0.82138112 -0.19970136 -0.21083176]
75.11030626296997,1001,False,6,3,[-0.68838673 -8.02725515  2.06211872],landing,[-0.48080528  0.59740651 -0.20557775]
75.11030626296997,1002,False,4,0,[-6.20863054  4.14138206  4.0000003 ],cruising,[ 0.5677905  -0.59831228 -0.99408226]
75.11030626296997,1003,False,1,2,[5.45789238 1.62607006 1.78777025],queued,[ 0.63925976  0.24903542 -0.34837281]
75.11030626296997,1004,False,2,4,[-3.43003101  7.13443234  4.00051327],cruising,[-0.62185191  0.08809385  0.93462812]
75.11030626296997,1005,False,6,1,[8.89609945 9.07182137 1.28241458],waiting,[ 0.50568378 -0.03156594 -0.11489306]
75.22186970710754,1000,False,0,5,[-3.27014822 -2.91505097  4.        ],cruising,[-0.82138112 -0.19970136 -0.21083176]
75.22186970710754,1001,False,6,3,[-0.71148821 -8.02523459  1.96484468],landing,[-0.48080528  0.59740651 -0.20557775]
75.22186970710754,1002,False,4,0,[-6.28071679  4.32793922  4.00000025],cruising,[ 0.5677905  -0.59831228 -0.99408226]
75.22186970710754,1003,False,1,2,[5.45789238 1.62607006 1.86277025],queued,[ 0.63925976  0.24903542 -0.34837281]
75.22186970710754,1004,False,2,4,[-3.2338317   7.17323735  4.00043628],cruising,[-0.62185191  0.08809385  0.93462812]
75.22186970710754,1005,False,6,1,[8.89609945 9.07182137 1.28241458],waiting,[ 0.50568378 -0.03156594 -0.11489306]
75.3090136051178,1000,False,0,5,[-3.32016883 -2.7738152   4.        ],cruising,[-0.82138112 -0.19970136 -0.21083176]
75.3090136051178,1001,False,6,3,[-0.73458969 -8.02321402  1.86757064],landing,[-0.48080528  0.59740651 -0.20557775]
75.3090136051178,1002,False,4,0,[-6.33677837  4.51992125  4.00000021],cruising,[ 0.5677905  -0.59831228 -0.99408226]
75.3090136051178,1003,False,1,2,[5.45789238 1.62607006 1.93777025],queued,[ 0.63925976  0.24903542 -0.34837281]
75.3090136051178,1004,False,2,4,[-3.0369733   7.208547    4.00037084],cruising,[-0.62185191  0.08809385  0.93462812]
75.3090136051178,1005,False,6,1,[8.89609945 9.07182137 1.28241458],waiting,[ 0.50568378 -0.03156594 -0.11489306]
75.40917754173279,1000,False,0,5,[-3.35165296 -2.62506951  4.        ],cruising,[-0.82138112 -0.19970136 -0.21083176]
75.40917754173279,1001,False,6,3,[-0.75769116 -8.02119346  1.7702966 ],landing,[-0.48080528  0.59740651 -0.20557775]
75.40917754173279,1002,False,4,0,[-6.37942782  4.7153209   4.00000018],cruising,[ 0.5677905  -0.59831228 -0.99408226]
75.40917754173279,1003,False,1,2,[5.45789238 1.62607006 2.01277025],queued,[ 0.63925976  0.24903542 -0.34837281]
75.40917754173279,1004,False,2,4,[-2.83897714  7.23678738  4.00031521],cruising,[-0.62185191  0.08809385  0.93462812]
75.40917754173279,1005,False,6,1,[8.89609945 9.07182137 1.28241458],waiting,[ 0.50568378 -0.03156594 -0.11489306]
75.5091233253479,1000,False,0,5,[-3.3645536  -2.46893099  4.        ],cruising,[-0.82138112 -0.19970136 -0.21083176]
75.5091233253479,1001,False,6,3,[-0.78079264 -8.0191729   1.67302256],landing,[-0.48080528  0.59740651 -0.20557775]
75.5091233253479,1002,False,4,0,[-6.40229528  4.91366555  4.00000015],cruising,[ 0.5677905  -0.59831228 -0.99408226]
75.5091233253479,1003,False,1,2,[5.45789238 1.62607006 2.08777025],queued,[ 0.63925976  0.24903542 -0.34837281]
75.5091233253479,1004,False,2,4,[-2.64035981  7.26026416  4.00026793],cruising,[-0.62185191  0.08809385  0.93462812]
75.5091233253479,1005,False,6,1,[8.89609945 9.07182137 1.28241458],waiting,[ 0.50568378 -0.03156594 -0.11489306]
75.60882258415222,1000,False,0,5,[-3.35905435 -2.30495385  4.        ],cruising,[-0.82138112 -0.19970136 -0.21083176]
75.60882258415222,1001,False,6,3,[-0.80389412 -8.01715234  1.57574852],landing,[-0.48080528  0.59740651 -0.20557775]
75.60882258415222,1002,False,4,0,[-6.40516537  5.1123345   4.00000013],cruising,[ 0.5677905  -0.59831228 -0.99408226]
75.60882258415222,1003,False,1,2,[5.45789238 1.62607006 2.16277025],queued,[ 0.63925976  0.24903542 -0.34837281]
75.60882258415222,1004,False,2,4,[-2.44087272  7.27457844  4.00022774],cruising,[-0.62185191  0.08809385  0.93462812]
75.60882258415222,1005,False,6,1,[8.89609945 9.07182137 1.28241458],waiting,[ 0.50568378 -0.03156594 -0.11489306]
75.70972800254822,1000,False,0,5,[-3.33575153 -2.13186446  4.        ],cruising,[-0.82138112 -0.19970136 -0.21083176]
75.70972800254822,1001,False,6,3,[-0.8269956  -8.01513177  1.47847448],fake_landed,[-0.48080528  0.59740651 -0.20557775]
75.70972800254822,1002,False,4,0,[-6.38817711  5.30862736  4.0000001 ],cruising,[ 0.5677905  -0.59831228 -0.99408226]
75.70972800254822,1003,False,1,2,[5.45789238 1.62607006 2.23777025],queued,[ 0.63925976  0.24903542 -0.34837281]
75.70972800254822,1004,False,2,4,[-2.24090831  7.27835125  4.00019358],cruising,[-0.62185191  0.08809385  0.93462812]
75.70972800254822,1005,False,6,1,[8.89609945 9.07182137 1.28241458],waiting,[ 0.50568378 -0.03156594 -0.11489306]
75.81022644042969,1000,False,0,5,[-3.29684999 -1.94625789  4.        ],cruising,[-0.82138112 -0.19970136 -0.21083176]
75.81022644042969,1001,False,6,3,[-0.84547678 -8.01351532  1.40065524],fake_landed,[-0.48080528  0.59740651 -0.20557775]
75.81022644042969,1002,False,4,0,[-6.35179022  5.50005265  4.00000008],cruising,[ 0.5677905  -0.59831228 -0.99408226]
75.81022644042969,1003,False,1,2,[5.45789238 1.62607006 2.31277025],queued,[ 0.63925976  0.24903542 -0.34837281]
75.81022644042969,1004,False,2,4,[-2.0413704   7.26476358  4.00016454],cruising,[-0.62185191  0.08809385  0.93462812]
75.81022644042969,1005,False,6,1,[8.89609945 9.07182137 1.28241458],waiting,[ 0.50568378 -0.03156594 -0.11489306]
75.91774988174438,1000,False,0,5,[-3.26203903 -1.7493107   4.        ],cruising,[-0.82138112 -0.19970136 -0.21083176]
75.91774988174438,1001,False,6,3,[-0.85933767 -8.01230298  1.34229082],fake_landed,[-0.48080528  0.59740651 -0.20557775]
75.91774988174438,1002,False,4,0,[-6.29674743  5.68426979  4.00000006],cruising,[ 0.5677905  -0.59831228 -0.99408226]
75.91774988174438,1003,False,1,2,[5.45789238 1.62607006 2.38777025],queued,[ 0.63925976  0.24903542 -0.34837281]
75.91774988174438,1004,False,2,4,[-1.8440157   7.23234256  4.00013986],cruising,[-0.62185191  0.08809385  0.93462812]
75.91774988174438,1005,False,6,1,[8.89609945 9.07182137 1.28241458],waiting,[ 0.50568378 -0.03156594 -0.11489306]
76.0137586593628,1000,False,0,5,[-3.24384989 -1.55013952  4.        ],cruising,[-0.82138112 -0.19970136 -0.21083176]
76.0137586593628,1001,False,6,3,[-0.86857826 -8.01149476  1.3033812 ],fake_landed,[-0.48080528  0.59740651 -0.20557775]
76.0137586593628,1002,False,4,0,[-6.22395872  5.85926292  4.00000004],cruising,[ 0.5677905  -0.59831228 -0.99408226]
76.0137586593628,1003,False,1,2,[5.45789238 1.62607006 2.46277025],queued,[ 0.63925976  0.24903542 -0.34837281]
76.0137586593628,1004,False,2,4,[-1.64883964  7.18868132  4.00011888],cruising,[-0.62185191  0.08809385  0.93462812]
76.0137586593628,1005,False,6,1,[8.89609945 9.07182137 1.28241458],waiting,[ 0.50568378 -0.03156594 -0.11489306]
76.11070442199707,1000,False,0,5,[-3.2420092 -1.350148   4.       ],cruising,[-0.82138112 -0.19970136 -0.21083176]
76.11070442199707,1001,False,6,3,[-0.87319855 -8.01109065  1.28392639],fake_landed,[-0.48080528  0.59740651 -0.20557775]
76.11070442199707,1002,False,4,0,[-6.13464217  6.02299417  4.00000003],cruising,[ 0.5677905  -0.59831228 -0.99408226]
76.11070442199707,1003,False,1,2,[5.45789238 1.62607006 2.53777025],queued,[ 0.63925976  0.24903542 -0.34837281]
76.11070442199707,1004,False,2,4,[-1.45791366  7.12912236  4.00010105],cruising,[-0.62185191  0.08809385  0.93462812]
76.11070442199707,1005,False,6,1,[8.89609945 9.07182137 1.28241458],waiting,[ 0.50568378 -0.03156594 -0.11489306]
76.22291779518127,1000,False,0,5,[-3.25475045 -1.15055426  4.        ],cruising,[-0.82138112 -0.19970136 -0.21083176]
76.22291779518127,1001,False,3,6,[-0.87319855 -8.01109065  1.28392639],waiting,[-0.48080528  0.59740651 -0.20557775]
76.22291779518127,1002,False,4,0,[-6.02980664  6.17410948  4.00000001],cruising,[ 0.5677905  -0.59831228 -0.99408226]
76.22291779518127,1003,False,1,2,[5.45789238 1.62607006 2.61277025],entering,[ 0.63925976  0.24903542 -0.34837281]
76.22291779518127,1004,False,2,4,[-1.27154296  7.0565554   4.00008589],cruising,[-0.62185191  0.08809385  0.93462812]
76.22291779518127,1005,False,6,1,[8.89609945 9.07182137 1.28241458],queued,[ 0.50568378 -0.03156594 -0.11489306]
76.31543111801147,1000,False,0,5,[-3.28170976 -0.9523796   4.        ],cruising,[-0.82138112 -0.19970136 -0.21083176]
76.31543111801147,1001,False,3,6,[-0.87319855 -8.01109065  1.28392639],waiting,[-0.48080528  0.59740651 -0.20557775]
76.31543111801147,1002,False,4,0,[-5.91036829  6.31155887  4.        ],cruising,[ 0.5677905  -0.59831228 -0.99408226]
76.31543111801147,1003,False,1,2,[5.47758437 1.62257353 2.68777025],entering,[ 0.63925976  0.24903542 -0.34837281]
76.31543111801147,1004,False,2,4,[-1.0895486   6.97362137  4.00007301],cruising,[-0.62185191  0.08809385  0.93462812]
76.31543111801147,1005,False,6,1,[8.89609945 9.07182137 1.30241458],queued,[ 0.50568378 -0.03156594 -0.11489306]
76.41087198257446,1000,False,0,5,[-3.32172534 -0.7564236   4.        ],cruising,[-0.82138112 -0.19970136 -0.21083176]
76.41087198257446,1001,False,3,6,[-0.87319855 -8.01109065  1.28392639],waiting,[-0.48080528  0.59740651 -0.20557775]
76.41087198257446,1002,False,4,0,[-5.77721299  6.43445335  3.99999999],cruising,[ 0.5677905  -0.59831228 -0.99408226]
76.41087198257446,1003,False,1,2,[5.51696265 1.6155486  2.76277025],entering,[ 0.63925976  0.24903542 -0.34837281]
76.41087198257446,1004,False,2,4,[-0.9114427   6.88263628  4.00006206],cruising,[-0.62185191  0.08809385  0.93462812]
76.41087198257446,1005,False,6,1,[8.89609945 9.07182137 1.34241458],queued,[ 0.50568378 -0.03156594 -0.11489306]
76.51023507118225,1000,False,0,5,[-3.37373114 -0.56330344  4.        ],cruising,[-0.82138112 -0.19970136 -0.21083176]
76.51023507118225,1001,False,3,6,[-0.87319855 -8.01109065  1.28392639],waiting,[-0.48080528  0.59740651 -0.20557775]
76.51023507118225,1002,False,4,0,[-5.63116349  6.54205929  3.99999999],cruising,[ 0.5677905  -0.59831228 -0.99408226]
76.51023507118225,1003,False,1,2,[5.57601444 1.60492463 2.83777025],entering,[ 0.63925976  0.24903542 -0.34837281]
76.51023507118225,1004,False,2,4,[-0.73544437  6.78763844  4.00005275],cruising,[-0.62185191  0.08809385  0.93462812]
76.51023507118225,1005,False,6,1,[8.89609945 9.07182137 1.40241458],queued,[ 0.50568378 -0.03156594 -0.11489306]
76.61041641235352,1000,False,0,5,[-3.43504744 -0.37293456  4.        ],cruising,[-0.82138112 -0.19970136 -0.21083176]
76.61041641235352,1001,False,3,6,[-0.87319855 -8.01109065  1.28392639],waiting,[-0.48080528  0.59740651 -0.20557775]
76.61041641235352,1002,False,4,0,[-5.47294561  6.6337929   3.99999998],cruising,[ 0.5677905  -0.59831228 -0.99408226]
76.61041641235352,1003,False,1,2,[5.65466549 1.59031702 2.91277025],entering,[ 0.63925976  0.24903542 -0.34837281]
76.61041641235352,1004,False,2,4,[-0.56245246  6.68727013  4.00004484],cruising,[-0.62185191  0.08809385  0.93462812]
76.61041641235352,1005,False,6,1,[8.89609945 9.07182137 1.47741458],queued,[ 0.50568378 -0.03156594 -0.11489306]
76.7233247756958,1000,False,0,5,[-3.50693992 -0.18630264  4.        ],cruising,[-0.82138112 -0.19970136 -0.21083176]
76.7233247756958,1001,False,3,6,[-0.87319855 -8.01109065  1.28392639],waiting,[-0.48080528  0.59740651 -0.20557775]
76.7233247756958,1002,False,4,0,[-5.30314787  6.70921988  3.99999998],cruising,[ 0.5677905  -0.59831228 -0.99408226]
76.7233247756958,1003,False,1,2,[5.75283424 1.57134373 2.98777025],entering,[ 0.63925976  0.24903542 -0.34837281]
76.7233247756958,1004,False,2,4,[-0.39164868  6.58322173  4.00003811],cruising,[-0.62185191  0.08809385  0.93462812]
76.7233247756958,1005,False,6,1,[8.89609945 9.07182137 1.55241458],entering,[ 0.50568378 -0.03156594 -0.11489306]
76.82210278511047,1000,False,0,5,[-3.58894890e+00 -3.88957512e-03  4.00000000e+00],cruising,[-0.82138112 -0.19970136 -0.21083176]
76.82210278511047,1001,False,3,6,[-0.87319855 -8.01109065  1.28392639],waiting,[-0.48080528  0.59740651 -0.20557775]
76.82210278511047,1002,False,4,0,[-5.12217419  6.76806075  3.99999998],cruising,[ 0.5677905  -0.59831228 -0.99408226]
76.82210278511047,1003,False,1,2,[5.87037879 1.54741282 3.06277025],entering,[ 0.63925976  0.24903542 -0.34837281]
76.82210278511047,1004,False,2,4,[-0.22174127  6.47771594  4.00003239],cruising,[-0.62185191  0.08809385  0.93462812]
76.82210278511047,1005,False,6,1,[8.89187177 9.05227331 1.62741458],entering,[ 0.50568378 -0.03156594 -0.11489306]
76.90969514846802,1000,False,0,5,[-3.67950335  0.17443567  4.        ],cruising,[-0.82138112 -0.19970136 -0.21083176]
76.90969514846802,1001,False,3,6,[-0.87319855 -8.01109065  1.28392639],queued,[-0.48080528  0.59740651 -0.20557775]
76.90969514846802,1002,False,4,0,[-4.93049042  6.81001098  3.99999998],cruising,[ 0.5677905  -0.59831228 -0.99408226]
76.90969514846802,1003,False,1,2,[6.00711235 1.51784433 3.13777025],entering,[ 0.63925976  0.24903542 -0.34837281]
76.90969514846802,1004,False,2,4,[-0.05287931  6.37054487  4.00002754],cruising,[-0.62185191  0.08809385  0.93462812]
76.90969514846802,1005,False,6,1,[8.88341642 9.01317718 1.70241458],entering,[ 0.50568378 -0.03156594 -0.11489306]
77.01315402984619,1000,False,0,5,[-3.77694615  0.34909219  4.        ],cruising,[-0.82138112 -0.19970136 -0.21083176]
77.01315402984619,1001,False,3,6,[-0.87319855 -8.01109065  1.30392639],queued,[-0.48080528  0.59740651 -0.20557775]
77.01315402984619,1002,False,4,0,[-4.73398282  6.84722342  3.99999998],cruising,[ 0.5677905  -0.59831228 -0.99408226]
77.01315402984619,1003,False,1,2,[6.16235662 1.48070262 3.21277025],entering,[ 0.63925976  0.24903542 -0.34837281]
77.01315402984619,1004,False,2,4,[0.11580689 6.26309737 4.00002341],cruising,[-0.62185191  0.08809385  0.93462812]
77.01315402984619,1005,False,6,1,[8.87073339 8.95453299 1.77741458],entering,[ 0.50568378 -0.03156594 -0.11489306]
77.1187744140625,1000,False,0,5,[-3.88130593  0.51970589  4.        ],cruising,[-0.82138112 -0.19970136 -0.21083176]
77.1187744140625,1001,False,3,6,[-0.87319855 -8.01109065  1.34392639],queued,[-0.48080528  0.59740651 -0.20557775]
77.1187744140625,1002,False,4,0,[-4.53841635  6.88910129  3.99999999],cruising,[ 0.5677905  -0.59831228 -0.99408226]
77.1187744140625,1003,False,1,2,[6.33518635 1.43403455 3.28777025],entering,[ 0.63925976  0.24903542 -0.34837281]
77.1187744140625,1004,False,2,4,[0.28457978 6.15578607 4.00001989],cruising,[-0.62185191  0.08809385  0.93462812]
77.1187744140625,1005,False,6,1,[8.85382269 8.87634074 1.85241458],entering,[ 0.50568378 -0.03156594 -0.11489306]
77.21901297569275,1000,False,0,5,[-3.98922815  0.68808878  4.        ],cruising,[-0.82138112 -0.19970136 -0.21083176]
77.21901297569275,1001,False,3,6,[-0.87319855 -8.01109065  1.40392639],queued,[-0.48080528  0.59740651 -0.20557775]
77.21901297569275,1002,False,4,0,[-4.34353254  6.93404903  3.99999999],cruising,[ 0.5677905  -0.59831228 -0.99408226]
77.21901297569275,1003,False,1,2,[6.521481   1.37257811 3.36277025],entering,[ 0.63925976  0.24903542 -0.34837281]
77.21901297569275,1004,False,2,4,[0.45385704 6.04927218 4.00001691],cruising,[-0.62185191  0.08809385  0.93462812]
77.21901297569275,1005,False,6,1,[8.83268716 8.77859981 1.92741458],entering,[ 0.50568378 -0.03156594 -0.11489306]
77.31721377372742,1000,False,0,5,[-4.09990327  0.85467514  4.        ],cruising,[-0.82138112 -0.19970136 -0.21083176]
77.31721377372742,1001,False,3,6,[-0.87319855 -8.01109065  1.47892639],queued,[-0.48080528  0.59740651 -0.20557775]
77.31721377372742,1002,False,4,0,[-4.14903323  6.9806325   3.99999999],cruising,[ 0.5677905  -0.59831228 -0.99408226]
77.31721377372742,1003,False,1,2,[6.70836128 1.30133375 3.43777025],entering,[ 0.63925976  0.24903542 -0.34837281]
77.31721377372742,1004,False,2,4,[0.62390046 5.94398574 4.00001437],cruising,[-0.62185191  0.08809385  0.93462812]
77.31721377372742,1005,False,6,1,[8.80748429 8.66127683 2.00241458],entering,[ 0.50568378 -0.03156594 -0.11489306]
77.42308068275452,1000,False,0,5,[-4.21265764  1.01986125  4.        ],cruising,[-0.82138112 -0.19970136 -0.21083176]
77.42308068275452,1001,False,3,6,[-0.87319855 -8.01109065  1.55392639],queued,[-0.48080528  0.59740651 -0.20557775]
77.42308068275452,1002,False,4,0,[-3.95462855  7.02760931  3.99999999],cruising,[ 0.5677905  -0.59831228 -0.99408226]
77.42308068275452,1003,False,1,2,[6.89122349 1.22033119 3.51277025],entering,[ 0.63925976  0.24903542 -0.34837281]
77.42308068275452,1004,False,2,4,[0.79547438 5.84121226 4.00001222],cruising,[-0.62185191  0.08809385  0.93462812]
77.42308068275452,1005,False,6,1,[8.77845947 8.52432243 2.07741458],entering,[ 0.50568378 -0.03156594 -0.11489306]
77.52385973930359,1000,False,0,5,[-4.32692724  1.18400284  4.        ],cruising,[-0.82138112 -0.19970136 -0.21083176]
77.52385973930359,1001,False,3,6,[-0.87319855 -8.01109065  1.62892639],queued,[-0.48080528  0.59740651 -0.20557775]
77.52385973930359,1002,False,4,0,[-3.7595021   7.07149175  3.99999999],cruising,[ 0.5677905  -0.59831228 -0.99408226]
77.52385973930359,1003,False,1,2,[7.0690653  1.12883097 3.58585471],entering,[ 0.63925976  0.24903542 -0.34837281]
77.52385973930359,1004,False,2,4,[0.96839181 5.74071568 4.00001038],cruising,[-0.62185191  0.08809385  0.93462812]
77.52385973930359,1005,False,6,1,[8.7460163  8.36766232 2.15241458],entering,[ 0.50568378 -0.03156594 -0.11489306]
77.60916090011597,1000,False,0,5,[-4.4422351   1.34741672  4.        ],cruising,[-0.82138112 -0.19970136 -0.21083176]
77.60916090011597,1001,False,3,6,[-0.87319855 -8.01109065  1.70392639],queued,[-0.48080528  0.59740651 -0.20557775]
77.60916090011597,1002,False,4,0,[-3.5641238   7.11423888  3.99999999],cruising,[ 0.5677905  -0.59831228 -0.99408226]
77.60916090011597,1003,False,1,2,[7.24064545 1.02606789 3.6479765 ],entering,[ 0.63925976  0.24903542 -0.34837281]
77.60916090011597,1004,False,2,4,[1.14366945 5.64439461 4.00000883],cruising,[-0.62185191  0.08809385  0.93462812]
77.60916090011597,1005,False,6,1,[8.71050486 8.19123897 2.22741458],entering,[ 0.50568378 -0.03156594 -0.11489306]
77.71556162834167,1000,False,0,5,[-4.55799762  1.51050884  4.        ],cruising,[-0.82138112 -0.19970136 -0.21083176]
77.71556162834167,1001,False,3,6,[-0.87319855 -8.01109065  1.77892639],queued,[-0.48080528  0.59740651 -0.20557775]
77.71556162834167,1002,False,4,0,[-3.36830775  7.15493381  3.99999999],cruising,[ 0.5677905  -0.59831228 -0.99408226]
77.71556162834167,1003,False,1,2,[7.40445729 0.91132609 3.70078003],entering,[ 0.63925976  0.24903542 -0.34837281]
77.71556162834167,1004,False,2,4,[1.32074121 5.55141292 4.0000075 ],cruising,[-0.62185191  0.08809385  0.93462812]
77.71556162834167,1005,False,6,1,[8.67196288 7.99504655 2.30241458],entering,[ 0.50568378 -0.03156594 -0.11489306]
77.81981301307678,1000,False,0,5,[-4.67421438  1.67327758  4.        ],cruising,[-0.82138112 -0.19970136 -0.21083176]
77.81981301307678,1001,False,3,6,[-0.87319855 -8.01109065  1.85392639],entering,[-0.48080528  0.59740651 -0.20557775]
77.81981301307678,1002,False,4,0,[-3.17144323  7.19020931  4.        ],cruising,[ 0.5677905  -0.59831228 -0.99408226]
77.81981301307678,1003,False,1,2,[7.56009174 0.7857159  3.74566302],entering,[ 0.63925976  0.24903542 -0.34837281]
77.81981301307678,1004,False,2,4,[1.49982275 5.46236349 4.00000638],cruising,[-0.62185191  0.08809385  0.93462812]
77.81981301307678,1005,False,6,1,[8.63341228 7.79879709 2.37741458],entering,[ 0.50568378 -0.03156594 -0.11489306]
77.92415022850037,1000,False,0,5,[-4.79051592  1.83598576  4.        ],cruising,[-0.82138112 -0.19970136 -0.21083176]
77.92415022850037,1001,False,3,6,[-0.87969001 -7.99217343  1.92892639],entering,[-0.48080528  0.59740651 -0.20557775]
77.92415022850037,1002,False,4,0,[-2.97401597  7.22218547  4.        ],cruising,[ 0.5677905  -0.59831228 -0.99408226]
77.92415022850037,1003,False,1,2,[7.70424386 0.64707909 3.78381357],entering,[ 0.63925976  0.24903542 -0.34837281]
77.92415022850037,1004,False,2,4,[1.68213046 5.38012057 4.00000542],cruising,[-0.62185191  0.08809385  0.93462812]
77.92415022850037,1005,False,6,1,[8.59542514 7.60243779 2.45241458],entering,[ 0.50568378 -0.03156594 -0.11489306]
78.01067638397217,1000,False,0,5,[-4.90657168  1.99886934  4.        ],cruising,[-0.82138112 -0.19970136 -0.21083176]
78.01067638397217,1001,False,3,6,[-0.89267292 -7.954339    2.00392639],entering,[-0.48080528  0.59740651 -0.20557775]
78.01067638397217,1002,False,4,0,[-2.77557824  7.24713477  4.        ],cruising,[ 0.5677905  -0.59831228 -0.99408226]
78.01067638397217,1003,False,1,2,[7.83492457 0.49567713 3.81624153],entering,[ 0.63925976  0.24903542 -0.34837281]
78.01067638397217,1004,False,2,4,[1.86663174 5.30292422 4.00000461],cruising,[-0.62185191  0.08809385  0.93462812]
78.01067638397217,1005,False,6,1,[8.56002762 7.40559517 2.52741458],entering,[ 0.50568378 -0.03156594 -0.11489306]
78.11843252182007,1000,False,0,5,[-5.02207596  2.16214445  4.        ],cruising,[-0.82138112 -0.19970136 -0.21083176]
78.11843252182007,1001,False,3,6,[-0.91214728 -7.89758736  2.07892639],entering,[-0.48080528  0.59740651 -0.20557775]
78.11843252182007,1002,False,4,0,[-2.57659491  7.26727517  4.        ],cruising,[ 0.5677905  -0.59831228 -0.99408226]
78.11843252182007,1003,False,1,2,[7.95042536 0.33239956 3.8438053 ],entering,[ 0.63925976  0.24903542 -0.34837281]
78.11843252182007,1004,False,2,4,[2.05343418 5.23147597 4.00000392],cruising,[-0.62185191  0.08809385  0.93462812]
78.11843252182007,1005,False,6,1,[8.52584876 7.2085373  2.60241458],entering,[ 0.50568378 -0.03156594 -0.11489306]
78.21320867538452,1000,False,0,5,[-5.13720109  2.32568712  4.        ],cruising,[-0.82138112 -0.19970136 -0.21083176]
78.21320867538452,1001,False,3,6,[-0.93811309 -7.8219185   2.15392639],entering,[-0.48080528  0.59740651 -0.20557775]
78.21320867538452,1002,False,4,0,[-2.37688098  7.27796841  4.        ],cruising,[ 0.5677905  -0.59831228 -0.99408226]
78.21320867538452,1003,False,1,2,[8.04964288 0.15874506 3.86723451],cruising,[ 0.63925976  0.24903542 -0.34837281]
78.21320867538452,1004,False,2,4,[2.24257815 5.16647939 4.00000333],cruising,[-0.62185191  0.08809385  0.93462812]
78.21320867538452,1005,False,6,1,[8.49166991 7.01147942 2.67741458],entering,[ 0.50568378 -0.03156594 -0.11489306]
78.31289577484131,1000,False,0,5,[-5.25122781  2.48999752  4.        ],cruising,[-0.82138112 -0.19970136 -0.21083176]
78.31289577484131,1001,False,3,6,[-0.97057036 -7.72733242  2.22892639],entering,[-0.48080528  0.59740651 -0.20557775]
78.31289577484131,1002,False,4,0,[-2.17688218  7.27727562  4.        ],cruising,[ 0.5677905  -0.59831228 -0.99408226]
78.31289577484131,1003,False,1,2,[ 8.13126047 -0.02379475  3.88730311],cruising,[ 0.63925976  0.24903542 -0.34837281]
78.31289577484131,1004,False,2,4,[2.4363181  5.11683231 4.00000283],cruising,[-0.62185191  0.08809385  0.93462812]
78.31289577484131,1005,False,6,1,[8.45894512 6.81417487 2.75241458],entering,[ 0.50568378 -0.03156594 -0.11489306]
78.41727066040039,1000,False,0,5,[-5.36384848  2.65527482  4.        ],cruising,[-0.82138112 -0.19970136 -0.21083176]
78.41727066040039,1001,False,3,6,[-1.00951909 -7.61382913  2.30392639],entering,[-0.48080528  0.59740651 -0.20557775]
78.41727066040039,1002,False,4,0,[-1.97791714  7.25695537  4.        ],cruising,[ 0.5677905  -0.59831228 -0.99408226]
78.41727066040039,1003,False,1,2,[ 8.19617134 -0.21296816  3.90420764],cruising,[ 0.63925976  0.24903542 -0.34837281]
78.41727066040039,1004,False,2,4,[2.632053   5.07574888 4.00000241],cruising,[-0.62185191  0.08809385  0.93462812]
78.41727066040039,1005,False,6,1,[8.42980522 6.61630909 2.82741458],entering,[ 0.50568378 -0.03156594 -0.11489306]
78.52301740646362,1000,False,0,5,[-5.47473735  2.82171898  4.        ],cruising,[-0.82138112 -0.19970136 -0.21083176]
78.52301740646362,1001,False,3,6,[-1.05495926 -7.48140862  2.37892639],entering,[-0.48080528  0.59740651 -0.20557775]
78.52301740646362,1002,False,4,0,[-1.78058366  7.22440543  4.        ],cruising,[ 0.5677905  -0.59831228 -0.99408226]
78.52301740646362,1003,False,1,2,[ 8.24656885 -0.40651426  3.9185765 ],cruising,[ 0.63925976  0.24903542 -0.34837281]
78.52301740646362,1004,False,2,4,[2.82916516 5.04188448 4.00000204],cruising,[-0.62185191  0.08809385  0.93462812]
78.52301740646362,1005,False,6,1,[8.40066533 6.41844331 2.90241458],entering,[ 0.50568378 -0.03156594 -0.11489306]
78.61846661567688,1000,False,0,5,[-5.58353651  2.98953657  4.        ],cruising,[-0.82138112 -0.19970136 -0.21083176]
78.61846661567688,1001,False,3,6,[-1.1068909  -7.3300709   2.45392639],entering,[-0.48080528  0.59740651 -0.20557775]
78.61846661567688,1002,False,4,0,[-1.58696737  7.17427828  4.        ],cruising,[ 0.5677905  -0.59831228 -0.99408226]
78.61846661567688,1003,False,1,2,[ 8.2840206  -0.60297638  3.93079002],cruising,[ 0.63925976  0.24903542 -0.34837281]
78.61846661567688,1004,False,2,4,[3.02720923 5.01398201 4.00000174],cruising,[-0.62185191  0.08809385  0.93462812]
78.61846661567688,1005,False,6,1,[8.37400286 6.22022849 2.97741458],entering,[ 0.50568378 -0.03156594 -0.11489306]
78.71363806724548,1000,False,0,5,[-5.68983979  3.15894616  4.        ],cruising,[-0.82138112 -0.19970136 -0.21083176]
78.71363806724548,1001,False,3,6,[-1.16531398 -7.15981597  2.52892639],entering,[-0.48080528  0.59740651 -0.20557775]
78.71363806724548,1002,False,4,0,[-1.39775773  7.1094731   4.        ],cruising,[ 0.5677905  -0.59831228 -0.99408226]
78.71363806724548,1003,False,1,2,[ 8.31016617 -0.80126004  3.94117152],cruising,[ 0.63925976  0.24903542 -0.34837281]
78.71363806724548,1004,False,2,4,[3.22587224 4.99089504 4.00000148],cruising,[-0.62185191  0.08809385  0.93462812]
78.71363806724548,1005,False,6,1,[8.35051581 6.02161238 3.05241458],entering,[ 0.50568378 -0.03156594 -0.11489306]
78.80973839759827,1000,False,0,5,[-5.79471019  3.32924649  4.        ],cruising,[-0.82138112 -0.19970136 -0.21083176]
78.80973839759827,1001,False,3,6,[-1.23148209 -6.97112155  2.60392639],entering,[-0.48080528  0.59740651 -0.20557775]
78.80973839759827,1002,False,4,0,[-1.21305833  7.03275196  4.        ],cruising,[ 0.5677905  -0.59831228 -0.99408226]
78.80973839759827,1003,False,1,2,[ 8.32440853 -1.00075228  3.94999579],cruising,[ 0.63925976  0.24903542 -0.34837281]
78.80973839759827,1004,False,2,4,[3.42493861 4.97159275 4.00000126],cruising,[-0.62185191  0.08809385  0.93462812]
78.80973839759827,1005,False,6,1,[8.32819939 5.82286134 3.12741458],entering,[ 0.50568378 -0.03156594 -0.11489306]
78.91808819770813,1000,False,0,5,[-5.89600276  3.50169885  4.        ],cruising,[-0.82138112 -0.19970136 -0.21083176]
78.91808819770813,1001,False,3,6,[-1.29766605 -6.78238977  2.67892639],entering,[-0.48080528  0.59740651 -0.20557775]
78.91808819770813,1002,False,4,0,[-1.03256272  6.94660479  4.        ],cruising,[ 0.5677905  -0.59831228 -0.99408226]
78.91808819770813,1003,False,1,2,[ 8.33052699 -1.20065867  3.95749642],cruising,[ 0.63925976  0.24903542 -0.34837281]
78.91808819770813,1004,False,2,4,[3.62426187 4.95515387 4.00000107],cruising,[-0.62185191  0.08809385  0.93462812]
78.91808819770813,1005,False,6,1,[8.31081474 5.62361834 3.20241458],entering,[ 0.50568378 -0.03156594 -0.11489306]
79.01111912727356,1000,False,0,5,[-5.99309543  3.67655024  4.        ],cruising,[-0.82138112 -0.19970136 -0.21083176]
79.01111912727356,1001,False,3,6,[-1.36385001 -6.59365799  2.75392639],entering,[-0.48080528  0.59740651 -0.20557775]
79.01111912727356,1002,False,4,0,[-0.85571491  6.85319787  4.        ],cruising,[ 0.5677905  -0.59831228 -0.99408226]
79.01111912727356,1003,False,1,2,[ 8.32957222 -1.40065639  3.96387196],cruising,[ 0.63925976  0.24903542 -0.34837281]
79.01111912727356,1004,False,2,4,[3.82374285 4.94075457 4.00000091],cruising,[-0.62185191  0.08809385  0.93462812]
79.01111912727356,1005,False,6,1,[8.2960736  5.42416233 3.27741458],entering,[ 0.50568378 -0.03156594 -0.11489306]
79.12237119674683,1000,False,0,5,[-6.08520896  3.85407517  4.        ],cruising,[-0.82138112 -0.19970136 -0.21083176]
79.12237119674683,1001,False,3,6,[-1.43081179 -6.40520078  2.82892639],entering,[-0.48080528  0.59740651 -0.20557775]
79.12237119674683,1002,False,4,0,[-0.68079123  6.75623547  4.        ],cruising,[ 0.5677905  -0.59831228 -0.99408226]
79.12237119674683,1003,False,1,2,[ 8.32009671 -1.6004318   3.96929116],cruising,[ 0.63925976  0.24903542 -0.34837281]
79.12237119674683,1004,False,2,4,[4.0233133  4.92765352 4.00000077],cruising,[-0.62185191  0.08809385  0.93462812]
79.12237119674683,1005,False,6,1,[8.28497223 5.22447067 3.35241458],entering,[ 0.50568378 -0.03156594 -0.11489306]
79.21604418754578,1000,False,0,5,[-6.16818447  4.03605062  4.        ],cruising,[-0.82138112 -0.19970136 -0.21083176]
79.21604418754578,1001,False,3,6,[-1.49831082 -6.21693533  2.90392639],entering,[-0.48080528  0.59740651 -0.20557775]
79.21604418754578,1002,False,4,0,[-0.50859128  6.65451441  4.        ],cruising,[ 0.5677905  -0.59831228 -0.99408226]
79.21604418754578,1003,False,1,2,[ 8.30533872 -1.79988656  3.97389749],cruising,[ 0.63925976  0.24903542 -0.34837281]
79.21604418754578,1004,False,2,4,[4.22289861 4.91478101 4.00000066],cruising,[-0.62185191  0.08809385  0.93462812]
79.21604418754578,1005,False,6,1,[8.28000646 5.02453233 3.42741458],entering,[ 0.50568378 -0.03156594 -0.11489306]
79.32168126106262,1000,False,0,5,[-6.24389112  4.22116816  4.        ],cruising,[-0.82138112 -0.19970136 -0.21083176]
79.32168126106262,1001,False,3,6,[-1.56580986 -6.02866988  2.97892639],entering,[-0.48080528  0.59740651 -0.20557775]
79.32168126106262,1002,False,4,0,[-0.33762953  6.55072578  4.        ],cruising,[ 0.5677905  -0.59831228 -0.99408226]
79.32168126106262,1003,False,1,2,[ 8.2857115  -1.99892116  3.97781287],cruising,[ 0.63925976  0.24903542 -0.34837281]
79.32168126106262,1004,False,2,4,[4.42250976 4.90231554 4.00000056],cruising,[-0.62185191  0.08809385  0.93462812]
79.32168126106262,1005,False,6,1,[8.28046832 4.82453286 3.50241458],entering,[ 0.50568378 -0.03156594 -0.11489306]
79.41836404800415,1000,False,0,5,[-6.3105062  4.4097482  4.       ],cruising,[-0.82138112 -0.19970136 -0.21083176]
79.41836404800415,1001,False,3,6,[-1.63458503 -5.84086686  3.05392639],entering,[-0.48080528  0.59740651 -0.20557775]
79.41836404800415,1002,False,4,0,[-0.1682283   6.44440916  4.        ],cruising,[ 0.5677905  -0.59831228 -0.99408226]
79.41836404800415,1003,False,1,2,[ 8.25887244 -2.19711214  3.98114094],cruising,[ 0.63925976  0.24903542 -0.34837281]
79.41836404800415,1004,False,2,4,[4.62210268 4.88956142 4.00000047],cruising,[-0.62185191  0.08809385  0.93462812]
79.41836404800415,1005,False,6,1,[8.28504992 4.62458534 3.57705239],entering,[ 0.50568378 -0.03156594 -0.11489306]
79.50903582572937,1000,False,0,5,[-6.35948328  4.6036586   4.        ],exiting,[-0.82138112 -0.19970136 -0.21083176]
79.50903582572937,1001,False,3,6,[-1.7033602  -5.65306383  3.12892639],entering,[-0.48080528  0.59740651 -0.20557775]
79.50903582572937,1002,False,4,0,[6.93060555e-04 6.33733173e+00 4.00000000e+00],cruising,[ 0.5677905  -0.59831228 -0.99408226]
79.50903582572937,1003,False,1,2,[ 8.22792056 -2.39470258  3.9839698 ],cruising,[ 0.63925976  0.24903542 -0.34837281]
79.50903582572937,1004,False,2,4,[4.82163344 4.87586918 4.0000004 ],cruising,[-0.62185191  0.08809385  0.93462812]
79.50903582572937,1005,False,6,1,[8.29442461 4.42480518 3.64049454],entering,[ 0.50568378 -0.03156594 -0.11489306]
79.62040328979492,1000,False,0,5,[-6.41044166  4.77766739  4.        ],exiting,[-0.82138112 -0.19970136 -0.21083176]
79.62040328979492,1001,False,3,6,[-1.77327659 -5.46568267  3.20392639],entering,[-0.48080528  0.59740651 -0.20557775]
79.62040328979492,1002,False,4,0,[0.16924674 6.22967647 4.        ],cruising,[ 0.5677905  -0.59831228 -0.99408226]
79.62040328979492,1003,False,1,2,[ 8.19285413 -2.59160445  3.98637433],cruising,[ 0.63925976  0.24903542 -0.34837281]
79.62040328979492,1004,False,2,4,[5.02105085 4.86061486 4.00000034],cruising,[-0.62185191  0.08809385  0.93462812]
79.62040328979492,1005,False,6,1,[8.30669668 4.22518204 3.69442036],entering,[ 0.50568378 -0.03156594 -0.11489306]
79.71111512184143,1000,False,0,5,[-6.46361686  4.93179941  4.        ],exiting,[-0.82138112 -0.19970136 -0.21083176]
79.71111512184143,1001,False,3,6,[-1.84272831 -5.27812879  3.27892639],entering,[-0.48080528  0.59740651 -0.20557775]
79.71111512184143,1002,False,4,0,[0.33804756 6.12240911 4.        ],exiting,[ 0.5677905  -0.59831228 -0.99408226]
79.71111512184143,1003,False,1,2,[ 8.15031777 -2.78702875  3.98841818],cruising,[ 0.63925976  0.24903542 -0.34837281]
79.71111512184143,1004,False,2,4,[5.22037982 4.84424528 4.00000029],cruising,[-0.62185191  0.08809385  0.93462812]
79.71111512184143,1005,False,6,1,[8.31622808 4.02540929 3.7402573 ],entering,[ 0.50568378 -0.03156594 -0.11489306]
79.81435513496399,1000,False,0,5,[-6.51932442  5.06609241  4.        ],exiting,[-0.82138112 -0.19970136 -0.21083176]
79.81435513496399,1001,False,3,6,[-1.91364882 -5.09112537  3.35392639],entering,[-0.48080528  0.59740651 -0.20557775]
79.81435513496399,1002,False,4,0,[0.49677504 6.03241972 4.        ],exiting,[ 0.5677905  -0.59831228 -0.99408226]
79.81435513496399,1003,False,1,2,[ 8.10375065 -2.98153197  3.99015545],cruising,[ 0.63925976  0.24903542 -0.34837281]
79.81435513496399,1004,False,2,4,[5.41946713 4.8251601  4.00000025],cruising,[-0.62185191  0.08809385  0.93462812]
79.81435513496399,1005,False,6,1,[8.33100271 3.82595576 3.77921871],cruising,[ 0.50568378 -0.03156594 -0.11489306]
79.92012882232666,1000,False,0,5,[-6.57793126  5.18059666  4.        ],exiting,[-0.82138112 -0.19970136 -0.21083176]
79.92012882232666,1001,False,3,6,[-1.98518866 -4.904358    3.42892639],entering,[-0.48080528  0.59740651 -0.20557775]
79.92012882232666,1002,False,4,0,[0.64528073 5.95962088 4.        ],exiting,[ 0.5677905  -0.59831228 -0.99408226]
79.92012882232666,1003,False,1,2,[ 8.04891802 -3.17386861  3.99163213],cruising,[ 0.63925976  0.24903542 -0.34837281]
79.92012882232666,1004,False,2,4,[5.61820063 4.80268801 4.00000021],cruising,[-0.62185191  0.08809385  0.93462812]
79.92012882232666,1005,False,6,1,[8.33999317 3.62615793 3.8123359 ],cruising,[ 0.50568378 -0.03156594 -0.11489306]
80.01829981803894,1000,False,0,5,[-6.63975724  5.27536168  4.        ],exiting,[-0.82138112 -0.19970136 -0.21083176]
80.01829981803894,1001,False,3,6,[-2.05699094 -4.71769136  3.50392639],entering,[-0.48080528  0.59740651 -0.20557775]
80.01829981803894,1002,False,4,0,[0.78339646 5.90391147 4.        ],exiting,[ 0.5677905  -0.59831228 -0.99408226]
80.01829981803894,1003,False,1,2,[ 7.98538605 -3.36350956  3.99288731],cruising,[ 0.63925976  0.24903542 -0.34837281]
80.01829981803894,1004,False,2,4,[5.81642804 4.77611932 4.00000018],cruising,[-0.62185191  0.08809385  0.93462812]
80.01829981803894,1005,False,6,1,[8.34737428 3.42629418 3.84048552],exiting,[ 0.50568378 -0.03156594 -0.11489306]
80.11482381820679,1000,False,0,5,[-6.70500589  5.35114172  4.        ],exiting,[-0.82138112 -0.19970136 -0.21083176]
80.11482381820679,1001,False,3,6,[-2.12868512 -4.53098318  3.57833744],entering,[-0.48080528  0.59740651 -0.20557775]
80.11482381820679,1002,False,4,0,[0.91093003 5.86517314 4.        ],exiting,[ 0.5677905  -0.59831228 -0.99408226]
80.11482381820679,1003,False,1,2,[ 7.91706851 -3.55147954  3.99395422],cruising,[ 0.63925976  0.24903542 -0.34837281]
80.11482381820679,1004,False,2,4,[6.01394252 4.74468638 4.00000015],cruising,[-0.62185191  0.08809385  0.93462812]
80.11482381820679,1005,False,6,1,[8.34427509 3.2434644  3.8687195 ],exiting,[ 0.50568378 -0.03156594 -0.11489306]
80.21352648735046,1000,False,0,5,[-6.77025454  5.42692176  4.        ],exiting,[-0.82138112 -0.19970136 -0.21083176]
80.21352648735046,1001,False,3,6,[-2.19873695 -4.34365261  3.64158682],entering,[-0.48080528  0.59740651 -0.20557775]
80.21352648735046,1002,False,4,0,[1.02765602 5.84326326 4.        ],exiting,[ 0.5677905  -0.59831228 -0.99408226]
80.21352648735046,1003,False,1,2,[ 7.83762772 -3.73502562  3.99486108],cruising,[ 0.63925976  0.24903542 -0.34837281]
80.21352648735046,1004,False,2,4,[6.2104635  4.70754471 4.00000013],cruising,[-0.62185191  0.08809385  0.93462812]
80.21352648735046,1005,False,6,1,[8.33077289 3.07771243 3.89659889],exiting,[ 0.50568378 -0.03156594 -0.11489306]
80.31486821174622,1000,False,0,5,[-6.83550319  5.50270179  4.        ],exiting,[-0.82138112 -0.19970136 -0.21083176]
80.31486821174622,1001,False,3,6,[-2.26341946 -4.154401    3.6953488 ],entering,[-0.48080528  0.59740651 -0.20557775]
80.31486821174622,1002,False,4,0,[1.13329378 5.83799823 4.        ],exiting,[ 0.5677905  -0.59831228 -0.99408226]
80.31486821174622,1003,False,1,2,[ 7.74559651 -3.91259322  3.99563192],cruising,[ 0.63925976  0.24903542 -0.34837281]
80.31486821174622,1004,False,2,4,[6.40561089 4.66375548 4.00000011],cruising,[-0.62185191  0.08809385  0.93462812]
80.31486821174622,1005,False,6,1,[8.30697537 2.92908573 3.92362289],exiting,[ 0.50568378 -0.03156594 -0.11489306]
80.42283535003662,1000,False,0,5,[-6.90075184  5.57848183  4.        ],exiting,[-0.82138112 -0.19970136 -0.21083176]
80.42283535003662,1001,False,3,6,[-2.32594844 -3.96442699  3.74104648],entering,[-0.48080528  0.59740651 -0.20557775]
80.42283535003662,1002,False,4,0,[1.22747084 5.84912381 4.        ],exiting,[ 0.5677905  -0.59831228 -0.99408226]
80.42283535003662,1003,False,1,2,[ 7.63892847 -4.08177339  3.99628713],cruising,[ 0.63925976  0.24903542 -0.34837281]
80.42283535003662,1004,False,2,4,[6.59887081 4.61227148 4.00000009],cruising,[-0.62185191  0.08809385  0.93462812]
80.42283535003662,1005,False,6,1,[8.27303    2.79763307 3.94920702],exiting,[ 0.50568378 -0.03156594 -0.11489306]
80.51955056190491,1000,False,0,5,[-6.96600049  5.65426186  4.        ],exiting,[-0.82138112 -0.19970136 -0.21083176]
80.51955056190491,1001,False,3,6,[-2.38762932 -3.77417591  3.77988951],entering,[-0.48080528  0.59740651 -0.20557775]
80.51955056190491,1002,False,4,0,[1.30994982 5.87647145 4.        ],exiting,[ 0.5677905  -0.59831228 -0.99408226]
80.51955056190491,1003,False,1,2,[ 7.51592848 -4.2394098   3.99684913],cruising,[ 0.63925976  0.24903542 -0.34837281]
80.51955056190491,1004,False,2,4,[6.78955098 4.55193017 4.00000008],cruising,[-0.62185191  0.08809385  0.93462812]
80.51955056190491,1005,False,6,1,[8.22914358 2.68340085 3.97263885],exiting,[ 0.50568378 -0.03156594 -0.11489306]
80.62324547767639,1000,False,0,5,[-7.03124914  5.7300419   4.        ],exiting,[-0.82138112 -0.19970136 -0.21083176]
80.62324547767639,1001,False,3,6,[-2.44879369 -3.58375817  3.81290608],cruising,[-0.48080528  0.59740651 -0.20557775]
80.62324547767639,1002,False,4,0,[1.38049038 5.91986508 4.        ],exiting,[ 0.5677905  -0.59831228 -0.99408226]
80.62324547767639,1003,False,1,2,[ 7.37857844 -4.38311514  3.99737016],cruising,[ 0.63925976  0.24903542 -0.34837281]
80.62324547767639,1004,False,2,4,[6.97672471 4.48146037 4.00000007],cruising,[-0.62185191  0.08809385  0.93462812]
80.62324547767639,1005,False,6,1,[8.17563813 2.58642452 3.99295493],exiting,[ 0.50568378 -0.03156594 -0.11489306]
80.72022008895874,1000,False,0,5,[-7.09649778  5.80582193  4.        ],exiting,[-0.82138112 -0.19970136 -0.21083176]
80.72022008895874,1001,False,3,6,[-2.50407225 -3.39154921  3.84097017],cruising,[-0.48080528  0.59740651 -0.20557775]
80.72022008895874,1002,False,4,0,[1.43884941 5.97912095 4.        ],exiting,[ 0.5677905  -0.59831228 -0.99408226]
80.72022008895874,1003,False,1,2,[ 7.2286601  -4.51126297  3.99785079],cruising,[ 0.63925976  0.24903542 -0.34837281]
80.72022008895874,1004,False,2,4,[7.15916515 4.3995123  4.00000006],cruising,[-0.62185191  0.08809385  0.93462812]
80.72022008895874,1005,False,6,1,[8.11281031 2.50671338 4.00939712],exiting,[ 0.50568378 -0.03156594 -0.11489306]
80.80998420715332,1000,False,0,5,[-7.16174643  5.88160197  4.        ],exiting,[-0.82138112 -0.19970136 -0.21083176]
80.80998420715332,1001,False,3,6,[-2.54964823 -3.19681136  3.86482464],cruising,[-0.48080528  0.59740651 -0.20557775]
80.80998420715332,1002,False,4,0,[1.48478125 6.05404732 4.        ],exiting,[ 0.5677905  -0.59831228 -0.99408226]
80.80998420715332,1003,False,1,2,[ 7.06819517 -4.62241763  3.99829235],cruising,[ 0.63925976  0.24903542 -0.34837281]
80.80998420715332,1004,False,2,4,[7.33527667 4.30472446 4.00000005],cruising,[-0.62185191  0.08809385  0.93462812]
80.80998420715332,1005,False,6,1,[8.04093701 2.44426687 4.02135468],exiting,[ 0.50568378 -0.03156594 -0.11489306]
80.92286586761475,1000,False,0,5,[-7.22699508  5.957382    4.        ],exiting,[-0.82138112 -0.19970136 -0.21083176]
80.92286586761475,1001,False,3,6,[-2.59369182 -3.00172123  3.88510095],cruising,[-0.48080528  0.59740651 -0.20557775]
80.92286586761475,1002,False,4,0,[1.51803776 6.14444419 4.        ],exiting,[ 0.5677905  -0.59831228 -0.99408226]
80.92286586761475,1003,False,1,2,[ 6.89934627 -4.71541444  3.99869584],cruising,[ 0.63925976  0.24903542 -0.34837281]
80.92286586761475,1004,False,2,4,[7.50304029 4.19584211 4.00000004],cruising,[-0.62185191  0.08809385  0.93462812]
80.92286586761475,1005,False,6,1,[7.96030593 2.39908473 4.02828803],exiting,[ 0.50568378 -0.03156594 -0.11489306]
81.01432085037231,1000,False,0,5,[-7.29224373  6.03316204  4.        ],exiting,[-0.82138112 -0.19970136 -0.21083176]
81.01432085037231,1001,False,3,6,[-2.63695956 -2.80645755  3.9023358 ],cruising,[-0.48080528  0.59740651 -0.20557775]
81.01432085037231,1002,False,4,0,[1.54671943 6.24024273 4.        ],exiting,[ 0.5677905  -0.59831228 -0.99408226]
81.01432085037231,1003,False,1,2,[ 6.72433353 -4.7893848   3.99906156],cruising,[ 0.63925976  0.24903542 -0.34837281]
81.01432085037231,1004,False,2,4,[7.65877833 4.07097898 4.00000003],cruising,[-0.62185191  0.08809385  0.93462812]
81.01432085037231,1005,False,6,1,[7.8712024 2.3711878 4.0297956],exiting,[ 0.50568378 -0.03156594 -0.11489306]
81.11654877662659,1000,False,0,5,[-7.35749238  6.10894207  4.        ],exiting,[-0.82138112 -0.19970136 -0.21083176]
81.11654877662659,1001,False,3,6,[-2.67744522 -2.61059813  3.91698543],cruising,[-0.48080528  0.59740651 -0.20557775]
81.11654877662659,1002,False,4,0,[1.5754011  6.33604128 4.        ],exiting,[ 0.5677905  -0.59831228 -0.99408226]
81.11654877662659,1003,False,1,2,[ 6.54540383 -4.84374251  3.99938928],cruising,[ 0.63925976  0.24903542 -0.34837281]
81.11654877662659,1004,False,2,4,[7.80110031 3.93128313 4.00000003],cruising,[-0.62185191  0.08809385  0.93462812]
81.11654877662659,1005,False,6,1,[7.77387905 2.36067744 4.02581303],exiting,[ 0.50568378 -0.03156594 -0.11489306]
81.21959018707275,1000,False,0,5,[-7.42274103  6.18472211  4.        ],exiting,[-0.82138112 -0.19970136 -0.21083176]
81.21959018707275,1001,False,3,6,[-2.71930607 -2.41502802  3.92943762],cruising,[-0.48080528  0.59740651 -0.20557775]
81.21959018707275,1002,False,4,0,[1.60408278 6.43183983 4.        ],exiting,[ 0.5677905  -0.59831228 -0.99408226]
81.21959018707275,1003,False,1,2,[ 6.36482089 -4.8781687   3.99967818],cruising,[ 0.63925976  0.24903542 -0.34837281]
81.21959018707275,1004,False,2,4,[7.9285438  3.77822202 4.00000002],cruising,[-0.62185191  0.08809385  0.93462812]
81.21959018707275,1005,False,6,1,[7.67400575 2.35576459 4.02085164],exiting,[ 0.50568378 -0.03156594 -0.11489306]
81.32005763053894,1000,False,0,5,[-7.48798968  6.26050214  4.        ],exiting,[-0.82138112 -0.19970136 -0.21083176]
81.32005763053894,1001,False,3,6,[-2.76279266 -2.21981297  3.94002198],cruising,[-0.48080528  0.59740651 -0.20557775]
81.32005763053894,1002,False,4,0,[1.63276445 6.52763838 4.        ],exiting,[ 0.5677905  -0.59831228 -0.99408226]
81.32005763053894,1003,False,1,2,[ 6.18421645 -4.89259495  3.999927  ],cruising,[ 0.63925976  0.24903542 -0.34837281]
81.32005763053894,1004,False,2,4,[8.03975928 3.61347109 4.00000002],cruising,[-0.62185191  0.08809385  0.93462812]
81.32005763053894,1005,False,6,1,[7.57413073 2.35085165 4.01680506],exiting,[ 0.50568378 -0.03156594 -0.11489306]
81.41227269172668,1000,False,0,5,[-7.55323833  6.33628218  4.        ],exiting,[-0.82138112 -0.19970136 -0.21083176]
81.41227269172668,1001,False,3,6,[-2.8074109  -2.02485345  3.94901868],cruising,[-0.48080528  0.59740651 -0.20557775]
81.41227269172668,1002,False,4,0,[1.66144612 6.62343692 4.        ],exiting,[ 0.5677905  -0.59831228 -0.99408226]
81.41227269172668,1003,False,1,2,[ 6.00449483 -4.88704074  4.00013258],cruising,[ 0.63925976  0.24903542 -0.34837281]
81.41227269172668,1004,False,2,4,[8.13338892 3.43919449 4.00000002],cruising,[-0.62185191  0.08809385  0.93462812]
81.41227269172668,1005,False,6,1,[7.4742545  2.34593866 4.01350963],exiting,[ 0.50568378 -0.03156594 -0.11489306]
81.52175450325012,1000,False,0,5,[-7.61848698  6.41206221  4.        ],exiting,[-0.82138112 -0.19970136 -0.21083176]
81.52175450325012,1001,False,3,6,[-2.8549089  -1.83057546  3.95666588],cruising,[-0.48080528  0.59740651 -0.20557775]
81.52175450325012,1002,False,4,0,[1.6901278  6.71923547 4.        ],exiting,[ 0.5677905  -0.59831228 -0.99408226]
81.52175450325012,1003,False,1,2,[ 5.8268385  -4.8615935   4.00029376],cruising,[ 0.63925976  0.24903542 -0.34837281]
81.52175450325012,1004,False,2,4,[8.20900881 3.25622026 4.00000001],cruising,[-0.62185191  0.08809385  0.93462812]
81.52175450325012,1005,False,6,1,[7.3743774  2.34102562 4.01083033],exiting,[ 0.50568378 -0.03156594 -0.11489306]
81.6209716796875,1000,False,0,5,[-7.68373563  6.48784225  4.        ],exiting,[-0.82138112 -0.19970136 -0.21083176]
81.6209716796875,1001,False,3,6,[-2.90556015 -1.63709561  3.963166  ],cruising,[-0.48080528  0.59740651 -0.20557775]
81.6209716796875,1002,False,4,0,[1.71880947 6.81503402 4.        ],exiting,[ 0.5677905  -0.59831228 -0.99408226]
81.6209716796875,1003,False,1,2,[ 5.65175842 -4.81631294  4.00040718],cruising,[ 0.63925976  0.24903542 -0.34837281]
81.6209716796875,1004,False,2,4,[8.26597596 3.0660297  4.00000001],cruising,[-0.62185191  0.08809385  0.93462812]
81.6209716796875,1005,False,6,1,[7.27449967 2.33611255 4.00865582],exiting,[ 0.50568378 -0.03156594 -0.11489306]
81.72099184989929,1000,False,0,5,[-7.74898428  6.56362228  4.        ],exiting,[-0.82138112 -0.19970136 -0.21083176]
81.72099184989929,1001,False,3,6,[-2.95969969 -1.44456273  3.9686911 ],cruising,[-0.48080528  0.59740651 -0.20557775]
81.72099184989929,1002,False,4,0,[1.74749114 6.91083256 4.        ],exiting,[ 0.5677905  -0.59831228 -0.99408226]
81.72099184989929,1003,False,1,2,[ 5.47996358 -4.7513041   4.00047143],cruising,[ 0.63925976  0.24903542 -0.34837281]
81.72099184989929,1004,False,2,4,[8.30381406 2.87000142 4.00000001],cruising,[-0.62185191  0.08809385  0.93462812]
81.72099184989929,1005,False,6,1,[7.17462151 2.33119946 4.00689439],exiting,[ 0.50568378 -0.03156594 -0.11489306]
81.81523656845093,1000,False,0,5,[-7.81423293  6.63940232  4.        ],exiting,[-0.82138112 -0.19970136 -0.21083176]
81.81523656845093,1001,False,3,6,[-3.01770341 -1.25315853  3.97338743],cruising,[-0.48080528  0.59740651 -0.20557775]
81.81523656845093,1002,False,4,0,[1.77617282 7.00663111 4.        ],exiting,[ 0.5677905  -0.59831228 -0.99408226]
81.81523656845093,1003,False,1,2,[ 5.3112081  -4.66652763  4.00048136],cruising,[ 0.63925976  0.24903542 -0.34837281]
81.81523656845093,1004,False,2,4,[8.33286035 2.67212188 4.00000001],cruising,[-0.62185191  0.08809385  0.93462812]
81.81523656845093,1005,False,6,1,[7.07474304 2.32628635 4.00547056],exiting,[ 0.50568378 -0.03156594 -0.11489306]
81.92196345329285,1000,False,0,5,[-7.87948158  6.71518236  4.        ],exiting,[-0.82138112 -0.19970136 -0.21083176]
81.92196345329285,1001,False,3,6,[-3.0799706  -1.06309855  3.97737932],cruising,[-0.48080528  0.59740651 -0.20557775]
81.92196345329285,1002,False,4,0,[1.80485449 7.10242966 4.        ],exiting,[ 0.5677905  -0.59831228 -0.99408226]
81.92196345329285,1003,False,1,2,[ 5.14489665 -4.56190114  4.00043255],cruising,[ 0.63925976  0.24903542 -0.34837281]
81.92196345329285,1004,False,2,4,[8.36140729 2.47416968 4.00000001],cruising,[-0.62185191  0.08809385  0.93462812]
81.92196345329285,1005,False,6,1,[6.97486434 2.32137323 4.00432226],exiting,[ 0.50568378 -0.03156594 -0.11489306]
82.01878118515015,1000,False,0,5,[-7.94473023  6.79096239  4.        ],exiting,[-0.82138112 -0.19970136 -0.21083176]
82.01878118515015,1001,False,3,6,[-3.14579953 -0.87424264  3.98077242],cruising,[-0.48080528  0.59740651 -0.20557775]
82.01878118515015,1002,False,4,0,[1.83353617 7.1982282  4.        ],exiting,[ 0.5677905  -0.59831228 -0.99408226]
82.01878118515015,1003,False,1,2,[ 4.974916   -4.45651339  4.00036767],cruising,[ 0.63925976  0.24903542 -0.34837281]
82.01878118515015,1004,False,2,4,[8.38516481 2.27558574 4.00000001],cruising,[-0.62185191  0.08809385  0.93462812]
82.01878118515015,1005,False,6,1,[6.87498549 2.3164601  4.00339849],exiting,[ 0.50568378 -0.03156594 -0.11489306]
82.11019492149353,1000,False,0,5,[-8.00997888  6.86674243  4.        ],exiting,[-0.82138112 -0.19970136 -0.21083176]
82.11019492149353,1001,False,3,6,[-3.21671561 -0.68723754  3.98365656],cruising,[-0.48080528  0.59740651 -0.20557775]
82.11019492149353,1002,False,4,0,[1.86221784 7.29402675 4.        ],exiting,[ 0.5677905  -0.59831228 -0.99408226]
82.11019492149353,1003,False,1,2,[ 4.80171126 -4.35651281  4.00031252],cruising,[ 0.63925976  0.24903542 -0.34837281]
82.11019492149353,1004,False,2,4,[8.40798421 2.07689182 4.        ],cruising,[-0.62185191  0.08809385  0.93462812]
82.11019492149353,1005,False,6,1,[6.77510652 2.31154697 4.00265741],exiting,[ 0.50568378 -0.03156594 -0.11489306]
82.21494722366333,1000,False,0,5,[-8.07522753  6.94252246  4.        ],exiting,[-0.82138112 -0.19970136 -0.21083176]
82.21494722366333,1001,False,3,6,[-3.29313304 -0.50241228  3.98610807],cruising,[-0.48080528  0.59740651 -0.20557775]
82.21494722366333,1002,False,4,0,[1.89089951 7.3898253  4.        ],exiting,[ 0.5677905  -0.59831228 -0.99408226]
82.21494722366333,1003,False,1,2,[ 4.62500892 -4.26283098  4.00026564],cruising,[ 0.63925976  0.24903542 -0.34837281]
82.21494722366333,1004,False,2,4,[8.42636431 1.87773818 4.        ],cruising,[-0.62185191  0.08809385  0.93462812]
82.21494722366333,1005,False,6,1,[6.67522748 2.30663384 4.00206472],exiting,[ 0.50568378 -0.03156594 -0.11489306]
82.32275032997131,1000,False,0,5,[-8.14047618  7.0183025   4.        ],exiting,[-0.82138112 -0.19970136 -0.21083176]
82.32275032997131,1001,False,3,6,[-3.37543656 -0.32013192  3.98819186],cruising,[-0.48080528  0.59740651 -0.20557775]
82.32275032997131,1002,False,4,0,[1.91958119 7.48562385 4.        ],exiting,[ 0.5677905  -0.59831228 -0.99408226]
82.32275032997131,1003,False,1,2,[ 4.44647348 -4.17269167  4.00022579],cruising,[ 0.63925976  0.24903542 -0.34837281]
82.32275032997131,1004,False,2,4,[8.44359277 1.67848161 4.        ],cruising,[-0.62185191  0.08809385  0.93462812]
82.32275032997131,1005,False,6,1,[6.57534838 2.3017207  4.00159235],exiting,[ 0.50568378 -0.03156594 -0.11489306]
82.410480260849,1000,False,0,5,[-8.20572482  7.09408253  4.        ],exiting,[-0.82138112 -0.19970136 -0.21083176]
82.410480260849,1001,False,3,6,[-3.46207189 -0.13987011  3.98996308],cruising,[-0.48080528  0.59740651 -0.20557775]
82.410480260849,1002,False,4,0,[1.94826286 7.58142239 4.        ],exiting,[ 0.5677905  -0.59831228 -0.99408226]
82.410480260849,1003,False,1,2,[ 4.26587156 -4.08676759  4.00019192],cruising,[ 0.63925976  0.24903542 -0.34837281]
82.410480260849,1004,False,2,4,[8.45675006 1.47891487 4.        ],cruising,[-0.62185191  0.08809385  0.93462812]
82.410480260849,1005,False,6,1,[6.47546924 2.29680756 4.00121731],exiting,[ 0.50568378 -0.03156594 -0.11489306]
82.50988030433655,1000,False,0,5,[-8.27097347  7.16986257  4.        ],exiting,[-0.82138112 -0.19970136 -0.21083176]
82.50988030433655,1001,False,3,6,[-3.55564214  0.03689134  3.99146862],cruising,[-0.48080528  0.59740651 -0.20557775]
82.50988030433655,1002,False,4,0,[1.97694453 7.67722094 4.        ],exiting,[ 0.5677905  -0.59831228 -0.99408226]
82.50988030433655,1003,False,1,2,[ 4.08425134 -4.00301739  4.00016314],cruising,[ 0.63925976  0.24903542 -0.34837281]
82.50988030433655,1004,False,2,4,[8.46864448 1.27926887 4.        ],cruising,[-0.62185191  0.08809385  0.93462812]
82.50988030433655,1005,False,6,1,[6.37559007 2.29189442 4.00092087],exiting,[ 0.50568378 -0.03156594 -0.11489306]
82.6105568408966,1000,False,0,5,[-8.33622212  7.2456426   4.        ],exiting,[-0.82138112 -0.19970136 -0.21083176]
82.6105568408966,1001,False,3,6,[-3.6552641   0.21031413  3.99274833],cruising,[-0.48080528  0.59740651 -0.20557775]
82.6105568408966,1002,False,4,0,[2.00562621 7.77301949 4.        ],exiting,[ 0.5677905  -0.59831228 -0.99408226]
82.6105568408966,1003,False,1,2,[ 3.90139485 -3.92200192  4.00013867],cruising,[ 0.63925976  0.24903542 -0.34837281]
82.6105568408966,1004,False,2,4,[8.47899533 1.0795369  4.        ],cruising,[-0.62185191  0.08809385  0.93462812]
82.6105568408966,1005,False,6,1,[6.27571089 2.28698128 4.00068773],exiting,[ 0.50568378 -0.03156594 -0.11489306]
82.71007370948792,1000,False,0,5,[-8.40147077  7.32142264  4.        ],landing,[-0.82138112 -0.19970136 -0.21083176]
82.71007370948792,1001,False,3,6,[-3.76169858  0.37964134  3.99383608],cruising,[-0.48080528  0.59740651 -0.20557775]
82.71007370948792,1002,False,4,0,[2.03430788 7.86881803 4.        ],exiting,[ 0.5677905  -0.59831228 -0.99408226]
82.71007370948792,1003,False,1,2,[ 3.71791719 -3.84240327  4.00011787],cruising,[ 0.63925976  0.24903542 -0.34837281]
82.71007370948792,1004,False,2,4,[8.4853433  0.87963767 4.        ],cruising,[-0.62185191  0.08809385  0.93462812]
82.71007370948792,1005,False,6,1,[6.17583169 2.28206813 4.00050546],exiting,[ 0.50568378 -0.03156594 -0.11489306]
82.81793451309204,1000,False,0,5,[-8.45535719  7.38904145  3.98570685],landing,[-0.82138112 -0.19970136 -0.21083176]
82.81793451309204,1001,False,3,6,[-3.87126896  0.5469564   3.99476067],cruising,[-0.48080528  0.59740651 -0.20557775]
82.81793451309204,1002,False,4,0,[2.06298955 7.96461658 4.        ],exiting,[ 0.5677905  -0.59831228 -0.99408226]
82.81793451309204,1003,False,1,2,[ 3.53365351 -3.76464147  4.00010019],cruising,[ 0.63925976  0.24903542 -0.34837281]
82.81793451309204,1004,False,2,4,[8.4902162  0.67969704 4.        ],cruising,[-0.62185191  0.08809385  0.93462812]
82.81793451309204,1005,False,6,1,[6.07595247 2.27715499 4.00036393],exiting,[ 0.50568378 -0.03156594 -0.11489306]
82.9176836013794,1000,False,0,5,[-8.49779505  7.44834237  3.95728065],landing,[-0.82138112 -0.19970136 -0.21083176]
82.9176836013794,1001,False,3,6,[-3.98330572  0.71263007  3.99554657],cruising,[-0.48080528  0.59740651 -0.20557775]
82.9176836013794,1002,False,4,0,[2.09167123 8.06041513 4.        ],exiting,[ 0.5677905  -0.59831228 -0.99408226]
82.9176836013794,1003,False,1,2,[ 3.34890533 -3.68803788  4.00008516],cruising,[ 0.63925976  0.24903542 -0.34837281]
82.9176836013794,1004,False,2,4,[8.49341773 0.47972267 4.        ],cruising,[-0.62185191  0.08809385  0.93462812]
82.9176836013794,1005,False,6,1,[5.97607326 2.27224185 4.00025497],exiting,[ 0.50568378 -0.03156594 -0.11489306]
83.02042055130005,1000,False,0,5,[-8.528683    7.49913914  3.91491604],landing,[-0.82138112 -0.19970136 -0.21083176]
83.02042055130005,1001,False,3,6,[-4.09723601  0.87700735  3.99621458],cruising,[-0.48080528  0.59740651 -0.20557775]
83.02042055130005,1002,False,4,0,[2.1203529  8.15621367 4.        ],exiting,[ 0.5677905  -0.59831228 -0.99408226]
83.02042055130005,1003,False,1,2,[ 3.16361051 -3.61276618  4.00007238],cruising,[ 0.63925976  0.24903542 -0.34837281]
83.02042055130005,1004,False,2,4,[8.49275031 0.27972378 4.        ],cruising,[-0.62185191  0.08809385  0.93462812]
83.02042055130005,1005,False,6,1,[5.87619404 2.2673287  4.00017193],exiting,[ 0.50568378 -0.03156594 -0.11489306]
83.12347316741943,1000,False,0,5,[-8.54788157  7.54117088  3.85889375],landing,[-0.82138112 -0.19970136 -0.21083176]
83.12347316741943,1001,False,3,6,[-4.21256975  1.04040296  3.99678239],cruising,[-0.48080528  0.59740651 -0.20557775]
83.12347316741943,1002,False,4,0,[2.14903457 8.25201222 4.        ],exiting,[ 0.5677905  -0.59831228 -0.99408226]
83.12347316741943,1003,False,1,2,[ 2.97778167 -3.53882267  4.00006153],cruising,[ 0.63925976  0.24903542 -0.34837281]
83.12347316741943,1004,False,2,4,[8.4905092  0.07973634 4.        ],cruising,[-0.62185191  0.08809385  0.93462812]
83.12347316741943,1005,False,6,1,[5.77631481 2.26241556 4.0001095 ],exiting,[ 0.50568378 -0.03156594 -0.11489306]
83.21620988845825,1000,False,0,5,[-8.5552858   7.57423755  3.78943563],landing,[-0.82138112 -0.19970136 -0.21083176]
83.21620988845825,1001,False,3,6,[-4.32888546  1.20310102  3.99726504],cruising,[-0.48080528  0.59740651 -0.20557775]
83.21620988845825,1002,False,4,0,[2.17771625 8.34781077 4.        ],exiting,[ 0.5677905  -0.59831228 -0.99408226]
83.21620988845825,1003,False,1,2,[ 2.79133659 -3.46644703  4.0000523 ],cruising,[ 0.63925976  0.24903542 -0.34837281]
83.21620988845825,1004,False,2,4,[ 8.48652545 -0.12022398  4.        ],cruising,[-0.62185191  0.08809385  0.93462812]
83.21620988845825,1005,False,6,1,[5.67643558 2.25750241 4.00006342],exiting,[ 0.50568378 -0.03156594 -0.11489306]
83.31727457046509,1000,False,0,5,[-8.55079372  7.59814136  3.70676693],landing,[-0.82138112 -0.19970136 -0.21083176]
83.31727457046509,1001,False,3,6,[-4.44581698  1.36535705  3.99767528],cruising,[-0.48080528  0.59740651 -0.20557775]
83.31727457046509,1002,False,4,0,[2.20639792 8.44360932 4.        ],exiting,[ 0.5677905  -0.59831228 -0.99408226]
83.31727457046509,1003,False,1,2,[ 2.60439462 -3.3953647   4.00004445],cruising,[ 0.63925976  0.24903542 -0.34837281]
83.31727457046509,1004,False,2,4,[ 8.48066297 -0.32013804  4.        ],cruising,[-0.62185191  0.08809385  0.93462812]
83.31727457046509,1005,False,6,1,[5.57655635 2.25258927 4.00003036],landing,[ 0.50568378 -0.03156594 -0.11489306]
83.41801929473877,1000,False,0,5,[-8.53430395  7.6126821   3.61112177],landing,[-0.82138112 -0.19970136 -0.21083176]
83.41801929473877,1001,False,3,6,[-4.56304151  1.52740151  3.99802399],cruising,[-0.48080528  0.59740651 -0.20557775]
83.41801929473877,1002,False,4,0,[2.23507959 8.53940786 4.        ],exiting,[ 0.5677905  -0.59831228 -0.99408226]
83.41801929473877,1003,False,1,2,[ 2.41665185 -3.32642521  4.00003778],cruising,[ 0.63925976  0.24903542 -0.34837281]
83.41801929473877,1004,False,2,4,[ 8.47077374 -0.5198934   4.        ],cruising,[-0.62185191  0.08809385  0.93462812]
83.41801929473877,1005,False,6,1,[5.4907208  2.24513746 3.9859855 ],landing,[ 0.50568378 -0.03156594 -0.11489306]
83.50926303863525,1000,False,0,5,[-8.51610708  7.62587304  3.51368013],landing,[-0.82138112 -0.19970136 -0.21083176]
83.50926303863525,1001,False,3,6,[-4.68024015  1.68946471  3.99832039],cruising,[-0.48080528  0.59740651 -0.20557775]
83.50926303863525,1002,False,4,0,[2.26376127 8.63520641 4.        ],landing,[ 0.5677905  -0.59831228 -0.99408226]
83.50926303863525,1003,False,1,2,[ 2.22796559 -3.2601116   4.00003212],cruising,[ 0.63925976  0.24903542 -0.34837281]
83.50926303863525,1004,False,2,4,[ 8.45912169 -0.71955369  4.        ],cruising,[-0.62185191  0.08809385  0.93462812]
83.50926303863525,1005,False,6,1,[5.41909843 2.23519301 3.95809246],landing,[ 0.50568378 -0.03156594 -0.11489306]
83.60936713218689,1000,False,0,5,[-8.49791022  7.63906399  3.41623849],landing,[-0.82138112 -0.19970136 -0.21083176]
83.60936713218689,1001,False,3,6,[-4.79731721  1.85161575  3.99857233],cruising,[-0.48080528  0.59740651 -0.20557775]
83.60936713218689,1002,False,4,0,[2.29149704 8.71670759 3.98604684],landing,[ 0.5677905  -0.59831228 -0.99408226]
83.60936713218689,1003,False,1,2,[ 2.0386734  -3.19554795  4.0000273 ],cruising,[ 0.63925976  0.24903542 -0.34837281]
83.60936713218689,1004,False,2,4,[ 8.44554218 -0.91909215  4.        ],cruising,[-0.62185191  0.08809385  0.93462812]
83.60936713218689,1005,False,6,1,[5.36188812 2.22281111 3.91654835],landing,[ 0.50568378 -0.03156594 -0.11489306]
83.71955728530884,1000,False,0,5,[-8.47971335  7.65225493  3.31879685],landing,[-0.82138112 -0.19970136 -0.21083176]
83.71955728530884,1001,False,3,6,[-4.91398139  2.01406412  3.99878648],cruising,[-0.48080528  0.59740651 -0.20557775]
83.71955728530884,1002,False,4,0,[2.31820189 8.78375862 3.95830491],landing,[ 0.5677905  -0.59831228 -0.99408226]
83.71955728530884,1003,False,1,2,[ 1.84810385 -3.13485818  4.0000232 ],cruising,[ 0.63925976  0.24903542 -0.34837281]
83.71955728530884,1004,False,2,4,[ 8.42989045 -1.11847876  4.        ],cruising,[-0.62185191  0.08809385  0.93462812]
83.71955728530884,1005,False,6,1,[5.31935988 2.20806883 3.86163019],landing,[ 0.50568378 -0.03156594 -0.11489306]
83.81706357002258,1000,False,0,5,[-8.46151648  7.66544587  3.22135521],landing,[-0.82138112 -0.19970136 -0.21083176]
83.81706357002258,1001,False,3,6,[-5.02995755  2.17700438  3.99896851],cruising,[-0.48080528  0.59740651 -0.20557775]
83.81706357002258,1002,False,4,0,[2.3437751  8.8361809  3.91697184],landing,[ 0.5677905  -0.59831228 -0.99408226]
83.81706357002258,1003,False,1,2,[ 1.65607316 -3.0789635   4.00001972],cruising,[ 0.63925976  0.24903542 -0.34837281]
83.81706357002258,1004,False,2,4,[ 8.40982929 -1.31747009  4.        ],cruising,[-0.62185191  0.08809385  0.93462812]
83.81706357002258,1005,False,6,1,[5.2917415  2.19103325 3.79358051],landing,[ 0.50568378 -0.03156594 -0.11489306]
83.9223198890686,1000,False,0,5,[-8.44331961  7.67863681  3.12391357],landing,[-0.82138112 -0.19970136 -0.21083176]
83.9223198890686,1001,False,3,6,[-5.1449761   2.34062202  3.99912323],cruising,[-0.48080528  0.59740651 -0.20557775]
83.9223198890686,1002,False,4,0,[2.36807862 8.87373374 3.86232382],landing,[ 0.5677905  -0.59831228 -0.99408226]
83.9223198890686,1003,False,1,2,[ 1.46238911 -3.02909878  4.00001677],cruising,[ 0.63925976  0.24903542 -0.34837281]
83.9223198890686,1004,False,2,4,[ 8.38774598 -1.51624717  4.        ],cruising,[-0.62185191  0.08809385  0.93462812]
83.9223198890686,1005,False,6,1,[5.27924133 2.17176746 3.71262867],landing,[ 0.50568378 -0.03156594 -0.11489306]
84.00914931297302,1000,False,0,5,[-8.42512275  7.69182775  3.02647193],landing,[-0.82138112 -0.19970136 -0.21083176]
84.00914931297302,1001,False,3,6,[-5.25937584  2.50467293  3.99925475],cruising,[-0.48080528  0.59740651 -0.20557775]
84.00914931297302,1002,False,4,0,[2.39099146 8.89621028 3.79460787],landing,[ 0.5677905  -0.59831228 -0.99408226]
84.00914931297302,1003,False,1,2,[ 1.26687911 -2.98695807  4.00001425],cruising,[ 0.63925976  0.24903542 -0.34837281]
84.00914931297302,1004,False,2,4,[ 8.36343461 -1.71476407  4.        ],cruising,[-0.62185191  0.08809385  0.93462812]
84.00914931297302,1005,False,6,1,[5.28206886 2.15033662 3.61901293],landing,[ 0.50568378 -0.03156594 -0.11489306]
84.11839485168457,1000,False,0,5,[-8.40692588  7.7050187   2.92903029],landing,[-0.82138112 -0.19970136 -0.21083176]
84.11839485168457,1001,False,3,6,[-5.37226972  2.66976373  3.99936654],cruising,[-0.48080528  0.59740651 -0.20557775]
84.11839485168457,1002,False,4,0,[2.41240289 8.90342443 3.71405426],landing,[ 0.5677905  -0.59831228 -0.99408226]
84.11839485168457,1003,False,1,2,[ 1.06946291 -2.95491368  4.00001211],cruising,[ 0.63925976  0.24903542 -0.34837281]
84.11839485168457,1004,False,2,4,[ 8.33426477 -1.91262543  4.        ],cruising,[-0.62185191  0.08809385  0.93462812]
84.11839485168457,1005,False,6,1,[5.28945671 2.12829026 3.5217536 ],landing,[ 0.50568378 -0.03156594 -0.11489306]
84.21252250671387,1000,False,0,5,[-8.38872901  7.71820964  2.83158865],landing,[-0.82138112 -0.19970136 -0.21083176]
84.21252250671387,1001,False,3,6,[-5.48334671  2.8360824   3.99946156],cruising,[-0.48080528  0.59740651 -0.20557775]
84.21252250671387,1002,False,4,0,[2.4321999  8.89518963 3.62090211],landing,[ 0.5677905  -0.59831228 -0.99408226]
84.21252250671387,1003,False,1,2,[ 0.86987258 -2.94275077  4.00001028],cruising,[ 0.63925976  0.24903542 -0.34837281]
84.21252250671387,1004,False,2,4,[ 8.30277298 -2.11013054  4.        ],cruising,[-0.62185191  0.08809385  0.93462812]
84.21252250671387,1005,False,6,1,[5.29684456 2.10624389 3.42449427],landing,[ 0.50568378 -0.03156594 -0.11489306]
84.3237853050232,1000,False,0,5,[-8.37053215  7.73140058  2.73414701],landing,[-0.82138112 -0.19970136 -0.21083176]
84.3237853050232,1001,False,3,6,[-5.59225979  3.00382608  3.99954232],cruising,[-0.48080528  0.59740651 -0.20557775]
84.3237853050232,1002,False,4,0,[2.45142732 8.88180732 3.52368472],landing,[ 0.5677905  -0.59831228 -0.99408226]
84.3237853050232,1003,False,1,2,[ 0.66987397 -2.94200572  4.00000874],cruising,[ 0.63925976  0.24903542 -0.34837281]
84.3237853050232,1004,False,2,4,[ 8.2686795 -2.3072032  4.       ],cruising,[-0.62185191  0.08809385  0.93462812]
84.3237853050232,1005,False,6,1,[5.30423241 2.08419753 3.32723494],landing,[ 0.50568378 -0.03156594 -0.11489306]
84.42277073860168,1000,False,0,5,[-8.35233528  7.74459152  2.63670537],landing,[-0.82138112 -0.19970136 -0.21083176]
84.42277073860168,1001,False,3,6,[-5.69861044  3.17320594  3.99961097],cruising,[-0.48080528  0.59740651 -0.20557775]
84.42277073860168,1002,False,4,0,[2.47065474 8.86842501 3.42646733],landing,[ 0.5677905  -0.59831228 -0.99408226]
84.42277073860168,1003,False,1,2,[ 0.47042715 -2.95687057  4.00000743],cruising,[ 0.63925976  0.24903542 -0.34837281]
84.42277073860168,1004,False,2,4,[ 8.2287965  -2.50318623  4.        ],cruising,[-0.62185191  0.08809385  0.93462812]
84.42277073860168,1005,False,6,1,[5.31162026 2.06215116 3.22997561],landing,[ 0.50568378 -0.03156594 -0.11489306]
84.51340842247009,1000,False,0,5,[-8.33413841  7.75778246  2.53926373],landing,[-0.82138112 -0.19970136 -0.21083176]
84.51340842247009,1001,False,3,6,[-5.80192954  3.34445186  3.99966933],cruising,[-0.48080528  0.59740651 -0.20557775]
84.51340842247009,1002,False,4,0,[2.48988216 8.85504269 3.32924995],landing,[ 0.5677905  -0.59831228 -0.99408226]
84.51340842247009,1003,False,1,2,[ 0.27265653 -2.98664948  4.00000632],cruising,[ 0.63925976  0.24903542 -0.34837281]
84.51340842247009,1004,False,2,4,[ 8.1860458  -2.69856376  4.        ],cruising,[-0.62185191  0.08809385  0.93462812]
84.51340842247009,1005,False,6,1,[5.31900811 2.0401048  3.13271628],landing,[ 0.50568378 -0.03156594 -0.11489306]
84.61419606208801,1000,False,0,5,[-8.31594154  7.7709734   2.44182209],landing,[-0.82138112 -0.19970136 -0.21083176]
84.61419606208801,1001,False,3,6,[-5.90165304  3.51781629  3.99971893],cruising,[-0.48080528  0.59740651 -0.20557775]
84.61419606208801,1002,False,4,0,[2.50910958 8.84166038 3.23203256],landing,[ 0.5677905  -0.59831228 -0.99408226]
84.61419606208801,1003,False,1,2,[ 0.0785067  -3.03466869  4.00000537],cruising,[ 0.63925976  0.24903542 -0.34837281]
84.61419606208801,1004,False,2,4,[ 8.13667646 -2.89237467  4.        ],cruising,[-0.62185191  0.08809385  0.93462812]
84.61419606208801,1005,False,6,1,[5.32639596 2.01805844 3.03545695],landing,[ 0.50568378 -0.03156594 -0.11489306]
84.71840453147888,1000,False,0,5,[-8.29774468  7.78416435  2.34438045],landing,[-0.82138112 -0.19970136 -0.21083176]
84.71840453147888,1001,False,3,6,[-5.99709028  3.69357673  3.99976109],cruising,[-0.48080528  0.59740651 -0.20557775]
84.71840453147888,1002,False,4,0,[2.528337   8.82827807 3.13481518],landing,[ 0.5677905  -0.59831228 -0.99408226]
84.71840453147888,1003,False,1,2,[-0.11241361 -3.09424581  4.00000456],cruising,[ 0.63925976  0.24903542 -0.34837281]
84.71840453147888,1004,False,2,4,[ 8.08391123 -3.08528872  4.        ],cruising,[-0.62185191  0.08809385  0.93462812]
84.71840453147888,1005,False,6,1,[5.33378381 1.99601207 2.93819762],landing,[ 0.50568378 -0.03156594 -0.11489306]
84.81910562515259,1000,False,0,5,[-8.27954781  7.79735529  2.24693882],landing,[-0.82138112 -0.19970136 -0.21083176]
84.81910562515259,1001,False,3,6,[-6.08738204  3.87203512  3.99979693],cruising,[-0.48080528  0.59740651 -0.20557775]
84.81910562515259,1002,False,4,0,[2.54756442 8.81489576 3.03759779],landing,[ 0.5677905  -0.59831228 -0.99408226]
84.81910562515259,1003,False,1,2,[-0.29981784 -3.16410034  4.00000388],cruising,[ 0.63925976  0.24903542 -0.34837281]
84.81910562515259,1004,False,2,4,[ 8.02312969 -3.27582901  4.        ],cruising,[-0.62185191  0.08809385  0.93462812]
84.81910562515259,1005,False,6,1,[5.34117166 1.97396571 2.84093828],landing,[ 0.50568378 -0.03156594 -0.11489306]
84.91034078598022,1000,False,0,5,[-8.26135094  7.81054623  2.14949718],landing,[-0.82138112 -0.19970136 -0.21083176]
84.91034078598022,1001,False,3,6,[-6.17144433  4.0535111   3.99982739],cruising,[-0.48080528  0.59740651 -0.20557775]
84.91034078598022,1002,False,4,0,[2.56679184 8.80151345 2.94038041],landing,[ 0.5677905  -0.59831228 -0.99408226]
84.91034078598022,1003,False,1,2,[-0.48264946 -3.24517191  4.0000033 ],cruising,[ 0.63925976  0.24903542 -0.34837281]
84.91034078598022,1004,False,2,4,[ 7.95811011 -3.46496508  4.        ],exiting,[-0.62185191  0.08809385  0.93462812]
84.91034078598022,1005,False,6,1,[5.34855951 1.95191934 2.74367895],landing,[ 0.50568378 -0.03156594 -0.11489306]
85.01101207733154,1000,False,0,5,[-8.24315407  7.82373717  2.05205554],landing,[-0.82138112 -0.19970136 -0.21083176]
85.01101207733154,1001,False,3,6,[-6.2478932   4.23832336  3.99985328],cruising,[-0.48080528  0.59740651 -0.20557775]
85.01101207733154,1002,False,4,0,[2.58601926 8.78813114 2.84316302],landing,[ 0.5677905  -0.59831228 -0.99408226]
85.01101207733154,1003,False,1,2,[-0.66208853 -3.33349869  4.0000028 ],cruising,[ 0.63925976  0.24903542 -0.34837281]
85.01101207733154,1004,False,2,4,[ 7.90668904 -3.63943553  4.        ],exiting,[-0.62185191  0.08809385  0.93462812]
85.01101207733154,1005,False,6,1,[5.35594736 1.92987298 2.64641962],landing,[ 0.50568378 -0.03156594 -0.11489306]
85.1231107711792,1000,False,0,5,[-8.22495721  7.83692811  1.9546139 ],landing,[-0.82138112 -0.19970136 -0.21083176]
85.1231107711792,1001,False,3,6,[-6.31494545  4.4267484   3.99987529],cruising,[-0.48080528  0.59740651 -0.20557775]
85.1231107711792,1002,False,4,0,[2.60524668 8.77474883 2.74594563],landing,[ 0.5677905  -0.59831228 -0.99408226]
85.1231107711792,1003,False,1,2,[-0.83996202 -3.4249373   4.00000238],cruising,[ 0.63925976  0.24903542 -0.34837281]
85.1231107711792,1004,False,2,4,[ 7.86901464 -3.79937913  4.        ],exiting,[-0.62185191  0.08809385  0.93462812]
85.1231107711792,1005,False,6,1,[5.36333521 1.90782661 2.54916029],landing,[ 0.50568378 -0.03156594 -0.11489306]
85.2108063697815,1000,False,0,5,[-8.20676034  7.85011906  1.85717226],landing,[-0.82138112 -0.19970136 -0.21083176]
85.2108063697815,1001,False,3,6,[-6.36396734  4.62064748  3.99989399],cruising,[-0.48080528  0.59740651 -0.20557775]
85.2108063697815,1002,False,4,0,[2.6244741  8.76136652 2.64872825],landing,[ 0.5677905  -0.59831228 -0.99408226]
85.2108063697815,1003,False,1,2,[-1.01864075 -3.51479226  4.00000202],cruising,[ 0.63925976  0.24903542 -0.34837281]
85.2108063697815,1004,False,2,4,[ 7.84526952 -3.94497091  4.        ],exiting,[-0.62185191  0.08809385  0.93462812]
85.2108063697815,1005,False,6,1,[5.37072306 1.88578025 2.45190096],landing,[ 0.50568378 -0.03156594 -0.11489306]
85.31214666366577,1000,False,0,5,[-8.18856347  7.86331     1.75973062],landing,[-0.82138112 -0.19970136 -0.21083176]
85.31214666366577,1001,False,3,6,[-6.3933419   4.8182859   3.99991034],cruising,[-0.48080528  0.59740651 -0.20557775]
85.31214666366577,1002,False,4,0,[2.64370152 8.74798421 2.55151086],landing,[ 0.5677905  -0.59831228 -0.99408226]
85.31214666366577,1003,False,1,2,[-1.20198627 -3.59469481  4.00000172],cruising,[ 0.63925976  0.24903542 -0.34837281]
85.31214666366577,1004,False,2,4,[ 7.83568672 -4.07644077  4.        ],exiting,[-0.62185191  0.08809385  0.93462812]
85.31214666366577,1005,False,6,1,[5.37811091 1.86373388 2.35464163],landing,[ 0.50568378 -0.03156594 -0.11489306]
85.40878891944885,1000,False,0,5,[-8.17036661  7.87650094  1.66228898],landing,[-0.82138112 -0.19970136 -0.21083176]
85.40878891944885,1001,False,3,6,[-6.40275781  5.0172096   3.99992505],cruising,[-0.48080528  0.59740651 -0.20557775]
85.40878891944885,1002,False,4,0,[2.66292894 8.7346019  2.45429348],landing,[ 0.5677905  -0.59831228 -0.99408226]
85.40878891944885,1003,False,1,2,[-1.39223193 -3.65582535  4.00000146],cruising,[ 0.63925976  0.24903542 -0.34837281]
85.40878891944885,1004,False,2,4,[ 7.84044617 -4.19397146  4.        ],exiting,[-0.62185191  0.08809385  0.93462812]
85.40878891944885,1005,False,6,1,[5.38549876 1.84168752 2.2573823 ],landing,[ 0.50568378 -0.03156594 -0.11489306]
85.51666927337646,1000,False,0,5,[-8.15216974  7.88969188  1.56484734],landing,[-0.82138112 -0.19970136 -0.21083176]
85.51666927337646,1001,False,3,6,[-6.39222709  5.21467307  3.99993852],cruising,[-0.48080528  0.59740651 -0.20557775]
85.51666927337646,1002,False,4,0,[2.68215636 8.72121959 2.35707609],landing,[ 0.5677905  -0.59831228 -0.99408226]
85.51666927337646,1003,False,1,2,[-1.58623217 -3.69731148  4.00000121],cruising,[ 0.63925976  0.24903542 -0.34837281]
85.51666927337646,1004,False,2,4,[ 7.8597266  -4.29774931  4.        ],exiting,[-0.62185191  0.08809385  0.93462812]
85.51666927337646,1005,False,6,1,[5.39288661 1.81964115 2.16012297],landing,[ 0.50568378 -0.03156594 -0.11489306]
85.61987066268921,1000,False,0,5,[-8.13397287  7.90288282  1.4674057 ],fake_landed,[-0.82138112 -0.19970136 -0.21083176]
85.61987066268921,1001,False,3,6,[-6.36209547  5.40816106  3.99995085],cruising,[-0.48080528  0.59740651 -0.20557775]
85.61987066268921,1002,False,4,0,[2.70138378 8.70783728 2.25985871],landing,[ 0.5677905  -0.59831228 -0.99408226]
85.61987066268921,1003,False,1,2,[-1.78088081 -3.71880812  4.00000098],cruising,[ 0.63925976  0.24903542 -0.34837281]
85.61987066268921,1004,False,2,4,[ 7.88730401 -4.39387155  4.        ],exiting,[-0.62185191  0.08809385  0.93462812]
85.61987066268921,1005,False,6,1,[5.40027446 1.79759479 2.06286364],landing,[ 0.50568378 -0.03156594 -0.11489306]
85.7180700302124,1000,False,0,5,[-8.11941538  7.91343558  1.38945239],fake_landed,[-0.82138112 -0.19970136 -0.21083176]
85.7180700302124,1001,False,3,6,[-6.31292709  5.59551702  3.99996201],cruising,[-0.48080528  0.59740651 -0.20557775]
85.7180700302124,1002,False,4,0,[2.7206112  8.69445497 2.16264132],landing,[ 0.5677905  -0.59831228 -0.99408226]
85.7180700302124,1003,False,1,2,[-1.97318374 -3.7204428   4.00000076],cruising,[ 0.63925976  0.24903542 -0.34837281]
85.7180700302124,1004,False,2,4,[ 7.91488143 -4.4899938   4.        ],exiting,[-0.62185191  0.08809385  0.93462812]
85.7180700302124,1005,False,6,1,[5.40766231 1.77554843 1.9656043 ],landing,[ 0.50568378 -0.03156594 -0.11489306]
85.81692910194397,1000,False,0,5,[-8.10849726  7.92135014  1.33098741],fake_landed,[-0.82138112 -0.19970136 -0.21083176]
85.81692910194397,1001,False,3,6,[-6.24562477  5.77443732  3.99997205],cruising,[-0.48080528  0.59740651 -0.20557775]
85.81692910194397,1002,False,4,0,[2.73983862 8.68107266 2.06542393],landing,[ 0.5677905  -0.59831228 -0.99408226]
85.81692910194397,1003,False,1,2,[-2.16024984 -3.70277525  4.00000056],cruising,[ 0.63925976  0.24903542 -0.34837281]
85.81692910194397,1004,False,2,4,[ 7.94245885 -4.58611605  4.        ],exiting,[-0.62185191  0.08809385  0.93462812]
85.81692910194397,1005,False,6,1,[5.41505016 1.75350206 1.86834497],landing,[ 0.50568378 -0.03156594 -0.11489306]
85.9218978881836,1000,False,0,5,[-8.10121851  7.92662652  1.29201075],fake_landed,[-0.82138112 -0.19970136 -0.21083176]
85.9218978881836,1001,False,3,6,[-6.16134077  5.94279246  3.99998102],cruising,[-0.48080528  0.59740651 -0.20557775]
85.9218978881836,1002,False,4,0,[2.75906605 8.66769035 1.96820655],landing,[ 0.5677905  -0.59831228 -0.99408226]
85.9218978881836,1003,False,1,2,[-2.33975495 -3.666592    4.00000037],cruising,[ 0.63925976  0.24903542 -0.34837281]
85.9218978881836,1004,False,2,4,[ 7.97003626 -4.68223829  4.        ],exiting,[-0.62185191  0.08809385  0.93462812]
85.9218978881836,1005,False,6,1,[5.42243801 1.7314557  1.77108564],landing,[ 0.50568378 -0.03156594 -0.11489306]
86.01898670196533,1000,False,0,5,[-8.09757914  7.92926471  1.27252242],fake_landed,[-0.82138112 -0.19970136 -0.21083176]
86.01898670196533,1001,False,3,6,[-6.06105596  6.09914868  3.99998887],cruising,[-0.48080528  0.59740651 -0.20557775]
86.01898670196533,1002,False,4,0,[2.77829347 8.65430804 1.87098916],landing,[ 0.5677905  -0.59831228 -0.99408226]
86.01898670196533,1003,False,1,2,[-2.50950651 -3.61294828  4.00000019],cruising,[ 0.63925976  0.24903542 -0.34837281]
86.01898670196533,1004,False,2,4,[ 7.99761368 -4.77836054  4.        ],exiting,[-0.62185191  0.08809385  0.93462812]
86.01898670196533,1005,False,6,1,[5.42982586 1.70940933 1.67382631],landing,[ 0.50568378 -0.03156594 -0.11489306]
86.11664533615112,1000,False,0,5,[-8.09757914  7.92926471  1.27252242],fake_landed,[-0.82138112 -0.19970136 -0.21083176]
86.11664533615112,1001,False,3,6,[-5.94569446  6.24236362  3.99999555],cruising,[-0.48080528  0.59740651 -0.20557775]
86.11664533615112,1002,False,4,0,[2.79752089 8.64092573 1.77377178],landing,[ 0.5677905  -0.59831228 -0.99408226]
86.11664533615112,1003,False,1,2,[-2.66750779 -3.54312027  4.00000003],cruising,[ 0.63925976  0.24903542 -0.34837281]
86.11664533615112,1004,False,2,4,[ 8.0251911  -4.87448278  4.        ],exiting,[-0.62185191  0.08809385  0.93462812]
86.11664533615112,1005,False,6,1,[5.43721371 1.68736297 1.57656698],landing,[ 0.50568378 -0.03156594 -0.11489306]
86.21190977096558,1000,False,5,3,[-8.09757914  7.92926471  1.27252242],waiting,[-0.82138112 -0.19970136 -0.21083176]
86.21190977096558,1001,False,3,6,[-5.81616769  6.37145959  4.00000103],cruising,[-0.48080528  0.59740651 -0.20557775]
86.21190977096558,1002,False,4,0,[2.81674831 8.62754342 1.67655439],landing,[ 0.5677905  -0.59831228 -0.99408226]
86.21190977096558,1003,False,1,2,[-2.81207819 -3.45847296  3.99999989],cruising,[ 0.63925976  0.24903542 -0.34837281]
86.21190977096558,1004,False,2,4,[ 8.05276851 -4.97060503  4.        ],exiting,[-0.62185191  0.08809385  0.93462812]
86.21190977096558,1005,False,6,1,[5.44460156 1.6653166  1.47930765],fake_landed,[ 0.50568378 -0.03156594 -0.11489306]
86.30950284004211,1000,False,5,3,[-8.09757914  7.92926471  1.27252242],waiting,[-0.82138112 -0.19970136 -0.21083176]
86.30950284004211,1001,False,3,6,[-5.67337328  6.48558995  4.0000053 ],cruising,[-0.48080528  0.59740651 -0.20557775]
86.30950284004211,1002,False,4,0,[2.83597573 8.61416111 1.57933701],landing,[ 0.5677905  -0.59831228 -0.99408226]
86.30950284004211,1003,False,1,2,[-2.94176103 -3.3604705   3.99999976],cruising,[ 0.63925976  0.24903542 -0.34837281]
86.30950284004211,1004,False,2,4,[ 8.08034593 -5.06672727  4.        ],exiting,[-0.62185191  0.08809385  0.93462812]
86.30950284004211,1005,False,6,1,[5.45051184 1.64767951 1.40150018],fake_landed,[ 0.50568378 -0.03156594 -0.11489306]
86.42023539543152,1000,False,5,3,[-8.09757914  7.92926471  1.27252242],waiting,[-0.82138112 -0.19970136 -0.21083176]
86.42023539543152,1001,False,3,6,[-5.51836311  6.58388442  4.00000836],cruising,[-0.48080528  0.59740651 -0.20557775]
86.42023539543152,1002,False,4,0,[2.85520315 8.6007788  1.48211962],fake_landed,[ 0.5677905  -0.59831228 -0.99408226]
86.42023539543152,1003,False,1,2,[-3.05525214 -3.25072802  3.99999965],cruising,[ 0.63925976  0.24903542 -0.34837281]
86.42023539543152,1004,False,2,4,[ 8.10792335 -5.16284952  4.        ],exiting,[-0.62185191  0.08809385  0.93462812]
86.42023539543152,1005,False,6,1,[5.45494455 1.63445169 1.34314459],fake_landed,[ 0.50568378 -0.03156594 -0.11489306]
86.51534080505371,1000,False,5,3,[-8.09757914  7.92926471  1.27252242],waiting,[-0.82138112 -0.19970136 -0.21083176]
86.51534080505371,1001,False,3,6,[-5.35174852  6.66588971  4.00001019],cruising,[-0.48080528  0.59740651 -0.20557775]
86.51534080505371,1002,False,4,0,[2.87058508 8.59007296 1.40434571],fake_landed,[ 0.5677905  -0.59831228 -0.99408226]
86.51534080505371,1003,False,1,2,[-3.15144961 -3.13093914  3.99999955],cruising,[ 0.63925976  0.24903542 -0.34837281]
86.51534080505371,1004,False,2,4,[ 8.13550076 -5.25897176  4.        ],exiting,[-0.62185191  0.08809385  0.93462812]
86.51534080505371,1005,False,6,1,[5.45789969 1.62563315 1.30424085],fake_landed,[ 0.50568378 -0.03156594 -0.11489306]
86.61058044433594,1000,False,5,3,[-8.09757914  7.92926471  1.27252242],waiting,[-0.82138112 -0.19970136 -0.21083176]
86.61058044433594,1001,False,3,6,[-5.17395414  6.73131151  4.00001076],cruising,[-0.48080528  0.59740651 -0.20557775]
86.61058044433594,1002,False,4,0,[2.88212153 8.58204357 1.34601528],fake_landed,[ 0.5677905  -0.59831228 -0.99408226]
86.61058044433594,1003,False,1,2,[-3.2297318  -3.00225966  3.99999948],cruising,[ 0.63925976  0.24903542 -0.34837281]
86.61058044433594,1004,False,2,4,[ 8.16307818 -5.35509401  4.        ],exiting,[-0.62185191  0.08809385  0.93462812]
86.61058044433594,1005,False,6,1,[5.45937726 1.62122387 1.28478899],fake_landed,[ 0.50568378 -0.03156594 -0.11489306]
86.71781206130981,1000,False,5,3,[-8.09757914  7.92926471  1.27252242],waiting,[-0.82138112 -0.19970136 -0.21083176]
86.71781206130981,1001,False,3,6,[-4.98503921  6.78011002  4.00001003],cruising,[-0.48080528  0.59740651 -0.20557775]
86.71781206130981,1002,False,4,0,[2.8898125  8.57669065 1.30712833],fake_landed,[ 0.5677905  -0.59831228 -0.99408226]
86.71781206130981,1003,False,1,2,[-3.2897317  -2.86547106  3.99999943],cruising,[ 0.63925976  0.24903542 -0.34837281]
86.71781206130981,1004,False,2,4,[ 8.1906556  -5.45121626  4.        ],exiting,[-0.62185191  0.08809385  0.93462812]
86.71781206130981,1005,False,1,5,[5.45937726 1.62122387 1.28478899],waiting,[ 0.50568378 -0.03156594 -0.11489306]
86.82258462905884,1000,False,5,3,[-8.09757914  7.92926471  1.27252242],waiting,[-0.82138112 -0.19970136 -0.21083176]
86.82258462905884,1001,False,3,6,[-4.78915772  6.82048874  4.00000853],cruising,[-0.48080528  0.59740651 -0.20557775]
86.82258462905884,1002,False,4,0,[2.89365799 8.57401418 1.28768485],fake_landed,[ 0.5677905  -0.59831228 -0.99408226]
86.82258462905884,1003,False,1,2,[-3.33127478 -2.72097885  3.99999939],cruising,[ 0.63925976  0.24903542 -0.34837281]
86.82258462905884,1004,False,2,4,[ 8.21823301 -5.5473385   4.        ],exiting,[-0.62185191  0.08809385  0.93462812]
86.82258462905884,1005,False,1,5,[5.45937726 1.62122387 1.28478899],waiting,[ 0.50568378 -0.03156594 -0.11489306]
86.91510963439941,1000,False,5,3,[-8.09757914  7.92926471  1.27252242],waiting,[-0.82138112 -0.19970136 -0.21083176]
86.91510963439941,1001,False,3,6,[-4.59420994  6.86515825  4.00000725],cruising,[-0.48080528  0.59740651 -0.20557775]
86.91510963439941,1002,False,4,0,[2.89365799 8.57401418 1.28768485],fake_landed,[ 0.5677905  -0.59831228 -0.99408226]
86.91510963439941,1003,False,1,2,[-3.35428784 -2.56896077  3.99999938],cruising,[ 0.63925976  0.24903542 -0.34837281]
86.91510963439941,1004,False,2,4,[ 8.24581043 -5.64346075  4.        ],exiting,[-0.62185191  0.08809385  0.93462812]
86.91510963439941,1005,False,1,5,[5.45937726 1.62122387 1.28478899],waiting,[ 0.50568378 -0.03156594 -0.11489306]
87.02084422111511,1000,False,5,3,[-8.09757914  7.92926471  1.27252242],waiting,[-0.82138112 -0.19970136 -0.21083176]
87.02084422111511,1001,False,3,6,[-4.39991695  6.91259489  4.00000616],cruising,[-0.48080528  0.59740651 -0.20557775]
87.02084422111511,1002,False,0,1,[2.89365799 8.57401418 1.28768485],waiting,[ 0.5677905  -0.59831228 -0.99408226]
87.02084422111511,1003,False,1,2,[-3.35877443 -2.40940813  3.99999939],cruising,[ 0.63925976  0.24903542 -0.34837281]
87.02084422111511,1004,False,2,4,[ 8.27338784 -5.73958299  4.        ],exiting,[-0.62185191  0.08809385  0.93462812]
87.02084422111511,1005,False,1,5,[5.45937726 1.62122387 1.28478899],waiting,[ 0.50568378 -0.03156594 -0.11489306]
87.11454200744629,1000,False,5,3,[-8.09757914  7.92926471  1.27252242],waiting,[-0.82138112 -0.19970136 -0.21083176]
87.11454200744629,1001,False,3,6,[-4.20536152  6.9589434   4.00000524],cruising,[-0.48080528  0.59740651 -0.20557775]
87.11454200744629,1002,False,0,1,[2.89365799 8.57401418 1.28768485],waiting,[ 0.5677905  -0.59831228 -0.99408226]
87.11454200744629,1003,False,1,2,[-3.34505874 -2.24156834  3.99999942],cruising,[ 0.63925976  0.24903542 -0.34837281]
87.11454200744629,1004,False,2,4,[ 8.30096526 -5.83570524  4.        ],exiting,[-0.62185191  0.08809385  0.93462812]
87.11454200744629,1005,False,1,5,[5.45937726 1.62122387 1.28478899],queued,[ 0.50568378 -0.03156594 -0.11489306]
87.20922088623047,1000,False,5,3,[-8.09757914  7.92926471  1.27252242],waiting,[-0.82138112 -0.19970136 -0.21083176]
87.20922088623047,1001,False,3,6,[-4.01098478  7.00603565  4.00000445],cruising,[-0.48080528  0.59740651 -0.20557775]
87.20922088623047,1002,False,0,1,[2.89365799 8.57401418 1.28768485],waiting,[ 0.5677905  -0.59831228 -0.99408226]
87.20922088623047,1003,False,1,2,[-3.31418441 -2.06345326  3.99999948],cruising,[ 0.63925976  0.24903542 -0.34837281]
87.20922088623047,1004,False,2,4,[ 8.32854268 -5.93182748  4.        ],exiting,[-0.62185191  0.08809385  0.93462812]
87.20922088623047,1005,False,1,5,[5.45937726 1.62122387 1.30478899],queued,[ 0.50568378 -0.03156594 -0.11489306]
87.30918383598328,1000,False,5,3,[-8.09757914  7.92926471  1.27252242],waiting,[-0.82138112 -0.19970136 -0.21083176]
87.30918383598328,1001,False,3,6,[-3.81651378  7.05273718  4.00000378],cruising,[-0.48080528  0.59740651 -0.20557775]
87.30918383598328,1002,False,0,1,[2.89365799 8.57401418 1.28768485],waiting,[ 0.5677905  -0.59831228 -0.99408226]
87.30918383598328,1003,False,1,2,[-3.27169631 -1.86905568  3.99999955],cruising,[ 0.63925976  0.24903542 -0.34837281]
87.30918383598328,1004,False,2,4,[ 8.35612009 -6.02794973  4.        ],exiting,[-0.62185191  0.08809385  0.93462812]
87.30918383598328,1005,False,1,5,[5.45937726 1.62122387 1.34478899],queued,[ 0.50568378 -0.03156594 -0.11489306]
87.42318439483643,1000,False,5,3,[-8.09757914  7.92926471  1.27252242],queued,[-0.82138112 -0.19970136 -0.21083176]
87.42318439483643,1001,False,3,6,[-3.62172162  7.09808047  4.00000322],cruising,[-0.48080528  0.59740651 -0.20557775]
87.42318439483643,1002,False,0,1,[2.89365799 8.57401418 1.28768485],waiting,[ 0.5677905  -0.59831228 -0.99408226]
87.42318439483643,1003,False,1,2,[-3.24487523 -1.67086226  3.99999962],cruising,[ 0.63925976  0.24903542 -0.34837281]
87.42318439483643,1004,False,2,4,[ 8.38369751 -6.12407198  4.        ],exiting,[-0.62185191  0.08809385  0.93462812]
87.42318439483643,1005,False,1,5,[5.45937726 1.62122387 1.40478899],queued,[ 0.50568378 -0.03156594 -0.11489306]
87.50955963134766,1000,False,5,3,[-8.09757914  7.92926471  1.29252242],queued,[-0.82138112 -0.19970136 -0.21083176]
87.50955963134766,1001,False,3,6,[-3.42590902  7.13879196  4.00000273],cruising,[-0.48080528  0.59740651 -0.20557775]
87.50955963134766,1002,False,0,1,[2.89365799 8.57401418 1.28768485],waiting,[ 0.5677905  -0.59831228 -0.99408226]
87.50955963134766,1003,False,1,2,[-3.23448571 -1.4711323   3.99999968],cruising,[ 0.63925976  0.24903542 -0.34837281]
87.50955963134766,1004,False,2,4,[ 8.41127493 -6.22019422  4.        ],exiting,[-0.62185191  0.08809385  0.93462812]
87.50955963134766,1005,False,1,5,[5.45937726 1.62122387 1.47978899],queued,[ 0.50568378 -0.03156594 -0.11489306]
87.61964750289917,1000,False,5,3,[-8.09757914  7.92926471  1.33252242],queued,[-0.82138112 -0.19970136 -0.21083176]
87.61964750289917,1001,False,3,6,[-3.22958004  7.1769355   4.00000232],cruising,[-0.48080528  0.59740651 -0.20557775]
87.61964750289917,1002,False,0,1,[2.89365799 8.57401418 1.28768485],waiting,[ 0.5677905  -0.59831228 -0.99408226]
87.61964750289917,1003,False,1,2,[-3.23994781 -1.2712069   3.99999973],cruising,[ 0.63925976  0.24903542 -0.34837281]
87.61964750289917,1004,False,2,4,[ 8.43885234 -6.31631647  4.        ],exiting,[-0.62185191  0.08809385  0.93462812]
87.61964750289917,1005,False,1,5,[5.45937726 1.62122387 1.55478899],queued,[ 0.50568378 -0.03156594 -0.11489306]
87.71155261993408,1000,False,5,3,[-8.09757914  7.92926471  1.39252242],queued,[-0.82138112 -0.19970136 -0.21083176]
87.71155261993408,1001,False,3,6,[-3.03262344  7.21169325  4.00000197],cruising,[-0.48080528  0.59740651 -0.20557775]
87.71155261993408,1002,False,0,1,[2.89365799 8.57401418 1.28768485],waiting,[ 0.5677905  -0.59831228 -0.99408226]
87.71155261993408,1003,False,1,2,[-3.2592402  -1.07213957  3.99999977],cruising,[ 0.63925976  0.24903542 -0.34837281]
87.71155261993408,1004,False,2,4,[ 8.46642976 -6.41243871  4.        ],exiting,[-0.62185191  0.08809385  0.93462812]
87.71155261993408,1005,False,1,5,[5.45937726 1.62122387 1.62978899],queued,[ 0.50568378 -0.03156594 -0.11489306]
87.81428170204163,1000,False,5,3,[-8.09757914  7.92926471  1.46752242],queued,[-0.82138112 -0.19970136 -0.21083176]
87.81428170204163,1001,False,3,6,[-2.83455935  7.23945318  4.00000168],cruising,[-0.48080528  0.59740651 -0.20557775]
87.81428170204163,1002,False,0,1,[2.89365799 8.57401418 1.28768485],waiting,[ 0.5677905  -0.59831228 -0.99408226]
87.81428170204163,1003,False,1,2,[-3.29209715 -0.87485698  3.9999998 ],cruising,[ 0.63925976  0.24903542 -0.34837281]
87.81428170204163,1004,False,2,4,[ 8.49400718 -6.50856096  4.        ],exiting,[-0.62185191  0.08809385  0.93462812]
87.81428170204163,1005,False,1,5,[5.45937726 1.62122387 1.70478899],queued,[ 0.50568378 -0.03156594 -0.11489306]
87.9122428894043,1000,False,5,3,[-8.09757914  7.92926471  1.54252242],queued,[-0.82138112 -0.19970136 -0.21083176]
87.9122428894043,1001,False,3,6,[-2.63589396  7.2625197   4.00000143],cruising,[-0.48080528  0.59740651 -0.20557775]
87.9122428894043,1002,False,0,1,[2.89365799 8.57401418 1.28768485],waiting,[ 0.5677905  -0.59831228 -0.99408226]
87.9122428894043,1003,False,1,2,[-3.33740731 -0.68005711  3.99999983],cruising,[ 0.63925976  0.24903542 -0.34837281]
87.9122428894043,1004,False,2,4,[ 8.52158459 -6.6046832   4.        ],exiting,[-0.62185191  0.08809385  0.93462812]
87.9122428894043,1005,False,1,5,[5.45937726 1.62122387 1.77978899],queued,[ 0.50568378 -0.03156594 -0.11489306]
88.0130226612091,1000,False,5,3,[-8.09757914  7.92926471  1.61752242],queued,[-0.82138112 -0.19970136 -0.21083176]
88.0130226612091,1001,False,3,6,[-2.43638046  7.27646104  4.00000121],cruising,[-0.48080528  0.59740651 -0.20557775]
88.0130226612091,1002,False,0,1,[2.89365799 8.57401418 1.28768485],waiting,[ 0.5677905  -0.59831228 -0.99408226]
88.0130226612091,1003,False,1,2,[-3.39419494 -0.48828859  3.99999986],cruising,[ 0.63925976  0.24903542 -0.34837281]
88.0130226612091,1004,False,2,4,[ 8.54916201 -6.70080545  4.        ],exiting,[-0.62185191  0.08809385  0.93462812]
88.0130226612091,1005,False,1,5,[5.45937726 1.62122387 1.85478899],queued,[ 0.50568378 -0.03156594 -0.11489306]
88.12144422531128,1000,False,5,3,[-8.09757914  7.92926471  1.69252242],queued,[-0.82138112 -0.19970136 -0.21083176]
88.12144422531128,1001,False,3,6,[-2.23640977  7.27988532  4.00000103],cruising,[-0.48080528  0.59740651 -0.20557775]
88.12144422531128,1002,False,0,1,[2.89365799 8.57401418 1.28768485],waiting,[ 0.5677905  -0.59831228 -0.99408226]
88.12144422531128,1003,False,1,2,[-3.45980757 -0.29935743  3.99999988],cruising,[ 0.63925976  0.24903542 -0.34837281]
88.12144422531128,1004,False,2,4,[ 8.57673943 -6.79692769  4.        ],exiting,[-0.62185191  0.08809385  0.93462812]
88.12144422531128,1005,False,1,5,[5.45937726 1.62122387 1.92978899],queued,[ 0.50568378 -0.03156594 -0.11489306]
88.21225500106812,1000,False,5,3,[-8.09757914  7.92926471  1.76752242],queued,[-0.82138112 -0.19970136 -0.21083176]
88.21225500106812,1001,False,3,6,[-2.03689649  7.26594079  4.00000088],cruising,[-0.48080528  0.59740651 -0.20557775]
88.21225500106812,1002,False,0,1,[2.89365799 8.57401418 1.28768485],waiting,[ 0.5677905  -0.59831228 -0.99408226]
88.21225500106812,1003,False,1,2,[-3.53569643 -0.11431451  3.9999999 ],cruising,[ 0.63925976  0.24903542 -0.34837281]
88.21225500106812,1004,False,2,4,[ 8.60431684 -6.89304994  4.        ],exiting,[-0.62185191  0.08809385  0.93462812]
88.21225500106812,1005,False,1,5,[5.45937726 1.62122387 2.00478899],queued,[ 0.50568378 -0.03156594 -0.11489306]
88.32307410240173,1000,False,5,3,[-8.09757914  7.92926471  1.84252242],queued,[-0.82138112 -0.19970136 -0.21083176]
88.32307410240173,1001,False,3,6,[-1.83960185  7.23315624  4.00000074],cruising,[-0.48080528  0.59740651 -0.20557775]
88.32307410240173,1002,False,0,1,[2.89365799 8.57401418 1.28768485],waiting,[ 0.5677905  -0.59831228 -0.99408226]
88.32307410240173,1003,False,1,2,[-3.62219089  0.06601493  3.99999991],exiting,[ 0.63925976  0.24903542 -0.34837281]
88.32307410240173,1004,False,2,4,[ 8.63189426 -6.98917219  4.        ],exiting,[-0.62185191  0.08809385  0.93462812]
88.32307410240173,1005,False,1,5,[5.45937726 1.62122387 2.07978899],queued,[ 0.50568378 -0.03156594 -0.11489306]
88.41322231292725,1000,False,5,3,[-8.09757914  7.92926471  1.91752242],queued,[-0.82138112 -0.19970136 -0.21083176]
88.41322231292725,1001,False,3,6,[-1.64576941  7.1838715   4.00000063],cruising,[-0.48080528  0.59740651 -0.20557775]
88.41322231292725,1002,False,0,1,[2.89365799 8.57401418 1.28768485],waiting,[ 0.5677905  -0.59831228 -0.99408226]
88.41322231292725,1003,False,1,2,[-3.70898951  0.22634669  3.99999993],exiting,[ 0.63925976  0.24903542 -0.34837281]
88.41322231292725,1004,False,2,4,[ 8.65947167 -7.08529443  4.        ],landing,[-0.62185191  0.08809385  0.93462812]
88.41322231292725,1005,False,1,5,[5.45937726 1.62122387 2.15478899],queued,[ 0.50568378 -0.03156594 -0.11489306]
88.50956511497498,1000,False,5,3,[-8.09757914  7.92926471  1.99252242],queued,[-0.82138112 -0.19970136 -0.21083176]
88.50956511497498,1001,False,3,6,[-1.4546059   7.12507941  4.00000054],cruising,[-0.48080528  0.59740651 -0.20557775]
88.50956511497498,1002,False,0,1,[2.89365799 8.57401418 1.28768485],waiting,[ 0.5677905  -0.59831228 -0.99408226]
88.50956511497498,1003,False,1,2,[-3.7959293   0.36667894  3.99999994],exiting,[ 0.63925976  0.24903542 -0.34837281]
88.50956511497498,1004,False,2,4,[ 8.68013033 -7.16917412  3.98577852],landing,[-0.62185191  0.08809385  0.93462812]
88.50956511497498,1005,False,1,5,[5.45937726 1.62122387 2.22978899],queued,[ 0.50568378 -0.03156594 -0.11489306]
88.61844325065613,1000,False,5,3,[-8.09757914  7.92926471  2.06752242],queued,[-0.82138112 -0.19970136 -0.21083176]
88.61844325065613,1001,False,3,6,[-1.26802816  7.05304646  4.00000046],cruising,[-0.48080528  0.59740651 -0.20557775]
88.61844325065613,1002,False,0,1,[2.89365799 8.57401418 1.28768485],waiting,[ 0.5677905  -0.59831228 -0.99408226]
88.61844325065613,1003,False,1,2,[-3.88282866  0.48701123  3.99999996],exiting,[ 0.63925976  0.24903542 -0.34837281]
88.61844325065613,1004,False,2,4,[ 8.69385783 -7.24063357  3.95749657],landing,[-0.62185191  0.08809385  0.93462812]
88.61844325065613,1005,False,1,5,[5.45937726 1.62122387 2.30478899],queued,[ 0.50568378 -0.03156594 -0.11489306]
88.71889162063599,1000,False,5,3,[-8.09757914  7.92926471  2.14252242],queued,[-0.82138112 -0.19970136 -0.21083176]
88.71889162063599,1001,False,3,6,[-1.08586899  6.97047504  4.00000039],cruising,[-0.48080528  0.59740651 -0.20557775]
88.71889162063599,1002,False,0,1,[2.89365799 8.57401418 1.28768485],waiting,[ 0.5677905  -0.59831228 -0.99408226]
88.71889162063599,1003,False,1,2,[-3.96948252  0.58734504  3.99999997],exiting,[ 0.63925976  0.24903542 -0.34837281]
88.71889162063599,1004,False,2,4,[ 8.70064062 -7.29946257  3.91534946],landing,[-0.62185191  0.08809385  0.93462812]
88.71889162063599,1005,False,1,5,[5.45937726 1.62122387 2.37978899],queued,[ 0.50568378 -0.03156594 -0.11489306]
88.82173228263855,1000,False,5,3,[-8.09757914  7.92926471  2.21752242],queued,[-0.82138112 -0.19970136 -0.21083176]
88.82173228263855,1001,False,3,6,[-0.90764099  6.87972935  4.00000033],cruising,[-0.48080528  0.59740651 -0.20557775]
88.82173228263855,1002,False,0,1,[2.89365799 8.57401418 1.28768485],waiting,[ 0.5677905  -0.59831228 -0.99408226]
88.82173228263855,1003,False,1,2,[-4.05565269  0.66768469  3.99999999],exiting,[ 0.63925976  0.24903542 -0.34837281]
88.82173228263855,1004,False,2,4,[ 8.7004621  -7.3453697   3.85961686],landing,[-0.62185191  0.08809385  0.93462812]
88.82173228263855,1005,False,1,5,[5.45937726 1.62122387 2.45478899],queued,[ 0.50568378 -0.03156594 -0.11489306]
88.90891981124878,1000,False,5,3,[-8.09757914  7.92926471  2.29252242],queued,[-0.82138112 -0.19970136 -0.21083176]
88.90891981124878,1001,False,3,6,[-0.73155423  6.78489554  4.00000028],cruising,[-0.48080528  0.59740651 -0.20557775]
88.90891981124878,1002,False,0,1,[2.89365799 8.57401418 1.28768485],queued,[ 0.5677905  -0.59831228 -0.99408226]
88.90891981124878,1003,False,1,2,[-4.14104552  0.72803945  4.        ],exiting,[ 0.63925976  0.24903542 -0.34837281]
88.90891981124878,1004,False,2,4,[ 8.69331103 -7.37812592  3.79052623],landing,[-0.62185191  0.08809385  0.93462812]
88.90891981124878,1005,False,1,5,[5.45937726 1.62122387 2.52978899],queued,[ 0.50568378 -0.03156594 -0.11489306]
89.01563739776611,1000,False,5,3,[-8.09757914  7.92926471  2.36752242],queued,[-0.82138112 -0.19970136 -0.21083176]
89.01563739776611,1001,False,3,6,[-0.55850465  6.68462669  4.00000024],cruising,[-0.48080528  0.59740651 -0.20557775]
89.01563739776611,1002,False,0,1,[2.89365799 8.57401418 1.30768485],queued,[ 0.5677905  -0.59831228 -0.99408226]
89.01563739776611,1003,False,1,2,[-4.22525102  0.76842949  4.00000001],exiting,[ 0.63925976  0.24903542 -0.34837281]
89.01563739776611,1004,False,2,4,[ 8.67917816 -7.39751002  3.70830392],landing,[-0.62185191  0.08809385  0.93462812]
89.01563739776611,1005,False,1,5,[5.45937726 1.62122387 2.60478899],entering,[ 0.50568378 -0.03156594 -0.11489306]
89.11469674110413,1000,False,5,3,[-8.09757914  7.92926471  2.44252242],queued,[-0.82138112 -0.19970136 -0.21083176]
89.11469674110413,1001,False,3,6,[-0.38766634  6.58063499  4.0000002 ],cruising,[-0.48080528  0.59740651 -0.20557775]
89.11469674110413,1002,False,0,1,[2.89365799 8.57401418 1.34768485],queued,[ 0.5677905  -0.59831228 -0.99408226]
89.11469674110413,1003,False,1,2,[-4.30801569  0.78887149  4.00000002],exiting,[ 0.63925976  0.24903542 -0.34837281]
89.11469674110413,1004,False,2,4,[ 8.65805584 -7.40329892  3.61318516],landing,[-0.62185191  0.08809385  0.93462812]
89.11469674110413,1005,False,1,5,[5.47906896 1.61772576 2.67978899],entering,[ 0.50568378 -0.03156594 -0.11489306]
89.21103072166443,1000,False,5,3,[-8.09757914  7.92926471  2.51752242],entering,[-0.82138112 -0.19970136 -0.21083176]
89.21103072166443,1001,False,3,6,[-0.21773772  6.47516337  4.00000017],cruising,[-0.48080528  0.59740651 -0.20557775]
89.21103072166443,1002,False,0,1,[2.89365799 8.57401418 1.40768485],queued,[ 0.5677905  -0.59831228 -0.99408226]
89.21103072166443,1003,False,1,2,[-4.38908186  0.78938575  4.00000002],exiting,[ 0.63925976  0.24903542 -0.34837281]
89.21103072166443,1004,False,2,4,[ 8.63566861 -7.40658872  3.51577885],landing,[-0.62185191  0.08809385  0.93462812]
89.21103072166443,1005,False,1,5,[5.51844668 1.61069765 2.75478899],entering,[ 0.50568378 -0.03156594 -0.11489306]
89.31029176712036,1000,False,5,3,[-8.0797314   7.92023929  2.59252242],entering,[-0.82138112 -0.19970136 -0.21083176]
89.31029176712036,1001,False,3,6,[-0.04886548  6.36800849  4.00000015],cruising,[-0.48080528  0.59740651 -0.20557775]
89.31029176712036,1002,False,0,1,[2.89365799 8.57401418 1.48268485],queued,[ 0.5677905  -0.59831228 -0.99408226]
89.31029176712036,1003,False,1,2,[-4.46818756  0.76999633  4.00000002],exiting,[ 0.63925976  0.24903542 -0.34837281]
89.31029176712036,1004,False,2,4,[ 8.61328138 -7.40987852  3.41837254],landing,[-0.62185191  0.08809385  0.93462812]
89.31029176712036,1005,False,1,5,[5.57749761 1.60006887 2.82978899],entering,[ 0.50568378 -0.03156594 -0.11489306]
89.41737937927246,1000,False,5,3,[-8.04402226  7.90221551  2.66752242],entering,[-0.82138112 -0.19970136 -0.21083176]
89.41737937927246,1001,False,3,6,[0.11982631 6.26056978 4.00000012],cruising,[-0.48080528  0.59740651 -0.20557775]
89.41737937927246,1002,False,0,1,[2.89365799 8.57401418 1.55768485],queued,[ 0.5677905  -0.59831228 -0.99408226]
89.41737937927246,1003,False,1,2,[-4.54506639  0.73073126  4.00000002],exiting,[ 0.63925976  0.24903542 -0.34837281]
89.41737937927246,1004,False,2,4,[ 8.59089415 -7.41316831  3.32096623],landing,[-0.62185191  0.08809385  0.93462812]
89.41737937927246,1005,False,1,5,[5.65614741 1.58545462 2.90478899],entering,[ 0.50568378 -0.03156594 -0.11489306]
89.51922845840454,1000,False,5,3,[-7.99042158  7.87525345  2.74252242],entering,[-0.82138112 -0.19970136 -0.21083176]
89.51922845840454,1001,False,3,6,[0.28860263 6.15326388 4.00000011],cruising,[-0.48080528  0.59740651 -0.20557775]
89.51922845840454,1002,False,0,1,[2.89365799 8.57401418 1.63268485],queued,[ 0.5677905  -0.59831228 -0.99408226]
89.51922845840454,1003,False,1,2,[-4.61944726  0.67162281  4.00000002],exiting,[ 0.63925976  0.24903542 -0.34837281]
89.51922845840454,1004,False,2,4,[ 8.56850691 -7.41645811  3.22355992],landing,[-0.62185191  0.08809385  0.93462812]
89.51922845840454,1005,False,1,5,[5.75431447 1.56647268 2.97978899],entering,[ 0.50568378 -0.03156594 -0.11489306]
89.61853456497192,1000,False,5,3,[-7.91887231  7.83946826  2.81752242],entering,[-0.82138112 -0.19970136 -0.21083176]
89.61853456497192,1001,False,3,6,[0.45788373 6.04675609 4.00000009],cruising,[-0.48080528  0.59740651 -0.20557775]
89.61853456497192,1002,False,0,1,[2.89365799 8.57401418 1.70768485],queued,[ 0.5677905  -0.59831228 -0.99408226]
89.61853456497192,1003,False,1,2,[-4.69254999  0.60338799  4.00000002],exiting,[ 0.63925976  0.24903542 -0.34837281]
89.61853456497192,1004,False,2,4,[ 8.54611968 -7.4197479   3.12615362],landing,[-0.62185191  0.08809385  0.93462812]
89.61853456497192,1005,False,1,5,[5.87185675 1.5425308  3.05478899],entering,[ 0.50568378 -0.03156594 -0.11489306]
89.7107629776001,1000,False,5,3,[-7.82932282  7.79496569  2.89252242],entering,[-0.82138112 -0.19970136 -0.21083176]
89.7107629776001,1001,False,3,6,[0.62793267 5.94147856 4.00000008],cruising,[-0.48080528  0.59740651 -0.20557775]
89.7107629776001,1002,False,0,1,[2.89365799 8.57401418 1.78268485],queued,[ 0.5677905  -0.59831228 -0.99408226]
89.7107629776001,1003,False,1,2,[-4.76565273  0.53515317  4.00000001],exiting,[ 0.63925976  0.24903542 -0.34837281]
89.7107629776001,1004,False,2,4,[ 8.52373245 -7.4230377   3.02874731],landing,[-0.62185191  0.08809385  0.93462812]
89.7107629776001,1005,False,1,5,[6.00858724 1.51294867 3.12978899],entering,[ 0.50568378 -0.03156594 -0.11489306]
89.81966233253479,1000,False,5,3,[-7.7217474   7.74179909  2.96752242],entering,[-0.82138112 -0.19970136 -0.21083176]
89.81966233253479,1001,False,3,6,[0.79951705 5.83872254 4.00000007],cruising,[-0.48080528  0.59740651 -0.20557775]
89.81966233253479,1002,False,0,1,[2.89365799 8.57401418 1.85768485],queued,[ 0.5677905  -0.59831228 -0.99408226]
89.81966233253479,1003,False,1,2,[-4.83875546  0.46691835  4.00000001],exiting,[ 0.63925976  0.24903542 -0.34837281]
89.81966233253479,1004,False,2,4,[ 8.50134522 -7.4263275   2.931341  ],landing,[-0.62185191  0.08809385  0.93462812]
89.81966233253479,1005,False,1,5,[6.16382691 1.47578957 3.20478899],entering,[ 0.50568378 -0.03156594 -0.11489306]
89.91325616836548,1000,False,5,3,[-7.5961322   7.67999731  3.04252242],entering,[-0.82138112 -0.19970136 -0.21083176]
89.91325616836548,1001,False,3,6,[0.97244821 5.73824958 4.00000006],cruising,[-0.48080528  0.59740651 -0.20557775]
89.91325616836548,1002,False,0,1,[2.89365799 8.57401418 1.93268485],queued,[ 0.5677905  -0.59831228 -0.99408226]
89.91325616836548,1003,False,1,2,[-4.91185819  0.39868353  4.00000001],exiting,[ 0.63925976  0.24903542 -0.34837281]
89.91325616836548,1004,False,2,4,[ 8.47895799 -7.42961729  2.83393469],landing,[-0.62185191  0.08809385  0.93462812]
89.91325616836548,1005,False,1,5,[6.3366495  1.42909943 3.27978899],entering,[ 0.50568378 -0.03156594 -0.11489306]
90.02163076400757,1000,False,5,3,[-7.45202998  7.61056466  3.11752242],entering,[-0.82138112 -0.19970136 -0.21083176]
90.02163076400757,1001,False,3,6,[1.14774667 5.64196641 4.00000005],cruising,[-0.48080528  0.59740651 -0.20557775]
90.02163076400757,1002,False,0,1,[2.89365799 8.57401418 2.00768485],queued,[ 0.5677905  -0.59831228 -0.99408226]
90.02163076400757,1003,False,1,2,[-4.98496092  0.33044871  4.00000001],exiting,[ 0.63925976  0.24903542 -0.34837281]
90.02163076400757,1004,False,2,4,[ 8.45657075 -7.43290709  2.73652838],landing,[-0.62185191  0.08809385  0.93462812]
90.02163076400757,1005,False,1,5,[6.52293055 1.36761504 3.35478899],entering,[ 0.50568378 -0.03156594 -0.11489306]
90.11772203445435,1000,False,5,3,[-7.28920229  7.53410657  3.19252242],entering,[-0.82138112 -0.19970136 -0.21083176]
90.11772203445435,1001,False,3,6,[1.3248425  5.54903058 4.00000004],cruising,[-0.48080528  0.59740651 -0.20557775]
90.11772203445435,1002,False,0,1,[2.89365799 8.57401418 2.08268485],queued,[ 0.5677905  -0.59831228 -0.99408226]
90.11772203445435,1003,False,1,2,[-5.05806366  0.26221389  4.00000001],exiting,[ 0.63925976  0.24903542 -0.34837281]
90.11772203445435,1004,False,2,4,[ 8.43418352 -7.43619688  2.63912207],landing,[-0.62185191  0.08809385  0.93462812]
90.11772203445435,1005,False,1,5,[6.70891615 1.29406669 3.42978899],entering,[ 0.50568378 -0.03156594 -0.11489306]
90.22163248062134,1000,False,5,3,[-7.10688792  7.45314633  3.26752242],entering,[-0.82138112 -0.19970136 -0.21083176]
90.22163248062134,1001,False,3,6,[1.50395123 5.46003585 4.00000003],cruising,[-0.48080528  0.59740651 -0.20557775]
90.22163248062134,1002,False,0,1,[2.89365799 8.57401418 2.15768485],queued,[ 0.5677905  -0.59831228 -0.99408226]
90.22163248062134,1003,False,1,2,[-5.13116639  0.19397907  4.        ],exiting,[ 0.63925976  0.24903542 -0.34837281]
90.22163248062134,1004,False,2,4,[ 8.41179629 -7.43948668  2.54171576],landing,[-0.62185191  0.08809385  0.93462812]
90.22163248062134,1005,False,1,5,[6.89177972 1.21306722 3.50478899],entering,[ 0.50568378 -0.03156594 -0.11489306]
90.30974435806274,1000,False,5,3,[-6.9230474   7.37438934  3.34252242],entering,[-0.82138112 -0.19970136 -0.21083176]
90.30974435806274,1001,False,3,6,[1.68629316 5.37786884 4.00000003],cruising,[-0.48080528  0.59740651 -0.20557775]
90.30974435806274,1002,False,0,1,[2.89365799 8.57401418 2.23268485],queued,[ 0.5677905  -0.59831228 -0.99408226]
90.30974435806274,1003,False,1,2,[-5.20426912  0.12574426  4.        ],exiting,[ 0.63925976  0.24903542 -0.34837281]
90.30974435806274,1004,False,2,4,[ 8.38940906 -7.44277647  2.44430945],landing,[-0.62185191  0.08809385  0.93462812]
90.30974435806274,1005,False,1,5,[7.06962106 1.12156609 3.57907064],entering,[ 0.50568378 -0.03156594 -0.11489306]
90.42369651794434,1000,False,5,3,[-6.73707592  7.30080532  3.41752242],entering,[-0.82138112 -0.19970136 -0.21083176]
90.42369651794434,1001,False,3,6,[1.87083004 5.30075761 4.00000002],cruising,[-0.48080528  0.59740651 -0.20557775]
90.42369651794434,1002,False,0,1,[2.89365799 8.57401418 2.30768485],queued,[ 0.5677905  -0.59831228 -0.99408226]
90.42369651794434,1003,False,1,2,[-5.27737185  0.05750944  4.        ],exiting,[ 0.63925976  0.24903542 -0.34837281]
90.42369651794434,1004,False,2,4,[ 8.36702183 -7.44606627  2.34690314],landing,[-0.62185191  0.08809385  0.93462812]
90.42369651794434,1005,False,1,5,[7.24119774 1.01879722 3.64221004],entering,[ 0.50568378 -0.03156594 -0.11489306]
90.5091564655304,1000,False,5,3,[-6.54954798  7.23128357  3.49252242],entering,[-0.82138112 -0.19970136 -0.21083176]
90.5091564655304,1001,False,3,6,[2.05766883 5.22940449 4.00000002],cruising,[-0.48080528  0.59740651 -0.20557775]
90.5091564655304,1002,False,0,1,[2.89365799 8.57401418 2.38268485],entering,[ 0.5677905  -0.59831228 -0.99408226]
90.5091564655304,1003,False,1,2,[-5.35047459 -0.01072538  4.        ],exiting,[ 0.63925976  0.24903542 -0.34837281]
90.5091564655304,1004,False,2,4,[ 8.34463459 -7.44935607  2.24949683],landing,[-0.62185191  0.08809385  0.93462812]
90.5091564655304,1005,False,1,5,[7.40500152 0.9040439  3.69587854],entering,[ 0.50568378 -0.03156594 -0.11489306]
90.62254643440247,1000,False,5,3,[-6.36031597  7.16654374  3.56752242],entering,[-0.82138112 -0.19970136 -0.21083176]
90.62254643440247,1001,False,3,6,[2.248266   5.16880154 4.00000002],cruising,[-0.48080528  0.59740651 -0.20557775]
90.62254643440247,1002,False,0,1,[2.89005965 8.55434055 2.45768485],entering,[ 0.5677905  -0.59831228 -0.99408226]
90.62254643440247,1003,False,1,2,[-5.42357732 -0.0789602   4.        ],exiting,[ 0.63925976  0.24903542 -0.34837281]
90.62254643440247,1004,False,2,4,[ 8.32224736 -7.45264586  2.15209052],landing,[-0.62185191  0.08809385  0.93462812]
90.62254643440247,1005,False,1,5,[7.56062609 0.77842148 3.74149676],entering,[ 0.50568378 -0.03156594 -0.11489306]
90.70901441574097,1000,False,5,3,[-6.16903506  7.10813473  3.63239406],entering,[-0.82138112 -0.19970136 -0.21083176]
90.70901441574097,1001,False,3,6,[2.44180936 5.11839353 4.00000002],cruising,[-0.48080528  0.59740651 -0.20557775]
90.70901441574097,1002,False,0,1,[2.88308406 8.51495412 2.53268485],entering,[ 0.5677905  -0.59831228 -0.99408226]
90.70901441574097,1003,False,1,2,[-5.49668005 -0.14719502  4.        ],exiting,[ 0.63925976  0.24903542 -0.34837281]
90.70901441574097,1004,False,2,4,[ 8.29986013 -7.45593566  2.05468421],landing,[-0.62185191  0.08809385  0.93462812]
90.70901441574097,1005,False,1,5,[7.70476027 0.63976601 3.78027224],entering,[ 0.50568378 -0.03156594 -0.11489306]
90.81062316894531,1000,False,5,3,[-5.97549386  7.0577184   3.68753495],entering,[-0.82138112 -0.19970136 -0.21083176]
90.81062316894531,1001,False,3,6,[2.63742521 5.07674695 4.00000001],cruising,[-0.48080528  0.59740651 -0.20557775]
90.81062316894531,1002,False,0,1,[2.87283138 8.455838   2.60768485],entering,[ 0.5677905  -0.59831228 -0.99408226]
90.81062316894531,1003,False,1,2,[-5.56978278 -0.21542984  4.        ],exiting,[ 0.63925976  0.24903542 -0.34837281]
90.81062316894531,1004,False,2,4,[ 8.2774729  -7.45922545  1.9572779 ],landing,[-0.62185191  0.08809385  0.93462812]
90.81062316894531,1005,False,1,5,[7.83541269 0.48833965 3.81323141],entering,[ 0.50568378 -0.03156594 -0.11489306]
90.92287302017212,1000,False,5,3,[-5.77990499  7.01594527  3.73440471],entering,[-0.82138112 -0.19970136 -0.21083176]
90.92287302017212,1001,False,3,6,[2.83446653 5.04247277 4.00000001],cruising,[-0.48080528  0.59740651 -0.20557775]
90.92287302017212,1002,False,0,1,[2.85942331 8.37697236 2.68268485],entering,[ 0.5677905  -0.59831228 -0.99408226]
90.92287302017212,1003,False,1,2,[-5.64288552 -0.28366466  4.        ],exiting,[ 0.63925976  0.24903542 -0.34837281]
90.92287302017212,1004,False,2,4,[ 8.25508566 -7.46251525  1.8598716 ],landing,[-0.62185191  0.08809385  0.93462812]
90.92287302017212,1005,False,1,5,[7.95087328 0.32503364 3.8412467 ],entering,[ 0.50568378 -0.03156594 -0.11489306]
91.01124167442322,1000,False,5,3,[-5.58266967  6.98280574  3.774244  ],entering,[-0.82138112 -0.19970136 -0.21083176]
91.01124167442322,1001,False,3,6,[3.03246912 5.01427748 4.00000001],cruising,[-0.48080528  0.59740651 -0.20557775]
91.01124167442322,1002,False,0,1,[2.8433738  8.27828192 2.75768485],entering,[ 0.5677905  -0.59831228 -0.99408226]
91.01124167442322,1003,False,1,2,[-5.71598825 -0.35189948  4.        ],exiting,[ 0.63925976  0.24903542 -0.34837281]
91.01124167442322,1004,False,2,4,[ 8.23269843 -7.46580505  1.76246529],landing,[-0.62185191  0.08809385  0.93462812]
91.01124167442322,1005,False,1,5,[8.05003842 0.15134922 3.86505969],cruising,[ 0.50568378 -0.03156594 -0.11489306]
91.11757159233093,1000,False,5,3,[-5.38373949  6.96214703  3.8081074 ],entering,[-0.82138112 -0.19970136 -0.21083176]
91.11757159233093,1001,False,3,6,[3.23110819 4.99098545 4.00000001],cruising,[-0.48080528  0.59740651 -0.20557775]
91.11757159233093,1002,False,0,1,[2.82523898 8.15970049 2.83268485],entering,[ 0.5677905  -0.59831228 -0.99408226]
91.11757159233093,1003,False,1,2,[-5.78909098 -0.42013429  4.        ],exiting,[ 0.63925976  0.24903542 -0.34837281]
91.11757159233093,1004,False,2,4,[ 8.2103112  -7.46909484  1.66505898],landing,[-0.62185191  0.08809385  0.93462812]
91.11757159233093,1005,False,1,5,[ 8.13160811 -0.03121036  3.88546216],cruising,[ 0.50568378 -0.03156594 -0.11489306]
91.22409963607788,1000,False,5,3,[-5.18401572  6.95163909  3.83689129],entering,[-0.82138112 -0.19970136 -0.21083176]
91.22409963607788,1001,False,3,6,[3.43016091 4.97154281 4.00000001],cruising,[-0.48080528  0.59740651 -0.20557775]
91.22409963607788,1002,False,0,1,[2.80620061 8.02113948 2.90768485],entering,[ 0.5677905  -0.59831228 -0.99408226]
91.22409963607788,1003,False,1,2,[-5.86219371 -0.48836911  4.        ],exiting,[ 0.63925976  0.24903542 -0.34837281]
91.22409963607788,1004,False,2,4,[ 8.18792397 -7.47238464  1.56765267],landing,[-0.62185191  0.08809385  0.93462812]
91.22409963607788,1005,False,1,5,[ 8.19643145 -0.22041378  3.90264284],cruising,[ 0.50568378 -0.03156594 -0.11489306]
91.32405209541321,1000,False,5,3,[-4.98401588  6.95138701  3.8613576 ],cruising,[-0.82138112 -0.19970136 -0.21083176]
91.32405209541321,1001,False,3,6,[3.62947643 4.95501026 4.00000001],cruising,[-0.48080528  0.59740651 -0.20557775]
91.32405209541321,1002,False,0,1,[2.78804562 7.86259799 2.98268485],entering,[ 0.5677905  -0.59831228 -0.99408226]
91.32405209541321,1003,False,1,2,[-5.93529645 -0.55660393  4.        ],exiting,[ 0.63925976  0.24903542 -0.34837281]
91.32405209541321,1004,False,2,4,[ 8.16553674 -7.47567443  1.47024636],fake_landed,[-0.62185191  0.08809385  0.93462812]
91.32405209541321,1005,False,1,5,[ 8.24673778 -0.4139836   3.91724641],cruising,[ 0.50568378 -0.03156594 -0.11489306]
91.40837812423706,1000,False,5,3,[-4.7842433   6.96092202  3.88215396],cruising,[-0.82138112 -0.19970136 -0.21083176]
91.40837812423706,1001,False,3,6,[3.82895299 4.94054998 4.        ],cruising,[-0.48080528  0.59740651 -0.20557775]
91.40837812423706,1002,False,0,1,[2.77371091 7.68442475 3.05768485],entering,[ 0.5677905  -0.59831228 -0.99408226]
91.40837812423706,1003,False,1,2,[-6.00839918 -0.62483875  4.        ],exiting,[ 0.63925976  0.24903542 -0.34837281]
91.40837812423706,1004,False,2,4,[ 8.14762695 -7.47830627  1.39232131],fake_landed,[-0.62185191  0.08809385  0.93462812]
91.40837812423706,1005,False,1,5,[ 8.28409726 -0.61046329  3.92965945],cruising,[ 0.50568378 -0.03156594 -0.11489306]
91.51867485046387,1000,False,5,3,[-4.58506914  6.97907836  3.89983086],cruising,[-0.82138112 -0.19970136 -0.21083176]
91.51867485046387,1001,False,3,6,[4.02852087 4.92740983 4.        ],cruising,[-0.48080528  0.59740651 -0.20557775]
91.51867485046387,1002,False,0,1,[2.76861334 7.48851243 3.13268485],entering,[ 0.5677905  -0.59831228 -0.99408226]
91.51867485046387,1003,False,1,2,[-6.08150191 -0.69307357  4.        ],exiting,[ 0.63925976  0.24903542 -0.34837281]
91.51867485046387,1004,False,2,4,[ 8.13419461 -7.48028015  1.33387753],fake_landed,[-0.62185191  0.08809385  0.93462812]
91.51867485046387,1005,False,1,5,[ 8.30812657 -0.80901452  3.94021053],cruising,[ 0.50568378 -0.03156594 -0.11489306]
91.61031770706177,1000,False,5,3,[-4.38666063  7.004259    3.91485623],cruising,[-0.82138112 -0.19970136 -0.21083176]
91.61031770706177,1001,False,3,6,[4.22810439 4.91450954 4.        ],cruising,[-0.48080528  0.59740651 -0.20557775]
91.61031770706177,1002,False,0,1,[2.77385851 7.28858122 3.20768485],entering,[ 0.5677905  -0.59831228 -0.99408226]
91.61031770706177,1003,False,1,2,[-6.15460465 -0.76130839  4.        ],exiting,[ 0.63925976  0.24903542 -0.34837281]
91.61031770706177,1004,False,2,4,[ 8.12523972 -7.48159607  1.294915  ],fake_landed,[-0.62185191  0.08809385  0.93462812]
91.61031770706177,1005,False,1,5,[ 8.32267325 -1.00848481  3.94917895],cruising,[ 0.50568378 -0.03156594 -0.11489306]
91.70866775512695,1000,False,5,3,[-4.18899208  7.03470799  3.9276278 ],cruising,[-0.82138112 -0.19970136 -0.21083176]
91.70866775512695,1001,False,3,6,[4.42771439 4.90202562 4.        ],cruising,[-0.48080528  0.59740651 -0.20557775]
91.70866775512695,1002,False,0,1,[2.79273782 7.08947428 3.28268485],entering,[ 0.5677905  -0.59831228 -0.99408226]
91.70866775512695,1003,False,1,2,[-6.22770738 -0.82954321  4.        ],exiting,[ 0.63925976  0.24903542 -0.34837281]
91.70866775512695,1004,False,2,4,[ 8.12076227 -7.48225403  1.27543374],fake_landed,[-0.62185191  0.08809385  0.93462812]
91.70866775512695,1005,False,1,5,[ 8.3290194  -1.2083841   3.95680211],cruising,[ 0.50568378 -0.03156594 -0.11489306]
91.810626745224,1000,False,5,3,[-3.99190368  7.06871043  3.93848363],cruising,[-0.82138112 -0.19970136 -0.21083176]
91.810626745224,1001,False,3,6,[4.62730637 4.88925682 4.        ],cruising,[-0.48080528  0.59740651 -0.20557775]
91.810626745224,1002,False,0,1,[2.82853609 6.89270416 3.35768485],entering,[ 0.5677905  -0.59831228 -0.99408226]
91.810626745224,1003,False,1,2,[-6.30081011 -0.89777803  4.        ],exiting,[ 0.63925976  0.24903542 -0.34837281]
91.810626745224,1004,False,2,4,[ 8.12076227 -7.48225403  1.27543374],fake_landed,[-0.62185191  0.08809385  0.93462812]
91.810626745224,1005,False,1,5,[ 8.32822891 -1.40838254  3.96328179],cruising,[ 0.50568378 -0.03156594 -0.11489306]
91.90941023826599,1000,False,5,3,[-3.79516859  7.10470074  3.94771108],cruising,[-0.82138112 -0.19970136 -0.21083176]
91.90941023826599,1001,False,3,6,[4.82683608 4.87554934 4.        ],cruising,[-0.48080528  0.59740651 -0.20557775]
91.90941023826599,1002,False,0,1,[2.88037434 6.69953895 3.43268485],entering,[ 0.5677905  -0.59831228 -0.99408226]
91.90941023826599,1003,False,1,2,[-6.37391284 -0.96601284  4.        ],exiting,[ 0.63925976  0.24903542 -0.34837281]
91.90941023826599,1004,False,4,0,[ 8.12076227 -7.48225403  1.27543374],waiting,[-0.62185191  0.08809385  0.93462812]
91.90941023826599,1005,False,1,5,[ 8.31884753 -1.60816239  3.96878952],cruising,[ 0.50568378 -0.03156594 -0.11489306]
92.00898170471191,1000,False,5,3,[-3.5981053   7.13884835  3.95555442],cruising,[-0.82138112 -0.19970136 -0.21083176]
92.00898170471191,1001,False,3,6,[5.02625202 4.86027576 4.        ],cruising,[-0.48080528  0.59740651 -0.20557775]
92.00898170471191,1002,False,0,1,[2.94430963 6.5100336  3.50768485],entering,[ 0.5677905  -0.59831228 -0.99408226]
92.00898170471191,1003,False,1,2,[-6.44701558 -1.03424766  4.        ],exiting,[ 0.63925976  0.24903542 -0.34837281]
92.00898170471191,1004,False,4,0,[ 8.12076227 -7.48225403  1.27543374],waiting,[-0.62185191  0.08809385  0.93462812]
92.00898170471191,1005,False,1,5,[ 8.30414505 -1.80762125  3.9734711 ],cruising,[ 0.50568378 -0.03156594 -0.11489306]
92.11236763000488,1000,False,5,3,[-3.40101118  7.1728176   3.96222126],cruising,[-0.82138112 -0.19970136 -0.21083176]
92.11236763000488,1001,False,3,6,[5.22557933 4.843886   4.        ],cruising,[-0.48080528  0.59740651 -0.20557775]
92.11236763000488,1002,False,0,1,[3.02100488 6.32532345 3.58153212],entering,[ 0.5677905  -0.59831228 -0.99408226]
92.11236763000488,1003,False,1,2,[-6.52011831 -1.10248248  4.        ],exiting,[ 0.63925976  0.24903542 -0.34837281]
92.11236763000488,1004,False,4,0,[ 8.12076227 -7.48225403  1.27543374],waiting,[-0.62185191  0.08809385  0.93462812]
92.11236763000488,1005,False,1,5,[ 8.28454206 -2.00665824  3.97745043],cruising,[ 0.50568378 -0.03156594 -0.11489306]
92.2106773853302,1000,False,5,3,[-3.20368766  7.20542784  3.96788807],cruising,[-0.82138112 -0.19970136 -0.21083176]
92.2106773853302,1001,False,3,6,[5.42466388 4.82477213 4.        ],cruising,[-0.48080528  0.59740651 -0.20557775]
92.2106773853302,1002,False,0,1,[3.11306466 6.14780786 3.6447884 ],entering,[ 0.5677905  -0.59831228 -0.99408226]
92.2106773853302,1003,False,1,2,[-6.59322104 -1.1707173   4.        ],exiting,[ 0.63925976  0.24903542 -0.34837281]
92.2106773853302,1004,False,4,0,[ 8.12076227 -7.48225403  1.27543374],waiting,[-0.62185191  0.08809385  0.93462812]
92.2106773853302,1005,False,1,5,[ 8.25768064 -2.20484619  3.98083287],cruising,[ 0.50568378 -0.03156594 -0.11489306]
92.31612753868103,1000,False,5,3,[-3.00558965  7.23294468  3.97270486],cruising,[-0.82138112 -0.19970136 -0.21083176]
92.31612753868103,1001,False,3,6,[5.62339294 4.80226077 4.        ],exiting,[-0.48080528  0.59740651 -0.20557775]
92.31612753868103,1002,False,0,1,[3.2195058  5.97848484 3.69807014],entering,[ 0.5677905  -0.59831228 -0.99408226]
92.31612753868103,1003,False,1,2,[-6.66632377 -1.23895212  4.        ],exiting,[ 0.63925976  0.24903542 -0.34837281]
92.31612753868103,1004,False,4,0,[ 8.12076227 -7.48225403  1.27543374],waiting,[-0.62185191  0.08809385  0.93462812]
92.31612753868103,1005,False,1,5,[ 8.2266891  -2.40243041  3.98370794],cruising,[ 0.50568378 -0.03156594 -0.11489306]
92.4156129360199,1000,False,5,3,[-2.80708681  7.25737054  3.97679913],cruising,[-0.82138112 -0.19970136 -0.21083176]
92.4156129360199,1001,False,3,6,[5.80600634 4.79159362 4.        ],exiting,[-0.48080528  0.59740651 -0.20557775]
92.4156129360199,1002,False,0,1,[3.34109136 5.81973032 3.74367375],entering,[ 0.5677905  -0.59831228 -0.99408226]
92.4156129360199,1003,False,1,2,[-6.73942651 -1.30718694  4.        ],exiting,[ 0.63925976  0.24903542 -0.34837281]
92.4156129360199,1004,False,4,0,[ 8.12076227 -7.48225403  1.27543374],waiting,[-0.62185191  0.08809385  0.93462812]
92.4156129360199,1005,False,1,5,[ 8.18861288 -2.59877246  3.98615175],cruising,[ 0.50568378 -0.03156594 -0.11489306]
92.52391791343689,1000,False,5,3,[-2.60782196  7.27450296  3.98027926],cruising,[-0.82138112 -0.19970136 -0.21083176]
92.52391791343689,1001,False,3,6,[5.97248504 4.79274474 4.        ],exiting,[-0.48080528  0.59740651 -0.20557775]
92.52391791343689,1002,False,0,1,[3.47698147 5.672987   3.78212816],entering,[ 0.5677905  -0.59831228 -0.99408226]
92.52391791343689,1003,False,1,2,[-6.81252924 -1.37542176  4.        ],exiting,[ 0.63925976  0.24903542 -0.34837281]
92.52391791343689,1004,False,4,0,[ 8.12076227 -7.48225403  1.27543374],waiting,[-0.62185191  0.08809385  0.93462812]
92.52391791343689,1005,False,1,5,[ 8.14660098 -2.79431018  3.98822898],cruising,[ 0.50568378 -0.03156594 -0.11489306]
92.6086311340332,1000,False,5,3,[-2.40818553  7.2865569   3.98323737],cruising,[-0.82138112 -0.19970136 -0.21083176]
92.6086311340332,1001,False,3,6,[6.12280362 4.80567935 4.        ],exiting,[-0.48080528  0.59740651 -0.20557775]
92.6086311340332,1002,False,0,1,[3.62630326 5.54000317 3.81508109],entering,[ 0.5677905  -0.59831228 -0.99408226]
92.6086311340332,1003,False,1,2,[-6.88563197 -1.44365658  4.        ],exiting,[ 0.63925976  0.24903542 -0.34837281]
92.6086311340332,1004,False,4,0,[ 8.12076227 -7.48225403  1.27543374],waiting,[-0.62185191  0.08809385  0.93462812]
92.6086311340332,1005,False,1,5,[ 8.10041898 -2.98890521  3.98999464],cruising,[ 0.50568378 -0.03156594 -0.11489306]
92.70905947685242,1000,False,5,3,[-2.20819191  7.28815465  3.98575177],cruising,[-0.82138112 -0.19970136 -0.21083176]
92.70905947685242,1001,False,3,6,[6.25692808 4.83035068 4.        ],exiting,[-0.48080528  0.59740651 -0.20557775]
92.70905947685242,1002,False,0,1,[3.78779144 5.42203265 3.84287849],cruising,[ 0.5677905  -0.59831228 -0.99408226]
92.70905947685242,1003,False,1,2,[-6.9587347  -1.51189139  4.        ],landing,[ 0.63925976  0.24903542 -0.34837281]
92.70905947685242,1004,False,4,0,[ 8.12076227 -7.48225403  1.27543374],waiting,[-0.62185191  0.08809385  0.93462812]
92.70905947685242,1005,False,1,5,[ 8.04582752 -3.18131044  3.99149544],cruising,[ 0.50568378 -0.03156594 -0.11489306]
92.81812453269958,1000,False,5,3,[-2.00882481  7.27225626  3.987889  ],cruising,[-0.82138112 -0.19970136 -0.21083176]
92.81812453269958,1001,False,3,6,[6.37481005 4.86669168 4.        ],exiting,[-0.48080528  0.59740651 -0.20557775]
92.81812453269958,1002,False,0,1,[3.95979934 5.31998716 3.86644672],cruising,[ 0.5677905  -0.59831228 -0.99408226]
92.81812453269958,1003,False,1,2,[-7.02373834 -1.5682221   3.98611847],landing,[ 0.63925976  0.24903542 -0.34837281]
92.81812453269958,1004,False,4,0,[ 8.12076227 -7.48225403  1.27543374],waiting,[-0.62185191  0.08809385  0.93462812]
92.81812453269958,1005,False,1,5,[ 7.9824153  -3.37099146  3.99277112],cruising,[ 0.50568378 -0.03156594 -0.11489306]
92.90926694869995,1000,False,5,3,[-1.81188324  7.23741351  3.98970565],cruising,[-0.82138112 -0.19970136 -0.21083176]
92.90926694869995,1001,False,3,6,[6.47638716 4.91461506 4.        ],exiting,[-0.48080528  0.59740651 -0.20557775]
92.90926694869995,1002,False,0,1,[4.13978283 5.2327751  3.88647971],cruising,[ 0.5677905  -0.59831228 -0.99408226]
92.90926694869995,1003,False,1,2,[-7.08049302 -1.6125605   3.95852057],landing,[ 0.63925976  0.24903542 -0.34837281]
92.90926694869995,1004,False,4,0,[ 8.12076227 -7.48225403  1.27543374],waiting,[-0.62185191  0.08809385  0.93462812]
92.90926694869995,1005,False,1,5,[ 7.91415356 -3.55898171  3.99385546],cruising,[ 0.50568378 -0.03156594 -0.11489306]
93.01041316986084,1000,False,5,3,[-1.61858459  7.18607508  3.9912498 ],cruising,[-0.82138112 -0.19970136 -0.21083176]
93.01041316986084,1001,False,3,6,[6.56161004 4.97405101 4.        ],exiting,[-0.48080528  0.59740651 -0.20557775]
93.01041316986084,1002,False,0,1,[4.32549669 5.15854327 3.90350775],cruising,[ 0.5677905  -0.59831228 -0.99408226]
93.01041316986084,1003,False,1,2,[-7.12882279 -1.64480435  3.91740441],landing,[ 0.63925976  0.24903542 -0.34837281]
93.01041316986084,1004,False,4,0,[ 8.12076227 -7.48225403  1.27543374],queued,[-0.62185191  0.08809385  0.93462812]
93.01041316986084,1005,False,1,5,[ 7.8346716  -3.74250996  3.99477714],cruising,[ 0.50568378 -0.03156594 -0.11489306]
93.10874629020691,1000,False,5,3,[-1.4295265   7.12082911  3.99256233],cruising,[-0.82138112 -0.19970136 -0.21083176]
93.10874629020691,1001,False,3,6,[6.63042667 5.04492528 4.        ],exiting,[-0.48080528  0.59740651 -0.20557775]
93.10874629020691,1002,False,0,1,[4.5153836  5.09575027 3.91798159],cruising,[ 0.5677905  -0.59831228 -0.99408226]
93.10874629020691,1003,False,1,2,[-7.16848985 -1.66481785  3.8630453 ],landing,[ 0.63925976  0.24903542 -0.34837281]
93.10874629020691,1004,False,4,0,[ 8.12076227 -7.48225403  1.29543374],queued,[-0.62185191  0.08809385  0.93462812]
93.10874629020691,1005,False,1,5,[ 7.74251134 -3.92001063  3.99556057],cruising,[ 0.50568378 -0.03156594 -0.11489306]
93.21032905578613,1000,False,5,3,[-1.24479482  7.04418575  3.99367798],cruising,[-0.82138112 -0.19970136 -0.21083176]
93.21032905578613,1001,False,3,6,[6.68278317 5.12716018 4.        ],exiting,[-0.48080528  0.59740651 -0.20557775]
93.21032905578613,1002,False,0,1,[4.70804718 5.04207773 3.93028435],cruising,[ 0.5677905  -0.59831228 -0.99408226]
93.21032905578613,1003,False,1,2,[-7.19928333 -1.67248292  3.79569481],landing,[ 0.63925976  0.24903542 -0.34837281]
93.21032905578613,1004,False,4,0,[ 8.12076227 -7.48225403  1.33543374],queued,[-0.62185191  0.08809385  0.93462812]
93.21032905578613,1005,False,1,5,[ 7.63563353 -4.08905835  3.99622648],cruising,[ 0.50568378 -0.03156594 -0.11489306]
93.31740283966064,1000,False,5,3,[-1.06269571  6.96148197  3.99462629],cruising,[-0.82138112 -0.19970136 -0.21083176]
93.31740283966064,1001,False,3,6,[6.7191632  5.22030788 4.        ],exiting,[-0.48080528  0.59740651 -0.20557775]
93.31740283966064,1002,False,0,1,[4.90262601 4.99582755 3.9407417 ],cruising,[ 0.5677905  -0.59831228 -0.99408226]
93.31740283966064,1003,False,1,2,[-7.22101472 -1.6676959   3.71558407],landing,[ 0.63925976  0.24903542 -0.34837281]
93.31740283966064,1004,False,4,0,[ 8.12076227 -7.48225403  1.39543374],queued,[-0.62185191  0.08809385  0.93462812]
93.31740283966064,1005,False,1,5,[ 7.51244129 -4.24653755  3.99679816],cruising,[ 0.50568378 -0.03156594 -0.11489306]
93.41623544692993,1000,False,5,3,[-0.88463221  6.87041392  3.99543234],cruising,[-0.82138112 -0.19970136 -0.21083176]
93.41623544692993,1001,False,3,6,[6.75554323 5.31345557 4.        ],exiting,[-0.48080528  0.59740651 -0.20557775]
93.41623544692993,1002,False,0,1,[5.09831908 4.9545453  3.94963044],cruising,[ 0.5677905  -0.59831228 -0.99408226]
93.41623544692993,1003,False,1,2,[-7.2334933  -1.65035391  3.62295302],landing,[ 0.63925976  0.24903542 -0.34837281]
93.41623544692993,1004,False,4,0,[ 8.12076227 -7.48225403  1.47043374],queued,[-0.62185191  0.08809385  0.93462812]
93.41623544692993,1005,False,1,5,[ 7.37492632 -4.3900576   3.99732825],cruising,[ 0.50568378 -0.03156594 -0.11489306]
93.50950217247009,1000,False,5,3,[-0.70991093  6.77308729  3.99611749],cruising,[-0.82138112 -0.19970136 -0.21083176]
93.50950217247009,1001,False,3,6,[6.79192326 5.40660327 4.        ],exiting,[-0.48080528  0.59740651 -0.20557775]
93.50950217247009,1002,False,0,1,[5.29463016 4.9163097  3.95718588],cruising,[ 0.5677905  -0.59831228 -0.99408226]
93.50950217247009,1003,False,1,2,[-7.24250398 -1.62836522  3.52581752],landing,[ 0.63925976  0.24903542 -0.34837281]
93.50950217247009,1004,False,4,0,[ 8.12076227 -7.48225403  1.54543374],queued,[-0.62185191  0.08809385  0.93462812]
93.50950217247009,1005,False,1,5,[ 7.22487624 -4.5179934   3.9978174 ],cruising,[ 0.50568378 -0.03156594 -0.11489306]
93.61619019508362,1000,False,5,3,[-0.53685959  6.67282147  3.99669987],cruising,[-0.82138112 -0.19970136 -0.21083176]
93.61619019508362,1001,False,3,6,[6.82830328 5.49975097 4.        ],exiting,[-0.48080528  0.59740651 -0.20557775]
93.61619019508362,1002,False,0,1,[5.49119619 4.87940719 3.963608  ],cruising,[ 0.5677905  -0.59831228 -0.99408226]
93.61619019508362,1003,False,1,2,[-7.25151466 -1.60637654  3.42868202],landing,[ 0.63925976  0.24903542 -0.34837281]
93.61619019508362,1004,False,4,0,[ 8.12076227 -7.48225403  1.62043374],queued,[-0.62185191  0.08809385  0.93462812]
93.61619019508362,1005,False,1,5,[ 7.06431879 -4.62891173  3.99826698],cruising,[ 0.50568378 -0.03156594 -0.11489306]
93.72233295440674,1000,False,5,3,[-0.36608617  6.56872325  3.99719489],cruising,[-0.82138112 -0.19970136 -0.21083176]
93.72233295440674,1001,False,3,6,[6.86468331 5.59289867 4.        ],exiting,[-0.48080528  0.59740651 -0.20557775]
93.72233295440674,1002,False,0,1,[5.68772233 4.84229284 3.9690668 ],cruising,[ 0.5677905  -0.59831228 -0.99408226]
93.72233295440674,1003,False,1,2,[-7.26052534 -1.58438786  3.33154652],landing,[ 0.63925976  0.24903542 -0.34837281]
93.72233295440674,1004,False,4,0,[ 8.12076227 -7.48225403  1.69543374],queued,[-0.62185191  0.08809385  0.93462812]
93.72233295440674,1005,False,1,5,[ 6.89569536 -4.72152874  3.9986806 ],cruising,[ 0.50568378 -0.03156594 -0.11489306]
93.81266689300537,1000,False,5,3,[-0.19677238  6.46226743  3.99761565],cruising,[-0.82138112 -0.19970136 -0.21083176]
93.81266689300537,1001,False,3,6,[6.90106334 5.68604636 4.        ],exiting,[-0.48080528  0.59740651 -0.20557775]
93.81266689300537,1002,False,0,1,[5.88435099 4.80572549 3.97370678],cruising,[ 0.5677905  -0.59831228 -0.99408226]
93.81266689300537,1003,False,1,2,[-7.26953603 -1.56239917  3.23441102],landing,[ 0.63925976  0.24903542 -0.34837281]
93.81266689300537,1004,False,4,0,[ 8.12076227 -7.48225403  1.77043374],queued,[-0.62185191  0.08809385  0.93462812]
93.81266689300537,1005,False,1,5,[ 6.72097991 -4.79509619  3.99905606],cruising,[ 0.50568378 -0.03156594 -0.11489306]
93.9244167804718,1000,False,5,3,[-0.02789155  6.35512609  3.99797331],cruising,[-0.82138112 -0.19970136 -0.21083176]
93.9244167804718,1001,False,3,6,[6.93744337 5.77919406 4.        ],exiting,[-0.48080528  0.59740651 -0.20557775]
93.9244167804718,1002,False,0,1,[6.08038839 4.7661106  3.97765076],cruising,[ 0.5677905  -0.59831228 -0.99408226]
93.9244167804718,1003,False,1,2,[-7.27854671 -1.54041049  3.13727552],landing,[ 0.63925976  0.24903542 -0.34837281]
93.9244167804718,1004,False,4,0,[ 8.12076227 -7.48225403  1.84543374],queued,[-0.62185191  0.08809385  0.93462812]
93.9244167804718,1005,False,1,5,[ 6.54235411 -4.84904967  3.99939237],cruising,[ 0.50568378 -0.03156594 -0.11489306]
94.0166482925415,1000,False,5,3,[0.14065297 6.24745649 3.99827731],cruising,[-0.82138112 -0.19970136 -0.21083176]
94.0166482925415,1001,False,3,6,[6.9738234  5.87234176 4.        ],exiting,[-0.48080528  0.59740651 -0.20557775]
94.0166482925415,1002,False,0,1,[6.27550352 4.72217786 3.98100315],cruising,[ 0.5677905  -0.59831228 -0.99408226]
94.0166482925415,1003,False,1,2,[-7.28755739 -1.51842181  3.04014002],landing,[ 0.63925976  0.24903542 -0.34837281]
94.0166482925415,1004,False,4,0,[ 8.12076227 -7.48225403  1.92043374],queued,[-0.62185191  0.08809385  0.93462812]
94.0166482925415,1005,False,1,5,[ 6.36207327 -4.88307179  3.99968854],cruising,[ 0.50568378 -0.03156594 -0.11489306]
94.10996651649475,1000,False,5,3,[0.30944864 6.14018104 3.99853571],cruising,[-0.82138112 -0.19970136 -0.21083176]
94.10996651649475,1001,False,3,6,[7.01020343 5.96548945 4.        ],exiting,[-0.48080528  0.59740651 -0.20557775]
94.10996651649475,1002,False,0,1,[6.46927365 4.67264871 3.98385267],cruising,[ 0.5677905  -0.59831228 -0.99408226]
94.10996651649475,1003,False,1,2,[-7.29656807 -1.49643313  2.94300452],landing,[ 0.63925976  0.24903542 -0.34837281]
94.10996651649475,1004,False,4,0,[ 8.12076227 -7.48225403  1.99543374],queued,[-0.62185191  0.08809385  0.93462812]
94.10996651649475,1005,False,1,5,[ 6.18178681 -4.89709396  3.99994333],cruising,[ 0.50568378 -0.03156594 -0.11489306]
94.2088131904602,1000,False,5,3,[0.47875086 6.03370682 3.99875536],cruising,[-0.82138112 -0.19970136 -0.21083176]
94.2088131904602,1001,False,3,6,[7.04658346 6.05863715 4.        ],exiting,[-0.48080528  0.59740651 -0.20557775]
94.2088131904602,1002,False,0,1,[6.66114382 4.61620549 3.98627477],cruising,[ 0.5677905  -0.59831228 -0.99408226]
94.2088131904602,1003,False,1,2,[-7.30557875 -1.47444444  2.84586902],landing,[ 0.63925976  0.24903542 -0.34837281]
94.2088131904602,1004,False,4,0,[ 8.12076227 -7.48225403  2.07043374],queued,[-0.62185191  0.08809385  0.93462812]
94.2088131904602,1005,False,1,5,[ 6.00239565 -4.89113622  4.00015347],cruising,[ 0.50568378 -0.03156594 -0.11489306]
94.31410789489746,1000,False,5,3,[0.64919279 5.92906674 3.99894205],cruising,[-0.82138112 -0.19970136 -0.21083176]
94.31410789489746,1001,False,3,6,[7.08296349 6.15178485 4.        ],exiting,[-0.48080528  0.59740651 -0.20557775]
94.31410789489746,1002,False,0,1,[6.85037792 4.55147177 3.98833356],cruising,[ 0.5677905  -0.59831228 -0.99408226]
94.31410789489746,1003,False,1,2,[-7.31458943 -1.45245576  2.74873352],landing,[ 0.63925976  0.24903542 -0.34837281]
94.31410789489746,1004,False,4,0,[ 8.12076227 -7.48225403  2.14543374],queued,[-0.62185191  0.08809385  0.93462812]
94.31410789489746,1005,False,1,5,[ 5.8250802  -4.86528654  4.00031782],cruising,[ 0.50568378 -0.03156594 -0.11489306]
94.42351174354553,1000,False,5,3,[0.82075738 5.82627767 3.99910075],cruising,[-0.82138112 -0.19970136 -0.21083176]
94.42351174354553,1001,False,3,6,[7.11934352 6.24493255 4.        ],exiting,[-0.48080528  0.59740651 -0.20557775]
94.42351174354553,1002,False,0,1,[7.03599978 4.4770102  3.99008352],cruising,[ 0.5677905  -0.59831228 -0.99408226]
94.42351174354553,1003,False,1,2,[-7.32360011 -1.43046708  2.65159802],landing,[ 0.63925976  0.24903542 -0.34837281]
94.42351174354553,1004,False,4,0,[ 8.12076227 -7.48225403  2.22043374],queued,[-0.62185191  0.08809385  0.93462812]
94.42351174354553,1005,False,1,5,[ 5.65034549 -4.81960413  4.00043292],cruising,[ 0.50568378 -0.03156594 -0.11489306]
94.51858639717102,1000,False,5,3,[0.99436253 5.72697384 3.99923563],cruising,[-0.82138112 -0.19970136 -0.21083176]
94.51858639717102,1001,False,3,6,[7.15572355 6.33808024 4.        ],exiting,[-0.48080528  0.59740651 -0.20557775]
94.51858639717102,1002,False,0,1,[7.21672568 4.39134721 3.99157099],cruising,[ 0.5677905  -0.59831228 -0.99408226]
94.51858639717102,1003,False,1,2,[-7.33261079 -1.4084784   2.55446252],landing,[ 0.63925976  0.24903542 -0.34837281]
94.51858639717102,1004,False,4,0,[ 8.12076227 -7.48225403  2.29543374],queued,[-0.62185191  0.08809385  0.93462812]
94.51858639717102,1005,False,1,5,[ 5.47889493 -4.75419326  4.00049738],cruising,[ 0.50568378 -0.03156594 -0.11489306]
94.61780405044556,1000,False,5,3,[1.16959209 5.63056532 3.99935029],cruising,[-0.82138112 -0.19970136 -0.21083176]
94.61780405044556,1001,False,3,6,[7.19210358 6.43122794 4.        ],exiting,[-0.48080528  0.59740651 -0.20557775]
94.61780405044556,1002,False,0,1,[7.38791522 4.28810539 3.99285343],cruising,[ 0.5677905  -0.59831228 -0.99408226]
94.61780405044556,1003,False,1,2,[-7.34162147 -1.38648971  2.45732702],landing,[ 0.63925976  0.24903542 -0.34837281]
94.61780405044556,1004,False,4,0,[ 8.12076227 -7.48225403  2.37043374],queued,[-0.62185191  0.08809385  0.93462812]
94.61780405044556,1005,False,1,5,[ 5.31046928 -4.66901255  4.00050591],cruising,[ 0.50568378 -0.03156594 -0.11489306]
94.7205605506897,1000,False,5,3,[1.34667797 5.53761054 3.99944775],cruising,[-0.82138112 -0.19970136 -0.21083176]
94.7205605506897,1001,False,3,6,[7.22848361 6.52437564 4.        ],exiting,[-0.48080528  0.59740651 -0.20557775]
94.7205605506897,1002,False,0,1,[7.54917834 4.16980829 3.99392541],cruising,[ 0.5677905  -0.59831228 -0.99408226]
94.7205605506897,1003,False,1,2,[-7.35063215 -1.36450103  2.36019152],landing,[ 0.63925976  0.24903542 -0.34837281]
94.7205605506897,1004,False,4,0,[ 8.12076227 -7.48225403  2.44543374],entering,[-0.62185191  0.08809385  0.93462812]
94.7205605506897,1005,False,1,5,[ 5.14444714 -4.56397688  4.00045404],cruising,[ 0.50568378 -0.03156594 -0.11489306]
94.81318759918213,1000,False,5,3,[1.52680519 5.45069573 3.99953058],cruising,[-0.82138112 -0.19970136 -0.21083176]
94.81318759918213,1001,False,3,6,[7.26486363 6.61752333 4.        ],exiting,[-0.48080528  0.59740651 -0.20557775]
94.81318759918213,1002,False,0,1,[7.69901855 4.03733975 3.9948366 ],cruising,[ 0.5677905  -0.59831228 -0.99408226]
94.81318759918213,1003,False,1,2,[-7.35964283 -1.34251235  2.26305601],landing,[ 0.63925976  0.24903542 -0.34837281]
94.81318759918213,1004,False,4,0,[ 8.10927218 -7.465884    2.52043374],entering,[-0.62185191  0.08809385  0.93462812]
94.81318759918213,1005,False,1,5,[ 4.9746824  -4.45824168  4.00038593],cruising,[ 0.50568378 -0.03156594 -0.11489306]
94.91383957862854,1000,False,5,3,[1.70905835 5.36833199 3.999601  ],cruising,[-0.82138112 -0.19970136 -0.21083176]
94.91383957862854,1001,False,3,6,[7.30124366 6.71067103 4.        ],exiting,[-0.48080528  0.59740651 -0.20557775]
94.91383957862854,1002,False,0,1,[7.83486475 3.89058311 3.99561389],cruising,[ 0.5677905  -0.59831228 -0.99408226]
94.91383957862854,1003,False,1,2,[-7.36865351 -1.32052367  2.16592051],landing,[ 0.63925976  0.24903542 -0.34837281]
94.91383957862854,1004,False,4,0,[ 8.086292   -7.43314394  2.59543374],entering,[-0.62185191  0.08809385  0.93462812]
94.91383957862854,1005,False,1,5,[ 4.80164899 -4.35794493  4.00032804],cruising,[ 0.50568378 -0.03156594 -0.11489306]
95.02268171310425,1000,False,5,3,[1.89358289 5.29119124 3.99966085],cruising,[-0.82138112 -0.19970136 -0.21083176]
95.02268171310425,1001,False,3,6,[7.33762369 6.80381873 4.        ],exiting,[-0.48080528  0.59740651 -0.20557775]
95.02268171310425,1002,False,0,1,[7.95494875 3.73151598 3.99632034],cruising,[ 0.5677905  -0.59831228 -0.99408226]
95.02268171310425,1003,False,1,2,[-7.37766419 -1.29853498  2.06878501],landing,[ 0.63925976  0.24903542 -0.34837281]
95.02268171310425,1004,False,4,0,[ 8.05182174 -7.38403385  2.67043374],entering,[-0.62185191  0.08809385  0.93462812]
95.02268171310425,1005,False,1,5,[ 4.62507842 -4.26401499  4.00027884],cruising,[ 0.50568378 -0.03156594 -0.11489306]
95.11929154396057,1000,False,5,3,[2.0804668  5.2199564  3.99971172],cruising,[-0.82138112 -0.19970136 -0.21083176]
95.11929154396057,1001,False,3,6,[7.37400372 6.89696643 4.        ],exiting,[-0.48080528  0.59740651 -0.20557775]
95.11929154396057,1002,False,0,1,[8.05819341 3.5616586  3.99694526],cruising,[ 0.5677905  -0.59831228 -0.99408226]
95.11929154396057,1003,False,1,2,[-7.38667487 -1.2765463   1.97164951],landing,[ 0.63925976  0.24903542 -0.34837281]
95.11929154396057,1004,False,4,0,[ 8.00586138 -7.31855374  2.74543374],entering,[-0.62185191  0.08809385  0.93462812]
95.11929154396057,1005,False,1,5,[ 4.44664517 -4.17367355  4.00023701],cruising,[ 0.50568378 -0.03156594 -0.11489306]
95.20950865745544,1000,False,5,3,[2.27117923 5.15971714 3.99975496],cruising,[-0.82138112 -0.19970136 -0.21083176]
95.20950865745544,1001,False,3,6,[7.41038375 6.99011412 4.        ],exiting,[-0.48080528  0.59740651 -0.20557775]
95.20950865745544,1002,False,0,1,[8.14371986 3.38252447 3.99748283],cruising,[ 0.5677905  -0.59831228 -0.99408226]
95.20950865745544,1003,False,1,2,[-7.39568555 -1.25455762  1.87451401],landing,[ 0.63925976  0.24903542 -0.34837281]
95.20950865745544,1004,False,4,0,[ 7.94841093 -7.23670359  2.82043374],entering,[-0.62185191  0.08809385  0.93462812]
95.20950865745544,1005,False,1,5,[ 4.26612127 -4.08758567  4.00020146],cruising,[ 0.50568378 -0.03156594 -0.11489306]
95.31164622306824,1000,False,5,3,[2.46486487 5.1098586  3.99979172],cruising,[-0.82138112 -0.19970136 -0.21083176]
95.31164622306824,1001,False,3,6,[7.44676378 7.08326182 4.        ],exiting,[-0.48080528  0.59740651 -0.20557775]
95.31164622306824,1002,False,0,1,[8.21085525 3.19553162 3.99792638],exiting,[ 0.5677905  -0.59831228 -0.99408226]
95.31164622306824,1003,False,1,2,[-7.40469623 -1.23256894  1.77737851],landing,[ 0.63925976  0.24903542 -0.34837281]
95.31164622306824,1004,False,4,0,[ 7.8794704  -7.13848342  2.89543374],entering,[-0.62185191  0.08809385  0.93462812]
95.31164622306824,1005,False,1,5,[ 4.08456128 -4.00370498  4.00017124],cruising,[ 0.50568378 -0.03156594 -0.11489306]
95.42197060585022,1000,False,5,3,[2.66061962 5.06886984 3.99982296],cruising,[-0.82138112 -0.19970136 -0.21083176]
95.42197060585022,1001,False,3,6,[7.48314381 7.17640952 4.        ],exiting,[-0.48080528  0.59740651 -0.20557775]
95.42197060585022,1002,False,0,1,[8.26045342 3.01815361 3.99833869],exiting,[ 0.5677905  -0.59831228 -0.99408226]
95.42197060585022,1003,False,1,2,[-7.41370691 -1.21058025  1.68024301],landing,[ 0.63925976  0.24903542 -0.34837281]
95.42197060585022,1004,False,4,0,[ 7.79911992 -7.02383725  2.97043374],entering,[-0.62185191  0.08809385  0.93462812]
95.42197060585022,1005,False,1,5,[ 3.90175094 -3.92258543  4.00014556],cruising,[ 0.50568378 -0.03156594 -0.11489306]
95.52233099937439,1000,False,5,3,[2.85778275 5.0353035  3.99984952],cruising,[-0.82138112 -0.19970136 -0.21083176]
95.52233099937439,1001,False,3,6,[7.51952384 7.26955721 4.        ],exiting,[-0.48080528  0.59740651 -0.20557775]
95.52233099937439,1002,False,0,1,[8.29486017 2.85378408 3.99873404],exiting,[ 0.5677905  -0.59831228 -0.99408226]
95.52233099937439,1003,False,1,2,[-7.42271759 -1.18859157  1.58310751],landing,[ 0.63925976  0.24903542 -0.34837281]
95.52233099937439,1004,False,4,0,[ 7.70655701 -6.89335263  3.04543374],entering,[-0.62185191  0.08809385  0.93462812]
95.52233099937439,1005,False,1,5,[ 3.71830892 -3.84290467  4.00012372],cruising,[ 0.50568378 -0.03156594 -0.11489306]
95.61573505401611,1000,False,5,3,[3.0558859  5.00782368 3.99987209],cruising,[-0.82138112 -0.19970136 -0.21083176]
95.61573505401611,1001,False,3,6,[7.55590387 7.36270491 4.        ],exiting,[-0.48080528  0.59740651 -0.20557775]
95.61573505401611,1002,False,0,1,[8.31504583 2.70347727 3.99911258],exiting,[ 0.5677905  -0.59831228 -0.99408226]
95.61573505401611,1003,False,1,2,[-7.43172827 -1.16660289  1.48597201],fake_landed,[ 0.63925976  0.24903542 -0.34837281]
95.61573505401611,1004,False,4,0,[ 7.60109361 -6.74758478  3.12043374],entering,[-0.62185191  0.08809385  0.93462812]
95.61573505401611,1005,False,1,5,[ 3.53407271 -3.76507781  4.00010516],cruising,[ 0.50568378 -0.03156594 -0.11489306]
95.70939183235168,1000,False,5,3,[3.25460505 4.98522495 3.99989128],cruising,[-0.82138112 -0.19970136 -0.21083176]
95.70939183235168,1001,False,3,6,[7.5922839  7.45585261 4.        ],exiting,[-0.48080528  0.59740651 -0.20557775]
95.70939183235168,1002,False,0,1,[8.32156061 2.56776863 3.99947024],exiting,[ 0.5677905  -0.59831228 -0.99408226]
95.70939183235168,1003,False,1,2,[-7.43893682 -1.14901194  1.40826361],fake_landed,[ 0.63925976  0.24903542 -0.34837281]
95.70939183235168,1004,False,4,0,[ 7.48264845 -6.58660266  3.19543374],entering,[-0.62185191  0.08809385  0.93462812]
95.70939183235168,1005,False,1,5,[ 3.34934578 -3.68842299  4.00008939],cruising,[ 0.50568378 -0.03156594 -0.11489306]
95.80954027175903,1000,False,5,3,[3.45372025 4.96643309 3.99990758],cruising,[-0.82138112 -0.19970136 -0.21083176]
95.80954027175903,1001,False,3,6,[7.62866393 7.54900031 4.        ],exiting,[-0.48080528  0.59740651 -0.20557775]
95.80954027175903,1002,False,0,1,[8.31482026 2.44703667 3.99980068],exiting,[ 0.5677905  -0.59831228 -0.99408226]
95.80954027175903,1003,False,1,2,[-7.44434322 -1.13581873  1.34998231],fake_landed,[ 0.63925976  0.24903542 -0.34837281]
95.80954027175903,1004,False,4,0,[ 7.36369614 -6.42582222  3.27043374],entering,[-0.62185191  0.08809385  0.93462812]
95.80954027175903,1005,False,1,5,[ 3.16406744 -3.61311075  4.00007598],cruising,[ 0.50568378 -0.03156594 -0.11489306]
95.90864300727844,1000,False,5,3,[3.65308422 4.95049542 3.99992145],cruising,[-0.82138112 -0.19970136 -0.21083176]
95.90864300727844,1001,False,3,6,[7.66504396 7.642148   4.        ],exiting,[-0.48080528  0.59740651 -0.20557775]
95.90864300727844,1002,False,0,1,[8.29522222 2.34162392 4.00009535],exiting,[ 0.5677905  -0.59831228 -0.99408226]
95.90864300727844,1003,False,1,2,[-7.4479475  -1.12702326  1.31112811],fake_landed,[ 0.63925976  0.24903542 -0.34837281]
95.90864300727844,1004,False,4,0,[ 7.24113978 -6.2677718   3.34543374],entering,[-0.62185191  0.08809385  0.93462812]
95.90864300727844,1005,False,1,5,[ 2.9782514  -3.53913507  4.00006458],cruising,[ 0.50568378 -0.03156594 -0.11489306]
96.02117896080017,1000,False,5,3,[3.85259853 4.93656566 3.99993323],cruising,[-0.82138112 -0.19970136 -0.21083176]
96.02117896080017,1001,False,3,6,[7.70142399 7.7352957  4.        ],exiting,[-0.48080528  0.59740651 -0.20557775]
96.02117896080017,1002,False,0,1,[8.26325177 2.25192491 4.00034192],exiting,[ 0.5677905  -0.59831228 -0.99408226]
96.02117896080017,1003,False,1,2,[-7.44974963 -1.12262552  1.29170101],fake_landed,[ 0.63925976  0.24903542 -0.34837281]
96.02117896080017,1004,False,4,0,[ 7.11955183 -6.10897516  3.42043374],entering,[-0.62185191  0.08809385  0.93462812]
96.02117896080017,1005,False,1,5,[ 2.79181636 -3.46673358  4.0000549 ],cruising,[ 0.50568378 -0.03156594 -0.11489306]
96.11348414421082,1000,False,5,3,[4.05219623 4.92388655 3.99994324],cruising,[-0.82138112 -0.19970136 -0.21083176]
96.11348414421082,1001,False,3,6,[7.73780401 7.8284434  4.        ],exiting,[-0.48080528  0.59740651 -0.20557775]
96.11348414421082,1002,False,0,1,[8.21917275 2.17814379 4.00053335],exiting,[ 0.5677905  -0.59831228 -0.99408226]
96.11348414421082,1003,False,1,2,[-7.44974963 -1.12262552  1.29170101],fake_landed,[ 0.63925976  0.24903542 -0.34837281]
96.11348414421082,1004,False,4,0,[ 6.99251809 -5.95450048  3.49543374],entering,[-0.62185191  0.08809385  0.93462812]
96.11348414421082,1005,False,1,5,[ 2.60488227 -3.39563051  4.00004666],cruising,[ 0.50568378 -0.03156594 -0.11489306]
96.21673250198364,1000,False,5,3,[4.25182898 4.91177193 3.99995176],cruising,[-0.82138112 -0.19970136 -0.21083176]
96.21673250198364,1001,False,3,6,[7.77418404 7.92159109 4.        ],exiting,[-0.48080528  0.59740651 -0.20557775]
96.21673250198364,1002,False,0,1,[8.16325786 2.12048435 4.00066329],exiting,[ 0.5677905  -0.59831228 -0.99408226]
96.21673250198364,1003,False,2,4,[-7.44974963 -1.12262552  1.29170101],waiting,[ 0.63925976  0.24903542 -0.34837281]
96.21673250198364,1004,False,4,0,[ 6.86430057 -5.80100693  3.57043374],entering,[-0.62185191  0.08809385  0.93462812]
96.21673250198364,1005,False,1,5,[ 2.41714585 -3.32667375  4.00003966],cruising,[ 0.50568378 -0.03156594 -0.11489306]
96.32219576835632,1000,False,5,3,[4.45145321 4.89951763 3.99995899],cruising,[-0.82138112 -0.19970136 -0.21083176]
96.32219576835632,1001,False,3,6,[7.81056407 8.01473879 4.        ],exiting,[-0.48080528  0.59740651 -0.20557775]
96.32219576835632,1002,False,0,1,[8.09578904 2.0791498  4.00072664],exiting,[ 0.5677905  -0.59831228 -0.99408226]
96.32219576835632,1003,False,2,4,[-7.44974963 -1.12262552  1.29170101],waiting,[ 0.63925976  0.24903542 -0.34837281]
96.32219576835632,1004,False,4,0,[ 6.73445437 -5.64888867  3.63486868],entering,[-0.62185191  0.08809385  0.93462812]
96.32219576835632,1005,False,1,5,[ 2.22846482 -3.26034525  4.00003371],cruising,[ 0.50568378 -0.03156594 -0.11489306]
96.41745734214783,1000,False,5,3,[4.65105668 4.88692976 3.99996515],cruising,[-0.82138112 -0.19970136 -0.21083176]
96.41745734214783,1001,False,3,6,[7.8469441  8.10788649 4.        ],exiting,[-0.48080528  0.59740651 -0.20557775]
96.41745734214783,1002,False,0,1,[8.01705822 2.05434288 4.00072059],exiting,[ 0.5677905  -0.59831228 -0.99408226]
96.41745734214783,1003,False,2,4,[-7.44974963 -1.12262552  1.29170101],waiting,[ 0.63925976  0.24903542 -0.34837281]
96.41745734214783,1004,False,4,0,[ 6.59768012 -5.50296813  3.68963838],entering,[-0.62185191  0.08809385  0.93462812]
96.41745734214783,1005,False,1,5,[ 2.03917691 -3.19576904  4.00002866],cruising,[ 0.50568378 -0.03156594 -0.11489306]
96.51503872871399,1000,False,5,3,[4.85059502 4.87334846 3.99997037],cruising,[-0.82138112 -0.19970136 -0.21083176]
96.51503872871399,1001,False,3,6,[7.88332413 8.20103418 4.        ],exiting,[-0.48080528  0.59740651 -0.20557775]
96.51503872871399,1002,False,0,1,[7.92736816 2.04626589 4.00064693],exiting,[ 0.5677905  -0.59831228 -0.99408226]
96.51503872871399,1003,False,2,4,[-7.44974963 -1.12262552  1.29170101],waiting,[ 0.63925976  0.24903542 -0.34837281]
96.51503872871399,1004,False,4,0,[ 6.45616909 -5.36163651  3.73619262],entering,[-0.62185191  0.08809385  0.93462812]
96.51503872871399,1005,False,1,5,[ 1.84861113 -3.13506743  4.00002436],cruising,[ 0.50568378 -0.03156594 -0.11489306]
96.61030006408691,1000,False,5,3,[5.05001605 4.85814146 3.99997482],cruising,[-0.82138112 -0.19970136 -0.21083176]
96.61030006408691,1001,False,3,6,[7.91970416 8.29418188 4.        ],exiting,[-0.48080528  0.59740651 -0.20557775]
96.61030006408691,1002,False,0,1,[7.82767547 2.05409954 4.0005243 ],exiting,[ 0.5677905  -0.59831228 -0.99408226]
96.61030006408691,1003,False,2,4,[-7.44974963 -1.12262552  1.29170101],queued,[ 0.63925976  0.24903542 -0.34837281]
96.61030006408691,1004,False,4,0,[ 6.31229835 -5.22270772  3.77576373],entering,[-0.62185191  0.08809385  0.93462812]
96.61030006408691,1005,False,1,5,[ 1.65658391 -3.07916087  4.0000207 ],cruising,[ 0.50568378 -0.03156594 -0.11489306]
96.71076345443726,1000,False,5,3,[5.24925267 4.84068386 3.99997859],cruising,[-0.82138112 -0.19970136 -0.21083176]
96.71076345443726,1001,False,3,6,[7.95608419 8.38732958 4.        ],exiting,[-0.48080528  0.59740651 -0.20557775]
96.71076345443726,1002,False,0,1,[7.72798277 2.06193319 4.00042405],exiting,[ 0.5677905  -0.59831228 -0.99408226]
96.71076345443726,1003,False,2,4,[-7.44974963 -1.12262552  1.31170101],queued,[ 0.63925976  0.24903542 -0.34837281]
96.71076345443726,1004,False,4,0,[ 6.16152686 -5.09130011  3.80939917],entering,[-0.62185191  0.08809385  0.93462812]
96.71076345443726,1005,False,1,5,[ 1.46290311 -3.02928352  4.0000176 ],cruising,[ 0.50568378 -0.03156594 -0.11489306]
96.81106424331665,1000,False,5,3,[5.44835589 4.82176534 3.99998181],cruising,[-0.82138112 -0.19970136 -0.21083176]
96.81106424331665,1001,False,3,6,[7.99246422 8.48047728 4.        ],exiting,[-0.48080528  0.59740651 -0.20557775]
96.81106424331665,1002,False,0,1,[7.62829007 2.06976684 4.00034223],exiting,[ 0.5677905  -0.59831228 -0.99408226]
96.81106424331665,1003,False,2,4,[-7.44974963 -1.12262552  1.35170101],queued,[ 0.63925976  0.24903542 -0.34837281]
96.81106424331665,1004,False,4,0,[ 6.00373952 -4.96840522  3.83798929],cruising,[-0.62185191  0.08809385  0.93462812]
96.81106424331665,1005,False,1,5,[ 1.26739617 -2.98712864  4.00001496],cruising,[ 0.50568378 -0.03156594 -0.11489306]
96.92225074768066,1000,False,5,3,[5.64709373 4.79933166 3.99998453],cruising,[-0.82138112 -0.19970136 -0.21083176]
96.92225074768066,1001,False,3,6,[8.02884425 8.57362497 4.        ],exiting,[-0.48080528  0.59740651 -0.20557775]
96.92225074768066,1002,False,0,1,[7.52859738 2.07760049 4.00027553],exiting,[ 0.5677905  -0.59831228 -0.99408226]
96.92225074768066,1003,False,2,4,[-7.44974963 -1.12262552  1.41170101],queued,[ 0.63925976  0.24903542 -0.34837281]
96.92225074768066,1004,False,4,0,[ 5.84221631 -4.85046349  3.8622909 ],cruising,[-0.62185191  0.08809385  0.93462812]
96.92225074768066,1005,False,1,5,[ 1.06998266 -2.95506766  4.00001271],cruising,[ 0.50568378 -0.03156594 -0.11489306]
97.00916886329651,1000,False,5,3,[5.8453096  4.77267705 3.99998685],cruising,[-0.82138112 -0.19970136 -0.21083176]
97.00916886329651,1001,False,3,6,[8.06522428 8.66677267 4.        ],exiting,[-0.48080528  0.59740651 -0.20557775]
97.00916886329651,1002,False,0,1,[7.42890468 2.08543414 4.00022125],exiting,[ 0.5677905  -0.59831228 -0.99408226]
97.00916886329651,1003,False,2,4,[-7.44974963 -1.12262552  1.48670101],queued,[ 0.63925976  0.24903542 -0.34837281]
97.00916886329651,1004,False,4,0,[ 5.67431813 -4.74178873  3.88294726],cruising,[-0.62185191  0.08809385  0.93462812]
97.00916886329651,1005,False,1,5,[ 0.87039299 -2.94288793  4.00001079],cruising,[ 0.50568378 -0.03156594 -0.11489306]
97.11637926101685,1000,False,5,3,[6.04279077 4.74103552 3.99998883],cruising,[-0.82138112 -0.19970136 -0.21083176]
97.11637926101685,1001,False,3,6,[8.10160431 8.75992037 4.        ],exiting,[-0.48080528  0.59740651 -0.20557775]
97.11637926101685,1002,False,0,1,[7.32921198 2.09326779 4.00017715],exiting,[ 0.5677905  -0.59831228 -0.99408226]
97.11637926101685,1003,False,2,4,[-7.44974963 -1.12262552  1.56170101],queued,[ 0.63925976  0.24903542 -0.34837281]
97.11637926101685,1004,False,4,0,[ 5.50316286 -4.63831954  3.90050517],cruising,[-0.62185191  0.08809385  0.93462812]
97.11637926101685,1005,False,1,5,[ 0.67039448 -2.94211675  4.00000918],cruising,[ 0.50568378 -0.03156594 -0.11489306]
97.20875668525696,1000,False,5,3,[6.2392488 4.7035623 3.9999905],cruising,[-0.82138112 -0.19970136 -0.21083176]
97.20875668525696,1001,False,3,6,[8.13798434 8.85306806 4.        ],exiting,[-0.48080528  0.59740651 -0.20557775]
97.20875668525696,1002,False,0,1,[7.22951929 2.10110144 4.00014139],exiting,[ 0.5677905  -0.59831228 -0.99408226]
97.20875668525696,1003,False,2,4,[-7.44974963 -1.12262552  1.63670101],queued,[ 0.63925976  0.24903542 -0.34837281]
97.20875668525696,1004,False,4,0,[ 5.32754427 -4.54262153  3.9154294 ],cruising,[-0.62185191  0.08809385  0.93462812]
97.20875668525696,1005,False,1,5,[ 0.47094553 -2.95695311  4.0000078 ],cruising,[ 0.50568378 -0.03156594 -0.11489306]
97.30877757072449,1000,False,5,3,[6.43429324 4.65931677 3.99999193],cruising,[-0.82138112 -0.19970136 -0.21083176]
97.30877757072449,1001,False,3,6,[8.17436436 8.94621576 4.        ],exiting,[-0.48080528  0.59740651 -0.20557775]
97.30877757072449,1002,False,0,1,[7.12982659 2.10893509 4.00011244],exiting,[ 0.5677905  -0.59831228 -0.99408226]
97.30877757072449,1003,False,2,4,[-7.44974963 -1.12262552  1.71170101],queued,[ 0.63925976  0.24903542 -0.34837281]
97.30877757072449,1004,False,4,0,[ 5.14993849 -4.45066399  3.92811499],cruising,[-0.62185191  0.08809385  0.93462812]
97.30877757072449,1005,False,1,5,[ 0.27317042 -2.98670216  4.00000663],cruising,[ 0.50568378 -0.03156594 -0.11489306]
97.41455316543579,1000,False,5,3,[6.62739671 4.60724902 3.99999314],cruising,[-0.82138112 -0.19970136 -0.21083176]
97.41455316543579,1001,False,3,6,[8.21074439 9.03936346 4.        ],exiting,[-0.48080528  0.59740651 -0.20557775]
97.41455316543579,1002,False,0,1,[7.03013389 2.11676873 4.00008907],exiting,[ 0.5677905  -0.59831228 -0.99408226]
97.41455316543579,1003,False,2,4,[-7.44974963 -1.12262552  1.78670101],queued,[ 0.63925976  0.24903542 -0.34837281]
97.41455316543579,1004,False,4,0,[ 4.96960714 -4.36417351  3.93889774],cruising,[-0.62185191  0.08809385  0.93462812]
97.41455316543579,1005,False,1,5,[ 0.07901261 -3.03468909  4.00000564],cruising,[ 0.50568378 -0.03156594 -0.11489306]
97.51970100402832,1000,False,5,3,[6.81784952 4.5461939  3.99999417],cruising,[-0.82138112 -0.19970136 -0.21083176]
97.51970100402832,1001,False,3,6,[8.24712442 9.13251116 4.        ],landing,[-0.48080528  0.59740651 -0.20557775]
97.51970100402832,1002,False,0,1,[6.9304412  2.12460238 4.00007024],exiting,[ 0.5677905  -0.59831228 -0.99408226]
97.51970100402832,1003,False,2,4,[-7.44974963 -1.12262552  1.86170101],queued,[ 0.63925976  0.24903542 -0.34837281]
97.51970100402832,1004,False,4,0,[ 4.78828348 -4.27978316  3.94806308],cruising,[-0.62185191  0.08809385  0.93462812]
97.51970100402832,1005,False,1,5,[-0.1119174  -3.09423512  4.00000479],cruising,[ 0.50568378 -0.03156594 -0.11489306]
97.6234679222107,1000,False,5,3,[7.00470293 4.47487909 3.99999504],cruising,[-0.82138112 -0.19970136 -0.21083176]
97.6234679222107,1001,False,3,6,[8.28150297 9.21160413 3.98591246],landing,[-0.48080528  0.59740651 -0.20557775]
97.6234679222107,1002,False,0,1,[6.8307485  2.13243603 4.0000551 ],exiting,[ 0.5677905  -0.59831228 -0.99408226]
97.6234679222107,1003,False,2,4,[-7.44974963 -1.12262552  1.93670101],queued,[ 0.63925976  0.24903542 -0.34837281]
97.6234679222107,1004,False,4,0,[ 4.6060873  -4.19729346  3.95585362],cruising,[-0.62185191  0.08809385  0.93462812]
97.6234679222107,1005,False,1,5,[-0.29933253 -3.16406041  4.00000407],cruising,[ 0.50568378 -0.03156594 -0.11489306]
97.7127137184143,1000,False,5,3,[7.18670285 4.39195726 3.99999579],cruising,[-0.82138112 -0.19970136 -0.21083176]
97.7127137184143,1001,False,3,6,[8.31378232 9.2764953  3.95790004],landing,[-0.48080528  0.59740651 -0.20557775]
97.7127137184143,1002,False,0,1,[6.7310558  2.14026968 4.00004298],exiting,[ 0.5677905  -0.59831228 -0.99408226]
97.7127137184143,1003,False,2,4,[-7.44974963 -1.12262552  2.01170101],queued,[ 0.63925976  0.24903542 -0.34837281]
97.7127137184143,1004,False,4,0,[ 4.42259842 -4.11772065  3.96247557],cruising,[-0.62185191  0.08809385  0.93462812]
97.7127137184143,1005,False,1,5,[-0.48217652 -3.24510406  4.00000346],cruising,[ 0.50568378 -0.03156594 -0.11489306]
97.81838130950928,1000,False,5,3,[7.36222142 4.29607591 3.99999642],cruising,[-0.82138112 -0.19970136 -0.21083176]
97.81838130950928,1001,False,3,6,[8.34384643 9.3270121  3.91615918],landing,[-0.48080528  0.59740651 -0.20557775]
97.81838130950928,1002,False,0,1,[6.6313631  2.14810333 4.00003329],exiting,[ 0.5677905  -0.59831228 -0.99408226]
97.81838130950928,1003,False,2,4,[-7.44974963 -1.12262552  2.08670101],queued,[ 0.63925976  0.24903542 -0.34837281]
97.81838130950928,1004,False,4,0,[ 4.23870868 -4.03907865  3.96810424],cruising,[-0.62185191  0.08809385  0.93462812]
97.81838130950928,1005,False,1,5,[-0.66162804 -3.33340554  4.00000294],cruising,[ 0.50568378 -0.03156594 -0.11489306]
97.91664218902588,1000,False,5,3,[7.52707643 4.1832745  3.99999697],cruising,[-0.82138112 -0.19970136 -0.21083176]
97.91664218902588,1001,False,3,6,[8.37153472 9.36291944 3.8609677 ],landing,[-0.48080528  0.59740651 -0.20557775]
97.91664218902588,1002,False,0,1,[6.53167041 2.15593698 4.00002559],exiting,[ 0.5677905  -0.59831228 -0.99408226]
97.91664218902588,1003,False,2,4,[-7.44974963 -1.12262552  2.16170101],entering,[ 0.63925976  0.24903542 -0.34837281]
97.91664218902588,1004,False,4,0,[ 4.05405954 -3.96223664  3.9728886 ],cruising,[-0.62185191  0.08809385  0.93462812]
97.91664218902588,1005,False,1,5,[-0.83951265 -3.42482253  4.0000025 ],cruising,[ 0.50568378 -0.03156594 -0.11489306]
98.01951932907104,1000,False,5,3,[7.67982945 4.05455009 3.99999744],cruising,[-0.82138112 -0.19970136 -0.21083176]
98.01951932907104,1001,False,3,6,[8.39671308 9.38402443 3.79256295],landing,[-0.48080528  0.59740651 -0.20557775]
98.01951932907104,1002,False,0,1,[6.43197771 2.16377063 4.00001948],exiting,[ 0.5677905  -0.59831228 -0.99408226]
98.01951932907104,1003,False,2,4,[-7.4366689  -1.10749627  2.23670101],entering,[ 0.63925976  0.24903542 -0.34837281]
98.01951932907104,1004,False,4,0,[ 3.86919926 -3.88590398  3.97695531],cruising,[-0.62185191  0.08809385  0.93462812]
98.01951932907104,1005,False,1,5,[-1.01819986 -3.51466061  4.00000213],cruising,[ 0.50568378 -0.03156594 -0.11489306]
98.1193175315857,1000,False,5,3,[7.81890921 3.91122974 3.99999785],cruising,[-0.82138112 -0.19970136 -0.21083176]
98.1193175315857,1001,False,3,6,[8.4192551  9.39014812 3.71117318],landing,[-0.48080528  0.59740651 -0.20557775]
98.1193175315857,1002,False,0,1,[6.33228501 2.17160428 4.00001466],exiting,[ 0.5677905  -0.59831228 -0.99408226]
98.1193175315857,1003,False,2,4,[-7.41052234 -1.07722488  2.31170101],entering,[ 0.63925976  0.24903542 -0.34837281]
98.1193175315857,1004,False,4,0,[ 3.68385587 -3.81075193  3.98041202],cruising,[-0.62185191  0.08809385  0.93462812]
98.1193175315857,1005,False,1,5,[-1.20154958 -3.59455353  4.00000181],cruising,[ 0.50568378 -0.03156594 -0.11489306]
98.21301102638245,1000,False,5,3,[7.94284576 3.75484478 3.99999819],cruising,[-0.82138112 -0.19970136 -0.21083176]
98.21301102638245,1001,False,3,6,[8.43903201 9.38111111 3.61703558],landing,[-0.48080528  0.59740651 -0.20557775]
98.21301102638245,1002,False,0,1,[6.23259231 2.17943793 4.00001088],exiting,[ 0.5677905  -0.59831228 -0.99408226]
98.21301102638245,1003,False,2,4,[-7.37134296 -1.03178294  2.38670101],entering,[ 0.63925976  0.24903542 -0.34837281]
98.21301102638245,1004,False,4,0,[ 3.49831845 -3.73608021  3.98335021],cruising,[-0.62185191  0.08809385  0.93462812]
98.21301102638245,1005,False,1,5,[-1.39179903 -3.6556743   4.00000153],cruising,[ 0.50568378 -0.03156594 -0.11489306]
98.31087803840637,1000,False,5,3,[8.04998375 3.58760588 3.9999985 ],cruising,[-0.82138112 -0.19970136 -0.21083176]
98.31087803840637,1001,False,3,6,[8.4580727  9.36817522 3.51972107],landing,[-0.48080528  0.59740651 -0.20557775]
98.31087803840637,1002,False,0,1,[6.13289962 2.18727158 4.00000794],exiting,[ 0.5677905  -0.59831228 -0.99408226]
98.31087803840637,1003,False,2,4,[-7.3191938  -0.97111651  2.46170101],entering,[ 0.63925976  0.24903542 -0.34837281]
98.31087803840637,1004,False,4,0,[ 3.31241976 -3.66231249  3.98584768],cruising,[-0.62185191  0.08809385  0.93462812]
98.31087803840637,1005,False,1,5,[-1.58580317 -3.69715067  4.00000127],cruising,[ 0.50568378 -0.03156594 -0.11489306]
98.41656231880188,1000,False,5,3,[8.13949342 3.41092019 3.99999877],cruising,[-0.82138112 -0.19970136 -0.21083176]
98.41656231880188,1001,False,3,6,[8.47711339 9.35523934 3.42240655],landing,[-0.48080528  0.59740651 -0.20557775]
98.41656231880188,1002,False,0,1,[6.03320692 2.19510523 4.00000565],exiting,[ 0.5677905  -0.59831228 -0.99408226]
98.41656231880188,1003,False,2,4,[-7.25419843 -0.8951212   2.53670101],entering,[ 0.63925976  0.24903542 -0.34837281]
98.41656231880188,1004,False,4,0,[ 3.1262315  -3.58927873  3.98797053],cruising,[-0.62185191  0.08809385  0.93462812]
98.41656231880188,1005,False,1,5,[-1.78045651 -3.71863758  4.00000103],cruising,[ 0.50568378 -0.03156594 -0.11489306]
98.50959491729736,1000,False,5,3,[8.21071471 3.22613908 3.999999  ],cruising,[-0.82138112 -0.19970136 -0.21083176]
98.50959491729736,1001,False,3,6,[8.49615407 9.34230345 3.32509203],landing,[-0.48080528  0.59740651 -0.20557775]
98.50959491729736,1002,False,0,1,[5.93351422 2.20293887 4.00000391],exiting,[ 0.5677905  -0.59831228 -0.99408226]
98.50959491729736,1003,False,2,4,[-7.17667451 -0.8035363   2.61170101],entering,[ 0.63925976  0.24903542 -0.34837281]
98.50959491729736,1004,False,4,0,[ 2.93970546 -3.51711199  3.98977495],cruising,[-0.62185191  0.08809385  0.93462812]
98.50959491729736,1005,False,1,5,[-1.97276541 -3.72026237  4.0000008 ],cruising,[ 0.50568378 -0.03156594 -0.11489306]
98.61203074455261,1000,False,5,3,[8.26313464 3.03453827 3.99999918],cruising,[-0.82138112 -0.19970136 -0.21083176]
98.61203074455261,1001,False,3,6,[8.51519476 9.32936757 3.22777752],landing,[-0.48080528  0.59740651 -0.20557775]
98.61203074455261,1002,False,0,1,[5.83382152 2.21077252 4.00000258],exiting,[ 0.5677905  -0.59831228 -0.99408226]
98.61203074455261,1003,False,2,4,[-7.08694619 -0.69610675  2.68670101],entering,[ 0.63925976  0.24903542 -0.34837281]
98.61203074455261,1004,False,4,0,[ 2.7527104  -3.44616942  3.99130871],cruising,[-0.62185191  0.08809385  0.93462812]
98.61203074455261,1005,False,1,5,[-2.15983939 -3.70258443  4.00000059],cruising,[ 0.50568378 -0.03156594 -0.11489306]
98.71028470993042,1000,False,5,3,[8.30034209 2.83802973 3.9999993 ],cruising,[-0.82138112 -0.19970136 -0.21083176]
98.71028470993042,1001,False,3,6,[8.53423545 9.31643168 3.130463  ],landing,[-0.48080528  0.59740651 -0.20557775]
98.71028470993042,1002,False,0,1,[5.73412883 2.21860617 4.00000159],exiting,[ 0.5677905  -0.59831228 -0.99408226]
98.71028470993042,1003,False,2,4,[-6.98556246 -0.57242448  2.76170101],entering,[ 0.63925976  0.24903542 -0.34837281]
98.71028470993042,1004,False,4,0,[ 2.56509886 -3.37687362  3.9926124 ],cruising,[-0.62185191  0.08809385  0.93462812]
98.71028470993042,1005,False,1,5,[-2.33935448 -3.66638993  4.00000039],cruising,[ 0.50568378 -0.03156594 -0.11489306]
98.81650733947754,1000,False,5,3,[8.33164309 2.6404943  3.99999941],cruising,[-0.82138112 -0.19970136 -0.21083176]
98.81650733947754,1001,False,3,6,[8.55327614 9.3034958  3.03314849],landing,[-0.48080528  0.59740651 -0.20557775]
98.81650733947754,1002,False,0,1,[5.63443613 2.22643982 4.00000087],exiting,[ 0.5677905  -0.59831228 -0.99408226]
98.81650733947754,1003,False,2,4,[-6.87369861 -0.4317079   2.83670101],entering,[ 0.63925976  0.24903542 -0.34837281]
98.81650733947754,1004,False,4,0,[ 2.37704678 -3.30878239  3.99372054],cruising,[-0.62185191  0.08809385  0.93462812]
98.81650733947754,1005,False,1,5,[-2.50911777 -3.61273397  4.0000002 ],cruising,[ 0.50568378 -0.03156594 -0.11489306]
98.90852236747742,1000,False,5,3,[8.35816968 2.44226125 3.9999995 ],cruising,[-0.82138112 -0.19970136 -0.21083176]
98.90852236747742,1001,False,3,6,[8.57231682 9.29055991 2.93583397],landing,[-0.48080528  0.59740651 -0.20557775]
98.90852236747742,1002,False,0,1,[5.53474343 2.23427347 4.00000036],landing,[ 0.5677905  -0.59831228 -0.99408226]
98.90852236747742,1003,False,2,4,[-6.75400584 -0.27258731  2.91170101],entering,[ 0.63925976  0.24903542 -0.34837281]
98.90852236747742,1004,False,4,0,[ 2.1880929  -3.24323521  3.99466246],cruising,[-0.62185191  0.08809385  0.93462812]
98.90852236747742,1005,False,1,5,[-2.66713219 -3.5428927   4.00000003],cruising,[ 0.50568378 -0.03156594 -0.11489306]
99.01293706893921,1000,False,5,3,[8.38379755 2.24391002 3.99999957],cruising,[-0.82138112 -0.19970136 -0.21083176]
99.01293706893921,1001,False,3,6,[8.59135751 9.27762403 2.83851945],landing,[-0.48080528  0.59740651 -0.20557775]
99.01293706893921,1002,False,0,1,[5.44895432 2.23789728 3.9862533 ],landing,[ 0.5677905  -0.59831228 -0.99408226]
99.01293706893921,1003,False,2,4,[-6.63721939 -0.11022683  2.98670101],entering,[ 0.63925976  0.24903542 -0.34837281]
99.01293706893921,1004,False,4,0,[ 1.99806183 -3.18087985  3.99546309],cruising,[-0.62185191  0.08809385  0.93462812]
99.01293706893921,1005,False,1,5,[-2.81171684 -3.45823114  3.99999988],cruising,[ 0.50568378 -0.03156594 -0.11489306]
99.11652445793152,1000,False,5,3,[8.40491101 2.04502758 3.99999964],cruising,[-0.82138112 -0.19970136 -0.21083176]
99.11652445793152,1001,False,3,6,[8.6103982  9.26468814 2.74120494],landing,[-0.48080528  0.59740651 -0.20557775]
99.11652445793152,1002,False,0,1,[5.37723898 2.23733569 3.95892643],landing,[ 0.5677905  -0.59831228 -0.99408226]
99.11652445793152,1003,False,2,4,[-6.52396495  0.05461683  3.06170101],entering,[ 0.63925976  0.24903542 -0.34837281]
99.11652445793152,1004,False,4,0,[ 1.80738057 -3.12054199  3.99614363],cruising,[-0.62185191  0.08809385  0.93462812]
99.11652445793152,1005,False,1,5,[-2.9414147  -3.36021355  3.99999975],cruising,[ 0.50568378 -0.03156594 -0.11489306]
99.20996689796448,1000,False,5,3,[8.42483754 1.84602273 3.99999969],cruising,[-0.82138112 -0.19970136 -0.21083176]
99.20996689796448,1001,False,3,6,[8.62943889 9.25175226 2.64389042],landing,[-0.48080528  0.59740651 -0.20557775]
99.20996689796448,1002,False,0,1,[5.31979556 2.23261828 3.91821892],landing,[ 0.5677905  -0.59831228 -0.99408226]
99.20996689796448,1003,False,2,4,[-6.41485796  0.22223444  3.13670101],entering,[ 0.63925976  0.24903542 -0.34837281]
99.20996689796448,1004,False,4,0,[ 1.61521271 -3.06512077  3.99672208],cruising,[-0.62185191  0.08809385  0.93462812]
99.20996689796448,1005,False,1,5,[-3.05492135 -3.25045522  3.99999963],cruising,[ 0.50568378 -0.03156594 -0.11489306]
99.30937719345093,1000,False,5,3,[8.4431998  1.64686744 3.99999974],cruising,[-0.82138112 -0.19970136 -0.21083176]
99.30937719345093,1001,False,3,6,[8.64847957 9.23881637 2.5465759 ],landing,[-0.48080528  0.59740651 -0.20557775]
99.30937719345093,1002,False,0,1,[5.27688765 2.22378644 3.86440452],landing,[ 0.5677905  -0.59831228 -0.99408226]
99.30937719345093,1003,False,2,4,[-6.31043655  0.39281043  3.21170101],entering,[ 0.63925976  0.24903542 -0.34837281]
99.30937719345093,1004,False,4,0,[ 1.42136807 -3.01588402  3.99721377],cruising,[-0.62185191  0.08809385  0.93462812]
99.30937719345093,1005,False,1,5,[-3.15113462 -3.13065006  3.99999953],cruising,[ 0.50568378 -0.03156594 -0.11489306]
99.41120791435242,1000,False,5,3,[8.45708546 1.44735005 3.99999978],cruising,[-0.82138112 -0.19970136 -0.21083176]
99.41120791435242,1001,False,3,6,[8.66752026 9.22588049 2.44926139],landing,[-0.48080528  0.59740651 -0.20557775]
99.41120791435242,1002,False,0,1,[5.24875693 2.21088021 3.79774357],landing,[ 0.5677905  -0.59831228 -0.99408226]
99.41120791435242,1003,False,2,4,[-6.2114032   0.56657003  3.28670101],entering,[ 0.63925976  0.24903542 -0.34837281]
99.41120791435242,1004,False,4,0,[ 1.22568212 -2.97456804  3.99763171],cruising,[-0.62185191  0.08809385  0.93462812]
99.41120791435242,1005,False,1,5,[-3.22943276 -3.001954    3.99999945],cruising,[ 0.50568378 -0.03156594 -0.11489306]
99.51000952720642,1000,False,5,3,[8.46947585 1.24773423 3.99999981],cruising,[-0.82138112 -0.19970136 -0.21083176]
99.51000952720642,1001,False,3,6,[8.68656095 9.2129446  2.35194687],landing,[-0.48080528  0.59740651 -0.20557775]
99.51000952720642,1002,False,0,1,[5.23561248 2.19393594 3.7184689 ],landing,[ 0.5677905  -0.59831228 -0.99408226]
99.51000952720642,1003,False,2,4,[-6.11858976  0.74373003  3.36170101],entering,[ 0.63925976  0.24903542 -0.34837281]
99.51000952720642,1004,False,4,0,[ 1.02727117 -2.94940667  3.99798695],cruising,[-0.62185191  0.08809385  0.93462812]
99.51000952720642,1005,False,1,5,[-3.28944913 -2.86514764  3.9999994 ],cruising,[ 0.50568378 -0.03156594 -0.11489306]
99.61599373817444,1000,False,5,3,[8.4778638  1.0479102  3.99999984],cruising,[-0.82138112 -0.19970136 -0.21083176]
99.61599373817444,1001,False,3,6,[8.70560164 9.20000872 2.25463235],landing,[-0.48080528  0.59740651 -0.20557775]
99.61599373817444,1002,False,0,1,[5.2376645  2.17299193 3.62682211],landing,[ 0.5677905  -0.59831228 -0.99408226]
99.61599373817444,1003,False,2,4,[-6.03296416  0.92447365  3.43670101],entering,[ 0.63925976  0.24903542 -0.34837281]
99.61599373817444,1004,False,4,0,[ 0.82756771 -2.93851968  3.99828891],cruising,[-0.62185191  0.08809385  0.93462812]
99.61599373817444,1005,False,1,5,[-3.33100912 -2.72063662  3.99999936],cruising,[ 0.50568378 -0.03156594 -0.11489306]
99.72008085250854,1000,False,5,3,[8.48479089 0.8480302  3.99999986],cruising,[-0.82138112 -0.19970136 -0.21083176]
99.72008085250854,1001,False,3,6,[8.72464232 9.18707283 2.15731784],landing,[-0.48080528  0.59740651 -0.20557775]
99.72008085250854,1002,False,0,1,[5.24650891 2.15030259 3.52983257],landing,[ 0.5677905  -0.59831228 -0.99408226]
99.72008085250854,1003,False,2,4,[-5.95568102  1.10893859  3.51170101],entering,[ 0.63925976  0.24903542 -0.34837281]
99.72008085250854,1004,False,4,0,[ 0.62762993 -2.94350821  3.99854557],cruising,[-0.62185191  0.08809385  0.93462812]
99.72008085250854,1005,False,1,5,[-3.35403948 -2.56859879  3.99999935],cruising,[ 0.50568378 -0.03156594 -0.11489306]
99.8115394115448,1000,False,5,3,[8.49005015 0.64809936 3.99999988],cruising,[-0.82138112 -0.19970136 -0.21083176]
99.8115394115448,1001,False,3,6,[8.74368301 9.17413695 2.06000332],landing,[-0.48080528  0.59740651 -0.20557775]
99.8115394115448,1002,False,0,1,[5.25535332 2.12761326 3.43284303],landing,[ 0.5677905  -0.59831228 -0.99408226]
99.8115394115448,1003,False,2,4,[-5.88808751  1.29717015  3.58494586],entering,[ 0.63925976  0.24903542 -0.34837281]
99.8115394115448,1004,False,4,0,[ 0.42862433 -2.96342733  3.99876374],cruising,[-0.62185191  0.08809385  0.93462812]
99.8115394115448,1005,False,1,5,[-3.35854374 -2.40902545  3.99999936],cruising,[ 0.50568378 -0.03156594 -0.11489306]
99.90992259979248,1000,False,5,3,[8.49348708 0.44812889 3.9999999 ],cruising,[-0.82138112 -0.19970136 -0.21083176]
99.90992259979248,1001,False,3,6,[8.7627237  9.16120106 1.96268881],landing,[-0.48080528  0.59740651 -0.20557775]
99.90992259979248,1002,False,0,1,[5.26419773 2.10492393 3.33585349],landing,[ 0.5677905  -0.59831228 -0.99408226]
99.90992259979248,1003,False,2,4,[-5.8316989   1.48905637  3.64720398],entering,[ 0.63925976  0.24903542 -0.34837281]
99.90992259979248,1004,False,4,0,[ 0.23157006 -2.99762694  3.99894917],cruising,[-0.62185191  0.08809385  0.93462812]
99.90992259979248,1005,False,1,5,[-3.34484623 -2.24116383  3.99999939],cruising,[ 0.50568378 -0.03156594 -0.11489306]
100.00950169563293,1000,False,5,3,[8.4928691  0.24812985 3.99999992],cruising,[-0.82138112 -0.19970136 -0.21083176]
100.00950169563293,1001,False,3,6,[8.78176439 9.14826517 1.86537429],landing,[-0.48080528  0.59740651 -0.20557775]
100.00950169563293,1002,False,0,1,[5.27304214 2.08223459 3.23886395],landing,[ 0.5677905  -0.59831228 -0.99408226]
100.00950169563293,1003,False,2,4,[-5.78811985  1.68425081  3.70012338],entering,[ 0.63925976  0.24903542 -0.34837281]
100.00950169563293,1004,False,4,0,[ 0.03731091 -3.04520194  3.9991068 ],cruising,[-0.62185191  0.08809385  0.93462812]
100.00950169563293,1005,False,1,5,[-3.31399143 -2.06302471  3.99999945],cruising,[ 0.50568378 -0.03156594 -0.11489306]
100.10992956161499,1000,False,5,3,[8.49059997 0.04814272 3.99999993],cruising,[-0.82138112 -0.19970136 -0.21083176]
100.10992956161499,1001,False,3,6,[8.80080507 9.13532929 1.76805977],landing,[-0.48080528  0.59740651 -0.20557775]
100.10992956161499,1002,False,0,1,[5.28188655 2.05954526 3.14187442],landing,[ 0.5677905  -0.59831228 -0.99408226]
100.10992956161499,1003,False,2,4,[-5.75888723  1.88210291  3.74510487],entering,[ 0.63925976  0.24903542 -0.34837281]
100.10992956161499,1004,False,4,0,[-0.15237253 -3.10860694  3.99924078],cruising,[-0.62185191  0.08809385  0.93462812]
100.10992956161499,1005,False,1,5,[-3.27153478 -1.86859457  3.99999953],cruising,[ 0.50568378 -0.03156594 -0.11489306]
100.21322321891785,1000,False,5,3,[ 8.48652749 -0.15181581  3.99999994],cruising,[-0.82138112 -0.19970136 -0.21083176]
100.21322321891785,1001,False,3,6,[8.81984576 9.1223934  1.67074526],landing,[-0.48080528  0.59740651 -0.20557775]
100.21322321891785,1002,False,0,1,[5.29073097 2.03685593 3.04488488],landing,[ 0.5677905  -0.59831228 -0.99408226]
100.21322321891785,1003,False,2,4,[-5.74522885  2.08163599  3.78333914],entering,[ 0.63925976  0.24903542 -0.34837281]
100.21322321891785,1004,False,4,0,[-0.3386194  -3.18149113  3.99935466],cruising,[-0.62185191  0.08809385  0.93462812]
100.21322321891785,1005,False,1,5,[-3.24476397 -1.67039435  3.9999996 ],cruising,[ 0.50568378 -0.03156594 -0.11489306]
100.30892896652222,1000,False,5,3,[ 8.47852098 -0.35165549  3.99999995],cruising,[-0.82138112 -0.19970136 -0.21083176]
100.30892896652222,1001,False,3,6,[8.83888645 9.10945752 1.57343074],landing,[-0.48080528  0.59740651 -0.20557775]
100.30892896652222,1002,False,0,1,[5.29957538 2.01416659 2.94789534],landing,[ 0.5677905  -0.59831228 -0.99408226]
100.30892896652222,1003,False,2,4,[-5.74692589  2.28162879  3.81583827],entering,[ 0.63925976  0.24903542 -0.34837281]
100.30892896652222,1004,False,4,0,[-0.52055278 -3.26455884  3.99945146],cruising,[-0.62185191  0.08809385  0.93462812]
100.30892896652222,1005,False,1,5,[-3.23442098 -1.47066198  3.99999966],cruising,[ 0.50568378 -0.03156594 -0.11489306]
100.41793155670166,1000,False,5,3,[ 8.46881274 -0.55141973  3.99999996],cruising,[-0.82138112 -0.19970136 -0.21083176]
100.41793155670166,1001,False,3,6,[8.85792714 9.09652163 1.47611622],fake_landed,[-0.48080528  0.59740651 -0.20557775]
100.41793155670166,1002,False,0,1,[5.30841979 1.99147726 2.8509058 ],landing,[ 0.5677905  -0.59831228 -0.99408226]
100.41793155670166,1003,False,2,4,[-5.76463006  2.48084365  3.84346253],cruising,[ 0.63925976  0.24903542 -0.34837281]
100.41793155670166,1004,False,4,0,[-0.69950655 -3.35386475  3.99953374],cruising,[-0.62185191  0.08809385  0.93462812]
100.41793155670166,1005,False,1,5,[-3.23992463 -1.27073772  3.99999971],cruising,[ 0.50568378 -0.03156594 -0.11489306]
100.51413321495056,1000,False,5,3,[ 8.45723675 -0.75108444  3.99999996],cruising,[-0.82138112 -0.19970136 -0.21083176]
100.51413321495056,1001,False,3,6,[8.87315969 9.08617293 1.39826461],fake_landed,[-0.48080528  0.59740651 -0.20557775]
100.51413321495056,1002,False,0,1,[5.3172642  1.96878793 2.75391626],landing,[ 0.5677905  -0.59831228 -0.99408226]
100.51413321495056,1003,False,2,4,[-5.79614929  2.67834438  3.86694315],cruising,[ 0.63925976  0.24903542 -0.34837281]
100.51413321495056,1004,False,4,0,[-0.87743261 -3.44520105  3.99960368],cruising,[-0.62185191  0.08809385  0.93462812]
100.51413321495056,1005,False,1,5,[-3.25925289 -1.07167386  3.99999976],cruising,[ 0.50568378 -0.03156594 -0.11489306]
100.61635899543762,1000,False,5,3,[ 8.44364983 -0.95062239  3.99999997],cruising,[-0.82138112 -0.19970136 -0.21083176]
100.61635899543762,1001,False,3,6,[8.8845841  9.07841139 1.3398759 ],fake_landed,[-0.48080528  0.59740651 -0.20557775]
100.61635899543762,1002,False,0,1,[5.32610861 1.94609859 2.65692672],landing,[ 0.5677905  -0.59831228 -0.99408226]
100.61635899543762,1003,False,2,4,[-5.84091299  2.87327055  3.88690168],cruising,[ 0.63925976  0.24903542 -0.34837281]
100.61635899543762,1004,False,4,0,[-1.05679652 -3.53368035  3.99966313],cruising,[-0.62185191  0.08809385  0.93462812]
100.61635899543762,1005,False,1,5,[-3.29214076 -0.87439642  3.99999979],cruising,[ 0.50568378 -0.03156594 -0.11489306]
100.70917892456055,1000,False,5,3,[ 8.4257895  -1.14982332  3.99999997],cruising,[-0.82138112 -0.19970136 -0.21083176]
100.70917892456055,1001,False,3,6,[8.89220037 9.07323704 1.30095009],fake_landed,[-0.48080528  0.59740651 -0.20557775]
100.70917892456055,1002,False,0,1,[5.33495303 1.92340926 2.55993719],landing,[ 0.5677905  -0.59831228 -0.99408226]
100.70917892456055,1003,False,2,4,[-5.89523329  3.06575251  3.90386643],cruising,[ 0.63925976  0.24903542 -0.34837281]
100.70917892456055,1004,False,4,0,[-1.24162341 -3.61009383  3.99971366],cruising,[-0.62185191  0.08809385  0.93462812]
100.70917892456055,1005,False,1,5,[-3.33747764 -0.67960277  3.99999982],cruising,[ 0.50568378 -0.03156594 -0.11489306]
100.80929112434387,1000,False,5,3,[ 8.40597733 -1.34883959  3.99999998],cruising,[-0.82138112 -0.19970136 -0.21083176]
100.80929112434387,1001,False,3,6,[8.89600851 9.07064986 1.28148719],fake_landed,[-0.48080528  0.59740651 -0.20557775]
100.80929112434387,1002,False,0,1,[5.34379744 1.90071993 2.46294765],landing,[ 0.5677905  -0.59831228 -0.99408226]
100.80929112434387,1003,False,2,4,[-5.95667208  3.25608189  3.91828646],cruising,[ 0.63925976  0.24903542 -0.34837281]
100.80929112434387,1004,False,4,0,[-1.43285647 -3.66756105  3.99975844],cruising,[-0.62185191  0.08809385  0.93462812]
100.80929112434387,1005,False,1,5,[-3.39428864 -0.48784117  3.99999985],cruising,[ 0.50568378 -0.03156594 -0.11489306]
100.92412042617798,1000,False,5,3,[ 8.38401815 -1.54763042  3.99999998],cruising,[-0.82138112 -0.19970136 -0.21083176]
100.92412042617798,1001,False,6,2,[8.89600851 9.07064986 1.28148719],waiting,[-0.48080528  0.59740651 -0.20557775]
100.92412042617798,1002,False,0,1,[5.35264185 1.87803059 2.36595811],landing,[ 0.5677905  -0.59831228 -0.99408226]
100.92412042617798,1003,False,2,4,[-6.02283852  3.44481981  3.93054349],cruising,[ 0.63925976  0.24903542 -0.34837281]
100.92412042617798,1004,False,4,0,[-1.62724649 -3.70527899  3.99980017],cruising,[-0.62185191  0.08809385  0.93462812]
100.92412042617798,1005,False,1,5,[-3.45992134 -0.29891698  3.99999987],cruising,[ 0.50568378 -0.03156594 -0.11489306]
101.01865100860596,1000,False,5,3,[ 8.35741507 -1.74585322  3.99999998],cruising,[-0.82138112 -0.19970136 -0.21083176]
101.01865100860596,1001,False,6,2,[8.89600851 9.07064986 1.28148719],waiting,[-0.48080528  0.59740651 -0.20557775]
101.01865100860596,1002,False,0,1,[5.36148626 1.85534126 2.26896857],landing,[ 0.5677905  -0.59831228 -0.99408226]
101.01865100860596,1003,False,2,4,[-6.09145647  3.63268034  3.94096197],cruising,[ 0.63925976  0.24903542 -0.34837281]
101.01865100860596,1004,False,4,0,[-1.82161022 -3.72299695  3.9998394 ],cruising,[-0.62185191  0.08809385  0.93462812]
101.01865100860596,1005,False,1,5,[-3.53582853 -0.11388159  3.99999989],cruising,[ 0.50568378 -0.03156594 -0.11489306]
101.1096453666687,1000,False,5,3,[ 8.32859361 -1.94376563  3.99999999],cruising,[-0.82138112 -0.19970136 -0.21083176]
101.1096453666687,1001,False,6,2,[8.89600851 9.07064986 1.28148719],waiting,[-0.48080528  0.59740651 -0.20557775]
101.1096453666687,1002,False,0,1,[5.37033067 1.83265192 2.17197903],landing,[ 0.5677905  -0.59831228 -0.99408226]
101.1096453666687,1003,False,2,4,[-6.16034913  3.8204403   3.94981767],cruising,[ 0.63925976  0.24903542 -0.34837281]
101.1096453666687,1004,False,4,0,[-2.01294176 -3.7209461   3.9998763 ],cruising,[-0.62185191  0.08809385  0.93462812]
101.1096453666687,1005,False,1,5,[-3.62234052  0.06643945  3.99999991],cruising,[ 0.50568378 -0.03156594 -0.11489306]
101.21003007888794,1000,False,5,3,[ 8.29729469 -2.14130139  3.99999999],cruising,[-0.82138112 -0.19970136 -0.21083176]
101.21003007888794,1001,False,6,2,[8.89600851 9.07064986 1.28148719],waiting,[-0.48080528  0.59740651 -0.20557775]
101.21003007888794,1002,False,0,1,[5.37917508 1.80996259 2.0749895 ],landing,[ 0.5677905  -0.59831228 -0.99408226]
101.21003007888794,1003,False,2,4,[-6.22736857  4.00887701  3.95734502],cruising,[ 0.63925976  0.24903542 -0.34837281]
101.21003007888794,1004,False,4,0,[-2.19860635 -3.69971491  3.99991087],cruising,[-0.62185191  0.08809385  0.93462812]
101.21003007888794,1005,False,1,5,[-3.71647501  0.24290105  3.99999992],cruising,[ 0.50568378 -0.03156594 -0.11489306]
101.31820344924927,1000,False,5,3,[ 8.26055393 -2.33789772  3.99999999],cruising,[-0.82138112 -0.19970136 -0.21083176]
101.31820344924927,1001,False,6,2,[8.89600851 9.07064986 1.28148719],waiting,[-0.48080528  0.59740651 -0.20557775]
101.31820344924927,1002,False,0,1,[5.3880195  1.78727326 1.97799996],landing,[ 0.5677905  -0.59831228 -0.99408226]
101.31820344924927,1003,False,2,4,[-6.29028929  4.19872164  3.96374327],cruising,[ 0.63925976  0.24903542 -0.34837281]
101.31820344924927,1004,False,4,0,[-2.37620526 -3.66018222  3.99994306],cruising,[-0.62185191  0.08809385  0.93462812]
101.31820344924927,1005,False,1,5,[-3.8166375   0.41601222  3.99999993],cruising,[ 0.50568378 -0.03156594 -0.11489306]
101.41043281555176,1000,False,5,3,[ 8.22110975 -2.53396954  3.99999999],cruising,[-0.82138112 -0.19970136 -0.21083176]
101.41043281555176,1001,False,6,2,[8.89600851 9.07064986 1.28148719],waiting,[-0.48080528  0.59740651 -0.20557775]
101.41043281555176,1002,False,0,1,[5.39686391 1.76458392 1.88101042],landing,[ 0.5677905  -0.59831228 -0.99408226]
101.41043281555176,1003,False,2,4,[-6.34667434  4.39060891  3.96918178],cruising,[ 0.63925976  0.24903542 -0.34837281]
101.41043281555176,1004,False,4,0,[-2.54355605 -3.60347466  3.99997279],cruising,[-0.62185191  0.08809385  0.93462812]
101.41043281555176,1005,False,1,5,[-3.92151928  0.58630553  3.99999994],cruising,[ 0.50568378 -0.03156594 -0.11489306]
101.52203059196472,1000,False,5,3,[ 8.17860706 -2.72940117  3.99999999],cruising,[-0.82138112 -0.19970136 -0.21083176]
101.52203059196472,1001,False,6,2,[8.89600851 9.07064986 1.28148719],waiting,[-0.48080528  0.59740651 -0.20557775]
101.52203059196472,1002,False,0,1,[5.40570832 1.74189459 1.78402088],landing,[ 0.5677905  -0.59831228 -0.99408226]
101.52203059196472,1003,False,2,4,[-6.38749307  4.58639919  3.97380451],cruising,[ 0.63925976  0.24903542 -0.34837281]
101.52203059196472,1004,False,4,0,[-2.69881564 -3.53083592  3.99999994],cruising,[-0.62185191  0.08809385  0.93462812]
101.52203059196472,1005,False,1,5,[-4.03110067  0.75361339  3.99999995],cruising,[ 0.50568378 -0.03156594 -0.11489306]
101.620680809021,1000,False,5,3,[ 8.12922122 -2.92320787  3.99999999],cruising,[-0.82138112 -0.19970136 -0.21083176]
101.620680809021,1001,False,6,2,[8.89600851 9.07064986 1.28148719],waiting,[-0.48080528  0.59740651 -0.20557775]
101.620680809021,1002,False,0,1,[5.41455273 1.71920526 1.68703134],landing,[ 0.5677905  -0.59831228 -0.99408226]
101.620680809021,1003,False,2,4,[-6.41525451  4.78446307  3.97773384],cruising,[ 0.63925976  0.24903542 -0.34837281]
101.620680809021,1004,False,4,0,[-2.84036561 -3.44363536  4.00002438],cruising,[-0.62185191  0.08809385  0.93462812]
101.620680809021,1005,False,1,5,[-4.1430015   0.9193789   3.99999996],cruising,[ 0.50568378 -0.03156594 -0.11489306]
101.71188974380493,1000,False,5,3,[ 8.07632803 -3.11608688  3.99999999],cruising,[-0.82138112 -0.19970136 -0.21083176]
101.71188974380493,1001,False,6,2,[8.89600851 9.07064986 1.28148719],waiting,[-0.48080528  0.59740651 -0.20557775]
101.71188974380493,1002,False,0,1,[5.42339714 1.69651592 1.5900418 ],landing,[ 0.5677905  -0.59831228 -0.99408226]
101.71188974380493,1003,False,2,4,[-6.4230686   4.98391433  3.98124081],cruising,[ 0.63925976  0.24903542 -0.34837281]
101.71188974380493,1004,False,4,0,[-2.96675025 -3.3433959   4.00004596],cruising,[-0.62185191  0.08809385  0.93462812]
101.71188974380493,1005,False,1,5,[-4.25663375  1.08396235  3.99999997],cruising,[ 0.50568378 -0.03156594 -0.11489306]
101.82188296318054,1000,False,5,3,[ 8.01519532 -3.30651479  4.        ],cruising,[-0.82138112 -0.19970136 -0.21083176]
101.82188296318054,1001,False,6,2,[8.89600851 9.07064986 1.28148719],waiting,[-0.48080528  0.59740651 -0.20557775]
101.82188296318054,1002,False,0,1,[5.43224156 1.67382659 1.49305227],fake_landed,[ 0.5677905  -0.59831228 -0.99408226]
101.82188296318054,1003,False,2,4,[-6.41092776  5.18205844  3.98444415],cruising,[ 0.63925976  0.24903542 -0.34837281]
101.82188296318054,1004,False,4,0,[-3.07673766 -3.23170521  4.00006452],cruising,[-0.62185191  0.08809385  0.93462812]
101.82188296318054,1005,False,1,5,[-4.37108751  1.24797557  3.99999997],cruising,[ 0.50568378 -0.03156594 -0.11489306]
101.92053866386414,1000,False,5,3,[ 7.94512147 -3.49383712  4.        ],cruising,[-0.82138112 -0.19970136 -0.21083176]
101.92053866386414,1001,False,6,2,[8.89600851 9.07064986 1.28148719],waiting,[-0.48080528  0.59740651 -0.20557775]
101.92053866386414,1002,False,0,1,[5.43931708 1.65567512 1.41546064],fake_landed,[ 0.5677905  -0.59831228 -0.99408226]
101.92053866386414,1003,False,2,4,[-6.37916636  5.37633438  3.98738087],cruising,[ 0.63925976  0.24903542 -0.34837281]
101.92053866386414,1004,False,4,0,[-3.16923947 -3.11030609  4.00007986],cruising,[-0.62185191  0.08809385  0.93462812]
101.92053866386414,1005,False,1,5,[-4.48660093  1.41124421  3.99999997],cruising,[ 0.50568378 -0.03156594 -0.11489306]
102.0129382610321,1000,False,5,3,[ 7.86499257 -3.67708384  4.        ],cruising,[-0.82138112 -0.19970136 -0.21083176]
102.0129382610321,1001,False,6,2,[8.89600851 9.07064986 1.28148719],waiting,[-0.48080528  0.59740651 -0.20557775]
102.0129382610321,1002,False,0,1,[5.44462373 1.64206152 1.35726691],fake_landed,[ 0.5677905  -0.59831228 -0.99408226]
102.0129382610321,1003,False,2,4,[-6.32841158  5.56435033  3.99006485],cruising,[ 0.63925976  0.24903542 -0.34837281]
102.0129382610321,1004,False,4,0,[-3.24371544 -2.98024272  4.00009187],cruising,[-0.62185191  0.08809385  0.93462812]
102.0129382610321,1005,False,1,5,[-4.60273468  1.57407219  3.99999998],cruising,[ 0.50568378 -0.03156594 -0.11489306]
102.11352920532227,1000,False,5,3,[ 7.7792464  -3.85777029  4.        ],cruising,[-0.82138112 -0.19970136 -0.21083176]
102.11352920532227,1001,False,6,2,[8.89600851 9.07064986 1.28148719],waiting,[-0.48080528  0.59740651 -0.20557775]
102.11352920532227,1002,False,0,1,[5.4481615  1.63298579 1.3184711 ],fake_landed,[ 0.5677905  -0.59831228 -0.99408226]
102.11352920532227,1003,False,2,4,[-6.25955162  5.74387268  3.99250161],cruising,[ 0.63925976  0.24903542 -0.34837281]
102.11352920532227,1004,False,4,0,[-3.29990627 -2.84207665  4.0001004 ],cruising,[-0.62185191  0.08809385  0.93462812]
102.11352920532227,1005,False,1,5,[-4.71910907  1.73672827  3.99999998],cruising,[ 0.50568378 -0.03156594 -0.11489306]
102.21054100990295,1000,False,5,3,[ 7.67954598 -4.03114799  4.        ],cruising,[-0.82138112 -0.19970136 -0.21083176]
102.21054100990295,1001,False,6,2,[8.89600851 9.07064986 1.28148719],waiting,[-0.48080528  0.59740651 -0.20557775]
102.21054100990295,1002,False,0,1,[5.44993038 1.62844792 1.29907319],fake_landed,[ 0.5677905  -0.59831228 -0.99408226]
102.21054100990295,1003,False,2,4,[-6.17362337  5.91297369  3.99467602],cruising,[ 0.63925976  0.24903542 -0.34837281]
102.21054100990295,1004,False,4,0,[-3.33764876 -2.69618666  4.00010536],cruising,[-0.62185191  0.08809385  0.93462812]
102.21054100990295,1005,False,1,5,[-4.83538756  1.89945293  3.99999998],cruising,[ 0.50568378 -0.03156594 -0.11489306]
102.31004548072815,1000,False,5,3,[ 7.56329574 -4.1932961   4.        ],cruising,[-0.82138112 -0.19970136 -0.21083176]
102.31004548072815,1001,False,6,2,[8.89600851 9.07064986 1.28148719],waiting,[-0.48080528  0.59740651 -0.20557775]
102.31004548072815,1002,False,0,1,[5.44993038 1.62844792 1.29907319],fake_landed,[ 0.5677905  -0.59831228 -0.99408226]
102.31004548072815,1003,False,2,4,[-6.07178505  6.06995847  3.99659108],cruising,[ 0.63925976  0.24903542 -0.34837281]
102.31004548072815,1004,False,4,0,[-3.35682236 -2.5428673   4.00010666],cruising,[-0.62185191  0.08809385  0.93462812]
102.31004548072815,1005,False,1,5,[-4.95126269  2.06246506  3.99999999],cruising,[ 0.50568378 -0.03156594 -0.11489306]
102.40992331504822,1000,False,5,3,[ 7.43176342 -4.34254236  4.        ],cruising,[-0.82138112 -0.19970136 -0.21083176]
102.40992331504822,1001,False,6,2,[8.89600851 9.07064986 1.28148719],waiting,[-0.48080528  0.59740651 -0.20557775]
102.40992331504822,1002,False,1,6,[5.44993038 1.62844792 1.29907319],waiting,[ 0.5677905  -0.59831228 -0.99408226]
102.40992331504822,1003,False,2,4,[-5.95493619  6.21372928  3.99823355],cruising,[ 0.63925976  0.24903542 -0.34837281]
102.40992331504822,1004,False,4,0,[-3.35753424 -2.38185602  4.00010421],cruising,[-0.62185191  0.08809385  0.93462812]
102.40992331504822,1005,False,1,5,[-5.06683192  2.22569421  3.99999999],cruising,[ 0.50568378 -0.03156594 -0.11489306]
102.50942754745483,1000,False,5,3,[ 7.28681603 -4.47695501  4.        ],cruising,[-0.82138112 -0.19970136 -0.21083176]
102.50942754745483,1001,False,6,2,[8.89600851 9.07064986 1.28148719],waiting,[-0.48080528  0.59740651 -0.20557775]
102.50942754745483,1002,False,1,6,[5.44993038 1.62844792 1.29907319],waiting,[ 0.5677905  -0.59831228 -0.99408226]
102.50942754745483,1003,False,2,4,[-5.82396729  6.34333873  3.99959227],cruising,[ 0.63925976  0.24903542 -0.34837281]
102.50942754745483,1004,False,4,0,[-3.34018705 -2.21224999  4.00009791],cruising,[-0.62185191  0.08809385  0.93462812]
102.50942754745483,1005,False,1,5,[-5.18147235  2.389577    3.99999999],cruising,[ 0.50568378 -0.03156594 -0.11489306]
102.6119372844696,1000,False,5,3,[ 7.13083028 -4.59468969  4.        ],cruising,[-0.82138112 -0.19970136 -0.21083176]
102.6119372844696,1001,False,6,2,[8.89600851 9.07064986 1.28148719],waiting,[-0.48080528  0.59740651 -0.20557775]
102.6119372844696,1002,False,1,6,[5.44993038 1.62844792 1.29907319],waiting,[ 0.5677905  -0.59831228 -0.99408226]
102.6119372844696,1003,False,2,4,[-5.67972503  6.45799051  4.00065755],cruising,[ 0.63925976  0.24903542 -0.34837281]
102.6119372844696,1004,False,4,0,[-3.30605505 -2.03176875  4.00008768],cruising,[-0.62185191  0.08809385  0.93462812]
102.6119372844696,1005,False,1,5,[-5.29488381  2.55431267  3.99999999],cruising,[ 0.50568378 -0.03156594 -0.11489306]
102.71510863304138,1000,False,5,3,[ 6.965956   -4.69450806  4.        ],cruising,[-0.82138112 -0.19970136 -0.21083176]
102.71510863304138,1001,False,6,2,[8.89600851 9.07064986 1.28148719],queued,[-0.48080528  0.59740651 -0.20557775]
102.71510863304138,1002,False,1,6,[5.44993038 1.62844792 1.29907319],waiting,[ 0.5677905  -0.59831228 -0.99408226]
102.71510863304138,1003,False,2,4,[-5.52297868  6.55703601  4.00142079],cruising,[ 0.63925976  0.24903542 -0.34837281]
102.71510863304138,1004,False,4,0,[-3.26563823 -1.83589512  4.00007453],cruising,[-0.62185191  0.08809385  0.93462812]
102.71510863304138,1005,False,1,5,[-5.40675443  2.72009857  3.99999999],cruising,[ 0.50568378 -0.03156594 -0.11489306]
102.81177639961243,1000,False,5,3,[ 6.79435664 -4.77549101  4.        ],cruising,[-0.82138112 -0.19970136 -0.21083176]
102.81177639961243,1001,False,6,2,[8.89600851 9.07064986 1.30148719],queued,[-0.48080528  0.59740651 -0.20557775]
102.81177639961243,1002,False,1,6,[5.44993038 1.62844792 1.29907319],waiting,[ 0.5677905  -0.59831228 -0.99408226]
102.81177639961243,1003,False,2,4,[-5.35441441  6.63994948  4.00187564],cruising,[ 0.63925976  0.24903542 -0.34837281]
102.81177639961243,1004,False,4,0,[-3.24175621 -1.63732612  4.00006335],cruising,[-0.62185191  0.08809385  0.93462812]
102.81177639961243,1005,False,1,5,[-5.51674757  2.88713602  3.99999999],cruising,[ 0.50568378 -0.03156594 -0.11489306]
102.91764712333679,1000,False,5,3,[ 6.61801707 -4.83704382  4.        ],cruising,[-0.82138112 -0.19970136 -0.21083176]
102.91764712333679,1001,False,6,2,[8.89600851 9.07064986 1.34148719],queued,[-0.48080528  0.59740651 -0.20557775]
102.91764712333679,1002,False,1,6,[5.44993038 1.62844792 1.29907319],waiting,[ 0.5677905  -0.59831228 -0.99408226]
102.91764712333679,1003,False,2,4,[-5.17488478  6.70613957  4.00203204],cruising,[ 0.63925976  0.24903542 -0.34837281]
102.91764712333679,1004,False,4,0,[-3.23388852 -1.43748093  4.00005385],cruising,[-0.62185191  0.08809385  0.93462812]
102.91764712333679,1005,False,1,5,[-5.62565264  3.0548849   4.        ],cruising,[ 0.50568378 -0.03156594 -0.11489306]
103.01841378211975,1000,False,5,3,[ 6.43919819 -4.87875089  4.        ],cruising,[-0.82138112 -0.19970136 -0.21083176]
103.01841378211975,1001,False,6,2,[8.89600851 9.07064986 1.40148719],queued,[-0.48080528  0.59740651 -0.20557775]
103.01841378211975,1002,False,1,6,[5.44993038 1.62844792 1.29907319],waiting,[ 0.5677905  -0.59831228 -0.99408226]
103.01841378211975,1003,False,2,4,[-4.98440969  6.75559351  4.00187495],cruising,[ 0.63925976  0.24903542 -0.34837281]
103.01841378211975,1004,False,4,0,[-3.24161086 -1.23763007  4.00004577],cruising,[-0.62185191  0.08809385  0.93462812]
103.01841378211975,1005,False,1,5,[-5.73183835  3.22436822  4.        ],cruising,[ 0.50568378 -0.03156594 -0.11489306]
103.10900950431824,1000,False,5,3,[ 6.2596086  -4.90047282  4.        ],cruising,[-0.82138112 -0.19970136 -0.21083176]
103.10900950431824,1001,False,6,2,[8.89600851 9.07064986 1.47648719],queued,[-0.48080528  0.59740651 -0.20557775]
103.10900950431824,1002,False,1,6,[5.44993038 1.62844792 1.29907319],waiting,[ 0.5677905  -0.59831228 -0.99408226]
103.10900950431824,1003,False,2,4,[-4.78944565  6.80019197  4.00159371],cruising,[ 0.63925976  0.24903542 -0.34837281]
103.10900950431824,1004,False,4,0,[-3.26388138 -1.03887388  4.00003891],cruising,[-0.62185191  0.08809385  0.93462812]
103.10900950431824,1005,False,1,5,[-5.83483557  3.39580792  4.        ],cruising,[ 0.50568378 -0.03156594 -0.11489306]
103.20896649360657,1000,False,5,3,[ 6.0802734  -4.90219637  4.        ],cruising,[-0.82138112 -0.19970136 -0.21083176]
103.20896649360657,1001,False,6,2,[8.89600851 9.07064986 1.55148719],entering,[-0.48080528  0.59740651 -0.20557775]
103.20896649360657,1002,False,1,6,[5.44993038 1.62844792 1.29907319],waiting,[ 0.5677905  -0.59831228 -0.99408226]
103.20896649360657,1003,False,2,4,[-4.5953431   6.84840195  4.00135465],cruising,[ 0.63925976  0.24903542 -0.34837281]
103.20896649360657,1004,False,4,0,[-3.29952738 -0.84207611  4.00003307],cruising,[-0.62185191  0.08809385  0.93462812]
103.20896649360657,1005,False,1,5,[-5.93407474  3.56945004  4.        ],cruising,[ 0.50568378 -0.03156594 -0.11489306]
103.31252360343933,1000,False,5,3,[ 5.90246941 -4.88397862  4.        ],cruising,[-0.82138112 -0.19970136 -0.21083176]
103.31252360343933,1001,False,6,2,[8.89178022 9.05110193 1.62648719],entering,[-0.48080528  0.59740651 -0.20557775]
103.31252360343933,1002,False,1,6,[5.44993038 1.62844792 1.29907319],waiting,[ 0.5677905  -0.59831228 -0.99408226]
103.31252360343933,1003,False,2,4,[-4.40178812  6.89876532  4.00115145],cruising,[ 0.63925976  0.24903542 -0.34837281]
103.31252360343933,1004,False,4,0,[-3.34594121 -0.64753625  4.00002811],cruising,[-0.62185191  0.08809385  0.93462812]
103.31252360343933,1005,False,1,5,[-6.02885372  3.74556632  4.        ],cruising,[ 0.50568378 -0.03156594 -0.11489306]
103.40991234779358,1000,False,5,3,[ 5.72722911 -4.84592587  4.        ],cruising,[-0.82138112 -0.19970136 -0.21083176]
103.40991234779358,1001,False,6,2,[8.88332364 9.01200607 1.70148719],entering,[-0.48080528  0.59740651 -0.20557775]
103.40991234779358,1002,False,1,6,[5.44993038 1.62844792 1.29907319],waiting,[ 0.5677905  -0.59831228 -0.99408226]
103.40991234779358,1003,False,2,4,[-4.20846243  6.95000179  4.00097874],cruising,[ 0.63925976  0.24903542 -0.34837281]
103.40991234779358,1004,False,4,0,[-3.40376665 -0.45607811  4.00002389],cruising,[-0.62185191  0.08809385  0.93462812]
103.40991234779358,1005,False,1,5,[-6.11829518  3.92445239  4.        ],cruising,[ 0.50568378 -0.03156594 -0.11489306]
103.51114583015442,1000,False,5,3,[ 5.55488576 -4.78808403  4.        ],cruising,[-0.82138112 -0.19970136 -0.21083176]
103.51114583015442,1001,False,6,2,[8.87063877 8.95336228 1.77648719],entering,[-0.48080528  0.59740651 -0.20557775]
103.51114583015442,1002,False,1,6,[5.44993038 1.62844792 1.29907319],waiting,[ 0.5677905  -0.59831228 -0.99408226]
103.51114583015442,1003,False,2,4,[-4.0144467   6.99855998  4.00083193],cruising,[ 0.63925976  0.24903542 -0.34837281]
103.51114583015442,1004,False,4,0,[-3.47223049 -0.26816136  4.00002031],cruising,[-0.62185191  0.08809385  0.93462812]
103.51114583015442,1005,False,1,5,[-6.20128931  4.10641935  4.        ],cruising,[ 0.50568378 -0.03156594 -0.11489306]
103.61084079742432,1000,False,5,3,[ 5.38590821 -4.71052744  4.        ],cruising,[-0.82138112 -0.19970136 -0.21083176]
103.61084079742432,1001,False,6,2,[8.85372561 8.87517056 1.85148719],entering,[-0.48080528  0.59740651 -0.20557775]
103.61084079742432,1002,False,1,6,[5.44993038 1.62844792 1.29907319],queued,[ 0.5677905  -0.59831228 -0.99408226]
103.61084079742432,1003,False,2,4,[-3.82026764  7.04646085  4.00070714],cruising,[ 0.63925976  0.24903542 -0.34837281]
103.61084079742432,1004,False,4,0,[-3.5486635  -0.08334255  4.00001726],cruising,[-0.62185191  0.08809385  0.93462812]
103.61084079742432,1005,False,1,5,[-6.27217502  4.29343597  4.        ],cruising,[ 0.50568378 -0.03156594 -0.11489306]
103.71786665916443,1000,False,5,3,[ 5.21945398 -4.61313067  4.        ],cruising,[-0.82138112 -0.19970136 -0.21083176]
103.71786665916443,1001,False,6,2,[8.83258883 8.7774299  1.92648719],entering,[-0.48080528  0.59740651 -0.20557775]
103.71786665916443,1002,False,1,6,[5.44993038 1.62844792 1.31907319],queued,[ 0.5677905  -0.59831228 -0.99408226]
103.71786665916443,1003,False,2,4,[-3.62570689  7.09278701  4.00060107],cruising,[ 0.63925976  0.24903542 -0.34837281]
103.71786665916443,1004,False,4,0,[-3.6358295   0.09666325  4.00001467],cruising,[-0.62185191  0.08809385  0.93462812]
103.71786665916443,1005,False,1,5,[-6.33320642  4.48389638  4.        ],exiting,[ 0.50568378 -0.03156594 -0.11489306]
103.80981373786926,1000,False,5,3,[ 5.05254469 -4.50294315  4.        ],cruising,[-0.82138112 -0.19970136 -0.21083176]
103.80981373786926,1001,False,6,2,[8.80738677 8.66010677 2.00148719],entering,[-0.48080528  0.59740651 -0.20557775]
103.80981373786926,1002,False,1,6,[5.44993038 1.62844792 1.35907319],queued,[ 0.5677905  -0.59831228 -0.99408226]
103.80981373786926,1003,False,2,4,[-3.43006745  7.13432267  4.00051091],cruising,[ 0.63925976  0.24903542 -0.34837281]
103.80981373786926,1004,False,4,0,[-3.73064483  0.27275997  4.00001247],cruising,[-0.62185191  0.08809385  0.93462812]
103.80981373786926,1005,False,1,5,[-6.39391005  4.65435948  4.        ],exiting,[ 0.50568378 -0.03156594 -0.11489306]
103.9114978313446,1000,False,5,3,[ 4.88056479 -4.40085048  4.        ],cruising,[-0.82138112 -0.19970136 -0.21083176]
103.9114978313446,1001,False,6,2,[8.77836493 8.52315178 2.07648719],entering,[-0.48080528  0.59740651 -0.20557775]
103.9114978313446,1002,False,1,6,[5.44993038 1.62844792 1.41907319],queued,[ 0.5677905  -0.59831228 -0.99408226]
103.9114978313446,1003,False,2,4,[-3.2338721   7.1731477   4.00043427],cruising,[ 0.63925976  0.24903542 -0.34837281]
103.9114978313446,1004,False,4,0,[-3.8331822  0.4444751  4.0000106],cruising,[-0.62185191  0.08809385  0.93462812]
103.9114978313446,1005,False,1,5,[-6.45450729  4.80482286  4.        ],exiting,[ 0.50568378 -0.03156594 -0.11489306]
104.01537322998047,1000,False,5,3,[ 4.70570996 -4.30376399  4.        ],cruising,[-0.82138112 -0.19970136 -0.21083176]
104.01537322998047,1001,False,6,2,[8.74592712 8.36649068 2.15148719],entering,[-0.48080528  0.59740651 -0.20557775]
104.01537322998047,1002,False,1,6,[5.44993038 1.62844792 1.49407319],queued,[ 0.5677905  -0.59831228 -0.99408226]
104.01537322998047,1003,False,2,4,[-3.03701661  7.20847356  4.00036913],cruising,[ 0.63925976  0.24903542 -0.34837281]
104.01537322998047,1004,False,4,0,[-3.93970918  0.61374413  4.00000901],cruising,[-0.62185191  0.08809385  0.93462812]
104.01537322998047,1005,False,1,5,[-6.51530948  4.93528729  4.        ],exiting,[ 0.50568378 -0.03156594 -0.11489306]
104.114590883255,1000,False,5,3,[ 4.52779017 -4.21241548  4.        ],cruising,[-0.82138112 -0.19970136 -0.21083176]
104.114590883255,1001,False,6,2,[8.71041525 8.19006724 2.22648719],entering,[-0.48080528  0.59740651 -0.20557775]
104.114590883255,1002,False,1,6,[5.44993038 1.62844792 1.56907319],queued,[ 0.5677905  -0.59831228 -0.99408226]
104.114590883255,1003,False,2,4,[-2.83902235  7.23672733  4.00031376],cruising,[ 0.63925976  0.24903542 -0.34837281]
104.114590883255,1004,False,4,0,[-4.04933951  0.78101992  4.00000766],cruising,[-0.62185191  0.08809385  0.93462812]
104.114590883255,1005,False,1,5,[-6.57664786  5.04575891  4.        ],exiting,[ 0.50568378 -0.03156594 -0.11489306]
104.21178460121155,1000,False,5,3,[ 4.34826174 -4.12427048  4.        ],cruising,[-0.82138112 -0.19970136 -0.21083176]
104.21178460121155,1001,False,6,2,[8.67186678 7.99387566 2.30148719],entering,[-0.48080528  0.59740651 -0.20557775]
104.21178460121155,1002,False,1,6,[5.44993038 1.62844792 1.64407319],queued,[ 0.5677905  -0.59831228 -0.99408226]
104.21178460121155,1003,False,2,4,[-2.64040633  7.26021506  4.0002667 ],cruising,[ 0.63925976  0.24903542 -0.34837281]
104.21178460121155,1004,False,4,0,[-4.1613377   0.94671966  4.00000651],cruising,[-0.62185191  0.08809385  0.93462812]
104.21178460121155,1005,False,1,5,[-6.6388346   5.13624853  4.        ],exiting,[ 0.50568378 -0.03156594 -0.11489306]
104.31489515304565,1000,False,5,3,[ 4.16693283 -4.03989141  4.        ],cruising,[-0.82138112 -0.19970136 -0.21083176]
104.31489515304565,1001,False,6,2,[8.63330973 7.79762747 2.37648719],entering,[-0.48080528  0.59740651 -0.20557775]
104.31489515304565,1002,False,1,6,[5.44993038 1.62844792 1.71907319],queued,[ 0.5677905  -0.59831228 -0.99408226]
104.31489515304565,1003,False,2,4,[-2.44091989  7.27453855  4.00022669],cruising,[ 0.63925976  0.24903542 -0.34837281]
104.31489515304565,1004,False,4,0,[-4.27509071  1.11121967  4.00000553],cruising,[-0.62185191  0.08809385  0.93462812]
104.31489515304565,1005,False,1,5,[-6.70177289  5.21395806  4.        ],exiting,[ 0.50568378 -0.03156594 -0.11489306]
104.40957760810852,1000,False,5,3,[ 3.98469869 -3.9574856   4.        ],cruising,[-0.82138112 -0.19970136 -0.21083176]
104.40957760810852,1001,False,6,2,[8.59533658 7.60126546 2.45148719],entering,[-0.48080528  0.59740651 -0.20557775]
104.40957760810852,1002,False,1,6,[5.44993038 1.62844792 1.79407319],queued,[ 0.5677905  -0.59831228 -0.99408226]
104.40957760810852,1003,False,2,4,[-2.24095563  7.27831923  4.00019269],cruising,[ 0.63925976  0.24903542 -0.34837281]
104.40957760810852,1004,False,4,0,[-4.39008329  1.27485557  4.0000047 ],cruising,[-0.62185191  0.08809385  0.93462812]
104.40957760810852,1005,False,1,5,[-6.76471118  5.29166759  4.        ],exiting,[ 0.50568378 -0.03156594 -0.11489306]
104.51019096374512,1000,False,5,3,[ 3.80137951 -3.87752262  4.        ],cruising,[-0.82138112 -0.19970136 -0.21083176]
104.51019096374512,1001,False,6,2,[8.5599545  7.40442006 2.52648719],entering,[-0.48080528  0.59740651 -0.20557775]
104.51019096374512,1002,False,1,6,[5.44993038 1.62844792 1.86907319],queued,[ 0.5677905  -0.59831228 -0.99408226]
104.51019096374512,1003,False,2,4,[-2.04141724  7.26473864  4.00016378],cruising,[ 0.63925976  0.24903542 -0.34837281]
104.51019096374512,1004,False,4,0,[-4.50587699  1.43792555  4.000004  ],cruising,[-0.62185191  0.08809385  0.93462812]
104.51019096374512,1005,False,1,5,[-6.82764947  5.36937713  4.        ],exiting,[ 0.50568378 -0.03156594 -0.11489306]
104.61440515518188,1000,False,5,3,[ 3.61747966 -3.79890426  4.        ],cruising,[-0.82138112 -0.19970136 -0.21083176]
104.61440515518188,1001,False,6,2,[8.5257683  7.20736346 2.60148719],entering,[-0.48080528  0.59740651 -0.20557775]
104.61440515518188,1002,False,1,6,[5.44993038 1.62844792 1.94407319],queued,[ 0.5677905  -0.59831228 -0.99408226]
104.61440515518188,1003,False,2,4,[-1.84406149  7.23232402  4.00013922],cruising,[ 0.63925976  0.24903542 -0.34837281]
104.61440515518188,1004,False,4,0,[-4.62199153  1.60076724  4.0000034 ],cruising,[-0.62185191  0.08809385  0.93462812]
104.61440515518188,1005,False,1,5,[-6.89058776  5.44708666  4.        ],exiting,[ 0.50568378 -0.03156594 -0.11489306]
104.71130299568176,1000,False,5,3,[ 3.43287397 -3.72195791  4.        ],cruising,[-0.82138112 -0.19970136 -0.21083176]
104.71130299568176,1001,False,6,2,[8.4915821  7.01030686 2.67648719],entering,[-0.48080528  0.59740651 -0.20557775]
104.71130299568176,1002,False,1,6,[5.44993038 1.62844792 2.01907319],queued,[ 0.5677905  -0.59831228 -0.99408226]
104.71130299568176,1003,False,2,4,[-1.6488842   7.18866827  4.00011833],cruising,[ 0.63925976  0.24903542 -0.34837281]
104.71130299568176,1004,False,4,0,[-4.73835525  1.76343095  4.00000289],cruising,[-0.62185191  0.08809385  0.93462812]
104.71130299568176,1005,False,1,5,[-6.95352605  5.52479619  4.        ],exiting,[ 0.50568378 -0.03156594 -0.11489306]
104.81145286560059,1000,False,5,3,[ 3.24777832 -3.64619776  4.        ],cruising,[-0.82138112 -0.19970136 -0.21083176]
104.81145286560059,1001,False,6,2,[8.4588785  6.81299879 2.75148719],entering,[-0.48080528  0.59740651 -0.20557775]
104.81145286560059,1002,False,1,6,[5.44993038 1.62844792 2.09407319],queued,[ 0.5677905  -0.59831228 -0.99408226]
104.81145286560059,1003,False,2,4,[-1.4579567   7.12911419  4.00010058],cruising,[ 0.63925976  0.24903542 -0.34837281]
104.81145286560059,1004,False,4,0,[-4.85461999  1.92616543  4.00000246],cruising,[-0.62185191  0.08809385  0.93462812]
104.81145286560059,1005,False,1,5,[-7.01646434  5.60250573  4.        ],exiting,[ 0.50568378 -0.03156594 -0.11489306]
104.9171404838562,1000,False,5,3,[ 3.0621544  -3.57174134  4.        ],cruising,[-0.82138112 -0.19970136 -0.21083176]
104.9171404838562,1001,False,6,2,[8.42973145 6.61513407 2.82648719],entering,[-0.48080528  0.59740651 -0.20557775]
104.9171404838562,1002,False,1,6,[5.44993038 1.62844792 2.16907319],queued,[ 0.5677905  -0.59831228 -0.99408226]
104.9171404838562,1003,False,2,4,[-1.27158434  7.05655151  4.0000855 ],cruising,[ 0.63925976  0.24903542 -0.34837281]
104.9171404838562,1004,False,4,0,[-4.97046922  2.08919596  4.00000209],cruising,[-0.62185191  0.08809385  0.93462812]
104.9171404838562,1005,False,1,5,[-7.07940263  5.68021526  4.        ],exiting,[ 0.50568378 -0.03156594 -0.11489306]
105.01476240158081,1000,False,5,3,[ 2.87597947 -3.49867359  4.        ],cruising,[-0.82138112 -0.19970136 -0.21083176]
105.01476240158081,1001,False,6,2,[8.4005844  6.41726934 2.90148719],entering,[-0.48080528  0.59740651 -0.20557775]
105.01476240158081,1002,False,1,6,[5.44993038 1.62844792 2.24407319],queued,[ 0.5677905  -0.59831228 -0.99408226]
105.01476240158081,1003,False,2,4,[-1.08958829  6.97362118  4.00007267],cruising,[ 0.63925976  0.24903542 -0.34837281]
105.01476240158081,1004,False,4,0,[-5.08560481  2.25273127  4.00000177],cruising,[-0.62185191  0.08809385  0.93462812]
105.01476240158081,1005,False,1,5,[-7.14234092  5.75792479  4.        ],exiting,[ 0.50568378 -0.03156594 -0.11489306]
105.1108992099762,1000,False,5,3,[ 2.68914391 -3.42731203  4.        ],cruising,[-0.82138112 -0.19970136 -0.21083176]
105.1108992099762,1001,False,6,2,[8.37395238 6.21905044 2.97648719],entering,[-0.48080528  0.59740651 -0.20557775]
105.1108992099762,1002,False,1,6,[5.44993038 1.62844792 2.31907319],queued,[ 0.5677905  -0.59831228 -0.99408226]
105.1108992099762,1003,False,2,4,[-0.91148076  6.88263928  4.00006177],cruising,[ 0.63925976  0.24903542 -0.34837281]
105.1108992099762,1004,False,4,0,[-5.20027496  2.41659328  4.00000151],cruising,[-0.62185191  0.08809385  0.93462812]
105.1108992099762,1005,False,1,5,[-7.20527921  5.83563433  4.        ],exiting,[ 0.50568378 -0.03156594 -0.11489306]
105.2181465625763,1000,False,5,3,[ 2.50180562 -3.35728086  4.        ],cruising,[-0.82138112 -0.19970136 -0.21083176]
105.2181465625763,1001,False,6,2,[8.35045797 6.0204352  3.05148719],entering,[-0.48080528  0.59740651 -0.20557775]
105.2181465625763,1002,False,1,6,[5.44993038 1.62844792 2.39407319],queued,[ 0.5677905  -0.59831228 -0.99408226]
105.2181465625763,1003,False,2,4,[-0.73548099  6.7876441   4.00005251],cruising,[ 0.63925976  0.24903542 -0.34837281]
105.2181465625763,1004,False,4,0,[-5.31366967  2.58134047  4.00000128],cruising,[-0.62185191  0.08809385  0.93462812]
105.2181465625763,1005,False,1,5,[-7.2682175   5.91334386  4.        ],exiting,[ 0.50568378 -0.03156594 -0.11489306]
105.3127498626709,1000,False,5,3,[ 2.31359376 -3.28963253  4.        ],cruising,[-0.82138112 -0.19970136 -0.21083176]
105.3127498626709,1001,False,6,2,[8.32818087 5.82167974 3.12648719],entering,[-0.48080528  0.59740651 -0.20557775]
105.3127498626709,1002,False,1,6,[5.44993038 1.62844792 2.46907319],queued,[ 0.5677905  -0.59831228 -0.99408226]
105.3127498626709,1003,False,2,4,[-0.56248776  6.68727806  4.00004463],cruising,[ 0.63925976  0.24903542 -0.34837281]
105.3127498626709,1004,False,4,0,[-5.42547536  2.74717017  4.00000109],cruising,[-0.62185191  0.08809385  0.93462812]
105.3127498626709,1005,False,1,5,[-7.33115579  5.9910534   4.        ],exiting,[ 0.50568378 -0.03156594 -0.11489306]
105.4098641872406,1000,False,5,3,[ 2.12435734 -3.22490559  4.        ],cruising,[-0.82138112 -0.19970136 -0.21083176]
105.4098641872406,1001,False,6,2,[8.31078805 5.62243745 3.20148719],entering,[-0.48080528  0.59740651 -0.20557775]
105.4098641872406,1002,False,1,6,[5.44993038 1.62844792 2.54407319],queued,[ 0.5677905  -0.59831228 -0.99408226]
105.4098641872406,1003,False,2,4,[-0.3916828   6.5832316   4.00003794],cruising,[ 0.63925976  0.24903542 -0.34837281]
105.4098641872406,1004,False,4,0,[-5.5353528   2.91428375  4.00000093],cruising,[-0.62185191  0.08809385  0.93462812]
105.4098641872406,1005,False,1,5,[-7.39409408  6.06876293  4.        ],exiting,[ 0.50568378 -0.03156594 -0.11489306]
105.51612138748169,1000,False,5,3,[ 1.93447856 -3.162088    4.        ],cruising,[-0.82138112 -0.19970136 -0.21083176]
105.51612138748169,1001,False,6,2,[8.29609845 5.42297764 3.27648719],entering,[-0.48080528  0.59740651 -0.20557775]
105.51612138748169,1002,False,1,6,[5.44993038 1.62844792 2.61907319],entering,[ 0.5677905  -0.59831228 -0.99408226]
105.51612138748169,1003,False,2,4,[-0.2217744   6.47772741  4.00003225],cruising,[ 0.63925976  0.24903542 -0.34837281]
105.51612138748169,1004,False,4,0,[-5.64292225  3.08289221  4.00000079],cruising,[-0.62185191  0.08809385  0.93462812]
105.51612138748169,1005,False,1,5,[-7.45703237  6.14647246  4.        ],exiting,[ 0.50568378 -0.03156594 -0.11489306]
105.60997200012207,1000,False,5,3,[ 1.74321314 -3.10362828  4.        ],cruising,[-0.82138112 -0.19970136 -0.21083176]
105.60997200012207,1001,False,6,2,[8.28498663 5.22328656 3.35148719],entering,[-0.48080528  0.59740651 -0.20557775]
105.60997200012207,1002,False,1,6,[5.46962499 1.6249662  2.69407319],entering,[ 0.5677905  -0.59831228 -0.99408226]
105.60997200012207,1003,False,2,4,[-0.0529116   6.37055766  4.00002741],cruising,[ 0.63925976  0.24903542 -0.34837281]
105.60997200012207,1004,False,4,0,[-5.74774571  3.25322143  4.00000067],cruising,[-0.62185191  0.08809385  0.93462812]
105.60997200012207,1005,False,1,5,[-7.51997066  6.224182    4.        ],exiting,[ 0.50568378 -0.03156594 -0.11489306]
105.71237993240356,1000,False,5,3,[ 1.55037409 -3.0505896   4.        ],cruising,[-0.82138112 -0.19970136 -0.21083176]
105.71237993240356,1001,False,6,2,[8.28001543 5.02334836 3.42648719],entering,[-0.48080528  0.59740651 -0.20557775]
105.71237993240356,1002,False,1,6,[5.50900857 1.61797103 2.76907319],entering,[ 0.5677905  -0.59831228 -0.99408226]
105.71237993240356,1003,False,2,4,[0.11577528 6.26311123 4.0000233 ],cruising,[ 0.63925976  0.24903542 -0.34837281]
105.71237993240356,1004,False,4,0,[-5.84930515  3.42551675  4.00000057],cruising,[-0.62185191  0.08809385  0.93462812]
105.71237993240356,1005,False,1,5,[-7.58290895  6.30189153  4.        ],exiting,[ 0.50568378 -0.03156594 -0.11489306]
105.81911087036133,1000,False,5,3,[ 1.35577676 -3.00441734  4.        ],cruising,[-0.82138112 -0.19970136 -0.21083176]
105.81911087036133,1001,False,6,2,[8.28055426 4.82334908 3.50148719],entering,[-0.48080528  0.59740651 -0.20557775]
105.81911087036133,1002,False,1,6,[5.56806844 1.60739205 2.84407319],entering,[ 0.5677905  -0.59831228 -0.99408226]
105.81911087036133,1003,False,2,4,[0.28454872 6.1558008  4.0000198 ],cruising,[ 0.63925976  0.24903542 -0.34837281]
105.81911087036133,1004,False,4,0,[-5.94697451  3.60004668  4.00000048],cruising,[-0.62185191  0.08809385  0.93462812]
105.81911087036133,1005,False,1,5,[-7.64584724  6.37960106  4.        ],exiting,[ 0.50568378 -0.03156594 -0.11489306]
105.91110277175903,1000,False,5,3,[ 1.15928564 -2.96711799  4.        ],cruising,[-0.82138112 -0.19970136 -0.21083176]
105.91110277175903,1001,False,6,2,[8.28521704 4.62340344 3.57626411],entering,[-0.48080528  0.59740651 -0.20557775]
105.91110277175903,1002,False,1,6,[5.64677963 1.59309481 2.91907319],entering,[ 0.5677905  -0.59831228 -0.99408226]
105.91110277175903,1003,False,2,4,[0.4538264  6.04928758 4.00001683],cruising,[ 0.63925976  0.24903542 -0.34837281]
105.91110277175903,1004,False,4,0,[-6.03998312  3.7771043   4.00000041],cruising,[-0.62185191  0.08809385  0.93462812]
105.91110277175903,1005,False,1,5,[-7.70878553  6.4573106   4.        ],exiting,[ 0.50568378 -0.03156594 -0.11489306]
106.01048874855042,1000,False,5,3,[ 0.96019464 -2.94807135  4.        ],cruising,[-0.82138112 -0.19970136 -0.21083176]
106.01048874855042,1001,False,6,2,[8.29457444 4.42362246 3.6398245 ],entering,[-0.48080528  0.59740651 -0.20557775]
106.01048874855042,1002,False,1,6,[5.74502015 1.57448414 2.99407319],entering,[ 0.5677905  -0.59831228 -0.99408226]
106.01048874855042,1003,False,2,4,[0.62387013 5.94400164 4.00001431],cruising,[ 0.63925976  0.24903542 -0.34837281]
106.01048874855042,1004,False,4,0,[-6.1273671   3.95700438  4.00000035],cruising,[-0.62185191  0.08809385  0.93462812]
106.01048874855042,1005,False,1,5,[-7.77172382  6.53502013  4.        ],exiting,[ 0.50568378 -0.03156594 -0.11489306]
106.11924862861633,1000,False,5,3,[ 0.7602892  -2.94192209  4.        ],cruising,[-0.82138112 -0.19970136 -0.21083176]
106.11924862861633,1001,False,6,2,[8.30683355 4.22399853 3.69385082],entering,[-0.48080528  0.59740651 -0.20557775]
106.11924862861633,1002,False,1,6,[5.86262687 1.55087847 3.06907319],entering,[ 0.5677905  -0.59831228 -0.99408226]
106.11924862861633,1003,False,2,4,[0.79544425 5.84122849 4.00001216],cruising,[ 0.63925976  0.24903542 -0.34837281]
106.11924862861633,1004,False,4,0,[-6.2079043   4.14007202  4.0000003 ],cruising,[-0.62185191  0.08809385  0.93462812]
106.11924862861633,1005,False,1,5,[-7.83466212  6.61272966  4.        ],exiting,[ 0.50568378 -0.03156594 -0.11489306]
106.22239637374878,1000,False,5,3,[ 0.56050594 -2.95123073  4.        ],cruising,[-0.82138112 -0.19970136 -0.21083176]
106.22239637374878,1001,False,6,2,[8.31645088 4.0242299  3.7397732 ],entering,[-0.48080528  0.59740651 -0.20557775]
106.22239637374878,1002,False,1,6,[5.99941255 1.52160115 3.14407319],entering,[ 0.5677905  -0.59831228 -0.99408226]
106.22239637374878,1003,False,2,4,[0.96836179 5.7407321  4.00001034],cruising,[ 0.63925976  0.24903542 -0.34837281]
106.22239637374878,1004,False,4,0,[-6.2800277   4.32661481  4.00000025],cruising,[-0.62185191  0.08809385  0.93462812]
106.22239637374878,1005,False,1,5,[-7.89760041  6.6904392   4.        ],exiting,[ 0.50568378 -0.03156594 -0.11489306]
106.31337475776672,1000,False,5,3,[ 0.36197702 -2.97544368  4.        ],cruising,[-0.82138112 -0.19970136 -0.21083176]
106.31337475776672,1001,False,6,2,[8.33129897 3.82478182 3.77880722],cruising,[-0.48080528  0.59740651 -0.20557775]
106.31337475776672,1002,False,1,6,[6.15469823 1.4847245  3.21907319],entering,[ 0.5677905  -0.59831228 -0.99408226]
106.31337475776672,1003,False,2,4,[1.14363944 5.64441104 4.00000879],cruising,[ 0.63925976  0.24903542 -0.34837281]
106.31337475776672,1004,False,4,0,[-6.33614321  4.51858109  4.00000021],cruising,[-0.62185191  0.08809385  0.93462812]
106.31337475776672,1005,False,1,5,[-7.9605387   6.76814873  4.        ],exiting,[ 0.50568378 -0.03156594 -0.11489306]
106.40893936157227,1000,False,5,3,[ 0.1656896  -3.01380053  4.        ],cruising,[-0.82138112 -0.19970136 -0.21083176]
106.40893936157227,1001,False,6,2,[8.34033716 3.62498615 3.81198614],cruising,[-0.48080528  0.59740651 -0.20557775]
106.40893936157227,1002,False,1,6,[6.32756224 1.43830832 3.29407319],entering,[ 0.5677905  -0.59831228 -0.99408226]
106.40893936157227,1003,False,2,4,[1.32071114 5.55142926 4.00000747],cruising,[ 0.63925976  0.24903542 -0.34837281]
106.40893936157227,1004,False,4,0,[-6.37885582  4.71396694  4.00000018],cruising,[-0.62185191  0.08809385  0.93462812]
106.40893936157227,1005,False,1,5,[-8.02347699  6.84585827  4.        ],exiting,[ 0.50568378 -0.03156594 -0.11489306]
106.51019382476807,1000,False,5,3,[-0.02757303 -3.06527437  4.        ],exiting,[-0.82138112 -0.19970136 -0.21083176]
106.51019382476807,1001,False,6,2,[8.34774373 3.42512334 3.84018822],cruising,[-0.48080528  0.59740651 -0.20557775]
106.51019382476807,1002,False,1,6,[6.51390986 1.37712083 3.36907319],entering,[ 0.5677905  -0.59831228 -0.99408226]
106.51019382476807,1003,False,2,4,[1.49979258 5.46237961 4.00000635],cruising,[ 0.63925976  0.24903542 -0.34837281]
106.51019382476807,1004,False,4,0,[-6.40178758  4.91230537  4.00000015],cruising,[-0.62185191  0.08809385  0.93462812]
106.51019382476807,1005,False,1,5,[-8.08641528  6.9235678   4.        ],exiting,[ 0.50568378 -0.03156594 -0.11489306]
106.6189911365509,1000,False,5,3,[-0.201464   -3.12172204  4.        ],exiting,[-0.82138112 -0.19970136 -0.21083176]
106.6189911365509,1001,False,6,2,[8.3612348  3.22557888 3.86415998],cruising,[-0.48080528  0.59740651 -0.20557775]
106.6189911365509,1002,False,1,6,[6.70089506 1.30615226 3.44407319],entering,[ 0.5677905  -0.59831228 -0.99408226]
106.6189911365509,1003,False,2,4,[1.68210011 5.38013629 4.0000054 ],cruising,[ 0.63925976  0.24903542 -0.34837281]
106.6189911365509,1004,False,4,0,[-6.40472211  5.11097664  4.00000013],cruising,[-0.62185191  0.08809385  0.93462812]
106.6189911365509,1005,False,1,5,[-8.14935357  7.00127733  4.        ],exiting,[ 0.50568378 -0.03156594 -0.11489306]
106.71361804008484,1000,False,5,3,[-0.35596663 -3.18307807  4.        ],exiting,[-0.82138112 -0.19970136 -0.21083176]
106.71361804008484,1001,False,6,2,[8.37334945 3.02594613 3.88453599],cruising,[-0.48080528  0.59740651 -0.20557775]
106.71361804008484,1002,False,1,6,[6.88389528 1.225462   3.51907319],entering,[ 0.5677905  -0.59831228 -0.99408226]
106.71361804008484,1003,False,2,4,[1.86660119 5.30293944 4.00000459],cruising,[ 0.63925976  0.24903542 -0.34837281]
106.71361804008484,1004,False,4,0,[-6.38779722  5.30728068  4.0000001 ],cruising,[-0.62185191  0.08809385  0.93462812]
106.71361804008484,1005,False,1,5,[-8.21229186  7.07898687  4.        ],exiting,[ 0.50568378 -0.03156594 -0.11489306]
106.81485366821289,1000,False,5,3,[-0.49106095 -3.24926296  4.        ],exiting,[-0.82138112 -0.19970136 -0.21083176]
106.81485366821289,1001,False,6,2,[8.38485655 2.82627744 3.90185559],cruising,[-0.48080528  0.59740651 -0.20557775]
106.81485366821289,1002,False,1,6,[7.06191753 1.13431333 3.59121221],entering,[ 0.5677905  -0.59831228 -0.99408226]
106.81485366821289,1003,False,2,4,[2.05340339 5.23149061 4.0000039 ],cruising,[ 0.63925976  0.24903542 -0.34837281]
106.81485366821289,1004,False,4,0,[-6.35147145  5.49872619  4.00000008],cruising,[-0.62185191  0.08809385  0.93462812]
106.81485366821289,1005,False,1,5,[-8.27523015  7.1566964   4.        ],exiting,[ 0.50568378 -0.03156594 -0.11489306]
106.91393971443176,1000,False,5,3,[-0.6067228  -3.32017848  4.        ],exiting,[-0.82138112 -0.19970136 -0.21083176]
106.91393971443176,1001,False,6,2,[8.39987416 2.62684206 3.91657725],cruising,[-0.48080528  0.59740651 -0.20557775]
106.91393971443176,1002,False,1,6,[7.23373159 1.03194182 3.65253038],entering,[ 0.5677905  -0.59831228 -0.99408226]
106.91393971443176,1003,False,2,4,[2.24254713 5.16649333 4.00000331],cruising,[ 0.63925976  0.24903542 -0.34837281]
106.91393971443176,1004,False,4,0,[-6.29648638  5.68297234  4.00000006],cruising,[-0.62185191  0.08809385  0.93462812]
106.91393971443176,1005,False,1,5,[-8.33816844  7.23440593  4.        ],exiting,[ 0.50568378 -0.03156594 -0.11489306]
107.01966977119446,1000,False,5,3,[-0.70292153 -3.39569695  4.        ],exiting,[-0.82138112 -0.19970136 -0.21083176]
107.01966977119446,1001,False,6,2,[8.41314314 2.42728271 3.92909066],cruising,[-0.48080528  0.59740651 -0.20557775]
107.01966977119446,1002,False,1,6,[7.39909387 0.91944596 3.70465082],entering,[ 0.5677905  -0.59831228 -0.99408226]
107.01966977119446,1003,False,2,4,[2.43628681 5.11684519 4.00000282],cruising,[ 0.63925976  0.24903542 -0.34837281]
107.01966977119446,1004,False,4,0,[-6.22375124  5.85800246  4.00000004],cruising,[-0.62185191  0.08809385  0.93462812]
107.01966977119446,1005,False,1,5,[-8.40110673  7.31211547  4.        ],landing,[ 0.50568378 -0.03156594 -0.11489306]
107.11037540435791,1000,False,5,3,[-0.77961318 -3.47562833  4.        ],exiting,[-0.82138112 -0.19970136 -0.21083176]
107.11037540435791,1001,False,6,2,[8.42812583 2.2278447  3.93972706],cruising,[-0.48080528  0.59740651 -0.20557775]
107.11037540435791,1002,False,1,6,[7.55501717 0.79419452 3.7489532 ],entering,[ 0.5677905  -0.59831228 -0.99408226]
107.11037540435791,1003,False,2,4,[2.63202147 5.07576061 4.00000239],cruising,[ 0.63925976  0.24903542 -0.34837281]
107.11037540435791,1004,False,4,0,[-6.13448359  6.02177754  4.00000003],cruising,[-0.62185191  0.08809385  0.93462812]
107.11037540435791,1005,False,1,5,[-8.45297191  7.38137862  3.98564574],landing,[ 0.50568378 -0.03156594 -0.11489306]
107.21785712242126,1000,False,5,3,[-0.83676835 -3.55984057  4.        ],exiting,[-0.82138112 -0.19970136 -0.21083176]
107.21785712242126,1001,False,6,2,[8.44062105 2.02823541 3.948768  ],cruising,[-0.48080528  0.59740651 -0.20557775]
107.21785712242126,1002,False,1,6,[7.69952644 0.65593002 3.78661022],entering,[ 0.5677905  -0.59831228 -0.99408226]
107.21785712242126,1003,False,2,4,[2.82913342 5.04189504 4.00000204],cruising,[ 0.63925976  0.24903542 -0.34837281]
107.21785712242126,1004,False,4,0,[-6.0296893   6.17294614  4.00000001],cruising,[-0.62185191  0.08809385  0.93462812]
107.21785712242126,1005,False,1,5,[-8.49368174  7.44203584  3.95709654],landing,[ 0.50568378 -0.03156594 -0.11489306]
107.31359505653381,1000,False,5,3,[-0.87435731 -3.64819572  4.        ],exiting,[-0.82138112 -0.19970136 -0.21083176]
107.31359505653381,1001,False,6,2,[8.45364801 1.82866011 3.9564528 ],cruising,[-0.48080528  0.59740651 -0.20557775]
107.31359505653381,1002,False,1,6,[7.83063189 0.50489572 3.81861869],entering,[ 0.5677905  -0.59831228 -0.99408226]
107.31359505653381,1003,False,2,4,[3.02717733 5.01399143 4.00000173],cruising,[ 0.63925976  0.24903542 -0.34837281]
107.31359505653381,1004,False,4,0,[-5.9102846   6.31045692  4.        ],cruising,[-0.62185191  0.08809385  0.93462812]
107.31359505653381,1005,False,1,5,[-8.52313955  7.49389712  3.91454651],landing,[ 0.50568378 -0.03156594 -0.11489306]
107.41858983039856,1000,False,5,3,[-0.89235037 -3.74055096  4.        ],exiting,[-0.82138112 -0.19970136 -0.21083176]
107.41858983039856,1001,False,6,2,[8.463817   1.6289188  3.96298488],cruising,[-0.48080528  0.59740651 -0.20557775]
107.41858983039856,1002,False,1,6,[7.94661379 0.34195954 3.84582588],entering,[ 0.5677905  -0.59831228 -0.99408226]
107.41858983039856,1003,False,2,4,[3.22584021 4.99090338 4.00000147],cruising,[ 0.63925976  0.24903542 -0.34837281]
107.41858983039856,1004,False,4,0,[-5.77715569  6.43341964  3.99999999],cruising,[-0.62185191  0.08809385  0.93462812]
107.41858983039856,1005,False,1,5,[-8.5412116  7.5366948  3.8582773],landing,[ 0.50568378 -0.03156594 -0.11489306]
107.51476883888245,1000,False,5,3,[-0.89071818 -3.83675966  4.        ],exiting,[-0.82138112 -0.19970136 -0.21083176]
107.51476883888245,1001,False,6,2,[8.47377491 1.42916686 3.96853715],cruising,[-0.48080528  0.59740651 -0.20557775]
107.51476883888245,1002,False,1,6,[8.04634686 0.16860062 3.868952  ],cruising,[ 0.5677905  -0.59831228 -0.99408226]
107.51476883888245,1003,False,2,4,[3.42490649 4.97160011 4.00000125],cruising,[ 0.63925976  0.24903542 -0.34837281]
107.51476883888245,1004,False,4,0,[-5.63112575  6.54109958  3.99999999],cruising,[-0.62185191  0.08809385  0.93462812]
107.51476883888245,1005,False,1,5,[-8.54779989  7.57022885  3.78850593],landing,[ 0.50568378 -0.03156594 -0.11489306]
107.60932850837708,1000,False,5,3,[-0.87530793 -3.93556515  4.        ],exiting,[-0.82138112 -0.19970136 -0.21083176]
107.60932850837708,1001,False,6,2,[8.48300811 1.2293801  3.97325658],cruising,[-0.48080528  0.59740651 -0.20557775]
107.60932850837708,1002,False,1,6,[ 8.12849995 -0.01369901  3.88876031],cruising,[ 0.5677905  -0.59831228 -0.99408226]
107.60932850837708,1003,False,2,4,[3.62422968 4.95516033 4.00000106],cruising,[ 0.63925976  0.24903542 -0.34837281]
107.60932850837708,1004,False,4,0,[-5.47292126  6.63291193  3.99999998],cruising,[-0.62185191  0.08809385  0.93462812]
107.60932850837708,1005,False,1,5,[-8.54280746  7.59429794  3.70545671],landing,[ 0.50568378 -0.03156594 -0.11489306]
107.71908402442932,1000,False,5,3,[-0.85989768 -4.03437064  4.        ],exiting,[-0.82138112 -0.19970136 -0.21083176]
107.71908402442932,1001,False,6,2,[8.48880462 1.02946412 3.97726809],cruising,[-0.48080528  0.59740651 -0.20557775]
107.71908402442932,1002,False,1,6,[ 8.19392969 -0.20269358  3.90544626],cruising,[ 0.5677905  -0.59831228 -0.99408226]
107.71908402442932,1003,False,2,4,[3.8237106  4.94076025 4.0000009 ],cruising,[ 0.63925976  0.24903542 -0.34837281]
107.71908402442932,1004,False,4,0,[-5.30312814  6.70842386  3.99999998],cruising,[-0.62185191  0.08809385  0.93462812]
107.71908402442932,1005,False,1,5,[-8.52613805  7.6086983   3.60936281],landing,[ 0.50568378 -0.03156594 -0.11489306]
107.82068109512329,1000,False,5,3,[-0.84448743 -4.13317612  4.        ],exiting,[-0.82138112 -0.19970136 -0.21083176]
107.82068109512329,1001,False,6,2,[8.49363881 0.82952255 3.98067788],cruising,[-0.48080528  0.59740651 -0.20557775]
107.82068109512329,1002,False,1,6,[ 8.24480464 -0.39611473  3.91962932],cruising,[ 0.5677905  -0.59831228 -0.99408226]
107.82068109512329,1003,False,2,4,[4.023281   4.92765852 4.00000077],cruising,[ 0.63925976  0.24903542 -0.34837281]
107.82068109512329,1004,False,4,0,[-5.12215256  6.7673541   3.99999998],cruising,[-0.62185191  0.08809385  0.93462812]
107.82068109512329,1005,False,1,5,[-8.50820304  7.62203701  3.51189274],landing,[ 0.50568378 -0.03156594 -0.11489306]
107.91514134407043,1000,False,5,3,[-0.82907719 -4.23198161  4.        ],exiting,[-0.82138112 -0.19970136 -0.21083176]
107.91514134407043,1001,False,6,2,[8.49720107 0.62955427 3.9835762 ],cruising,[-0.48080528  0.59740651 -0.20557775]
107.91514134407043,1002,False,1,6,[ 8.28268346 -0.59249496  3.93168492],cruising,[ 0.5677905  -0.59831228 -0.99408226]
107.91514134407043,1003,False,2,4,[4.22286628 4.91478545 4.00000065],cruising,[ 0.63925976  0.24903542 -0.34837281]
107.91514134407043,1004,False,4,0,[-4.93046867  6.80939255  3.99999998],cruising,[-0.62185191  0.08809385  0.93462812]
107.91514134407043,1005,False,1,5,[-8.49026802  7.63537571  3.41442267],landing,[ 0.50568378 -0.03156594 -0.11489306]
108.00927066802979,1000,False,5,3,[-0.81366694 -4.3307871   4.        ],exiting,[-0.82138112 -0.19970136 -0.21083176]
108.00927066802979,1001,False,6,2,[8.49716343 0.42955428 3.98603977],cruising,[-0.48080528  0.59740651 -0.20557775]
108.00927066802979,1002,False,1,6,[ 8.30920464 -0.79072873  3.94193218],cruising,[ 0.5677905  -0.59831228 -0.99408226]
108.00927066802979,1003,False,2,4,[4.42247741 4.90231952 4.00000055],cruising,[ 0.63925976  0.24903542 -0.34837281]
108.00927066802979,1004,False,4,0,[-4.73398148  6.84671254  3.99999998],cruising,[-0.62185191  0.08809385  0.93462812]
108.00927066802979,1005,False,1,5,[-8.47233301  7.64871442  3.3169526 ],landing,[ 0.50568378 -0.03156594 -0.11489306]
108.11863803863525,1000,False,5,3,[-0.79825669 -4.42959259  4.        ],exiting,[-0.82138112 -0.19970136 -0.21083176]
108.11863803863525,1001,False,6,2,[8.49581126 0.22955885 3.9881338 ],cruising,[-0.48080528  0.59740651 -0.20557775]
108.11863803863525,1002,False,1,6,[ 8.32379743 -0.99019564  3.95064236],cruising,[ 0.5677905  -0.59831228 -0.99408226]
108.11863803863525,1003,False,2,4,[4.6220703  4.88956504 4.00000047],cruising,[ 0.63925976  0.24903542 -0.34837281]
108.11863803863525,1004,False,4,0,[-4.53843441  6.88868093  3.99999999],cruising,[-0.62185191  0.08809385  0.93462812]
108.11863803863525,1005,False,1,5,[-8.45439799  7.66205313  3.21948253],landing,[ 0.50568378 -0.03156594 -0.11489306]
108.20925784111023,1000,False,5,3,[-0.78284645 -4.52839807  4.        ],exiting,[-0.82138112 -0.19970136 -0.21083176]
108.20925784111023,1001,False,6,2,[8.49292261 0.02957971 3.98991373],cruising,[-0.48080528  0.59740651 -0.20557775]
108.20925784111023,1002,False,1,6,[ 8.33022057 -1.19009247  3.958046  ],cruising,[ 0.5677905  -0.59831228 -0.99408226]
108.20925784111023,1003,False,2,4,[4.82160104 4.87587253 4.0000004 ],cruising,[ 0.63925976  0.24903542 -0.34837281]
108.20925784111023,1004,False,4,0,[-4.34356789  6.93370359  3.99999999],cruising,[-0.62185191  0.08809385  0.93462812]
108.20925784111023,1005,False,1,5,[-8.43646298  7.67539183  3.12201247],landing,[ 0.50568378 -0.03156594 -0.11489306]
108.31101942062378,1000,False,5,3,[-0.7674362  -4.62720356  4.        ],exiting,[-0.82138112 -0.19970136 -0.21083176]
108.31101942062378,1001,False,6,2,[ 8.48832164 -0.17036736  3.99142667],cruising,[-0.48080528  0.59740651 -0.20557775]
108.31101942062378,1002,False,1,6,[ 8.32953248 -1.39009129  3.9643391 ],cruising,[ 0.5677905  -0.59831228 -0.99408226]
108.31101942062378,1003,False,2,4,[5.02101844 4.86061804 4.00000034],cruising,[ 0.63925976  0.24903542 -0.34837281]
108.31101942062378,1004,False,4,0,[-4.1490833   6.98034843  3.99999999],cruising,[-0.62185191  0.08809385  0.93462812]
108.31101942062378,1005,False,1,5,[-8.41852797  7.68873054  3.0245424 ],landing,[ 0.50568378 -0.03156594 -0.11489306]
108.41371703147888,1000,False,5,3,[-0.75202595 -4.72600905  4.        ],exiting,[-0.82138112 -0.19970136 -0.21083176]
108.41371703147888,1001,False,6,2,[ 8.47982018 -0.37018659  3.99271267],cruising,[-0.48080528  0.59740651 -0.20557775]
108.41371703147888,1002,False,1,6,[ 8.32031756 -1.58987889  3.96968824],cruising,[ 0.5677905  -0.59831228 -0.99408226]
108.41371703147888,1003,False,2,4,[5.2203474  4.84424837 4.00000029],cruising,[ 0.63925976  0.24903542 -0.34837281]
108.41371703147888,1004,False,4,0,[-3.9546907   7.02737523  3.99999999],cruising,[-0.62185191  0.08809385  0.93462812]
108.41371703147888,1005,False,1,5,[-8.40059295  7.70206925  2.92707233],landing,[ 0.50568378 -0.03156594 -0.11489306]
108.51104521751404,1000,False,5,3,[-0.73661571 -4.82481453  4.        ],exiting,[-0.82138112 -0.19970136 -0.21083176]
108.51104521751404,1001,False,6,2,[ 8.46968218 -0.56992948  3.99380577],cruising,[-0.48080528  0.59740651 -0.20557775]
108.51104521751404,1002,False,1,6,[ 8.30579135 -1.78935067  3.974235  ],cruising,[ 0.5677905  -0.59831228 -0.99408226]
108.51104521751404,1003,False,2,4,[5.41943471 4.82516319 4.00000025],cruising,[ 0.63925976  0.24903542 -0.34837281]
108.51104521751404,1004,False,4,0,[-3.7595735   7.07129875  3.99999999],cruising,[-0.62185191  0.08809385  0.93462812]
108.51104521751404,1005,False,1,5,[-8.38265794  7.71540796  2.82960226],landing,[ 0.50568378 -0.03156594 -0.11489306]
108.61443614959717,1000,False,5,3,[-0.72120546 -4.92362002  4.        ],exiting,[-0.82138112 -0.19970136 -0.21083176]
108.61443614959717,1001,False,6,2,[ 8.45772778 -0.76957189  3.9947349 ],cruising,[-0.48080528  0.59740651 -0.20557775]
108.61443614959717,1002,False,1,6,[ 8.28637361 -1.98840581  3.97809975],cruising,[ 0.5677905  -0.59831228 -0.99408226]
108.61443614959717,1003,False,2,4,[5.61816822 4.80269121 4.00000021],cruising,[ 0.63925976  0.24903542 -0.34837281]
108.61443614959717,1004,False,4,0,[-3.56420249  7.11407923  3.99999999],cruising,[-0.62185191  0.08809385  0.93462812]
108.61443614959717,1005,False,1,5,[-8.36472292  7.72874666  2.73213219],landing,[ 0.50568378 -0.03156594 -0.11489306]
108.70955681800842,1000,False,5,3,[-0.70579521 -5.02242551  4.        ],exiting,[-0.82138112 -0.19970136 -0.21083176]
108.70955681800842,1001,False,6,2,[ 8.44380274 -0.96908653  3.99552467],cruising,[-0.48080528  0.59740651 -0.20557775]
108.70955681800842,1002,False,1,6,[ 8.25975516 -2.18662654  3.98138479],cruising,[ 0.5677905  -0.59831228 -0.99408226]
108.70955681800842,1003,False,2,4,[5.81639566 4.77612273 4.00000018],cruising,[ 0.63925976  0.24903542 -0.34837281]
108.70955681800842,1004,False,4,0,[-3.36839209  7.1548013   3.99999999],cruising,[-0.62185191  0.08809385  0.93462812]
108.70955681800842,1005,False,1,5,[-8.34678791  7.74208537  2.63466213],landing,[ 0.50568378 -0.03156594 -0.11489306]
108.81275701522827,1000,False,5,3,[-0.69038497 -5.121231    4.        ],exiting,[-0.82138112 -0.19970136 -0.21083176]
108.81275701522827,1001,False,6,2,[ 8.42559553 -1.16825605  3.99619597],cruising,[-0.48080528  0.59740651 -0.20557775]
108.81275701522827,1002,False,1,6,[ 8.2290067  -2.38424874  3.98417707],cruising,[ 0.5677905  -0.59831228 -0.99408226]
108.81275701522827,1003,False,2,4,[6.01391019 4.74469012 4.00000015],cruising,[ 0.63925976  0.24903542 -0.34837281]
108.81275701522827,1004,False,4,0,[-3.17153161  7.19009933  4.        ],cruising,[-0.62185191  0.08809385  0.93462812]
108.81275701522827,1005,False,1,5,[-8.3288529   7.75542408  2.53719206],landing,[ 0.50568378 -0.03156594 -0.11489306]
108.91381216049194,1000,False,5,3,[-0.67497472 -5.22003648  4.        ],exiting,[-0.82138112 -0.19970136 -0.21083176]
108.91381216049194,1001,False,6,2,[ 8.40546841 -1.36724072  3.99676657],cruising,[-0.48080528  0.59740651 -0.20557775]
108.91381216049194,1002,False,1,6,[ 8.19413134 -2.58118454  3.98655051],cruising,[ 0.5677905  -0.59831228 -0.99408226]
108.91381216049194,1003,False,2,4,[6.21043126 4.70754889 4.00000013],cruising,[ 0.63925976  0.24903542 -0.34837281]
108.91381216049194,1004,False,4,0,[-2.97410734  7.22209397  4.        ],cruising,[-0.62185191  0.08809385  0.93462812]
108.91381216049194,1005,False,1,5,[-8.31091788  7.76876279  2.43972199],landing,[ 0.50568378 -0.03156594 -0.11489306]
109.01507067680359,1000,False,5,3,[-0.65956447 -5.31884197  4.        ],exiting,[-0.82138112 -0.19970136 -0.21083176]
109.01507067680359,1001,False,6,2,[ 8.38321864 -1.56599924  3.99725159],cruising,[-0.48080528  0.59740651 -0.20557775]
109.01507067680359,1002,False,1,6,[ 8.15181107 -2.77665575  3.98856793],cruising,[ 0.5677905  -0.59831228 -0.99408226]
109.01507067680359,1003,False,2,4,[6.40557877 4.66376023 4.00000011],cruising,[ 0.63925976  0.24903542 -0.34837281]
109.01507067680359,1004,False,4,0,[-2.77567157  7.2470589   4.        ],cruising,[-0.62185191  0.08809385  0.93462812]
109.01507067680359,1005,False,1,5,[-8.29298287  7.78210149  2.34225192],landing,[ 0.50568378 -0.03156594 -0.11489306]
109.11675715446472,1000,False,5,3,[-0.64415422 -5.41764746  4.        ],exiting,[-0.82138112 -0.19970136 -0.21083176]
109.11675715446472,1001,False,6,2,[ 8.35629926 -1.76417933  3.99766385],cruising,[-0.48080528  0.59740651 -0.20557775]
109.11675715446472,1002,False,1,6,[ 8.10544973 -2.97120812  3.99028274],cruising,[ 0.5677905  -0.59831228 -0.99408226]
109.11675715446472,1003,False,2,4,[6.59883888 4.61227692 4.00000009],cruising,[ 0.63925976  0.24903542 -0.34837281]
109.11675715446472,1004,False,4,0,[-2.57668957  7.26721234  4.        ],cruising,[-0.62185191  0.08809385  0.93462812]
109.11675715446472,1005,False,1,5,[-8.27504786  7.7954402   2.24478185],landing,[ 0.50568378 -0.03156594 -0.11489306]
109.21191954612732,1000,False,5,3,[-0.62874398 -5.51645294  4.        ],exiting,[-0.82138112 -0.19970136 -0.21083176]
109.21191954612732,1001,False,6,2,[ 8.32718257 -1.96204852  3.99801427],cruising,[-0.48080528  0.59740651 -0.20557775]
109.21191954612732,1002,False,1,6,[ 8.05085576 -3.16361264  3.99174033],cruising,[ 0.5677905  -0.59831228 -0.99408226]
109.21191954612732,1003,False,2,4,[6.78951931 4.55193645 4.00000008],cruising,[ 0.63925976  0.24903542 -0.34837281]
109.21191954612732,1004,False,4,0,[-2.37697625  7.27791699  4.        ],cruising,[-0.62185191  0.08809385  0.93462812]
109.21191954612732,1005,False,1,5,[-8.25711284  7.80877891  2.14731179],landing,[ 0.50568378 -0.03156594 -0.11489306]
109.3224585056305,1000,False,5,3,[-0.61333373 -5.61525843  4.        ],exiting,[-0.82138112 -0.19970136 -0.21083176]
109.3224585056305,1001,False,6,2,[ 8.29560352 -2.1595397   3.99831213],cruising,[-0.48080528  0.59740651 -0.20557775]
109.3224585056305,1002,False,1,6,[ 7.98759778 -3.35334516  3.99297928],cruising,[ 0.5677905  -0.59831228 -0.99408226]
109.3224585056305,1003,False,2,4,[6.97669341 4.48146762 4.00000007],cruising,[ 0.63925976  0.24903542 -0.34837281]
109.3224585056305,1004,False,4,0,[-2.17697741  7.27723444  4.        ],cruising,[-0.62185191  0.08809385  0.93462812]
109.3224585056305,1005,False,1,5,[-8.23917783  7.82211761  2.04984172],landing,[ 0.50568378 -0.03156594 -0.11489306]
109.41098189353943,1000,False,5,3,[-0.59792348 -5.71406392  4.        ],exiting,[-0.82138112 -0.19970136 -0.21083176]
109.41098189353943,1001,False,6,2,[ 8.2585423  -2.35607587  3.99856531],cruising,[-0.48080528  0.59740651 -0.20557775]
109.41098189353943,1002,False,1,6,[ 7.91954357 -3.54141064  3.99403239],cruising,[ 0.5677905  -0.59831228 -0.99408226]
109.41098189353943,1003,False,2,4,[7.15913435 4.39952066 4.00000006],cruising,[ 0.63925976  0.24903542 -0.34837281]
109.41098189353943,1004,False,4,0,[-1.97801135  7.25692417  4.        ],cruising,[-0.62185191  0.08809385  0.93462812]
109.41098189353943,1005,False,1,5,[-8.22124281  7.83545632  1.95237165],landing,[ 0.50568378 -0.03156594 -0.11489306]
109.5146861076355,1000,False,5,3,[-0.58251324 -5.81286941  4.        ],exiting,[-0.82138112 -0.19970136 -0.21083176]
109.5146861076355,1001,False,6,2,[ 8.21879212 -2.55208587  3.99878051],cruising,[-0.48080528  0.59740651 -0.20557775]
109.5146861076355,1002,False,1,6,[ 7.84041356 -3.72509091  3.99492753],cruising,[ 0.5677905  -0.59831228 -0.99408226]
109.5146861076355,1003,False,2,4,[7.33524654 4.30473406 4.00000005],cruising,[ 0.63925976  0.24903542 -0.34837281]
109.5146861076355,1004,False,4,0,[-1.7806763   7.22438378  4.        ],cruising,[-0.62185191  0.08809385  0.93462812]
109.5146861076355,1005,False,1,5,[-8.2033078   7.84879503  1.85490158],landing,[ 0.50568378 -0.03156594 -0.11489306]
109.61353063583374,1000,False,5,3,[-0.56710299 -5.91167489  4.        ],exiting,[-0.82138112 -0.19970136 -0.21083176]
109.61353063583374,1001,False,6,2,[ 8.17286022 -2.74674008  3.99896344],cruising,[-0.48080528  0.59740651 -0.20557775]
109.61353063583374,1002,False,1,6,[ 7.74874374 -3.90284536  3.9956884 ],cruising,[ 0.5677905  -0.59831228 -0.99408226]
109.61353063583374,1003,False,2,4,[7.50301103 4.19585306 4.00000004],cruising,[ 0.63925976  0.24903542 -0.34837281]
109.61353063583374,1004,False,4,0,[-1.58705785  7.17426497  4.        ],cruising,[-0.62185191  0.08809385  0.93462812]
109.61353063583374,1005,False,1,5,[-8.18537279  7.86213374  1.75743151],landing,[ 0.50568378 -0.03156594 -0.11489306]
109.71003842353821,1000,False,5,3,[-0.55169274 -6.01048038  4.        ],exiting,[-0.82138112 -0.19970136 -0.21083176]
109.71003842353821,1001,False,6,2,[ 8.12377439 -2.94062299  3.99911892],cruising,[-0.48080528  0.59740651 -0.20557775]
109.71003842353821,1002,False,1,6,[ 7.64248987 -4.07228595  3.99633514],cruising,[ 0.5677905  -0.59831228 -0.99408226]
109.71003842353821,1003,False,2,4,[7.65875009 4.07099117 4.00000003],cruising,[ 0.63925976  0.24903542 -0.34837281]
109.71003842353821,1004,False,4,0,[-1.39784557  7.10946747  4.        ],cruising,[-0.62185191  0.08809385  0.93462812]
109.71003842353821,1005,False,1,5,[-8.16743777  7.87547244  1.65996145],landing,[ 0.50568378 -0.03156594 -0.11489306]
109.8202543258667,1000,False,5,3,[-0.5362825  -6.10928587  4.        ],exiting,[-0.82138112 -0.19970136 -0.21083176]
109.8202543258667,1001,False,6,2,[ 8.06730701 -3.13248605  3.99925108],cruising,[-0.48080528  0.59740651 -0.20557775]
109.8202543258667,1002,False,1,6,[ 7.51987294 -4.23022689  3.99688943],cruising,[ 0.5677905  -0.59831228 -0.99408226]
109.8202543258667,1003,False,2,4,[7.80107324 3.93129643 4.00000003],cruising,[ 0.63925976  0.24903542 -0.34837281]
109.8202543258667,1004,False,4,0,[-1.2131433   7.03275327  4.        ],cruising,[-0.62185191  0.08809385  0.93462812]
109.8202543258667,1005,False,1,5,[-8.14950276  7.88881115  1.56249138],landing,[ 0.50568378 -0.03156594 -0.11489306]
109.90930485725403,1000,False,5,3,[-0.52087225 -6.20809135  4.        ],exiting,[-0.82138112 -0.19970136 -0.21083176]
109.90930485725403,1001,False,6,2,[ 8.00694054 -3.32315825  3.99936342],cruising,[-0.48080528  0.59740651 -0.20557775]
109.90930485725403,1002,False,1,6,[ 7.38286115 -4.37428309  3.99740319],cruising,[ 0.5677905  -0.59831228 -0.99408226]
109.90930485725403,1003,False,2,4,[7.92851802 3.77823629 4.00000002],cruising,[ 0.63925976  0.24903542 -0.34837281]
109.90930485725403,1004,False,4,0,[-1.03264474  6.94661227  4.        ],cruising,[-0.62185191  0.08809385  0.93462812]
109.90930485725403,1005,False,1,5,[-8.13156775  7.90214986  1.46502131],fake_landed,[ 0.50568378 -0.03156594 -0.11489306]
110.01295399665833,1000,False,5,3,[-0.505462   -6.30689684  4.        ],exiting,[-0.82138112 -0.19970136 -0.21083176]
110.01295399665833,1001,False,6,2,[ 7.93729546 -3.51064042  3.99945891],cruising,[-0.48080528  0.59740651 -0.20557775]
110.01295399665833,1002,False,1,6,[ 7.2332287  -4.50282422  3.99787692],cruising,[ 0.5677905  -0.59831228 -0.99408226]
110.01295399665833,1003,False,2,4,[8.03973491 3.61348616 4.00000002],cruising,[ 0.63925976  0.24903542 -0.34837281]
110.01295399665833,1004,False,4,0,[-0.85579407  6.85321077  4.        ],cruising,[-0.62185191  0.08809385  0.93462812]
110.01295399665833,1005,False,1,5,[-8.11721973  7.91282082  1.38704525],fake_landed,[ 0.50568378 -0.03156594 -0.11489306]
110.11244487762451,1000,False,5,3,[-0.49005176 -6.40570233  4.        ],exiting,[-0.82138112 -0.19970136 -0.21083176]
110.11244487762451,1001,False,6,2,[ 7.85730462 -3.69394744  3.99954007],cruising,[-0.48080528  0.59740651 -0.20557775]
110.11244487762451,1002,False,1,6,[ 7.07299199 -4.61440811  3.998312  ],cruising,[ 0.5677905  -0.59831228 -0.99408226]
110.11244487762451,1003,False,2,4,[8.13336606 3.43921019 4.00000002],cruising,[ 0.63925976  0.24903542 -0.34837281]
110.11244487762451,1004,False,4,0,[-0.68086785  6.75625295  4.        ],cruising,[-0.62185191  0.08809385  0.93462812]
110.11244487762451,1005,False,1,5,[-8.10645873  7.92082405  1.32856321],fake_landed,[ 0.50568378 -0.03156594 -0.11489306]
110.21365189552307,1000,False,5,3,[-0.47464151 -6.50450782  4.        ],exiting,[-0.82138112 -0.19970136 -0.21083176]
110.21365189552307,1001,False,6,2,[ 7.7654059  -3.87158366  3.99960906],cruising,[-0.48080528  0.59740651 -0.20557775]
110.21365189552307,1002,False,1,6,[ 6.90430528 -4.70786477  3.99870938],cruising,[ 0.5677905  -0.59831228 -0.99408226]
110.21365189552307,1003,False,2,4,[8.20898756 3.25623637 4.00000001],cruising,[ 0.63925976  0.24903542 -0.34837281]
110.21365189552307,1004,False,4,0,[-0.50866555  6.65453585  4.        ],cruising,[-0.62185191  0.08809385  0.93462812]
110.21365189552307,1005,False,1,5,[-8.09928472  7.92615953  1.28957519],fake_landed,[ 0.50568378 -0.03156594 -0.11489306]
110.31989979743958,1000,False,5,3,[-0.45923126 -6.6033133   4.        ],exiting,[-0.82138112 -0.19970136 -0.21083176]
110.31989979743958,1001,False,6,2,[ 7.6594806  -4.04122985  3.9996677 ],cruising,[-0.48080528  0.59740651 -0.20557775]
110.31989979743958,1002,False,1,6,[ 6.72939169 -4.78231553  3.99906948],cruising,[ 0.5677905  -0.59831228 -0.99408226]
110.31989979743958,1003,False,2,4,[8.26595637 3.06604608 4.00000001],cruising,[ 0.63925976  0.24903542 -0.34837281]
110.31989979743958,1004,False,4,0,[-0.33770178  6.55075055  4.        ],cruising,[-0.62185191  0.08809385  0.93462812]
110.31989979743958,1005,False,1,5,[-8.09569772  7.92882727  1.27008117],fake_landed,[ 0.50568378 -0.03156594 -0.11489306]
110.41459679603577,1000,False,5,3,[-0.44382102 -6.70211879  4.        ],exiting,[-0.82138112 -0.19970136 -0.21083176]
110.41459679603577,1001,False,6,2,[ 7.5371513  -4.19943452  3.99971769],cruising,[-0.48080528  0.59740651 -0.20557775]
110.41459679603577,1002,False,1,6,[ 6.55050029 -4.83716588  3.99939209],cruising,[ 0.5677905  -0.59831228 -0.99408226]
110.41459679603577,1003,False,2,4,[8.30379616 2.87001797 4.00000001],cruising,[ 0.63925976  0.24903542 -0.34837281]
110.41459679603577,1004,False,4,0,[-0.16829877  6.44443677  4.        ],cruising,[-0.62185191  0.08809385  0.93462812]
110.41459679603577,1005,False,5,1,[-8.09569772  7.92882727  1.27008117],waiting,[ 0.50568378 -0.03156594 -0.11489306]
110.50860953330994,1000,False,5,3,[-0.42841077 -6.80092428  4.        ],exiting,[-0.82138112 -0.19970136 -0.21083176]
110.50860953330994,1001,False,6,2,[ 7.39983945 -4.34439066  3.99976193],cruising,[-0.48080528  0.59740651 -0.20557775]
110.50860953330994,1002,False,1,6,[ 6.36989894 -4.87208951  3.99967643],cruising,[ 0.5677905  -0.59831228 -0.99408226]
110.50860953330994,1003,False,2,4,[8.33284523 2.67213883 4.00000001],cruising,[ 0.63925976  0.24903542 -0.34837281]
110.50860953330994,1004,False,4,0,[6.24067475e-04 6.33736168e+00 4.00000000e+00],cruising,[-0.62185191  0.08809385  0.93462812]
110.50860953330994,1005,False,5,1,[-8.09569772  7.92882727  1.27008117],waiting,[ 0.50568378 -0.03156594 -0.11489306]
110.62183165550232,1000,False,5,3,[-0.41300052 -6.89972976  4.        ],exiting,[-0.82138112 -0.19970136 -0.21083176]
110.62183165550232,1001,False,6,2,[ 7.24997706 -4.47377492  3.99980314],cruising,[-0.48080528  0.59740651 -0.20557775]
110.62183165550232,1002,False,1,6,[ 6.18879249 -4.88701955  3.9999196 ],cruising,[ 0.5677905  -0.59831228 -0.99408226]
110.62183165550232,1003,False,2,4,[8.36139446 2.47418697 4.00000001],cruising,[ 0.63925976  0.24903542 -0.34837281]
110.62183165550232,1004,False,4,0,[0.16917898 6.22970834 4.        ],cruising,[-0.62185191  0.08809385  0.93462812]
110.62183165550232,1005,False,5,1,[-8.09569772  7.92882727  1.27008117],waiting,[ 0.50568378 -0.03156594 -0.11489306]
110.7087607383728,1000,False,5,3,[-0.39759027 -6.99853525  4.        ],exiting,[-0.82138112 -0.19970136 -0.21083176]
110.7087607383728,1001,False,6,2,[ 7.08946762 -4.58622871  3.99984133],cruising,[-0.48080528  0.59740651 -0.20557775]
110.7087607383728,1002,False,1,6,[ 6.00857124 -4.88196924  4.00012057],cruising,[ 0.5677905  -0.59831228 -0.99408226]
110.7087607383728,1003,False,2,4,[8.38515395 2.27560327 4.00000001],cruising,[ 0.63925976  0.24903542 -0.34837281]
110.7087607383728,1004,False,4,0,[0.33798076 6.12244251 4.        ],exiting,[-0.62185191  0.08809385  0.93462812]
110.7087607383728,1005,False,5,1,[-8.09569772  7.92882727  1.27008117],waiting,[ 0.50568378 -0.03156594 -0.11489306]
110.8240909576416,1000,False,5,3,[-0.38218003 -7.09734074  4.        ],exiting,[-0.82138112 -0.19970136 -0.21083176]
110.8240909576416,1001,False,6,2,[ 6.92036436 -4.68062299  3.99987645],cruising,[-0.48080528  0.59740651 -0.20557775]
110.8240909576416,1002,False,1,6,[ 5.830417   -4.85702608  4.00027827],cruising,[ 0.5677905  -0.59831228 -0.99408226]
110.8240909576416,1003,False,2,4,[8.40797496 2.07690953 4.        ],cruising,[ 0.63925976  0.24903542 -0.34837281]
110.8240909576416,1004,False,4,0,[0.49670916 6.03245461 4.        ],exiting,[-0.62185191  0.08809385  0.93462812]
110.8240909576416,1005,False,5,1,[-8.09569772  7.92882727  1.27008117],waiting,[ 0.50568378 -0.03156594 -0.11489306]
110.9170572757721,1000,False,5,3,[-0.36676978 -7.19614623  4.        ],exiting,[-0.82138112 -0.19970136 -0.21083176]
110.9170572757721,1001,False,6,2,[ 6.74481436 -4.75608477  3.99990845],cruising,[-0.48080528  0.59740651 -0.20557775]
110.9170572757721,1002,False,1,6,[ 5.65484691 -4.81225062  4.00038942],cruising,[ 0.5677905  -0.59831228 -0.99408226]
110.9170572757721,1003,False,2,4,[8.42635647 1.87775602 4.        ],cruising,[ 0.63925976  0.24903542 -0.34837281]
110.9170572757721,1004,False,4,0,[0.64521571 5.95965723 4.        ],exiting,[-0.62185191  0.08809385  0.93462812]
110.9170572757721,1005,False,5,1,[-8.09569772  7.92882727  1.27008117],waiting,[ 0.50568378 -0.03156594 -0.11489306]
111.01476669311523,1000,False,5,3,[-0.35135953 -7.29495171  4.        ],exiting,[-0.82138112 -0.19970136 -0.21083176]
111.01476669311523,1001,False,6,2,[ 6.56500569 -4.81200521  3.99993726],cruising,[-0.48080528  0.59740651 -0.20557775]
111.01476669311523,1002,False,1,6,[ 5.48257497 -4.74774904  4.00045269],cruising,[ 0.5677905  -0.59831228 -0.99408226]
111.01476669311523,1003,False,2,4,[8.44358609 1.67849955 4.        ],cruising,[ 0.63925976  0.24903542 -0.34837281]
111.01476669311523,1004,False,4,0,[0.78333226 5.90394926 4.        ],exiting,[-0.62185191  0.08809385  0.93462812]
111.01476669311523,1005,False,5,1,[-8.09569772  7.92882727  1.27008117],waiting,[ 0.50568378 -0.03156594 -0.11489306]
111.11103987693787,1000,False,5,3,[-0.33594929 -7.3937572   4.        ],exiting,[-0.82138112 -0.19970136 -0.21083176]
111.11103987693787,1001,False,6,2,[ 6.38314973 -4.84803072  3.99996278],cruising,[-0.48080528  0.59740651 -0.20557775]
111.11103987693787,1002,False,1,6,[ 5.31337189 -4.66348438  4.00046308],cruising,[ 0.5677905  -0.59831228 -0.99408226]
111.11103987693787,1003,False,2,4,[8.45674441 1.47893287 4.        ],cruising,[ 0.63925976  0.24903542 -0.34837281]
111.11103987693787,1004,False,4,0,[0.9108666  5.86521235 4.        ],exiting,[-0.62185191  0.08809385  0.93462812]
111.11103987693787,1005,False,5,1,[-8.09569772  7.92882727  1.27008117],waiting,[ 0.50568378 -0.03156594 -0.11489306]
111.22012186050415,1000,False,5,3,[-0.32053904 -7.49256269  4.        ],exiting,[-0.82138112 -0.19970136 -0.21083176]
111.22012186050415,1001,False,6,2,[ 6.20063114 -4.8640672   3.9999847 ],cruising,[-0.48080528  0.59740651 -0.20557775]
111.22012186050415,1002,False,1,6,[ 5.14667337 -4.55937724  4.00041632],cruising,[ 0.5677905  -0.59831228 -0.99408226]
111.22012186050415,1003,False,2,4,[8.46863969 1.27928693 4.        ],cruising,[ 0.63925976  0.24903542 -0.34837281]
111.22012186050415,1004,False,4,0,[1.02759334 5.84330385 4.        ],exiting,[-0.62185191  0.08809385  0.93462812]
111.22012186050415,1005,False,5,1,[-8.09569772  7.92882727  1.27008117],waiting,[ 0.50568378 -0.03156594 -0.11489306]
111.31723952293396,1000,False,5,3,[-0.30512879 -7.59136817  4.        ],exiting,[-0.82138112 -0.19970136 -0.21083176]
111.31723952293396,1001,False,6,2,[ 6.01890942 -4.86011957  4.00000294],cruising,[-0.48080528  0.59740651 -0.20557775]
111.31723952293396,1002,False,1,6,[ 4.97639794 -4.45446644  4.00035388],cruising,[ 0.5677905  -0.59831228 -0.99408226]
111.31723952293396,1003,False,2,4,[8.47899126 1.079555   4.        ],cruising,[ 0.63925976  0.24903542 -0.34837281]
111.31723952293396,1004,False,4,0,[1.13323182 5.83804019 4.        ],exiting,[-0.62185191  0.08809385  0.93462812]
111.31723952293396,1005,False,5,1,[-8.09569772  7.92882727  1.27008117],queued,[ 0.50568378 -0.03156594 -0.11489306]
111.41225790977478,1000,False,5,3,[-0.28971855 -7.69017366  4.        ],exiting,[-0.82138112 -0.19970136 -0.21083176]
111.41225790977478,1001,False,6,2,[ 5.83917613 -4.83627103  4.0000174 ],cruising,[-0.48080528  0.59740651 -0.20557775]
111.41225790977478,1002,False,1,6,[ 4.80295676 -4.35487649  4.00030079],cruising,[ 0.5677905  -0.59831228 -0.99408226]
111.41225790977478,1003,False,2,4,[8.48533988 0.87965579 4.        ],cruising,[ 0.63925976  0.24903542 -0.34837281]
111.41225790977478,1004,False,4,0,[1.22740957 5.84916713 4.        ],exiting,[-0.62185191  0.08809385  0.93462812]
111.41225790977478,1005,False,5,1,[-8.09569772  7.92882727  1.29008117],queued,[ 0.50568378 -0.03156594 -0.11489306]
111.51228523254395,1000,False,5,3,[-0.2743083  -7.78897915  4.        ],landing,[-0.82138112 -0.19970136 -0.21083176]
111.51228523254395,1001,False,6,2,[ 5.66196869 -4.79258262  4.00002777],cruising,[-0.48080528  0.59740651 -0.20557775]
111.51228523254395,1002,False,1,6,[ 4.62607153 -4.26154045  4.00025568],cruising,[ 0.5677905  -0.59831228 -0.99408226]
111.51228523254395,1003,False,2,4,[8.49021334 0.67971517 4.        ],cruising,[ 0.63925976  0.24903542 -0.34837281]
111.51228523254395,1004,False,4,0,[1.30988924 5.87651612 4.        ],exiting,[-0.62185191  0.08809385  0.93462812]
111.51228523254395,1005,False,5,1,[-8.09569772  7.92882727  1.33008117],queued,[ 0.50568378 -0.03156594 -0.11489306]
111.6089096069336,1000,False,5,3,[-0.26423094 -7.87451213  3.98602141],landing,[-0.82138112 -0.19970136 -0.21083176]
111.6089096069336,1001,False,6,2,[ 5.48802231 -4.72916188  4.00003392],cruising,[-0.48080528  0.59740651 -0.20557775]
111.6089096069336,1002,False,1,6,[ 4.44739239 -4.17168632  4.00021732],cruising,[ 0.5677905  -0.59831228 -0.99408226]
111.6089096069336,1003,False,2,4,[8.49341536 0.47974081 4.        ],cruising,[ 0.63925976  0.24903542 -0.34837281]
111.6089096069336,1004,False,4,0,[1.38043047 5.91991109 4.        ],exiting,[-0.62185191  0.08809385  0.93462812]
111.6089096069336,1005,False,5,1,[-8.09569772  7.92882727  1.39008117],queued,[ 0.50568378 -0.03156594 -0.11489306]
111.72312426567078,1000,False,5,3,[-0.25947548 -7.94659773  3.95822815],landing,[-0.82138112 -0.19970136 -0.21083176]
111.72312426567078,1001,False,6,2,[ 5.31713806 -4.64597694  4.00003536],cruising,[-0.48080528  0.59740651 -0.20557775]
111.72312426567078,1002,False,1,6,[ 4.26667999 -4.08599486  4.00018473],cruising,[ 0.5677905  -0.59831228 -0.99408226]
111.72312426567078,1003,False,2,4,[8.4927484  0.27974192 4.        ],cruising,[ 0.63925976  0.24903542 -0.34837281]
111.72312426567078,1004,False,4,0,[1.43879017 5.9791683  4.        ],exiting,[-0.62185191  0.08809385  0.93462812]
111.72312426567078,1005,False,5,1,[-8.09569772  7.92882727  1.46508117],queued,[ 0.50568378 -0.03156594 -0.11489306]
111.81133437156677,1000,False,5,3,[-0.26002788 -8.00503073  3.9168175 ],landing,[-0.82138112 -0.19970136 -0.21083176]
111.81133437156677,1001,False,6,2,[ 5.14878938 -4.54295337  4.00003165],cruising,[-0.48080528  0.59740651 -0.20557775]
111.81133437156677,1002,False,1,6,[ 4.0849732  -4.00243265  4.00015702],cruising,[ 0.5677905  -0.59831228 -0.99408226]
111.81133437156677,1003,False,2,4,[8.4905077  0.07975447 4.        ],cruising,[ 0.63925976  0.24903542 -0.34837281]
111.81133437156677,1004,False,4,0,[1.48472268 6.05409601 4.        ],exiting,[-0.62185191  0.08809385  0.93462812]
111.81133437156677,1005,False,5,1,[-8.09569772  7.92882727  1.54008117],queued,[ 0.50568378 -0.03156594 -0.11489306]
111.91941475868225,1000,False,5,3,[-0.26586701 -8.0495329   3.86206584],landing,[-0.82138112 -0.19970136 -0.21083176]
111.91941475868225,1001,False,6,2,[ 4.97686475 -4.44076765  4.0000269 ],cruising,[-0.48080528  0.59740651 -0.20557775]
111.91941475868225,1002,False,1,6,[ 3.90204986 -3.92156824  4.00013346],cruising,[ 0.5677905  -0.59831228 -0.99408226]
111.91941475868225,1003,False,2,4,[ 8.4865243  -0.12020586  4.        ],cruising,[ 0.63925976  0.24903542 -0.34837281]
111.91941475868225,1004,False,4,0,[1.51797986 6.14449421 4.        ],exiting,[-0.62185191  0.08809385  0.93462812]
111.91941475868225,1005,False,5,1,[-8.09569772  7.92882727  1.61508117],queued,[ 0.50568378 -0.03156594 -0.11489306]
112.01298093795776,1000,False,5,3,[-0.27697284 -8.07986638  3.794218  ],landing,[-0.82138112 -0.19970136 -0.21083176]
112.01298093795776,1001,False,6,2,[ 4.8021213  -4.34348082  4.00002287],cruising,[-0.48080528  0.59740651 -0.20557775]
112.01298093795776,1002,False,1,6,[ 3.71851976 -3.84209055  4.00011344],cruising,[ 0.5677905  -0.59831228 -0.99408226]
112.01298093795776,1003,False,2,4,[ 8.48066213 -0.32011993  4.        ],cruising,[ 0.63925976  0.24903542 -0.34837281]
112.01298093795776,1004,False,4,0,[1.54666394 6.24029204 4.        ],exiting,[-0.62185191  0.08809385  0.93462812]
112.01298093795776,1005,False,5,1,[-8.09569772  7.92882727  1.69008117],queued,[ 0.50568378 -0.03156594 -0.11489306]
112.11767268180847,1000,False,5,3,[-0.29332547 -8.09581498  3.71350368],landing,[-0.82138112 -0.19970136 -0.21083176]
112.11767268180847,1001,False,6,2,[ 4.62423715 -4.25206295  4.00001944],cruising,[-0.48080528  0.59740651 -0.20557775]
112.11767268180847,1002,False,1,6,[ 3.53421539 -3.76442526  4.00009643],cruising,[ 0.5677905  -0.59831228 -0.99408226]
112.11767268180847,1003,False,2,4,[ 8.47077324 -0.5198753   4.        ],cruising,[ 0.63925976  0.24903542 -0.34837281]
112.11767268180847,1004,False,4,0,[1.57534802 6.33608987 4.        ],exiting,[-0.62185191  0.08809385  0.93462812]
112.11767268180847,1005,False,5,1,[-8.09569772  7.92882727  1.76508117],queued,[ 0.50568378 -0.03156594 -0.11489306]
112.22287082672119,1000,False,5,3,[-0.31490315 -8.097161    3.62016147],landing,[-0.82138112 -0.19970136 -0.21083176]
112.22287082672119,1001,False,6,2,[ 4.44478519 -4.16376235  4.00001652],cruising,[-0.48080528  0.59740651 -0.20557775]
112.22287082672119,1002,False,1,6,[ 3.34943533 -3.68789859  4.00008196],cruising,[ 0.5677905  -0.59831228 -0.99408226]
112.22287082672119,1003,False,2,4,[ 8.45912148 -0.7195356   4.        ],cruising,[ 0.63925976  0.24903542 -0.34837281]
112.22287082672119,1004,False,4,0,[1.60403211 6.43188769 4.        ],exiting,[-0.62185191  0.08809385  0.93462812]
112.22287082672119,1005,False,5,1,[-8.09569772  7.92882727  1.84008117],queued,[ 0.50568378 -0.03156594 -0.11489306]
112.31992959976196,1000,False,5,3,[-0.33810795 -8.09387008  3.52294672],landing,[-0.82138112 -0.19970136 -0.21083176]
112.31992959976196,1001,False,6,2,[ 4.26348332 -4.07932521  4.00001404],cruising,[-0.48080528  0.59740651 -0.20557775]
112.31992959976196,1002,False,1,6,[ 3.1641157  -3.61268799  4.00006967],cruising,[ 0.5677905  -0.59831228 -0.99408226]
112.31992959976196,1003,False,2,4,[ 8.44554225 -0.91907408  4.        ],cruising,[ 0.63925976  0.24903542 -0.34837281]
112.31992959976196,1004,False,4,0,[1.63271619 6.52768552 4.        ],exiting,[-0.62185191  0.08809385  0.93462812]
112.31992959976196,1005,False,5,1,[-8.09569772  7.92882727  1.91508117],queued,[ 0.50568378 -0.03156594 -0.11489306]
112.4130973815918,1000,False,5,3,[-0.36131274 -8.09057915  3.42573198],landing,[-0.82138112 -0.19970136 -0.21083176]
112.4130973815918,1001,False,6,2,[ 4.08132239 -3.99675768  4.00001194],cruising,[-0.48080528  0.59740651 -0.20557775]
112.4130973815918,1002,False,1,6,[ 2.9782676  -3.5387929   4.00005922],cruising,[ 0.5677905  -0.59831228 -0.99408226]
112.4130973815918,1003,False,2,4,[ 8.42989077 -1.11846072  4.        ],cruising,[ 0.63925976  0.24903542 -0.34837281]
112.4130973815918,1004,False,4,0,[1.66140027 6.62348334 4.        ],exiting,[-0.62185191  0.08809385  0.93462812]
112.4130973815918,1005,False,5,1,[-8.09569772  7.92882727  1.99008117],queued,[ 0.50568378 -0.03156594 -0.11489306]
112.51929116249084,1000,False,5,3,[-0.38451754 -8.08728823  3.32851723],landing,[-0.82138112 -0.19970136 -0.21083176]
112.51929116249084,1001,False,6,2,[ 3.8980513  -3.91668455  4.00001015],cruising,[-0.48080528  0.59740651 -0.20557775]
112.51929116249084,1002,False,1,6,[ 2.79180773 -3.46645539  4.00005034],cruising,[ 0.5677905  -0.59831228 -0.99408226]
112.51929116249084,1003,False,2,4,[ 8.40982989 -1.31745208  4.        ],cruising,[ 0.63925976  0.24903542 -0.34837281]
112.51929116249084,1004,False,4,0,[1.69008436 6.71928117 4.        ],exiting,[-0.62185191  0.08809385  0.93462812]
112.51929116249084,1005,False,5,1,[-8.09569772  7.92882727  2.06508117],queued,[ 0.50568378 -0.03156594 -0.11489306]
112.61271929740906,1000,False,5,3,[-0.40772234 -8.08399731  3.23130248],landing,[-0.82138112 -0.19970136 -0.21083176]
112.61271929740906,1001,False,6,2,[ 3.71425318 -3.83782866  4.00000863],cruising,[-0.48080528  0.59740651 -0.20557775]
112.61271929740906,1002,False,1,6,[ 2.60485435 -3.39540306  4.00004279],cruising,[ 0.5677905  -0.59831228 -0.99408226]
112.61271929740906,1003,False,2,4,[ 8.38774685 -1.51622919  4.        ],cruising,[ 0.63925976  0.24903542 -0.34837281]
112.61271929740906,1004,False,4,0,[1.71876844 6.81507899 4.        ],exiting,[-0.62185191  0.08809385  0.93462812]
112.61271929740906,1005,False,5,1,[-8.09569772  7.92882727  2.14008117],queued,[ 0.50568378 -0.03156594 -0.11489306]
112.71008706092834,1000,False,5,3,[-0.43092714 -8.08070638  3.13408773],landing,[-0.82138112 -0.19970136 -0.21083176]
112.71008706092834,1001,False,6,2,[ 3.52974241 -3.76065498  4.00000733],cruising,[-0.48080528  0.59740651 -0.20557775]
112.71008706092834,1002,False,1,6,[ 2.41710308 -3.32648672  4.00003637],cruising,[ 0.5677905  -0.59831228 -0.99408226]
112.71008706092834,1003,False,2,4,[ 8.36343573 -1.71474611  4.        ],cruising,[ 0.63925976  0.24903542 -0.34837281]
112.71008706092834,1004,False,4,0,[1.74745252 6.91087682 4.        ],exiting,[-0.62185191  0.08809385  0.93462812]
112.71008706092834,1005,False,5,1,[-8.09569772  7.92882727  2.21508117],queued,[ 0.50568378 -0.03156594 -0.11489306]
112.82379484176636,1000,False,5,3,[-0.45413194 -8.07741546  3.03687299],landing,[-0.82138112 -0.19970136 -0.21083176]
112.82379484176636,1001,False,6,2,[ 3.34480294 -3.68451439  4.00000623],cruising,[-0.48080528  0.59740651 -0.20557775]
112.82379484176636,1002,False,1,6,[ 2.2284107  -3.26019053  4.00003091],cruising,[ 0.5677905  -0.59831228 -0.99408226]
112.82379484176636,1003,False,2,4,[ 8.33426617 -1.91260752  4.        ],cruising,[ 0.63925976  0.24903542 -0.34837281]
112.82379484176636,1004,False,4,0,[1.7761366  7.00667464 4.        ],exiting,[-0.62185191  0.08809385  0.93462812]
112.82379484176636,1005,False,5,1,[-8.09569772  7.92882727  2.29008117],queued,[ 0.50568378 -0.03156594 -0.11489306]
112.91399836540222,1000,False,5,3,[-0.47733674 -8.07412454  2.93965824],landing,[-0.82138112 -0.19970136 -0.21083176]
112.91399836540222,1001,False,6,2,[ 3.1593598  -3.60960882  4.0000053 ],cruising,[-0.48080528  0.59740651 -0.20557775]
112.91399836540222,1002,False,1,6,[ 2.03911401 -3.19564007  4.00002628],cruising,[ 0.5677905  -0.59831228 -0.99408226]
112.91399836540222,1003,False,2,4,[ 8.30277465 -2.11011267  4.        ],cruising,[ 0.63925976  0.24903542 -0.34837281]
112.91399836540222,1004,False,4,0,[1.80482069 7.10247247 4.        ],exiting,[-0.62185191  0.08809385  0.93462812]
112.91399836540222,1005,False,5,1,[-8.09569772  7.92882727  2.36508117],queued,[ 0.50568378 -0.03156594 -0.11489306]
113.0163311958313,1000,False,5,3,[-0.50054153 -8.07083361  2.84244349],landing,[-0.82138112 -0.19970136 -0.21083176]
113.0163311958313,1001,False,6,2,[ 2.97341555 -3.53595603  4.0000045 ],cruising,[-0.48080528  0.59740651 -0.20557775]
113.0163311958313,1002,False,1,6,[ 1.8485416  -3.13495928  4.00002233],cruising,[ 0.5677905  -0.59831228 -0.99408226]
113.0163311958313,1003,False,2,4,[ 8.26868143 -2.30718538  4.        ],cruising,[ 0.63925976  0.24903542 -0.34837281]
113.0163311958313,1004,False,4,0,[1.83350477 7.19827029 4.        ],exiting,[-0.62185191  0.08809385  0.93462812]
113.0163311958313,1005,False,5,1,[-8.09569772  7.92882727  2.44008117],queued,[ 0.50568378 -0.03156594 -0.11489306]
113.10939717292786,1000,False,5,3,[-0.52374633 -8.06754269  2.74522874],landing,[-0.82138112 -0.19970136 -0.21083176]
113.10939717292786,1001,False,6,2,[ 2.78688002 -3.46381382  4.00000383],cruising,[-0.48080528  0.59740651 -0.20557775]
113.10939717292786,1002,False,1,6,[ 1.65650942 -3.07906973  4.00001898],cruising,[ 0.5677905  -0.59831228 -0.99408226]
113.10939717292786,1003,False,2,4,[ 8.22879875 -2.50316847  4.        ],cruising,[ 0.63925976  0.24903542 -0.34837281]
113.10939717292786,1004,False,4,0,[1.86218885 7.29406812 4.        ],exiting,[-0.62185191  0.08809385  0.93462812]
113.10939717292786,1005,False,5,1,[-8.09569772  7.92882727  2.51508117],entering,[ 0.50568378 -0.03156594 -0.11489306]
113.21263480186462,1000,False,5,3,[-0.54695113 -8.06425176  2.64801399],landing,[-0.82138112 -0.19970136 -0.21083176]
113.21263480186462,1001,False,6,2,[ 2.59986686 -3.39291899  4.00000325],cruising,[-0.48080528  0.59740651 -0.20557775]
113.21263480186462,1002,False,1,6,[ 1.46282499 -3.02920649  4.00001614],cruising,[ 0.5677905  -0.59831228 -0.99408226]
113.21263480186462,1003,False,2,4,[ 8.18604834 -2.69854606  4.        ],cruising,[ 0.63925976  0.24903542 -0.34837281]
113.21263480186462,1004,False,4,0,[1.89087294 7.38986595 4.        ],exiting,[-0.62185191  0.08809385  0.93462812]
113.21263480186462,1005,False,5,1,[-8.07784859  7.9198046   2.59008117],entering,[ 0.50568378 -0.03156594 -0.11489306]
113.32138848304749,1000,False,5,3,[-0.57015593 -8.06096084  2.55079925],landing,[-0.82138112 -0.19970136 -0.21083176]
113.32138848304749,1001,False,6,2,[ 2.4120668  -3.32413572  4.00000277],cruising,[-0.48080528  0.59740651 -0.20557775]
113.32138848304749,1002,False,1,6,[ 1.26731547 -2.98706358  4.00001372],cruising,[ 0.5677905  -0.59831228 -0.99408226]
113.32138848304749,1003,False,2,4,[ 8.13667935 -2.89235706  4.        ],cruising,[ 0.63925976  0.24903542 -0.34837281]
113.32138848304749,1004,False,4,0,[1.91955702 7.48566377 4.        ],exiting,[-0.62185191  0.08809385  0.93462812]
113.32138848304749,1005,False,5,1,[-8.04213666  7.90178636  2.66508117],entering,[ 0.50568378 -0.03156594 -0.11489306]
113.41698884963989,1000,False,5,3,[-0.59336073 -8.05766992  2.4535845 ],landing,[-0.82138112 -0.19970136 -0.21083176]
113.41698884963989,1001,False,6,2,[ 2.22333316 -3.25795709  4.00000235],cruising,[-0.48080528  0.59740651 -0.20557775]
113.41698884963989,1002,False,1,6,[ 1.06990026 -2.95501303  4.00001166],cruising,[ 0.5677905  -0.59831228 -0.99408226]
113.41698884963989,1003,False,2,4,[ 8.08391446 -3.0852712   4.        ],cruising,[ 0.63925976  0.24903542 -0.34837281]
113.41698884963989,1004,False,4,0,[1.9482411 7.5814616 4.       ],exiting,[-0.62185191  0.08809385  0.93462812]
113.41698884963989,1005,False,5,1,[-7.98853178  7.87483266  2.74008117],entering,[ 0.50568378 -0.03156594 -0.11489306]
113.51031351089478,1000,False,5,3,[-0.61656552 -8.05437899  2.35636975],landing,[-0.82138112 -0.19970136 -0.21083176]
113.51031351089478,1001,False,6,2,[ 2.03400215 -3.19350734  4.000002  ],cruising,[-0.48080528  0.59740651 -0.20557775]
113.51031351089478,1002,False,1,6,[ 0.87030993 -2.94284386  4.0000099 ],cruising,[ 0.5677905  -0.59831228 -0.99408226]
113.51031351089478,1003,False,2,4,[ 8.02313333 -3.27581163  4.        ],cruising,[ 0.63925976  0.24903542 -0.34837281]
113.51031351089478,1004,False,4,0,[1.97692519 7.67725942 4.        ],exiting,[-0.62185191  0.08809385  0.93462812]
113.51031351089478,1005,False,5,1,[-7.91697684  7.83905878  2.81508117],entering,[ 0.50568378 -0.03156594 -0.11489306]
113.61300349235535,1000,False,5,3,[-0.63977032 -8.05108807  2.259155  ],landing,[-0.82138112 -0.19970136 -0.21083176]
113.61300349235535,1001,False,6,2,[ 1.84339827 -3.13292549  4.0000017 ],cruising,[-0.48080528  0.59740651 -0.20557775]
113.61300349235535,1002,False,1,6,[ 0.67031138 -2.9420815   4.00000841],cruising,[ 0.5677905  -0.59831228 -0.99408226]
113.61300349235535,1003,False,2,4,[ 7.95811415 -3.46494784  4.        ],exiting,[ 0.63925976  0.24903542 -0.34837281]
113.61300349235535,1004,False,4,0,[2.00560927 7.77305725 4.        ],exiting,[-0.62185191  0.08809385  0.93462812]
113.61300349235535,1005,False,5,1,[-7.82742365  7.79456351  2.89008117],entering,[ 0.50568378 -0.03156594 -0.11489306]
113.71359157562256,1000,False,5,3,[-0.66297512 -8.04779715  2.16194026],landing,[-0.82138112 -0.19970136 -0.21083176]
113.71359157562256,1001,False,6,2,[ 1.65133601 -3.07713941  4.00000144],cruising,[-0.48080528  0.59740651 -0.20557775]
113.71359157562256,1002,False,1,6,[ 0.47086305 -2.95692607  4.00000715],cruising,[ 0.5677905  -0.59831228 -0.99408226]
113.71359157562256,1003,False,2,4,[ 7.90669341 -3.63941836  4.        ],exiting,[ 0.63925976  0.24903542 -0.34837281]
113.71359157562256,1004,False,4,0,[2.03429335 7.86885507 4.        ],exiting,[-0.62185191  0.08809385  0.93462812]
113.71359157562256,1005,False,5,1,[-7.71984805  7.74139687  2.96508117],entering,[ 0.50568378 -0.03156594 -0.11489306]
113.81601023674011,1000,False,5,3,[-0.68617992 -8.04450622  2.06472551],landing,[-0.82138112 -0.19970136 -0.21083176]
113.81601023674011,1001,False,6,2,[ 1.45762215 -3.02739062  4.00000123],cruising,[-0.48080528  0.59740651 -0.20557775]
113.81601023674011,1002,False,1,6,[ 0.27308909 -2.98668274  4.00000608],cruising,[ 0.5677905  -0.59831228 -0.99408226]
113.81601023674011,1003,False,2,4,[ 7.86901929 -3.799362    4.        ],exiting,[ 0.63925976  0.24903542 -0.34837281]
113.81601023674011,1004,False,4,0,[2.06297744 7.9646529  4.        ],exiting,[-0.62185191  0.08809385  0.93462812]
113.81601023674011,1005,False,5,1,[-7.5942285   7.67960376  3.04008117],entering,[ 0.50568378 -0.03156594 -0.11489306]
113.92369961738586,1000,False,5,3,[-0.70938472 -8.0412153   1.96751076],landing,[-0.82138112 -0.19970136 -0.21083176]
113.92369961738586,1001,False,6,2,[ 1.26208409 -2.98538029  4.00000104],cruising,[-0.48080528  0.59740651 -0.20557775]
113.92369961738586,1002,False,1,6,[ 0.07893308 -3.03467698  4.00000517],cruising,[ 0.5677905  -0.59831228 -0.99408226]
113.92369961738586,1003,False,2,4,[ 7.84527439 -3.94495374  4.        ],exiting,[ 0.63925976  0.24903542 -0.34837281]
113.92369961738586,1004,False,4,0,[2.09166152 8.06045072 4.        ],exiting,[-0.62185191  0.08809385  0.93462812]
113.92369961738586,1005,False,5,1,[-7.45011781  7.61018976  3.11508117],entering,[ 0.50568378 -0.03156594 -0.11489306]
114.01105523109436,1000,False,5,3,[-0.73258951 -8.03792438  1.87029601],landing,[-0.82138112 -0.19970136 -0.21083176]
114.01105523109436,1001,False,6,2,[ 1.06464311 -2.95348893  4.00000089],cruising,[-0.48080528  0.59740651 -0.20557775]
114.01105523109436,1002,False,1,6,[-0.11199487 -3.09422962  4.00000439],cruising,[ 0.5677905  -0.59831228 -0.99408226]
114.01105523109436,1003,False,2,4,[ 7.83569177 -4.07642352  4.        ],exiting,[ 0.63925976  0.24903542 -0.34837281]
114.01105523109436,1004,False,4,0,[2.1203456  8.15624855 4.        ],exiting,[-0.62185191  0.08809385  0.93462812]
114.01105523109436,1005,False,5,1,[-7.28729153  7.53372405  3.19008117],entering,[ 0.50568378 -0.03156594 -0.11489306]
114.11978602409363,1000,False,5,3,[-0.75579431 -8.03463345  1.77308127],landing,[-0.82138112 -0.19970136 -0.21083176]
114.11978602409363,1001,False,6,2,[ 0.86504679 -2.9414811   4.00000075],cruising,[-0.48080528  0.59740651 -0.20557775]
114.11978602409363,1002,False,1,6,[-0.2994078  -3.16406081  4.00000373],cruising,[ 0.5677905  -0.59831228 -0.99408226]
114.11978602409363,1003,False,2,4,[ 7.84045132 -4.19395407  4.        ],exiting,[ 0.63925976  0.24903542 -0.34837281]
114.11978602409363,1004,False,4,0,[2.14902969 8.25204638 4.        ],exiting,[-0.62185191  0.08809385  0.93462812]
114.11978602409363,1005,False,5,1,[-7.10496576  7.45281204  3.26508117],entering,[ 0.50568378 -0.03156594 -0.11489306]
114.20937895774841,1000,False,5,3,[-0.77899911 -8.03134253  1.67586652],landing,[-0.82138112 -0.19970136 -0.21083176]
114.20937895774841,1001,False,6,2,[ 0.66509447 -2.94584775  4.00000064],cruising,[-0.48080528  0.59740651 -0.20557775]
114.20937895774841,1002,False,1,6,[-0.48224941 -3.24510982  4.00000317],cruising,[ 0.5677905  -0.59831228 -0.99408226]
114.20937895774841,1003,False,2,4,[ 7.85973182 -4.29773173  4.        ],exiting,[ 0.63925976  0.24903542 -0.34837281]
114.20937895774841,1004,False,4,0,[2.17771377 8.3478442  4.        ],exiting,[-0.62185191  0.08809385  0.93462812]
114.20937895774841,1005,False,5,1,[-6.92114123  7.37401773  3.34008117],entering,[ 0.50568378 -0.03156594 -0.11489306]
114.30989217758179,1000,False,5,3,[-0.80220391 -8.0280516   1.57865177],landing,[-0.82138112 -0.19970136 -0.21083176]
114.30989217758179,1001,False,6,2,[ 0.46559282 -2.95995778  4.00000054],cruising,[-0.48080528  0.59740651 -0.20557775]
114.30989217758179,1002,False,1,6,[-0.66169862 -3.333416    4.0000027 ],cruising,[ 0.5677905  -0.59831228 -0.99408226]
114.30989217758179,1003,False,2,4,[ 7.88730892 -4.39385406  4.        ],exiting,[ 0.63925976  0.24903542 -0.34837281]
114.30989217758179,1004,False,4,0,[2.20639785 8.44364203 4.        ],exiting,[-0.62185191  0.08809385  0.93462812]
114.30989217758179,1005,False,5,1,[-6.7351824   7.30040174  3.41508117],entering,[ 0.50568378 -0.03156594 -0.11489306]
114.41474199295044,1000,False,5,3,[-0.82540871 -8.02476068  1.48143702],fake_landed,[-0.82138112 -0.19970136 -0.21083176]
114.41474199295044,1001,False,6,2,[ 0.26774516 -2.98922048  4.00000046],cruising,[-0.48080528  0.59740651 -0.20557775]
114.41474199295044,1002,False,1,6,[-0.8395812  -3.42483695  4.00000229],cruising,[ 0.5677905  -0.59831228 -0.99408226]
114.41474199295044,1003,False,2,4,[ 7.91488603 -4.48997639  4.        ],exiting,[ 0.63925976  0.24903542 -0.34837281]
114.41474199295044,1004,False,4,0,[2.23508194 8.53943985 4.        ],exiting,[-0.62185191  0.08809385  0.93462812]
114.41474199295044,1005,False,5,1,[-6.54762709  7.23095388  3.49008117],entering,[ 0.50568378 -0.03156594 -0.11489306]
114.51940298080444,1000,False,5,3,[-0.84397255 -8.02212794  1.40366522],fake_landed,[-0.82138112 -0.19970136 -0.21083176]
114.51940298080444,1001,False,6,2,[ 0.07352043 -3.03693582  4.00000039],cruising,[-0.48080528  0.59740651 -0.20557775]
114.51940298080444,1002,False,1,6,[-1.01826685 -3.51467813  4.00000195],cruising,[ 0.5677905  -0.59831228 -0.99408226]
114.51940298080444,1003,False,2,4,[ 7.94246314 -4.58609873  4.        ],exiting,[ 0.63925976  0.24903542 -0.34837281]
114.51940298080444,1004,False,4,0,[2.26376602 8.63523768 4.        ],landing,[-0.62185191  0.08809385  0.93462812]
114.51940298080444,1005,False,5,1,[-6.35836651  7.16629762  3.56508117],entering,[ 0.50568378 -0.03156594 -0.11489306]
114.61557602882385,1000,False,5,3,[-0.85789542 -8.02015339  1.34533638],fake_landed,[-0.82138112 -0.19970136 -0.21083176]
114.61557602882385,1001,False,6,2,[-0.11745281 -3.09634307  4.00000033],cruising,[-0.48080528  0.59740651 -0.20557775]
114.61557602882385,1002,False,1,6,[-1.20161574 -3.59457295  4.00000166],cruising,[ 0.5677905  -0.59831228 -0.99408226]
114.61557602882385,1003,False,2,4,[ 7.97004025 -4.68222106  4.        ],exiting,[ 0.63925976  0.24903542 -0.34837281]
114.61557602882385,1004,False,4,0,[2.29150384 8.71673813 3.98604687],landing,[-0.62185191  0.08809385  0.93462812]
114.61557602882385,1005,False,5,1,[-6.16705688  7.10798272  3.630319  ],entering,[ 0.50568378 -0.03156594 -0.11489306]
114.7171642780304,1000,False,5,3,[-0.86717734 -8.01883702  1.30645048],fake_landed,[-0.82138112 -0.19970136 -0.21083176]
114.7171642780304,1001,False,6,2,[-0.30488439 -3.16612418  4.00000028],cruising,[-0.48080528  0.59740651 -0.20557775]
114.7171642780304,1002,False,1,6,[-1.39186446 -3.65569566  4.0000014 ],cruising,[ 0.5677905  -0.59831228 -0.99408226]
114.7171642780304,1003,False,2,4,[ 7.99761735 -4.7783434   4.        ],exiting,[ 0.63925976  0.24903542 -0.34837281]
114.7171642780304,1004,False,4,0,[2.31821036 8.78378844 3.95830499],landing,[-0.62185191  0.08809385  0.93462812]
114.7171642780304,1005,False,5,1,[-5.97348839  7.05767129  3.68577115],entering,[ 0.50568378 -0.03156594 -0.11489306]
114.81423735618591,1000,False,5,3,[-0.8718183  -8.01817883  1.28700753],fake_landed,[-0.82138112 -0.19970136 -0.21083176]
114.81423735618591,1001,False,6,2,[-0.4877134  -3.24720163  4.00000024],cruising,[-0.48080528  0.59740651 -0.20557775]
114.81423735618591,1002,False,1,6,[-1.58586791 -3.69717398  4.00000116],cruising,[ 0.5677905  -0.59831228 -0.99408226]
114.81423735618591,1003,False,2,4,[ 8.02519446 -4.87446573  4.        ],exiting,[ 0.63925976  0.24903542 -0.34837281]
114.81423735618591,1004,False,4,0,[2.34378489 8.83620999 3.91697201],landing,[-0.62185191  0.08809385  0.93462812]
114.81423735618591,1005,False,5,1,[-5.7779108   7.01584543  3.73290548],entering,[ 0.50568378 -0.03156594 -0.11489306]
114.91188526153564,1000,False,5,3,[-0.8718183  -8.01817883  1.28700753],fake_landed,[-0.82138112 -0.19970136 -0.21083176]
114.91188526153564,1001,False,6,2,[-0.66712901 -3.33557604  4.00000021],cruising,[-0.48080528  0.59740651 -0.20557775]
114.91188526153564,1002,False,1,6,[-1.78052046 -3.71866283  4.00000094],cruising,[ 0.5677905  -0.59831228 -0.99408226]
114.91188526153564,1003,False,2,4,[ 8.05277157 -4.97058807  4.        ],exiting,[ 0.63925976  0.24903542 -0.34837281]
114.91188526153564,1004,False,4,0,[2.36808933 8.87376212 3.8623241 ],landing,[-0.62185191  0.08809385  0.93462812]
114.91188526153564,1005,False,5,1,[-5.58065339  6.98283761  3.77296965],entering,[ 0.50568378 -0.03156594 -0.11489306]
115.00865006446838,1000,False,3,5,[-0.8718183  -8.01817883  1.28700753],waiting,[-0.82138112 -0.19970136 -0.21083176]
115.00865006446838,1001,False,6,2,[-0.84497228 -3.42707344  4.00000017],cruising,[-0.48080528  0.59740651 -0.20557775]
115.00865006446838,1002,False,1,6,[-1.97282843 -3.72028959  4.00000073],cruising,[ 0.5677905  -0.59831228 -0.99408226]
115.00865006446838,1003,False,2,4,[ 8.08034867 -5.0667104   4.        ],exiting,[ 0.63925976  0.24903542 -0.34837281]
115.00865006446838,1004,False,4,0,[2.39100271 8.89623795 3.7946083 ],landing,[-0.62185191  0.08809385  0.93462812]
115.00865006446838,1005,False,5,1,[-5.38172734  6.96213915  3.80702421],entering,[ 0.50568378 -0.03156594 -0.11489306]
115.11006927490234,1000,False,3,5,[-0.8718183  -8.01817883  1.28700753],waiting,[-0.82138112 -0.19970136 -0.21083176]
115.11006927490234,1001,False,6,2,[-1.02409676 -3.51603645  4.00000015],cruising,[-0.48080528  0.59740651 -0.20557775]
115.11006927490234,1002,False,1,6,[-2.15990122 -3.70261368  4.00000054],cruising,[ 0.5677905  -0.59831228 -0.99408226]
115.11006927490234,1003,False,2,4,[ 8.10792578 -5.16283273  4.        ],exiting,[ 0.63925976  0.24903542 -0.34837281]
115.11006927490234,1004,False,4,0,[2.4124143  8.90345141 3.71405485],landing,[-0.62185191  0.08809385  0.93462812]
115.11006927490234,1005,False,5,1,[-5.18199577  6.95178064  3.83597058],entering,[ 0.50568378 -0.03156594 -0.11489306]
115.21093368530273,1000,False,3,5,[-0.8718183  -8.01817883  1.28700753],waiting,[-0.82138112 -0.19970136 -0.21083176]
115.21093368530273,1001,False,6,2,[-1.20736051 -3.59612639  4.00000013],cruising,[-0.48080528  0.59740651 -0.20557775]
115.21093368530273,1002,False,1,6,[-2.33941483 -3.66642132  4.00000035],cruising,[ 0.5677905  -0.59831228 -0.99408226]
115.21093368530273,1003,False,2,4,[ 8.13550289 -5.25895507  4.        ],exiting,[ 0.63925976  0.24903542 -0.34837281]
115.21093368530273,1004,False,4,0,[2.43221107 8.89521593 3.6209029 ],landing,[-0.62185191  0.08809385  0.93462812]
115.21093368530273,1005,False,5,1,[-4.9819958   6.95166382  3.86057499],cruising,[ 0.50568378 -0.03156594 -0.11489306]
115.31112790107727,1000,False,3,5,[-0.8718183  -8.01817883  1.28700753],waiting,[-0.82138112 -0.19970136 -0.21083176]
115.31112790107727,1001,False,6,2,[-1.39753586 -3.65744853  4.00000011],cruising,[-0.48080528  0.59740651 -0.20557775]
115.31112790107727,1002,False,1,6,[-2.50917641 -3.61276764  4.00000018],cruising,[ 0.5677905  -0.59831228 -0.99408226]
115.31112790107727,1003,False,2,4,[ 8.16308   -5.3550774  4.       ],exiting,[ 0.63925976  0.24903542 -0.34837281]
115.31112790107727,1004,False,4,0,[2.4514381  8.88183274 3.52368556],landing,[-0.62185191  0.08809385  0.93462812]
115.31112790107727,1005,False,5,1,[-4.78222874  6.96131386  3.88148874],cruising,[ 0.50568378 -0.03156594 -0.11489306]
115.41046094894409,1000,False,3,5,[-0.8718183  -8.01817883  1.28700753],waiting,[-0.82138112 -0.19970136 -0.21083176]
115.41046094894409,1001,False,6,2,[-1.59147093 -3.69912725  4.00000009],cruising,[-0.48080528  0.59740651 -0.20557775]
115.41046094894409,1002,False,1,6,[-2.66718893 -3.5429288   4.00000003],cruising,[ 0.5677905  -0.59831228 -0.99408226]
115.41046094894409,1003,False,2,4,[ 8.1906571  -5.45119974  4.        ],exiting,[ 0.63925976  0.24903542 -0.34837281]
115.41046094894409,1004,False,4,0,[2.47066513 8.86844955 3.42646822],landing,[-0.62185191  0.08809385  0.93462812]
115.41046094894409,1005,False,5,1,[-4.58306295  6.97956181  3.89926543],cruising,[ 0.50568378 -0.03156594 -0.11489306]
115.51724982261658,1000,False,3,5,[-0.8718183  -8.01817883  1.28700753],waiting,[-0.82138112 -0.19970136 -0.21083176]
115.51724982261658,1001,False,6,2,[-1.78605131 -3.72081637  4.00000007],cruising,[-0.48080528  0.59740651 -0.20557775]
115.51724982261658,1002,False,1,6,[-2.81177152 -3.45826979  3.99999989],cruising,[ 0.5677905  -0.59831228 -0.99408226]
115.51724982261658,1003,False,2,4,[ 8.21823421 -5.54732207  4.        ],exiting,[ 0.63925976  0.24903542 -0.34837281]
115.51724982261658,1004,False,4,0,[2.48989216 8.85506636 3.32925088],landing,[-0.62185191  0.08809385  0.93462812]
115.51724982261658,1005,False,5,1,[-4.38466309  7.00481044  3.91437562],cruising,[ 0.50568378 -0.03156594 -0.11489306]
115.62180757522583,1000,False,3,5,[-0.8718183  -8.01817883  1.28700753],waiting,[-0.82138112 -0.19970136 -0.21083176]
115.62180757522583,1001,False,6,2,[-1.97827596 -3.72264472  4.00000006],cruising,[-0.48080528  0.59740651 -0.20557775]
115.62180757522583,1002,False,1,6,[-2.94146724 -3.36025485  3.99999977],cruising,[ 0.5677905  -0.59831228 -0.99408226]
115.62180757522583,1003,False,2,4,[ 8.24581132 -5.64344441  4.        ],exiting,[ 0.63925976  0.24903542 -0.34837281]
115.62180757522583,1004,False,4,0,[2.50911918 8.84168317 3.23203353],landing,[-0.62185191  0.08809385  0.93462812]
115.62180757522583,1005,False,5,1,[-4.18700166  7.0353057   3.92721927],cruising,[ 0.50568378 -0.03156594 -0.11489306]
115.71486258506775,1000,False,3,5,[-0.8718183  -8.01817883  1.28700753],waiting,[-0.82138112 -0.19970136 -0.21083176]
115.71486258506775,1001,False,6,2,[-2.16524581 -3.70517573  4.00000004],cruising,[-0.48080528  0.59740651 -0.20557775]
115.71486258506775,1002,False,1,6,[-3.05497168 -3.25049928  3.99999966],cruising,[ 0.5677905  -0.59831228 -0.99408226]
115.71486258506775,1003,False,2,4,[ 8.27338842 -5.73956674  4.        ],exiting,[ 0.63925976  0.24903542 -0.34837281]
115.71486258506775,1004,False,4,0,[2.52834621 8.82829998 3.13481619],landing,[-0.62185191  0.08809385  0.93462812]
115.71486258506775,1005,False,5,1,[-3.98991802  7.06933565  3.93813638],cruising,[ 0.50568378 -0.03156594 -0.11489306]
115.82233047485352,1000,False,3,5,[-0.8718183  -8.01817883  1.28700753],waiting,[-0.82138112 -0.19970136 -0.21083176]
115.82233047485352,1001,False,6,2,[-2.34463344 -3.66919972  4.00000003],cruising,[-0.48080528  0.59740651 -0.20557775]
115.82233047485352,1002,False,1,6,[-3.15118272 -3.1306969   3.99999957],cruising,[ 0.5677905  -0.59831228 -0.99408226]
115.82233047485352,1003,False,2,4,[ 8.30096553 -5.83568908  4.        ],exiting,[ 0.63925976  0.24903542 -0.34837281]
115.82233047485352,1004,False,4,0,[2.54757324 8.81491678 3.03759885],landing,[-0.62185191  0.08809385  0.93462812]
115.82233047485352,1005,False,5,1,[-3.79318511  7.10533789  3.94741592],cruising,[ 0.50568378 -0.03156594 -0.11489306]
115.92302703857422,1000,False,3,5,[-0.8718183  -8.01817883  1.28700753],waiting,[-0.82138112 -0.19970136 -0.21083176]
115.92302703857422,1001,False,6,2,[-2.51425024 -3.6157729   4.00000001],cruising,[-0.48080528  0.59740651 -0.20557775]
115.92302703857422,1002,False,1,6,[-3.22947862 -3.00200364  3.9999995 ],cruising,[ 0.5677905  -0.59831228 -0.99408226]
115.92302703857422,1003,False,2,4,[ 8.32854264 -5.93181141  4.        ],exiting,[ 0.63925976  0.24903542 -0.34837281]
115.92302703857422,1004,False,4,0,[2.56680027 8.80153359 2.94038151],landing,[-0.62185191  0.08809385  0.93462812]
115.92302703857422,1005,False,5,1,[-3.59612078  7.13947954  3.95530354],cruising,[ 0.50568378 -0.03156594 -0.11489306]
116.011967420578,1000,False,3,5,[-0.8718183  -8.01817883  1.28700753],waiting,[-0.82138112 -0.19970136 -0.21083176]
116.011967420578,1001,False,6,2,[-2.67210308 -3.54617174  4.        ],cruising,[-0.48080528  0.59740651 -0.20557775]
116.011967420578,1002,False,1,6,[-3.28949268 -2.86520025  3.99999945],cruising,[ 0.5677905  -0.59831228 -0.99408226]
116.011967420578,1003,False,2,4,[ 8.35611974 -6.02793374  4.        ],exiting,[ 0.63925976  0.24903542 -0.34837281]
116.011967420578,1004,False,4,0,[2.5860273  8.7881504  2.84316417],landing,[-0.62185191  0.08809385  0.93462812]
116.011967420578,1005,False,5,1,[-3.39902404  7.17343353  3.96200801],cruising,[ 0.50568378 -0.03156594 -0.11489306]
116.1233434677124,1000,False,3,5,[-0.8718183  -8.01817883  1.28700753],waiting,[-0.82138112 -0.19970136 -0.21083176]
116.1233434677124,1001,False,6,2,[-2.81651478 -3.46176058  3.99999999],cruising,[-0.48080528  0.59740651 -0.20557775]
116.1233434677124,1002,False,1,6,[-3.33105028 -2.72069237  3.99999942],cruising,[ 0.5677905  -0.59831228 -0.99408226]
116.1233434677124,1003,False,2,4,[ 8.38369685 -6.12405608  4.        ],exiting,[ 0.63925976  0.24903542 -0.34837281]
116.1233434677124,1004,False,4,0,[2.60525432 8.77476721 2.74594682],landing,[-0.62185191  0.08809385  0.93462812]
116.1233434677124,1005,False,5,1,[-3.20169674  7.20602089  3.9677068 ],cruising,[ 0.50568378 -0.03156594 -0.11489306]
116.21041512489319,1000,False,3,5,[-0.8718183  -8.01817883  1.28700753],waiting,[-0.82138112 -0.19970136 -0.21083176]
116.21041512489319,1001,False,6,2,[-2.94603244 -3.36400149  3.99999998],cruising,[-0.48080528  0.59740651 -0.20557775]
116.21041512489319,1002,False,1,6,[-3.3540782 -2.5686578  3.9999994],cruising,[ 0.5677905  -0.59831228 -0.99408226]
116.21041512489319,1003,False,2,4,[ 8.41127396 -6.22017841  4.        ],exiting,[ 0.63925976  0.24903542 -0.34837281]
116.21041512489319,1004,False,4,0,[2.62448135 8.76138402 2.64872948],landing,[-0.62185191  0.08809385  0.93462812]
116.21041512489319,1005,False,5,1,[-3.00359386  7.23350273  3.97255078],cruising,[ 0.50568378 -0.03156594 -0.11489306]
116.30948543548584,1000,False,3,5,[-0.8718183  -8.01817883  1.28700753],queued,[-0.82138112 -0.19970136 -0.21083176]
116.30948543548584,1001,False,6,2,[-3.05935476 -3.25450736  3.99999997],cruising,[-0.48080528  0.59740651 -0.20557775]
116.30948543548584,1002,False,1,6,[-3.35857996 -2.40908788  3.99999941],cruising,[ 0.5677905  -0.59831228 -0.99408226]
116.30948543548584,1003,False,2,4,[ 8.43885107 -6.31630075  4.        ],exiting,[ 0.63925976  0.24903542 -0.34837281]
116.30948543548584,1004,False,4,0,[2.64370838 8.74800083 2.55151214],landing,[-0.62185191  0.08809385  0.93462812]
116.30948543548584,1005,False,5,1,[-2.80508615  7.25788896  3.97666817],cruising,[ 0.50568378 -0.03156594 -0.11489306]
116.4087917804718,1000,False,3,5,[-0.8718183  -8.01817883  1.30700753],queued,[-0.82138112 -0.19970136 -0.21083176]
116.4087917804718,1001,False,6,2,[-3.15538261 -3.13496828  3.99999997],cruising,[-0.48080528  0.59740651 -0.20557775]
116.4087917804718,1002,False,1,6,[-3.34487988 -2.24122986  3.99999944],cruising,[ 0.5677905  -0.59831228 -0.99408226]
116.4087917804718,1003,False,2,4,[ 8.46642817 -6.41242308  4.        ],exiting,[ 0.63925976  0.24903542 -0.34837281]
116.4087917804718,1004,False,4,0,[2.66293541 8.73461764 2.4542948 ],landing,[-0.62185191  0.08809385  0.93462812]
116.4087917804718,1005,False,5,1,[-2.60581696  7.27497079  3.98016794],cruising,[ 0.50568378 -0.03156594 -0.11489306]
116.50903463363647,1000,False,3,5,[-0.8718183  -8.01817883  1.34700753],queued,[-0.82138112 -0.19970136 -0.21083176]
116.50903463363647,1001,False,6,2,[-3.2334956  -3.00653776  3.99999996],cruising,[-0.48080528  0.59740651 -0.20557775]
116.50903463363647,1002,False,1,6,[-3.31402226 -2.06309473  3.9999995 ],cruising,[ 0.5677905  -0.59831228 -0.99408226]
116.50903463363647,1003,False,2,4,[ 8.49400528 -6.50854542  4.        ],exiting,[ 0.63925976  0.24903542 -0.34837281]
116.50903463363647,1004,False,4,0,[2.68216244 8.72123445 2.35707746],landing,[-0.62185191  0.08809385  0.93462812]
116.50903463363647,1005,False,5,1,[-2.40617728  7.2869707   3.98314275],cruising,[ 0.50568378 -0.03156594 -0.11489306]
116.61011528968811,1000,False,3,5,[-0.8718183  -8.01817883  1.40700753],queued,[-0.82138112 -0.19970136 -0.21083176]
116.61011528968811,1001,False,6,2,[-3.29332031 -2.8700116   3.99999996],cruising,[-0.48080528  0.59740651 -0.20557775]
116.61011528968811,1002,False,1,6,[-3.2715607  -1.86867007  3.99999957],cruising,[ 0.5677905  -0.59831228 -0.99408226]
116.61011528968811,1003,False,2,4,[ 8.52158239 -6.60466775  4.        ],exiting,[ 0.63925976  0.24903542 -0.34837281]
116.61011528968811,1004,False,4,0,[2.70138946 8.70785125 2.25986011],landing,[-0.62185191  0.08809385  0.93462812]
116.61011528968811,1005,False,5,1,[-2.20618314  7.28850231  3.98567134],cruising,[ 0.50568378 -0.03156594 -0.11489306]
116.7112021446228,1000,False,3,5,[-0.8718183  -8.01817883  1.48200753],queued,[-0.82138112 -0.19970136 -0.21083176]
116.7112021446228,1001,False,6,2,[-3.33468317 -2.72579391  3.99999996],cruising,[-0.48080528  0.59740651 -0.20557775]
116.7112021446228,1002,False,1,6,[-3.24478175 -1.67047096  3.99999964],cruising,[ 0.5677905  -0.59831228 -0.99408226]
116.7112021446228,1003,False,2,4,[ 8.54915949 -6.70079008  4.        ],exiting,[ 0.63925976  0.24903542 -0.34837281]
116.7112021446228,1004,False,4,0,[2.72061649 8.69446806 2.16264277],landing,[-0.62185191  0.08809385  0.93462812]
116.7112021446228,1005,False,5,1,[-2.00682313  7.27251527  3.98782064],cruising,[ 0.50568378 -0.03156594 -0.11489306]
116.8208978176117,1000,False,3,5,[-0.8718183  -8.01817883  1.55700753],queued,[-0.82138112 -0.19970136 -0.21083176]
116.8208978176117,1001,False,6,2,[-3.35751137 -2.5740618   3.99999995],cruising,[-0.48080528  0.59740651 -0.20557775]
116.8208978176117,1002,False,1,6,[-3.23443121 -1.47073897  3.99999969],cruising,[ 0.5677905  -0.59831228 -0.99408226]
116.8208978176117,1003,False,2,4,[ 8.5767366  -6.79691242  4.        ],exiting,[ 0.63925976  0.24903542 -0.34837281]
116.8208978176117,1004,False,4,0,[2.73984352 8.68108487 2.06542543],landing,[-0.62185191  0.08809385  0.93462812]
116.8208978176117,1005,False,5,1,[-1.80990059  7.2375651   3.98964754],cruising,[ 0.50568378 -0.03156594 -0.11489306]
116.90938949584961,1000,False,3,5,[-0.8718183  -8.01817883  1.63200753],queued,[-0.82138112 -0.19970136 -0.21083176]
116.90938949584961,1001,False,6,2,[-3.36180831 -2.41480688  3.99999996],cruising,[-0.48080528  0.59740651 -0.20557775]
116.90938949584961,1002,False,1,6,[-3.23992813 -1.27081452  3.99999974],cruising,[ 0.5677905  -0.59831228 -0.99408226]
116.90938949584961,1003,False,2,4,[ 8.60431371 -6.89303475  4.        ],exiting,[ 0.63925976  0.24903542 -0.34837281]
116.90938949584961,1004,False,4,0,[2.75907055 8.66770168 1.96820809],landing,[-0.62185191  0.08809385  0.93462812]
116.90938949584961,1005,False,5,1,[-1.61663289  7.18611032  3.99120041],cruising,[ 0.50568378 -0.03156594 -0.11489306]
117.018789768219,1000,False,3,5,[-0.8718183  -8.01817883  1.70700753],queued,[-0.82138112 -0.19970136 -0.21083176]
117.018789768219,1001,False,6,2,[-3.3478956  -2.24728103  3.99999996],cruising,[-0.48080528  0.59740651 -0.20557775]
117.018789768219,1002,False,1,6,[-3.25925057 -1.0717501   3.99999978],cruising,[ 0.5677905  -0.59831228 -0.99408226]
117.018789768219,1003,False,2,4,[ 8.63189082 -6.98915709  4.        ],exiting,[ 0.63925976  0.24903542 -0.34837281]
117.018789768219,1004,False,4,0,[2.77829758 8.65431849 1.87099075],landing,[-0.62185191  0.08809385  0.93462812]
117.018789768219,1005,False,5,1,[-1.42761546  7.12074663  3.99252035],cruising,[ 0.50568378 -0.03156594 -0.11489306]
117.12332153320312,1000,False,3,5,[-0.8718183  -8.01817883  1.78200753],queued,[-0.82138112 -0.19970136 -0.21083176]
117.12332153320312,1001,False,6,2,[-3.3168037  -2.06951431  3.99999996],cruising,[-0.48080528  0.59740651 -0.20557775]
117.12332153320312,1002,False,1,6,[-3.29213342 -0.87447183  3.99999981],cruising,[ 0.5677905  -0.59831228 -0.99408226]
117.12332153320312,1003,False,2,4,[ 8.65946792 -7.08527942  4.        ],landing,[ 0.63925976  0.24903542 -0.34837281]
117.12332153320312,1004,False,4,0,[2.7975246 8.6409353 1.7737734],landing,[-0.62185191  0.08809385  0.93462812]
117.12332153320312,1005,False,5,1,[-1.24293101  7.04398953  3.9936423 ],cruising,[ 0.50568378 -0.03156594 -0.11489306]
117.20989227294922,1000,False,3,5,[-0.8718183  -8.01817883  1.85700753],entering,[-0.82138112 -0.19970136 -0.21083176]
117.20989227294922,1001,False,6,2,[-3.27391294 -1.87559869  3.99999997],cruising,[-0.48080528  0.59740651 -0.20557775]
117.20989227294922,1002,False,1,6,[-3.33746596 -0.67967717  3.99999984],cruising,[ 0.5677905  -0.59831228 -0.99408226]
117.20989227294922,1003,False,2,4,[ 8.68012632 -7.16915922  3.98577848],landing,[ 0.63925976  0.24903542 -0.34837281]
117.20989227294922,1004,False,4,0,[2.81675163 8.62755211 1.67655606],landing,[-0.62185191  0.08809385  0.93462812]
117.20989227294922,1005,False,5,1,[-1.06087799  6.96118434  3.99459595],cruising,[ 0.50568378 -0.03156594 -0.11489306]
117.3135781288147,1000,False,3,5,[-0.87830559 -7.99926019  1.93200753],entering,[-0.82138112 -0.19970136 -0.21083176]
117.3135781288147,1001,False,6,2,[-3.24639189 -1.67750126  3.99999997],cruising,[-0.48080528  0.59740651 -0.20557775]
117.3135781288147,1002,False,1,6,[-3.39427317 -0.48791444  3.99999986],cruising,[ 0.5677905  -0.59831228 -0.99408226]
117.3135781288147,1003,False,2,4,[ 8.69385358 -7.24061879  3.95749646],landing,[ 0.63925976  0.24903542 -0.34837281]
117.3135781288147,1004,False,4,0,[2.83597866 8.61416892 1.57933872],landing,[-0.62185191  0.08809385  0.93462812]
117.3135781288147,1005,False,5,1,[-0.88286269  6.87002211  3.99540656],cruising,[ 0.50568378 -0.03156594 -0.11489306]
117.41177368164062,1000,False,3,5,[-0.89128016 -7.9614229   2.00700753],entering,[-0.82138112 -0.19970136 -0.21083176]
117.41177368164062,1001,False,6,2,[-3.23535377 -1.47780609  3.99999998],cruising,[-0.48080528  0.59740651 -0.20557775]
117.41177368164062,1002,False,1,6,[-3.4599026  -0.29898912  3.99999988],cruising,[ 0.5677905  -0.59831228 -0.99408226]
117.41177368164062,1003,False,2,4,[ 8.7006362  -7.29944793  3.91534924],landing,[ 0.63925976  0.24903542 -0.34837281]
117.41177368164062,1004,False,4,0,[2.85520569 8.60078573 1.48212138],fake_landed,[-0.62185191  0.08809385  0.93462812]
117.41177368164062,1005,False,5,1,[-0.70818901  6.77261008  3.99609558],cruising,[ 0.50568378 -0.03156594 -0.11489306]
117.5194878578186,1000,False,3,5,[-0.91074202 -7.90466696  2.08200753],entering,[-0.82138112 -0.19970136 -0.21083176]
117.5194878578186,1001,False,6,2,[-3.24023575 -1.27786568  3.99999998],cruising,[-0.48080528  0.59740651 -0.20557775]
117.5194878578186,1002,False,1,6,[-3.53580681 -0.1139525   3.9999999 ],cruising,[ 0.5677905  -0.59831228 -0.99408226]
117.5194878578186,1003,False,2,4,[ 8.70045754 -7.34535521  3.8596165 ],landing,[ 0.63925976  0.24903542 -0.34837281]
117.5194878578186,1004,False,4,0,[2.87058731 8.59007917 1.4043475 ],fake_landed,[-0.62185191  0.08809385  0.93462812]
117.5194878578186,1005,False,5,1,[-0.53518025  6.6722708   3.99668124],cruising,[ 0.50568378 -0.03156594 -0.11489306]
117.61147332191467,1000,False,3,5,[-0.93669116 -7.82899238  2.15700753],entering,[-0.82138112 -0.19970136 -0.21083176]
117.61147332191467,1001,False,6,2,[-3.25902694 -1.07875041  3.99999998],cruising,[-0.48080528  0.59740651 -0.20557775]
117.61147332191467,1002,False,1,6,[-3.62231594  0.06636991  3.99999992],cruising,[ 0.5677905  -0.59831228 -0.99408226]
117.61147332191467,1003,False,2,4,[ 8.69330638 -7.3781116   3.79052569],landing,[ 0.63925976  0.24903542 -0.34837281]
117.61147332191467,1004,False,4,0,[2.88212353 8.58204926 1.3460171 ],fake_landed,[-0.62185191  0.08809385  0.93462812]
117.61147332191467,1005,False,5,1,[-0.36444644  6.56810763  3.99717905],cruising,[ 0.50568378 -0.03156594 -0.11489306]
117.71065902709961,1000,False,3,5,[-0.96912759 -7.73439916  2.23200753],entering,[-0.82138112 -0.19970136 -0.21083176]
117.71065902709961,1001,False,6,2,[-3.29145124 -0.88139625  3.99999999],cruising,[-0.48080528  0.59740651 -0.20557775]
117.71065902709961,1002,False,1,6,[-3.71644784  0.24283289  3.99999993],cruising,[ 0.5677905  -0.59831228 -0.99408226]
117.71065902709961,1003,False,2,4,[ 8.67917347 -7.39749588  3.70830315],landing,[ 0.63925976  0.24903542 -0.34837281]
117.71065902709961,1004,False,4,0,[2.88981434 8.57669598 1.30713016],fake_landed,[-0.62185191  0.08809385  0.93462812]
117.71065902709961,1005,False,5,1,[-0.19516798  6.46159564  3.9976022 ],cruising,[ 0.50568378 -0.03156594 -0.11489306]
117.81824469566345,1000,False,3,5,[-1.0080513  -7.62088729  2.30700753],entering,[-0.82138112 -0.19970136 -0.21083176]
117.81824469566345,1001,False,6,2,[-3.336387   -0.68650968  3.99999999],cruising,[-0.48080528  0.59740651 -0.20557775]
117.81824469566345,1002,False,1,6,[-3.81660801  0.4159454   3.99999994],cruising,[ 0.5677905  -0.59831228 -0.99408226]
117.81824469566345,1003,False,2,4,[ 8.65805115 -7.40328499  3.61318413],landing,[ 0.63925976  0.24903542 -0.34837281]
117.81824469566345,1004,False,4,0,[2.89365974 8.57401934 1.28768669],fake_landed,[-0.62185191  0.08809385  0.93462812]
117.81824469566345,1005,False,5,1,[-0.02631675  6.35440767  3.99796187],cruising,[ 0.50568378 -0.03156594 -0.11489306]
117.92304229736328,1000,False,3,5,[-1.0534623  -7.48845677  2.38200753],entering,[-0.82138112 -0.19970136 -0.21083176]
117.92304229736328,1001,False,6,2,[-3.39118029 -0.49416183  3.99999999],cruising,[-0.48080528  0.59740651 -0.20557775]
117.92304229736328,1002,False,1,6,[-3.92148774  0.58623997  3.99999995],cruising,[ 0.5677905  -0.59831228 -0.99408226]
117.92304229736328,1003,False,2,4,[ 8.63566407 -7.40657526  3.51577781],landing,[ 0.63925976  0.24903542 -0.34837281]
117.92304229736328,1004,False,0,3,[2.89365974 8.57401934 1.28768669],waiting,[-0.62185191  0.08809385  0.93462812]
117.92304229736328,1005,False,5,1,[0.14220311 6.24669946 3.99826759],cruising,[ 0.50568378 -0.03156594 -0.11489306]
118.0106315612793,1000,False,3,5,[-1.10536058 -7.33710761  2.45700753],entering,[-0.82138112 -0.19970136 -0.21083176]
118.0106315612793,1001,False,6,2,[-3.45684808 -0.30524983  3.99999999],cruising,[-0.48080528  0.59740651 -0.20557775]
118.0106315612793,1002,False,1,6,[-4.03106728  0.75354904  3.99999996],cruising,[ 0.5677905  -0.59831228 -0.99408226]
118.0106315612793,1003,False,2,4,[ 8.61327698 -7.40986553  3.41837148],landing,[ 0.63925976  0.24903542 -0.34837281]
118.0106315612793,1004,False,0,3,[2.89365974 8.57401934 1.28768669],waiting,[-0.62185191  0.08809385  0.93462812]
118.0106315612793,1005,False,5,1,[0.31097925 6.13939329 3.99852745],cruising,[ 0.50568378 -0.03156594 -0.11489306]
118.12061166763306,1000,False,3,5,[-1.16374615 -7.16683981  2.53200753],entering,[-0.82138112 -0.19970136 -0.21083176]
118.12061166763306,1001,False,6,2,[-3.5327401  -0.12020821  3.99999999],cruising,[-0.48080528  0.59740651 -0.20557775]
118.12061166763306,1002,False,1,6,[-4.14296653  0.91931562  3.99999996],cruising,[ 0.5677905  -0.59831228 -0.99408226]
118.12061166763306,1003,False,2,4,[ 8.5908899  -7.4131558   3.32096515],landing,[ 0.63925976  0.24903542 -0.34837281]
118.12061166763306,1004,False,0,3,[2.89365974 8.57401934 1.28768669],waiting,[-0.62185191  0.08809385  0.93462812]
118.12061166763306,1005,False,5,1,[0.48026657 6.03289539 3.99874833],cruising,[ 0.50568378 -0.03156594 -0.11489306]
118.21574354171753,1000,False,3,5,[-1.22987082 -6.97813003  2.60700753],entering,[-0.82138112 -0.19970136 -0.21083176]
118.21574354171753,1001,False,6,2,[-3.61629302  0.06150285  3.99999999],exiting,[-0.48080528  0.59740651 -0.20557775]
118.21574354171753,1002,False,1,6,[-4.25659744  1.08389999  3.99999997],cruising,[ 0.5677905  -0.59831228 -0.99408226]
118.21574354171753,1003,False,2,4,[ 8.56850281 -7.41644607  3.22355882],landing,[ 0.63925976  0.24903542 -0.34837281]
118.21574354171753,1004,False,0,3,[2.89365974 8.57401934 1.28768669],waiting,[-0.62185191  0.08809385  0.93462812]
118.21574354171753,1005,False,5,1,[0.65069849 5.92823899 3.99893608],cruising,[ 0.50568378 -0.03156594 -0.11489306]
118.31902933120728,1000,False,3,5,[-1.29601127 -6.78938301  2.68200753],entering,[-0.82138112 -0.19970136 -0.21083176]
118.31902933120728,1001,False,6,2,[-3.70041604  0.22322203  3.99999999],exiting,[-0.48080528  0.59740651 -0.20557775]
118.31902933120728,1002,False,1,6,[-4.37105011  1.24791398  3.99999997],cruising,[ 0.5677905  -0.59831228 -0.99408226]
118.31902933120728,1003,False,2,4,[ 8.54611573 -7.41973634  3.1261525 ],landing,[ 0.63925976  0.24903542 -0.34837281]
118.31902933120728,1004,False,0,3,[2.89365974 8.57401934 1.28768669],waiting,[-0.62185191  0.08809385  0.93462812]
118.31902933120728,1005,False,5,1,[0.82225691 5.82543964 3.99909567],cruising,[ 0.50568378 -0.03156594 -0.11489306]
118.41494250297546,1000,False,3,5,[-1.36215173 -6.60063598  2.75700753],entering,[-0.82138112 -0.19970136 -0.21083176]
118.41494250297546,1001,False,6,2,[-3.78494399  0.36494532  4.        ],exiting,[-0.48080528  0.59740651 -0.20557775]
118.41494250297546,1002,False,1,6,[-4.48656262  1.41118326  3.99999998],cruising,[ 0.5677905  -0.59831228 -0.99408226]
118.41494250297546,1003,False,2,4,[ 8.52372864 -7.42302662  3.02874617],landing,[ 0.63925976  0.24903542 -0.34837281]
118.41494250297546,1004,False,0,3,[2.89365974 8.57401934 1.28768669],waiting,[-0.62185191  0.08809385  0.93462812]
118.41494250297546,1005,False,5,1,[0.99586057 5.72613319 3.99923132],cruising,[ 0.50568378 -0.03156594 -0.11489306]
118.52220845222473,1000,False,3,5,[-1.42898327 -6.41213255  2.83200753],entering,[-0.82138112 -0.19970136 -0.21083176]
118.52220845222473,1001,False,6,2,[-3.86969337  0.48666983  4.        ],exiting,[-0.48080528  0.59740651 -0.20557775]
118.52220845222473,1002,False,1,6,[-4.60269562  1.57401178  3.99999998],cruising,[ 0.5677905  -0.59831228 -0.99408226]
118.52220845222473,1003,False,2,4,[ 8.50134156 -7.42631689  2.93133984],landing,[ 0.63925976  0.24903542 -0.34837281]
118.52220845222473,1004,False,0,3,[2.89365974 8.57401934 1.28768669],queued,[-0.62185191  0.08809385  0.93462812]
118.52220845222473,1005,False,5,1,[1.1710916  5.62972736 3.99934662],cruising,[ 0.50568378 -0.03156594 -0.11489306]
118.61947274208069,1000,False,3,5,[-1.49644243 -6.2238528   2.90700753],entering,[-0.82138112 -0.19970136 -0.21083176]
118.61947274208069,1001,False,6,2,[-3.95445755  0.58839435  4.        ],exiting,[-0.48080528  0.59740651 -0.20557775]
118.61947274208069,1002,False,1,6,[-4.71906941  1.73666829  3.99999998],cruising,[ 0.5677905  -0.59831228 -0.99408226]
118.61947274208069,1003,False,2,4,[ 8.47895447 -7.42960716  2.83393352],landing,[ 0.63925976  0.24903542 -0.34837281]
118.61947274208069,1004,False,0,3,[2.89365974 8.57401934 1.30768669],queued,[-0.62185191  0.08809385  0.93462812]
118.61947274208069,1005,False,5,1,[1.34818158 5.53678038 3.99944463],cruising,[ 0.50568378 -0.03156594 -0.11489306]
118.70946907997131,1000,False,3,5,[-1.56390158 -6.03557305  2.98200753],entering,[-0.82138112 -0.19970136 -0.21083176]
118.70946907997131,1001,False,6,2,[-4.03899724  0.67012013  4.        ],exiting,[-0.48080528  0.59740651 -0.20557775]
118.70946907997131,1002,False,1,6,[-4.83534744  1.89939328  3.99999999],cruising,[ 0.5677905  -0.59831228 -0.99408226]
118.70946907997131,1003,False,2,4,[ 8.45656739 -7.43289743  2.73652719],landing,[ 0.63925976  0.24903542 -0.34837281]
118.70946907997131,1004,False,0,3,[2.89365974 8.57401934 1.34768669],queued,[-0.62185191  0.08809385  0.93462812]
118.70946907997131,1005,False,5,1,[1.52831674 5.44988204 3.99952793],cruising,[ 0.50568378 -0.03156594 -0.11489306]
118.809166431427,1000,False,3,5,[-1.6326343  -5.84775449  3.05700753],entering,[-0.82138112 -0.19970136 -0.21083176]
118.809166431427,1001,False,6,2,[-4.1230188   0.73185262  4.        ],exiting,[-0.48080528  0.59740651 -0.20557775]
118.809166431427,1002,False,1,6,[-4.95122223  2.06240565  3.99999999],cruising,[ 0.5677905  -0.59831228 -0.99408226]
118.809166431427,1003,False,2,4,[ 8.4341803  -7.4361877   2.63912086],landing,[ 0.63925976  0.24903542 -0.34837281]
118.809166431427,1004,False,0,3,[2.89365974 8.57401934 1.40768669],queued,[-0.62185191  0.08809385  0.93462812]
118.809166431427,1005,False,5,1,[1.71057943 5.36753938 3.99959874],cruising,[ 0.50568378 -0.03156594 -0.11489306]
118.91475248336792,1000,False,3,5,[-1.70136701 -5.65993592  3.13200753],entering,[-0.82138112 -0.19970136 -0.21083176]
118.91475248336792,1001,False,6,2,[-4.20610678  0.77360691  4.        ],exiting,[-0.48080528  0.59740651 -0.20557775]
118.91475248336792,1002,False,1,6,[-5.06679121  2.22563496  3.99999999],cruising,[ 0.5677905  -0.59831228 -0.99408226]
118.91475248336792,1003,False,2,4,[ 8.41179322 -7.43947798  2.54171454],landing,[ 0.63925976  0.24903542 -0.34837281]
118.91475248336792,1004,False,0,3,[2.89365974 8.57401934 1.48268669],queued,[-0.62185191  0.08809385  0.93462812]
118.91475248336792,1005,False,5,1,[1.89511472 5.29042436 3.99965893],cruising,[ 0.50568378 -0.03156594 -0.11489306]
119.01903986930847,1000,False,3,5,[-1.77123852 -5.47253802  3.20700753],entering,[-0.82138112 -0.19970136 -0.21083176]
119.01903986930847,1001,False,6,2,[-4.28800693  0.79539651  4.        ],exiting,[-0.48080528  0.59740651 -0.20557775]
119.01903986930847,1002,False,1,6,[-5.18143152  2.38951785  3.99999999],cruising,[ 0.5677905  -0.59831228 -0.99408226]
119.01903986930847,1003,False,2,4,[ 8.38940614 -7.44276825  2.44430821],landing,[ 0.63925976  0.24903542 -0.34837281]
119.01903986930847,1004,False,0,3,[2.89365974 8.57401934 1.55768669],queued,[-0.62185191  0.08809385  0.93462812]
119.01903986930847,1005,False,5,1,[2.08310007 5.22214912 3.99971009],cruising,[ 0.50568378 -0.03156594 -0.11489306]
119.12108945846558,1000,False,3,5,[-1.84041994 -5.28488427  3.28200753],entering,[-0.82138112 -0.19970136 -0.21083176]
119.12108945846558,1001,False,6,2,[-4.36846093  0.79723846  4.        ],exiting,[-0.48080528  0.59740651 -0.20557775]
119.12108945846558,1002,False,1,6,[-5.29484297  2.55425353  3.99999999],cruising,[ 0.5677905  -0.59831228 -0.99408226]
119.12108945846558,1003,False,2,4,[ 8.36701905 -7.44605852  2.34690188],landing,[ 0.63925976  0.24903542 -0.34837281]
119.12108945846558,1004,False,0,3,[2.89365974 8.57401934 1.63268669],queued,[-0.62185191  0.08809385  0.93462812]
119.12108945846558,1005,False,5,1,[2.27362769 5.16132785 3.99975358],cruising,[ 0.50568378 -0.03156594 -0.11489306]
119.21032333374023,1000,False,3,5,[-1.91131704 -5.09787197  3.35700753],entering,[-0.82138112 -0.19970136 -0.21083176]
119.21032333374023,1001,False,6,2,[-4.44720633  0.77915352  4.        ],exiting,[-0.48080528  0.59740651 -0.20557775]
119.21032333374023,1002,False,1,6,[-5.40671369  2.72003935  3.99999999],cruising,[ 0.5677905  -0.59831228 -0.99408226]
119.21032333374023,1003,False,2,4,[ 8.34463197 -7.44934879  2.24949555],landing,[ 0.63925976  0.24903542 -0.34837281]
119.21032333374023,1004,False,0,3,[2.89365974 8.57401934 1.70768669],queued,[-0.62185191  0.08809385  0.93462812]
119.21032333374023,1005,False,5,1,[2.46719762 5.11102197 3.99979054],cruising,[ 0.50568378 -0.03156594 -0.11489306]
119.3135392665863,1000,False,3,5,[-1.98283182 -4.911095    3.43200753],entering,[-0.82138112 -0.19970136 -0.21083176]
119.3135392665863,1001,False,6,2,[-4.52397626  0.74116639  4.        ],exiting,[-0.48080528  0.59740651 -0.20557775]
119.3135392665863,1002,False,1,6,[-5.51670706  2.88707666  3.99999999],cruising,[ 0.5677905  -0.59831228 -0.99408226]
119.3135392665863,1003,False,2,4,[ 8.32224488 -7.45263906  2.15208923],landing,[ 0.63925976  0.24903542 -0.34837281]
119.3135392665863,1004,False,0,3,[2.89365974 8.57401934 1.78268669],queued,[-0.62185191  0.08809385  0.93462812]
119.3135392665863,1005,False,5,1,[2.66288098 5.06969375 3.99982196],cruising,[ 0.50568378 -0.03156594 -0.11489306]
119.40916872024536,1000,False,3,5,[-2.05460887 -4.72441866  3.50700753],entering,[-0.82138112 -0.19970136 -0.21083176]
119.40916872024536,1001,False,6,2,[-4.59849913  0.68330589  4.        ],exiting,[-0.48080528  0.59740651 -0.20557775]
119.40916872024536,1002,False,1,6,[-5.62561238  3.05482537  4.        ],cruising,[ 0.5677905  -0.59831228 -0.99408226]
119.40916872024536,1003,False,2,4,[ 8.2998578  -7.45592934  2.0546829 ],landing,[ 0.63925976  0.24903542 -0.34837281]
119.40916872024536,1004,False,0,3,[2.89365974 8.57401934 1.85768669],queued,[-0.62185191  0.08809385  0.93462812]
119.40916872024536,1005,False,5,1,[2.86000059 5.03587277 3.99984867],cruising,[ 0.50568378 -0.03156594 -0.11489306]
119.51383924484253,1000,False,3,5,[-2.12627942 -4.53770141  3.5809564 ],entering,[-0.82138112 -0.19970136 -0.21083176]
119.51383924484253,1001,False,6,2,[-4.67171832  0.61519605  4.        ],exiting,[-0.48080528  0.59740651 -0.20557775]
119.51383924484253,1002,False,1,6,[-5.73179848  3.22430844  4.        ],cruising,[ 0.5677905  -0.59831228 -0.99408226]
119.51383924484253,1003,False,2,4,[ 8.27747071 -7.45921961  1.95727657],landing,[ 0.63925976  0.24903542 -0.34837281]
119.51383924484253,1004,False,0,3,[2.89365974 8.57401934 1.93268669],queued,[-0.62185191  0.08809385  0.93462812]
119.51383924484253,1005,False,5,1,[3.05807745 5.00820405 3.99987137],cruising,[ 0.50568378 -0.03156594 -0.11489306]
119.61925673484802,1000,False,3,5,[-2.19585088 -4.35019191  3.64381294],entering,[-0.82138112 -0.19970136 -0.21083176]
119.61925673484802,1001,False,6,2,[-4.74493751  0.5470862   4.        ],exiting,[-0.48080528  0.59740651 -0.20557775]
119.61925673484802,1002,False,1,6,[-5.83479625  3.39574782  4.        ],cruising,[ 0.5677905  -0.59831228 -0.99408226]
119.61925673484802,1003,False,2,4,[ 8.25508363 -7.46250988  1.85987025],landing,[ 0.63925976  0.24903542 -0.34837281]
119.61925673484802,1004,False,0,3,[2.89365974 8.57401934 2.00768669],queued,[-0.62185191  0.08809385  0.93462812]
119.61925673484802,1005,False,5,1,[3.25678078 4.98546667 3.99989066],cruising,[ 0.50568378 -0.03156594 -0.11489306]
119.71381258964539,1000,False,3,5,[-2.26543119 -4.1626857   3.697241  ],entering,[-0.82138112 -0.19970136 -0.21083176]
119.71381258964539,1001,False,6,2,[-4.8181567   0.47897636  4.        ],exiting,[-0.48080528  0.59740651 -0.20557775]
119.71381258964539,1002,False,1,6,[-5.93403611  3.56938955  4.        ],cruising,[ 0.5677905  -0.59831228 -0.99408226]
119.71381258964539,1003,False,2,4,[ 8.23269654 -7.46580015  1.76246392],landing,[ 0.63925976  0.24903542 -0.34837281]
119.71381258964539,1004,False,0,3,[2.89365974 8.57401934 2.08268669],queued,[-0.62185191  0.08809385  0.93462812]
119.71381258964539,1005,False,5,1,[3.45588645 4.96657408 3.99990706],cruising,[ 0.50568378 -0.03156594 -0.11489306]
119.82150077819824,1000,False,3,5,[-2.32726308 -3.97248365  3.74265485],entering,[-0.82138112 -0.19970136 -0.21083176]
119.82150077819824,1001,False,6,2,[-4.89137588  0.41086652  4.        ],exiting,[-0.48080528  0.59740651 -0.20557775]
119.82150077819824,1002,False,1,6,[-6.02881597  3.74550536  4.        ],cruising,[ 0.5677905  -0.59831228 -0.99408226]
119.82150077819824,1003,False,2,4,[ 8.21030946 -7.46909042  1.66505759],landing,[ 0.63925976  0.24903542 -0.34837281]
119.82150077819824,1004,False,0,3,[2.89365974 8.57401934 2.15768669],queued,[-0.62185191  0.08809385  0.93462812]
119.82150077819824,1005,False,5,1,[3.6552446  4.95056386 3.999921  ],cruising,[ 0.50568378 -0.03156594 -0.11489306]
119.91734337806702,1000,False,3,5,[-2.38796178 -3.78191695  3.78125662],entering,[-0.82138112 -0.19970136 -0.21083176]
119.91734337806702,1001,False,6,2,[-4.96459507  0.34275668  4.        ],exiting,[-0.48080528  0.59740651 -0.20557775]
119.91734337806702,1002,False,1,6,[-6.11825851  3.92439088  4.        ],cruising,[ 0.5677905  -0.59831228 -0.99408226]
119.91734337806702,1003,False,2,4,[ 8.18792237 -7.4723807   1.56765126],landing,[ 0.63925976  0.24903542 -0.34837281]
119.91734337806702,1004,False,0,3,[2.89365974 8.57401934 2.23268669],queued,[-0.62185191  0.08809385  0.93462812]
119.91734337806702,1005,False,5,1,[3.85475528 4.93658213 3.99993285],cruising,[ 0.50568378 -0.03156594 -0.11489306]
120.00981116294861,1000,False,3,5,[-2.44865796 -3.59134945  3.81406813],cruising,[-0.82138112 -0.19970136 -0.21083176]
120.00981116294861,1001,False,6,2,[-5.03781426  0.27464684  4.        ],exiting,[-0.48080528  0.59740651 -0.20557775]
120.00981116294861,1002,False,1,6,[-6.20125396  4.10635724  4.        ],cruising,[ 0.5677905  -0.59831228 -0.99408226]
120.00981116294861,1003,False,2,4,[ 8.16553529 -7.47567097  1.47024494],fake_landed,[ 0.63925976  0.24903542 -0.34837281]
120.00981116294861,1004,False,0,3,[2.89365974 8.57401934 2.30768669],queued,[-0.62185191  0.08809385  0.93462812]
120.00981116294861,1005,False,5,1,[4.0543506  4.9238657  3.99994292],cruising,[ 0.50568378 -0.03156594 -0.11489306]
120.1204981803894,1000,False,3,5,[-2.50330331 -3.39895951  3.84195791],cruising,[-0.82138112 -0.19970136 -0.21083176]
120.1204981803894,1001,False,6,2,[-5.11103345  0.206537    4.        ],exiting,[-0.48080528  0.59740651 -0.20557775]
120.1204981803894,1002,False,1,6,[-6.27214161  4.29337313  4.        ],cruising,[ 0.5677905  -0.59831228 -0.99408226]
120.1204981803894,1003,False,2,4,[ 8.14762562 -7.47830319  1.39231988],fake_landed,[ 0.63925976  0.24903542 -0.34837281]
120.1204981803894,1004,False,0,3,[2.89365974 8.57401934 2.38268669],entering,[-0.62185191  0.08809385  0.93462812]
120.1204981803894,1005,False,5,1,[4.2539817  4.91172377 3.99995149],cruising,[ 0.50568378 -0.03156594 -0.11489306]
120.21512770652771,1000,False,3,5,[-2.5530813  -3.20525316  3.86566422],cruising,[-0.82138112 -0.19970136 -0.21083176]
120.21512770652771,1001,False,6,2,[-5.18425264  0.13842716  4.        ],exiting,[-0.48080528  0.59740651 -0.20557775]
120.21512770652771,1002,False,1,6,[-6.33317528  4.48383281  4.        ],cruising,[ 0.5677905  -0.59831228 -0.99408226]
120.21512770652771,1003,False,2,4,[ 8.13419337 -7.48027735  1.33387608],fake_landed,[ 0.63925976  0.24903542 -0.34837281]
120.21512770652771,1004,False,0,3,[2.8900614  8.55434571 2.45768669],entering,[-0.62185191  0.08809385  0.93462812]
120.21512770652771,1005,False,5,1,[4.45360463 4.89944844 3.99995876],cruising,[ 0.50568378 -0.03156594 -0.11489306]
120.31066513061523,1000,False,3,5,[-2.59578138 -3.00986457  3.88581459],cruising,[-0.82138112 -0.19970136 -0.21083176]
120.31066513061523,1001,False,6,2,[-5.25747183  0.07031732  4.        ],exiting,[-0.48080528  0.59740651 -0.20557775]
120.31066513061523,1002,False,1,6,[-6.37488098  4.67943344  4.        ],cruising,[ 0.5677905  -0.59831228 -0.99408226]
120.31066513061523,1003,False,2,4,[ 8.12523854 -7.48159346  1.29491355],fake_landed,[ 0.63925976  0.24903542 -0.34837281]
120.31066513061523,1004,False,0,3,[2.88308579 8.51495928 2.53268669],entering,[-0.62185191  0.08809385  0.93462812]
120.31066513061523,1005,False,5,1,[4.65320705 4.88684391 3.99996495],cruising,[ 0.50568378 -0.03156594 -0.11489306]
120.41888976097107,1000,False,3,5,[-2.63797857 -2.81436675  3.9029424 ],cruising,[-0.82138112 -0.19970136 -0.21083176]
120.41888976097107,1001,False,6,2,[-5.33069101e+00  2.20747473e-03  4.00000000e+00],exiting,[-0.48080528  0.59740651 -0.20557775]
120.41888976097107,1002,False,1,6,[-6.39679888  4.87793977  4.        ],cruising,[ 0.5677905  -0.59831228 -0.99408226]
120.41888976097107,1003,False,2,4,[ 8.12076112 -7.48225151  1.27543228],fake_landed,[ 0.63925976  0.24903542 -0.34837281]
120.41888976097107,1004,False,0,3,[2.87283309 8.45584317 2.60768669],entering,[-0.62185191  0.08809385  0.93462812]
120.41888976097107,1005,False,5,1,[4.85274439 4.87324795 3.99997021],cruising,[ 0.50568378 -0.03156594 -0.11489306]
120.51748752593994,1000,False,3,5,[-2.67765171 -2.61834113  3.91750104],cruising,[-0.82138112 -0.19970136 -0.21083176]
120.51748752593994,1001,False,6,2,[-5.4039102  -0.06590237  4.        ],exiting,[-0.48080528  0.59740651 -0.20557775]
120.51748752593994,1002,False,1,6,[-6.39874034  5.07741666  4.        ],cruising,[ 0.5677905  -0.59831228 -0.99408226]
120.51748752593994,1003,False,4,0,[ 8.12076112 -7.48225151  1.27543228],waiting,[ 0.63925976  0.24903542 -0.34837281]
120.51748752593994,1004,False,0,3,[2.85942499 8.37697754 2.68268669],entering,[-0.62185191  0.08809385  0.93462812]
120.51748752593994,1005,False,5,1,[5.05216431 4.85802639 3.99997468],cruising,[ 0.50568378 -0.03156594 -0.11489306]
120.6099009513855,1000,False,3,5,[-2.71889534 -2.42263992  3.92987588],cruising,[-0.82138112 -0.19970136 -0.21083176]
120.6099009513855,1001,False,6,2,[-5.47712939 -0.13401221  4.        ],exiting,[-0.48080528  0.59740651 -0.20557775]
120.6099009513855,1002,False,1,6,[-6.38083676  5.27440876  4.        ],cruising,[ 0.5677905  -0.59831228 -0.99408226]
120.6099009513855,1003,False,4,0,[ 8.12076112 -7.48225151  1.27543228],queued,[ 0.63925976  0.24903542 -0.34837281]
120.6099009513855,1004,False,0,3,[2.84337544 8.2782871  2.75768669],entering,[-0.62185191  0.08809385  0.93462812]
120.6099009513855,1005,False,5,1,[5.25139953 4.84055281 3.99997847],cruising,[ 0.50568378 -0.03156594 -0.11489306]
120.71908283233643,1000,False,3,5,[-2.76191926 -2.22732238  3.9403945 ],cruising,[-0.82138112 -0.19970136 -0.21083176]
120.71908283233643,1001,False,6,2,[-5.55034858 -0.20212205  4.        ],exiting,[-0.48080528  0.59740651 -0.20557775]
120.71908283233643,1002,False,1,6,[-6.34353047  5.46654955  4.        ],cruising,[ 0.5677905  -0.59831228 -0.99408226]
120.71908283233643,1003,False,4,0,[ 8.12076112 -7.48225151  1.29543228],queued,[ 0.63925976  0.24903542 -0.34837281]
120.71908283233643,1004,False,0,3,[2.82524056 8.15970568 2.83268669],entering,[-0.62185191  0.08809385  0.93462812]
120.71908283233643,1005,False,5,1,[5.45050128 4.82161885 3.9999817 ],cruising,[ 0.50568378 -0.03156594 -0.11489306]
120.8161609172821,1000,False,3,5,[-2.80619802 -2.03228548  3.94933533],cruising,[-0.82138112 -0.19970136 -0.21083176]
120.8161609172821,1001,False,6,2,[-5.62356777 -0.27023189  4.        ],exiting,[-0.48080528  0.59740651 -0.20557775]
120.8161609172821,1002,False,1,6,[-6.28742691  5.65185936  4.        ],cruising,[ 0.5677905  -0.59831228 -0.99408226]
120.8161609172821,1003,False,4,0,[ 8.12076112 -7.48225151  1.33543228],queued,[ 0.63925976  0.24903542 -0.34837281]
120.8161609172821,1004,False,0,3,[2.80620212 8.02114468 2.90768669],entering,[-0.62185191  0.08809385  0.93462812]
120.8161609172821,1005,False,5,1,[5.64923697 4.79916612 3.99998445],cruising,[ 0.50568378 -0.03156594 -0.11489306]
120.91322922706604,1000,False,3,5,[-2.85343843 -1.83794469  3.95693503],cruising,[-0.82138112 -0.19970136 -0.21083176]
120.91322922706604,1001,False,6,2,[-5.69678696 -0.33834173  4.        ],exiting,[-0.48080528  0.59740651 -0.20557775]
120.91322922706604,1002,False,1,6,[-6.21346163  5.82817145  4.        ],cruising,[ 0.5677905  -0.59831228 -0.99408226]
120.91322922706604,1003,False,4,0,[ 8.12076112 -7.48225151  1.39543228],queued,[ 0.63925976  0.24903542 -0.34837281]
120.91322922706604,1004,False,0,3,[2.78804705 7.86260319 2.98268669],entering,[-0.62185191  0.08809385  0.93462812]
120.91322922706604,1005,False,5,1,[5.84744967 4.77248792 3.99998678],cruising,[ 0.50568378 -0.03156594 -0.11489306]
121.0179455280304,1000,False,3,5,[-2.90388955 -1.64441256  3.96339477],cruising,[-0.82138112 -0.19970136 -0.21083176]
121.0179455280304,1001,False,6,2,[-5.77000614 -0.40645157  4.        ],exiting,[-0.48080528  0.59740651 -0.20557775]
121.0179455280304,1002,False,1,6,[-6.12272258  5.99359131  4.        ],cruising,[ 0.5677905  -0.59831228 -0.99408226]
121.0179455280304,1003,False,4,0,[ 8.12076112 -7.48225151  1.47043228],queued,[ 0.63925976  0.24903542 -0.34837281]
121.0179455280304,1004,False,0,3,[2.77371224 7.68442996 3.05768669],entering,[-0.62185191  0.08809385  0.93462812]
121.0179455280304,1005,False,5,1,[6.0449262  4.74081742 3.99998876],cruising,[ 0.50568378 -0.03156594 -0.11489306]
121.11248779296875,1000,False,3,5,[-2.95786713 -1.45183421  3.96888556],cruising,[-0.82138112 -0.19970136 -0.21083176]
121.11248779296875,1001,False,6,2,[-5.84322533 -0.47456141  4.        ],exiting,[-0.48080528  0.59740651 -0.20557775]
121.11248779296875,1002,False,1,6,[-6.01647273  6.1463852   4.        ],cruising,[ 0.5677905  -0.59831228 -0.99408226]
121.11248779296875,1003,False,4,0,[ 8.12076112 -7.48225151  1.54543228],queued,[ 0.63925976  0.24903542 -0.34837281]
121.11248779296875,1004,False,0,3,[2.76861455 7.48851763 3.13268669],entering,[-0.62185191  0.08809385  0.93462812]
121.11248779296875,1005,False,5,1,[6.24137753 4.70330908 3.99999045],cruising,[ 0.50568378 -0.03156594 -0.11489306]
121.21103262901306,1000,False,3,5,[-3.0157321  -1.26038802  3.97355272],cruising,[-0.82138112 -0.19970136 -0.21083176]
121.21103262901306,1001,False,6,2,[-5.91644452 -0.54267125  4.        ],exiting,[-0.48080528  0.59740651 -0.20557775]
121.21103262901306,1002,False,1,6,[-5.89561818  6.28551517  4.        ],cruising,[ 0.5677905  -0.59831228 -0.99408226]
121.21103262901306,1003,False,4,0,[ 8.12076112 -7.48225151  1.62043228],queued,[ 0.63925976  0.24903542 -0.34837281]
121.21103262901306,1004,False,0,3,[2.77385956 7.28858642 3.20768669],entering,[-0.62185191  0.08809385  0.93462812]
121.21103262901306,1005,False,5,1,[6.43641243 4.65902155 3.99999188],cruising,[ 0.50568378 -0.03156594 -0.11489306]
121.30921077728271,1000,False,3,5,[-3.07701716 -1.07000908  3.97751982],cruising,[-0.82138112 -0.19970136 -0.21083176]
121.30921077728271,1001,False,6,2,[-5.98966371 -0.6107811   4.        ],exiting,[-0.48080528  0.59740651 -0.20557775]
121.30921077728271,1002,False,1,6,[-5.76104156  6.41009506  4.        ],cruising,[ 0.5677905  -0.59831228 -0.99408226]
121.30921077728271,1003,False,4,0,[ 8.12076112 -7.48225151  1.69543228],queued,[ 0.63925976  0.24903542 -0.34837281]
121.30921077728271,1004,False,0,3,[2.79273869 7.08947946 3.28268669],entering,[-0.62185191  0.08809385  0.93462812]
121.30921077728271,1005,False,5,1,[6.62950254 4.60690427 3.9999931 ],cruising,[ 0.50568378 -0.03156594 -0.11489306]
121.41836810112,1000,False,3,5,[-3.1429088  -0.88117504  3.98089184],cruising,[-0.82138112 -0.19970136 -0.21083176]
121.41836810112,1001,False,6,2,[-6.0628829  -0.67889094  4.        ],exiting,[-0.48080528  0.59740651 -0.20557775]
121.41836810112,1002,False,1,6,[-5.61356836  6.51938841  4.        ],cruising,[ 0.5677905  -0.59831228 -0.99408226]
121.41836810112,1003,False,4,0,[ 8.12076112 -7.48225151  1.77043228],queued,[ 0.63925976  0.24903542 -0.34837281]
121.41836810112,1004,False,0,3,[2.82853676 6.8927093  3.35768669],entering,[-0.62185191  0.08809385  0.93462812]
121.41836810112,1005,False,5,1,[6.81993686 4.54579153 3.99999413],cruising,[ 0.50568378 -0.03156594 -0.11489306]
121.50967693328857,1000,False,3,5,[-3.21384564 -0.69417781  3.98375807],cruising,[-0.82138112 -0.19970136 -0.21083176]
121.50967693328857,1001,False,6,2,[-6.13610209 -0.74700078  4.        ],exiting,[-0.48080528  0.59740651 -0.20557775]
121.50967693328857,1002,False,1,6,[-5.45393299  6.61280469  4.        ],cruising,[ 0.5677905  -0.59831228 -0.99408226]
121.50967693328857,1003,False,4,0,[ 8.12076112 -7.48225151  1.84543228],queued,[ 0.63925976  0.24903542 -0.34837281]
121.50967693328857,1004,False,0,3,[2.88037478 6.69954404 3.43268669],entering,[-0.62185191  0.08809385  0.93462812]
121.50967693328857,1005,False,5,1,[7.00676504 4.47441062 3.99999501],cruising,[ 0.50568378 -0.03156594 -0.11489306]
121.60923290252686,1000,False,3,5,[-3.29024526 -0.50934519  3.98619436],cruising,[-0.82138112 -0.19970136 -0.21083176]
121.60923290252686,1001,False,6,2,[-6.20932127 -0.81511062  4.        ],exiting,[-0.48080528  0.59740651 -0.20557775]
121.60923290252686,1002,False,1,6,[-5.2827712   6.68987649  4.        ],cruising,[ 0.5677905  -0.59831228 -0.99408226]
121.60923290252686,1003,False,4,0,[ 8.12076112 -7.48225151  1.92043228],queued,[ 0.63925976  0.24903542 -0.34837281]
121.60923290252686,1004,False,0,3,[2.94430981 6.5100386  3.50768669],entering,[-0.62185191  0.08809385  0.93462812]
121.60923290252686,1005,False,5,1,[7.18873096 4.39141421 3.99999576],cruising,[ 0.50568378 -0.03156594 -0.11489306]
121.7169497013092,1000,False,3,5,[-3.37075966 -0.32626753  3.9882652 ],cruising,[-0.82138112 -0.19970136 -0.21083176]
121.7169497013092,1001,False,6,2,[-6.28254046 -0.88322046  4.        ],exiting,[-0.48080528  0.59740651 -0.20557775]
121.7169497013092,1002,False,1,6,[-5.1008625   6.75008105  4.        ],cruising,[ 0.5677905  -0.59831228 -0.99408226]
121.7169497013092,1003,False,4,0,[ 8.12076112 -7.48225151  1.99543228],queued,[ 0.63925976  0.24903542 -0.34837281]
121.7169497013092,1004,False,0,3,[3.02100477 6.32532833 3.58153369],entering,[-0.62185191  0.08809385  0.93462812]
121.7169497013092,1005,False,5,1,[7.3642044 4.2954503 3.9999964],cruising,[ 0.50568378 -0.03156594 -0.11489306]
121.82365155220032,1000,False,3,5,[-3.45768382 -0.14614482  3.99002542],cruising,[-0.82138112 -0.19970136 -0.21083176]
121.82365155220032,1001,False,6,2,[-6.35575965 -0.9513303   4.        ],exiting,[-0.48080528  0.59740651 -0.20557775]
121.82365155220032,1002,False,1,6,[-4.908031    6.79353174  4.        ],cruising,[ 0.5677905  -0.59831228 -0.99408226]
121.82365155220032,1003,False,4,0,[ 8.12076112 -7.48225151  2.07043228],queued,[ 0.63925976  0.24903542 -0.34837281]
121.82365155220032,1004,False,0,3,[3.11306428 6.14781259 3.6447897 ],entering,[-0.62185191  0.08809385  0.93462812]
121.82365155220032,1005,False,5,1,[7.52900504 4.18257215 3.99999696],cruising,[ 0.50568378 -0.03156594 -0.11489306]
121.91671872138977,1000,False,3,5,[-3.55142925  0.03052378  3.99152161],cruising,[-0.82138112 -0.19970136 -0.21083176]
121.91671872138977,1001,False,6,2,[-6.42897884 -1.01944014  4.        ],exiting,[-0.48080528  0.59740651 -0.20557775]
121.91671872138977,1002,False,1,6,[-4.71248328  6.83549707  4.        ],cruising,[ 0.5677905  -0.59831228 -0.99408226]
121.91671872138977,1003,False,4,0,[ 8.12076112 -7.48225151  2.14543228],queued,[ 0.63925976  0.24903542 -0.34837281]
121.91671872138977,1004,False,0,3,[3.21950508 5.97848936 3.69807124],entering,[-0.62185191  0.08809385  0.93462812]
121.91671872138977,1005,False,5,1,[7.681695   4.05377762 3.99999743],cruising,[ 0.50568378 -0.03156594 -0.11489306]
122.01095771789551,1000,False,3,5,[-3.65114386  0.20389332  3.99279337],cruising,[-0.82138112 -0.19970136 -0.21083176]
122.01095771789551,1001,False,6,2,[-6.50219803 -1.08754998  4.        ],exiting,[-0.48080528  0.59740651 -0.20557775]
122.01095771789551,1002,False,1,6,[-4.51778183  6.88122829  4.        ],cruising,[ 0.5677905  -0.59831228 -0.99408226]
122.01095771789551,1003,False,4,0,[ 8.12076112 -7.48225151  2.22043228],queued,[ 0.63925976  0.24903542 -0.34837281]
122.01095771789551,1004,False,0,3,[3.34109032 5.81973459 3.74367466],entering,[-0.62185191  0.08809385  0.93462812]
122.01095771789551,1005,False,5,1,[7.82070377 3.91039455 3.99999783],cruising,[ 0.50568378 -0.03156594 -0.11489306]
122.10952043533325,1000,False,3,5,[-3.75760029  0.37320673  3.99387436],cruising,[-0.82138112 -0.19970136 -0.21083176]
122.10952043533325,1001,False,6,2,[-6.57541722 -1.15565983  4.        ],exiting,[-0.48080528  0.59740651 -0.20557775]
122.10952043533325,1002,False,1,6,[-4.32362818  6.92923207  4.        ],cruising,[ 0.5677905  -0.59831228 -0.99408226]
122.10952043533325,1003,False,4,0,[ 8.12076112 -7.48225151  2.29543228],queued,[ 0.63925976  0.24903542 -0.34837281]
122.10952043533325,1004,False,0,3,[3.47698014 5.67299099 3.7821289 ],entering,[-0.62185191  0.08809385  0.93462812]
122.10952043533325,1005,False,5,1,[7.94456166 3.75395581 3.99999818],cruising,[ 0.50568378 -0.03156594 -0.11489306]
122.21492886543274,1000,False,3,5,[-3.86716299  0.54052682  3.99479321],cruising,[-0.82138112 -0.19970136 -0.21083176]
122.21492886543274,1001,False,6,2,[-6.6486364  -1.22376967  4.        ],exiting,[-0.48080528  0.59740651 -0.20557775]
122.21492886543274,1002,False,1,6,[-4.12971424  6.97819515  4.        ],cruising,[ 0.5677905  -0.59831228 -0.99408226]
122.21492886543274,1003,False,4,0,[ 8.12076112 -7.48225151  2.37043228],queued,[ 0.63925976  0.24903542 -0.34837281]
122.21492886543274,1004,False,0,3,[3.62630167 5.54000686 3.81508168],entering,[-0.62185191  0.08809385  0.93462812]
122.21492886543274,1005,False,5,1,[8.05161408 3.58667381 3.99999849],cruising,[ 0.50568378 -0.03156594 -0.11489306]
122.31242418289185,1000,False,3,5,[-3.97917407  0.70621785  3.99557423],cruising,[-0.82138112 -0.19970136 -0.21083176]
122.31242418289185,1001,False,6,2,[-6.72185559 -1.29187951  4.        ],exiting,[-0.48080528  0.59740651 -0.20557775]
122.31242418289185,1002,False,1,6,[-3.93516305  7.02456146  4.        ],cruising,[ 0.5677905  -0.59831228 -0.99408226]
122.31242418289185,1003,False,4,0,[ 8.12076112 -7.48225151  2.44543228],entering,[ 0.63925976  0.24903542 -0.34837281]
122.31242418289185,1004,False,0,3,[3.78778962 5.42203602 3.84287895],cruising,[-0.62185191  0.08809385  0.93462812]
122.31242418289185,1005,False,5,1,[8.14103181 3.4099569  3.99999877],cruising,[ 0.50568378 -0.03156594 -0.11489306]
122.40858769416809,1000,False,3,5,[-4.09306885  0.87061974  3.99623809],cruising,[-0.82138112 -0.19970136 -0.21083176]
122.40858769416809,1001,False,6,2,[-6.79507478 -1.35998935  4.        ],exiting,[-0.48080528  0.59740651 -0.20557775]
122.40858769416809,1002,False,1,6,[-3.74045787  7.07027678  4.        ],cruising,[ 0.5677905  -0.59831228 -0.99408226]
122.40858769416809,1003,False,4,0,[ 8.10927103 -7.46588148  2.52043228],entering,[ 0.63925976  0.24903542 -0.34837281]
122.40858769416809,1004,False,0,3,[3.95979725 5.31999006 3.86644711],cruising,[-0.62185191  0.08809385  0.93462812]
122.40858769416809,1005,False,5,1,[8.21215611 3.22515602 3.99999899],exiting,[ 0.50568378 -0.03156594 -0.11489306]
122.51530385017395,1000,False,3,5,[-4.2083629   1.03404336  3.99680238],cruising,[-0.82138112 -0.19970136 -0.21083176]
122.51530385017395,1001,False,6,2,[-6.86829397 -1.42809919  4.        ],exiting,[-0.48080528  0.59740651 -0.20557775]
122.51530385017395,1002,False,1,6,[-3.54538467  7.11439534  4.        ],cruising,[ 0.5677905  -0.59831228 -0.99408226]
122.51530385017395,1003,False,4,0,[ 8.08629084 -7.43314143  2.59543228],entering,[ 0.63925976  0.24903542 -0.34837281]
122.51530385017395,1004,False,0,3,[4.13978052 5.23277756 3.88648004],cruising,[-0.62185191  0.08809385  0.93462812]
122.51530385017395,1005,False,5,1,[8.26483678 3.04809028 3.9999992 ],exiting,[ 0.50568378 -0.03156594 -0.11489306]
122.61863541603088,1000,False,3,5,[-4.3246387   1.19676994  3.99728202],cruising,[-0.82138112 -0.19970136 -0.21083176]
122.61863541603088,1001,False,6,2,[-6.94151316 -1.49620903  4.        ],landing,[-0.48080528  0.59740651 -0.20557775]
122.61863541603088,1002,False,1,6,[-3.34977799  7.15608498  4.        ],cruising,[ 0.5677905  -0.59831228 -0.99408226]
122.61863541603088,1003,False,4,0,[ 8.05182057 -7.38403135  2.67043228],entering,[ 0.63925976  0.24903542 -0.34837281]
122.61863541603088,1004,False,0,3,[4.32549422 5.15854533 3.90350803],cruising,[-0.62185191  0.08809385  0.93462812]
122.61863541603088,1005,False,5,1,[8.30164381 2.88319121 3.9999994 ],exiting,[ 0.50568378 -0.03156594 -0.11489306]
122.71478986740112,1000,False,3,5,[-4.44153287  1.35905288  3.99768972],cruising,[-0.82138112 -0.19970136 -0.21083176]
122.71478986740112,1001,False,6,2,[-7.00665969 -1.55245547  3.98606831],landing,[-0.48080528  0.59740651 -0.20557775]
122.71478986740112,1002,False,1,6,[-3.15303206  7.19201604  4.        ],cruising,[ 0.5677905  -0.59831228 -0.99408226]
122.71478986740112,1003,False,4,0,[ 8.0058602  -7.31855124  2.74543228],entering,[ 0.63925976  0.24903542 -0.34837281]
122.71478986740112,1004,False,0,3,[4.51538101 5.09575198 3.91798183],cruising,[-0.62185191  0.08809385  0.93462812]
122.71478986740112,1005,False,5,1,[8.32381838 2.73192631 3.99999959],exiting,[ 0.50568378 -0.03156594 -0.11489306]
122.81589889526367,1000,False,3,5,[-4.55872454  1.52112111  3.99803626],cruising,[-0.82138112 -0.19970136 -0.21083176]
122.81589889526367,1001,False,6,2,[-7.06358311 -1.59674998  3.95836956],landing,[-0.48080528  0.59740651 -0.20557775]
122.81589889526367,1002,False,1,6,[-2.9556734   7.22441293  4.        ],cruising,[ 0.5677905  -0.59831228 -0.99408226]
122.81589889526367,1003,False,4,0,[ 7.94840974 -7.2367011   2.82043228],entering,[ 0.63925976  0.24903542 -0.34837281]
122.81589889526367,1004,False,0,3,[4.70804452 5.04207914 3.93028456],cruising,[-0.62185191  0.08809385  0.93462812]
122.81589889526367,1005,False,5,1,[8.33206526 2.5950148  3.99999977],exiting,[ 0.50568378 -0.03156594 -0.11489306]
122.90910363197327,1000,False,3,5,[-4.6758964   1.68320367  3.99833082],cruising,[-0.82138112 -0.19970136 -0.21083176]
122.90910363197327,1001,False,6,2,[-7.11210652 -1.62898984  3.91710155],landing,[-0.48080528  0.59740651 -0.20557775]
122.90910363197327,1002,False,1,6,[-2.75725763  7.24953625  4.        ],cruising,[ 0.5677905  -0.59831228 -0.99408226]
122.90910363197327,1003,False,4,0,[ 7.87946919 -7.13848094  2.89543228],entering,[ 0.63925976  0.24903542 -0.34837281]
122.90910363197327,1004,False,0,3,[4.90262329 4.99582871 3.94074187],cruising,[-0.62185191  0.08809385  0.93462812]
122.90910363197327,1005,False,5,1,[8.32688964 2.47293017 3.99999993],exiting,[ 0.50568378 -0.03156594 -0.11489306]
123.00950217247009,1000,False,3,5,[-4.79295241  1.84536991  3.9985812 ],cruising,[-0.82138112 -0.19970136 -0.21083176]
123.00950217247009,1001,False,6,2,[-7.15198991 -1.64903802  3.86254019],landing,[-0.48080528  0.59740651 -0.20557775]
123.00950217247009,1002,False,1,6,[-2.55827651  7.26969844  4.        ],cruising,[ 0.5677905  -0.59831228 -0.99408226]
123.00950217247009,1003,False,4,0,[ 7.79911869 -7.02383479  2.97043228],entering,[ 0.63925976  0.24903542 -0.34837281]
123.00950217247009,1004,False,0,3,[5.09831631 4.95454628 3.94963059],cruising,[-0.62185191  0.08809385  0.93462812]
123.00950217247009,1005,False,5,1,[8.30874427 2.36607005 4.00000008],exiting,[ 0.50568378 -0.03156594 -0.11489306]
123.10890245437622,1000,False,3,5,[-4.90960226  2.00782856  3.99879402],cruising,[-0.82138112 -0.19970136 -0.21083176]
123.10890245437622,1001,False,6,2,[-7.1830236  -1.65677712  3.79493393],landing,[-0.48080528  0.59740651 -0.20557775]
123.10890245437622,1002,False,1,6,[-2.35855324  7.28021595  4.        ],cruising,[ 0.5677905  -0.59831228 -0.99408226]
123.10890245437622,1003,False,4,0,[ 7.70655575 -6.89335019  3.04543228],entering,[ 0.63925976  0.24903542 -0.34837281]
123.10890245437622,1004,False,0,3,[5.29462736 4.91631052 3.957186  ],cruising,[-0.62185191  0.08809385  0.93462812]
123.10890245437622,1005,False,5,1,[8.27813904 2.27485447 4.0000002 ],exiting,[ 0.50568378 -0.03156594 -0.11489306]
123.21268701553345,1000,False,3,5,[-5.02557168  2.17077363  3.99897492],cruising,[-0.82138112 -0.19970136 -0.21083176]
123.21268701553345,1001,False,6,2,[-7.20501823 -1.65210304  3.71451329],landing,[-0.48080528  0.59740651 -0.20557775]
123.21268701553345,1002,False,1,6,[-2.15855606  7.27915516  4.        ],cruising,[ 0.5677905  -0.59831228 -0.99408226]
123.21268701553345,1003,False,4,0,[ 7.60109232 -6.74758237  3.12043228],entering,[ 0.63925976  0.24903542 -0.34837281]
123.21268701553345,1004,False,0,3,[5.49119337 4.8794079  3.9636081 ],cruising,[-0.62185191  0.08809385  0.93462812]
123.21268701553345,1005,False,5,1,[8.23533488 2.19948774 4.00000029],exiting,[ 0.50568378 -0.03156594 -0.11489306]
123.31247997283936,1000,False,3,5,[-5.14059177  2.33439019  3.99912868],cruising,[-0.82138112 -0.19970136 -0.21083176]
123.31247997283936,1001,False,6,2,[-7.21778221 -1.63491237  3.62151767],landing,[-0.48080528  0.59740651 -0.20557775]
123.31247997283936,1002,False,1,6,[-1.95965958  7.25817447  4.        ],cruising,[ 0.5677905  -0.59831228 -0.99408226]
123.31247997283936,1003,False,4,0,[ 7.48264714 -6.58660026  3.19543228],entering,[ 0.63925976  0.24903542 -0.34837281]
123.31247997283936,1004,False,0,3,[5.6877195  4.84229348 3.96906689],cruising,[-0.62185191  0.08809385  0.93462812]
123.31247997283936,1005,False,5,1,[8.18060151 2.14017387 4.00000035],exiting,[ 0.50568378 -0.03156594 -0.11489306]
123.41992592811584,1000,False,3,5,[-5.25499708  2.49843721  3.99925938],cruising,[-0.82138112 -0.19970136 -0.21083176]
123.41992592811584,1001,False,6,2,[-7.22733472 -1.61342184  3.52432247],landing,[-0.48080528  0.59740651 -0.20557775]
123.41992592811584,1002,False,1,6,[-1.76353202  7.21900836  4.        ],cruising,[ 0.5677905  -0.59831228 -0.99408226]
123.41992592811584,1003,False,4,0,[ 7.36369476 -6.42581988  3.27043228],entering,[ 0.63925976  0.24903542 -0.34837281]
123.41992592811584,1004,False,0,3,[5.88434815 4.80572608 3.97370685],cruising,[-0.62185191  0.08809385  0.93462812]
123.41992592811584,1005,False,5,1,[8.11421783 2.09711639 4.00000038],exiting,[ 0.50568378 -0.03156594 -0.11489306]
123.51403856277466,1000,False,3,5,[-5.367906    2.66351772  3.99937047],cruising,[-0.82138112 -0.19970136 -0.21083176]
123.51403856277466,1001,False,6,2,[-7.23688724 -1.59193131  3.42712727],landing,[-0.48080528  0.59740651 -0.20557775]
123.51403856277466,1002,False,1,6,[-1.57120758  7.16413296  4.        ],cruising,[ 0.5677905  -0.59831228 -0.99408226]
123.51403856277466,1003,False,4,0,[ 7.24113837 -6.26776947  3.34543228],entering,[ 0.63925976  0.24903542 -0.34837281]
123.51403856277466,1004,False,0,3,[6.08038554 4.76611116 3.97765083],cruising,[-0.62185191  0.08809385  0.93462812]
123.51403856277466,1005,False,5,1,[8.03647257 2.07051838 4.00000038],exiting,[ 0.50568378 -0.03156594 -0.11489306]
123.60914611816406,1000,False,3,5,[-5.47900829  2.8298195   3.9994649 ],cruising,[-0.82138112 -0.19970136 -0.21083176]
123.60914611816406,1001,False,6,2,[-7.24643975 -1.57044078  3.32993207],landing,[-0.48080528  0.59740651 -0.20557775]
123.60914611816406,1002,False,1,6,[-1.38313459  7.09609952  4.        ],cruising,[ 0.5677905  -0.59831228 -0.99408226]
123.60914611816406,1003,False,4,0,[ 7.11955033 -6.10897291  3.42043228],entering,[ 0.63925976  0.24903542 -0.34837281]
123.60914611816406,1004,False,0,3,[6.27550067 4.72217841 3.9810032 ],cruising,[-0.62185191  0.08809385  0.93462812]
123.60914611816406,1005,False,5,1,[7.94766511 2.06058255 4.00000034],exiting,[ 0.50568378 -0.03156594 -0.11489306]
123.71925926208496,1000,False,3,5,[-5.58795789  2.99753946  3.99954516],cruising,[-0.82138112 -0.19970136 -0.21083176]
123.71925926208496,1001,False,6,2,[-7.25599227 -1.54895025  3.23273688],landing,[-0.48080528  0.59740651 -0.20557775]
123.71925926208496,1002,False,1,6,[-1.19784117  7.02082437  4.        ],cruising,[ 0.5677905  -0.59831228 -0.99408226]
123.71925926208496,1003,False,4,0,[ 6.99251656 -5.95449824  3.49543228],entering,[ 0.63925976  0.24903542 -0.34837281]
123.71925926208496,1004,False,0,3,[6.4692708  4.67264928 3.98385272],cruising,[-0.62185191  0.08809385  0.93462812]
123.71925926208496,1005,False,5,1,[7.84810651 2.06751126 4.00000028],exiting,[ 0.50568378 -0.03156594 -0.11489306]
123.81910634040833,1000,False,3,5,[-5.69435746  3.1668886   3.99961339],cruising,[-0.82138112 -0.19970136 -0.21083176]
123.81910634040833,1001,False,6,2,[-7.26554478 -1.52745972  3.13554168],landing,[-0.48080528  0.59740651 -0.20557775]
123.81910634040833,1002,False,1,6,[-1.01690607  6.93560412  4.        ],cruising,[ 0.5677905  -0.59831228 -0.99408226]
123.81910634040833,1003,False,4,0,[ 6.86429893 -5.80100479  3.57043228],entering,[ 0.63925976  0.24903542 -0.34837281]
123.81910634040833,1004,False,0,3,[6.66114098 4.61620608 3.98627481],cruising,[-0.62185191  0.08809385  0.93462812]
123.81910634040833,1005,False,5,1,[7.74836776 2.07473484 4.00000022],exiting,[ 0.50568378 -0.03156594 -0.11489306]
123.90952467918396,1000,False,3,5,[-5.79773933  3.33809662  3.99967138],cruising,[-0.82138112 -0.19970136 -0.21083176]
123.90952467918396,1001,False,6,2,[-7.27509729 -1.50596919  3.03834648],landing,[-0.48080528  0.59740651 -0.20557775]
123.90952467918396,1002,False,1,6,[-0.83976214  6.84276002  4.        ],cruising,[ 0.5677905  -0.59831228 -0.99408226]
123.90952467918396,1003,False,4,0,[ 6.73445261 -5.64888664  3.63486744],entering,[ 0.63925976  0.24903542 -0.34837281]
123.90952467918396,1004,False,0,3,[6.8503751  4.55147242 3.98833359],cruising,[-0.62185191  0.08809385  0.93462812]
123.90952467918396,1005,False,5,1,[7.648629   2.08195841 4.00000018],exiting,[ 0.50568378 -0.03156594 -0.11489306]
124.00964975357056,1000,False,3,5,[-5.8975413   3.51141589  3.99972067],cruising,[-0.82138112 -0.19970136 -0.21083176]
124.00964975357056,1001,False,6,2,[-7.28464981 -1.48447867  2.94115128],landing,[-0.48080528  0.59740651 -0.20557775]
124.00964975357056,1002,False,1,6,[-0.66570299  6.74425411  4.        ],cruising,[ 0.5677905  -0.59831228 -0.99408226]
124.00964975357056,1003,False,4,0,[ 6.59767835 -5.50296611  3.68963732],entering,[ 0.63925976  0.24903542 -0.34837281]
124.00964975357056,1004,False,0,3,[7.03599699 4.47701092 3.99008355],cruising,[-0.62185191  0.08809385  0.93462812]
124.00964975357056,1005,False,5,1,[7.54889024 2.08918199 4.00000015],exiting,[ 0.50568378 -0.03156594 -0.11489306]
124.11628675460815,1000,False,3,5,[-5.99307506  3.68712389  3.99976257],cruising,[-0.82138112 -0.19970136 -0.21083176]
124.11628675460815,1001,False,6,2,[-7.29420232 -1.46298814  2.84395608],landing,[-0.48080528  0.59740651 -0.20557775]
124.11628675460815,1002,False,1,6,[-0.49316964  6.64309957  4.        ],cruising,[ 0.5677905  -0.59831228 -0.99408226]
124.11628675460815,1003,False,4,0,[ 6.4561673  -5.3616345   3.73619173],entering,[ 0.63925976  0.24903542 -0.34837281]
124.11628675460815,1004,False,0,3,[7.21672294 4.39134802 3.99157102],cruising,[-0.62185191  0.08809385  0.93462812]
124.11628675460815,1005,False,5,1,[7.44915148 2.09640556 4.00000012],exiting,[ 0.50568378 -0.03156594 -0.11489306]
124.2094247341156,1000,False,3,5,[-6.08348436  3.86552276  3.99979819],cruising,[-0.82138112 -0.19970136 -0.21083176]
124.2094247341156,1001,False,6,2,[-7.30375484 -1.44149761  2.74676088],landing,[-0.48080528  0.59740651 -0.20557775]
124.2094247341156,1002,False,1,6,[-0.32266234  6.53856603  4.        ],cruising,[ 0.5677905  -0.59831228 -0.99408226]
124.2094247341156,1003,False,4,0,[ 6.3122964  -5.22270587  3.77576297],entering,[ 0.63925976  0.24903542 -0.34837281]
124.2094247341156,1004,False,0,3,[7.38791252 4.28810627 3.99285345],cruising,[-0.62185191  0.08809385  0.93462812]
124.2094247341156,1005,False,5,1,[7.34941272 2.10362913 4.00000009],exiting,[ 0.50568378 -0.03156594 -0.11489306]
124.32123851776123,1000,False,3,5,[-6.16768898  4.04693275  3.99982846],cruising,[-0.82138112 -0.19970136 -0.21083176]
124.32123851776123,1001,False,6,2,[-7.31330735 -1.42000708  2.64956568],landing,[-0.48080528  0.59740651 -0.20557775]
124.32123851776123,1002,False,1,6,[-0.15295811  6.43273374  4.        ],cruising,[ 0.5677905  -0.59831228 -0.99408226]
124.32123851776123,1003,False,4,0,[ 6.16152476 -5.09129844  3.80939852],entering,[ 0.63925976  0.24903542 -0.34837281]
124.32123851776123,1004,False,0,3,[7.54917574 4.1698093  3.99392543],cruising,[-0.62185191  0.08809385  0.93462812]
124.32123851776123,1005,False,5,1,[7.24967396 2.11085271 4.00000007],exiting,[ 0.50568378 -0.03156594 -0.11489306]
124.41288232803345,1000,False,3,5,[-6.24430978  4.23167379  3.99985419],cruising,[-0.82138112 -0.19970136 -0.21083176]
124.41288232803345,1001,False,6,2,[-7.32285987 -1.39851655  2.55237049],landing,[-0.48080528  0.59740651 -0.20557775]
124.41288232803345,1002,False,1,6,[0.01589092 6.3255423  4.        ],cruising,[ 0.5677905  -0.59831228 -0.99408226]
124.41288232803345,1003,False,4,0,[ 6.00373729 -4.96840371  3.83798874],cruising,[ 0.63925976  0.24903542 -0.34837281]
124.41288232803345,1004,False,0,3,[7.69901607 4.0373409  3.99483662],cruising,[-0.62185191  0.08809385  0.93462812]
124.41288232803345,1005,False,5,1,[7.1499352  2.11807628 4.00000006],exiting,[ 0.50568378 -0.03156594 -0.11489306]
124.52157711982727,1000,False,3,5,[-6.31156953  4.42002486  3.99987606],cruising,[-0.82138112 -0.19970136 -0.21083176]
124.52157711982727,1001,False,6,2,[-7.33241238 -1.37702602  2.45517529],landing,[-0.48080528  0.59740651 -0.20557775]
124.52157711982727,1002,False,1,6,[0.18467284 6.21824522 4.        ],cruising,[ 0.5677905  -0.59831228 -0.99408226]
124.52157711982727,1003,False,4,0,[ 5.84221396 -4.85046214  3.86229043],cruising,[ 0.63925976  0.24903542 -0.34837281]
124.52157711982727,1004,False,0,3,[7.8348624  3.89058438 3.9956139 ],cruising,[-0.62185191  0.08809385  0.93462812]
124.52157711982727,1005,False,5,1,[7.05019644 2.12529986 4.00000005],exiting,[ 0.50568378 -0.03156594 -0.11489306]
124.60913014411926,1000,False,3,5,[-6.36089161  4.6138478   3.99989465],exiting,[-0.82138112 -0.19970136 -0.21083176]
124.60913014411926,1001,False,6,2,[-7.3419649  -1.35553549  2.35798009],landing,[-0.48080528  0.59740651 -0.20557775]
124.60913014411926,1002,False,1,6,[0.3537327  6.11138659 4.        ],cruising,[ 0.5677905  -0.59831228 -0.99408226]
124.60913014411926,1003,False,4,0,[ 5.67431569 -4.74178752  3.88294687],cruising,[ 0.63925976  0.24903542 -0.34837281]
124.60913014411926,1004,False,0,3,[7.95494655 3.73151736 3.99632035],cruising,[-0.62185191  0.08809385  0.93462812]
124.60913014411926,1005,False,5,1,[6.95045769 2.13252343 4.00000004],exiting,[ 0.50568378 -0.03156594 -0.11489306]
124.71839880943298,1000,False,3,5,[-6.41215481  4.78776516  3.99991327],exiting,[-0.82138112 -0.19970136 -0.21083176]
124.71839880943298,1001,False,6,2,[-7.35151741 -1.33404496  2.26078489],landing,[-0.48080528  0.59740651 -0.20557775]
124.71839880943298,1002,False,1,6,[0.52340492 6.005503   4.        ],cruising,[ 0.5677905  -0.59831228 -0.99408226]
124.71839880943298,1003,False,4,0,[ 5.50316036 -4.63831844  3.90050484],cruising,[ 0.63925976  0.24903542 -0.34837281]
124.71839880943298,1004,False,0,3,[8.05819136 3.56166006 3.99694527],cruising,[-0.62185191  0.08809385  0.93462812]
124.71839880943298,1005,False,5,1,[6.85071893 2.13974701 4.00000003],exiting,[ 0.50568378 -0.03156594 -0.11489306]
124.81191873550415,1000,False,3,5,[-6.4655953   4.94180139  3.99993136],exiting,[-0.82138112 -0.19970136 -0.21083176]
124.81191873550415,1001,False,6,2,[-7.36106993 -1.31255443  2.16358969],landing,[-0.48080528  0.59740651 -0.20557775]
124.81191873550415,1002,False,1,6,[0.69395553 5.90104013 4.        ],cruising,[ 0.5677905  -0.59831228 -0.99408226]
124.81191873550415,1003,False,4,0,[ 5.32754171 -4.54262052  3.91542911],cruising,[ 0.63925976  0.24903542 -0.34837281]
124.81191873550415,1004,False,0,3,[8.14371798 3.38252601 3.99748284],cruising,[-0.62185191  0.08809385  0.93462812]
124.81191873550415,1005,False,5,1,[6.75098017 2.14697058 4.00000002],exiting,[ 0.50568378 -0.03156594 -0.11489306]
124.92111039161682,1000,False,3,5,[-6.52152959  5.07599371  3.9999481 ],exiting,[-0.82138112 -0.19970136 -0.21083176]
124.92111039161682,1001,False,6,2,[-7.37062244 -1.2910639   2.06639449],landing,[-0.48080528  0.59740651 -0.20557775]
124.92111039161682,1002,False,1,6,[0.8662102  5.79941175 4.        ],cruising,[ 0.5677905  -0.59831228 -0.99408226]
124.92111039161682,1003,False,4,0,[ 5.14993591 -4.45066304  3.92811474],cruising,[ 0.63925976  0.24903542 -0.34837281]
124.92111039161682,1004,False,0,3,[8.21085354 3.19553321 3.99792639],cruising,[-0.62185191  0.08809385  0.93462812]
124.92111039161682,1005,False,5,1,[6.65124141 2.15419415 4.00000002],exiting,[ 0.50568378 -0.03156594 -0.11489306]
125.0135805606842,1000,False,3,5,[-6.58032569  5.19039183  3.99996233],exiting,[-0.82138112 -0.19970136 -0.21083176]
125.0135805606842,1001,False,6,2,[-7.38017495 -1.26957338  1.96919929],landing,[-0.48080528  0.59740651 -0.20557775]
125.0135805606842,1002,False,1,6,[1.0399025  5.70026042 4.        ],cruising,[ 0.5677905  -0.59831228 -0.99408226]
125.0135805606842,1003,False,4,0,[ 4.96960454 -4.3641726   3.93889753],cruising,[ 0.63925976  0.24903542 -0.34837281]
125.0135805606842,1004,False,0,3,[8.25907777 3.00203264 3.99826695],cruising,[-0.62185191  0.08809385  0.93462812]
125.0135805606842,1005,False,5,1,[6.55150265 2.16141773 4.00000001],exiting,[ 0.50568378 -0.03156594 -0.11489306]
125.1122362613678,1000,False,3,5,[-6.64230451  5.28504482  3.99997279],exiting,[-0.82138112 -0.19970136 -0.21083176]
125.1122362613678,1001,False,6,2,[-7.38972747 -1.24808285  1.8720041 ],landing,[-0.48080528  0.59740651 -0.20557775]
125.1122362613678,1002,False,1,6,[1.21527961 5.60412058 4.        ],cruising,[ 0.5677905  -0.59831228 -0.99408226]
125.1122362613678,1003,False,4,0,[ 4.78828087 -4.27978228  3.9480629 ],cruising,[ 0.63925976  0.24903542 -0.34837281]
125.1122362613678,1004,False,0,3,[8.29435893 2.80516913 3.99852691],cruising,[-0.62185191  0.08809385  0.93462812]
125.1122362613678,1005,False,5,1,[6.45176389 2.1686413  4.00000001],exiting,[ 0.50568378 -0.03156594 -0.11489306]
125.21829080581665,1000,False,3,5,[-6.70766869  5.36072523  3.99997782],exiting,[-0.82138112 -0.19970136 -0.21083176]
125.21829080581665,1001,False,6,2,[-7.39927998 -1.22659232  1.7748089 ],landing,[-0.48080528  0.59740651 -0.20557775]
125.21829080581665,1002,False,1,6,[1.39349412 5.51334841 4.        ],cruising,[ 0.5677905  -0.59831228 -0.99408226]
125.21829080581665,1003,False,4,0,[ 4.60608468 -4.19729259  3.95585347],cruising,[ 0.63925976  0.24903542 -0.34837281]
125.21829080581665,1004,False,0,3,[8.32846072 2.60809791 3.99874787],cruising,[-0.62185191  0.08809385  0.93462812]
125.21829080581665,1005,False,5,1,[6.35202513 2.17586488 4.00000001],exiting,[ 0.50568378 -0.03156594 -0.11489306]
125.32390308380127,1000,False,3,5,[-6.77303287  5.43640564  3.99998195],exiting,[-0.82138112 -0.19970136 -0.21083176]
125.32390308380127,1001,False,6,2,[-7.4088325  -1.20510179  1.6776137 ],landing,[-0.48080528  0.59740651 -0.20557775]
125.32390308380127,1002,False,1,6,[1.57373843 5.42667668 4.        ],cruising,[ 0.5677905  -0.59831228 -0.99408226]
125.32390308380127,1003,False,4,0,[ 4.4225958  -4.11771978  3.96247545],cruising,[ 0.63925976  0.24903542 -0.34837281]
125.32390308380127,1004,False,0,3,[8.35697232 2.41014062 3.99893569],cruising,[-0.62185191  0.08809385  0.93462812]
125.32390308380127,1005,False,5,1,[6.25228638 2.18308845 4.00000001],exiting,[ 0.50568378 -0.03156594 -0.11489306]
125.40898752212524,1000,False,3,5,[-6.83839705  5.51208605  3.99998533],exiting,[-0.82138112 -0.19970136 -0.21083176]
125.40898752212524,1001,False,6,2,[-7.41838501 -1.18361126  1.5804185 ],landing,[-0.48080528  0.59740651 -0.20557775]
125.40898752212524,1002,False,1,6,[1.7561889  5.34475093 4.        ],cruising,[ 0.5677905  -0.59831228 -0.99408226]
125.40898752212524,1003,False,4,0,[ 4.23870607 -4.03907777  3.96810413],cruising,[ 0.63925976  0.24903542 -0.34837281]
125.40898752212524,1004,False,0,3,[8.38406183 2.21198371 3.99909534],cruising,[-0.62185191  0.08809385  0.93462812]
125.40898752212524,1005,False,5,1,[6.15254762 2.19031203 4.        ],exiting,[ 0.50568378 -0.03156594 -0.11489306]
125.51707053184509,1000,False,3,5,[-6.90376122  5.58776645  3.9999881 ],exiting,[-0.82138112 -0.19970136 -0.21083176]
125.51707053184509,1001,False,6,2,[-7.42793753 -1.16212073  1.4832233 ],fake_landed,[-0.48080528  0.59740651 -0.20557775]
125.51707053184509,1002,False,1,6,[1.94207819 5.27095953 4.        ],cruising,[ 0.5677905  -0.59831228 -0.99408226]
125.51707053184509,1003,False,4,0,[ 4.05405692 -3.96223576  3.97288851],cruising,[ 0.63925976  0.24903542 -0.34837281]
125.51707053184509,1004,False,0,3,[8.40612808 2.01320474 3.99923104],cruising,[-0.62185191  0.08809385  0.93462812]
125.51707053184509,1005,False,5,1,[6.05280886 2.1975356  4.        ],exiting,[ 0.50568378 -0.03156594 -0.11489306]
125.6119031906128,1000,False,3,5,[-6.9691254   5.66344686  3.99999036],exiting,[-0.82138112 -0.19970136 -0.21083176]
125.6119031906128,1001,False,6,2,[-7.43557954 -1.14492831  1.40546714],fake_landed,[-0.48080528  0.59740651 -0.20557775]
125.6119031906128,1002,False,1,6,[2.13019052 5.20303493 4.        ],cruising,[ 0.5677905  -0.59831228 -0.99408226]
125.6119031906128,1003,False,4,0,[ 3.86919664 -3.88590309  3.97695523],cruising,[ 0.63925976  0.24903542 -0.34837281]
125.6119031906128,1004,False,0,3,[8.42671296 1.8142669  3.99934638],cruising,[-0.62185191  0.08809385  0.93462812]
125.6119031906128,1005,False,5,1,[5.9530701  2.20475917 4.        ],exiting,[ 0.50568378 -0.03156594 -0.11489306]
125.70959448814392,1000,False,3,5,[-7.03448958  5.73912727  3.99999222],exiting,[-0.82138112 -0.19970136 -0.21083176]
125.70959448814392,1001,False,6,2,[-7.44131105 -1.13203399  1.34715002],fake_landed,[-0.48080528  0.59740651 -0.20557775]
125.70959448814392,1002,False,1,6,[2.32093226 5.14288854 4.        ],cruising,[ 0.5677905  -0.59831228 -0.99408226]
125.70959448814392,1003,False,4,0,[ 3.68385326 -3.81075103  3.98041195],cruising,[ 0.63925976  0.24903542 -0.34837281]
125.70959448814392,1004,False,0,3,[8.44281167 1.61491588 3.99944442],cruising,[-0.62185191  0.08809385  0.93462812]
125.70959448814392,1005,False,5,1,[5.85333134 2.21198275 4.        ],exiting,[ 0.50568378 -0.03156594 -0.11489306]
125.81401014328003,1000,False,3,5,[-7.09985376  5.81480768  3.99999373],exiting,[-0.82138112 -0.19970136 -0.21083176]
125.81401014328003,1001,False,6,2,[-7.44513205 -1.12343778  1.30827194],fake_landed,[-0.48080528  0.59740651 -0.20557775]
125.81401014328003,1002,False,1,6,[2.51585831 5.09812435 4.        ],cruising,[ 0.5677905  -0.59831228 -0.99408226]
125.81401014328003,1003,False,4,0,[ 3.49831585 -3.7360793   3.98335016],cruising,[ 0.63925976  0.24903542 -0.34837281]
125.81401014328003,1004,False,0,3,[8.45743155 1.41545095 3.99952776],cruising,[-0.62185191  0.08809385  0.93462812]
125.81401014328003,1005,False,5,1,[5.75359258 2.21920632 4.        ],exiting,[ 0.50568378 -0.03156594 -0.11489306]
125.922696352005,1000,False,3,5,[-7.16521794  5.89048809  3.99999495],exiting,[-0.82138112 -0.19970136 -0.21083176]
125.922696352005,1001,False,6,2,[-7.44704256 -1.11913967  1.2888329 ],fake_landed,[-0.48080528  0.59740651 -0.20557775]
125.922696352005,1002,False,1,6,[2.71238346 5.0610047  4.        ],cruising,[ 0.5677905  -0.59831228 -0.99408226]
125.922696352005,1003,False,4,0,[ 3.31241716 -3.66231157  3.98584763],cruising,[ 0.63925976  0.24903542 -0.34837281]
125.922696352005,1004,False,0,3,[8.47032166 1.21586677 3.9995986 ],cruising,[-0.62185191  0.08809385  0.93462812]
125.922696352005,1005,False,5,1,[5.65385382 2.2264299  4.        ],exiting,[ 0.50568378 -0.03156594 -0.11489306]
126.02127313613892,1000,False,3,5,[-7.23058212  5.96616849  3.99999595],exiting,[-0.82138112 -0.19970136 -0.21083176]
126.02127313613892,1001,False,2,4,[-7.44704256 -1.11913967  1.2888329 ],waiting,[-0.48080528  0.59740651 -0.20557775]
126.02127313613892,1002,False,1,6,[2.91001185 5.0302961  4.        ],cruising,[ 0.5677905  -0.59831228 -0.99408226]
126.02127313613892,1003,False,4,0,[ 3.1262289  -3.58927781  3.98797049],cruising,[ 0.63925976  0.24903542 -0.34837281]
126.02127313613892,1004,False,0,3,[8.47895075 1.01605301 3.99965881],cruising,[-0.62185191  0.08809385  0.93462812]
126.02127313613892,1005,False,5,1,[5.55411507 2.23365347 4.        ],landing,[ 0.50568378 -0.03156594 -0.11489306]
126.12247562408447,1000,False,3,5,[-7.2959463   6.0418489   3.99999677],exiting,[-0.82138112 -0.19970136 -0.21083176]
126.12247562408447,1001,False,2,4,[-7.44704256 -1.11913967  1.2888329 ],waiting,[-0.48080528  0.59740651 -0.20557775]
126.12247562408447,1002,False,1,6,[3.10838659 5.00485084 4.        ],cruising,[ 0.5677905  -0.59831228 -0.99408226]
126.12247562408447,1003,False,4,0,[ 2.93970287 -3.51711106  3.98977492],cruising,[ 0.63925976  0.24903542 -0.34837281]
126.12247562408447,1004,False,0,3,[8.48599461 0.81617708 3.99970999],cruising,[-0.62185191  0.08809385  0.93462812]
126.12247562408447,1005,False,5,1,[5.46825387 2.2367412  3.98620478],landing,[ 0.50568378 -0.03156594 -0.11489306]
126.20869874954224,1000,False,3,5,[-7.36131047  6.11752931  3.99999742],exiting,[-0.82138112 -0.19970136 -0.21083176]
126.20869874954224,1001,False,2,4,[-7.44704256 -1.11913967  1.2888329 ],waiting,[-0.48080528  0.59740651 -0.20557775]
126.20869874954224,1002,False,1,6,[3.30725683 4.98362282 4.        ],cruising,[ 0.5677905  -0.59831228 -0.99408226]
126.20869874954224,1003,False,4,0,[ 2.75270781 -3.44616849  3.99130868],cruising,[ 0.63925976  0.24903542 -0.34837281]
126.20869874954224,1004,False,0,3,[8.49127406 0.61624678 3.99975349],cruising,[-0.62185191  0.08809385  0.93462812]
126.20869874954224,1005,False,5,1,[5.39644097 2.23571845 3.95878057],landing,[ 0.50568378 -0.03156594 -0.11489306]
126.31137347221375,1000,False,3,5,[-7.42667465  6.19320972  3.99999796],exiting,[-0.82138112 -0.19970136 -0.21083176]
126.31137347221375,1001,False,2,4,[-7.44704256 -1.11913967  1.2888329 ],waiting,[-0.48080528  0.59740651 -0.20557775]
126.31137347221375,1002,False,1,6,[3.50644935 4.96566899 4.        ],cruising,[ 0.5677905  -0.59831228 -0.99408226]
126.31137347221375,1003,False,4,0,[ 2.56509626 -3.37687269  3.99261238],cruising,[ 0.63925976  0.24903542 -0.34837281]
126.31137347221375,1004,False,0,3,[8.492536   0.41625076 3.99979046],cruising,[-0.62185191  0.08809385  0.93462812]
126.31137347221375,1005,False,5,1,[5.33887547 2.23061593 3.91792629],landing,[ 0.50568378 -0.03156594 -0.11489306]
126.41907596588135,1000,False,3,5,[-7.49203883  6.26889013  3.99999838],exiting,[-0.82138112 -0.19970136 -0.21083176]
126.41907596588135,1001,False,2,4,[-7.44704256 -1.11913967  1.2888329 ],waiting,[-0.48080528  0.59740651 -0.20557775]
126.41907596588135,1002,False,1,6,[3.70584573 4.95014212 4.        ],cruising,[ 0.5677905  -0.59831228 -0.99408226]
126.41907596588135,1003,False,4,0,[ 2.37704418 -3.30878146  3.99372052],cruising,[ 0.63925976  0.24903542 -0.34837281]
126.41907596588135,1004,False,0,3,[8.49218229 0.21625107 3.99982189],cruising,[-0.62185191  0.08809385  0.93462812]
126.41907596588135,1005,False,5,1,[5.29582313 2.22147667 3.86391628],landing,[ 0.50568378 -0.03156594 -0.11489306]
126.5121238231659,1000,False,3,5,[-7.55740301  6.34457053  3.99999873],exiting,[-0.82138112 -0.19970136 -0.21083176]
126.5121238231659,1001,False,2,4,[-7.44704256 -1.11913967  1.2888329 ],waiting,[-0.48080528  0.59740651 -0.20557775]
126.5121238231659,1002,False,1,6,[3.90529914 4.93536583 4.        ],cruising,[ 0.5677905  -0.59831228 -0.99408226]
126.5121238231659,1003,False,4,0,[ 2.1880903  -3.24323429  3.99466244],cruising,[ 0.63925976  0.24903542 -0.34837281]
126.5121238231659,1004,False,0,3,[8.49005425 0.01626239 3.99984861],cruising,[-0.62185191  0.08809385  0.93462812]
126.5121238231659,1005,False,5,1,[5.26752442 2.20834168 3.79700804],landing,[ 0.50568378 -0.03156594 -0.11489306]
126.60878610610962,1000,False,3,5,[-7.62276719  6.42025094  3.99999901],exiting,[-0.82138112 -0.19970136 -0.21083176]
126.60878610610962,1001,False,2,4,[-7.44704256 -1.11913967  1.2888329 ],waiting,[-0.48080528  0.59740651 -0.20557775]
126.60878610610962,1002,False,1,6,[4.10485933 4.9221095  4.        ],cruising,[ 0.5677905  -0.59831228 -0.99408226]
126.60878610610962,1003,False,4,0,[ 1.99805923 -3.18087894  3.99546308],cruising,[ 0.63925976  0.24903542 -0.34837281]
126.60878610610962,1004,False,0,3,[ 8.48602602 -0.18369704  3.99987132],cruising,[-0.62185191  0.08809385  0.93462812]
126.60878610610962,1005,False,5,1,[5.25418924 2.19124849 3.71743388],landing,[ 0.50568378 -0.03156594 -0.11489306]
126.72170090675354,1000,False,3,5,[-7.68813137  6.49593135  3.99999923],exiting,[-0.82138112 -0.19970136 -0.21083176]
126.72170090675354,1001,False,2,4,[-7.44704256 -1.11913967  1.2888329 ],waiting,[-0.48080528  0.59740651 -0.20557775]
126.72170090675354,1002,False,1,6,[4.30446726 4.9095925  4.        ],cruising,[ 0.5677905  -0.59831228 -0.99408226]
126.72170090675354,1003,False,4,0,[ 1.80737796 -3.12054109  3.99614361],cruising,[ 0.63925976  0.24903542 -0.34837281]
126.72170090675354,1004,False,0,3,[ 8.47792064 -0.38353273  3.99989062],cruising,[-0.62185191  0.08809385  0.93462812]
126.72170090675354,1005,False,5,1,[5.25602867 2.17023653 3.62543497],landing,[ 0.50568378 -0.03156594 -0.11489306]
126.8108639717102,1000,False,3,5,[-7.75349555  6.57161176  3.9999994 ],exiting,[-0.82138112 -0.19970136 -0.21083176]
126.8108639717102,1001,False,2,4,[-7.44704256 -1.11913967  1.2888329 ],waiting,[-0.48080528  0.59740651 -0.20557775]
126.8108639717102,1002,False,1,6,[4.50407727 4.89710878 4.        ],cruising,[ 0.5677905  -0.59831228 -0.99408226]
126.8108639717102,1003,False,4,0,[ 1.61521009 -3.06511991  3.99672207],cruising,[ 0.63925976  0.24903542 -0.34837281]
126.8108639717102,1004,False,0,3,[ 8.46806724 -0.58328985  3.99990703],cruising,[-0.62185191  0.08809385  0.93462812]
126.8108639717102,1005,False,5,1,[5.26426378 2.1476131  3.52837641],landing,[ 0.50568378 -0.03156594 -0.11489306]
126.91704177856445,1000,False,3,5,[-7.81885973  6.64729217  3.99999954],exiting,[-0.82138112 -0.19970136 -0.21083176]
126.91704177856445,1001,False,2,4,[-7.44704256 -1.11913967  1.2888329 ],waiting,[-0.48080528  0.59740651 -0.20557775]
126.91704177856445,1002,False,1,6,[4.70364752 4.88400486 4.        ],cruising,[ 0.5677905  -0.59831228 -0.99408226]
126.91704177856445,1003,False,4,0,[ 1.42136545 -3.01588319  3.99721376],cruising,[ 0.63925976  0.24903542 -0.34837281]
126.91704177856445,1004,False,0,3,[ 8.45630919 -0.78294393  3.99992097],cruising,[-0.62185191  0.08809385  0.93462812]
126.91704177856445,1005,False,5,1,[5.27249888 2.12498968 3.43131785],landing,[ 0.50568378 -0.03156594 -0.11489306]
127.01011681556702,1000,False,3,5,[-7.8842239   6.72297257  3.99999965],exiting,[-0.82138112 -0.19970136 -0.21083176]
127.01011681556702,1001,False,2,4,[-7.44704256 -1.11913967  1.2888329 ],waiting,[-0.48080528  0.59740651 -0.20557775]
127.01011681556702,1002,False,1,6,[4.90313239 4.86965948 4.        ],cruising,[ 0.5677905  -0.59831228 -0.99408226]
127.01011681556702,1003,False,4,0,[ 1.22567949 -2.97456726  3.9976317 ],cruising,[ 0.63925976  0.24903542 -0.34837281]
127.01011681556702,1004,False,0,3,[ 8.44043572 -0.98231301  3.99993283],cruising,[-0.62185191  0.08809385  0.93462812]
127.01011681556702,1005,False,5,1,[5.28073398 2.10236625 3.33425929],landing,[ 0.50568378 -0.03156594 -0.11489306]
127.1224753856659,1000,False,3,5,[-7.94958808  6.79865298  3.99999974],exiting,[-0.82138112 -0.19970136 -0.21083176]
127.1224753856659,1001,False,2,4,[-7.44704256 -1.11913967  1.2888329 ],waiting,[-0.48080528  0.59740651 -0.20557775]
127.1224753856659,1002,False,1,6,[5.10254587 4.85435387 4.        ],cruising,[ 0.5677905  -0.59831228 -0.99408226]
127.1224753856659,1003,False,4,0,[ 1.02726853 -2.94940597  3.99798694],cruising,[ 0.63925976  0.24903542 -0.34837281]
127.1224753856659,1004,False,0,3,[ 8.42270467 -1.18152549  3.9999429 ],cruising,[-0.62185191  0.08809385  0.93462812]
127.1224753856659,1005,False,5,1,[5.28896909 2.07974282 3.23720074],landing,[ 0.50568378 -0.03156594 -0.11489306]
127.20943284034729,1000,False,3,5,[-8.01495226  6.87433339  3.99999981],exiting,[-0.82138112 -0.19970136 -0.21083176]
127.20943284034729,1001,False,2,4,[-7.44704256 -1.11913967  1.2888329 ],waiting,[-0.48080528  0.59740651 -0.20557775]
127.20943284034729,1002,False,1,6,[5.30176595 4.83670849 4.        ],cruising,[ 0.5677905  -0.59831228 -0.99408226]
127.20943284034729,1003,False,4,0,[ 0.82756506 -2.93851909  3.9982889 ],cruising,[ 0.63925976  0.24903542 -0.34837281]
127.20943284034729,1004,False,0,3,[ 8.40292321 -1.38054482  3.99995147],cruising,[-0.62185191  0.08809385  0.93462812]
127.20943284034729,1005,False,5,1,[5.29720419 2.0571194  3.14014218],landing,[ 0.50568378 -0.03156594 -0.11489306]
127.30940198898315,1000,False,3,5,[-8.08031644  6.9500138   3.99999986],exiting,[-0.82138112 -0.19970136 -0.21083176]
127.30940198898315,1001,False,2,4,[-7.44704256 -1.11913967  1.2888329 ],waiting,[-0.48080528  0.59740651 -0.20557775]
127.30940198898315,1002,False,1,6,[5.50069792 4.81606696 4.        ],cruising,[ 0.5677905  -0.59831228 -0.99408226]
127.30940198898315,1003,False,4,0,[ 0.62762728 -2.94350774  3.99854557],cruising,[ 0.63925976  0.24903542 -0.34837281]
127.30940198898315,1004,False,0,3,[ 8.3809153  -1.57933026  3.99995875],cruising,[-0.62185191  0.08809385  0.93462812]
127.30940198898315,1005,False,5,1,[5.30543929 2.03449597 3.04308362],landing,[ 0.50568378 -0.03156594 -0.11489306]
127.40907740592957,1000,False,3,5,[-8.14568062  7.0256942   3.9999999 ],exiting,[-0.82138112 -0.19970136 -0.21083176]
127.40907740592957,1001,False,2,4,[-7.44704256 -1.11913967  1.2888329 ],waiting,[-0.48080528  0.59740651 -0.20557775]
127.40907740592957,1002,False,1,6,[5.69921344 4.79174442 4.        ],exiting,[ 0.5677905  -0.59831228 -0.99408226]
127.40907740592957,1003,False,4,0,[ 0.4286217  -2.963427    3.99876373],cruising,[ 0.63925976  0.24903542 -0.34837281]
127.40907740592957,1004,False,0,3,[ 8.35412208 -1.77752744  3.99996494],cruising,[-0.62185191  0.08809385  0.93462812]
127.40907740592957,1005,False,5,1,[5.3136744  2.01187255 2.94602506],landing,[ 0.50568378 -0.03156594 -0.11489306]
127.50932598114014,1000,False,3,5,[-8.2110448   7.10137461  3.99999993],exiting,[-0.82138112 -0.19970136 -0.21083176]
127.50932598114014,1001,False,2,4,[-7.44704256 -1.11913967  1.2888329 ],waiting,[-0.48080528  0.59740651 -0.20557775]
127.50932598114014,1002,False,1,6,[5.88170645 4.7793918  4.        ],exiting,[ 0.5677905  -0.59831228 -0.99408226]
127.50932598114014,1003,False,4,0,[ 0.23156745 -2.99762675  3.99894917],cruising,[ 0.63925976  0.24903542 -0.34837281]
127.50932598114014,1004,False,0,3,[ 8.32507115 -1.9754063   3.9999702 ],cruising,[-0.62185191  0.08809385  0.93462812]
127.50932598114014,1005,False,5,1,[5.3219095  1.98924912 2.8489665 ],landing,[ 0.50568378 -0.03156594 -0.11489306]
127.60983300209045,1000,False,3,5,[-8.27640898  7.17705502  3.99999996],exiting,[-0.82138112 -0.19970136 -0.21083176]
127.60983300209045,1001,False,2,4,[-7.44704256 -1.11913967  1.2888329 ],waiting,[-0.48080528  0.59740651 -0.20557775]
127.60983300209045,1002,False,1,6,[6.04815394 4.77897824 4.        ],exiting,[ 0.5677905  -0.59831228 -0.99408226]
127.60983300209045,1003,False,4,0,[ 0.03730833 -3.0452019   3.9991068 ],cruising,[ 0.63925976  0.24903542 -0.34837281]
127.60983300209045,1004,False,0,3,[ 8.29350896 -2.17290017  3.99997467],cruising,[-0.62185191  0.08809385  0.93462812]
127.60983300209045,1005,False,5,1,[5.33014461 1.96662569 2.75190795],landing,[ 0.50568378 -0.03156594 -0.11489306]
127.70876884460449,1000,False,3,5,[-8.34177316  7.25273543  3.99999998],exiting,[-0.82138112 -0.19970136 -0.21083176]
127.70876884460449,1001,False,2,4,[-7.44704256 -1.11913967  1.2888329 ],waiting,[-0.48080528  0.59740651 -0.20557775]
127.70876884460449,1002,False,1,6,[6.19852611 4.7904636  4.        ],exiting,[ 0.5677905  -0.59831228 -0.99408226]
127.70876884460449,1003,False,4,0,[-0.15237505 -3.10860705  3.99924078],cruising,[ 0.63925976  0.24903542 -0.34837281]
127.70876884460449,1004,False,0,3,[ 8.25638683 -2.36942485  3.99997847],cruising,[-0.62185191  0.08809385  0.93462812]
127.70876884460449,1005,False,5,1,[5.33837971 1.94400227 2.65484939],landing,[ 0.50568378 -0.03156594 -0.11489306]
127.80909085273743,1000,False,3,5,[-8.40713733  7.32841584  3.99999999],landing,[-0.82138112 -0.19970136 -0.21083176]
127.80909085273743,1001,False,2,4,[-7.44704256 -1.11913967  1.2888329 ],waiting,[-0.48080528  0.59740651 -0.20557775]
127.80909085273743,1002,False,1,6,[6.33278408 4.81379518 4.        ],exiting,[ 0.5677905  -0.59831228 -0.99408226]
127.80909085273743,1003,False,4,0,[-0.33862186 -3.18149139  3.99935466],cruising,[ 0.63925976  0.24903542 -0.34837281]
127.80909085273743,1004,False,0,3,[ 8.21654901 -2.56541706  3.9999817 ],cruising,[-0.62185191  0.08809385  0.93462812]
127.80909085273743,1005,False,5,1,[5.34661481 1.92137884 2.55779083],landing,[ 0.50568378 -0.03156594 -0.11489306]
127.90857100486755,1000,False,3,5,[-8.46111553  7.39593286  3.985727  ],landing,[-0.82138112 -0.19970136 -0.21083176]
127.90857100486755,1001,False,2,4,[-7.44704256 -1.11913967  1.2888329 ],waiting,[-0.48080528  0.59740651 -0.20557775]
127.90857100486755,1002,False,1,6,[6.45087392 4.84889923 4.        ],exiting,[ 0.5677905  -0.59831228 -0.99408226]
127.90857100486755,1003,False,4,0,[-0.52055518 -3.26455923  3.99945146],cruising,[ 0.63925976  0.24903542 -0.34837281]
127.90857100486755,1004,False,0,3,[ 8.17046319 -2.76003488  3.99998444],cruising,[-0.62185191  0.08809385  0.93462812]
127.90857100486755,1005,False,5,1,[5.35484992 1.89875541 2.46073227],landing,[ 0.50568378 -0.03156594 -0.11489306]
128.00866079330444,1000,False,3,5,[-8.50362138  7.4551301   3.95734137],landing,[-0.82138112 -0.19970136 -0.21083176]
128.00866079330444,1001,False,2,4,[-7.44704256 -1.11913967  1.2888329 ],waiting,[-0.48080528  0.59740651 -0.20557775]
128.00866079330444,1002,False,1,6,[6.55272428 4.89567715 4.        ],exiting,[ 0.5677905  -0.59831228 -0.99408226]
128.00866079330444,1003,False,4,0,[-0.6995089  -3.35386527  3.99953374],cruising,[ 0.63925976  0.24903542 -0.34837281]
128.00866079330444,1004,False,0,3,[ 8.12121007 -2.95387536  3.99998678],cruising,[-0.62185191  0.08809385  0.93462812]
128.00866079330444,1005,False,5,1,[5.36308502 1.87613199 2.36367372],landing,[ 0.50568378 -0.03156594 -0.11489306]
128.12037658691406,1000,False,3,5,[-8.53455357  7.50582173  3.91503796],landing,[-0.82138112 -0.19970136 -0.21083176]
128.12037658691406,1001,False,2,4,[-7.44704256 -1.11913967  1.2888329 ],waiting,[-0.48080528  0.59740651 -0.20557775]
128.12037658691406,1002,False,1,6,[6.63828053 4.95405258 4.        ],exiting,[ 0.5677905  -0.59831228 -0.99408226]
128.12037658691406,1003,False,4,0,[-0.8774349  -3.44520167  3.99960368],cruising,[ 0.63925976  0.24903542 -0.34837281]
128.12037658691406,1004,False,0,3,[ 8.06451149 -3.14567023  3.99998876],cruising,[-0.62185191  0.08809385  0.93462812]
128.12037658691406,1005,False,5,1,[5.37132012 1.85350856 2.26661516],landing,[ 0.50568378 -0.03156594 -0.11489306]
128.20965886116028,1000,False,3,5,[-8.55377291  7.54774798  3.85909719],landing,[-0.82138112 -0.19970136 -0.21083176]
128.20965886116028,1001,False,2,4,[-7.44704256 -1.11913967  1.2888329 ],waiting,[-0.48080528  0.59740651 -0.20557775]
128.20965886116028,1002,False,1,6,[6.70748541 5.02394463 4.        ],exiting,[ 0.5677905  -0.59831228 -0.99408226]
128.20965886116028,1003,False,4,0,[-1.05679877 -3.53368105  3.99966313],cruising,[ 0.63925976  0.24903542 -0.34837281]
128.20965886116028,1004,False,0,3,[ 8.00390829 -3.33626732  3.99999045],cruising,[-0.62185191  0.08809385  0.93462812]
128.20965886116028,1005,False,5,1,[5.37955523 1.83088514 2.1695566 ],landing,[ 0.50568378 -0.03156594 -0.11489306]
128.3085811138153,1000,False,3,5,[-8.56117384  7.58070801  3.78974256],landing,[-0.82138112 -0.19970136 -0.21083176]
128.3085811138153,1001,False,2,4,[-7.44704256 -1.11913967  1.2888329 ],waiting,[-0.48080528  0.59740651 -0.20557775]
128.3085811138153,1002,False,1,6,[6.76027978 5.10526888 4.        ],exiting,[ 0.5677905  -0.59831228 -0.99408226]
128.3085811138153,1003,False,4,0,[-1.24162565 -3.61009457  3.99971366],cruising,[ 0.63925976  0.24903542 -0.34837281]
128.3085811138153,1004,False,0,3,[ 7.93395804 -3.52363584  3.99999188],cruising,[-0.62185191  0.08809385  0.93462812]
128.3085811138153,1005,False,5,1,[5.38779033 1.80826171 2.07249804],landing,[ 0.50568378 -0.03156594 -0.11489306]
128.41008806228638,1000,False,3,5,[-8.55665434  7.6045044   3.70719961],landing,[-0.82138112 -0.19970136 -0.21083176]
128.41008806228638,1001,False,2,4,[-7.44704256 -1.11913967  1.2888329 ],queued,[-0.48080528  0.59740651 -0.20557775]
128.41008806228638,1002,False,1,6,[6.79660341 5.19793839 4.        ],exiting,[ 0.5677905  -0.59831228 -0.99408226]
128.41008806228638,1003,False,4,0,[-1.4328587  -3.66756182  3.99975844],cruising,[ 0.63925976  0.24903542 -0.34837281]
128.41008806228638,1004,False,0,3,[ 7.85359236 -3.70677884  3.9999931 ],cruising,[-0.62185191  0.08809385  0.93462812]
128.41008806228638,1005,False,5,1,[5.39602544 1.78563828 1.97543948],landing,[ 0.50568378 -0.03156594 -0.11489306]
128.50961780548096,1000,False,3,5,[-8.54011306  7.61893731  3.61170284],landing,[-0.82138112 -0.19970136 -0.21083176]
128.50961780548096,1001,False,2,4,[-7.44704256 -1.11913967  1.3088329 ],queued,[-0.48080528  0.59740651 -0.20557775]
128.50961780548096,1002,False,1,6,[6.83126685 5.29173842 4.        ],exiting,[ 0.5677905  -0.59831228 -0.99408226]
128.50961780548096,1003,False,4,0,[-1.62724869 -3.7052798   3.99980017],cruising,[ 0.63925976  0.24903542 -0.34837281]
128.50961780548096,1004,False,0,3,[ 7.7612463  -3.88418291  3.99999413],cruising,[-0.62185191  0.08809385  0.93462812]
128.50961780548096,1005,False,5,1,[5.40426054 1.76301486 1.87838093],landing,[ 0.50568378 -0.03156594 -0.11489306]
128.6092278957367,1000,False,3,5,[-8.52172343  7.63191163  3.51426831],landing,[-0.82138112 -0.19970136 -0.21083176]
128.6092278957367,1001,False,2,4,[-7.44704256 -1.11913967  1.3488329 ],queued,[-0.48080528  0.59740651 -0.20557775]
128.6092278957367,1002,False,1,6,[6.86593028 5.38553846 4.        ],exiting,[ 0.5677905  -0.59831228 -0.99408226]
128.6092278957367,1003,False,4,0,[-1.8216124 -3.7229978  3.9998394],cruising,[ 0.63925976  0.24903542 -0.34837281]
128.6092278957367,1004,False,0,3,[ 7.65479909 -4.05350212  3.99999501],cruising,[-0.62185191  0.08809385  0.93462812]
128.6092278957367,1005,False,5,1,[5.41249564 1.74039143 1.78132237],landing,[ 0.50568378 -0.03156594 -0.11489306]
128.70879650115967,1000,False,3,5,[-8.50333379  7.64488596  3.41683377],landing,[-0.82138112 -0.19970136 -0.21083176]
128.70879650115967,1001,False,2,4,[-7.44704256 -1.11913967  1.4088329 ],queued,[-0.48080528  0.59740651 -0.20557775]
128.70879650115967,1002,False,1,6,[6.90059372 5.47933849 4.        ],exiting,[ 0.5677905  -0.59831228 -0.99408226]
128.70879650115967,1003,False,4,0,[-2.01294391 -3.72094699  3.9998763 ],cruising,[ 0.63925976  0.24903542 -0.34837281]
128.70879650115967,1004,False,0,3,[ 7.53198708 -4.2113238   3.99999576],cruising,[-0.62185191  0.08809385  0.93462812]
128.70879650115967,1005,False,5,1,[5.42073075 1.717768   1.68426381],landing,[ 0.50568378 -0.03156594 -0.11489306]
128.80923676490784,1000,False,3,5,[-8.48494416  7.65786029  3.31939924],landing,[-0.82138112 -0.19970136 -0.21083176]
128.80923676490784,1001,False,2,4,[-7.44704256 -1.11913967  1.4838329 ],queued,[-0.48080528  0.59740651 -0.20557775]
128.80923676490784,1002,False,1,6,[6.93525715 5.57313853 4.        ],exiting,[ 0.5677905  -0.59831228 -0.99408226]
128.80923676490784,1003,False,4,0,[-2.19860846 -3.69971584  3.99991087],cruising,[ 0.63925976  0.24903542 -0.34837281]
128.80923676490784,1004,False,0,3,[ 7.39424101 -4.35584233  3.99999643],cruising,[-0.62185191  0.08809385  0.93462812]
128.80923676490784,1005,False,5,1,[5.42896585 1.69514458 1.58720525],landing,[ 0.50568378 -0.03156594 -0.11489306]
128.90852069854736,1000,False,3,5,[-8.46655453  7.67083461  3.22196471],landing,[-0.82138112 -0.19970136 -0.21083176]
128.90852069854736,1001,False,2,4,[-7.44704256 -1.11913967  1.5588329 ],queued,[-0.48080528  0.59740651 -0.20557775]
128.90852069854736,1002,False,1,6,[6.96992058 5.66693856 4.        ],exiting,[ 0.5677905  -0.59831228 -0.99408226]
128.90852069854736,1003,False,4,0,[-2.37620732 -3.6601832   3.99994306],cruising,[ 0.63925976  0.24903542 -0.34837281]
128.90852069854736,1004,False,0,3,[ 7.24400965 -4.48473659  3.99999705],cruising,[-0.62185191  0.08809385  0.93462812]
128.90852069854736,1005,False,5,1,[5.43720095 1.67252115 1.49014669],fake_landed,[ 0.50568378 -0.03156594 -0.11489306]
129.01092910766602,1000,False,3,5,[-8.4481649   7.68380894  3.12453017],landing,[-0.82138112 -0.19970136 -0.21083176]
129.01092910766602,1001,False,2,4,[-7.44704256 -1.11913967  1.6338329 ],queued,[-0.48080528  0.59740651 -0.20557775]
129.01092910766602,1002,False,1,6,[7.00458402 5.76073859 4.        ],exiting,[ 0.5677905  -0.59831228 -0.99408226]
129.01092910766602,1003,False,4,0,[-2.54355806 -3.60347569  3.99997279],cruising,[ 0.63925976  0.24903542 -0.34837281]
129.01092910766602,1004,False,0,3,[ 7.08320946 -4.59665147  3.99999762],cruising,[-0.62185191  0.08809385  0.93462812]
129.01092910766602,1005,False,5,1,[5.44378904 1.65442241 1.41249985],fake_landed,[ 0.50568378 -0.03156594 -0.11489306]
129.1094434261322,1000,False,3,5,[-8.42977526  7.69678326  3.02709564],landing,[-0.82138112 -0.19970136 -0.21083176]
129.1094434261322,1001,False,2,4,[-7.44704256 -1.11913967  1.7088329 ],queued,[-0.48080528  0.59740651 -0.20557775]
129.1094434261322,1002,False,1,6,[7.03924745 5.85453863 4.        ],exiting,[ 0.5677905  -0.59831228 -0.99408226]
129.1094434261322,1003,False,4,0,[-2.69881758 -3.530837    3.99999994],cruising,[ 0.63925976  0.24903542 -0.34837281]
129.1094434261322,1004,False,0,3,[ 6.9138998  -4.69046692  3.99999815],cruising,[-0.62185191  0.08809385  0.93462812]
129.1094434261322,1005,False,5,1,[5.4487301  1.64084835 1.35426471],fake_landed,[ 0.50568378 -0.03156594 -0.11489306]
129.20859026908875,1000,False,3,5,[-8.41138563  7.70975759  2.92966111],landing,[-0.82138112 -0.19970136 -0.21083176]
129.20859026908875,1001,False,2,4,[-7.44704256 -1.11913967  1.7838329 ],queued,[-0.48080528  0.59740651 -0.20557775]
129.20859026908875,1002,False,1,6,[7.07391089 5.94833866 4.        ],exiting,[ 0.5677905  -0.59831228 -0.99408226]
129.20859026908875,1003,False,4,0,[-2.84036748 -3.4436365   4.00002438],cruising,[ 0.63925976  0.24903542 -0.34837281]
129.20859026908875,1004,False,0,3,[ 6.73822991 -4.76532064  3.99999863],cruising,[-0.62185191  0.08809385  0.93462812]
129.20859026908875,1005,False,5,1,[5.45202414 1.63179898 1.31544129],fake_landed,[ 0.50568378 -0.03156594 -0.11489306]
129.32190680503845,1000,False,3,5,[-8.392996    7.72273192  2.83222657],landing,[-0.82138112 -0.19970136 -0.21083176]
129.32190680503845,1001,False,2,4,[-7.44704256 -1.11913967  1.8588329 ],queued,[-0.48080528  0.59740651 -0.20557775]
129.32190680503845,1002,False,1,6,[7.10857432 6.04213869 4.        ],exiting,[ 0.5677905  -0.59831228 -0.99408226]
129.32190680503845,1003,False,4,0,[-2.96675205 -3.34339711  4.00004596],cruising,[ 0.63925976  0.24903542 -0.34837281]
129.32190680503845,1004,False,0,3,[ 6.55838664 -4.82061463  3.99999907],cruising,[-0.62185191  0.08809385  0.93462812]
129.32190680503845,1005,False,5,1,[5.45367116 1.6272743  1.29602958],fake_landed,[ 0.50568378 -0.03156594 -0.11489306]
129.41092014312744,1000,False,3,5,[-8.37460637  7.73570624  2.73479204],landing,[-0.82138112 -0.19970136 -0.21083176]
129.41092014312744,1001,False,2,4,[-7.44704256 -1.11913967  1.9338329 ],queued,[-0.48080528  0.59740651 -0.20557775]
129.41092014312744,1002,False,1,6,[7.14323776 6.13593873 4.        ],exiting,[ 0.5677905  -0.59831228 -0.99408226]
129.41092014312744,1003,False,4,0,[-3.07673938 -3.23170649  4.00006452],cruising,[ 0.63925976  0.24903542 -0.34837281]
129.41092014312744,1004,False,0,3,[ 6.37657685 -4.85600554  3.99999945],cruising,[-0.62185191  0.08809385  0.93462812]
129.41092014312744,1005,False,1,2,[5.45367116 1.6272743  1.29602958],waiting,[ 0.50568378 -0.03156594 -0.11489306]
129.51559901237488,1000,False,3,5,[-8.35621673  7.74868057  2.63735751],landing,[-0.82138112 -0.19970136 -0.21083176]
129.51559901237488,1001,False,2,4,[-7.44704256 -1.11913967  2.0088329 ],queued,[-0.48080528  0.59740651 -0.20557775]
129.51559901237488,1002,False,1,6,[7.17790119 6.22973876 4.        ],exiting,[ 0.5677905  -0.59831228 -0.99408226]
129.51559901237488,1003,False,4,0,[-3.16924111 -3.11030745  4.00007986],cruising,[ 0.63925976  0.24903542 -0.34837281]
129.51559901237488,1004,False,0,3,[ 6.19422562 -4.87140377  3.99999978],cruising,[-0.62185191  0.08809385  0.93462812]
129.51559901237488,1005,False,1,2,[5.45367116 1.6272743  1.29602958],waiting,[ 0.50568378 -0.03156594 -0.11489306]
129.6230182647705,1000,False,3,5,[-8.3378271   7.76165489  2.53992297],landing,[-0.82138112 -0.19970136 -0.21083176]
129.6230182647705,1001,False,2,4,[-7.44704256 -1.11913967  2.0838329 ],queued,[-0.48080528  0.59740651 -0.20557775]
129.6230182647705,1002,False,1,6,[7.21256463 6.32353879 4.        ],exiting,[ 0.5677905  -0.59831228 -0.99408226]
129.6230182647705,1003,False,4,0,[-3.24371699 -2.98024416  4.00009187],cruising,[ 0.63925976  0.24903542 -0.34837281]
129.6230182647705,1004,False,0,3,[ 6.0127575  -4.86682152  4.00000006],cruising,[-0.62185191  0.08809385  0.93462812]
129.6230182647705,1005,False,1,2,[5.45367116 1.6272743  1.29602958],waiting,[ 0.50568378 -0.03156594 -0.11489306]
129.7135808467865,1000,False,3,5,[-8.31943747  7.77462922  2.44248844],landing,[-0.82138112 -0.19970136 -0.21083176]
129.7135808467865,1001,False,2,4,[-7.44704256 -1.11913967  2.1588329 ],entering,[-0.48080528  0.59740651 -0.20557775]
129.7135808467865,1002,False,1,6,[7.24722806 6.41733883 4.        ],exiting,[ 0.5677905  -0.59831228 -0.99408226]
129.7135808467865,1003,False,4,0,[-3.29990774 -2.84207818  4.0001004 ],cruising,[ 0.63925976  0.24903542 -0.34837281]
129.7135808467865,1004,False,0,3,[ 5.83335522 -4.84234624  4.00000027],cruising,[-0.62185191  0.08809385  0.93462812]
129.7135808467865,1005,False,1,2,[5.45367116 1.6272743  1.29602958],waiting,[ 0.50568378 -0.03156594 -0.11489306]
129.8212752342224,1000,False,3,5,[-8.30104784  7.78760355  2.34505391],landing,[-0.82138112 -0.19970136 -0.21083176]
129.8212752342224,1001,False,2,4,[-7.43396563 -1.10400713  2.2338329 ],entering,[-0.48080528  0.59740651 -0.20557775]
129.8212752342224,1002,False,1,6,[7.2818915  6.51113886 4.        ],exiting,[ 0.5677905  -0.59831228 -0.99408226]
129.8212752342224,1003,False,4,0,[-3.33765015 -2.69618828  4.00010536],cruising,[ 0.63925976  0.24903542 -0.34837281]
129.8212752342224,1004,False,0,3,[ 5.65654502 -4.79803964  4.00000043],cruising,[-0.62185191  0.08809385  0.93462812]
129.8212752342224,1005,False,1,2,[5.45367116 1.6272743  1.29602958],waiting,[ 0.50568378 -0.03156594 -0.11489306]
129.9128406047821,1000,False,3,5,[-8.2826582   7.80057787  2.24761937],landing,[-0.82138112 -0.19970136 -0.21083176]
129.9128406047821,1001,False,2,4,[-7.40782672 -1.07372913  2.3088329 ],entering,[-0.48080528  0.59740651 -0.20557775]
129.9128406047821,1002,False,1,6,[7.31655493 6.60493889 4.        ],exiting,[ 0.5677905  -0.59831228 -0.99408226]
129.9128406047821,1003,False,4,0,[-3.35682365 -2.54286901  4.00010666],cruising,[ 0.63925976  0.24903542 -0.34837281]
129.9128406047821,1004,False,0,3,[ 5.48305138 -4.73400995  4.00000052],cruising,[-0.62185191  0.08809385  0.93462812]
129.9128406047821,1005,False,1,2,[5.45367116 1.6272743  1.29602958],waiting,[ 0.50568378 -0.03156594 -0.11489306]
130.01038932800293,1000,False,3,5,[-8.26426857  7.8135522   2.15018484],landing,[-0.82138112 -0.19970136 -0.21083176]
130.01038932800293,1001,False,2,4,[-7.3686589  -1.02827723  2.3838329 ],entering,[-0.48080528  0.59740651 -0.20557775]
130.01038932800293,1002,False,1,6,[7.35121836 6.69873893 4.        ],exiting,[ 0.5677905  -0.59831228 -0.99408226]
130.01038932800293,1003,False,4,0,[-3.35753544 -2.38185784  4.00010421],cruising,[ 0.63925976  0.24903542 -0.34837281]
130.01038932800293,1004,False,0,3,[ 5.31265955 -4.65022226  4.00000054],cruising,[-0.62185191  0.08809385  0.93462812]
130.01038932800293,1005,False,1,2,[5.45367116 1.6272743  1.29602958],waiting,[ 0.50568378 -0.03156594 -0.11489306]
130.12260007858276,1000,False,3,5,[-8.24587894  7.82652652  2.05275031],landing,[-0.82138112 -0.19970136 -0.21083176]
130.12260007858276,1001,False,2,4,[-7.31652536 -0.96759739  2.4588329 ],entering,[-0.48080528  0.59740651 -0.20557775]
130.12260007858276,1002,False,1,6,[7.3858818  6.79253896 4.        ],exiting,[ 0.5677905  -0.59831228 -0.99408226]
130.12260007858276,1003,False,4,0,[-3.34018816 -2.21225192  4.00009791],cruising,[ 0.63925976  0.24903542 -0.34837281]
130.12260007858276,1004,False,0,3,[ 5.1448179  -4.54659782  4.00000049],cruising,[-0.62185191  0.08809385  0.93462812]
130.12260007858276,1005,False,1,2,[5.45367116 1.6272743  1.29602958],waiting,[ 0.50568378 -0.03156594 -0.11489306]
130.21365308761597,1000,False,3,5,[-8.2274893   7.83950085  1.95531577],landing,[-0.82138112 -0.19970136 -0.21083176]
130.21365308761597,1001,False,2,4,[-7.25154994 -0.89158503  2.5338329 ],entering,[-0.48080528  0.59740651 -0.20557775]
130.21365308761597,1002,False,1,6,[7.42054523 6.886339   4.        ],exiting,[ 0.5677905  -0.59831228 -0.99408226]
130.21365308761597,1003,False,4,0,[-3.30605605 -2.03177081  4.00008768],cruising,[ 0.63925976  0.24903542 -0.34837281]
130.21365308761597,1004,False,0,3,[ 4.97334909 -4.44364905  4.00000041],cruising,[-0.62185191  0.08809385  0.93462812]
130.21365308761597,1005,False,1,2,[5.45367116 1.6272743  1.29602958],waiting,[ 0.50568378 -0.03156594 -0.11489306]
130.322016954422,1000,False,3,5,[-8.20909967  7.85247518  1.85788124],landing,[-0.82138112 -0.19970136 -0.21083176]
130.322016954422,1001,False,2,4,[-7.17405092 -0.79997909  2.6088329 ],entering,[-0.48080528  0.59740651 -0.20557775]
130.322016954422,1002,False,1,6,[7.45520867 6.98013903 4.        ],exiting,[ 0.5677905  -0.59831228 -0.99408226]
130.322016954422,1003,False,4,0,[-3.26563899 -1.83589722  4.00007453],cruising,[ 0.63925976  0.24903542 -0.34837281]
130.322016954422,1004,False,0,3,[ 4.79897281 -4.34570564  4.00000035],cruising,[-0.62185191  0.08809385  0.93462812]
130.322016954422,1005,False,1,2,[5.45367116 1.6272743  1.29602958],waiting,[ 0.50568378 -0.03156594 -0.11489306]
130.4185709953308,1000,False,3,5,[-8.19071004  7.8654495   1.76044671],landing,[-0.82138112 -0.19970136 -0.21083176]
130.4185709953308,1001,False,2,4,[-7.08435325 -0.69252409  2.6838329 ],entering,[-0.48080528  0.59740651 -0.20557775]
130.4185709953308,1002,False,1,6,[7.4898721  7.07393906 4.        ],exiting,[ 0.5677905  -0.59831228 -0.99408226]
130.4185709953308,1003,False,4,0,[-3.24175673 -1.63732825  4.00006335],cruising,[ 0.63925976  0.24903542 -0.34837281]
130.4185709953308,1004,False,0,3,[ 4.62137331 -4.25373598  4.0000003 ],cruising,[-0.62185191  0.08809385  0.93462812]
130.4185709953308,1005,False,1,2,[5.45367116 1.6272743  1.29602958],waiting,[ 0.50568378 -0.03156594 -0.11489306]
130.51001238822937,1000,False,3,5,[-8.17232041  7.87842383  1.66301217],landing,[-0.82138112 -0.19970136 -0.21083176]
130.51001238822937,1001,False,2,4,[-6.98300727 -0.56881127  2.7588329 ],entering,[-0.48080528  0.59740651 -0.20557775]
130.51001238822937,1002,False,1,6,[7.52453554 7.1677391  4.        ],exiting,[ 0.5677905  -0.59831228 -0.99408226]
130.51001238822937,1003,False,4,0,[-3.23388882 -1.43748307  4.00005385],cruising,[ 0.63925976  0.24903542 -0.34837281]
130.51001238822937,1004,False,0,3,[ 4.44214698 -4.16497831  4.00000025],cruising,[-0.62185191  0.08809385  0.93462812]
130.51001238822937,1005,False,1,2,[5.45367116 1.6272743  1.29602958],waiting,[ 0.50568378 -0.03156594 -0.11489306]
130.60922598838806,1000,False,3,5,[-8.15393077  7.89139815  1.56557764],landing,[-0.82138112 -0.19970136 -0.21083176]
130.60922598838806,1001,False,2,4,[-6.87119105 -0.42805808  2.8338329 ],entering,[-0.48080528  0.59740651 -0.20557775]
130.60922598838806,1002,False,1,6,[7.55919897 7.26153913 4.        ],exiting,[ 0.5677905  -0.59831228 -0.99408226]
130.60922598838806,1003,False,4,0,[-3.24161097 -1.2376322   4.00004577],cruising,[ 0.63925976  0.24903542 -0.34837281]
130.60922598838806,1004,False,0,3,[ 4.26101948 -4.08016777  4.00000022],cruising,[-0.62185191  0.08809385  0.93462812]
130.60922598838806,1005,False,1,2,[5.45367116 1.6272743  1.29602958],waiting,[ 0.50568378 -0.03156594 -0.11489306]
130.71681547164917,1000,False,3,5,[-8.13554114  7.90437248  1.46814311],fake_landed,[-0.82138112 -0.19970136 -0.21083176]
130.71681547164917,1001,False,2,4,[-6.75156253 -0.26889381  2.9088329 ],entering,[-0.48080528  0.59740651 -0.20557775]
130.71681547164917,1002,False,1,6,[7.59386241 7.35533916 4.        ],exiting,[ 0.5677905  -0.59831228 -0.99408226]
130.71681547164917,1003,False,4,0,[-3.26388133 -1.03887599  4.00003891],cruising,[ 0.63925976  0.24903542 -0.34837281]
130.71681547164917,1004,False,0,3,[ 4.07899664 -3.99729627  4.00000018],cruising,[-0.62185191  0.08809385  0.93462812]
130.71681547164917,1005,False,1,2,[5.45367116 1.6272743  1.29602958],waiting,[ 0.50568378 -0.03156594 -0.11489306]
130.8092064857483,1000,False,3,5,[-8.12082944  7.91475194  1.39019548],fake_landed,[-0.82138112 -0.19970136 -0.21083176]
130.8092064857483,1001,False,2,4,[-6.63484812 -0.10648154  2.9838329 ],entering,[-0.48080528  0.59740651 -0.20557775]
130.8092064857483,1002,False,1,6,[7.62852584 7.4491392  4.        ],exiting,[ 0.5677905  -0.59831228 -0.99408226]
130.8092064857483,1003,False,4,0,[-3.29952718 -0.84207819  4.00003307],cruising,[ 0.63925976  0.24903542 -0.34837281]
130.8092064857483,1004,False,0,3,[ 3.89583282 -3.91697807  4.00000016],cruising,[-0.62185191  0.08809385  0.93462812]
130.8092064857483,1005,False,1,2,[5.45367116 1.6272743  1.29602958],waiting,[ 0.50568378 -0.03156594 -0.11489306]
130.9193994998932,1000,False,3,5,[-8.10979566  7.92253654  1.33173476],fake_landed,[-0.82138112 -0.19970136 -0.21083176]
130.9193994998932,1001,False,2,4,[-6.5216759   0.05841858  3.0588329 ],entering,[-0.48080528  0.59740651 -0.20557775]
130.9193994998932,1002,False,1,6,[7.66318928 7.54293923 4.        ],exiting,[ 0.5677905  -0.59831228 -0.99408226]
130.9193994998932,1003,False,4,0,[-3.34594089 -0.64753831  4.00002811],cruising,[ 0.63925976  0.24903542 -0.34837281]
130.9193994998932,1004,False,0,3,[ 3.71211972 -3.83792429  4.00000013],cruising,[-0.62185191  0.08809385  0.93462812]
130.9193994998932,1005,False,1,2,[5.45367116 1.6272743  1.29602958],waiting,[ 0.50568378 -0.03156594 -0.11489306]
131.0099709033966,1000,False,3,5,[-8.1024398   7.92772627  1.29276095],fake_landed,[-0.82138112 -0.19970136 -0.21083176]
131.0099709033966,1001,False,2,4,[-6.41266333  0.22609762  3.1338329 ],entering,[-0.48080528  0.59740651 -0.20557775]
131.0099709033966,1002,False,1,6,[7.69785271 7.63673926 4.        ],exiting,[ 0.5677905  -0.59831228 -0.99408226]
131.0099709033966,1003,False,4,0,[-3.40376622 -0.45608014  4.00002389],cruising,[ 0.63925976  0.24903542 -0.34837281]
131.0099709033966,1004,False,0,3,[ 3.5276753  -3.76059218  4.00000011],cruising,[-0.62185191  0.08809385  0.93462812]
131.0099709033966,1005,False,1,2,[5.45367116 1.6272743  1.29602958],waiting,[ 0.50568378 -0.03156594 -0.11489306]
131.11078143119812,1000,False,3,5,[-8.09876188  7.93032113  1.27327404],fake_landed,[-0.82138112 -0.19970136 -0.21083176]
131.11078143119812,1001,False,2,4,[-6.30835094  0.3967403   3.2088329 ],entering,[-0.48080528  0.59740651 -0.20557775]
131.11078143119812,1002,False,1,6,[7.73251614 7.7305393  4.        ],exiting,[ 0.5677905  -0.59831228 -0.99408226]
131.11078143119812,1003,False,4,0,[-3.47222997 -0.26816336  4.00002031],cruising,[ 0.63925976  0.24903542 -0.34837281]
131.11078143119812,1004,False,0,3,[ 3.3427882 -3.6843245  4.0000001],cruising,[-0.62185191  0.08809385  0.93462812]
131.11078143119812,1005,False,1,2,[5.45367116 1.6272743  1.29602958],waiting,[ 0.50568378 -0.03156594 -0.11489306]
131.22073364257812,1000,False,5,1,[-8.09876188  7.93032113  1.27327404],waiting,[-0.82138112 -0.19970136 -0.21083176]
131.22073364257812,1001,False,2,4,[-6.20944409  0.57057193  3.2838329 ],entering,[-0.48080528  0.59740651 -0.20557775]
131.22073364257812,1002,False,1,6,[7.76717958 7.82433933 4.        ],exiting,[ 0.5677905  -0.59831228 -0.99408226]
131.22073364257812,1003,False,4,0,[-3.5486629  -0.08334451  4.00001726],cruising,[ 0.63925976  0.24903542 -0.34837281]
131.22073364257812,1004,False,0,3,[ 3.15738598 -3.60931772  4.00000008],cruising,[-0.62185191  0.08809385  0.93462812]
131.22073364257812,1005,False,1,2,[5.45367116 1.6272743  1.29602958],waiting,[ 0.50568378 -0.03156594 -0.11489306]
131.31518578529358,1000,False,5,1,[-8.09876188  7.93032113  1.27327404],waiting,[-0.82138112 -0.19970136 -0.21083176]
131.31518578529358,1001,False,2,4,[-6.11677802  0.74780906  3.3588329 ],entering,[-0.48080528  0.59740651 -0.20557775]
131.31518578529358,1002,False,1,6,[7.80184301 7.91813937 4.        ],exiting,[ 0.5677905  -0.59831228 -0.99408226]
131.31518578529358,1003,False,4,0,[-3.63582882  0.09666133  4.00001467],cruising,[ 0.63925976  0.24903542 -0.34837281]
131.31518578529358,1004,False,0,3,[ 2.97147345 -3.53558487  4.00000007],cruising,[-0.62185191  0.08809385  0.93462812]
131.31518578529358,1005,False,1,2,[5.45367116 1.6272743  1.29602958],waiting,[ 0.50568378 -0.03156594 -0.11489306]
131.416401386261,1000,False,5,1,[-8.09876188  7.93032113  1.27327404],waiting,[-0.82138112 -0.19970136 -0.21083176]
131.416401386261,1001,False,2,4,[-6.03132455  0.92863412  3.4338329 ],entering,[-0.48080528  0.59740651 -0.20557775]
131.416401386261,1002,False,1,6,[7.83650645 8.0119394  4.        ],exiting,[ 0.5677905  -0.59831228 -0.99408226]
131.416401386261,1003,False,4,0,[-3.73064408  0.27275808  4.00001247],cruising,[ 0.63925976  0.24903542 -0.34837281]
131.416401386261,1004,False,0,3,[ 2.78496206 -3.46338031  4.00000006],cruising,[-0.62185191  0.08809385  0.93462812]
131.416401386261,1005,False,1,2,[5.45367116 1.6272743  1.29602958],waiting,[ 0.50568378 -0.03156594 -0.11489306]
131.52403736114502,1000,False,5,1,[-8.09876188  7.93032113  1.27327404],waiting,[-0.82138112 -0.19970136 -0.21083176]
131.52403736114502,1001,False,2,4,[-5.95424247  1.11318317  3.5088329 ],entering,[-0.48080528  0.59740651 -0.20557775]
131.52403736114502,1002,False,1,6,[7.87116988 8.10573943 4.        ],exiting,[ 0.5677905  -0.59831228 -0.99408226]
131.52403736114502,1003,False,4,0,[-3.83318138  0.44447326  4.0000106 ],cruising,[ 0.63925976  0.24903542 -0.34837281]
131.52403736114502,1004,False,0,3,[ 2.59796726 -3.39243705  4.00000005],cruising,[-0.62185191  0.08809385  0.93462812]
131.52403736114502,1005,False,1,2,[5.45367116 1.6272743  1.29602958],waiting,[ 0.50568378 -0.03156594 -0.11489306]
131.6135597229004,1000,False,5,1,[-8.09876188  7.93032113  1.27327404],waiting,[-0.82138112 -0.19970136 -0.21083176]
131.6135597229004,1001,False,2,4,[-5.88688296  1.30149859  3.58250797],entering,[-0.48080528  0.59740651 -0.20557775]
131.6135597229004,1002,False,1,6,[7.90583332 8.19953947 4.        ],exiting,[ 0.5677905  -0.59831228 -0.99408226]
131.6135597229004,1003,False,4,0,[-3.9397083   0.61374232  4.00000901],cruising,[ 0.63925976  0.24903542 -0.34837281]
131.6135597229004,1004,False,0,3,[ 2.41018023 -3.32361821  4.00000004],cruising,[-0.62185191  0.08809385  0.93462812]
131.6135597229004,1005,False,1,2,[5.45367116 1.6272743  1.29602958],queued,[ 0.50568378 -0.03156594 -0.11489306]
131.7103250026703,1000,False,5,1,[-8.09876188  7.93032113  1.27327404],waiting,[-0.82138112 -0.19970136 -0.21083176]
131.7103250026703,1001,False,2,4,[-5.83076422  1.49346392  3.64513177],entering,[-0.48080528  0.59740651 -0.20557775]
131.7103250026703,1002,False,1,6,[7.94049675 8.2933395  4.        ],exiting,[ 0.5677905  -0.59831228 -0.99408226]
131.7103250026703,1003,False,4,0,[-4.04933859  0.78101814  4.00000766],cruising,[ 0.63925976  0.24903542 -0.34837281]
131.7103250026703,1004,False,0,3,[ 2.22145502 -3.25741553  4.00000004],cruising,[-0.62185191  0.08809385  0.93462812]
131.7103250026703,1005,False,1,2,[5.45367116 1.6272743  1.31602958],queued,[ 0.50568378 -0.03156594 -0.11489306]
131.81260299682617,1000,False,5,1,[-8.09876188  7.93032113  1.27327404],waiting,[-0.82138112 -0.19970136 -0.21083176]
131.81260299682617,1001,False,2,4,[-5.78749124  1.68872643  3.69836201],entering,[-0.48080528  0.59740651 -0.20557775]
131.81260299682617,1002,False,1,6,[7.97516019 8.38713953 4.        ],exiting,[ 0.5677905  -0.59831228 -0.99408226]
131.81260299682617,1003,False,4,0,[-4.16133673  0.94671792  4.00000651],cruising,[ 0.63925976  0.24903542 -0.34837281]
131.81260299682617,1004,False,0,3,[ 2.03212959 -3.1929494   4.00000003],cruising,[-0.62185191  0.08809385  0.93462812]
131.81260299682617,1005,False,1,2,[5.45367116 1.6272743  1.35602958],queued,[ 0.50568378 -0.03156594 -0.11489306]
131.91138410568237,1000,False,5,1,[-8.09876188  7.93032113  1.27327404],waiting,[-0.82138112 -0.19970136 -0.21083176]
131.91138410568237,1001,False,2,4,[-5.75859682  1.88662821  3.74360771],entering,[-0.48080528  0.59740651 -0.20557775]
131.91138410568237,1002,False,1,6,[8.00982362 8.48093957 4.        ],exiting,[ 0.5677905  -0.59831228 -0.99408226]
131.91138410568237,1003,False,4,0,[-4.2750897   1.11121795  4.00000553],cruising,[ 0.63925976  0.24903542 -0.34837281]
131.91138410568237,1004,False,0,3,[ 1.84152774 -3.13236118  4.00000003],cruising,[-0.62185191  0.08809385  0.93462812]
131.91138410568237,1005,False,1,2,[5.45367116 1.6272743  1.41602958],queued,[ 0.50568378 -0.03156594 -0.11489306]
132.01374197006226,1000,False,5,1,[-8.09876188  7.93032113  1.27327404],waiting,[-0.82138112 -0.19970136 -0.21083176]
132.01374197006226,1001,False,2,4,[-5.74529862  2.08618561  3.78206655],entering,[-0.48080528  0.59740651 -0.20557775]
132.01374197006226,1002,False,1,6,[8.04448706 8.5747396  4.        ],exiting,[ 0.5677905  -0.59831228 -0.99408226]
132.01374197006226,1003,False,4,0,[-4.39008225  1.27485387  4.0000047 ],cruising,[ 0.63925976  0.24903542 -0.34837281]
132.01374197006226,1004,False,0,3,[ 1.6494644  -3.07657879  4.00000002],cruising,[-0.62185191  0.08809385  0.93462812]
132.01374197006226,1005,False,1,2,[5.45367116 1.6272743  1.49102958],queued,[ 0.50568378 -0.03156594 -0.11489306]
132.12370920181274,1000,False,5,1,[-8.09876188  7.93032113  1.27327404],waiting,[-0.82138112 -0.19970136 -0.21083176]
132.12370920181274,1001,False,2,4,[-5.74735954  2.286175    3.81475657],entering,[-0.48080528  0.59740651 -0.20557775]
132.12370920181274,1002,False,1,6,[8.07915049 8.66853963 4.        ],exiting,[ 0.5677905  -0.59831228 -0.99408226]
132.12370920181274,1003,False,4,0,[-4.50587593  1.43792387  4.000004  ],cruising,[ 0.63925976  0.24903542 -0.34837281]
132.12370920181274,1004,False,0,3,[ 1.45574688 -3.02684429  4.00000002],cruising,[-0.62185191  0.08809385  0.93462812]
132.12370920181274,1005,False,1,2,[5.45367116 1.6272743  1.56602958],queued,[ 0.50568378 -0.03156594 -0.11489306]
132.21542644500732,1000,False,5,1,[-8.09876188  7.93032113  1.27327404],waiting,[-0.82138112 -0.19970136 -0.21083176]
132.21542644500732,1001,False,2,4,[-5.76541448  2.48535838  3.84254308],cruising,[-0.48080528  0.59740651 -0.20557775]
132.21542644500732,1002,False,1,6,[8.11381392 8.76233967 4.        ],exiting,[ 0.5677905  -0.59831228 -0.99408226]
132.21542644500732,1003,False,4,0,[-4.62199045  1.60076557  4.0000034 ],cruising,[ 0.63925976  0.24903542 -0.34837281]
132.21542644500732,1004,False,0,3,[ 1.26020321 -2.98486008  4.00000002],cruising,[-0.62185191  0.08809385  0.93462812]
132.21542644500732,1005,False,1,2,[5.45367116 1.6272743  1.64102958],queued,[ 0.50568378 -0.03156594 -0.11489306]
132.31264090538025,1000,False,5,1,[-8.09876188  7.93032113  1.27327404],waiting,[-0.82138112 -0.19970136 -0.21083176]
132.31264090538025,1001,False,2,4,[-5.79724993  2.68280838  3.86616162],cruising,[-0.48080528  0.59740651 -0.20557775]
132.31264090538025,1002,False,1,6,[8.14847736 8.8561397  4.        ],exiting,[ 0.5677905  -0.59831228 -0.99408226]
132.31264090538025,1003,False,4,0,[-4.73835416  1.76342929  4.00000289],cruising,[ 0.63925976  0.24903542 -0.34837281]
132.31264090538025,1004,False,0,3,[ 1.06275579 -2.95300859  4.00000001],cruising,[-0.62185191  0.08809385  0.93462812]
132.31264090538025,1005,False,1,2,[5.45367116 1.6272743  1.71602958],queued,[ 0.50568378 -0.03156594 -0.11489306]
132.40985751152039,1000,False,5,1,[-8.09876188  7.93032113  1.27327404],waiting,[-0.82138112 -0.19970136 -0.21083176]
132.40985751152039,1001,False,2,4,[-5.84228761  2.87767143  3.88623738],cruising,[-0.48080528  0.59740651 -0.20557775]
132.40985751152039,1002,False,1,6,[8.18314079 8.94993974 4.        ],exiting,[ 0.5677905  -0.59831228 -0.99408226]
132.40985751152039,1003,False,4,0,[-4.85461888  1.92616378  4.00000246],cruising,[ 0.63925976  0.24903542 -0.34837281]
132.40985751152039,1004,False,0,3,[ 0.86315857 -2.94104124  4.00000001],cruising,[-0.62185191  0.08809385  0.93462812]
132.40985751152039,1005,False,1,2,[5.45367116 1.6272743  1.79102958],queued,[ 0.50568378 -0.03156594 -0.11489306]
132.51154279708862,1000,False,5,1,[-8.09876188  7.93032113  1.27327404],waiting,[-0.82138112 -0.19970136 -0.21083176]
132.51154279708862,1001,False,2,4,[-5.89682908  3.07009083  3.90330177],cruising,[-0.48080528  0.59740651 -0.20557775]
132.51154279708862,1002,False,1,6,[8.21780423 9.04373977 4.        ],exiting,[ 0.5677905  -0.59831228 -0.99408226]
132.51154279708862,1003,False,4,0,[-4.9704681   2.08919432  4.00000209],cruising,[ 0.63925976  0.24903542 -0.34837281]
132.51154279708862,1004,False,0,3,[ 0.66320829 -2.94550022  4.00000001],cruising,[-0.62185191  0.08809385  0.93462812]
132.51154279708862,1005,False,1,2,[5.45367116 1.6272743  1.86602958],queued,[ 0.50568378 -0.03156594 -0.11489306]
132.61847472190857,1000,False,5,1,[-8.09876188  7.93032113  1.27327404],waiting,[-0.82138112 -0.19970136 -0.21083176]
132.61847472190857,1001,False,2,4,[-5.95843653  3.26036569  3.9178065 ],cruising,[-0.48080528  0.59740651 -0.20557775]
132.61847472190857,1002,False,1,6,[8.25246766 9.1375398  4.        ],landing,[ 0.5677905  -0.59831228 -0.99408226]
132.61847472190857,1003,False,4,0,[-5.08560368  2.25272964  4.00000177],cruising,[ 0.63925976  0.24903542 -0.34837281]
132.61847472190857,1004,False,0,3,[ 0.46371315 -2.95970205  4.00000001],cruising,[-0.62185191  0.08809385  0.93462812]
132.61847472190857,1005,False,1,2,[5.45367116 1.6272743  1.94102958],queued,[ 0.50568378 -0.03156594 -0.11489306]
132.71643114089966,1000,False,5,1,[-8.09876188  7.93032113  1.27327404],waiting,[-0.82138112 -0.19970136 -0.21083176]
132.71643114089966,1001,False,2,4,[-6.02472264  3.44906162  3.93013553],cruising,[-0.48080528  0.59740651 -0.20557775]
132.71643114089966,1002,False,1,6,[8.28536148 9.21721367 3.98595294],landing,[ 0.5677905  -0.59831228 -0.99408226]
132.71643114089966,1003,False,4,0,[-5.20027383  2.41659164  4.00000151],cruising,[ 0.63925976  0.24903542 -0.34837281]
132.71643114089966,1004,False,0,3,[ 0.26588022 -2.98906408  4.00000001],cruising,[-0.62185191  0.08809385  0.93462812]
132.71643114089966,1005,False,1,2,[5.45367116 1.6272743  2.01602958],queued,[ 0.50568378 -0.03156594 -0.11489306]
132.8085482120514,1000,False,5,1,[-8.09876188  7.93032113  1.27327404],waiting,[-0.82138112 -0.19970136 -0.21083176]
132.8085482120514,1001,False,2,4,[-6.09341583  3.63689464  3.9406152 ],cruising,[-0.48080528  0.59740651 -0.20557775]
132.8085482120514,1002,False,1,6,[8.31639078 9.28261306 3.95802198],landing,[ 0.5677905  -0.59831228 -0.99408226]
132.8085482120514,1003,False,4,0,[-5.31366854  2.58133884  4.00000128],cruising,[ 0.63925976  0.24903542 -0.34837281]
132.8085482120514,1004,False,0,3,[ 0.07168261 -3.0368897   4.00000001],cruising,[-0.62185191  0.08809385  0.93462812]
132.8085482120514,1005,False,1,2,[5.45367116 1.6272743  2.09102958],queued,[ 0.50568378 -0.03156594 -0.11489306]
132.91901969909668,1000,False,5,1,[-8.09876188  7.93032113  1.27327404],waiting,[-0.82138112 -0.19970136 -0.21083176]
132.91901969909668,1001,False,2,4,[-6.16234348  3.82464176  3.94952292],cruising,[-0.48080528  0.59740651 -0.20557775]
132.91901969909668,1002,False,1,6,[8.34544299 9.33356412 3.9164039 ],landing,[ 0.5677905  -0.59831228 -0.99408226]
132.91901969909668,1003,False,4,0,[-5.42547423  2.74716854  4.00000109],cruising,[ 0.63925976  0.24903542 -0.34837281]
132.91901969909668,1004,False,0,3,[-0.11925714 -3.09640451  4.00000001],exiting,[-0.62185191  0.08809385  0.93462812]
132.91901969909668,1005,False,1,2,[5.45367116 1.6272743  2.16602958],queued,[ 0.50568378 -0.03156594 -0.11489306]
133.00963687896729,1000,False,5,1,[-8.09876188  7.93032113  1.27327404],waiting,[-0.82138112 -0.19970136 -0.21083176]
133.00963687896729,1001,False,2,4,[-6.22936067  4.01307927  3.95709448],cruising,[-0.48080528  0.59740651 -0.20557775]
133.00963687896729,1002,False,1,6,[8.37236276 9.36983084 3.86137602],landing,[ 0.5677905  -0.59831228 -0.99408226]
133.00963687896729,1003,False,4,0,[-5.53535168  2.91428211  4.00000093],cruising,[ 0.63925976  0.24903542 -0.34837281]
133.00963687896729,1004,False,0,3,[-0.29064373 -3.16012333  4.        ],exiting,[-0.62185191  0.08809385  0.93462812]
133.00963687896729,1005,False,1,2,[5.45367116 1.6272743  2.24102958],queued,[ 0.50568378 -0.03156594 -0.11489306]
133.1107268333435,1000,False,5,1,[-8.09876188  7.93032113  1.27327404],waiting,[-0.82138112 -0.19970136 -0.21083176]
133.1107268333435,1001,False,2,4,[-6.29224344  4.20293648  3.96353031],cruising,[-0.48080528  0.59740651 -0.20557775]
133.1107268333435,1002,False,1,6,[8.39701851 9.39121682 3.79317857],landing,[ 0.5677905  -0.59831228 -0.99408226]
133.1107268333435,1003,False,4,0,[-5.64292114  3.08289057  4.00000079],cruising,[ 0.63925976  0.24903542 -0.34837281]
133.1107268333435,1004,False,0,3,[-0.44246419 -3.22798544  4.        ],exiting,[-0.62185191  0.08809385  0.93462812]
133.1107268333435,1005,False,1,2,[5.45367116 1.6272743  2.31602958],queued,[ 0.50568378 -0.03156594 -0.11489306]
133.20903158187866,1000,False,5,1,[-8.09876188  7.93032113  1.27327404],waiting,[-0.82138112 -0.19970136 -0.21083176]
133.20903158187866,1001,False,2,4,[-6.34855478  4.39484539  3.96900076],cruising,[-0.48080528  0.59740651 -0.20557775]
133.20903158187866,1002,False,1,6,[8.41928731 9.39754156 3.71204042],landing,[ 0.5677905  -0.59831228 -0.99408226]
133.20903158187866,1003,False,4,0,[-5.74774462  3.25321977  4.00000067],cruising,[ 0.63925976  0.24903542 -0.34837281]
133.20903158187866,1004,False,0,3,[-0.57470284 -3.29991602  4.        ],exiting,[-0.62185191  0.08809385  0.93462812]
133.20903158187866,1005,False,1,2,[5.45367116 1.6272743  2.39102958],queued,[ 0.50568378 -0.03156594 -0.11489306]
133.3094072341919,1000,False,5,1,[-8.09876188  7.93032113  1.27327404],waiting,[-0.82138112 -0.19970136 -0.21083176]
133.3094072341919,1001,False,2,4,[-6.38923186  4.59066514  3.97365065],cruising,[-0.48080528  0.59740651 -0.20557775]
133.3094072341919,1002,False,1,6,[8.4390439  9.38862415 3.6181993 ],landing,[ 0.5677905  -0.59831228 -0.99408226]
133.3094072341919,1003,False,4,0,[-5.84930407  3.42551509  4.00000057],cruising,[ 0.63925976  0.24903542 -0.34837281]
133.3094072341919,1004,False,0,3,[-0.68734046 -3.37582153  4.        ],exiting,[-0.62185191  0.08809385  0.93462812]
133.3094072341919,1005,False,1,2,[5.45367116 1.6272743  2.46602958],queued,[ 0.50568378 -0.03156594 -0.11489306]
133.4140260219574,1000,False,5,1,[-8.09876188  7.93032113  1.27327404],waiting,[-0.82138112 -0.19970136 -0.21083176]
133.4140260219574,1001,False,2,4,[-6.41681155  4.78875442  3.97760305],cruising,[-0.48080528  0.59740651 -0.20557775]
133.4140260219574,1002,False,1,6,[8.45807055 9.3754427  3.52091499],landing,[ 0.5677905  -0.59831228 -0.99408226]
133.4140260219574,1003,False,4,0,[-5.94697345  3.60004501  4.00000048],cruising,[ 0.63925976  0.24903542 -0.34837281]
133.4140260219574,1004,False,0,3,[-0.78035247 -3.45557865  4.        ],exiting,[-0.62185191  0.08809385  0.93462812]
133.4140260219574,1005,False,1,2,[5.45367116 1.6272743  2.54102958],queued,[ 0.50568378 -0.03156594 -0.11489306]
133.50978088378906,1000,False,5,1,[-8.09876188  7.93032113  1.27327404],waiting,[-0.82138112 -0.19970136 -0.21083176]
133.50978088378906,1001,False,2,4,[-6.42444235  4.98820835  3.98113196],cruising,[-0.48080528  0.59740651 -0.20557775]
133.50978088378906,1002,False,1,6,[8.4770972  9.36226124 3.42363069],landing,[ 0.5677905  -0.59831228 -0.99408226]
133.50978088378906,1003,False,4,0,[-6.03998209  3.77710261  4.00000041],cruising,[ 0.63925976  0.24903542 -0.34837281]
133.50978088378906,1004,False,0,3,[-0.85370437 -3.5390073   4.        ],exiting,[-0.62185191  0.08809385  0.93462812]
133.50978088378906,1005,False,1,2,[5.45367116 1.6272743  2.61602958],entering,[ 0.50568378 -0.03156594 -0.11489306]
133.6195330619812,1000,False,5,1,[-8.09876188  7.93032113  1.27327404],waiting,[-0.82138112 -0.19970136 -0.21083176]
133.6195330619812,1001,False,2,4,[-6.41211994  5.18632954  3.98435606],cruising,[-0.48080528  0.59740651 -0.20557775]
133.6195330619812,1002,False,1,6,[8.49612385 9.34907979 3.32634638],landing,[ 0.5677905  -0.59831228 -0.99408226]
133.6195330619812,1003,False,4,0,[-6.1273661   3.95700268  4.00000035],cruising,[ 0.63925976  0.24903542 -0.34837281]
133.6195330619812,1004,False,0,3,[-0.90737272 -3.62597972  4.        ],exiting,[-0.62185191  0.08809385  0.93462812]
133.6195330619812,1005,False,1,2,[5.47336454 1.62378564 2.69102958],entering,[ 0.50568378 -0.03156594 -0.11489306]
133.7097887992859,1000,False,5,1,[-8.09876188  7.93032113  1.27327404],queued,[-0.82138112 -0.19970136 -0.21083176]
133.7097887992859,1001,False,2,4,[-6.38018219  5.38055621  3.98731237],cruising,[-0.48080528  0.59740651 -0.20557775]
133.7097887992859,1002,False,1,6,[8.5151505  9.33589834 3.22906208],landing,[ 0.5677905  -0.59831228 -0.99408226]
133.7097887992859,1003,False,4,0,[-6.20790335  4.14007029  4.0000003 ],cruising,[ 0.63925976  0.24903542 -0.34837281]
133.7097887992859,1004,False,0,3,[-0.94133391 -3.71636206  4.        ],exiting,[-0.62185191  0.08809385  0.93462812]
133.7097887992859,1005,False,1,2,[5.51274565 1.61677654 2.76602958],entering,[ 0.50568378 -0.03156594 -0.11489306]
133.80906915664673,1000,False,5,1,[-8.09876188  7.93032113  1.29327404],queued,[-0.82138112 -0.19970136 -0.21083176]
133.80906915664673,1001,False,2,4,[-6.32925973  5.56849672  3.99001474],cruising,[-0.48080528  0.59740651 -0.20557775]
133.80906915664673,1002,False,1,6,[8.53417715 9.32271689 3.13177777],landing,[ 0.5677905  -0.59831228 -0.99408226]
133.80906915664673,1003,False,4,0,[-6.2800268   4.32661307  4.00000025],cruising,[ 0.63925976  0.24903542 -0.34837281]
133.80906915664673,1004,False,0,3,[-0.95556442 -3.8100155   4.        ],exiting,[-0.62185191  0.08809385  0.93462812]
133.80906915664673,1005,False,1,2,[5.57180174 1.6061765  2.84102958],entering,[ 0.50568378 -0.03156594 -0.11489306]
133.91574692726135,1000,False,5,1,[-8.09876188  7.93032113  1.33327404],queued,[-0.82138112 -0.19970136 -0.21083176]
133.91574692726135,1001,False,2,4,[-6.26024376  5.74791882  3.99246859],cruising,[-0.48080528  0.59740651 -0.20557775]
133.91574692726135,1002,False,1,6,[8.5532038  9.30953544 3.03449347],landing,[ 0.5677905  -0.59831228 -0.99408226]
133.91574692726135,1003,False,4,0,[-6.33614237  4.51857932  4.00000021],cruising,[ 0.63925976  0.24903542 -0.34837281]
133.91574692726135,1004,False,0,3,[-0.95004114 -3.90679749  4.        ],exiting,[-0.62185191  0.08809385  0.93462812]
133.91574692726135,1005,False,1,2,[5.6504588  1.59160126 2.91602958],entering,[ 0.50568378 -0.03156594 -0.11489306]
134.02152013778687,1000,False,5,1,[-8.09876188  7.93032113  1.39327404],queued,[-0.82138112 -0.19970136 -0.21083176]
134.02152013778687,1001,False,2,4,[-6.17417275  5.91689793  3.99465874],cruising,[-0.48080528  0.59740651 -0.20557775]
134.02152013778687,1002,False,1,6,[8.57223045 9.29635399 2.93720917],landing,[ 0.5677905  -0.59831228 -0.99408226]
134.02152013778687,1003,False,4,0,[-6.37885507  4.71396516  4.00000018],cruising,[ 0.63925976  0.24903542 -0.34837281]
134.02152013778687,1004,False,0,3,[-0.93294543 -4.00532534  4.        ],exiting,[-0.62185191  0.08809385  0.93462812]
134.02152013778687,1005,False,1,2,[5.74863559 1.57266941 2.99102958],entering,[ 0.50568378 -0.03156594 -0.11489306]
134.11614632606506,1000,False,5,1,[-8.09876188  7.93032113  1.46827404],queued,[-0.82138112 -0.19970136 -0.21083176]
134.11614632606506,1001,False,2,4,[-6.07221491  6.0737304   3.99658795],cruising,[-0.48080528  0.59740651 -0.20557775]
134.11614632606506,1002,False,1,6,[8.5912571  9.28317254 2.83992486],landing,[ 0.5677905  -0.59831228 -0.99408226]
134.11614632606506,1003,False,4,0,[-6.40178691  4.91230358  4.00000015],cruising,[ 0.63925976  0.24903542 -0.34837281]
134.11614632606506,1004,False,0,3,[-0.91584973 -4.10385319  4.        ],exiting,[-0.62185191  0.08809385  0.93462812]
134.11614632606506,1005,False,1,2,[5.86619084 1.54879031 3.06602958],entering,[ 0.50568378 -0.03156594 -0.11489306]
134.21329283714294,1000,False,5,1,[-8.09876188  7.93032113  1.54327404],queued,[-0.82138112 -0.19970136 -0.21083176]
134.21329283714294,1001,False,2,4,[-5.95526975  6.21732261  3.99824282],cruising,[-0.48080528  0.59740651 -0.20557775]
134.21329283714294,1002,False,1,6,[8.61028375 9.26999108 2.74264056],landing,[ 0.5677905  -0.59831228 -0.99408226]
134.21329283714294,1003,False,4,0,[-6.40472152  5.11097485  4.00000013],cruising,[ 0.63925976  0.24903542 -0.34837281]
134.21329283714294,1004,False,0,3,[-0.89875403 -4.20238104  4.        ],exiting,[-0.62185191  0.08809385  0.93462812]
134.21329283714294,1005,False,1,2,[6.0029386  1.5192856  3.14102958],entering,[ 0.50568378 -0.03156594 -0.11489306]
134.31045174598694,1000,False,5,1,[-8.09876188  7.93032113  1.61827404],queued,[-0.82138112 -0.19970136 -0.21083176]
134.31045174598694,1001,False,2,4,[-5.82422714  6.346731    3.999612  ],cruising,[-0.48080528  0.59740651 -0.20557775]
134.31045174598694,1002,False,1,6,[8.6293104  9.25680963 2.64535625],landing,[ 0.5677905  -0.59831228 -0.99408226]
134.31045174598694,1003,False,4,0,[-6.38779672  5.30727891  4.0000001 ],cruising,[ 0.63925976  0.24903542 -0.34837281]
134.31045174598694,1004,False,0,3,[-0.88165833 -4.30090889  4.        ],exiting,[-0.62185191  0.08809385  0.93462812]
134.31045174598694,1005,False,1,2,[6.15820303 1.48222224 3.21602958],entering,[ 0.50568378 -0.03156594 -0.11489306]
134.4173710346222,1000,False,5,1,[-8.09876188  7.93032113  1.69327404],queued,[-0.82138112 -0.19970136 -0.21083176]
134.4173710346222,1001,False,2,4,[-5.67993249  6.46116288  4.00068564],cruising,[-0.48080528  0.59740651 -0.20557775]
134.4173710346222,1002,False,1,6,[8.64833705 9.24362818 2.54807195],landing,[ 0.5677905  -0.59831228 -0.99408226]
134.4173710346222,1003,False,4,0,[-6.35147103  5.49872445  4.00000008],cruising,[ 0.63925976  0.24903542 -0.34837281]
134.4173710346222,1004,False,0,3,[-0.86456263 -4.39943674  4.        ],exiting,[-0.62185191  0.08809385  0.93462812]
134.4173710346222,1005,False,1,2,[6.33106304 1.43565124 3.29102958],entering,[ 0.50568378 -0.03156594 -0.11489306]
134.51797318458557,1000,False,5,1,[-8.09876188  7.93032113  1.76827404],queued,[-0.82138112 -0.19970136 -0.21083176]
134.51797318458557,1001,False,2,4,[-5.52315322  6.55997293  4.00145497],cruising,[-0.48080528  0.59740651 -0.20557775]
134.51797318458557,1002,False,1,6,[8.6673637  9.23044673 2.45078764],landing,[ 0.5677905  -0.59831228 -0.99408226]
134.51797318458557,1003,False,4,0,[-6.29648603  5.68297063  4.00000006],cruising,[ 0.63925976  0.24903542 -0.34837281]
134.51797318458557,1004,False,0,3,[-0.84746692 -4.49796459  4.        ],exiting,[-0.62185191  0.08809385  0.93462812]
134.51797318458557,1005,False,1,2,[6.51741024 1.37431218 3.36602958],entering,[ 0.50568378 -0.03156594 -0.11489306]
134.61811780929565,1000,False,5,1,[-8.09876188  7.93032113  1.84327404],queued,[-0.82138112 -0.19970136 -0.21083176]
134.61811780929565,1001,False,2,4,[-5.35488769  6.64241295  4.00192778],cruising,[-0.48080528  0.59740651 -0.20557775]
134.61811780929565,1002,False,1,6,[8.68639035 9.21726528 2.35350334],landing,[ 0.5677905  -0.59831228 -0.99408226]
134.61811780929565,1003,False,4,0,[-6.22375097  5.85800081  4.00000004],cruising,[ 0.63925976  0.24903542 -0.34837281]
134.61811780929565,1004,False,0,3,[-0.83037122 -4.59649244  4.        ],exiting,[-0.62185191  0.08809385  0.93462812]
134.61811780929565,1005,False,1,2,[6.70434808 1.30321898 3.44102958],entering,[ 0.50568378 -0.03156594 -0.11489306]
134.72603487968445,1000,False,5,1,[-8.09876188  7.93032113  1.91827404],queued,[-0.82138112 -0.19970136 -0.21083176]
134.72603487968445,1001,False,2,4,[-5.17553935  6.70820734  4.00209282],cruising,[-0.48080528  0.59740651 -0.20557775]
134.72603487968445,1002,False,1,6,[8.705417   9.20408383 2.25621903],landing,[ 0.5677905  -0.59831228 -0.99408226]
134.72603487968445,1003,False,4,0,[-6.13448338  6.02177594  4.00000003],cruising,[ 0.63925976  0.24903542 -0.34837281]
134.72603487968445,1004,False,0,3,[-0.81327552 -4.69502028  4.        ],exiting,[-0.62185191  0.08809385  0.93462812]
134.72603487968445,1005,False,1,2,[6.88728583 1.22238717 3.51602958],entering,[ 0.50568378 -0.03156594 -0.11489306]
134.82337617874146,1000,False,5,1,[-8.09876188  7.93032113  1.99327404],queued,[-0.82138112 -0.19970136 -0.21083176]
134.82337617874146,1001,False,2,4,[-4.98512106  6.75734788  4.00193394],cruising,[-0.48080528  0.59740651 -0.20557775]
134.82337617874146,1002,False,1,6,[8.72444365 9.19090237 2.15893473],landing,[ 0.5677905  -0.59831228 -0.99408226]
134.82337617874146,1003,False,4,0,[-6.02968914  6.17294461  4.00000001],cruising,[ 0.63925976  0.24903542 -0.34837281]
134.82337617874146,1004,False,0,3,[-0.79617982 -4.79354813  4.        ],exiting,[-0.62185191  0.08809385  0.93462812]
134.82337617874146,1005,False,1,2,[7.06522617 1.13107872 3.58862514],entering,[ 0.50568378 -0.03156594 -0.11489306]
134.9196264743805,1000,False,5,1,[-8.09876188  7.93032113  2.06827404],queued,[-0.82138112 -0.19970136 -0.21083176]
134.9196264743805,1001,False,2,4,[-4.79007464  6.80158468  4.00164385],cruising,[-0.48080528  0.59740651 -0.20557775]
134.9196264743805,1002,False,1,6,[8.7434703  9.17772092 2.06165042],landing,[ 0.5677905  -0.59831228 -0.99408226]
134.9196264743805,1003,False,4,0,[-5.91028449  6.31045547  4.        ],cruising,[ 0.63925976  0.24903542 -0.34837281]
134.9196264743805,1004,False,0,3,[-0.77908412 -4.89207598  4.        ],exiting,[-0.62185191  0.08809385  0.93462812]
134.9196264743805,1005,False,1,2,[7.23693377 1.02852872 3.65033137],entering,[ 0.50568378 -0.03156594 -0.11489306]
135.0218780040741,1000,False,5,1,[-8.09876188  7.93032113  2.14327404],queued,[-0.82138112 -0.19970136 -0.21083176]
135.0218780040741,1001,False,2,4,[-4.59589824  6.84949633  4.00139727],cruising,[-0.48080528  0.59740651 -0.20557775]
135.0218780040741,1002,False,1,6,[8.76249695 9.16453947 1.96436612],landing,[ 0.5677905  -0.59831228 -0.99408226]
135.0218780040741,1003,False,4,0,[-5.77715561  6.43341828  3.99999999],cruising,[ 0.63925976  0.24903542 -0.34837281]
135.0218780040741,1004,False,0,3,[-0.76198842 -4.99060383  4.        ],exiting,[-0.62185191  0.08809385  0.93462812]
135.0218780040741,1005,False,1,2,[7.40090836 0.91401963 3.70278167],entering,[ 0.50568378 -0.03156594 -0.11489306]
135.12917232513428,1000,False,5,1,[-8.09876188  7.93032113  2.21827404],queued,[-0.82138112 -0.19970136 -0.21083176]
135.12917232513428,1001,False,2,4,[-4.4022804   6.89961751  4.00118768],cruising,[-0.48080528  0.59740651 -0.20557775]
135.12917232513428,1002,False,1,6,[8.7815236  9.15135802 1.86708181],landing,[ 0.5677905  -0.59831228 -0.99408226]
135.12917232513428,1003,False,4,0,[-5.6311257   6.54109831  3.99999999],cruising,[ 0.63925976  0.24903542 -0.34837281]
135.12917232513428,1004,False,0,3,[-0.74489271 -5.08913168  4.        ],exiting,[-0.62185191  0.08809385  0.93462812]
135.12917232513428,1005,False,1,2,[7.55674227 0.78865698 3.74736442],entering,[ 0.50568378 -0.03156594 -0.11489306]
135.2247908115387,1000,False,5,1,[-8.09876188  7.93032113  2.29327404],queued,[-0.82138112 -0.19970136 -0.21083176]
135.2247908115387,1001,False,2,4,[-4.20890328  6.95065953  4.00100953],cruising,[-0.48080528  0.59740651 -0.20557775]
135.2247908115387,1002,False,1,6,[8.80055025 9.13817657 1.76979751],landing,[ 0.5677905  -0.59831228 -0.99408226]
135.2247908115387,1003,False,4,0,[-5.47292122  6.63291077  3.99999998],cruising,[ 0.63925976  0.24903542 -0.34837281]
135.2247908115387,1004,False,0,3,[-0.72779701 -5.18765953  4.        ],exiting,[-0.62185191  0.08809385  0.93462812]
135.2247908115387,1005,False,1,2,[7.70113861 0.65027455 3.78525975],entering,[ 0.50568378 -0.03156594 -0.11489306]
135.3203957080841,1000,False,5,1,[-8.09876188  7.93032113  2.36827404],queued,[-0.82138112 -0.19970136 -0.21083176]
135.3203957080841,1001,False,2,4,[-4.01484883  6.99906273  4.0008581 ],cruising,[-0.48080528  0.59740651 -0.20557775]
135.3203957080841,1002,False,1,6,[8.8195769  9.12499512 1.6725132 ],landing,[ 0.5677905  -0.59831228 -0.99408226]
135.3203957080841,1003,False,4,0,[-5.30312812  6.70842281  3.99999998],cruising,[ 0.63925976  0.24903542 -0.34837281]
135.3203957080841,1004,False,0,3,[-0.71070131 -5.28618738  4.        ],exiting,[-0.62185191  0.08809385  0.93462812]
135.3203957080841,1005,False,1,2,[7.83210683 0.49912123 3.81747079],entering,[ 0.50568378 -0.03156594 -0.11489306]
135.4193732738495,1000,False,5,1,[-8.09876188  7.93032113  2.44327404],queued,[-0.82138112 -0.19970136 -0.21083176]
135.4193732738495,1001,False,2,4,[-3.82063955  7.04684094  4.00072939],cruising,[-0.48080528  0.59740651 -0.20557775]
135.4193732738495,1002,False,1,6,[8.83860355 9.11181367 1.5752289 ],landing,[ 0.5677905  -0.59831228 -0.99408226]
135.4193732738495,1003,False,4,0,[-5.12215253  6.76735317  3.99999998],cruising,[ 0.63925976  0.24903542 -0.34837281]
135.4193732738495,1004,False,0,3,[-0.69360561 -5.38471523  4.        ],exiting,[-0.62185191  0.08809385  0.93462812]
135.4193732738495,1005,False,1,2,[7.94792981 0.33607205 3.84485017],entering,[ 0.50568378 -0.03156594 -0.11489306]
135.5297930240631,1000,False,5,1,[-8.09876188  7.93032113  2.51827404],entering,[-0.82138112 -0.19970136 -0.21083176]
135.5297930240631,1001,False,2,4,[-3.62605584  7.09307057  4.00061998],cruising,[-0.48080528  0.59740651 -0.20557775]
135.5297930240631,1002,False,1,6,[8.8576302  9.09863221 1.4779446 ],fake_landed,[ 0.5677905  -0.59831228 -0.99408226]
135.5297930240631,1003,False,4,0,[-4.93046865  6.80939174  3.99999998],cruising,[ 0.63925976  0.24903542 -0.34837281]
135.5297930240631,1004,False,0,3,[-0.67650991 -5.48324307  4.        ],exiting,[-0.62185191  0.08809385  0.93462812]
135.5297930240631,1005,False,1,2,[8.04748863 0.162613   3.86812265],cruising,[ 0.50568378 -0.03156594 -0.11489306]
135.63282752037048,1000,False,5,1,[-8.08091547  7.92129308  2.59327404],entering,[-0.82138112 -0.19970136 -0.21083176]
135.63282752037048,1001,False,2,4,[-3.43040048  7.13453116  4.00052698],cruising,[-0.48080528  0.59740651 -0.20557775]
135.63282752037048,1002,False,1,6,[8.87285152 9.08808705 1.40011715],fake_landed,[ 0.5677905  -0.59831228 -0.99408226]
135.63282752037048,1003,False,4,0,[-4.73398147  6.84671186  3.99999998],cruising,[ 0.63925976  0.24903542 -0.34837281]
135.63282752037048,1004,False,0,3,[-0.6594142  -5.58177092  4.        ],exiting,[-0.62185191  0.08809385  0.93462812]
135.63282752037048,1005,False,1,2,[ 8.12946118 -0.01976727  3.88805819],cruising,[ 0.50568378 -0.03156594 -0.11489306]
135.7237536907196,1000,False,5,1,[-8.04520899  7.90326403  2.66827404],entering,[-0.82138112 -0.19970136 -0.21083176]
135.7237536907196,1001,False,2,4,[-3.2341936   7.17329792  4.00044793],cruising,[-0.48080528  0.59740651 -0.20557775]
135.7237536907196,1002,False,1,6,[8.88426751 9.08017818 1.34174657],fake_landed,[ 0.5677905  -0.59831228 -0.99408226]
135.7237536907196,1003,False,4,0,[-4.53843444  6.88868038  3.99999999],cruising,[ 0.63925976  0.24903542 -0.34837281]
135.7237536907196,1004,False,0,3,[-0.6423185  -5.68029877  4.        ],exiting,[-0.62185191  0.08809385  0.93462812]
135.7237536907196,1005,False,1,2,[ 8.19470127 -0.20882739  3.90484946],cruising,[ 0.50568378 -0.03156594 -0.11489306]
135.82784342765808,1000,False,5,1,[-7.99161235  7.87629396  2.74327404],entering,[-0.82138112 -0.19970136 -0.21083176]
135.82784342765808,1001,False,2,4,[-3.03733008  7.20857899  4.00038074],cruising,[-0.48080528  0.59740651 -0.20557775]
135.82784342765808,1002,False,1,6,[8.89187817 9.0749056  1.30283285],fake_landed,[ 0.5677905  -0.59831228 -0.99408226]
135.82784342765808,1003,False,4,0,[-4.34356794  6.93370314  3.99999999],cruising,[ 0.63925976  0.24903542 -0.34837281]
135.82784342765808,1004,False,0,3,[-0.6252228  -5.77882662  4.        ],exiting,[-0.62185191  0.08809385  0.93462812]
135.82784342765808,1005,False,1,2,[ 8.24539719 -0.40229554  3.91912204],cruising,[ 0.50568378 -0.03156594 -0.11489306]
135.93356037139893,1000,False,5,1,[-7.92006849  7.84049794  2.81827404],entering,[-0.82138112 -0.19970136 -0.21083176]
135.93356037139893,1001,False,2,4,[-2.83933109  7.23679954  4.00032363],cruising,[-0.48080528  0.59740651 -0.20557775]
135.93356037139893,1002,False,1,6,[8.8956835  9.07226931 1.28337599],fake_landed,[ 0.5677905  -0.59831228 -0.99408226]
135.93356037139893,1003,False,4,0,[-4.14908336  6.98034805  3.99999999],cruising,[ 0.63925976  0.24903542 -0.34837281]
135.93356037139893,1004,False,0,3,[-0.6081271  -5.87735447  4.        ],exiting,[-0.62185191  0.08809385  0.93462812]
135.93356037139893,1005,False,1,2,[ 8.28311134 -0.59870746  3.93125374],cruising,[ 0.50568378 -0.03156594 -0.11489306]
136.02768778800964,1000,False,5,1,[-7.83052555  7.79598221  2.89327404],entering,[-0.82138112 -0.19970136 -0.21083176]
136.02768778800964,1001,False,2,4,[-2.64071216  7.26026271  4.00027509],cruising,[-0.48080528  0.59740651 -0.20557775]
136.02768778800964,1002,False,1,6,[8.8956835  9.07226931 1.28337599],fake_landed,[ 0.5677905  -0.59831228 -0.99408226]
136.02768778800964,1003,False,4,0,[-3.95469079  7.02737493  3.99999999],cruising,[ 0.63925976  0.24903542 -0.34837281]
136.02768778800964,1004,False,0,3,[-0.5910314  -5.97588232  4.        ],exiting,[-0.62185191  0.08809385  0.93462812]
136.02768778800964,1005,False,1,2,[ 8.30948325 -0.79696114  3.94156568],cruising,[ 0.50568378 -0.03156594 -0.11489306]
136.12030410766602,1000,False,5,1,[-7.72295769  7.74280032  2.96827404],entering,[-0.82138112 -0.19970136 -0.21083176]
136.12030410766602,1001,False,2,4,[-2.44122454  7.27456967  4.00023382],cruising,[-0.48080528  0.59740651 -0.20557775]
136.12030410766602,1002,False,6,5,[8.8956835  9.07226931 1.28337599],waiting,[ 0.5677905  -0.59831228 -0.99408226]
136.12030410766602,1003,False,4,0,[-3.75957359  7.07129849  3.99999999],cruising,[ 0.63925976  0.24903542 -0.34837281]
136.12030410766602,1004,False,0,3,[-0.57393569 -6.07441017  4.        ],exiting,[-0.62185191  0.08809385  0.93462812]
136.12030410766602,1005,False,1,2,[ 8.32392812 -0.99643883  3.95033082],cruising,[ 0.50568378 -0.03156594 -0.11489306]
136.21929454803467,1000,False,5,1,[-7.59735225  7.68097868  3.04327404],entering,[-0.82138112 -0.19970136 -0.21083176]
136.21929454803467,1001,False,2,4,[-2.24126009  7.27834072  4.00019875],cruising,[-0.48080528  0.59740651 -0.20557775]
136.21929454803467,1002,False,6,5,[8.8956835  9.07226931 1.28337599],waiting,[ 0.5677905  -0.59831228 -0.99408226]
136.21929454803467,1003,False,4,0,[-3.56420259  7.11407902  3.99999999],cruising,[ 0.63925976  0.24903542 -0.34837281]
136.21929454803467,1004,False,0,3,[-0.55683999 -6.17293802  4.        ],exiting,[-0.62185191  0.08809385  0.93462812]
136.21929454803467,1005,False,1,2,[ 8.33021874 -1.19633987  3.9577812 ],cruising,[ 0.50568378 -0.03156594 -0.11489306]
136.32491493225098,1000,False,5,1,[-7.45326214  7.61152047  3.11827404],entering,[-0.82138112 -0.19970136 -0.21083176]
136.32491493225098,1001,False,2,4,[-2.04172185  7.26475807  4.00016894],cruising,[-0.48080528  0.59740651 -0.20557775]
136.32491493225098,1002,False,6,5,[8.8956835  9.07226931 1.28337599],waiting,[ 0.5677905  -0.59831228 -0.99408226]
136.32491493225098,1003,False,4,0,[-3.3683922   7.15480113  3.99999999],cruising,[ 0.63925976  0.24903542 -0.34837281]
136.32491493225098,1004,False,0,3,[-0.53974429 -6.27146586  4.        ],exiting,[-0.62185191  0.08809385  0.93462812]
136.32491493225098,1005,False,1,2,[ 8.32941095 -1.39633824  3.96411402],cruising,[ 0.50568378 -0.03156594 -0.11489306]
136.42233157157898,1000,False,5,1,[-7.29044648  7.53503703  3.19327404],entering,[-0.82138112 -0.19970136 -0.21083176]
136.42233157157898,1001,False,2,4,[-1.84436539  7.23234777  4.0001436 ],cruising,[-0.48080528  0.59740651 -0.20557775]
136.42233157157898,1002,False,6,5,[8.8956835  9.07226931 1.28337599],waiting,[ 0.5677905  -0.59831228 -0.99408226]
136.42233157157898,1003,False,4,0,[-3.17153172  7.19009918  4.        ],cruising,[ 0.63925976  0.24903542 -0.34837281]
136.42233157157898,1004,False,0,3,[-0.52264859 -6.36999371  4.        ],exiting,[-0.62185191  0.08809385  0.93462812]
136.42233157157898,1005,False,1,2,[ 8.32007204 -1.59612008  3.96949692],cruising,[ 0.50568378 -0.03156594 -0.11489306]
136.52443933486938,1000,False,5,1,[-7.10814898  7.45403054  3.26827404],entering,[-0.82138112 -0.19970136 -0.21083176]
136.52443933486938,1001,False,2,4,[-1.64918654  7.18869898  4.00012206],cruising,[-0.48080528  0.59740651 -0.20557775]
136.52443933486938,1002,False,6,5,[8.8956835  9.07226931 1.28337599],waiting,[ 0.5677905  -0.59831228 -0.99408226]
136.52443933486938,1003,False,4,0,[-2.97410746  7.22209385  4.        ],cruising,[ 0.63925976  0.24903542 -0.34837281]
136.52443933486938,1004,False,0,3,[-0.50555289 -6.46852156  4.        ],exiting,[-0.62185191  0.08809385  0.93462812]
136.52443933486938,1005,False,1,2,[ 8.30543255 -1.79558358  3.97407238],cruising,[ 0.50568378 -0.03156594 -0.11489306]
136.6326904296875,1000,False,5,1,[-6.92431969  7.37524735  3.34327404],entering,[-0.82138112 -0.19970136 -0.21083176]
136.6326904296875,1001,False,2,4,[-1.45825589  7.12915497  4.00010375],cruising,[-0.48080528  0.59740651 -0.20557775]
136.6326904296875,1002,False,6,5,[8.8956835  9.07226931 1.28337599],waiting,[ 0.5677905  -0.59831228 -0.99408226]
136.6326904296875,1003,False,4,0,[-2.7756717  7.2470588  4.       ],cruising,[ 0.63925976  0.24903542 -0.34837281]
136.6326904296875,1004,False,0,3,[-0.48845719 -6.56704941  4.        ],exiting,[-0.62185191  0.08809385  0.93462812]
136.6326904296875,1005,False,1,2,[ 8.2859097  -1.99462844  3.97796152],cruising,[ 0.50568378 -0.03156594 -0.11489306]
136.7318913936615,1000,False,5,1,[-6.73835991  7.30163374  3.41827404],entering,[-0.82138112 -0.19970136 -0.21083176]
136.7318913936615,1001,False,2,4,[-1.27187898  7.05660398  4.00008819],cruising,[-0.48080528  0.59740651 -0.20557775]
136.7318913936615,1002,False,6,5,[8.8956835  9.07226931 1.28337599],waiting,[ 0.5677905  -0.59831228 -0.99408226]
136.7318913936615,1003,False,4,0,[-2.57668969  7.26721226  4.        ],cruising,[ 0.63925976  0.24903542 -0.34837281]
136.7318913936615,1004,False,0,3,[-0.47136148 -6.66557726  4.        ],exiting,[-0.62185191  0.08809385  0.93462812]
136.7318913936615,1005,False,1,2,[ 8.25917549 -2.19283359  3.98126729],cruising,[ 0.50568378 -0.03156594 -0.11489306]
136.82208943367004,1000,False,5,1,[-6.55085817  7.23204138  3.49327404],entering,[-0.82138112 -0.19970136 -0.21083176]
136.82208943367004,1001,False,2,4,[-1.08987736  6.97368589  4.00007496],cruising,[-0.48080528  0.59740651 -0.20557775]
136.82208943367004,1002,False,6,5,[8.8956835  9.07226931 1.28337599],waiting,[ 0.5677905  -0.59831228 -0.99408226]
136.82208943367004,1003,False,4,0,[-2.37697637  7.27791692  4.        ],cruising,[ 0.63925976  0.24903542 -0.34837281]
136.82208943367004,1004,False,0,3,[-0.45426578 -6.76410511  4.        ],exiting,[-0.62185191  0.08809385  0.93462812]
136.82208943367004,1005,False,1,2,[ 8.22831827 -2.39043884  3.9840772 ],cruising,[ 0.50568378 -0.03156594 -0.11489306]
136.9232416152954,1000,False,5,1,[-6.36165381  7.16722079  3.56827404],entering,[-0.82138112 -0.19970136 -0.21083176]
136.9232416152954,1001,False,2,4,[-0.91176367  6.88271604  4.00006371],cruising,[-0.48080528  0.59740651 -0.20557775]
136.9232416152954,1002,False,6,5,[8.8956835  9.07226931 1.28337599],waiting,[ 0.5677905  -0.59831228 -0.99408226]
136.9232416152954,1003,False,4,0,[-2.17697754  7.27723439  4.        ],cruising,[ 0.63925976  0.24903542 -0.34837281]
136.9232416152954,1004,False,0,3,[-0.43717008 -6.86263296  4.        ],exiting,[-0.62185191  0.08809385  0.93462812]
136.9232416152954,1005,False,1,2,[ 8.19333896 -2.5873562   3.98646562],cruising,[ 0.50568378 -0.03156594 -0.11489306]
137.0335247516632,1000,False,5,1,[-6.17040102  7.10871977  3.63303293],entering,[-0.82138112 -0.19970136 -0.21083176]
137.0335247516632,1001,False,2,4,[-0.73575807  6.78773168  4.00005416],cruising,[-0.48080528  0.59740651 -0.20557775]
137.0335247516632,1002,False,6,5,[8.8956835  9.07226931 1.28337599],waiting,[ 0.5677905  -0.59831228 -0.99408226]
137.0335247516632,1003,False,4,0,[-1.97801148  7.25692413  4.        ],cruising,[ 0.63925976  0.24903542 -0.34837281]
137.0335247516632,1004,False,0,3,[-0.42007438 -6.96116081  4.        ],exiting,[-0.62185191  0.08809385  0.93462812]
137.0335247516632,1005,False,1,2,[ 8.15089788 -2.78280122  3.98849578],cruising,[ 0.50568378 -0.03156594 -0.11489306]
137.12599754333496,1000,False,5,1,[-5.97688689  7.05819966  3.68807799],entering,[-0.82138112 -0.19970136 -0.21083176]
137.12599754333496,1001,False,2,4,[-0.56275898  6.68737574  4.00004603],cruising,[-0.48080528  0.59740651 -0.20557775]
137.12599754333496,1002,False,6,5,[8.8956835  9.07226931 1.28337599],waiting,[ 0.5677905  -0.59831228 -0.99408226]
137.12599754333496,1003,False,4,0,[-1.78067642  7.22438375  4.        ],cruising,[ 0.63925976  0.24903542 -0.34837281]
137.12599754333496,1004,False,0,3,[-0.40297868 -7.05968865  4.        ],exiting,[-0.62185191  0.08809385  0.93462812]
137.12599754333496,1005,False,1,2,[ 8.10442027 -2.97732585  3.99022141],cruising,[ 0.50568378 -0.03156594 -0.11489306]
137.22364377975464,1000,False,5,1,[-5.78130343  7.01640118  3.73486629],entering,[-0.82138112 -0.19970136 -0.21083176]
137.22364377975464,1001,False,2,4,[-0.39194846  6.58333841  4.00003913],cruising,[-0.48080528  0.59740651 -0.20557775]
137.22364377975464,1002,False,6,5,[8.8956835  9.07226931 1.28337599],waiting,[ 0.5677905  -0.59831228 -0.99408226]
137.22364377975464,1003,False,4,0,[-1.58705797  7.17426495  4.        ],cruising,[ 0.63925976  0.24903542 -0.34837281]
137.22364377975464,1004,False,0,3,[-0.38588297 -7.1582165   4.        ],exiting,[-0.62185191  0.08809385  0.93462812]
137.22364377975464,1005,False,1,2,[ 8.04968926 -3.16969143  3.9916882 ],cruising,[ 0.50568378 -0.03156594 -0.11489306]
137.3273229598999,1000,False,5,1,[-5.58408979  6.98313289  3.77463635],entering,[-0.82138112 -0.19970136 -0.21083176]
137.3273229598999,1001,False,2,4,[-0.22203521  6.47784202  4.00003326],cruising,[-0.48080528  0.59740651 -0.20557775]
137.3273229598999,1002,False,6,5,[8.8956835  9.07226931 1.28337599],waiting,[ 0.5677905  -0.59831228 -0.99408226]
137.3273229598999,1003,False,4,0,[-1.39784569  7.10946746  4.        ],cruising,[ 0.63925976  0.24903542 -0.34837281]
137.3273229598999,1004,False,0,3,[-0.36878727 -7.25674435  4.        ],exiting,[-0.62185191  0.08809385  0.93462812]
137.3273229598999,1005,False,1,2,[ 7.98627227 -3.35937086  3.99293497],cruising,[ 0.50568378 -0.03156594 -0.11489306]
137.42840218544006,1000,False,5,1,[-5.38516268  6.96244467  3.8084409 ],entering,[-0.82138112 -0.19970136 -0.21083176]
137.42840218544006,1001,False,2,4,[-0.05316812  6.37067904  4.00002827],cruising,[-0.48080528  0.59740651 -0.20557775]
137.42840218544006,1002,False,6,5,[8.8956835  9.07226931 1.28337599],waiting,[ 0.5677905  -0.59831228 -0.99408226]
137.42840218544006,1003,False,4,0,[-1.21314341  7.03275327  4.        ],cruising,[ 0.63925976  0.24903542 -0.34837281]
137.42840218544006,1004,False,0,3,[-0.35169157 -7.3552722   4.        ],exiting,[-0.62185191  0.08809385  0.93462812]
137.42840218544006,1005,False,1,2,[ 7.9180646  -3.54738073  3.99399472],cruising,[ 0.50568378 -0.03156594 -0.11489306]
137.52352213859558,1000,False,5,1,[-5.18544648  6.95179385  3.83717476],entering,[-0.82138112 -0.19970136 -0.21083176]
137.52352213859558,1001,False,2,4,[0.11552232 6.26323818 4.00002403],cruising,[-0.48080528  0.59740651 -0.20557775]
137.52352213859558,1002,False,6,5,[8.8956835  9.07226931 1.28337599],waiting,[ 0.5677905  -0.59831228 -0.99408226]
137.52352213859558,1003,False,4,0,[-1.03264485  6.94661228  4.        ],cruising,[ 0.63925976  0.24903542 -0.34837281]
137.52352213859558,1004,False,0,3,[-0.33459587 -7.45380005  4.        ],exiting,[-0.62185191  0.08809385  0.93462812]
137.52352213859558,1005,False,1,2,[ 7.83875233 -3.73098238  3.99489552],cruising,[ 0.50568378 -0.03156594 -0.11489306]
137.62197017669678,1000,False,5,1,[-4.98544685  6.95140946  3.86159855],cruising,[-0.82138112 -0.19970136 -0.21083176]
137.62197017669678,1001,False,2,4,[0.28429861 6.15593225 4.00002043],cruising,[-0.48080528  0.59740651 -0.20557775]
137.62197017669678,1002,False,6,5,[8.8956835  9.07226931 1.28337599],waiting,[ 0.5677905  -0.59831228 -0.99408226]
137.62197017669678,1003,False,4,0,[-0.85579418  6.85321078  4.        ],cruising,[ 0.63925976  0.24903542 -0.34837281]
137.62197017669678,1004,False,0,3,[-0.31750017 -7.5523279   4.        ],exiting,[-0.62185191  0.08809385  0.93462812]
137.62197017669678,1005,False,1,2,[ 7.74686968 -3.9086269   3.99566119],cruising,[ 0.50568378 -0.03156594 -0.11489306]
137.72205519676208,1000,False,5,1,[-4.78566877  6.9608287   3.88235877],cruising,[-0.82138112 -0.19970136 -0.21083176]
137.72205519676208,1001,False,2,4,[0.45357847 6.04942249 4.00001736],cruising,[-0.48080528  0.59740651 -0.20557775]
137.72205519676208,1002,False,6,5,[8.8956835  9.07226931 1.28337599],waiting,[ 0.5677905  -0.59831228 -0.99408226]
137.72205519676208,1003,False,4,0,[-0.68086796  6.75625297  4.        ],cruising,[ 0.63925976  0.24903542 -0.34837281]
137.72205519676208,1004,False,0,3,[-0.30040447 -7.65085575  4.        ],exiting,[-0.62185191  0.08809385  0.93462812]
137.72205519676208,1005,False,1,2,[ 7.64037121 -4.07791387  3.99631201],cruising,[ 0.50568378 -0.03156594 -0.11489306]
137.82124376296997,1000,False,5,1,[-4.58648591  6.97888934  3.90000495],cruising,[-0.82138112 -0.19970136 -0.21083176]
137.82124376296997,1001,False,2,4,[0.62362375 5.94413905 4.00001476],cruising,[-0.48080528  0.59740651 -0.20557775]
137.82124376296997,1002,False,6,5,[8.8956835  9.07226931 1.28337599],waiting,[ 0.5677905  -0.59831228 -0.99408226]
137.82124376296997,1003,False,4,0,[-0.50866565  6.65453588  4.        ],cruising,[ 0.63925976  0.24903542 -0.34837281]
137.82124376296997,1004,False,0,3,[-0.28330876 -7.7493836   4.        ],landing,[-0.62185191  0.08809385  0.93462812]
137.82124376296997,1005,False,1,2,[ 7.51752805 -4.2356751   3.99687007],cruising,[ 0.50568378 -0.03156594 -0.11489306]
137.92866015434265,1000,False,5,1,[-4.38806792  7.00399512  3.91500421],cruising,[-0.82138112 -0.19970136 -0.21083176]
137.92866015434265,1001,False,2,4,[0.7951987  5.84136728 4.00001254],cruising,[-0.48080528  0.59740651 -0.20557775]
137.92866015434265,1002,False,6,5,[8.8956835  9.07226931 1.28337599],waiting,[ 0.5677905  -0.59831228 -0.99408226]
137.92866015434265,1003,False,4,0,[-0.33770188  6.55075059  4.        ],cruising,[ 0.63925976  0.24903542 -0.34837281]
137.92866015434265,1004,False,0,3,[-0.27177221 -7.83479263  3.9859646 ],landing,[-0.62185191  0.08809385  0.93462812]
137.92866015434265,1005,False,1,2,[ 7.38031652 -4.37952416  3.99738739],cruising,[ 0.50568378 -0.03156594 -0.11489306]
138.03162336349487,1000,False,5,1,[-4.19039084  7.03438878  3.92775358],cruising,[-0.82138112 -0.19970136 -0.21083176]
138.03162336349487,1001,False,2,4,[0.96811654 5.74087141 4.00001066],cruising,[-0.48080528  0.59740651 -0.20557775]
138.03162336349487,1002,False,6,5,[8.8956835  9.07226931 1.28337599],waiting,[ 0.5677905  -0.59831228 -0.99408226]
138.03162336349487,1003,False,4,0,[-0.16829886  6.44443681  4.        ],cruising,[ 0.63925976  0.24903542 -0.34837281]
138.03162336349487,1004,False,0,3,[-0.26578711 -7.90690707  3.95805709],landing,[-0.62185191  0.08809385  0.93462812]
138.03162336349487,1005,False,1,2,[ 7.23051529 -4.50783303  3.99786452],cruising,[ 0.50568378 -0.03156594 -0.11489306]
138.1208438873291,1000,False,5,1,[-3.99329586  7.06835301  3.93859054],cruising,[-0.82138112 -0.19970136 -0.21083176]
138.1208438873291,1001,False,2,4,[1.14339379 5.64454964 4.00000906],cruising,[-0.48080528  0.59740651 -0.20557775]
138.1208438873291,1002,False,6,5,[8.8956835  9.07226931 1.28337599],waiting,[ 0.5677905  -0.59831228 -0.99408226]
138.1208438873291,1003,False,4,0,[6.23976369e-04 6.33736172e+00 4.00000000e+00],cruising,[ 0.63925976  0.24903542 -0.34837281]
138.1208438873291,1004,False,0,3,[-0.26534326 -7.96552031  3.91647435],landing,[-0.62185191  0.08809385  0.93462812]
138.1208438873291,1005,False,1,2,[ 7.07014391 -4.61916337  3.99830281],cruising,[ 0.50568378 -0.03156594 -0.11489306]
138.21853971481323,1000,False,5,1,[-3.79655642  7.10431953  3.94780196],cruising,[-0.82138112 -0.19970136 -0.21083176]
138.21853971481323,1001,False,2,4,[1.32046471 5.55156636 4.0000077 ],cruising,[-0.48080528  0.59740651 -0.20557775]
138.21853971481323,1002,False,6,5,[8.8956835  9.07226931 1.28337599],queued,[ 0.5677905  -0.59831228 -0.99408226]
138.21853971481323,1003,False,4,0,[0.16917889 6.22970838 4.        ],cruising,[ 0.63925976  0.24903542 -0.34837281]
138.21853971481323,1004,False,0,3,[-0.27042469 -8.01035086  3.86149352],landing,[-0.62185191  0.08809385  0.93462812]
138.21853971481323,1005,False,1,2,[ 6.90136097 -4.71234862  3.99870322],cruising,[ 0.50568378 -0.03156594 -0.11489306]
138.33305883407593,1000,False,5,1,[-3.59949167  7.13845872  3.95563167],cruising,[-0.82138112 -0.19970136 -0.21083176]
138.33305883407593,1001,False,2,4,[1.49954502 5.46251444 4.00000655],cruising,[-0.48080528  0.59740651 -0.20557775]
138.33305883407593,1002,False,6,5,[8.8956835  9.07226931 1.30337599],queued,[ 0.5677905  -0.59831228 -0.99408226]
138.33305883407593,1003,False,4,0,[0.33798067 6.12244255 4.        ],exiting,[ 0.63925976  0.24903542 -0.34837281]
138.33305883407593,1004,False,0,3,[-0.28101601 -8.04116239  3.79335564],landing,[-0.62185191  0.08809385  0.93462812]
138.33305883407593,1005,False,1,2,[ 6.72638836 -4.78651581  3.99906612],cruising,[ 0.50568378 -0.03156594 -0.11489306]
138.4196126461029,1000,False,5,1,[-3.40239765  7.17242851  3.96228692],cruising,[-0.82138112 -0.19970136 -0.21083176]
138.4196126461029,1001,False,2,4,[1.68185087 5.3802674  4.00000557],cruising,[-0.48080528  0.59740651 -0.20557775]
138.4196126461029,1002,False,6,5,[8.8956835  9.07226931 1.34337599],queued,[ 0.5677905  -0.59831228 -0.99408226]
138.4196126461029,1003,False,4,0,[0.49670907 6.03245466 4.        ],exiting,[ 0.63925976  0.24903542 -0.34837281]
138.4196126461029,1004,False,0,3,[-0.29710142 -8.05773731  3.71228971],landing,[-0.62185191  0.08809385  0.93462812]
138.4196126461029,1005,False,1,2,[ 6.54747401 -4.84107532  3.99939129],cruising,[ 0.50568378 -0.03156594 -0.11489306]
138.52756214141846,1000,False,5,1,[-3.20507542  7.20504661  3.96794388],cruising,[-0.82138112 -0.19970136 -0.21083176]
138.52756214141846,1001,False,2,4,[1.86635009 5.30306611 4.00000473],cruising,[-0.48080528  0.59740651 -0.20557775]
138.52756214141846,1002,False,6,5,[8.8956835  9.07226931 1.40337599],queued,[ 0.5677905  -0.59831228 -0.99408226]
138.52756214141846,1003,False,4,0,[0.64521562 5.95965728 4.        ],exiting,[ 0.63925976  0.24903542 -0.34837281]
138.52756214141846,1004,False,0,3,[-0.31866329 -8.0598565   3.61853364],landing,[-0.62185191  0.08809385  0.93462812]
138.52756214141846,1005,False,1,2,[ 6.3668833  -4.87570524  3.99967791],cruising,[ 0.50568378 -0.03156594 -0.11489306]
138.6251449584961,1000,False,5,1,[-3.0069799   7.23258134  3.9727523 ],cruising,[-0.82138112 -0.19970136 -0.21083176]
138.6251449584961,1001,False,2,4,[2.05315032 5.23161212 4.00000402],cruising,[-0.48080528  0.59740651 -0.20557775]
138.6251449584961,1002,False,6,5,[8.8956835  9.07226931 1.47837599],queued,[ 0.5677905  -0.59831228 -0.99408226]
138.6251449584961,1003,False,4,0,[0.78333217 5.90394931 4.        ],exiting,[ 0.63925976  0.24903542 -0.34837281]
138.6251449584961,1004,False,0,3,[-0.3417677  -8.05782674  3.52126049],landing,[-0.62185191  0.08809385  0.93462812]
138.6251449584961,1005,False,1,2,[ 6.18623859 -4.89033527  3.99992478],cruising,[ 0.50568378 -0.03156594 -0.11489306]
138.72432684898376,1000,False,5,1,[-2.80847981  7.25702961  3.97683945],cruising,[-0.82138112 -0.19970136 -0.21083176]
138.72432684898376,1001,False,2,4,[2.24229204 5.16660895 4.00000342],cruising,[-0.48080528  0.59740651 -0.20557775]
138.72432684898376,1002,False,6,5,[8.8956835  9.07226931 1.55337599],entering,[ 0.5677905  -0.59831228 -0.99408226]
138.72432684898376,1003,False,4,0,[0.91086652 5.8652124  4.        ],exiting,[ 0.63925976  0.24903542 -0.34837281]
138.72432684898376,1004,False,0,3,[-0.3648721  -8.05579698  3.42398733],landing,[-0.62185191  0.08809385  0.93462812]
138.72432684898376,1005,False,1,2,[ 6.0064477  -4.88498359  4.00012874],cruising,[ 0.50568378 -0.03156594 -0.11489306]
138.82300472259521,1000,False,5,1,[-2.60921764  7.27419311  3.98031353],cruising,[-0.82138112 -0.19970136 -0.21083176]
138.82300472259521,1001,False,2,4,[2.43602942 5.11695185 4.00000291],cruising,[-0.48080528  0.59740651 -0.20557775]
138.82300472259521,1002,False,6,5,[8.89145776 9.05272083 1.62837599],entering,[ 0.5677905  -0.59831228 -0.99408226]
138.82300472259521,1003,False,4,0,[1.02759325 5.8433039  4.        ],exiting,[ 0.63925976  0.24903542 -0.34837281]
138.82300472259521,1004,False,0,3,[-0.38797651 -8.05376723  3.32671418],landing,[-0.62185191  0.08809385  0.93462812]
138.82300472259521,1005,False,1,2,[ 5.82869607 -4.85973619  4.00028867],cruising,[ 0.50568378 -0.03156594 -0.11489306]
138.9341220855713,1000,False,5,1,[-2.40958329  7.28628137  3.9832665 ],cruising,[-0.82138112 -0.19970136 -0.21083176]
138.9341220855713,1001,False,2,4,[2.63176206 5.07585764 4.00000247],cruising,[-0.48080528  0.59740651 -0.20557775]
138.9341220855713,1002,False,6,5,[8.88300629 9.01362387 1.70337599],entering,[ 0.5677905  -0.59831228 -0.99408226]
138.9341220855713,1003,False,4,0,[1.13323173 5.83804024 4.        ],exiting,[ 0.63925976  0.24903542 -0.34837281]
138.9341220855713,1004,False,0,3,[-0.41108092 -8.05173747  3.22944102],landing,[-0.62185191  0.08809385  0.93462812]
138.9341220855713,1005,False,1,2,[ 5.65349823 -4.81465256  4.00040123],cruising,[ 0.50568378 -0.03156594 -0.11489306]
139.0287139415741,1000,False,5,1,[-2.20959002  7.28792254  3.98577653],cruising,[-0.82138112 -0.19970136 -0.21083176]
139.0287139415741,1001,False,2,4,[2.82887234 5.04198234 4.0000021 ],cruising,[-0.48080528  0.59740651 -0.20557775]
139.0287139415741,1002,False,6,5,[8.87032907 8.95497842 1.77837599],entering,[ 0.5677905  -0.59831228 -0.99408226]
139.0287139415741,1003,False,4,0,[1.22740949 5.84916719 4.        ],exiting,[ 0.63925976  0.24903542 -0.34837281]
139.0287139415741,1004,False,0,3,[-0.43418533 -8.04970771  3.13216787],landing,[-0.62185191  0.08809385  0.93462812]
139.0287139415741,1005,False,1,2,[ 5.48156651 -4.74983748  4.00046505],cruising,[ 0.50568378 -0.03156594 -0.11489306]
139.13036227226257,1000,False,5,1,[-2.01021817  7.2720838   3.98791005],cruising,[-0.82138112 -0.19970136 -0.21083176]
139.13036227226257,1001,False,2,4,[3.02691491 5.01406927 4.00000178],cruising,[-0.48080528  0.59740651 -0.20557775]
139.13036227226257,1002,False,6,5,[8.85342612 8.87678449 1.85337599],entering,[ 0.5677905  -0.59831228 -0.99408226]
139.13036227226257,1003,False,4,0,[1.30988916 5.87651618 4.        ],exiting,[ 0.63925976  0.24903542 -0.34837281]
139.13036227226257,1004,False,0,3,[-0.45728973 -8.04767795  3.03489472],landing,[-0.62185191  0.08809385  0.93462812]
139.13036227226257,1005,False,1,2,[ 5.31265989 -4.66525258  4.00047502],cruising,[ 0.50568378 -0.03156594 -0.11489306]
139.22398114204407,1000,False,5,1,[-1.81326367  7.23731422  3.98972354],cruising,[-0.82138112 -0.19970136 -0.21083176]
139.22398114204407,1001,False,2,4,[3.22557676 4.99097232 4.00000152],cruising,[-0.48080528  0.59740651 -0.20557775]
139.22398114204407,1002,False,6,5,[8.83229767 8.77904203 1.92837599],entering,[ 0.5677905  -0.59831228 -0.99408226]
139.22398114204407,1003,False,4,0,[1.38043039 5.91991115 4.        ],exiting,[ 0.63925976  0.24903542 -0.34837281]
139.22398114204407,1004,False,0,3,[-0.48039414 -8.04564819  2.93762156],landing,[-0.62185191  0.08809385  0.93462812]
139.22398114204407,1005,False,1,2,[ 5.14619062 -4.56081684  4.00042679],cruising,[ 0.50568378 -0.03156594 -0.11489306]
139.3211920261383,1000,False,5,1,[-1.61994385  7.18605559  3.99126501],cruising,[-0.82138112 -0.19970136 -0.21083176]
139.3211920261383,1001,False,2,4,[3.42464225 4.97166085 4.00000129],cruising,[-0.48080528  0.59740651 -0.20557775]
139.3211920261383,1002,False,6,5,[8.80710004 8.6617179  2.00337599],entering,[ 0.5677905  -0.59831228 -0.99408226]
139.3211920261383,1003,False,4,0,[1.4387901  5.97916836 4.        ],exiting,[ 0.63925976  0.24903542 -0.34837281]
139.3211920261383,1004,False,0,3,[-0.50349855 -8.04361843  2.84034841],landing,[-0.62185191  0.08809385  0.93462812]
139.3211920261383,1005,False,1,2,[ 4.97606902 -4.45565676  4.00036277],cruising,[ 0.50568378 -0.03156594 -0.11489306]
139.4304187297821,1000,False,5,1,[-1.4308578   7.12089066  3.99257526],cruising,[-0.82138112 -0.19970136 -0.21083176]
139.4304187297821,1001,False,2,4,[3.62396483 4.95521369 4.0000011 ],cruising,[-0.48080528  0.59740651 -0.20557775]
139.4304187297821,1002,False,6,5,[8.77807861 8.52476271 2.07837599],entering,[ 0.5677905  -0.59831228 -0.99408226]
139.4304187297821,1003,False,4,0,[1.4847226  6.05409608 4.        ],exiting,[ 0.63925976  0.24903542 -0.34837281]
139.4304187297821,1004,False,0,3,[-0.52660296 -8.04158867  2.74307526],landing,[-0.62185191  0.08809385  0.93462812]
139.4304187297821,1005,False,1,2,[ 4.8027502  -4.35585403  4.00030835],cruising,[ 0.50568378 -0.03156594 -0.11489306]
139.5246443748474,1000,False,5,1,[-1.24609357  7.04432581  3.99368897],cruising,[-0.82138112 -0.19970136 -0.21083176]
139.5246443748474,1001,False,2,4,[3.82344528 4.94080709 4.00000093],cruising,[-0.48080528  0.59740651 -0.20557775]
139.5246443748474,1002,False,6,5,[8.74563692 8.36810215 2.15337599],entering,[ 0.5677905  -0.59831228 -0.99408226]
139.5246443748474,1003,False,4,0,[1.51797978 6.14449428 4.        ],exiting,[ 0.63925976  0.24903542 -0.34837281]
139.5246443748474,1004,False,0,3,[-0.54970736 -8.03955892  2.6458021 ],landing,[-0.62185191  0.08809385  0.93462812]
139.5246443748474,1005,False,1,2,[ 4.62595919 -4.26233964  4.0002621 ],cruising,[ 0.50568378 -0.03156594 -0.11489306]
139.6333315372467,1000,False,5,1,[-1.06396264  6.96169213  3.99463562],cruising,[-0.82138112 -0.19970136 -0.21083176]
139.6333315372467,1001,False,2,4,[4.02301531 4.92769974 4.00000079],cruising,[-0.48080528  0.59740651 -0.20557775]
139.6333315372467,1002,False,6,5,[8.7101365  8.19167686 2.22837599],entering,[ 0.5677905  -0.59831228 -0.99408226]
139.6333315372467,1003,False,4,0,[1.54666387 6.2402921  4.        ],exiting,[ 0.63925976  0.24903542 -0.34837281]
139.6333315372467,1004,False,0,3,[-0.57281177 -8.03752916  2.54852895],landing,[-0.62185191  0.08809385  0.93462812]
139.6333315372467,1005,False,1,2,[ 4.44735338 -4.17233985  4.00022279],cruising,[ 0.50568378 -0.03156594 -0.11489306]
139.71843791007996,1000,False,5,1,[-0.88586581  6.87068928  3.99544028],cruising,[-0.82138112 -0.19970136 -0.21083176]
139.71843791007996,1001,False,2,4,[4.22260029 4.91482207 4.00000067],cruising,[-0.48080528  0.59740651 -0.20557775]
139.71843791007996,1002,False,6,5,[8.67161541 7.995481   2.30337599],entering,[ 0.5677905  -0.59831228 -0.99408226]
139.71843791007996,1003,False,4,0,[1.57534795 6.33608993 4.        ],exiting,[ 0.63925976  0.24903542 -0.34837281]
139.71843791007996,1004,False,0,3,[-0.59591618 -8.0354994   2.4512558 ],landing,[-0.62185191  0.08809385  0.93462812]
139.71843791007996,1005,False,1,2,[ 4.26669707 -4.08653018  4.00018937],cruising,[ 0.50568378 -0.03156594 -0.11489306]
139.83317017555237,1000,False,5,1,[-0.71111157  6.77342184  3.99612424],cruising,[-0.82138112 -0.19970136 -0.21083176]
139.83317017555237,1001,False,2,4,[4.42221118 4.90235233 4.00000057],cruising,[-0.48080528  0.59740651 -0.20557775]
139.83317017555237,1002,False,6,5,[8.63308563 7.79922745 2.37837599],entering,[ 0.5677905  -0.59831228 -0.99408226]
139.83317017555237,1003,False,4,0,[1.60403204 6.43188775 4.        ],exiting,[ 0.63925976  0.24903542 -0.34837281]
139.83317017555237,1004,False,0,3,[-0.61902059 -8.03346964  2.35398264],landing,[-0.62185191  0.08809385  0.93462812]
139.83317017555237,1005,False,1,2,[ 4.08503378 -4.00287346  4.00016096],cruising,[ 0.50568378 -0.03156594 -0.11489306]
139.92323088645935,1000,False,5,1,[-0.53803072  6.67320696  3.9967056 ],cruising,[-0.82138112 -0.19970136 -0.21083176]
139.92323088645935,1001,False,2,4,[4.62180388 4.88959484 4.00000049],cruising,[-0.48080528  0.59740651 -0.20557775]
139.92323088645935,1002,False,6,5,[8.59509532 7.60286876 2.45337599],entering,[ 0.5677905  -0.59831228 -0.99408226]
139.92323088645935,1003,False,4,0,[1.63271613 6.52768558 4.        ],exiting,[ 0.63925976  0.24903542 -0.34837281]
139.92323088645935,1004,False,0,3,[-0.642125   -8.03143988  2.25670949],landing,[-0.62185191  0.08809385  0.93462812]
139.92323088645935,1005,False,1,2,[ 3.90214385 -3.92193352  4.00013682],cruising,[ 0.50568378 -0.03156594 -0.11489306]
140.02286410331726,1000,False,5,1,[-0.36722984  6.56915381  3.99719976],cruising,[-0.82138112 -0.19970136 -0.21083176]
140.02286410331726,1001,False,2,4,[4.82133447 4.87590014 4.00000041],cruising,[-0.48080528  0.59740651 -0.20557775]
140.02286410331726,1002,False,6,5,[8.5596943  7.40602677 2.52837599],entering,[ 0.5677905  -0.59831228 -0.99408226]
140.02286410331726,1003,False,4,0,[1.66140021 6.6234834  4.        ],exiting,[ 0.63925976  0.24903542 -0.34837281]
140.02286410331726,1004,False,0,3,[-0.6652294  -8.02941012  2.15943633],landing,[-0.62185191  0.08809385  0.93462812]
140.02286410331726,1005,False,1,2,[ 3.71863967 -3.84239601  4.0001163 ],cruising,[ 0.50568378 -0.03156594 -0.11489306]
140.12608814239502,1000,False,5,1,[-0.19789152  6.46273701  3.9976198 ],cruising,[-0.82138112 -0.19970136 -0.21083176]
140.12608814239502,1001,False,2,4,[5.02075176 4.8606443  4.00000035],cruising,[-0.48080528  0.59740651 -0.20557775]
140.12608814239502,1002,False,6,5,[8.52553837 7.20896492 2.60337599],entering,[ 0.5677905  -0.59831228 -0.99408226]
140.12608814239502,1003,False,4,0,[1.6900843  6.71928123 4.        ],exiting,[ 0.63925976  0.24903542 -0.34837281]
140.12608814239502,1004,False,0,3,[-0.68833381 -8.02738036  2.06216318],landing,[-0.62185191  0.08809385  0.93462812]
140.12608814239502,1005,False,1,2,[ 3.53435531 -3.76468323  4.00009885],cruising,[ 0.50568378 -0.03156594 -0.11489306]
140.2202730178833,1000,False,5,1,[-0.02899016  6.35562805  3.99797683],cruising,[-0.82138112 -0.19970136 -0.21083176]
140.2202730178833,1001,False,2,4,[5.22008066 4.84427381 4.0000003 ],cruising,[-0.48080528  0.59740651 -0.20557775]
140.2202730178833,1002,False,6,5,[8.49138245 7.01190307 2.67837599],entering,[ 0.5677905  -0.59831228 -0.99408226]
140.2202730178833,1003,False,4,0,[1.71876838 6.81507905 4.        ],exiting,[ 0.63925976  0.24903542 -0.34837281]
140.2202730178833,1004,False,0,3,[-0.71143822 -8.02535061  1.96489003],landing,[-0.62185191  0.08809385  0.93462812]
140.2202730178833,1005,False,1,2,[ 3.3495908  -3.68811904  4.00008402],cruising,[ 0.50568378 -0.03156594 -0.11489306]
140.3213210105896,1000,False,5,1,[0.1395715  6.24798527 3.9982803 ],cruising,[-0.82138112 -0.19970136 -0.21083176]
140.3213210105896,1001,False,2,4,[5.41916796 4.82518864 4.00000025],cruising,[-0.48080528  0.59740651 -0.20557775]
140.3213210105896,1002,False,6,5,[8.45865287 6.81459931 2.75337599],entering,[ 0.5677905  -0.59831228 -0.99408226]
140.3213210105896,1003,False,4,0,[1.74745247 6.91087688 4.        ],exiting,[ 0.63925976  0.24903542 -0.34837281]
140.3213210105896,1004,False,0,3,[-0.73454263 -8.02332085  1.86761687],landing,[-0.62185191  0.08809385  0.93462812]
140.3213210105896,1005,False,1,2,[ 3.16428323 -3.61287872  4.00007142],cruising,[ 0.50568378 -0.03156594 -0.11489306]
140.42063283920288,1000,False,5,1,[0.30838072 6.14073116 3.99853826],cruising,[-0.82138112 -0.19970136 -0.21083176]
140.42063283920288,1001,False,2,4,[5.61790158 4.80271753 4.00000022],cruising,[-0.48080528  0.59740651 -0.20557775]
140.42063283920288,1002,False,6,5,[8.42953679 6.61673002 2.82837599],entering,[ 0.5677905  -0.59831228 -0.99408226]
140.42063283920288,1003,False,4,0,[1.77613656 7.0066747  4.        ],exiting,[ 0.63925976  0.24903542 -0.34837281]
140.42063283920288,1004,False,0,3,[-0.75764703 -8.02129109  1.77034372],landing,[-0.62185191  0.08809385  0.93462812]
140.42063283920288,1005,False,1,2,[ 2.97844451 -3.53896005  4.00006071],cruising,[ 0.50568378 -0.03156594 -0.11489306]
140.53173351287842,1000,False,5,1,[0.47769329 6.03427339 3.99875752],cruising,[-0.82138112 -0.19970136 -0.21083176]
140.53173351287842,1001,False,2,4,[5.81612925 4.7761508  4.00000018],cruising,[-0.48080528  0.59740651 -0.20557775]
140.53173351287842,1002,False,6,5,[8.40042071 6.41886074 2.90337599],entering,[ 0.5677905  -0.59831228 -0.99408226]
140.53173351287842,1003,False,4,0,[1.80482064 7.10247253 4.        ],exiting,[ 0.63925976  0.24903542 -0.34837281]
140.53173351287842,1004,False,0,3,[-0.78075144 -8.01926133  1.67307057],landing,[-0.62185191  0.08809385  0.93462812]
140.53173351287842,1005,False,1,2,[ 2.79199194 -3.46660371  4.0000516 ],cruising,[ 0.50568378 -0.03156594 -0.11489306]
140.6344633102417,1000,False,5,1,[0.64814217 5.92964464 3.99894389],cruising,[-0.82138112 -0.19970136 -0.21083176]
140.6344633102417,1001,False,2,4,[6.01364421 4.74472087 4.00000016],cruising,[-0.48080528  0.59740651 -0.20557775]
140.6344633102417,1002,False,6,5,[8.37375126 6.22064686 2.97837599],entering,[ 0.5677905  -0.59831228 -0.99408226]
140.6344633102417,1003,False,4,0,[1.83350473 7.19827035 4.        ],exiting,[ 0.63925976  0.24903542 -0.34837281]
140.6344633102417,1004,False,0,3,[-0.80385585 -8.01723157  1.57579741],landing,[-0.62185191  0.08809385  0.93462812]
140.6344633102417,1005,False,1,2,[ 2.60504428 -3.39553635  4.00004386],cruising,[ 0.50568378 -0.03156594 -0.11489306]
140.7310619354248,1000,False,5,1,[0.81971103 5.82686269 3.99910231],cruising,[-0.82138112 -0.19970136 -0.21083176]
140.7310619354248,1001,False,2,4,[6.21016596 4.70758329 4.00000013],cruising,[-0.48080528  0.59740651 -0.20557775]
140.7310619354248,1002,False,6,5,[8.35028915 6.02202781 3.05337599],entering,[ 0.5677905  -0.59831228 -0.99408226]
140.7310619354248,1003,False,4,0,[1.86218882 7.29406817 4.        ],exiting,[ 0.63925976  0.24903542 -0.34837281]
140.7310619354248,1004,False,0,3,[-0.82696026 -8.01520181  1.47852426],fake_landed,[-0.62185191  0.08809385  0.93462812]
140.7310619354248,1005,False,1,2,[ 2.41729751 -3.32660775  4.00003728],cruising,[ 0.50568378 -0.03156594 -0.11489306]
140.82368969917297,1000,False,5,1,[0.99265808 5.72641709 3.99923696],cruising,[-0.82138112 -0.19970136 -0.21083176]
140.82368969917297,1001,False,2,4,[6.40531453 4.66379929 4.00000011],cruising,[-0.48080528  0.59740651 -0.20557775]
140.82368969917297,1002,False,6,5,[8.3279638  5.82327777 3.12837599],entering,[ 0.5677905  -0.59831228 -0.99408226]
140.82368969917297,1003,False,4,0,[1.8908729 7.389866  4.       ],exiting,[ 0.63925976  0.24903542 -0.34837281]
140.82368969917297,1004,False,0,3,[-0.84544378 -8.01357801  1.40070574],fake_landed,[-0.62185191  0.08809385  0.93462812]
140.82368969917297,1005,False,1,2,[ 2.22860872 -3.26030135  4.00003169],cruising,[ 0.50568378 -0.03156594 -0.11489306]
140.92573499679565,1000,False,5,1,[1.16802    5.63024955 3.99935142],cruising,[-0.82138112 -0.19970136 -0.21083176]
140.92573499679565,1001,False,2,4,[6.59857616 4.61232173 4.0000001 ],cruising,[-0.48080528  0.59740651 -0.20557775]
140.92573499679565,1002,False,6,5,[8.31060543 5.62403247 3.20337599],entering,[ 0.5677905  -0.59831228 -0.99408226]
140.92573499679565,1003,False,4,0,[1.91955699 7.48566382 4.        ],exiting,[ 0.63925976  0.24903542 -0.34837281]
140.92573499679565,1004,False,0,3,[-0.85930643 -8.01236015  1.34234184],fake_landed,[-0.62185191  0.08809385  0.93462812]
140.92573499679565,1005,False,1,2,[ 2.03931489 -3.19574249  4.00002694],cruising,[ 0.50568378 -0.03156594 -0.11489306]
141.02084469795227,1000,False,5,1,[1.3452046  5.53748308 3.9994487 ],cruising,[-0.82138112 -0.19970136 -0.21083176]
141.02084469795227,1001,False,2,4,[6.78925876 4.55198811 4.00000008],cruising,[-0.48080528  0.59740651 -0.20557775]
141.02084469795227,1002,False,6,5,[8.29585257 5.42457733 3.27837599],entering,[ 0.5677905  -0.59831228 -0.99408226]
141.02084469795227,1003,False,4,0,[1.94824108 7.58146165 4.        ],exiting,[ 0.63925976  0.24903542 -0.34837281]
141.02084469795227,1004,False,0,3,[-0.86854819 -8.01154825  1.30343258],fake_landed,[-0.62185191  0.08809385  0.93462812]
141.02084469795227,1005,False,1,2,[ 1.84874485 -3.13505426  4.0000229 ],cruising,[ 0.50568378 -0.03156594 -0.11489306]
141.13634324073792,1000,False,5,1,[1.52540116 5.45071212 3.9995314 ],cruising,[-0.82138112 -0.19970136 -0.21083176]
141.13634324073792,1001,False,2,4,[6.97643588 4.48152728 4.00000007],cruising,[-0.48080528  0.59740651 -0.20557775]
141.13634324073792,1002,False,6,5,[8.2847793  5.22488411 3.35337599],entering,[ 0.5677905  -0.59831228 -0.99408226]
141.13634324073792,1003,False,4,0,[1.97692516 7.67725947 4.        ],exiting,[ 0.63925976  0.24903542 -0.34837281]
141.13634324073792,1004,False,0,3,[-0.87316907 -8.0111423   1.28397795],fake_landed,[-0.62185191  0.08809385  0.93462812]
141.13634324073792,1005,False,1,2,[ 1.65671468 -3.0791578   4.00001946],cruising,[ 0.50568378 -0.03156594 -0.11489306]
141.22452187538147,1000,False,5,1,[1.70770357 5.36845745 3.99960169],cruising,[-0.82138112 -0.19970136 -0.21083176]
141.22452187538147,1001,False,2,4,[7.15888092 4.39958946 4.00000006],cruising,[-0.48080528  0.59740651 -0.20557775]
141.22452187538147,1002,False,6,5,[8.27983866 5.02494514 3.42837599],entering,[ 0.5677905  -0.59831228 -0.99408226]
141.22452187538147,1003,False,4,0,[2.00560925 7.7730573  4.        ],exiting,[ 0.63925976  0.24903542 -0.34837281]
141.22452187538147,1004,False,0,3,[-0.87316907 -8.0111423   1.28397795],fake_landed,[-0.62185191  0.08809385  0.93462812]
141.22452187538147,1005,False,1,2,[ 1.46303201 -3.02928776  4.00001654],cruising,[ 0.50568378 -0.03156594 -0.11489306]
141.32870197296143,1000,False,5,1,[1.89226177 5.29139726 3.99966144],cruising,[-0.82138112 -0.19970136 -0.21083176]
141.32870197296143,1001,False,2,4,[7.33499859 4.30481306 4.00000005],cruising,[-0.48080528  0.59740651 -0.20557775]
141.32870197296143,1002,False,6,5,[8.28028248 4.82494564 3.50337599],entering,[ 0.5677905  -0.59831228 -0.99408226]
141.32870197296143,1003,False,4,0,[2.03429333 7.86885512 4.        ],exiting,[ 0.63925976  0.24903542 -0.34837281]
141.32870197296143,1004,False,3,6,[-0.87316907 -8.0111423   1.28397795],waiting,[-0.62185191  0.08809385  0.93462812]
141.32870197296143,1005,False,1,2,[ 1.26752401 -2.98713776  4.00001406],cruising,[ 0.50568378 -0.03156594 -0.11489306]
141.42638206481934,1000,False,5,1,[2.07916739 5.22021939 3.99971222],cruising,[-0.82138112 -0.19970136 -0.21083176]
141.42638206481934,1001,False,2,4,[7.5027703  4.19594316 4.00000004],cruising,[-0.48080528  0.59740651 -0.20557775]
141.42638206481934,1002,False,6,5,[8.28484607 4.62499771 3.57786959],entering,[ 0.5677905  -0.59831228 -0.99408226]
141.42638206481934,1003,False,4,0,[2.06297742 7.96465295 4.        ],exiting,[ 0.63925976  0.24903542 -0.34837281]
141.42638206481934,1004,False,3,6,[-0.87316907 -8.0111423   1.28397795],waiting,[-0.62185191  0.08809385  0.93462812]
141.42638206481934,1005,False,1,2,[ 1.07011007 -2.95507943  4.00001195],cruising,[ 0.50568378 -0.03156594 -0.11489306]
141.52119398117065,1000,False,5,1,[2.26988981 5.16001177 3.99975539],cruising,[-0.82138112 -0.19970136 -0.21083176]
141.52119398117065,1001,False,2,4,[7.65851778 4.07109146 4.00000004],cruising,[-0.48080528  0.59740651 -0.20557775]
141.52119398117065,1002,False,6,5,[8.29424929 4.42521888 3.64118915],entering,[ 0.5677905  -0.59831228 -0.99408226]
141.52119398117065,1003,False,4,0,[2.09166151 8.06045077 4.        ],exiting,[ 0.63925976  0.24903542 -0.34837281]
141.52119398117065,1004,False,3,6,[-0.87316907 -8.0111423   1.28397795],waiting,[-0.62185191  0.08809385  0.93462812]
141.52119398117065,1005,False,1,2,[ 0.87052008 -2.94290236  4.00001015],cruising,[ 0.50568378 -0.03156594 -0.11489306]
141.62215614318848,1000,False,5,1,[2.46357841 5.11016477 3.99979208],cruising,[-0.82138112 -0.19970136 -0.21083176]
141.62215614318848,1001,False,2,4,[7.8008505  3.93140586 4.00000003],cruising,[-0.48080528  0.59740651 -0.20557775]
141.62215614318848,1002,False,6,5,[8.3065465  4.22559729 3.69501078],entering,[ 0.5677905  -0.59831228 -0.99408226]
141.62215614318848,1003,False,4,0,[2.12034559 8.1562486  4.        ],exiting,[ 0.63925976  0.24903542 -0.34837281]
141.62215614318848,1004,False,3,6,[-0.87316907 -8.0111423   1.28397795],waiting,[-0.62185191  0.08809385  0.93462812]
141.62215614318848,1005,False,1,2,[ 0.67052158 -2.94212879  4.00000863],cruising,[ 0.50568378 -0.03156594 -0.11489306]
141.73265719413757,1000,False,5,1,[2.65933261 5.06917337 3.99982327],cruising,[-0.82138112 -0.19970136 -0.21083176]
141.73265719413757,1001,False,2,4,[7.9283059  3.7783537  4.00000003],cruising,[-0.48080528  0.59740651 -0.20557775]
141.73265719413757,1002,False,6,5,[8.31605979 4.02582368 3.74075916],entering,[ 0.5677905  -0.59831228 -0.99408226]
141.73265719413757,1003,False,4,0,[2.14902968 8.25204642 4.        ],exiting,[ 0.63925976  0.24903542 -0.34837281]
141.73265719413757,1004,False,3,6,[-0.87316907 -8.0111423   1.28397795],waiting,[-0.62185191  0.08809385  0.93462812]
141.73265719413757,1005,False,1,2,[ 0.47107235 -2.95696135  4.00000733],cruising,[ 0.50568378 -0.03156594 -0.11489306]
141.83228659629822,1000,False,5,1,[2.85649368 5.0355949  3.99984978],cruising,[-0.82138112 -0.19970136 -0.21083176]
141.83228659629822,1001,False,2,4,[8.03953436 3.61361024 4.00000002],cruising,[-0.48080528  0.59740651 -0.20557775]
141.83228659629822,1002,False,6,5,[8.33082073 3.82636914 3.77964529],cruising,[ 0.5677905  -0.59831228 -0.99408226]
141.83228659629822,1003,False,4,0,[2.17771377 8.34784425 4.        ],exiting,[ 0.63925976  0.24903542 -0.34837281]
141.83228659629822,1004,False,3,6,[-0.87316907 -8.0111423   1.28397795],waiting,[-0.62185191  0.08809385  0.93462812]
141.83228659629822,1005,False,1,2,[ 0.27329651 -2.98670556  4.00000623],cruising,[ 0.50568378 -0.03156594 -0.11489306]
141.92397117614746,1000,False,5,1,[3.05459433 5.00809707 3.99987231],cruising,[-0.82138112 -0.19970136 -0.21083176]
141.92397117614746,1001,False,2,4,[8.13317792 3.43933937 4.00000002],cruising,[-0.48080528  0.59740651 -0.20557775]
141.92397117614746,1002,False,6,5,[8.33980632 3.62657109 3.81269849],cruising,[ 0.5677905  -0.59831228 -0.99408226]
141.92397117614746,1003,False,4,0,[2.20639785 8.44364207 4.        ],exiting,[ 0.63925976  0.24903542 -0.34837281]
141.92397117614746,1004,False,3,6,[-0.87316907 -8.0111423   1.28397795],waiting,[-0.62185191  0.08809385  0.93462812]
141.92397117614746,1005,False,1,2,[ 0.07913721 -3.03468646  4.0000053 ],cruising,[ 0.50568378 -0.03156594 -0.11489306]
142.02121257781982,1000,False,5,1,[3.25331106 4.98547717 3.99989146],cruising,[-0.82138112 -0.19970136 -0.21083176]
142.02121257781982,1001,False,2,4,[8.20881267 3.25636894 4.00000001],cruising,[-0.48080528  0.59740651 -0.20557775]
142.02121257781982,1002,False,6,5,[8.34718954 3.42670742 3.84079372],cruising,[ 0.5677905  -0.59831228 -0.99408226]
142.02121257781982,1003,False,4,0,[2.23508194 8.53943989 4.        ],exiting,[ 0.63925976  0.24903542 -0.34837281]
142.02121257781982,1004,False,3,6,[-0.87316907 -8.0111423   1.28397795],waiting,[-0.62185191  0.08809385  0.93462812]
142.02121257781982,1005,False,1,2,[-0.11179473 -3.09422631  4.0000045 ],cruising,[ 0.50568378 -0.03156594 -0.11489306]
142.13374757766724,1000,False,5,1,[3.45242416 4.96666298 3.99990774],cruising,[-0.82138112 -0.19970136 -0.21083176]
142.13374757766724,1001,False,2,4,[8.26579516 3.06618092 4.00000001],cruising,[-0.48080528  0.59740651 -0.20557775]
142.13374757766724,1002,False,6,5,[8.36067109 3.22716231 3.86467466],cruising,[ 0.5677905  -0.59831228 -0.99408226]
142.13374757766724,1003,False,4,0,[2.26376602 8.63523772 4.        ],landing,[ 0.63925976  0.24903542 -0.34837281]
142.13374757766724,1004,False,3,6,[-0.87316907 -8.0111423   1.28397795],waiting,[-0.62185191  0.08809385  0.93462812]
142.13374757766724,1005,False,1,2,[-0.29921212 -3.16404552  4.00000383],cruising,[ 0.50568378 -0.03156594 -0.11489306]
142.23597598075867,1000,False,5,1,[3.65178636 4.95070325 3.99992158],cruising,[-0.82138112 -0.19970136 -0.21083176]
142.23597598075867,1001,False,2,4,[8.30364891 2.87015415 4.00000001],cruising,[-0.48080528  0.59740651 -0.20557775]
142.23597598075867,1002,False,6,5,[8.37279678 3.02753023 3.88497346],cruising,[ 0.5677905  -0.59831228 -0.99408226]
142.23597598075867,1003,False,4,0,[2.29150385 8.71673817 3.98604687],landing,[ 0.63925976  0.24903542 -0.34837281]
142.23597598075867,1004,False,3,6,[-0.87316907 -8.0111423   1.28397795],waiting,[-0.62185191  0.08809385  0.93462812]
142.23597598075867,1005,False,1,2,[-0.48205879 -3.24508313  4.00000325],cruising,[ 0.50568378 -0.03156594 -0.11489306]
142.32465052604675,1000,False,5,1,[3.85129923 4.93675275 3.99993335],cruising,[-0.82138112 -0.19970136 -0.21083176]
142.32465052604675,1001,False,2,4,[8.3327208  2.67227837 4.00000001],cruising,[-0.48080528  0.59740651 -0.20557775]
142.32465052604675,1002,False,6,5,[8.38432925 2.827863   3.90222744],cruising,[ 0.5677905  -0.59831228 -0.99408226]
142.32465052604675,1003,False,4,0,[2.31821038 8.78378848 3.95830499],landing,[ 0.63925976  0.24903542 -0.34837281]
142.32465052604675,1004,False,3,6,[-0.87316907 -8.0111423   1.28397795],waiting,[-0.62185191  0.08809385  0.93462812]
142.32465052604675,1005,False,1,2,[-0.66151307 -3.333379    4.00000276],cruising,[ 0.50568378 -0.03156594 -0.11489306]
142.42543745040894,1000,False,5,1,[4.05089574 4.92405496 3.99994334],cruising,[-0.82138112 -0.19970136 -0.21083176]
142.42543745040894,1001,False,2,4,[8.36128886 2.47432922 4.00000001],cruising,[-0.48080528  0.59740651 -0.20557775]
142.42543745040894,1002,False,6,5,[8.39937474 2.62842972 3.91689333],cruising,[ 0.5677905  -0.59831228 -0.99408226]
142.42543745040894,1003,False,4,0,[2.3437849  8.83621003 3.91697201],landing,[ 0.63925976  0.24903542 -0.34837281]
142.42543745040894,1004,False,3,6,[-0.87316907 -8.0111423   1.28397795],waiting,[-0.62185191  0.08809385  0.93462812]
142.42543745040894,1005,False,1,2,[-0.83940017 -3.42479114  4.00000235],cruising,[ 0.50568378 -0.03156594 -0.11489306]
142.5279176235199,1000,False,5,1,[4.25052751 4.91192424 3.99995184],cruising,[-0.82138112 -0.19970136 -0.21083176]
142.5279176235199,1001,False,2,4,[8.38506451 2.27574745 4.00000001],cruising,[-0.48080528  0.59740651 -0.20557775]
142.5279176235199,1002,False,6,5,[8.41267925 2.42887274 3.92935933],cruising,[ 0.5677905  -0.59831228 -0.99408226]
142.5279176235199,1003,False,4,0,[2.36808934 8.87376216 3.8623241 ],landing,[ 0.63925976  0.24903542 -0.34837281]
142.5279176235199,1004,False,3,6,[-0.87316907 -8.0111423   1.28397795],waiting,[-0.62185191  0.08809385  0.93462812]
142.5279176235199,1005,False,1,2,[-1.01808928 -3.51462545  4.000002  ],cruising,[ 0.50568378 -0.03156594 -0.11489306]
142.63173842430115,1000,False,5,1,[4.45015094 4.89965689 3.99995907],cruising,[-0.82138112 -0.19970136 -0.21083176]
142.63173842430115,1001,False,2,4,[8.40789888 2.07705525 4.        ],cruising,[-0.48080528  0.59740651 -0.20557775]
142.63173842430115,1002,False,6,5,[8.42769627 2.22943731 3.93995543],cruising,[ 0.5677905  -0.59831228 -0.99408226]
142.63173842430115,1003,False,4,0,[2.39100273 8.89623799 3.7946083 ],landing,[ 0.63925976  0.24903542 -0.34837281]
142.63173842430115,1004,False,3,6,[-0.87316907 -8.0111423   1.28397795],waiting,[-0.62185191  0.08809385  0.93462812]
142.63173842430115,1005,False,1,2,[-1.20143989 -3.59451634  4.0000017 ],cruising,[ 0.50568378 -0.03156594 -0.11489306]
142.7304060459137,1000,False,5,1,[4.64975376 4.88705875 3.99996521],cruising,[-0.82138112 -0.19970136 -0.21083176]
142.7304060459137,1001,False,2,4,[8.42629194 1.87790281 4.        ],cruising,[-0.48080528  0.59740651 -0.20557775]
142.7304060459137,1002,False,6,5,[8.44022964 2.02983041 3.94896211],cruising,[ 0.5677905  -0.59831228 -0.99408226]
142.7304060459137,1003,False,4,0,[2.41241432 8.90345145 3.71405485],landing,[ 0.63925976  0.24903542 -0.34837281]
142.7304060459137,1004,False,3,6,[-0.87316907 -8.0111423   1.28397795],waiting,[-0.62185191  0.08809385  0.93462812]
142.7304060459137,1005,False,1,2,[-1.39169015 -3.65563504  4.00000144],cruising,[ 0.50568378 -0.03156594 -0.11489306]
142.8328893184662,1000,False,5,1,[4.84929161 4.87347025 3.99997042],cruising,[-0.82138112 -0.19970136 -0.21083176]
142.8328893184662,1001,False,2,4,[8.44353116 1.67864717 4.        ],cruising,[-0.48080528  0.59740651 -0.20557775]
142.8328893184662,1002,False,6,5,[8.45329186 1.83025742 3.9566178 ],cruising,[ 0.5677905  -0.59831228 -0.99408226]
142.8328893184662,1003,False,4,0,[2.43221109 8.89521597 3.6209029 ],landing,[ 0.63925976  0.24903542 -0.34837281]
142.8328893184662,1004,False,3,6,[-0.87316907 -8.0111423   1.28397795],waiting,[-0.62185191  0.08809385  0.93462812]
142.8328893184662,1005,False,1,2,[-1.58569519 -3.69710937  4.00000119],cruising,[ 0.50568378 -0.03156594 -0.11489306]
142.9320034980774,1000,False,5,1,[5.04871234 4.85825938 3.99997486],cruising,[-0.82138112 -0.19970136 -0.21083176]
142.9320034980774,1001,False,2,4,[8.45669791 1.47908105 4.        ],cruising,[-0.48080528  0.59740651 -0.20557775]
142.9320034980774,1002,False,6,5,[8.46349802 1.63051801 3.96312513],cruising,[ 0.5677905  -0.59831228 -0.99408226]
142.9320034980774,1003,False,4,0,[2.45143811 8.88183277 3.52368556],landing,[ 0.63925976  0.24903542 -0.34837281]
142.9320034980774,1004,False,3,6,[-0.87316907 -8.0111423   1.28397795],waiting,[-0.62185191  0.08809385  0.93462812]
142.9320034980774,1005,False,1,2,[-1.78034964 -3.71859424  4.00000097],cruising,[ 0.50568378 -0.03156594 -0.11489306]
143.0310389995575,1000,False,5,1,[5.24794894 4.84080146 3.99997863],cruising,[-0.82138112 -0.19970136 -0.21083176]
143.0310389995575,1001,False,2,4,[8.46860023 1.27943552 4.        ],cruising,[-0.48080528  0.59740651 -0.20557775]
143.0310389995575,1002,False,6,5,[8.47348967 1.43076775 3.96865636],cruising,[ 0.5677905  -0.59831228 -0.99408226]
143.0310389995575,1003,False,4,0,[2.47066514 8.86844958 3.42646822],landing,[ 0.63925976  0.24903542 -0.34837281]
143.0310389995575,1004,False,3,6,[-0.87316907 -8.0111423   1.28397795],waiting,[-0.62185191  0.08809385  0.93462812]
143.0310389995575,1005,False,1,2,[-1.97266002 -3.72021695  4.00000075],cruising,[ 0.50568378 -0.03156594 -0.11489306]
143.1343858242035,1000,False,5,1,[5.44705229 4.82188441 3.99998184],cruising,[-0.82138112 -0.19970136 -0.21083176]
143.1343858242035,1001,False,2,4,[8.47895775 1.0797039  4.        ],cruising,[-0.48080528  0.59740651 -0.20557775]
143.1343858242035,1002,False,6,5,[8.48275369 1.23098242 3.9733579 ],cruising,[ 0.5677905  -0.59831228 -0.99408226]
143.1343858242035,1003,False,4,0,[2.48989217 8.85506639 3.32925088],landing,[ 0.63925976  0.24903542 -0.34837281]
143.1343858242035,1004,False,3,6,[-0.87316907 -8.0111423   1.28397795],waiting,[-0.62185191  0.08809385  0.93462812]
143.1343858242035,1005,False,1,2,[-2.15973598 -3.70253679  4.00000055],cruising,[ 0.50568378 -0.03156594 -0.11489306]
143.2215974330902,1000,False,5,1,[5.64579074 4.79945607 3.99998456],cruising,[-0.82138112 -0.19970136 -0.21083176]
143.2215974330902,1001,False,2,4,[8.48531178 0.87980486 4.        ],cruising,[-0.48080528  0.59740651 -0.20557775]
143.2215974330902,1002,False,6,5,[8.48858242 1.03106737 3.97735422],cruising,[ 0.5677905  -0.59831228 -0.99408226]
143.2215974330902,1003,False,4,0,[2.5091192  8.8416832  3.23203353],landing,[ 0.63925976  0.24903542 -0.34837281]
143.2215974330902,1004,False,3,6,[-0.87316907 -8.0111423   1.28397795],waiting,[-0.62185191  0.08809385  0.93462812]
143.2215974330902,1005,False,1,2,[-2.33925361 -3.66633984  4.00000036],cruising,[ 0.50568378 -0.03156594 -0.11489306]
143.32141017913818,1000,False,5,1,[5.84400788 4.77281089 3.99998688],cruising,[-0.82138112 -0.19970136 -0.21083176]
143.32141017913818,1001,False,2,4,[8.49018986 0.67986436 4.        ],cruising,[-0.48080528  0.59740651 -0.20557775]
143.32141017913818,1002,False,6,5,[8.49344583 0.83112651 3.98075109],cruising,[ 0.5677905  -0.59831228 -0.99408226]
143.32141017913818,1003,False,4,0,[2.52834622 8.8283     3.13481619],landing,[ 0.63925976  0.24903542 -0.34837281]
143.32141017913818,1004,False,3,6,[-0.87316907 -8.0111423   1.28397795],waiting,[-0.62185191  0.08809385  0.93462812]
143.32141017913818,1005,False,1,2,[-2.5090199  -3.61268117  4.00000019],cruising,[ 0.50568378 -0.03156594 -0.11489306]
143.42161202430725,1000,False,5,1,[6.04149126 4.74118313 3.99998885],cruising,[-0.82138112 -0.19970136 -0.21083176]
143.42161202430725,1001,False,2,4,[8.49339586 0.47989005 4.        ],cruising,[-0.48080528  0.59740651 -0.20557775]
143.42161202430725,1002,False,6,5,[8.49703483 0.63115872 3.98363842],cruising,[ 0.5677905  -0.59831228 -0.99408226]
143.42161202430725,1003,False,4,0,[2.54757325 8.81491681 3.03759885],landing,[ 0.63925976  0.24903542 -0.34837281]
143.42161202430725,1004,False,3,6,[-0.87316907 -8.0111423   1.28397795],queued,[-0.62185191  0.08809385  0.93462812]
143.42161202430725,1005,False,1,2,[-2.66703769 -3.54283693  4.00000003],cruising,[ 0.50568378 -0.03156594 -0.11489306]
143.52105975151062,1000,False,5,1,[6.23795279 4.70372826 3.99999052],cruising,[-0.82138112 -0.19970136 -0.21083176]
143.52105975151062,1001,False,2,4,[8.49273269 0.27989115 4.        ],cruising,[-0.48080528  0.59740651 -0.20557775]
143.52105975151062,1002,False,6,5,[8.49702539 0.43115872 3.98609266],cruising,[ 0.5677905  -0.59831228 -0.99408226]
143.52105975151062,1003,False,4,0,[2.56680028 8.80153362 2.94038151],landing,[ 0.63925976  0.24903542 -0.34837281]
143.52105975151062,1004,False,3,6,[-0.87316907 -8.0111423   1.30397795],queued,[-0.62185191  0.08809385  0.93462812]
143.52105975151062,1005,False,1,2,[-2.81162601 -3.45817213  3.99999989],cruising,[ 0.50568378 -0.03156594 -0.11489306]
143.6226749420166,1000,False,5,1,[6.43300249 4.65950594 3.99999194],cruising,[-0.82138112 -0.19970136 -0.21083176]
143.6226749420166,1001,False,2,4,[8.4904953  0.07990367 4.        ],cruising,[-0.48080528  0.59740651 -0.20557775]
143.6226749420166,1002,False,6,5,[8.49569894 0.23116311 3.98817876],cruising,[ 0.5677905  -0.59831228 -0.99408226]
143.6226749420166,1003,False,4,0,[2.58602731 8.78815043 2.84316417],landing,[ 0.63925976  0.24903542 -0.34837281]
143.6226749420166,1004,False,3,6,[-0.87316907 -8.0111423   1.34397795],queued,[-0.62185191  0.08809385  0.93462812]
143.6226749420166,1005,False,1,2,[-2.94132776 -3.36015105  3.99999976],cruising,[ 0.50568378 -0.03156594 -0.11489306]
143.73580598831177,1000,False,5,1,[6.6261136  4.60746653 3.99999315],cruising,[-0.82138112 -0.19970136 -0.21083176]
143.73580598831177,1001,False,2,4,[ 8.48651484 -0.12005672  4.        ],cruising,[-0.48080528  0.59740651 -0.20557775]
143.73580598831177,1002,False,6,5,[8.49283403 0.03118363 3.98995195],cruising,[ 0.5677905  -0.59831228 -0.99408226]
143.73580598831177,1003,False,4,0,[2.60525433 8.77476724 2.74594682],landing,[ 0.63925976  0.24903542 -0.34837281]
143.73580598831177,1004,False,3,6,[-0.87316907 -8.0111423   1.40397795],queued,[-0.62185191  0.08809385  0.93462812]
143.73580598831177,1005,False,1,2,[-3.05483844 -3.25038904  3.99999965],cruising,[ 0.50568378 -0.03156594 -0.11489306]
143.82521796226501,1000,False,5,1,[6.8165772  4.5464451  3.99999418],cruising,[-0.82138112 -0.19970136 -0.21083176]
143.82521796226501,1001,False,2,4,[ 8.4806553  -0.31997086  4.        ],cruising,[-0.48080528  0.59740651 -0.20557775]
143.82521796226501,1002,False,6,5,[ 8.48825519 -0.16876394  3.99145915],cruising,[ 0.5677905  -0.59831228 -0.99408226]
143.82521796226501,1003,False,4,0,[2.62448136 8.76138404 2.64872948],landing,[ 0.63925976  0.24903542 -0.34837281]
143.82521796226501,1004,False,3,6,[-0.87316907 -8.0111423   1.47897795],queued,[-0.62185191  0.08809385  0.93462812]
143.82521796226501,1005,False,1,2,[-3.15105582 -3.13058006  3.99999956],cruising,[ 0.50568378 -0.03156594 -0.11489306]
143.9291045665741,1000,False,5,1,[7.00344557 4.47516949 3.99999505],cruising,[-0.82138112 -0.19970136 -0.21083176]
143.9291045665741,1001,False,2,4,[ 8.4707691  -0.51972637  4.        ],cruising,[-0.48080528  0.59740651 -0.20557775]
143.9291045665741,1002,False,6,5,[ 8.47977792 -0.3685842   3.99274028],cruising,[ 0.5677905  -0.59831228 -0.99408226]
143.9291045665741,1003,False,4,0,[2.64370839 8.74800085 2.55151214],landing,[ 0.63925976  0.24903542 -0.34837281]
143.9291045665741,1004,False,3,6,[-0.87316907 -8.0111423   1.55397795],queued,[-0.62185191  0.08809385  0.93462812]
143.9291045665741,1005,False,1,2,[-3.22935812 -3.00188008  3.99999949],cruising,[ 0.50568378 -0.03156594 -0.11489306]
144.0289821624756,1000,False,5,1,[7.18546582 4.3922923  3.99999579],cruising,[-0.82138112 -0.19970136 -0.21083176]
144.0289821624756,1001,False,2,4,[ 8.45911979 -0.71938682  4.        ],cruising,[-0.48080528  0.59740651 -0.20557775]
144.0289821624756,1002,False,6,5,[ 8.46966239 -0.56832823  3.99382924],cruising,[ 0.5677905  -0.59831228 -0.99408226]
144.0289821624756,1003,False,4,0,[2.66293542 8.73461766 2.4542948 ],landing,[ 0.63925976  0.24903542 -0.34837281]
144.0289821624756,1004,False,3,6,[-0.87316907 -8.0111423   1.62897795],queued,[-0.62185191  0.08809385  0.93462812]
144.0289821624756,1005,False,1,2,[-3.28937878 -2.86506951  3.99999943],cruising,[ 0.50568378 -0.03156594 -0.11489306]
144.13378405570984,1000,False,5,1,[7.36101156 4.2964607  3.99999642],cruising,[-0.82138112 -0.19970136 -0.21083176]
144.13378405570984,1001,False,2,4,[ 8.44554281 -0.91892545  4.        ],cruising,[-0.48080528  0.59740651 -0.20557775]
144.13378405570984,1002,False,6,5,[ 8.45772913 -0.76797191  3.99475485],cruising,[ 0.5677905  -0.59831228 -0.99408226]
144.13378405570984,1003,False,4,0,[2.68216244 8.72123447 2.35707746],landing,[ 0.63925976  0.24903542 -0.34837281]
144.13378405570984,1004,False,3,6,[-0.87316907 -8.0111423   1.70397795],queued,[-0.62185191  0.08809385  0.93462812]
144.13378405570984,1005,False,1,2,[-3.33094317 -2.72055401  3.9999994 ],cruising,[ 0.50568378 -0.03156594 -0.11489306]
144.225843667984,1000,False,5,1,[7.52589932 4.18370552 3.99999698],cruising,[-0.82138112 -0.19970136 -0.21083176]
144.225843667984,1001,False,2,4,[ 8.42989343 -1.11831225  4.        ],cruising,[-0.48080528  0.59740651 -0.20557775]
144.225843667984,1002,False,6,5,[ 8.44382418 -0.96748795  3.99554163],cruising,[ 0.5677905  -0.59831228 -0.99408226]
144.225843667984,1003,False,4,0,[2.70138947 8.70785127 2.25986012],landing,[ 0.63925976  0.24903542 -0.34837281]
144.225843667984,1004,False,3,6,[-0.87316907 -8.0111423   1.77897795],queued,[-0.62185191  0.08809385  0.93462812]
144.225843667984,1005,False,1,2,[-3.35397802 -2.56851145  3.99999939],cruising,[ 0.50568378 -0.03156594 -0.11489306]
144.32716393470764,1000,False,5,1,[7.67869036 4.05502334 3.99999745],cruising,[-0.82138112 -0.19970136 -0.21083176]
144.32716393470764,1001,False,2,4,[ 8.40983485 -1.31730384  4.        ],cruising,[-0.48080528  0.59740651 -0.20557775]
144.32716393470764,1002,False,6,5,[ 8.42563977 -1.16665955  3.99621038],cruising,[ 0.5677905  -0.59831228 -0.99408226]
144.32716393470764,1003,False,4,0,[2.7206165  8.69446808 2.16264277],landing,[ 0.63925976  0.24903542 -0.34837281]
144.32716393470764,1004,False,3,6,[-0.87316907 -8.0111423   1.85397795],entering,[-0.62185191  0.08809385  0.93462812]
144.32716393470764,1005,False,1,2,[-3.35848688 -2.40893316  3.9999994 ],cruising,[ 0.50568378 -0.03156594 -0.11489306]
144.4208595752716,1000,False,5,1,[7.81781291 3.91174073 3.99999785],cruising,[-0.82138112 -0.19970136 -0.21083176]
144.4208595752716,1001,False,2,4,[ 8.38775397 -1.51608119  4.        ],cruising,[-0.48080528  0.59740651 -0.20557775]
144.4208595752716,1002,False,6,5,[ 8.40553422 -1.3656464   3.99677882],cruising,[ 0.5677905  -0.59831228 -0.99408226]
144.4208595752716,1003,False,4,0,[2.73984353 8.68108489 2.06542543],landing,[ 0.63925976  0.24903542 -0.34837281]
144.4208595752716,1004,False,3,6,[-0.87966057 -7.9922251   1.92897795],entering,[-0.62185191  0.08809385  0.93462812]
144.4208595752716,1005,False,1,2,[-3.3447941  -2.2410663   3.99999943],cruising,[ 0.50568378 -0.03156594 -0.11489306]
144.52528166770935,1000,False,5,1,[7.9417967  3.75538839 3.99999819],cruising,[-0.82138112 -0.19970136 -0.21083176]
144.52528166770935,1001,False,2,4,[ 8.36344491 -1.71459837  4.        ],cruising,[-0.48080528  0.59740651 -0.20557775]
144.52528166770935,1002,False,6,5,[ 8.38330511 -1.56440723  3.997262  ],cruising,[ 0.5677905  -0.59831228 -0.99408226]
144.52528166770935,1003,False,4,0,[2.75907055 8.6677017  1.96820809],landing,[ 0.63925976  0.24903542 -0.34837281]
144.52528166770935,1004,False,3,6,[-0.89264357 -7.9543907   2.00397795],entering,[-0.62185191  0.08809385  0.93462812]
144.52528166770935,1005,False,1,2,[-3.31394432 -2.06292143  3.99999949],cruising,[ 0.50568378 -0.03156594 -0.11489306]
144.62501335144043,1000,False,5,1,[8.04898615 3.58817556 3.9999985 ],cruising,[-0.82138112 -0.19970136 -0.21083176]
144.62501335144043,1001,False,2,4,[ 8.33427769 -1.91246012  4.        ],cruising,[-0.48080528  0.59740651 -0.20557775]
144.62501335144043,1002,False,6,5,[ 8.3564096  -1.76259056  3.9976727 ],cruising,[ 0.5677905  -0.59831228 -0.99408226]
144.62501335144043,1003,False,4,0,[2.77829758 8.6543185  1.87099075],landing,[ 0.63925976  0.24903542 -0.34837281]
144.62501335144043,1004,False,3,6,[-0.91211808 -7.8976391   2.07897795],entering,[-0.62185191  0.08809385  0.93462812]
144.62501335144043,1005,False,1,2,[-3.27149546 -1.86848358  3.99999956],cruising,[ 0.50568378 -0.03156594 -0.11489306]
144.73192191123962,1000,False,5,1,[8.1385512  3.4115086  3.99999877],cruising,[-0.82138112 -0.19970136 -0.21083176]
144.73192191123962,1001,False,2,4,[ 8.3027884  -2.10996563  4.        ],cruising,[-0.48080528  0.59740651 -0.20557775]
144.73192191123962,1002,False,6,5,[ 8.3273157  -1.96046311  3.9980218 ],cruising,[ 0.5677905  -0.59831228 -0.99408226]
144.73192191123962,1003,False,4,0,[2.79752461 8.64093531 1.77377341],landing,[ 0.63925976  0.24903542 -0.34837281]
144.73192191123962,1004,False,3,6,[-0.93808408 -7.82197031  2.15397795],entering,[-0.62185191  0.08809385  0.93462812]
144.73192191123962,1005,False,1,2,[-3.24473683 -1.67028173  3.99999963],cruising,[ 0.50568378 -0.03156594 -0.11489306]
144.82648468017578,1000,False,5,1,[8.20983099 3.22673922 3.999999  ],exiting,[-0.82138112 -0.19970136 -0.21083176]
144.82648468017578,1001,False,2,4,[ 8.26869733 -2.30703871  4.        ],cruising,[-0.48080528  0.59740651 -0.20557775]
144.82648468017578,1002,False,6,5,[ 8.29575873 -2.15795781  3.99831853],cruising,[ 0.5677905  -0.59831228 -0.99408226]
144.82648468017578,1003,False,4,0,[2.81675164 8.62755212 1.67655606],landing,[ 0.63925976  0.24903542 -0.34837281]
144.82648468017578,1004,False,3,6,[-0.97054158 -7.72738431  2.22897795],entering,[-0.62185191  0.08809385  0.93462812]
144.82648468017578,1005,False,1,2,[-3.23440509 -1.47054877  3.99999968],cruising,[ 0.50568378 -0.03156594 -0.11489306]
144.92175102233887,1000,False,5,1,[8.26268159 3.04973932 3.99999921],exiting,[-0.82138112 -0.19970136 -0.21083176]
144.92175102233887,1001,False,2,4,[ 8.22881718 -2.50302231  4.        ],cruising,[-0.48080528  0.59740651 -0.20557775]
144.92175102233887,1002,False,6,5,[ 8.25872357 -2.35449889  3.99857075],cruising,[ 0.5677905  -0.59831228 -0.99408226]
144.92175102233887,1003,False,4,0,[2.83597866 8.61416893 1.57933872],landing,[ 0.63925976  0.24903542 -0.34837281]
144.92175102233887,1004,False,3,6,[-1.00949058 -7.61388112  2.30397795],entering,[-0.62185191  0.08809385  0.93462812]
144.92175102233887,1005,False,1,2,[-3.23991881 -1.27062478  3.99999973],cruising,[ 0.50568378 -0.03156594 -0.11489306]
145.02297353744507,1000,False,5,1,[8.29966356 2.88491262 3.99999941],exiting,[-0.82138112 -0.19970136 -0.21083176]
145.02297353744507,1001,False,2,4,[ 8.18606923 -2.69840044  4.        ],cruising,[-0.48080528  0.59740651 -0.20557775]
145.02297353744507,1002,False,6,5,[ 8.21899857 -2.550514    3.99878514],cruising,[ 0.5677905  -0.59831228 -0.99408226]
145.02297353744507,1003,False,4,0,[2.85520569 8.60078573 1.48212138],fake_landed,[ 0.63925976  0.24903542 -0.34837281]
145.02297353744507,1004,False,3,6,[-1.05493109 -7.48146072  2.37897795],entering,[-0.62185191  0.08809385  0.93462812]
145.02297353744507,1005,False,1,2,[-3.25925574 -1.07156177  3.99999977],cruising,[ 0.50568378 -0.03156594 -0.11489306]
145.13215112686157,1000,False,5,1,[8.32200771 2.73371434 3.99999959],exiting,[-0.82138112 -0.19970136 -0.21083176]
145.13215112686157,1001,False,2,4,[ 8.13670313 -2.89221217  4.        ],cruising,[-0.48080528  0.59740651 -0.20557775]
145.13215112686157,1002,False,6,5,[ 8.17309639 -2.74517522  3.99896736],cruising,[ 0.5677905  -0.59831228 -0.99408226]
145.13215112686157,1003,False,4,0,[2.87058731 8.59007918 1.40434751],fake_landed,[ 0.63925976  0.24903542 -0.34837281]
145.13215112686157,1004,False,3,6,[-1.10686309 -7.33012313  2.45397795],entering,[-0.62185191  0.08809385  0.93462812]
145.13215112686157,1005,False,1,2,[-3.2921511  -0.87428558  3.99999981],cruising,[ 0.50568378 -0.03156594 -0.11489306]
145.23210763931274,1000,False,5,1,[8.33041271 2.59685832 3.99999977],exiting,[-0.82138112 -0.19970136 -0.21083176]
145.23210763931274,1001,False,2,4,[ 8.08394105 -3.08512709  4.        ],cruising,[-0.48080528  0.59740651 -0.20557775]
145.23210763931274,1002,False,6,5,[ 8.12403934 -2.93906541  3.99912226],cruising,[ 0.5677905  -0.59831228 -0.99408226]
145.23210763931274,1003,False,4,0,[2.88212353 8.58204927 1.3460171 ],fake_landed,[ 0.63925976  0.24903542 -0.34837281]
145.23210763931274,1004,False,3,6,[-1.1652866  -7.15986834  2.52897795],entering,[-0.62185191  0.08809385  0.93462812]
145.23210763931274,1005,False,1,2,[-3.33749443 -0.67949343  3.99999983],cruising,[ 0.50568378 -0.03156594 -0.11489306]
145.3357915878296,1000,False,5,1,[8.32538006 2.47481546 3.99999993],exiting,[-0.82138112 -0.19970136 -0.21083176]
145.3357915878296,1001,False,2,4,[ 8.02316326 -3.27566858  4.        ],cruising,[-0.48080528  0.59740651 -0.20557775]
145.3357915878296,1002,False,6,5,[ 8.06760621 -3.13093855  3.99925392],cruising,[ 0.5677905  -0.59831228 -0.99408226]
145.3357915878296,1003,False,4,0,[2.88981434 8.57669599 1.30713016],fake_landed,[ 0.63925976  0.24903542 -0.34837281]
145.3357915878296,1004,False,3,6,[-1.23145515 -6.97117407  2.60397795],entering,[-0.62185191  0.08809385  0.93462812]
145.3357915878296,1005,False,1,2,[-3.39431109 -0.48773351  3.99999986],cruising,[ 0.50568378 -0.03156594 -0.11489306]
145.42645525932312,1000,False,5,1,[8.30736015 2.36798216 4.00000008],exiting,[-0.82138112 -0.19970136 -0.21083176]
145.42645525932312,1001,False,2,4,[ 7.95814734 -3.46480591  4.        ],exiting,[-0.48080528  0.59740651 -0.20557775]
145.42645525932312,1002,False,6,5,[ 8.00727306 -3.3216213   3.99936583],cruising,[ 0.5677905  -0.59831228 -0.99408226]
145.42645525932312,1003,False,4,0,[2.89365975 8.57401935 1.2876867 ],fake_landed,[ 0.63925976  0.24903542 -0.34837281]
145.42645525932312,1004,False,3,6,[-1.29763955 -6.78244245  2.67897795],entering,[-0.62185191  0.08809385  0.93462812]
145.42645525932312,1005,False,1,2,[-3.45994863 -0.298811    3.99999988],cruising,[ 0.50568378 -0.03156594 -0.11489306]
145.5323202610016,1000,False,5,1,[8.27686192 2.27677869 4.0000002 ],exiting,[-0.82138112 -0.19970136 -0.21083176]
145.5323202610016,1001,False,2,4,[ 7.90672939 -3.63927711  4.        ],exiting,[-0.48080528  0.59740651 -0.20557775]
145.5323202610016,1002,False,6,5,[ 7.93766804 -3.50911835  3.99946096],cruising,[ 0.5677905  -0.59831228 -0.99408226]
145.5323202610016,1003,False,0,3,[2.89365975 8.57401935 1.2876867 ],waiting,[ 0.63925976  0.24903542 -0.34837281]
145.5323202610016,1004,False,3,6,[-1.36382395 -6.59371083  2.75397795],entering,[-0.62185191  0.08809385  0.93462812]
145.5323202610016,1005,False,1,2,[-3.53586025 -0.11377742  3.9999999 ],cruising,[ 0.50568378 -0.03156594 -0.11489306]
145.62247157096863,1000,False,5,1,[8.23414627 2.20140982 4.00000029],exiting,[-0.82138112 -0.19970136 -0.21083176]
145.62247157096863,1001,False,2,4,[ 7.86905757 -3.79922097  4.        ],exiting,[-0.48080528  0.59740651 -0.20557775]
145.62247157096863,1002,False,6,5,[ 7.85772437 -3.69244595  3.99954181],cruising,[ 0.5677905  -0.59831228 -0.99408226]
145.62247157096863,1003,False,0,3,[2.89365975 8.57401935 1.2876867 ],waiting,[ 0.63925976  0.24903542 -0.34837281]
145.62247157096863,1004,False,3,6,[-1.43078473 -6.40525326  2.82897795],entering,[-0.62185191  0.08809385  0.93462812]
145.62247157096863,1005,False,1,2,[-3.62237646  0.06654159  3.99999991],exiting,[ 0.50568378 -0.03156594 -0.11489306]
145.72635889053345,1000,False,5,1,[8.17948288 2.14208002 4.00000035],exiting,[-0.82138112 -0.19970136 -0.21083176]
145.72635889053345,1001,False,2,4,[ 7.84531451 -3.94481249  4.        ],exiting,[-0.48080528  0.59740651 -0.20557775]
145.72635889053345,1002,False,6,5,[ 7.76588048 -3.87011052  3.99961054],cruising,[ 0.5677905  -0.59831228 -0.99408226]
145.72635889053345,1003,False,0,3,[2.89365975 8.57401935 1.2876867 ],waiting,[ 0.63925976  0.24903542 -0.34837281]
145.72635889053345,1004,False,3,6,[-1.49828426 -6.21698799  2.90397795],entering,[-0.62185191  0.08809385  0.93462812]
145.72635889053345,1005,False,1,2,[-3.70919432  0.22686287  3.99999993],exiting,[ 0.50568378 -0.03156594 -0.11489306]
145.82937216758728,1000,False,5,1,[8.1131506  2.09899328 4.00000038],exiting,[-0.82138112 -0.19970136 -0.21083176]
145.82937216758728,1001,False,2,4,[ 7.83573327 -4.07628158  4.        ],exiting,[-0.48080528  0.59740651 -0.20557775]
145.82937216758728,1002,False,6,5,[ 7.66001807 -4.03979596  3.99966896],cruising,[ 0.5677905  -0.59831228 -0.99408226]
145.82937216758728,1003,False,0,3,[2.89365975 8.57401935 1.2876867 ],waiting,[ 0.63925976  0.24903542 -0.34837281]
145.82937216758728,1004,False,3,6,[-1.5657838  -6.02872272  2.97897795],entering,[-0.62185191  0.08809385  0.93462812]
145.82937216758728,1005,False,1,2,[-3.79615084  0.36718463  3.99999994],exiting,[ 0.50568378 -0.03156594 -0.11489306]
145.9227237701416,1000,False,5,1,[8.03543811 2.07235314 4.00000038],exiting,[-0.82138112 -0.19970136 -0.21083176]
145.9227237701416,1001,False,2,4,[ 7.84049376 -4.19381099  4.        ],exiting,[-0.48080528  0.59740651 -0.20557775]
145.9227237701416,1002,False,6,5,[ 7.53774698 -4.19804659  3.99971876],cruising,[ 0.5677905  -0.59831228 -0.99408226]
145.9227237701416,1003,False,0,3,[2.89365975 8.57401935 1.2876867 ],waiting,[ 0.63925976  0.24903542 -0.34837281]
145.9227237701416,1004,False,3,6,[-1.63455943 -5.84091986  3.05397795],entering,[-0.62185191  0.08809385  0.93462812]
145.9227237701416,1005,False,1,2,[-3.88306442  0.48750644  3.99999996],exiting,[ 0.50568378 -0.03156594 -0.11489306]
146.02992630004883,1000,False,5,1,[7.94664479 2.06236278 4.00000034],exiting,[-0.82138112 -0.19970136 -0.21083176]
146.02992630004883,1001,False,2,4,[ 7.85977476 -4.29758704  4.        ],exiting,[-0.48080528  0.59740651 -0.20557775]
146.02992630004883,1002,False,6,5,[ 7.40048759 -4.34305521  3.99976282],cruising,[ 0.5677905  -0.59831228 -0.99408226]
146.02992630004883,1003,False,0,3,[2.89365975 8.57401935 1.2876867 ],waiting,[ 0.63925976  0.24903542 -0.34837281]
146.02992630004883,1004,False,3,6,[-1.70333506 -5.65311701  3.12897795],entering,[-0.62185191  0.08809385  0.93462812]
146.02992630004883,1005,False,1,2,[-3.96972999  0.58782979  3.99999997],exiting,[ 0.50568378 -0.03156594 -0.11489306]
146.12155842781067,1000,False,5,1,[7.84708167 2.06922506 4.00000027],exiting,[-0.82138112 -0.19970136 -0.21083176]
146.12155842781067,1001,False,2,4,[ 7.88734932 -4.3937101   4.        ],exiting,[-0.48080528  0.59740651 -0.20557775]
146.12155842781067,1002,False,6,5,[ 7.25066988 -4.4724982   3.99980386],cruising,[ 0.5677905  -0.59831228 -0.99408226]
146.12155842781067,1003,False,0,3,[2.89365975 8.57401935 1.2876867 ],waiting,[ 0.63925976  0.24903542 -0.34837281]
146.12155842781067,1004,False,3,6,[-1.77325187 -5.465736    3.20397795],entering,[-0.62185191  0.08809385  0.93462812]
146.12155842781067,1005,False,1,2,[-4.05590935  0.66815905  3.99999999],exiting,[ 0.50568378 -0.03156594 -0.11489306]
146.23054933547974,1000,False,5,1,[7.7473381  2.07638195 4.00000022],exiting,[-0.82138112 -0.19970136 -0.21083176]
146.23054933547974,1001,False,2,4,[ 7.91492388 -4.48983317  4.        ],exiting,[-0.48080528  0.59740651 -0.20557775]
146.23054933547974,1002,False,6,5,[ 7.09019588 -4.58501655  3.9998419 ],cruising,[ 0.5677905  -0.59831228 -0.99408226]
146.23054933547974,1003,False,0,3,[2.89365975 8.57401935 1.2876867 ],waiting,[ 0.63925976  0.24903542 -0.34837281]
146.23054933547974,1004,False,3,6,[-1.84270153 -5.27818136  3.27897795],entering,[-0.62185191  0.08809385  0.93462812]
146.23054933547974,1005,False,1,2,[-4.14130888  0.72850352  4.        ],exiting,[ 0.50568378 -0.03156594 -0.11489306]
146.33288955688477,1000,False,5,1,[7.64759453 2.08353884 4.00000018],exiting,[-0.82138112 -0.19970136 -0.21083176]
146.33288955688477,1001,False,2,4,[ 7.94249844 -4.58595623  4.        ],exiting,[-0.48080528  0.59740651 -0.20557775]
146.33288955688477,1002,False,6,5,[ 6.92111811 -4.67948011  3.99987688],cruising,[ 0.5677905  -0.59831228 -0.99408226]
146.33288955688477,1003,False,0,3,[2.89365975 8.57401935 1.2876867 ],waiting,[ 0.63925976  0.24903542 -0.34837281]
146.33288955688477,1004,False,3,6,[-1.91362267 -5.09117817  3.35397795],entering,[-0.62185191  0.08809385  0.93462812]
146.33288955688477,1005,False,1,2,[-4.22551857  0.76888341  4.00000001],exiting,[ 0.50568378 -0.03156594 -0.11489306]
146.42242312431335,1000,False,5,1,[7.54785097 2.09069573 4.00000014],exiting,[-0.82138112 -0.19970136 -0.21083176]
146.42242312431335,1001,False,2,4,[ 7.97007301 -4.6820793   4.        ],exiting,[-0.48080528  0.59740651 -0.20557775]
146.42242312431335,1002,False,6,5,[ 6.74558341 -4.75501466  3.99990875],cruising,[ 0.5677905  -0.59831228 -0.99408226]
146.42242312431335,1003,False,0,3,[2.89365975 8.57401935 1.2876867 ],waiting,[ 0.63925976  0.24903542 -0.34837281]
146.42242312431335,1004,False,3,6,[-1.98516311 -4.90441103  3.42897795],entering,[-0.62185191  0.08809385  0.93462812]
146.42242312431335,1005,False,1,2,[-4.30828494  0.78931545  4.00000001],exiting,[ 0.50568378 -0.03156594 -0.11489306]
146.5322699546814,1000,False,5,1,[7.4481074  2.09785262 4.00000012],exiting,[-0.82138112 -0.19970136 -0.21083176]
146.5322699546814,1001,False,2,4,[ 7.99764757 -4.77820236  4.        ],exiting,[-0.48080528  0.59740651 -0.20557775]
146.5322699546814,1002,False,6,5,[ 6.56577996 -4.81101007  3.99993744],cruising,[ 0.5677905  -0.59831228 -0.99408226]
146.5322699546814,1003,False,0,3,[2.89365975 8.57401935 1.2876867 ],waiting,[ 0.63925976  0.24903542 -0.34837281]
146.5322699546814,1004,False,3,6,[-2.05696594 -4.71774461  3.50397795],entering,[-0.62185191  0.08809385  0.93462812]
146.5322699546814,1005,False,1,2,[-4.38935031  0.78981996  4.00000002],exiting,[ 0.50568378 -0.03156594 -0.11489306]
146.6276364326477,1000,False,5,1,[7.34836384 2.1050095  4.00000009],exiting,[-0.82138112 -0.19970136 -0.21083176]
146.6276364326477,1001,False,2,4,[ 8.02522213 -4.87432543  4.        ],exiting,[-0.48080528  0.59740651 -0.20557775]
146.6276364326477,1002,False,6,5,[ 6.38391967 -4.84711153  3.99996285],cruising,[ 0.5677905  -0.59831228 -0.99408226]
146.6276364326477,1003,False,0,3,[2.89365975 8.57401935 1.2876867 ],waiting,[ 0.63925976  0.24903542 -0.34837281]
146.6276364326477,1004,False,3,6,[-2.12866065 -4.53103663  3.57838126],entering,[-0.62185191  0.08809385  0.93462812]
146.6276364326477,1005,False,1,2,[-4.46845273  0.77042103  4.00000002],exiting,[ 0.50568378 -0.03156594 -0.11489306]
146.72216796875,1000,False,5,1,[7.24862027 2.11216639 4.00000007],exiting,[-0.82138112 -0.19970136 -0.21083176]
146.72216796875,1001,False,2,4,[ 8.05279669 -4.97044849  4.        ],exiting,[-0.48080528  0.59740651 -0.20557775]
146.72216796875,1002,False,6,5,[ 6.20138515 -4.86322435  3.99998468],cruising,[ 0.5677905  -0.59831228 -0.99408226]
146.72216796875,1003,False,0,3,[2.89365975 8.57401935 1.2876867 ],waiting,[ 0.63925976  0.24903542 -0.34837281]
146.72216796875,1004,False,3,6,[-2.19870884 -4.3437047   3.64162407],entering,[-0.62185191  0.08809385  0.93462812]
146.72216796875,1005,False,1,2,[-4.5453258   0.73114673  4.00000002],exiting,[ 0.50568378 -0.03156594 -0.11489306]
146.82248640060425,1000,False,5,1,[7.1488767  2.11932328 4.00000006],exiting,[-0.82138112 -0.19970136 -0.21083176]
146.82248640060425,1001,False,2,4,[ 8.08037126 -5.06657156  4.        ],exiting,[-0.48080528  0.59740651 -0.20557775]
146.82248640060425,1002,False,6,5,[ 6.01963693 -4.85935264  4.00000284],cruising,[ 0.5677905  -0.59831228 -0.99408226]
146.82248640060425,1003,False,0,3,[2.89365975 8.57401935 1.2876867 ],waiting,[ 0.63925976  0.24903542 -0.34837281]
146.82248640060425,1004,False,3,6,[-2.26338788 -4.1544519   3.69538046],entering,[-0.62185191  0.08809385  0.93462812]
146.82248640060425,1005,False,1,2,[-4.61969846  0.67202936  4.00000002],exiting,[ 0.50568378 -0.03156594 -0.11489306]
146.921719789505,1000,False,5,1,[7.04913314 2.12648017 4.00000005],exiting,[-0.82138112 -0.19970136 -0.21083176]
146.921719789505,1001,False,2,4,[ 8.10794582 -5.16269462  4.        ],exiting,[-0.48080528  0.59740651 -0.20557775]
146.921719789505,1002,False,6,5,[ 5.83986767 -4.83557907  4.00001724],cruising,[ 0.5677905  -0.59831228 -0.99408226]
146.921719789505,1003,False,0,3,[2.89365975 8.57401935 1.2876867 ],waiting,[ 0.63925976  0.24903542 -0.34837281]
146.921719789505,1004,False,3,6,[-2.32591905 -3.96447861  3.74107339],entering,[-0.62185191  0.08809385  0.93462812]
146.921719789505,1005,False,1,2,[-4.69279163  0.6037843   4.00000002],exiting,[ 0.50568378 -0.03156594 -0.11489306]
147.0301113128662,1000,False,5,1,[6.94938957 2.13363705 4.00000004],exiting,[-0.82138112 -0.19970136 -0.21083176]
147.0301113128662,1001,False,2,4,[ 8.13552038 -5.25881768  4.        ],exiting,[-0.48080528  0.59740651 -0.20557775]
147.0301113128662,1002,False,6,5,[ 5.66261612 -4.79196461  4.00002757],cruising,[ 0.5677905  -0.59831228 -0.99408226]
147.0301113128662,1003,False,0,3,[2.89365975 8.57401935 1.2876867 ],waiting,[ 0.63925976  0.24903542 -0.34837281]
147.0301113128662,1004,False,3,6,[-2.38759684 -3.77422654  3.77991238],entering,[-0.62185191  0.08809385  0.93462812]
147.0301113128662,1005,False,1,2,[-4.7658848   0.53553924  4.00000001],exiting,[ 0.50568378 -0.03156594 -0.11489306]
147.1222825050354,1000,False,5,1,[6.84964601 2.14079394 4.00000003],exiting,[-0.82138112 -0.19970136 -0.21083176]
147.1222825050354,1001,False,2,4,[ 8.16309494 -5.35494075  4.        ],exiting,[-0.48080528  0.59740651 -0.20557775]
147.1222825050354,1002,False,6,5,[ 5.4886188  -4.72861668  4.00003369],cruising,[ 0.5677905  -0.59831228 -0.99408226]
147.1222825050354,1003,False,0,3,[2.89365975 8.57401935 1.2876867 ],waiting,[ 0.63925976  0.24903542 -0.34837281]
147.1222825050354,1004,False,3,6,[-2.44876393 -3.58380966  3.81292552],cruising,[-0.62185191  0.08809385  0.93462812]
147.1222825050354,1005,False,1,2,[-4.83897797  0.46729418  4.00000001],exiting,[ 0.50568378 -0.03156594 -0.11489306]
147.23450660705566,1000,False,5,1,[6.74990244 2.14795083 4.00000002],exiting,[-0.82138112 -0.19970136 -0.21083176]
147.23450660705566,1001,False,2,4,[ 8.1906695  -5.45106381  4.        ],exiting,[-0.48080528  0.59740651 -0.20557775]
147.23450660705566,1002,False,6,5,[ 5.31767867 -4.64550379  4.00003513],cruising,[ 0.5677905  -0.59831228 -0.99408226]
147.23450660705566,1003,False,0,3,[2.89365975 8.57401935 1.2876867 ],waiting,[ 0.63925976  0.24903542 -0.34837281]
147.23450660705566,1004,False,3,6,[-2.50404511 -3.39160146  3.8409867 ],cruising,[-0.62185191  0.08809385  0.93462812]
147.23450660705566,1005,False,1,2,[-4.91207115  0.39904912  4.00000001],exiting,[ 0.50568378 -0.03156594 -0.11489306]
147.33576154708862,1000,False,5,1,[6.65015887 2.15510772 4.00000002],exiting,[-0.82138112 -0.19970136 -0.21083176]
147.33576154708862,1001,False,2,4,[ 8.21824407 -5.54718688  4.        ],exiting,[-0.48080528  0.59740651 -0.20557775]
147.33576154708862,1002,False,6,5,[ 5.14927224 -4.54255203  4.00003144],cruising,[ 0.5677905  -0.59831228 -0.99408226]
147.33576154708862,1003,False,0,3,[2.89365975 8.57401935 1.2876867 ],waiting,[ 0.63925976  0.24903542 -0.34837281]
147.33576154708862,1004,False,3,6,[-2.54961979 -3.19686331  3.86483869],cruising,[-0.62185191  0.08809385  0.93462812]
147.33576154708862,1005,False,1,2,[-4.98516432  0.33080406  4.00000001],exiting,[ 0.50568378 -0.03156594 -0.11489306]
147.42844557762146,1000,False,5,1,[6.55041531 2.16226461 4.00000001],exiting,[-0.82138112 -0.19970136 -0.21083176]
147.42844557762146,1001,False,2,4,[ 8.24581863 -5.64330994  4.        ],exiting,[-0.48080528  0.59740651 -0.20557775]
147.42844557762146,1002,False,6,5,[ 4.97729636 -4.44045259  4.00002673],cruising,[ 0.5677905  -0.59831228 -0.99408226]
147.42844557762146,1003,False,0,3,[2.89365975 8.57401935 1.2876867 ],waiting,[ 0.63925976  0.24903542 -0.34837281]
147.42844557762146,1004,False,3,6,[-2.59366303 -3.00177309  3.88511289],cruising,[-0.62185191  0.08809385  0.93462812]
147.42844557762146,1005,False,1,2,[-5.05825749  0.262559    4.00000001],exiting,[ 0.50568378 -0.03156594 -0.11489306]
147.53429079055786,1000,False,5,1,[6.45067174 2.16942149 4.00000001],exiting,[-0.82138112 -0.19970136 -0.21083176]
147.53429079055786,1001,False,2,4,[ 8.27339319 -5.73943301  4.        ],exiting,[-0.48080528  0.59740651 -0.20557775]
147.53429079055786,1002,False,6,5,[ 4.80251157 -4.34324006  4.00002272],cruising,[ 0.5677905  -0.59831228 -0.99408226]
147.53429079055786,1003,False,0,3,[2.89365975 8.57401935 1.2876867 ],waiting,[ 0.63925976  0.24903542 -0.34837281]
147.53429079055786,1004,False,3,6,[-2.63693111 -2.80650949  3.90234595],cruising,[-0.62185191  0.08809385  0.93462812]
147.53429079055786,1005,False,1,2,[-5.13135066  0.19431394  4.        ],exiting,[ 0.50568378 -0.03156594 -0.11489306]
147.63511848449707,1000,False,5,1,[6.35092818 2.17657838 4.00000001],exiting,[-0.82138112 -0.19970136 -0.21083176]
147.63511848449707,1001,False,2,4,[ 8.30096775 -5.83555607  4.        ],exiting,[-0.48080528  0.59740651 -0.20557775]
147.63511848449707,1002,False,6,5,[ 4.62459534 -4.25188462  4.00001931],cruising,[ 0.5677905  -0.59831228 -0.99408226]
147.63511848449707,1003,False,0,3,[2.89365975 8.57401935 1.2876867 ],waiting,[ 0.63925976  0.24903542 -0.34837281]
147.63511848449707,1004,False,3,6,[-2.67741774 -2.61065028  3.91699406],cruising,[-0.62185191  0.08809385  0.93462812]
147.63511848449707,1005,False,1,2,[-5.20444383  0.12606888  4.        ],exiting,[ 0.50568378 -0.03156594 -0.11489306]
147.72216391563416,1000,False,5,1,[6.25118461 2.18373527 4.00000001],exiting,[-0.82138112 -0.19970136 -0.21083176]
147.72216391563416,1001,False,2,4,[ 8.32854231 -5.93167914  4.        ],exiting,[-0.48080528  0.59740651 -0.20557775]
147.72216391563416,1002,False,6,5,[ 4.44511791 -4.16363583  4.00001641],cruising,[ 0.5677905  -0.59831228 -0.99408226]
147.72216391563416,1003,False,0,3,[2.89365975 8.57401935 1.2876867 ],waiting,[ 0.63925976  0.24903542 -0.34837281]
147.72216391563416,1004,False,3,6,[-2.71927977 -2.41508041  3.92944495],cruising,[-0.62185191  0.08809385  0.93462812]
147.72216391563416,1005,False,1,2,[-5.27753701  0.05782382  4.        ],exiting,[ 0.50568378 -0.03156594 -0.11489306]
147.82186889648438,1000,False,5,1,[6.15144104 2.19089216 4.        ],exiting,[-0.82138112 -0.19970136 -0.21083176]
147.82186889648438,1001,False,2,4,[ 8.35611688 -6.0278022   4.        ],exiting,[-0.48080528  0.59740651 -0.20557775]
147.82186889648438,1002,False,6,5,[ 4.26379632 -4.07924104  4.00001395],cruising,[ 0.5677905  -0.59831228 -0.99408226]
147.82186889648438,1003,False,0,3,[2.89365975 8.57401935 1.2876867 ],waiting,[ 0.63925976  0.24903542 -0.34837281]
147.82186889648438,1004,False,3,6,[-2.76276758 -2.21986564  3.94002821],cruising,[-0.62185191  0.08809385  0.93462812]
147.82186889648438,1005,False,1,2,[-5.35063018 -0.01042124  4.        ],exiting,[ 0.50568378 -0.03156594 -0.11489306]
147.93619465827942,1000,False,5,1,[6.05169748 2.19804904 4.        ],exiting,[-0.82138112 -0.19970136 -0.21083176]
147.93619465827942,1001,False,2,4,[ 8.38369144 -6.12392526  4.        ],exiting,[-0.48080528  0.59740651 -0.20557775]
147.93619465827942,1002,False,6,5,[ 4.08161974 -3.99670805  4.00001186],cruising,[ 0.5677905  -0.59831228 -0.99408226]
147.93619465827942,1003,False,0,3,[2.89365975 8.57401935 1.2876867 ],queued,[ 0.63925976  0.24903542 -0.34837281]
147.93619465827942,1004,False,3,6,[-2.80738705 -2.0249064   3.94902398],cruising,[-0.62185191  0.08809385  0.93462812]
147.93619465827942,1005,False,1,2,[-5.42372335 -0.0786663   4.        ],exiting,[ 0.50568378 -0.03156594 -0.11489306]
148.02126574516296,1000,False,5,1,[5.95195391 2.20520593 4.        ],exiting,[-0.82138112 -0.19970136 -0.21083176]
148.02126574516296,1001,False,2,4,[ 8.411266   -6.22004833  4.        ],exiting,[-0.48080528  0.59740651 -0.20557775]
148.02126574516296,1002,False,6,5,[ 3.89833647 -3.91666279  4.00001008],cruising,[ 0.5677905  -0.59831228 -0.99408226]
148.02126574516296,1003,False,0,3,[2.89365975 8.57401935 1.3076867 ],queued,[ 0.63925976  0.24903542 -0.34837281]
148.02126574516296,1004,False,3,6,[-2.85488612 -1.83062867  3.95667038],cruising,[-0.62185191  0.08809385  0.93462812]
148.02126574516296,1005,False,1,2,[-5.49681652 -0.14691136  4.        ],exiting,[ 0.50568378 -0.03156594 -0.11489306]
148.13150119781494,1000,False,5,1,[5.85221035 2.21236282 4.        ],exiting,[-0.82138112 -0.19970136 -0.21083176]
148.13150119781494,1001,False,2,4,[ 8.43884056 -6.31617139  4.        ],exiting,[-0.48080528  0.59740651 -0.20557775]
148.13150119781494,1002,False,6,5,[ 3.71452867 -3.83782946  4.00000857],cruising,[ 0.5677905  -0.59831228 -0.99408226]
148.13150119781494,1003,False,0,3,[2.89365975 8.57401935 1.3476867 ],queued,[ 0.63925976  0.24903542 -0.34837281]
148.13150119781494,1004,False,3,6,[-2.90553826 -1.63714905  3.96316982],cruising,[-0.62185191  0.08809385  0.93462812]
148.13150119781494,1005,False,1,2,[-5.56990969 -0.21515642  4.        ],exiting,[ 0.50568378 -0.03156594 -0.11489306]
148.22251725196838,1000,False,5,1,[5.75246678 2.21951971 4.        ],exiting,[-0.82138112 -0.19970136 -0.21083176]
148.22251725196838,1001,False,2,4,[ 8.46641512 -6.41229446  4.        ],exiting,[-0.48080528  0.59740651 -0.20557775]
148.22251725196838,1002,False,6,5,[ 3.53001035 -3.76067386  4.00000728],cruising,[ 0.5677905  -0.59831228 -0.99408226]
148.22251725196838,1003,False,0,3,[2.89365975 8.57401935 1.4076867 ],queued,[ 0.63925976  0.24903542 -0.34837281]
148.22251725196838,1004,False,3,6,[-2.95967846 -1.44461636  3.96869435],cruising,[-0.62185191  0.08809385  0.93462812]
148.22251725196838,1005,False,1,2,[-5.64300287 -0.28340148  4.        ],exiting,[ 0.50568378 -0.03156594 -0.11489306]
148.3224856853485,1000,False,5,1,[5.65272321 2.2266766  4.        ],exiting,[-0.82138112 -0.19970136 -0.21083176]
148.3224856853485,1001,False,2,4,[ 8.49398969 -6.50841752  4.        ],exiting,[-0.48080528  0.59740651 -0.20557775]
148.3224856853485,1002,False,6,5,[ 3.34506489 -3.68454778  4.00000619],cruising,[ 0.5677905  -0.59831228 -0.99408226]
148.3224856853485,1003,False,0,3,[2.89365975 8.57401935 1.4826867 ],queued,[ 0.63925976  0.24903542 -0.34837281]
148.3224856853485,1004,False,3,6,[-3.01768261 -1.25321229  3.9733902 ],cruising,[-0.62185191  0.08809385  0.93462812]
148.3224856853485,1005,False,1,2,[-5.71609604 -0.35164654  4.        ],exiting,[ 0.50568378 -0.03156594 -0.11489306]
148.42551136016846,1000,False,5,1,[5.55297965 2.23383348 4.        ],landing,[-0.82138112 -0.19970136 -0.21083176]
148.42551136016846,1001,False,2,4,[ 8.52156425 -6.60454059  4.        ],exiting,[-0.48080528  0.59740651 -0.20557775]
148.42551136016846,1002,False,6,5,[ 3.15961708 -3.60965379  4.00000526],cruising,[ 0.5677905  -0.59831228 -0.99408226]
148.42551136016846,1003,False,0,3,[2.89365975 8.57401935 1.5576867 ],queued,[ 0.63925976  0.24903542 -0.34837281]
148.42551136016846,1004,False,3,6,[-3.07995001 -1.06315237  3.97738167],cruising,[-0.62185191  0.08809385  0.93462812]
148.42551136016846,1005,False,1,2,[-5.78918921 -0.4198916   4.        ],exiting,[ 0.50568378 -0.03156594 -0.11489306]
148.5215334892273,1000,False,5,1,[5.46711778 2.23686362 3.98620622],landing,[-0.82138112 -0.19970136 -0.21083176]
148.5215334892273,1001,False,2,4,[ 8.54913881 -6.70066365  4.        ],exiting,[-0.48080528  0.59740651 -0.20557775]
148.5215334892273,1002,False,6,5,[ 2.9736692  -3.53601014  4.00000447],cruising,[ 0.5677905  -0.59831228 -0.99408226]
148.5215334892273,1003,False,0,3,[2.89365975 8.57401935 1.6326867 ],queued,[ 0.63925976  0.24903542 -0.34837281]
148.5215334892273,1004,False,3,6,[-3.14577898 -0.87429648  3.98077442],cruising,[-0.62185191  0.08809385  0.93462812]
148.5215334892273,1005,False,1,2,[-5.86228238 -0.48813666  4.        ],exiting,[ 0.50568378 -0.03156594 -0.11489306]
148.63250279426575,1000,False,5,1,[5.39530832 2.23579249 3.95878491],landing,[-0.82138112 -0.19970136 -0.21083176]
148.63250279426575,1001,False,2,4,[ 8.57671337 -6.79678672  4.        ],exiting,[-0.48080528  0.59740651 -0.20557775]
148.63250279426575,1002,False,6,5,[ 2.78713093 -3.46387504  4.0000038 ],cruising,[ 0.5677905  -0.59831228 -0.99408226]
148.63250279426575,1003,False,0,3,[2.89365975 8.57401935 1.7076867 ],queued,[ 0.63925976  0.24903542 -0.34837281]
148.63250279426575,1004,False,3,6,[-3.21669487 -0.68729131  3.98365826],cruising,[-0.62185191  0.08809385  0.93462812]
148.63250279426575,1005,False,1,2,[-5.93537555 -0.55638172  4.        ],exiting,[ 0.50568378 -0.03156594 -0.11489306]
148.7306776046753,1000,False,5,1,[5.33775031 2.23065095 3.91793498],landing,[-0.82138112 -0.19970136 -0.21083176]
148.7306776046753,1001,False,2,4,[ 8.60428793 -6.89290978  4.        ],exiting,[-0.48080528  0.59740651 -0.20557775]
148.7306776046753,1002,False,6,5,[ 2.60011568 -3.39298571  4.00000323],cruising,[ 0.5677905  -0.59831228 -0.99408226]
148.7306776046753,1003,False,0,3,[2.89365975 8.57401935 1.7826867 ],queued,[ 0.63925976  0.24903542 -0.34837281]
148.7306776046753,1004,False,3,6,[-3.2931119  -0.50246588  3.98610952],cruising,[-0.62185191  0.08809385  0.93462812]
148.7306776046753,1005,False,1,2,[-6.00846873 -0.62462678  4.        ],exiting,[ 0.50568378 -0.03156594 -0.11489306]
148.83113980293274,1000,False,5,1,[5.2947094  2.22148222 3.86393076],landing,[-0.82138112 -0.19970136 -0.21083176]
148.83113980293274,1001,False,2,4,[ 8.6318625  -6.98903285  4.        ],exiting,[-0.48080528  0.59740651 -0.20557775]
148.83113980293274,1002,False,6,5,[ 2.41231416 -3.32420644  4.00000275],cruising,[ 0.5677905  -0.59831228 -0.99408226]
148.83113980293274,1003,False,0,3,[2.89365975 8.57401935 1.8576867 ],queued,[ 0.63925976  0.24903542 -0.34837281]
148.83113980293274,1004,False,3,6,[-3.3754148  -0.32018524  3.98819309],cruising,[-0.62185191  0.08809385  0.93462812]
148.83113980293274,1005,False,1,2,[-6.0815619  -0.69287184  4.        ],exiting,[ 0.50568378 -0.03156594 -0.11489306]
148.93553376197815,1000,False,5,1,[5.26642607 2.20832748 3.79702981],landing,[-0.82138112 -0.19970136 -0.21083176]
148.93553376197815,1001,False,2,4,[ 8.65943706 -7.08515591  4.        ],landing,[-0.48080528  0.59740651 -0.20557775]
148.93553376197815,1002,False,6,5,[ 2.2235796  -3.25803042  4.00000233],cruising,[ 0.5677905  -0.59831228 -0.99408226]
148.93553376197815,1003,False,0,3,[2.89365975 8.57401935 1.9326867 ],queued,[ 0.63925976  0.24903542 -0.34837281]
148.93553376197815,1004,False,3,6,[-3.46204943 -0.13992309  3.98996413],cruising,[-0.62185191  0.08809385  0.93462812]
148.93553376197815,1005,False,1,2,[-6.15465507 -0.7611169   4.        ],exiting,[ 0.50568378 -0.03156594 -0.11489306]
149.02234888076782,1000,False,5,1,[5.25311018 2.19122442 3.71746447],landing,[-0.82138112 -0.19970136 -0.21083176]
149.02234888076782,1001,False,2,4,[ 8.68009326 -7.16903658  3.98577819],landing,[-0.48080528  0.59740651 -0.20557775]
149.02234888076782,1002,False,6,5,[ 2.03424801 -3.1935824   4.00000198],cruising,[ 0.5677905  -0.59831228 -0.99408226]
149.02234888076782,1003,False,0,3,[2.89365975 8.57401935 2.0076867 ],queued,[ 0.63925976  0.24903542 -0.34837281]
149.02234888076782,1004,False,3,6,[-3.55561876  0.03683884  3.99146951],cruising,[-0.62185191  0.08809385  0.93462812]
149.02234888076782,1005,False,1,2,[-6.22774824 -0.82936196  4.        ],exiting,[ 0.50568378 -0.03156594 -0.11489306]
149.12442469596863,1000,False,5,1,[5.25497273 2.17021263 3.6254759 ],landing,[-0.82138112 -0.19970136 -0.21083176]
149.12442469596863,1001,False,2,4,[ 8.69381869 -7.24049716  3.95749557],landing,[-0.48080528  0.59740651 -0.20557775]
149.12442469596863,1002,False,6,5,[ 1.84364397 -3.13300104  4.00000169],cruising,[ 0.5677905  -0.59831228 -0.99408226]
149.12442469596863,1003,False,0,3,[2.89365975 8.57401935 2.0826867 ],queued,[ 0.63925976  0.24903542 -0.34837281]
149.12442469596863,1004,False,3,6,[-3.65523969  0.21026222  3.99274908],cruising,[-0.62185191  0.08809385  0.93462812]
149.12442469596863,1005,False,1,2,[-6.30084141 -0.89760702  4.        ],exiting,[ 0.50568378 -0.03156594 -0.11489306]
149.23429465293884,1000,False,5,1,[5.26324314 2.14759094 3.52841994],landing,[-0.82138112 -0.19970136 -0.21083176]
149.23429465293884,1001,False,2,4,[ 8.70059983 -7.29932744  3.91534746],landing,[-0.48080528  0.59740651 -0.20557775]
149.23429465293884,1002,False,6,5,[ 1.65158193 -3.0772142   4.00000143],cruising,[ 0.5677905  -0.59831228 -0.99408226]
149.23429465293884,1003,False,0,3,[2.89365975 8.57401935 2.1576867 ],queued,[ 0.63925976  0.24903542 -0.34837281]
149.23429465293884,1004,False,3,6,[-3.761673    0.37959016  3.99383672],cruising,[-0.62185191  0.08809385  0.93462812]
149.23429465293884,1005,False,1,2,[-6.37393459 -0.96585208  4.        ],exiting,[ 0.50568378 -0.03156594 -0.11489306]
149.32947444915771,1000,False,5,1,[5.27151355 2.12496924 3.43136398],landing,[-0.82138112 -0.19970136 -0.21083176]
149.32947444915771,1001,False,2,4,[ 8.70042006 -7.34523598  3.85961353],landing,[-0.48080528  0.59740651 -0.20557775]
149.32947444915771,1002,False,6,5,[ 1.45786861 -3.02746331  4.00000122],cruising,[ 0.5677905  -0.59831228 -0.99408226]
149.32947444915771,1003,False,0,3,[2.89365975 8.57401935 2.2326867 ],queued,[ 0.63925976  0.24903542 -0.34837281]
149.32947444915771,1004,False,3,6,[-3.87124229  0.54690594  3.99476121],cruising,[-0.62185191  0.08809385  0.93462812]
149.32947444915771,1005,False,1,2,[-6.44702776 -1.03409714  4.        ],exiting,[ 0.50568378 -0.03156594 -0.11489306]
149.42069840431213,1000,False,5,1,[5.27978396 2.10234755 3.33430802],landing,[-0.82138112 -0.19970136 -0.21083176]
149.42069840431213,1001,False,2,4,[ 8.69326815 -7.37799375  3.79052121],landing,[-0.48080528  0.59740651 -0.20557775]
149.42069840431213,1002,False,6,5,[ 1.26233133 -2.98544937  4.00000104],cruising,[ 0.5677905  -0.59831228 -0.99408226]
149.42069840431213,1003,False,0,3,[2.89365975 8.57401935 2.3076867 ],queued,[ 0.63925976  0.24903542 -0.34837281]
149.42069840431213,1004,False,3,6,[-3.98327804  0.71258029  3.99554703],cruising,[-0.62185191  0.08809385  0.93462812]
149.42069840431213,1005,False,1,2,[-6.52012093 -1.1023422   4.        ],exiting,[ 0.50568378 -0.03156594 -0.11489306]
149.52917051315308,1000,False,5,1,[5.28805436 2.07972586 3.23725206],landing,[-0.82138112 -0.19970136 -0.21083176]
149.52917051315308,1001,False,2,4,[ 8.67913486 -7.39737955  3.70829684],landing,[-0.48080528  0.59740651 -0.20557775]
149.52917051315308,1002,False,6,5,[ 1.06489122 -2.95355263  4.00000088],cruising,[ 0.5677905  -0.59831228 -0.99408226]
149.52917051315308,1003,False,0,3,[2.89365975 8.57401935 2.3826867 ],entering,[ 0.63925976  0.24903542 -0.34837281]
149.52917051315308,1004,False,3,6,[-4.09720743  0.87695819  3.99621497],cruising,[-0.62185191  0.08809385  0.93462812]
149.52917051315308,1005,False,1,2,[-6.5932141  -1.17058726  4.        ],exiting,[ 0.50568378 -0.03156594 -0.11489306]
149.63340067863464,1000,False,5,1,[5.29632477 2.05710417 3.1401961 ],landing,[-0.82138112 -0.19970136 -0.21083176]
149.63340067863464,1001,False,2,4,[ 8.65801255 -7.40317029  3.61317567],landing,[-0.48080528  0.59740651 -0.20557775]
149.63340067863464,1002,False,6,5,[ 0.86529502 -2.94153933  4.00000075],cruising,[ 0.5677905  -0.59831228 -0.99408226]
149.63340067863464,1003,False,0,3,[2.8900614  8.55434571 2.4576867 ],entering,[ 0.63925976  0.24903542 -0.34837281]
149.63340067863464,1004,False,3,6,[-4.21254038  1.04035437  3.99678273],cruising,[-0.62185191  0.08809385  0.93462812]
149.63340067863464,1005,False,1,2,[-6.66630727 -1.23883232  4.        ],exiting,[ 0.50568378 -0.03156594 -0.11489306]
149.73371195793152,1000,False,5,1,[5.30459518 2.03448248 3.04314014],landing,[-0.82138112 -0.19970136 -0.21083176]
149.73371195793152,1001,False,2,4,[ 8.63562667 -7.40646448  3.5157692 ],landing,[-0.48080528  0.59740651 -0.20557775]
149.73371195793152,1002,False,6,5,[ 0.66534243 -2.94589376  4.00000064],cruising,[ 0.5677905  -0.59831228 -0.99408226]
149.73371195793152,1003,False,0,3,[2.88308579 8.51495929 2.5326867 ],entering,[ 0.63925976  0.24903542 -0.34837281]
149.73371195793152,1004,False,3,6,[-4.32885539  1.20305292  3.99726532],cruising,[-0.62185191  0.08809385  0.93462812]
149.73371195793152,1005,False,1,2,[-6.73940045 -1.30707738  4.        ],exiting,[ 0.50568378 -0.03156594 -0.11489306]
149.83053851127625,1000,False,5,1,[5.31286558 2.01186078 2.94608418],landing,[-0.82138112 -0.19970136 -0.21083176]
149.83053851127625,1001,False,2,4,[ 8.6132408  -7.40975867  3.41836272],landing,[-0.48080528  0.59740651 -0.20557775]
149.83053851127625,1002,False,6,5,[ 0.46583993 -2.95999165  4.00000054],cruising,[ 0.5677905  -0.59831228 -0.99408226]
149.83053851127625,1003,False,0,3,[2.87283309 8.45584318 2.6076867 ],entering,[ 0.63925976  0.24903542 -0.34837281]
149.83053851127625,1004,False,3,6,[-4.44578632  1.36530938  3.99767552],cruising,[-0.62185191  0.08809385  0.93462812]
149.83053851127625,1005,False,1,2,[-6.81249362 -1.37532244  4.        ],exiting,[ 0.50568378 -0.03156594 -0.11489306]
149.92826223373413,1000,False,5,1,[5.32113599 1.98923909 2.84902822],landing,[-0.82138112 -0.19970136 -0.21083176]
149.92826223373413,1001,False,2,4,[ 8.59085493 -7.41305285  3.32095625],landing,[-0.48080528  0.59740651 -0.20557775]
149.92826223373413,1002,False,6,5,[ 0.26799033 -2.98924124  4.00000046],cruising,[ 0.5677905  -0.59831228 -0.99408226]
149.92826223373413,1003,False,0,3,[2.85942499 8.37697754 2.6826867 ],entering,[ 0.63925976  0.24903542 -0.34837281]
149.92826223373413,1004,False,3,6,[-4.56301037  1.5273542   3.99802419],cruising,[-0.62185191  0.08809385  0.93462812]
149.92826223373413,1005,False,1,2,[-6.88558679 -1.4435675   4.        ],exiting,[ 0.50568378 -0.03156594 -0.11489306]
150.02075839042664,1000,False,5,1,[5.3294064  1.9666174  2.75197226],landing,[-0.82138112 -0.19970136 -0.21083176]
150.02075839042664,1001,False,2,4,[ 8.56846906 -7.41634704  3.22354977],landing,[-0.48080528  0.59740651 -0.20557775]
150.02075839042664,1002,False,6,5,[ 0.07376203 -3.03694204  4.00000039],cruising,[ 0.5677905  -0.59831228 -0.99408226]
150.02075839042664,1003,False,0,3,[2.84337544 8.27828711 2.7576867 ],entering,[ 0.63925976  0.24903542 -0.34837281]
150.02075839042664,1004,False,3,6,[-4.68020861  1.68941768  3.99832056],cruising,[-0.62185191  0.08809385  0.93462812]
150.02075839042664,1005,False,1,2,[-6.95867996 -1.51181256  4.        ],landing,[ 0.50568378 -0.03156594 -0.11489306]
150.12921237945557,1000,False,5,1,[5.33767681 1.94399571 2.6549163 ],landing,[-0.82138112 -0.19970136 -0.21083176]
150.12921237945557,1001,False,2,4,[ 8.54608319 -7.41964123  3.1261433 ],landing,[-0.48080528  0.59740651 -0.20557775]
150.12921237945557,1002,False,6,5,[-0.11721562 -3.09633512  4.00000033],cruising,[ 0.5677905  -0.59831228 -0.99408226]
150.12921237945557,1003,False,0,3,[2.82524056 8.15970569 2.8326867 ],entering,[ 0.63925976  0.24903542 -0.34837281]
150.12921237945557,1004,False,3,6,[-4.79728536  1.85156894  3.99857248],cruising,[-0.62185191  0.08809385  0.93462812]
150.12921237945557,1005,False,1,2,[-7.02367565 -1.56815241  3.98611848],landing,[ 0.50568378 -0.03156594 -0.11489306]
150.23474502563477,1000,False,5,1,[5.34594721 1.92137402 2.55786034],landing,[-0.82138112 -0.19970136 -0.21083176]
150.23474502563477,1001,False,2,4,[ 8.52369732 -7.42293542  3.02873683],landing,[-0.48080528  0.59740651 -0.20557775]
150.23474502563477,1002,False,6,5,[-0.3046522  -3.16610278  4.00000028],cruising,[ 0.5677905  -0.59831228 -0.99408226]
150.23474502563477,1003,False,0,3,[2.80620213 8.02114469 2.9076867 ],entering,[ 0.63925976  0.24903542 -0.34837281]
150.23474502563477,1004,False,3,6,[-4.91394931  2.01401747  3.99878661],cruising,[-0.62185191  0.08809385  0.93462812]
150.23474502563477,1005,False,1,2,[-7.080424   -1.61249881  3.95852059],landing,[ 0.50568378 -0.03156594 -0.11489306]
150.32259893417358,1000,False,5,1,[5.35421762 1.89875232 2.46080438],landing,[-0.82138112 -0.19970136 -0.21083176]
150.32259893417358,1001,False,2,4,[ 8.50131145 -7.42622961  2.93133035],landing,[-0.48080528  0.59740651 -0.20557775]
150.32259893417358,1002,False,6,5,[-0.48748696 -3.24716728  4.00000024],cruising,[ 0.5677905  -0.59831228 -0.99408226]
150.32259893417358,1003,False,0,3,[2.78804705 7.8626032  2.9826867 ],entering,[ 0.63925976  0.24903542 -0.34837281]
150.32259893417358,1004,False,3,6,[-5.02992533  2.17695784  3.99896862],cruising,[-0.62185191  0.08809385  0.93462812]
150.32259893417358,1005,False,1,2,[-7.12874908 -1.64474952  3.91740447],landing,[ 0.50568378 -0.03156594 -0.11489306]
150.4314844608307,1000,False,5,1,[5.36248803 1.87613063 2.36374842],landing,[-0.82138112 -0.19970136 -0.21083176]
150.4314844608307,1001,False,2,4,[ 8.47892558 -7.4295238   2.83392388],landing,[-0.48080528  0.59740651 -0.20557775]
150.4314844608307,1002,False,6,5,[-0.66690838 -3.3355299   4.0000002 ],cruising,[ 0.5677905  -0.59831228 -0.99408226]
150.4314844608307,1003,False,0,3,[2.77371224 7.68442997 3.0576867 ],entering,[ 0.63925976  0.24903542 -0.34837281]
150.4314844608307,1004,False,3,6,[-5.14494381  2.34057552  3.99912332],cruising,[-0.62185191  0.08809385  0.93462812]
150.4314844608307,1005,False,1,2,[-7.16841311 -1.6647687   3.86304538],landing,[ 0.50568378 -0.03156594 -0.11489306]
150.5318386554718,1000,False,5,1,[5.37075843 1.85350894 2.26669246],landing,[-0.82138112 -0.19970136 -0.21083176]
150.5318386554718,1001,False,2,4,[ 8.45653971 -7.43281799  2.73651741],landing,[-0.48080528  0.59740651 -0.20557775]
150.5318386554718,1002,False,6,5,[-0.84475684 -3.42701719  4.00000017],cruising,[ 0.5677905  -0.59831228 -0.99408226]
150.5318386554718,1003,False,0,3,[2.76861455 7.48851764 3.1326867 ],entering,[ 0.63925976  0.24903542 -0.34837281]
150.5318386554718,1004,False,3,6,[-5.25934353  2.50462644  3.99925483],cruising,[-0.62185191  0.08809385  0.93462812]
150.5318386554718,1005,False,1,2,[-7.19920524 -1.67243822  3.79569495],landing,[ 0.50568378 -0.03156594 -0.11489306]
150.62926483154297,1000,False,5,1,[5.37902884 1.83088725 2.1696365 ],landing,[-0.82138112 -0.19970136 -0.21083176]
150.62926483154297,1001,False,2,4,[ 8.43415383 -7.43611217  2.63911093],landing,[-0.48080528  0.59740651 -0.20557775]
150.62926483154297,1002,False,6,5,[-1.02388514 -3.51597252  4.00000015],cruising,[ 0.5677905  -0.59831228 -0.99408226]
150.62926483154297,1003,False,0,3,[2.77385956 7.28858642 3.2076867 ],entering,[ 0.63925976  0.24903542 -0.34837281]
150.62926483154297,1004,False,3,6,[-5.37223748  2.6697172   3.9993666 ],cruising,[-0.62185191  0.08809385  0.93462812]
150.62926483154297,1005,False,1,2,[-7.22093696 -1.66765442  3.71558427],landing,[ 0.50568378 -0.03156594 -0.11489306]
150.73350167274475,1000,False,5,1,[5.38729925 1.80826556 2.07258054],landing,[-0.82138112 -0.19970136 -0.21083176]
150.73350167274475,1001,False,2,4,[ 8.41176796 -7.43940636  2.54170446],landing,[-0.48080528  0.59740651 -0.20557775]
150.73350167274475,1002,False,6,5,[-1.20715086 -3.59605797  4.00000013],cruising,[ 0.5677905  -0.59831228 -0.99408226]
150.73350167274475,1003,False,0,3,[2.79273869 7.08947947 3.2826867 ],entering,[ 0.63925976  0.24903542 -0.34837281]
150.73350167274475,1004,False,3,6,[-5.48331462  2.83603577  3.99946161],cruising,[-0.62185191  0.08809385  0.93462812]
150.73350167274475,1005,False,1,2,[-7.23341759 -1.65031437  3.62295329],landing,[ 0.50568378 -0.03156594 -0.11489306]
150.8256905078888,1000,False,5,1,[5.39556966 1.78564386 1.97552458],landing,[-0.82138112 -0.19970136 -0.21083176]
150.8256905078888,1001,False,2,4,[ 8.38938209 -7.44270055  2.44429799],landing,[-0.48080528  0.59740651 -0.20557775]
150.8256905078888,1002,False,6,5,[-1.39732798 -3.65737556  4.00000011],cruising,[ 0.5677905  -0.59831228 -0.99408226]
150.8256905078888,1003,False,0,3,[2.82853676 6.89270931 3.3576867 ],entering,[ 0.63925976  0.24903542 -0.34837281]
150.8256905078888,1004,False,3,6,[-5.59222794  3.00377929  3.99954237],cruising,[-0.62185191  0.08809385  0.93462812]
150.8256905078888,1005,False,1,2,[-7.24243083 -1.62832701  3.52581773],landing,[ 0.50568378 -0.03156594 -0.11489306]
150.93289804458618,1000,False,5,1,[5.40384006 1.76302217 1.87846862],landing,[-0.82138112 -0.19970136 -0.21083176]
150.93289804458618,1001,False,2,4,[ 8.36699622 -7.44599474  2.34689151],landing,[-0.48080528  0.59740651 -0.20557775]
150.93289804458618,1002,False,6,5,[-1.5912649  -3.69904973  4.00000009],cruising,[ 0.5677905  -0.59831228 -0.99408226]
150.93289804458618,1003,False,0,3,[2.88037478 6.69954404 3.4326867 ],entering,[ 0.63925976  0.24903542 -0.34837281]
150.93289804458618,1004,False,3,6,[-5.69857893  3.17315895  3.99961101],cruising,[-0.62185191  0.08809385  0.93462812]
150.93289804458618,1005,False,1,2,[-7.25144408 -1.60633965  3.42868217],landing,[ 0.50568378 -0.03156594 -0.11489306]
151.02098488807678,1000,False,5,1,[5.41211047 1.74040048 1.78141266],landing,[-0.82138112 -0.19970136 -0.21083176]
151.02098488807678,1001,False,2,4,[ 8.34461035 -7.44928893  2.24948504],landing,[-0.48080528  0.59740651 -0.20557775]
151.02098488807678,1002,False,6,5,[-1.7858475  -3.72073433  4.00000007],cruising,[ 0.5677905  -0.59831228 -0.99408226]
151.02098488807678,1003,False,0,3,[2.94430981 6.5100386  3.5076867 ],entering,[ 0.63925976  0.24903542 -0.34837281]
151.02098488807678,1004,False,3,6,[-5.80189848  3.34440459  3.99966936],cruising,[-0.62185191  0.08809385  0.93462812]
151.02098488807678,1005,False,1,2,[-7.26045732 -1.58435229  3.33154661],landing,[ 0.50568378 -0.03156594 -0.11489306]
151.12209391593933,1000,False,5,1,[5.42038088 1.71777879 1.6843567 ],landing,[-0.82138112 -0.19970136 -0.21083176]
151.12209391593933,1001,False,2,4,[ 8.32222448 -7.45258312  2.15207857],landing,[-0.48080528  0.59740651 -0.20557775]
151.12209391593933,1002,False,6,5,[-1.97807502 -3.72255807  4.00000006],cruising,[ 0.5677905  -0.59831228 -0.99408226]
151.12209391593933,1003,False,0,3,[3.02100477 6.32532833 3.58153369],entering,[ 0.63925976  0.24903542 -0.34837281]
151.12209391593933,1004,False,3,6,[-5.90162254  3.51776869  3.99971896],cruising,[-0.62185191  0.08809385  0.93462812]
151.12209391593933,1005,False,1,2,[-7.26947057 -1.56236493  3.23441104],landing,[ 0.50568378 -0.03156594 -0.11489306]
151.23126220703125,1000,False,5,1,[5.42865128 1.6951571  1.58730074],landing,[-0.82138112 -0.19970136 -0.21083176]
151.23126220703125,1001,False,2,4,[ 8.29983861 -7.45587731  2.05467209],landing,[-0.48080528  0.59740651 -0.20557775]
151.23126220703125,1002,False,6,5,[-2.16504866 -3.70508423  4.00000004],cruising,[ 0.5677905  -0.59831228 -0.99408226]
151.23126220703125,1003,False,0,3,[3.11306428 6.1478126  3.6447897 ],entering,[ 0.63925976  0.24903542 -0.34837281]
151.23126220703125,1004,False,3,6,[-5.99706049  3.69352875  3.99976111],cruising,[-0.62185191  0.08809385  0.93462812]
151.23126220703125,1005,False,1,2,[-7.27848381 -1.54037758  3.13727548],landing,[ 0.50568378 -0.03156594 -0.11489306]
151.3229808807373,1000,False,5,1,[5.43692169 1.6725354  1.49024478],fake_landed,[-0.82138112 -0.19970136 -0.21083176]
151.3229808807373,1001,False,2,4,[ 8.27745274 -7.45917149  1.95726562],landing,[-0.48080528  0.59740651 -0.20557775]
151.3229808807373,1002,False,6,5,[-2.34444111 -3.66910294  4.00000003],cruising,[ 0.5677905  -0.59831228 -0.99408226]
151.3229808807373,1003,False,0,3,[3.21950508 5.97848937 3.69807124],entering,[ 0.63925976  0.24903542 -0.34837281]
151.3229808807373,1004,False,3,6,[-6.08735312  3.8719867   3.99979695],cruising,[-0.62185191  0.08809385  0.93462812]
151.3229808807373,1005,False,1,2,[-7.28749706 -1.51839022  3.04013992],landing,[ 0.50568378 -0.03156594 -0.11489306]
151.42260766029358,1000,False,5,1,[5.44353802 1.65443805 1.41260001],fake_landed,[-0.82138112 -0.19970136 -0.21083176]
151.42260766029358,1001,False,2,4,[ 8.25506686 -7.46246568  1.85985914],landing,[-0.48080528  0.59740651 -0.20557775]
151.42260766029358,1002,False,6,5,[-2.51406357 -3.61567036  4.00000001],cruising,[ 0.5677905  -0.59831228 -0.99408226]
151.42260766029358,1003,False,0,3,[3.34109032 5.81973459 3.74367467],entering,[ 0.63925976  0.24903542 -0.34837281]
151.42260766029358,1004,False,3,6,[-6.17141645  4.0534622   3.9998274 ],cruising,[-0.62185191  0.08809385  0.93462812]
151.42260766029358,1005,False,1,2,[-7.2965103  -1.49640286  2.94300435],landing,[ 0.50568378 -0.03156594 -0.11489306]
151.52153372764587,1000,False,5,1,[5.44850026 1.64086504 1.35436643],fake_landed,[-0.82138112 -0.19970136 -0.21083176]
151.52153372764587,1001,False,2,4,[ 8.23268099 -7.46575987  1.76245267],landing,[-0.48080528  0.59740651 -0.20557775]
151.52153372764587,1002,False,6,5,[-2.67192276 -3.54606295  4.        ],cruising,[ 0.5677905  -0.59831228 -0.99408226]
151.52153372764587,1003,False,0,3,[3.47698013 5.672991   3.78212891],entering,[ 0.63925976  0.24903542 -0.34837281]
151.52153372764587,1004,False,3,6,[-6.24786659  4.23827393  3.99985329],cruising,[-0.62185191  0.08809385  0.93462812]
151.52153372764587,1005,False,1,2,[-7.30552355 -1.4744155   2.84586879],landing,[ 0.50568378 -0.03156594 -0.11489306]
151.6358699798584,1000,False,5,1,[5.45180842 1.63181636 1.31554405],fake_landed,[-0.82138112 -0.19970136 -0.21083176]
151.6358699798584,1001,False,2,4,[ 8.21029512 -7.46905406  1.6650462 ],landing,[-0.48080528  0.59740651 -0.20557775]
151.6358699798584,1002,False,6,5,[-2.81634134 -3.46164506  3.99999999],cruising,[ 0.5677905  -0.59831228 -0.99408226]
151.6358699798584,1003,False,0,3,[3.62630167 5.54000687 3.81508168],entering,[ 0.63925976  0.24903542 -0.34837281]
151.6358699798584,1004,False,3,6,[-6.31492038  4.42669843  3.9998753 ],cruising,[-0.62185191  0.08809385  0.93462812]
151.6358699798584,1005,False,1,2,[-7.31453679 -1.45242815  2.74873323],landing,[ 0.50568378 -0.03156594 -0.11489306]
151.7330985069275,1000,False,5,1,[5.45346251 1.62729202 1.29613286],fake_landed,[-0.82138112 -0.19970136 -0.21083176]
151.7330985069275,1001,False,2,4,[ 8.18790925 -7.47234825  1.56763972],landing,[-0.48080528  0.59740651 -0.20557775]
151.7330985069275,1002,False,6,5,[-2.94586627 -3.36387881  3.99999998],cruising,[ 0.5677905  -0.59831228 -0.99408226]
151.7330985069275,1003,False,0,3,[3.78778962 5.42203602 3.84287895],cruising,[ 0.63925976  0.24903542 -0.34837281]
151.7330985069275,1004,False,3,6,[-6.3639445   4.62059695  3.99989401],cruising,[-0.62185191  0.08809385  0.93462812]
151.7330985069275,1005,False,1,2,[-7.32355004 -1.43044079  2.65159767],landing,[ 0.50568378 -0.03156594 -0.11489306]
151.82480669021606,1000,False,1,0,[5.45346251 1.62729202 1.29613286],waiting,[-0.82138112 -0.19970136 -0.21083176]
151.82480669021606,1001,False,2,4,[ 8.16552338 -7.47564244  1.47023325],fake_landed,[-0.48080528  0.59740651 -0.20557775]
151.82480669021606,1002,False,6,5,[-3.05919611 -3.25437717  3.99999997],cruising,[ 0.5677905  -0.59831228 -0.99408226]
151.82480669021606,1003,False,0,3,[3.95979724 5.31999006 3.86644711],cruising,[ 0.63925976  0.24903542 -0.34837281]
151.82480669021606,1004,False,3,6,[-6.39332134  4.81823507  3.99991035],cruising,[-0.62185191  0.08809385  0.93462812]
151.82480669021606,1005,False,1,2,[-7.33256329 -1.40845343  2.5544621 ],landing,[ 0.50568378 -0.03156594 -0.11489306]
151.92300486564636,1000,False,1,0,[5.45346251 1.62729202 1.29613286],waiting,[-0.82138112 -0.19970136 -0.21083176]
151.92300486564636,1001,False,2,4,[ 8.14761468 -7.47827779  1.39230807],fake_landed,[-0.48080528  0.59740651 -0.20557775]
151.92300486564636,1002,False,6,5,[-3.1552316  -3.13483035  3.99999997],cruising,[ 0.5677905  -0.59831228 -0.99408226]
151.92300486564636,1003,False,0,3,[4.13978052 5.23277756 3.88648004],cruising,[ 0.63925976  0.24903542 -0.34837281]
151.92300486564636,1004,False,3,6,[-6.40273954  5.01715877  3.99992506],cruising,[-0.62185191  0.08809385  0.93462812]
151.92300486564636,1005,False,1,2,[-7.34157653 -1.38646607  2.45732654],landing,[ 0.50568378 -0.03156594 -0.11489306]
152.03531503677368,1000,False,1,0,[5.45346251 1.62729202 1.29613286],waiting,[-0.82138112 -0.19970136 -0.21083176]
152.03531503677368,1001,False,2,4,[ 8.13418316 -7.4802543   1.33386419],fake_landed,[-0.48080528  0.59740651 -0.20557775]
152.03531503677368,1002,False,6,5,[-3.23335231 -3.00639195  3.99999996],cruising,[ 0.5677905  -0.59831228 -0.99408226]
152.03531503677368,1003,False,0,3,[4.32549421 5.15854533 3.90350804],cruising,[ 0.63925976  0.24903542 -0.34837281]
152.03531503677368,1004,False,3,6,[-6.3922111   5.21462259  3.99993852],cruising,[-0.62185191  0.08809385  0.93462812]
152.03531503677368,1005,False,1,2,[-7.35058978 -1.36447872  2.36019098],landing,[ 0.50568378 -0.03156594 -0.11489306]
152.12520146369934,1000,False,1,0,[5.45346251 1.62729202 1.29613286],waiting,[-0.82138112 -0.19970136 -0.21083176]
152.12520146369934,1001,False,2,4,[ 8.12522881 -7.48157198  1.2949016 ],fake_landed,[-0.48080528  0.59740651 -0.20557775]
152.12520146369934,1002,False,6,5,[-3.29318499 -2.86985736  3.99999996],cruising,[ 0.5677905  -0.59831228 -0.99408226]
152.12520146369934,1003,False,0,3,[4.51538101 5.09575198 3.91798183],cruising,[ 0.63925976  0.24903542 -0.34837281]
152.12520146369934,1004,False,3,6,[-6.36208168  5.40811127  3.99995085],cruising,[-0.62185191  0.08809385  0.93462812]
152.12520146369934,1005,False,1,2,[-7.35960302 -1.34249136  2.26305542],landing,[ 0.50568378 -0.03156594 -0.11489306]
152.22405791282654,1000,False,1,0,[5.45346251 1.62729202 1.29613286],waiting,[-0.82138112 -0.19970136 -0.21083176]
152.22405791282654,1001,False,2,4,[ 8.12075164 -7.48223082  1.2754203 ],fake_landed,[-0.48080528  0.59740651 -0.20557775]
152.22405791282654,1002,False,6,5,[-3.33455602 -2.72563074  3.99999996],cruising,[ 0.5677905  -0.59831228 -0.99408226]
152.22405791282654,1003,False,0,3,[4.70804451 5.04207914 3.93028456],cruising,[ 0.63925976  0.24903542 -0.34837281]
152.22405791282654,1004,False,3,6,[-6.31291538  5.59546828  3.99996201],cruising,[-0.62185191  0.08809385  0.93462812]
152.22405791282654,1005,False,1,2,[-7.36861627 -1.320504    2.16591985],landing,[ 0.50568378 -0.03156594 -0.11489306]
152.32619714736938,1000,False,1,0,[5.45346251 1.62729202 1.29613286],waiting,[-0.82138112 -0.19970136 -0.21083176]
152.32619714736938,1001,False,4,1,[ 8.12075164 -7.48223082  1.2754203 ],waiting,[-0.48080528  0.59740651 -0.20557775]
152.32619714736938,1002,False,6,5,[-3.35739258 -2.57388924  3.99999995],cruising,[ 0.5677905  -0.59831228 -0.99408226]
152.32619714736938,1003,False,0,3,[4.90262328 4.99582871 3.94074187],cruising,[ 0.63925976  0.24903542 -0.34837281]
152.32619714736938,1004,False,3,6,[-6.24561501  5.77438995  3.99997206],cruising,[-0.62185191  0.08809385  0.93462812]
152.32619714736938,1005,False,1,2,[-7.37762951 -1.29851664  2.06878429],landing,[ 0.50568378 -0.03156594 -0.11489306]
152.431880235672,1000,False,1,0,[5.45346251 1.62729202 1.29613286],waiting,[-0.82138112 -0.19970136 -0.21083176]
152.431880235672,1001,False,4,1,[ 8.12075164 -7.48223082  1.2754203 ],waiting,[-0.48080528  0.59740651 -0.20557775]
152.431880235672,1002,False,6,5,[-3.36169806 -2.4146245   3.99999996],cruising,[ 0.5677905  -0.59831228 -0.99408226]
152.431880235672,1003,False,0,3,[5.09831631 4.95454628 3.94963059],cruising,[ 0.63925976  0.24903542 -0.34837281]
152.431880235672,1004,False,3,6,[-6.16133278  5.94274673  3.99998103],cruising,[-0.62185191  0.08809385  0.93462812]
152.431880235672,1005,False,1,2,[-7.38664276 -1.27652928  1.97164873],landing,[ 0.50568378 -0.03156594 -0.11489306]
152.5268087387085,1000,False,1,0,[5.45346251 1.62729202 1.29613286],waiting,[-0.82138112 -0.19970136 -0.21083176]
152.5268087387085,1001,False,4,1,[ 8.12075164 -7.48223082  1.2754203 ],waiting,[-0.48080528  0.59740651 -0.20557775]
152.5268087387085,1002,False,6,5,[-3.34779413 -2.24708828  3.99999996],cruising,[ 0.5677905  -0.59831228 -0.99408226]
152.5268087387085,1003,False,0,3,[5.29462736 4.91631053 3.957186  ],cruising,[ 0.63925976  0.24903542 -0.34837281]
152.5268087387085,1004,False,3,6,[-6.06104948  6.09910493  3.99998887],cruising,[-0.62185191  0.08809385  0.93462812]
152.5268087387085,1005,False,1,2,[-7.395656   -1.25454193  1.87451317],landing,[ 0.50568378 -0.03156594 -0.11489306]
152.63457322120667,1000,False,1,0,[5.45346251 1.62729202 1.29613286],waiting,[-0.82138112 -0.19970136 -0.21083176]
152.63457322120667,1001,False,4,1,[ 8.12075164 -7.48223082  1.2754203 ],waiting,[-0.48080528  0.59740651 -0.20557775]
152.63457322120667,1002,False,6,5,[-3.31671162 -2.06931017  3.99999996],cruising,[ 0.5677905  -0.59831228 -0.99408226]
152.63457322120667,1003,False,0,3,[5.49119337 4.87940791 3.9636081 ],cruising,[ 0.63925976  0.24903542 -0.34837281]
152.63457322120667,1004,False,3,6,[-5.94568921  6.24232218  3.99999555],cruising,[-0.62185191  0.08809385  0.93462812]
152.63457322120667,1005,False,1,2,[-7.40466925 -1.23255457  1.7773776 ],landing,[ 0.50568378 -0.03156594 -0.11489306]
152.73379111289978,1000,False,1,0,[5.45346251 1.62729202 1.29613286],waiting,[-0.82138112 -0.19970136 -0.21083176]
152.73379111289978,1001,False,4,1,[ 8.12075164 -7.48223082  1.2754203 ],waiting,[-0.48080528  0.59740651 -0.20557775]
152.73379111289978,1002,False,6,5,[-3.2738356  -1.87537925  3.99999997],cruising,[ 0.5677905  -0.59831228 -0.99408226]
152.73379111289978,1003,False,0,3,[5.6877195  4.84229348 3.96906689],cruising,[ 0.63925976  0.24903542 -0.34837281]
152.73379111289978,1004,False,3,6,[-5.81616342  6.3714207   4.00000103],cruising,[-0.62185191  0.08809385  0.93462812]
152.73379111289978,1005,False,1,2,[-7.41368249 -1.21056721  1.68024204],landing,[ 0.50568378 -0.03156594 -0.11489306]
152.83043122291565,1000,False,1,0,[5.45346251 1.62729202 1.29613286],waiting,[-0.82138112 -0.19970136 -0.21083176]
152.83043122291565,1001,False,4,1,[ 8.12075164 -7.48223082  1.2754203 ],waiting,[-0.48080528  0.59740651 -0.20557775]
152.83043122291565,1002,False,6,5,[-3.24633846 -1.6772785   3.99999997],cruising,[ 0.5677905  -0.59831228 -0.99408226]
152.83043122291565,1003,False,0,3,[5.88434815 4.80572608 3.97370685],cruising,[ 0.63925976  0.24903542 -0.34837281]
152.83043122291565,1004,False,3,6,[-5.67336965  6.48555392  4.00000529],cruising,[-0.62185191  0.08809385  0.93462812]
152.83043122291565,1005,False,1,2,[-7.42269574 -1.18857985  1.58310648],landing,[ 0.50568378 -0.03156594 -0.11489306]
152.93318223953247,1000,False,1,0,[5.45346251 1.62729202 1.29613286],waiting,[-0.82138112 -0.19970136 -0.21083176]
152.93318223953247,1001,False,4,1,[ 8.12075164 -7.48223082  1.2754203 ],waiting,[-0.48080528  0.59740651 -0.20557775]
152.93318223953247,1002,False,6,5,[-3.2353225  -1.47758211  3.99999998],cruising,[ 0.5677905  -0.59831228 -0.99408226]
152.93318223953247,1003,False,0,3,[6.08038554 4.76611116 3.97765083],cruising,[ 0.63925976  0.24903542 -0.34837281]
152.93318223953247,1004,False,3,6,[-5.51835991  6.58385142  4.00000836],cruising,[-0.62185191  0.08809385  0.93462812]
152.93318223953247,1005,False,1,2,[-7.43170898 -1.1665925   1.48597092],fake_landed,[ 0.50568378 -0.03156594 -0.11489306]
153.02101731300354,1000,False,1,0,[5.45346251 1.62729202 1.29613286],waiting,[-0.82138112 -0.19970136 -0.21083176]
153.02101731300354,1001,False,4,1,[ 8.12075164 -7.48223082  1.2754203 ],waiting,[-0.48080528  0.59740651 -0.20557775]
153.02101731300354,1002,False,6,5,[-3.24022431 -1.27764219  3.99999998],cruising,[ 0.5677905  -0.59831228 -0.99408226]
153.02101731300354,1003,False,0,3,[6.27550066 4.72217841 3.9810032 ],cruising,[ 0.63925976  0.24903542 -0.34837281]
153.02101731300354,1004,False,3,6,[-5.35174557  6.66585985  4.00001019],cruising,[-0.62185191  0.08809385  0.93462812]
153.02101731300354,1005,False,1,2,[-7.43891958 -1.14900261  1.40826247],fake_landed,[ 0.50568378 -0.03156594 -0.11489306]
153.120698928833,1000,False,1,0,[5.45346251 1.62729202 1.29613286],waiting,[-0.82138112 -0.19970136 -0.21083176]
153.120698928833,1001,False,4,1,[ 8.12075164 -7.48223082  1.2754203 ],waiting,[-0.48080528  0.59740651 -0.20557775]
153.120698928833,1002,False,6,5,[-3.25903264 -1.07852853  3.99999998],cruising,[ 0.5677905  -0.59831228 -0.99408226]
153.120698928833,1003,False,0,3,[6.4692708  4.67264928 3.98385272],cruising,[ 0.63925976  0.24903542 -0.34837281]
153.120698928833,1004,False,3,6,[-5.17395131  6.73128489  4.00001076],cruising,[-0.62185191  0.08809385  0.93462812]
153.120698928833,1005,False,1,2,[-7.44432753 -1.1358102   1.34998113],fake_landed,[ 0.50568378 -0.03156594 -0.11489306]
153.22814774513245,1000,False,1,0,[5.45346251 1.62729202 1.29613286],waiting,[-0.82138112 -0.19970136 -0.21083176]
153.22814774513245,1001,False,4,1,[ 8.12075164 -7.48223082  1.2754203 ],waiting,[-0.48080528  0.59740651 -0.20557775]
153.22814774513245,1002,False,6,5,[-3.29147172 -0.8811768   3.99999999],cruising,[ 0.5677905  -0.59831228 -0.99408226]
153.22814774513245,1003,False,0,3,[6.66114098 4.61620608 3.98627481],cruising,[ 0.63925976  0.24903542 -0.34837281]
153.22814774513245,1004,False,3,6,[-4.98503645  6.78008668  4.00001003],cruising,[-0.62185191  0.08809385  0.93462812]
153.22814774513245,1005,False,1,2,[-7.44793282 -1.12701525  1.3111269 ],fake_landed,[ 0.50568378 -0.03156594 -0.11489306]
153.32122683525085,1000,False,1,0,[5.45346251 1.62729202 1.29613286],queued,[-0.82138112 -0.19970136 -0.21083176]
153.32122683525085,1001,False,4,1,[ 8.12075164 -7.48223082  1.2754203 ],waiting,[-0.48080528  0.59740651 -0.20557775]
153.32122683525085,1002,False,6,5,[-3.33642027 -0.68629318  3.99999999],cruising,[ 0.5677905  -0.59831228 -0.99408226]
153.32122683525085,1003,False,0,3,[6.8503751  4.55147242 3.98833359],cruising,[ 0.63925976  0.24903542 -0.34837281]
153.32122683525085,1004,False,3,6,[-4.78915582  6.82046959  4.00000852],cruising,[-0.62185191  0.08809385  0.93462812]
153.32122683525085,1005,False,1,2,[-7.44973547 -1.12261778  1.29169979],fake_landed,[ 0.50568378 -0.03156594 -0.11489306]
153.42098689079285,1000,False,1,0,[5.45346251 1.62729202 1.31613286],queued,[-0.82138112 -0.19970136 -0.21083176]
153.42098689079285,1001,False,4,1,[ 8.12075164 -7.48223082  1.2754203 ],waiting,[-0.48080528  0.59740651 -0.20557775]
153.42098689079285,1002,False,6,5,[-3.39122441 -0.49394841  3.99999999],cruising,[ 0.5677905  -0.59831228 -0.99408226]
153.42098689079285,1003,False,0,3,[7.03599699 4.47701092 3.99008355],cruising,[ 0.63925976  0.24903542 -0.34837281]
153.42098689079285,1004,False,3,6,[-4.59420885  6.86514262  4.00000724],cruising,[-0.62185191  0.08809385  0.93462812]
153.42098689079285,1005,False,1,2,[-7.44973547 -1.12261778  1.29169979],fake_landed,[ 0.50568378 -0.03156594 -0.11489306]
153.52774691581726,1000,False,1,0,[5.45346251 1.62729202 1.35613286],queued,[-0.82138112 -0.19970136 -0.21083176]
153.52774691581726,1001,False,4,1,[ 8.12075164 -7.48223082  1.2754203 ],waiting,[-0.48080528  0.59740651 -0.20557775]
153.52774691581726,1002,False,6,5,[-3.45690187 -0.30503978  3.99999999],cruising,[ 0.5677905  -0.59831228 -0.99408226]
153.52774691581726,1003,False,0,3,[7.21672293 4.39134802 3.99157102],cruising,[ 0.63925976  0.24903542 -0.34837281]
153.52774691581726,1004,False,3,6,[-4.39991657  6.91258216  4.00000616],cruising,[-0.62185191  0.08809385  0.93462812]
153.52774691581726,1005,False,2,4,[-7.44973547 -1.12261778  1.29169979],waiting,[ 0.50568378 -0.03156594 -0.11489306]
153.62995982170105,1000,False,1,0,[5.45346251 1.62729202 1.41613286],queued,[-0.82138112 -0.19970136 -0.21083176]
153.62995982170105,1001,False,4,1,[ 8.12075164 -7.48223082  1.2754203 ],waiting,[-0.48080528  0.59740651 -0.20557775]
153.62995982170105,1002,False,6,5,[-3.53280272 -0.12000178  3.99999999],cruising,[ 0.5677905  -0.59831228 -0.99408226]
153.62995982170105,1003,False,0,3,[7.38791252 4.28810627 3.99285345],cruising,[ 0.63925976  0.24903542 -0.34837281]
153.62995982170105,1004,False,3,6,[-4.20536171  6.95893305  4.00000523],cruising,[-0.62185191  0.08809385  0.93462812]
153.62995982170105,1005,False,2,4,[-7.44973547 -1.12261778  1.29169979],waiting,[ 0.50568378 -0.03156594 -0.11489306]
153.731671333313,1000,False,1,0,[5.45346251 1.62729202 1.49113286],queued,[-0.82138112 -0.19970136 -0.21083176]
153.731671333313,1001,False,4,1,[ 8.12075164 -7.48223082  1.2754203 ],waiting,[-0.48080528  0.59740651 -0.20557775]
153.731671333313,1002,False,6,5,[-3.61636348  0.06170567  3.99999999],cruising,[ 0.5677905  -0.59831228 -0.99408226]
153.731671333313,1003,False,0,3,[7.54917574 4.1698093  3.99392543],cruising,[ 0.63925976  0.24903542 -0.34837281]
153.731671333313,1004,False,3,6,[-4.01098543  7.00602724  4.00000445],cruising,[-0.62185191  0.08809385  0.93462812]
153.731671333313,1005,False,2,4,[-7.44973547 -1.12261778  1.29169979],waiting,[ 0.50568378 -0.03156594 -0.11489306]
153.82055974006653,1000,False,1,0,[5.45346251 1.62729202 1.56613286],queued,[-0.82138112 -0.19970136 -0.21083176]
153.82055974006653,1001,False,4,1,[ 8.12075164 -7.48223082  1.2754203 ],waiting,[-0.48080528  0.59740651 -0.20557775]
153.82055974006653,1002,False,6,5,[-3.71100715  0.2378947   3.99999999],cruising,[ 0.5677905  -0.59831228 -0.99408226]
153.82055974006653,1003,False,0,3,[7.69901606 4.0373409  3.99483662],cruising,[ 0.63925976  0.24903542 -0.34837281]
153.82055974006653,1004,False,3,6,[-3.81651481  7.05273033  4.00000378],cruising,[-0.62185191  0.08809385  0.93462812]
153.82055974006653,1005,False,2,4,[-7.44973547 -1.12261778  1.29169979],waiting,[ 0.50568378 -0.03156594 -0.11489306]
153.92653608322144,1000,False,1,0,[5.45346251 1.62729202 1.64113286],queued,[-0.82138112 -0.19970136 -0.21083176]
153.92653608322144,1001,False,4,1,[ 8.12075164 -7.48223082  1.2754203 ],waiting,[-0.48080528  0.59740651 -0.20557775]
153.92653608322144,1002,False,6,5,[-3.81153516  0.41079386  4.        ],cruising,[ 0.5677905  -0.59831228 -0.99408226]
153.92653608322144,1003,False,0,3,[7.8348624  3.89058438 3.9956139 ],cruising,[ 0.63925976  0.24903542 -0.34837281]
153.92653608322144,1004,False,3,6,[-3.62172295  7.09807489  4.00000321],cruising,[-0.62185191  0.08809385  0.93462812]
153.92653608322144,1005,False,2,4,[-7.44973547 -1.12261778  1.29169979],waiting,[ 0.50568378 -0.03156594 -0.11489306]
154.03010845184326,1000,False,1,0,[5.45346251 1.62729202 1.71613286],queued,[-0.82138112 -0.19970136 -0.21083176]
154.03010845184326,1001,False,4,1,[ 8.12075164 -7.48223082  1.2754203 ],waiting,[-0.48080528  0.59740651 -0.20557775]
154.03010845184326,1002,False,6,5,[-3.91667764  0.58092634  4.        ],cruising,[ 0.5677905  -0.59831228 -0.99408226]
154.03010845184326,1003,False,0,3,[7.95494655 3.73151736 3.99632035],cruising,[ 0.63925976  0.24903542 -0.34837281]
154.03010845184326,1004,False,3,6,[-3.42591056  7.13878741  4.00000273],cruising,[-0.62185191  0.08809385  0.93462812]
154.03010845184326,1005,False,2,4,[-7.44973547 -1.12261778  1.29169979],waiting,[ 0.50568378 -0.03156594 -0.11489306]
154.121817111969,1000,False,1,0,[5.45346251 1.62729202 1.79113286],queued,[-0.82138112 -0.19970136 -0.21083176]
154.121817111969,1001,False,4,1,[ 8.12075164 -7.48223082  1.2754203 ],waiting,[-0.48080528  0.59740651 -0.20557775]
154.121817111969,1002,False,6,5,[-4.02643506  0.74811877  4.        ],cruising,[ 0.5677905  -0.59831228 -0.99408226]
154.121817111969,1003,False,0,3,[8.05819136 3.56166006 3.99694527],cruising,[ 0.63925976  0.24903542 -0.34837281]
154.121817111969,1004,False,3,6,[-3.22958173  7.17693177  4.00000232],cruising,[-0.62185191  0.08809385  0.93462812]
154.121817111969,1005,False,2,4,[-7.44973547 -1.12261778  1.29169979],waiting,[ 0.50568378 -0.03156594 -0.11489306]
154.222069978714,1000,False,1,0,[5.45346251 1.62729202 1.86613286],queued,[-0.82138112 -0.19970136 -0.21083176]
154.222069978714,1001,False,4,1,[ 8.12075164 -7.48223082  1.2754203 ],waiting,[-0.48080528  0.59740651 -0.20557775]
154.222069978714,1002,False,6,5,[-4.13846085  0.91379986  4.        ],cruising,[ 0.5677905  -0.59831228 -0.99408226]
154.222069978714,1003,False,0,3,[8.14371798 3.38252601 3.99748284],cruising,[ 0.63925976  0.24903542 -0.34837281]
154.222069978714,1004,False,3,6,[-3.03262526  7.2116902   4.00000197],cruising,[-0.62185191  0.08809385  0.93462812]
154.222069978714,1005,False,2,4,[-7.44973547 -1.12261778  1.29169979],waiting,[ 0.50568378 -0.03156594 -0.11489306]
154.32277941703796,1000,False,1,0,[5.45346251 1.62729202 1.94113286],queued,[-0.82138112 -0.19970136 -0.21083176]
154.32277941703796,1001,False,4,1,[ 8.12075164 -7.48223082  1.2754203 ],waiting,[-0.48080528  0.59740651 -0.20557775]
154.32277941703796,1002,False,6,5,[-4.25158832  1.07873068  4.        ],cruising,[ 0.5677905  -0.59831228 -0.99408226]
154.32277941703796,1003,False,0,3,[8.21085354 3.19553321 3.99792639],cruising,[ 0.63925976  0.24903542 -0.34837281]
154.32277941703796,1004,False,3,6,[-2.83456124  7.23945068  4.00000168],cruising,[-0.62185191  0.08809385  0.93462812]
154.32277941703796,1005,False,2,4,[-7.44973547 -1.12261778  1.29169979],waiting,[ 0.50568378 -0.03156594 -0.11489306]
154.42765021324158,1000,False,1,0,[5.45346251 1.62729202 2.01613286],queued,[-0.82138112 -0.19970136 -0.21083176]
154.42765021324158,1001,False,4,1,[ 8.12075164 -7.48223082  1.2754203 ],waiting,[-0.48080528  0.59740651 -0.20557775]
154.42765021324158,1002,False,6,5,[-4.3662318   1.24261134  4.        ],cruising,[ 0.5677905  -0.59831228 -0.99408226]
154.42765021324158,1003,False,0,3,[8.25907777 3.00203264 3.99826695],cruising,[ 0.63925976  0.24903542 -0.34837281]
154.42765021324158,1004,False,3,6,[-2.63589591  7.26251766  4.00000143],cruising,[-0.62185191  0.08809385  0.93462812]
154.42765021324158,1005,False,2,4,[-7.44973547 -1.12261778  1.29169979],waiting,[ 0.50568378 -0.03156594 -0.11489306]
154.5307183265686,1000,False,1,0,[5.45346251 1.62729202 2.09113286],queued,[-0.82138112 -0.19970136 -0.21083176]
154.5307183265686,1001,False,4,1,[ 8.12075164 -7.48223082  1.2754203 ],waiting,[-0.48080528  0.59740651 -0.20557775]
154.5307183265686,1002,False,6,5,[-4.48188884  1.40577828  4.        ],cruising,[ 0.5677905  -0.59831228 -0.99408226]
154.5307183265686,1003,False,0,3,[8.29435893 2.80516914 3.99852691],cruising,[ 0.63925976  0.24903542 -0.34837281]
154.5307183265686,1004,False,3,6,[-2.43638243  7.27645938  4.00000121],cruising,[-0.62185191  0.08809385  0.93462812]
154.5307183265686,1005,False,2,4,[-7.44973547 -1.12261778  1.29169979],waiting,[ 0.50568378 -0.03156594 -0.11489306]
154.62782883644104,1000,False,1,0,[5.45346251 1.62729202 2.16613286],queued,[-0.82138112 -0.19970136 -0.21083176]
154.62782883644104,1001,False,4,1,[ 8.12075164 -7.48223082  1.2754203 ],waiting,[-0.48080528  0.59740651 -0.20557775]
154.62782883644104,1002,False,6,5,[-4.59813253  1.56852779  4.        ],cruising,[ 0.5677905  -0.59831228 -0.99408226]
154.62782883644104,1003,False,0,3,[8.32846072 2.60809791 3.99874787],cruising,[ 0.63925976  0.24903542 -0.34837281]
154.62782883644104,1004,False,3,6,[-2.23641175  7.27988399  4.00000103],cruising,[-0.62185191  0.08809385  0.93462812]
154.62782883644104,1005,False,2,4,[-7.44973547 -1.12261778  1.29169979],waiting,[ 0.50568378 -0.03156594 -0.11489306]
154.72174525260925,1000,False,1,0,[5.45346251 1.62729202 2.24113286],queued,[-0.82138112 -0.19970136 -0.21083176]
154.72174525260925,1001,False,4,1,[ 8.12075164 -7.48223082  1.2754203 ],waiting,[-0.48080528  0.59740651 -0.20557775]
154.72174525260925,1002,False,6,5,[-4.7145927   1.73112247  4.        ],cruising,[ 0.5677905  -0.59831228 -0.99408226]
154.72174525260925,1003,False,0,3,[8.35697232 2.41014062 3.99893569],cruising,[ 0.63925976  0.24903542 -0.34837281]
154.72174525260925,1004,False,3,6,[-2.03689845  7.26593975  4.00000088],cruising,[-0.62185191  0.08809385  0.93462812]
154.72174525260925,1005,False,2,4,[-7.44973547 -1.12261778  1.29169979],queued,[ 0.50568378 -0.03156594 -0.11489306]
154.83251285552979,1000,False,1,0,[5.45346251 1.62729202 2.31613286],queued,[-0.82138112 -0.19970136 -0.21083176]
154.83251285552979,1001,False,4,1,[ 8.12075164 -7.48223082  1.2754203 ],queued,[-0.48080528  0.59740651 -0.20557775]
154.83251285552979,1002,False,6,5,[-4.83094015  1.89379782  4.        ],cruising,[ 0.5677905  -0.59831228 -0.99408226]
154.83251285552979,1003,False,0,3,[8.38406183 2.21198372 3.99909534],cruising,[ 0.63925976  0.24903542 -0.34837281]
154.83251285552979,1004,False,3,6,[-1.83960377  7.23315547  4.00000074],cruising,[-0.62185191  0.08809385  0.93462812]
154.83251285552979,1005,False,2,4,[-7.44973547 -1.12261778  1.31169979],queued,[ 0.50568378 -0.03156594 -0.11489306]
154.92486119270325,1000,False,1,0,[5.45346251 1.62729202 2.39113286],queued,[-0.82138112 -0.19970136 -0.21083176]
154.92486119270325,1001,False,4,1,[ 8.12075164 -7.48223082  1.2954203 ],queued,[-0.48080528  0.59740651 -0.20557775]
154.92486119270325,1002,False,6,5,[-4.94687313  2.05676881  4.        ],cruising,[ 0.5677905  -0.59831228 -0.99408226]
154.92486119270325,1003,False,0,3,[8.40612808 2.01320474 3.99923104],cruising,[ 0.63925976  0.24903542 -0.34837281]
154.92486119270325,1004,False,3,6,[-1.64577127  7.18387097  4.00000063],cruising,[-0.62185191  0.08809385  0.93462812]
154.92486119270325,1005,False,2,4,[-7.44973547 -1.12261778  1.35169979],queued,[ 0.50568378 -0.03156594 -0.11489306]
155.02105164527893,1000,False,1,0,[5.45346251 1.62729202 2.46613286],queued,[-0.82138112 -0.19970136 -0.21083176]
155.02105164527893,1001,False,4,1,[ 8.12075164 -7.48223082  1.3354203 ],queued,[-0.48080528  0.59740651 -0.20557775]
155.02105164527893,1002,False,6,5,[-5.06249057  2.21996382  4.        ],cruising,[ 0.5677905  -0.59831228 -0.99408226]
155.02105164527893,1003,False,0,3,[8.42671296 1.81426691 3.99934638],cruising,[ 0.63925976  0.24903542 -0.34837281]
155.02105164527893,1004,False,3,6,[-1.45460769  7.12507908  4.00000054],cruising,[-0.62185191  0.08809385  0.93462812]
155.02105164527893,1005,False,2,4,[-7.44973547 -1.12261778  1.41169979],queued,[ 0.50568378 -0.03156594 -0.11489306]
155.12573909759521,1000,False,1,0,[5.45346251 1.62729202 2.54113286],queued,[-0.82138112 -0.19970136 -0.21083176]
155.12573909759521,1001,False,4,1,[ 8.12075164 -7.48223082  1.3954203 ],queued,[-0.48080528  0.59740651 -0.20557775]
155.12573909759521,1002,False,6,5,[-5.17717575  2.3838153   4.        ],cruising,[ 0.5677905  -0.59831228 -0.99408226]
155.12573909759521,1003,False,0,3,[8.44281167 1.61491588 3.99944442],cruising,[ 0.63925976  0.24903542 -0.34837281]
155.12573909759521,1004,False,3,6,[-1.26802988  7.0530463   4.00000046],cruising,[-0.62185191  0.08809385  0.93462812]
155.12573909759521,1005,False,2,4,[-7.44973547 -1.12261778  1.48669979],queued,[ 0.50568378 -0.03156594 -0.11489306]
155.22729063034058,1000,False,1,0,[5.45346251 1.62729202 2.61613286],entering,[-0.82138112 -0.19970136 -0.21083176]
155.22729063034058,1001,False,4,1,[ 8.12075164 -7.48223082  1.4704203 ],queued,[-0.48080528  0.59740651 -0.20557775]
155.22729063034058,1002,False,6,5,[-5.29063155  2.54852044  4.        ],cruising,[ 0.5677905  -0.59831228 -0.99408226]
155.22729063034058,1003,False,0,3,[8.45743155 1.41545095 3.99952776],cruising,[ 0.63925976  0.24903542 -0.34837281]
155.22729063034058,1004,False,3,6,[-1.08587065  6.97047504  4.00000039],cruising,[-0.62185191  0.08809385  0.93462812]
155.22729063034058,1005,False,2,4,[-7.44973547 -1.12261778  1.56169979],queued,[ 0.50568378 -0.03156594 -0.11489306]
155.32437252998352,1000,False,1,0,[5.47315596 1.62380377 2.69113286],entering,[-0.82138112 -0.19970136 -0.21083176]
155.32437252998352,1001,False,4,1,[ 8.12075164 -7.48223082  1.5454203 ],queued,[-0.48080528  0.59740651 -0.20557775]
155.32437252998352,1002,False,6,5,[-5.40254868  2.71427494  4.        ],cruising,[ 0.5677905  -0.59831228 -0.99408226]
155.32437252998352,1003,False,0,3,[8.47032165 1.21586677 3.9995986 ],cruising,[ 0.63925976  0.24903542 -0.34837281]
155.32437252998352,1004,False,3,6,[-0.90764258  6.87972948  4.00000033],cruising,[-0.62185191  0.08809385  0.93462812]
155.32437252998352,1005,False,2,4,[-7.44973547 -1.12261778  1.63669979],queued,[ 0.50568378 -0.03156594 -0.11489306]
155.4255678653717,1000,False,1,0,[5.51253721 1.61679546 2.76613286],entering,[-0.82138112 -0.19970136 -0.21083176]
155.4255678653717,1001,False,4,1,[ 8.12075164 -7.48223082  1.6204203 ],queued,[-0.48080528  0.59740651 -0.20557775]
155.4255678653717,1002,False,6,5,[-5.51259281  2.8812788   4.        ],cruising,[ 0.5677905  -0.59831228 -0.99408226]
155.4255678653717,1003,False,0,3,[8.47895075 1.01605301 3.99965881],cruising,[ 0.63925976  0.24903542 -0.34837281]
155.4255678653717,1004,False,3,6,[-0.73155576  6.78489578  4.00000028],cruising,[-0.62185191  0.08809385  0.93462812]
155.4255678653717,1005,False,2,4,[-7.44973547 -1.12261778  1.71169979],queued,[ 0.50568378 -0.03156594 -0.11489306]
155.52360820770264,1000,False,1,0,[5.57159352 1.60619664 2.84113286],entering,[-0.82138112 -0.19970136 -0.21083176]
155.52360820770264,1001,False,4,1,[ 8.12075164 -7.48223082  1.6954203 ],queued,[-0.48080528  0.59740651 -0.20557775]
155.52360820770264,1002,False,6,5,[-5.62154639  3.04899617  4.        ],cruising,[ 0.5677905  -0.59831228 -0.99408226]
155.52360820770264,1003,False,0,3,[8.48599461 0.81617709 3.99970999],cruising,[ 0.63925976  0.24903542 -0.34837281]
155.52360820770264,1004,False,3,6,[-0.55850612  6.68462703  4.00000024],cruising,[-0.62185191  0.08809385  0.93462812]
155.52360820770264,1005,False,2,4,[-7.44973547 -1.12261778  1.78669979],queued,[ 0.50568378 -0.03156594 -0.11489306]
155.62777996063232,1000,False,1,0,[5.65025088 1.59162304 2.91613286],entering,[-0.82138112 -0.19970136 -0.21083176]
155.62777996063232,1001,False,4,1,[ 8.12075164 -7.48223082  1.7704203 ],queued,[-0.48080528  0.59740651 -0.20557775]
155.62777996063232,1002,False,6,5,[-5.72778947  3.21844354  4.        ],cruising,[ 0.5677905  -0.59831228 -0.99408226]
155.62777996063232,1003,False,0,3,[8.49127406 0.61624678 3.99975349],cruising,[ 0.63925976  0.24903542 -0.34837281]
155.62777996063232,1004,False,3,6,[-0.38766777  6.58063541  4.0000002 ],cruising,[-0.62185191  0.08809385  0.93462812]
155.62777996063232,1005,False,2,4,[-7.44973547 -1.12261778  1.86169979],queued,[ 0.50568378 -0.03156594 -0.11489306]
155.73192405700684,1000,False,1,0,[5.74842808 1.5726933  2.99113286],entering,[-0.82138112 -0.19970136 -0.21083176]
155.73192405700684,1001,False,4,1,[ 8.12075164 -7.48223082  1.8454203 ],queued,[-0.48080528  0.59740651 -0.20557775]
155.73192405700684,1002,False,6,5,[-5.83085489  3.38984225  4.        ],cruising,[ 0.5677905  -0.59831228 -0.99408226]
155.73192405700684,1003,False,0,3,[8.492536   0.41625076 3.99979046],cruising,[ 0.63925976  0.24903542 -0.34837281]
155.73192405700684,1004,False,3,6,[-0.2177391   6.47516385  4.00000017],cruising,[-0.62185191  0.08809385  0.93462812]
155.73192405700684,1005,False,2,4,[-7.44973547 -1.12261778  1.93669979],queued,[ 0.50568378 -0.03156594 -0.11489306]
155.82951283454895,1000,False,1,0,[5.86598387 1.54881682 3.06613286],entering,[-0.82138112 -0.19970136 -0.21083176]
155.82951283454895,1001,False,4,1,[ 8.12075164 -7.48223082  1.9204203 ],queued,[-0.48080528  0.59740651 -0.20557775]
155.82951283454895,1002,False,6,5,[-5.9301753   3.56343792  4.        ],cruising,[ 0.5677905  -0.59831228 -0.99408226]
155.82951283454895,1003,False,0,3,[8.49218229 0.21625107 3.99982189],cruising,[ 0.63925976  0.24903542 -0.34837281]
155.82951283454895,1004,False,3,6,[-0.04886683  6.36800903  4.00000015],cruising,[-0.62185191  0.08809385  0.93462812]
155.82951283454895,1005,False,2,4,[-7.44973547 -1.12261778  2.01169979],queued,[ 0.50568378 -0.03156594 -0.11489306]
155.92470455169678,1000,False,1,0,[6.00273235 1.51931534 3.14113286],entering,[-0.82138112 -0.19970136 -0.21083176]
155.92470455169678,1001,False,4,1,[ 8.12075164 -7.48223082  1.9954203 ],queued,[-0.48080528  0.59740651 -0.20557775]
155.92470455169678,1002,False,6,5,[-6.02505114  3.73950204  4.        ],cruising,[ 0.5677905  -0.59831228 -0.99408226]
155.92470455169678,1003,False,0,3,[8.49005425 0.0162624  3.99984861],cruising,[ 0.63925976  0.24903542 -0.34837281]
155.92470455169678,1004,False,3,6,[0.11982499 6.26057036 4.00000012],cruising,[-0.62185191  0.08809385  0.93462812]
155.92470455169678,1005,False,2,4,[-7.44973547 -1.12261778  2.08669979],queued,[ 0.50568378 -0.03156594 -0.11489306]
156.03176021575928,1000,False,1,0,[6.15799779 1.48225595 3.21613286],entering,[-0.82138112 -0.19970136 -0.21083176]
156.03176021575928,1001,False,4,1,[ 8.12075164 -7.48223082  2.0704203 ],queued,[-0.48080528  0.59740651 -0.20557775]
156.03176021575928,1002,False,6,5,[-6.11460818  3.91833027  4.        ],cruising,[ 0.5677905  -0.59831228 -0.99408226]
156.03176021575928,1003,False,0,3,[ 8.48602602 -0.18369703  3.99987132],cruising,[ 0.63925976  0.24903542 -0.34837281]
156.03176021575928,1004,False,3,6,[0.28860133 6.15326449 4.00000011],cruising,[-0.62185191  0.08809385  0.93462812]
156.03176021575928,1005,False,2,4,[-7.44973547 -1.12261778  2.16169979],entering,[ 0.50568378 -0.03156594 -0.11489306]
156.12331914901733,1000,False,1,0,[6.33085934 1.43568986 3.29113286],entering,[-0.82138112 -0.19970136 -0.21083176]
156.12331914901733,1001,False,4,1,[ 8.12075164 -7.48223082  2.1454203 ],queued,[-0.48080528  0.59740651 -0.20557775]
156.12331914901733,1002,False,6,5,[-6.19774042  4.10023418  4.        ],cruising,[ 0.5677905  -0.59831228 -0.99408226]
156.12331914901733,1003,False,0,3,[ 8.47792064 -0.38353272  3.99989062],cruising,[ 0.63925976  0.24903542 -0.34837281]
156.12331914901733,1004,False,3,6,[0.45788245 6.04675673 4.00000009],cruising,[-0.62185191  0.08809385  0.93462812]
156.12331914901733,1005,False,2,4,[-7.43665475 -1.10748851  2.23669979],entering,[ 0.50568378 -0.03156594 -0.11489306]
156.23151564598083,1000,False,1,0,[6.51720917 1.37435671 3.36613286],entering,[-0.82138112 -0.19970136 -0.21083176]
156.23151564598083,1001,False,4,1,[ 8.12075164 -7.48223082  2.2204203 ],queued,[-0.48080528  0.59740651 -0.20557775]
156.23151564598083,1002,False,6,5,[-6.26882382  4.28717574  4.        ],cruising,[ 0.5677905  -0.59831228 -0.99408226]
156.23151564598083,1003,False,0,3,[ 8.46806724 -0.58328985  3.99990703],cruising,[ 0.63925976  0.24903542 -0.34837281]
156.23151564598083,1004,False,3,6,[0.6279314  5.94147922 4.00000008],cruising,[-0.62185191  0.08809385  0.93462812]
156.23151564598083,1005,False,2,4,[-7.41050822 -1.0772171   2.31169979],entering,[ 0.50568378 -0.03156594 -0.11489306]
156.3206341266632,1000,False,1,0,[6.70414991 1.30327112 3.44113286],entering,[-0.82138112 -0.19970136 -0.21083176]
156.3206341266632,1001,False,4,1,[ 8.12075164 -7.48223082  2.2954203 ],queued,[-0.48080528  0.59740651 -0.20557775]
156.3206341266632,1002,False,6,5,[-6.33008561  4.47756218  4.        ],exiting,[ 0.5677905  -0.59831228 -0.99408226]
156.3206341266632,1003,False,0,3,[ 8.45630919 -0.78294392  3.99992097],cruising,[ 0.63925976  0.24903542 -0.34837281]
156.3206341266632,1004,False,3,6,[0.79951579 5.83872321 4.00000007],cruising,[-0.62185191  0.08809385  0.93462812]
156.3206341266632,1005,False,2,4,[-7.37132889 -1.03177512  2.38669979],entering,[ 0.50568378 -0.03156594 -0.11489306]
156.43277668952942,1000,False,1,0,[6.88709144 1.2224479  3.51613286],entering,[-0.82138112 -0.19970136 -0.21083176]
156.43277668952942,1001,False,4,1,[ 8.12075164 -7.48223082  2.3704203 ],queued,[-0.48080528  0.59740651 -0.20557775]
156.43277668952942,1002,False,6,5,[-6.39097249  4.64795212  4.        ],exiting,[ 0.5677905  -0.59831228 -0.99408226]
156.43277668952942,1003,False,0,3,[ 8.44043572 -0.98231301  3.99993283],cruising,[ 0.63925976  0.24903542 -0.34837281]
156.43277668952942,1004,False,3,6,[0.97244695 5.73825027 4.00000006],cruising,[-0.62185191  0.08809385  0.93462812]
156.43277668952942,1005,False,2,4,[-7.31917979 -0.97110864  2.46169979],entering,[ 0.50568378 -0.03156594 -0.11489306]
156.52095580101013,1000,False,1,0,[7.06503672 1.13114904 3.58871293],entering,[-0.82138112 -0.19970136 -0.21083176]
156.52095580101013,1001,False,4,1,[ 8.12075164 -7.48223082  2.4454203 ],entering,[-0.48080528  0.59740651 -0.20557775]
156.52095580101013,1002,False,6,5,[-6.45170508  4.79834266  4.        ],exiting,[ 0.5677905  -0.59831228 -0.99408226]
156.52095580101013,1003,False,0,3,[ 8.42270467 -1.18152549  3.9999429 ],cruising,[ 0.63925976  0.24903542 -0.34837281]
156.52095580101013,1004,False,3,6,[1.14774541 5.6419671  4.00000005],cruising,[-0.62185191  0.08809385  0.93462812]
156.52095580101013,1005,False,2,4,[-7.2541845  -0.89511327  2.53669979],entering,[ 0.50568378 -0.03156594 -0.11489306]
156.63524675369263,1000,False,1,0,[7.23675067 1.02860969 3.65040599],entering,[-0.82138112 -0.19970136 -0.21083176]
156.63524675369263,1001,False,4,1,[ 8.10926153 -7.4658608   2.5204203 ],entering,[-0.48080528  0.59740651 -0.20557775]
156.63524675369263,1002,False,6,5,[-6.51259392  4.92873382  4.        ],exiting,[ 0.5677905  -0.59831228 -0.99408226]
156.63524675369263,1003,False,0,3,[ 8.40292321 -1.38054482  3.99995147],cruising,[ 0.63925976  0.24903542 -0.34837281]
156.63524675369263,1004,False,3,6,[1.32484124 5.54903127 4.00000004],cruising,[-0.62185191  0.08809385  0.93462812]
156.63524675369263,1005,False,2,4,[-7.17666067 -0.80352829  2.61169979],entering,[ 0.50568378 -0.03156594 -0.11489306]
156.72482085227966,1000,False,1,0,[7.40073336 0.9141122  3.70284509],entering,[-0.82138112 -0.19970136 -0.21083176]
156.72482085227966,1001,False,4,1,[ 8.0862813  -7.43312078  2.5954203 ],entering,[-0.48080528  0.59740651 -0.20557775]
156.72482085227966,1002,False,6,5,[-6.57396869  5.03913087  4.        ],exiting,[ 0.5677905  -0.59831228 -0.99408226]
156.72482085227966,1003,False,0,3,[ 8.3809153  -1.57933026  3.99995875],cruising,[ 0.63925976  0.24903542 -0.34837281]
156.72482085227966,1004,False,3,6,[1.50394996 5.46003652 4.00000003],cruising,[-0.62185191  0.08809385  0.93462812]
156.72482085227966,1005,False,2,4,[-7.08693247 -0.69609864  2.68669979],entering,[ 0.50568378 -0.03156594 -0.11489306]
156.83621859550476,1000,False,1,0,[7.5565772  0.7887619  3.74741833],entering,[-0.82138112 -0.19970136 -0.21083176]
156.83621859550476,1001,False,4,1,[ 8.05181097 -7.38401074  2.6704203 ],entering,[-0.48080528  0.59740651 -0.20557775]
156.83621859550476,1002,False,6,5,[-6.63614063  5.12954382  4.        ],exiting,[ 0.5677905  -0.59831228 -0.99408226]
156.83621859550476,1003,False,0,3,[ 8.35412209 -1.77752744  3.99996494],cruising,[ 0.63925976  0.24903542 -0.34837281]
156.83621859550476,1004,False,3,6,[1.68629189 5.3778695  4.00000003],cruising,[-0.62185191  0.08809385  0.93462812]
156.83621859550476,1005,False,2,4,[-6.98554887 -0.57241625  2.76169979],entering,[ 0.50568378 -0.03156594 -0.11489306]
156.92428398132324,1000,False,1,0,[7.70098566 0.65039212 3.78530558],entering,[-0.82138112 -0.19970136 -0.21083176]
156.92428398132324,1001,False,4,1,[ 8.00585052 -7.31853069  2.7454203 ],entering,[-0.48080528  0.59740651 -0.20557775]
156.92428398132324,1002,False,6,5,[-6.69902381  5.20729795  4.        ],exiting,[ 0.5677905  -0.59831228 -0.99408226]
156.92428398132324,1003,False,0,3,[ 8.32507115 -1.9754063   3.9999702 ],cruising,[ 0.63925976  0.24903542 -0.34837281]
156.92428398132324,1004,False,3,6,[1.87082876 5.30075824 4.00000002],cruising,[-0.62185191  0.08809385  0.93462812]
156.92428398132324,1005,False,2,4,[-6.87368521 -0.43169954  2.83669979],entering,[ 0.50568378 -0.03156594 -0.11489306]
157.02183604240417,1000,False,1,0,[7.83196812 0.49925114 3.81750974],entering,[-0.82138112 -0.19970136 -0.21083176]
157.02183604240417,1001,False,4,1,[ 7.94839996 -7.23668062  2.8204203 ],entering,[-0.48080528  0.59740651 -0.20557775]
157.02183604240417,1002,False,6,5,[-6.761907    5.28505208  4.        ],exiting,[ 0.5677905  -0.59831228 -0.99408226]
157.02183604240417,1003,False,0,3,[ 8.29350896 -2.17290017  3.99997467],cruising,[ 0.63925976  0.24903542 -0.34837281]
157.02183604240417,1004,False,3,6,[2.05766754 5.2294051  4.00000002],cruising,[-0.62185191  0.08809385  0.93462812]
157.02183604240417,1005,False,2,4,[-6.75399268 -0.27257878  2.91169979],entering,[ 0.50568378 -0.03156594 -0.11489306]
157.12094807624817,1000,False,1,0,[7.94780702 0.33621326 3.84488328],entering,[-0.82138112 -0.19970136 -0.21083176]
157.12094807624817,1001,False,4,1,[ 7.87945928 -7.13846054  2.8954203 ],entering,[-0.48080528  0.59740651 -0.20557775]
157.12094807624817,1002,False,6,5,[-6.82479018  5.36280621  4.        ],exiting,[ 0.5677905  -0.59831228 -0.99408226]
157.12094807624817,1003,False,0,3,[ 8.25638683 -2.36942484  3.99997847],cruising,[ 0.63925976  0.24903542 -0.34837281]
157.12094807624817,1004,False,3,6,[2.2482647  5.16880212 4.00000002],cruising,[-0.62185191  0.08809385  0.93462812]
157.12094807624817,1005,False,2,4,[-6.6372065  -0.1102181   2.98669979],entering,[ 0.50568378 -0.03156594 -0.11489306]
157.22090983390808,1000,False,1,0,[8.04738266 0.16276387 3.86815079],cruising,[-0.82138112 -0.19970136 -0.21083176]
157.22090983390808,1001,False,4,1,[ 7.79910859 -7.02381453  2.9704203 ],entering,[-0.48080528  0.59740651 -0.20557775]
157.22090983390808,1002,False,6,5,[-6.88767337  5.44056035  4.        ],exiting,[ 0.5677905  -0.59831228 -0.99408226]
157.22090983390808,1003,False,0,3,[ 8.21654901 -2.56541706  3.9999817 ],cruising,[ 0.63925976  0.24903542 -0.34837281]
157.22090983390808,1004,False,3,6,[2.44180805 5.11839406 4.00000002],cruising,[-0.62185191  0.08809385  0.93462812]
157.22090983390808,1005,False,2,4,[-6.52395238  0.05462577  3.06169979],entering,[ 0.50568378 -0.03156594 -0.11489306]
157.33265852928162,1000,False,1,0,[ 8.12937275 -0.01960848  3.88808217],cruising,[-0.82138112 -0.19970136 -0.21083176]
157.33265852928162,1001,False,4,1,[ 7.70654539 -6.89333012  3.0454203 ],entering,[-0.48080528  0.59740651 -0.20557775]
157.33265852928162,1002,False,6,5,[-6.95055656  5.51831448  4.        ],exiting,[ 0.5677905  -0.59831228 -0.99408226]
157.33265852928162,1003,False,0,3,[ 8.17046319 -2.76003488  3.99998444],cruising,[ 0.63925976  0.24903542 -0.34837281]
157.33265852928162,1004,False,3,6,[2.6374239  5.07674744 4.00000001],cruising,[-0.62185191  0.08809385  0.93462812]
157.33265852928162,1005,False,2,4,[-6.41484574  0.22224361  3.13669979],entering,[ 0.50568378 -0.03156594 -0.11489306]
157.43322587013245,1000,False,1,0,[ 8.19462887 -0.20866308  3.90486984],cruising,[-0.82138112 -0.19970136 -0.21083176]
157.43322587013245,1001,False,4,1,[ 7.60108171 -6.74756247  3.1204203 ],entering,[-0.48080528  0.59740651 -0.20557775]
157.43322587013245,1002,False,6,5,[-7.01343974  5.59606861  4.        ],exiting,[ 0.5677905  -0.59831228 -0.99408226]
157.43322587013245,1003,False,0,3,[ 8.12121007 -2.95387536  3.99998678],cruising,[ 0.63925976  0.24903542 -0.34837281]
157.43322587013245,1004,False,3,6,[2.8344652  5.04247321 4.00000001],cruising,[-0.62185191  0.08809385  0.93462812]
157.43322587013245,1005,False,2,4,[-6.31042474  0.39281986  3.21169979],entering,[ 0.50568378 -0.03156594 -0.11489306]
157.5208239555359,1000,False,1,0,[ 8.24533925 -0.40212743  3.91913937],cruising,[-0.82138112 -0.19970136 -0.21083176]
157.5208239555359,1001,False,4,1,[ 7.48263631 -6.58658051  3.1954203 ],entering,[-0.48080528  0.59740651 -0.20557775]
157.5208239555359,1002,False,6,5,[-7.07632293  5.67382274  4.        ],exiting,[ 0.5677905  -0.59831228 -0.99408226]
157.5208239555359,1003,False,0,3,[ 8.06451149 -3.14567022  3.99998876],cruising,[ 0.63925976  0.24903542 -0.34837281]
157.5208239555359,1004,False,3,6,[3.03246779 5.01427787 4.00000001],cruising,[-0.62185191  0.08809385  0.93462812]
157.5208239555359,1005,False,2,4,[-6.21139187  0.56657972  3.28669979],entering,[ 0.50568378 -0.03156594 -0.11489306]
157.6280026435852,1000,False,1,0,[ 8.28306605 -0.59853693  3.93126846],cruising,[-0.82138112 -0.19970136 -0.21083176]
157.6280026435852,1001,False,4,1,[ 7.36368335 -6.42580056  3.2704203 ],entering,[-0.48080528  0.59740651 -0.20557775]
157.6280026435852,1002,False,6,5,[-7.13920612  5.75157687  4.        ],exiting,[ 0.5677905  -0.59831228 -0.99408226]
157.6280026435852,1003,False,0,3,[ 8.00390829 -3.33626732  3.99999045],cruising,[ 0.63925976  0.24903542 -0.34837281]
157.6280026435852,1004,False,3,6,[3.23110685 4.9909858  4.00000001],cruising,[-0.62185191  0.08809385  0.93462812]
157.6280026435852,1005,False,2,4,[-6.11857899  0.74374002  3.36169979],entering,[ 0.50568378 -0.03156594 -0.11489306]
157.7290699481964,1000,False,1,0,[ 8.30944879 -0.79678917  3.94157819],cruising,[-0.82138112 -0.19970136 -0.21083176]
157.7290699481964,1001,False,4,1,[ 7.24112676 -6.2677503   3.3454203 ],entering,[-0.48080528  0.59740651 -0.20557775]
157.7290699481964,1002,False,6,5,[-7.2020893  5.829331   4.       ],exiting,[ 0.5677905  -0.59831228 -0.99408226]
157.7290699481964,1003,False,0,3,[ 7.93395804 -3.52363584  3.99999188],cruising,[ 0.63925976  0.24903542 -0.34837281]
157.7290699481964,1004,False,3,6,[3.43015957 4.97154312 4.00000001],cruising,[-0.62185191  0.08809385  0.93462812]
157.7290699481964,1005,False,2,4,[-6.03295404  0.92448394  3.43669979],entering,[ 0.50568378 -0.03156594 -0.11489306]
157.82046484947205,1000,False,1,0,[ 8.32390323 -0.99626616  3.95034146],cruising,[-0.82138112 -0.19970136 -0.21083176]
157.82046484947205,1001,False,4,1,[ 7.11953797 -6.10895432  3.4204203 ],entering,[-0.48080528  0.59740651 -0.20557775]
157.82046484947205,1002,False,6,5,[-7.26497249  5.90708513  4.        ],exiting,[ 0.5677905  -0.59831228 -0.99408226]
157.82046484947205,1003,False,0,3,[ 7.85359236 -3.70677883  3.9999931 ],cruising,[ 0.63925976  0.24903542 -0.34837281]
157.82046484947205,1004,False,3,6,[3.62947508 4.95501053 4.00000001],cruising,[-0.62185191  0.08809385  0.93462812]
157.82046484947205,1005,False,2,4,[-5.95567165  1.10894921  3.51169979],entering,[ 0.50568378 -0.03156594 -0.11489306]
157.9276361465454,1000,False,1,0,[ 8.33020191 -1.19616695  3.95779024],cruising,[-0.82138112 -0.19970136 -0.21083176]
157.9276361465454,1001,False,4,1,[ 6.99250402 -5.9544798   3.4954203 ],entering,[-0.48080528  0.59740651 -0.20557775]
157.9276361465454,1002,False,6,5,[-7.32785567  5.98483926  4.        ],exiting,[ 0.5677905  -0.59831228 -0.99408226]
157.9276361465454,1003,False,0,3,[ 7.7612463  -3.88418291  3.99999413],cruising,[ 0.63925976  0.24903542 -0.34837281]
157.9276361465454,1004,False,3,6,[3.82895164 4.94055022 4.        ],cruising,[-0.62185191  0.08809385  0.93462812]
157.9276361465454,1005,False,2,4,[-5.88807903  1.29718108  3.58494482],entering,[ 0.50568378 -0.03156594 -0.11489306]
158.02621388435364,1000,False,1,0,[ 8.32940093 -1.39616534  3.96412171],cruising,[-0.82138112 -0.19970136 -0.21083176]
158.02621388435364,1001,False,4,1,[ 6.86428545 -5.80098714  3.5704203 ],entering,[-0.48080528  0.59740651 -0.20557775]
158.02621388435364,1002,False,6,5,[-7.39073886  6.06259339  4.        ],exiting,[ 0.5677905  -0.59831228 -0.99408226]
158.02621388435364,1003,False,0,3,[ 7.6547991  -4.05350211  3.99999501],cruising,[ 0.63925976  0.24903542 -0.34837281]
158.02621388435364,1004,False,3,6,[4.02851952 4.92741004 4.        ],cruising,[-0.62185191  0.08809385  0.93462812]
158.02621388435364,1005,False,2,4,[-5.83169144  1.48906761  3.6472031 ],entering,[ 0.50568378 -0.03156594 -0.11489306]
158.13438773155212,1000,False,1,0,[ 8.32006823 -1.59594748  3.96950345],cruising,[-0.82138112 -0.19970136 -0.21083176]
158.13438773155212,1001,False,4,1,[ 6.73443809 -5.64886987  3.63485726],entering,[-0.48080528  0.59740651 -0.20557775]
158.13438773155212,1002,False,6,5,[-7.45362205  6.14034752  4.        ],exiting,[ 0.5677905  -0.59831228 -0.99408226]
158.13438773155212,1003,False,0,3,[ 7.53198708 -4.2113238   3.99999576],cruising,[ 0.63925976  0.24903542 -0.34837281]
158.13438773155212,1004,False,3,6,[4.22810304 4.91450973 4.        ],cruising,[-0.62185191  0.08809385  0.93462812]
158.13438773155212,1005,False,2,4,[-5.78811355  1.6842623   3.70012263],entering,[ 0.50568378 -0.03156594 -0.11489306]
158.22943711280823,1000,False,1,0,[ 8.30543407 -1.79541136  3.97407793],cruising,[-0.82138112 -0.19970136 -0.21083176]
158.22943711280823,1001,False,4,1,[ 6.59766374 -5.50294942  3.68962867],entering,[-0.48080528  0.59740651 -0.20557775]
158.22943711280823,1002,False,6,5,[-7.51650523  6.21810166  4.        ],exiting,[ 0.5677905  -0.59831228 -0.99408226]
158.22943711280823,1003,False,0,3,[ 7.39424101 -4.35584233  3.99999643],cruising,[ 0.63925976  0.24903542 -0.34837281]
158.22943711280823,1004,False,3,6,[4.42771303 4.90202579 4.        ],cruising,[-0.62185191  0.08809385  0.93462812]
158.22943711280823,1005,False,2,4,[-5.75888223  1.88211459  3.74510424],entering,[ 0.50568378 -0.03156594 -0.11489306]
158.33198475837708,1000,False,1,0,[ 8.28591586 -1.99445668  3.97796624],cruising,[-0.82138112 -0.19970136 -0.21083176]
158.33198475837708,1001,False,4,1,[ 6.45615254 -5.36161797  3.73618437],entering,[-0.48080528  0.59740651 -0.20557775]
158.33198475837708,1002,False,6,5,[-7.57938842  6.29585579  4.        ],exiting,[ 0.5677905  -0.59831228 -0.99408226]
158.33198475837708,1003,False,0,3,[ 7.24400965 -4.48473659  3.99999705],cruising,[ 0.63925976  0.24903542 -0.34837281]
158.33198475837708,1004,False,3,6,[4.62730501 4.88925697 4.        ],cruising,[-0.62185191  0.08809385  0.93462812]
158.33198475837708,1005,False,2,4,[-5.74522521  2.08164776  3.7833386 ],entering,[ 0.50568378 -0.03156594 -0.11489306]
158.42856550216675,1000,False,1,0,[ 8.25918621 -2.19266245  3.98127131],cruising,[-0.82138112 -0.19970136 -0.21083176]
158.42856550216675,1001,False,4,1,[ 6.31228034 -5.22269068  3.77575671],entering,[-0.48080528  0.59740651 -0.20557775]
158.42856550216675,1002,False,6,5,[-7.6422716   6.37360992  4.        ],exiting,[ 0.5677905  -0.59831228 -0.99408226]
158.42856550216675,1003,False,0,3,[ 7.08320947 -4.59665146  3.99999762],cruising,[ 0.63925976  0.24903542 -0.34837281]
158.42856550216675,1004,False,3,6,[4.82683472 4.87554948 4.        ],cruising,[-0.62185191  0.08809385  0.93462812]
158.42856550216675,1005,False,2,4,[-5.74692365  2.28164055  3.81583781],entering,[ 0.50568378 -0.03156594 -0.11489306]
158.5237717628479,1000,False,1,0,[ 8.22833306 -2.39026833  3.98408061],cruising,[-0.82138112 -0.19970136 -0.21083176]
158.5237717628479,1001,False,4,1,[ 6.16150747 -5.09128466  3.80939321],entering,[-0.48080528  0.59740651 -0.20557775]
158.5237717628479,1002,False,6,5,[-7.70515479  6.45136405  4.        ],exiting,[ 0.5677905  -0.59831228 -0.99408226]
158.5237717628479,1003,False,0,3,[ 6.9138998  -4.69046692  3.99999815],cruising,[ 0.63925976  0.24903542 -0.34837281]
158.5237717628479,1004,False,3,6,[5.02625066 4.86027589 4.        ],cruising,[-0.62185191  0.08809385  0.93462812]
158.5237717628479,1005,False,2,4,[-5.76462917  2.48085529  3.84346214],cruising,[ 0.50568378 -0.03156594 -0.11489306]
158.6212933063507,1000,False,1,0,[ 8.19335746 -2.58718635  3.98646852],cruising,[-0.82138112 -0.19970136 -0.21083176]
158.6212933063507,1001,False,4,1,[ 6.00371889 -4.96839136  3.83798423],cruising,[-0.48080528  0.59740651 -0.20557775]
158.6212933063507,1002,False,6,5,[-7.76803798  6.52911818  4.        ],exiting,[ 0.5677905  -0.59831228 -0.99408226]
158.6212933063507,1003,False,0,3,[ 6.73822991 -4.76532064  3.99999863],cruising,[ 0.63925976  0.24903542 -0.34837281]
158.6212933063507,1004,False,3,6,[5.22557797 4.84388613 4.        ],cruising,[-0.62185191  0.08809385  0.93462812]
158.6212933063507,1005,False,2,4,[-5.79614964  2.67835583  3.86694282],cruising,[ 0.50568378 -0.03156594 -0.11489306]
158.72335982322693,1000,False,1,0,[ 8.15092036 -2.78263223  3.98849824],cruising,[-0.82138112 -0.19970136 -0.21083176]
158.72335982322693,1001,False,4,1,[ 5.84219464 -4.85045105  3.86228659],cruising,[-0.48080528  0.59740651 -0.20557775]
158.72335982322693,1002,False,6,5,[-7.83092116  6.60687231  4.        ],exiting,[ 0.5677905  -0.59831228 -0.99408226]
158.72335982322693,1003,False,0,3,[ 6.55838665 -4.82061463  3.99999907],cruising,[ 0.63925976  0.24903542 -0.34837281]
158.72335982322693,1004,False,3,6,[5.42466252 4.82477226 4.        ],cruising,[-0.62185191  0.08809385  0.93462812]
158.72335982322693,1005,False,2,4,[-5.84091441  2.87328175  3.8869014 ],cruising,[ 0.50568378 -0.03156594 -0.11489306]
158.8331263065338,1000,False,1,0,[ 8.10444648 -2.97715775  3.99022351],cruising,[-0.82138112 -0.19970136 -0.21083176]
158.8331263065338,1001,False,4,1,[ 5.67429564 -4.74177758  3.8829436 ],cruising,[-0.48080528  0.59740651 -0.20557775]
158.8331263065338,1002,False,6,5,[-7.89380435  6.68462644  4.        ],exiting,[ 0.5677905  -0.59831228 -0.99408226]
158.8331263065338,1003,False,0,3,[ 6.37657685 -4.85600553  3.99999945],cruising,[ 0.63925976  0.24903542 -0.34837281]
158.8331263065338,1004,False,3,6,[5.62339158 4.8022609  4.        ],exiting,[-0.62185191  0.08809385  0.93462812]
158.8331263065338,1005,False,2,4,[-5.8952356   3.06576346  3.90386619],cruising,[ 0.50568378 -0.03156594 -0.11489306]
158.92224097251892,1000,False,1,0,[ 8.04971964 -3.16952452  3.99168998],cruising,[-0.82138112 -0.19970136 -0.21083176]
158.92224097251892,1001,False,4,1,[ 5.50313976 -4.63830939  3.90050206],cruising,[-0.48080528  0.59740651 -0.20557775]
158.92224097251892,1002,False,6,5,[-7.95668754  6.76238057  4.        ],exiting,[ 0.5677905  -0.59831228 -0.99408226]
158.92224097251892,1003,False,0,3,[ 6.19422562 -4.87140377  3.99999978],cruising,[ 0.63925976  0.24903542 -0.34837281]
158.92224097251892,1004,False,3,6,[5.80600498 4.79159376 4.        ],exiting,[-0.62185191  0.08809385  0.93462812]
158.92224097251892,1005,False,2,4,[-5.95667509  3.25609262  3.91828626],cruising,[ 0.50568378 -0.03156594 -0.11489306]
159.02998685836792,1000,False,1,0,[ 7.98630732 -3.35920551  3.99293648],cruising,[-0.82138112 -0.19970136 -0.21083176]
159.02998685836792,1001,False,4,1,[ 5.32752072 -4.54261219  3.91542675],cruising,[-0.48080528  0.59740651 -0.20557775]
159.02998685836792,1002,False,6,5,[-8.01957072  6.8401347   4.        ],exiting,[ 0.5677905  -0.59831228 -0.99408226]
159.02998685836792,1003,False,0,3,[ 6.0127575  -4.86682151  4.00000006],cruising,[ 0.63925976  0.24903542 -0.34837281]
159.02998685836792,1004,False,3,6,[5.97248368 4.79274488 4.        ],exiting,[-0.62185191  0.08809385  0.93462812]
159.02998685836792,1005,False,2,4,[-6.02284206  3.44483035  3.93054332],cruising,[ 0.50568378 -0.03156594 -0.11489306]
159.1353943347931,1000,False,1,0,[ 7.91810411 -3.547217    3.99399601],cruising,[-0.82138112 -0.19970136 -0.21083176]
159.1353943347931,1001,False,4,1,[ 5.14991466 -4.45065521  3.92811274],cruising,[-0.48080528  0.59740651 -0.20557775]
159.1353943347931,1002,False,6,5,[-8.08245391  6.91788884  4.        ],exiting,[ 0.5677905  -0.59831228 -0.99408226]
159.1353943347931,1003,False,0,3,[ 5.83335522 -4.84234624  4.00000027],cruising,[ 0.63925976  0.24903542 -0.34837281]
159.1353943347931,1004,False,3,6,[6.12280226 4.8056795  4.        ],exiting,[-0.62185191  0.08809385  0.93462812]
159.1353943347931,1005,False,2,4,[-6.09146039  3.63269074  3.94096182],cruising,[ 0.50568378 -0.03156594 -0.11489306]
159.22145223617554,1000,False,1,0,[ 7.83879702 -3.73082089  3.99489661],cruising,[-0.82138112 -0.19970136 -0.21083176]
159.22145223617554,1001,False,4,1,[ 4.96958311 -4.36416513  3.93889583],cruising,[-0.48080528  0.59740651 -0.20557775]
159.22145223617554,1002,False,6,5,[-8.14533709  6.99564297  4.        ],exiting,[ 0.5677905  -0.59831228 -0.99408226]
159.22145223617554,1003,False,0,3,[ 5.65654502 -4.79803964  4.00000043],cruising,[ 0.63925976  0.24903542 -0.34837281]
159.22145223617554,1004,False,3,6,[6.25692673 4.83035083 4.        ],exiting,[-0.62185191  0.08809385  0.93462812]
159.22145223617554,1005,False,2,4,[-6.1603533   3.8204506   3.94981755],cruising,[ 0.50568378 -0.03156594 -0.11489306]
159.3276605606079,1000,False,1,0,[ 7.74692034 -3.9084685   3.99566212],cruising,[-0.82138112 -0.19970136 -0.21083176]
159.3276605606079,1001,False,4,1,[ 4.78825935 -4.279775    3.94806145],cruising,[-0.48080528  0.59740651 -0.20557775]
159.3276605606079,1002,False,6,5,[-8.20822028  7.0733971   4.        ],exiting,[ 0.5677905  -0.59831228 -0.99408226]
159.3276605606079,1003,False,0,3,[ 5.48305138 -4.73400995  4.00000052],cruising,[ 0.63925976  0.24903542 -0.34837281]
159.3276605606079,1004,False,3,6,[6.37480869 4.86669183 4.        ],exiting,[-0.62185191  0.08809385  0.93462812]
159.3276605606079,1005,False,2,4,[-6.22737286  4.00888727  3.95734492],cruising,[ 0.50568378 -0.03156594 -0.11489306]
159.42430806159973,1000,False,1,0,[ 7.64042868 -4.07775974  3.9963128 ],cruising,[-0.82138112 -0.19970136 -0.21083176]
159.42430806159973,1001,False,4,1,[ 4.60606313 -4.19728539  3.95585224],cruising,[-0.48080528  0.59740651 -0.20557775]
159.42430806159973,1002,False,6,5,[-8.27110347  7.15115123  4.        ],exiting,[ 0.5677905  -0.59831228 -0.99408226]
159.42430806159973,1003,False,0,3,[ 5.31265955 -4.65022226  4.00000054],cruising,[ 0.63925976  0.24903542 -0.34837281]
159.42430806159973,1004,False,3,6,[6.4763858  4.91461522 4.        ],exiting,[-0.62185191  0.08809385  0.93462812]
159.42430806159973,1005,False,2,4,[-6.29029359  4.1987319   3.96374318],cruising,[ 0.50568378 -0.03156594 -0.11489306]
159.5339949131012,1000,False,1,0,[ 7.51759181 -4.23552598  3.99687073],cruising,[-0.82138112 -0.19970136 -0.21083176]
159.5339949131012,1001,False,4,1,[ 4.42257424 -4.11771261  3.9624744 ],cruising,[-0.48080528  0.59740651 -0.20557775]
159.5339949131012,1002,False,6,5,[-8.33398665  7.22890536  4.        ],exiting,[ 0.5677905  -0.59831228 -0.99408226]
159.5339949131012,1003,False,0,3,[ 5.1448179  -4.54659782  4.00000049],cruising,[ 0.63925976  0.24903542 -0.34837281]
159.5339949131012,1004,False,3,6,[6.56160868 4.97405118 4.        ],exiting,[-0.62185191  0.08809385  0.93462812]
159.5339949131012,1005,False,2,4,[-6.34667855  4.3906192   3.9691817 ],cruising,[ 0.50568378 -0.03156594 -0.11489306]
159.6239037513733,1000,False,1,0,[ 7.38038584 -4.3793808   3.99738793],cruising,[-0.82138112 -0.19970136 -0.21083176]
159.6239037513733,1001,False,4,1,[ 4.23868451 -4.03907058  3.96810324],cruising,[-0.48080528  0.59740651 -0.20557775]
159.6239037513733,1002,False,6,5,[-8.39686984  7.30665949  4.        ],landing,[ 0.5677905  -0.59831228 -0.99408226]
159.6239037513733,1003,False,0,3,[ 4.97334909 -4.44364905  4.00000041],cruising,[ 0.63925976  0.24903542 -0.34837281]
159.6239037513733,1004,False,3,6,[6.63042531 5.04492545 4.        ],exiting,[-0.62185191  0.08809385  0.93462812]
159.6239037513733,1005,False,2,4,[-6.387497    4.58640953  3.97380445],cruising,[ 0.50568378 -0.03156594 -0.11489306]
159.7351212501526,1000,False,1,0,[ 7.23058931 -4.50769612  3.99786495],cruising,[-0.82138112 -0.19970136 -0.21083176]
159.7351212501526,1001,False,4,1,[ 4.05403539 -3.96222851  3.97288775],cruising,[-0.48080528  0.59740651 -0.20557775]
159.7351212501526,1002,False,6,5,[-8.44869377  7.37597401  3.98563108],landing,[ 0.5677905  -0.59831228 -0.99408226]
159.7351212501526,1003,False,0,3,[ 4.79897281 -4.34570564  4.00000035],cruising,[ 0.63925976  0.24903542 -0.34837281]
159.7351212501526,1004,False,3,6,[6.68278182 5.12716036 4.        ],exiting,[-0.62185191  0.08809385  0.93462812]
159.7351212501526,1005,False,2,4,[-6.41525806  4.78447347  3.97773378],cruising,[ 0.50568378 -0.03156594 -0.11489306]
159.8328034877777,1000,False,1,0,[ 7.07022169 -4.6190335   3.99830313],cruising,[-0.82138112 -0.19970136 -0.21083176]
159.8328034877777,1001,False,4,1,[ 3.86917515 -3.88589576  3.97695459],cruising,[-0.48080528  0.59740651 -0.20557775]
159.8328034877777,1002,False,6,5,[-8.48937618  7.43668921  3.95705237],landing,[ 0.5677905  -0.59831228 -0.99408226]
159.8328034877777,1003,False,0,3,[ 4.62137331 -4.25373598  4.0000003 ],cruising,[ 0.63925976  0.24903542 -0.34837281]
159.8328034877777,1004,False,3,6,[6.71916187 5.22030804 4.        ],exiting,[-0.62185191  0.08809385  0.93462812]
159.8328034877777,1005,False,2,4,[-6.42307176  4.98392473  3.98124076],cruising,[ 0.50568378 -0.03156594 -0.11489306]
159.92122268676758,1000,False,1,0,[ 6.90144141 -4.7122263   3.99870345],cruising,[-0.82138112 -0.19970136 -0.21083176]
159.92122268676758,1001,False,4,1,[ 3.6838318  -3.81074363  3.9804114 ],cruising,[-0.48080528  0.59740651 -0.20557775]
159.92122268676758,1002,False,6,5,[-8.51882031  7.48861481  3.91445781],landing,[ 0.5677905  -0.59831228 -0.99408226]
159.92122268676758,1003,False,0,3,[ 4.44214698 -4.16497831  4.00000025],cruising,[ 0.63925976  0.24903542 -0.34837281]
159.92122268676758,1004,False,3,6,[6.75554193 5.31345573 4.        ],exiting,[-0.62185191  0.08809385  0.93462812]
159.92122268676758,1005,False,2,4,[-6.41093054  5.18206878  3.98444411],cruising,[ 0.50568378 -0.03156594 -0.11489306]
160.02140378952026,1000,False,1,0,[ 6.72647043 -4.78640137  3.99906625],cruising,[-0.82138112 -0.19970136 -0.21083176]
160.02140378952026,1001,False,4,1,[ 3.49829442 -3.73607181  3.98334969],cruising,[-0.48080528  0.59740651 -0.20557775]
160.02140378952026,1002,False,6,5,[-8.53689231  7.53148275  3.85812886],landing,[ 0.5677905  -0.59831228 -0.99408226]
160.02140378952026,1003,False,0,3,[ 4.26101948 -4.08016777  4.00000022],cruising,[ 0.63925976  0.24903542 -0.34837281]
160.02140378952026,1004,False,3,6,[6.79192199 5.40660342 4.        ],exiting,[-0.62185191  0.08809385  0.93462812]
160.02140378952026,1005,False,2,4,[-6.37916877  5.37634461  3.98738085],cruising,[ 0.50568378 -0.03156594 -0.11489306]
160.12761878967285,1000,False,1,0,[ 6.54755671 -4.84096896  3.99939134],cruising,[-0.82138112 -0.19970136 -0.21083176]
160.12761878967285,1001,False,4,1,[ 3.31239576 -3.66230401  3.98584724],cruising,[-0.48080528  0.59740651 -0.20557775]
160.12761878967285,1002,False,6,5,[-8.5434943   7.5650932   3.78828185],landing,[ 0.5677905  -0.59831228 -0.99408226]
160.12761878967285,1003,False,0,3,[ 4.07899664 -3.99729627  4.00000018],cruising,[ 0.63925976  0.24903542 -0.34837281]
160.12761878967285,1004,False,3,6,[6.82830204 5.4997511  4.        ],exiting,[-0.62185191  0.08809385  0.93462812]
160.12761878967285,1005,False,2,4,[-6.32841364  5.5643604   3.99006485],cruising,[ 0.50568378 -0.03156594 -0.11489306]
160.22168278694153,1000,False,1,0,[ 6.36696572 -4.87560705  3.99967788],cruising,[-0.82138112 -0.19970136 -0.21083176]
160.22168278694153,1001,False,4,1,[ 3.12620752 -3.58927018  3.98797015],cruising,[-0.48080528  0.59740651 -0.20557775]
160.22168278694153,1002,False,6,5,[-8.5385293   7.58924462  3.70514082],landing,[ 0.5677905  -0.59831228 -0.99408226]
160.22168278694153,1003,False,0,3,[ 3.89583282 -3.91697807  4.00000016],cruising,[ 0.63925976  0.24903542 -0.34837281]
160.22168278694153,1004,False,3,6,[6.8646821  5.59289879 4.        ],exiting,[-0.62185191  0.08809385  0.93462812]
160.22168278694153,1005,False,2,4,[-6.25955335  5.74388252  3.99250162],cruising,[ 0.50568378 -0.03156594 -0.11489306]
160.32739424705505,1000,False,1,0,[ 6.18631942 -4.89024525  3.99992469],cruising,[-0.82138112 -0.19970136 -0.21083176]
160.32739424705505,1001,False,4,1,[ 2.93968151 -3.51710338  3.98977463],cruising,[-0.48080528  0.59740651 -0.20557775]
160.32739424705505,1002,False,6,5,[-8.52190096  7.60373299  3.60893869],landing,[ 0.5677905  -0.59831228 -0.99408226]
160.32739424705505,1003,False,0,3,[ 3.71211972 -3.83792429  4.00000013],cruising,[ 0.63925976  0.24903542 -0.34837281]
160.32739424705505,1004,False,3,6,[6.90106216 5.68604648 4.        ],exiting,[-0.62185191  0.08809385  0.93462812]
160.32739424705505,1005,False,2,4,[-6.1736248   5.91298325  3.99467605],cruising,[ 0.50568378 -0.03156594 -0.11489306]
160.43378973007202,1000,False,1,0,[ 6.00652578 -4.88490168  4.00012859],cruising,[-0.82138112 -0.19970136 -0.21083176]
160.43378973007202,1001,False,4,1,[ 2.75268646 -3.44616079  3.99130844],cruising,[-0.48080528  0.59740651 -0.20557775]
160.43378973007202,1002,False,6,5,[-8.50410732  7.61724328  3.51146634],landing,[ 0.5677905  -0.59831228 -0.99408226]
160.43378973007202,1003,False,0,3,[ 3.5276753  -3.76059218  4.00000011],cruising,[ 0.63925976  0.24903542 -0.34837281]
160.43378973007202,1004,False,3,6,[6.93744221 5.77919416 4.        ],exiting,[-0.62185191  0.08809385  0.93462812]
160.43378973007202,1005,False,2,4,[-6.07178625  6.06996768  3.99659112],cruising,[ 0.50568378 -0.03156594 -0.11489306]
160.52070903778076,1000,False,1,0,[ 5.82877037 -4.85966229  4.00028848],cruising,[-0.82138112 -0.19970136 -0.21083176]
160.52070903778076,1001,False,4,1,[ 2.56507491 -3.37686499  3.99261217],cruising,[-0.48080528  0.59740651 -0.20557775]
160.52070903778076,1002,False,6,5,[-8.48631369  7.63075356  3.41399399],landing,[ 0.5677905  -0.59831228 -0.99408226]
160.52070903778076,1003,False,0,3,[ 3.3427882 -3.6843245  4.0000001],cruising,[ 0.63925976  0.24903542 -0.34837281]
160.52070903778076,1004,False,3,6,[6.97382227 5.87234185 4.        ],exiting,[-0.62185191  0.08809385  0.93462812]
160.52070903778076,1005,False,2,4,[-5.9549372   6.21373808  3.9982336 ],cruising,[ 0.50568378 -0.03156594 -0.11489306]
160.63382649421692,1000,False,1,0,[ 5.65356784 -4.81458655  4.00040102],cruising,[-0.82138112 -0.19970136 -0.21083176]
160.63382649421692,1001,False,4,1,[ 2.37702282 -3.30877379  3.99372034],cruising,[-0.48080528  0.59740651 -0.20557775]
160.63382649421692,1002,False,6,5,[-8.46852005  7.64426385  3.31652164],landing,[ 0.5677905  -0.59831228 -0.99408226]
160.63382649421692,1003,False,0,3,[ 3.15738598 -3.60931772  4.00000008],cruising,[ 0.63925976  0.24903542 -0.34837281]
160.63382649421692,1004,False,3,6,[7.01020233 5.96548953 4.        ],exiting,[-0.62185191  0.08809385  0.93462812]
160.63382649421692,1005,False,2,4,[-5.82396817  6.34334706  3.99959233],cruising,[ 0.50568378 -0.03156594 -0.11489306]
160.72437810897827,1000,False,1,0,[ 5.48163067 -4.74977924  4.00046482],cruising,[-0.82138112 -0.19970136 -0.21083176]
160.72437810897827,1001,False,4,1,[ 2.18806892 -3.24322669  3.99466229],cruising,[-0.48080528  0.59740651 -0.20557775]
160.72437810897827,1002,False,6,5,[-8.45072642  7.65777413  3.21904929],landing,[ 0.5677905  -0.59831228 -0.99408226]
160.72437810897827,1003,False,0,3,[ 2.97147345 -3.53558487  4.00000007],cruising,[ 0.63925976  0.24903542 -0.34837281]
160.72437810897827,1004,False,3,6,[7.04658238 6.05863722 4.        ],exiting,[-0.62185191  0.08809385  0.93462812]
160.72437810897827,1005,False,2,4,[-5.67972583  6.45799833  4.00065761],cruising,[ 0.50568378 -0.03156594 -0.11489306]
160.82533478736877,1000,False,1,0,[ 5.31271803 -4.66520203  4.0004748 ],cruising,[-0.82138112 -0.19970136 -0.21083176]
160.82533478736877,1001,False,4,1,[ 1.99803781 -3.18087145  3.99546295],cruising,[-0.48080528  0.59740651 -0.20557775]
160.82533478736877,1002,False,6,5,[-8.43293278  7.67128442  3.12157694],landing,[ 0.5677905  -0.59831228 -0.99408226]
160.82533478736877,1003,False,0,3,[ 2.78496206 -3.46338031  4.00000006],cruising,[ 0.63925976  0.24903542 -0.34837281]
160.82533478736877,1004,False,3,6,[7.08296244 6.15178491 4.        ],exiting,[-0.62185191  0.08809385  0.93462812]
160.82533478736877,1005,False,2,4,[-5.52297944  6.55704328  4.00142086],cruising,[ 0.50568378 -0.03156594 -0.11489306]
160.92140293121338,1000,False,1,0,[ 5.14624249 -4.56077393  4.00042658],cruising,[-0.82138112 -0.19970136 -0.21083176]
160.92140293121338,1001,False,4,1,[ 1.80673936 -3.12251988  3.99614351],cruising,[-0.48080528  0.59740651 -0.20557775]
160.92140293121338,1002,False,6,5,[-8.41513915  7.6847947   3.02410459],landing,[ 0.5677905  -0.59831228 -0.99408226]
160.92140293121338,1003,False,0,3,[ 2.59796726 -3.39243705  4.00000005],cruising,[ 0.63925976  0.24903542 -0.34837281]
160.92140293121338,1004,False,3,6,[7.1193425  6.24493259 4.        ],exiting,[-0.62185191  0.08809385  0.93462812]
160.92140293121338,1005,False,2,4,[-5.3544152   6.63995616  4.00187572],cruising,[ 0.50568378 -0.03156594 -0.11489306]
161.0326316356659,1000,False,1,0,[ 4.9761153 -4.4556229  4.0003626],cruising,[-0.82138112 -0.19970136 -0.21083176]
161.0326316356659,1001,False,4,1,[ 1.6146929  -3.06667944  3.99672198],cruising,[-0.48080528  0.59740651 -0.20557775]
161.0326316356659,1002,False,6,5,[-8.39734551  7.69830499  2.92663225],landing,[ 0.5677905  -0.59831228 -0.99408226]
161.0326316356659,1003,False,0,3,[ 2.41018023 -3.32361821  4.00000004],cruising,[ 0.63925976  0.24903542 -0.34837281]
161.0326316356659,1004,False,3,6,[7.15572255 6.33808028 4.        ],exiting,[-0.62185191  0.08809385  0.93462812]
161.0326316356659,1005,False,2,4,[-5.17488563  6.70614564  4.00203212],cruising,[ 0.50568378 -0.03156594 -0.11489306]
161.12373757362366,1000,False,1,0,[ 4.80279195 -4.35582802  4.00030821],cruising,[-0.82138112 -0.19970136 -0.21083176]
161.12373757362366,1001,False,4,1,[ 1.4209333  -3.0171091   3.99721368],cruising,[-0.48080528  0.59740651 -0.20557775]
161.12373757362366,1002,False,6,5,[-8.37955188  7.71181527  2.8291599 ],landing,[ 0.5677905  -0.59831228 -0.99408226]
161.12373757362366,1003,False,0,3,[ 2.22145502 -3.25741553  4.00000004],cruising,[ 0.63925976  0.24903542 -0.34837281]
161.12373757362366,1004,False,3,6,[7.19210261 6.43122797 4.        ],exiting,[-0.62185191  0.08809385  0.93462812]
161.12373757362366,1005,False,2,4,[-4.9844106   6.75559897  4.00187503],cruising,[ 0.50568378 -0.03156594 -0.11489306]
161.23606157302856,1000,False,1,0,[ 4.62599743 -4.26232029  4.00026198],cruising,[-0.82138112 -0.19970136 -0.21083176]
161.23606157302856,1001,False,4,1,[ 1.2253035  -2.97552809  3.99763163],cruising,[-0.48080528  0.59740651 -0.20557775]
161.23606157302856,1002,False,6,5,[-8.36175824  7.72532556  2.73168755],landing,[ 0.5677905  -0.59831228 -0.99408226]
161.23606157302856,1003,False,0,3,[ 2.0321296  -3.1929494   4.00000003],cruising,[ 0.63925976  0.24903542 -0.34837281]
161.23606157302856,1004,False,3,6,[7.22848267 6.52437565 4.        ],exiting,[-0.62185191  0.08809385  0.93462812]
161.23606157302856,1005,False,2,4,[-4.78944633  6.80019642  4.00159377],cruising,[ 0.50568378 -0.03156594 -0.11489306]
161.33325719833374,1000,False,1,0,[ 4.44738882 -4.17232604  4.00022268],cruising,[-0.82138112 -0.19970136 -0.21083176]
161.33325719833374,1001,False,4,1,[ 1.02691918 -2.9501576   3.99798689],cruising,[-0.48080528  0.59740651 -0.20557775]
161.33325719833374,1002,False,6,5,[-8.34396461  7.73883584  2.6342152 ],landing,[ 0.5677905  -0.59831228 -0.99408226]
161.33325719833374,1003,False,0,3,[ 1.84152774 -3.13236118  4.00000003],cruising,[ 0.63925976  0.24903542 -0.34837281]
161.33325719833374,1004,False,3,6,[7.26486272 6.61752334 4.        ],exiting,[-0.62185191  0.08809385  0.93462812]
161.33325719833374,1005,False,2,4,[-4.59534357  6.84840556  4.00135471],cruising,[ 0.50568378 -0.03156594 -0.11489306]
161.42268800735474,1000,False,1,0,[ 4.26673036 -4.08652092  4.00018928],cruising,[-0.82138112 -0.19970136 -0.21083176]
161.42268800735474,1001,False,4,1,[ 0.82722464 -2.93910816  3.99828885],cruising,[-0.48080528  0.59740651 -0.20557775]
161.42268800735474,1002,False,6,5,[-8.32617097  7.75234613  2.53674285],landing,[ 0.5677905  -0.59831228 -0.99408226]
161.42268800735474,1003,False,0,3,[ 1.6494644  -3.07657879  4.00000002],cruising,[ 0.63925976  0.24903542 -0.34837281]
161.42268800735474,1004,False,3,6,[7.30124278 6.71067103 4.        ],exiting,[-0.62185191  0.08809385  0.93462812]
161.42268800735474,1005,False,2,4,[-4.40178841  6.89876823  4.0011515 ],cruising,[ 0.50568378 -0.03156594 -0.11489306]
161.52485823631287,1000,False,1,0,[ 4.08506535 -4.00286791  4.00016089],cruising,[-0.82138112 -0.19970136 -0.21083176]
161.52485823631287,1001,False,4,1,[ 0.62728382 -2.94397322  3.99854553],cruising,[-0.48080528  0.59740651 -0.20557775]
161.52485823631287,1002,False,6,5,[-8.30837734  7.76585641  2.4392705 ],landing,[ 0.5677905  -0.59831228 -0.99408226]
161.52485823631287,1003,False,0,3,[ 1.45574688 -3.0268443   4.00000002],cruising,[ 0.63925976  0.24903542 -0.34837281]
161.52485823631287,1004,False,3,6,[7.33762284 6.80381871 4.        ],exiting,[-0.62185191  0.08809385  0.93462812]
161.52485823631287,1005,False,2,4,[-4.20846257  6.95000415  4.00097878],cruising,[ 0.50568378 -0.03156594 -0.11489306]
161.6325294971466,1000,False,1,0,[ 3.90217409 -3.92193097  4.00013675],cruising,[-0.82138112 -0.19970136 -0.21083176]
161.6325294971466,1001,False,4,1,[ 0.42826907 -2.96380074  3.9987637 ],cruising,[-0.48080528  0.59740651 -0.20557775]
161.6325294971466,1002,False,6,5,[-8.2905837   7.7793667   2.34179815],landing,[ 0.5677905  -0.59831228 -0.99408226]
161.6325294971466,1003,False,0,3,[ 1.26020321 -2.98486008  4.00000002],cruising,[ 0.63925976  0.24903542 -0.34837281]
161.6325294971466,1004,False,3,6,[7.3740029 6.8969664 4.       ],exiting,[-0.62185191  0.08809385  0.93462812]
161.6325294971466,1005,False,2,4,[-4.01444673  6.99856188  4.00083196],cruising,[ 0.50568378 -0.03156594 -0.11489306]
161.72758054733276,1000,False,1,0,[ 3.71866886 -3.84239589  4.00011624],cruising,[-0.82138112 -0.19970136 -0.21083176]
161.72758054733276,1001,False,4,1,[ 0.23120336 -2.99793439  3.99894914],cruising,[-0.48080528  0.59740651 -0.20557775]
161.72758054733276,1002,False,6,5,[-8.27279007  7.79287698  2.24432581],landing,[ 0.5677905  -0.59831228 -0.99408226]
161.72758054733276,1003,False,0,3,[ 1.06275579 -2.95300859  4.00000001],cruising,[ 0.63925976  0.24903542 -0.34837281]
161.72758054733276,1004,False,3,6,[7.41038295 6.99011408 4.        ],exiting,[-0.62185191  0.08809385  0.93462812]
161.72758054733276,1005,False,2,4,[-3.82026758  7.04646239  4.00070717],cruising,[ 0.50568378 -0.03156594 -0.11489306]
161.83240818977356,1000,False,1,0,[ 3.53438368 -3.76468507  4.0000988 ],cruising,[-0.82138112 -0.19970136 -0.21083176]
161.83240818977356,1001,False,4,1,[ 0.03693302 -3.04546368  3.99910677],cruising,[-0.48080528  0.59740651 -0.20557775]
161.83240818977356,1002,False,6,5,[-8.25499643  7.80638727  2.14685346],landing,[ 0.5677905  -0.59831228 -0.99408226]
161.83240818977356,1003,False,0,3,[ 0.86315857 -2.94104124  4.00000001],cruising,[ 0.63925976  0.24903542 -0.34837281]
161.83240818977356,1004,False,3,6,[7.44676301 7.08326177 4.        ],exiting,[-0.62185191  0.08809385  0.93462812]
161.83240818977356,1005,False,2,4,[-3.62570676  7.09278825  4.00060109],cruising,[ 0.50568378 -0.03156594 -0.11489306]
161.92334461212158,1000,False,1,0,[ 3.34961852 -3.68812243  4.00008398],cruising,[-0.82138112 -0.19970136 -0.21083176]
161.92334461212158,1001,False,4,1,[-0.1527599  -3.1088403   3.99924076],cruising,[-0.48080528  0.59740651 -0.20557775]
161.92334461212158,1002,False,6,5,[-8.2372028   7.81989755  2.04938111],landing,[ 0.5677905  -0.59831228 -0.99408226]
161.92334461212158,1003,False,0,3,[ 0.66320829 -2.94550022  4.00000001],cruising,[ 0.63925976  0.24903542 -0.34837281]
161.92334461212158,1004,False,3,6,[7.48314307 7.17640946 4.        ],exiting,[-0.62185191  0.08809385  0.93462812]
161.92334461212158,1005,False,2,4,[-3.43006727  7.13432368  4.00051093],cruising,[ 0.50568378 -0.03156594 -0.11489306]
162.02818846702576,1000,False,1,0,[ 3.16431045 -3.61288337  4.00007139],cruising,[-0.82138112 -0.19970136 -0.21083176]
162.02818846702576,1001,False,4,1,[-0.33901363 -3.18170695  3.99935464],cruising,[-0.48080528  0.59740651 -0.20557775]
162.02818846702576,1002,False,6,5,[-8.21940916  7.83340783  1.95190876],landing,[ 0.5677905  -0.59831228 -0.99408226]
162.02818846702576,1003,False,0,3,[ 0.46371315 -2.95970205  4.00000001],cruising,[ 0.63925976  0.24903542 -0.34837281]
162.02818846702576,1004,False,3,6,[7.51952312 7.26955714 4.        ],exiting,[-0.62185191  0.08809385  0.93462812]
162.02818846702576,1005,False,2,4,[-3.23387188  7.17314852  4.00043429],cruising,[ 0.50568378 -0.03156594 -0.11489306]
162.1242220401764,1000,False,1,0,[ 2.97847133 -3.53896568  4.00006068],cruising,[-0.82138112 -0.19970136 -0.21083176]
162.1242220401764,1001,False,4,1,[-0.52095104 -3.26476584  3.99945145],cruising,[-0.48080528  0.59740651 -0.20557775]
162.1242220401764,1002,False,6,5,[-8.20161552  7.84691812  1.85443641],landing,[ 0.5677905  -0.59831228 -0.99408226]
162.1242220401764,1003,False,0,3,[ 0.26588022 -2.98906408  4.00000001],cruising,[ 0.63925976  0.24903542 -0.34837281]
162.1242220401764,1004,False,3,6,[7.55590318 7.36270483 4.        ],exiting,[-0.62185191  0.08809385  0.93462812]
162.1242220401764,1005,False,2,4,[-3.03701636  7.20847422  4.00036915],cruising,[ 0.50568378 -0.03156594 -0.11489306]
162.2256944179535,1000,False,1,0,[ 2.79201847 -3.46661011  4.00005158],cruising,[-0.82138112 -0.19970136 -0.21083176]
162.2256944179535,1001,False,4,1,[-0.69990668 -3.35406802  3.99953373],cruising,[-0.48080528  0.59740651 -0.20557775]
162.2256944179535,1002,False,6,5,[-8.18382189  7.8604284   1.75696406],landing,[ 0.5677905  -0.59831228 -0.99408226]
162.2256944179535,1003,False,0,3,[ 0.07168261 -3.0368897   4.00000001],cruising,[ 0.63925976  0.24903542 -0.34837281]
162.2256944179535,1004,False,3,6,[7.59228324 7.45585252 4.        ],exiting,[-0.62185191  0.08809385  0.93462812]
162.2256944179535,1005,False,2,4,[-2.83902209  7.23672786  4.00031377],cruising,[ 0.50568378 -0.03156594 -0.11489306]
162.32551169395447,1000,False,1,0,[ 2.60507057 -3.39554334  4.00004384],cruising,[-0.82138112 -0.19970136 -0.21083176]
162.32551169395447,1001,False,4,1,[-0.87783358 -3.44540267  3.99960367],cruising,[-0.48080528  0.59740651 -0.20557775]
162.32551169395447,1002,False,6,5,[-8.16602825  7.87393869  1.65949171],landing,[ 0.5677905  -0.59831228 -0.99408226]
162.32551169395447,1003,False,0,3,[-0.11925714 -3.09640451  4.00000001],exiting,[ 0.63925976  0.24903542 -0.34837281]
162.32551169395447,1004,False,3,6,[7.62866329 7.5490002  4.        ],exiting,[-0.62185191  0.08809385  0.93462812]
162.32551169395447,1005,False,2,4,[-2.64040605  7.26021549  4.00026671],cruising,[ 0.50568378 -0.03156594 -0.11489306]
162.43218874931335,1000,False,1,0,[ 2.41732365 -3.32661518  4.00003726],cruising,[-0.82138112 -0.19970136 -0.21083176]
162.43218874931335,1001,False,4,1,[-1.05719857 -3.53387979  3.99966312],cruising,[-0.48080528  0.59740651 -0.20557775]
162.43218874931335,1002,False,6,5,[-8.14823462  7.88744897  1.56201937],landing,[ 0.5677905  -0.59831228 -0.99408226]
162.43218874931335,1003,False,0,3,[-0.29064373 -3.16012333  4.        ],exiting,[ 0.63925976  0.24903542 -0.34837281]
162.43218874931335,1004,False,3,6,[7.66504335 7.64214789 4.        ],exiting,[-0.62185191  0.08809385  0.93462812]
162.43218874931335,1005,False,2,4,[-2.44091961  7.2745389   4.0002267 ],cruising,[ 0.50568378 -0.03156594 -0.11489306]
162.53075695037842,1000,False,1,0,[ 2.22863475 -3.26030907  4.00003167],cruising,[-0.82138112 -0.19970136 -0.21083176]
162.53075695037842,1001,False,4,1,[-1.24202824 -3.61028655  3.99971365],cruising,[-0.48080528  0.59740651 -0.20557775]
162.53075695037842,1002,False,6,5,[-8.13044098  7.90095926  1.46454702],fake_landed,[ 0.5677905  -0.59831228 -0.99408226]
162.53075695037842,1003,False,0,3,[-0.44246419 -3.22798544  4.        ],exiting,[ 0.63925976  0.24903542 -0.34837281]
162.53075695037842,1004,False,3,6,[7.70142341 7.73529558 4.        ],exiting,[-0.62185191  0.08809385  0.93462812]
162.53075695037842,1005,False,2,4,[-2.24095535  7.27831951  4.0001927 ],cruising,[ 0.50568378 -0.03156594 -0.11489306]
162.63330626487732,1000,False,1,0,[ 2.03934086 -3.1957504   4.00002692],cruising,[-0.82138112 -0.19970136 -0.21083176]
162.63330626487732,1001,False,4,1,[-1.43326294 -3.66774667  3.99975844],cruising,[-0.48080528  0.59740651 -0.20557775]
162.63330626487732,1002,False,6,5,[-8.11620608  7.91176749  1.38656914],fake_landed,[ 0.5677905  -0.59831228 -0.99408226]
162.63330626487732,1003,False,0,3,[-0.57470284 -3.29991602  4.        ],exiting,[ 0.63925976  0.24903542 -0.34837281]
162.63330626487732,1004,False,3,6,[7.73780346 7.82844326 4.        ],exiting,[-0.62185191  0.08809385  0.93462812]
162.63330626487732,1005,False,2,4,[-2.04141696  7.26473886  4.00016379],cruising,[ 0.50568378 -0.03156594 -0.11489306]
162.7290017604828,1000,False,1,0,[ 1.84877081 -3.13506222  4.00002288],cruising,[-0.82138112 -0.19970136 -0.21083176]
162.7290017604828,1001,False,4,1,[-1.62765294 -3.70545725  3.99980017],cruising,[-0.48080528  0.59740651 -0.20557775]
162.7290017604828,1002,False,6,5,[-8.10552989  7.91987366  1.32808573],fake_landed,[ 0.5677905  -0.59831228 -0.99408226]
162.7290017604828,1003,False,0,3,[-0.68734046 -3.37582153  4.        ],exiting,[ 0.63925976  0.24903542 -0.34837281]
162.7290017604828,1004,False,3,6,[7.77418352 7.92159095 4.        ],exiting,[-0.62185191  0.08809385  0.93462812]
162.7290017604828,1005,False,2,4,[-1.84406122  7.23232418  4.00013922],cruising,[ 0.50568378 -0.03156594 -0.11489306]
162.82464218139648,1000,False,1,0,[ 1.65674066 -3.07916568  4.00001945],cruising,[-0.82138112 -0.19970136 -0.21083176]
162.82464218139648,1001,False,4,1,[-1.82201445 -3.72316785  3.9998394 ],cruising,[-0.48080528  0.59740651 -0.20557775]
162.82464218139648,1002,False,6,5,[-8.09841244  7.92527777  1.28909679],fake_landed,[ 0.5677905  -0.59831228 -0.99408226]
162.82464218139648,1003,False,0,3,[-0.78035247 -3.45557865  4.        ],exiting,[ 0.63925976  0.24903542 -0.34837281]
162.82464218139648,1004,False,3,6,[7.81056358 8.01473863 4.        ],exiting,[-0.62185191  0.08809385  0.93462812]
162.82464218139648,1005,False,2,4,[-1.64888394  7.1886684   4.00011834],cruising,[ 0.50568378 -0.03156594 -0.11489306]
162.9208767414093,1000,False,1,0,[ 1.46305804 -3.02929542  4.00001653],cruising,[-0.82138112 -0.19970136 -0.21083176]
162.9208767414093,1001,False,4,1,[-2.01334123 -3.72111003  3.99987631],cruising,[-0.48080528  0.59740651 -0.20557775]
162.9208767414093,1002,False,6,5,[-8.09485371  7.92797983  1.26960232],fake_landed,[ 0.5677905  -0.59831228 -0.99408226]
162.9208767414093,1003,False,0,3,[-0.85370436 -3.5390073   4.        ],exiting,[ 0.63925976  0.24903542 -0.34837281]
162.9208767414093,1004,False,3,6,[7.84694363 8.10788632 4.        ],exiting,[-0.62185191  0.08809385  0.93462812]
162.9208767414093,1005,False,2,4,[-1.45795645  7.12911428  4.00010059],cruising,[ 0.50568378 -0.03156594 -0.11489306]
163.0245509147644,1000,False,1,0,[ 1.26755012 -2.98714505  4.00001405],cruising,[-0.82138112 -0.19970136 -0.21083176]
163.0245509147644,1001,False,4,1,[-2.19899837 -3.69987266  3.99991088],cruising,[-0.48080528  0.59740651 -0.20557775]
163.0245509147644,1002,False,6,5,[-8.09485371  7.92797983  1.26960232],fake_landed,[ 0.5677905  -0.59831228 -0.99408226]
163.0245509147644,1003,False,0,3,[-0.90737272 -3.62597972  4.        ],exiting,[ 0.63925976  0.24903542 -0.34837281]
163.0245509147644,1004,False,3,6,[7.88332369 8.20103401 4.        ],exiting,[-0.62185191  0.08809385  0.93462812]
163.0245509147644,1005,False,2,4,[-1.2715841   7.05655156  4.0000855 ],cruising,[ 0.50568378 -0.03156594 -0.11489306]
163.12673354148865,1000,False,1,0,[ 1.07013627 -2.95508615  4.00001195],cruising,[-0.82138112 -0.19970136 -0.21083176]
163.12673354148865,1001,False,4,1,[-2.37658727 -3.66033492  3.99994308],cruising,[-0.48080528  0.59740651 -0.20557775]
163.12673354148865,1002,False,5,2,[-8.09485371  7.92797983  1.26960232],waiting,[ 0.5677905  -0.59831228 -0.99408226]
163.12673354148865,1003,False,0,3,[-0.94133391 -3.71636206  4.        ],exiting,[ 0.63925976  0.24903542 -0.34837281]
163.12673354148865,1004,False,3,6,[7.91970375 8.29418169 4.        ],exiting,[-0.62185191  0.08809385  0.93462812]
163.12673354148865,1005,False,2,4,[-1.08958807  6.9736212   4.00007268],cruising,[ 0.50568378 -0.03156594 -0.11489306]
163.2277796268463,1000,False,1,0,[ 0.8705463  -2.9429085   4.00001014],cruising,[-0.82138112 -0.19970136 -0.21083176]
163.2277796268463,1001,False,4,1,[-2.54392572 -3.60362371  3.99997281],cruising,[-0.48080528  0.59740651 -0.20557775]
163.2277796268463,1002,False,5,2,[-8.09485371  7.92797983  1.26960232],waiting,[ 0.5677905  -0.59831228 -0.99408226]
163.2277796268463,1003,False,0,3,[-0.95556442 -3.8100155   4.        ],exiting,[ 0.63925976  0.24903542 -0.34837281]
163.2277796268463,1004,False,3,6,[7.9560838  8.38732938 4.        ],exiting,[-0.62185191  0.08809385  0.93462812]
163.2277796268463,1005,False,2,4,[-0.91148054  6.88263928  4.00006177],cruising,[ 0.50568378 -0.03156594 -0.11489306]
163.33300709724426,1000,False,1,0,[ 0.6705478  -2.94213378  4.00000862],cruising,[-0.82138112 -0.19970136 -0.21083176]
163.33300709724426,1001,False,4,1,[-2.69917092 -3.53098286  3.99999997],cruising,[-0.48080528  0.59740651 -0.20557775]
163.33300709724426,1002,False,5,2,[-8.09485371  7.92797983  1.26960232],waiting,[ 0.5677905  -0.59831228 -0.99408226]
163.33300709724426,1003,False,0,3,[-0.95004114 -3.90679749  4.        ],exiting,[ 0.63925976  0.24903542 -0.34837281]
163.33300709724426,1004,False,3,6,[7.99246386 8.48047707 4.        ],exiting,[-0.62185191  0.08809385  0.93462812]
163.33300709724426,1005,False,2,4,[-0.73548079  6.78764409  4.00005251],cruising,[ 0.50568378 -0.03156594 -0.11489306]
163.4243290424347,1000,False,1,0,[ 0.47109848 -2.95696503  4.00000733],cruising,[-0.82138112 -0.19970136 -0.21083176]
163.4243290424347,1001,False,4,1,[-2.84070466 -3.44378194  4.00002441],cruising,[-0.48080528  0.59740651 -0.20557775]
163.4243290424347,1002,False,5,2,[-8.09485371  7.92797983  1.26960232],waiting,[ 0.5677905  -0.59831228 -0.99408226]
163.4243290424347,1003,False,0,3,[-0.93294543 -4.00532534  4.        ],exiting,[ 0.63925976  0.24903542 -0.34837281]
163.4243290424347,1004,False,3,6,[8.02884392 8.57362475 4.        ],exiting,[-0.62185191  0.08809385  0.93462812]
163.4243290424347,1005,False,2,4,[-0.56248757  6.68727803  4.00004463],cruising,[ 0.50568378 -0.03156594 -0.11489306]
163.52644085884094,1000,False,1,0,[ 0.27332243 -2.98670783  4.00000623],cruising,[-0.82138112 -0.19970136 -0.21083176]
163.52644085884094,1001,False,4,1,[-2.96707165 -3.34354376  4.00004599],cruising,[-0.48080528  0.59740651 -0.20557775]
163.52644085884094,1002,False,5,2,[-8.09485371  7.92797983  1.26960232],waiting,[ 0.5677905  -0.59831228 -0.99408226]
163.52644085884094,1003,False,0,3,[-0.91584973 -4.10385319  4.        ],exiting,[ 0.63925976  0.24903542 -0.34837281]
163.52644085884094,1004,False,3,6,[8.06522397 8.66677244 4.        ],exiting,[-0.62185191  0.08809385  0.93462812]
163.52644085884094,1005,False,2,4,[-0.39168261  6.58323156  4.00003794],cruising,[ 0.50568378 -0.03156594 -0.11489306]
163.62901759147644,1000,False,1,0,[ 0.07916275 -3.03468718  4.00000529],cruising,[-0.82138112 -0.19970136 -0.21083176]
163.62901759147644,1001,False,4,1,[-3.07704036 -3.23185586  4.00006455],cruising,[-0.48080528  0.59740651 -0.20557775]
163.62901759147644,1002,False,5,2,[-8.09485371  7.92797983  1.26960232],waiting,[ 0.5677905  -0.59831228 -0.99408226]
163.62901759147644,1003,False,0,3,[-0.89875403 -4.20238104  4.        ],exiting,[ 0.63925976  0.24903542 -0.34837281]
163.62901759147644,1004,False,3,6,[8.10160403 8.75992013 4.        ],exiting,[-0.62185191  0.08809385  0.93462812]
163.62901759147644,1005,False,2,4,[-0.22177422  6.47772735  4.00003225],cruising,[ 0.50568378 -0.03156594 -0.11489306]
163.72520780563354,1000,False,1,0,[-0.11176967 -3.09422552  4.0000045 ],cruising,[-0.82138112 -0.19970136 -0.21083176]
163.72520780563354,1001,False,4,1,[-3.16952271 -3.11046089  4.0000799 ],cruising,[-0.48080528  0.59740651 -0.20557775]
163.72520780563354,1002,False,5,2,[-8.09485371  7.92797983  1.26960232],waiting,[ 0.5677905  -0.59831228 -0.99408226]
163.72520780563354,1003,False,0,3,[-0.88165833 -4.30090889  4.        ],exiting,[ 0.63925976  0.24903542 -0.34837281]
163.72520780563354,1004,False,3,6,[8.13798409 8.85306781 4.        ],exiting,[-0.62185191  0.08809385  0.93462812]
163.72520780563354,1005,False,2,4,[-0.05291142  6.3705576   4.00002741],cruising,[ 0.50568378 -0.03156594 -0.11489306]
163.82236552238464,1000,False,1,0,[-0.29918759 -3.1640433   4.00000383],cruising,[-0.82138112 -0.19970136 -0.21083176]
163.82236552238464,1001,False,4,1,[-3.24397849 -2.98040317  4.00009191],cruising,[-0.48080528  0.59740651 -0.20557775]
163.82236552238464,1002,False,5,2,[-8.09485371  7.92797983  1.26960232],waiting,[ 0.5677905  -0.59831228 -0.99408226]
163.82236552238464,1003,False,0,3,[-0.86456263 -4.39943674  4.        ],exiting,[ 0.63925976  0.24903542 -0.34837281]
163.82236552238464,1004,False,3,6,[8.17436414 8.9462155  4.        ],exiting,[-0.62185191  0.08809385  0.93462812]
163.82236552238464,1005,False,2,4,[0.11577545 6.26311116 4.0000233 ],cruising,[ 0.50568378 -0.03156594 -0.11489306]
163.9356405735016,1000,False,1,0,[-0.48203487 -3.24507954  4.00000325],cruising,[-0.82138112 -0.19970136 -0.21083176]
163.9356405735016,1001,False,4,1,[-3.30014856 -2.84224409  4.00010044],cruising,[-0.48080528  0.59740651 -0.20557775]
163.9356405735016,1002,False,5,2,[-8.09485371  7.92797983  1.26960232],waiting,[ 0.5677905  -0.59831228 -0.99408226]
163.9356405735016,1003,False,0,3,[-0.84746692 -4.49796459  4.        ],exiting,[ 0.63925976  0.24903542 -0.34837281]
163.9356405735016,1004,False,3,6,[8.2107442  9.03936318 4.        ],exiting,[-0.62185191  0.08809385  0.93462812]
163.9356405735016,1005,False,2,4,[0.28454888 6.15580073 4.0000198 ],cruising,[ 0.50568378 -0.03156594 -0.11489306]
164.0292410850525,1000,False,1,0,[-0.66148977 -3.33337416  4.00000276],cruising,[-0.82138112 -0.19970136 -0.21083176]
164.0292410850525,1001,False,4,1,[-3.33786979 -2.69636226  4.0001054 ],cruising,[-0.48080528  0.59740651 -0.20557775]
164.0292410850525,1002,False,5,2,[-8.09485371  7.92797983  1.26960232],waiting,[ 0.5677905  -0.59831228 -0.99408226]
164.0292410850525,1003,False,0,3,[-0.83037122 -4.59649244  4.        ],exiting,[ 0.63925976  0.24903542 -0.34837281]
164.0292410850525,1004,False,3,6,[8.24712426 9.13251087 4.        ],landing,[-0.62185191  0.08809385  0.93462812]
164.0292410850525,1005,False,2,4,[0.45382656 6.0492875  4.00001683],cruising,[ 0.50568378 -0.03156594 -0.11489306]
164.1321210861206,1000,False,1,0,[-0.83937742 -3.42478523  4.00000235],cruising,[-0.82138112 -0.19970136 -0.21083176]
164.1321210861206,1001,False,4,1,[-3.35702172 -2.54305206  4.0001067 ],cruising,[-0.48080528  0.59740651 -0.20557775]
164.1321210861206,1002,False,5,2,[-8.09485371  7.92797983  1.26960232],waiting,[ 0.5677905  -0.59831228 -0.99408226]
164.1321210861206,1003,False,0,3,[-0.81327552 -4.69502028  4.        ],exiting,[ 0.63925976  0.24903542 -0.34837281]
164.1321210861206,1004,False,3,6,[8.28150283 9.21160384 3.98591246],landing,[-0.62185191  0.08809385  0.93462812]
164.1321210861206,1005,False,2,4,[0.62387029 5.94400156 4.00001431],cruising,[ 0.50568378 -0.03156594 -0.11489306]
164.22369408607483,1000,False,1,0,[-1.01806695 -3.5146187   4.000002  ],cruising,[-0.82138112 -0.19970136 -0.21083176]
164.22369408607483,1001,False,4,1,[-3.35771158 -2.38205081  4.00010425],cruising,[-0.48080528  0.59740651 -0.20557775]
164.22369408607483,1002,False,5,2,[-8.09485371  7.92797983  1.26960232],waiting,[ 0.5677905  -0.59831228 -0.99408226]
164.22369408607483,1003,False,0,3,[-0.79617982 -4.79354813  4.        ],exiting,[ 0.63925976  0.24903542 -0.34837281]
164.22369408607483,1004,False,3,6,[8.3137822  9.276495   3.95790003],landing,[-0.62185191  0.08809385  0.93462812]
164.22369408607483,1005,False,2,4,[0.79544441 5.84122841 4.00001216],cruising,[ 0.50568378 -0.03156594 -0.11489306]
164.33042168617249,1000,False,1,0,[-1.20141776 -3.59450911  4.0000017 ],cruising,[-0.82138112 -0.19970136 -0.21083176]
164.33042168617249,1001,False,4,1,[-3.34034204 -2.21245549  4.00009795],cruising,[-0.48080528  0.59740651 -0.20557775]
164.33042168617249,1002,False,5,2,[-8.09485371  7.92797983  1.26960232],waiting,[ 0.5677905  -0.59831228 -0.99408226]
164.33042168617249,1003,False,0,3,[-0.77908412 -4.89207598  4.        ],exiting,[ 0.63925976  0.24903542 -0.34837281]
164.33042168617249,1004,False,3,6,[8.34384633 9.3270118  3.91615917],landing,[-0.62185191  0.08809385  0.93462812]
164.33042168617249,1005,False,2,4,[0.96836195 5.74073201 4.00001034],cruising,[ 0.50568378 -0.03156594 -0.11489306]
164.43367218971252,1000,False,1,0,[-1.39166821 -3.65562734  4.00000144],cruising,[-0.82138112 -0.19970136 -0.21083176]
164.43367218971252,1001,False,4,1,[-3.30618727 -2.03198562  4.00008772],cruising,[-0.48080528  0.59740651 -0.20557775]
164.43367218971252,1002,False,5,2,[-8.09485371  7.92797983  1.26960232],waiting,[ 0.5677905  -0.59831228 -0.99408226]
164.43367218971252,1003,False,0,3,[-0.76198842 -4.99060383  4.        ],exiting,[ 0.63925976  0.24903542 -0.34837281]
164.43367218971252,1004,False,3,6,[8.37153462 9.36291913 3.86096769],landing,[-0.62185191  0.08809385  0.93462812]
164.43367218971252,1005,False,2,4,[1.1436396  5.64441095 4.00000879],cruising,[ 0.50568378 -0.03156594 -0.11489306]
164.5246558189392,1000,False,1,0,[-1.58567344 -3.69710118  4.00000119],cruising,[-0.82138112 -0.19970136 -0.21083176]
164.5246558189392,1001,False,4,1,[-3.26574066 -1.83611814  4.00007456],cruising,[-0.48080528  0.59740651 -0.20557775]
164.5246558189392,1002,False,5,2,[-8.09485371  7.92797983  1.26960232],waiting,[ 0.5677905  -0.59831228 -0.99408226]
164.5246558189392,1003,False,0,3,[-0.74489271 -5.08913168  4.        ],exiting,[ 0.63925976  0.24903542 -0.34837281]
164.5246558189392,1004,False,3,6,[8.39671299 9.38402411 3.79256293],landing,[-0.62185191  0.08809385  0.93462812]
164.5246558189392,1005,False,2,4,[1.3207113  5.55142917 4.00000747],cruising,[ 0.50568378 -0.03156594 -0.11489306]
164.62639379501343,1000,False,1,0,[-1.78032813 -3.71858558  4.00000097],cruising,[-0.82138112 -0.19970136 -0.21083176]
164.62639379501343,1001,False,4,1,[-3.24183002 -1.63755258  4.00006338],cruising,[-0.48080528  0.59740651 -0.20557775]
164.62639379501343,1002,False,5,2,[-8.09485371  7.92797983  1.26960232],waiting,[ 0.5677905  -0.59831228 -0.99408226]
164.62639379501343,1003,False,0,3,[-0.72779701 -5.18765953  4.        ],exiting,[ 0.63925976  0.24903542 -0.34837281]
164.62639379501343,1004,False,3,6,[8.41925503 9.3901478  3.71117316],landing,[-0.62185191  0.08809385  0.93462812]
164.62639379501343,1005,False,2,4,[1.49979274 5.46237953 4.00000635],cruising,[ 0.50568378 -0.03156594 -0.11489306]
164.73563981056213,1000,False,1,0,[-1.97263881 -3.72020781  4.00000075],cruising,[-0.82138112 -0.19970136 -0.21083176]
164.73563981056213,1001,False,4,1,[-3.23393615 -1.43770842  4.00005387],cruising,[-0.48080528  0.59740651 -0.20557775]
164.73563981056213,1002,False,5,2,[-8.09485371  7.92797983  1.26960232],waiting,[ 0.5677905  -0.59831228 -0.99408226]
164.73563981056213,1003,False,0,3,[-0.71070131 -5.28618738  4.        ],exiting,[ 0.63925976  0.24903542 -0.34837281]
164.73563981056213,1004,False,3,6,[8.43903194 9.38111079 3.61703555],landing,[-0.62185191  0.08809385  0.93462812]
164.73563981056213,1005,False,2,4,[1.68210027 5.38013621 4.0000054 ],cruising,[ 0.50568378 -0.03156594 -0.11489306]
164.82422256469727,1000,False,1,0,[-2.15971517 -3.70252714  4.00000055],cruising,[-0.82138112 -0.19970136 -0.21083176]
164.82422256469727,1001,False,4,1,[-3.24163532 -1.23785667  4.00004579],cruising,[-0.48080528  0.59740651 -0.20557775]
164.82422256469727,1002,False,5,2,[-8.09485371  7.92797983  1.26960232],waiting,[ 0.5677905  -0.59831228 -0.99408226]
164.82422256469727,1003,False,0,3,[-0.69360561 -5.38471523  4.        ],exiting,[ 0.63925976  0.24903542 -0.34837281]
164.82422256469727,1004,False,3,6,[8.45807263 9.36817492 3.51972103],landing,[-0.62185191  0.08809385  0.93462812]
164.82422256469727,1005,False,2,4,[1.86660135 5.30293936 4.00000459],cruising,[ 0.50568378 -0.03156594 -0.11489306]
164.9289631843567,1000,False,1,0,[-2.33923331 -3.66632963  4.00000036],cruising,[-0.82138112 -0.19970136 -0.21083176]
164.9289631843567,1001,False,4,1,[-3.26388581 -1.03909823  4.00003892],cruising,[-0.48080528  0.59740651 -0.20557775]
164.9289631843567,1002,False,5,2,[-8.09485371  7.92797983  1.26960232],waiting,[ 0.5677905  -0.59831228 -0.99408226]
164.9289631843567,1003,False,0,3,[-0.67650991 -5.48324307  4.        ],exiting,[ 0.63925976  0.24903542 -0.34837281]
164.9289631843567,1004,False,3,6,[8.47711332 9.35523904 3.42240652],landing,[-0.62185191  0.08809385  0.93462812]
164.9289631843567,1005,False,2,4,[2.05340355 5.23149053 4.0000039 ],cruising,[ 0.50568378 -0.03156594 -0.11489306]
165.03321599960327,1000,False,1,0,[-2.50900019 -3.61267036  4.00000019],cruising,[-0.82138112 -0.19970136 -0.21083176]
165.03321599960327,1001,False,4,1,[-3.29951468 -0.84229736  4.00003308],cruising,[-0.48080528  0.59740651 -0.20557775]
165.03321599960327,1002,False,5,2,[-8.09485371  7.92797983  1.26960232],waiting,[ 0.5677905  -0.59831228 -0.99408226]
165.03321599960327,1003,False,0,3,[-0.6594142  -5.58177092  4.        ],exiting,[ 0.63925976  0.24903542 -0.34837281]
165.03321599960327,1004,False,3,6,[8.49615401 9.34230317 3.325092  ],landing,[-0.62185191  0.08809385  0.93462812]
165.03321599960327,1005,False,2,4,[2.2425473  5.16649326 4.00000331],cruising,[ 0.50568378 -0.03156594 -0.11489306]
165.12422013282776,1000,False,1,0,[-2.66701866 -3.54282546  4.00000003],cruising,[-0.82138112 -0.19970136 -0.21083176]
165.12422013282776,1001,False,4,1,[-3.34591415 -0.64775408  4.00002812],cruising,[-0.48080528  0.59740651 -0.20557775]
165.12422013282776,1002,False,5,2,[-8.09485371  7.92797983  1.26960232],waiting,[ 0.5677905  -0.59831228 -0.99408226]
165.12422013282776,1003,False,0,3,[-0.6423185  -5.68029877  4.        ],exiting,[ 0.63925976  0.24903542 -0.34837281]
165.12422013282776,1004,False,3,6,[8.5151947  9.32936729 3.22777748],landing,[-0.62185191  0.08809385  0.93462812]
165.12422013282776,1005,False,2,4,[2.43628697 5.11684512 4.00000282],cruising,[ 0.50568378 -0.03156594 -0.11489306]
165.22594928741455,1000,False,1,0,[-2.8116077  -3.45815995  3.99999989],cruising,[-0.82138112 -0.19970136 -0.21083176]
165.22594928741455,1001,False,4,1,[-3.40372717 -0.45629219  4.0000239 ],cruising,[-0.48080528  0.59740651 -0.20557775]
165.22594928741455,1002,False,5,2,[-8.09485371  7.92797983  1.26960232],queued,[ 0.5677905  -0.59831228 -0.99408226]
165.22594928741455,1003,False,0,3,[-0.6252228  -5.77882662  4.        ],exiting,[ 0.63925976  0.24903542 -0.34837281]
165.22594928741455,1004,False,3,6,[8.53423539 9.31643142 3.13046297],landing,[-0.62185191  0.08809385  0.93462812]
165.22594928741455,1005,False,2,4,[2.63202163 5.07576054 4.00000239],cruising,[ 0.50568378 -0.03156594 -0.11489306]
165.33205771446228,1000,False,1,0,[-2.94131022 -3.36013811  3.99999976],cruising,[-0.82138112 -0.19970136 -0.21083176]
165.33205771446228,1001,False,4,1,[-3.47218009 -0.26837147  4.00002032],cruising,[-0.48080528  0.59740651 -0.20557775]
165.33205771446228,1002,False,5,2,[-8.09485371  7.92797983  1.28960232],queued,[ 0.5677905  -0.59831228 -0.99408226]
165.33205771446228,1003,False,0,3,[-0.6081271  -5.87735447  4.        ],exiting,[ 0.63925976  0.24903542 -0.34837281]
165.33205771446228,1004,False,3,6,[8.55327608 9.30349554 3.03314845],landing,[-0.62185191  0.08809385  0.93462812]
165.33205771446228,1005,False,2,4,[2.82913359 5.04189498 4.00000204],cruising,[ 0.50568378 -0.03156594 -0.11489306]
165.4356653690338,1000,False,1,0,[-3.05482169 -3.25037532  3.99999965],cruising,[-0.82138112 -0.19970136 -0.21083176]
165.4356653690338,1001,False,4,1,[-3.54860369 -0.08354876  4.00001727],cruising,[-0.48080528  0.59740651 -0.20557775]
165.4356653690338,1002,False,5,2,[-8.09485371  7.92797983  1.32960232],queued,[ 0.5677905  -0.59831228 -0.99408226]
165.4356653690338,1003,False,0,3,[-0.5910314  -5.97588232  4.        ],exiting,[ 0.63925976  0.24903542 -0.34837281]
165.4356653690338,1004,False,3,6,[8.57231677 9.29055967 2.93583393],landing,[-0.62185191  0.08809385  0.93462812]
165.4356653690338,1005,False,2,4,[3.0271775  5.01399138 4.00000173],cruising,[ 0.50568378 -0.03156594 -0.11489306]
165.5263283252716,1000,False,1,0,[-3.15103988 -3.13056552  3.99999956],cruising,[-0.82138112 -0.19970136 -0.21083176]
165.5263283252716,1001,False,4,1,[-3.63576084  0.09646133  4.00001468],cruising,[-0.48080528  0.59740651 -0.20557775]
165.5263283252716,1002,False,5,2,[-8.09485371  7.92797983  1.38960232],queued,[ 0.5677905  -0.59831228 -0.99408226]
165.5263283252716,1003,False,0,3,[-0.57393569 -6.07441017  4.        ],exiting,[ 0.63925976  0.24903542 -0.34837281]
165.5263283252716,1004,False,3,6,[8.59135746 9.2776238  2.83851941],landing,[-0.62185191  0.08809385  0.93462812]
165.5263283252716,1005,False,2,4,[3.22584038 4.99090334 4.00000147],cruising,[ 0.50568378 -0.03156594 -0.11489306]
165.63558793067932,1000,False,1,0,[-3.22934299 -3.00186471  3.99999949],cruising,[-0.82138112 -0.19970136 -0.21083176]
165.63558793067932,1001,False,4,1,[-3.73056821  0.27256233  4.00001248],cruising,[-0.48080528  0.59740651 -0.20557775]
165.63558793067932,1002,False,5,2,[-8.09485371  7.92797983  1.46460232],queued,[ 0.5677905  -0.59831228 -0.99408226]
165.63558793067932,1003,False,0,3,[-0.55683999 -6.17293802  4.        ],exiting,[ 0.63925976  0.24903542 -0.34837281]
165.63558793067932,1004,False,3,6,[8.61039815 9.26468792 2.7412049 ],landing,[-0.62185191  0.08809385  0.93462812]
165.63558793067932,1005,False,2,4,[3.42490666 4.97160007 4.00000125],cruising,[ 0.50568378 -0.03156594 -0.11489306]
165.73068523406982,1000,False,1,0,[-3.28936449 -2.86505325  3.99999943],cruising,[-0.82138112 -0.19970136 -0.21083176]
165.73068523406982,1001,False,4,1,[-3.83309821  0.44428187  4.00001061],cruising,[-0.48080528  0.59740651 -0.20557775]
165.73068523406982,1002,False,5,2,[-8.09485371  7.92797983  1.53960232],queued,[ 0.5677905  -0.59831228 -0.99408226]
165.73068523406982,1003,False,0,3,[-0.53974429 -6.27146586  4.        ],exiting,[ 0.63925976  0.24903542 -0.34837281]
165.73068523406982,1004,False,3,6,[8.62943884 9.25175205 2.64389038],landing,[-0.62185191  0.08809385  0.93462812]
165.73068523406982,1005,False,2,4,[3.62422985 4.9551603  4.00000106],cruising,[ 0.50568378 -0.03156594 -0.11489306]
165.82718896865845,1000,False,1,0,[-3.33092974 -2.72053681  3.9999994 ],cruising,[-0.82138112 -0.19970136 -0.21083176]
165.82718896865845,1001,False,4,1,[-3.93961883  0.61355489  4.00000901],cruising,[-0.48080528  0.59740651 -0.20557775]
165.82718896865845,1002,False,5,2,[-8.09485371  7.92797983  1.61460232],queued,[ 0.5677905  -0.59831228 -0.99408226]
165.82718896865845,1003,False,0,3,[-0.52264859 -6.36999371  4.        ],exiting,[ 0.63925976  0.24903542 -0.34837281]
165.82718896865845,1004,False,3,6,[8.64847953 9.23881617 2.54657586],landing,[-0.62185191  0.08809385  0.93462812]
165.82718896865845,1005,False,2,4,[3.82371077 4.94076022 4.0000009 ],cruising,[ 0.50568378 -0.03156594 -0.11489306]
165.9361755847931,1000,False,1,0,[-3.35396548 -2.56849325  3.99999939],cruising,[-0.82138112 -0.19970136 -0.21083176]
165.9361755847931,1001,False,4,1,[-4.04924372  0.78083425  4.00000766],cruising,[-0.48080528  0.59740651 -0.20557775]
165.9361755847931,1002,False,5,2,[-8.09485371  7.92797983  1.68960232],queued,[ 0.5677905  -0.59831228 -0.99408226]
165.9361755847931,1003,False,0,3,[-0.50555289 -6.46852156  4.        ],exiting,[ 0.63925976  0.24903542 -0.34837281]
165.9361755847931,1004,False,3,6,[8.66752022 9.2258803  2.44926135],landing,[-0.62185191  0.08809385  0.93462812]
165.9361755847931,1005,False,2,4,[4.02328117 4.92765849 4.00000077],cruising,[ 0.50568378 -0.03156594 -0.11489306]
166.02513980865479,1000,False,1,0,[-3.35847524 -2.40891392  3.9999994 ],cruising,[-0.82138112 -0.19970136 -0.21083176]
166.02513980865479,1001,False,4,1,[-4.16123727  0.94653713  4.00000651],cruising,[-0.48080528  0.59740651 -0.20557775]
166.02513980865479,1002,False,5,2,[-8.09485371  7.92797983  1.76460232],queued,[ 0.5677905  -0.59831228 -0.99408226]
166.02513980865479,1003,False,0,3,[-0.48845719 -6.56704941  4.        ],exiting,[ 0.63925976  0.24903542 -0.34837281]
166.02513980865479,1004,False,3,6,[8.68656091 9.21294442 2.35194683],landing,[-0.62185191  0.08809385  0.93462812]
166.02513980865479,1005,False,2,4,[4.22286646 4.91478543 4.00000065],cruising,[ 0.50568378 -0.03156594 -0.11489306]
166.12136006355286,1000,False,1,0,[-3.34478338 -2.24104597  3.99999943],cruising,[-0.82138112 -0.19970136 -0.21083176]
166.12136006355286,1001,False,4,1,[-4.27498636  1.11103985  4.00000554],cruising,[-0.48080528  0.59740651 -0.20557775]
166.12136006355286,1002,False,5,2,[-8.09485371  7.92797983  1.83960232],queued,[ 0.5677905  -0.59831228 -0.99408226]
166.12136006355286,1003,False,0,3,[-0.47136148 -6.66557726  4.        ],exiting,[ 0.63925976  0.24903542 -0.34837281]
166.12136006355286,1004,False,3,6,[8.7056016  9.20000855 2.25463231],landing,[-0.62185191  0.08809385  0.93462812]
166.12136006355286,1005,False,2,4,[4.42247758 4.9023195  4.00000055],cruising,[ 0.50568378 -0.03156594 -0.11489306]
166.22176265716553,1000,False,1,0,[-3.3139346  -2.0628999   3.99999949],cruising,[-0.82138112 -0.19970136 -0.21083176]
166.22176265716553,1001,False,4,1,[-4.38997567  1.27467804  4.00000471],cruising,[-0.48080528  0.59740651 -0.20557775]
166.22176265716553,1002,False,5,2,[-8.09485371  7.92797983  1.91460232],queued,[ 0.5677905  -0.59831228 -0.99408226]
166.22176265716553,1003,False,0,3,[-0.45426578 -6.76410511  4.        ],exiting,[ 0.63925976  0.24903542 -0.34837281]
166.22176265716553,1004,False,3,6,[8.72464229 9.18707267 2.15731779],landing,[-0.62185191  0.08809385  0.93462812]
166.22176265716553,1005,False,2,4,[4.62207047 4.88956502 4.00000047],cruising,[ 0.50568378 -0.03156594 -0.11489306]
166.33045291900635,1000,False,1,0,[-3.27148733 -1.86846041  3.99999956],cruising,[-0.82138112 -0.19970136 -0.21083176]
166.33045291900635,1001,False,4,1,[-4.50576666  1.43774995  4.000004  ],cruising,[-0.48080528  0.59740651 -0.20557775]
166.33045291900635,1002,False,5,2,[-8.09485371  7.92797983  1.98960232],queued,[ 0.5677905  -0.59831228 -0.99408226]
166.33045291900635,1003,False,0,3,[-0.43717008 -6.86263296  4.        ],exiting,[ 0.63925976  0.24903542 -0.34837281]
166.33045291900635,1004,False,3,6,[8.74368298 9.1741368  2.06000328],landing,[-0.62185191  0.08809385  0.93462812]
166.33045291900635,1005,False,2,4,[4.82160121 4.87587251 4.0000004 ],cruising,[ 0.50568378 -0.03156594 -0.11489306]
166.4264633655548,1000,False,1,0,[-3.24473122 -1.67025822  3.99999963],cruising,[-0.82138112 -0.19970136 -0.21083176]
166.4264633655548,1001,False,4,1,[-4.62187903  1.60059318  4.0000034 ],cruising,[-0.48080528  0.59740651 -0.20557775]
166.4264633655548,1002,False,5,2,[-8.09485371  7.92797983  2.06460232],queued,[ 0.5677905  -0.59831228 -0.99408226]
166.4264633655548,1003,False,0,3,[-0.42007438 -6.96116081  4.        ],exiting,[ 0.63925976  0.24903542 -0.34837281]
166.4264633655548,1004,False,3,6,[8.76272367 9.16120092 1.96268876],landing,[-0.62185191  0.08809385  0.93462812]
166.4264633655548,1005,False,2,4,[5.02101861 4.86061803 4.00000034],cruising,[ 0.50568378 -0.03156594 -0.11489306]
166.5224905014038,1000,False,1,0,[-3.23440183 -1.47052514  3.99999968],cruising,[-0.82138112 -0.19970136 -0.21083176]
166.5224905014038,1001,False,4,1,[-4.73824102  1.76325814  4.00000289],cruising,[-0.48080528  0.59740651 -0.20557775]
166.5224905014038,1002,False,5,2,[-8.09485371  7.92797983  2.13960232],queued,[ 0.5677905  -0.59831228 -0.99408226]
166.5224905014038,1003,False,0,3,[-0.40297868 -7.05968865  4.        ],exiting,[ 0.63925976  0.24903542 -0.34837281]
166.5224905014038,1004,False,3,6,[8.78176436 9.14826505 1.86537424],landing,[-0.62185191  0.08809385  0.93462812]
166.5224905014038,1005,False,2,4,[5.22034757 4.84424836 4.00000029],cruising,[ 0.50568378 -0.03156594 -0.11489306]
166.6341872215271,1000,False,1,0,[-3.23991763 -1.27060121  3.99999973],cruising,[-0.82138112 -0.19970136 -0.21083176]
166.6341872215271,1001,False,4,1,[-4.85450441  1.92599357  4.00000246],cruising,[-0.48080528  0.59740651 -0.20557775]
166.6341872215271,1002,False,5,2,[-8.09485371  7.92797983  2.21460232],queued,[ 0.5677905  -0.59831228 -0.99408226]
166.6341872215271,1003,False,0,3,[-0.38588297 -7.1582165   4.        ],exiting,[ 0.63925976  0.24903542 -0.34837281]
166.6341872215271,1004,False,3,6,[8.80080505 9.13532917 1.76805973],landing,[-0.62185191  0.08809385  0.93462812]
166.6341872215271,1005,False,2,4,[5.41943488 4.82516317 4.00000025],cruising,[ 0.50568378 -0.03156594 -0.11489306]
166.7247953414917,1000,False,1,0,[-3.25925637 -1.07153837  3.99999977],cruising,[-0.82138112 -0.19970136 -0.21083176]
166.7247953414917,1001,False,4,1,[-4.97035267  2.0890248   4.00000209],cruising,[-0.48080528  0.59740651 -0.20557775]
166.7247953414917,1002,False,5,2,[-8.09485371  7.92797983  2.28960232],queued,[ 0.5677905  -0.59831228 -0.99408226]
166.7247953414917,1003,False,0,3,[-0.36878727 -7.25674435  4.        ],exiting,[ 0.63925976  0.24903542 -0.34837281]
166.7247953414917,1004,False,3,6,[8.81984574 9.1223933  1.67074521],landing,[-0.62185191  0.08809385  0.93462812]
166.7247953414917,1005,False,2,4,[5.61816839 4.80269119 4.00000021],cruising,[ 0.50568378 -0.03156594 -0.11489306]
166.83449459075928,1000,False,1,0,[-3.29215328 -0.87426244  3.99999981],cruising,[-0.82138112 -0.19970136 -0.21083176]
166.83449459075928,1001,False,4,1,[-5.08548764  2.25256054  4.00000177],cruising,[-0.48080528  0.59740651 -0.20557775]
166.83449459075928,1002,False,5,2,[-8.09485371  7.92797983  2.36460232],queued,[ 0.5677905  -0.59831228 -0.99408226]
166.83449459075928,1003,False,0,3,[-0.35169157 -7.3552722   4.        ],exiting,[ 0.63925976  0.24903542 -0.34837281]
166.83449459075928,1004,False,3,6,[8.83888643 9.10945742 1.57343069],landing,[-0.62185191  0.08809385  0.93462812]
166.83449459075928,1005,False,2,4,[5.81639583 4.77612271 4.00000018],cruising,[ 0.50568378 -0.03156594 -0.11489306]
166.92511177062988,1000,False,1,0,[-3.33749796 -0.6794706   3.99999983],cruising,[-0.82138112 -0.19970136 -0.21083176]
166.92511177062988,1001,False,4,1,[-5.20015741  2.41642281  4.00000151],cruising,[-0.48080528  0.59740651 -0.20557775]
166.92511177062988,1002,False,5,2,[-8.09485371  7.92797983  2.43960232],queued,[ 0.5677905  -0.59831228 -0.99408226]
166.92511177062988,1003,False,0,3,[-0.33459587 -7.45380005  4.        ],exiting,[ 0.63925976  0.24903542 -0.34837281]
166.92511177062988,1004,False,3,6,[8.85792712 9.09652155 1.47611617],fake_landed,[-0.62185191  0.08809385  0.93462812]
166.92511177062988,1005,False,2,4,[6.01391036 4.7446901  4.00000015],cruising,[ 0.50568378 -0.03156594 -0.11489306]
167.03004431724548,1000,False,1,0,[-3.39431579 -0.48771103  3.99999986],cruising,[-0.82138112 -0.19970136 -0.21083176]
167.03004431724548,1001,False,4,1,[-5.31355207  2.58117004  4.00000128],cruising,[-0.48080528  0.59740651 -0.20557775]
167.03004431724548,1002,False,5,2,[-8.09485371  7.92797983  2.51460232],entering,[ 0.5677905  -0.59831228 -0.99408226]
167.03004431724548,1003,False,0,3,[-0.31750017 -7.5523279   4.        ],exiting,[ 0.63925976  0.24903542 -0.34837281]
167.03004431724548,1004,False,3,6,[8.87315968 9.08617285 1.39826456],fake_landed,[-0.62185191  0.08809385  0.93462812]
167.03004431724548,1005,False,2,4,[6.21043143 4.70754886 4.00000013],cruising,[ 0.50568378 -0.03156594 -0.11489306]
167.13151502609253,1000,False,1,0,[-3.45995434 -0.29878887  3.99999988],cruising,[-0.82138112 -0.19970136 -0.21083176]
167.13151502609253,1001,False,4,1,[-5.42535805  2.74699955  4.00000109],cruising,[-0.48080528  0.59740651 -0.20557775]
167.13151502609253,1002,False,5,2,[-8.07700358  7.91895915  2.58960232],entering,[ 0.5677905  -0.59831228 -0.99408226]
167.13151502609253,1003,False,0,3,[-0.30040447 -7.65085575  4.        ],exiting,[ 0.63925976  0.24903542 -0.34837281]
167.13151502609253,1004,False,3,6,[8.88458409 9.07841132 1.33987585],fake_landed,[-0.62185191  0.08809385  0.93462812]
167.13151502609253,1005,False,2,4,[6.40557894 4.6637602  4.00000011],cruising,[ 0.50568378 -0.03156594 -0.11489306]
167.23212957382202,1000,False,1,0,[-3.53586689 -0.11375567  3.9999999 ],cruising,[-0.82138112 -0.19970136 -0.21083176]
167.23212957382202,1001,False,4,1,[-5.53523612  2.91411271  4.00000093],cruising,[-0.48080528  0.59740651 -0.20557775]
167.23212957382202,1002,False,5,2,[-8.04128963  7.9009449   2.66460232],entering,[ 0.5677905  -0.59831228 -0.99408226]
167.23212957382202,1003,False,0,3,[-0.28330876 -7.7493836   4.        ],landing,[ 0.63925976  0.24903542 -0.34837281]
167.23212957382202,1004,False,3,6,[8.89220037 9.07323697 1.30095004],fake_landed,[-0.62185191  0.08809385  0.93462812]
167.23212957382202,1005,False,2,4,[6.59883905 4.61227689 4.00000009],cruising,[ 0.50568378 -0.03156594 -0.11489306]
167.32328295707703,1000,False,1,0,[-3.62238398  0.06656291  3.99999991],cruising,[-0.82138112 -0.19970136 -0.21083176]
167.32328295707703,1001,False,4,1,[-5.64280656  3.08272054  4.00000079],cruising,[-0.48080528  0.59740651 -0.20557775]
167.32328295707703,1002,False,5,2,[-7.98768171  7.87399725  2.73960232],entering,[ 0.5677905  -0.59831228 -0.99408226]
167.32328295707703,1003,False,0,3,[-0.27177221 -7.83479263  3.9859646 ],landing,[ 0.63925976  0.24903542 -0.34837281]
167.32328295707703,1004,False,3,6,[8.89600851 9.0706498  1.28148714],fake_landed,[-0.62185191  0.08809385  0.93462812]
167.32328295707703,1005,False,2,4,[6.78951948 4.55193641 4.00000008],cruising,[ 0.50568378 -0.03156594 -0.11489306]
167.42873334884644,1000,False,1,0,[-3.71652311  0.24302204  3.99999993],cruising,[-0.82138112 -0.19970136 -0.21083176]
167.42873334884644,1001,False,4,1,[-5.7476314   3.25304891  4.00000067],cruising,[-0.48080528  0.59740651 -0.20557775]
167.42873334884644,1002,False,5,2,[-7.91612268  7.83823156  2.81460232],entering,[ 0.5677905  -0.59831228 -0.99408226]
167.42873334884644,1003,False,0,3,[-0.26578711 -7.90690707  3.95805709],landing,[ 0.63925976  0.24903542 -0.34837281]
167.42873334884644,1004,False,6,5,[8.89600851 9.0706498  1.28148714],waiting,[-0.62185191  0.08809385  0.93462812]
167.42873334884644,1005,False,2,4,[6.97669358 4.48146758 4.00000007],cruising,[ 0.50568378 -0.03156594 -0.11489306]
167.52305364608765,1000,False,1,0,[-3.81668974  0.41613081  3.99999994],cruising,[-0.82138112 -0.19970136 -0.21083176]
167.52305364608765,1001,False,4,1,[-5.84919265  3.42534317  4.00000057],cruising,[-0.48080528  0.59740651 -0.20557775]
167.52305364608765,1002,False,5,2,[-7.82656431  7.79374673  2.88960232],entering,[ 0.5677905  -0.59831228 -0.99408226]
167.52305364608765,1003,False,0,3,[-0.26534326 -7.96552031  3.91647435],landing,[ 0.63925976  0.24903542 -0.34837281]
167.52305364608765,1004,False,6,5,[8.89600851 9.0706498  1.28148714],waiting,[-0.62185191  0.08809385  0.93462812]
167.52305364608765,1005,False,2,4,[7.15913452 4.39952062 4.00000006],cruising,[ 0.50568378 -0.03156594 -0.11489306]
167.6338586807251,1000,False,1,0,[-3.92157516  0.58642188  3.99999995],cruising,[-0.82138112 -0.19970136 -0.21083176]
167.6338586807251,1001,False,4,1,[-5.94686429  3.59987182  4.00000048],cruising,[-0.48080528  0.59740651 -0.20557775]
167.6338586807251,1002,False,5,2,[-7.71898241  7.74059284  2.96460232],entering,[ 0.5677905  -0.59831228 -0.99408226]
167.6338586807251,1003,False,0,3,[-0.27042469 -8.01035086  3.86149352],landing,[ 0.63925976  0.24903542 -0.34837281]
167.6338586807251,1004,False,6,5,[8.89600851 9.0706498  1.28148714],waiting,[-0.62185191  0.08809385  0.93462812]
167.6338586807251,1005,False,2,4,[7.3352467  4.30473401 4.00000005],cruising,[ 0.50568378 -0.03156594 -0.11489306]
167.7279543876648,1000,False,1,0,[-4.03115986  0.75372757  3.99999995],cruising,[-0.82138112 -0.19970136 -0.21083176]
167.7279543876648,1001,False,4,1,[-6.03987573  3.77692795  4.00000041],cruising,[-0.48080528  0.59740651 -0.20557775]
167.7279543876648,1002,False,5,2,[-7.59335504  7.67881566  3.03960232],entering,[ 0.5677905  -0.59831228 -0.99408226]
167.7279543876648,1003,False,0,3,[-0.28101601 -8.04116239  3.79335564],landing,[ 0.63925976  0.24903542 -0.34837281]
167.7279543876648,1004,False,6,5,[8.89600851 9.0706498  1.28148714],waiting,[-0.62185191  0.08809385  0.93462812]
167.7279543876648,1005,False,2,4,[7.50301119 4.195853   4.00000004],cruising,[ 0.50568378 -0.03156594 -0.11489306]
167.8235592842102,1000,False,1,0,[-4.1430635   0.91949119  3.99999996],cruising,[-0.82138112 -0.19970136 -0.21083176]
167.8235592842102,1001,False,4,1,[-6.12726318  3.95682635  4.00000035],cruising,[-0.48080528  0.59740651 -0.20557775]
167.8235592842102,1002,False,5,2,[-7.44923489  7.6094216   3.11460232],entering,[ 0.5677905  -0.59831228 -0.99408226]
167.8235592842102,1003,False,0,3,[-0.29710142 -8.05773731  3.71228971],landing,[ 0.63925976  0.24903542 -0.34837281]
167.8235592842102,1004,False,6,5,[8.89600851 9.0706498  1.28148714],waiting,[-0.62185191  0.08809385  0.93462812]
167.8235592842102,1005,False,2,4,[7.65875024 4.0709911  4.00000003],cruising,[ 0.50568378 -0.03156594 -0.11489306]
167.92194414138794,1000,False,1,0,[-4.25669812  1.084073    3.99999997],cruising,[-0.82138112 -0.19970136 -0.21083176]
167.92194414138794,1001,False,4,1,[-6.20780459  4.13989213  4.0000003 ],cruising,[-0.48080528  0.59740651 -0.20557775]
167.92194414138794,1002,False,5,2,[-7.28639848  7.53297761  3.18960232],entering,[ 0.5677905  -0.59831228 -0.99408226]
167.92194414138794,1003,False,0,3,[-0.31866329 -8.0598565   3.61853364],landing,[ 0.63925976  0.24903542 -0.34837281]
167.92194414138794,1004,False,6,5,[8.89600851 9.0706498  1.28148714],waiting,[-0.62185191  0.08809385  0.93462812]
167.92194414138794,1005,False,2,4,[7.80107339 3.93129636 4.00000003],cruising,[ 0.50568378 -0.03156594 -0.11489306]
168.03034949302673,1000,False,1,0,[-4.37115382  1.24808487  3.99999997],cruising,[-0.82138112 -0.19970136 -0.21083176]
168.03034949302673,1001,False,4,1,[-6.27993309  4.32643296  4.00000025],cruising,[-0.48080528  0.59740651 -0.20557775]
168.03034949302673,1002,False,5,2,[-7.10405954  7.4521006   3.26460232],entering,[ 0.5677905  -0.59831228 -0.99408226]
168.03034949302673,1003,False,0,3,[-0.3417677  -8.05782674  3.52126049],landing,[ 0.63925976  0.24903542 -0.34837281]
168.03034949302673,1004,False,6,5,[8.89600851 9.0706498  1.28148714],waiting,[-0.62185191  0.08809385  0.93462812]
168.03034949302673,1005,False,2,4,[7.92851816 3.77823621 4.00000002],cruising,[ 0.50568378 -0.03156594 -0.11489306]
168.12250232696533,1000,False,1,0,[-4.48666887  1.41135235  3.99999998],cruising,[-0.82138112 -0.19970136 -0.21083176]
168.12250232696533,1001,False,4,1,[-6.336056    4.51839707  4.00000021],cruising,[-0.48080528  0.59740651 -0.20557775]
168.12250232696533,1002,False,5,2,[-6.92022445  7.37333095  3.33960232],entering,[ 0.5677905  -0.59831228 -0.99408226]
168.12250232696533,1003,False,0,3,[-0.3648721  -8.05579698  3.42398733],landing,[ 0.63925976  0.24903542 -0.34837281]
168.12250232696533,1004,False,6,5,[8.89600851 9.0706498  1.28148714],waiting,[-0.62185191  0.08809385  0.93462812]
168.12250232696533,1005,False,2,4,[8.03973503 3.61348608 4.00000002],cruising,[ 0.50568378 -0.03156594 -0.11489306]
168.22460842132568,1000,False,1,0,[-4.60280396  1.57417938  3.99999998],cruising,[-0.82138112 -0.19970136 -0.21083176]
168.22460842132568,1001,False,4,1,[-6.37877729  4.71378103  4.00000018],cruising,[-0.48080528  0.59740651 -0.20557775]
168.22460842132568,1002,False,5,2,[-6.73425491  7.29974203  3.41460232],entering,[ 0.5677905  -0.59831228 -0.99408226]
168.22460842132568,1003,False,0,3,[-0.38797651 -8.05376722  3.32671418],landing,[ 0.63925976  0.24903542 -0.34837281]
168.22460842132568,1004,False,6,5,[8.89600851 9.0706498  1.28148714],waiting,[-0.62185191  0.08809385  0.93462812]
168.22460842132568,1005,False,2,4,[8.13336618 3.43921011 4.00000002],cruising,[ 0.50568378 -0.03156594 -0.11489306]
168.32221031188965,1000,False,1,0,[-4.71917943  1.7368347   3.99999998],cruising,[-0.82138112 -0.19970136 -0.21083176]
168.32221031188965,1001,False,4,1,[-6.40171787  4.9121186   4.00000015],cruising,[-0.48080528  0.59740651 -0.20557775]
168.32221031188965,1002,False,5,2,[-6.54667982  7.2303476   3.48960232],entering,[ 0.5677905  -0.59831228 -0.99408226]
168.32221031188965,1003,False,0,3,[-0.41108092 -8.05173747  3.22944102],landing,[ 0.63925976  0.24903542 -0.34837281]
168.32221031188965,1004,False,6,5,[8.89600851 9.0706498  1.28148714],waiting,[-0.62185191  0.08809385  0.93462812]
168.32221031188965,1005,False,2,4,[8.20898767 3.25623629 4.00000001],cruising,[ 0.50568378 -0.03156594 -0.11489306]
168.4287314414978,1000,False,1,0,[-4.83545874  1.89955876  3.99999999],cruising,[-0.82138112 -0.19970136 -0.21083176]
168.4287314414978,1001,False,4,1,[-6.40466124  5.11079018  4.00000013],cruising,[-0.48080528  0.59740651 -0.20557775]
168.4287314414978,1002,False,5,2,[-6.35739835  7.16575252  3.56460232],entering,[ 0.5677905  -0.59831228 -0.99408226]
168.4287314414978,1003,False,0,3,[-0.43418533 -8.04970771  3.13216787],landing,[ 0.63925976  0.24903542 -0.34837281]
168.4287314414978,1004,False,6,5,[8.89600851 9.0706498  1.28148714],waiting,[-0.62185191  0.08809385  0.93462812]
168.4287314414978,1005,False,2,4,[8.26595648 3.066046   4.00000001],cruising,[ 0.50568378 -0.03156594 -0.11489306]
168.52259612083435,1000,False,1,0,[-4.95133446  2.06257047  3.99999999],cruising,[-0.82138112 -0.19970136 -0.21083176]
168.52259612083435,1001,False,4,1,[-6.38774506  5.30709576  4.0000001 ],cruising,[-0.48080528  0.59740651 -0.20557775]
168.52259612083435,1002,False,5,2,[-6.16606747  7.10750739  3.62991197],entering,[ 0.5677905  -0.59831228 -0.99408226]
168.52259612083435,1003,False,0,3,[-0.45728973 -8.04767795  3.03489472],landing,[ 0.63925976  0.24903542 -0.34837281]
168.52259612083435,1004,False,6,5,[8.89600851 9.0706498  1.28148714],waiting,[-0.62185191  0.08809385  0.93462812]
168.52259612083435,1005,False,2,4,[8.30379625 2.87001788 4.00000001],cruising,[ 0.50568378 -0.03156594 -0.11489306]
168.62583541870117,1000,False,1,0,[-5.06690412  2.22579931  3.99999999],cruising,[-0.82138112 -0.19970136 -0.21083176]
168.62583541870117,1001,False,4,1,[-6.35142767  5.49854405  4.00000008],cruising,[-0.48080528  0.59740651 -0.20557775]
168.62583541870117,1002,False,5,2,[-5.97247852  7.05727472  3.68542518],entering,[ 0.5677905  -0.59831228 -0.99408226]
168.62583541870117,1003,False,0,3,[-0.48039414 -8.04564819  2.93762156],landing,[ 0.63925976  0.24903542 -0.34837281]
168.62583541870117,1004,False,6,5,[8.89600851 9.0706498  1.28148714],queued,[-0.62185191  0.08809385  0.93462812]
168.62583541870117,1005,False,2,4,[8.33284531 2.67213874 4.00000001],cruising,[ 0.50568378 -0.03156594 -0.11489306]
168.73405361175537,1000,False,1,0,[-5.18154478  2.38968195  3.99999999],cruising,[-0.82138112 -0.19970136 -0.21083176]
168.73405361175537,1001,False,4,1,[-6.29645053  5.68279417  4.00000006],cruising,[-0.48080528  0.59740651 -0.20557775]
168.73405361175537,1002,False,5,2,[-5.77689558  7.01547386  3.7326114 ],entering,[ 0.5677905  -0.59831228 -0.99408226]
168.73405361175537,1003,False,0,3,[-0.50349855 -8.04361843  2.84034841],landing,[ 0.63925976  0.24903542 -0.34837281]
168.73405361175537,1004,False,6,5,[8.89600851 9.0706498  1.30148714],queued,[-0.62185191  0.08809385  0.93462812]
168.73405361175537,1005,False,2,4,[8.36139453 2.47418688 4.00000001],cruising,[ 0.50568378 -0.03156594 -0.11489306]
168.8212628364563,1000,False,1,0,[-5.29495626  2.5544176   3.99999999],cruising,[-0.82138112 -0.19970136 -0.21083176]
168.8212628364563,1001,False,4,1,[-6.22372275  5.85782938  4.00000004],cruising,[-0.48080528  0.59740651 -0.20557775]
168.8212628364563,1002,False,5,2,[-5.57962188  6.98256358  3.77271969],entering,[ 0.5677905  -0.59831228 -0.99408226]
168.8212628364563,1003,False,0,3,[-0.52660296 -8.04158867  2.74307526],landing,[ 0.63925976  0.24903542 -0.34837281]
168.8212628364563,1004,False,6,5,[8.89600851 9.0706498  1.34148714],queued,[-0.62185191  0.08809385  0.93462812]
168.8212628364563,1005,False,2,4,[8.385154   2.27560317 4.00000001],cruising,[ 0.50568378 -0.03156594 -0.11489306]
168.925194978714,1000,False,1,0,[-5.4068267   2.72020362  3.99999999],cruising,[-0.82138112 -0.19970136 -0.21083176]
168.925194978714,1001,False,4,1,[-6.13446182  6.02161047  4.00000003],cruising,[-0.48080528  0.59740651 -0.20557775]
168.925194978714,1002,False,5,2,[-5.38069297  6.96189262  3.80681174],entering,[ 0.5677905  -0.59831228 -0.99408226]
168.925194978714,1003,False,0,3,[-0.54970736 -8.03955892  2.6458021 ],landing,[ 0.63925976  0.24903542 -0.34837281]
168.925194978714,1004,False,6,5,[8.89600851 9.0706498  1.40148714],queued,[-0.62185191  0.08809385  0.93462812]
168.925194978714,1005,False,2,4,[8.40797501 2.07690943 4.        ],cruising,[ 0.50568378 -0.03156594 -0.11489306]
169.02685832977295,1000,False,1,0,[-5.51681945  2.88724133  3.99999999],cruising,[-0.82138112 -0.19970136 -0.21083176]
169.02685832977295,1001,False,4,1,[-6.02967319  6.17278638  4.00000001],cruising,[-0.48080528  0.59740651 -0.20557775]
169.02685832977295,1002,False,5,2,[-5.18095583  6.95164201  3.83578998],entering,[ 0.5677905  -0.59831228 -0.99408226]
169.02685832977295,1003,False,0,3,[-0.57281177 -8.03752916  2.54852895],landing,[ 0.63925976  0.24903542 -0.34837281]
169.02685832977295,1004,False,6,5,[8.89600851 9.0706498  1.47648714],queued,[-0.62185191  0.08809385  0.93462812]
169.02685832977295,1005,False,2,4,[8.42635651 1.87775592 4.        ],cruising,[ 0.50568378 -0.03156594 -0.11489306]
169.13326740264893,1000,False,1,0,[-5.62572406  3.05499051  4.        ],cruising,[-0.82138112 -0.19970136 -0.21083176]
169.13326740264893,1001,False,4,1,[-5.91027311  6.31030559  4.        ],cruising,[-0.48080528  0.59740651 -0.20557775]
169.13326740264893,1002,False,5,2,[-4.98095583  6.95162525  3.86042148],cruising,[ 0.5677905  -0.59831228 -0.99408226]
169.13326740264893,1003,False,0,3,[-0.59591618 -8.0354994   2.4512558 ],landing,[ 0.63925976  0.24903542 -0.34837281]
169.13326740264893,1004,False,6,5,[8.89600851 9.0706498  1.55148714],entering,[-0.62185191  0.08809385  0.93462812]
169.13326740264893,1005,False,2,4,[8.44358613 1.67849946 4.        ],cruising,[ 0.50568378 -0.03156594 -0.11489306]
169.2227554321289,1000,False,1,0,[-5.73190907  3.22447426  4.        ],cruising,[-0.82138112 -0.19970136 -0.21083176]
169.2227554321289,1001,False,4,1,[-5.77714782  6.43327768  3.99999999],cruising,[-0.48080528  0.59740651 -0.20557775]
169.2227554321289,1002,False,5,2,[-4.78119303  6.96136299  3.88135826],cruising,[ 0.5677905  -0.59831228 -0.99408226]
169.2227554321289,1003,False,0,3,[-0.61902059 -8.03346964  2.35398264],landing,[ 0.63925976  0.24903542 -0.34837281]
169.2227554321289,1004,False,6,5,[8.89178022 9.05110187 1.62648714],entering,[-0.62185191  0.08809385  0.93462812]
169.2227554321289,1005,False,2,4,[8.45674444 1.47893278 4.        ],cruising,[ 0.50568378 -0.03156594 -0.11489306]
169.32687163352966,1000,False,1,0,[-5.83490535  3.39591453  4.        ],cruising,[-0.82138112 -0.19970136 -0.21083176]
169.32687163352966,1001,False,4,1,[-5.63112058  6.54096778  3.99999999],cruising,[-0.48080528  0.59740651 -0.20557775]
169.32687163352966,1002,False,5,2,[-4.58203391  6.97968365  3.89915452],cruising,[ 0.5677905  -0.59831228 -0.99408226]
169.32687163352966,1003,False,0,3,[-0.642125   -8.03143988  2.25670949],landing,[ 0.63925976  0.24903542 -0.34837281]
169.32687163352966,1004,False,6,5,[8.88332364 9.01200601 1.70148714],entering,[-0.62185191  0.08809385  0.93462812]
169.32687163352966,1005,False,2,4,[8.46863971 1.27928684 4.        ],cruising,[ 0.50568378 -0.03156594 -0.11489306]
169.42470002174377,1000,False,1,0,[-5.93414328  3.56955737  4.        ],cruising,[-0.82138112 -0.19970136 -0.21083176]
169.42470002174377,1001,False,4,1,[-5.47291792  6.63279094  3.99999998],cruising,[-0.48080528  0.59740651 -0.20557775]
169.42470002174377,1002,False,5,2,[-4.38364133  7.00498941  3.91428134],cruising,[ 0.5677905  -0.59831228 -0.99408226]
169.42470002174377,1003,False,0,3,[-0.6652294  -8.02941012  2.15943633],landing,[ 0.63925976  0.24903542 -0.34837281]
169.42470002174377,1004,False,6,5,[8.87063877 8.95336222 1.77648714],entering,[-0.62185191  0.08809385  0.93462812]
169.42470002174377,1005,False,2,4,[8.47899128 1.0795549  4.        ],cruising,[ 0.50568378 -0.03156594 -0.11489306]
169.5289328098297,1000,False,1,0,[-6.0289207   3.74567448  4.        ],cruising,[-0.82138112 -0.19970136 -0.21083176]
169.5289328098297,1001,False,4,1,[-5.30312544  6.70831454  3.99999998],cruising,[-0.48080528  0.59740651 -0.20557775]
169.5289328098297,1002,False,5,2,[-4.18598646  7.03552715  3.92713914],cruising,[ 0.5677905  -0.59831228 -0.99408226]
169.5289328098297,1003,False,0,3,[-0.68833381 -8.02738036  2.06216318],landing,[ 0.63925976  0.24903542 -0.34837281]
169.5289328098297,1004,False,6,5,[8.8537256  8.8751705  1.85148714],entering,[-0.62185191  0.08809385  0.93462812]
169.5289328098297,1005,False,2,4,[8.4853399  0.87965569 4.        ],cruising,[ 0.50568378 -0.03156594 -0.11489306]
169.6277027130127,1000,False,1,0,[-6.11836024  3.92456151  4.        ],cruising,[-0.82138112 -0.19970136 -0.21083176]
169.6277027130127,1001,False,4,1,[-5.1221496   6.76725705  3.99999998],cruising,[-0.48080528  0.59740651 -0.20557775]
169.6277027130127,1002,False,5,2,[-3.98890794  7.06958674  3.93806827],cruising,[ 0.5677905  -0.59831228 -0.99408226]
169.6277027130127,1003,False,0,3,[-0.71143822 -8.02535061  1.96489003],landing,[ 0.63925976  0.24903542 -0.34837281]
169.6277027130127,1004,False,6,5,[8.83258883 8.77742984 1.92648714],entering,[-0.62185191  0.08809385  0.93462812]
169.6277027130127,1005,False,2,4,[8.49021336 0.67971508 4.        ],cruising,[ 0.50568378 -0.03156594 -0.11489306]
169.72400641441345,1000,False,1,0,[-6.20135202  4.10652954  4.        ],cruising,[-0.82138112 -0.19970136 -0.21083176]
169.72400641441345,1001,False,4,1,[-4.9304657   6.80930762  3.99999998],cruising,[-0.48080528  0.59740651 -0.20557775]
169.72400641441345,1002,False,5,2,[-3.79217841  7.10560747  3.94735803],cruising,[ 0.5677905  -0.59831228 -0.99408226]
169.72400641441345,1003,False,0,3,[-0.73454263 -8.02332085  1.86761687],landing,[ 0.63925976  0.24903542 -0.34837281]
169.72400641441345,1004,False,6,5,[8.80738676 8.6601067  2.00148714],entering,[-0.62185191  0.08809385  0.93462812]
169.72400641441345,1005,False,2,4,[8.49341538 0.47974071 4.        ],cruising,[ 0.50568378 -0.03156594 -0.11489306]
169.83028054237366,1000,False,1,0,[-6.2722343   4.29354746  4.        ],cruising,[-0.82138112 -0.19970136 -0.21083176]
169.83028054237366,1001,False,4,1,[-4.73398131  6.84664237  3.99999998],cruising,[-0.48080528  0.59740651 -0.20557775]
169.83028054237366,1002,False,5,2,[-3.59511538  7.13975657  3.95525432],cruising,[ 0.5677905  -0.59831228 -0.99408226]
169.83028054237366,1003,False,0,3,[-0.75764703 -8.02129109  1.77034372],landing,[ 0.63925976  0.24903542 -0.34837281]
169.83028054237366,1004,False,6,5,[8.77836493 8.52315172 2.07648714],entering,[-0.62185191  0.08809385  0.93462812]
169.83028054237366,1005,False,2,4,[8.49274841 0.27974182 4.        ],cruising,[ 0.50568378 -0.03156594 -0.11489306]
169.92202711105347,1000,False,1,0,[-6.33326168  4.48400916  4.        ],cruising,[-0.82138112 -0.19970136 -0.21083176]
169.92202711105347,1001,False,4,1,[-4.53843692  6.8886232   3.99999999],cruising,[-0.48080528  0.59740651 -0.20557775]
169.92202711105347,1002,False,5,2,[-3.39801875  7.17371127  3.96196618],cruising,[ 0.5677905  -0.59831228 -0.99408226]
169.92202711105347,1003,False,0,3,[-0.78075144 -8.01926133  1.67307057],landing,[ 0.63925976  0.24903542 -0.34837281]
169.92202711105347,1004,False,6,5,[8.74592712 8.36649062 2.15148714],entering,[-0.62185191  0.08809385  0.93462812]
169.92202711105347,1005,False,2,4,[8.4905077  0.07975437 4.        ],cruising,[ 0.50568378 -0.03156594 -0.11489306]
170.02775764465332,1000,False,1,0,[-6.37496088  4.67961106  4.        ],cruising,[-0.82138112 -0.19970136 -0.21083176]
170.02775764465332,1001,False,4,1,[-4.34357278  6.93365615  3.99999999],cruising,[-0.48080528  0.59740651 -0.20557775]
170.02775764465332,1002,False,5,2,[-3.20069066  7.20629381  3.96767125],cruising,[ 0.5677905  -0.59831228 -0.99408226]
170.02775764465332,1003,False,0,3,[-0.80385585 -8.01723157  1.57579741],landing,[ 0.63925976  0.24903542 -0.34837281]
170.02775764465332,1004,False,6,5,[8.71041524 8.19006718 2.22648714],entering,[-0.62185191  0.08809385  0.93462812]
170.02775764465332,1005,False,2,4,[ 8.48652431 -0.12020595  4.        ],cruising,[ 0.50568378 -0.03156594 -0.11489306]
170.12108206748962,1000,False,1,0,[-6.39687215  4.87811779  4.        ],cruising,[-0.82138112 -0.19970136 -0.21083176]
170.12108206748962,1001,False,4,1,[-4.1490902   6.98030941  3.99999999],cruising,[-0.48080528  0.59740651 -0.20557775]
170.12108206748962,1002,False,5,2,[-3.00258608  7.23376337  3.97252056],cruising,[ 0.5677905  -0.59831228 -0.99408226]
170.12108206748962,1003,False,0,3,[-0.82696026 -8.01520181  1.47852426],fake_landed,[ 0.63925976  0.24903542 -0.34837281]
170.12108206748962,1004,False,6,5,[8.67186677 7.9938756  2.30148714],entering,[-0.62185191  0.08809385  0.93462812]
170.12108206748962,1005,False,2,4,[ 8.48066214 -0.32012002  4.        ],cruising,[ 0.50568378 -0.03156594 -0.11489306]
170.22864627838135,1000,False,1,0,[-6.39880694  5.07759413  4.        ],cruising,[-0.82138112 -0.19970136 -0.21083176]
170.22864627838135,1001,False,4,1,[-3.95469927  7.02734308  3.99999999],cruising,[-0.48080528  0.59740651 -0.20557775]
170.22864627838135,1002,False,5,2,[-2.80407644  7.25813393  3.97664248],cruising,[ 0.5677905  -0.59831228 -0.99408226]
170.22864627838135,1003,False,0,3,[-0.84544378 -8.01357801  1.40070574],fake_landed,[ 0.63925976  0.24903542 -0.34837281]
170.22864627838135,1004,False,6,5,[8.63330973 7.7976274  2.37648714],entering,[-0.62185191  0.08809385  0.93462812]
170.22864627838135,1005,False,2,4,[ 8.47077324 -0.5198754   4.        ],cruising,[ 0.50568378 -0.03156594 -0.11489306]
170.32157492637634,1000,False,1,0,[-6.38089681  5.27458469  4.        ],cruising,[-0.82138112 -0.19970136 -0.21083176]
170.32157492637634,1001,False,4,1,[-3.75958333  7.07127223  3.99999999],cruising,[-0.48080528  0.59740651 -0.20557775]
170.32157492637634,1002,False,5,2,[-2.60480536  7.27519367  3.98014611],cruising,[ 0.5677905  -0.59831228 -0.99408226]
170.32157492637634,1003,False,0,3,[-0.85930643 -8.01236015  1.34234184],fake_landed,[ 0.63925976  0.24903542 -0.34837281]
170.32157492637634,1004,False,6,5,[8.59533657 7.60126539 2.45148714],entering,[-0.62185191  0.08809385  0.93462812]
170.32157492637634,1005,False,2,4,[ 8.45912148 -0.7195357   4.        ],cruising,[ 0.50568378 -0.03156594 -0.11489306]
170.42324924468994,1000,False,1,0,[-6.34358427  5.46672277  4.        ],cruising,[-0.82138112 -0.19970136 -0.21083176]
170.42324924468994,1001,False,4,1,[-3.56421333  7.1140573   3.99999999],cruising,[-0.48080528  0.59740651 -0.20557775]
170.42324924468994,1002,False,5,2,[-2.4051642   7.28716905  3.98312419],cruising,[ 0.5677905  -0.59831228 -0.99408226]
170.42324924468994,1003,False,0,3,[-0.86854819 -8.01154825  1.30343258],fake_landed,[ 0.63925976  0.24903542 -0.34837281]
170.42324924468994,1004,False,6,5,[8.55995449 7.40442    2.52648714],entering,[-0.62185191  0.08809385  0.93462812]
170.42324924468994,1005,False,2,4,[ 8.44554225 -0.91907418  4.        ],cruising,[ 0.50568378 -0.03156594 -0.11489306]
170.52238130569458,1000,False,1,0,[-6.28747489  5.65202868  4.        ],cruising,[-0.82138112 -0.19970136 -0.21083176]
170.52238130569458,1001,False,4,1,[-3.3684037   7.1547831   3.99999999],cruising,[-0.48080528  0.59740651 -0.20557775]
170.52238130569458,1002,False,5,2,[-2.20516983  7.28866948  3.98565556],cruising,[ 0.5677905  -0.59831228 -0.99408226]
170.52238130569458,1003,False,0,3,[-0.87316907 -8.0111423   1.28397795],fake_landed,[ 0.63925976  0.24903542 -0.34837281]
170.52238130569458,1004,False,6,5,[8.5257683  7.2073634  2.60148714],entering,[-0.62185191  0.08809385  0.93462812]
170.52238130569458,1005,False,2,4,[ 8.42989077 -1.11846082  4.        ],cruising,[ 0.50568378 -0.03156594 -0.11489306]
170.6210379600525,1000,False,1,0,[-6.21350432  5.8283358   4.        ],cruising,[-0.82138112 -0.19970136 -0.21083176]
170.6210379600525,1001,False,4,1,[-3.17154377  7.19008421  4.        ],cruising,[-0.48080528  0.59740651 -0.20557775]
170.6210379600525,1002,False,5,2,[-2.00581327  7.27263944  3.98780723],cruising,[ 0.5677905  -0.59831228 -0.99408226]
170.6210379600525,1003,False,0,3,[-0.87316907 -8.0111423   1.28397795],fake_landed,[ 0.63925976  0.24903542 -0.34837281]
170.6210379600525,1004,False,6,5,[8.4915821  7.0103068  2.67648714],entering,[-0.62185191  0.08809385  0.93462812]
170.6210379600525,1005,False,2,4,[ 8.40982989 -1.31745218  4.        ],cruising,[ 0.50568378 -0.03156594 -0.11489306]
170.73181056976318,1000,False,1,0,[-6.12276061  5.99374974  4.        ],cruising,[-0.82138112 -0.19970136 -0.21083176]
170.73181056976318,1001,False,4,1,[-2.97411991  7.2220814   4.        ],cruising,[-0.48080528  0.59740651 -0.20557775]
170.73181056976318,1002,False,5,2,[-1.80890012  7.23763641  3.98963614],cruising,[ 0.5677905  -0.59831228 -0.99408226]
170.73181056976318,1003,False,3,6,[-0.87316907 -8.0111423   1.28397795],waiting,[ 0.63925976  0.24903542 -0.34837281]
170.73181056976318,1004,False,6,5,[8.45887849 6.81299873 2.75148714],entering,[-0.62185191  0.08809385  0.93462812]
170.73181056976318,1005,False,2,4,[ 8.38774684 -1.51622928  4.        ],cruising,[ 0.50568378 -0.03156594 -0.11489306]
170.83165001869202,1000,False,1,0,[-6.01650705  6.14653653  4.        ],cruising,[-0.82138112 -0.19970136 -0.21083176]
170.83165001869202,1001,False,4,1,[-2.77568442  7.24704848  4.        ],cruising,[-0.48080528  0.59740651 -0.20557775]
170.83165001869202,1002,False,5,2,[-1.61564779  7.18612394  3.99119072],cruising,[ 0.5677905  -0.59831228 -0.99408226]
170.83165001869202,1003,False,3,6,[-0.87316907 -8.0111423   1.28397795],waiting,[ 0.63925976  0.24903542 -0.34837281]
170.83165001869202,1004,False,6,5,[8.42973144 6.615134   2.82648714],entering,[-0.62185191  0.08809385  0.93462812]
170.83165001869202,1005,False,2,4,[ 8.36343572 -1.71474621  4.        ],cruising,[ 0.50568378 -0.03156594 -0.11489306]
170.9361596107483,1000,False,1,0,[-5.89564973  6.2856584   4.        ],cruising,[-0.82138112 -0.19970136 -0.21083176]
170.9361596107483,1001,False,4,1,[-2.5767026   7.26720371  4.        ],cruising,[-0.48080528  0.59740651 -0.20557775]
170.9361596107483,1002,False,5,2,[-1.42665064  7.12070165  3.99251211],cruising,[ 0.5677905  -0.59831228 -0.99408226]
170.9361596107483,1003,False,3,6,[-0.87316907 -8.0111423   1.28397795],waiting,[ 0.63925976  0.24903542 -0.34837281]
170.9361596107483,1004,False,6,5,[8.40058439 6.41726928 2.90148714],entering,[-0.62185191  0.08809385  0.93462812]
170.9361596107483,1005,False,2,4,[ 8.33426616 -1.91260762  4.        ],cruising,[ 0.50568378 -0.03156594 -0.11489306]
171.03482604026794,1000,False,1,0,[-5.76107124  6.41022934  4.        ],cruising,[-0.82138112 -0.19970136 -0.21083176]
171.03482604026794,1001,False,4,1,[-2.37698936  7.27790992  4.        ],cruising,[-0.48080528  0.59740651 -0.20557775]
171.03482604026794,1002,False,5,2,[-1.2419898   7.04388774  3.9936353 ],cruising,[ 0.5677905  -0.59831228 -0.99408226]
171.03482604026794,1003,False,3,6,[-0.87316907 -8.0111423   1.28397795],waiting,[ 0.63925976  0.24903542 -0.34837281]
171.03482604026794,1004,False,6,5,[8.37395237 6.21905037 2.97648714],entering,[-0.62185191  0.08809385  0.93462812]
171.03482604026794,1005,False,2,4,[ 8.30277464 -2.11011277  4.        ],cruising,[ 0.50568378 -0.03156594 -0.11489306]
171.1217052936554,1000,False,1,0,[-5.61359701  6.51951304  4.        ],cruising,[-0.82138112 -0.19970136 -0.21083176]
171.1217052936554,1001,False,4,1,[-2.17699052  7.27722878  4.        ],cruising,[-0.48080528  0.59740651 -0.20557775]
171.1217052936554,1002,False,5,2,[-1.05995987  6.96103182  3.99459   ],cruising,[ 0.5677905  -0.59831228 -0.99408226]
171.1217052936554,1003,False,3,6,[-0.87316907 -8.0111423   1.28397795],waiting,[ 0.63925976  0.24903542 -0.34837281]
171.1217052936554,1004,False,6,5,[8.35045797 6.02043513 3.05148714],entering,[-0.62185191  0.08809385  0.93462812]
171.1217052936554,1005,False,2,4,[ 8.26868142 -2.30718547  4.        ],cruising,[ 0.50568378 -0.03156594 -0.11489306]
171.22297048568726,1000,False,1,0,[-5.45396134  6.61291909  4.        ],cruising,[-0.82138112 -0.19970136 -0.21083176]
171.22297048568726,1001,False,4,1,[-1.97802432  7.25691988  4.        ],cruising,[-0.48080528  0.59740651 -0.20557775]
171.22297048568726,1002,False,5,2,[-0.88196874  6.86982241  3.9954015 ],cruising,[ 0.5677905  -0.59831228 -0.99408226]
171.22297048568726,1003,False,3,6,[-0.87316907 -8.0111423   1.28397795],waiting,[ 0.63925976  0.24903542 -0.34837281]
171.22297048568726,1004,False,6,5,[8.32818087 5.82167968 3.12648714],entering,[-0.62185191  0.08809385  0.93462812]
171.22297048568726,1005,False,2,4,[ 8.22879873 -2.50316856  4.        ],cruising,[ 0.50568378 -0.03156594 -0.11489306]
171.33023262023926,1000,False,1,0,[-5.28280015  6.68998004  4.        ],cruising,[-0.82138112 -0.19970136 -0.21083176]
171.33023262023926,1001,False,4,1,[-1.78068905  7.2243808   4.        ],cruising,[-0.48080528  0.59740651 -0.20557775]
171.33023262023926,1002,False,5,2,[-0.70731896  6.77236753  3.99609128],cruising,[ 0.5677905  -0.59831228 -0.99408226]
171.33023262023926,1003,False,3,6,[-0.87316907 -8.0111423   1.28397795],waiting,[ 0.63925976  0.24903542 -0.34837281]
171.33023262023926,1004,False,6,5,[8.31078805 5.62243739 3.20148714],entering,[-0.62185191  0.08809385  0.93462812]
171.33023262023926,1005,False,2,4,[ 8.18604833 -2.69854615  4.        ],cruising,[ 0.50568378 -0.03156594 -0.11489306]
171.42264533042908,1000,False,1,0,[-5.10089237  6.75017355  4.        ],cruising,[-0.82138112 -0.19970136 -0.21083176]
171.42264533042908,1001,False,4,1,[-1.5870703   7.17426314  4.        ],cruising,[-0.48080528  0.59740651 -0.20557775]
171.42264533042908,1002,False,5,2,[-0.5343316   6.67199137  3.99667758],cruising,[ 0.5677905  -0.59831228 -0.99408226]
171.42264533042908,1003,False,3,6,[-0.87316907 -8.0111423   1.28397795],waiting,[ 0.63925976  0.24903542 -0.34837281]
171.42264533042908,1004,False,6,5,[8.29609845 5.42297758 3.27648714],entering,[-0.62185191  0.08809385  0.93462812]
171.42264533042908,1005,False,2,4,[ 8.13667933 -2.89235715  4.        ],cruising,[ 0.50568378 -0.03156594 -0.11489306]
171.52298736572266,1000,False,1,0,[-4.90806185  6.79361314  4.        ],cruising,[-0.82138112 -0.19970136 -0.21083176]
171.52298736572266,1001,False,4,1,[-1.39785767  7.1094667   4.        ],cruising,[-0.48080528  0.59740651 -0.20557775]
171.52298736572266,1002,False,5,2,[-0.3636177   6.56779556  3.99717595],cruising,[ 0.5677905  -0.59831228 -0.99408226]
171.52298736572266,1003,False,3,6,[-0.87316907 -8.0111423   1.28397795],queued,[ 0.63925976  0.24903542 -0.34837281]
171.52298736572266,1004,False,6,5,[8.28498663 5.2232865  3.35148714],entering,[-0.62185191  0.08809385  0.93462812]
171.52298736572266,1005,False,2,4,[ 8.08391445 -3.08527129  4.        ],cruising,[ 0.50568378 -0.03156594 -0.11489306]
171.6208038330078,1000,False,1,0,[-4.71251055  6.8355618   4.        ],cruising,[-0.82138112 -0.19970136 -0.21083176]
171.6208038330078,1001,False,4,1,[-1.21315499  7.03275345  4.        ],cruising,[-0.48080528  0.59740651 -0.20557775]
171.6208038330078,1002,False,5,2,[-0.19435702  6.46125532  3.99759956],cruising,[ 0.5677905  -0.59831228 -0.99408226]
171.6208038330078,1003,False,3,6,[-0.87316907 -8.0111423   1.30397795],queued,[ 0.63925976  0.24903542 -0.34837281]
171.6208038330078,1004,False,6,5,[8.28001543 5.02334829 3.42648714],entering,[-0.62185191  0.08809385  0.93462812]
171.6208038330078,1005,False,2,4,[ 8.02313331 -3.27581172  4.        ],cruising,[ 0.50568378 -0.03156594 -0.11489306]
171.72185921669006,1000,False,1,0,[-4.51780587  6.88127926  4.        ],cruising,[-0.82138112 -0.19970136 -0.21083176]
171.72185921669006,1001,False,4,1,[-1.03265603  6.9466133   4.        ],cruising,[-0.48080528  0.59740651 -0.20557775]
171.72185921669006,1002,False,5,2,[-0.02552068  6.3540439   3.99795962],cruising,[ 0.5677905  -0.59831228 -0.99408226]
171.72185921669006,1003,False,3,6,[-0.87316907 -8.0111423   1.34397795],queued,[ 0.63925976  0.24903542 -0.34837281]
171.72185921669006,1004,False,6,5,[8.28055426 4.82334902 3.50148714],entering,[-0.62185191  0.08809385  0.93462812]
171.72185921669006,1005,False,2,4,[ 7.95811413 -3.46494793  4.        ],exiting,[ 0.50568378 -0.03156594 -0.11489306]
171.82255935668945,1000,False,1,0,[-4.32364946  6.92927187  4.        ],cruising,[-0.82138112 -0.19970136 -0.21083176]
171.82255935668945,1001,False,4,1,[-0.85580497  6.85321254  4.        ],cruising,[-0.48080528  0.59740651 -0.20557775]
171.82255935668945,1002,False,5,2,[0.14298676 6.24631627 3.99826568],cruising,[ 0.5677905  -0.59831228 -0.99408226]
171.82255935668945,1003,False,3,6,[-0.87316907 -8.0111423   1.40397795],queued,[ 0.63925976  0.24903542 -0.34837281]
171.82255935668945,1004,False,6,5,[8.28521704 4.62340338 3.57626407],entering,[-0.62185191  0.08809385  0.93462812]
171.82255935668945,1005,False,2,4,[ 7.90669339 -3.63941845  4.        ],exiting,[ 0.50568378 -0.03156594 -0.11489306]
171.93321561813354,1000,False,1,0,[-4.12973326  6.97822598  4.        ],cruising,[-0.82138112 -0.19970136 -0.21083176]
171.93321561813354,1001,False,4,1,[-0.6808784   6.75625535  4.        ],cruising,[-0.48080528  0.59740651 -0.20557775]
171.93321561813354,1002,False,5,2,[0.31175308 6.13899464 3.99852583],cruising,[ 0.5677905  -0.59831228 -0.99408226]
171.93321561813354,1003,False,3,6,[-0.87316907 -8.0111423   1.47897795],queued,[ 0.63925976  0.24903542 -0.34837281]
171.93321561813354,1004,False,6,5,[8.29457444 4.4236224  3.63982446],entering,[-0.62185191  0.08809385  0.93462812]
171.93321561813354,1005,False,2,4,[ 7.86901926 -3.79936209  4.        ],exiting,[ 0.50568378 -0.03156594 -0.11489306]
172.02907276153564,1000,False,1,0,[-3.93518036  7.02458515  4.        ],cruising,[-0.82138112 -0.19970136 -0.21083176]
172.02907276153564,1001,False,4,1,[-0.50867578  6.65453881  4.        ],cruising,[-0.48080528  0.59740651 -0.20557775]
172.02907276153564,1002,False,5,2,[0.4810329  6.03248483 3.99874695],cruising,[ 0.5677905  -0.59831228 -0.99408226]
172.02907276153564,1003,False,3,6,[-0.87316907 -8.0111423   1.55397795],queued,[ 0.63925976  0.24903542 -0.34837281]
172.02907276153564,1004,False,6,5,[8.30683356 4.22399847 3.69385079],entering,[-0.62185191  0.08809385  0.93462812]
172.02907276153564,1005,False,2,4,[ 7.84527437 -3.94495383  4.        ],exiting,[ 0.50568378 -0.03156594 -0.11489306]
172.12620735168457,1000,False,1,0,[-3.74047385  7.0702948   4.        ],cruising,[-0.82138112 -0.19970136 -0.21083176]
172.12620735168457,1001,False,4,1,[-0.33771173  6.55075397  4.        ],cruising,[-0.48080528  0.59740651 -0.20557775]
172.12620735168457,1002,False,5,2,[0.65145978 5.92782023 3.99893491],cruising,[ 0.5677905  -0.59831228 -0.99408226]
172.12620735168457,1003,False,3,6,[-0.87316907 -8.0111423   1.62897795],queued,[ 0.63925976  0.24903542 -0.34837281]
172.12620735168457,1004,False,6,5,[8.31645089 4.02422983 3.73977317],entering,[-0.62185191  0.08809385  0.93462812]
172.12620735168457,1005,False,2,4,[ 7.83569174 -4.07642361  4.        ],exiting,[ 0.50568378 -0.03156594 -0.11489306]
172.23045444488525,1000,False,1,0,[-3.54539964  7.1144089   4.        ],cruising,[-0.82138112 -0.19970136 -0.21083176]
172.23045444488525,1001,False,4,1,[-0.16830847  6.44444058  4.        ],cruising,[-0.48080528  0.59740651 -0.20557775]
172.23045444488525,1002,False,5,2,[0.82301511 5.82501571 3.99909467],cruising,[ 0.5677905  -0.59831228 -0.99408226]
172.23045444488525,1003,False,3,6,[-0.87316907 -8.0111423   1.70397795],queued,[ 0.63925976  0.24903542 -0.34837281]
172.23045444488525,1004,False,6,5,[8.33129898 3.82478176 3.7788072 ],cruising,[-0.62185191  0.08809385  0.93462812]
172.23045444488525,1005,False,2,4,[ 7.8404513  -4.19395417  4.        ],exiting,[ 0.50568378 -0.03156594 -0.11489306]
172.32346105575562,1000,False,1,0,[-3.34979224  7.15609517  4.        ],cruising,[-0.82138112 -0.19970136 -0.21083176]
172.32346105575562,1001,False,4,1,[6.14568244e-04 6.33736581e+00 4.00000000e+00],cruising,[-0.48080528  0.59740651 -0.20557775]
172.32346105575562,1002,False,5,2,[0.99661803 5.72570797 3.99923047],cruising,[ 0.5677905  -0.59831228 -0.99408226]
172.32346105575562,1003,False,3,6,[-0.87316907 -8.0111423   1.77897795],queued,[ 0.63925976  0.24903542 -0.34837281]
172.32346105575562,1004,False,6,5,[8.34033718 3.62498609 3.81198612],cruising,[-0.62185191  0.08809385  0.93462812]
172.32346105575562,1005,False,2,4,[ 7.85973179 -4.29773182  4.        ],exiting,[ 0.50568378 -0.03156594 -0.11489306]
172.43173146247864,1000,False,1,0,[-3.15304582  7.19202351  4.        ],cruising,[-0.82138112 -0.19970136 -0.21083176]
172.43173146247864,1001,False,4,1,[0.16916965 6.22971273 4.        ],cruising,[-0.48080528  0.59740651 -0.20557775]
172.43173146247864,1002,False,5,2,[1.17184983 5.62930353 3.9993459 ],cruising,[ 0.5677905  -0.59831228 -0.99408226]
172.43173146247864,1003,False,3,6,[-0.87316907 -8.0111423   1.85397795],entering,[ 0.63925976  0.24903542 -0.34837281]
172.43173146247864,1004,False,6,5,[8.34774375 3.42512328 3.8401882 ],cruising,[-0.62185191  0.08809385  0.93462812]
172.43173146247864,1005,False,2,4,[ 7.8873089  -4.39385415  4.        ],exiting,[ 0.50568378 -0.03156594 -0.11489306]
172.5334346294403,1000,False,1,0,[-2.95568681  7.2244183   4.        ],cruising,[-0.82138112 -0.19970136 -0.21083176]
172.5334346294403,1001,False,4,1,[0.33797156 6.12244711 4.        ],cruising,[-0.48080528  0.59740651 -0.20557775]
172.5334346294403,1002,False,5,2,[1.34894189 5.53636052 3.99944402],cruising,[ 0.5677905  -0.59831228 -0.99408226]
172.5334346294403,1003,False,3,6,[-0.87966057 -7.9922251   1.92897795],entering,[ 0.63925976  0.24903542 -0.34837281]
172.5334346294403,1004,False,6,5,[8.36123482 3.22557882 3.86415997],cruising,[-0.62185191  0.08809385  0.93462812]
172.5334346294403,1005,False,2,4,[ 7.91488601 -4.48997649  4.        ],exiting,[ 0.50568378 -0.03156594 -0.11489306]
172.62608003616333,1000,False,1,0,[-2.75727084  7.24954006  4.        ],cruising,[-0.82138112 -0.19970136 -0.21083176]
172.62608003616333,1001,False,4,1,[0.50751275 6.01635381 4.        ],cruising,[-0.48080528  0.59740651 -0.20557775]
172.62608003616333,1002,False,5,2,[1.52908107 5.44947052 3.99952741],cruising,[ 0.5677905  -0.59831228 -0.99408226]
172.62608003616333,1003,False,3,6,[-0.89264357 -7.9543907   2.00397795],entering,[ 0.63925976  0.24903542 -0.34837281]
172.62608003616333,1004,False,6,5,[8.37334947 3.02594607 3.88453597],cruising,[-0.62185191  0.08809385  0.93462812]
172.62608003616333,1005,False,2,4,[ 7.94246312 -4.58609882  4.        ],exiting,[ 0.50568378 -0.03156594 -0.11489306]
172.73287105560303,1000,False,1,0,[-2.55828961  7.26970109  4.        ],cruising,[-0.82138112 -0.19970136 -0.21083176]
172.73287105560303,1001,False,4,1,[0.67794832 5.91170336 4.        ],cruising,[-0.48080528  0.59740651 -0.20557775]
172.73287105560303,1002,False,5,2,[1.71134858 5.36713852 3.9995983 ],cruising,[ 0.5677905  -0.59831228 -0.99408226]
172.73287105560303,1003,False,3,6,[-0.91211808 -7.8976391   2.07897795],entering,[ 0.63925976  0.24903542 -0.34837281]
172.73287105560303,1004,False,6,5,[8.38485657 2.82627738 3.90185558],cruising,[-0.62185191  0.08809385  0.93462812]
172.73287105560303,1005,False,2,4,[ 7.97004022 -4.68222115  4.        ],exiting,[ 0.50568378 -0.03156594 -0.11489306]
172.83321833610535,1000,False,1,0,[-2.3585663  7.2802178  4.       ],cruising,[-0.82138112 -0.19970136 -0.21083176]
172.83321833610535,1001,False,4,1,[0.85008577 5.80987656 4.        ],cruising,[-0.48080528  0.59740651 -0.20557775]
172.83321833610535,1002,False,5,2,[1.89588931 5.29003652 3.99965856],cruising,[ 0.5677905  -0.59831228 -0.99408226]
172.83321833610535,1003,False,3,6,[-0.93808408 -7.82197031  2.15397795],entering,[ 0.63925976  0.24903542 -0.34837281]
172.83321833610535,1004,False,6,5,[8.39987418 2.62684199 3.91657724],cruising,[-0.62185191  0.08809385  0.93462812]
172.83321833610535,1005,False,2,4,[ 7.99761733 -4.77834349  4.        ],exiting,[ 0.50568378 -0.03156594 -0.11489306]
172.93491959571838,1000,False,1,0,[-2.15856912  7.27915656  4.        ],cruising,[-0.82138112 -0.19970136 -0.21083176]
172.93491959571838,1001,False,4,1,[1.02366257 5.71052318 4.        ],cruising,[-0.48080528  0.59740651 -0.20557775]
172.93491959571838,1002,False,5,2,[2.08388124 5.22177942 3.99970977],cruising,[ 0.5677905  -0.59831228 -0.99408226]
172.93491959571838,1003,False,3,6,[-0.97054158 -7.72738431  2.22897795],entering,[ 0.63925976  0.24903542 -0.34837281]
172.93491959571838,1004,False,6,5,[8.41314315 2.42728264 3.92909065],cruising,[-0.62185191  0.08809385  0.93462812]
172.93491959571838,1005,False,2,4,[ 8.02519444 -4.87446582  4.        ],exiting,[ 0.50568378 -0.03156594 -0.11489306]
173.03324699401855,1000,False,1,0,[-1.95967264  7.25817576  4.        ],cruising,[-0.82138112 -0.19970136 -0.21083176]
173.03324699401855,1001,False,4,1,[1.19892185 5.61416871 4.        ],cruising,[-0.48080528  0.59740651 -0.20557775]
173.03324699401855,1002,False,5,2,[2.27441562 5.16097933 3.99975331],cruising,[ 0.5677905  -0.59831228 -0.99408226]
173.03324699401855,1003,False,3,6,[-1.00949058 -7.61388112  2.30397795],entering,[ 0.63925976  0.24903542 -0.34837281]
173.03324699401855,1004,False,6,5,[8.42812585 2.22784464 3.93972706],cruising,[-0.62185191  0.08809385  0.93462812]
173.03324699401855,1005,False,2,4,[ 8.05277155 -4.97058816  4.        ],exiting,[ 0.50568378 -0.03156594 -0.11489306]
173.13337087631226,1000,False,1,0,[-1.76354506  7.21900983  4.        ],cruising,[-0.82138112 -0.19970136 -0.21083176]
173.13337087631226,1001,False,4,1,[1.37699812 5.52312563 4.        ],cruising,[-0.48080528  0.59740651 -0.20557775]
173.13337087631226,1002,False,5,2,[2.4679923  5.11069942 3.99979031],cruising,[ 0.5677905  -0.59831228 -0.99408226]
173.13337087631226,1003,False,3,6,[-1.05493109 -7.48146072  2.37897795],entering,[ 0.63925976  0.24903542 -0.34837281]
173.13337087631226,1004,False,6,5,[8.44062106 2.02823534 3.948768  ],cruising,[-0.62185191  0.08809385  0.93462812]
173.13337087631226,1005,False,2,4,[ 8.08034866 -5.06671049  4.        ],exiting,[ 0.50568378 -0.03156594 -0.11489306]
173.23330688476562,1000,False,1,0,[-1.57122052  7.16413477  4.        ],cruising,[-0.82138112 -0.19970136 -0.21083176]
173.23330688476562,1001,False,4,1,[1.55710053 5.43615941 4.        ],cruising,[-0.48080528  0.59740651 -0.20557775]
173.23330688476562,1002,False,5,2,[2.66368165 5.06939955 3.99982176],cruising,[ 0.5677905  -0.59831228 -0.99408226]
173.23330688476562,1003,False,3,6,[-1.10686309 -7.33012313  2.45397795],entering,[ 0.63925976  0.24903542 -0.34837281]
173.23330688476562,1004,False,6,5,[8.45364802 1.82866005 3.9564528 ],cruising,[-0.62185191  0.08809385  0.93462812]
173.23330688476562,1005,False,2,4,[ 8.10792577 -5.16283282  4.        ],exiting,[ 0.50568378 -0.03156594 -0.11489306]
173.3336684703827,1000,False,1,0,[-1.38314736  7.09610178  4.        ],cruising,[-0.82138112 -0.19970136 -0.21083176]
173.3336684703827,1001,False,4,1,[1.73940525 5.35390986 4.        ],cruising,[-0.48080528  0.59740651 -0.20557775]
173.3336684703827,1002,False,5,2,[2.86080623 5.03560755 3.9998485 ],cruising,[ 0.5677905  -0.59831228 -0.99408226]
173.3336684703827,1003,False,3,6,[-1.1652866  -7.15986834  2.52897795],entering,[ 0.63925976  0.24903542 -0.34837281]
173.3336684703827,1004,False,6,5,[8.46381701 1.62891874 3.96298488],cruising,[-0.62185191  0.08809385  0.93462812]
173.3336684703827,1005,False,2,4,[ 8.13550288 -5.25895516  4.        ],exiting,[ 0.50568378 -0.03156594 -0.11489306]
173.43393278121948,1000,False,1,0,[-1.19785376  7.02082708  4.        ],cruising,[-0.82138112 -0.19970136 -0.21083176]
173.43393278121948,1001,False,4,1,[1.92513001 5.27970534 4.        ],cruising,[-0.48080528  0.59740651 -0.20557775]
173.43393278121948,1002,False,5,2,[3.05888704 5.00796714 3.99987122],cruising,[ 0.5677905  -0.59831228 -0.99408226]
173.43393278121948,1003,False,3,6,[-1.23145515 -6.97117407  2.60397795],entering,[ 0.63925976  0.24903542 -0.34837281]
173.43393278121948,1004,False,6,5,[8.47377493 1.42916679 3.96853715],cruising,[-0.62185191  0.08809385  0.93462812]
173.43393278121948,1005,False,2,4,[ 8.16307999 -5.35507749  4.        ],exiting,[ 0.50568378 -0.03156594 -0.11489306]
173.53357815742493,1000,False,1,0,[-1.01691844  6.93560731  4.        ],cruising,[-0.82138112 -0.19970136 -0.21083176]
173.53357815742493,1001,False,4,1,[2.11308114 5.21133594 4.        ],cruising,[-0.48080528  0.59740651 -0.20557775]
173.53357815742493,1002,False,5,2,[3.25759344 4.98525658 3.99989054],cruising,[ 0.5677905  -0.59831228 -0.99408226]
173.53357815742493,1003,False,3,6,[-1.29763955 -6.78244245  2.67897795],entering,[ 0.63925976  0.24903542 -0.34837281]
173.53357815742493,1004,False,6,5,[8.48300812 1.22938003 3.97325657],cruising,[-0.62185191  0.08809385  0.93462812]
173.53357815742493,1005,False,2,4,[ 8.19065709 -5.45119983  4.        ],exiting,[ 0.50568378 -0.03156594 -0.11489306]
173.63451099395752,1000,False,1,0,[-0.83977426  6.84276368  4.        ],cruising,[-0.82138112 -0.19970136 -0.21083176]
173.63451099395752,1001,False,4,1,[2.30366354 5.15068655 4.        ],cruising,[-0.48080528  0.59740651 -0.20557775]
173.63451099395752,1002,False,5,2,[3.45670146 4.96638875 3.99990696],cruising,[ 0.5677905  -0.59831228 -0.99408226]
173.63451099395752,1003,False,3,6,[-1.36382395 -6.59371083  2.75397795],entering,[ 0.63925976  0.24903542 -0.34837281]
173.63451099395752,1004,False,6,5,[8.48880462 1.02946405 3.97726809],cruising,[-0.62185191  0.08809385  0.93462812]
173.63451099395752,1005,False,2,4,[ 8.2182342  -5.54732216  4.        ],exiting,[ 0.50568378 -0.03156594 -0.11489306]
173.73850345611572,1000,False,1,0,[-0.66571486  6.74425822  4.        ],cruising,[-0.82138112 -0.19970136 -0.21083176]
173.73850345611572,1001,False,4,1,[2.49735551 5.10085262 4.        ],cruising,[-0.48080528  0.59740651 -0.20557775]
173.73850345611572,1002,False,5,2,[3.65606141 4.9504009  3.99992092],cruising,[ 0.5677905  -0.59831228 -0.99408226]
173.73850345611572,1003,False,3,6,[-1.43078473 -6.40525326  2.82897795],entering,[ 0.63925976  0.24903542 -0.34837281]
173.73850345611572,1004,False,6,5,[8.49363882 0.82952248 3.98067788],cruising,[-0.62185191  0.08809385  0.93462812]
173.73850345611572,1005,False,2,4,[ 8.24581131 -5.64344449  4.        ],exiting,[ 0.50568378 -0.03156594 -0.11489306]
173.8464391231537,1000,False,1,0,[-0.49318127  6.64310407  4.        ],cruising,[-0.82138112 -0.19970136 -0.21083176]
173.8464391231537,1001,False,4,1,[2.69392304 5.06395809 4.        ],cruising,[-0.48080528  0.59740651 -0.20557775]
173.8464391231537,1002,False,5,2,[3.85557347 4.93643893 3.99993278],cruising,[ 0.5677905  -0.59831228 -0.99408226]
173.8464391231537,1003,False,3,6,[-1.49828426 -6.21698799  2.90397795],entering,[ 0.63925976  0.24903542 -0.34837281]
173.8464391231537,1004,False,6,5,[8.49720108 0.62955421 3.98357619],cruising,[-0.62185191  0.08809385  0.93462812]
173.8464391231537,1005,False,2,4,[ 8.27338842 -5.73956683  4.        ],exiting,[ 0.50568378 -0.03156594 -0.11489306]
173.9337182044983,1000,False,1,0,[-0.32267375  6.53857089  4.        ],cruising,[-0.82138112 -0.19970136 -0.21083176]
173.9337182044983,1001,False,4,1,[2.89155905 5.03329855 4.        ],cruising,[-0.48080528  0.59740651 -0.20557775]
173.9337182044983,1002,False,5,2,[4.05516988 4.92373957 3.99994286],cruising,[ 0.5677905  -0.59831228 -0.99408226]
173.9337182044983,1003,False,3,6,[-1.5657838  -6.02872272  2.97897795],entering,[ 0.63925976  0.24903542 -0.34837281]
173.9337182044983,1004,False,6,5,[8.49716344 0.42955421 3.98603976],cruising,[-0.62185191  0.08809385  0.93462812]
173.9337182044983,1005,False,2,4,[ 8.30096553 -5.83568916  4.        ],exiting,[ 0.50568378 -0.03156594 -0.11489306]
174.0358955860138,1000,False,1,0,[-0.15296933  6.4327389   4.        ],cruising,[-0.82138112 -0.19970136 -0.21083176]
174.0358955860138,1001,False,4,1,[3.08992492 5.00778423 4.        ],cruising,[-0.48080528  0.59740651 -0.20557775]
174.0358955860138,1002,False,5,2,[4.25480184 4.91161198 3.99995143],cruising,[ 0.5677905  -0.59831228 -0.99408226]
174.0358955860138,1003,False,3,6,[-1.63455943 -5.84091986  3.05397795],entering,[ 0.63925976  0.24903542 -0.34837281]
174.0358955860138,1004,False,6,5,[8.49581126 0.22955878 3.9881338 ],cruising,[-0.62185191  0.08809385  0.93462812]
174.0358955860138,1005,False,2,4,[ 8.32854264 -5.93181149  4.        ],exiting,[ 0.50568378 -0.03156594 -0.11489306]
174.1339032649994,1000,False,1,0,[0.01587987 6.32554773 4.        ],cruising,[-0.82138112 -0.19970136 -0.21083176]
174.1339032649994,1001,False,4,1,[3.28877985 4.98641322 4.        ],cruising,[-0.48080528  0.59740651 -0.20557775]
174.1339032649994,1002,False,5,2,[4.45442549 4.89934817 3.99995872],cruising,[ 0.5677905  -0.59831228 -0.99408226]
174.1339032649994,1003,False,3,6,[-1.70333506 -5.65311701  3.12897795],entering,[ 0.63925976  0.24903542 -0.34837281]
174.1339032649994,1004,False,6,5,[8.49292261 0.02957965 3.98991373],cruising,[-0.62185191  0.08809385  0.93462812]
174.1339032649994,1005,False,2,4,[ 8.35611975 -6.02793383  4.        ],exiting,[ 0.50568378 -0.03156594 -0.11489306]
174.23497700691223,1000,False,1,0,[0.18466192 6.21825086 4.        ],cruising,[-0.82138112 -0.19970136 -0.21083176]
174.23497700691223,1001,False,4,1,[3.48795572 4.96827565 4.        ],cruising,[-0.48080528  0.59740651 -0.20557775]
174.23497700691223,1002,False,5,2,[4.65402848 4.88675272 3.99996491],cruising,[ 0.5677905  -0.59831228 -0.99408226]
174.23497700691223,1003,False,3,6,[-1.77325187 -5.465736    3.20397795],entering,[ 0.63925976  0.24903542 -0.34837281]
174.23497700691223,1004,False,6,5,[ 8.48832164 -0.17036742  3.99142667],cruising,[-0.62185191  0.08809385  0.93462812]
174.23497700691223,1005,False,2,4,[ 8.38369686 -6.12405616  4.        ],exiting,[ 0.50568378 -0.03156594 -0.11489306]
174.33728051185608,1000,False,1,0,[0.35372188 6.1113924  4.        ],exiting,[-0.82138112 -0.19970136 -0.21083176]
174.33728051185608,1001,False,4,1,[3.68723159 4.9512719  4.        ],cruising,[-0.48080528  0.59740651 -0.20557775]
174.33728051185608,1002,False,5,2,[4.85356627 4.87316336 3.99997017],cruising,[ 0.5677905  -0.59831228 -0.99408226]
174.33728051185608,1003,False,3,6,[-1.84270153 -5.27818136  3.27897795],entering,[ 0.63925976  0.24903542 -0.34837281]
174.33728051185608,1004,False,6,5,[ 8.47982018 -0.37018666  3.99271267],cruising,[-0.62185191  0.08809385  0.93462812]
174.33728051185608,1005,False,2,4,[ 8.41127396 -6.2201785   4.        ],exiting,[ 0.50568378 -0.03156594 -0.11489306]
174.43952870368958,1000,False,1,0,[0.51265621 6.02178131 4.        ],exiting,[-0.82138112 -0.19970136 -0.21083176]
174.43952870368958,1001,False,4,1,[3.88669156 4.93658448 4.        ],cruising,[-0.48080528  0.59740651 -0.20557775]
174.43952870368958,1002,False,5,2,[5.0529865  4.85794588 3.99997465],cruising,[ 0.5677905  -0.59831228 -0.99408226]
174.43952870368958,1003,False,3,6,[-1.91362267 -5.09117817  3.35397795],entering,[ 0.63925976  0.24903542 -0.34837281]
174.43952870368958,1004,False,6,5,[ 8.46968218 -0.56992954  3.99380577],cruising,[-0.62185191  0.08809385  0.93462812]
174.43952870368958,1005,False,2,4,[ 8.43885107 -6.31630083  4.        ],exiting,[ 0.50568378 -0.03156594 -0.11489306]
174.53298544883728,1000,False,1,0,[0.66131603 5.94932931 4.        ],exiting,[-0.82138112 -0.19970136 -0.21083176]
174.53298544883728,1001,False,4,1,[4.08625425 4.92336584 4.        ],cruising,[-0.48080528  0.59740651 -0.20557775]
174.53298544883728,1002,False,5,2,[5.25222185 4.84047378 3.99997845],cruising,[ 0.5677905  -0.59831228 -0.99408226]
174.53298544883728,1003,False,3,6,[-1.98516311 -4.90441103  3.42897795],entering,[ 0.63925976  0.24903542 -0.34837281]
174.53298544883728,1004,False,6,5,[ 8.45772778 -0.76957195  3.9947349 ],cruising,[-0.62185191  0.08809385  0.93462812]
174.53298544883728,1005,False,2,4,[ 8.46642818 -6.41242316  4.        ],exiting,[ 0.50568378 -0.03156594 -0.11489306]
174.63328623771667,1000,False,1,0,[0.79953289 5.89393441 4.        ],exiting,[-0.82138112 -0.19970136 -0.21083176]
174.63328623771667,1001,False,4,1,[4.28586285 4.91085958 4.        ],cruising,[-0.48080528  0.59740651 -0.20557775]
174.63328623771667,1002,False,5,2,[5.4513236  4.82153991 3.99998168],cruising,[ 0.5677905  -0.59831228 -0.99408226]
174.63328623771667,1003,False,3,6,[-2.05696594 -4.71774461  3.50397795],entering,[ 0.63925976  0.24903542 -0.34837281]
174.63328623771667,1004,False,6,5,[ 8.44380274 -0.9690866   3.99552467],cruising,[-0.62185191  0.08809385  0.93462812]
174.63328623771667,1005,False,2,4,[ 8.49400529 -6.5085455   4.        ],exiting,[ 0.50568378 -0.03156594 -0.11489306]
174.73444414138794,1000,False,1,0,[0.92711441 5.85547732 4.        ],exiting,[-0.82138112 -0.19970136 -0.21083176]
174.73444414138794,1001,False,4,1,[4.48547302 4.89837833 4.        ],cruising,[-0.48080528  0.59740651 -0.20557775]
174.73444414138794,1002,False,5,2,[5.650059   4.7990846  3.99998443],cruising,[ 0.5677905  -0.59831228 -0.99408226]
174.73444414138794,1003,False,3,6,[-2.12866065 -4.53103663  3.57838126],entering,[ 0.63925976  0.24903542 -0.34837281]
174.73444414138794,1004,False,6,5,[ 8.42559553 -1.16825612  3.99619597],cruising,[-0.62185191  0.08809385  0.93462812]
174.73444414138794,1005,False,2,4,[ 8.5215824  -6.60466783  4.        ],exiting,[ 0.50568378 -0.03156594 -0.11489306]
174.84404516220093,1000,False,1,0,[1.0438352  5.83381441 4.        ],exiting,[-0.82138112 -0.19970136 -0.21083176]
174.84404516220093,1001,False,4,1,[4.68504384 4.88528307 4.        ],cruising,[-0.48080528  0.59740651 -0.20557775]
174.84404516220093,1002,False,5,2,[5.84827099 4.77240107 3.99998677],cruising,[ 0.5677905  -0.59831228 -0.99408226]
174.84404516220093,1003,False,3,6,[-2.19870884 -4.3437047   3.64162407],entering,[ 0.63925976  0.24903542 -0.34837281]
174.84404516220093,1004,False,6,5,[ 8.40546841 -1.36724079  3.99676657],cruising,[-0.62185191  0.08809385  0.93462812]
174.84404516220093,1005,False,2,4,[ 8.54915951 -6.70079017  4.        ],exiting,[ 0.50568378 -0.03156594 -0.11489306]
174.93454432487488,1000,False,1,0,[1.14941506 5.82876113 4.        ],exiting,[-0.82138112 -0.19970136 -0.21083176]
174.93454432487488,1001,False,4,1,[4.88457045 4.87153059 4.        ],cruising,[-0.48080528  0.59740651 -0.20557775]
174.93454432487488,1002,False,5,2,[6.0457462  4.74072238 3.99998875],cruising,[ 0.5677905  -0.59831228 -0.99408226]
174.93454432487488,1003,False,3,6,[-2.26338788 -4.1544519   3.69538046],entering,[ 0.63925976  0.24903542 -0.34837281]
174.93454432487488,1004,False,6,5,[ 8.38321863 -1.5659993   3.99725159],cruising,[-0.62185191  0.08809385  0.93462812]
174.93454432487488,1005,False,2,4,[ 8.57673662 -6.7969125   4.        ],exiting,[ 0.50568378 -0.03156594 -0.11489306]
175.0442419052124,1000,False,1,0,[1.2434808  5.84006098 4.        ],exiting,[-0.82138112 -0.19970136 -0.21083176]
175.0442419052124,1001,False,4,1,[5.0839775  4.85614131 4.        ],cruising,[-0.48080528  0.59740651 -0.20557775]
175.0442419052124,1002,False,5,2,[6.24219539 4.70320285 3.99999044],cruising,[ 0.5677905  -0.59831228 -0.99408226]
175.0442419052124,1003,False,3,6,[-2.32591905 -3.96447861  3.74107339],entering,[ 0.63925976  0.24903542 -0.34837281]
175.0442419052124,1004,False,6,5,[ 8.35629926 -1.76417939  3.99766385],cruising,[-0.62185191  0.08809385  0.93462812]
175.0442419052124,1005,False,2,4,[ 8.60431373 -6.89303483  4.        ],exiting,[ 0.50568378 -0.03156594 -0.11489306]
175.1482663154602,1000,False,1,0,[1.32579535 5.86754446 4.        ],exiting,[-0.82138112 -0.19970136 -0.21083176]
175.1482663154602,1001,False,4,1,[5.28319518 4.83846884 4.        ],cruising,[-0.48080528  0.59740651 -0.20557775]
175.1482663154602,1002,False,5,2,[6.43722704 4.65890098 3.99999187],cruising,[ 0.5677905  -0.59831228 -0.99408226]
175.1482663154602,1003,False,3,6,[-2.38759684 -3.77422654  3.77991238],entering,[ 0.63925976  0.24903542 -0.34837281]
175.1482663154602,1004,False,6,5,[ 8.32718257 -1.96204859  3.99801427],cruising,[-0.62185191  0.08809385  0.93462812]
175.1482663154602,1005,False,2,4,[ 8.63189083 -6.98915717  4.        ],exiting,[ 0.50568378 -0.03156594 -0.11489306]
175.2388620376587,1000,False,1,0,[1.3961187  5.91103453 4.        ],exiting,[-0.82138112 -0.19970136 -0.21083176]
175.2388620376587,1001,False,4,1,[5.48213038 4.81785852 4.        ],cruising,[-0.48080528  0.59740651 -0.20557775]
175.2388620376587,1002,False,5,2,[6.63031238 4.60676605 3.99999309],cruising,[ 0.5677905  -0.59831228 -0.99408226]
175.2388620376587,1003,False,3,6,[-2.44876393 -3.58380966  3.81292552],cruising,[ 0.63925976  0.24903542 -0.34837281]
175.2388620376587,1004,False,6,5,[ 8.29560351 -2.15953976  3.99831213],cruising,[-0.62185191  0.08809385  0.93462812]
175.2388620376587,1005,False,2,4,[ 8.65946794 -7.0852795   4.        ],landing,[ 0.50568378 -0.03156594 -0.11489306]
175.3394947052002,1000,False,1,0,[1.45420819 5.9703465  4.        ],exiting,[-0.82138112 -0.19970136 -0.21083176]
175.3394947052002,1001,False,4,1,[5.68065711 4.79362755 4.        ],cruising,[-0.48080528  0.59740651 -0.20557775]
175.3394947052002,1002,False,5,2,[6.82073994 4.54563222 3.99999413],cruising,[ 0.5677905  -0.59831228 -0.99408226]
175.3394947052002,1003,False,3,6,[-2.50404511 -3.39160146  3.8409867 ],cruising,[ 0.63925976  0.24903542 -0.34837281]
175.3394947052002,1004,False,6,5,[ 8.2585423  -2.35607593  3.99856531],cruising,[-0.62185191  0.08809385  0.93462812]
175.3394947052002,1005,False,2,4,[ 8.68012634 -7.1691593   3.98577848],landing,[ 0.50568378 -0.03156594 -0.11489306]
175.43747425079346,1000,False,1,0,[1.49981861 6.04528771 4.        ],exiting,[-0.82138112 -0.19970136 -0.21083176]
175.43747425079346,1001,False,4,1,[5.87890947 4.76724571 4.        ],cruising,[-0.48080528  0.59740651 -0.20557775]
175.43747425079346,1002,False,5,2,[7.00755872 4.47422672 3.99999501],cruising,[ 0.5677905  -0.59831228 -0.99408226]
175.43747425079346,1003,False,3,6,[-2.54961979 -3.19686331  3.86483869],cruising,[ 0.63925976  0.24903542 -0.34837281]
175.43747425079346,1004,False,6,5,[ 8.21879212 -2.55208594  3.99878051],cruising,[-0.62185191  0.08809385  0.93462812]
175.43747425079346,1005,False,2,4,[ 8.69385361 -7.24061887  3.95749646],landing,[ 0.50568378 -0.03156594 -0.11489306]
175.53925347328186,1000,False,1,0,[1.53270234 6.13565718 4.        ],exiting,[-0.82138112 -0.19970136 -0.21083176]
175.53925347328186,1001,False,4,1,[6.0763986 4.7356539 4.       ],cruising,[-0.48080528  0.59740651 -0.20557775]
175.53925347328186,1002,False,5,2,[7.18951183 4.39120224 3.99999576],cruising,[ 0.5677905  -0.59831228 -0.99408226]
175.53925347328186,1003,False,3,6,[-2.59366303 -3.00177309  3.88511289],cruising,[ 0.63925976  0.24903542 -0.34837281]
175.53925347328186,1004,False,6,5,[ 8.17286021 -2.74674014  3.99896344],cruising,[-0.62185191  0.08809385  0.93462812]
175.53925347328186,1005,False,2,4,[ 8.70063622 -7.29944801  3.91534924],landing,[ 0.50568378 -0.03156594 -0.11489306]
175.63390016555786,1000,False,1,0,[1.56081253 6.23162497 4.        ],exiting,[-0.82138112 -0.19970136 -0.21083176]
175.63390016555786,1001,False,4,1,[6.27282658 4.69802346 4.        ],cruising,[-0.48080528  0.59740651 -0.20557775]
175.63390016555786,1002,False,5,2,[7.36496814 4.29520702 3.99999639],cruising,[ 0.5677905  -0.59831228 -0.99408226]
175.63390016555786,1003,False,3,6,[-2.63693111 -2.80650949  3.90234595],cruising,[ 0.63925976  0.24903542 -0.34837281]
175.63390016555786,1004,False,6,5,[ 8.12377438 -2.94062305  3.99911892],cruising,[-0.62185191  0.08809385  0.93462812]
175.63390016555786,1005,False,2,4,[ 8.70045756 -7.34535529  3.8596165 ],landing,[ 0.50568378 -0.03156594 -0.11489306]
175.73414945602417,1000,False,1,0,[1.58892272 6.32759276 4.        ],exiting,[-0.82138112 -0.19970136 -0.21083176]
175.73414945602417,1001,False,4,1,[6.46779054 4.65342465 4.        ],cruising,[-0.48080528  0.59740651 -0.20557775]
175.73414945602417,1002,False,5,2,[7.52974814 4.18229977 3.99999695],cruising,[ 0.5677905  -0.59831228 -0.99408226]
175.73414945602417,1003,False,3,6,[-2.67741774 -2.61065028  3.91699406],cruising,[ 0.63925976  0.24903542 -0.34837281]
175.73414945602417,1004,False,6,5,[ 8.067307   -3.13248611  3.99925108],cruising,[-0.62185191  0.08809385  0.93462812]
175.73414945602417,1005,False,2,4,[ 8.6933064  -7.37811167  3.79052569],landing,[ 0.50568378 -0.03156594 -0.11489306]
175.84150862693787,1000,False,1,0,[1.61703291 6.42356056 4.        ],exiting,[-0.82138112 -0.19970136 -0.21083176]
175.84150862693787,1001,False,4,1,[6.66074699 4.60081471 4.        ],cruising,[-0.48080528  0.59740651 -0.20557775]
175.84150862693787,1002,False,5,2,[7.68241414 4.05347867 3.99999743],cruising,[ 0.5677905  -0.59831228 -0.99408226]
175.84150862693787,1003,False,3,6,[-2.71927977 -2.41508041  3.92944495],cruising,[ 0.63925976  0.24903542 -0.34837281]
175.84150862693787,1004,False,6,5,[ 8.00694052 -3.32315831  3.99936342],cruising,[-0.62185191  0.08809385  0.93462812]
175.84150862693787,1005,False,2,4,[ 8.67917349 -7.39749596  3.70830315],landing,[ 0.50568378 -0.03156594 -0.11489306]
175.94308638572693,1000,False,1,0,[1.6451431  6.51952835 4.        ],exiting,[-0.82138112 -0.19970136 -0.21083176]
175.94308638572693,1001,False,4,1,[6.85096554 4.53903359 4.        ],cruising,[-0.48080528  0.59740651 -0.20557775]
175.94308638572693,1002,False,5,2,[7.82139593 3.91007187 3.99999783],cruising,[ 0.5677905  -0.59831228 -0.99408226]
175.94308638572693,1003,False,3,6,[-2.76276758 -2.21986564  3.94002821],cruising,[ 0.63925976  0.24903542 -0.34837281]
175.94308638572693,1004,False,6,5,[ 7.93729545 -3.51064048  3.99945891],cruising,[-0.62185191  0.08809385  0.93462812]
175.94308638572693,1005,False,2,4,[ 8.65805118 -7.40328506  3.61318414],landing,[ 0.50568378 -0.03156594 -0.11489306]
176.03511095046997,1000,False,1,0,[1.67325328 6.61549614 4.        ],exiting,[-0.82138112 -0.19970136 -0.21083176]
176.03511095046997,1001,False,4,1,[7.03747119 4.4668142  4.        ],cruising,[-0.48080528  0.59740651 -0.20557775]
176.03511095046997,1002,False,5,2,[7.94522376 3.75361298 3.99999818],cruising,[ 0.5677905  -0.59831228 -0.99408226]
176.03511095046997,1003,False,3,6,[-2.80738705 -2.0249064   3.94902398],cruising,[ 0.63925976  0.24903542 -0.34837281]
176.03511095046997,1004,False,6,5,[ 7.8573046  -3.69394751  3.99954007],cruising,[-0.62185191  0.08809385  0.93462812]
176.03511095046997,1005,False,2,4,[ 8.63566409 -7.40657533  3.51577781],landing,[ 0.50568378 -0.03156594 -0.11489306]
176.14382457733154,1000,False,1,0,[1.70136347 6.71146394 4.        ],exiting,[-0.82138112 -0.19970136 -0.21083176]
176.14382457733154,1001,False,4,1,[7.21612144 4.37690265 4.        ],cruising,[-0.48080528  0.59740651 -0.20557775]
176.14382457733154,1002,False,5,2,[8.05224351 3.58631487 3.99999849],cruising,[ 0.5677905  -0.59831228 -0.99408226]
176.14382457733154,1003,False,3,6,[-2.85488612 -1.83062867  3.95667038],cruising,[ 0.63925976  0.24903542 -0.34837281]
176.14382457733154,1004,False,6,5,[ 7.76540588 -3.87158372  3.99960906],cruising,[-0.62185191  0.08809385  0.93462812]
176.14382457733154,1005,False,2,4,[ 8.61327701 -7.4098656   3.41837148],landing,[ 0.50568378 -0.03156594 -0.11489306]
176.23697137832642,1000,False,1,0,[1.72947366 6.80743173 4.        ],exiting,[-0.82138112 -0.19970136 -0.21083176]
176.23697137832642,1001,False,4,1,[7.38786984 4.27442099 4.        ],cruising,[-0.48080528  0.59740651 -0.20557775]
176.23697137832642,1002,False,5,2,[8.14162616 3.40958634 3.99999876],cruising,[ 0.5677905  -0.59831228 -0.99408226]
176.23697137832642,1003,False,3,6,[-2.90553826 -1.63714905  3.96316982],cruising,[ 0.63925976  0.24903542 -0.34837281]
176.23697137832642,1004,False,6,5,[ 7.65948058 -4.04122991  3.9996677 ],cruising,[-0.62185191  0.08809385  0.93462812]
176.23697137832642,1005,False,2,4,[ 8.59088992 -7.41315587  3.32096516],landing,[ 0.50568378 -0.03156594 -0.11489306]
176.34277367591858,1000,False,1,0,[1.75758385 6.90339952 4.        ],exiting,[-0.82138112 -0.19970136 -0.21083176]
176.34277367591858,1001,False,4,1,[7.55053107 4.1580538  4.        ],cruising,[-0.48080528  0.59740651 -0.20557775]
176.34277367591858,1002,False,5,2,[8.21271347 3.22477817 3.99999899],cruising,[ 0.5677905  -0.59831228 -0.99408226]
176.34277367591858,1003,False,3,6,[-2.95967846 -1.44461636  3.96869435],cruising,[ 0.63925976  0.24903542 -0.34837281]
176.34277367591858,1004,False,6,5,[ 7.53715127 -4.19943458  3.99971769],cruising,[-0.62185191  0.08809385  0.93462812]
176.34277367591858,1005,False,2,4,[ 8.56850283 -7.41644614  3.22355883],landing,[ 0.50568378 -0.03156594 -0.11489306]
176.43988680839539,1000,False,1,0,[1.78569404 6.99936732 4.        ],exiting,[-0.82138112 -0.19970136 -0.21083176]
176.43988680839539,1001,False,4,1,[7.70151222 4.02688714 4.        ],cruising,[-0.48080528  0.59740651 -0.20557775]
176.43988680839539,1002,False,5,2,[8.26499441 3.03316411 3.99999917],cruising,[ 0.5677905  -0.59831228 -0.99408226]
176.43988680839539,1003,False,3,6,[-3.01768261 -1.25321229  3.9733902 ],cruising,[ 0.63925976  0.24903542 -0.34837281]
176.43988680839539,1004,False,6,5,[ 7.39983943 -4.34439072  3.99976193],cruising,[-0.62185191  0.08809385  0.93462812]
176.43988680839539,1005,False,2,4,[ 8.54611575 -7.41973641  3.1261525 ],landing,[ 0.50568378 -0.03156594 -0.11489306]
176.53705263137817,1000,False,1,0,[1.81380422 7.09533511 4.        ],exiting,[-0.82138112 -0.19970136 -0.21083176]
176.53705263137817,1001,False,4,1,[7.83823681 3.8816937  4.        ],cruising,[-0.48080528  0.59740651 -0.20557775]
176.53705263137817,1002,False,5,2,[8.30191545 2.83660155 3.9999993 ],cruising,[ 0.5677905  -0.59831228 -0.99408226]
176.53705263137817,1003,False,3,6,[-3.07995001 -1.06315237  3.97738167],cruising,[ 0.63925976  0.24903542 -0.34837281]
176.53705263137817,1004,False,6,5,[ 7.24997703 -4.47377497  3.99980314],cruising,[-0.62185191  0.08809385  0.93462812]
176.53705263137817,1005,False,2,4,[ 8.52372866 -7.42302668  3.02874618],landing,[ 0.50568378 -0.03156594 -0.11489306]
176.64384269714355,1000,False,1,0,[1.84191441 7.1913029  4.        ],exiting,[-0.82138112 -0.19970136 -0.21083176]
176.64384269714355,1001,False,4,1,[7.95946253 3.72385966 4.        ],cruising,[-0.48080528  0.59740651 -0.20557775]
176.64384269714355,1002,False,5,2,[8.33297121 2.63902742 3.9999994 ],cruising,[ 0.5677905  -0.59831228 -0.99408226]
176.64384269714355,1003,False,3,6,[-3.14577898 -0.87429648  3.98077442],cruising,[ 0.63925976  0.24903542 -0.34837281]
176.64384269714355,1004,False,6,5,[ 7.08946759 -4.58622876  3.99984133],cruising,[-0.62185191  0.08809385  0.93462812]
176.64384269714355,1005,False,2,4,[ 8.50134158 -7.42631694  2.93133985],landing,[ 0.50568378 -0.03156594 -0.11489306]
176.7339415550232,1000,False,1,0,[1.8700246 7.2872707 4.       ],exiting,[-0.82138112 -0.19970136 -0.21083176]
176.7339415550232,1001,False,4,1,[8.0639644  3.55505689 4.        ],cruising,[-0.48080528  0.59740651 -0.20557775]
176.7339415550232,1002,False,5,2,[8.35928879 2.44076652 3.99999949],cruising,[ 0.5677905  -0.59831228 -0.99408226]
176.7339415550232,1003,False,3,6,[-3.21669487 -0.68729131  3.98365826],cruising,[ 0.63925976  0.24903542 -0.34837281]
176.7339415550232,1004,False,6,5,[ 6.92036433 -4.68062304  3.99987645],cruising,[-0.62185191  0.08809385  0.93462812]
176.7339415550232,1005,False,2,4,[ 8.47895449 -7.42960721  2.83393352],landing,[ 0.50568378 -0.03156594 -0.11489306]
176.83419227600098,1000,False,1,0,[1.89813479 7.38323849 4.        ],exiting,[-0.82138112 -0.19970136 -0.21083176]
176.83419227600098,1001,False,4,1,[8.15081414 3.37685189 4.        ],cruising,[-0.48080528  0.59740651 -0.20557775]
176.83419227600098,1002,False,5,2,[8.38474484 2.24239316 3.99999957],cruising,[ 0.5677905  -0.59831228 -0.99408226]
176.83419227600098,1003,False,3,6,[-3.2931119  -0.50246588  3.98610952],cruising,[ 0.63925976  0.24903542 -0.34837281]
176.83419227600098,1004,False,6,5,[ 6.74481433 -4.75608481  3.99990845],cruising,[-0.62185191  0.08809385  0.93462812]
176.83419227600098,1005,False,2,4,[ 8.45656741 -7.43289748  2.7365272 ],landing,[ 0.50568378 -0.03156594 -0.11489306]
176.93328309059143,1000,False,1,0,[1.92624498 7.47920628 4.        ],exiting,[-0.82138112 -0.19970136 -0.21083176]
176.93328309059143,1001,False,4,1,[8.2193178 3.1906831 4.       ],exiting,[-0.48080528  0.59740651 -0.20557775]
176.93328309059143,1002,False,5,2,[8.40571104 2.04349515 3.99999963],cruising,[ 0.5677905  -0.59831228 -0.99408226]
176.93328309059143,1003,False,3,6,[-3.3754148  -0.32018524  3.98819309],cruising,[ 0.63925976  0.24903542 -0.34837281]
176.93328309059143,1004,False,6,5,[ 6.56500566 -4.81200525  3.99993726],cruising,[-0.62185191  0.08809385  0.93462812]
176.93328309059143,1005,False,2,4,[ 8.43418032 -7.43618775  2.63912087],landing,[ 0.50568378 -0.03156594 -0.11489306]
177.03958988189697,1000,False,1,0,[1.95435516 7.57517407 4.        ],exiting,[-0.82138112 -0.19970136 -0.21083176]
177.03958988189697,1001,False,4,1,[8.26987892 3.01334975 4.        ],exiting,[-0.48080528  0.59740651 -0.20557775]
177.03958988189697,1002,False,5,2,[8.42551602 1.84447816 3.99999969],cruising,[ 0.5677905  -0.59831228 -0.99408226]
177.03958988189697,1003,False,3,6,[-3.46204943 -0.13992309  3.98996413],cruising,[ 0.63925976  0.24903542 -0.34837281]
177.03958988189697,1004,False,6,5,[ 6.3831497  -4.84803075  3.99996278],cruising,[-0.62185191  0.08809385  0.93462812]
177.03958988189697,1005,False,2,4,[ 8.41179324 -7.43947802  2.54171454],landing,[ 0.50568378 -0.03156594 -0.11489306]
177.1389365196228,1000,False,1,0,[1.98246535 7.67114187 4.        ],exiting,[-0.82138112 -0.19970136 -0.21083176]
177.1389365196228,1001,False,4,1,[8.30498979 2.84871639 4.        ],exiting,[-0.48080528  0.59740651 -0.20557775]
177.1389365196228,1002,False,5,2,[8.44377743 1.6453136  3.99999974],cruising,[ 0.5677905  -0.59831228 -0.99408226]
177.1389365196228,1003,False,3,6,[-3.55561876  0.03683884  3.99146951],cruising,[ 0.63925976  0.24903542 -0.34837281]
177.1389365196228,1004,False,6,5,[ 6.20063111 -4.86406723  3.9999847 ],cruising,[-0.62185191  0.08809385  0.93462812]
177.1389365196228,1005,False,2,4,[ 8.38940615 -7.44276829  2.44430821],landing,[ 0.50568378 -0.03156594 -0.11489306]
177.23608374595642,1000,False,1,0,[2.01057554 7.76710966 4.        ],exiting,[-0.82138112 -0.19970136 -0.21083176]
177.23608374595642,1001,False,4,1,[8.32574609 2.69800949 4.        ],exiting,[-0.48080528  0.59740651 -0.20557775]
177.23608374595642,1002,False,5,2,[8.45757453 1.44579007 3.99999978],cruising,[ 0.5677905  -0.59831228 -0.99408226]
177.23608374595642,1003,False,3,6,[-3.65523969  0.21026222  3.99274908],cruising,[ 0.63925976  0.24903542 -0.34837281]
177.23608374595642,1004,False,6,5,[ 6.01890939 -4.8601196   4.00000294],cruising,[-0.62185191  0.08809385  0.93462812]
177.23608374595642,1005,False,2,4,[ 8.36701907 -7.44605856  2.34690189],landing,[ 0.50568378 -0.03156594 -0.11489306]
177.3393669128418,1000,False,1,0,[2.03868573 7.86307745 4.        ],exiting,[-0.82138112 -0.19970136 -0.21083176]
177.3393669128418,1001,False,4,1,[8.33276577 2.56183894 4.        ],exiting,[-0.48080528  0.59740651 -0.20557775]
177.3393669128418,1002,False,5,2,[8.46989082 1.24616965 3.99999981],cruising,[ 0.5677905  -0.59831228 -0.99408226]
177.3393669128418,1003,False,3,6,[-3.761673    0.37959016  3.99383672],cruising,[ 0.63925976  0.24903542 -0.34837281]
177.3393669128418,1004,False,6,5,[ 5.8391761  -4.83627105  4.0000174 ],cruising,[-0.62185191  0.08809385  0.93462812]
177.3393669128418,1005,False,2,4,[ 8.34463198 -7.44934883  2.24949556],landing,[ 0.50568378 -0.03156594 -0.11489306]
177.44007015228271,1000,False,1,0,[2.06679591 7.95904525 4.        ],exiting,[-0.82138112 -0.19970136 -0.21083176]
177.44007015228271,1001,False,4,1,[8.32650305 2.4406209  4.        ],exiting,[-0.48080528  0.59740651 -0.20557775]
177.44007015228271,1002,False,5,2,[8.47821244 1.04634285 3.99999984],cruising,[ 0.5677905  -0.59831228 -0.99408226]
177.44007015228271,1003,False,3,6,[-3.87124229  0.54690594  3.99476121],cruising,[ 0.63925976  0.24903542 -0.34837281]
177.44007015228271,1004,False,6,5,[ 5.66196867 -4.79258265  4.00002777],cruising,[-0.62185191  0.08809385  0.93462812]
177.44007015228271,1005,False,2,4,[ 8.32224489 -7.4526391   2.15208923],landing,[ 0.50568378 -0.03156594 -0.11489306]
177.54182505607605,1000,False,1,0,[2.0949061  8.05501304 4.        ],exiting,[-0.82138112 -0.19970136 -0.21083176]
177.54182505607605,1001,False,4,1,[8.3073788  2.33471891 4.        ],exiting,[-0.48080528  0.59740651 -0.20557775]
177.54182505607605,1002,False,5,2,[8.48508343 0.84646091 3.99999986],cruising,[ 0.5677905  -0.59831228 -0.99408226]
177.54182505607605,1003,False,3,6,[-3.98327804  0.71258029  3.99554703],cruising,[ 0.63925976  0.24903542 -0.34837281]
177.54182505607605,1004,False,6,5,[ 5.48802229 -4.7291619   4.00003392],cruising,[-0.62185191  0.08809385  0.93462812]
177.54182505607605,1005,False,2,4,[ 8.29985781 -7.45592937  2.05468291],landing,[ 0.50568378 -0.03156594 -0.11489306]
177.64004802703857,1000,False,1,0,[2.12301629 8.15098083 4.        ],exiting,[-0.82138112 -0.19970136 -0.21083176]
177.64004802703857,1001,False,4,1,[8.27589171 2.24453824 4.        ],exiting,[-0.48080528  0.59740651 -0.20557775]
177.64004802703857,1002,False,5,2,[8.49029477 0.64652882 3.99999988],cruising,[ 0.5677905  -0.59831228 -0.99408226]
177.64004802703857,1003,False,3,6,[-4.09720743  0.87695819  3.99621497],cruising,[ 0.63925976  0.24903542 -0.34837281]
177.64004802703857,1004,False,6,5,[ 5.31713804 -4.64597695  4.00003536],cruising,[-0.62185191  0.08809385  0.93462812]
177.64004802703857,1005,False,2,4,[ 8.27747072 -7.45921964  1.95727658],landing,[ 0.50568378 -0.03156594 -0.11489306]
177.74759912490845,1000,False,1,0,[2.15112648 8.24694863 4.        ],exiting,[-0.82138112 -0.19970136 -0.21083176]
177.74759912490845,1001,False,4,1,[8.2323049  2.17028229 4.        ],exiting,[-0.48080528  0.59740651 -0.20557775]
177.74759912490845,1002,False,5,2,[8.49369034 0.44655765 3.9999999 ],cruising,[ 0.5677905  -0.59831228 -0.99408226]
177.74759912490845,1003,False,3,6,[-4.21254038  1.04035437  3.99678273],cruising,[ 0.63925976  0.24903542 -0.34837281]
177.74759912490845,1004,False,6,5,[ 5.14878936 -4.54295339  4.00003165],cruising,[-0.62185191  0.08809385  0.93462812]
177.74759912490845,1005,False,2,4,[ 8.25508364 -7.46250991  1.85987025],landing,[ 0.50568378 -0.03156594 -0.11489306]
177.8452067375183,1000,False,1,0,[2.17923667 8.34291642 4.        ],exiting,[-0.82138112 -0.19970136 -0.21083176]
177.8452067375183,1001,False,4,1,[8.17689021 2.112154   4.        ],exiting,[-0.48080528  0.59740651 -0.20557775]
177.8452067375183,1002,False,5,2,[8.49303287 0.24655873 3.99999992],cruising,[ 0.5677905  -0.59831228 -0.99408226]
177.8452067375183,1003,False,3,6,[-4.32885539  1.20305292  3.99726532],cruising,[ 0.63925976  0.24903542 -0.34837281]
177.8452067375183,1004,False,6,5,[ 4.97686474 -4.44076766  4.0000269 ],cruising,[-0.62185191  0.08809385  0.93462812]
177.8452067375183,1005,False,2,4,[ 8.23269655 -7.46580018  1.76246393],landing,[ 0.50568378 -0.03156594 -0.11489306]
177.94031405448914,1000,False,1,0,[2.20734685 8.43888421 4.        ],exiting,[-0.82138112 -0.19970136 -0.21083176]
177.94031405448914,1001,False,4,1,[8.10992865 2.07035574 4.        ],exiting,[-0.48080528  0.59740651 -0.20557775]
177.94031405448914,1002,False,5,2,[8.4907292  0.046572   3.99999993],cruising,[ 0.5677905  -0.59831228 -0.99408226]
177.94031405448914,1003,False,3,6,[-4.44578632  1.36530938  3.99767552],cruising,[ 0.63925976  0.24903542 -0.34837281]
177.94031405448914,1004,False,6,5,[ 4.80212129 -4.34348083  4.00002287],cruising,[-0.62185191  0.08809385  0.93462812]
177.94031405448914,1005,False,2,4,[ 8.21030947 -7.46909045  1.6650576 ],landing,[ 0.50568378 -0.03156594 -0.11489306]
178.03410744667053,1000,False,1,0,[2.23545704 8.53485201 4.        ],exiting,[-0.82138112 -0.19970136 -0.21083176]
178.03410744667053,1001,False,4,1,[8.03171103 2.0450893  4.        ],exiting,[-0.48080528  0.59740651 -0.20557775]
178.03410744667053,1002,False,5,2,[ 8.48662612 -0.15338591  3.99999994],cruising,[ 0.5677905  -0.59831228 -0.99408226]
178.03410744667053,1003,False,3,6,[-4.56301037  1.5273542   3.99802419],cruising,[ 0.63925976  0.24903542 -0.34837281]
178.03410744667053,1004,False,6,5,[ 4.62423714 -4.25206295  4.00001944],cruising,[-0.62185191  0.08809385  0.93462812]
178.03410744667053,1005,False,2,4,[ 8.18792238 -7.47238072  1.56765127],landing,[ 0.50568378 -0.03156594 -0.11489306]
178.13969135284424,1000,False,1,0,[2.26356723 8.6308198  4.        ],landing,[-0.82138112 -0.19970136 -0.21083176]
178.13969135284424,1001,False,4,1,[7.94253893 2.03655604 4.        ],exiting,[-0.48080528  0.59740651 -0.20557775]
178.13969135284424,1002,False,5,2,[ 8.47858889 -0.35322435  3.99999995],cruising,[ 0.5677905  -0.59831228 -0.99408226]
178.13969135284424,1003,False,3,6,[-4.68020861  1.68941768  3.99832056],cruising,[ 0.63925976  0.24903542 -0.34837281]
178.13969135284424,1004,False,6,5,[ 4.44478518 -4.16376236  4.00001652],cruising,[-0.62185191  0.08809385  0.93462812]
178.13969135284424,1005,False,2,4,[ 8.1655353  -7.47567099  1.47024495],fake_landed,[ 0.50568378 -0.03156594 -0.11489306]
178.2427704334259,1000,False,1,0,[2.29081433 8.71248517 3.98604665],landing,[-0.82138112 -0.19970136 -0.21083176]
178.2427704334259,1001,False,4,1,[7.84287294 2.04472247 4.        ],exiting,[-0.48080528  0.59740651 -0.20557775]
178.2427704334259,1002,False,5,2,[ 8.46885307 -0.55298725  3.99999996],cruising,[ 0.5677905  -0.59831228 -0.99408226]
178.2427704334259,1003,False,3,6,[-4.79728536  1.85156894  3.99857248],cruising,[ 0.63925976  0.24903542 -0.34837281]
178.2427704334259,1004,False,6,5,[ 4.26348331 -4.07932522  4.00001404],cruising,[-0.62185191  0.08809385  0.93462812]
178.2427704334259,1005,False,2,4,[ 8.14762563 -7.4783032   1.39231988],fake_landed,[ 0.50568378 -0.03156594 -0.11489306]
178.3451488018036,1000,False,1,0,[2.31711424 8.77969484 3.95830435],landing,[-0.82138112 -0.19970136 -0.21083176]
178.3451488018036,1001,False,4,1,[7.74320695 2.0528889  4.        ],exiting,[-0.48080528  0.59740651 -0.20557775]
178.3451488018036,1002,False,5,2,[ 8.45725201 -0.7526505   3.99999996],cruising,[ 0.5677905  -0.59831228 -0.99408226]
178.3451488018036,1003,False,3,6,[-4.91394931  2.01401747  3.99878661],cruising,[ 0.63925976  0.24903542 -0.34837281]
178.3451488018036,1004,False,6,5,[ 4.08132238 -3.99675768  4.00001194],cruising,[-0.62185191  0.08809385  0.93462812]
178.3451488018036,1005,False,2,4,[ 8.13419338 -7.48027736  1.33387609],fake_landed,[ 0.50568378 -0.03156594 -0.11489306]
178.43656587600708,1000,False,1,0,[2.34236737 8.83226957 3.91697076],landing,[-0.82138112 -0.19970136 -0.21083176]
178.43656587600708,1001,False,4,1,[7.64354096 2.06105532 4.        ],exiting,[-0.48080528  0.59740651 -0.20557775]
178.43656587600708,1002,False,5,2,[ 8.44364195 -0.95218688  3.99999997],cruising,[ 0.5677905  -0.59831228 -0.99408226]
178.43656587600708,1003,False,3,6,[-5.02992533  2.17695784  3.99896862],cruising,[ 0.63925976  0.24903542 -0.34837281]
178.43656587600708,1004,False,6,5,[ 3.89805129 -3.91668455  4.00001015],cruising,[-0.62185191  0.08809385  0.93462812]
178.43656587600708,1005,False,2,4,[ 8.12523854 -7.48159347  1.29491356],fake_landed,[ 0.50568378 -0.03156594 -0.11489306]
178.54184317588806,1000,False,1,0,[2.36643711 8.86996789 3.86232208],landing,[-0.82138112 -0.19970136 -0.21083176]
178.54184317588806,1001,False,4,1,[7.54387497 2.06922175 4.        ],exiting,[-0.48080528  0.59740651 -0.20557775]
178.54184317588806,1002,False,5,2,[ 8.42575657 -1.15138556  3.99999997],cruising,[ 0.5677905  -0.59831228 -0.99408226]
178.54184317588806,1003,False,3,6,[-5.14494381  2.34057552  3.99912332],cruising,[ 0.63925976  0.24903542 -0.34837281]
178.54184317588806,1004,False,6,5,[ 3.71425317 -3.83782866  4.00000863],cruising,[-0.62185191  0.08809385  0.93462812]
178.54184317588806,1005,False,2,4,[ 8.12076112 -7.48225152  1.27543229],fake_landed,[ 0.50568378 -0.03156594 -0.11489306]
178.63545036315918,1000,False,1,0,[2.38920377 8.89258214 3.79460538],landing,[-0.82138112 -0.19970136 -0.21083176]
178.63545036315918,1001,False,4,1,[7.44420898 2.07738818 4.        ],exiting,[-0.48080528  0.59740651 -0.20557775]
178.63545036315918,1002,False,5,2,[ 8.40592114 -1.35039952  3.99999998],cruising,[ 0.5677905  -0.59831228 -0.99408226]
178.63545036315918,1003,False,3,6,[-5.25934353  2.50462644  3.99925483],cruising,[ 0.63925976  0.24903542 -0.34837281]
178.63545036315918,1004,False,6,5,[ 3.5297424  -3.76065498  4.00000733],cruising,[-0.62185191  0.08809385  0.93462812]
178.63545036315918,1005,False,2,4,[ 8.12076112 -7.48225152  1.27543229],fake_landed,[ 0.50568378 -0.03156594 -0.11489306]
178.74383234977722,1000,False,1,0,[2.41055775 8.89992562 3.71405093],landing,[-0.82138112 -0.19970136 -0.21083176]
178.74383234977722,1001,False,4,1,[7.34454299 2.08555461 4.        ],exiting,[-0.48080528  0.59740651 -0.20557775]
178.74383234977722,1002,False,5,2,[ 8.38394003 -1.54918793  3.99999998],cruising,[ 0.5677905  -0.59831228 -0.99408226]
178.74383234977722,1003,False,3,6,[-5.37223748  2.6697172   3.9993666 ],cruising,[ 0.63925976  0.24903542 -0.34837281]
178.74383234977722,1004,False,6,5,[ 3.34480293 -3.68451439  4.00000623],cruising,[-0.62185191  0.08809385  0.93462812]
178.74383234977722,1005,False,4,3,[ 8.12076112 -7.48225152  1.27543229],waiting,[ 0.50568378 -0.03156594 -0.11489306]
178.84525561332703,1000,False,1,0,[2.43038718 8.89181105 3.62089789],landing,[-0.82138112 -0.19970136 -0.21083176]
178.84525561332703,1001,False,4,1,[7.244877   2.09372104 4.        ],exiting,[-0.48080528  0.59740651 -0.20557775]
178.84525561332703,1002,False,5,2,[ 8.35731226 -1.7474074   3.99999998],cruising,[ 0.5677905  -0.59831228 -0.99408226]
178.84525561332703,1003,False,3,6,[-5.48331462  2.83603577  3.99946161],cruising,[ 0.63925976  0.24903542 -0.34837281]
178.84525561332703,1004,False,6,5,[ 3.15935979 -3.60960882  4.0000053 ],cruising,[-0.62185191  0.08809385  0.93462812]
178.84525561332703,1005,False,4,3,[ 8.12076112 -7.48225152  1.27543229],waiting,[ 0.50568378 -0.03156594 -0.11489306]
178.9424250125885,1000,False,1,0,[2.44967667 8.87854268 3.52367719],landing,[-0.82138112 -0.19970136 -0.21083176]
178.9424250125885,1001,False,4,1,[7.14521101 2.10188746 4.        ],exiting,[-0.48080528  0.59740651 -0.20557775]
178.9424250125885,1002,False,5,2,[ 8.32846744 -1.94531641  3.99999999],cruising,[ 0.5677905  -0.59831228 -0.99408226]
178.9424250125885,1003,False,3,6,[-5.59222794  3.00377929  3.99954237],cruising,[ 0.63925976  0.24903542 -0.34837281]
178.9424250125885,1004,False,6,5,[ 2.97341554 -3.53595602  4.0000045 ],cruising,[-0.62185191  0.08809385  0.93462812]
178.9424250125885,1005,False,4,3,[ 8.12076112 -7.48225152  1.27543229],waiting,[ 0.50568378 -0.03156594 -0.11489306]
179.04104232788086,1000,False,1,0,[2.46896616 8.8652743  3.42645648],landing,[-0.82138112 -0.19970136 -0.21083176]
179.04104232788086,1001,False,4,1,[7.04554502 2.11005389 4.        ],exiting,[-0.48080528  0.59740651 -0.20557775]
179.04104232788086,1002,False,5,2,[ 8.29714609 -2.14284862  3.99999999],cruising,[ 0.5677905  -0.59831228 -0.99408226]
179.04104232788086,1003,False,3,6,[-5.69857893  3.17315895  3.99961101],cruising,[ 0.63925976  0.24903542 -0.34837281]
179.04104232788086,1004,False,6,5,[ 2.78688001 -3.46381382  4.00000383],cruising,[-0.62185191  0.08809385  0.93462812]
179.04104232788086,1005,False,4,3,[ 8.12076112 -7.48225152  1.27543229],waiting,[ 0.50568378 -0.03156594 -0.11489306]
179.13955807685852,1000,False,1,0,[2.48825566 8.85200593 3.32923577],landing,[-0.82138112 -0.19970136 -0.21083176]
179.13955807685852,1001,False,4,1,[6.94587903 2.11822032 4.        ],exiting,[-0.48080528  0.59740651 -0.20557775]
179.13955807685852,1002,False,5,2,[ 8.26037919 -2.33944006  3.99999999],cruising,[ 0.5677905  -0.59831228 -0.99408226]
179.13955807685852,1003,False,3,6,[-5.80189848  3.34440459  3.99966936],cruising,[ 0.63925976  0.24903542 -0.34837281]
179.13955807685852,1004,False,6,5,[ 2.59986685 -3.39291898  4.00000325],cruising,[-0.62185191  0.08809385  0.93462812]
179.13955807685852,1005,False,4,3,[ 8.12076112 -7.48225152  1.27543229],waiting,[ 0.50568378 -0.03156594 -0.11489306]
179.24050736427307,1000,False,1,0,[2.50754515 8.83873755 3.23201507],landing,[-0.82138112 -0.19970136 -0.21083176]
179.24050736427307,1001,False,4,1,[6.84621304 2.12638675 4.        ],exiting,[-0.48080528  0.59740651 -0.20557775]
179.24050736427307,1002,False,5,2,[ 8.22090986 -2.53550682  3.99999999],cruising,[ 0.5677905  -0.59831228 -0.99408226]
179.24050736427307,1003,False,3,6,[-5.90162254  3.51776869  3.99971896],cruising,[ 0.63925976  0.24903542 -0.34837281]
179.24050736427307,1004,False,6,5,[ 2.41206679 -3.32413572  4.00000277],cruising,[-0.62185191  0.08809385  0.93462812]
179.24050736427307,1005,False,4,3,[ 8.12076112 -7.48225152  1.27543229],waiting,[ 0.50568378 -0.03156594 -0.11489306]
179.3356454372406,1000,False,1,0,[2.52683464 8.82546918 3.13479436],landing,[-0.82138112 -0.19970136 -0.21083176]
179.3356454372406,1001,False,4,1,[6.74654706 2.13455318 4.        ],exiting,[-0.48080528  0.59740651 -0.20557775]
179.3356454372406,1002,False,5,2,[ 8.17838261 -2.7309331   3.99999999],cruising,[ 0.5677905  -0.59831228 -0.99408226]
179.3356454372406,1003,False,3,6,[-5.99706049  3.69352875  3.99976111],cruising,[ 0.63925976  0.24903542 -0.34837281]
179.3356454372406,1004,False,6,5,[ 2.22333315 -3.25795708  4.00000235],cruising,[-0.62185191  0.08809385  0.93462812]
179.3356454372406,1005,False,4,3,[ 8.12076112 -7.48225152  1.27543229],waiting,[ 0.50568378 -0.03156594 -0.11489306]
179.43591856956482,1000,False,1,0,[2.54612413 8.81220081 3.03757365],landing,[-0.82138112 -0.19970136 -0.21083176]
179.43591856956482,1001,False,4,1,[6.64688107 2.14271961 4.        ],exiting,[-0.48080528  0.59740651 -0.20557775]
179.43591856956482,1002,False,5,2,[ 8.12896727 -2.92473229  3.99999999],cruising,[ 0.5677905  -0.59831228 -0.99408226]
179.43591856956482,1003,False,3,6,[-6.08735312  3.8719867   3.99979695],cruising,[ 0.63925976  0.24903542 -0.34837281]
179.43591856956482,1004,False,6,5,[ 2.03400214 -3.19350734  4.000002  ],cruising,[-0.62185191  0.08809385  0.93462812]
179.43591856956482,1005,False,4,3,[ 8.12076112 -7.48225152  1.27543229],waiting,[ 0.50568378 -0.03156594 -0.11489306]
179.53718495368958,1000,False,1,0,[2.56541362 8.79893243 2.94035295],landing,[-0.82138112 -0.19970136 -0.21083176]
179.53718495368958,1001,False,4,1,[6.54721508 2.15088603 4.        ],exiting,[-0.48080528  0.59740651 -0.20557775]
179.53718495368958,1002,False,5,2,[ 8.0760453  -3.1176034   3.99999999],cruising,[ 0.5677905  -0.59831228 -0.99408226]
179.53718495368958,1003,False,3,6,[-6.17141645  4.0534622   3.9998274 ],cruising,[ 0.63925976  0.24903542 -0.34837281]
179.53718495368958,1004,False,6,5,[ 1.84339826 -3.13292549  4.0000017 ],cruising,[-0.62185191  0.08809385  0.93462812]
179.53718495368958,1005,False,4,3,[ 8.12076112 -7.48225152  1.27543229],waiting,[ 0.50568378 -0.03156594 -0.11489306]
179.6444013118744,1000,False,1,0,[2.58470311 8.78566406 2.84313224],landing,[-0.82138112 -0.19970136 -0.21083176]
179.6444013118744,1001,False,4,1,[6.44754909 2.15905246 4.        ],exiting,[-0.48080528  0.59740651 -0.20557775]
179.6444013118744,1002,False,5,2,[ 8.01487797 -3.3080202   4.        ],cruising,[ 0.5677905  -0.59831228 -0.99408226]
179.6444013118744,1003,False,3,6,[-6.24786659  4.23827393  3.99985329],cruising,[ 0.63925976  0.24903542 -0.34837281]
179.6444013118744,1004,False,6,5,[ 1.651336   -3.07713941  4.00000144],cruising,[-0.62185191  0.08809385  0.93462812]
179.6444013118744,1005,False,4,3,[ 8.12076112 -7.48225152  1.27543229],waiting,[ 0.50568378 -0.03156594 -0.11489306]
179.73378705978394,1000,False,1,0,[2.6039926  8.77239568 2.74591153],landing,[-0.82138112 -0.19970136 -0.21083176]
179.73378705978394,1001,False,4,1,[6.3478831  2.16721889 4.        ],exiting,[-0.48080528  0.59740651 -0.20557775]
179.73378705978394,1002,False,5,2,[ 7.94476338 -3.49532729  4.        ],cruising,[ 0.5677905  -0.59831228 -0.99408226]
179.73378705978394,1003,False,3,6,[-6.31492038  4.42669843  3.9998753 ],cruising,[ 0.63925976  0.24903542 -0.34837281]
179.73378705978394,1004,False,6,5,[ 1.45762214 -3.02739062  4.00000123],cruising,[-0.62185191  0.08809385  0.93462812]
179.73378705978394,1005,False,4,3,[ 8.12076112 -7.48225152  1.27543229],waiting,[ 0.50568378 -0.03156594 -0.11489306]
179.83345365524292,1000,False,1,0,[2.6232821  8.75912731 2.64869083],landing,[-0.82138112 -0.19970136 -0.21083176]
179.83345365524292,1001,False,4,1,[6.24821711 2.17538532 4.        ],exiting,[-0.48080528  0.59740651 -0.20557775]
179.83345365524292,1002,False,5,2,[ 7.86458713 -3.67855329  4.        ],cruising,[ 0.5677905  -0.59831228 -0.99408226]
179.83345365524292,1003,False,3,6,[-6.3639445   4.62059695  3.99989401],cruising,[ 0.63925976  0.24903542 -0.34837281]
179.83345365524292,1004,False,6,5,[ 1.26208408 -2.98538029  4.00000104],cruising,[-0.62185191  0.08809385  0.93462812]
179.83345365524292,1005,False,4,3,[ 8.12076112 -7.48225152  1.27543229],waiting,[ 0.50568378 -0.03156594 -0.11489306]
179.93389534950256,1000,False,1,0,[2.64257159 8.74585894 2.55147012],landing,[-0.82138112 -0.19970136 -0.21083176]
179.93389534950256,1001,False,4,1,[6.14855112 2.18355175 4.        ],exiting,[-0.48080528  0.59740651 -0.20557775]
179.93389534950256,1002,False,5,2,[ 7.77879519 -3.85921801  4.        ],cruising,[ 0.5677905  -0.59831228 -0.99408226]
179.93389534950256,1003,False,3,6,[-6.39332134  4.81823507  3.99991035],cruising,[ 0.63925976  0.24903542 -0.34837281]
179.93389534950256,1004,False,6,5,[ 1.0646431  -2.95348893  4.00000089],cruising,[-0.62185191  0.08809385  0.93462812]
179.93389534950256,1005,False,4,3,[ 8.12076112 -7.48225152  1.27543229],waiting,[ 0.50568378 -0.03156594 -0.11489306]
180.03624987602234,1000,False,1,0,[2.66186108 8.73259056 2.45424941],landing,[-0.82138112 -0.19970136 -0.21083176]
180.03624987602234,1001,False,4,1,[6.04888513 2.19171818 4.        ],exiting,[-0.48080528  0.59740651 -0.20557775]
180.03624987602234,1002,False,5,2,[ 7.67904053 -4.03256451  4.        ],cruising,[ 0.5677905  -0.59831228 -0.99408226]
180.03624987602234,1003,False,3,6,[-6.40273954  5.01715877  3.99992506],cruising,[ 0.63925976  0.24903542 -0.34837281]
180.03624987602234,1004,False,6,5,[ 0.86504678 -2.9414811   4.00000075],cruising,[-0.62185191  0.08809385  0.93462812]
180.03624987602234,1005,False,4,3,[ 8.12076112 -7.48225152  1.27543229],waiting,[ 0.50568378 -0.03156594 -0.11489306]
180.14029812812805,1000,False,1,0,[2.68115057 8.71932219 2.35702871],landing,[-0.82138112 -0.19970136 -0.21083176]
180.14029812812805,1001,False,4,1,[5.94921914 2.1998846  4.        ],exiting,[-0.48080528  0.59740651 -0.20557775]
180.14029812812805,1002,False,5,2,[ 7.5627404 -4.194675   4.       ],cruising,[ 0.5677905  -0.59831228 -0.99408226]
180.14029812812805,1003,False,3,6,[-6.3922111   5.21462259  3.99993852],cruising,[ 0.63925976  0.24903542 -0.34837281]
180.14029812812805,1004,False,6,5,[ 0.66509446 -2.94584775  4.00000064],cruising,[-0.62185191  0.08809385  0.93462812]
180.14029812812805,1005,False,4,3,[ 8.12076112 -7.48225152  1.27543229],waiting,[ 0.50568378 -0.03156594 -0.11489306]
180.23371052742004,1000,False,1,0,[2.70044006 8.70605381 2.259808  ],landing,[-0.82138112 -0.19970136 -0.21083176]
180.23371052742004,1001,False,4,1,[5.84955315 2.20805103 4.        ],exiting,[-0.48080528  0.59740651 -0.20557775]
180.23371052742004,1002,False,5,2,[ 7.43116367 -4.34387715  4.        ],cruising,[ 0.5677905  -0.59831228 -0.99408226]
180.23371052742004,1003,False,3,6,[-6.36208168  5.40811127  3.99995085],cruising,[ 0.63925976  0.24903542 -0.34837281]
180.23371052742004,1004,False,6,5,[ 0.46559281 -2.95995777  4.00000054],cruising,[-0.62185191  0.08809385  0.93462812]
180.23371052742004,1005,False,4,3,[ 8.12076112 -7.48225152  1.27543229],waiting,[ 0.50568378 -0.03156594 -0.11489306]
180.33548617362976,1000,False,1,0,[2.71972955 8.69278544 2.16258729],landing,[-0.82138112 -0.19970136 -0.21083176]
180.33548617362976,1001,False,4,1,[5.74988716 2.21621746 4.        ],exiting,[-0.48080528  0.59740651 -0.20557775]
180.33548617362976,1002,False,5,2,[ 7.28617847 -4.47823973  4.        ],cruising,[ 0.5677905  -0.59831228 -0.99408226]
180.33548617362976,1003,False,3,6,[-6.31291538  5.59546828  3.99996201],cruising,[ 0.63925976  0.24903542 -0.34837281]
180.33548617362976,1004,False,6,5,[ 0.26774515 -2.98922048  4.00000046],cruising,[-0.62185191  0.08809385  0.93462812]
180.33548617362976,1005,False,4,3,[ 8.12076112 -7.48225152  1.27543229],queued,[ 0.50568378 -0.03156594 -0.11489306]
180.43323969841003,1000,False,1,0,[2.73901905 8.67951707 2.06536659],landing,[-0.82138112 -0.19970136 -0.21083176]
180.43323969841003,1001,False,4,1,[5.65022117 2.22438389 4.        ],exiting,[-0.48080528  0.59740651 -0.20557775]
180.43323969841003,1002,False,5,2,[ 7.1301628  -4.59591911  4.        ],cruising,[ 0.5677905  -0.59831228 -0.99408226]
180.43323969841003,1003,False,3,6,[-6.24561501  5.77438995  3.99997206],cruising,[ 0.63925976  0.24903542 -0.34837281]
180.43323969841003,1004,False,6,5,[ 0.07352042 -3.03693582  4.00000039],cruising,[-0.62185191  0.08809385  0.93462812]
180.43323969841003,1005,False,4,3,[ 8.12076112 -7.48225152  1.29543229],queued,[ 0.50568378 -0.03156594 -0.11489306]
180.53395223617554,1000,False,1,0,[2.75830854 8.66624869 1.96814588],landing,[-0.82138112 -0.19970136 -0.21083176]
180.53395223617554,1001,False,4,1,[5.55055518 2.23255032 4.        ],landing,[-0.48080528  0.59740651 -0.20557775]
180.53395223617554,1002,False,5,2,[ 6.96526761 -4.69567773  4.        ],cruising,[ 0.5677905  -0.59831228 -0.99408226]
180.53395223617554,1003,False,3,6,[-6.16133278  5.94274673  3.99998103],cruising,[ 0.63925976  0.24903542 -0.34837281]
180.53395223617554,1004,False,6,5,[-0.11745282 -3.09634307  4.00000033],cruising,[-0.62185191  0.08809385  0.93462812]
180.53395223617554,1005,False,4,3,[ 8.12076112 -7.48225152  1.33543229],queued,[ 0.50568378 -0.03156594 -0.11489306]
180.6374535560608,1000,False,1,0,[2.77759803 8.65298032 1.87092518],landing,[-0.82138112 -0.19970136 -0.21083176]
180.6374535560608,1001,False,4,1,[5.4647499  2.2364586  3.98622506],landing,[-0.48080528  0.59740651 -0.20557775]
180.6374535560608,1002,False,5,2,[ 6.79365688 -4.77659752  4.        ],cruising,[ 0.5677905  -0.59831228 -0.99408226]
180.6374535560608,1003,False,3,6,[-6.06104948  6.09910493  3.99998887],cruising,[ 0.63925976  0.24903542 -0.34837281]
180.6374535560608,1004,False,6,5,[-0.3048844  -3.16612418  4.00000028],cruising,[-0.62185191  0.08809385  0.93462812]
180.6374535560608,1005,False,4,3,[ 8.12076112 -7.48225152  1.39543229],queued,[ 0.50568378 -0.03156594 -0.11489306]
180.74381041526794,1000,False,1,0,[2.79688752 8.63971194 1.77370447],landing,[-0.82138112 -0.19970136 -0.21083176]
180.74381041526794,1001,False,4,1,[5.39297599 2.23613248 3.95884165],landing,[-0.48080528  0.59740651 -0.20557775]
180.74381041526794,1002,False,5,2,[ 6.61731657 -4.83808457  4.        ],cruising,[ 0.5677905  -0.59831228 -0.99408226]
180.74381041526794,1003,False,3,6,[-5.94568921  6.24232218  3.99999555],cruising,[ 0.63925976  0.24903542 -0.34837281]
180.74381041526794,1004,False,6,5,[-0.48771341 -3.24720163  4.00000024],cruising,[-0.62185191  0.08809385  0.93462812]
180.74381041526794,1005,False,4,3,[ 8.12076112 -7.48225152  1.47043229],queued,[ 0.50568378 -0.03156594 -0.11489306]
180.83483171463013,1000,False,1,0,[2.81617701 8.62644357 1.67648376],landing,[-0.82138112 -0.19970136 -0.21083176]
180.83483171463013,1001,False,4,1,[5.33543236 2.23160079 3.91804883],landing,[-0.48080528  0.59740651 -0.20557775]
180.83483171463013,1002,False,5,2,[ 6.4385055  -4.87972483  4.        ],cruising,[ 0.5677905  -0.59831228 -0.99408226]
180.83483171463013,1003,False,3,6,[-5.81616342  6.3714207   4.00000103],cruising,[ 0.63925976  0.24903542 -0.34837281]
180.83483171463013,1004,False,6,5,[-0.66712902 -3.33557605  4.00000021],cruising,[-0.62185191  0.08809385  0.93462812]
180.83483171463013,1005,False,4,3,[ 8.12076112 -7.48225152  1.54543229],queued,[ 0.50568378 -0.03156594 -0.11489306]
180.93475246429443,1000,False,1,0,[2.8354665  8.6131752  1.57926306],landing,[-0.82138112 -0.19970136 -0.21083176]
180.93475246429443,1001,False,4,1,[5.2923841  2.22290394 3.86412073],landing,[-0.48080528  0.59740651 -0.20557775]
180.93475246429443,1002,False,5,2,[ 6.25893499 -4.90137951  4.        ],cruising,[ 0.5677905  -0.59831228 -0.99408226]
180.93475246429443,1003,False,3,6,[-5.67336965  6.48555392  4.00000529],cruising,[ 0.63925976  0.24903542 -0.34837281]
180.93475246429443,1004,False,6,5,[-0.84497228 -3.42707344  4.00000017],cruising,[-0.62185191  0.08809385  0.93462812]
180.93475246429443,1005,False,4,3,[ 8.12076112 -7.48225152  1.62043229],queued,[ 0.50568378 -0.03156594 -0.11489306]
181.04283118247986,1000,False,1,0,[2.854756   8.59990682 1.48204235],fake_landed,[-0.82138112 -0.19970136 -0.21083176]
181.04283118247986,1001,False,4,1,[5.26407252 2.21008082 3.79731612],landing,[-0.48080528  0.59740651 -0.20557775]
181.04283118247986,1002,False,5,2,[ 6.07963268 -4.90303599  4.        ],cruising,[ 0.5677905  -0.59831228 -0.99408226]
181.04283118247986,1003,False,3,6,[-5.51835991  6.58385142  4.00000836],cruising,[ 0.63925976  0.24903542 -0.34837281]
181.04283118247986,1004,False,6,5,[-1.02409677 -3.51603646  4.00000015],cruising,[-0.62185191  0.08809385  0.93462812]
181.04283118247986,1005,False,4,3,[ 8.12076112 -7.48225152  1.69543229],queued,[ 0.50568378 -0.03156594 -0.11489306]
181.14259004592896,1000,False,1,0,[2.87018759 8.58929212 1.40426578],fake_landed,[-0.82138112 -0.19970136 -0.21083176]
181.14259004592896,1001,False,4,1,[5.2507074  2.19316696 3.71786758],landing,[-0.48080528  0.59740651 -0.20557775]
181.14259004592896,1002,False,5,2,[ 5.90186995 -4.88475181  4.        ],cruising,[ 0.5677905  -0.59831228 -0.99408226]
181.14259004592896,1003,False,3,6,[-5.35174557  6.66585985  4.00001019],cruising,[ 0.63925976  0.24903542 -0.34837281]
181.14259004592896,1004,False,6,5,[-1.20736052 -3.59612639  4.00000013],cruising,[-0.62185191  0.08809385  0.93462812]
181.14259004592896,1005,False,4,3,[ 8.12076112 -7.48225152  1.77043229],queued,[ 0.50568378 -0.03156594 -0.11489306]
181.24273943901062,1000,False,1,0,[2.88176128 8.5813311  1.34593336],fake_landed,[-0.82138112 -0.19970136 -0.21083176]
181.24273943901062,1001,False,4,1,[5.25249972 2.17219979 3.62601651],landing,[-0.48080528  0.59740651 -0.20557775]
181.24273943901062,1002,False,5,2,[ 5.72667829 -4.84663358  4.        ],cruising,[ 0.5677905  -0.59831228 -0.99408226]
181.24273943901062,1003,False,3,6,[-5.17395131  6.73128489  4.00001076],cruising,[ 0.63925976  0.24903542 -0.34837281]
181.24273943901062,1004,False,6,5,[-1.39753587 -3.65744854  4.00000011],cruising,[-0.62185191  0.08809385  0.93462812]
181.24273943901062,1005,False,4,3,[ 8.12076112 -7.48225152  1.84543229],queued,[ 0.50568378 -0.03156594 -0.11489306]
181.33539748191833,1000,False,1,0,[2.88947708 8.57602375 1.30704508],fake_landed,[-0.82138112 -0.19970136 -0.21083176]
181.33539748191833,1001,False,4,1,[5.26085027 2.14952006 3.52898096],landing,[-0.48080528  0.59740651 -0.20557775]
181.33539748191833,1002,False,5,2,[ 5.55438971 -4.78872718  4.        ],cruising,[ 0.5677905  -0.59831228 -0.99408226]
181.33539748191833,1003,False,3,6,[-4.98503645  6.78008668  4.00001003],cruising,[ 0.63925976  0.24903542 -0.34837281]
181.33539748191833,1004,False,6,5,[-1.59147094 -3.69912725  4.00000009],cruising,[-0.62185191  0.08809385  0.93462812]
181.33539748191833,1005,False,4,3,[ 8.12076112 -7.48225152  1.92043229],queued,[ 0.50568378 -0.03156594 -0.11489306]
181.43735909461975,1000,False,1,0,[2.89333498 8.57337007 1.28760094],fake_landed,[-0.82138112 -0.19970136 -0.21083176]
181.43735909461975,1001,False,4,1,[5.26920082 2.12684033 3.43194541],landing,[-0.48080528  0.59740651 -0.20557775]
181.43735909461975,1002,False,5,2,[ 5.38547176 -4.71110684  4.        ],cruising,[ 0.5677905  -0.59831228 -0.99408226]
181.43735909461975,1003,False,3,6,[-4.78915582  6.82046959  4.00000852],cruising,[ 0.63925976  0.24903542 -0.34837281]
181.43735909461975,1004,False,6,5,[-1.78605131 -3.72081638  4.00000007],cruising,[-0.62185191  0.08809385  0.93462812]
181.43735909461975,1005,False,4,3,[ 8.12076112 -7.48225152  1.99543229],queued,[ 0.50568378 -0.03156594 -0.11489306]
181.53617095947266,1000,False,1,0,[2.89333498 8.57337007 1.28760094],fake_landed,[-0.82138112 -0.19970136 -0.21083176]
181.53617095947266,1001,False,4,1,[5.27755137 2.1041606  3.33490986],landing,[-0.48080528  0.59740651 -0.20557775]
181.53617095947266,1002,False,5,2,[ 5.21907996 -4.61364668  4.        ],cruising,[ 0.5677905  -0.59831228 -0.99408226]
181.53617095947266,1003,False,3,6,[-4.59420885  6.86514262  4.00000724],cruising,[ 0.63925976  0.24903542 -0.34837281]
181.53617095947266,1004,False,6,5,[-1.97827597 -3.72264472  4.00000006],cruising,[-0.62185191  0.08809385  0.93462812]
181.53617095947266,1005,False,4,3,[ 8.12076112 -7.48225152  2.07043229],queued,[ 0.50568378 -0.03156594 -0.11489306]
181.64285850524902,1000,False,0,4,[2.89333498 8.57337007 1.28760094],waiting,[-0.82138112 -0.19970136 -0.21083176]
181.64285850524902,1001,False,4,1,[5.28590193 2.08148087 3.23787431],landing,[-0.48080528  0.59740651 -0.20557775]
181.64285850524902,1002,False,5,2,[ 5.05223297 -4.50336485  4.        ],cruising,[ 0.5677905  -0.59831228 -0.99408226]
181.64285850524902,1003,False,3,6,[-4.39991657  6.91258216  4.00000616],cruising,[ 0.63925976  0.24903542 -0.34837281]
181.64285850524902,1004,False,6,5,[-2.16524582 -3.70517574  4.00000004],cruising,[-0.62185191  0.08809385  0.93462812]
181.64285850524902,1005,False,4,3,[ 8.12076112 -7.48225152  2.14543229],queued,[ 0.50568378 -0.03156594 -0.11489306]
181.73492431640625,1000,False,0,4,[2.89333498 8.57337007 1.28760094],waiting,[-0.82138112 -0.19970136 -0.21083176]
181.73492431640625,1001,False,4,1,[5.29425248 2.05880114 3.14083876],landing,[-0.48080528  0.59740651 -0.20557775]
181.73492431640625,1002,False,5,2,[ 4.88030231 -4.40118927  4.        ],cruising,[ 0.5677905  -0.59831228 -0.99408226]
181.73492431640625,1003,False,3,6,[-4.20536171  6.95893305  4.00000523],cruising,[ 0.63925976  0.24903542 -0.34837281]
181.73492431640625,1004,False,6,5,[-2.34463345 -3.66919972  4.00000003],cruising,[-0.62185191  0.08809385  0.93462812]
181.73492431640625,1005,False,4,3,[ 8.12076112 -7.48225152  2.22043229],queued,[ 0.50568378 -0.03156594 -0.11489306]
181.83437204360962,1000,False,0,4,[2.89333498 8.57337007 1.28760094],waiting,[-0.82138112 -0.19970136 -0.21083176]
181.83437204360962,1001,False,4,1,[5.30260303 2.03612141 3.04380321],landing,[-0.48080528  0.59740651 -0.20557775]
181.83437204360962,1002,False,5,2,[ 4.70548661 -4.30403233  4.        ],cruising,[ 0.5677905  -0.59831228 -0.99408226]
181.83437204360962,1003,False,3,6,[-4.01098543  7.00602724  4.00000445],cruising,[ 0.63925976  0.24903542 -0.34837281]
181.83437204360962,1004,False,6,5,[-2.51425025 -3.6157729   4.00000001],cruising,[-0.62185191  0.08809385  0.93462812]
181.83437204360962,1005,False,4,3,[ 8.12076112 -7.48225152  2.29543229],queued,[ 0.50568378 -0.03156594 -0.11489306]
181.93601322174072,1000,False,0,4,[2.89333498 8.57337007 1.28760094],waiting,[-0.82138112 -0.19970136 -0.21083176]
181.93601322174072,1001,False,4,1,[5.31095358 2.01344168 2.94676765],landing,[-0.48080528  0.59740651 -0.20557775]
181.93601322174072,1002,False,5,2,[ 4.52759699 -4.2126251   4.        ],cruising,[ 0.5677905  -0.59831228 -0.99408226]
181.93601322174072,1003,False,3,6,[-3.81651481  7.05273033  4.00000378],cruising,[ 0.63925976  0.24903542 -0.34837281]
181.93601322174072,1004,False,6,5,[-2.67210309 -3.54617174  4.        ],cruising,[-0.62185191  0.08809385  0.93462812]
181.93601322174072,1005,False,4,3,[ 8.12076112 -7.48225152  2.37043229],queued,[ 0.50568378 -0.03156594 -0.11489306]
182.04301571846008,1000,False,0,4,[2.89333498 8.57337007 1.28760094],waiting,[-0.82138112 -0.19970136 -0.21083176]
182.04301571846008,1001,False,4,1,[5.31930414 1.99076195 2.8497321 ],landing,[-0.48080528  0.59740651 -0.20557775]
182.04301571846008,1002,False,5,2,[ 4.34809219 -4.12443198  4.        ],cruising,[ 0.5677905  -0.59831228 -0.99408226]
182.04301571846008,1003,False,3,6,[-3.62172295  7.09807489  4.00000321],cruising,[ 0.63925976  0.24903542 -0.34837281]
182.04301571846008,1004,False,6,5,[-2.81651479 -3.46176059  3.99999999],cruising,[-0.62185191  0.08809385  0.93462812]
182.04301571846008,1005,False,4,3,[ 8.12076112 -7.48225152  2.44543229],entering,[ 0.50568378 -0.03156594 -0.11489306]
182.14192581176758,1000,False,0,4,[2.89333498 8.57337007 1.28760094],waiting,[-0.82138112 -0.19970136 -0.21083176]
182.14192581176758,1001,False,4,1,[5.32765469 1.96808222 2.75269655],landing,[-0.48080528  0.59740651 -0.20557775]
182.14192581176758,1002,False,5,2,[ 4.16678146 -4.04001384  4.        ],cruising,[ 0.5677905  -0.59831228 -0.99408226]
182.14192581176758,1003,False,3,6,[-3.42591056  7.13878741  4.00000273],cruising,[ 0.63925976  0.24903542 -0.34837281]
182.14192581176758,1004,False,6,5,[-2.94603245 -3.3640015   3.99999998],cruising,[-0.62185191  0.08809385  0.93462812]
182.14192581176758,1005,False,4,3,[ 8.10927103 -7.4658815   2.52043229],entering,[ 0.50568378 -0.03156594 -0.11489306]
182.2386291027069,1000,False,0,4,[2.89333498 8.57337007 1.28760094],waiting,[-0.82138112 -0.19970136 -0.21083176]
182.2386291027069,1001,False,4,1,[5.33600524 1.94540249 2.655661  ],landing,[-0.48080528  0.59740651 -0.20557775]
182.2386291027069,1002,False,5,2,[ 3.98456156 -3.95757655  4.        ],cruising,[ 0.5677905  -0.59831228 -0.99408226]
182.2386291027069,1003,False,3,6,[-3.22958173  7.17693177  4.00000232],cruising,[ 0.63925976  0.24903542 -0.34837281]
182.2386291027069,1004,False,6,5,[-3.05935477 -3.25450737  3.99999997],cruising,[-0.62185191  0.08809385  0.93462812]
182.2386291027069,1005,False,4,3,[ 8.08629085 -7.43314144  2.59543229],entering,[ 0.50568378 -0.03156594 -0.11489306]
182.3338098526001,1000,False,0,4,[2.89333498 8.57337007 1.28760094],waiting,[-0.82138112 -0.19970136 -0.21083176]
182.3338098526001,1001,False,4,1,[5.34435579 1.92272276 2.55862545],landing,[-0.48080528  0.59740651 -0.20557775]
182.3338098526001,1002,False,5,2,[ 3.80125339 -3.87758833  4.        ],cruising,[ 0.5677905  -0.59831228 -0.99408226]
182.3338098526001,1003,False,3,6,[-3.03262526  7.2116902   4.00000197],cruising,[ 0.63925976  0.24903542 -0.34837281]
182.3338098526001,1004,False,6,5,[-3.15538262 -3.13496828  3.99999997],cruising,[-0.62185191  0.08809385  0.93462812]
182.3338098526001,1005,False,4,3,[ 8.05182057 -7.38403136  2.67043229],entering,[ 0.50568378 -0.03156594 -0.11489306]
182.4378182888031,1000,False,0,4,[2.89333498 8.57337007 1.28760094],waiting,[-0.82138112 -0.19970136 -0.21083176]
182.4378182888031,1001,False,4,1,[5.35270634 1.90004303 2.4615899 ],landing,[-0.48080528  0.59740651 -0.20557775]
182.4378182888031,1002,False,5,2,[ 3.61736218 -3.79894978  4.        ],cruising,[ 0.5677905  -0.59831228 -0.99408226]
182.4378182888031,1003,False,3,6,[-2.83456124  7.23945068  4.00000168],cruising,[ 0.63925976  0.24903542 -0.34837281]
182.4378182888031,1004,False,6,5,[-3.2334956  -3.00653776  3.99999996],cruising,[-0.62185191  0.08809385  0.93462812]
182.4378182888031,1005,False,4,3,[ 8.00586021 -7.31855125  2.74543229],entering,[ 0.50568378 -0.03156594 -0.11489306]
182.53874468803406,1000,False,0,4,[2.89333498 8.57337007 1.28760094],waiting,[-0.82138112 -0.19970136 -0.21083176]
182.53874468803406,1001,False,4,1,[5.3610569  1.8773633  2.36455435],landing,[-0.48080528  0.59740651 -0.20557775]
182.53874468803406,1002,False,5,2,[ 3.4327632  -3.72198734  4.        ],cruising,[ 0.5677905  -0.59831228 -0.99408226]
182.53874468803406,1003,False,3,6,[-2.63589591  7.26251766  4.00000143],cruising,[ 0.63925976  0.24903542 -0.34837281]
182.53874468803406,1004,False,6,5,[-3.29332032 -2.87001161  3.99999996],cruising,[-0.62185191  0.08809385  0.93462812]
182.53874468803406,1005,False,4,3,[ 7.94840975 -7.23670112  2.82043229],entering,[ 0.50568378 -0.03156594 -0.11489306]
182.63314390182495,1000,False,0,4,[2.89333498 8.57337007 1.28760094],waiting,[-0.82138112 -0.19970136 -0.21083176]
182.63314390182495,1001,False,4,1,[5.36940745 1.85468357 2.2675188 ],landing,[-0.48080528  0.59740651 -0.20557775]
182.63314390182495,1002,False,5,2,[ 3.2476728  -3.64621438  4.        ],cruising,[ 0.5677905  -0.59831228 -0.99408226]
182.63314390182495,1003,False,3,6,[-2.43638243  7.27645938  4.00000121],cruising,[ 0.63925976  0.24903542 -0.34837281]
182.63314390182495,1004,False,6,5,[-3.33468317 -2.72579392  3.99999996],cruising,[-0.62185191  0.08809385  0.93462812]
182.63314390182495,1005,False,4,3,[ 7.8794692  -7.13848095  2.89543229],entering,[ 0.50568378 -0.03156594 -0.11489306]
182.73478507995605,1000,False,0,4,[2.89333498 8.57337007 1.28760094],waiting,[-0.82138112 -0.19970136 -0.21083176]
182.73478507995605,1001,False,4,1,[5.377758   1.83200384 2.17048325],landing,[-0.48080528  0.59740651 -0.20557775]
182.73478507995605,1002,False,5,2,[ 3.06205295 -3.5717478   4.        ],cruising,[ 0.5677905  -0.59831228 -0.99408226]
182.73478507995605,1003,False,3,6,[-2.23641175  7.27988399  4.00000103],cruising,[ 0.63925976  0.24903542 -0.34837281]
182.73478507995605,1004,False,6,5,[-3.35751137 -2.57406181  3.99999995],cruising,[-0.62185191  0.08809385  0.93462812]
182.73478507995605,1005,False,4,3,[ 7.79911869 -7.0238348   2.97043229],entering,[ 0.50568378 -0.03156594 -0.11489306]
182.83966422080994,1000,False,0,4,[2.89333498 8.57337007 1.28760094],waiting,[-0.82138112 -0.19970136 -0.21083176]
182.83966422080994,1001,False,4,1,[5.38610855 1.80932411 2.0734477 ],landing,[-0.48080528  0.59740651 -0.20557775]
182.83966422080994,1002,False,5,2,[ 2.87588117 -3.49867202  4.        ],cruising,[ 0.5677905  -0.59831228 -0.99408226]
182.83966422080994,1003,False,3,6,[-2.03689845  7.26593975  4.00000088],cruising,[ 0.63925976  0.24903542 -0.34837281]
182.83966422080994,1004,False,6,5,[-3.36180832 -2.41480689  3.99999996],cruising,[-0.62185191  0.08809385  0.93462812]
182.83966422080994,1005,False,4,3,[ 7.70655576 -6.89335021  3.04543229],entering,[ 0.50568378 -0.03156594 -0.11489306]
182.9363181591034,1000,False,0,4,[2.89333498 8.57337007 1.28760094],queued,[-0.82138112 -0.19970136 -0.21083176]
182.9363181591034,1001,False,4,1,[5.39445911 1.78664439 1.97641215],landing,[-0.48080528  0.59740651 -0.20557775]
182.9363181591034,1002,False,5,2,[ 2.68904801 -3.42730417  4.        ],cruising,[ 0.5677905  -0.59831228 -0.99408226]
182.9363181591034,1003,False,3,6,[-1.83960377  7.23315547  4.00000074],cruising,[ 0.63925976  0.24903542 -0.34837281]
182.9363181591034,1004,False,6,5,[-3.34789561 -2.24728103  3.99999996],cruising,[-0.62185191  0.08809385  0.93462812]
182.9363181591034,1005,False,4,3,[ 7.60109232 -6.74758238  3.12043229],entering,[ 0.50568378 -0.03156594 -0.11489306]
183.03420066833496,1000,False,0,4,[2.89333498 8.57337007 1.30760094],queued,[-0.82138112 -0.19970136 -0.21083176]
183.03420066833496,1001,False,4,1,[5.40280966 1.76396466 1.87937659],landing,[-0.48080528  0.59740651 -0.20557775]
183.03420066833496,1002,False,5,2,[ 2.50171155 -3.35726809  4.        ],cruising,[ 0.5677905  -0.59831228 -0.99408226]
183.03420066833496,1003,False,3,6,[-1.64577127  7.18387097  4.00000063],cruising,[ 0.63925976  0.24903542 -0.34837281]
183.03420066833496,1004,False,6,5,[-3.3168037  -2.06951432  3.99999996],cruising,[-0.62185191  0.08809385  0.93462812]
183.03420066833496,1005,False,4,3,[ 7.48264714 -6.58660027  3.19543229],entering,[ 0.50568378 -0.03156594 -0.11489306]
183.14265537261963,1000,False,0,4,[2.89333498 8.57337007 1.34760094],queued,[-0.82138112 -0.19970136 -0.21083176]
183.14265537261963,1001,False,4,1,[5.41116021 1.74128493 1.78234104],landing,[-0.48080528  0.59740651 -0.20557775]
183.14265537261963,1002,False,5,2,[ 2.31350104 -3.28961602  4.        ],cruising,[ 0.5677905  -0.59831228 -0.99408226]
183.14265537261963,1003,False,3,6,[-1.45460769  7.12507908  4.00000054],cruising,[ 0.63925976  0.24903542 -0.34837281]
183.14265537261963,1004,False,6,5,[-3.27391294 -1.8755987   3.99999997],cruising,[-0.62185191  0.08809385  0.93462812]
183.14265537261963,1005,False,4,3,[ 7.36369476 -6.42581989  3.27043229],entering,[ 0.50568378 -0.03156594 -0.11489306]
183.23779702186584,1000,False,0,4,[2.89333498 8.57337007 1.40760094],queued,[-0.82138112 -0.19970136 -0.21083176]
183.23779702186584,1001,False,4,1,[5.41951076 1.7186052  1.68530549],landing,[-0.48080528  0.59740651 -0.20557775]
183.23779702186584,1002,False,5,2,[ 2.12426555 -3.22488634  4.        ],cruising,[ 0.5677905  -0.59831228 -0.99408226]
183.23779702186584,1003,False,3,6,[-1.26802988  7.0530463   4.00000046],cruising,[ 0.63925976  0.24903542 -0.34837281]
183.23779702186584,1004,False,6,5,[-3.2463919  -1.67750127  3.99999997],cruising,[-0.62185191  0.08809385  0.93462812]
183.23779702186584,1005,False,4,3,[ 7.24113838 -6.26776948  3.34543229],entering,[ 0.50568378 -0.03156594 -0.11489306]
183.3347246646881,1000,False,0,4,[2.89333498 8.57337007 1.48260094],queued,[-0.82138112 -0.19970136 -0.21083176]
183.3347246646881,1001,False,4,1,[5.42786132 1.69592547 1.58826994],landing,[-0.48080528  0.59740651 -0.20557775]
183.3347246646881,1002,False,5,2,[ 1.93438744 -3.16206673  4.        ],cruising,[ 0.5677905  -0.59831228 -0.99408226]
183.3347246646881,1003,False,3,6,[-1.08587065  6.97047504  4.00000039],cruising,[ 0.63925976  0.24903542 -0.34837281]
183.3347246646881,1004,False,6,5,[-3.23535377 -1.4778061   3.99999998],cruising,[-0.62185191  0.08809385  0.93462812]
183.3347246646881,1005,False,4,3,[ 7.11955034 -6.10897292  3.42043229],entering,[ 0.50568378 -0.03156594 -0.11489306]
183.4373517036438,1000,False,0,4,[2.89333498 8.57337007 1.55760094],queued,[-0.82138112 -0.19970136 -0.21083176]
183.4373517036438,1001,False,4,1,[5.43621187 1.67324574 1.49123439],fake_landed,[-0.48080528  0.59740651 -0.20557775]
183.4373517036438,1002,False,5,2,[ 1.7431224  -3.10360577  4.        ],cruising,[ 0.5677905  -0.59831228 -0.99408226]
183.4373517036438,1003,False,3,6,[-0.90764258  6.87972948  4.00000033],cruising,[ 0.63925976  0.24903542 -0.34837281]
183.4373517036438,1004,False,6,5,[-3.24023575 -1.27786569  3.99999998],cruising,[-0.62185191  0.08809385  0.93462812]
183.4373517036438,1005,False,4,3,[ 6.99251657 -5.95449825  3.49543229],entering,[ 0.50568378 -0.03156594 -0.11489306]
183.5376079082489,1000,False,0,4,[2.89333498 8.57337007 1.63260094],queued,[-0.82138112 -0.19970136 -0.21083176]
183.5376079082489,1001,False,4,1,[5.44289231 1.65510195 1.41360595],fake_landed,[-0.48080528  0.59740651 -0.20557775]
183.5376079082489,1002,False,5,2,[ 1.5502835  -3.05056657  4.        ],cruising,[ 0.5677905  -0.59831228 -0.99408226]
183.5376079082489,1003,False,3,6,[-0.73155576  6.78489578  4.00000028],cruising,[ 0.63925976  0.24903542 -0.34837281]
183.5376079082489,1004,False,6,5,[-3.25902694 -1.07875042  3.99999998],cruising,[-0.62185191  0.08809385  0.93462812]
183.5376079082489,1005,False,4,3,[ 6.86429894 -5.8010048   3.57043229],entering,[ 0.50568378 -0.03156594 -0.11489306]
183.6374056339264,1000,False,0,4,[2.89333498 8.57337007 1.70760094],queued,[-0.82138112 -0.19970136 -0.21083176]
183.6374056339264,1001,False,4,1,[5.44790264 1.64149412 1.35538462],fake_landed,[-0.48080528  0.59740651 -0.20557775]
183.6374056339264,1002,False,5,2,[ 1.35568611 -3.00439453  4.        ],cruising,[ 0.5677905  -0.59831228 -0.99408226]
183.6374056339264,1003,False,3,6,[-0.55850612  6.68462703  4.00000024],cruising,[ 0.63925976  0.24903542 -0.34837281]
183.6374056339264,1004,False,6,5,[-3.29145123 -0.88139626  3.99999999],cruising,[-0.62185191  0.08809385  0.93462812]
183.6374056339264,1005,False,4,3,[ 6.73445262 -5.64888665  3.63486745],entering,[ 0.50568378 -0.03156594 -0.11489306]
183.7416226863861,1000,False,0,4,[2.89333498 8.57337007 1.78260094],queued,[-0.82138112 -0.19970136 -0.21083176]
183.7416226863861,1001,False,4,1,[5.45124286 1.63242222 1.3165704 ],fake_landed,[-0.48080528  0.59740651 -0.20557775]
183.7416226863861,1002,False,5,2,[ 1.15919481 -2.96709615  4.        ],cruising,[ 0.5677905  -0.59831228 -0.99408226]
183.7416226863861,1003,False,3,6,[-0.38766777  6.58063541  4.0000002 ],cruising,[ 0.63925976  0.24903542 -0.34837281]
183.7416226863861,1004,False,6,5,[-3.336387   -0.68650969  3.99999999],cruising,[-0.62185191  0.08809385  0.93462812]
183.7416226863861,1005,False,4,3,[ 6.59767836 -5.50296612  3.68963733],entering,[ 0.50568378 -0.03156594 -0.11489306]
183.83678579330444,1000,False,0,4,[2.89333498 8.57337007 1.85760094],queued,[-0.82138112 -0.19970136 -0.21083176]
183.83678579330444,1001,False,4,1,[5.45291297 1.62788628 1.29716329],fake_landed,[-0.48080528  0.59740651 -0.20557775]
183.83678579330444,1002,False,5,2,[ 0.96010358 -2.94805197  4.        ],cruising,[ 0.5677905  -0.59831228 -0.99408226]
183.83678579330444,1003,False,3,6,[-0.2177391   6.47516385  4.00000017],cruising,[ 0.63925976  0.24903542 -0.34837281]
183.83678579330444,1004,False,6,5,[-3.39118029 -0.49416183  3.99999999],cruising,[-0.62185191  0.08809385  0.93462812]
183.83678579330444,1005,False,4,3,[ 6.45616731 -5.36163451  3.73619173],entering,[ 0.50568378 -0.03156594 -0.11489306]
183.93847751617432,1000,False,0,4,[2.89333498 8.57337007 1.93260094],queued,[-0.82138112 -0.19970136 -0.21083176]
183.93847751617432,1001,False,1,0,[5.45291297 1.62788628 1.29716329],waiting,[-0.48080528  0.59740651 -0.20557775]
183.93847751617432,1002,False,5,2,[ 0.76019804 -2.94190584  4.        ],cruising,[ 0.5677905  -0.59831228 -0.99408226]
183.93847751617432,1003,False,3,6,[-0.04886683  6.36800903  4.00000015],cruising,[ 0.63925976  0.24903542 -0.34837281]
183.93847751617432,1004,False,6,5,[-3.45684808 -0.30524984  3.99999999],cruising,[-0.62185191  0.08809385  0.93462812]
183.93847751617432,1005,False,4,3,[ 6.31229641 -5.22270588  3.77576297],entering,[ 0.50568378 -0.03156594 -0.11489306]
184.03554821014404,1000,False,0,4,[2.89333498 8.57337007 2.00760094],queued,[-0.82138112 -0.19970136 -0.21083176]
184.03554821014404,1001,False,1,0,[5.45291297 1.62788628 1.29716329],waiting,[-0.48080528  0.59740651 -0.20557775]
184.03554821014404,1002,False,5,2,[ 0.56041496 -2.95121835  4.        ],cruising,[ 0.5677905  -0.59831228 -0.99408226]
184.03554821014404,1003,False,3,6,[0.11982499 6.26057036 4.00000012],cruising,[ 0.63925976  0.24903542 -0.34837281]
184.03554821014404,1004,False,6,5,[-3.5327401  -0.12020822  3.99999999],cruising,[-0.62185191  0.08809385  0.93462812]
184.03554821014404,1005,False,4,3,[ 6.16152477 -5.09129845  3.80939853],entering,[ 0.50568378 -0.03156594 -0.11489306]
184.1403341293335,1000,False,0,4,[2.89333498 8.57337007 2.08260094],queued,[-0.82138112 -0.19970136 -0.21083176]
184.1403341293335,1001,False,1,0,[5.45291297 1.62788628 1.29716329],waiting,[-0.48080528  0.59740651 -0.20557775]
184.1403341293335,1002,False,5,2,[ 0.36188658 -2.97543569  4.        ],cruising,[ 0.5677905  -0.59831228 -0.99408226]
184.1403341293335,1003,False,3,6,[0.28860133 6.15326449 4.00000011],cruising,[ 0.63925976  0.24903542 -0.34837281]
184.1403341293335,1004,False,6,5,[-3.61629302  0.06150284  3.99999999],cruising,[-0.62185191  0.08809385  0.93462812]
184.1403341293335,1005,False,4,3,[ 6.0037373  -4.96840372  3.83798875],cruising,[ 0.50568378 -0.03156594 -0.11489306]
184.23521399497986,1000,False,0,4,[2.89333498 8.57337007 2.15760094],queued,[-0.82138112 -0.19970136 -0.21083176]
184.23521399497986,1001,False,1,0,[5.45291297 1.62788628 1.29716329],waiting,[-0.48080528  0.59740651 -0.20557775]
184.23521399497986,1002,False,5,2,[ 0.16560007 -3.01379723  4.        ],cruising,[ 0.5677905  -0.59831228 -0.99408226]
184.23521399497986,1003,False,3,6,[0.45788245 6.04675673 4.00000009],cruising,[ 0.63925976  0.24903542 -0.34837281]
184.23521399497986,1004,False,6,5,[-3.71092893  0.23769604  3.99999999],cruising,[-0.62185191  0.08809385  0.93462812]
184.23521399497986,1005,False,4,3,[ 5.84221397 -4.85046215  3.86229043],cruising,[ 0.50568378 -0.03156594 -0.11489306]
184.34342455863953,1000,False,0,4,[2.89333498 8.57337007 2.23260094],queued,[-0.82138112 -0.19970136 -0.21083176]
184.34342455863953,1001,False,1,0,[5.45291297 1.62788628 1.29716329],waiting,[-0.48080528  0.59740651 -0.20557775]
184.34342455863953,1002,False,5,2,[-0.02766128 -3.06527588  4.        ],cruising,[ 0.5677905  -0.59831228 -0.99408226]
184.34342455863953,1003,False,3,6,[0.6279314  5.94147922 4.00000008],cruising,[ 0.63925976  0.24903542 -0.34837281]
184.34342455863953,1004,False,6,5,[-3.81145004  0.41059921  4.        ],cruising,[-0.62185191  0.08809385  0.93462812]
184.34342455863953,1005,False,4,3,[ 5.67431571 -4.74178753  3.88294687],cruising,[ 0.50568378 -0.03156594 -0.11489306]
184.44541788101196,1000,False,0,4,[2.89333498 8.57337007 2.30760094],queued,[-0.82138112 -0.19970136 -0.21083176]
184.44541788101196,1001,False,1,0,[5.45291297 1.62788628 1.29716329],waiting,[-0.48080528  0.59740651 -0.20557775]
184.44541788101196,1002,False,5,2,[-0.21618006 -3.13206411  4.        ],cruising,[ 0.5677905  -0.59831228 -0.99408226]
184.44541788101196,1003,False,3,6,[0.79951579 5.83872321 4.00000007],cruising,[ 0.63925976  0.24903542 -0.34837281]
184.44541788101196,1004,False,6,5,[-3.91658645  0.58073544  4.        ],cruising,[-0.62185191  0.08809385  0.93462812]
184.44541788101196,1005,False,4,3,[ 5.50316037 -4.63831845  3.90050484],cruising,[ 0.50568378 -0.03156594 -0.11489306]
184.53547716140747,1000,False,0,4,[2.89333498 8.57337007 2.38260094],entering,[-0.82138112 -0.19970136 -0.21083176]
184.53547716140747,1001,False,1,0,[5.45291297 1.62788628 1.29716329],waiting,[-0.48080528  0.59740651 -0.20557775]
184.53547716140747,1002,False,5,2,[-0.40127038 -3.2078373   4.        ],cruising,[ 0.5677905  -0.59831228 -0.99408226]
184.53547716140747,1003,False,3,6,[0.97244695 5.73825027 4.00000006],cruising,[ 0.63925976  0.24903542 -0.34837281]
184.53547716140747,1004,False,6,5,[-4.02633839  0.74793147  4.        ],cruising,[-0.62185191  0.08809385  0.93462812]
184.53547716140747,1005,False,4,3,[ 5.32754173 -4.54262052  3.91542911],cruising,[ 0.50568378 -0.03156594 -0.11489306]
184.6446566581726,1000,False,0,4,[2.88973773 8.55369624 2.45760094],entering,[-0.82138112 -0.19970136 -0.21083176]
184.6446566581726,1001,False,1,0,[5.45291297 1.62788628 1.29716329],waiting,[-0.48080528  0.59740651 -0.20557775]
184.6446566581726,1002,False,5,2,[-0.5822341  -3.29299673  4.        ],cruising,[ 0.5677905  -0.59831228 -0.99408226]
184.6446566581726,1003,False,3,6,[1.14774541 5.6419671  4.00000005],cruising,[ 0.63925976  0.24903542 -0.34837281]
184.6446566581726,1004,False,6,5,[-4.1383595   0.91361571  4.        ],cruising,[-0.62185191  0.08809385  0.93462812]
184.6446566581726,1005,False,4,3,[ 5.14993592 -4.45066304  3.92811475],cruising,[ 0.50568378 -0.03156594 -0.11489306]
184.73777103424072,1000,False,0,4,[2.8827643  8.51430943 2.53260094],entering,[-0.82138112 -0.19970136 -0.21083176]
184.73777103424072,1001,False,1,0,[5.45291297 1.62788628 1.29716329],waiting,[-0.48080528  0.59740651 -0.20557775]
184.73777103424072,1002,False,5,2,[-0.76060949 -3.38345237  4.        ],cruising,[ 0.5677905  -0.59831228 -0.99408226]
184.73777103424072,1003,False,3,6,[1.32484124 5.54903127 4.00000004],cruising,[ 0.63925976  0.24903542 -0.34837281]
184.73777103424072,1004,False,6,5,[-4.25148315  1.07854916  4.        ],cruising,[-0.62185191  0.08809385  0.93462812]
184.73777103424072,1005,False,4,3,[ 4.96960455 -4.36417261  3.93889753],cruising,[ 0.50568378 -0.03156594 -0.11489306]
184.83302068710327,1000,False,0,4,[2.87251491 8.45519274 2.60760094],entering,[-0.82138112 -0.19970136 -0.21083176]
184.83302068710327,1001,False,1,0,[5.45291297 1.62788628 1.29716329],waiting,[-0.48080528  0.59740651 -0.20557775]
184.83302068710327,1002,False,5,2,[-0.93853794 -3.474784    4.        ],cruising,[ 0.5677905  -0.59831228 -0.99408226]
184.83302068710327,1003,False,3,6,[1.50394996 5.46003652 4.00000003],cruising,[ 0.63925976  0.24903542 -0.34837281]
184.83302068710327,1004,False,6,5,[-4.36612339  1.24243209  4.        ],cruising,[-0.62185191  0.08809385  0.93462812]
184.83302068710327,1005,False,4,3,[ 4.78828088 -4.27978228  3.9480629 ],cruising,[ 0.50568378 -0.03156594 -0.11489306]
184.9346113204956,1000,False,0,4,[2.85911129 8.37632634 2.68260094],entering,[-0.82138112 -0.19970136 -0.21083176]
184.9346113204956,1001,False,1,0,[5.45291297 1.62788628 1.29716329],waiting,[-0.48080528  0.59740651 -0.20557775]
184.9346113204956,1002,False,5,2,[-1.1194402  -3.56007393  4.        ],cruising,[ 0.5677905  -0.59831228 -0.99408226]
184.9346113204956,1003,False,3,6,[1.68629189 5.3778695  4.00000003],cruising,[ 0.63925976  0.24903542 -0.34837281]
184.9346113204956,1004,False,6,5,[-4.48177772  1.40560095  4.        ],cruising,[-0.62185191  0.08809385  0.93462812]
184.9346113204956,1005,False,4,3,[ 4.60608469 -4.19729259  3.95585347],cruising,[ 0.50568378 -0.03156594 -0.11489306]
185.04304909706116,1000,False,0,4,[2.84306746 8.27763498 2.75760094],entering,[-0.82138112 -0.19970136 -0.21083176]
185.04304909706116,1001,False,1,0,[5.45291297 1.62788628 1.29716329],waiting,[-0.48080528  0.59740651 -0.20557775]
185.04304909706116,1002,False,5,2,[-1.30727939 -3.62875025  4.        ],cruising,[ 0.5677905  -0.59831228 -0.99408226]
185.04304909706116,1003,False,3,6,[1.87082876 5.30075824 4.00000002],cruising,[ 0.63925976  0.24903542 -0.34837281]
185.04304909706116,1004,False,6,5,[-4.59801918  1.56835206  4.        ],cruising,[-0.62185191  0.08809385  0.93462812]
185.04304909706116,1005,False,4,3,[ 4.42259582 -4.11771978  3.96247545],cruising,[ 0.50568378 -0.03156594 -0.11489306]
185.13818883895874,1000,False,0,4,[2.82493973 8.15905249 2.83260094],entering,[-0.82138112 -0.19970136 -0.21083176]
185.13818883895874,1001,False,1,0,[5.45291297 1.62788628 1.29716329],waiting,[-0.48080528  0.59740651 -0.20557775]
185.13818883895874,1002,False,5,2,[-1.50045146 -3.67815067  4.        ],cruising,[ 0.5677905  -0.59831228 -0.99408226]
185.13818883895874,1003,False,3,6,[2.05766754 5.2294051  4.00000002],cruising,[ 0.63925976  0.24903542 -0.34837281]
185.13818883895874,1004,False,6,5,[-4.71447756  1.73094801  4.        ],cruising,[-0.62185191  0.08809385  0.93462812]
185.13818883895874,1005,False,4,3,[ 4.23870608 -4.03907778  3.96810413],cruising,[ 0.50568378 -0.03156594 -0.11489306]
185.2346909046173,1000,False,0,4,[2.8059101  8.02049033 2.90760094],entering,[-0.82138112 -0.19970136 -0.21083176]
185.2346909046173,1001,False,1,0,[5.45291297 1.62788628 1.29716329],waiting,[-0.48080528  0.59740651 -0.20557775]
185.2346909046173,1002,False,5,2,[-1.69557157 -3.70764618  4.        ],cruising,[ 0.5677905  -0.59831228 -0.99408226]
185.2346909046173,1003,False,3,6,[2.2482647  5.16880212 4.00000002],cruising,[ 0.63925976  0.24903542 -0.34837281]
185.2346909046173,1004,False,6,5,[-4.83082363  1.89362435  4.        ],cruising,[-0.62185191  0.08809385  0.93462812]
185.2346909046173,1005,False,4,3,[ 4.05405694 -3.96223576  3.97288851],cruising,[ 0.50568378 -0.03156594 -0.11489306]
185.33590745925903,1000,False,0,4,[2.78776584 7.86194779 2.98260094],entering,[-0.82138112 -0.19970136 -0.21083176]
185.33590745925903,1001,False,1,0,[5.45291297 1.62788628 1.29716329],waiting,[-0.48080528  0.59740651 -0.20557775]
185.33590745925903,1002,False,5,2,[-1.88970257 -3.71716617  4.        ],cruising,[ 0.5677905  -0.59831228 -0.99408226]
185.33590745925903,1003,False,3,6,[2.44180805 5.11839406 4.00000002],cruising,[ 0.63925976  0.24903542 -0.34837281]
185.33590745925903,1004,False,6,5,[-4.94675561  2.05659606  4.        ],cruising,[-0.62185191  0.08809385  0.93462812]
185.33590745925903,1005,False,4,3,[ 3.86919666 -3.8859031   3.97695523],cruising,[ 0.50568378 -0.03156594 -0.11489306]
185.43902397155762,1000,False,0,4,[2.77344443 7.683774   3.05760094],entering,[-0.82138112 -0.19970136 -0.21083176]
185.43902397155762,1001,False,1,0,[5.45291297 1.62788628 1.29716329],waiting,[-0.48080528  0.59740651 -0.20557775]
185.43902397155762,1002,False,5,2,[-2.0798802  -3.70708078  4.        ],cruising,[ 0.5677905  -0.59831228 -0.99408226]
185.43902397155762,1003,False,3,6,[2.6374239  5.07674744 4.00000001],cruising,[ 0.63925976  0.24903542 -0.34837281]
185.43902397155762,1004,False,6,5,[-5.06237232  2.21979157  4.        ],cruising,[-0.62185191  0.08809385  0.93462812]
185.43902397155762,1005,False,4,3,[ 3.68385328 -3.81075104  3.98041195],cruising,[ 0.50568378 -0.03156594 -0.11489306]
185.54641723632812,1000,False,0,4,[2.7683634  7.48786281 3.13260094],entering,[-0.82138112 -0.19970136 -0.21083176]
185.54641723632812,1001,False,1,0,[5.45291297 1.62788628 1.29716329],waiting,[-0.48080528  0.59740651 -0.20557775]
185.54641723632812,1002,False,5,2,[-2.26351229 -3.67809682  4.        ],cruising,[ 0.5677905  -0.59831228 -0.99408226]
185.54641723632812,1003,False,3,6,[2.8344652  5.04247321 4.00000001],cruising,[ 0.63925976  0.24903542 -0.34837281]
185.54641723632812,1004,False,6,5,[-5.17705713  2.38364332  4.        ],cruising,[-0.62185191  0.08809385  0.93462812]
185.54641723632812,1005,False,4,3,[ 3.49831586 -3.73607931  3.98335016],cruising,[ 0.50568378 -0.03156594 -0.11489306]
185.63503861427307,1000,False,0,4,[2.7736291  7.28793214 3.20760094],entering,[-0.82138112 -0.19970136 -0.21083176]
185.63503861427307,1001,False,1,0,[5.45291297 1.62788628 1.29716329],waiting,[-0.48080528  0.59740651 -0.20557775]
185.63503861427307,1002,False,5,2,[-2.43825215 -3.63119839  4.        ],cruising,[ 0.5677905  -0.59831228 -0.99408226]
185.63503861427307,1003,False,3,6,[3.03246779 5.01427787 4.00000001],cruising,[ 0.63925976  0.24903542 -0.34837281]
185.63503861427307,1004,False,6,5,[-5.29051288  2.54834849  4.        ],cruising,[-0.62185191  0.08809385  0.93462812]
185.63503861427307,1005,False,4,3,[ 3.31241718 -3.66231157  3.98584763],cruising,[ 0.50568378 -0.03156594 -0.11489306]
185.74439334869385,1000,False,0,4,[2.79253167 7.08882741 3.28260094],entering,[-0.82138112 -0.19970136 -0.21083176]
185.74439334869385,1001,False,1,0,[5.45291297 1.62788628 1.29716329],waiting,[-0.48080528  0.59740651 -0.20557775]
185.74439334869385,1002,False,5,2,[-2.60198722 -3.56759982  4.        ],cruising,[ 0.5677905  -0.59831228 -0.99408226]
185.74439334869385,1003,False,3,6,[3.23110685 4.9909858  4.00000001],cruising,[ 0.63925976  0.24903542 -0.34837281]
185.74439334869385,1004,False,6,5,[-5.40243031  2.71410279  4.        ],cruising,[-0.62185191  0.08809385  0.93462812]
185.74439334869385,1005,False,4,3,[ 3.12622891 -3.58927781  3.98797049],cruising,[ 0.50568378 -0.03156594 -0.11489306]
185.84186339378357,1000,False,0,4,[2.82835619 6.89206206 3.35760094],entering,[-0.82138112 -0.19970136 -0.21083176]
185.84186339378357,1001,False,1,0,[5.45291297 1.62788628 1.29716329],waiting,[-0.48080528  0.59740651 -0.20557775]
185.84186339378357,1002,False,5,2,[-2.75294476 -3.48861506  4.        ],cruising,[ 0.5677905  -0.59831228 -0.99408226]
185.84186339378357,1003,False,3,6,[3.43015957 4.97154312 4.00000001],cruising,[ 0.63925976  0.24903542 -0.34837281]
185.84186339378357,1004,False,6,5,[-5.51247507  2.88110624  4.        ],cruising,[-0.62185191  0.08809385  0.93462812]
185.84186339378357,1005,False,4,3,[ 2.93970288 -3.51711106  3.98977492],cruising,[ 0.50568378 -0.03156594 -0.11489306]
185.93947005271912,1000,False,0,4,[2.88022394 6.69890477 3.43260094],entering,[-0.82138112 -0.19970136 -0.21083176]
185.93947005271912,1001,False,1,0,[5.45291297 1.62788628 1.29716329],waiting,[-0.48080528  0.59740651 -0.20557775]
185.93947005271912,1002,False,5,2,[-2.88957733 -3.3956734   4.        ],cruising,[ 0.5677905  -0.59831228 -0.99408226]
185.93947005271912,1003,False,3,6,[3.62947508 4.95501053 4.00000001],cruising,[ 0.63925976  0.24903542 -0.34837281]
185.93947005271912,1004,False,6,5,[-5.62142939  3.04882313  4.        ],cruising,[-0.62185191  0.08809385  0.93462812]
185.93947005271912,1005,False,4,3,[ 2.75270782 -3.44616849  3.99130868],cruising,[ 0.50568378 -0.03156594 -0.11489306]
186.03400778770447,1000,False,0,4,[2.94419239 6.50941061 3.50760094],entering,[-0.82138112 -0.19970136 -0.21083176]
186.03400778770447,1001,False,1,0,[5.45291297 1.62788628 1.29716329],waiting,[-0.48080528  0.59740651 -0.20557775]
186.03400778770447,1002,False,5,2,[-3.01051035 -3.29034125  4.        ],cruising,[ 0.5677905  -0.59831228 -0.99408226]
186.03400778770447,1003,False,3,6,[3.82895164 4.94055022 4.        ],cruising,[ 0.63925976  0.24903542 -0.34837281]
186.03400778770447,1004,False,6,5,[-5.7276736   3.21826978  4.        ],cruising,[-0.62185191  0.08809385  0.93462812]
186.03400778770447,1005,False,4,3,[ 2.56509628 -3.37687269  3.99261238],cruising,[ 0.50568378 -0.03156594 -0.11489306]
186.14498829841614,1000,False,0,4,[3.02092466 6.32471584 3.5814608 ],entering,[-0.82138112 -0.19970136 -0.21083176]
186.14498829841614,1001,False,1,0,[5.45291297 1.62788628 1.29716329],waiting,[-0.48080528  0.59740651 -0.20557775]
186.14498829841614,1002,False,5,2,[-3.11458325 -3.17425103  4.        ],cruising,[ 0.5677905  -0.59831228 -0.99408226]
186.14498829841614,1003,False,3,6,[4.02851952 4.92741004 4.        ],cruising,[ 0.63925976  0.24903542 -0.34837281]
186.14498829841614,1004,False,6,5,[-5.83074059  3.38966755  4.        ],cruising,[-0.62185191  0.08809385  0.93462812]
186.14498829841614,1005,False,4,3,[ 2.3770442  -3.30878146  3.99372052],cruising,[ 0.50568378 -0.03156594 -0.11489306]
186.23861145973206,1000,False,0,4,[3.11302057 6.14721923 3.6447308 ],entering,[-0.82138112 -0.19970136 -0.21083176]
186.23861145973206,1001,False,1,0,[5.45291297 1.62788628 1.29716329],queued,[-0.48080528  0.59740651 -0.20557775]
186.23861145973206,1002,False,5,2,[-3.20080406 -3.04914399  4.        ],cruising,[ 0.5677905  -0.59831228 -0.99408226]
186.23861145973206,1003,False,3,6,[4.22810304 4.91450973 4.        ],cruising,[ 0.63925976  0.24903542 -0.34837281]
186.23861145973206,1004,False,6,5,[-5.93006301  3.56326207  4.        ],cruising,[-0.62185191  0.08809385  0.93462812]
186.23861145973206,1005,False,4,3,[ 2.18809032 -3.2432343   3.99466244],cruising,[ 0.50568378 -0.03156594 -0.11489306]
186.341153383255,1000,False,0,4,[3.21950567 5.97792385 3.69802118],entering,[-0.82138112 -0.19970136 -0.21083176]
186.341153383255,1001,False,1,0,[5.45291297 1.62788628 1.31716329],queued,[-0.48080528  0.59740651 -0.20557775]
186.341153383255,1002,False,5,2,[-3.26885747 -2.9156736   4.        ],cruising,[ 0.5677905  -0.59831228 -0.99408226]
186.341153383255,1003,False,3,6,[4.42771303 4.90202579 4.        ],cruising,[ 0.63925976  0.24903542 -0.34837281]
186.341153383255,1004,False,6,5,[-6.0249414   3.73932482  4.        ],cruising,[-0.62185191  0.08809385  0.93462812]
186.341153383255,1005,False,4,3,[ 1.99805924 -3.18087894  3.99546308],cruising,[ 0.50568378 -0.03156594 -0.11489306]
186.44411516189575,1000,False,0,4,[3.34113259 5.81920133 3.74363432],entering,[-0.82138112 -0.19970136 -0.21083176]
186.44411516189575,1001,False,1,0,[5.45291297 1.62788628 1.35716329],queued,[-0.48080528  0.59740651 -0.20557775]
186.44411516189575,1002,False,5,2,[-3.31852429 -2.77433345  4.        ],cruising,[ 0.5677905  -0.59831228 -0.99408226]
186.44411516189575,1003,False,3,6,[4.62730501 4.88925697 4.        ],cruising,[ 0.63925976  0.24903542 -0.34837281]
186.44411516189575,1004,False,6,5,[-6.11450159  3.91815147  4.        ],cruising,[-0.62185191  0.08809385  0.93462812]
186.44411516189575,1005,False,4,3,[ 1.80737798 -3.1205411   3.99614361],cruising,[ 0.50568378 -0.03156594 -0.11489306]
186.54101943969727,1000,False,0,4,[3.47706084 5.67249402 3.78209857],entering,[-0.82138112 -0.19970136 -0.21083176]
186.54101943969727,1001,False,1,0,[5.45291297 1.62788628 1.41716329],queued,[-0.48080528  0.59740651 -0.20557775]
186.54101943969727,1002,False,5,2,[-3.3496677  -2.62545119  4.        ],cruising,[ 0.5677905  -0.59831228 -0.99408226]
186.54101943969727,1003,False,3,6,[4.82683472 4.87554948 4.        ],cruising,[ 0.63925976  0.24903542 -0.34837281]
186.54101943969727,1004,False,6,5,[-6.19763767  4.10005362  4.        ],cruising,[-0.62185191  0.08809385  0.93462812]
186.54101943969727,1005,False,4,3,[ 1.6152101  -3.06511991  3.99672207],cruising,[ 0.50568378 -0.03156594 -0.11489306]
186.6368350982666,1000,False,0,4,[3.62641677 5.53954961 3.81506012],entering,[-0.82138112 -0.19970136 -0.21083176]
186.6368350982666,1001,False,1,0,[5.45291297 1.62788628 1.49216329],queued,[-0.48080528  0.59740651 -0.20557775]
186.6368350982666,1002,False,5,2,[-3.36223737 -2.46915164  4.        ],cruising,[ 0.5677905  -0.59831228 -0.99408226]
186.6368350982666,1003,False,3,6,[5.02625066 4.86027589 4.        ],cruising,[ 0.63925976  0.24903542 -0.34837281]
186.6368350982666,1004,False,6,5,[-6.26872669  4.28699305  4.        ],cruising,[-0.62185191  0.08809385  0.93462812]
186.6368350982666,1005,False,4,3,[ 1.42136546 -3.0158832   3.99721376],cruising,[ 0.50568378 -0.03156594 -0.11489306]
186.74310493469238,1000,False,0,4,[3.78793491 5.42162152 3.84286501],cruising,[-0.82138112 -0.19970136 -0.21083176]
186.74310493469238,1001,False,1,0,[5.45291297 1.62788628 1.56716329],queued,[-0.48080528  0.59740651 -0.20557775]
186.74310493469238,1002,False,5,2,[-3.35642235 -2.30497787  4.        ],cruising,[ 0.5677905  -0.59831228 -0.99408226]
186.74310493469238,1003,False,3,6,[5.22557797 4.84388613 4.        ],cruising,[ 0.63925976  0.24903542 -0.34837281]
186.74310493469238,1004,False,6,5,[-6.32999507  4.47737736  4.        ],exiting,[-0.62185191  0.08809385  0.93462812]
186.74310493469238,1005,False,4,3,[ 1.2256795  -2.97456726  3.9976317 ],cruising,[ 0.50568378 -0.03156594 -0.11489306]
186.83722281455994,1000,False,0,4,[3.95997721 5.31963403 3.86643526],cruising,[-0.82138112 -0.19970136 -0.21083176]
186.83722281455994,1001,False,1,0,[5.45291297 1.62788628 1.64216329],queued,[-0.48080528  0.59740651 -0.20557775]
186.83722281455994,1002,False,5,2,[-3.33283531 -2.13163049  4.        ],cruising,[ 0.5677905  -0.59831228 -0.99408226]
186.83722281455994,1003,False,3,6,[5.42466252 4.82477226 4.        ],cruising,[ 0.63925976  0.24903542 -0.34837281]
186.83722281455994,1004,False,6,5,[-6.39088719  4.64776521  4.        ],exiting,[-0.62185191  0.08809385  0.93462812]
186.83722281455994,1005,False,4,3,[ 1.02726854 -2.94940598  3.99798694],cruising,[ 0.50568378 -0.03156594 -0.11489306]
186.94083762168884,1000,False,0,4,[4.13998752 5.23247734 3.88646997],cruising,[-0.82138112 -0.19970136 -0.21083176]
186.94083762168884,1001,False,1,0,[5.45291297 1.62788628 1.71716329],queued,[-0.48080528  0.59740651 -0.20557775]
186.94083762168884,1002,False,5,2,[-3.29376945 -1.94561796  4.        ],cruising,[ 0.5677905  -0.59831228 -0.99408226]
186.94083762168884,1003,False,3,6,[5.62339158 4.8022609  4.        ],exiting,[ 0.63925976  0.24903542 -0.34837281]
186.94083762168884,1004,False,6,5,[-6.45162365  4.79815367  4.        ],exiting,[-0.62185191  0.08809385  0.93462812]
186.94083762168884,1005,False,4,3,[ 0.82756507 -2.93851909  3.9982889 ],cruising,[ 0.50568378 -0.03156594 -0.11489306]
187.03571724891663,1000,False,0,4,[4.32572135 5.15829551 3.90349948],cruising,[-0.82138112 -0.19970136 -0.21083176]
187.03571724891663,1001,False,1,0,[5.45291297 1.62788628 1.79216329],queued,[-0.48080528  0.59740651 -0.20557775]
187.03571724891663,1002,False,5,2,[-3.25945429 -1.74858377  4.        ],cruising,[ 0.5677905  -0.59831228 -0.99408226]
187.03571724891663,1003,False,3,6,[5.80600498 4.79159376 4.        ],exiting,[ 0.63925976  0.24903542 -0.34837281]
187.03571724891663,1004,False,6,5,[-6.51251495  4.92854272  4.        ],exiting,[-0.62185191  0.08809385  0.93462812]
187.03571724891663,1005,False,4,3,[ 0.6276273  -2.94350774  3.99854557],cruising,[ 0.50568378 -0.03156594 -0.11489306]
187.137619972229,1000,False,0,4,[4.5156226  5.09554588 3.91797456],cruising,[-0.82138112 -0.19970136 -0.21083176]
187.137619972229,1001,False,1,0,[5.45291297 1.62788628 1.86716329],queued,[-0.48080528  0.59740651 -0.20557775]
187.137619972229,1002,False,5,2,[-3.24173188 -1.54937053  4.        ],cruising,[ 0.5677905  -0.59831228 -0.99408226]
187.137619972229,1003,False,3,6,[5.97248368 4.79274488 4.        ],exiting,[ 0.63925976  0.24903542 -0.34837281]
187.137619972229,1004,False,6,5,[-6.57389074  5.03893765  4.        ],exiting,[-0.62185191  0.08809385  0.93462812]
187.137619972229,1005,False,4,3,[ 0.42862171 -2.963427    3.99876373],cruising,[ 0.50568378 -0.03156594 -0.11489306]
187.23574829101562,1000,False,0,4,[4.7082963  5.04190967 3.93027837],cruising,[-0.82138112 -0.19970136 -0.21083176]
187.23574829101562,1001,False,1,0,[5.45291297 1.62788628 1.94216329],queued,[-0.48080528  0.59740651 -0.20557775]
187.23574829101562,1002,False,5,2,[-3.2403095  -1.34937559  4.        ],cruising,[ 0.5677905  -0.59831228 -0.99408226]
187.23574829101562,1003,False,3,6,[6.12280226 4.8056795  4.        ],exiting,[ 0.63925976  0.24903542 -0.34837281]
187.23574829101562,1004,False,6,5,[-6.63606222  5.1293484   4.        ],exiting,[-0.62185191  0.08809385  0.93462812]
187.23574829101562,1005,False,4,3,[ 0.23156746 -2.99762675  3.99894917],cruising,[ 0.50568378 -0.03156594 -0.11489306]
187.3424894809723,1000,False,0,4,[4.90288221 4.99568927 3.94073662],cruising,[-0.82138112 -0.19970136 -0.21083176]
187.3424894809723,1001,False,1,0,[5.45291297 1.62788628 2.01716329],queued,[-0.48080528  0.59740651 -0.20557775]
187.3424894809723,1002,False,5,2,[-3.25341052 -1.14980514  4.        ],cruising,[ 0.5677905  -0.59831228 -0.99408226]
187.3424894809723,1003,False,3,6,[6.25692673 4.83035083 4.        ],exiting,[ 0.63925976  0.24903542 -0.34837281]
187.3424894809723,1004,False,6,5,[-6.6989438   5.20710383  4.        ],exiting,[-0.62185191  0.08809385  0.93462812]
187.3424894809723,1005,False,4,3,[ 0.03730835 -3.0452019   3.9991068 ],cruising,[ 0.50568378 -0.03156594 -0.11489306]
187.43614745140076,1000,False,0,4,[5.09858029 4.95443079 3.94962612],cruising,[-0.82138112 -0.19970136 -0.21083176]
187.43614745140076,1001,False,1,0,[5.45291297 1.62788628 2.09216329],queued,[-0.48080528  0.59740651 -0.20557775]
187.43614745140076,1002,False,5,2,[-3.28066991 -0.95167153  4.        ],cruising,[ 0.5677905  -0.59831228 -0.99408226]
187.43614745140076,1003,False,3,6,[6.37480869 4.86669183 4.        ],exiting,[ 0.63925976  0.24903542 -0.34837281]
187.43614745140076,1004,False,6,5,[-6.76182538  5.28485926  4.        ],exiting,[-0.62185191  0.08809385  0.93462812]
187.43614745140076,1005,False,4,3,[-0.15237504 -3.10860705  3.99924078],exiting,[ 0.50568378 -0.03156594 -0.11489306]
187.53388047218323,1000,False,0,4,[5.29489497 4.91621371 3.95718221],cruising,[-0.82138112 -0.19970136 -0.21083176]
187.53388047218323,1001,False,1,0,[5.45291297 1.62788628 2.16716329],queued,[-0.48080528  0.59740651 -0.20557775]
187.53388047218323,1002,False,5,2,[-3.32093023 -0.75576567  4.        ],cruising,[ 0.5677905  -0.59831228 -0.99408226]
187.53388047218323,1003,False,3,6,[6.4763858  4.91461522 4.        ],exiting,[ 0.63925976  0.24903542 -0.34837281]
187.53388047218323,1004,False,6,5,[-6.82470697  5.36261469  4.        ],exiting,[-0.62185191  0.08809385  0.93462812]
187.53388047218323,1005,False,4,3,[-0.3224282  -3.17584028  3.99937431],exiting,[ 0.50568378 -0.03156594 -0.11489306]
187.63538885116577,1000,False,0,4,[5.49146363 4.87932522 3.96360487],cruising,[-0.82138112 -0.19970136 -0.21083176]
187.63538885116577,1001,False,1,0,[5.45291297 1.62788628 2.24216329],queued,[-0.48080528  0.59740651 -0.20557775]
187.63538885116577,1002,False,5,2,[-3.37313276 -0.5626986   4.        ],cruising,[ 0.5677905  -0.59831228 -0.99408226]
187.63538885116577,1003,False,3,6,[6.56160868 4.97405118 4.        ],exiting,[ 0.63925976  0.24903542 -0.34837281]
187.63538885116577,1004,False,6,5,[-6.88758855  5.44037012  4.        ],exiting,[-0.62185191  0.08809385  0.93462812]
187.63538885116577,1005,False,4,3,[-0.47283999 -3.24684398  3.99950541],exiting,[ 0.50568378 -0.03156594 -0.11489306]
187.7452495098114,1000,False,0,4,[5.68799169 4.84222103 3.96906414],cruising,[-0.82138112 -0.19970136 -0.21083176]
187.7452495098114,1001,False,1,0,[5.45291297 1.62788628 2.31716329],queued,[-0.48080528  0.59740651 -0.20557775]
187.7452495098114,1002,False,5,2,[-3.43460577 -0.37238026  4.        ],cruising,[ 0.5677905  -0.59831228 -0.99408226]
187.7452495098114,1003,False,3,6,[6.63042531 5.04492545 4.        ],exiting,[ 0.63925976  0.24903542 -0.34837281]
187.7452495098114,1004,False,6,5,[-6.95047013  5.51812555  4.        ],exiting,[-0.62185191  0.08809385  0.93462812]
187.7452495098114,1005,False,4,3,[-0.60359679 -3.32154655  3.9996318 ],exiting,[ 0.50568378 -0.03156594 -0.11489306]
187.83985304832458,1000,False,0,4,[5.88462174 4.80566116 3.97370452],cruising,[-0.82138112 -0.19970136 -0.21083176]
187.83985304832458,1001,False,1,0,[5.45291297 1.62788628 2.39216329],queued,[-0.48080528  0.59740651 -0.20557775]
187.83985304832458,1002,False,5,2,[-3.50662266 -0.18579632  4.        ],cruising,[ 0.5677905  -0.59831228 -0.99408226]
187.83985304832458,1003,False,3,6,[6.68278182 5.12716036 4.        ],exiting,[ 0.63925976  0.24903542 -0.34837281]
187.83985304832458,1004,False,6,5,[-7.01335171  5.59588098  4.        ],exiting,[-0.62185191  0.08809385  0.93462812]
187.83985304832458,1005,False,4,3,[-0.71468184 -3.39985771  3.99975072],exiting,[ 0.50568378 -0.03156594 -0.11489306]
187.9396960735321,1000,False,0,4,[6.08066006 4.76605084 3.97764884],cruising,[-0.82138112 -0.19970136 -0.21083176]
187.9396960735321,1001,False,1,0,[5.45291297 1.62788628 2.46716329],queued,[-0.48080528  0.59740651 -0.20557775]
187.9396960735321,1002,False,5,2,[-3.58873029e+00 -3.42763558e-03  4.00000000e+00],exiting,[ 0.5677905  -0.59831228 -0.99408226]
187.9396960735321,1003,False,3,6,[6.71916187 5.22030804 4.        ],exiting,[ 0.63925976  0.24903542 -0.34837281]
187.9396960735321,1004,False,6,5,[-7.07623329  5.67363641  4.        ],exiting,[-0.62185191  0.08809385  0.93462812]
187.9396960735321,1005,False,4,3,[-0.80607348 -3.4816574   3.99985866],exiting,[ 0.50568378 -0.03156594 -0.11489306]
188.03842401504517,1000,False,0,4,[6.27577565 4.72212011 3.98100152],cruising,[-0.82138112 -0.19970136 -0.21083176]
188.03842401504517,1001,False,1,0,[5.45291297 1.62788628 2.54216329],queued,[-0.48080528  0.59740651 -0.20557775]
188.03842401504517,1002,False,5,2,[-3.67160929  0.15895593  4.        ],exiting,[ 0.5677905  -0.59831228 -0.99408226]
188.03842401504517,1003,False,3,6,[6.75554193 5.31345573 4.        ],exiting,[ 0.63925976  0.24903542 -0.34837281]
188.03842401504517,1004,False,6,5,[-7.13911487  5.75139184  4.        ],exiting,[-0.62185191  0.08809385  0.93462812]
188.03842401504517,1005,False,4,3,[-0.87774182 -3.56677235  3.99995071],exiting,[ 0.50568378 -0.03156594 -0.11489306]
188.13748002052307,1000,False,0,4,[6.4695457  4.67259068 3.98385129],cruising,[-0.82138112 -0.19970136 -0.21083176]
188.13748002052307,1001,False,1,0,[5.45291297 1.62788628 2.61716329],entering,[-0.48080528  0.59740651 -0.20557775]
188.13748002052307,1002,False,5,2,[-3.7550961   0.30134873  4.        ],exiting,[ 0.5677905  -0.59831228 -0.99408226]
188.13748002052307,1003,False,3,6,[6.79192199 5.40660342 4.        ],exiting,[ 0.63925976  0.24903542 -0.34837281]
188.13748002052307,1004,False,6,5,[-7.20199645  5.82914726  4.        ],exiting,[-0.62185191  0.08809385  0.93462812]
188.13748002052307,1005,False,4,3,[-0.92966632 -3.655078    4.00002355],exiting,[ 0.50568378 -0.03156594 -0.11489306]
188.2370457649231,1000,False,0,4,[6.66141517 4.61614506 3.9862736 ],cruising,[-0.82138112 -0.19970136 -0.21083176]
188.2370457649231,1001,False,1,0,[5.47260659 1.62439893 2.69216329],entering,[-0.48080528  0.59740651 -0.20557775]
188.2370457649231,1002,False,5,2,[-3.83900862  0.42374607  4.        ],exiting,[ 0.5677905  -0.59831228 -0.99408226]
188.2370457649231,1003,False,3,6,[6.82830204 5.4997511  4.        ],exiting,[ 0.63925976  0.24903542 -0.34837281]
188.2370457649231,1004,False,6,5,[-7.26487803  5.90690269  4.        ],exiting,[-0.62185191  0.08809385  0.93462812]
188.2370457649231,1005,False,4,3,[-0.96182631 -3.74644361  4.00007389],exiting,[ 0.50568378 -0.03156594 -0.11489306]
188.33524107933044,1000,False,0,4,[6.85064779 4.55140701 3.98833256],cruising,[-0.82138112 -0.19970136 -0.21083176]
188.33524107933044,1001,False,1,0,[5.51198816 1.61739245 2.76716329],entering,[-0.48080528  0.59740651 -0.20557775]
188.33524107933044,1002,False,5,2,[-3.92314131  0.52614461  4.        ],exiting,[ 0.5677905  -0.59831228 -0.99408226]
188.33524107933044,1003,False,3,6,[6.8646821  5.59289879 4.        ],exiting,[ 0.63925976  0.24903542 -0.34837281]
188.33524107933044,1004,False,6,5,[-7.32775961  5.98465812  4.        ],exiting,[-0.62185191  0.08809385  0.93462812]
188.33524107933044,1005,False,4,3,[-0.97420125 -3.84073346  4.00009866],exiting,[ 0.50568378 -0.03156594 -0.11489306]
188.43579745292664,1000,False,0,4,[7.03626718 4.47693929 3.99008267],cruising,[-0.82138112 -0.19970136 -0.21083176]
188.43579745292664,1001,False,1,0,[5.57104496 1.60679637 2.84216329],entering,[-0.48080528  0.59740651 -0.20557775]
188.43579745292664,1002,False,5,2,[-4.00725562  0.60854317  4.        ],exiting,[ 0.5677905  -0.59831228 -0.99408226]
188.43579745292664,1003,False,3,6,[6.90106216 5.68604648 4.        ],exiting,[ 0.63925976  0.24903542 -0.34837281]
188.43579745292664,1004,False,6,5,[-7.3906412   6.06241355  4.        ],exiting,[-0.62185191  0.08809385  0.93462812]
188.43579745292664,1005,False,4,3,[-0.96677103 -3.93780811  4.00009552],exiting,[ 0.50568378 -0.03156594 -0.11489306]
188.5474898815155,1000,False,0,4,[7.21698937 4.39126847 3.99157027],cruising,[-0.82138112 -0.19970136 -0.21083176]
188.5474898815155,1001,False,1,0,[5.64970302 1.59222652 2.91716329],entering,[-0.48080528  0.59740651 -0.20557775]
188.5474898815155,1002,False,5,2,[-4.09105774  0.67094416  4.        ],exiting,[ 0.5677905  -0.59831228 -0.99408226]
188.5474898815155,1003,False,3,6,[6.93744221 5.77919416 4.        ],exiting,[ 0.63925976  0.24903542 -0.34837281]
188.5474898815155,1004,False,6,5,[-7.45352278  6.14016898  4.        ],exiting,[-0.62185191  0.08809385  0.93462812]
188.5474898815155,1005,False,4,3,[-0.94914372 -4.03624224  4.00007883],exiting,[ 0.50568378 -0.03156594 -0.11489306]
188.63754868507385,1000,False,0,4,[7.38817425 4.28801933 3.99285285],cruising,[-0.82138112 -0.19970136 -0.21083176]
188.63754868507385,1001,False,1,0,[5.74788115 1.57330158 2.99216329],entering,[-0.48080528  0.59740651 -0.20557775]
188.63754868507385,1002,False,5,2,[-4.17413575  0.71335826  4.        ],exiting,[ 0.5677905  -0.59831228 -0.99408226]
188.63754868507385,1003,False,3,6,[6.97382227 5.87234185 4.        ],exiting,[ 0.63925976  0.24903542 -0.34837281]
188.63754868507385,1004,False,6,5,[-7.51640436  6.21792441  4.        ],exiting,[-0.62185191  0.08809385  0.93462812]
188.63754868507385,1005,False,4,3,[-0.93151642 -4.13467637  4.000065  ],exiting,[ 0.50568378 -0.03156594 -0.11489306]
188.73909425735474,1000,False,0,4,[7.54942822 4.16970974 3.99392492],cruising,[-0.82138112 -0.19970136 -0.21083176]
188.73909425735474,1001,False,1,0,[5.86543818 1.54943111 3.06716329],entering,[-0.48080528  0.59740651 -0.20557775]
188.73909425735474,1002,False,5,2,[-4.25623566  0.7357963   4.        ],exiting,[ 0.5677905  -0.59831228 -0.99408226]
188.73909425735474,1003,False,3,6,[7.01020233 5.96548953 4.        ],exiting,[ 0.63925976  0.24903542 -0.34837281]
188.73909425735474,1004,False,6,5,[-7.57928594  6.29567984  4.        ],exiting,[-0.62185191  0.08809385  0.93462812]
188.73909425735474,1005,False,4,3,[-0.91388911 -4.2331105   4.00005355],exiting,[ 0.50568378 -0.03156594 -0.11489306]
188.83570504188538,1000,False,0,4,[7.6992571  4.03722839 3.99483619],cruising,[-0.82138112 -0.19970136 -0.21083176]
188.83570504188538,1001,False,1,0,[6.00218831 1.51993705 3.14216329],entering,[-0.48080528  0.59740651 -0.20557775]
188.83570504188538,1002,False,5,2,[-4.3370992   0.73827258  4.        ],exiting,[ 0.5677905  -0.59831228 -0.99408226]
188.83570504188538,1003,False,3,6,[7.04658238 6.05863722 4.        ],exiting,[ 0.63925976  0.24903542 -0.34837281]
188.83570504188538,1004,False,6,5,[-7.64216752  6.37343527  4.        ],exiting,[-0.62185191  0.08809385  0.93462812]
188.83570504188538,1005,False,4,3,[-0.89626181 -4.33154463  4.00004409],exiting,[ 0.50568378 -0.03156594 -0.11489306]
188.94075417518616,1000,False,0,4,[7.83509069 3.89046019 3.99561355],cruising,[-0.82138112 -0.19970136 -0.21083176]
188.94075417518616,1001,False,1,0,[6.15745613 1.48288684 3.21716329],entering,[-0.48080528  0.59740651 -0.20557775]
188.94075417518616,1002,False,5,2,[-4.41646383  0.72080512  4.        ],exiting,[ 0.5677905  -0.59831228 -0.99408226]
188.94075417518616,1003,False,3,6,[7.08296244 6.15178491 4.        ],exiting,[ 0.63925976  0.24903542 -0.34837281]
188.94075417518616,1004,False,6,5,[-7.7050491  6.4511907  4.       ],exiting,[-0.62185191  0.08809385  0.93462812]
188.94075417518616,1005,False,4,3,[-0.8786345  -4.42997876  4.00003626],exiting,[ 0.50568378 -0.03156594 -0.11489306]
189.03381538391113,1000,False,0,4,[7.95516088 3.73138304 3.99632007],cruising,[-0.82138112 -0.19970136 -0.21083176]
189.03381538391113,1001,False,1,0,[6.33032125 1.43633217 3.29216329],entering,[-0.48080528  0.59740651 -0.20557775]
189.03381538391113,1002,False,5,2,[-4.49406247  0.68341577  4.        ],exiting,[ 0.5677905  -0.59831228 -0.99408226]
189.03381538391113,1003,False,3,6,[7.1193425  6.24493259 4.        ],exiting,[ 0.63925976  0.24903542 -0.34837281]
189.03381538391113,1004,False,6,5,[-7.76793068  6.52894613  4.        ],exiting,[-0.62185191  0.08809385  0.93462812]
189.03381538391113,1005,False,4,3,[-0.8610072 -4.5284129  4.0000298],exiting,[ 0.50568378 -0.03156594 -0.11489306]
189.13389992713928,1000,False,0,4,[8.05839065 3.56151731 3.99694506],cruising,[-0.82138112 -0.19970136 -0.21083176]
189.13389992713928,1001,False,1,0,[6.51667742 1.37501296 3.36716329],entering,[-0.48080528  0.59740651 -0.20557775]
189.13389992713928,1002,False,5,2,[-4.56962329  0.62613052  4.        ],exiting,[ 0.5677905  -0.59831228 -0.99408226]
189.13389992713928,1003,False,3,6,[7.15572255 6.33808028 4.        ],exiting,[ 0.63925976  0.24903542 -0.34837281]
189.13389992713928,1004,False,6,5,[-7.83081226  6.60670156  4.        ],exiting,[-0.62185191  0.08809385  0.93462812]
189.13389992713928,1005,False,4,3,[-0.84337989 -4.62684703  4.00002446],exiting,[ 0.50568378 -0.03156594 -0.11489306]
189.23438715934753,1000,False,0,4,[8.14390134 3.38237653 3.9974827 ],cruising,[-0.82138112 -0.19970136 -0.21083176]
189.23438715934753,1001,False,1,0,[6.70362503 1.30394545 3.44216329],entering,[-0.48080528  0.59740651 -0.20557775]
189.23438715934753,1002,False,5,2,[-4.64408087  0.55937673  4.        ],exiting,[ 0.5677905  -0.59831228 -0.99408226]
189.23438715934753,1003,False,3,6,[7.19210261 6.43122797 4.        ],exiting,[ 0.63925976  0.24903542 -0.34837281]
189.23438715934753,1004,False,6,5,[-7.89369384  6.68445699  4.        ],exiting,[-0.62185191  0.08809385  0.93462812]
189.23438715934753,1005,False,4,3,[-0.82575258 -4.72528116  4.00002006],exiting,[ 0.50568378 -0.03156594 -0.11489306]
189.33960247039795,1000,False,0,4,[8.21102025 3.19537868 3.99792631],cruising,[-0.82138112 -0.19970136 -0.21083176]
189.33960247039795,1001,False,1,0,[6.8865757  1.22314289 3.51716329],entering,[-0.48080528  0.59740651 -0.20557775]
189.33960247039795,1002,False,5,2,[-4.71853845  0.49262294  4.        ],exiting,[ 0.5677905  -0.59831228 -0.99408226]
189.33960247039795,1003,False,3,6,[7.22848267 6.52437565 4.        ],exiting,[ 0.63925976  0.24903542 -0.34837281]
189.33960247039795,1004,False,6,5,[-7.95657543  6.76221241  4.        ],exiting,[-0.62185191  0.08809385  0.93462812]
189.33960247039795,1005,False,4,3,[-0.80812528 -4.82371529  4.00001643],exiting,[ 0.50568378 -0.03156594 -0.11489306]
189.43578910827637,1000,False,0,4,[8.25922731 3.00187456 3.99826692],cruising,[-0.82138112 -0.19970136 -0.21083176]
189.43578910827637,1001,False,1,0,[7.06453301 1.13186751 3.5895888 ],entering,[-0.48080528  0.59740651 -0.20557775]
189.43578910827637,1002,False,5,2,[-4.79299604  0.42586915  4.        ],exiting,[ 0.5677905  -0.59831228 -0.99408226]
189.43578910827637,1003,False,3,6,[7.26486272 6.61752334 4.        ],exiting,[ 0.63925976  0.24903542 -0.34837281]
189.43578910827637,1004,False,6,5,[-8.01945701  6.83996784  4.        ],exiting,[-0.62185191  0.08809385  0.93462812]
189.43578910827637,1005,False,4,3,[-0.79049797 -4.92214942  4.00001344],exiting,[ 0.50568378 -0.03156594 -0.11489306]
189.54810428619385,1000,False,0,4,[8.29448717 2.80500724 3.99852688],cruising,[-0.82138112 -0.19970136 -0.21083176]
189.54810428619385,1001,False,1,0,[7.23626272 1.02935455 3.65115048],entering,[-0.48080528  0.59740651 -0.20557775]
189.54810428619385,1002,False,5,2,[-4.86745362  0.35911536  4.        ],exiting,[ 0.5677905  -0.59831228 -0.99408226]
189.54810428619385,1003,False,3,6,[7.30124278 6.71067103 4.        ],exiting,[ 0.63925976  0.24903542 -0.34837281]
189.54810428619385,1004,False,6,5,[-8.08233859  6.91772327  4.        ],exiting,[-0.62185191  0.08809385  0.93462812]
189.54810428619385,1005,False,4,3,[-0.77287067 -5.02058355  4.00001098],exiting,[ 0.50568378 -0.03156594 -0.11489306]
189.6382541656494,1000,False,0,4,[8.32857119 2.60793294 3.99874785],cruising,[-0.82138112 -0.19970136 -0.21083176]
189.6382541656494,1001,False,1,0,[7.40151981 0.91670423 3.7034779 ],entering,[-0.48080528  0.59740651 -0.20557775]
189.6382541656494,1002,False,5,2,[-4.9419112   0.29236157  4.        ],exiting,[ 0.5677905  -0.59831228 -0.99408226]
189.6382541656494,1003,False,3,6,[7.33762284 6.80381871 4.        ],exiting,[ 0.63925976  0.24903542 -0.34837281]
189.6382541656494,1004,False,6,5,[-8.14522017  6.9954787   4.        ],exiting,[-0.62185191  0.08809385  0.93462812]
189.6382541656494,1005,False,4,3,[-0.75524336 -5.11901768  4.00000896],exiting,[ 0.50568378 -0.03156594 -0.11489306]
189.73481249809265,1000,False,0,4,[8.35706718 2.4099734  3.99893567],cruising,[-0.82138112 -0.19970136 -0.21083176]
189.73481249809265,1001,False,1,0,[7.55730995 0.79128719 3.74795622],entering,[-0.48080528  0.59740651 -0.20557775]
189.73481249809265,1002,False,5,2,[-5.01636878  0.22560778  4.        ],exiting,[ 0.5677905  -0.59831228 -0.99408226]
189.73481249809265,1003,False,3,6,[7.3740029 6.8969664 4.       ],exiting,[ 0.63925976  0.24903542 -0.34837281]
189.73481249809265,1004,False,6,5,[-8.20810175  7.07323413  4.        ],exiting,[-0.62185191  0.08809385  0.93462812]
189.73481249809265,1005,False,4,3,[-0.73761605 -5.21745181  4.0000073 ],exiting,[ 0.50568378 -0.03156594 -0.11489306]
189.84814143180847,1000,False,0,4,[8.38414367 2.21181472 3.99909532],cruising,[-0.82138112 -0.19970136 -0.21083176]
189.84814143180847,1001,False,1,0,[7.70165534 0.65285163 3.78576279],entering,[-0.48080528  0.59740651 -0.20557775]
189.84814143180847,1002,False,5,2,[-5.09082637  0.15885399  4.        ],exiting,[ 0.5677905  -0.59831228 -0.99408226]
189.84814143180847,1003,False,3,6,[7.41038295 6.99011408 4.        ],exiting,[ 0.63925976  0.24903542 -0.34837281]
189.84814143180847,1004,False,6,5,[-8.27098333  7.15098956  4.        ],exiting,[-0.62185191  0.08809385  0.93462812]
189.84814143180847,1005,False,4,3,[-0.71998875 -5.31588594  4.00000594],exiting,[ 0.50568378 -0.03156594 -0.11489306]
189.94108533859253,1000,False,0,4,[8.40619839 2.01303447 3.99923102],cruising,[-0.82138112 -0.19970136 -0.21083176]
189.94108533859253,1001,False,1,0,[7.83256684 0.50164918 3.81789837],entering,[-0.48080528  0.59740651 -0.20557775]
189.94108533859253,1002,False,5,2,[-5.16528395  0.0921002   4.        ],exiting,[ 0.5677905  -0.59831228 -0.99408226]
189.94108533859253,1003,False,3,6,[7.44676301 7.08326177 4.        ],exiting,[ 0.63925976  0.24903542 -0.34837281]
189.94108533859253,1004,False,6,5,[-8.33386491  7.22874499  4.        ],exiting,[-0.62185191  0.08809385  0.93462812]
189.94108533859253,1005,False,4,3,[-0.70236144 -5.41432007  4.00000482],exiting,[ 0.50568378 -0.03156594 -0.11489306]
190.0347445011139,1000,False,0,4,[8.42677361 1.81409563 3.99934637],cruising,[-0.82138112 -0.19970136 -0.21083176]
190.0347445011139,1001,False,1,0,[7.94833012 0.3385576  3.84521361],entering,[-0.48080528  0.59740651 -0.20557775]
190.0347445011139,1002,False,5,2,[-5.23974153  0.02534641  4.        ],exiting,[ 0.5677905  -0.59831228 -0.99408226]
190.0347445011139,1003,False,3,6,[7.48314307 7.17640946 4.        ],exiting,[ 0.63925976  0.24903542 -0.34837281]
190.0347445011139,1004,False,6,5,[-8.39674649  7.30650042  4.        ],landing,[-0.62185191  0.08809385  0.93462812]
190.0347445011139,1005,False,4,3,[-0.68473414 -5.5127542   4.00000391],exiting,[ 0.50568378 -0.03156594 -0.11489306]
190.1383695602417,1000,False,0,4,[8.44286366 1.6147439  3.99944441],cruising,[-0.82138112 -0.19970136 -0.21083176]
190.1383695602417,1001,False,1,0,[8.04783016 0.16506483 3.86843157],cruising,[-0.48080528  0.59740651 -0.20557775]
190.1383695602417,1002,False,5,2,[-5.31419911 -0.04140738  4.        ],exiting,[ 0.5677905  -0.59831228 -0.99408226]
190.1383695602417,1003,False,3,6,[7.51952312 7.26955714 4.        ],exiting,[ 0.63925976  0.24903542 -0.34837281]
190.1383695602417,1004,False,6,5,[-8.44856922  7.37581643  3.98563066],landing,[-0.62185191  0.08809385  0.93462812]
190.1383695602417,1005,False,4,3,[-0.66710683 -5.61118833  4.00000316],exiting,[ 0.50568378 -0.03156594 -0.11489306]
190.23596954345703,1000,False,0,4,[8.45747623 1.41527844 3.99952775],cruising,[-0.82138112 -0.19970136 -0.21083176]
190.23596954345703,1001,False,1,0,[ 8.12974035 -0.0173442   3.88831818],cruising,[-0.48080528  0.59740651 -0.20557775]
190.23596954345703,1002,False,5,2,[-5.38865669 -0.10816117  4.        ],exiting,[ 0.5677905  -0.59831228 -0.99408226]
190.23596954345703,1003,False,3,6,[7.55590318 7.36270483 4.        ],exiting,[ 0.63925976  0.24903542 -0.34837281]
190.23596954345703,1004,False,6,5,[-8.48925083  7.43653333  3.95705108],landing,[-0.62185191  0.08809385  0.93462812]
190.23596954345703,1005,False,4,3,[-0.64947953 -5.70962246  4.00000255],exiting,[ 0.50568378 -0.03156594 -0.11489306]
190.33916878700256,1000,False,0,4,[8.4703601  1.21569385 3.99959859],cruising,[-0.82138112 -0.19970136 -0.21083176]
190.33916878700256,1001,False,1,0,[ 8.19494033 -0.20641816  3.90507045],cruising,[-0.48080528  0.59740651 -0.20557775]
190.33916878700256,1002,False,5,2,[-5.46311428 -0.17491496  4.        ],exiting,[ 0.5677905  -0.59831228 -0.99408226]
190.33916878700256,1003,False,3,6,[7.59228324 7.45585252 4.        ],exiting,[ 0.63925976  0.24903542 -0.34837281]
190.33916878700256,1004,False,6,5,[-8.51869456  7.4884608   3.91445522],landing,[-0.62185191  0.08809385  0.93462812]
190.33916878700256,1005,False,4,3,[-0.63185222 -5.80805659  4.00000206],exiting,[ 0.50568378 -0.03156594 -0.11489306]
190.43721389770508,1000,False,0,4,[8.47898342 1.01587984 3.9996588 ],cruising,[-0.82138112 -0.19970136 -0.21083176]
190.43721389770508,1001,False,1,0,[ 8.24560532 -0.39989441  3.91930988],cruising,[-0.48080528  0.59740651 -0.20557775]
190.43721389770508,1002,False,5,2,[-5.53757186 -0.24166875  4.        ],exiting,[ 0.5677905  -0.59831228 -0.99408226]
190.43721389770508,1003,False,3,6,[7.62866329 7.5490002  4.        ],exiting,[ 0.63925976  0.24903542 -0.34837281]
190.43721389770508,1004,False,6,5,[-8.53676656  7.5313308   3.85812453],landing,[-0.62185191  0.08809385  0.93462812]
190.43721389770508,1005,False,4,3,[-0.61422491 -5.90649073  4.00000165],exiting,[ 0.50568378 -0.03156594 -0.11489306]
190.53630018234253,1000,False,0,4,[8.4860223  0.81600375 3.99970998],cruising,[-0.82138112 -0.19970136 -0.21083176]
190.53630018234253,1001,False,1,0,[ 8.28329785 -0.59631048  3.9314134 ],cruising,[-0.48080528  0.59740651 -0.20557775]
190.53630018234253,1002,False,5,2,[-5.61202944 -0.30842254  4.        ],exiting,[ 0.5677905  -0.59831228 -0.99408226]
190.53630018234253,1003,False,3,6,[7.66504335 7.64214789 4.        ],exiting,[ 0.63925976  0.24903542 -0.34837281]
190.53630018234253,1004,False,6,5,[-8.54336896  7.56494348  3.78827531],landing,[-0.62185191  0.08809385  0.93462812]
190.53630018234253,1005,False,4,3,[-0.59659761 -6.00492486  4.00000132],exiting,[ 0.50568378 -0.03156594 -0.11489306]
190.63386964797974,1000,False,0,4,[8.49129744 0.61607333 3.99975348],cruising,[-0.82138112 -0.19970136 -0.21083176]
190.63386964797974,1001,False,1,0,[ 8.30965668 -0.7945659   3.94170139],cruising,[-0.48080528  0.59740651 -0.20557775]
190.63386964797974,1002,False,5,2,[-5.68648702 -0.37517633  4.        ],exiting,[ 0.5677905  -0.59831228 -0.99408226]
190.63386964797974,1003,False,3,6,[7.70142341 7.73529558 4.        ],exiting,[ 0.63925976  0.24903542 -0.34837281]
190.63386964797974,1004,False,6,5,[-8.53840476  7.5890973   3.7051316 ],landing,[-0.62185191  0.08809385  0.93462812]
190.63386964797974,1005,False,4,3,[-0.5789703  -6.10335899  4.00000106],exiting,[ 0.50568378 -0.03156594 -0.11489306]
190.74138498306274,1000,False,0,4,[8.49255519 0.41607728 3.99979046],cruising,[-0.82138112 -0.19970136 -0.21083176]
190.74138498306274,1001,False,1,0,[ 8.324101   -0.99404362  3.95044618],cruising,[-0.48080528  0.59740651 -0.20557775]
190.74138498306274,1002,False,5,2,[-5.76094461 -0.44193012  4.        ],exiting,[ 0.5677905  -0.59831228 -0.99408226]
190.74138498306274,1003,False,3,6,[7.73780346 7.82844326 4.        ],exiting,[ 0.63925976  0.24903542 -0.34837281]
190.74138498306274,1004,False,6,5,[-8.52177762  7.60358824  3.60892632],landing,[-0.62185191  0.08809385  0.93462812]
190.74138498306274,1005,False,4,3,[-0.561343   -6.20179312  4.00000084],exiting,[ 0.50568378 -0.03156594 -0.11489306]
190.83862400054932,1000,False,0,4,[8.4921978  0.2160776  3.99982189],cruising,[-0.82138112 -0.19970136 -0.21083176]
190.83862400054932,1001,False,1,0,[ 8.33039641 -1.19394452  3.95787925],cruising,[-0.48080528  0.59740651 -0.20557775]
190.83862400054932,1002,False,5,2,[-5.83540219 -0.50868391  4.        ],exiting,[ 0.5677905  -0.59831228 -0.99408226]
190.83862400054932,1003,False,3,6,[7.77418352 7.92159095 4.        ],exiting,[ 0.63925976  0.24903542 -0.34837281]
190.83862400054932,1004,False,6,5,[-8.5039881   7.61710353  3.51145391],landing,[-0.62185191  0.08809385  0.93462812]
190.83862400054932,1005,False,4,3,[-0.54371569 -6.30022725  4.00000067],exiting,[ 0.50568378 -0.03156594 -0.11489306]
190.9393172264099,1000,False,0,4,[8.49006649 0.01608896 3.99984861],cruising,[-0.82138112 -0.19970136 -0.21083176]
190.9393172264099,1001,False,1,0,[ 8.3295978  -1.39394292  3.96419737],cruising,[-0.48080528  0.59740651 -0.20557775]
190.9393172264099,1002,False,5,2,[-5.90985977 -0.5754377   4.        ],exiting,[ 0.5677905  -0.59831228 -0.99408226]
190.9393172264099,1003,False,3,6,[7.81056358 8.01473863 4.        ],exiting,[ 0.63925976  0.24903542 -0.34837281]
190.9393172264099,1004,False,6,5,[-8.48619858  7.63061881  3.4139815 ],landing,[-0.62185191  0.08809385  0.93462812]
190.9393172264099,1005,False,4,3,[-0.52608839 -6.39866138  4.00000052],exiting,[ 0.50568378 -0.03156594 -0.11489306]
191.03738236427307,1000,False,0,4,[ 8.4860353  -0.18387041  3.99987132],cruising,[-0.82138112 -0.19970136 -0.21083176]
191.03738236427307,1001,False,1,0,[ 8.32027734 -1.59372563  3.96956776],cruising,[-0.48080528  0.59740651 -0.20557775]
191.03738236427307,1002,False,5,2,[-5.98431735 -0.64219149  4.        ],exiting,[ 0.5677905  -0.59831228 -0.99408226]
191.03738236427307,1003,False,3,6,[7.84694363 8.10788632 4.        ],exiting,[ 0.63925976  0.24903542 -0.34837281]
191.03738236427307,1004,False,6,5,[-8.46840906  7.6441341   3.3165091 ],landing,[-0.62185191  0.08809385  0.93462812]
191.03738236427307,1005,False,4,3,[-0.50846108 -6.49709551  4.00000041],exiting,[ 0.50568378 -0.03156594 -0.11489306]
191.1483051776886,1000,False,0,4,[ 8.47792687 -0.38370598  3.99989062],cruising,[-0.82138112 -0.19970136 -0.21083176]
191.1483051776886,1001,False,1,0,[ 8.30565829 -1.79319062  3.9741326 ],cruising,[-0.48080528  0.59740651 -0.20557775]
191.1483051776886,1002,False,5,2,[-6.05877493 -0.70894528  4.        ],exiting,[ 0.5677905  -0.59831228 -0.99408226]
191.1483051776886,1003,False,3,6,[7.88332369 8.20103401 4.        ],exiting,[ 0.63925976  0.24903542 -0.34837281]
191.1483051776886,1004,False,6,5,[-8.45061955  7.65764939  3.21903669],landing,[-0.62185191  0.08809385  0.93462812]
191.1483051776886,1005,False,4,3,[-0.49083377 -6.59552964  4.00000032],exiting,[ 0.50568378 -0.03156594 -0.11489306]
191.2431299686432,1000,False,0,4,[ 8.46807069 -0.58346297  3.99990703],cruising,[-0.82138112 -0.19970136 -0.21083176]
191.2431299686432,1001,False,1,0,[ 8.28615761 -1.99223766  3.97801271],cruising,[-0.48080528  0.59740651 -0.20557775]
191.2431299686432,1002,False,5,2,[-6.13323252 -0.77569907  4.        ],exiting,[ 0.5677905  -0.59831228 -0.99408226]
191.2431299686432,1003,False,3,6,[7.91970375 8.29418169 4.        ],exiting,[ 0.63925976  0.24903542 -0.34837281]
191.2431299686432,1004,False,6,5,[-8.43283003  7.67116467  3.12156428],landing,[-0.62185191  0.08809385  0.93462812]
191.2431299686432,1005,False,4,3,[-0.47320647 -6.69396377  4.00000025],exiting,[ 0.50568378 -0.03156594 -0.11489306]
191.34377002716064,1000,False,0,4,[ 8.45631008 -0.78311689  3.99992097],cruising,[-0.82138112 -0.19970136 -0.21083176]
191.34377002716064,1001,False,1,0,[ 8.25945358 -2.19044688  3.9813108 ],cruising,[-0.48080528  0.59740651 -0.20557775]
191.34377002716064,1002,False,5,2,[-6.2076901  -0.84245286  4.        ],exiting,[ 0.5677905  -0.59831228 -0.99408226]
191.34377002716064,1003,False,3,6,[7.9560838  8.38732938 4.        ],exiting,[ 0.63925976  0.24903542 -0.34837281]
191.34377002716064,1004,False,6,5,[-8.41504051  7.68467996  3.02409188],landing,[-0.62185191  0.08809385  0.93462812]
191.34377002716064,1005,False,4,3,[-0.45557916 -6.7923979   4.00000019],exiting,[ 0.50568378 -0.03156594 -0.11489306]
191.43915390968323,1000,False,0,4,[ 8.44043385 -0.98248576  3.99993283],cruising,[-0.82138112 -0.19970136 -0.21083176]
191.43915390968323,1001,False,1,0,[ 8.22862691 -2.38805689  3.98411418],cruising,[-0.48080528  0.59740651 -0.20557775]
191.43915390968323,1002,False,5,2,[-6.28214768 -0.90920665  4.        ],exiting,[ 0.5677905  -0.59831228 -0.99408226]
191.43915390968323,1003,False,3,6,[7.99246386 8.48047707 4.        ],exiting,[ 0.63925976  0.24903542 -0.34837281]
191.43915390968323,1004,False,6,5,[-8.39725099  7.69819525  2.92661947],landing,[-0.62185191  0.08809385  0.93462812]
191.43915390968323,1005,False,4,3,[-0.43795186 -6.89083203  4.00000015],exiting,[ 0.50568378 -0.03156594 -0.11489306]
191.5391914844513,1000,False,0,4,[ 8.42270025 -1.181698    3.9999429 ],cruising,[-0.82138112 -0.19970136 -0.21083176]
191.5391914844513,1001,False,1,0,[ 8.19367873 -2.58497978  3.98649705],cruising,[-0.48080528  0.59740651 -0.20557775]
191.5391914844513,1002,False,5,2,[-6.35660526 -0.97596044  4.        ],exiting,[ 0.5677905  -0.59831228 -0.99408226]
191.5391914844513,1003,False,3,6,[8.02884392 8.57362475 4.        ],exiting,[ 0.63925976  0.24903542 -0.34837281]
191.5391914844513,1004,False,6,5,[-8.37946148  7.71171053  2.82914706],landing,[-0.62185191  0.08809385  0.93462812]
191.5391914844513,1005,False,4,3,[-0.42032455 -6.98926616  4.00000011],exiting,[ 0.50568378 -0.03156594 -0.11489306]
191.63946104049683,1000,False,0,4,[ 8.40291638 -1.3807171   3.99995147],cruising,[-0.82138112 -0.19970136 -0.21083176]
191.63946104049683,1001,False,1,0,[ 8.15127722 -2.78043339  3.9885225 ],cruising,[-0.48080528  0.59740651 -0.20557775]
191.63946104049683,1002,False,5,2,[-6.43106284 -1.04271423  4.        ],exiting,[ 0.5677905  -0.59831228 -0.99408226]
191.63946104049683,1003,False,3,6,[8.06522397 8.66677244 4.        ],exiting,[ 0.63925976  0.24903542 -0.34837281]
191.63946104049683,1004,False,6,5,[-8.36167196  7.72522582  2.73167466],landing,[-0.62185191  0.08809385  0.93462812]
191.63946104049683,1005,False,4,3,[-0.40269724 -7.08770029  4.00000008],exiting,[ 0.50568378 -0.03156594 -0.11489306]
191.73497438430786,1000,False,0,4,[ 8.38090617 -1.57950228  3.99995875],cruising,[-0.82138112 -0.19970136 -0.21083176]
191.73497438430786,1001,False,1,0,[ 8.10483896 -2.97496741  3.99024412],cruising,[-0.48080528  0.59740651 -0.20557775]
191.73497438430786,1002,False,5,2,[-6.50552043 -1.10946802  4.        ],exiting,[ 0.5677905  -0.59831228 -0.99408226]
191.73497438430786,1003,False,3,6,[8.10160403 8.75992013 4.        ],exiting,[ 0.63925976  0.24903542 -0.34837281]
191.73497438430786,1004,False,6,5,[-8.34388244  7.73874111  2.63420225],landing,[-0.62185191  0.08809385  0.93462812]
191.73497438430786,1005,False,4,3,[-0.38506994 -7.18613443  4.00000006],exiting,[ 0.50568378 -0.03156594 -0.11489306]
191.84118270874023,1000,False,0,4,[ 8.35411034 -1.77769911  3.99996493],cruising,[-0.82138112 -0.19970136 -0.21083176]
191.84118270874023,1001,False,1,0,[ 8.05015653 -3.16734681  3.9917075 ],cruising,[-0.48080528  0.59740651 -0.20557775]
191.84118270874023,1002,False,5,2,[-6.57997801 -1.17622181  4.        ],exiting,[ 0.5677905  -0.59831228 -0.99408226]
191.84118270874023,1003,False,3,6,[8.13798409 8.85306781 4.        ],exiting,[ 0.63925976  0.24903542 -0.34837281]
191.84118270874023,1004,False,6,5,[-8.32609292  7.75225639  2.53672984],landing,[-0.62185191  0.08809385  0.93462812]
191.84118270874023,1005,False,4,3,[-0.36744263 -7.28456856  4.00000004],exiting,[ 0.50568378 -0.03156594 -0.11489306]
191.9347541332245,1000,False,0,4,[ 8.3250569  -1.97557761  3.99997019],cruising,[-0.82138112 -0.19970136 -0.21083176]
191.9347541332245,1001,False,1,0,[ 7.98679759 -3.35704563  3.99295138],cruising,[-0.48080528  0.59740651 -0.20557775]
191.9347541332245,1002,False,5,2,[-6.65443559 -1.2429756   4.        ],exiting,[ 0.5677905  -0.59831228 -0.99408226]
191.9347541332245,1003,False,3,6,[8.17436414 8.9462155  4.        ],exiting,[ 0.63925976  0.24903542 -0.34837281]
191.9347541332245,1004,False,6,5,[-8.30830341  7.76577168  2.43925744],landing,[-0.62185191  0.08809385  0.93462812]
191.9347541332245,1005,False,4,3,[-0.34981533 -7.38300269  4.00000003],exiting,[ 0.50568378 -0.03156594 -0.11489306]
192.03945899009705,1000,False,0,4,[ 8.2934923  -2.17307109  3.99997467],cruising,[-0.82138112 -0.19970136 -0.21083176]
192.03945899009705,1001,False,1,0,[ 7.91864656 -3.54507605  3.99400867],cruising,[-0.48080528  0.59740651 -0.20557775]
192.03945899009705,1002,False,5,2,[-6.72889317 -1.30972939  4.        ],exiting,[ 0.5677905  -0.59831228 -0.99408226]
192.03945899009705,1003,False,3,6,[8.2107442  9.03936318 4.        ],exiting,[ 0.63925976  0.24903542 -0.34837281]
192.03945899009705,1004,False,6,5,[-8.29051389  7.77928697  2.34178503],landing,[-0.62185191  0.08809385  0.93462812]
192.03945899009705,1005,False,4,3,[-0.33218802 -7.48143682  4.00000002],exiting,[ 0.50568378 -0.03156594 -0.11489306]
192.1403067111969,1000,False,0,4,[ 8.25636733 -2.36959523  3.99997847],cruising,[-0.82138112 -0.19970136 -0.21083176]
192.1403067111969,1001,False,1,0,[ 7.83940268 -3.72870722  3.99490737],cruising,[-0.48080528  0.59740651 -0.20557775]
192.1403067111969,1002,False,5,2,[-6.80335076 -1.37648318  4.        ],exiting,[ 0.5677905  -0.59831228 -0.99408226]
192.1403067111969,1003,False,3,6,[8.24712426 9.13251087 4.        ],landing,[ 0.63925976  0.24903542 -0.34837281]
192.1403067111969,1004,False,6,5,[-8.27272437  7.79280225  2.24431262],landing,[-0.62185191  0.08809385  0.93462812]
192.1403067111969,1005,False,4,3,[-0.31456072 -7.57987095  4.00000001],exiting,[ 0.50568378 -0.03156594 -0.11489306]
192.24292945861816,1000,False,0,4,[ 8.21652678 -2.56558688  3.9999817 ],cruising,[-0.82138112 -0.19970136 -0.21083176]
192.24292945861816,1001,False,1,0,[ 7.74760073 -3.90639347  3.99567126],cruising,[-0.48080528  0.59740651 -0.20557775]
192.24292945861816,1002,False,5,2,[-6.87780834 -1.44323697  4.        ],exiting,[ 0.5677905  -0.59831228 -0.99408226]
192.24292945861816,1003,False,3,6,[8.28150283 9.21160384 3.98591246],landing,[ 0.63925976  0.24903542 -0.34837281]
192.24292945861816,1004,False,6,5,[-8.25493485  7.80631754  2.14684022],landing,[-0.62185191  0.08809385  0.93462812]
192.24292945861816,1005,False,4,3,[-0.29693341 -7.67830508  4.00000001],exiting,[ 0.50568378 -0.03156594 -0.11489306]
192.3371467590332,1000,False,0,4,[ 8.17043773 -2.76020394  3.99998444],cruising,[-0.82138112 -0.19970136 -0.21083176]
192.3371467590332,1001,False,1,0,[ 7.64119564 -4.07573914  3.99632058],cruising,[-0.48080528  0.59740651 -0.20557775]
192.3371467590332,1002,False,5,2,[-6.95226592 -1.50999076  4.        ],landing,[ 0.5677905  -0.59831228 -0.99408226]
192.3371467590332,1003,False,3,6,[8.3137822  9.276495   3.95790003],landing,[ 0.63925976  0.24903542 -0.34837281]
192.3371467590332,1004,False,6,5,[-8.23714533  7.81983283  2.04936781],landing,[-0.62185191  0.08809385  0.93462812]
192.3371467590332,1005,False,4,3,[-0.2793061  -7.77673921  4.        ],landing,[ 0.50568378 -0.03156594 -0.11489306]
192.43373465538025,1000,False,0,4,[ 8.12118149 -2.95404363  3.99998678],cruising,[-0.82138112 -0.19970136 -0.21083176]
192.43373465538025,1001,False,1,0,[ 7.51843883 -4.23356906  3.99687723],cruising,[-0.48080528  0.59740651 -0.20557775]
192.43373465538025,1002,False,5,2,[-7.01843205 -1.56502251  3.98607716],landing,[ 0.5677905  -0.59831228 -0.99408226]
192.43373465538025,1003,False,3,6,[8.34384633 9.3270118  3.91615917],landing,[ 0.63925976  0.24903542 -0.34837281]
192.43373465538025,1004,False,6,5,[-8.21935582  7.83334811  1.9518954 ],landing,[-0.62185191  0.08809385  0.93462812]
192.43373465538025,1005,False,4,3,[-0.26730522 -7.86201485  3.98602869],landing,[ 0.50568378 -0.03156594 -0.11489306]
192.54044437408447,1000,False,0,4,[ 8.0644792  -3.1458374   3.99998876],cruising,[-0.82138112 -0.19970136 -0.21083176]
192.54044437408447,1001,False,1,0,[ 7.38130347 -4.37749733  3.99739322],cruising,[-0.48080528  0.59740651 -0.20557775]
192.54044437408447,1002,False,5,2,[-7.07615469 -1.60824664  3.95839613],landing,[ 0.5677905  -0.59831228 -0.99408226]
192.54044437408447,1003,False,3,6,[8.37153462 9.36291913 3.86096769],landing,[ 0.63925976  0.24903542 -0.34837281]
192.54044437408447,1004,False,6,5,[-8.2015663   7.8468634   1.85442299],landing,[-0.62185191  0.08809385  0.93462812]
192.54044437408447,1005,False,4,3,[-0.26092371 -7.93395701  3.95825009],landing,[ 0.50568378 -0.03156594 -0.11489306]
192.6334354877472,1000,False,0,4,[ 8.0038724  -3.33643335  3.99999045],exiting,[-0.82138112 -0.19970136 -0.21083176]
192.6334354877472,1001,False,1,0,[ 7.23156652 -4.50589505  3.99786909],cruising,[-0.48080528  0.59740651 -0.20557775]
192.6334354877472,1002,False,5,2,[-7.12525515 -1.63956387  3.91715472],landing,[ 0.5677905  -0.59831228 -0.99408226]
192.6334354877472,1003,False,3,6,[8.39671299 9.38402411 3.79256293],landing,[ 0.63925976  0.24903542 -0.34837281]
192.6334354877472,1004,False,6,5,[-8.18377678  7.86037868  1.75695059],landing,[-0.62185191  0.08809385  0.93462812]
192.6334354877472,1005,False,4,3,[-0.26015213 -7.9923604   3.91686157],landing,[ 0.50568378 -0.03156594 -0.11489306]
192.7423014640808,1000,False,0,4,[ 7.9562115  -3.5117845   3.99999213],exiting,[-0.82138112 -0.19970136 -0.21083176]
192.7423014640808,1001,False,1,0,[ 7.0712463  -4.61732241  3.99830618],cruising,[-0.48080528  0.59740651 -0.20557775]
192.7423014640808,1002,False,5,2,[-7.16549119 -1.65884196  3.86262871],landing,[ 0.5677905  -0.59831228 -0.99408226]
192.7423014640808,1003,False,3,6,[8.41925503 9.3901478  3.71117316],landing,[ 0.63925976  0.24903542 -0.34837281]
192.7423014640808,1004,False,6,5,[-8.16598726  7.87389397  1.65947818],landing,[-0.62185191  0.08809385  0.93462812]
192.7423014640808,1005,False,4,3,[-0.26497565 -8.03694677  3.86213944],landing,[ 0.50568378 -0.03156594 -0.11489306]
192.83342909812927,1000,False,0,4,[ 7.92165247 -3.67202471  3.99999377],exiting,[-0.82138112 -0.19970136 -0.21083176]
192.83342909812927,1001,False,1,0,[ 6.90249918 -4.7106118   3.99870546],cruising,[-0.48080528  0.59740651 -0.20557775]
192.83342909812927,1002,False,5,2,[-7.19665074 -1.66596743  3.79506692],landing,[ 0.5677905  -0.59831228 -0.99408226]
192.83342909812927,1003,False,3,6,[8.43903194 9.38111079 3.61703555],landing,[ 0.63925976  0.24903542 -0.34837281]
192.83342909812927,1004,False,6,5,[-8.14819775  7.88740926  1.56200577],landing,[-0.62185191  0.08809385  0.93462812]
192.83342909812927,1005,False,4,3,[-0.27537955 -8.06747764  3.79432906],landing,[ 0.50568378 -0.03156594 -0.11489306]
192.9386386871338,1000,False,0,4,[ 7.90039218 -3.81732693  3.99999529],exiting,[-0.82138112 -0.19970136 -0.21083176]
192.9386386871338,1001,False,1,0,[ 6.72754803 -4.78488782  3.9990673 ],cruising,[-0.48080528  0.59740651 -0.20557775]
192.9386386871338,1002,False,5,2,[-7.21854259 -1.66083988  3.71469993],landing,[ 0.5677905  -0.59831228 -0.99408226]
192.9386386871338,1003,False,3,6,[8.45807263 9.36817492 3.51972103],landing,[ 0.63925976  0.24903542 -0.34837281]
192.9386386871338,1004,False,6,5,[-8.13040823  7.90092454  1.46453337],fake_landed,[-0.62185191  0.08809385  0.93462812]
192.9386386871338,1005,False,4,3,[-0.29134878 -8.08373655  3.71366029],landing,[ 0.50568378 -0.03156594 -0.11489306]
193.03397703170776,1000,False,0,4,[ 7.89267405 -3.94791146  3.9999966 ],exiting,[-0.82138112 -0.19970136 -0.21083176]
193.03397703170776,1001,False,1,0,[ 6.54864133 -4.83955892  3.9993915 ],cruising,[-0.48080528  0.59740651 -0.20557775]
193.03397703170776,1002,False,5,2,[-7.23097334 -1.64335966  3.62176715],landing,[ 0.5677905  -0.59831228 -0.99408226]
193.03397703170776,1003,False,3,6,[8.47711332 9.35523904 3.42240652],landing,[ 0.63925976  0.24903542 -0.34837281]
193.03397703170776,1004,False,6,5,[-8.11617661  7.91173677  1.38655544],fake_landed,[-0.62185191  0.08809385  0.93462812]
193.03397703170776,1005,False,4,3,[-0.31286651 -8.08550557  3.62037181],landing,[ 0.50568378 -0.03156594 -0.11489306]
193.1340527534485,1000,False,0,4,[ 7.89869267 -4.06395979  3.99999761],exiting,[-0.82138112 -0.19970136 -0.21083176]
193.1340527534485,1001,False,1,0,[ 6.36804546 -4.87430153  3.99967727],cruising,[-0.48080528  0.59740651 -0.20557775]
193.1340527534485,1002,False,5,2,[-7.24007677 -1.62158939  3.52459111],landing,[ 0.5677905  -0.59831228 -0.99408226]
193.1340527534485,1003,False,3,6,[8.49615401 9.34230317 3.325092  ],landing,[ 0.63925976  0.24903542 -0.34837281]
193.1340527534485,1004,False,6,5,[-8.1055029   7.91984595  1.328072  ],fake_landed,[-0.62185191  0.08809385  0.93462812]
193.1340527534485,1005,False,4,3,[-0.33613779 -8.08260973  3.52316038],landing,[ 0.50568378 -0.03156594 -0.11489306]
193.23449611663818,1000,False,0,4,[ 7.91864313 -4.16565876  3.99999818],exiting,[-0.82138112 -0.19970136 -0.21083176]
193.23449611663818,1001,False,1,0,[ 6.18737719 -4.88904431  3.99992339],cruising,[-0.48080528  0.59740651 -0.20557775]
193.23449611663818,1002,False,5,2,[-7.24918021 -1.59981912  3.42741507],landing,[ 0.5677905  -0.59831228 -0.99408226]
193.23449611663818,1003,False,3,6,[8.5151947  9.32936729 3.22777748],landing,[ 0.63925976  0.24903542 -0.34837281]
193.23449611663818,1004,False,6,5,[-8.0983871   7.92525206  1.28908304],fake_landed,[-0.62185191  0.08809385  0.93462812]
193.23449611663818,1005,False,4,3,[-0.35940907 -8.0797139   3.42594896],landing,[ 0.50568378 -0.03156594 -0.11489306]
193.33648943901062,1000,False,0,4,[ 7.94339391 -4.26254735  3.99999851],exiting,[-0.82138112 -0.19970136 -0.21083176]
193.33648943901062,1001,False,1,0,[ 6.00754631 -4.88380467  4.00012674],cruising,[-0.48080528  0.59740651 -0.20557775]
193.33648943901062,1002,False,5,2,[-7.25828364 -1.57804885  3.33023903],landing,[ 0.5677905  -0.59831228 -0.99408226]
193.33648943901062,1003,False,3,6,[8.53423539 9.31643142 3.13046297],landing,[ 0.63925976  0.24903542 -0.34837281]
193.33648943901062,1004,False,6,5,[-8.09482919  7.92795512  1.26958855],fake_landed,[-0.62185191  0.08809385  0.93462812]
193.33648943901062,1005,False,4,3,[-0.38268035 -8.07681807  3.32873753],landing,[ 0.50568378 -0.03156594 -0.11489306]
193.44010519981384,1000,False,0,4,[ 7.96814468 -4.35943595  3.99999879],exiting,[-0.82138112 -0.19970136 -0.21083176]
193.44010519981384,1001,False,1,0,[ 5.82973997 -4.85866781  4.00028619],cruising,[-0.48080528  0.59740651 -0.20557775]
193.44010519981384,1002,False,5,2,[-7.26738708 -1.55627858  3.23306298],landing,[ 0.5677905  -0.59831228 -0.99408226]
193.44010519981384,1003,False,3,6,[8.55327608 9.30349554 3.03314845],landing,[ 0.63925976  0.24903542 -0.34837281]
193.44010519981384,1004,False,5,1,[-8.09482919  7.92795512  1.26958855],waiting,[-0.62185191  0.08809385  0.93462812]
193.44010519981384,1005,False,4,3,[-0.40595163 -8.07392223  3.2315261 ],landing,[ 0.50568378 -0.03156594 -0.11489306]
193.5338273048401,1000,False,0,4,[ 7.99289545 -4.45632454  3.99999901],exiting,[-0.82138112 -0.19970136 -0.21083176]
193.5338273048401,1001,False,1,0,[ 5.65447467 -4.81369309  4.00039844],cruising,[-0.48080528  0.59740651 -0.20557775]
193.5338273048401,1002,False,5,2,[-7.27649051 -1.53450831  3.13588694],landing,[ 0.5677905  -0.59831228 -0.99408226]
193.5338273048401,1003,False,3,6,[8.57231677 9.29055967 2.93583393],landing,[ 0.63925976  0.24903542 -0.34837281]
193.5338273048401,1004,False,5,1,[-8.09482919  7.92795512  1.26958855],waiting,[-0.62185191  0.08809385  0.93462812]
193.5338273048401,1005,False,4,3,[-0.42922291 -8.0710264   3.13431467],landing,[ 0.50568378 -0.03156594 -0.11489306]
193.63351774215698,1000,False,0,4,[ 8.01764623 -4.55321313  3.99999919],exiting,[-0.82138112 -0.19970136 -0.21083176]
193.63351774215698,1001,False,1,0,[ 5.48246465 -4.74898513  4.00046211],cruising,[-0.48080528  0.59740651 -0.20557775]
193.63351774215698,1002,False,5,2,[-7.28559395 -1.51273804  3.0387109 ],landing,[ 0.5677905  -0.59831228 -0.99408226]
193.63351774215698,1003,False,3,6,[8.59135746 9.2776238  2.83851941],landing,[ 0.63925976  0.24903542 -0.34837281]
193.63351774215698,1004,False,5,1,[-8.09482919  7.92795512  1.26958855],waiting,[-0.62185191  0.08809385  0.93462812]
193.63351774215698,1005,False,4,3,[-0.45249419 -8.06813057  3.03710325],landing,[ 0.50568378 -0.03156594 -0.11489306]
193.73814392089844,1000,False,0,4,[ 8.042397   -4.65010172  3.99999934],exiting,[-0.82138112 -0.19970136 -0.21083176]
193.73814392089844,1001,False,1,0,[ 5.31347154 -4.66450609  4.00047211],cruising,[-0.48080528  0.59740651 -0.20557775]
193.73814392089844,1002,False,5,2,[-7.29469738 -1.49096777  2.94153486],landing,[ 0.5677905  -0.59831228 -0.99408226]
193.73814392089844,1003,False,3,6,[8.61039815 9.26468792 2.7412049 ],landing,[ 0.63925976  0.24903542 -0.34837281]
193.73814392089844,1004,False,5,1,[-8.09482919  7.92795512  1.26958855],waiting,[-0.62185191  0.08809385  0.93462812]
193.73814392089844,1005,False,4,3,[-0.47576547 -8.06523473  2.93989182],landing,[ 0.50568378 -0.03156594 -0.11489306]
193.8341007232666,1000,False,0,4,[ 8.06714777 -4.74699031  3.99999947],exiting,[-0.82138112 -0.19970136 -0.21083176]
193.8341007232666,1001,False,1,0,[ 5.14691166 -4.56017571  4.00042412],cruising,[-0.48080528  0.59740651 -0.20557775]
193.8341007232666,1002,False,5,2,[-7.30380082 -1.4691975   2.84435882],landing,[ 0.5677905  -0.59831228 -0.99408226]
193.8341007232666,1003,False,3,6,[8.62943884 9.25175205 2.64389038],landing,[ 0.63925976  0.24903542 -0.34837281]
193.8341007232666,1004,False,5,1,[-8.09482919  7.92795512  1.26958855],waiting,[-0.62185191  0.08809385  0.93462812]
193.8341007232666,1005,False,4,3,[-0.49903675 -8.0623389   2.84268039],landing,[ 0.50568378 -0.03156594 -0.11489306]
193.93661236763,1000,False,0,4,[ 8.09189855 -4.8438789   3.99999957],exiting,[-0.82138112 -0.19970136 -0.21083176]
193.93661236763,1001,False,1,0,[ 4.976708  -4.4551485  4.0003605],cruising,[-0.48080528  0.59740651 -0.20557775]
193.93661236763,1002,False,5,2,[-7.31290425 -1.44742723  2.74718278],landing,[ 0.5677905  -0.59831228 -0.99408226]
193.93661236763,1003,False,3,6,[8.64847953 9.23881617 2.54657586],landing,[ 0.63925976  0.24903542 -0.34837281]
193.93661236763,1004,False,5,1,[-8.09482919  7.92795512  1.26958855],waiting,[-0.62185191  0.08809385  0.93462812]
193.93661236763,1005,False,4,3,[-0.52230803 -8.05944307  2.74546896],landing,[ 0.50568378 -0.03156594 -0.11489306]
194.03529238700867,1000,False,0,4,[ 8.11664932 -4.9407675   3.99999965],exiting,[-0.82138112 -0.19970136 -0.21083176]
194.03529238700867,1001,False,1,0,[ 4.80332284 -4.35546106  4.00030643],cruising,[-0.48080528  0.59740651 -0.20557775]
194.03529238700867,1002,False,5,2,[-7.32200769 -1.42565696  2.65000674],landing,[ 0.5677905  -0.59831228 -0.99408226]
194.03529238700867,1003,False,3,6,[8.66752022 9.2258803  2.44926135],landing,[ 0.63925976  0.24903542 -0.34837281]
194.03529238700867,1004,False,5,1,[-8.09482919  7.92795512  1.26958855],waiting,[-0.62185191  0.08809385  0.93462812]
194.03529238700867,1005,False,4,3,[-0.54557932 -8.05654723  2.64825754],landing,[ 0.50568378 -0.03156594 -0.11489306]
194.13854670524597,1000,False,0,4,[ 8.1414001  -5.03765609  3.99999972],exiting,[-0.82138112 -0.19970136 -0.21083176]
194.13854670524597,1001,False,1,0,[ 4.62648031 -4.26204415  4.00026046],cruising,[-0.48080528  0.59740651 -0.20557775]
194.13854670524597,1002,False,5,2,[-7.33111113 -1.40388669  2.5528307 ],landing,[ 0.5677905  -0.59831228 -0.99408226]
194.13854670524597,1003,False,3,6,[8.68656091 9.21294442 2.35194683],landing,[ 0.63925976  0.24903542 -0.34837281]
194.13854670524597,1004,False,5,1,[-8.09482919  7.92795512  1.26958855],waiting,[-0.62185191  0.08809385  0.93462812]
194.13854670524597,1005,False,4,3,[-0.5688506  -8.0536514   2.55104611],landing,[ 0.50568378 -0.03156594 -0.11489306]
194.23744869232178,1000,False,0,4,[ 8.16615087 -5.13454468  3.99999977],exiting,[-0.82138112 -0.19970136 -0.21083176]
194.23744869232178,1001,False,1,0,[ 4.44783366 -4.17212543  4.00022139],cruising,[-0.48080528  0.59740651 -0.20557775]
194.23744869232178,1002,False,5,2,[-7.34021456 -1.38211642  2.45565466],landing,[ 0.5677905  -0.59831228 -0.99408226]
194.23744869232178,1003,False,3,6,[8.7056016  9.20000855 2.25463231],landing,[ 0.63925976  0.24903542 -0.34837281]
194.23744869232178,1004,False,5,1,[-8.09482919  7.92795512  1.26958855],waiting,[-0.62185191  0.08809385  0.93462812]
194.23744869232178,1005,False,4,3,[-0.59212188 -8.05075557  2.45383468],landing,[ 0.50568378 -0.03156594 -0.11489306]
194.34595942497253,1000,False,0,4,[ 8.19090164 -5.23143327  3.99999982],exiting,[-0.82138112 -0.19970136 -0.21083176]
194.34595942497253,1001,False,1,0,[ 4.26714581 -4.08638221  4.00018818],cruising,[-0.48080528  0.59740651 -0.20557775]
194.34595942497253,1002,False,5,2,[-7.349318   -1.36034616  2.35847862],landing,[ 0.5677905  -0.59831228 -0.99408226]
194.34595942497253,1003,False,3,6,[8.72464229 9.18707267 2.15731779],landing,[ 0.63925976  0.24903542 -0.34837281]
194.34595942497253,1004,False,5,1,[-8.09482919  7.92795512  1.26958855],waiting,[-0.62185191  0.08809385  0.93462812]
194.34595942497253,1005,False,4,3,[-0.61539316 -8.04785973  2.35662325],landing,[ 0.50568378 -0.03156594 -0.11489306]
194.44759368896484,1000,False,0,4,[ 8.21565242 -5.32832186  3.99999985],exiting,[-0.82138112 -0.19970136 -0.21083176]
194.44759368896484,1001,False,1,0,[ 4.08545757 -4.00277969  4.00015996],cruising,[-0.48080528  0.59740651 -0.20557775]
194.44759368896484,1002,False,5,2,[-7.35842143 -1.33857589  2.26130258],landing,[ 0.5677905  -0.59831228 -0.99408226]
194.44759368896484,1003,False,3,6,[8.74368298 9.1741368  2.06000328],landing,[ 0.63925976  0.24903542 -0.34837281]
194.44759368896484,1004,False,5,1,[-8.09482919  7.92795512  1.26958855],waiting,[-0.62185191  0.08809385  0.93462812]
194.44759368896484,1005,False,4,3,[-0.63866444 -8.0449639   2.25941183],landing,[ 0.50568378 -0.03156594 -0.11489306]
194.53471612930298,1000,False,0,4,[ 8.24040319 -5.42521046  3.99999988],exiting,[-0.82138112 -0.19970136 -0.21083176]
194.53471612930298,1001,False,1,0,[ 3.90254827 -3.92188352  4.00013596],cruising,[-0.48080528  0.59740651 -0.20557775]
194.53471612930298,1002,False,5,2,[-7.36752487 -1.31680562  2.16412654],landing,[ 0.5677905  -0.59831228 -0.99408226]
194.53471612930298,1003,False,3,6,[8.76272367 9.16120092 1.96268876],landing,[ 0.63925976  0.24903542 -0.34837281]
194.53471612930298,1004,False,5,1,[-8.09482919  7.92795512  1.26958855],waiting,[-0.62185191  0.08809385  0.93462812]
194.53471612930298,1005,False,4,3,[-0.66193572 -8.04206807  2.1622004 ],landing,[ 0.50568378 -0.03156594 -0.11489306]
194.6484739780426,1000,False,0,4,[ 8.26515396 -5.52209905  3.99999991],exiting,[-0.82138112 -0.19970136 -0.21083176]
194.6484739780426,1001,False,1,0,[ 3.71902876 -3.84238139  4.00011557],cruising,[-0.48080528  0.59740651 -0.20557775]
194.6484739780426,1002,False,5,2,[-7.3766283  -1.29503535  2.0669505 ],landing,[ 0.5677905  -0.59831228 -0.99408226]
194.6484739780426,1003,False,3,6,[8.78176436 9.14826505 1.86537424],landing,[ 0.63925976  0.24903542 -0.34837281]
194.6484739780426,1004,False,5,1,[-8.09482919  7.92795512  1.26958855],waiting,[-0.62185191  0.08809385  0.93462812]
194.6484739780426,1005,False,4,3,[-0.685207   -8.03917223  2.06498897],landing,[ 0.50568378 -0.03156594 -0.11489306]
194.73778462409973,1000,False,0,4,[ 8.28990474 -5.61898764  3.99999993],exiting,[-0.82138112 -0.19970136 -0.21083176]
194.73778462409973,1001,False,1,0,[ 3.53473245 -3.76469696  4.00009823],cruising,[-0.48080528  0.59740651 -0.20557775]
194.73778462409973,1002,False,5,2,[-7.38573174 -1.27326508  1.96977446],landing,[ 0.5677905  -0.59831228 -0.99408226]
194.73778462409973,1003,False,3,6,[8.80080505 9.13532917 1.76805973],landing,[ 0.63925976  0.24903542 -0.34837281]
194.73778462409973,1004,False,5,1,[-8.09482919  7.92795512  1.26958855],waiting,[-0.62185191  0.08809385  0.93462812]
194.73778462409973,1005,False,4,3,[-0.70847828 -8.0362764   1.96777754],landing,[ 0.50568378 -0.03156594 -0.11489306]
194.83334612846375,1000,False,0,4,[ 8.31465551 -5.71587623  3.99999994],exiting,[-0.82138112 -0.19970136 -0.21083176]
194.83334612846375,1001,False,1,0,[ 3.34995852 -3.68815552  4.0000835 ],cruising,[-0.48080528  0.59740651 -0.20557775]
194.83334612846375,1002,False,5,2,[-7.39483517 -1.25149481  1.87259842],landing,[ 0.5677905  -0.59831228 -0.99408226]
194.83334612846375,1003,False,3,6,[8.81984574 9.1223933  1.67074521],landing,[ 0.63925976  0.24903542 -0.34837281]
194.83334612846375,1004,False,5,1,[-8.09482919  7.92795512  1.26958855],waiting,[-0.62185191  0.08809385  0.93462812]
194.83334612846375,1005,False,4,3,[-0.73174956 -8.03338057  1.87056612],landing,[ 0.50568378 -0.03156594 -0.11489306]
194.93738651275635,1000,False,0,4,[ 8.33940628 -5.81276482  3.99999995],exiting,[-0.82138112 -0.19970136 -0.21083176]
194.93738651275635,1001,False,1,0,[ 3.16464359 -3.61293332  4.00007097],cruising,[-0.48080528  0.59740651 -0.20557775]
194.93738651275635,1002,False,5,2,[-7.40393861 -1.22972454  1.77542238],landing,[ 0.5677905  -0.59831228 -0.99408226]
194.93738651275635,1003,False,3,6,[8.83888643 9.10945742 1.57343069],landing,[ 0.63925976  0.24903542 -0.34837281]
194.93738651275635,1004,False,5,1,[-8.09482919  7.92795512  1.26958855],waiting,[-0.62185191  0.08809385  0.93462812]
194.93738651275635,1005,False,4,3,[-0.75502084 -8.03048473  1.77335469],landing,[ 0.50568378 -0.03156594 -0.11489306]
195.0481424331665,1000,False,0,4,[ 8.36415706 -5.90965341  3.99999996],exiting,[-0.82138112 -0.19970136 -0.21083176]
195.0481424331665,1001,False,1,0,[ 2.97879916 -3.53902899  4.00006033],cruising,[-0.48080528  0.59740651 -0.20557775]
195.0481424331665,1002,False,5,2,[-7.41304204 -1.20795427  1.67824634],landing,[ 0.5677905  -0.59831228 -0.99408226]
195.0481424331665,1003,False,3,6,[8.85792712 9.09652155 1.47611617],fake_landed,[ 0.63925976  0.24903542 -0.34837281]
195.0481424331665,1004,False,5,1,[-8.09482919  7.92795512  1.26958855],waiting,[-0.62185191  0.08809385  0.93462812]
195.0481424331665,1005,False,4,3,[-0.77829212 -8.0275889   1.67614326],landing,[ 0.50568378 -0.03156594 -0.11489306]
195.1442732810974,1000,False,0,4,[ 8.38890783 -6.00654201  3.99999997],exiting,[-0.82138112 -0.19970136 -0.21083176]
195.1442732810974,1001,False,1,0,[ 2.79234226 -3.46668383  4.00005128],cruising,[-0.48080528  0.59740651 -0.20557775]
195.1442732810974,1002,False,5,2,[-7.42214548 -1.186184    1.5810703 ],landing,[ 0.5677905  -0.59831228 -0.99408226]
195.1442732810974,1003,False,3,6,[8.87315968 9.08617285 1.39826456],fake_landed,[ 0.63925976  0.24903542 -0.34837281]
195.1442732810974,1004,False,5,1,[-8.09482919  7.92795512  1.26958855],waiting,[-0.62185191  0.08809385  0.93462812]
195.1442732810974,1005,False,4,3,[-0.8015634  -8.02469307  1.57893183],landing,[ 0.50568378 -0.03156594 -0.11489306]
195.23527359962463,1000,False,0,4,[ 8.4136586  -6.1034306   3.99999998],exiting,[-0.82138112 -0.19970136 -0.21083176]
195.23527359962463,1001,False,1,0,[ 2.6053913  -3.39562513  4.00004359],cruising,[-0.48080528  0.59740651 -0.20557775]
195.23527359962463,1002,False,5,2,[-7.43124891 -1.16441373  1.48389426],fake_landed,[ 0.5677905  -0.59831228 -0.99408226]
195.23527359962463,1003,False,3,6,[8.88458409 9.07841132 1.33987585],fake_landed,[ 0.63925976  0.24903542 -0.34837281]
195.23527359962463,1004,False,5,1,[-8.09482919  7.92795512  1.26958855],queued,[-0.62185191  0.08809385  0.93462812]
195.23527359962463,1005,False,4,3,[-0.82483468 -8.02179723  1.48172041],fake_landed,[ 0.50568378 -0.03156594 -0.11489306]
195.33396649360657,1000,False,0,4,[ 8.43840938 -6.20031919  3.99999998],exiting,[-0.82138112 -0.19970136 -0.21083176]
195.33396649360657,1001,False,1,0,[ 2.4176422  -3.3267029   4.00003705],cruising,[-0.48080528  0.59740651 -0.20557775]
195.33396649360657,1002,False,5,2,[-7.43853166 -1.14699752  1.40615342],fake_landed,[ 0.5677905  -0.59831228 -0.99408226]
195.33396649360657,1003,False,3,6,[8.89220037 9.07323697 1.30095004],fake_landed,[ 0.63925976  0.24903542 -0.34837281]
195.33396649360657,1004,False,5,1,[-8.09482919  7.92795512  1.28958855],queued,[-0.62185191  0.08809385  0.93462812]
195.33396649360657,1005,False,4,3,[-0.84345171 -8.01948057  1.40395126],fake_landed,[ 0.50568378 -0.03156594 -0.11489306]
195.4392066001892,1000,False,0,4,[ 8.46316015 -6.29720778  3.99999999],exiting,[-0.82138112 -0.19970136 -0.21083176]
195.4392066001892,1001,False,1,0,[ 2.2289519  -3.26040078  4.00003149],cruising,[-0.48080528  0.59740651 -0.20557775]
195.4392066001892,1002,False,5,2,[-7.44399372 -1.13393536  1.3478478 ],fake_landed,[ 0.5677905  -0.59831228 -0.99408226]
195.4392066001892,1003,False,3,6,[8.89600851 9.0706498  1.28148714],fake_landed,[ 0.63925976  0.24903542 -0.34837281]
195.4392066001892,1004,False,5,1,[-8.09482919  7.92795512  1.32958855],queued,[-0.62185191  0.08809385  0.93462812]
195.4392066001892,1005,False,4,3,[-0.85741447 -8.01774307  1.34562441],fake_landed,[ 0.50568378 -0.03156594 -0.11489306]
195.5391490459442,1000,False,0,4,[ 8.48791092 -6.39409637  3.99999999],exiting,[-0.82138112 -0.19970136 -0.21083176]
195.5391490459442,1001,False,1,0,[ 2.03965708 -3.19584482  4.00002677],cruising,[-0.48080528  0.59740651 -0.20557775]
195.5391490459442,1002,False,5,2,[-7.44763509 -1.12522725  1.30897738],fake_landed,[ 0.5677905  -0.59831228 -0.99408226]
195.5391490459442,1003,False,3,6,[8.89600851 9.0706498  1.28148714],fake_landed,[ 0.63925976  0.24903542 -0.34837281]
195.5391490459442,1004,False,5,1,[-8.09482919  7.92795512  1.38958855],queued,[-0.62185191  0.08809385  0.93462812]
195.5391490459442,1005,False,4,3,[-0.86672299 -8.01658473  1.30673984],fake_landed,[ 0.50568378 -0.03156594 -0.11489306]
195.63469886779785,1000,False,0,4,[ 8.5126617  -6.49098496  3.99999999],exiting,[-0.82138112 -0.19970136 -0.21083176]
195.63469886779785,1001,False,1,0,[ 1.8490867  -3.13515768  4.00002275],cruising,[-0.48080528  0.59740651 -0.20557775]
195.63469886779785,1002,False,5,2,[-7.44945578 -1.12087319  1.28954217],fake_landed,[ 0.5677905  -0.59831228 -0.99408226]
195.63469886779785,1003,False,6,5,[8.89600851 9.0706498  1.28148714],waiting,[ 0.63925976  0.24903542 -0.34837281]
195.63469886779785,1004,False,5,1,[-8.09482919  7.92795512  1.46458855],queued,[-0.62185191  0.08809385  0.93462812]
195.63469886779785,1005,False,4,3,[-0.87137724 -8.01600557  1.28729755],fake_landed,[ 0.50568378 -0.03156594 -0.11489306]
195.73691749572754,1000,False,0,4,[ 8.53741247 -6.58787356  3.99999999],exiting,[-0.82138112 -0.19970136 -0.21083176]
195.73691749572754,1001,False,1,0,[ 1.65705674 -3.07926049  4.00001934],cruising,[-0.48080528  0.59740651 -0.20557775]
195.73691749572754,1002,False,2,6,[-7.44945578 -1.12087319  1.28954217],waiting,[ 0.5677905  -0.59831228 -0.99408226]
195.73691749572754,1003,False,6,5,[8.89600851 9.0706498  1.28148714],waiting,[ 0.63925976  0.24903542 -0.34837281]
195.73691749572754,1004,False,5,1,[-8.09482919  7.92795512  1.53958855],queued,[-0.62185191  0.08809385  0.93462812]
195.73691749572754,1005,False,3,2,[-0.87137724 -8.01600557  1.28729755],waiting,[ 0.50568378 -0.03156594 -0.11489306]
195.84168076515198,1000,False,0,4,[ 8.56216325 -6.68476215  4.        ],exiting,[-0.82138112 -0.19970136 -0.21083176]
195.84168076515198,1001,False,1,0,[ 1.46337475 -3.02938779  4.00001644],cruising,[-0.48080528  0.59740651 -0.20557775]
195.84168076515198,1002,False,2,6,[-7.44945578 -1.12087319  1.28954217],waiting,[ 0.5677905  -0.59831228 -0.99408226]
195.84168076515198,1003,False,6,5,[8.89600851 9.0706498  1.28148714],waiting,[ 0.63925976  0.24903542 -0.34837281]
195.84168076515198,1004,False,5,1,[-8.09482919  7.92795512  1.61458855],queued,[-0.62185191  0.08809385  0.93462812]
195.84168076515198,1005,False,3,2,[-0.87137724 -8.01600557  1.28729755],waiting,[ 0.50568378 -0.03156594 -0.11489306]
195.94490790367126,1000,False,0,4,[ 8.58691402 -6.78165074  4.        ],exiting,[-0.82138112 -0.19970136 -0.21083176]
195.94490790367126,1001,False,1,0,[ 1.26786779 -2.98723299  4.00001397],cruising,[-0.48080528  0.59740651 -0.20557775]
195.94490790367126,1002,False,2,6,[-7.44945578 -1.12087319  1.28954217],waiting,[ 0.5677905  -0.59831228 -0.99408226]
195.94490790367126,1003,False,6,5,[8.89600851 9.0706498  1.28148714],waiting,[ 0.63925976  0.24903542 -0.34837281]
195.94490790367126,1004,False,5,1,[-8.09482919  7.92795512  1.68958855],queued,[-0.62185191  0.08809385  0.93462812]
195.94490790367126,1005,False,3,2,[-0.87137724 -8.01600557  1.28729755],waiting,[ 0.50568378 -0.03156594 -0.11489306]
196.03563809394836,1000,False,0,4,[ 8.61166479 -6.87853933  4.        ],exiting,[-0.82138112 -0.19970136 -0.21083176]
196.03563809394836,1001,False,1,0,[ 1.07045504 -2.95516734  4.00001188],cruising,[-0.48080528  0.59740651 -0.20557775]
196.03563809394836,1002,False,2,6,[-7.44945578 -1.12087319  1.28954217],waiting,[ 0.5677905  -0.59831228 -0.99408226]
196.03563809394836,1003,False,6,5,[8.89600851 9.0706498  1.28148714],waiting,[ 0.63925976  0.24903542 -0.34837281]
196.03563809394836,1004,False,5,1,[-8.09482919  7.92795512  1.76458855],queued,[-0.62185191  0.08809385  0.93462812]
196.03563809394836,1005,False,3,2,[-0.87137724 -8.01600557  1.28729755],waiting,[ 0.50568378 -0.03156594 -0.11489306]
196.14383149147034,1000,False,0,4,[ 8.63641557 -6.97542792  4.        ],exiting,[-0.82138112 -0.19970136 -0.21083176]
196.14383149147034,1001,False,1,0,[ 0.87086522 -2.94298284  4.00001008],cruising,[-0.48080528  0.59740651 -0.20557775]
196.14383149147034,1002,False,2,6,[-7.44945578 -1.12087319  1.28954217],waiting,[ 0.5677905  -0.59831228 -0.99408226]
196.14383149147034,1003,False,6,5,[8.89600851 9.0706498  1.28148714],waiting,[ 0.63925976  0.24903542 -0.34837281]
196.14383149147034,1004,False,5,1,[-8.09482919  7.92795512  1.83958855],queued,[-0.62185191  0.08809385  0.93462812]
196.14383149147034,1005,False,3,2,[-0.87137724 -8.01600557  1.28729755],waiting,[ 0.50568378 -0.03156594 -0.11489306]
196.2335193157196,1000,False,0,4,[ 8.66116634 -7.07231651  4.        ],landing,[-0.82138112 -0.19970136 -0.21083176]
196.2335193157196,1001,False,1,0,[ 0.67086678 -2.94219414  4.00000857],cruising,[-0.48080528  0.59740651 -0.20557775]
196.2335193157196,1002,False,2,6,[-7.44945578 -1.12087319  1.28954217],waiting,[ 0.5677905  -0.59831228 -0.99408226]
196.2335193157196,1003,False,6,5,[8.89600851 9.0706498  1.28148714],waiting,[ 0.63925976  0.24903542 -0.34837281]
196.2335193157196,1004,False,5,1,[-8.09482919  7.92795512  1.91458855],queued,[-0.62185191  0.08809385  0.93462812]
196.2335193157196,1005,False,3,2,[-0.87137724 -8.01600557  1.28729755],waiting,[ 0.50568378 -0.03156594 -0.11489306]
196.3374469280243,1000,False,0,4,[ 8.6793705  -7.15683906  3.98570935],landing,[-0.82138112 -0.19970136 -0.21083176]
196.3374469280243,1001,False,1,0,[ 0.47141627 -2.95700953  4.00000729],cruising,[-0.48080528  0.59740651 -0.20557775]
196.3374469280243,1002,False,2,6,[-7.44945578 -1.12087319  1.28954217],waiting,[ 0.5677905  -0.59831228 -0.99408226]
196.3374469280243,1003,False,6,5,[8.89600851 9.0706498  1.28148714],waiting,[ 0.63925976  0.24903542 -0.34837281]
196.3374469280243,1004,False,5,1,[-8.09482919  7.92795512  1.98958855],queued,[-0.62185191  0.08809385  0.93462812]
196.3374469280243,1005,False,3,2,[-0.87137724 -8.01600557  1.28729755],waiting,[ 0.50568378 -0.03156594 -0.11489306]
196.44669389724731,1000,False,0,4,[ 8.69102036 -7.22881688  3.95728819],landing,[-0.82138112 -0.19970136 -0.21083176]
196.44669389724731,1001,False,1,0,[ 0.27363766 -2.98673529  4.00000619],cruising,[-0.48080528  0.59740651 -0.20557775]
196.44669389724731,1002,False,2,6,[-7.44945578 -1.12087319  1.28954217],waiting,[ 0.5677905  -0.59831228 -0.99408226]
196.44669389724731,1003,False,6,5,[8.89600851 9.0706498  1.28148714],waiting,[ 0.63925976  0.24903542 -0.34837281]
196.44669389724731,1004,False,5,1,[-8.09482919  7.92795512  2.06458855],queued,[-0.62185191  0.08809385  0.93462812]
196.44669389724731,1005,False,3,2,[-0.87137724 -8.01600557  1.28729755],waiting,[ 0.50568378 -0.03156594 -0.11489306]
196.54346132278442,1000,False,0,4,[ 8.69610796 -7.28803813  3.91493123],landing,[-0.82138112 -0.19970136 -0.21083176]
196.54346132278442,1001,False,1,0,[ 0.07947332 -3.0346958   4.00000526],cruising,[-0.48080528  0.59740651 -0.20557775]
196.54346132278442,1002,False,2,6,[-7.44945578 -1.12087319  1.28954217],waiting,[ 0.5677905  -0.59831228 -0.99408226]
196.54346132278442,1003,False,6,5,[8.89600851 9.0706498  1.28148714],waiting,[ 0.63925976  0.24903542 -0.34837281]
196.54346132278442,1004,False,5,1,[-8.09482919  7.92795512  2.13958855],queued,[-0.62185191  0.08809385  0.93462812]
196.54346132278442,1005,False,3,2,[-0.87137724 -8.01600557  1.28729755],queued,[ 0.50568378 -0.03156594 -0.11489306]
196.6438021659851,1000,False,0,4,[ 8.69462435 -7.3342073   3.85891916],landing,[-0.82138112 -0.19970136 -0.21083176]
196.6438021659851,1001,False,1,0,[-0.1114648  -3.09421581  4.00000447],cruising,[-0.48080528  0.59740651 -0.20557775]
196.6438021659851,1002,False,2,6,[-7.44945578 -1.12087319  1.28954217],waiting,[ 0.5677905  -0.59831228 -0.99408226]
196.6438021659851,1003,False,6,5,[8.89600851 9.0706498  1.28148714],waiting,[ 0.63925976  0.24903542 -0.34837281]
196.6438021659851,1004,False,5,1,[-8.09482919  7.92795512  2.21458855],queued,[-0.62185191  0.08809385  0.93462812]
196.6438021659851,1005,False,3,2,[-0.87137724 -8.01600557  1.30729755],queued,[ 0.50568378 -0.03156594 -0.11489306]
196.73355293273926,1000,False,0,4,[ 8.68656445 -7.36709838  3.7894741 ],landing,[-0.82138112 -0.19970136 -0.21083176]
196.73355293273926,1001,False,1,0,[-0.2988892  -3.16401621  4.0000038 ],cruising,[-0.48080528  0.59740651 -0.20557775]
196.73355293273926,1002,False,2,6,[-7.44945578 -1.12087319  1.28954217],waiting,[ 0.5677905  -0.59831228 -0.99408226]
196.73355293273926,1003,False,6,5,[8.89600851 9.0706498  1.28148714],waiting,[ 0.63925976  0.24903542 -0.34837281]
196.73355293273926,1004,False,5,1,[-8.09482919  7.92795512  2.28958855],queued,[-0.62185191  0.08809385  0.93462812]
196.73355293273926,1005,False,3,2,[-0.87137724 -8.01600557  1.34729755],queued,[ 0.50568378 -0.03156594 -0.11489306]
196.8358552455902,1000,False,0,4,[ 8.67192484 -7.38648893  3.70682136],landing,[-0.82138112 -0.19970136 -0.21083176]
196.8358552455902,1001,False,1,0,[-0.48174389 -3.24503573  4.00000323],cruising,[-0.48080528  0.59740651 -0.20557775]
196.8358552455902,1002,False,2,6,[-7.44945578 -1.12087319  1.28954217],waiting,[ 0.5677905  -0.59831228 -0.99408226]
196.8358552455902,1003,False,6,5,[8.89600851 9.0706498  1.28148714],queued,[ 0.63925976  0.24903542 -0.34837281]
196.8358552455902,1004,False,5,1,[-8.09482919  7.92795512  2.36458855],queued,[-0.62185191  0.08809385  0.93462812]
196.8358552455902,1005,False,3,2,[-0.87137724 -8.01600557  1.40729755],queued,[ 0.50568378 -0.03156594 -0.11489306]
196.93389439582825,1000,False,0,4,[ 8.65070373 -7.39215458  3.61119514],landing,[-0.82138112 -0.19970136 -0.21083176]
196.93389439582825,1001,False,1,0,[-0.66120627 -3.33331514  4.00000275],cruising,[-0.48080528  0.59740651 -0.20557775]
196.93389439582825,1002,False,2,6,[-7.44945578 -1.12087319  1.28954217],waiting,[ 0.5677905  -0.59831228 -0.99408226]
196.93389439582825,1003,False,6,5,[8.89600851 9.0706498  1.30148714],queued,[ 0.63925976  0.24903542 -0.34837281]
196.93389439582825,1004,False,5,1,[-8.09482919  7.92795512  2.43958855],queued,[-0.62185191  0.08809385  0.93462812]
196.93389439582825,1005,False,3,2,[-0.87137724 -8.01600557  1.48229755],queued,[ 0.50568378 -0.03156594 -0.11489306]
197.0344431400299,1000,False,0,4,[ 8.62854258 -7.3958275   3.51375084],landing,[-0.82138112 -0.19970136 -0.21083176]
197.0344431400299,1001,False,1,0,[-0.83910062 -3.42471317  4.00000234],cruising,[-0.48080528  0.59740651 -0.20557775]
197.0344431400299,1002,False,2,6,[-7.44945578 -1.12087319  1.28954217],queued,[ 0.5677905  -0.59831228 -0.99408226]
197.0344431400299,1003,False,6,5,[8.89600851 9.0706498  1.34148714],queued,[ 0.63925976  0.24903542 -0.34837281]
197.0344431400299,1004,False,5,1,[-8.09482919  7.92795512  2.51458855],entering,[-0.62185191  0.08809385  0.93462812]
197.0344431400299,1005,False,3,2,[-0.87137724 -8.01600557  1.55729755],queued,[ 0.50568378 -0.03156594 -0.11489306]
197.13473629951477,1000,False,0,4,[ 8.60638143 -7.39950041  3.41630653],landing,[-0.82138112 -0.19970136 -0.21083176]
197.13473629951477,1001,False,1,0,[-1.01779525 -3.51453648  4.00000199],cruising,[-0.48080528  0.59740651 -0.20557775]
197.13473629951477,1002,False,2,6,[-7.44945578 -1.12087319  1.30954217],queued,[ 0.5677905  -0.59831228 -0.99408226]
197.13473629951477,1003,False,6,5,[8.89600851 9.0706498  1.40148714],queued,[ 0.63925976  0.24903542 -0.34837281]
197.13473629951477,1004,False,5,1,[-8.07697903  7.91893449  2.58958855],entering,[-0.62185191  0.08809385  0.93462812]
197.13473629951477,1005,False,3,2,[-0.87137724 -8.01600557  1.63229755],queued,[ 0.50568378 -0.03156594 -0.11489306]
197.23948979377747,1000,False,0,4,[ 8.58422028 -7.40317332  3.31886222],landing,[-0.82138112 -0.19970136 -0.21083176]
197.23948979377747,1001,False,1,0,[-1.20114857 -3.59442116  4.00000169],cruising,[-0.48080528  0.59740651 -0.20557775]
197.23948979377747,1002,False,2,6,[-7.44945578 -1.12087319  1.34954217],queued,[ 0.5677905  -0.59831228 -0.99408226]
197.23948979377747,1003,False,6,5,[8.89600851 9.0706498  1.47648714],queued,[ 0.63925976  0.24903542 -0.34837281]
197.23948979377747,1004,False,5,1,[-8.04126503  7.90092036  2.66458855],entering,[-0.62185191  0.08809385  0.93462812]
197.23948979377747,1005,False,3,2,[-0.87137724 -8.01600557  1.70729755],queued,[ 0.50568378 -0.03156594 -0.11489306]
197.34387469291687,1000,False,0,4,[ 8.56205913 -7.40684624  3.22141791],landing,[-0.82138112 -0.19970136 -0.21083176]
197.34387469291687,1001,False,1,0,[-1.39140129 -3.65553355  4.00000143],cruising,[-0.48080528  0.59740651 -0.20557775]
197.34387469291687,1002,False,2,6,[-7.44945578 -1.12087319  1.40954217],queued,[ 0.5677905  -0.59831228 -0.99408226]
197.34387469291687,1003,False,6,5,[8.89600851 9.0706498  1.55148714],entering,[ 0.63925976  0.24903542 -0.34837281]
197.34387469291687,1004,False,5,1,[-7.98765702  7.87397289  2.73958855],entering,[-0.62185191  0.08809385  0.93462812]
197.34387469291687,1005,False,3,2,[-0.87137724 -8.01600557  1.78229755],queued,[ 0.50568378 -0.03156594 -0.11489306]
197.43477082252502,1000,False,0,4,[ 8.53989798 -7.41051915  3.1239736 ],landing,[-0.82138112 -0.19970136 -0.21083176]
197.43477082252502,1001,False,1,0,[-1.58540888 -3.69700159  4.00000119],cruising,[-0.48080528  0.59740651 -0.20557775]
197.43477082252502,1002,False,2,6,[-7.44945578 -1.12087319  1.48454217],queued,[ 0.5677905  -0.59831228 -0.99408226]
197.43477082252502,1003,False,6,5,[8.89178022 9.05110187 1.62648714],entering,[ 0.63925976  0.24903542 -0.34837281]
197.43477082252502,1004,False,5,1,[-7.91609787  7.83820744  2.81458855],entering,[-0.62185191  0.08809385  0.93462812]
197.43477082252502,1005,False,3,2,[-0.87137724 -8.01600557  1.85729755],entering,[ 0.50568378 -0.03156594 -0.11489306]
197.54062819480896,1000,False,0,4,[ 8.51773683 -7.41419206  3.0265293 ],landing,[-0.82138112 -0.19970136 -0.21083176]
197.54062819480896,1001,False,1,0,[-1.78006643 -3.71848019  4.00000096],cruising,[-0.48080528  0.59740651 -0.20557775]
197.54062819480896,1002,False,2,6,[-7.44945578 -1.12087319  1.55954217],queued,[ 0.5677905  -0.59831228 -0.99408226]
197.54062819480896,1003,False,6,5,[8.88332364 9.01200601 1.70148714],entering,[ 0.63925976  0.24903542 -0.34837281]
197.54062819480896,1004,False,5,1,[-7.82653934  7.79372292  2.88958855],entering,[-0.62185191  0.08809385  0.93462812]
197.54062819480896,1005,False,3,2,[-0.87786923 -7.99708854  1.93229755],entering,[ 0.50568378 -0.03156594 -0.11489306]
197.63831400871277,1000,False,0,4,[ 8.49557568 -7.41786498  2.92908499],landing,[-0.82138112 -0.19970136 -0.21083176]
197.63831400871277,1001,False,1,0,[-1.97238078 -3.72009653  4.00000075],cruising,[-0.48080528  0.59740651 -0.20557775]
197.63831400871277,1002,False,2,6,[-7.44945578 -1.12087319  1.63454217],queued,[ 0.5677905  -0.59831228 -0.99408226]
197.63831400871277,1003,False,6,5,[8.87063877 8.95336222 1.77648714],entering,[ 0.63925976  0.24903542 -0.34837281]
197.63831400871277,1004,False,5,1,[-7.71895726  7.7405694   2.96458855],entering,[-0.62185191  0.08809385  0.93462812]
197.63831400871277,1005,False,3,2,[-0.89085321 -7.95925447  2.00729755],entering,[ 0.50568378 -0.03156594 -0.11489306]
197.745539188385,1000,False,0,4,[ 8.47341453 -7.42153789  2.83164068],landing,[-0.82138112 -0.19970136 -0.21083176]
197.745539188385,1001,False,1,0,[-2.159462   -3.70240966  4.00000055],cruising,[-0.48080528  0.59740651 -0.20557775]
197.745539188385,1002,False,2,6,[-7.44945578 -1.12087319  1.70954217],queued,[ 0.5677905  -0.59831228 -0.99408226]
197.745539188385,1003,False,6,5,[8.8537256  8.8751705  1.85148714],entering,[ 0.63925976  0.24903542 -0.34837281]
197.745539188385,1004,False,5,1,[-7.59332967  7.67879268  3.03958855],entering,[-0.62185191  0.08809385  0.93462812]
197.745539188385,1005,False,3,2,[-0.91032917 -7.90250338  2.08229755],entering,[ 0.50568378 -0.03156594 -0.11489306]
197.83401656150818,1000,False,0,4,[ 8.45125338 -7.4252108   2.73419637],landing,[-0.82138112 -0.19970136 -0.21083176]
197.83401656150818,1001,False,1,0,[-2.33898631 -3.6662054   4.00000036],cruising,[-0.48080528  0.59740651 -0.20557775]
197.83401656150818,1002,False,2,6,[-7.44945578 -1.12087319  1.78454217],queued,[ 0.5677905  -0.59831228 -0.99408226]
197.83401656150818,1003,False,6,5,[8.83258883 8.77742984 1.92648714],entering,[ 0.63925976  0.24903542 -0.34837281]
197.83401656150818,1004,False,5,1,[-7.44920924  7.6093992   3.11458855],entering,[-0.62185191  0.08809385  0.93462812]
197.83401656150818,1005,False,3,2,[-0.93629712 -7.82683525  2.15729755],entering,[ 0.50568378 -0.03156594 -0.11489306]
197.94523739814758,1000,False,0,4,[ 8.42909223 -7.42888372  2.63675207],landing,[-0.82138112 -0.19970136 -0.21083176]
197.94523739814758,1001,False,1,0,[-2.50876045 -3.61253878  4.00000019],cruising,[-0.48080528  0.59740651 -0.20557775]
197.94523739814758,1002,False,2,6,[-7.44945578 -1.12087319  1.85954217],queued,[ 0.5677905  -0.59831228 -0.99408226]
197.94523739814758,1003,False,6,5,[8.80738676 8.6601067  2.00148714],entering,[ 0.63925976  0.24903542 -0.34837281]
197.94523739814758,1004,False,5,1,[-7.28637253  7.53295585  3.18958855],entering,[-0.62185191  0.08809385  0.93462812]
197.94523739814758,1005,False,3,2,[-0.96875706 -7.73225009  2.23229755],entering,[ 0.50568378 -0.03156594 -0.11489306]
198.04335856437683,1000,False,0,4,[ 8.40693108 -7.43255663  2.53930776],landing,[-0.82138112 -0.19970136 -0.21083176]
198.04335856437683,1001,False,1,0,[-2.66678705 -3.54268589  4.00000003],cruising,[-0.48080528  0.59740651 -0.20557775]
198.04335856437683,1002,False,2,6,[-7.44945578 -1.12087319  1.93454217],queued,[ 0.5677905  -0.59831228 -0.99408226]
198.04335856437683,1003,False,6,5,[8.77836493 8.52315172 2.07648714],entering,[ 0.63925976  0.24903542 -0.34837281]
198.04335856437683,1004,False,5,1,[-7.10403321  7.45207985  3.26458855],entering,[-0.62185191  0.08809385  0.93462812]
198.04335856437683,1005,False,3,2,[-1.00770899 -7.6187479   2.30729755],entering,[ 0.50568378 -0.03156594 -0.11489306]
198.13470816612244,1000,False,0,4,[ 8.38476993 -7.43622954  2.44186345],landing,[-0.82138112 -0.19970136 -0.21083176]
198.13470816612244,1001,False,1,0,[-2.81138491 -3.45801177  3.99999989],cruising,[-0.48080528  0.59740651 -0.20557775]
198.13470816612244,1002,False,2,6,[-7.44945578 -1.12087319  2.00954217],queued,[ 0.5677905  -0.59831228 -0.99408226]
198.13470816612244,1003,False,6,5,[8.74592712 8.36649062 2.15148714],entering,[ 0.63925976  0.24903542 -0.34837281]
198.13470816612244,1004,False,5,1,[-6.92019781  7.37331092  3.33958855],entering,[-0.62185191  0.08809385  0.93462812]
198.13470816612244,1005,False,3,2,[-1.05315291 -7.48632868  2.38229755],entering,[ 0.50568378 -0.03156594 -0.11489306]
198.24416947364807,1000,False,0,4,[ 8.36260878 -7.43990246  2.34441914],landing,[-0.82138112 -0.19970136 -0.21083176]
198.24416947364807,1001,False,1,0,[-2.94109675 -3.35998077  3.99999976],cruising,[-0.48080528  0.59740651 -0.20557775]
198.24416947364807,1002,False,2,6,[-7.44945578 -1.12087319  2.08454217],queued,[ 0.5677905  -0.59831228 -0.99408226]
198.24416947364807,1003,False,6,5,[8.71041524 8.19006718 2.22648714],entering,[ 0.63925976  0.24903542 -0.34837281]
198.24416947364807,1004,False,5,1,[-6.73422795  7.29972279  3.41458855],entering,[-0.62185191  0.08809385  0.93462812]
198.24416947364807,1005,False,3,2,[-1.10508881 -7.33499242  2.45729755],entering,[ 0.50568378 -0.03156594 -0.11489306]
198.33955430984497,1000,False,0,4,[ 8.34044763 -7.44357537  2.24697483],landing,[-0.82138112 -0.19970136 -0.21083176]
198.33955430984497,1001,False,1,0,[-3.05461787 -3.25020836  3.99999965],cruising,[-0.48080528  0.59740651 -0.20557775]
198.33955430984497,1002,False,2,6,[-7.44945578 -1.12087319  2.15954217],entering,[ 0.5677905  -0.59831228 -0.99408226]
198.33955430984497,1003,False,6,5,[8.67186677 7.9938756  2.30148714],entering,[ 0.63925976  0.24903542 -0.34837281]
198.33955430984497,1004,False,5,1,[-6.54665229  7.23032993  3.48958855],entering,[-0.62185191  0.08809385  0.93462812]
198.33955430984497,1005,False,3,2,[-1.1635167  -7.16473914  2.53229755],entering,[ 0.50568378 -0.03156594 -0.11489306]
198.44105458259583,1000,False,0,4,[ 8.31828648 -7.44724828  2.14953053],landing,[-0.82138112 -0.19970136 -0.21083176]
198.44105458259583,1001,False,1,0,[-3.15084586 -3.13038867  3.99999956],cruising,[-0.48080528  0.59740651 -0.20557775]
198.44105458259583,1002,False,2,6,[-7.43637618 -1.10574296  2.23454217],entering,[ 0.5677905  -0.59831228 -0.99408226]
198.44105458259583,1003,False,6,5,[8.63330973 7.7976274  2.37648714],entering,[ 0.63925976  0.24903542 -0.34837281]
198.44105458259583,1004,False,5,1,[-6.35737021  7.16573662  3.56458855],entering,[-0.62185191  0.08809385  0.93462812]
198.44105458259583,1005,False,3,2,[-1.22968831 -6.97604582  2.60729755],entering,[ 0.50568378 -0.03156594 -0.11489306]
198.5426528453827,1000,False,0,4,[ 8.29612533 -7.4509212   2.05208622],landing,[-0.82138112 -0.19970136 -0.21083176]
198.5426528453827,1001,False,1,0,[-3.22915888 -3.00167777  3.99999949],cruising,[-0.48080528  0.59740651 -0.20557775]
198.5426528453827,1002,False,2,6,[-7.41023188 -1.07546961  2.30954217],entering,[ 0.5677905  -0.59831228 -0.99408226]
198.5426528453827,1003,False,6,5,[8.59533657 7.60126539 2.45148714],entering,[ 0.63925976  0.24903542 -0.34837281]
198.5426528453827,1004,False,5,1,[-6.16603871  7.10749353  3.62990027],entering,[-0.62185191  0.08809385  0.93462812]
198.5426528453827,1005,False,3,2,[-1.29587571 -6.78731525  2.68229755],entering,[ 0.50568378 -0.03156594 -0.11489306]
198.64024758338928,1000,False,0,4,[ 8.27396418 -7.45459411  1.95464191],landing,[-0.82138112 -0.19970136 -0.21083176]
198.64024758338928,1001,False,1,0,[-3.28919062 -2.86485548  3.99999944],cruising,[-0.48080528  0.59740651 -0.20557775]
198.64024758338928,1002,False,2,6,[-7.37105593 -1.03002472  2.38454217],entering,[ 0.5677905  -0.59831228 -0.99408226]
198.64024758338928,1003,False,6,5,[8.55995449 7.40442    2.52648714],entering,[ 0.63925976  0.24903542 -0.34837281]
198.64024758338928,1004,False,5,1,[-5.97244917  7.05726315  3.68541523],entering,[-0.62185191  0.08809385  0.93462812]
198.64024758338928,1005,False,3,2,[-1.36206311 -6.59858468  2.75729755],entering,[ 0.50568378 -0.03156594 -0.11489306]
198.74544048309326,1000,False,0,4,[ 8.25180303 -7.45826702  1.8571976 ],landing,[-0.82138112 -0.19970136 -0.21083176]
198.74544048309326,1001,False,1,0,[-3.33076636 -2.72032757  3.99999941],cruising,[-0.48080528  0.59740651 -0.20557775]
198.74544048309326,1002,False,2,6,[-7.31891141 -0.96935431  2.45954217],entering,[ 0.5677905  -0.59831228 -0.99408226]
198.74544048309326,1003,False,6,5,[8.5257683  7.2073634  2.60148714],entering,[ 0.63925976  0.24903542 -0.34837281]
198.74544048309326,1004,False,5,1,[-5.77686607  7.01546302  3.73260295],entering,[-0.62185191  0.08809385  0.93462812]
198.74544048309326,1005,False,3,2,[-1.42893256 -6.41009468  2.83229755],entering,[ 0.50568378 -0.03156594 -0.11489306]
198.84282064437866,1000,False,0,4,[ 8.22964188 -7.46193994  1.75975329],landing,[-0.82138112 -0.19970136 -0.21083176]
198.84282064437866,1001,False,1,0,[-3.35381285 -2.56827196  3.99999939],cruising,[-0.48080528  0.59740651 -0.20557775]
198.84282064437866,1002,False,2,6,[-7.25392196 -0.89335394  2.53454217],entering,[ 0.5677905  -0.59831228 -0.99408226]
198.84282064437866,1003,False,6,5,[8.4915821  7.0103068  2.67648714],entering,[ 0.63925976  0.24903542 -0.34837281]
198.84282064437866,1004,False,5,1,[-5.57959189  6.98255559  3.7727125 ],entering,[-0.62185191  0.08809385  0.93462812]
198.84282064437866,1005,False,3,2,[-1.49643916 -6.22183195  2.90729755],entering,[ 0.50568378 -0.03156594 -0.11489306]
198.93690061569214,1000,False,0,4,[ 8.20748073 -7.46561285  1.66230899],landing,[-0.82138112 -0.19970136 -0.21083176]
198.93690061569214,1001,False,1,0,[-3.35833358 -2.40867999  3.9999994 ],cruising,[-0.48080528  0.59740651 -0.20557775]
198.93690061569214,1002,False,2,6,[-7.17640542 -0.8017628   2.60954217],entering,[ 0.5677905  -0.59831228 -0.99408226]
198.93690061569214,1003,False,6,5,[8.45887849 6.81299873 2.75148714],entering,[ 0.63925976  0.24903542 -0.34837281]
198.93690061569214,1004,False,5,1,[-5.3806629   6.96188543  3.80680563],entering,[-0.62185191  0.08809385  0.93462812]
198.93690061569214,1005,False,3,2,[-1.56394577 -6.03356921  2.98229755],entering,[ 0.50568378 -0.03156594 -0.11489306]
199.04511404037476,1000,False,0,4,[ 8.18531958 -7.46928576  1.56486468],landing,[-0.82138112 -0.19970136 -0.21083176]
199.04511404037476,1001,False,1,0,[-3.34465301 -2.24079871  3.99999943],cruising,[-0.48080528  0.59740651 -0.20557775]
199.04511404037476,1002,False,2,6,[-7.08668621 -0.6943257   2.68454217],entering,[ 0.5677905  -0.59831228 -0.99408226]
199.04511404037476,1003,False,6,5,[8.42973144 6.615134   2.82648714],entering,[ 0.63925976  0.24903542 -0.34837281]
199.04511404037476,1004,False,5,1,[-5.1809256   6.95163796  3.83578478],entering,[-0.62185191  0.08809385  0.93462812]
199.04511404037476,1005,False,3,2,[-1.63272573 -5.84576794  3.05729755],entering,[ 0.50568378 -0.03156594 -0.11489306]
199.1462118625641,1000,False,0,4,[ 8.16315843 -7.47295868  1.46742037],fake_landed,[-0.82138112 -0.19970136 -0.21083176]
199.1462118625641,1001,False,1,0,[-3.31381633 -2.06263796  3.99999949],cruising,[-0.48080528  0.59740651 -0.20557775]
199.1462118625641,1002,False,2,6,[-6.98531368 -0.57063435  2.75954217],entering,[ 0.5677905  -0.59831228 -0.99408226]
199.1462118625641,1003,False,6,5,[8.40058439 6.41726928 2.90148714],entering,[ 0.63925976  0.24903542 -0.34837281]
199.1462118625641,1004,False,5,1,[-4.9809256   6.95162411  3.86041707],cruising,[-0.62185191  0.08809385  0.93462812]
199.1462118625641,1005,False,3,2,[-1.7015057  -5.65796667  3.13229755],entering,[ 0.50568378 -0.03156594 -0.11489306]
199.24645042419434,1000,False,0,4,[ 8.14542951 -7.47589701  1.38946492],fake_landed,[-0.82138112 -0.19970136 -0.21083176]
199.24645042419434,1001,False,1,0,[-3.27138842 -1.86817863  3.99999956],cruising,[-0.48080528  0.59740651 -0.20557775]
199.24645042419434,1002,False,2,6,[-6.87346398 -0.42990689  2.83454217],entering,[ 0.5677905  -0.59831228 -0.99408226]
199.24645042419434,1003,False,6,5,[8.37395237 6.21905037 2.97648714],entering,[ 0.63925976  0.24903542 -0.34837281]
199.24645042419434,1004,False,5,1,[-4.78116292  6.9613644   3.88135451],cruising,[-0.62185191  0.08809385  0.93462812]
199.24645042419434,1005,False,3,2,[-1.77142407 -5.47058625  3.20729755],entering,[ 0.50568378 -0.03156594 -0.11489306]
199.3400616645813,1000,False,0,4,[ 8.13213282 -7.47810076  1.33099834],fake_landed,[-0.82138112 -0.19970136 -0.21083176]
199.3400616645813,1001,False,1,0,[-3.24466308 -1.66997228  3.99999963],cruising,[-0.48080528  0.59740651 -0.20557775]
199.3400616645813,1002,False,2,6,[-6.75379031 -0.27077331  2.90954217],entering,[ 0.5677905  -0.59831228 -0.99408226]
199.3400616645813,1003,False,6,5,[8.35045797 6.02043513 3.05148714],entering,[ 0.63925976  0.24903542 -0.34837281]
199.3400616645813,1004,False,5,1,[-4.582004    6.97968718  3.89915133],cruising,[-0.62185191  0.08809385  0.93462812]
199.3400616645813,1005,False,3,2,[-1.84068427 -5.28296156  3.28229755],entering,[ 0.50568378 -0.03156594 -0.11489306]
199.4421887397766,1000,False,0,4,[ 8.12326836 -7.47956992  1.29202062],fake_landed,[-0.82138112 -0.19970136 -0.21083176]
199.4421887397766,1001,False,1,0,[-3.23436215 -1.47023773  3.99999969],cruising,[-0.48080528  0.59740651 -0.20557775]
199.4421887397766,1002,False,2,6,[-6.6370253  -0.10839742  2.98454217],entering,[ 0.5677905  -0.59831228 -0.99408226]
199.4421887397766,1003,False,6,5,[8.32818087 5.82167968 3.12648714],entering,[ 0.63925976  0.24903542 -0.34837281]
199.4421887397766,1004,False,5,1,[-4.38361163  7.0049946   3.91427863],cruising,[-0.62185191  0.08809385  0.93462812]
199.4421887397766,1005,False,3,2,[-1.9116243  -5.09596554  3.35729755],entering,[ 0.50568378 -0.03156594 -0.11489306]
199.54699873924255,1000,False,0,4,[ 8.11883613 -7.4803045   1.27253176],fake_landed,[-0.82138112 -0.19970136 -0.21083176]
199.54699873924255,1001,False,1,0,[-3.23990337 -1.27031451  3.99999973],cruising,[-0.48080528  0.59740651 -0.20557775]
199.54699873924255,1002,False,2,6,[-6.52379532  0.05646304  3.05954217],entering,[ 0.5677905  -0.59831228 -0.99408226]
199.54699873924255,1003,False,6,5,[8.31078805 5.62243739 3.20148714],entering,[ 0.63925976  0.24903542 -0.34837281]
199.54699873924255,1004,False,5,1,[-4.18595695  7.03553358  3.92713684],cruising,[-0.62185191  0.08809385  0.93462812]
199.54699873924255,1005,False,3,2,[-1.98318109 -4.90920466  3.43229755],entering,[ 0.50568378 -0.03156594 -0.11489306]
199.64368724822998,1000,False,0,4,[ 8.11883613 -7.4803045   1.27253176],fake_landed,[-0.82138112 -0.19970136 -0.21083176]
199.64368724822998,1001,False,1,0,[-3.25926405 -1.0712538   3.99999977],cruising,[-0.48080528  0.59740651 -0.20557775]
199.64368724822998,1002,False,2,6,[-6.41471643  0.22409894  3.13454217],entering,[ 0.5677905  -0.59831228 -0.99408226]
199.64368724822998,1003,False,6,5,[8.29609845 5.42297758 3.27648714],entering,[ 0.63925976  0.24903542 -0.34837281]
199.64368724822998,1004,False,5,1,[-3.98887858  7.06959403  3.93806631],cruising,[-0.62185191  0.08809385  0.93462812]
199.64368724822998,1005,False,3,2,[-2.0549988  -4.72254396  3.50729755],entering,[ 0.50568378 -0.03156594 -0.11489306]
199.73877215385437,1000,False,4,3,[ 8.11883613 -7.4803045   1.27253176],waiting,[-0.82138112 -0.19970136 -0.21083176]
199.73877215385437,1001,False,1,0,[-3.29217987 -0.87398102  3.99999981],cruising,[-0.48080528  0.59740651 -0.20557775]
199.73877215385437,1002,False,2,6,[-6.31032746  0.39469479  3.20954217],entering,[ 0.5677905  -0.59831228 -0.99408226]
199.73877215385437,1003,False,6,5,[8.28498663 5.2232865  3.35148714],entering,[ 0.63925976  0.24903542 -0.34837281]
199.73877215385437,1004,False,5,1,[-3.79214898  7.10561438  3.94735636],cruising,[-0.62185191  0.08809385  0.93462812]
199.73877215385437,1005,False,3,2,[-2.12670811 -4.5358416   3.58120292],entering,[ 0.50568378 -0.03156594 -0.11489306]
199.83542490005493,1000,False,4,3,[ 8.11883613 -7.4803045   1.27253176],waiting,[-0.82138112 -0.19970136 -0.21083176]
199.83542490005493,1001,False,1,0,[-3.33754089 -0.67919299  3.99999984],cruising,[-0.48080528  0.59740651 -0.20557775]
199.83542490005493,1002,False,2,6,[-6.21133177  0.56847584  3.28454217],entering,[ 0.5677905  -0.59831228 -0.99408226]
199.83542490005493,1003,False,6,5,[8.28001543 5.02334829 3.42648714],entering,[ 0.63925976  0.24903542 -0.34837281]
199.83542490005493,1004,False,5,1,[-3.59508602  7.13976389  3.95525291],cruising,[-0.62185191  0.08809385  0.93462812]
199.83542490005493,1005,False,3,2,[-2.19642048 -4.34838444  3.64402248],entering,[ 0.50568378 -0.03156594 -0.11489306]
199.93762922286987,1000,False,4,3,[ 8.11883613 -7.4803045   1.27253176],waiting,[-0.82138112 -0.19970136 -0.21083176]
199.93762922286987,1001,False,1,0,[-3.39437301 -0.48743765  3.99999986],cruising,[-0.48080528  0.59740651 -0.20557775]
199.93762922286987,1002,False,2,6,[-6.11856219  0.74565881  3.35954217],entering,[ 0.5677905  -0.59831228 -0.99408226]
199.93762922286987,1003,False,6,5,[8.28055426 4.82334902 3.50148714],entering,[ 0.63925976  0.24903542 -0.34837281]
199.93762922286987,1004,False,5,1,[-3.39798943  7.17371875  3.96196497],cruising,[-0.62185191  0.08809385  0.93462812]
199.93762922286987,1005,False,3,2,[-2.26601475 -4.1608834   3.69741911],entering,[ 0.50568378 -0.03156594 -0.11489306]
200.04172611236572,1000,False,4,3,[ 8.11883613 -7.4803045   1.27253176],waiting,[-0.82138112 -0.19970136 -0.21083176]
200.04172611236572,1001,False,1,0,[-3.46002382 -0.29851976  3.99999988],cruising,[-0.48080528  0.59740651 -0.20557775]
200.04172611236572,1002,False,2,6,[-6.03298778  0.92642667  3.43454217],entering,[ 0.5677905  -0.59831228 -0.99408226]
200.04172611236572,1003,False,6,5,[8.28521704 4.62340338 3.57626407],entering,[ 0.63925976  0.24903542 -0.34837281]
200.04172611236572,1004,False,5,1,[-3.20066132  7.20630128  3.96767023],cruising,[-0.62185191  0.08809385  0.93462812]
200.04172611236572,1005,False,3,2,[-2.32784699 -3.97068147  3.74280624],entering,[ 0.50568378 -0.03156594 -0.11489306]
200.1393837928772,1000,False,4,3,[ 8.11883613 -7.4803045   1.27253176],waiting,[-0.82138112 -0.19970136 -0.21083176]
200.1393837928772,1001,False,1,0,[-3.53594758 -0.11349116  3.9999999 ],cruising,[-0.48080528  0.59740651 -0.20557775]
200.1393837928772,1002,False,2,6,[-5.95576437  1.11091663  3.50954217],entering,[ 0.5677905  -0.59831228 -0.99408226]
200.1393837928772,1003,False,6,5,[8.29457444 4.4236224  3.63982446],entering,[ 0.63925976  0.24903542 -0.34837281]
200.1393837928772,1004,False,5,1,[-3.00255671  7.23377059  3.97251969],cruising,[-0.62185191  0.08809385  0.93462812]
200.1393837928772,1005,False,3,2,[-2.3886904  -3.78016093  3.78138531],entering,[ 0.50568378 -0.03156594 -0.11489306]
200.23443150520325,1000,False,4,3,[ 8.11883613 -7.4803045   1.27253176],waiting,[-0.82138112 -0.19970136 -0.21083176]
200.23443150520325,1001,False,1,0,[-3.62247538  0.06682229  3.99999991],cruising,[-0.48080528  0.59740651 -0.20557775]
200.23443150520325,1002,False,2,6,[-5.88824032  1.29917311  3.58311085],entering,[ 0.5677905  -0.59831228 -0.99408226]
200.23443150520325,1003,False,6,5,[8.30683356 4.22399847 3.69385079],entering,[ 0.63925976  0.24903542 -0.34837281]
200.23443150520325,1004,False,5,1,[-2.80404703  7.25814076  3.97664174],cruising,[-0.62185191  0.08809385  0.93462812]
200.23443150520325,1005,False,3,2,[-2.44935837 -3.58958444  3.81417751],cruising,[ 0.50568378 -0.03156594 -0.11489306]
200.33585333824158,1000,False,4,3,[ 8.11883613 -7.4803045   1.27253176],waiting,[-0.82138112 -0.19970136 -0.21083176]
200.33585333824158,1001,False,1,0,[-3.71662425  0.24327622  3.99999993],cruising,[-0.48080528  0.59740651 -0.20557775]
200.33585333824158,1002,False,2,6,[-5.83193167  1.49108282  3.64564422],entering,[ 0.5677905  -0.59831228 -0.99408226]
200.33585333824158,1003,False,6,5,[8.31645089 4.02422983 3.73977317],entering,[ 0.63925976  0.24903542 -0.34837281]
200.33585333824158,1004,False,5,1,[-2.6047759   7.27519993  3.98014548],cruising,[-0.62185191  0.08809385  0.93462812]
200.33585333824158,1005,False,3,2,[-2.50410893 -3.39722442  3.84205088],cruising,[ 0.50568378 -0.03156594 -0.11489306]
200.4347562789917,1000,False,4,3,[ 8.11883613 -7.4803045   1.27253176],waiting,[-0.82138112 -0.19970136 -0.21083176]
200.4347562789917,1001,False,1,0,[-3.81679956  0.41637997  3.99999994],cruising,[-0.48080528  0.59740651 -0.20557775]
200.4347562789917,1002,False,2,6,[-5.78844313  1.68629744  3.69879759],entering,[ 0.5677905  -0.59831228 -0.99408226]
200.4347562789917,1003,False,6,5,[8.33129898 3.82478176 3.7788072 ],cruising,[ 0.63925976  0.24903542 -0.34837281]
200.4347562789917,1004,False,5,1,[-2.4051347   7.28717464  3.98312366],cruising,[-0.62185191  0.08809385  0.93462812]
200.4347562789917,1005,False,3,2,[-2.55382062 -3.20350104  3.86574325],cruising,[ 0.50568378 -0.03156594 -0.11489306]
200.53545761108398,1000,False,4,3,[ 8.11883613 -7.4803045   1.27253176],waiting,[-0.82138112 -0.19970136 -0.21083176]
200.53545761108398,1001,False,1,0,[-3.92169262  0.58666633  3.99999995],cruising,[-0.48080528  0.59740651 -0.20557775]
200.53545761108398,1002,False,2,6,[-5.75931027  1.88416425  3.74397795],entering,[ 0.5677905  -0.59831228 -0.99408226]
200.53545761108398,1003,False,6,5,[8.34033718 3.62498609 3.81198612],cruising,[ 0.63925976  0.24903542 -0.34837281]
200.53545761108398,1004,False,5,1,[-2.20514032  7.2886742   3.98565511],cruising,[-0.62185191  0.08809385  0.93462812]
200.53545761108398,1005,False,3,2,[-2.59656782 -3.00812275  3.88588176],cruising,[ 0.50568378 -0.03156594 -0.11489306]
200.63504838943481,1000,False,4,3,[ 8.11883613 -7.4803045   1.27253176],waiting,[-0.82138112 -0.19970136 -0.21083176]
200.63504838943481,1001,False,1,0,[-4.03128424  0.75396749  3.99999996],cruising,[-0.48080528  0.59740651 -0.20557775]
200.63504838943481,1002,False,2,6,[-5.7457578   2.08370455  3.78238126],entering,[ 0.5677905  -0.59831228 -0.99408226]
200.63504838943481,1003,False,6,5,[8.34774375 3.42512328 3.8401882 ],cruising,[ 0.63925976  0.24903542 -0.34837281]
200.63504838943481,1004,False,5,1,[-2.00578386  7.27264294  3.98780684],cruising,[-0.62185191  0.08809385  0.93462812]
200.63504838943481,1005,False,3,2,[-2.63878408 -2.81262905  3.9029995 ],cruising,[ 0.50568378 -0.03156594 -0.11489306]
200.73411679267883,1000,False,4,3,[ 8.11883613 -7.4803045   1.27253176],waiting,[-0.82138112 -0.19970136 -0.21083176]
200.73411679267883,1001,False,1,0,[-4.14319379  0.91972712  3.99999996],cruising,[-0.48080528  0.59740651 -0.20557775]
200.73411679267883,1002,False,2,6,[-5.74756083  2.28369642  3.81502407],entering,[ 0.5677905  -0.59831228 -0.99408226]
200.73411679267883,1003,False,6,5,[8.36123482 3.22557882 3.86415997],cruising,[ 0.63925976  0.24903542 -0.34837281]
200.73411679267883,1004,False,5,1,[-1.80887098  7.23763839  3.98963582],cruising,[-0.62185191  0.08809385  0.93462812]
200.73411679267883,1005,False,3,2,[-2.67845102 -2.61660218  3.91754957],cruising,[ 0.50568378 -0.03156594 -0.11489306]
200.83683037757874,1000,False,4,3,[ 8.11883613 -7.4803045   1.27253176],queued,[-0.82138112 -0.19970136 -0.21083176]
200.83683037757874,1001,False,1,0,[-4.25683341  1.08430548  3.99999997],cruising,[-0.48080528  0.59740651 -0.20557775]
200.83683037757874,1002,False,2,6,[-5.76536654  2.48290224  3.84277046],cruising,[ 0.5677905  -0.59831228 -0.99408226]
200.83683037757874,1003,False,6,5,[8.37334947 3.02594607 3.88453597],cruising,[ 0.63925976  0.24903542 -0.34837281]
200.83683037757874,1004,False,5,1,[-1.61561909  7.18612426  3.99119044],cruising,[-0.62185191  0.08809385  0.93462812]
200.83683037757874,1005,False,3,2,[-2.7196772  -2.42089729  3.92991714],cruising,[ 0.50568378 -0.03156594 -0.11489306]
200.93361687660217,1000,False,4,3,[ 8.11883613 -7.4803045   1.29253176],queued,[-0.82138112 -0.19970136 -0.21083176]
200.93361687660217,1001,False,1,0,[-4.37129318  1.2483145   3.99999997],cruising,[-0.48080528  0.59740651 -0.20557775]
200.93361687660217,1002,False,2,6,[-5.79697562  2.68038861  3.86635489],cruising,[ 0.5677905  -0.59831228 -0.99408226]
200.93361687660217,1003,False,6,5,[8.38485657 2.82627738 3.90185558],cruising,[ 0.63925976  0.24903542 -0.34837281]
200.93361687660217,1004,False,5,1,[-1.42662252  7.12070027  3.99251188],cruising,[-0.62185191  0.08809385  0.93462812]
200.93361687660217,1005,False,3,2,[-2.76267777 -2.22557461  3.94042957],cruising,[ 0.50568378 -0.03156594 -0.11489306]
201.04320406913757,1000,False,4,3,[ 8.11883613 -7.4803045   1.33253176],queued,[-0.82138112 -0.19970136 -0.21083176]
201.04320406913757,1001,False,1,0,[-4.48681164  1.41157958  3.99999998],cruising,[-0.48080528  0.59740651 -0.20557775]
201.04320406913757,1002,False,2,6,[-5.84181611  2.87529713  3.88640166],cruising,[ 0.5677905  -0.59831228 -0.99408226]
201.04320406913757,1003,False,6,5,[8.39987418 2.62684199 3.91657724],cruising,[ 0.63925976  0.24903542 -0.34837281]
201.04320406913757,1004,False,5,1,[-1.24196237  7.04388473  3.9936351 ],cruising,[-0.62185191  0.08809385  0.93462812]
201.04320406913757,1005,False,3,2,[-2.8069298  -2.03053165  3.94936513],cruising,[ 0.50568378 -0.03156594 -0.11489306]
201.13803052902222,1000,False,4,3,[ 8.11883613 -7.4803045   1.39253176],queued,[-0.82138112 -0.19970136 -0.21083176]
201.13803052902222,1001,False,1,0,[-4.60294954  1.5744046   3.99999998],cruising,[-0.48080528  0.59740651 -0.20557775]
201.13803052902222,1002,False,2,6,[-5.89619585  3.0677623   3.90344141],cruising,[ 0.5677905  -0.59831228 -0.99408226]
201.13803052902222,1003,False,6,5,[8.41314315 2.42728264 3.92909065],cruising,[ 0.63925976  0.24903542 -0.34837281]
201.13803052902222,1004,False,5,1,[-1.05993311  6.96102733  3.99458983],cruising,[-0.62185191  0.08809385  0.93462812]
201.13803052902222,1005,False,3,2,[-2.85414578 -1.83618492  3.95696036],cruising,[ 0.50568378 -0.03156594 -0.11489306]
201.23773217201233,1000,False,4,3,[ 8.11883613 -7.4803045   1.46753176],queued,[-0.82138112 -0.19970136 -0.21083176]
201.23773217201233,1001,False,1,0,[-4.71932725  1.73705831  3.99999998],cruising,[-0.48080528  0.59740651 -0.20557775]
201.23773217201233,1002,False,2,6,[-5.95767671  3.2580781   3.9179252 ],cruising,[ 0.5677905  -0.59831228 -0.99408226]
201.23773217201233,1003,False,6,5,[8.42812585 2.22784464 3.93972706],cruising,[ 0.63925976  0.24903542 -0.34837281]
201.23773217201233,1004,False,5,1,[-0.88194268  6.86981655  3.99540136],cruising,[-0.62185191  0.08809385  0.93462812]
201.23773217201233,1005,False,3,2,[-2.90457657 -1.64264749  3.96341631],cruising,[ 0.50568378 -0.03156594 -0.11489306]
201.33370661735535,1000,False,4,3,[ 8.11883613 -7.4803045   1.54253176],queued,[-0.82138112 -0.19970136 -0.21083176]
201.33370661735535,1001,False,1,0,[-4.83560831  1.89978113  3.99999999],cruising,[-0.48080528  0.59740651 -0.20557775]
201.33370661735535,1002,False,2,6,[-6.02386875  3.44680704  3.93023642],cruising,[ 0.5677905  -0.59831228 -0.99408226]
201.33370661735535,1003,False,6,5,[8.44062106 2.02823534 3.948768  ],cruising,[ 0.63925976  0.24903542 -0.34837281]
201.33370661735535,1004,False,5,1,[-0.70729359  6.77236043  3.99609115],cruising,[-0.62185191  0.08809385  0.93462812]
201.33370661735535,1005,False,3,2,[-2.95853911 -1.45006492  3.96890386],cruising,[ 0.50568378 -0.03156594 -0.11489306]
201.43807768821716,1000,False,4,3,[ 8.11883613 -7.4803045   1.61753176],queued,[-0.82138112 -0.19970136 -0.21083176]
201.43807768821716,1001,False,1,0,[-4.95148528  2.06279195  3.99999999],cruising,[-0.48080528  0.59740651 -0.20557775]
201.43807768821716,1002,False,2,6,[-6.09249703  3.6346638   3.94070095],cruising,[ 0.5677905  -0.59831228 -0.99408226]
201.43807768821716,1003,False,6,5,[8.45364802 1.82866005 3.9564528 ],cruising,[ 0.63925976  0.24903542 -0.34837281]
201.43807768821716,1004,False,5,1,[-0.53430685  6.6719832   3.99667748],cruising,[-0.62185191  0.08809385  0.93462812]
201.43807768821716,1005,False,3,2,[-3.01639508 -1.25861601  3.97356828],cruising,[ 0.50568378 -0.03156594 -0.11489306]
201.54748249053955,1000,False,4,3,[ 8.11883613 -7.4803045   1.69253176],queued,[-0.82138112 -0.19970136 -0.21083176]
201.54748249053955,1001,False,1,0,[-5.06705584  2.22602015  3.99999999],cruising,[-0.48080528  0.59740651 -0.20557775]
201.54748249053955,1002,False,2,6,[-6.1613857   3.82242522  3.94959581],cruising,[ 0.5677905  -0.59831228 -0.99408226]
201.54748249053955,1003,False,6,5,[8.46381701 1.62891874 3.96298488],cruising,[ 0.63925976  0.24903542 -0.34837281]
201.54748249053955,1004,False,5,1,[-0.36359353  6.56778645  3.99717586],cruising,[-0.62185191  0.08809385  0.93462812]
201.54748249053955,1005,False,3,2,[-3.07767589 -1.0682357   3.97753304],cruising,[ 0.50568378 -0.03156594 -0.11489306]
201.64414477348328,1000,False,4,3,[ 8.11883613 -7.4803045   1.76753176],queued,[-0.82138112 -0.19970136 -0.21083176]
201.64414477348328,1001,False,1,0,[-5.18169697  2.38990246  3.99999999],cruising,[-0.48080528  0.59740651 -0.20557775]
201.64414477348328,1002,False,2,6,[-6.22838736  4.01086826  3.95715644],cruising,[ 0.5677905  -0.59831228 -0.99408226]
201.64414477348328,1003,False,6,5,[8.47377493 1.42916679 3.96853715],cruising,[ 0.63925976  0.24903542 -0.34837281]
201.64414477348328,1004,False,5,1,[-0.19433338  6.46124538  3.99759948],cruising,[-0.62185191  0.08809385  0.93462812]
201.64414477348328,1005,False,3,2,[-3.14356982 -0.87940247  3.98090308],cruising,[ 0.50568378 -0.03156594 -0.11489306]
201.74225330352783,1000,False,4,3,[ 8.11883613 -7.4803045   1.84253176],queued,[-0.82138112 -0.19970136 -0.21083176]
201.74225330352783,1001,False,1,0,[-5.29510849  2.55463808  3.99999999],cruising,[-0.48080528  0.59740651 -0.20557775]
201.74225330352783,1002,False,2,6,[-6.29127645  4.20072336  3.96358297],cruising,[ 0.5677905  -0.59831228 -0.99408226]
201.74225330352783,1003,False,6,5,[8.48300812 1.22938003 3.97325657],cruising,[ 0.63925976  0.24903542 -0.34837281]
201.74225330352783,1004,False,5,1,[-0.02549746  6.35403328  3.99795956],cruising,[-0.62185191  0.08809385  0.93462812]
201.74225330352783,1005,False,3,2,[-3.21451559 -0.69240862  3.98376762],cruising,[ 0.50568378 -0.03156594 -0.11489306]
201.84893560409546,1000,False,4,3,[ 8.11883613 -7.4803045   1.91753176],queued,[-0.82138112 -0.19970136 -0.21083176]
201.84893560409546,1001,False,1,0,[-5.40697855  2.72042436  3.99999999],cruising,[-0.48080528  0.59740651 -0.20557775]
201.84893560409546,1002,False,2,6,[-6.34761539  4.39262418  3.96904553],cruising,[ 0.5677905  -0.59831228 -0.99408226]
201.84893560409546,1003,False,6,5,[8.48880462 1.02946405 3.97726809],cruising,[ 0.63925976  0.24903542 -0.34837281]
201.84893560409546,1004,False,5,1,[0.14300962 6.24630509 3.99826562],cruising,[-0.62185191  0.08809385  0.93462812]
201.84893560409546,1005,False,3,2,[-3.29093075 -0.50758243  3.98620248],cruising,[ 0.50568378 -0.03156594 -0.11489306]
201.9488971233368,1000,False,4,3,[ 8.11883613 -7.4803045   1.99253176],queued,[-0.82138112 -0.19970136 -0.21083176]
201.9488971233368,1001,False,1,0,[-5.51697047  2.88746261  3.99999999],cruising,[-0.48080528  0.59740651 -0.20557775]
201.9488971233368,1002,False,2,6,[-6.38835755  4.5884304   3.9736887 ],cruising,[ 0.5677905  -0.59831228 -0.99408226]
201.9488971233368,1003,False,6,5,[8.49363882 0.82952248 3.98067788],cruising,[ 0.63925976  0.24903542 -0.34837281]
201.9488971233368,1004,False,5,1,[0.31177564 6.13898301 3.99852578],cruising,[-0.62185191  0.08809385  0.93462812]
201.9488971233368,1005,False,3,2,[-3.37146377 -0.32451295  3.98827211],cruising,[ 0.50568378 -0.03156594 -0.11489306]
202.04811143875122,1000,False,4,3,[ 8.11883613 -7.4803045   2.06753176],queued,[-0.82138112 -0.19970136 -0.21083176]
202.04811143875122,1001,False,1,0,[-5.62587413  3.05521241  4.        ],cruising,[-0.48080528  0.59740651 -0.20557775]
202.04811143875122,1002,False,2,6,[-6.41602501  4.78650744  3.97763539],cruising,[ 0.5677905  -0.59831228 -0.99408226]
202.04811143875122,1003,False,6,5,[8.49720108 0.62955421 3.98357619],cruising,[ 0.63925976  0.24903542 -0.34837281]
202.04811143875122,1004,False,5,1,[0.48105525 6.03247285 3.99874691],cruising,[-0.62185191  0.08809385  0.93462812]
202.04811143875122,1005,False,3,2,[-3.45841311 -0.14440239  3.99003129],cruising,[ 0.50568378 -0.03156594 -0.11489306]
202.1385726928711,1000,False,4,3,[ 8.11883613 -7.4803045   2.14253176],queued,[-0.82138112 -0.19970136 -0.21083176]
202.1385726928711,1001,False,1,0,[-5.73205768  3.22469708  4.        ],cruising,[-0.48080528  0.59740651 -0.20557775]
202.1385726928711,1002,False,2,6,[-6.42374436  4.98596035  3.98115849],cruising,[ 0.5677905  -0.59831228 -0.99408226]
202.1385726928711,1003,False,6,5,[8.49716344 0.42955421 3.98603976],cruising,[ 0.63925976  0.24903542 -0.34837281]
202.1385726928711,1004,False,5,1,[0.65148199 5.92780801 3.99893488],cruising,[-0.62185191  0.08809385  0.93462812]
202.1385726928711,1005,False,3,2,[-3.55219012  0.03224944  3.9915266 ],exiting,[ 0.50568378 -0.03156594 -0.11489306]
202.2351427078247,1000,False,4,3,[ 8.11883613 -7.4803045   2.21753176],queued,[-0.82138112 -0.19970136 -0.21083176]
202.2351427078247,1001,False,1,0,[-5.83505195  3.39613856  4.        ],cruising,[-0.48080528  0.59740651 -0.20557775]
202.2351427078247,1002,False,2,6,[-6.41150964  5.18409328  3.98437688],cruising,[ 0.5677905  -0.59831228 -0.99408226]
202.2351427078247,1003,False,6,5,[8.49581126 0.22955878 3.9881338 ],cruising,[ 0.63925976  0.24903542 -0.34837281]
202.2351427078247,1004,False,5,1,[0.82303723 5.82500335 3.99909464],cruising,[-0.62185191  0.08809385  0.93462812]
202.2351427078247,1005,False,3,2,[-3.64567531  0.18890341  3.99302138],exiting,[ 0.50568378 -0.03156594 -0.11489306]
202.33537006378174,1000,False,4,3,[ 8.11883613 -7.4803045   2.29253176],queued,[-0.82138112 -0.19970136 -0.21083176]
202.33537006378174,1001,False,1,0,[-5.93428728  3.56978287  4.        ],cruising,[-0.48080528  0.59740651 -0.20557775]
202.33537006378174,1002,False,2,6,[-6.37965698  5.37834489  3.98732767],cruising,[ 0.5677905  -0.59831228 -0.99408226]
202.33537006378174,1003,False,6,5,[8.49292261 0.02957965 3.98991373],cruising,[ 0.63925976  0.24903542 -0.34837281]
202.33537006378174,1004,False,5,1,[0.99664012 5.72569556 3.99923045],cruising,[-0.62185191  0.08809385  0.93462812]
202.33537006378174,1005,False,3,2,[-3.73871784  0.32556228  3.99449615],exiting,[ 0.50568378 -0.03156594 -0.11489306]
202.44169688224792,1000,False,4,3,[ 8.11883613 -7.4803045   2.36753176],queued,[-0.82138112 -0.19970136 -0.21083176]
202.44169688224792,1001,False,1,0,[-6.02906145  3.74590175  4.        ],cruising,[-0.48080528  0.59740651 -0.20557775]
202.44169688224792,1002,False,2,6,[-6.32881524  5.56632349  3.99002473],cruising,[ 0.5677905  -0.59831228 -0.99408226]
202.44169688224792,1003,False,6,5,[ 8.48832164 -0.17036742  3.99142667],cruising,[ 0.63925976  0.24903542 -0.34837281]
202.44169688224792,1004,False,5,1,[1.17187194 5.62929116 3.99934588],cruising,[-0.62185191  0.08809385  0.93462812]
202.44169688224792,1005,False,3,2,[-3.83114767  0.44223059  3.99592904],exiting,[ 0.50568378 -0.03156594 -0.11489306]
202.5453999042511,1000,False,4,3,[ 8.11883613 -7.4803045   2.44253176],entering,[-0.82138112 -0.19970136 -0.21083176]
202.5453999042511,1001,False,1,0,[-6.11849694  3.9247908   4.        ],cruising,[-0.48080528  0.59740651 -0.20557775]
202.5453999042511,1002,False,2,6,[-6.25987412  5.74579616  3.99247353],cruising,[ 0.5677905  -0.59831228 -0.99408226]
202.5453999042511,1003,False,6,5,[ 8.47982018 -0.37018666  3.99271267],cruising,[ 0.63925976  0.24903542 -0.34837281]
202.5453999042511,1004,False,5,1,[1.34896406 5.53634827 3.999444  ],cruising,[-0.62185191  0.08809385  0.93462812]
202.5453999042511,1005,False,3,2,[-3.9227705   0.53891529  3.99729502],exiting,[ 0.50568378 -0.03156594 -0.11489306]
202.6336317062378,1000,False,4,3,[ 8.10734829 -7.4639329   2.51753176],entering,[-0.82138112 -0.19970136 -0.21083176]
202.6336317062378,1001,False,1,0,[-6.20148379  4.10676108  4.        ],cruising,[-0.48080528  0.59740651 -0.20557775]
202.6336317062378,1002,False,2,6,[-6.17387132  5.9148367   3.99465892],cruising,[ 0.5677905  -0.59831228 -0.99408226]
202.6336317062378,1003,False,6,5,[ 8.46968218 -0.56992954  3.99380577],cruising,[ 0.63925976  0.24903542 -0.34837281]
202.6336317062378,1004,False,5,1,[1.52910337 5.44945851 3.9995274 ],cruising,[-0.62185191  0.08809385  0.93462812]
202.6336317062378,1005,False,3,2,[-4.01335756  0.61562707  3.99856443],exiting,[ 0.50568378 -0.03156594 -0.11489306]
202.7474775314331,1000,False,4,3,[ 8.0843726  -7.43118969  2.59253176],entering,[-0.82138112 -0.19970136 -0.21083176]
202.7474775314331,1001,False,1,0,[-6.27235887  4.29378173  4.        ],cruising,[-0.48080528  0.59740651 -0.20557775]
202.7474775314331,1002,False,2,6,[-6.07196964  6.07174636  3.99658377],cruising,[ 0.5677905  -0.59831228 -0.99408226]
202.7474775314331,1003,False,6,5,[ 8.45772778 -0.76957195  3.9947349 ],cruising,[ 0.63925976  0.24903542 -0.34837281]
202.7474775314331,1004,False,5,1,[1.71137101 5.36712683 3.99959829],cruising,[-0.62185191  0.08809385  0.93462812]
202.7474775314331,1005,False,3,2,[-4.10262099  0.67238315  3.99969981],exiting,[ 0.50568378 -0.03156594 -0.11489306]
202.83963346481323,1000,False,4,3,[ 8.04990907 -7.38207487  2.66753176],entering,[-0.82138112 -0.19970136 -0.21083176]
202.83963346481323,1001,False,1,0,[-6.33337778  4.48424614  4.        ],cruising,[-0.48080528  0.59740651 -0.20557775]
202.83963346481323,1002,False,2,6,[-5.95506859  6.2154294   3.99823474],cruising,[ 0.5677905  -0.59831228 -0.99408226]
202.83963346481323,1003,False,6,5,[ 8.44380274 -0.9690866   3.99552467],cruising,[ 0.63925976  0.24903542 -0.34837281]
202.83963346481323,1004,False,5,1,[1.8959119  5.29002521 3.99965855],cruising,[-0.62185191  0.08809385  0.93462812]
202.83963346481323,1005,False,3,2,[-4.19018265  0.7092126   4.00065211],exiting,[ 0.50568378 -0.03156594 -0.11489306]
202.94337034225464,1000,False,4,3,[ 8.0039577  -7.31658845  2.74253176],entering,[-0.82138112 -0.19970136 -0.21083176]
202.94337034225464,1001,False,1,0,[-6.37506824  4.67984973  4.        ],cruising,[-0.48080528  0.59740651 -0.20557775]
202.94337034225464,1002,False,2,6,[-5.82405836  6.34494028  3.99960057],cruising,[ 0.5677905  -0.59831228 -0.99408226]
202.94337034225464,1003,False,6,5,[ 8.42559553 -1.16825612  3.99619597],cruising,[ 0.63925976  0.24903542 -0.34837281]
202.94337034225464,1004,False,5,1,[2.08390403 5.22176863 3.99970976],cruising,[-0.62185191  0.08809385  0.93462812]
202.94337034225464,1005,False,3,2,[-4.27579765  0.72613815  4.00139111],exiting,[ 0.50568378 -0.03156594 -0.11489306]
203.03840398788452,1000,False,4,3,[ 7.94651849 -7.23473042  2.81753176],entering,[-0.82138112 -0.19970136 -0.21083176]
203.03840398788452,1001,False,1,0,[-6.39697061  4.878357    4.        ],cruising,[-0.48080528  0.59740651 -0.20557775]
203.03840398788452,1002,False,2,6,[-5.67978501  6.45948445  4.00067148],cruising,[ 0.5677905  -0.59831228 -0.99408226]
203.03840398788452,1003,False,6,5,[ 8.40546841 -1.36724079  3.99676657],cruising,[ 0.63925976  0.24903542 -0.34837281]
203.03840398788452,1004,False,5,1,[2.2744386  5.16096916 3.9997533 ],cruising,[-0.62185191  0.08809385  0.93462812]
203.03840398788452,1005,False,3,2,[-4.35921636  0.72318613  4.00188862],exiting,[ 0.50568378 -0.03156594 -0.11489306]
203.14127707481384,1000,False,4,3,[ 7.87759143 -7.13650079  2.89253176],entering,[-0.82138112 -0.19970136 -0.21083176]
203.14127707481384,1001,False,1,0,[-6.39889643  5.07783253  4.        ],cruising,[-0.48080528  0.59740651 -0.20557775]
203.14127707481384,1002,False,2,6,[-5.52301691  6.55841487  4.00143877],cruising,[ 0.5677905  -0.59831228 -0.99408226]
203.14127707481384,1003,False,6,5,[ 8.38321863 -1.5659993   3.99725159],cruising,[ 0.63925976  0.24903542 -0.34837281]
203.14127707481384,1004,False,5,1,[2.46801548 5.11069001 3.9997903 ],cruising,[-0.62185191  0.08809385  0.93462812]
203.14127707481384,1005,False,3,2,[-4.44018448  0.70038658  4.00212083],exiting,[ 0.50568378 -0.03156594 -0.11489306]
203.24449944496155,1000,False,4,3,[ 7.79724029 -7.021855    2.96753176],entering,[-0.82138112 -0.19970136 -0.21083176]
203.24449944496155,1001,False,1,0,[-6.3809775   5.27482099  4.        ],cruising,[-0.48080528  0.59740651 -0.20557775]
203.24449944496155,1002,False,2,6,[-5.35444397  6.64120374  4.00189624],cruising,[ 0.5677905  -0.59831228 -0.99408226]
203.24449944496155,1003,False,6,5,[ 8.35629926 -1.76417939  3.99766385],cruising,[ 0.63925976  0.24903542 -0.34837281]
203.24449944496155,1004,False,5,1,[2.663705   5.06939097 3.99982176],cruising,[-0.62185191  0.08809385  0.93462812]
203.24449944496155,1005,False,3,2,[-4.51844322  0.65777338  4.00207339],exiting,[ 0.50568378 -0.03156594 -0.11489306]
203.33719182014465,1000,False,4,3,[ 7.70466186 -6.89138222  3.04253176],entering,[-0.82138112 -0.19970136 -0.21083176]
203.33719182014465,1001,False,1,0,[-6.34365654  5.4669554   4.        ],cruising,[-0.48080528  0.59740651 -0.20557775]
203.33719182014465,1002,False,2,6,[-5.17491018  6.7072663   4.00205343],cruising,[ 0.5677905  -0.59831228 -0.99408226]
203.33719182014465,1003,False,6,5,[ 8.32718257 -1.96204859  3.99801427],cruising,[ 0.63925976  0.24903542 -0.34837281]
203.33719182014465,1004,False,5,1,[2.86082973 5.03559981 3.99984849],cruising,[-0.62185191  0.08809385  0.93462812]
203.33719182014465,1005,False,3,2,[-4.59372924  0.59538416  4.00175764],exiting,[ 0.50568378 -0.03156594 -0.11489306]
203.43442058563232,1000,False,4,3,[ 7.59920052 -6.74561138  3.11753176],entering,[-0.82138112 -0.19970136 -0.21083176]
203.43442058563232,1001,False,1,0,[-6.28753932  5.65225605  4.        ],cruising,[-0.48080528  0.59740651 -0.20557775]
203.43442058563232,1002,False,2,6,[-4.98443257  6.75659167  4.00189516],cruising,[ 0.5677905  -0.59831228 -0.99408226]
203.43442058563232,1003,False,6,5,[ 8.29560351 -2.15953976  3.99831213],cruising,[ 0.63925976  0.24903542 -0.34837281]
203.43442058563232,1004,False,5,1,[3.05891066 5.00796023 3.99987122],cruising,[-0.62185191  0.08809385  0.93462812]
203.43442058563232,1005,False,3,2,[-4.66832373  0.52878341  4.00144093],exiting,[ 0.50568378 -0.03156594 -0.11489306]
203.53564405441284,1000,False,4,3,[ 7.4807761  -6.58461036  3.19253176],entering,[-0.82138112 -0.19970136 -0.21083176]
203.53564405441284,1001,False,1,0,[-6.21356167  5.82855643  4.        ],cruising,[-0.48080528  0.59740651 -0.20557775]
203.53564405441284,1002,False,2,6,[-4.78942923  6.80101802  4.00161089],cruising,[ 0.5677905  -0.59831228 -0.99408226]
203.53564405441284,1003,False,6,5,[ 8.2585423  -2.35607593  3.99856531],cruising,[ 0.63925976  0.24903542 -0.34837281]
203.53564405441284,1004,False,5,1,[3.25761714 4.98525045 3.99989054],cruising,[-0.62185191  0.08809385  0.93462812]
203.53564405441284,1005,False,3,2,[-4.74291822  0.46218266  4.00117993],exiting,[ 0.50568378 -0.03156594 -0.11489306]
203.63457775115967,1000,False,4,3,[ 7.36175987 -6.42387724  3.26753176],entering,[-0.82138112 -0.19970136 -0.21083176]
203.63457775115967,1001,False,1,0,[-6.12281171  5.99396233  4.        ],cruising,[-0.48080528  0.59740651 -0.20557775]
203.63457775115967,1002,False,2,6,[-4.595291    6.84908407  4.00136925],cruising,[ 0.5677905  -0.59831228 -0.99408226]
203.63457775115967,1003,False,6,5,[ 8.21879212 -2.55208594  3.99878051],cruising,[ 0.63925976  0.24903542 -0.34837281]
203.63457775115967,1004,False,5,1,[3.45672523 4.96638335 3.99990696],cruising,[-0.62185191  0.08809385  0.93462812]
203.63457775115967,1005,False,3,2,[-4.81751271  0.39558191  4.00096503],exiting,[ 0.50568378 -0.03156594 -0.11489306]
203.73984360694885,1000,False,4,3,[ 7.23922784 -6.26580795  3.34253176],entering,[-0.82138112 -0.19970136 -0.21083176]
203.73984360694885,1001,False,1,0,[-6.01655317  6.14673952  4.        ],cruising,[-0.48080528  0.59740651 -0.20557775]
203.73984360694885,1002,False,2,6,[-4.40170516  6.89932869  4.00116387],cruising,[ 0.5677905  -0.59831228 -0.99408226]
203.73984360694885,1003,False,6,5,[ 8.17286021 -2.74674014  3.99896344],cruising,[ 0.63925976  0.24903542 -0.34837281]
203.73984360694885,1004,False,5,1,[3.65608523 4.95039615 3.99992091],cruising,[-0.62185191  0.08809385  0.93462812]
203.73984360694885,1005,False,3,2,[-4.89210721  0.32898116  4.00078824],exiting,[ 0.50568378 -0.03156594 -0.11489306]
203.84182715415955,1000,False,4,3,[ 7.11755867 -6.10707353  3.41753176],entering,[-0.82138112 -0.19970136 -0.21083176]
203.84182715415955,1001,False,1,0,[-5.89569213  6.28585045  4.        ],cruising,[-0.48080528  0.59740651 -0.20557775]
203.84182715415955,1002,False,2,6,[-4.20835373  6.95046798  4.00098929],cruising,[ 0.5677905  -0.59831228 -0.99408226]
203.84182715415955,1003,False,6,5,[ 8.12377438 -2.94062305  3.99911892],cruising,[ 0.63925976  0.24903542 -0.34837281]
203.84182715415955,1004,False,5,1,[3.85559733 4.93643476 3.99993278],cruising,[-0.62185191  0.08809385  0.93462812]
203.84182715415955,1005,False,3,2,[-4.9667017   0.2623804   4.00064294],exiting,[ 0.50568378 -0.03156594 -0.11489306]
203.93992590904236,1000,False,4,3,[ 6.9905521  -5.95257651  3.49253176],entering,[-0.82138112 -0.19970136 -0.21083176]
203.93992590904236,1001,False,1,0,[-5.76111113  6.41040931  4.        ],cruising,[-0.48080528  0.59740651 -0.20557775]
203.93992590904236,1002,False,2,6,[-4.01431796  6.99894601  4.00084089],cruising,[ 0.5677905  -0.59831228 -0.99408226]
203.93992590904236,1003,False,6,5,[ 8.067307   -3.13248611  3.99925108],cruising,[ 0.63925976  0.24903542 -0.34837281]
203.93992590904236,1004,False,5,1,[4.05519377 4.92373589 3.99994286],cruising,[-0.62185191  0.08809385  0.93462812]
203.93992590904236,1005,False,3,2,[-5.0412962   0.19577965  4.00052363],exiting,[ 0.50568378 -0.03156594 -0.11489306]
204.03336024284363,1000,False,4,3,[ 6.86223228 -5.79916848  3.56753176],entering,[-0.82138112 -0.19970136 -0.21083176]
204.03336024284363,1001,False,1,0,[-5.61363548  6.51968     4.        ],cruising,[-0.48080528  0.59740651 -0.20557775]
204.03336024284363,1002,False,2,6,[-3.82012282  7.04678165  4.00071476],cruising,[ 0.5677905  -0.59831228 -0.99408226]
204.03336024284363,1003,False,6,5,[ 8.00694052 -3.32315831  3.99936342],cruising,[ 0.63925976  0.24903542 -0.34837281]
204.03336024284363,1004,False,5,1,[4.25482576 4.91160871 3.99995143],cruising,[-0.62185191  0.08809385  0.93462812]
204.03336024284363,1005,False,3,2,[-5.1158907   0.12917889  4.00042578],exiting,[ 0.50568378 -0.03156594 -0.11489306]
204.1341917514801,1000,False,4,3,[ 6.73227551 -5.64714467  3.63240199],entering,[-0.82138112 -0.19970136 -0.21083176]
204.1341917514801,1001,False,1,0,[-5.45399939  6.61307228  4.        ],cruising,[-0.48080528  0.59740651 -0.20557775]
204.1341917514801,1002,False,2,6,[-3.62554943  7.09305467  4.00060755],cruising,[ 0.5677905  -0.59831228 -0.99408226]
204.1341917514801,1003,False,6,5,[ 7.93729545 -3.51064048  3.99945891],cruising,[ 0.63925976  0.24903542 -0.34837281]
204.1341917514801,1004,False,5,1,[4.45444943 4.89934524 3.99995872],cruising,[-0.62185191  0.08809385  0.93462812]
204.1341917514801,1005,False,3,2,[-5.19048519  0.06257813  4.00034562],exiting,[ 0.50568378 -0.03156594 -0.11489306]
204.2330822944641,1000,False,4,3,[ 6.59554084 -5.50118704  3.68754169],entering,[-0.82138112 -0.19970136 -0.21083176]
204.2330822944641,1001,False,1,0,[-5.28283897  6.69011863  4.        ],cruising,[-0.48080528  0.59740651 -0.20557775]
204.2330822944641,1002,False,2,6,[-3.42990064  7.13454625  4.00051641],cruising,[ 0.5677905  -0.59831228 -0.99408226]
204.2330822944641,1003,False,6,5,[ 7.8573046  -3.69394751  3.99954007],cruising,[ 0.63925976  0.24903542 -0.34837281]
204.2330822944641,1004,False,5,1,[4.65405244 4.88675006 3.99996491],cruising,[-0.62185191  0.08809385  0.93462812]
204.2330822944641,1005,False,3,2,[-5.26507969e+00 -4.02262282e-03  4.00028002e+00],exiting,[ 0.50568378 -0.03156594 -0.11489306]
204.34011149406433,1000,False,4,3,[ 6.45405602 -5.35982917  3.73441044],entering,[-0.82138112 -0.19970136 -0.21083176]
204.34011149406433,1001,False,1,0,[-5.10093239  6.75029726  4.        ],cruising,[-0.48080528  0.59740651 -0.20557775]
204.34011149406433,1002,False,2,6,[-3.23369813  7.17333512  4.00043895],cruising,[ 0.5677905  -0.59831228 -0.99408226]
204.34011149406433,1003,False,6,5,[ 7.76540588 -3.87158372  3.99960906],cruising,[ 0.63925976  0.24903542 -0.34837281]
204.34011149406433,1004,False,5,1,[4.85359024 4.8731609  3.99997017],cruising,[-0.62185191  0.08809385  0.93462812]
204.34011149406433,1005,False,3,2,[-5.33967419 -0.07062338  4.00022641],exiting,[ 0.50568378 -0.03156594 -0.11489306]
204.44678163528442,1000,False,4,3,[ 6.31004546 -5.22104532  3.77424887],entering,[-0.82138112 -0.19970136 -0.21083176]
204.44678163528442,1001,False,1,0,[-4.90810312  6.79372193  4.        ],cruising,[-0.48080528  0.59740651 -0.20557775]
204.44678163528442,1002,False,2,6,[-3.03683729  7.20863113  4.00037311],cruising,[ 0.5677905  -0.59831228 -0.99408226]
204.44678163528442,1003,False,6,5,[ 7.65948058 -4.04122991  3.9996677 ],cruising,[ 0.63925976  0.24903542 -0.34837281]
204.44678163528442,1004,False,5,1,[5.05301048 4.85794353 3.99997465],cruising,[-0.62185191  0.08809385  0.93462812]
204.44678163528442,1005,False,3,2,[-5.41426869 -0.13722414  4.00018265],exiting,[ 0.50568378 -0.03156594 -0.11489306]
204.54096388816833,1000,False,4,3,[ 6.15914208 -5.08978919  3.80811154],entering,[-0.82138112 -0.19970136 -0.21083176]
204.54096388816833,1001,False,1,0,[-4.71254704  6.83564829  4.        ],cruising,[-0.48080528  0.59740651 -0.20557775]
204.54096388816833,1002,False,2,6,[-2.8388394   7.2368594   4.00031714],cruising,[ 0.5677905  -0.59831228 -0.99408226]
204.54096388816833,1003,False,6,5,[ 7.53715127 -4.19943458  3.99971769],cruising,[ 0.63925976  0.24903542 -0.34837281]
204.54096388816833,1004,False,5,1,[5.25224584 4.84047148 3.99997845],cruising,[-0.62185191  0.08809385  0.93462812]
204.54096388816833,1005,False,3,2,[-5.48886318 -0.20382489  4.000147  ],exiting,[ 0.50568378 -0.03156594 -0.11489306]
204.64765214920044,1000,False,4,3,[ 6.00123758 -4.96704487  3.83689481],cruising,[-0.82138112 -0.19970136 -0.21083176]
204.64765214920044,1001,False,1,0,[-4.51783804  6.88134737  4.        ],cruising,[-0.48080528  0.59740651 -0.20557775]
204.64765214920044,1002,False,2,6,[-2.64022083  7.26032568  4.00026957],cruising,[ 0.5677905  -0.59831228 -0.99408226]
204.64765214920044,1003,False,6,5,[ 7.39983943 -4.34439072  3.99976193],cruising,[ 0.63925976  0.24903542 -0.34837281]
204.64765214920044,1004,False,5,1,[5.45134759 4.8215376  3.99998168],cruising,[-0.62185191  0.08809385  0.93462812]
204.64765214920044,1005,False,3,2,[-5.56345768 -0.27042565  4.00011799],exiting,[ 0.50568378 -0.03156594 -0.11489306]
204.73340845108032,1000,False,4,3,[ 5.83961944 -4.84923326  3.86136059],cruising,[-0.82138112 -0.19970136 -0.21083176]
204.73340845108032,1001,False,1,0,[-4.32367795  6.92932505  4.        ],cruising,[-0.48080528  0.59740651 -0.20557775]
204.73340845108032,1002,False,2,6,[-2.44073303  7.27463015  4.00022914],cruising,[ 0.5677905  -0.59831228 -0.99408226]
204.73340845108032,1003,False,6,5,[ 7.24997703 -4.47377497  3.99980314],cruising,[ 0.63925976  0.24903542 -0.34837281]
204.73340845108032,1004,False,5,1,[5.65008298 4.79908222 3.99998443],cruising,[-0.62185191  0.08809385  0.93462812]
204.73340845108032,1005,False,3,2,[-5.63805218 -0.33702641  4.00009443],exiting,[ 0.50568378 -0.03156594 -0.11489306]
204.8399624824524,1000,False,4,3,[ 5.67164661 -4.74067393  3.8821565 ],cruising,[-0.82138112 -0.19970136 -0.21083176]
204.8399624824524,1001,False,1,0,[-4.12975872  6.97826717  4.        ],cruising,[-0.48080528  0.59740651 -0.20557775]
204.8399624824524,1002,False,2,6,[-2.24076844  7.27839356  4.00019477],cruising,[ 0.5677905  -0.59831228 -0.99408226]
204.8399624824524,1003,False,6,5,[ 7.08946759 -4.58622876  3.99984133],cruising,[ 0.63925976  0.24903542 -0.34837281]
204.8399624824524,1004,False,5,1,[5.84829494 4.77239854 3.99998677],cruising,[-0.62185191  0.08809385  0.93462812]
204.8399624824524,1005,False,3,2,[-5.71264668 -0.40362716  4.00007532],exiting,[ 0.50568378 -0.03156594 -0.11489306]
204.93712329864502,1000,False,4,3,[ 5.50043907 -4.63729125  3.89983303],cruising,[-0.82138112 -0.19970136 -0.21083176]
204.93712329864502,1001,False,1,0,[-3.93520355  7.02461678  4.        ],cruising,[-0.48080528  0.59740651 -0.20557775]
204.93712329864502,1002,False,2,6,[-2.04123122  7.26479592  4.00016555],cruising,[ 0.5677905  -0.59831228 -0.99408226]
204.93712329864502,1003,False,6,5,[ 6.92036433 -4.68062304  3.99987645],cruising,[ 0.63925976  0.24903542 -0.34837281]
204.93712329864502,1004,False,5,1,[6.04577012 4.74071961 3.99998875],cruising,[-0.62185191  0.08809385  0.93462812]
204.93712329864502,1005,False,3,2,[-5.78724118 -0.47022792  4.00005987],exiting,[ 0.50568378 -0.03156594 -0.11489306]
205.04829835891724,1000,False,4,3,[ 5.32478359 -4.54166095  3.91485807],cruising,[-0.82138112 -0.19970136 -0.21083176]
205.04829835891724,1001,False,1,0,[-3.74049525  7.07031886  4.        ],cruising,[-0.48080528  0.59740651 -0.20557775]
205.04829835891724,1002,False,2,6,[-1.84387823  7.23236447  4.00014072],cruising,[ 0.5677905  -0.59831228 -0.99408226]
205.04829835891724,1003,False,6,5,[ 6.74481433 -4.75608481  3.99990845],cruising,[ 0.63925976  0.24903542 -0.34837281]
205.04829835891724,1004,False,5,1,[6.24221925 4.70319975 3.99999044],cruising,[-0.62185191  0.08809385  0.93462812]
205.04829835891724,1005,False,3,2,[-5.86183567 -0.53682868  4.00004739],exiting,[ 0.50568378 -0.03156594 -0.11489306]
205.14811944961548,1000,False,4,3,[ 5.14715608 -4.44974541  3.92762936],cruising,[-0.82138112 -0.19970136 -0.21083176]
205.14811944961548,1001,False,1,0,[-3.5454197  7.114427   4.       ],cruising,[-0.48080528  0.59740651 -0.20557775]
205.14811944961548,1002,False,2,6,[-1.64870434  7.18869352  4.00011961],cruising,[ 0.5677905  -0.59831228 -0.99408226]
205.14811944961548,1003,False,6,5,[ 6.56500566 -4.81200525  3.99993726],cruising,[ 0.63925976  0.24903542 -0.34837281]
205.14811944961548,1004,False,5,1,[6.4372508  4.65889746 3.99999187],cruising,[-0.62185191  0.08809385  0.93462812]
205.14811944961548,1005,False,3,2,[-5.93643017 -0.60342943  4.00003734],exiting,[ 0.50568378 -0.03156594 -0.11489306]
205.23673295974731,1000,False,4,3,[ 4.96681125 -4.36328304  3.93848496],cruising,[-0.82138112 -0.19970136 -0.21083176]
205.23673295974731,1001,False,1,0,[-3.34981134  7.15610879  4.        ],cruising,[-0.48080528  0.59740651 -0.20557775]
205.23673295974731,1002,False,2,6,[-1.45778133  7.12912504  4.00010167],cruising,[ 0.5677905  -0.59831228 -0.99408226]
205.23673295974731,1003,False,6,5,[ 6.3831497  -4.84803075  3.99996278],cruising,[ 0.63925976  0.24903542 -0.34837281]
205.23673295974731,1004,False,5,1,[6.630336   4.60676201 3.99999309],cruising,[-0.62185191  0.08809385  0.93462812]
205.23673295974731,1005,False,3,2,[-6.01102467 -0.67003019  4.00002927],exiting,[ 0.50568378 -0.03156594 -0.11489306]
205.34460401535034,1000,False,4,3,[ 4.78548261 -4.27890338  3.94771221],cruising,[-0.82138112 -0.19970136 -0.21083176]
205.34460401535034,1001,False,1,0,[-3.15306426  7.19203348  4.        ],cruising,[-0.48080528  0.59740651 -0.20557775]
205.34460401535034,1002,False,2,6,[-1.27141414  7.05654908  4.00008642],cruising,[ 0.5677905  -0.59831228 -0.99408226]
205.34460401535034,1003,False,6,5,[ 6.20063111 -4.86406723  3.9999847 ],cruising,[ 0.63925976  0.24903542 -0.34837281]
205.34460401535034,1004,False,5,1,[6.82076336 4.54562757 3.99999413],cruising,[-0.62185191  0.08809385  0.93462812]
205.34460401535034,1005,False,3,2,[-6.08561917 -0.73663095  4.00002281],exiting,[ 0.50568378 -0.03156594 -0.11489306]
205.44274473190308,1000,False,4,3,[ 4.60328713 -4.19641214  3.95555538],cruising,[-0.82138112 -0.19970136 -0.21083176]
205.44274473190308,1001,False,1,0,[-2.95570479  7.22442547  4.        ],cruising,[-0.48080528  0.59740651 -0.20557775]
205.44274473190308,1002,False,2,6,[-1.08942355  6.97360676  4.00007346],cruising,[ 0.5677905  -0.59831228 -0.99408226]
205.44274473190308,1003,False,6,5,[ 6.01890939 -4.8601196   4.00000294],cruising,[ 0.63925976  0.24903542 -0.34837281]
205.44274473190308,1004,False,5,1,[7.00758187 4.47422135 3.99999501],cruising,[-0.62185191  0.08809385  0.93462812]
205.44274473190308,1005,False,3,2,[-6.16021367 -0.80323171  4.00001765],exiting,[ 0.50568378 -0.03156594 -0.11489306]
205.54084849357605,1000,False,4,3,[ 4.41980071 -4.11683367  3.96222207],cruising,[-0.82138112 -0.19970136 -0.21083176]
205.54084849357605,1001,False,1,0,[-2.75728855  7.24954514  4.        ],cruising,[-0.48080528  0.59740651 -0.20557775]
205.54084849357605,1002,False,2,6,[-0.91132147  6.8826142   4.00006244],cruising,[ 0.5677905  -0.59831228 -0.99408226]
205.54084849357605,1003,False,6,5,[ 5.8391761  -4.83627105  4.0000174 ],cruising,[ 0.63925976  0.24903542 -0.34837281]
205.54084849357605,1004,False,5,1,[7.18953461 4.39119606 3.99999576],cruising,[-0.62185191  0.08809385  0.93462812]
205.54084849357605,1005,False,3,2,[-6.23480817 -0.86983246  4.00001355],exiting,[ 0.50568378 -0.03156594 -0.11489306]
205.64793229103088,1000,False,4,3,[ 4.23591611 -4.03817964  3.96788876],cruising,[-0.82138112 -0.19970136 -0.21083176]
205.64793229103088,1001,False,1,0,[-2.55830716  7.26970462  4.        ],cruising,[-0.48080528  0.59740651 -0.20557775]
205.64793229103088,1002,False,2,6,[-0.73532661  6.78760995  4.00005307],cruising,[ 0.5677905  -0.59831228 -0.99408226]
205.64793229103088,1003,False,6,5,[ 5.66196867 -4.79258265  4.00002777],cruising,[ 0.63925976  0.24903542 -0.34837281]
205.64793229103088,1004,False,5,1,[7.36499042 4.29519992 3.99999639],cruising,[-0.62185191  0.08809385  0.93462812]
205.64793229103088,1005,False,3,2,[-6.30940266 -0.93643322  4.0000103 ],exiting,[ 0.50568378 -0.03156594 -0.11489306]
205.73789811134338,1000,False,4,3,[ 4.05127227 -3.96132491  3.97270545],cruising,[-0.82138112 -0.19970136 -0.21083176]
205.73789811134338,1001,False,1,0,[-2.3585838   7.28022028  4.        ],cruising,[-0.48080528  0.59740651 -0.20557775]
205.73789811134338,1002,False,2,6,[-0.56233799  6.68723595  4.00004511],cruising,[ 0.5677905  -0.59831228 -0.99408226]
205.73789811134338,1003,False,6,5,[ 5.48802229 -4.7291619   4.00003392],cruising,[ 0.63925976  0.24903542 -0.34837281]
205.73789811134338,1004,False,5,1,[7.52976982 4.18229183 3.99999695],cruising,[-0.62185191  0.08809385  0.93462812]
205.73789811134338,1005,False,3,2,[-6.38399716 -1.00303398  4.00000773],exiting,[ 0.50568378 -0.03156594 -0.11489306]
205.85011982917786,1000,False,4,3,[ 3.86641826 -3.88497705  3.97679963],cruising,[-0.82138112 -0.19970136 -0.21083176]
205.85011982917786,1001,False,1,0,[-2.15858662  7.27915841  4.        ],cruising,[-0.48080528  0.59740651 -0.20557775]
205.85011982917786,1002,False,2,6,[-0.39153722  6.58318261  4.00003834],cruising,[ 0.5677905  -0.59831228 -0.99408226]
205.85011982917786,1003,False,6,5,[ 5.31713804 -4.64597695  4.00003536],cruising,[ 0.63925976  0.24903542 -0.34837281]
205.85011982917786,1004,False,5,1,[7.68243511 4.05346996 3.99999743],cruising,[-0.62185191  0.08809385  0.93462812]
205.85011982917786,1005,False,3,2,[-6.45859166 -1.06963473  4.00000573],exiting,[ 0.50568378 -0.03156594 -0.11489306]
205.93971252441406,1000,False,4,3,[ 3.68108057 -3.80981096  3.98027969],cruising,[-0.82138112 -0.19970136 -0.21083176]
205.93971252441406,1001,False,1,0,[-1.95969016  7.25817749  4.        ],cruising,[-0.48080528  0.59740651 -0.20557775]
205.93971252441406,1002,False,2,6,[-0.22163239  6.47767267  4.00003259],cruising,[ 0.5677905  -0.59831228 -0.99408226]
205.93971252441406,1003,False,6,5,[ 5.14878936 -4.54295339  4.00003165],cruising,[ 0.63925976  0.24903542 -0.34837281]
205.93971252441406,1004,False,5,1,[7.82141612 3.91006246 3.99999783],cruising,[-0.62185191  0.08809385  0.93462812]
205.93971252441406,1005,False,3,2,[-6.53318616 -1.13623549  4.00000416],exiting,[ 0.50568378 -0.03156594 -0.11489306]
206.03957962989807,1000,False,4,3,[ 3.49554877 -3.73512528  3.98323773],cruising,[-0.82138112 -0.19970136 -0.21083176]
206.03957962989807,1001,False,1,0,[-1.76356253  7.21901178  4.        ],cruising,[-0.48080528  0.59740651 -0.20557775]
206.03957962989807,1002,False,2,6,[-0.05277266  6.37049808  4.0000277 ],cruising,[ 0.5677905  -0.59831228 -0.99408226]
206.03957962989807,1003,False,6,5,[ 4.97686474 -4.44076766  4.0000269 ],cruising,[ 0.63925976  0.24903542 -0.34837281]
206.03957962989807,1004,False,5,1,[7.94524307 3.75360298 3.99999818],cruising,[-0.62185191  0.08809385  0.93462812]
206.03957962989807,1005,False,3,2,[-6.60778066 -1.20283625  4.00000295],exiting,[ 0.50568378 -0.03156594 -0.11489306]
206.14844965934753,1000,False,4,3,[ 3.30965481 -3.66134563  3.98575207],cruising,[-0.82138112 -0.19970136 -0.21083176]
206.14844965934753,1001,False,1,0,[-1.57123786  7.16413719  4.        ],cruising,[-0.48080528  0.59740651 -0.20557775]
206.14844965934753,1002,False,2,6,[0.11591171 6.26304771 4.00002355],cruising,[ 0.5677905  -0.59831228 -0.99408226]
206.14844965934753,1003,False,6,5,[ 4.80212129 -4.34348083  4.00002287],cruising,[ 0.63925976  0.24903542 -0.34837281]
206.14844965934753,1004,False,5,1,[8.05226187 3.5863044  3.99999849],cruising,[-0.62185191  0.08809385  0.93462812]
206.14844965934753,1005,False,3,2,[-6.68237516 -1.269437    4.00000203],exiting,[ 0.50568378 -0.03156594 -0.11489306]
206.23813772201538,1000,False,4,3,[ 3.1234705  -3.5883018   3.98788926],cruising,[-0.82138112 -0.19970136 -0.21083176]
206.23813772201538,1001,False,1,0,[-1.38316448  7.0961048   4.        ],cruising,[-0.48080528  0.59740651 -0.20557775]
206.23813772201538,1002,False,2,6,[0.28468313 6.15573411 4.00002002],cruising,[ 0.5677905  -0.59831228 -0.99408226]
206.23813772201538,1003,False,6,5,[ 4.62423714 -4.25206295  4.00001944],cruising,[ 0.63925976  0.24903542 -0.34837281]
206.23813772201538,1004,False,5,1,[8.1416435  3.40957553 3.99999876],cruising,[-0.62185191  0.08809385  0.93462812]
206.23813772201538,1005,False,3,2,[-6.75696965 -1.33603776  4.00000133],exiting,[ 0.50568378 -0.03156594 -0.11489306]
206.33901572227478,1000,False,4,3,[ 2.93694745 -3.51612733  3.98970587],cruising,[-0.82138112 -0.19970136 -0.21083176]
206.33901572227478,1001,False,1,0,[-1.19787063  7.02083071  4.        ],cruising,[-0.48080528  0.59740651 -0.20557775]
206.33901572227478,1002,False,2,6,[0.45395927 6.04921843 4.00001701],cruising,[ 0.5677905  -0.59831228 -0.99408226]
206.33901572227478,1003,False,6,5,[ 4.44478518 -4.16376236  4.00001652],cruising,[ 0.63925976  0.24903542 -0.34837281]
206.33901572227478,1004,False,5,1,[8.21272973 3.22476715 3.99999899],exiting,[-0.62185191  0.08809385  0.93462812]
206.33901572227478,1005,False,3,2,[-6.83156415 -1.40263852  4.00000081],exiting,[ 0.50568378 -0.03156594 -0.11489306]
206.43946051597595,1000,False,4,3,[ 2.74995407 -3.44518033  3.99124999],cruising,[-0.82138112 -0.19970136 -0.21083176]
206.43946051597595,1001,False,1,0,[-1.01693501  6.93561158  4.        ],cruising,[-0.48080528  0.59740651 -0.20557775]
206.43946051597595,1002,False,2,6,[0.62400187 5.94393067 4.00001446],cruising,[ 0.5677905  -0.59831228 -0.99408226]
206.43946051597595,1003,False,6,5,[ 4.26348331 -4.07932522  4.00001404],cruising,[ 0.63925976  0.24903542 -0.34837281]
206.43946051597595,1004,False,5,1,[8.26536873 3.04768535 3.9999992 ],exiting,[-0.62185191  0.08809385  0.93462812]
206.43946051597595,1005,False,3,2,[-6.90615865 -1.46923927  4.00000043],exiting,[ 0.50568378 -0.03156594 -0.11489306]
206.55213403701782,1000,False,4,3,[ 2.56234258 -3.3758844   3.99256249],cruising,[-0.82138112 -0.19970136 -0.21083176]
206.55213403701782,1001,False,1,0,[-0.8397905   6.84276859  4.        ],cruising,[-0.48080528  0.59740651 -0.20557775]
206.55213403701782,1002,False,2,6,[0.79557532 5.84115639 4.00001229],cruising,[ 0.5677905  -0.59831228 -0.99408226]
206.55213403701782,1003,False,6,5,[ 4.08132238 -3.99675768  4.00001194],cruising,[ 0.63925976  0.24903542 -0.34837281]
206.55213403701782,1004,False,5,1,[8.30213282 2.88276853 3.9999994 ],exiting,[-0.62185191  0.08809385  0.93462812]
206.55213403701782,1005,False,3,2,[-6.98075315 -1.53584003  4.00000016],landing,[ 0.50568378 -0.03156594 -0.11489306]
206.64341163635254,1000,False,4,3,[ 2.37428968 -3.30779544  3.99367812],cruising,[-0.82138112 -0.19970136 -0.21083176]
206.64341163635254,1001,False,1,0,[-0.66573076  6.74426373  4.        ],cruising,[-0.48080528  0.59740651 -0.20557775]
206.64341163635254,1002,False,2,6,[0.96849252 5.74065942 4.00001045],cruising,[ 0.5677905  -0.59831228 -0.99408226]
206.64341163635254,1003,False,6,5,[ 3.89805129 -3.91668455  4.00001015],cruising,[ 0.63925976  0.24903542 -0.34837281]
206.64341163635254,1004,False,5,1,[8.32426572 2.73148726 3.99999959],exiting,[-0.62185191  0.08809385  0.93462812]
206.64341163635254,1005,False,3,2,[-7.04696217 -1.5906957   3.986153  ],landing,[ 0.50568378 -0.03156594 -0.11489306]
206.74240446090698,1000,False,4,3,[ 2.18533299 -3.24225637  3.9946264 ],cruising,[-0.82138112 -0.19970136 -0.21083176]
206.74240446090698,1001,False,1,0,[-0.49319686  6.64311011  4.        ],cruising,[-0.48080528  0.59740651 -0.20557775]
206.74240446090698,1002,False,2,6,[1.14377023 5.64433848 4.00000888],cruising,[ 0.5677905  -0.59831228 -0.99408226]
206.74240446090698,1003,False,6,5,[ 3.71425317 -3.83782866  4.00000863],cruising,[ 0.63925976  0.24903542 -0.34837281]
206.74240446090698,1004,False,5,1,[8.33247375 2.59456211 3.99999977],exiting,[-0.62185191  0.08809385  0.93462812]
206.74240446090698,1005,False,3,2,[-7.10463419 -1.63372187  3.95862436],landing,[ 0.50568378 -0.03156594 -0.11489306]
206.8399133682251,1000,False,4,3,[ 1.99529696 -3.1799161   3.99543244],cruising,[-0.82138112 -0.19970136 -0.21083176]
206.8399133682251,1001,False,1,0,[-0.32268905  6.53857741  4.        ],cruising,[-0.48080528  0.59740651 -0.20557775]
206.8399133682251,1002,False,2,6,[1.32084225 5.55135729 4.00000755],cruising,[ 0.5677905  -0.59831228 -0.99408226]
206.8399133682251,1003,False,6,5,[ 3.5297424  -3.76065498  4.00000733],cruising,[ 0.63925976  0.24903542 -0.34837281]
206.8399133682251,1004,False,5,1,[8.32726297 2.47246718 3.99999993],exiting,[-0.62185191  0.08809385  0.93462812]
206.8399133682251,1005,False,3,2,[-7.15359151 -1.66482085  3.91761255],landing,[ 0.50568378 -0.03156594 -0.11489306]
206.93851113319397,1000,False,4,3,[ 1.80399142 -3.12158779  3.99611758],cruising,[-0.82138112 -0.19970136 -0.21083176]
206.93851113319397,1001,False,1,0,[-0.15298438  6.43274583  4.        ],cruising,[-0.48080528  0.59740651 -0.20557775]
206.93851113319397,1002,False,2,6,[1.4999242  5.46230869 4.00000642],cruising,[ 0.5677905  -0.59831228 -0.99408226]
206.93851113319397,1003,False,6,5,[ 3.34480293 -3.68451439  4.00000623],cruising,[ 0.63925976  0.24903542 -0.34837281]
206.93851113319397,1004,False,5,1,[8.30908677 2.36560045 4.00000008],exiting,[-0.62185191  0.08809385  0.93462812]
206.93851113319397,1005,False,3,2,[-7.19359461 -1.68386329  3.86339233],landing,[ 0.50568378 -0.03156594 -0.11489306]
207.03831577301025,1000,False,4,3,[ 1.61193758 -3.06577273  3.99669994],cruising,[-0.82138112 -0.19970136 -0.21083176]
207.03831577301025,1001,False,1,0,[0.01586505 6.325555   4.        ],cruising,[-0.48080528  0.59740651 -0.20557775]
207.03831577301025,1002,False,2,6,[1.68223257 5.38006722 4.00000545],cruising,[ 0.5677905  -0.59831228 -0.99408226]
207.03831577301025,1003,False,6,5,[ 3.15935979 -3.60960882  4.0000053 ],cruising,[ 0.63925976  0.24903542 -0.34837281]
207.03831577301025,1004,False,5,1,[8.27845524 2.27438187 4.0000002 ],exiting,[-0.62185191  0.08809385  0.93462812]
207.03831577301025,1005,False,3,2,[-7.22442911 -1.69073576  3.79621725],landing,[ 0.50568378 -0.03156594 -0.11489306]
207.1392035484314,1000,False,4,3,[ 1.4181685  -3.01623947  3.99719495],cruising,[-0.82138112 -0.19970136 -0.21083176]
207.1392035484314,1001,False,1,0,[0.18464729 6.21825842 4.        ],cruising,[-0.48080528  0.59740651 -0.20557775]
207.1392035484314,1002,False,2,6,[1.86673458 5.30287262 4.00000464],cruising,[ 0.5677905  -0.59831228 -0.99408226]
207.1392035484314,1003,False,6,5,[ 2.97341554 -3.53595602  4.0000045 ],cruising,[ 0.63925976  0.24903542 -0.34837281]
207.1392035484314,1004,False,5,1,[8.23562933 2.19901564 4.00000029],exiting,[-0.62185191  0.08809385  0.93462812]
207.1392035484314,1005,False,3,2,[-7.24590465 -1.68533946  3.71631869],landing,[ 0.50568378 -0.03156594 -0.11489306]
207.2385904788971,1000,False,4,3,[ 1.22165515 -2.97905744  3.99761571],cruising,[-0.82138112 -0.19970136 -0.21083176]
207.2385904788971,1001,False,1,0,[0.35370739 6.11140019 4.        ],exiting,[-0.48080528  0.59740651 -0.20557775]
207.2385904788971,1002,False,2,6,[2.0535378  5.23142644 4.00000394],cruising,[ 0.5677905  -0.59831228 -0.99408226]
207.2385904788971,1003,False,6,5,[ 2.78688001 -3.46381382  4.00000383],cruising,[ 0.63925976  0.24903542 -0.34837281]
207.2385904788971,1004,False,5,1,[8.18087877 2.13970566 4.00000036],exiting,[-0.62185191  0.08809385  0.93462812]
207.2385904788971,1005,False,3,2,[-7.25782871 -1.66757636  3.62393687],landing,[ 0.50568378 -0.03156594 -0.11489306]
207.34126615524292,1000,False,4,3,[ 1.02337944 -2.95285168  3.99797335],cruising,[-0.82138112 -0.19970136 -0.21083176]
207.34126615524292,1001,False,1,0,[0.51264186 6.02178932 4.        ],exiting,[-0.48080528  0.59740651 -0.20557775]
207.34126615524292,1002,False,2,6,[2.2426826  5.16643223 4.00000335],cruising,[ 0.5677905  -0.59831228 -0.99408226]
207.34126615524292,1003,False,6,5,[ 2.59986685 -3.39291898  4.00000325],cruising,[ 0.63925976  0.24903542 -0.34837281]
207.34126615524292,1004,False,5,1,[8.11448247 2.09665534 4.00000038],exiting,[-0.62185191  0.08809385  0.93462812]
207.34126615524292,1005,False,3,2,[-7.26600913 -1.64502596  3.52685669],landing,[ 0.50568378 -0.03156594 -0.11489306]
207.44082403182983,1000,False,4,3,[ 0.82372007 -2.94118387  3.99827735],cruising,[-0.82138112 -0.19970136 -0.21083176]
207.44082403182983,1001,False,1,0,[0.66130182 5.94933754 4.        ],exiting,[-0.48080528  0.59740651 -0.20557775]
207.44082403182983,1002,False,2,6,[2.43642348 5.11678878 4.00000285],cruising,[ 0.5677905  -0.59831228 -0.99408226]
207.44082403182983,1003,False,6,5,[ 2.41206679 -3.32413572  4.00000277],cruising,[ 0.63925976  0.24903542 -0.34837281]
207.44082403182983,1004,False,5,1,[8.03672916 2.07006765 4.00000038],exiting,[-0.62185191  0.08809385  0.93462812]
207.44082403182983,1005,False,3,2,[-7.27418956 -1.62247556  3.42977652],landing,[ 0.50568378 -0.03156594 -0.11489306]
207.54292035102844,1000,False,4,3,[ 0.62376913 -2.94561343  3.99853575],cruising,[-0.82138112 -0.19970136 -0.21083176]
207.54292035102844,1001,False,1,0,[0.79951881 5.89394286 4.        ],exiting,[-0.48080528  0.59740651 -0.20557775]
207.54292035102844,1002,False,2,6,[2.6321592  5.07570926 4.00000242],cruising,[ 0.5677905  -0.59831228 -0.99408226]
207.54292035102844,1003,False,6,5,[ 2.22333315 -3.25795708  4.00000235],cruising,[ 0.63925976  0.24903542 -0.34837281]
207.54292035102844,1004,False,5,1,[7.94791825 2.06014518 4.00000034],exiting,[-0.62185191  0.08809385  0.93462812]
207.54292035102844,1005,False,3,2,[-7.28236999 -1.59992516  3.33269635],landing,[ 0.50568378 -0.03156594 -0.11489306]
207.64233565330505,1000,False,4,3,[ 0.42472586 -2.96515246  3.99875538],cruising,[-0.82138112 -0.19970136 -0.21083176]
207.64233565330505,1001,False,1,0,[0.92710047 5.85548599 4.        ],exiting,[-0.48080528  0.59740651 -0.20557775]
207.64233565330505,1002,False,2,6,[2.82927204 5.04184883 4.00000206],cruising,[ 0.5677905  -0.59831228 -0.99408226]
207.64233565330505,1003,False,6,5,[ 2.03400214 -3.19350734  4.000002  ],cruising,[ 0.63925976  0.24903542 -0.34837281]
207.64233565330505,1004,False,5,1,[7.84836078 2.06709017 4.00000028],exiting,[-0.62185191  0.08809385  0.93462812]
207.64233565330505,1005,False,3,2,[-7.29055042 -1.57737475  3.23561617],landing,[ 0.50568378 -0.03156594 -0.11489306]
207.74632620811462,1000,False,4,3,[ 0.22763039 -2.99911385  3.99894208],cruising,[-0.82138112 -0.19970136 -0.21083176]
207.74632620811462,1001,False,1,0,[1.0438214  5.83382331 4.        ],exiting,[-0.48080528  0.59740651 -0.20557775]
207.74632620811462,1002,False,2,6,[3.02731664 5.01395021 4.00000175],cruising,[ 0.5677905  -0.59831228 -0.99408226]
207.74632620811462,1003,False,6,5,[ 1.84339826 -3.13292549  4.0000017 ],cruising,[ 0.63925976  0.24903542 -0.34837281]
207.74632620811462,1004,False,5,1,[7.74862321 2.07433011 4.00000022],exiting,[-0.62185191  0.08809385  0.93462812]
207.74632620811462,1005,False,3,2,[-7.29873084 -1.55482435  3.138536  ],landing,[ 0.50568378 -0.03156594 -0.11489306]
207.84960913658142,1000,False,4,3,[ 0.03333964 -3.04655967  3.99910076],cruising,[-0.82138112 -0.19970136 -0.21083176]
207.84960913658142,1001,False,1,0,[1.14940139 5.82877025 4.        ],exiting,[-0.48080528  0.59740651 -0.20557775]
207.84960913658142,1002,False,2,6,[3.22598008 4.99086687 4.00000149],cruising,[ 0.5677905  -0.59831228 -0.99408226]
207.84960913658142,1003,False,6,5,[ 1.651336   -3.07713941  4.00000144],cruising,[ 0.63925976  0.24903542 -0.34837281]
207.84960913658142,1004,False,5,1,[7.64888563 2.08157006 4.00000018],exiting,[-0.62185191  0.08809385  0.93462812]
207.84960913658142,1005,False,3,2,[-7.30691127 -1.53227395  3.04145583],landing,[ 0.50568378 -0.03156594 -0.11489306]
207.9393184185028,1000,False,4,3,[-0.15635471 -3.10993203  3.99923565],exiting,[-0.82138112 -0.19970136 -0.21083176]
207.9393184185028,1001,False,1,0,[1.24346728 5.84007034 4.        ],exiting,[-0.48080528  0.59740651 -0.20557775]
207.9393184185028,1002,False,2,6,[3.42504678 4.97156793 4.00000126],cruising,[ 0.5677905  -0.59831228 -0.99408226]
207.9393184185028,1003,False,6,5,[ 1.45762214 -3.02739062  4.00000123],cruising,[ 0.63925976  0.24903542 -0.34837281]
207.9393184185028,1004,False,5,1,[7.54914806 2.08881    4.00000015],exiting,[-0.62185191  0.08809385  0.93462812]
207.9393184185028,1005,False,3,2,[-7.3150917  -1.50972355  2.94437565],landing,[ 0.50568378 -0.03156594 -0.11489306]
208.05203342437744,1000,False,4,3,[-0.32641915 -3.17713411  3.99937008],exiting,[-0.82138112 -0.19970136 -0.21083176]
208.05203342437744,1001,False,1,0,[1.32578198 5.86755404 4.        ],exiting,[-0.48080528  0.59740651 -0.20557775]
208.05203342437744,1002,False,2,6,[3.62437029 4.95513206 4.00000107],cruising,[ 0.5677905  -0.59831228 -0.99408226]
208.05203342437744,1003,False,6,5,[ 1.26208408 -2.98538029  4.00000104],cruising,[ 0.63925976  0.24903542 -0.34837281]
208.05203342437744,1004,False,5,1,[7.44941049 2.09604994 4.00000012],exiting,[-0.62185191  0.08809385  0.93462812]
208.05203342437744,1005,False,3,2,[-7.32327212 -1.48717315  2.84729548],landing,[ 0.50568378 -0.03156594 -0.11489306]
208.14574646949768,1000,False,4,3,[-0.47684248 -3.24810803  3.99950208],exiting,[-0.82138112 -0.19970136 -0.21083176]
208.14574646949768,1001,False,1,0,[1.39610549 5.91104435 4.        ],exiting,[-0.48080528  0.59740651 -0.20557775]
208.14574646949768,1002,False,2,6,[3.82385146 4.94073543 4.00000091],cruising,[ 0.5677905  -0.59831228 -0.99408226]
208.14574646949768,1003,False,6,5,[ 1.0646431  -2.95348893  4.00000089],cruising,[ 0.63925976  0.24903542 -0.34837281]
208.14574646949768,1004,False,5,1,[7.34967292 2.10328988 4.00000009],exiting,[-0.62185191  0.08809385  0.93462812]
208.14574646949768,1005,False,3,2,[-7.33145255 -1.46462275  2.75021531],landing,[ 0.50568378 -0.03156594 -0.11489306]
208.247061252594,1000,False,4,3,[-0.60761102 -3.32278188  3.99962932],exiting,[-0.82138112 -0.19970136 -0.21083176]
208.247061252594,1001,False,1,0,[1.45419514 5.97035656 4.        ],exiting,[-0.48080528  0.59740651 -0.20557775]
208.247061252594,1002,False,2,6,[4.02342205 4.92763667 4.00000078],cruising,[ 0.5677905  -0.59831228 -0.99408226]
208.247061252594,1003,False,6,5,[ 0.86504678 -2.9414811   4.00000075],cruising,[ 0.63925976  0.24903542 -0.34837281]
208.247061252594,1004,False,5,1,[7.24993535 2.11052983 4.00000007],exiting,[-0.62185191  0.08809385  0.93462812]
208.247061252594,1005,False,3,2,[-7.33963298 -1.44207235  2.65313513],landing,[ 0.50568378 -0.03156594 -0.11489306]
208.3410210609436,1000,False,4,3,[-0.71870795 -3.40106508  3.99974906],exiting,[-0.82138112 -0.19970136 -0.21083176]
208.3410210609436,1001,False,1,0,[1.49980573 6.04529802 4.        ],exiting,[-0.48080528  0.59740651 -0.20557775]
208.3410210609436,1002,False,2,6,[4.22300749 4.91476604 4.00000066],cruising,[ 0.5677905  -0.59831228 -0.99408226]
208.3410210609436,1003,False,6,5,[ 0.66509446 -2.94584775  4.00000064],cruising,[ 0.63925976  0.24903542 -0.34837281]
208.3410210609436,1004,False,5,1,[7.15019778 2.11776977 4.00000006],exiting,[-0.62185191  0.08809385  0.93462812]
208.3410210609436,1005,False,3,2,[-7.34781341 -1.41952195  2.55605496],landing,[ 0.50568378 -0.03156594 -0.11489306]
208.44558930397034,1000,False,4,3,[-0.81011155 -3.48283721  3.99985775],exiting,[-0.82138112 -0.19970136 -0.21083176]
208.44558930397034,1001,False,1,0,[1.53268963 6.13566773 4.        ],exiting,[-0.48080528  0.59740651 -0.20557775]
208.44558930397034,1002,False,2,6,[4.42261874 4.90230213 4.00000056],cruising,[ 0.5677905  -0.59831228 -0.99408226]
208.44558930397034,1003,False,6,5,[ 0.46559281 -2.95995777  4.00000054],cruising,[ 0.63925976  0.24903542 -0.34837281]
208.44558930397034,1004,False,5,1,[7.0504602  2.12500971 4.00000005],exiting,[-0.62185191  0.08809385  0.93462812]
208.44558930397034,1005,False,3,2,[-7.35599383 -1.39697155  2.45897479],landing,[ 0.50568378 -0.03156594 -0.11489306]
208.53963446617126,1000,False,4,3,[-0.88179179 -3.56792431  3.99995045],exiting,[-0.82138112 -0.19970136 -0.21083176]
208.53963446617126,1001,False,1,0,[1.56080034 6.23163537 4.        ],exiting,[-0.48080528  0.59740651 -0.20557775]
208.53963446617126,1002,False,2,6,[4.62221174 4.88954923 4.00000048],cruising,[ 0.5677905  -0.59831228 -0.99408226]
208.53963446617126,1003,False,6,5,[ 0.26774515 -2.98922048  4.00000046],cruising,[ 0.63925976  0.24903542 -0.34837281]
208.53963446617126,1004,False,5,1,[6.95072263 2.13224965 4.00000004],exiting,[-0.62185191  0.08809385  0.93462812]
208.53963446617126,1005,False,3,2,[-7.36417426 -1.37442115  2.36189462],landing,[ 0.50568378 -0.03156594 -0.11489306]
208.6414177417755,1000,False,4,3,[-0.9337281  -3.65620149  4.00002383],exiting,[-0.82138112 -0.19970136 -0.21083176]
208.6414177417755,1001,False,1,0,[1.58891106 6.32760301 4.        ],exiting,[-0.48080528  0.59740651 -0.20557775]
208.6414177417755,1002,False,2,6,[4.82174255 4.87585788 4.0000004 ],cruising,[ 0.5677905  -0.59831228 -0.99408226]
208.6414177417755,1003,False,6,5,[ 0.07352042 -3.03693582  4.00000039],cruising,[ 0.63925976  0.24903542 -0.34837281]
208.6414177417755,1004,False,5,1,[6.85098506 2.1394896  4.00000003],exiting,[-0.62185191  0.08809385  0.93462812]
208.6414177417755,1005,False,3,2,[-7.37235469 -1.35187075  2.26481444],landing,[ 0.50568378 -0.03156594 -0.11489306]
208.7421989440918,1000,False,4,3,[-0.96589974 -3.74753763  4.00007457],exiting,[-0.82138112 -0.19970136 -0.21083176]
208.7421989440918,1001,False,1,0,[1.61702177 6.42357065 4.        ],exiting,[-0.48080528  0.59740651 -0.20557775]
208.7421989440918,1002,False,2,6,[5.02116001 4.86060412 4.00000034],cruising,[ 0.5677905  -0.59831228 -0.99408226]
208.7421989440918,1003,False,6,5,[-0.11745282 -3.09634307  4.00000033],cruising,[ 0.63925976  0.24903542 -0.34837281]
208.7421989440918,1004,False,5,1,[6.75124749 2.14672954 4.00000002],exiting,[-0.62185191  0.08809385  0.93462812]
208.7421989440918,1005,False,3,2,[-7.38053511 -1.32932034  2.16773427],landing,[ 0.50568378 -0.03156594 -0.11489306]
208.85233426094055,1000,False,4,3,[-0.97828612 -3.84179666  4.00009959],exiting,[-0.82138112 -0.19970136 -0.21083176]
208.85233426094055,1001,False,1,0,[1.64513248 6.51953829 4.        ],exiting,[-0.48080528  0.59740651 -0.20557775]
208.85233426094055,1002,False,2,6,[5.22048901 4.84423488 4.00000029],cruising,[ 0.5677905  -0.59831228 -0.99408226]
208.85233426094055,1003,False,6,5,[-0.3048844  -3.16612418  4.00000028],cruising,[ 0.63925976  0.24903542 -0.34837281]
208.85233426094055,1004,False,5,1,[6.65150992 2.15396948 4.00000002],exiting,[-0.62185191  0.08809385  0.93462812]
208.85233426094055,1005,False,3,2,[-7.38871554 -1.30676994  2.0706541 ],landing,[ 0.50568378 -0.03156594 -0.11489306]
208.95026898384094,1000,False,4,3,[-0.97086712 -3.93883877  4.00009653],exiting,[-0.82138112 -0.19970136 -0.21083176]
208.95026898384094,1001,False,1,0,[1.67324319 6.61550593 4.        ],exiting,[-0.48080528  0.59740651 -0.20557775]
208.95026898384094,1002,False,2,6,[5.41957631 4.82514968 4.00000025],cruising,[ 0.5677905  -0.59831228 -0.99408226]
208.95026898384094,1003,False,6,5,[-0.48771341 -3.24720163  4.00000024],cruising,[ 0.63925976  0.24903542 -0.34837281]
208.95026898384094,1004,False,5,1,[6.55177234 2.16120942 4.00000001],exiting,[-0.62185191  0.08809385  0.93462812]
208.95026898384094,1005,False,3,2,[-7.39689597 -1.28421954  1.97357392],landing,[ 0.50568378 -0.03156594 -0.11489306]
209.04435968399048,1000,False,4,3,[-0.95313704 -4.03725444  4.00007966],exiting,[-0.82138112 -0.19970136 -0.21083176]
209.04435968399048,1001,False,1,0,[1.7013539  6.71147357 4.        ],exiting,[-0.48080528  0.59740651 -0.20557775]
209.04435968399048,1002,False,2,6,[5.61830977 4.80267724 4.00000021],exiting,[ 0.5677905  -0.59831228 -0.99408226]
209.04435968399048,1003,False,6,5,[-0.66712902 -3.33557605  4.00000021],cruising,[ 0.63925976  0.24903542 -0.34837281]
209.04435968399048,1004,False,5,1,[6.45203477 2.16844936 4.00000001],exiting,[-0.62185191  0.08809385  0.93462812]
209.04435968399048,1005,False,3,2,[-7.4050764  -1.26166914  1.87649375],landing,[ 0.50568378 -0.03156594 -0.11489306]
209.13942337036133,1000,False,4,3,[-0.93540697 -4.13567012  4.00006569],exiting,[-0.82138112 -0.19970136 -0.21083176]
209.13942337036133,1001,False,1,0,[1.72946461 6.80744121 4.        ],exiting,[-0.48080528  0.59740651 -0.20557775]
209.13942337036133,1002,False,2,6,[5.80092591 4.79204675 4.00000017],exiting,[ 0.5677905  -0.59831228 -0.99408226]
209.13942337036133,1003,False,6,5,[-0.84497228 -3.42707344  4.00000017],cruising,[ 0.63925976  0.24903542 -0.34837281]
209.13942337036133,1004,False,5,1,[6.3522972  2.17568931 4.00000001],exiting,[-0.62185191  0.08809385  0.93462812]
209.13942337036133,1005,False,3,2,[-7.41325682 -1.23911874  1.77941358],landing,[ 0.50568378 -0.03156594 -0.11489306]
209.2458724975586,1000,False,4,3,[-0.91767689 -4.23408579  4.00005412],exiting,[-0.82138112 -0.19970136 -0.21083176]
209.2458724975586,1001,False,1,0,[1.75757532 6.90340885 4.        ],exiting,[-0.48080528  0.59740651 -0.20557775]
209.2458724975586,1002,False,2,6,[5.96740587 4.7932325  4.00000014],exiting,[ 0.5677905  -0.59831228 -0.99408226]
209.2458724975586,1003,False,6,5,[-1.02409677 -3.51603646  4.00000015],cruising,[ 0.63925976  0.24903542 -0.34837281]
209.2458724975586,1004,False,5,1,[6.25255963 2.18292925 4.00000001],exiting,[-0.62185191  0.08809385  0.93462812]
209.2458724975586,1005,False,3,2,[-7.42143725 -1.21656834  1.6823334 ],landing,[ 0.50568378 -0.03156594 -0.11489306]
209.3511073589325,1000,False,4,3,[-0.89994681 -4.33250146  4.00004455],exiting,[-0.82138112 -0.19970136 -0.21083176]
209.3511073589325,1001,False,1,0,[1.78568604 6.99937649 4.        ],exiting,[-0.48080528  0.59740651 -0.20557775]
209.3511073589325,1002,False,2,6,[6.11772442 4.80619999 4.0000001 ],exiting,[ 0.5677905  -0.59831228 -0.99408226]
209.3511073589325,1003,False,6,5,[-1.20736052 -3.59612639  4.00000013],cruising,[ 0.63925976  0.24903542 -0.34837281]
209.3511073589325,1004,False,5,1,[6.15282206 2.19016919 4.        ],exiting,[-0.62185191  0.08809385  0.93462812]
209.3511073589325,1005,False,3,2,[-7.42961768 -1.19401794  1.58525323],landing,[ 0.50568378 -0.03156594 -0.11489306]
209.4385621547699,1000,False,4,3,[-0.88221674 -4.43091713  4.00003665],exiting,[-0.82138112 -0.19970136 -0.21083176]
209.4385621547699,1001,False,1,0,[1.81379675 7.09534413 4.        ],exiting,[-0.48080528  0.59740651 -0.20557775]
209.4385621547699,1002,False,2,6,[6.25184781 4.83090274 4.00000007],exiting,[ 0.5677905  -0.59831228 -0.99408226]
209.4385621547699,1003,False,6,5,[-1.39753587 -3.65744854  4.00000011],cruising,[ 0.63925976  0.24903542 -0.34837281]
209.4385621547699,1004,False,5,1,[6.05308449 2.19740913 4.        ],exiting,[-0.62185191  0.08809385  0.93462812]
209.4385621547699,1005,False,3,2,[-7.4377981  -1.17146754  1.48817306],fake_landed,[ 0.50568378 -0.03156594 -0.11489306]
209.5407738685608,1000,False,4,3,[-0.86448666 -4.5293328   4.00003011],exiting,[-0.82138112 -0.19970136 -0.21083176]
209.5407738685608,1001,False,1,0,[1.84190746 7.19131177 4.        ],exiting,[-0.48080528  0.59740651 -0.20557775]
209.5407738685608,1002,False,2,6,[6.36972791 4.86727407 4.00000004],exiting,[ 0.5677905  -0.59831228 -0.99408226]
209.5407738685608,1003,False,6,5,[-1.59147094 -3.69912725  4.00000009],cruising,[ 0.63925976  0.24903542 -0.34837281]
209.5407738685608,1004,False,5,1,[5.95334691 2.20464908 4.        ],exiting,[-0.62185191  0.08809385  0.93462812]
209.5407738685608,1005,False,3,2,[-7.44434245 -1.15342722  1.41050892],fake_landed,[ 0.50568378 -0.03156594 -0.11489306]
209.64284563064575,1000,False,4,3,[-0.84675659 -4.62774847  4.00002472],exiting,[-0.82138112 -0.19970136 -0.21083176]
209.64284563064575,1001,False,1,0,[1.87001817 7.28727941 4.        ],exiting,[-0.48080528  0.59740651 -0.20557775]
209.64284563064575,1002,False,2,6,[6.47130279 4.91522726 4.00000002],exiting,[ 0.5677905  -0.59831228 -0.99408226]
209.64284563064575,1003,False,6,5,[-1.78605131 -3.72081638  4.00000007],cruising,[ 0.63925976  0.24903542 -0.34837281]
209.64284563064575,1004,False,5,1,[5.85360934 2.21188902 4.        ],exiting,[-0.62185191  0.08809385  0.93462812]
209.64284563064575,1005,False,3,2,[-7.4492507  -1.13989698  1.35226081],fake_landed,[ 0.50568378 -0.03156594 -0.11489306]
209.75275444984436,1000,False,4,3,[-0.82902651 -4.72616414  4.00002027],exiting,[-0.82138112 -0.19970136 -0.21083176]
209.75275444984436,1001,False,1,0,[1.89812888 7.38324705 4.        ],exiting,[-0.48080528  0.59740651 -0.20557775]
209.75275444984436,1002,False,2,6,[6.55652331 4.97469283 4.        ],exiting,[ 0.5677905  -0.59831228 -0.99408226]
209.75275444984436,1003,False,6,5,[-1.97827597 -3.72264472  4.00000006],cruising,[ 0.63925976  0.24903542 -0.34837281]
209.75275444984436,1004,False,5,1,[5.75387177 2.21912896 4.        ],exiting,[-0.62185191  0.08809385  0.93462812]
209.75275444984436,1005,False,3,2,[-7.45252287 -1.13087682  1.31342874],fake_landed,[ 0.50568378 -0.03156594 -0.11489306]
209.84642004966736,1000,False,4,3,[-0.81129644 -4.82457982  4.0000166 ],exiting,[-0.82138112 -0.19970136 -0.21083176]
209.84642004966736,1001,False,1,0,[1.92623959 7.47921469 4.        ],exiting,[-0.48080528  0.59740651 -0.20557775]
209.84642004966736,1002,False,2,6,[6.62533769 5.04559689 3.99999998],exiting,[ 0.5677905  -0.59831228 -0.99408226]
209.84642004966736,1003,False,6,5,[-2.16524582 -3.70517574  4.00000004],cruising,[ 0.63925976  0.24903542 -0.34837281]
209.84642004966736,1004,False,5,1,[5.6541342 2.2263689 4.       ],exiting,[-0.62185191  0.08809385  0.93462812]
209.84642004966736,1005,False,3,2,[-7.45415896 -1.12636674  1.29401271],fake_landed,[ 0.50568378 -0.03156594 -0.11489306]
209.93989253044128,1000,False,4,3,[-0.79356636 -4.92299549  4.00001358],exiting,[-0.82138112 -0.19970136 -0.21083176]
209.93989253044128,1001,False,1,0,[1.95435031 7.57518233 4.        ],exiting,[-0.48080528  0.59740651 -0.20557775]
209.93989253044128,1002,False,2,6,[6.67769232 5.12786213 3.99999998],exiting,[ 0.5677905  -0.59831228 -0.99408226]
209.93989253044128,1003,False,6,5,[-2.34463345 -3.66919972  4.00000003],cruising,[ 0.63925976  0.24903542 -0.34837281]
209.93989253044128,1004,False,5,1,[5.55439663 2.23360884 4.        ],landing,[-0.62185191  0.08809385  0.93462812]
209.93989253044128,1005,False,2,4,[-7.45415896 -1.12636674  1.29401271],waiting,[ 0.50568378 -0.03156594 -0.11489306]
210.0394561290741,1000,False,4,3,[-0.77583629 -5.02141116  4.0000111 ],exiting,[-0.82138112 -0.19970136 -0.21083176]
210.0394561290741,1001,False,1,0,[1.98246102 7.67114997 4.        ],exiting,[-0.48080528  0.59740651 -0.20557775]
210.0394561290741,1002,False,2,6,[6.71417625 5.22096918 3.99999998],exiting,[ 0.5677905  -0.59831228 -0.99408226]
210.0394561290741,1003,False,6,5,[-2.51425025 -3.6157729   4.00000001],cruising,[ 0.63925976  0.24903542 -0.34837281]
210.0394561290741,1004,False,5,1,[5.46853559 2.23671071 3.98620442],landing,[-0.62185191  0.08809385  0.93462812]
210.0394561290741,1005,False,2,4,[-7.45415896 -1.12636674  1.29401271],waiting,[ 0.50568378 -0.03156594 -0.11489306]
210.1526596546173,1000,False,4,3,[-0.75810621 -5.11982683  4.00000906],exiting,[-0.82138112 -0.19970136 -0.21083176]
210.1526596546173,1001,False,1,0,[2.01057173 7.76711761 4.        ],exiting,[-0.48080528  0.59740651 -0.20557775]
210.1526596546173,1002,False,2,6,[6.75066018 5.31407623 3.99999999],exiting,[ 0.5677905  -0.59831228 -0.99408226]
210.1526596546173,1003,False,6,5,[-2.67210309 -3.54617174  4.        ],cruising,[ 0.63925976  0.24903542 -0.34837281]
210.1526596546173,1004,False,5,1,[5.39672184 2.23569983 3.95877949],landing,[-0.62185191  0.08809385  0.93462812]
210.1526596546173,1005,False,2,4,[-7.45415896 -1.12636674  1.29401271],queued,[ 0.50568378 -0.03156594 -0.11489306]
210.2384684085846,1000,False,4,3,[-0.74037613 -5.2182425   4.00000738],exiting,[-0.82138112 -0.19970136 -0.21083176]
210.2384684085846,1001,False,1,0,[2.03868244 7.86308525 4.        ],exiting,[-0.48080528  0.59740651 -0.20557775]
210.2384684085846,1002,False,2,6,[6.78714411 5.40718328 3.99999999],exiting,[ 0.5677905  -0.59831228 -0.99408226]
210.2384684085846,1003,False,6,5,[-2.81651479 -3.46176059  3.99999999],cruising,[ 0.63925976  0.24903542 -0.34837281]
210.2384684085846,1004,False,5,1,[5.3391545  2.23060689 3.91792412],landing,[-0.62185191  0.08809385  0.93462812]
210.2384684085846,1005,False,2,4,[-7.45415896 -1.12636674  1.31401271],queued,[ 0.50568378 -0.03156594 -0.11489306]
210.33870387077332,1000,False,4,3,[-0.72264606 -5.31665817  4.000006  ],exiting,[-0.82138112 -0.19970136 -0.21083176]
210.33870387077332,1001,False,1,0,[2.06679315 7.95905289 4.        ],exiting,[-0.48080528  0.59740651 -0.20557775]
210.33870387077332,1002,False,2,6,[6.82362804 5.50029033 3.99999999],exiting,[ 0.5677905  -0.59831228 -0.99408226]
210.33870387077332,1003,False,6,5,[-2.94603245 -3.3640015   3.99999998],cruising,[ 0.63925976  0.24903542 -0.34837281]
210.33870387077332,1004,False,5,1,[5.29609933 2.22147486 3.86391267],landing,[-0.62185191  0.08809385  0.93462812]
210.33870387077332,1005,False,2,4,[-7.45415896 -1.12636674  1.35401271],queued,[ 0.50568378 -0.03156594 -0.11489306]
210.44062852859497,1000,False,4,3,[-0.70491598 -5.41507385  4.00000487],exiting,[-0.82138112 -0.19970136 -0.21083176]
210.44062852859497,1001,False,1,0,[2.09490386 8.05502053 4.        ],exiting,[-0.48080528  0.59740651 -0.20557775]
210.44062852859497,1002,False,2,6,[6.86011197 5.59339738 3.99999999],exiting,[ 0.5677905  -0.59831228 -0.99408226]
210.44062852859497,1003,False,6,5,[-3.05935477 -3.25450737  3.99999997],cruising,[ 0.63925976  0.24903542 -0.34837281]
210.44062852859497,1004,False,5,1,[5.26779681 2.20834472 3.7970026 ],landing,[-0.62185191  0.08809385  0.93462812]
210.44062852859497,1005,False,2,4,[-7.45415896 -1.12636674  1.41401271],queued,[ 0.50568378 -0.03156594 -0.11489306]
210.54425072669983,1000,False,4,3,[-0.68718591 -5.51348952  4.00000395],exiting,[-0.82138112 -0.19970136 -0.21083176]
210.54425072669983,1001,False,1,0,[2.12301457 8.15098817 4.        ],exiting,[-0.48080528  0.59740651 -0.20557775]
210.54425072669983,1002,False,2,6,[6.8965959  5.68650443 3.99999999],exiting,[ 0.5677905  -0.59831228 -0.99408226]
210.54425072669983,1003,False,6,5,[-3.15538262 -3.13496828  3.99999997],cruising,[ 0.63925976  0.24903542 -0.34837281]
210.54425072669983,1004,False,5,1,[5.25445687 2.19125394 3.71742625],landing,[-0.62185191  0.08809385  0.93462812]
210.54425072669983,1005,False,2,4,[-7.45415896 -1.12636674  1.48901271],queued,[ 0.50568378 -0.03156594 -0.11489306]
210.6444160938263,1000,False,4,3,[-0.66945583 -5.61190519  4.0000032 ],exiting,[-0.82138112 -0.19970136 -0.21083176]
210.6444160938263,1001,False,1,0,[2.15112529 8.24695581 4.        ],exiting,[-0.48080528  0.59740651 -0.20557775]
210.6444160938263,1002,False,2,6,[6.93307983 5.77961148 3.99999999],exiting,[ 0.5677905  -0.59831228 -0.99408226]
210.6444160938263,1003,False,6,5,[-3.2334956  -3.00653776  3.99999996],cruising,[ 0.63925976  0.24903542 -0.34837281]
210.6444160938263,1004,False,5,1,[5.25629058 2.17024194 3.62542475],landing,[-0.62185191  0.08809385  0.93462812]
210.6444160938263,1005,False,2,4,[-7.45415896 -1.12636674  1.56401271],queued,[ 0.50568378 -0.03156594 -0.11489306]
210.7489891052246,1000,False,4,3,[-0.65172576 -5.71032086  4.00000258],exiting,[-0.82138112 -0.19970136 -0.21083176]
210.7489891052246,1001,False,1,0,[2.179236   8.34292345 4.        ],exiting,[-0.48080528  0.59740651 -0.20557775]
210.7489891052246,1002,False,2,6,[6.96956376 5.87271853 4.        ],exiting,[ 0.5677905  -0.59831228 -0.99408226]
210.7489891052246,1003,False,6,5,[-3.29332032 -2.87001161  3.99999996],cruising,[ 0.63925976  0.24903542 -0.34837281]
210.7489891052246,1004,False,5,1,[5.26451692 2.1476181  3.52836554],landing,[-0.62185191  0.08809385  0.93462812]
210.7489891052246,1005,False,2,4,[-7.45415896 -1.12636674  1.63901271],queued,[ 0.50568378 -0.03156594 -0.11489306]
210.83926057815552,1000,False,4,3,[-0.63399568 -5.80873653  4.00000208],exiting,[-0.82138112 -0.19970136 -0.21083176]
210.83926057815552,1001,False,1,0,[2.20734671 8.43889109 4.        ],exiting,[-0.48080528  0.59740651 -0.20557775]
210.83926057815552,1002,False,2,6,[7.00604769 5.96582558 4.        ],exiting,[ 0.5677905  -0.59831228 -0.99408226]
210.83926057815552,1003,False,6,5,[-3.33468317 -2.72579392  3.99999996],cruising,[ 0.63925976  0.24903542 -0.34837281]
210.83926057815552,1004,False,5,1,[5.27274327 2.12499426 3.43130634],landing,[-0.62185191  0.08809385  0.93462812]
210.83926057815552,1005,False,2,4,[-7.45415896 -1.12636674  1.71401271],queued,[ 0.50568378 -0.03156594 -0.11489306]
210.9424388408661,1000,False,4,3,[-0.6162656  -5.9071522   4.00000167],exiting,[-0.82138112 -0.19970136 -0.21083176]
210.9424388408661,1001,False,1,0,[2.23545742 8.53485873 4.        ],exiting,[-0.48080528  0.59740651 -0.20557775]
210.9424388408661,1002,False,2,6,[7.04253162 6.05893264 4.        ],exiting,[ 0.5677905  -0.59831228 -0.99408226]
210.9424388408661,1003,False,6,5,[-3.35751137 -2.57406181  3.99999995],cruising,[ 0.63925976  0.24903542 -0.34837281]
210.9424388408661,1004,False,5,1,[5.28096962 2.10237042 3.33424713],landing,[-0.62185191  0.08809385  0.93462812]
210.9424388408661,1005,False,2,4,[-7.45415896 -1.12636674  1.78901271],queued,[ 0.50568378 -0.03156594 -0.11489306]
211.048672914505,1000,False,4,3,[-0.59853553 -6.00556788  4.00000134],exiting,[-0.82138112 -0.19970136 -0.21083176]
211.048672914505,1001,False,1,0,[2.26356813 8.63082637 4.        ],landing,[-0.48080528  0.59740651 -0.20557775]
211.048672914505,1002,False,2,6,[7.07901555 6.15203969 4.        ],exiting,[ 0.5677905  -0.59831228 -0.99408226]
211.048672914505,1003,False,6,5,[-3.36180832 -2.41480689  3.99999996],cruising,[ 0.63925976  0.24903542 -0.34837281]
211.048672914505,1004,False,5,1,[5.28919597 2.07974658 3.23718793],landing,[-0.62185191  0.08809385  0.93462812]
211.048672914505,1005,False,2,4,[-7.45415896 -1.12636674  1.86401271],queued,[ 0.50568378 -0.03156594 -0.11489306]
211.15088844299316,1000,False,4,3,[-0.58080545 -6.10398355  4.00000107],exiting,[-0.82138112 -0.19970136 -0.21083176]
211.15088844299316,1001,False,1,0,[2.29081567 8.71249159 3.98604666],landing,[-0.48080528  0.59740651 -0.20557775]
211.15088844299316,1002,False,2,6,[7.11549948 6.24514674 4.        ],exiting,[ 0.5677905  -0.59831228 -0.99408226]
211.15088844299316,1003,False,6,5,[-3.34789561 -2.24728103  3.99999996],cruising,[ 0.63925976  0.24903542 -0.34837281]
211.15088844299316,1004,False,5,1,[5.29742231 2.05712274 3.14012873],landing,[-0.62185191  0.08809385  0.93462812]
211.15088844299316,1005,False,2,4,[-7.45415896 -1.12636674  1.93901271],queued,[ 0.50568378 -0.03156594 -0.11489306]
211.24530601501465,1000,False,4,3,[-0.56307538 -6.20239922  4.00000085],exiting,[-0.82138112 -0.19970136 -0.21083176]
211.24530601501465,1001,False,1,0,[2.31711596 8.7797011  3.95830437],landing,[-0.48080528  0.59740651 -0.20557775]
211.24530601501465,1002,False,2,6,[7.15198341 6.33825379 4.        ],exiting,[ 0.5677905  -0.59831228 -0.99408226]
211.24530601501465,1003,False,6,5,[-3.3168037  -2.06951432  3.99999996],cruising,[ 0.63925976  0.24903542 -0.34837281]
211.24530601501465,1004,False,5,1,[5.30564866 2.0344989  3.04306952],landing,[-0.62185191  0.08809385  0.93462812]
211.24530601501465,1005,False,2,4,[-7.45415896 -1.12636674  2.01401271],queued,[ 0.50568378 -0.03156594 -0.11489306]
211.3521707057953,1000,False,4,3,[-0.5453453  -6.30081489  4.00000067],exiting,[-0.82138112 -0.19970136 -0.21083176]
211.3521707057953,1001,False,1,0,[2.34236936 8.83227568 3.91697079],landing,[-0.48080528  0.59740651 -0.20557775]
211.3521707057953,1002,False,2,6,[7.18846734 6.43136084 4.        ],exiting,[ 0.5677905  -0.59831228 -0.99408226]
211.3521707057953,1003,False,6,5,[-3.27391294 -1.8755987   3.99999997],cruising,[ 0.63925976  0.24903542 -0.34837281]
211.3521707057953,1004,False,5,1,[5.31387501 2.01187506 2.94601032],landing,[-0.62185191  0.08809385  0.93462812]
211.3521707057953,1005,False,2,4,[-7.45415896 -1.12636674  2.08901271],queued,[ 0.50568378 -0.03156594 -0.11489306]
211.44324111938477,1000,False,4,3,[-0.52761523 -6.39923056  4.00000053],exiting,[-0.82138112 -0.19970136 -0.21083176]
211.44324111938477,1001,False,1,0,[2.36643931 8.86997384 3.86232214],landing,[-0.48080528  0.59740651 -0.20557775]
211.44324111938477,1002,False,2,6,[7.22495127 6.52446789 4.        ],exiting,[ 0.5677905  -0.59831228 -0.99408226]
211.44324111938477,1003,False,6,5,[-3.2463919  -1.67750127  3.99999997],cruising,[ 0.63925976  0.24903542 -0.34837281]
211.44324111938477,1004,False,5,1,[5.32210135 1.98925122 2.84895112],landing,[-0.62185191  0.08809385  0.93462812]
211.44324111938477,1005,False,2,4,[-7.45415896 -1.12636674  2.16401271],entering,[ 0.50568378 -0.03156594 -0.11489306]
211.54272747039795,1000,False,4,3,[-0.50988515 -6.49764623  4.00000042],exiting,[-0.82138112 -0.19970136 -0.21083176]
211.54272747039795,1001,False,1,0,[2.38920609 8.89258795 3.79460546],landing,[-0.48080528  0.59740651 -0.20557775]
211.54272747039795,1002,False,2,6,[7.2614352  6.61757494 4.        ],exiting,[ 0.5677905  -0.59831228 -0.99408226]
211.54272747039795,1003,False,6,5,[-3.23535377 -1.4778061   3.99999998],cruising,[ 0.63925976  0.24903542 -0.34837281]
211.54272747039795,1004,False,5,1,[5.3303277  1.96662738 2.75189191],landing,[-0.62185191  0.08809385  0.93462812]
211.54272747039795,1005,False,2,4,[-7.44107305 -1.11124196  2.23901271],entering,[ 0.50568378 -0.03156594 -0.11489306]
211.65360641479492,1000,False,4,3,[-0.49215508 -6.59606191  4.00000032],exiting,[-0.82138112 -0.19970136 -0.21083176]
211.65360641479492,1001,False,1,0,[2.4105601  8.89993128 3.71405105],landing,[-0.48080528  0.59740651 -0.20557775]
211.65360641479492,1002,False,2,6,[7.29791913 6.71068199 4.        ],exiting,[ 0.5677905  -0.59831228 -0.99408226]
211.65360641479492,1003,False,6,5,[-3.24023575 -1.27786569  3.99999998],cruising,[ 0.63925976  0.24903542 -0.34837281]
211.65360641479492,1004,False,5,1,[5.33855405 1.94400354 2.65483271],landing,[-0.62185191  0.08809385  0.93462812]
211.65360641479492,1005,False,2,4,[-7.41491609 -1.08097955  2.31401271],entering,[ 0.50568378 -0.03156594 -0.11489306]
211.74070262908936,1000,False,4,3,[-0.474425   -6.69447758  4.00000025],exiting,[-0.82138112 -0.19970136 -0.21083176]
211.74070262908936,1001,False,1,0,[2.43038949 8.89181657 3.62089805],landing,[-0.48080528  0.59740651 -0.20557775]
211.74070262908936,1002,False,2,6,[7.33440306 6.80378904 4.        ],exiting,[ 0.5677905  -0.59831228 -0.99408226]
211.74070262908936,1003,False,6,5,[-3.25902694 -1.07875042  3.99999998],cruising,[ 0.63925976  0.24903542 -0.34837281]
211.74070262908936,1004,False,5,1,[5.3467804 1.9213797 2.5577735],landing,[-0.62185191  0.08809385  0.93462812]
211.74070262908936,1005,False,2,4,[-7.37572099 -1.03555117  2.38901271],entering,[ 0.50568378 -0.03156594 -0.11489306]
211.85241961479187,1000,False,4,3,[-0.45669492 -6.79289325  4.00000019],exiting,[-0.82138112 -0.19970136 -0.21083176]
211.85241961479187,1001,False,1,0,[2.4496789  8.87854801 3.52367735],landing,[-0.48080528  0.59740651 -0.20557775]
211.85241961479187,1002,False,2,6,[7.37088699 6.89689609 4.        ],exiting,[ 0.5677905  -0.59831228 -0.99408226]
211.85241961479187,1003,False,6,5,[-3.29145123 -0.88139626  3.99999999],cruising,[ 0.63925976  0.24903542 -0.34837281]
211.85241961479187,1004,False,5,1,[5.35500674 1.89875586 2.4607143 ],landing,[-0.62185191  0.08809385  0.93462812]
211.85241961479187,1005,False,2,4,[-7.32355061 -0.974903    2.46401271],entering,[ 0.50568378 -0.03156594 -0.11489306]
211.94595384597778,1000,False,4,3,[-0.43896485 -6.89130892  4.00000015],exiting,[-0.82138112 -0.19970136 -0.21083176]
211.94595384597778,1001,False,1,0,[2.46896831 8.86527945 3.42645666],landing,[-0.48080528  0.59740651 -0.20557775]
211.94595384597778,1002,False,2,6,[7.40737091 6.99000314 4.        ],exiting,[ 0.5677905  -0.59831228 -0.99408226]
211.94595384597778,1003,False,6,5,[-3.336387   -0.68650969  3.99999999],cruising,[ 0.63925976  0.24903542 -0.34837281]
211.94595384597778,1004,False,5,1,[5.36323309 1.87613202 2.3636551 ],landing,[-0.62185191  0.08809385  0.93462812]
211.94595384597778,1005,False,2,4,[-7.25852811 -0.89893089  2.53901271],entering,[ 0.50568378 -0.03156594 -0.11489306]
212.04816436767578,1000,False,4,3,[-0.42123477 -6.98972459  4.00000011],exiting,[-0.82138112 -0.19970136 -0.21083176]
212.04816436767578,1001,False,1,0,[2.48825772 8.85201089 3.32923596],landing,[-0.48080528  0.59740651 -0.20557775]
212.04816436767578,1002,False,2,6,[7.44385484 7.08311019 4.        ],exiting,[ 0.5677905  -0.59831228 -0.99408226]
212.04816436767578,1003,False,6,5,[-3.39118029 -0.49416183  3.99999999],cruising,[ 0.63925976  0.24903542 -0.34837281]
212.04816436767578,1004,False,5,1,[5.37145944 1.85350818 2.26659589],landing,[-0.62185191  0.08809385  0.93462812]
212.04816436767578,1005,False,2,4,[-7.18097032 -0.8073746   2.61401271],entering,[ 0.50568378 -0.03156594 -0.11489306]
212.15288424491882,1000,False,4,3,[-0.4035047  -7.08814026  4.00000008],exiting,[-0.82138112 -0.19970136 -0.21083176]
212.15288424491882,1001,False,1,0,[2.50754713 8.83874233 3.23201526],landing,[-0.48080528  0.59740651 -0.20557775]
212.15288424491882,1002,False,2,6,[7.48033877 7.17621724 4.        ],exiting,[ 0.5677905  -0.59831228 -0.99408226]
212.15288424491882,1003,False,6,5,[-3.45684808 -0.30524984  3.99999999],cruising,[ 0.63925976  0.24903542 -0.34837281]
212.15288424491882,1004,False,5,1,[5.37968579 1.83088434 2.16953669],landing,[-0.62185191  0.08809385  0.93462812]
212.15288424491882,1005,False,2,4,[-7.09120035 -0.69997966  2.68901271],entering,[ 0.50568378 -0.03156594 -0.11489306]
212.23833322525024,1000,False,4,3,[-0.38577462 -7.18655594  4.00000006],exiting,[-0.82138112 -0.19970136 -0.21083176]
212.23833322525024,1001,False,1,0,[2.52683654 8.82547377 3.13479456],landing,[-0.48080528  0.59740651 -0.20557775]
212.23833322525024,1002,False,2,6,[7.5168227  7.26932429 4.        ],exiting,[ 0.5677905  -0.59831228 -0.99408226]
212.23833322525024,1003,False,6,5,[-3.5327401  -0.12020822  3.99999999],cruising,[ 0.63925976  0.24903542 -0.34837281]
212.23833322525024,1004,False,5,1,[5.38791213 1.8082605  2.07247748],landing,[-0.62185191  0.08809385  0.93462812]
212.23833322525024,1005,False,2,4,[-6.98976531 -0.57633894  2.76401271],entering,[ 0.50568378 -0.03156594 -0.11489306]
212.33892178535461,1000,False,4,3,[-0.36804455 -7.28497161  4.00000004],exiting,[-0.82138112 -0.19970136 -0.21083176]
212.33892178535461,1001,False,1,0,[2.54612595 8.81220521 3.03757387],landing,[-0.48080528  0.59740651 -0.20557775]
212.33892178535461,1002,False,2,6,[7.55330663 7.36243134 4.        ],exiting,[ 0.5677905  -0.59831228 -0.99408226]
212.33892178535461,1003,False,6,5,[-3.61629302  0.06150284  3.99999999],cruising,[ 0.63925976  0.24903542 -0.34837281]
212.33892178535461,1004,False,5,1,[5.39613848 1.78563666 1.97541828],landing,[-0.62185191  0.08809385  0.93462812]
212.33892178535461,1005,False,2,4,[-6.87783677 -0.43567215  2.83901271],entering,[ 0.50568378 -0.03156594 -0.11489306]
212.43890380859375,1000,False,4,3,[-0.35031447 -7.38338728  4.00000003],exiting,[-0.82138112 -0.19970136 -0.21083176]
212.43890380859375,1001,False,1,0,[2.56541536 8.79893665 2.94035317],landing,[-0.48080528  0.59740651 -0.20557775]
212.43890380859375,1002,False,2,6,[7.58979056 7.45553839 4.        ],exiting,[ 0.5677905  -0.59831228 -0.99408226]
212.43890380859375,1003,False,6,5,[-3.71092893  0.23769604  3.99999999],cruising,[ 0.63925976  0.24903542 -0.34837281]
212.43890380859375,1004,False,5,1,[5.40436483 1.76301282 1.87835908],landing,[-0.62185191  0.08809385  0.93462812]
212.43890380859375,1005,False,2,4,[-6.75805674 -0.27661096  2.91401271],entering,[ 0.50568378 -0.03156594 -0.11489306]
212.5390088558197,1000,False,4,3,[-0.3325844  -7.48180295  4.00000002],exiting,[-0.82138112 -0.19970136 -0.21083176]
212.5390088558197,1001,False,1,0,[2.58470477 8.78566809 2.84313247],landing,[-0.48080528  0.59740651 -0.20557775]
212.5390088558197,1002,False,2,6,[7.62627449 7.54864545 4.        ],exiting,[ 0.5677905  -0.59831228 -0.99408226]
212.5390088558197,1003,False,6,5,[-3.81145004  0.41059921  4.        ],cruising,[ 0.63925976  0.24903542 -0.34837281]
212.5390088558197,1004,False,5,1,[5.41259118 1.74038898 1.78129987],landing,[-0.62185191  0.08809385  0.93462812]
212.5390088558197,1005,False,2,4,[-6.64117251 -0.11432086  2.98901271],entering,[ 0.50568378 -0.03156594 -0.11489306]
212.6428849697113,1000,False,4,3,[-0.31485432 -7.58021862  4.00000001],exiting,[-0.82138112 -0.19970136 -0.21083176]
212.6428849697113,1001,False,1,0,[2.60399418 8.77239954 2.74591178],landing,[-0.48080528  0.59740651 -0.20557775]
212.6428849697113,1002,False,2,6,[7.66275842 7.6417525  4.        ],exiting,[ 0.5677905  -0.59831228 -0.99408226]
212.6428849697113,1003,False,6,5,[-3.91658645  0.58073544  4.        ],cruising,[ 0.63925976  0.24903542 -0.34837281]
212.6428849697113,1004,False,5,1,[5.42081752 1.71776514 1.68424067],landing,[-0.62185191  0.08809385  0.93462812]
212.6428849697113,1005,False,2,4,[-6.52780648  0.05044608  3.06401271],entering,[ 0.50568378 -0.03156594 -0.11489306]
212.73865365982056,1000,False,4,3,[-0.29712424 -7.67863429  4.00000001],exiting,[-0.82138112 -0.19970136 -0.21083176]
212.73865365982056,1001,False,1,0,[2.6232836  8.75913098 2.64869108],landing,[-0.48080528  0.59740651 -0.20557775]
212.73865365982056,1002,False,2,6,[7.69924235 7.73485955 4.        ],exiting,[ 0.5677905  -0.59831228 -0.99408226]
212.73865365982056,1003,False,6,5,[-4.02633839  0.74793147  4.        ],cruising,[ 0.63925976  0.24903542 -0.34837281]
212.73865365982056,1004,False,5,1,[5.42904387 1.6951413  1.58718146],landing,[-0.62185191  0.08809385  0.93462812]
212.73865365982056,1005,False,2,4,[-6.41857136  0.21798022  3.13901271],entering,[ 0.50568378 -0.03156594 -0.11489306]
212.83855867385864,1000,False,4,3,[-0.27939417 -7.77704996  4.        ],landing,[-0.82138112 -0.19970136 -0.21083176]
212.83855867385864,1001,False,1,0,[2.64257301 8.74586242 2.55147038],landing,[-0.48080528  0.59740651 -0.20557775]
212.83855867385864,1002,False,2,6,[7.73572628 7.8279666  4.        ],exiting,[ 0.5677905  -0.59831228 -0.99408226]
212.83855867385864,1003,False,6,5,[-4.1383595   0.91361571  4.        ],cruising,[ 0.63925976  0.24903542 -0.34837281]
212.83855867385864,1004,False,5,1,[5.43727022 1.67251746 1.49012226],fake_landed,[-0.62185191  0.08809385  0.93462812]
212.83855867385864,1005,False,2,4,[-6.31400205  0.38846559  3.21401271],entering,[ 0.50568378 -0.03156594 -0.11489306]
212.93932509422302,1000,False,4,3,[-0.26730398 -7.86231064  3.98603083],landing,[-0.82138112 -0.19970136 -0.21083176]
212.93932509422302,1001,False,1,0,[2.66186242 8.73259386 2.45424968],landing,[-0.48080528  0.59740651 -0.20557775]
212.93932509422302,1002,False,2,6,[7.77221021 7.92107365 4.        ],exiting,[ 0.5677905  -0.59831228 -0.99408226]
212.93932509422302,1003,False,6,5,[-4.25148315  1.07854916  4.        ],cruising,[ 0.63925976  0.24903542 -0.34837281]
212.93932509422302,1004,False,5,1,[5.4438513  1.65441839 1.4124749 ],fake_landed,[-0.62185191  0.08809385  0.93462812]
212.93932509422302,1005,False,2,4,[-6.21479713  0.56212728  3.28901271],entering,[ 0.50568378 -0.03156594 -0.11489306]
213.04725694656372,1000,False,4,3,[-0.26084681 -7.93424135  3.95825654],landing,[-0.82138112 -0.19970136 -0.21083176]
213.04725694656372,1001,False,1,0,[2.68115183 8.7193253  2.35702899],landing,[-0.48080528  0.59740651 -0.20557775]
213.04725694656372,1002,False,2,6,[7.80869414 8.0141807  4.        ],exiting,[ 0.5677905  -0.59831228 -0.99408226]
213.04725694656372,1003,False,6,5,[-4.36612339  1.24243209  4.        ],cruising,[ 0.63925976  0.24903542 -0.34837281]
213.04725694656372,1004,False,5,1,[5.4487871  1.64084409 1.35423937],fake_landed,[-0.62185191  0.08809385  0.93462812]
213.04725694656372,1005,False,2,4,[-6.1217838   0.73918241  3.36401271],entering,[ 0.50568378 -0.03156594 -0.11489306]
213.1414520740509,1000,False,4,3,[-0.26001342 -7.99263684  3.9168745 ],landing,[-0.82138112 -0.19970136 -0.21083176]
213.1414520740509,1001,False,1,0,[2.70044124 8.70605674 2.25980829],landing,[-0.48080528  0.59740651 -0.20557775]
213.1414520740509,1002,False,2,6,[7.84517807 8.10728775 4.        ],exiting,[ 0.5677905  -0.59831228 -0.99408226]
213.1414520740509,1003,False,6,5,[-4.48177772  1.40560095  4.        ],cruising,[ 0.63925976  0.24903542 -0.34837281]
213.1414520740509,1004,False,5,1,[5.45207764 1.63179455 1.31541569],fake_landed,[-0.62185191  0.08809385  0.93462812]
213.1414520740509,1005,False,2,4,[-6.03592469  0.91981523  3.43901271],entering,[ 0.50568378 -0.03156594 -0.11489306]
213.24035954475403,1000,False,4,3,[-0.26478925 -8.03721897  3.862161  ],landing,[-0.82138112 -0.19970136 -0.21083176]
213.24035954475403,1001,False,1,0,[2.71973065 8.69278818 2.16258759],landing,[-0.48080528  0.59740651 -0.20557775]
213.24035954475403,1002,False,2,6,[7.881662  8.2003948 4.       ],exiting,[ 0.5677905  -0.59831228 -0.99408226]
213.24035954475403,1003,False,6,5,[-4.59801918  1.56835206  4.        ],cruising,[ 0.63925976  0.24903542 -0.34837281]
213.24035954475403,1004,False,5,1,[5.45372291 1.62726978 1.29600385],fake_landed,[-0.62185191  0.08809385  0.93462812]
213.24035954475403,1005,False,2,4,[-5.95836871  1.10416563  3.51401271],entering,[ 0.50568378 -0.03156594 -0.11489306]
213.3511700630188,1000,False,4,3,[-0.27515982 -8.06774916  3.79436157],landing,[-0.82138112 -0.19970136 -0.21083176]
213.3511700630188,1001,False,1,0,[2.73902006 8.67951962 2.06536689],landing,[-0.48080528  0.59740651 -0.20557775]
213.3511700630188,1002,False,2,6,[7.91814593 8.29350185 4.        ],exiting,[ 0.5677905  -0.59831228 -0.99408226]
213.3511700630188,1003,False,6,5,[-4.71447756  1.73094801  4.        ],cruising,[ 0.63925976  0.24903542 -0.34837281]
213.3511700630188,1004,False,1,2,[5.45372291 1.62726978 1.29600385],waiting,[-0.62185191  0.08809385  0.93462812]
213.3511700630188,1005,False,2,4,[-5.8904575   1.29228279  3.5869108 ],entering,[ 0.50568378 -0.03156594 -0.11489306]
213.4532332420349,1000,False,4,3,[-0.29111029 -8.08401099  3.71370606],landing,[-0.82138112 -0.19970136 -0.21083176]
213.4532332420349,1001,False,1,0,[2.75830947 8.66625107 1.9681462 ],landing,[-0.48080528  0.59740651 -0.20557775]
213.4532332420349,1002,False,2,6,[7.95462986 8.3866089  4.        ],exiting,[ 0.5677905  -0.59831228 -0.99408226]
213.4532332420349,1003,False,6,5,[-4.83082363  1.89362435  4.        ],cruising,[ 0.63925976  0.24903542 -0.34837281]
213.4532332420349,1004,False,1,2,[5.45372291 1.62726978 1.29600385],waiting,[-0.62185191  0.08809385  0.93462812]
213.4532332420349,1005,False,2,4,[-5.8337022   1.48406088  3.64887418],entering,[ 0.50568378 -0.03156594 -0.11489306]
213.54289841651917,1000,False,4,3,[-0.31262406 -8.08578653  3.62043321],landing,[-0.82138112 -0.19970136 -0.21083176]
213.54289841651917,1001,False,1,0,[2.77759888 8.65298251 1.8709255 ],landing,[-0.48080528  0.59740651 -0.20557775]
213.54289841651917,1002,False,2,6,[7.99111379 8.47971595 4.        ],exiting,[ 0.5677905  -0.59831228 -0.99408226]
213.54289841651917,1003,False,6,5,[-4.94675561  2.05659606  4.        ],cruising,[ 0.63925976  0.24903542 -0.34837281]
213.54289841651917,1004,False,1,2,[5.45372291 1.62726978 1.29600385],waiting,[-0.62185191  0.08809385  0.93462812]
213.54289841651917,1005,False,2,4,[-5.78970675  1.67916188  3.70154306],entering,[ 0.50568378 -0.03156594 -0.11489306]
213.64959692955017,1000,False,4,3,[-0.33590257 -8.08288131  3.52322379],landing,[-0.82138112 -0.19970136 -0.21083176]
213.64959692955017,1001,False,1,0,[2.79688829 8.63971395 1.7737048 ],landing,[-0.48080528  0.59740651 -0.20557775]
213.64959692955017,1002,False,2,6,[8.02759772 8.572823   4.        ],exiting,[ 0.5677905  -0.59831228 -0.99408226]
213.64959692955017,1003,False,6,5,[-5.06237232  2.21979157  4.        ],cruising,[ 0.63925976  0.24903542 -0.34837281]
213.64959692955017,1004,False,1,2,[5.45372291 1.62726978 1.29600385],waiting,[-0.62185191  0.08809385  0.93462812]
213.64959692955017,1005,False,2,4,[-5.76001331  1.87694535  3.7463116 ],entering,[ 0.50568378 -0.03156594 -0.11489306]
213.74818539619446,1000,False,4,3,[-0.35918108 -8.07997608  3.42601437],landing,[-0.82138112 -0.19970136 -0.21083176]
213.74818539619446,1001,False,1,0,[2.8161777  8.62644539 1.6764841 ],landing,[-0.48080528  0.59740651 -0.20557775]
213.74818539619446,1002,False,2,6,[8.06408165 8.66593005 4.        ],exiting,[ 0.5677905  -0.59831228 -0.99408226]
213.74818539619446,1003,False,6,5,[-5.17705713  2.38364332  4.        ],cruising,[ 0.63925976  0.24903542 -0.34837281]
213.74818539619446,1004,False,1,2,[5.45372291 1.62726978 1.29600385],waiting,[-0.62185191  0.08809385  0.93462812]
213.74818539619446,1005,False,2,4,[-5.74586306  2.07644415  3.78436486],entering,[ 0.50568378 -0.03156594 -0.11489306]
213.84377789497375,1000,False,4,3,[-0.38245959 -8.07707085  3.32880496],landing,[-0.82138112 -0.19970136 -0.21083176]
213.84377789497375,1001,False,1,0,[2.83546711 8.61317683 1.57926341],landing,[-0.48080528  0.59740651 -0.20557775]
213.84377789497375,1002,False,2,6,[8.10056558 8.7590371  4.        ],exiting,[ 0.5677905  -0.59831228 -0.99408226]
213.84377789497375,1003,False,6,5,[-5.29051288  2.54834849  4.        ],cruising,[ 0.63925976  0.24903542 -0.34837281]
213.84377789497375,1004,False,1,2,[5.45372291 1.62726978 1.29600385],waiting,[-0.62185191  0.08809385  0.93462812]
213.84377789497375,1005,False,2,4,[-5.74706109  2.27644056  3.81671013],entering,[ 0.50568378 -0.03156594 -0.11489306]
213.9417552947998,1000,False,4,3,[-0.4057381  -8.07416563  3.23159554],landing,[-0.82138112 -0.19970136 -0.21083176]
213.9417552947998,1001,False,1,0,[2.85475652 8.59990827 1.48204271],fake_landed,[-0.48080528  0.59740651 -0.20557775]
213.9417552947998,1002,False,2,6,[8.13704951 8.85214415 4.        ],exiting,[ 0.5677905  -0.59831228 -0.99408226]
213.9417552947998,1003,False,6,5,[-5.40243031  2.71410279  4.        ],cruising,[ 0.63925976  0.24903542 -0.34837281]
213.9417552947998,1004,False,1,2,[5.45372291 1.62726978 1.29600385],queued,[-0.62185191  0.08809385  0.93462812]
213.9417552947998,1005,False,2,4,[-5.76428259  2.47569773  3.84420361],cruising,[ 0.50568378 -0.03156594 -0.11489306]
214.04869627952576,1000,False,4,3,[-0.42901662 -8.0712604   3.13438613],landing,[-0.82138112 -0.19970136 -0.21083176]
214.04869627952576,1001,False,1,0,[2.87018805 8.58929342 1.40426615],fake_landed,[-0.48080528  0.59740651 -0.20557775]
214.04869627952576,1002,False,2,6,[8.17353344 8.9452512  4.        ],exiting,[ 0.5677905  -0.59831228 -0.99408226]
214.04869627952576,1003,False,6,5,[-5.51247507  2.88110624  4.        ],cruising,[ 0.63925976  0.24903542 -0.34837281]
214.04869627952576,1004,False,1,2,[5.45372291 1.62726978 1.31600385],queued,[-0.62185191  0.08809385  0.93462812]
214.04869627952576,1005,False,2,4,[-5.79536366  2.67326789  3.86757307],cruising,[ 0.50568378 -0.03156594 -0.11489306]
214.1455385684967,1000,False,4,3,[-0.45229513 -8.06835517  3.03717671],landing,[-0.82138112 -0.19970136 -0.21083176]
214.1455385684967,1001,False,1,0,[2.8817617  8.58133229 1.34593373],fake_landed,[-0.48080528  0.59740651 -0.20557775]
214.1455385684967,1002,False,2,6,[8.21001737 9.03835826 4.        ],exiting,[ 0.5677905  -0.59831228 -0.99408226]
214.1455385684967,1003,False,6,5,[-5.62142939  3.04882313  4.        ],cruising,[ 0.63925976  0.24903542 -0.34837281]
214.1455385684967,1004,False,1,2,[5.45372291 1.62726978 1.35600385],queued,[-0.62185191  0.08809385  0.93462812]
214.1455385684967,1005,False,2,4,[-5.83974577  2.86828129  3.88743711],cruising,[ 0.50568378 -0.03156594 -0.11489306]
214.2428858280182,1000,False,4,3,[-0.47557364 -8.06544995  2.9399673 ],landing,[-0.82138112 -0.19970136 -0.21083176]
214.2428858280182,1001,False,1,0,[2.88947746 8.57602487 1.30704545],fake_landed,[-0.48080528  0.59740651 -0.20557775]
214.2428858280182,1002,False,2,6,[8.2465013  9.13146531 4.        ],landing,[ 0.5677905  -0.59831228 -0.99408226]
214.2428858280182,1003,False,6,5,[-5.7276736   3.21826978  4.        ],cruising,[ 0.63925976  0.24903542 -0.34837281]
214.2428858280182,1004,False,1,2,[5.45372291 1.62726978 1.41600385],queued,[-0.62185191  0.08809385  0.93462812]
214.2428858280182,1005,False,2,4,[-5.89375406  3.06085103  3.90432154],cruising,[ 0.50568378 -0.03156594 -0.11489306]
214.33952975273132,1000,False,4,3,[-0.49885215 -8.06254472  2.84275788],landing,[-0.82138112 -0.19970136 -0.21083176]
214.33952975273132,1001,False,1,0,[2.89333534 8.57337115 1.28760132],fake_landed,[-0.48080528  0.59740651 -0.20557775]
214.33952975273132,1002,False,2,6,[8.28097067 9.21052359 3.98590838],landing,[ 0.5677905  -0.59831228 -0.99408226]
214.33952975273132,1003,False,6,5,[-5.83074059  3.38966755  4.        ],cruising,[ 0.63925976  0.24903542 -0.34837281]
214.33952975273132,1004,False,1,2,[5.45372291 1.62726978 1.49100385],queued,[-0.62185191  0.08809385  0.93462812]
214.33952975273132,1005,False,2,4,[-5.95495005  3.25125862  3.91867331],cruising,[ 0.50568378 -0.03156594 -0.11489306]
214.4382619857788,1000,False,4,3,[-0.52213066 -8.05963949  2.74554846],landing,[-0.82138112 -0.19970136 -0.21083176]
214.4382619857788,1001,False,1,0,[2.89333534 8.57337115 1.28760132],fake_landed,[-0.48080528  0.59740651 -0.20557775]
214.4382619857788,1002,False,2,6,[8.3133276  9.27538608 3.95788777],landing,[ 0.5677905  -0.59831228 -0.99408226]
214.4382619857788,1003,False,6,5,[-5.93006301  3.56326207  4.        ],cruising,[ 0.63925976  0.24903542 -0.34837281]
214.4382619857788,1004,False,1,2,[5.45372291 1.62726978 1.56600385],queued,[-0.62185191  0.08809385  0.93462812]
214.4382619857788,1005,False,2,4,[-6.02093801  3.44005902  3.93087231],cruising,[ 0.50568378 -0.03156594 -0.11489306]
214.53882455825806,1000,False,4,3,[-0.54540918 -8.05673427  2.64833905],landing,[-0.82138112 -0.19970136 -0.21083176]
214.53882455825806,1001,False,0,1,[2.89333534 8.57337115 1.28760132],waiting,[-0.48080528  0.59740651 -0.20557775]
214.53882455825806,1002,False,2,6,[8.34345582 9.32588025 3.91613455],landing,[ 0.5677905  -0.59831228 -0.99408226]
214.53882455825806,1003,False,6,5,[-6.0249414   3.73932482  4.        ],cruising,[ 0.63925976  0.24903542 -0.34837281]
214.53882455825806,1004,False,1,2,[5.45372291 1.62726978 1.64100385],queued,[-0.62185191  0.08809385  0.93462812]
214.53882455825806,1005,False,2,4,[-6.09177518  3.62709403  3.94124147],cruising,[ 0.50568378 -0.03156594 -0.11489306]
214.638121843338,1000,False,4,3,[-0.56868769 -8.05382904  2.55112963],landing,[-0.82138112 -0.19970136 -0.21083176]
214.638121843338,1001,False,0,1,[2.89333534 8.57337115 1.28760132],waiting,[-0.48080528  0.59740651 -0.20557775]
214.638121843338,1002,False,2,6,[8.37119439 9.36177099 3.86092661],landing,[ 0.5677905  -0.59831228 -0.99408226]
214.638121843338,1003,False,6,5,[-6.11450159  3.91815147  4.        ],cruising,[ 0.63925976  0.24903542 -0.34837281]
214.638121843338,1004,False,1,2,[5.45372291 1.62726978 1.71600385],queued,[-0.62185191  0.08809385  0.93462812]
214.638121843338,1005,False,2,4,[-6.16285506  3.81403694  3.95005525],cruising,[ 0.50568378 -0.03156594 -0.11489306]
214.74648475646973,1000,False,4,3,[-0.5919662  -8.05092381  2.45392022],landing,[-0.82138112 -0.19970136 -0.21083176]
214.74648475646973,1001,False,0,1,[2.89333534 8.57337115 1.28760132],waiting,[-0.48080528  0.59740651 -0.20557775]
214.74648475646973,1002,False,2,6,[8.39640911 9.38286569 3.79250099],landing,[ 0.5677905  -0.59831228 -0.99408226]
214.74648475646973,1003,False,6,5,[-6.19763767  4.10005362  4.        ],cruising,[ 0.63925976  0.24903542 -0.34837281]
214.74648475646973,1004,False,1,2,[5.45372291 1.62726978 1.79100385],queued,[-0.62185191  0.08809385  0.93462812]
214.74648475646973,1005,False,2,4,[-6.22889487  4.0028192   3.95754696],cruising,[ 0.50568378 -0.03156594 -0.11489306]
214.83811354637146,1000,False,4,3,[-0.61524471 -8.04801859  2.3567108 ],landing,[-0.82138112 -0.19970136 -0.21083176]
214.83811354637146,1001,False,0,1,[2.89333534 8.57337115 1.28760132],waiting,[-0.48080528  0.59740651 -0.20557775]
214.83811354637146,1002,False,2,6,[8.41897335 9.38898545 3.71108591],landing,[ 0.5677905  -0.59831228 -0.99408226]
214.83811354637146,1003,False,6,5,[-6.26872669  4.28699305  4.        ],cruising,[ 0.63925976  0.24903542 -0.34837281]
214.83811354637146,1004,False,1,2,[5.45372291 1.62726978 1.86600385],queued,[-0.62185191  0.08809385  0.93462812]
214.83811354637146,1005,False,2,4,[-6.2910684   4.19290984  3.96391492],cruising,[ 0.50568378 -0.03156594 -0.11489306]
214.93929409980774,1000,False,4,3,[-0.63852322 -8.04511336  2.25950138],landing,[-0.82138112 -0.19970136 -0.21083176]
214.93929409980774,1001,False,0,1,[2.89333534 8.57337115 1.28760132],waiting,[-0.48080528  0.59740651 -0.20557775]
214.93929409980774,1002,False,2,6,[8.43875812 9.37995093 3.61691848],landing,[ 0.5677905  -0.59831228 -0.99408226]
214.93929409980774,1003,False,6,5,[-6.32999507  4.47737736  4.        ],exiting,[ 0.63925976  0.24903542 -0.34837281]
214.93929409980774,1004,False,1,2,[5.45372291 1.62726978 1.94100385],queued,[-0.62185191  0.08809385  0.93462812]
214.93929409980774,1005,False,2,4,[-6.34690185  4.38495834  3.96932768],cruising,[ 0.50568378 -0.03156594 -0.11489306]
215.04502964019775,1000,False,4,3,[-0.66180174 -8.04220813  2.16229197],landing,[-0.82138112 -0.19970136 -0.21083176]
215.04502964019775,1001,False,0,1,[2.89333534 8.57337115 1.28760132],waiting,[-0.48080528  0.59740651 -0.20557775]
215.04502964019775,1002,False,2,6,[8.45780947 9.3670535  3.51960094],landing,[ 0.5677905  -0.59831228 -0.99408226]
215.04502964019775,1003,False,6,5,[-6.39088719  4.64776521  4.        ],exiting,[ 0.63925976  0.24903542 -0.34837281]
215.04502964019775,1004,False,1,2,[5.45372291 1.62726978 2.01600385],queued,[-0.62185191  0.08809385  0.93462812]
215.04502964019775,1005,False,2,4,[-6.38736926  4.58082153  3.97392853],cruising,[ 0.50568378 -0.03156594 -0.11489306]
215.13959765434265,1000,False,4,3,[-0.68508025 -8.03930291  2.06508255],landing,[-0.82138112 -0.19970136 -0.21083176]
215.13959765434265,1001,False,0,1,[2.89333534 8.57337115 1.28760132],waiting,[-0.48080528  0.59740651 -0.20557775]
215.13959765434265,1002,False,2,6,[8.47686082 9.35415606 3.42228341],landing,[ 0.5677905  -0.59831228 -0.99408226]
215.13959765434265,1003,False,6,5,[-6.45162365  4.79815367  4.        ],exiting,[ 0.63925976  0.24903542 -0.34837281]
215.13959765434265,1004,False,1,2,[5.45372291 1.62726978 2.09100385],queued,[-0.62185191  0.08809385  0.93462812]
215.13959765434265,1005,False,2,4,[-6.41493118  4.77891328  3.97783925],cruising,[ 0.50568378 -0.03156594 -0.11489306]
215.24962496757507,1000,False,4,3,[-0.70835876 -8.03639768  1.96787314],landing,[-0.82138112 -0.19970136 -0.21083176]
215.24962496757507,1001,False,0,1,[2.89333534 8.57337115 1.28760132],waiting,[-0.48080528  0.59740651 -0.20557775]
215.24962496757507,1002,False,2,6,[8.49591218 9.34125863 3.32496588],landing,[ 0.5677905  -0.59831228 -0.99408226]
215.24962496757507,1003,False,6,5,[-6.51251495  4.92854272  4.        ],exiting,[ 0.63925976  0.24903542 -0.34837281]
215.24962496757507,1004,False,1,2,[5.45372291 1.62726978 2.16600385],queued,[-0.62185191  0.08809385  0.93462812]
215.24962496757507,1005,False,2,4,[-6.42254508  4.97838229  3.98132659],cruising,[ 0.50568378 -0.03156594 -0.11489306]
215.3463490009308,1000,False,4,3,[-0.73163727 -8.03349245  1.87066372],landing,[-0.82138112 -0.19970136 -0.21083176]
215.3463490009308,1001,False,0,1,[2.89333534 8.57337115 1.28760132],waiting,[-0.48080528  0.59740651 -0.20557775]
215.3463490009308,1002,False,2,6,[8.51496353 9.3283612  3.22764834],landing,[ 0.5677905  -0.59831228 -0.99408226]
215.3463490009308,1003,False,6,5,[-6.57389074  5.03893765  4.        ],exiting,[ 0.63925976  0.24903542 -0.34837281]
215.3463490009308,1004,False,1,2,[5.45372291 1.62726978 2.24100385],queued,[-0.62185191  0.08809385  0.93462812]
215.3463490009308,1005,False,2,4,[-6.41020433  5.17653969  3.9845105 ],cruising,[ 0.50568378 -0.03156594 -0.11489306]
215.4506800174713,1000,False,4,3,[-0.75491578 -8.03058723  1.7734543 ],landing,[-0.82138112 -0.19970136 -0.21083176]
215.4506800174713,1001,False,0,1,[2.89333534 8.57337115 1.28760132],queued,[-0.48080528  0.59740651 -0.20557775]
215.4506800174713,1002,False,2,6,[8.53401488 9.31546377 3.13033081],landing,[ 0.5677905  -0.59831228 -0.99408226]
215.4506800174713,1003,False,6,5,[-6.63606222  5.1293484   4.        ],exiting,[ 0.63925976  0.24903542 -0.34837281]
215.4506800174713,1004,False,1,2,[5.45372291 1.62726978 2.31600385],queued,[-0.62185191  0.08809385  0.93462812]
215.4506800174713,1005,False,2,4,[-6.3782433   5.37082753  3.98742822],cruising,[ 0.50568378 -0.03156594 -0.11489306]
215.54385328292847,1000,False,4,3,[-0.7781943  -8.027682    1.67624489],landing,[-0.82138112 -0.19970136 -0.21083176]
215.54385328292847,1001,False,0,1,[2.89333534 8.57337115 1.30760132],queued,[-0.48080528  0.59740651 -0.20557775]
215.54385328292847,1002,False,2,6,[8.55306624 9.30256633 3.03301328],landing,[ 0.5677905  -0.59831228 -0.99408226]
215.54385328292847,1003,False,6,5,[-6.6989438   5.20710383  4.        ],exiting,[ 0.63925976  0.24903542 -0.34837281]
215.54385328292847,1004,False,1,2,[5.45372291 1.62726978 2.39100385],queued,[-0.62185191  0.08809385  0.93462812]
215.54385328292847,1005,False,2,4,[-6.32728855  5.55885636  3.99009372],cruising,[ 0.50568378 -0.03156594 -0.11489306]
215.63938212394714,1000,False,4,3,[-0.80147281 -8.02477678  1.57903547],landing,[-0.82138112 -0.19970136 -0.21083176]
215.63938212394714,1001,False,0,1,[2.89333534 8.57337115 1.34760132],queued,[-0.48080528  0.59740651 -0.20557775]
215.63938212394714,1002,False,2,6,[8.57211759 9.2896689  2.93569575],landing,[ 0.5677905  -0.59831228 -0.99408226]
215.63938212394714,1003,False,6,5,[-6.76182538  5.28485926  4.        ],exiting,[ 0.63925976  0.24903542 -0.34837281]
215.63938212394714,1004,False,1,2,[5.45372291 1.62726978 2.46600385],queued,[-0.62185191  0.08809385  0.93462812]
215.63938212394714,1005,False,2,4,[-6.25822783  5.73839325  3.99251262],cruising,[ 0.50568378 -0.03156594 -0.11489306]
215.73903346061707,1000,False,4,3,[-0.82475132 -8.02187155  1.48182606],fake_landed,[-0.82138112 -0.19970136 -0.21083176]
215.73903346061707,1001,False,0,1,[2.89333534 8.57337115 1.40760132],queued,[-0.48080528  0.59740651 -0.20557775]
215.73903346061707,1002,False,2,6,[8.59116894 9.27677147 2.83837821],landing,[ 0.5677905  -0.59831228 -0.99408226]
215.73903346061707,1003,False,6,5,[-6.82470697  5.36261469  4.        ],exiting,[ 0.63925976  0.24903542 -0.34837281]
215.73903346061707,1004,False,1,2,[5.45372291 1.62726978 2.54100385],queued,[-0.62185191  0.08809385  0.93462812]
215.73903346061707,1005,False,2,4,[-6.17208555  5.90753054  3.99466981],cruising,[ 0.50568378 -0.03156594 -0.11489306]
215.8487467765808,1000,False,4,3,[-0.84337413 -8.01954737  1.40405852],fake_landed,[-0.82138112 -0.19970136 -0.21083176]
215.8487467765808,1001,False,0,1,[2.89333534 8.57337115 1.48260132],queued,[-0.48080528  0.59740651 -0.20557775]
215.8487467765808,1002,False,2,6,[8.61022029 9.26387404 2.74106068],landing,[ 0.5677905  -0.59831228 -0.99408226]
215.8487467765808,1003,False,6,5,[-6.88758855  5.44037012  4.        ],exiting,[ 0.63925976  0.24903542 -0.34837281]
215.8487467765808,1004,False,1,2,[5.45372291 1.62726978 2.61600385],entering,[-0.62185191  0.08809385  0.93462812]
215.8487467765808,1005,False,2,4,[-6.06977175  6.06490315  3.99655434],cruising,[ 0.50568378 -0.03156594 -0.11489306]
215.95381665229797,1000,False,4,3,[-0.85734124 -8.01780423  1.34573287],fake_landed,[-0.82138112 -0.19970136 -0.21083176]
215.95381665229797,1001,False,0,1,[2.89333534 8.57337115 1.55760132],queued,[-0.48080528  0.59740651 -0.20557775]
215.95381665229797,1002,False,2,6,[8.62927165 9.2509766  2.64374315],landing,[ 0.5677905  -0.59831228 -0.99408226]
215.95381665229797,1003,False,6,5,[-6.95047013  5.51812555  4.        ],exiting,[ 0.63925976  0.24903542 -0.34837281]
215.95381665229797,1004,False,1,2,[5.47341628 1.62378103 2.69100385],entering,[-0.62185191  0.08809385  0.93462812]
215.95381665229797,1005,False,2,4,[-5.95247914  6.20902574  3.99817071],cruising,[ 0.50568378 -0.03156594 -0.11489306]
216.04393482208252,1000,False,4,3,[-0.86665264 -8.01664214  1.30684911],fake_landed,[-0.82138112 -0.19970136 -0.21083176]
216.04393482208252,1001,False,0,1,[2.89333534 8.57337115 1.63260132],queued,[-0.48080528  0.59740651 -0.20557775]
216.04393482208252,1002,False,2,6,[8.648323   9.23807917 2.54642562],landing,[ 0.5677905  -0.59831228 -0.99408226]
216.04393482208252,1003,False,6,5,[-7.01335171  5.59588098  4.        ],exiting,[ 0.63925976  0.24903542 -0.34837281]
216.04393482208252,1004,False,1,2,[5.51279735 1.61677172 2.76600385],entering,[-0.62185191  0.08809385  0.93462812]
216.04393482208252,1005,False,2,4,[-5.82109432  6.33895918  3.9995079 ],cruising,[ 0.50568378 -0.03156594 -0.11489306]
216.13916850090027,1000,False,4,3,[-0.87130835 -8.0160611   1.28740723],fake_landed,[-0.82138112 -0.19970136 -0.21083176]
216.13916850090027,1001,False,0,1,[2.89333534 8.57337115 1.70760132],queued,[-0.48080528  0.59740651 -0.20557775]
216.13916850090027,1002,False,2,6,[8.66737435 9.22518174 2.44910808],landing,[ 0.5677905  -0.59831228 -0.99408226]
216.13916850090027,1003,False,6,5,[-7.07623329  5.67363641  4.        ],exiting,[ 0.63925976  0.24903542 -0.34837281]
216.13916850090027,1004,False,1,2,[5.57185338 1.60617138 2.84100385],entering,[-0.62185191  0.08809385  0.93462812]
216.13916850090027,1005,False,2,4,[-5.6764616   6.45391231  4.00055636],cruising,[ 0.50568378 -0.03156594 -0.11489306]
216.2520170211792,1000,False,3,0,[-0.87130835 -8.0160611   1.28740723],waiting,[-0.82138112 -0.19970136 -0.21083176]
216.2520170211792,1001,False,0,1,[2.89333534 8.57337115 1.78260132],queued,[-0.48080528  0.59740651 -0.20557775]
216.2520170211792,1002,False,2,6,[8.6864257  9.21228431 2.35179055],landing,[ 0.5677905  -0.59831228 -0.99408226]
216.2520170211792,1003,False,6,5,[-7.13911487  5.75139184  4.        ],exiting,[ 0.63925976  0.24903542 -0.34837281]
216.2520170211792,1004,False,1,2,[5.65051037 1.59159574 2.91600385],entering,[-0.62185191  0.08809385  0.93462812]
216.2520170211792,1005,False,2,4,[-5.51934935  6.5532394   4.00130762],cruising,[ 0.50568378 -0.03156594 -0.11489306]
216.34312319755554,1000,False,3,0,[-0.87130835 -8.0160611   1.28740723],waiting,[-0.82138112 -0.19970136 -0.21083176]
216.34312319755554,1001,False,0,1,[2.89333534 8.57337115 1.85760132],queued,[-0.48080528  0.59740651 -0.20557775]
216.34312319755554,1002,False,2,6,[8.70547706 9.19938688 2.25447302],landing,[ 0.5677905  -0.59831228 -0.99408226]
216.34312319755554,1003,False,6,5,[-7.20199645  5.82914726  4.        ],exiting,[ 0.63925976  0.24903542 -0.34837281]
216.34312319755554,1004,False,1,2,[5.74868706 1.57266337 2.99100385],entering,[-0.62185191  0.08809385  0.93462812]
216.34312319755554,1005,False,2,4,[-5.3504499   6.63641193  4.00175567],cruising,[ 0.50568378 -0.03156594 -0.11489306]
216.4428334236145,1000,False,3,0,[-0.87130835 -8.0160611   1.28740723],waiting,[-0.82138112 -0.19970136 -0.21083176]
216.4428334236145,1001,False,0,1,[2.89333534 8.57337115 1.93260132],queued,[-0.48080528  0.59740651 -0.20557775]
216.4428334236145,1002,False,2,6,[8.72452841 9.18648944 2.15715548],landing,[ 0.5677905  -0.59831228 -0.99408226]
216.4428334236145,1003,False,6,5,[-7.26487803  5.90690269  4.        ],exiting,[ 0.63925976  0.24903542 -0.34837281]
216.4428334236145,1004,False,1,2,[5.86624217 1.54878361 3.06600385],entering,[-0.62185191  0.08809385  0.93462812]
216.4428334236145,1005,False,2,4,[-5.17061222  6.70284322  4.00191021],cruising,[ 0.50568378 -0.03156594 -0.11489306]
216.5470359325409,1000,False,3,0,[-0.87130835 -8.0160611   1.28740723],waiting,[-0.82138112 -0.19970136 -0.21083176]
216.5470359325409,1001,False,0,1,[2.89333534 8.57337115 2.00760132],queued,[-0.48080528  0.59740651 -0.20557775]
216.5470359325409,1002,False,2,6,[8.74357976 9.17359201 2.05983795],landing,[ 0.5677905  -0.59831228 -0.99408226]
216.5470359325409,1003,False,6,5,[-7.32775961  5.98465812  4.        ],exiting,[ 0.63925976  0.24903542 -0.34837281]
216.5470359325409,1004,False,1,2,[6.00298975 1.5192781  3.14100385],entering,[-0.62185191  0.08809385  0.93462812]
216.5470359325409,1005,False,2,4,[-4.97985697  6.75252007  4.00175597],cruising,[ 0.50568378 -0.03156594 -0.11489306]
216.64561867713928,1000,False,3,0,[-0.87130835 -8.0160611   1.28740723],waiting,[-0.82138112 -0.19970136 -0.21083176]
216.64561867713928,1001,False,0,1,[2.89333534 8.57337115 2.08260132],queued,[-0.48080528  0.59740651 -0.20557775]
216.64561867713928,1002,False,2,6,[8.76263112 9.16069458 1.96252042],landing,[ 0.5677905  -0.59831228 -0.99408226]
216.64561867713928,1003,False,6,5,[-7.3906412   6.06241355  4.        ],exiting,[ 0.63925976  0.24903542 -0.34837281]
216.64561867713928,1004,False,1,2,[6.15825393 1.48221376 3.21600385],entering,[-0.62185191  0.08809385  0.93462812]
216.64561867713928,1005,False,2,4,[-4.78510709  6.7980446   4.00149257],cruising,[ 0.50568378 -0.03156594 -0.11489306]
216.74432373046875,1000,False,3,0,[-0.87130835 -8.0160611   1.28740723],waiting,[-0.82138112 -0.19970136 -0.21083176]
216.74432373046875,1001,False,0,1,[2.89333534 8.57337115 2.15760132],queued,[-0.48080528  0.59740651 -0.20557775]
216.74432373046875,1002,False,2,6,[8.78168247 9.14779715 1.86520289],landing,[ 0.5677905  -0.59831228 -0.99408226]
216.74432373046875,1003,False,6,5,[-7.45352278  6.14016898  4.        ],exiting,[ 0.63925976  0.24903542 -0.34837281]
216.74432373046875,1004,False,1,2,[6.33111357 1.43564155 3.29100385],entering,[-0.62185191  0.08809385  0.93462812]
216.74432373046875,1005,False,2,4,[-4.59119134  6.84700052  4.00126869],cruising,[ 0.50568378 -0.03156594 -0.11489306]
216.85339093208313,1000,False,3,0,[-0.87130835 -8.0160611   1.28740723],waiting,[-0.82138112 -0.19970136 -0.21083176]
216.85339093208313,1001,False,0,1,[2.89333534 8.57337115 2.23260132],queued,[-0.48080528  0.59740651 -0.20557775]
216.85339093208313,1002,False,2,6,[8.80073382 9.13489971 1.76788535],landing,[ 0.5677905  -0.59831228 -0.99408226]
216.85339093208313,1003,False,6,5,[-7.51640436  6.21792441  4.        ],exiting,[ 0.63925976  0.24903542 -0.34837281]
216.85339093208313,1004,False,1,2,[6.51746011 1.37430101 3.36600385],entering,[-0.62185191  0.08809385  0.93462812]
216.85339093208313,1005,False,2,4,[-4.39779048  6.89795254  4.00107838],cruising,[ 0.50568378 -0.03156594 -0.11489306]
216.94544863700867,1000,False,3,0,[-0.87130835 -8.0160611   1.28740723],waiting,[-0.82138112 -0.19970136 -0.21083176]
216.94544863700867,1001,False,0,1,[2.89333534 8.57337115 2.30760132],queued,[-0.48080528  0.59740651 -0.20557775]
216.94544863700867,1002,False,2,6,[8.81978517 9.12200228 1.67056782],landing,[ 0.5677905  -0.59831228 -0.99408226]
216.94544863700867,1003,False,6,5,[-7.57928594  6.29567984  4.        ],exiting,[ 0.63925976  0.24903542 -0.34837281]
216.94544863700867,1004,False,1,2,[6.70439723 1.30320592 3.44100385],entering,[-0.62185191  0.08809385  0.93462812]
216.94544863700867,1005,False,2,4,[-4.20394194  6.9471739   4.00091663],cruising,[ 0.50568378 -0.03156594 -0.11489306]
217.04011988639832,1000,False,3,0,[-0.87130835 -8.0160611   1.28740723],waiting,[-0.82138112 -0.19970136 -0.21083176]
217.04011988639832,1001,False,0,1,[2.89333534 8.57337115 2.38260132],entering,[-0.48080528  0.59740651 -0.20557775]
217.04011988639832,1002,False,2,6,[8.83883653 9.10910485 1.57325029],landing,[ 0.5677905  -0.59831228 -0.99408226]
217.04011988639832,1003,False,6,5,[-7.64216752  6.37343527  4.        ],exiting,[ 0.63925976  0.24903542 -0.34837281]
217.04011988639832,1004,False,1,2,[6.88733404 1.222372   3.51600385],entering,[-0.62185191  0.08809385  0.93462812]
217.04011988639832,1005,False,2,4,[-4.01014126  6.99658339  4.00077913],cruising,[ 0.50568378 -0.03156594 -0.11489306]
217.1488344669342,1000,False,3,0,[-0.87130835 -8.0160611   1.28740723],waiting,[-0.82138112 -0.19970136 -0.21083176]
217.1488344669342,1001,False,0,1,[2.88973809 8.55369732 2.45760132],entering,[-0.48080528  0.59740651 -0.20557775]
217.1488344669342,1002,False,2,6,[8.85788788 9.09620742 1.47593275],fake_landed,[ 0.5677905  -0.59831228 -0.99408226]
217.1488344669342,1003,False,6,5,[-7.7050491  6.4511907  4.       ],exiting,[ 0.63925976  0.24903542 -0.34837281]
217.1488344669342,1004,False,1,2,[7.06527316 1.13106116 3.58860327],entering,[-0.62185191  0.08809385  0.93462812]
217.1488344669342,1005,False,2,4,[-3.81612682  7.04514671  4.00066226],cruising,[ 0.50568378 -0.03156594 -0.11489306]
217.23851561546326,1000,False,3,0,[-0.87130835 -8.0160611   1.28740723],waiting,[-0.82138112 -0.19970136 -0.21083176]
217.23851561546326,1001,False,0,1,[2.88276466 8.51431051 2.53260132],entering,[-0.48080528  0.59740651 -0.20557775]
217.23851561546326,1002,False,2,6,[8.87312896 9.08588947 1.39807873],fake_landed,[ 0.5677905  -0.59831228 -0.99408226]
217.23851561546326,1003,False,6,5,[-7.76793068  6.52894613  4.        ],exiting,[ 0.63925976  0.24903542 -0.34837281]
217.23851561546326,1004,False,1,2,[7.23697918 1.02850852 3.65031278],entering,[-0.62185191  0.08809385  0.93462812]
217.23851561546326,1005,False,2,4,[-3.62168821  7.09198291  4.00056292],cruising,[ 0.50568378 -0.03156594 -0.11489306]
217.3412344455719,1000,False,3,0,[-0.87130835 -8.0160611   1.28740723],waiting,[-0.82138112 -0.19970136 -0.21083176]
217.3412344455719,1001,False,0,1,[2.87251527 8.45519382 2.60760132],entering,[-0.48080528  0.59740651 -0.20557775]
217.3412344455719,1002,False,2,6,[8.88455977 9.07815101 1.33968821],fake_landed,[ 0.5677905  -0.59831228 -0.99408226]
217.3412344455719,1003,False,6,5,[-7.83081226  6.60670156  4.        ],exiting,[ 0.63925976  0.24903542 -0.34837281]
217.3412344455719,1004,False,1,2,[7.40095177 0.91399655 3.70276587],entering,[-0.62185191  0.08809385  0.93462812]
217.3412344455719,1005,False,2,4,[-3.42612973  7.13389804  4.00047848],cruising,[ 0.50568378 -0.03156594 -0.11489306]
217.43830347061157,1000,False,3,0,[-0.87130835 -8.0160611   1.28740723],waiting,[-0.82138112 -0.19970136 -0.21083176]
217.43830347061157,1001,False,0,1,[2.85911164 8.37632743 2.68260132],entering,[-0.48080528  0.59740651 -0.20557775]
217.43830347061157,1002,False,2,6,[8.89218031 9.07299204 1.30076119],fake_landed,[ 0.5677905  -0.59831228 -0.99408226]
217.43830347061157,1003,False,6,5,[-7.89369384  6.68445699  4.        ],exiting,[ 0.63925976  0.24903542 -0.34837281]
217.43830347061157,1004,False,1,2,[7.55678321 0.78863085 3.74735099],entering,[-0.62185191  0.08809385  0.93462812]
217.43830347061157,1005,False,2,4,[-3.22999048  7.17300551  4.00040671],cruising,[ 0.50568378 -0.03156594 -0.11489306]
217.54248976707458,1000,False,3,0,[-0.87130835 -8.0160611   1.28740723],waiting,[-0.82138112 -0.19970136 -0.21083176]
217.54248976707458,1001,False,0,1,[2.8430678  8.27763607 2.75760132],entering,[-0.48080528  0.59740651 -0.20557775]
217.54248976707458,1002,False,2,6,[8.89599058 9.07041255 1.28129769],fake_landed,[ 0.5677905  -0.59831228 -0.99408226]
217.54248976707458,1003,False,6,5,[-7.95657543  6.76221241  4.        ],exiting,[ 0.63925976  0.24903542 -0.34837281]
217.54248976707458,1004,False,1,2,[7.70117654 0.65024527 3.78524834],entering,[-0.62185191  0.08809385  0.93462812]
217.54248976707458,1005,False,2,4,[-3.03317177  7.20853574  4.00034571],cruising,[ 0.50568378 -0.03156594 -0.11489306]
217.65317344665527,1000,False,3,0,[-0.87130835 -8.0160611   1.28740723],waiting,[-0.82138112 -0.19970136 -0.21083176]
217.65317344665527,1001,False,0,1,[2.82494006 8.15905357 2.83260132],entering,[-0.48080528  0.59740651 -0.20557775]
217.65317344665527,1002,False,6,3,[8.89599058 9.07041255 1.28129769],waiting,[ 0.5677905  -0.59831228 -0.99408226]
217.65317344665527,1003,False,6,5,[-8.01945701  6.83996784  4.        ],exiting,[ 0.63925976  0.24903542 -0.34837281]
217.65317344665527,1004,False,1,2,[7.83214123 0.49908889 3.81746109],entering,[-0.62185191  0.08809385  0.93462812]
217.65317344665527,1005,False,2,4,[-2.83519619  7.23692007  4.00029385],cruising,[ 0.50568378 -0.03156594 -0.11489306]
217.73923778533936,1000,False,3,0,[-0.87130835 -8.0160611   1.28740723],waiting,[-0.82138112 -0.19970136 -0.21083176]
217.73923778533936,1001,False,0,1,[2.80591041 8.02049142 2.90760132],entering,[-0.48080528  0.59740651 -0.20557775]
217.73923778533936,1002,False,6,3,[8.89599058 9.07041255 1.28129769],waiting,[ 0.5677905  -0.59831228 -0.99408226]
217.73923778533936,1003,False,6,5,[-8.08233859  6.91772327  4.        ],exiting,[ 0.63925976  0.24903542 -0.34837281]
217.73923778533936,1004,False,1,2,[7.94796026 0.3360369  3.84484192],entering,[-0.62185191  0.08809385  0.93462812]
217.73923778533936,1005,False,2,4,[-2.6365897   7.26048826  4.00024977],cruising,[ 0.50568378 -0.03156594 -0.11489306]
217.85043215751648,1000,False,3,0,[-0.87130835 -8.0160611   1.28740723],waiting,[-0.82138112 -0.19970136 -0.21083176]
217.85043215751648,1001,False,0,1,[2.78776613 7.86194888 2.98260132],entering,[-0.48080528  0.59740651 -0.20557775]
217.85043215751648,1002,False,6,3,[8.89599058 9.07041255 1.28129769],waiting,[ 0.5677905  -0.59831228 -0.99408226]
217.85043215751648,1003,False,6,5,[-8.14522017  6.9954787   4.        ],exiting,[ 0.63925976  0.24903542 -0.34837281]
217.85043215751648,1004,False,1,2,[8.04751491 0.16257546 3.86811564],cruising,[-0.62185191  0.08809385  0.93462812]
217.85043215751648,1005,False,2,4,[-2.4371051   7.27483737  4.00021231],cruising,[ 0.50568378 -0.03156594 -0.11489306]
217.94052505493164,1000,False,3,0,[-0.87130835 -8.0160611   1.28740723],waiting,[-0.82138112 -0.19970136 -0.21083176]
217.94052505493164,1001,False,0,1,[2.77344471 7.68377509 3.05760132],entering,[-0.48080528  0.59740651 -0.20557775]
217.94052505493164,1002,False,6,3,[8.89599058 9.07041255 1.28129769],waiting,[ 0.5677905  -0.59831228 -0.99408226]
217.94052505493164,1003,False,6,5,[-8.20810175  7.07323413  4.        ],exiting,[ 0.63925976  0.24903542 -0.34837281]
217.94052505493164,1004,False,1,2,[ 8.12948311 -0.01980677  3.88805222],cruising,[-0.62185191  0.08809385  0.93462812]
217.94052505493164,1005,False,2,4,[-2.23714039  7.27859444  4.00018046],cruising,[ 0.50568378 -0.03156594 -0.11489306]
218.04234385490417,1000,False,3,0,[-0.87130835 -8.0160611   1.28740723],waiting,[-0.82138112 -0.19970136 -0.21083176]
218.04234385490417,1001,False,0,1,[2.76836365 7.4878639  3.13260132],entering,[-0.48080528  0.59740651 -0.20557775]
218.04234385490417,1002,False,6,3,[8.89599058 9.07041255 1.28129769],waiting,[ 0.5677905  -0.59831228 -0.99408226]
218.04234385490417,1003,False,6,5,[-8.27098333  7.15098956  4.        ],exiting,[ 0.63925976  0.24903542 -0.34837281]
218.04234385490417,1004,False,1,2,[ 8.19471923 -0.20886826  3.90484438],cruising,[-0.62185191  0.08809385  0.93462812]
218.04234385490417,1005,False,2,4,[-2.03760803  7.26492573  4.00015339],cruising,[ 0.50568378 -0.03156594 -0.11489306]
218.141535282135,1000,False,3,0,[-0.87130835 -8.0160611   1.28740723],queued,[-0.82138112 -0.19970136 -0.21083176]
218.141535282135,1001,False,0,1,[2.77362931 7.28793323 3.20760132],entering,[-0.48080528  0.59740651 -0.20557775]
218.141535282135,1002,False,6,3,[8.89599058 9.07041255 1.28129769],waiting,[ 0.5677905  -0.59831228 -0.99408226]
218.141535282135,1003,False,6,5,[-8.33386491  7.22874499  4.        ],exiting,[ 0.63925976  0.24903542 -0.34837281]
218.141535282135,1004,False,1,2,[ 8.24541156 -0.40233735  3.91911773],cruising,[-0.62185191  0.08809385  0.93462812]
218.141535282135,1005,False,2,4,[-1.84027569  7.23236884  4.00013038],cruising,[ 0.50568378 -0.03156594 -0.11489306]
218.238272190094,1000,False,3,0,[-0.87130835 -8.0160611   1.30740723],queued,[-0.82138112 -0.19970136 -0.21083176]
218.238272190094,1001,False,0,1,[2.79253185 7.08882849 3.28260132],entering,[-0.48080528  0.59740651 -0.20557775]
218.238272190094,1002,False,6,3,[8.89599058 9.07041255 1.28129769],waiting,[ 0.5677905  -0.59831228 -0.99408226]
218.238272190094,1003,False,6,5,[-8.39674649  7.30650042  4.        ],landing,[ 0.63925976  0.24903542 -0.34837281]
218.238272190094,1004,False,1,2,[ 8.28312257 -0.59874988  3.93125007],cruising,[-0.62185191  0.08809385  0.93462812]
218.238272190094,1005,False,2,4,[-1.6463961   7.18326993  4.00011083],cruising,[ 0.50568378 -0.03156594 -0.11489306]
218.3416726589203,1000,False,3,0,[-0.87130835 -8.0160611   1.34740723],queued,[-0.82138112 -0.19970136 -0.21083176]
218.3416726589203,1001,False,0,1,[2.82835633 6.89206314 3.35760132],entering,[-0.48080528  0.59740651 -0.20557775]
218.3416726589203,1002,False,6,3,[8.89599058 9.07041255 1.28129769],queued,[ 0.5677905  -0.59831228 -0.99408226]
218.3416726589203,1003,False,6,5,[-8.44856922  7.37581643  3.98563066],landing,[ 0.63925976  0.24903542 -0.34837281]
218.3416726589203,1004,False,1,2,[ 8.30949179 -0.79700392  3.94156256],cruising,[-0.62185191  0.08809385  0.93462812]
218.3416726589203,1005,False,2,4,[-1.45518664  7.12462743  4.0000942 ],cruising,[ 0.50568378 -0.03156594 -0.11489306]
218.44760465621948,1000,False,3,0,[-0.87130835 -8.0160611   1.40740723],queued,[-0.82138112 -0.19970136 -0.21083176]
218.44760465621948,1001,False,0,1,[2.88022403 6.69890584 3.43260132],entering,[-0.48080528  0.59740651 -0.20557775]
218.44760465621948,1002,False,6,3,[8.89599058 9.07041255 1.30129769],queued,[ 0.5677905  -0.59831228 -0.99408226]
218.44760465621948,1003,False,6,5,[-8.48925083  7.43653333  3.95705108],landing,[ 0.63925976  0.24903542 -0.34837281]
218.44760465621948,1004,False,1,2,[ 8.32393429 -0.99648177  3.95032817],cruising,[-0.62185191  0.08809385  0.93462812]
218.44760465621948,1005,False,2,4,[-1.26856226  7.05271539  4.00008007],cruising,[ 0.50568378 -0.03156594 -0.11489306]
218.53972005844116,1000,False,3,0,[-0.87130835 -8.0160611   1.48240723],queued,[-0.82138112 -0.19970136 -0.21083176]
218.53972005844116,1001,False,0,1,[2.94419242 6.50941165 3.50760132],entering,[-0.48080528  0.59740651 -0.20557775]
218.53972005844116,1002,False,6,3,[8.89599058 9.07041255 1.34129769],queued,[ 0.5677905  -0.59831228 -0.99408226]
218.53972005844116,1003,False,6,5,[-8.51869456  7.4884608   3.91445522],landing,[ 0.63925976  0.24903542 -0.34837281]
218.53972005844116,1004,False,1,2,[ 8.33022291 -1.19638288  3.95777895],cruising,[-0.62185191  0.08809385  0.93462812]
218.53972005844116,1005,False,2,4,[-1.08635895  6.97024144  4.00006806],cruising,[ 0.50568378 -0.03156594 -0.11489306]
218.65206742286682,1000,False,3,0,[-0.87130835 -8.0160611   1.55740723],queued,[-0.82138112 -0.19970136 -0.21083176]
218.65206742286682,1001,False,0,1,[3.02092463 6.32471686 3.58146112],entering,[-0.48080528  0.59740651 -0.20557775]
218.65206742286682,1002,False,6,3,[8.89599058 9.07041255 1.40129769],queued,[ 0.5677905  -0.59831228 -0.99408226]
218.65206742286682,1003,False,6,5,[-8.53676656  7.5313308   3.85812453],landing,[ 0.63925976  0.24903542 -0.34837281]
218.65206742286682,1004,False,1,2,[ 8.32941342 -1.39638124  3.96411211],cruising,[-0.62185191  0.08809385  0.93462812]
218.65206742286682,1005,False,2,4,[-0.90809099  6.87957427  4.00005785],cruising,[ 0.50568378 -0.03156594 -0.11489306]
218.73981094360352,1000,False,3,0,[-0.87130835 -8.0160611   1.63240723],queued,[-0.82138112 -0.19970136 -0.21083176]
218.73981094360352,1001,False,0,1,[3.11302049 6.14722022 3.64473107],entering,[-0.48080528  0.59740651 -0.20557775]
218.73981094360352,1002,False,6,3,[8.89599058 9.07041255 1.47629769],queued,[ 0.5677905  -0.59831228 -0.99408226]
218.73981094360352,1003,False,6,5,[-8.54336896  7.56494348  3.78827531],landing,[ 0.63925976  0.24903542 -0.34837281]
218.73981094360352,1004,False,1,2,[ 8.32007297 -1.59616301  3.96949529],cruising,[-0.62185191  0.08809385  0.93462812]
218.73981094360352,1005,False,2,4,[-0.73197033  6.78480342  4.00004917],cruising,[ 0.50568378 -0.03156594 -0.11489306]
218.84315586090088,1000,False,3,0,[-0.87130835 -8.0160611   1.70740723],queued,[-0.82138112 -0.19970136 -0.21083176]
218.84315586090088,1001,False,0,1,[3.21950551 5.9779248  3.69802141],entering,[-0.48080528  0.59740651 -0.20557775]
218.84315586090088,1002,False,6,3,[8.89599058 9.07041255 1.55129769],entering,[ 0.5677905  -0.59831228 -0.99408226]
218.84315586090088,1003,False,6,5,[-8.53840476  7.5890973   3.7051316 ],landing,[ 0.63925976  0.24903542 -0.34837281]
218.84315586090088,1004,False,1,2,[ 8.30543217 -1.79562641  3.974071  ],cruising,[-0.62185191  0.08809385  0.93462812]
218.84315586090088,1005,False,2,4,[-0.55889131  6.68458541  4.0000418 ],cruising,[ 0.50568378 -0.03156594 -0.11489306]
218.93822193145752,1000,False,3,0,[-0.87130835 -8.0160611   1.78240723],queued,[-0.82138112 -0.19970136 -0.21083176]
218.93822193145752,1001,False,0,1,[3.34113237 5.81920222 3.74363451],entering,[-0.48080528  0.59740651 -0.20557775]
218.93822193145752,1002,False,6,3,[8.89176217 9.05086465 1.62629769],entering,[ 0.5677905  -0.59831228 -0.99408226]
218.93822193145752,1003,False,6,5,[-8.52177762  7.60358824  3.60892632],landing,[ 0.63925976  0.24903542 -0.34837281]
218.93822193145752,1004,False,1,2,[ 8.28590816 -1.99467116  3.97796035],cruising,[-0.62185191  0.08809385  0.93462812]
218.93822193145752,1005,False,2,4,[-0.38802801  6.58063477  4.00003553],cruising,[ 0.50568378 -0.03156594 -0.11489306]
219.04026317596436,1000,False,3,0,[-0.87130835 -8.0160611   1.85740723],entering,[-0.82138112 -0.19970136 -0.21083176]
219.04026317596436,1001,False,0,1,[3.47706055 5.67249485 3.78209873],entering,[-0.48080528  0.59740651 -0.20557775]
219.04026317596436,1002,False,6,3,[8.88330534 9.01176885 1.70129769],entering,[ 0.5677905  -0.59831228 -0.99408226]
219.04026317596436,1003,False,6,5,[-8.5039881   7.61710353  3.51145391],landing,[ 0.63925976  0.24903542 -0.34837281]
219.04026317596436,1004,False,1,2,[ 8.25917282 -2.19287616  3.98126629],cruising,[-0.62185191  0.08809385  0.93462812]
219.04026317596436,1005,False,2,4,[-0.21807894  6.47519611  4.0000302 ],cruising,[ 0.50568378 -0.03156594 -0.11489306]
219.13966178894043,1000,False,3,0,[-0.87780053 -7.99714413  1.93240723],entering,[-0.82138112 -0.19970136 -0.21083176]
219.13966178894043,1001,False,0,1,[3.62641643 5.53955038 3.81506024],entering,[-0.48080528  0.59740651 -0.20557775]
219.13966178894043,1002,False,6,3,[8.87062009 8.95312514 1.77629769],entering,[ 0.5677905  -0.59831228 -0.99408226]
219.13966178894043,1003,False,6,5,[-8.48619858  7.63061881  3.4139815 ],landing,[ 0.63925976  0.24903542 -0.34837281]
219.13966178894043,1004,False,1,2,[ 8.22831459 -2.39048124  3.98407635],cruising,[-0.62185191  0.08809385  0.93462812]
219.13966178894043,1005,False,2,4,[-0.04918984  6.36806781  4.00002567],cruising,[ 0.50568378 -0.03156594 -0.11489306]
219.23926043510437,1000,False,3,0,[-0.8907849  -7.9593102   2.00740723],entering,[-0.82138112 -0.19970136 -0.21083176]
219.23926043510437,1001,False,0,1,[3.78793453 5.42162222 3.84286511],cruising,[-0.48080528  0.59740651 -0.20557775]
219.23926043510437,1002,False,6,3,[8.85370642 8.87493353 1.85129769],entering,[ 0.5677905  -0.59831228 -0.99408226]
219.23926043510437,1003,False,6,5,[-8.46840906  7.6441341   3.3165091 ],landing,[ 0.63925976  0.24903542 -0.34837281]
219.23926043510437,1004,False,1,2,[ 8.19333436 -2.58739844  3.9864649 ],cruising,[-0.62185191  0.08809385  0.93462812]
219.23926043510437,1005,False,2,4,[0.11951548 6.26065033 4.00002182],cruising,[ 0.50568378 -0.03156594 -0.11489306]
219.33918619155884,1000,False,3,0,[-0.91026146 -7.90255931  2.08240723],entering,[-0.82138112 -0.19970136 -0.21083176]
219.33918619155884,1001,False,0,1,[3.95997677 5.31963464 3.86643534],cruising,[-0.48080528  0.59740651 -0.20557775]
219.33918619155884,1002,False,6,3,[8.83256939 8.77719292 1.92629769],entering,[ 0.5677905  -0.59831228 -0.99408226]
219.33918619155884,1003,False,6,5,[-8.45061955  7.65764939  3.21903669],landing,[ 0.63925976  0.24903542 -0.34837281]
219.33918619155884,1004,False,1,2,[ 8.15089228 -2.78284324  3.98849516],cruising,[-0.62185191  0.08809385  0.93462812]
219.33918619155884,1005,False,2,4,[0.28830253 6.15336132 4.00001855],cruising,[ 0.50568378 -0.03156594 -0.11489306]
219.43979477882385,1000,False,3,0,[-0.9362302  -7.82689146  2.15740723],entering,[-0.82138112 -0.19970136 -0.21083176]
219.43979477882385,1001,False,0,1,[4.13998703 5.23247785 3.88647004],cruising,[-0.48080528  0.59740651 -0.20557775]
219.43979477882385,1002,False,6,3,[8.80736748 8.65986976 2.00129769],entering,[ 0.5677905  -0.59831228 -0.99408226]
219.43979477882385,1003,False,6,5,[-8.43283003  7.67116467  3.12156428],landing,[ 0.63925976  0.24903542 -0.34837281]
219.43979477882385,1004,False,1,2,[ 8.10441375 -2.97736765  3.99022089],cruising,[-0.62185191  0.08809385  0.93462812]
219.43979477882385,1005,False,2,4,[0.45759198 6.0468668  4.00001576],cruising,[ 0.50568378 -0.03156594 -0.11489306]
219.54388809204102,1000,False,3,0,[-0.96869113 -7.73230664  2.23240723],entering,[-0.82138112 -0.19970136 -0.21083176]
219.54388809204102,1001,False,0,1,[4.32572083 5.15829594 3.90349953],cruising,[-0.48080528  0.59740651 -0.20557775]
219.54388809204102,1002,False,6,3,[8.77834624 8.52291466 2.07629769],entering,[ 0.5677905  -0.59831228 -0.99408226]
219.54388809204102,1003,False,6,5,[-8.41504051  7.68467996  3.02409188],landing,[ 0.63925976  0.24903542 -0.34837281]
219.54388809204102,1004,False,1,2,[ 8.04968171 -3.16973294  3.99168776],cruising,[-0.62185191  0.08809385  0.93462812]
219.54388809204102,1005,False,2,4,[0.62764727 5.94159953 4.0000134 ],cruising,[ 0.50568378 -0.03156594 -0.11489306]
219.64466500282288,1000,False,3,0,[-1.00764424 -7.61880485  2.30740723],entering,[-0.82138112 -0.19970136 -0.21083176]
219.64466500282288,1001,False,0,1,[4.51562205 5.09554624 3.9179746 ],cruising,[-0.48080528  0.59740651 -0.20557775]
219.64466500282288,1002,False,6,3,[8.74590952 8.36625335 2.15129769],entering,[ 0.5677905  -0.59831228 -0.99408226]
219.64466500282288,1003,False,6,5,[-8.39725099  7.69819525  2.92661947],landing,[ 0.63925976  0.24903542 -0.34837281]
219.64466500282288,1004,False,1,2,[ 7.98626355 -3.35941198  3.99293459],cruising,[-0.62185191  0.08809385  0.93462812]
219.64466500282288,1005,False,2,4,[0.79923615 5.83885102 4.00001139],cruising,[ 0.50568378 -0.03156594 -0.11489306]
219.73889255523682,1000,False,3,0,[-1.05308954 -7.4863861   2.38240723],entering,[-0.82138112 -0.19970136 -0.21083176]
219.73889255523682,1001,False,0,1,[4.70829574 5.04190997 3.93027841],cruising,[-0.48080528  0.59740651 -0.20557775]
219.73889255523682,1002,False,6,3,[8.71039754 8.1898299  2.22629769],entering,[ 0.5677905  -0.59831228 -0.99408226]
219.73889255523682,1003,False,6,5,[-8.37946148  7.71171053  2.82914706],landing,[ 0.63925976  0.24903542 -0.34837281]
219.73889255523682,1004,False,1,2,[ 7.91805477 -3.54742145  3.9939944 ],cruising,[-0.62185191  0.08809385  0.93462812]
219.73889255523682,1005,False,2,4,[0.97217042 5.73838342 4.00000968],cruising,[ 0.50568378 -0.03156594 -0.11489306]
219.84685802459717,1000,False,3,0,[-1.10502703 -7.33505039  2.45740723],entering,[-0.82138112 -0.19970136 -0.21083176]
219.84685802459717,1001,False,0,1,[4.90288163 4.99568951 3.94073665],cruising,[-0.48080528  0.59740651 -0.20557775]
219.84685802459717,1002,False,6,3,[8.67184773 7.99363849 2.30129769],entering,[ 0.5677905  -0.59831228 -0.99408226]
219.84685802459717,1003,False,6,5,[-8.36167196  7.72522582  2.73167466],landing,[ 0.63925976  0.24903542 -0.34837281]
219.84685802459717,1004,False,1,2,[ 7.83874121 -3.73102254  3.99489524],cruising,[-0.62185191  0.08809385  0.93462812]
219.84685802459717,1005,False,2,4,[1.14747056 5.64210331 4.00000823],cruising,[ 0.50568378 -0.03156594 -0.11489306]
219.9392421245575,1000,False,3,0,[-1.1634567  -7.16479772  2.53240723],entering,[-0.82138112 -0.19970136 -0.21083176]
219.9392421245575,1001,False,0,1,[5.0985797  4.954431   3.94962615],cruising,[-0.48080528  0.59740651 -0.20557775]
219.9392421245575,1002,False,6,3,[8.63328936 7.79739056 2.37629769],entering,[ 0.5677905  -0.59831228 -0.99408226]
219.9392421245575,1003,False,6,5,[-8.34388244  7.73874111  2.63420225],landing,[ 0.63925976  0.24903542 -0.34837281]
219.9392421245575,1004,False,1,2,[ 7.74685708 -3.9086663   3.99566096],cruising,[-0.62185191  0.08809385  0.93462812]
219.9392421245575,1005,False,2,4,[1.32456714 5.54916891 4.00000699],cruising,[ 0.50568378 -0.03156594 -0.11489306]
220.03900384902954,1000,False,3,0,[-1.22963022 -6.97610507  2.60740723],entering,[-0.82138112 -0.19970136 -0.21083176]
220.03900384902954,1001,False,0,1,[5.29489438 4.91621389 3.95718223],cruising,[-0.48080528  0.59740651 -0.20557775]
220.03900384902954,1002,False,6,3,[8.59531904 7.601028   2.45129769],entering,[ 0.5677905  -0.59831228 -0.99408226]
220.03900384902954,1003,False,6,5,[-8.32609292  7.75225639  2.53672984],landing,[ 0.63925976  0.24903542 -0.34837281]
220.03900384902954,1004,False,1,2,[ 7.64035692 -4.0779522   3.99631181],cruising,[-0.62185191  0.08809385  0.93462812]
220.03900384902954,1005,False,2,4,[1.50367585 5.46017413 4.00000595],cruising,[ 0.50568378 -0.03156594 -0.11489306]
220.14824962615967,1000,False,3,0,[-1.29581954 -6.78737517  2.68240723],entering,[-0.82138112 -0.19970136 -0.21083176]
220.14824962615967,1001,False,0,1,[5.49146304 4.87932537 3.9636049 ],cruising,[-0.48080528  0.59740651 -0.20557775]
220.14824962615967,1002,False,6,3,[8.55994009 7.40418205 2.52629769],entering,[ 0.5677905  -0.59831228 -0.99408226]
220.14824962615967,1003,False,6,5,[-8.30830341  7.76577168  2.43925744],landing,[ 0.63925976  0.24903542 -0.34837281]
220.14824962615967,1004,False,1,2,[ 7.51751219 -4.23571219  3.9968699 ],cruising,[-0.62185191  0.08809385  0.93462812]
220.14824962615967,1005,False,2,4,[1.68601684 5.37800501 4.00000505],cruising,[ 0.50568378 -0.03156594 -0.11489306]
220.23886919021606,1000,False,3,0,[-1.36200886 -6.59864527  2.75740723],entering,[-0.82138112 -0.19970136 -0.21083176]
220.23886919021606,1001,False,0,1,[5.6879911  4.84222116 3.96906416],cruising,[-0.48080528  0.59740651 -0.20557775]
220.23886919021606,1002,False,6,3,[8.52575238 7.20712571 2.60129769],entering,[ 0.5677905  -0.59831228 -0.99408226]
220.23886919021606,1003,False,6,5,[-8.29051389  7.77928697  2.34178503],landing,[ 0.63925976  0.24903542 -0.34837281]
220.23886919021606,1004,False,1,2,[ 7.38029928 -4.37955982  3.99738725],cruising,[-0.62185191  0.08809385  0.93462812]
220.23886919021606,1005,False,2,4,[1.87055234 5.3008905  4.0000043 ],cruising,[ 0.50568378 -0.03156594 -0.11489306]
220.33843517303467,1000,False,3,0,[-1.42887715 -6.41015487  2.83240723],entering,[-0.82138112 -0.19970136 -0.21083176]
220.33843517303467,1001,False,0,1,[5.88462114 4.80566128 3.97370454],cruising,[-0.48080528  0.59740651 -0.20557775]
220.33843517303467,1002,False,6,3,[8.49156467 7.01006937 2.67629769],entering,[ 0.5677905  -0.59831228 -0.99408226]
220.33843517303467,1003,False,6,5,[-8.27272437  7.79280225  2.24431262],landing,[ 0.63925976  0.24903542 -0.34837281]
220.33843517303467,1004,False,1,2,[ 7.23049688 -4.50786708  3.99786441],cruising,[-0.62185191  0.08809385  0.93462812]
220.33843517303467,1005,False,2,4,[2.05738945 5.229533   4.00000365],cruising,[ 0.50568378 -0.03156594 -0.11489306]
220.4448425769806,1000,False,3,0,[-1.49638582 -6.22189287  2.90740723],entering,[-0.82138112 -0.19970136 -0.21083176]
220.4448425769806,1001,False,0,1,[6.08065946 4.76605096 3.97764886],cruising,[-0.48080528  0.59740651 -0.20557775]
220.4448425769806,1002,False,6,3,[8.45886535 6.81276059 2.75129769],entering,[ 0.5677905  -0.59831228 -0.99408226]
220.4448425769806,1003,False,6,5,[-8.25493485  7.80631754  2.14684022],landing,[ 0.63925976  0.24903542 -0.34837281]
220.4448425769806,1004,False,1,2,[ 7.07012456 -4.61919567  3.99830272],cruising,[-0.62185191  0.08809385  0.93462812]
220.4448425769806,1005,False,2,4,[2.24798444 5.16892317 4.0000031 ],cruising,[ 0.50568378 -0.03156594 -0.11489306]
220.53853368759155,1000,False,3,0,[-1.56389448 -6.03363087  2.98240723],entering,[-0.82138112 -0.19970136 -0.21083176]
220.53853368759155,1001,False,0,1,[6.27577505 4.72212023 3.98100153],cruising,[-0.48080528  0.59740651 -0.20557775]
220.53853368759155,1002,False,6,3,[8.42971683 6.61489608 2.82629769],entering,[ 0.5677905  -0.59831228 -0.99408226]
220.53853368759155,1003,False,6,5,[-8.23714533  7.81983283  2.04936781],landing,[ 0.63925976  0.24903542 -0.34837281]
220.53853368759155,1004,False,1,2,[ 6.90134096 -4.71237904  3.99870317],cruising,[-0.62185191  0.08809385  0.93462812]
220.53853368759155,1005,False,2,4,[2.44152553 5.11850645 4.00000264],cruising,[ 0.50568378 -0.03156594 -0.11489306]
220.6492326259613,1000,False,3,0,[-1.63267641 -5.84583032  3.05740723],entering,[-0.82138112 -0.19970136 -0.21083176]
220.6492326259613,1001,False,0,1,[6.4695451  4.67259079 3.9838513 ],cruising,[-0.48080528  0.59740651 -0.20557775]
220.6492326259613,1002,False,6,3,[8.4005683  6.41703157 2.90129769],entering,[ 0.5677905  -0.59831228 -0.99408226]
220.6492326259613,1003,False,6,5,[-8.21935582  7.83334811  1.9518954 ],landing,[ 0.63925976  0.24903542 -0.34837281]
220.6492326259613,1004,False,1,2,[ 6.72636795 -4.78654427  3.99906609],cruising,[-0.62185191  0.08809385  0.93462812]
220.6492326259613,1005,False,2,4,[2.63713933 5.07685021 4.00000224],cruising,[ 0.50568378 -0.03156594 -0.11489306]
220.75269103050232,1000,False,3,0,[-1.70145834 -5.65802977  3.13240723],entering,[-0.82138112 -0.19970136 -0.21083176]
220.75269103050232,1001,False,0,1,[6.66141457 4.61614519 3.9862736 ],cruising,[-0.48080528  0.59740651 -0.20557775]
220.75269103050232,1002,False,6,3,[8.37394245 6.21881184 2.97629769],entering,[ 0.5677905  -0.59831228 -0.99408226]
220.75269103050232,1003,False,6,5,[-8.2015663   7.8468634   1.85442299],landing,[ 0.63925976  0.24903542 -0.34837281]
220.75269103050232,1004,False,1,2,[ 6.54745344 -4.84110177  3.99939128],cruising,[-0.62185191  0.08809385  0.93462812]
220.75269103050232,1005,False,2,4,[2.83417891 5.04256605 4.00000191],cruising,[ 0.50568378 -0.03156594 -0.11489306]
220.85374665260315,1000,False,3,0,[-1.77137858 -5.47065005  3.20740723],entering,[-0.82138112 -0.19970136 -0.21083176]
220.85374665260315,1001,False,0,1,[6.8506472  4.55140715 3.98833256],cruising,[-0.48080528  0.59740651 -0.20557775]
220.85374665260315,1002,False,6,3,[8.35044653 6.02019678 3.05129769],entering,[ 0.5677905  -0.59831228 -0.99408226]
220.85374665260315,1003,False,6,5,[-8.18377678  7.86037868  1.75695059],landing,[ 0.63925976  0.24903542 -0.34837281]
220.85374665260315,1004,False,1,2,[ 6.3668628  -4.87572966  3.99967792],cruising,[-0.62185191  0.08809385  0.93462812]
220.85374665260315,1005,False,2,4,[3.0321801  5.01436094 4.00000162],cruising,[ 0.50568378 -0.03156594 -0.11489306]
220.95181679725647,1000,False,3,0,[-1.84063641 -5.28302448  3.28240723],entering,[-0.82138112 -0.19970136 -0.21083176]
220.95181679725647,1001,False,0,1,[7.03626659 4.47693944 3.99008268],cruising,[-0.48080528  0.59740651 -0.20557775]
220.95181679725647,1002,False,6,3,[8.3281774  5.82144043 3.12629769],entering,[ 0.5677905  -0.59831228 -0.99408226]
220.95181679725647,1003,False,6,5,[-8.16598726  7.87389397  1.65947818],landing,[ 0.63925976  0.24903542 -0.34837281]
220.95181679725647,1004,False,1,2,[ 6.18621849 -4.89035766  3.9999248 ],cruising,[-0.62185191  0.08809385  0.93462812]
220.95181679725647,1005,False,2,4,[3.23081808 4.99105957 4.00000138],cruising,[ 0.50568378 -0.03156594 -0.11489306]
221.04249143600464,1000,False,3,0,[-1.91157865 -5.0960293   3.35740723],entering,[-0.82138112 -0.19970136 -0.21083176]
221.04249143600464,1001,False,0,1,[7.2169888  4.39126864 3.99157028],cruising,[-0.48080528  0.59740651 -0.20557775]
221.04249143600464,1002,False,6,3,[8.31078289 5.62219829 3.20129769],entering,[ 0.5677905  -0.59831228 -0.99408226]
221.04249143600464,1003,False,6,5,[-8.14819775  7.88740926  1.56200577],landing,[ 0.63925976  0.24903542 -0.34837281]
221.04249143600464,1004,False,1,2,[ 6.00642828 -4.88500396  4.00012877],cruising,[-0.62185191  0.08809385  0.93462812]
221.04249143600464,1005,False,2,4,[3.42986995 4.97160828 4.00000117],cruising,[ 0.50568378 -0.03156594 -0.11489306]
221.14301085472107,1000,False,3,0,[-1.98313755 -4.90926923  3.43240723],entering,[-0.82138112 -0.19970136 -0.21083176]
221.14301085472107,1001,False,0,1,[7.38817369 4.28801951 3.99285286],cruising,[-0.48080528  0.59740651 -0.20557775]
221.14301085472107,1002,False,6,3,[8.29610373 5.42273771 3.27629769],entering,[ 0.5677905  -0.59831228 -0.99408226]
221.14301085472107,1003,False,6,5,[-8.13040823  7.90092454  1.46453337],fake_landed,[ 0.63925976  0.24903542 -0.34837281]
221.14301085472107,1004,False,1,2,[ 5.8286776  -4.85975457  4.00028871],cruising,[-0.62185191  0.08809385  0.93462812]
221.14301085472107,1005,False,2,4,[3.62918481 4.95506788 4.00000099],cruising,[ 0.50568378 -0.03156594 -0.11489306]
221.2439250946045,1000,False,3,0,[-2.05495727 -4.72260931  3.50740723],entering,[-0.82138112 -0.19970136 -0.21083176]
221.2439250946045,1001,False,0,1,[7.54942767 4.16970995 3.99392493],cruising,[-0.48080528  0.59740651 -0.20557775]
221.2439250946045,1002,False,6,3,[8.28498976 5.22304675 3.35129769],entering,[ 0.5677905  -0.59831228 -0.99408226]
221.2439250946045,1003,False,6,5,[-8.11617661  7.91173677  1.38655544],fake_landed,[ 0.63925976  0.24903542 -0.34837281]
221.2439250946045,1004,False,1,2,[ 5.65348092 -4.81466898  4.00040128],cruising,[-0.62185191  0.08809385  0.93462812]
221.2439250946045,1005,False,2,4,[3.82866088 4.94060067 4.00000085],cruising,[ 0.50568378 -0.03156594 -0.11489306]
221.34139847755432,1000,False,3,0,[-2.12666852 -4.53590768  3.58129614],entering,[-0.82138112 -0.19970136 -0.21083176]
221.34139847755432,1001,False,0,1,[7.69925657 4.03722863 3.99483619],cruising,[-0.48080528  0.59740651 -0.20557775]
221.34139847755432,1002,False,6,3,[8.28001744 5.02310857 3.42629769],entering,[ 0.5677905  -0.59831228 -0.99408226]
221.34139847755432,1003,False,6,5,[-8.1055029   7.91984595  1.328072  ],fake_landed,[ 0.63925976  0.24903542 -0.34837281]
221.34139847755432,1004,False,1,2,[ 5.48155055 -4.74985197  4.00046511],cruising,[-0.62185191  0.08809385  0.93462812]
221.34139847755432,1005,False,2,4,[4.02822835 4.92745451 4.00000072],cruising,[ 0.50568378 -0.03156594 -0.11489306]
221.4541265964508,1000,False,3,0,[-2.19637671 -4.34844897  3.64410172],entering,[-0.82138112 -0.19970136 -0.21083176]
221.4541265964508,1001,False,0,1,[7.8350902  3.89046045 3.99561355],cruising,[-0.48080528  0.59740651 -0.20557775]
221.4541265964508,1002,False,6,3,[8.28057185 4.82310934 3.50129769],entering,[ 0.5677905  -0.59831228 -0.99408226]
221.4541265964508,1003,False,6,5,[-8.0983871   7.92525206  1.28908304],fake_landed,[ 0.63925976  0.24903542 -0.34837281]
221.4541265964508,1004,False,1,2,[ 5.31264543 -4.66526516  4.00047508],cruising,[-0.62185191  0.08809385  0.93462812]
221.4541265964508,1005,False,2,4,[4.22781156 4.91454931 4.00000061],cruising,[ 0.50568378 -0.03156594 -0.11489306]
221.5399112701416,1000,False,3,0,[-2.26597371 -4.16094895  3.69748646],entering,[-0.82138112 -0.19970136 -0.21083176]
221.5399112701416,1001,False,0,1,[7.95516042 3.73138333 3.99632008],cruising,[-0.48080528  0.59740651 -0.20557775]
221.5399112701416,1002,False,6,3,[8.28525106 4.62316408 3.57610303],entering,[ 0.5677905  -0.59831228 -0.99408226]
221.5399112701416,1003,False,6,5,[-8.09482919  7.92795512  1.26958855],fake_landed,[ 0.63925976  0.24903542 -0.34837281]
221.5399112701416,1004,False,1,2,[ 5.14617772 -4.56082752  4.00042684],cruising,[-0.62185191  0.08809385  0.93462812]
221.5399112701416,1005,False,2,4,[4.4274213  4.90206131 4.00000052],cruising,[ 0.50568378 -0.03156594 -0.11489306]
221.65011858940125,1000,False,3,0,[-2.32780886 -3.97074797  3.74286349],entering,[-0.82138112 -0.19970136 -0.21083176]
221.65011858940125,1001,False,0,1,[8.05839022 3.56151762 3.99694507],cruising,[-0.48080528  0.59740651 -0.20557775]
221.65011858940125,1002,False,6,3,[8.29460493 4.42338294 3.63968758],entering,[ 0.5677905  -0.59831228 -0.99408226]
221.65011858940125,1003,False,5,6,[-8.09482919  7.92795512  1.26958855],waiting,[ 0.63925976  0.24903542 -0.34837281]
221.65011858940125,1004,False,1,2,[ 4.97605752 -4.45566518  4.00036281],cruising,[-0.62185191  0.08809385  0.93462812]
221.65011858940125,1005,False,2,4,[4.62701307 4.88928929 4.00000044],cruising,[ 0.50568378 -0.03156594 -0.11489306]
221.74518489837646,1000,False,3,0,[-2.38864834 -3.78022616  3.78143397],entering,[-0.82138112 -0.19970136 -0.21083176]
221.74518489837646,1001,False,0,1,[8.14390094 3.38237686 3.9974827 ],cruising,[-0.48080528  0.59740651 -0.20557775]
221.74518489837646,1002,False,6,3,[8.3068614  4.22375884 3.69373444],entering,[ 0.5677905  -0.59831228 -0.99408226]
221.74518489837646,1003,False,5,6,[-8.09482919  7.92795512  1.26958855],waiting,[ 0.63925976  0.24903542 -0.34837281]
221.74518489837646,1004,False,1,2,[ 4.80273982 -4.3558605   4.00030839],cruising,[-0.62185191  0.08809385  0.93462812]
221.74518489837646,1005,False,2,4,[4.82654262 4.87557946 4.00000038],cruising,[ 0.50568378 -0.03156594 -0.11489306]
221.84975671768188,1000,False,3,0,[-2.44931986 -3.58965081  3.81421887],cruising,[-0.82138112 -0.19970136 -0.21083176]
221.84975671768188,1001,False,0,1,[8.21101989 3.19537901 3.99792631],exiting,[-0.48080528  0.59740651 -0.20557775]
221.84975671768188,1002,False,6,3,[8.31649611 4.02399105 3.73967428],entering,[ 0.5677905  -0.59831228 -0.99408226]
221.84975671768188,1003,False,5,6,[-8.09482919  7.92795512  1.26958855],waiting,[ 0.63925976  0.24903542 -0.34837281]
221.84975671768188,1004,False,1,2,[ 4.62594969 -4.26234446  4.00026213],cruising,[-0.62185191  0.08809385  0.93462812]
221.84975671768188,1005,False,2,4,[5.02595846 4.86030445 4.00000032],cruising,[ 0.50568378 -0.03156594 -0.11489306]
221.94782161712646,1000,False,3,0,[-2.50406797 -3.39729009  3.84208604],cruising,[-0.82138112 -0.19970136 -0.21083176]
221.94782161712646,1001,False,0,1,[8.26060139 3.01799559 3.99833866],exiting,[-0.48080528  0.59740651 -0.20557775]
221.94782161712646,1002,False,6,3,[8.33135907 3.82454408 3.77872313],cruising,[ 0.5677905  -0.59831228 -0.99408226]
221.94782161712646,1003,False,5,6,[-8.09482919  7.92795512  1.26958855],waiting,[ 0.63925976  0.24903542 -0.34837281]
221.94782161712646,1004,False,1,2,[ 4.44734457 -4.17234328  4.00022281],cruising,[-0.62185191  0.08809385  0.93462812]
221.94782161712646,1005,False,2,4,[5.22528569 4.84391384 4.00000027],cruising,[ 0.50568378 -0.03156594 -0.11489306]
222.04051804542542,1000,False,3,0,[-2.55378411 -3.20356785  3.86577314],cruising,[-0.82138112 -0.19970136 -0.21083176]
222.04051804542542,1001,False,0,1,[8.29499206 2.85362132 3.99873404],exiting,[-0.48080528  0.59740651 -0.20557775]
222.04051804542542,1002,False,6,3,[8.34040691 3.62474884 3.81191466],cruising,[ 0.5677905  -0.59831228 -0.99408226]
222.04051804542542,1003,False,5,6,[-8.09482919  7.92795512  1.26958855],waiting,[ 0.63925976  0.24903542 -0.34837281]
222.04051804542542,1004,False,1,2,[ 4.2666888  -4.08653249  4.00018939],cruising,[-0.62185191  0.08809385  0.93462812]
222.04051804542542,1005,False,2,4,[5.42437025 4.82480002 4.00000023],cruising,[ 0.50568378 -0.03156594 -0.11489306]
222.1536066532135,1000,False,3,0,[-2.59653083 -3.00818946  3.88590717],cruising,[-0.82138112 -0.19970136 -0.21083176]
222.1536066532135,1001,False,0,1,[8.31516264 2.7033108  3.99911261],exiting,[-0.48080528  0.59740651 -0.20557775]
222.1536066532135,1002,False,6,3,[8.34781862 3.42488623 3.84012746],cruising,[ 0.5677905  -0.59831228 -0.99408226]
222.1536066532135,1003,False,5,6,[-8.09482919  7.92795512  1.26958855],waiting,[ 0.63925976  0.24903542 -0.34837281]
222.1536066532135,1004,False,1,2,[ 4.08502593 -4.00287484  4.00016098],cruising,[-0.62185191  0.08809385  0.93462812]
222.1536066532135,1005,False,2,4,[5.62309942 4.80228964 4.0000002 ],cruising,[ 0.50568378 -0.03156594 -0.11489306]
222.2511806488037,1000,False,3,0,[-2.63874753 -2.81269585  3.90302109],cruising,[-0.82138112 -0.19970136 -0.21083176]
222.2511806488037,1001,False,0,1,[8.32166358 2.5675996  3.9994703 ],exiting,[-0.48080528  0.59740651 -0.20557775]
222.2511806488037,1002,False,6,3,[8.36131256 3.22534196 3.86410835],cruising,[ 0.5677905  -0.59831228 -0.99408226]
222.2511806488037,1003,False,5,6,[-8.09482919  7.92795512  1.26958855],waiting,[ 0.63925976  0.24903542 -0.34837281]
222.2511806488037,1004,False,1,2,[ 3.90213633 -3.92193416  4.00013683],cruising,[-0.62185191  0.08809385  0.93462812]
222.2511806488037,1005,False,2,4,[5.82132015 4.77567115 4.00000017],cruising,[ 0.50568378 -0.03156594 -0.11489306]
222.3487708568573,1000,False,3,0,[-2.67841571 -2.61666923  3.91756793],cruising,[-0.82138112 -0.19970136 -0.21083176]
222.3487708568573,1001,False,0,1,[8.31491075 2.4468663  3.99980075],exiting,[-0.48080528  0.59740651 -0.20557775]
222.3487708568573,1002,False,6,3,[8.37342679 3.02570918 3.88449209],cruising,[ 0.5677905  -0.59831228 -0.99408226]
222.3487708568573,1003,False,5,6,[-8.09482919  7.92795512  1.26958855],waiting,[ 0.63925976  0.24903542 -0.34837281]
222.3487708568573,1004,False,1,2,[ 3.71863241 -3.84239604  4.00011631],cruising,[-0.62185191  0.08809385  0.93462812]
222.3487708568573,1005,False,2,4,[6.0188246  4.74417523 4.00000014],cruising,[ 0.50568378 -0.03156594 -0.11489306]
222.438960313797,1000,False,3,0,[-2.71964339 -2.42096466  3.92993274],cruising,[-0.82138112 -0.19970136 -0.21083176]
222.438960313797,1001,False,0,1,[8.29530169 2.34145342 4.00009543],exiting,[-0.48080528  0.59740651 -0.20557775]
222.438960313797,1002,False,6,3,[8.38493113 2.82604033 3.90181828],cruising,[ 0.5677905  -0.59831228 -0.99408226]
222.438960313797,1003,False,5,6,[-8.09482919  7.92795512  1.26958855],waiting,[ 0.63925976  0.24903542 -0.34837281]
222.438960313797,1004,False,1,2,[ 3.53434826 -3.76468278  4.00009886],cruising,[-0.62185191  0.08809385  0.93462812]
222.438960313797,1005,False,2,4,[6.21533086 4.70695578 4.00000012],cruising,[ 0.50568378 -0.03156594 -0.11489306]
222.5396683216095,1000,False,3,0,[-2.76264554 -2.22564233  3.94044283],cruising,[-0.82138112 -0.19970136 -0.21083176]
222.5396683216095,1001,False,0,1,[8.2633217  2.25175545 4.00034202],exiting,[-0.48080528  0.59740651 -0.20557775]
222.5396683216095,1002,False,6,3,[8.39994542 2.6266047  3.91654554],cruising,[ 0.5677905  -0.59831228 -0.99408226]
222.5396683216095,1003,False,5,6,[-8.09482919  7.92795512  1.26958855],waiting,[ 0.63925976  0.24903542 -0.34837281]
222.5396683216095,1004,False,1,2,[ 3.34958391 -3.68811819  4.00008403],cruising,[-0.62185191  0.08809385  0.93462812]
222.5396683216095,1005,False,2,4,[6.41045712 4.66307247 4.0000001 ],cruising,[ 0.50568378 -0.03156594 -0.11489306]
222.64287781715393,1000,False,3,0,[-2.80689915 -2.03059972  3.9493764 ],cruising,[-0.82138112 -0.19970136 -0.21083176]
222.64287781715393,1001,False,0,1,[8.21923465 2.17797652 4.00053345],exiting,[-0.48080528  0.59740651 -0.20557775]
222.64287781715393,1002,False,6,3,[8.41320977 2.42704504 3.92906371],cruising,[ 0.5677905  -0.59831228 -0.99408226]
222.64287781715393,1003,False,5,6,[-8.09482919  7.92795512  1.26958855],waiting,[ 0.63925976  0.24903542 -0.34837281]
222.64287781715393,1004,False,1,2,[ 3.16427647 -3.61287756  4.00007143],cruising,[-0.62185191  0.08809385  0.93462812]
222.64287781715393,1005,False,2,4,[6.60368722 4.61147665 4.00000009],cruising,[ 0.50568378 -0.03156594 -0.11489306]
222.7470715045929,1000,False,3,0,[-2.8541165  -1.83625332  3.95696994],cruising,[-0.82138112 -0.19970136 -0.21083176]
222.7470715045929,1001,False,0,1,[8.16331322 2.12032036 4.00066338],exiting,[-0.48080528  0.59740651 -0.20557775]
222.7470715045929,1002,False,6,3,[8.42818789 2.22760669 3.93970415],cruising,[ 0.5677905  -0.59831228 -0.99408226]
222.7470715045929,1003,False,5,6,[-8.09482919  7.92795512  1.26958855],waiting,[ 0.63925976  0.24903542 -0.34837281]
222.7470715045929,1004,False,1,2,[ 2.97843785 -3.53895865  4.00006071],cruising,[-0.62185191  0.08809385  0.93462812]
222.7470715045929,1005,False,2,4,[6.79432595 4.55100458 4.00000007],cruising,[ 0.50568378 -0.03156594 -0.11489306]
222.85275840759277,1000,False,3,0,[-2.90454843 -1.64271619  3.96342445],cruising,[-0.82138112 -0.19970136 -0.21083176]
222.85275840759277,1001,False,0,1,[8.09583937 2.07899016 4.00072673],exiting,[-0.48080528  0.59740651 -0.20557775]
222.85275840759277,1002,False,6,3,[8.44067784 2.02799707 3.94874853],cruising,[ 0.5677905  -0.59831228 -0.99408226]
222.85275840759277,1003,False,5,6,[-8.09482919  7.92795512  1.26958855],waiting,[ 0.63925976  0.24903542 -0.34837281]
222.85275840759277,1004,False,1,2,[ 2.79198535 -3.46660212  4.00005161],cruising,[-0.62185191  0.08809385  0.93462812]
222.85275840759277,1005,False,2,4,[6.98144296 4.48038428 4.00000006],cruising,[ 0.50568378 -0.03156594 -0.11489306]
222.94710421562195,1000,False,3,0,[-2.95851182 -1.45013387  3.96891078],cruising,[-0.82138112 -0.19970136 -0.21083176]
222.94710421562195,1001,False,0,1,[8.01710503 2.05418862 4.00072066],exiting,[-0.48080528  0.59740651 -0.20557775]
222.94710421562195,1002,False,6,3,[8.45369988 1.82842145 3.95643625],cruising,[ 0.5677905  -0.59831228 -0.99408226]
222.94710421562195,1003,False,5,6,[-8.09482919  7.92795512  1.26958855],waiting,[ 0.63925976  0.24903542 -0.34837281]
222.94710421562195,1004,False,1,2,[ 2.60503774 -3.39553461  4.00004387],cruising,[-0.62185191  0.08809385  0.93462812]
222.94710421562195,1005,False,2,4,[7.1638068  4.39826588 4.00000005],cruising,[ 0.50568378 -0.03156594 -0.11489306]
223.0467929840088,1000,False,3,0,[-3.01636834 -1.25868512  3.97357417],cruising,[-0.82138112 -0.19970136 -0.21083176]
223.0467929840088,1001,False,0,1,[7.92741297 2.04611801 4.00064698],exiting,[-0.48080528  0.59740651 -0.20557775]
223.0467929840088,1002,False,6,3,[8.4638636  1.62867987 3.96297081],cruising,[ 0.5677905  -0.59831228 -0.99408226]
223.0467929840088,1003,False,5,6,[-8.09482919  7.92795512  1.26958855],waiting,[ 0.63925976  0.24903542 -0.34837281]
223.0467929840088,1004,False,1,2,[ 2.41729101 -3.32660591  4.00003729],cruising,[-0.62185191  0.08809385  0.93462812]
223.0467929840088,1005,False,2,4,[7.33981644 4.30328901 4.00000005],cruising,[ 0.50568378 -0.03156594 -0.11489306]
223.14048647880554,1000,False,3,0,[-3.07764949 -1.06830492  3.97753804],cruising,[-0.82138112 -0.19970136 -0.21083176]
223.14048647880554,1001,False,0,1,[7.82772072 2.05395734 4.00052434],exiting,[-0.48080528  0.59740651 -0.20557775]
223.14048647880554,1002,False,6,3,[8.47381669 1.42892769 3.96852519],cruising,[ 0.5677905  -0.59831228 -0.99408226]
223.14048647880554,1003,False,5,6,[-8.09482919  7.92795512  1.26958855],queued,[ 0.63925976  0.24903542 -0.34837281]
223.14048647880554,1004,False,1,2,[ 2.22860224 -3.26029944  4.00003169],cruising,[-0.62185191  0.08809385  0.93462812]
223.14048647880554,1005,False,2,4,[7.50744693 4.19420181 4.00000004],cruising,[ 0.50568378 -0.03156594 -0.11489306]
223.25081872940063,1000,False,3,0,[-3.14354346 -0.8794717   3.98090734],cruising,[-0.82138112 -0.19970136 -0.21083176]
223.25081872940063,1001,False,0,1,[7.72802847 2.06179666 4.00042409],exiting,[-0.48080528  0.59740651 -0.20557775]
223.25081872940063,1002,False,6,3,[8.48304545 1.22914073 3.97324641],cruising,[ 0.5677905  -0.59831228 -0.99408226]
223.25081872940063,1003,False,5,6,[-8.09482919  7.92795512  1.28958855],queued,[ 0.63925976  0.24903542 -0.34837281]
223.25081872940063,1004,False,1,2,[ 2.03930843 -3.19574053  4.00002694],cruising,[-0.62185191  0.08809385  0.93462812]
223.25081872940063,1005,False,2,4,[7.6630294  4.06915074 4.00000003],cruising,[ 0.50568378 -0.03156594 -0.11489306]
223.35204982757568,1000,False,3,0,[-3.21448897 -0.69247776  3.98377123],cruising,[-0.82138112 -0.19970136 -0.21083176]
223.35204982757568,1001,False,0,1,[7.62833622 2.06963599 4.00034226],exiting,[-0.48080528  0.59740651 -0.20557775]
223.35204982757568,1002,False,6,3,[8.48883729 1.02922461 3.97725945],cruising,[ 0.5677905  -0.59831228 -0.99408226]
223.35204982757568,1003,False,5,6,[-8.09482919  7.92795512  1.32958855],queued,[ 0.63925976  0.24903542 -0.34837281]
223.35204982757568,1004,False,1,2,[ 1.8487384  -3.13505228  4.0000229 ],cruising,[-0.62185191  0.08809385  0.93462812]
223.35204982757568,1005,False,2,4,[7.80517468 3.9292861  4.00000003],cruising,[ 0.50568378 -0.03156594 -0.11489306]
223.45130372047424,1000,False,3,0,[-3.29090361 -0.50765134  3.98620555],cruising,[-0.82138112 -0.19970136 -0.21083176]
223.45130372047424,1001,False,0,1,[7.52864397 2.07747531 4.00027556],exiting,[-0.48080528  0.59740651 -0.20557775]
223.45130372047424,1002,False,6,3,[8.49366723 0.82928294 3.98067053],cruising,[ 0.5677905  -0.59831228 -0.99408226]
223.45130372047424,1003,False,5,6,[-8.09482919  7.92795512  1.38958855],queued,[ 0.63925976  0.24903542 -0.34837281]
223.45130372047424,1004,False,1,2,[ 1.65670822 -3.07915584  4.00001946],cruising,[-0.62185191  0.08809385  0.93462812]
223.45130372047424,1005,False,2,4,[7.93242213 3.77607773 4.00000002],cruising,[ 0.50568378 -0.03156594 -0.11489306]
223.53940391540527,1000,False,3,0,[-3.37143596 -0.32458157  3.98827472],cruising,[-0.82138112 -0.19970136 -0.21083176]
223.53940391540527,1001,False,0,1,[7.42895172 2.08531464 4.00022127],exiting,[-0.48080528  0.59740651 -0.20557775]
223.53940391540527,1002,False,6,3,[8.49722558 0.62931459 3.98356995],cruising,[ 0.5677905  -0.59831228 -0.99408226]
223.53940391540527,1003,False,5,6,[-8.09482919  7.92795512  1.46458855],queued,[ 0.63925976  0.24903542 -0.34837281]
223.53940391540527,1004,False,1,2,[ 1.46302554 -3.02928585  4.00001654],cruising,[-0.62185191  0.08809385  0.93462812]
223.53940391540527,1005,False,2,4,[8.0434242  3.61120372 4.00000002],cruising,[ 0.50568378 -0.03156594 -0.11489306]
223.64586210250854,1000,False,3,0,[-3.45838436 -0.14447057  3.99003351],cruising,[-0.82138112 -0.19970136 -0.21083176]
223.64586210250854,1001,False,0,1,[7.32925947 2.09315396 4.00017717],exiting,[-0.48080528  0.59740651 -0.20557775]
223.64586210250854,1002,False,6,3,[8.4971838  0.4293146  3.98603446],cruising,[ 0.5677905  -0.59831228 -0.99408226]
223.64586210250854,1003,False,5,6,[-8.09482919  7.92795512  1.53958855],queued,[ 0.63925976  0.24903542 -0.34837281]
223.64586210250854,1004,False,1,2,[ 1.26751751 -2.98713595  4.00001406],cruising,[-0.62185191  0.08809385  0.93462812]
223.64586210250854,1005,False,2,4,[8.13682497 3.43683263 4.00000002],cruising,[ 0.50568378 -0.03156594 -0.11489306]
223.74658393859863,1000,False,3,0,[-3.55216017  0.03218191  3.99152848],cruising,[-0.82138112 -0.19970136 -0.21083176]
223.74658393859863,1001,False,0,1,[7.22956722 2.10099329 4.0001414 ],exiting,[-0.48080528  0.59740651 -0.20557775]
223.74658393859863,1002,False,6,3,[8.49582783 0.2293192  3.98812929],cruising,[ 0.5677905  -0.59831228 -0.99408226]
223.74658393859863,1003,False,5,6,[-8.09482919  7.92795512  1.61458855],queued,[ 0.63925976  0.24903542 -0.34837281]
223.74658393859863,1004,False,1,2,[ 1.07010355 -2.95507776  4.00001195],cruising,[-0.62185191  0.08809385  0.93462812]
223.74658393859863,1005,False,2,4,[8.21199573 3.25423557 4.00000001],cruising,[ 0.50568378 -0.03156594 -0.11489306]
223.84382605552673,1000,False,3,0,[-3.65190857  0.20553201  3.99279921],cruising,[-0.82138112 -0.19970136 -0.21083176]
223.84382605552673,1001,False,0,1,[7.12987497 2.10883261 4.00011246],exiting,[-0.48080528  0.59740651 -0.20557775]
223.84382605552673,1002,False,6,3,[8.49293568 0.02934011 3.9899099 ],cruising,[ 0.5677905  -0.59831228 -0.99408226]
223.84382605552673,1003,False,5,6,[-8.09482919  7.92795512  1.68958855],queued,[ 0.63925976  0.24903542 -0.34837281]
223.84382605552673,1004,False,1,2,[ 0.87051356 -2.94290083  4.00001015],cruising,[-0.62185191  0.08809385  0.93462812]
223.84382605552673,1005,False,2,4,[8.2686126  3.06417172 4.00000001],cruising,[ 0.50568378 -0.03156594 -0.11489306]
223.9465296268463,1000,False,3,0,[-3.75840275  0.37482167  3.99387933],cruising,[-0.82138112 -0.19970136 -0.21083176]
223.9465296268463,1001,False,0,1,[7.03018272 2.11667194 4.00008908],exiting,[-0.48080528  0.59740651 -0.20557775]
223.9465296268463,1002,False,6,3,[ 8.48833144 -0.17060689  3.99142341],cruising,[ 0.5677905  -0.59831228 -0.99408226]
223.9465296268463,1003,False,5,6,[-8.09482919  7.92795512  1.76458855],queued,[ 0.63925976  0.24903542 -0.34837281]
223.9465296268463,1004,False,1,2,[ 0.67051506 -2.94212755  4.00000863],cruising,[-0.62185191  0.08809385  0.93462812]
223.9465296268463,1005,False,2,4,[8.30614428 2.86812825 4.00000001],cruising,[ 0.50568378 -0.03156594 -0.11489306]
224.04773569107056,1000,False,3,0,[-3.86800076  0.54211864  3.99479743],cruising,[-0.82138112 -0.19970136 -0.21083176]
224.04773569107056,1001,False,0,1,[6.93049047 2.12451126 4.00007024],exiting,[-0.48080528  0.59740651 -0.20557775]
224.04773569107056,1002,False,6,3,[ 8.47982639 -0.37042597  3.9927099 ],cruising,[ 0.5677905  -0.59831228 -0.99408226]
224.04773569107056,1003,False,5,6,[-8.09482919  7.92795512  1.83958855],queued,[ 0.63925976  0.24903542 -0.34837281]
224.04773569107056,1004,False,1,2,[ 0.47106585 -2.95696043  4.00000733],cruising,[-0.62185191  0.08809385  0.93462812]
224.04773569107056,1005,False,2,4,[8.33481567 2.67019404 4.00000001],cruising,[ 0.50568378 -0.03156594 -0.11489306]
224.14284253120422,1000,False,3,0,[-3.98004408  0.70778787  3.99557782],cruising,[-0.82138112 -0.19970136 -0.21083176]
224.14284253120422,1001,False,0,1,[6.83079822 2.13235059 4.00005511],exiting,[-0.48080528  0.59740651 -0.20557775]
224.14284253120422,1002,False,6,3,[ 8.46968505 -0.57016868  3.99380342],cruising,[ 0.5677905  -0.59831228 -0.99408226]
224.14284253120422,1003,False,5,6,[-8.09482919  7.92795512  1.91458855],queued,[ 0.63925976  0.24903542 -0.34837281]
224.14284253120422,1004,False,1,2,[ 0.27329007 -2.986705    4.00000623],cruising,[-0.62185191  0.08809385  0.93462812]
224.14284253120422,1005,False,2,4,[8.36305489 2.47219771 4.00000001],cruising,[ 0.50568378 -0.03156594 -0.11489306]
224.2481861114502,1000,False,3,0,[-4.09396773  0.87216975  3.99624114],cruising,[-0.82138112 -0.19970136 -0.21083176]
224.2481861114502,1001,False,0,1,[6.73110596 2.14018991 4.00004298],exiting,[-0.48080528  0.59740651 -0.20557775]
224.2481861114502,1002,False,6,3,[ 8.45772752 -0.76981091  3.9947329 ],cruising,[ 0.5677905  -0.59831228 -0.99408226]
224.2481861114502,1003,False,5,6,[-8.09482919  7.92795512  1.98958855],queued,[ 0.63925976  0.24903542 -0.34837281]
224.2481861114502,1004,False,1,2,[ 0.07913086 -3.03468628  4.0000053 ],cruising,[-0.62185191  0.08809385  0.93462812]
224.2481861114502,1005,False,2,4,[8.38655078 2.27358265 4.00000001],cruising,[ 0.50568378 -0.03156594 -0.11489306]
224.33892679214478,1000,False,3,0,[-4.20928723  1.03557542  3.99680497],cruising,[-0.82138112 -0.19970136 -0.21083176]
224.33892679214478,1001,False,0,1,[6.63141371 2.14802924 4.0000333 ],exiting,[-0.48080528  0.59740651 -0.20557775]
224.33892679214478,1002,False,6,3,[ 8.44379949 -0.96932534  3.99552297],cruising,[ 0.5677905  -0.59831228 -0.99408226]
224.33892679214478,1003,False,5,6,[-8.09482919  7.92795512  2.06458855],queued,[ 0.63925976  0.24903542 -0.34837281]
224.33892679214478,1004,False,1,2,[-0.11180096 -3.09422651  4.0000045 ],cruising,[-0.62185191  0.08809385  0.93462812]
224.33892679214478,1005,False,2,4,[8.40915526 2.07486416 4.        ],cruising,[ 0.50568378 -0.03156594 -0.11489306]
224.4396834373474,1000,False,3,0,[-4.32558508  1.19828624  3.99728423],cruising,[-0.82138112 -0.19970136 -0.21083176]
224.4396834373474,1001,False,0,1,[6.53172146 2.15586856 4.00002559],exiting,[-0.48080528  0.59740651 -0.20557775]
224.4396834373474,1002,False,6,3,[ 8.42558888 -1.16849455  3.99619452],cruising,[ 0.5677905  -0.59831228 -0.99408226]
224.4396834373474,1003,False,5,6,[-8.09482919  7.92795512  2.13958855],queued,[ 0.63925976  0.24903542 -0.34837281]
224.4396834373474,1004,False,1,2,[-0.29921822 -3.16404607  4.00000383],cruising,[-0.62185191  0.08809385  0.93462812]
224.4396834373474,1005,False,2,4,[8.42735128 1.87569362 4.        ],cruising,[ 0.50568378 -0.03156594 -0.11489306]
224.54747128486633,1000,False,3,0,[-4.44249801  1.36055567  3.99769159],cruising,[-0.82138112 -0.19970136 -0.21083176]
224.54747128486633,1001,False,0,1,[6.43202921 2.16370789 4.00001948],exiting,[-0.48080528  0.59740651 -0.20557775]
224.54747128486633,1002,False,6,3,[ 8.40545855 -1.3674789   3.99676534],cruising,[ 0.5677905  -0.59831228 -0.99408226]
224.54747128486633,1003,False,5,6,[-8.09482919  7.92795512  2.21458855],queued,[ 0.63925976  0.24903542 -0.34837281]
224.54747128486633,1004,False,1,2,[-0.48206474 -3.24508403  4.00000325],cruising,[-0.62185191  0.08809385  0.93462812]
224.54747128486633,1005,False,2,4,[8.44442779 1.67642397 4.        ],cruising,[ 0.50568378 -0.03156594 -0.11489306]
224.64678239822388,1000,False,3,0,[-4.55970527  1.52261263  3.99803785],cruising,[-0.82138112 -0.19970136 -0.21083176]
224.64678239822388,1001,False,0,1,[6.33233696 2.17154721 4.00001466],exiting,[-0.48080528  0.59740651 -0.20557775]
224.64678239822388,1002,False,6,3,[ 8.38320569 -1.56623707  3.99725054],cruising,[ 0.5677905  -0.59831228 -0.99408226]
224.64678239822388,1003,False,5,6,[-8.09482919  7.92795512  2.28958855],queued,[ 0.63925976  0.24903542 -0.34837281]
224.64678239822388,1004,False,1,2,[-0.66151887 -3.33338021  4.00000277],cruising,[-0.62185191  0.08809385  0.93462812]
224.64678239822388,1005,False,2,4,[8.4574532  1.47684858 4.        ],cruising,[ 0.50568378 -0.03156594 -0.11489306]
224.73999094963074,1000,False,3,0,[-4.67688964  1.68468614  3.99833218],cruising,[-0.82138112 -0.19970136 -0.21083176]
224.73999094963074,1001,False,0,1,[6.23264471 2.17938654 4.00001088],exiting,[-0.48080528  0.59740651 -0.20557775]
224.73999094963074,1002,False,6,3,[ 8.35628276 -1.76441667  3.99766296],cruising,[ 0.5677905  -0.59831228 -0.99408226]
224.73999094963074,1003,False,5,6,[-8.09482919  7.92795512  2.36458855],queued,[ 0.63925976  0.24903542 -0.34837281]
224.73999094963074,1004,False,1,2,[-0.83940583 -3.42479262  4.00000235],cruising,[-0.62185191  0.08809385  0.93462812]
224.73999094963074,1005,False,2,4,[8.46923792 1.27719608 4.        ],cruising,[ 0.50568378 -0.03156594 -0.11489306]
224.84085321426392,1000,False,3,0,[-4.79395551  1.84684526  3.99858235],cruising,[-0.82138112 -0.19970136 -0.21083176]
224.84085321426392,1001,False,0,1,[6.13295246 2.18722586 4.00000794],exiting,[-0.48080528  0.59740651 -0.20557775]
224.84085321426392,1002,False,6,3,[ 8.32716267 -1.96228537  3.99801352],cruising,[ 0.5677905  -0.59831228 -0.99408226]
224.84085321426392,1003,False,5,6,[-8.09482919  7.92795512  2.43958855],queued,[ 0.63925976  0.24903542 -0.34837281]
224.84085321426392,1004,False,1,2,[-1.01809483 -3.51462713  4.000002  ],cruising,[-0.62185191  0.08809385  0.93462812]
224.84085321426392,1005,False,2,4,[8.47949682 1.07745936 4.        ],cruising,[ 0.50568378 -0.03156594 -0.11489306]
224.94411063194275,1000,False,3,0,[-4.91061262  2.0092987   3.998795  ],cruising,[-0.82138112 -0.19970136 -0.21083176]
224.94411063194275,1001,False,0,1,[6.03326021 2.19506519 4.00000566],exiting,[-0.48080528  0.59740651 -0.20557775]
224.94411063194275,1002,False,6,3,[ 8.29558032 -2.15977601  3.99831149],cruising,[ 0.5677905  -0.59831228 -0.99408226]
224.94411063194275,1003,False,5,6,[-8.09482919  7.92795512  2.51458855],entering,[ 0.63925976  0.24903542 -0.34837281]
224.94411063194275,1004,False,1,2,[-1.20144539 -3.59451814  4.0000017 ],cruising,[-0.62185191  0.08809385  0.93462812]
224.94411063194275,1005,False,2,4,[8.48576218 0.87755752 4.        ],cruising,[ 0.50568378 -0.03156594 -0.11489306]
225.04993867874146,1000,False,3,0,[-5.02658671  2.17224044  3.99897575],cruising,[-0.82138112 -0.19970136 -0.21083176]
225.04993867874146,1001,False,0,1,[5.93356795 2.20290451 4.00000391],exiting,[-0.48080528  0.59740651 -0.20557775]
225.04993867874146,1002,False,6,3,[ 8.25851521 -2.35631145  3.99856477],cruising,[ 0.5677905  -0.59831228 -0.99408226]
225.04993867874146,1003,False,5,6,[-8.07697903  7.91893449  2.58958855],entering,[ 0.63925976  0.24903542 -0.34837281]
225.04993867874146,1004,False,1,2,[-1.39169561 -3.65563696  4.00000144],cruising,[-0.62185191  0.08809385  0.93462812]
225.04993867874146,1005,False,2,4,[8.49056504 0.6776152  4.        ],cruising,[ 0.50568378 -0.03156594 -0.11489306]
225.1443326473236,1000,False,3,0,[-5.14160889  2.33585553  3.99912939],cruising,[-0.82138112 -0.19970136 -0.21083176]
225.1443326473236,1001,False,0,1,[5.8338757  2.21074384 4.00000258],exiting,[-0.48080528  0.59740651 -0.20557775]
225.1443326473236,1002,False,6,3,[ 8.21876128 -2.5523207   3.99878005],cruising,[ 0.5677905  -0.59831228 -0.99408226]
225.1443326473236,1003,False,5,6,[-8.04126503  7.90092036  2.66458855],entering,[ 0.63925976  0.24903542 -0.34837281]
225.1443326473236,1004,False,1,2,[-1.58570059 -3.6971114   4.00000119],cruising,[-0.62185191  0.08809385  0.93462812]
225.1443326473236,1005,False,2,4,[8.49370659 0.47763987 4.        ],cruising,[ 0.50568378 -0.03156594 -0.11489306]
225.24368286132812,1000,False,3,0,[-5.25601484  2.4999021   3.99925998],cruising,[-0.82138112 -0.19970136 -0.21083176]
225.24368286132812,1001,False,0,1,[5.73418345 2.21858316 4.00000159],exiting,[-0.48080528  0.59740651 -0.20557775]
225.24368286132812,1002,False,6,3,[ 8.17282493 -2.74697385  3.99896304],cruising,[ 0.5677905  -0.59831228 -0.99408226]
225.24368286132812,1003,False,5,6,[-7.98765702  7.87397289  2.73958855],entering,[ 0.63925976  0.24903542 -0.34837281]
225.24368286132812,1004,False,1,2,[-1.78035499 -3.71859639  4.00000097],cruising,[-0.62185191  0.08809385  0.93462812]
225.24368286132812,1005,False,2,4,[8.49298274 0.27764118 4.        ],cruising,[ 0.50568378 -0.03156594 -0.11489306]
225.34887075424194,1000,False,3,0,[-5.36892179  2.66498397  3.99937098],cruising,[-0.82138112 -0.19970136 -0.21083176]
225.34887075424194,1001,False,0,1,[5.6344912  2.22642249 4.00000087],exiting,[-0.48080528  0.59740651 -0.20557775]
225.34887075424194,1002,False,6,3,[ 8.1237348  -2.94085567  3.99911859],cruising,[ 0.5677905  -0.59831228 -0.99408226]
225.34887075424194,1003,False,5,6,[-7.91609787  7.83820744  2.81458855],entering,[ 0.63925976  0.24903542 -0.34837281]
225.34887075424194,1004,False,1,2,[-1.97266529 -3.72021922  4.00000075],cruising,[-0.62185191  0.08809385  0.93462812]
225.34887075424194,1005,False,2,4,[8.49069263 0.0776543  4.        ],cruising,[ 0.50568378 -0.03156594 -0.11489306]
225.44711542129517,1000,False,3,0,[-5.48001938  2.83128888  3.99946533],cruising,[-0.82138112 -0.19970136 -0.21083176]
225.44711542129517,1001,False,0,1,[5.53479895 2.23426182 4.00000036],landing,[-0.48080528  0.59740651 -0.20557775]
225.44711542129517,1002,False,6,3,[ 8.06726231 -3.13271723  3.9992508 ],cruising,[ 0.5677905  -0.59831228 -0.99408226]
225.44711542129517,1003,False,5,6,[-7.82653934  7.79372292  2.88958855],entering,[ 0.63925976  0.24903542 -0.34837281]
225.44711542129517,1004,False,1,2,[-2.15974115 -3.70253919  4.00000055],cruising,[-0.62185191  0.08809385  0.93462812]
225.44711542129517,1005,False,2,4,[ 8.48666578 -0.12230516  4.        ],cruising,[ 0.50568378 -0.03156594 -0.11489306]
225.53867483139038,1000,False,3,0,[-5.58896142  2.99901375  3.99954553],cruising,[-0.82138112 -0.19970136 -0.21083176]
225.53867483139038,1001,False,0,1,[5.44901002 2.23789054 3.98625327],landing,[-0.48080528  0.59740651 -0.20557775]
225.53867483139038,1002,False,6,3,[ 8.00689086 -3.32338786  3.99936318],cruising,[ 0.5677905  -0.59831228 -0.99408226]
225.53867483139038,1003,False,5,6,[-7.71895726  7.7405694   2.96458855],entering,[ 0.63925976  0.24903542 -0.34837281]
225.53867483139038,1004,False,1,2,[-2.33925866 -3.66634238  4.00000036],cruising,[-0.62185191  0.08809385  0.93462812]
225.53867483139038,1005,False,2,4,[ 8.48076489 -0.32221809  4.        ],cruising,[ 0.50568378 -0.03156594 -0.11489306]
225.64041471481323,1000,False,3,0,[-5.69535032  3.1683696   3.9996137 ],cruising,[-0.82138112 -0.19970136 -0.21083176]
225.64041471481323,1001,False,0,1,[5.37729459 2.23733309 3.95892632],landing,[-0.48080528  0.59740651 -0.20557775]
225.64041471481323,1002,False,6,3,[ 7.9372398 -3.5108678  3.9994587],cruising,[ 0.5677905  -0.59831228 -0.99408226]
225.64041471481323,1003,False,5,6,[-7.59332967  7.67879268  3.03958855],entering,[ 0.63925976  0.24903542 -0.34837281]
225.64041471481323,1004,False,1,2,[-2.5090248  -3.61268386  4.00000019],cruising,[-0.62185191  0.08809385  0.93462812]
225.64041471481323,1005,False,2,4,[ 8.47083663 -0.52197151  4.        ],cruising,[ 0.50568378 -0.03156594 -0.11489306]
225.75276374816895,1000,False,3,0,[-5.79871812  3.33958612  3.99967165],cruising,[-0.82138112 -0.19970136 -0.21083176]
225.75276374816895,1001,False,0,1,[5.31985082 2.23261904 3.91821869],landing,[-0.48080528  0.59740651 -0.20557775]
225.75276374816895,1002,False,6,3,[ 7.85724191 -3.69417175  3.9995399 ],cruising,[ 0.5677905  -0.59831228 -0.99408226]
225.75276374816895,1003,False,5,6,[-7.44920924  7.6093992   3.11458855],entering,[ 0.63925976  0.24903542 -0.34837281]
225.75276374816895,1004,False,1,2,[-2.66704243 -3.54283979  4.00000003],cruising,[-0.62185191  0.08809385  0.93462812]
225.75276374816895,1005,False,2,4,[ 8.45914936 -0.72162974  4.        ],cruising,[ 0.50568378 -0.03156594 -0.11489306]
225.84495902061462,1000,False,3,0,[-5.89850221  3.51291567  3.9997209 ],cruising,[-0.82138112 -0.19970136 -0.21083176]
225.84495902061462,1001,False,0,1,[5.2769423  2.22378976 3.86440414],landing,[-0.48080528  0.59740651 -0.20557775]
225.84495902061462,1002,False,6,3,[ 7.765335   -3.87180373  3.99960891],cruising,[ 0.5677905  -0.59831228 -0.99408226]
225.84495902061462,1003,False,5,6,[-7.28637253  7.53295585  3.18958855],entering,[ 0.63925976  0.24903542 -0.34837281]
225.84495902061462,1004,False,1,2,[-2.81163056 -3.45817516  3.99999989],cruising,[-0.62185191  0.08809385  0.93462812]
225.84495902061462,1005,False,2,4,[ 8.44553762 -0.921166    4.        ],cruising,[ 0.50568378 -0.03156594 -0.11489306]
225.95259547233582,1000,False,3,0,[-5.99401378  3.68863574  3.99976277],cruising,[-0.82138112 -0.19970136 -0.21083176]
225.95259547233582,1001,False,0,1,[5.24881071 2.21088527 3.79774301],landing,[-0.48080528  0.59740651 -0.20557775]
225.95259547233582,1002,False,6,3,[ 7.65940031 -4.04144406  3.99966758],cruising,[ 0.5677905  -0.59831228 -0.99408226]
225.95259547233582,1003,False,5,6,[-7.10403321  7.45207985  3.26458855],entering,[ 0.63925976  0.24903542 -0.34837281]
225.95259547233582,1004,False,1,2,[-2.94133212 -3.36015426  3.99999976],cruising,[-0.62185191  0.08809385  0.93462812]
225.95259547233582,1005,False,2,4,[ 8.42985597 -1.12055027  4.        ],cruising,[ 0.50568378 -0.03156594 -0.11489306]
226.0488486289978,1000,False,3,0,[-6.08439588  3.8670484   3.99979835],cruising,[-0.82138112 -0.19970136 -0.21083176]
226.0488486289978,1001,False,0,1,[5.23566513 2.19394193 3.7184681 ],landing,[-0.48080528  0.59740651 -0.20557775]
226.0488486289978,1002,False,6,3,[ 7.53706231 -4.19964186  3.99971759],cruising,[ 0.5677905  -0.59831228 -0.99408226]
226.0488486289978,1003,False,5,6,[-6.92019781  7.37331092  3.33958855],entering,[ 0.63925976  0.24903542 -0.34837281]
226.0488486289978,1004,False,1,2,[-3.05484261 -3.25039246  3.99999965],cruising,[-0.62185191  0.08809385  0.93462812]
226.0488486289978,1005,False,2,4,[ 8.40976206 -1.3195383   4.        ],cruising,[ 0.50568378 -0.03156594 -0.11489306]
226.1465983390808,1000,False,3,0,[-6.16856743  4.04847373  3.9998286 ],cruising,[-0.82138112 -0.19970136 -0.21083176]
226.1465983390808,1001,False,0,1,[5.23771577 2.17299799 3.62682105],landing,[-0.48080528  0.59740651 -0.20557775]
226.1465983390808,1002,False,6,3,[ 7.39974263 -4.34459016  3.99976184],cruising,[ 0.5677905  -0.59831228 -0.99408226]
226.1465983390808,1003,False,5,6,[-6.73422795  7.29972279  3.41458855],entering,[ 0.63925976  0.24903542 -0.34837281]
226.1465983390808,1004,False,1,2,[-3.15105979 -3.13058368  3.99999956],cruising,[-0.62185191  0.08809385  0.93462812]
226.1465983390808,1005,False,2,4,[ 8.38764817 -1.51831198  4.        ],cruising,[ 0.50568378 -0.03156594 -0.11489306]
226.25932121276855,1000,False,3,0,[-6.24514818  4.23323137  3.99985431],cruising,[-0.82138112 -0.19970136 -0.21083176]
226.25932121276855,1001,False,0,1,[5.24655847 2.15030842 3.52983141],landing,[-0.48080528  0.59740651 -0.20557775]
226.25932121276855,1002,False,6,3,[ 7.24987357 -4.47396564  3.99980307],cruising,[ 0.5677905  -0.59831228 -0.99408226]
226.25932121276855,1003,False,5,6,[-6.54665229  7.23032993  3.48958855],entering,[ 0.63925976  0.24903542 -0.34837281]
226.25932121276855,1004,False,1,2,[-3.22936188 -3.00188391  3.99999949],cruising,[-0.62185191  0.08809385  0.93462812]
226.25932121276855,1005,False,2,4,[ 8.36330783 -1.71682532  4.        ],cruising,[ 0.50568378 -0.03156594 -0.11489306]
226.3455114364624,1000,False,3,0,[-6.31235952  4.42159972  3.99987616],cruising,[-0.82138112 -0.19970136 -0.21083176]
226.3455114364624,1001,False,0,1,[5.25540116 2.12761885 3.43284177],landing,[-0.48080528  0.59740651 -0.20557775]
226.3455114364624,1002,False,6,3,[ 7.08935883 -4.58640979  3.99984128],cruising,[ 0.5677905  -0.59831228 -0.99408226]
226.3455114364624,1003,False,5,6,[-6.35737021  7.16573662  3.56458855],entering,[ 0.63925976  0.24903542 -0.34837281]
226.3455114364624,1004,False,1,2,[-3.28938233 -2.86507355  3.99999943],cruising,[-0.62185191  0.08809385  0.93462812]
226.3455114364624,1005,False,2,4,[ 8.33410504 -1.91468183  4.        ],cruising,[ 0.50568378 -0.03156594 -0.11489306]
226.45877504348755,1000,False,3,0,[-6.36161144  4.6154405   3.99989474],cruising,[-0.82138112 -0.19970136 -0.21083176]
226.45877504348755,1001,False,0,1,[5.26424386 2.10492928 3.33585213],landing,[-0.48080528  0.59740651 -0.20557775]
226.45877504348755,1002,False,6,3,[ 6.92025177 -4.68079372  3.99987641],cruising,[ 0.5677905  -0.59831228 -0.99408226]
226.45877504348755,1003,False,5,6,[-6.16603871  7.10749353  3.62990027],entering,[ 0.63925976  0.24903542 -0.34837281]
226.45877504348755,1004,False,1,2,[-3.3309465  -2.72055829  3.9999994 ],cruising,[-0.62185191  0.08809385  0.93462812]
226.45877504348755,1005,False,2,4,[ 8.30258196 -2.11218194  4.        ],cruising,[ 0.50568378 -0.03156594 -0.11489306]
226.5494830608368,1000,False,3,0,[-6.39122128  4.81304803  3.99991096],cruising,[-0.82138112 -0.19970136 -0.21083176]
226.5494830608368,1001,False,0,1,[5.27308656 2.08223971 3.23886249],landing,[-0.48080528  0.59740651 -0.20557775]
226.5494830608368,1002,False,6,3,[ 6.74469949 -4.75624462  3.99990843],cruising,[ 0.5677905  -0.59831228 -0.99408226]
226.5494830608368,1003,False,5,6,[-5.97244917  7.05726315  3.68541523],entering,[ 0.63925976  0.24903542 -0.34837281]
226.5494830608368,1004,False,1,2,[-3.35398114 -2.56851597  3.99999939],cruising,[-0.62185191  0.08809385  0.93462812]
226.5494830608368,1005,False,2,4,[ 8.26845828 -2.30924938  4.        ],cruising,[ 0.50568378 -0.03156594 -0.11489306]
226.65521621704102,1000,False,3,0,[-6.40092177  5.01255767  3.99992484],cruising,[-0.82138112 -0.19970136 -0.21083176]
226.65521621704102,1001,False,0,1,[5.28192925 2.05955014 3.14187285],landing,[-0.48080528  0.59740651 -0.20557775]
226.65521621704102,1002,False,6,3,[ 6.56489004 -4.81215387  3.99993725],cruising,[ 0.5677905  -0.59831228 -0.99408226]
226.65521621704102,1003,False,5,6,[-5.77686607  7.01546302  3.73260295],entering,[ 0.63925976  0.24903542 -0.34837281]
226.65521621704102,1004,False,1,2,[-3.35848978 -2.40893794  3.9999994 ],cruising,[-0.62185191  0.08809385  0.93462812]
226.65521621704102,1005,False,2,4,[ 8.2285398  -2.50522518  4.        ],cruising,[ 0.50568378 -0.03156594 -0.11489306]
226.7451343536377,1000,False,3,0,[-6.39068884  5.21043682  3.99993774],cruising,[-0.82138112 -0.19970136 -0.21083176]
226.7451343536377,1001,False,0,1,[5.29077195 2.03686057 3.04488321],landing,[-0.48080528  0.59740651 -0.20557775]
226.7451343536377,1002,False,6,3,[ 6.38303473 -4.84816803  3.99996278],cruising,[ 0.5677905  -0.59831228 -0.99408226]
226.7451343536377,1003,False,5,6,[-5.57959189  6.98255559  3.7727125 ],entering,[ 0.63925976  0.24903542 -0.34837281]
226.7451343536377,1004,False,1,2,[-3.34479676 -2.24107136  3.99999943],cruising,[-0.62185191  0.08809385  0.93462812]
226.7451343536377,1005,False,2,4,[ 8.18575484 -2.70059521  4.        ],cruising,[ 0.50568378 -0.03156594 -0.11489306]
226.8529930114746,1000,False,3,0,[-6.36085642  5.40433347  3.99994969],cruising,[-0.82138112 -0.19970136 -0.21083176]
226.8529930114746,1001,False,0,1,[5.29961464 2.014171   2.94789357],landing,[-0.48080528  0.59740651 -0.20557775]
226.8529930114746,1002,False,6,3,[ 6.20051852 -4.86419311  3.99998471],cruising,[ 0.5677905  -0.59831228 -0.99408226]
226.8529930114746,1003,False,5,6,[-5.3806629   6.96188543  3.80680563],entering,[ 0.63925976  0.24903542 -0.34837281]
226.8529930114746,1004,False,1,2,[-3.31394674 -2.06292679  3.99999949],cruising,[-0.62185191  0.08809385  0.93462812]
226.8529930114746,1005,False,2,4,[ 8.13634506 -2.89439581  4.        ],cruising,[ 0.50568378 -0.03156594 -0.11489306]
226.95823192596436,1000,False,3,0,[-6.31193902  5.59224986  3.99996061],cruising,[-0.82138112 -0.19970136 -0.21083176]
226.95823192596436,1001,False,0,1,[5.30845734 1.99148143 2.85090393],landing,[-0.48080528  0.59740651 -0.20557775]
226.95823192596436,1002,False,6,3,[ 6.01880076 -4.86023414  4.00000296],cruising,[ 0.5677905  -0.59831228 -0.99408226]
226.95823192596436,1003,False,5,6,[-5.1809256   6.95163796  3.83578478],entering,[ 0.63925976  0.24903542 -0.34837281]
226.95823192596436,1004,False,1,2,[-3.27149748 -1.86848934  3.99999956],cruising,[-0.62185191  0.08809385  0.93462812]
226.95823192596436,1005,False,2,4,[ 8.08354063 -3.08729913  4.        ],cruising,[ 0.50568378 -0.03156594 -0.11489306]
227.04896783828735,1000,False,3,0,[-6.24478917  5.77194569  3.99997051],cruising,[-0.82138112 -0.19970136 -0.21083176]
227.04896783828735,1001,False,0,1,[5.31730003 1.96879186 2.75391429],landing,[-0.48080528  0.59740651 -0.20557775]
227.04896783828735,1002,False,6,3,[ 5.83907285 -4.8363744   4.00001742],cruising,[ 0.5677905  -0.59831228 -0.99408226]
227.04896783828735,1003,False,5,6,[-4.9809256   6.95162411  3.86041707],cruising,[ 0.63925976  0.24903542 -0.34837281]
227.04896783828735,1004,False,1,2,[-3.24473822 -1.67028757  3.99999963],cruising,[-0.62185191  0.08809385  0.93462812]
227.04896783828735,1005,False,2,4,[ 8.02271236 -3.27782452  4.        ],cruising,[ 0.50568378 -0.03156594 -0.11489306]
227.16069960594177,1000,False,3,0,[-6.16050815  5.94132051  3.99997941],cruising,[-0.82138112 -0.19970136 -0.21083176]
227.16069960594177,1001,False,0,1,[5.32614273 1.94610229 2.65692465],landing,[-0.48080528  0.59740651 -0.20557775]
227.16069960594177,1002,False,6,3,[ 5.661872   -4.79267495  4.0000278 ],cruising,[ 0.5677905  -0.59831228 -0.99408226]
227.16069960594177,1003,False,5,6,[-4.78116292  6.9613644   3.88135451],cruising,[ 0.63925976  0.24903542 -0.34837281]
227.16069960594177,1004,False,1,2,[-3.2344059  -1.47055464  3.99999968],cruising,[-0.62185191  0.08809385  0.93462812]
227.16069960594177,1005,False,2,4,[ 7.95764682 -3.46694478  4.        ],exiting,[ 0.50568378 -0.03156594 -0.11489306]
227.24645733833313,1000,False,3,0,[-6.06030322  6.09859455  3.99998724],cruising,[-0.82138112 -0.19970136 -0.21083176]
227.24645733833313,1001,False,0,1,[5.33498542 1.92341272 2.55993502],landing,[-0.48080528  0.59740651 -0.20557775]
227.24645733833313,1002,False,6,3,[ 5.48793323 -4.72924333  4.00003395],cruising,[ 0.5677905  -0.59831228 -0.99408226]
227.24645733833313,1003,False,5,6,[-4.582004    6.97968718  3.89915133],cruising,[ 0.63925976  0.24903542 -0.34837281]
227.24645733833313,1004,False,1,2,[-3.2399191  -1.27063064  3.99999973],cruising,[-0.62185191  0.08809385  0.93462812]
227.24645733833313,1005,False,2,4,[ 7.90618653 -3.64140569  4.        ],exiting,[ 0.50568378 -0.03156594 -0.11489306]
227.35783433914185,1000,False,3,0,[-5.94509218  6.24264677  3.99999396],cruising,[-0.82138112 -0.19970136 -0.21083176]
227.35783433914185,1001,False,0,1,[5.34382812 1.90072315 2.46294538],landing,[-0.48080528  0.59740651 -0.20557775]
227.35783433914185,1002,False,6,3,[ 5.31705733 -4.64604763  4.00003538],cruising,[ 0.5677905  -0.59831228 -0.99408226]
227.35783433914185,1003,False,5,6,[-4.38361163  7.0049946   3.91427863],cruising,[ 0.63925976  0.24903542 -0.34837281]
227.35783433914185,1004,False,1,2,[-3.25925559 -1.07156759  3.99999977],cruising,[-0.62185191  0.08809385  0.93462812]
227.35783433914185,1005,False,2,4,[ 7.8684796  -3.80134608  4.        ],exiting,[ 0.50568378 -0.03156594 -0.11489306]
227.449542760849,1000,False,3,0,[-5.81578212  6.37251386  3.99999953],cruising,[-0.82138112 -0.19970136 -0.21083176]
227.449542760849,1001,False,0,1,[5.35267081 1.87803358 2.36595574],landing,[-0.48080528  0.59740651 -0.20557775]
227.449542760849,1002,False,6,3,[ 5.14871728 -4.54301334  4.00003168],cruising,[ 0.5677905  -0.59831228 -0.99408226]
227.449542760849,1003,False,5,6,[-4.18595695  7.03553358  3.92713684],cruising,[ 0.63925976  0.24903542 -0.34837281]
227.449542760849,1004,False,1,2,[-3.29215055 -0.87429133  3.99999981],cruising,[-0.62185191  0.08809385  0.93462812]
227.449542760849,1005,False,2,4,[ 7.84470849 -3.94694099  4.        ],exiting,[ 0.50568378 -0.03156594 -0.11489306]
227.5587990283966,1000,False,3,0,[-5.67351743  6.48714358  4.00000396],cruising,[-0.82138112 -0.19970136 -0.21083176]
227.5587990283966,1001,False,0,1,[5.36151351 1.85534401 2.2689661 ],landing,[-0.48080528  0.59740651 -0.20557775]
227.5587990283966,1002,False,6,3,[ 4.97680031 -4.44081474  4.00002693],cruising,[ 0.5677905  -0.59831228 -0.99408226]
227.5587990283966,1003,False,5,6,[-3.98887858  7.06959403  3.93806631],cruising,[ 0.63925976  0.24903542 -0.34837281]
227.5587990283966,1004,False,1,2,[-3.33749356 -0.67949911  3.99999983],cruising,[-0.62185191  0.08809385  0.93462812]
227.5587990283966,1005,False,2,4,[ 7.83510614 -4.07842044  4.        ],exiting,[ 0.50568378 -0.03156594 -0.11489306]
227.65352630615234,1000,False,3,0,[-5.51903435  6.58593944  4.00000721],cruising,[-0.82138112 -0.19970136 -0.21083176]
227.65352630615234,1001,False,0,1,[5.37035621 1.83265444 2.17197646],landing,[-0.48080528  0.59740651 -0.20557775]
227.65352630615234,1002,False,6,3,[ 4.80206304 -4.34351681  4.00002289],cruising,[ 0.5677905  -0.59831228 -0.99408226]
227.65352630615234,1003,False,5,6,[-3.79214898  7.10561438  3.94735636],cruising,[ 0.63925976  0.24903542 -0.34837281]
227.65352630615234,1004,False,1,2,[-3.39430992 -0.4877391   3.99999986],cruising,[-0.62185191  0.08809385  0.93462812]
227.65352630615234,1005,False,2,4,[ 7.8398523  -4.19596719  4.        ],exiting,[ 0.50568378 -0.03156594 -0.11489306]
227.7512571811676,1000,False,3,0,[-5.35295026  6.6684437   4.00000925],cruising,[-0.82138112 -0.19970136 -0.21083176]
227.7512571811676,1001,False,0,1,[5.3791989  1.80996487 2.07498682],landing,[-0.48080528  0.59740651 -0.20557775]
227.7512571811676,1002,False,6,3,[ 4.62418368 -4.25208961  4.00001945],cruising,[ 0.5677905  -0.59831228 -0.99408226]
227.7512571811676,1003,False,5,6,[-3.59508602  7.13976389  3.95525291],cruising,[ 0.63925976  0.24903542 -0.34837281]
227.7512571811676,1004,False,1,2,[-3.45994721 -0.2988165   3.99999988],cruising,[-0.62185191  0.08809385  0.93462812]
227.7512571811676,1005,False,2,4,[ 7.85912556 -4.29976754  4.        ],exiting,[ 0.50568378 -0.03156594 -0.11489306]
227.85010266304016,1000,False,3,0,[-5.17569964  6.73435553  4.00001003],cruising,[-0.82138112 -0.19970136 -0.21083176]
227.85010266304016,1001,False,0,1,[5.3880416  1.7872753  1.97799718],landing,[-0.48080528  0.59740651 -0.20557775]
227.85010266304016,1002,False,6,3,[ 4.44473553 -4.16378127  4.00001654],cruising,[ 0.5677905  -0.59831228 -0.99408226]
227.85010266304016,1003,False,5,6,[-3.39798943  7.17371875  3.96196497],cruising,[ 0.63925976  0.24903542 -0.34837281]
227.85010266304016,1004,False,1,2,[-3.5358586  -0.11378283  3.9999999 ],cruising,[-0.62185191  0.08809385  0.93462812]
227.85010266304016,1005,False,2,4,[ 7.88673856 -4.39587957  4.        ],exiting,[ 0.50568378 -0.03156594 -0.11489306]
227.9513235092163,1000,False,3,0,[-4.98736685  6.78361847  4.0000095 ],cruising,[-0.82138112 -0.19970136 -0.21083176]
227.9513235092163,1001,False,0,1,[5.39688429 1.76458573 1.88100754],landing,[-0.48080528  0.59740651 -0.20557775]
227.9513235092163,1002,False,6,3,[ 4.2634366  -4.07933781  4.00001406],cruising,[ 0.5677905  -0.59831228 -0.99408226]
227.9513235092163,1003,False,5,6,[-3.20066132  7.20630128  3.96767023],cruising,[ 0.63925976  0.24903542 -0.34837281]
227.9513235092163,1004,False,1,2,[-3.6223746   0.06653628  3.99999991],exiting,[-0.62185191  0.08809385  0.93462812]
227.9513235092163,1005,False,2,4,[ 7.91435156 -4.49199159  4.        ],exiting,[ 0.50568378 -0.03156594 -0.11489306]
228.05706524848938,1000,False,3,0,[-4.79132273  6.82320005  4.00000807],cruising,[-0.82138112 -0.19970136 -0.21083176]
228.05706524848938,1001,False,0,1,[5.40572699 1.74189616 1.7840179 ],landing,[-0.48080528  0.59740651 -0.20557775]
228.05706524848938,1002,False,6,3,[ 4.08127802 -3.99676512  4.00001195],cruising,[ 0.5677905  -0.59831228 -0.99408226]
228.05706524848938,1003,False,5,6,[-3.00255671  7.23377059  3.97251969],cruising,[ 0.63925976  0.24903542 -0.34837281]
228.05706524848938,1004,False,1,2,[-3.70919226  0.22685767  3.99999993],exiting,[-0.62185191  0.08809385  0.93462812]
228.05706524848938,1005,False,2,4,[ 7.94196456 -4.58810362  4.        ],exiting,[ 0.50568378 -0.03156594 -0.11489306]
228.15976309776306,1000,False,3,0,[-4.59622535  6.86721158  4.00000686],cruising,[-0.82138112 -0.19970136 -0.21083176]
228.15976309776306,1001,False,0,1,[5.41456968 1.71920659 1.68702826],landing,[-0.48080528  0.59740651 -0.20557775]
228.15976309776306,1002,False,6,3,[ 3.89800875 -3.91668782  4.00001016],cruising,[ 0.5677905  -0.59831228 -0.99408226]
228.15976309776306,1003,False,5,6,[-2.80404703  7.25814076  3.97664174],cruising,[ 0.63925976  0.24903542 -0.34837281]
228.15976309776306,1004,False,1,2,[-3.79614861  0.36717954  3.99999994],exiting,[-0.62185191  0.08809385  0.93462812]
228.15976309776306,1005,False,2,4,[ 7.96957756 -4.68421565  4.        ],exiting,[ 0.50568378 -0.03156594 -0.11489306]
228.25924849510193,1000,False,3,0,[-4.40180317  6.9141159   4.00000583],cruising,[-0.82138112 -0.19970136 -0.21083176]
228.25924849510193,1001,False,0,1,[5.42341238 1.69651702 1.59003862],landing,[-0.48080528  0.59740651 -0.20557775]
228.25924849510193,1002,False,6,3,[ 3.71421207 -3.83782856  4.00000863],cruising,[ 0.5677905  -0.59831228 -0.99408226]
228.25924849510193,1003,False,5,6,[-2.6047759   7.27519993  3.98014548],cruising,[ 0.63925976  0.24903542 -0.34837281]
228.25924849510193,1004,False,1,2,[-3.88306204  0.48750146  3.99999996],exiting,[-0.62185191  0.08809385  0.93462812]
228.25924849510193,1005,False,2,4,[ 7.99719056 -4.78032768  4.        ],exiting,[ 0.50568378 -0.03156594 -0.11489306]
228.35083723068237,1000,False,3,0,[-4.20714754  6.96004177  4.00000496],cruising,[-0.82138112 -0.19970136 -0.21083176]
228.35083723068237,1001,False,0,1,[5.43225507 1.67382745 1.49304898],fake_landed,[-0.48080528  0.59740651 -0.20557775]
228.35083723068237,1002,False,6,3,[ 3.52970243 -3.76065218  4.00000734],cruising,[ 0.5677905  -0.59831228 -0.99408226]
228.35083723068237,1003,False,5,6,[-2.4051347   7.28717464  3.98312366],cruising,[ 0.63925976  0.24903542 -0.34837281]
228.35083723068237,1004,False,1,2,[-3.96972749  0.58782491  3.99999997],exiting,[-0.62185191  0.08809385  0.93462812]
228.35083723068237,1005,False,2,4,[ 8.02480356 -4.87643971  4.        ],exiting,[ 0.50568378 -0.03156594 -0.11489306]
228.45767426490784,1000,False,3,0,[-4.01269046  7.00680119  4.00000421],cruising,[-0.82138112 -0.19970136 -0.21083176]
228.45767426490784,1001,False,0,1,[5.43932923 1.6556758  1.41545727],fake_landed,[-0.48080528  0.59740651 -0.20557775]
228.45767426490784,1002,False,6,3,[ 3.34476385 -3.68450942  4.00000624],cruising,[ 0.5677905  -0.59831228 -0.99408226]
228.45767426490784,1003,False,5,6,[-2.20514032  7.2886742   3.98565511],cruising,[ 0.63925976  0.24903542 -0.34837281]
228.45767426490784,1004,False,1,2,[-4.05590677  0.66815428  3.99999999],exiting,[-0.62185191  0.08809385  0.93462812]
228.45767426490784,1005,False,2,4,[ 8.05241656 -4.97255174  4.        ],exiting,[ 0.50568378 -0.03156594 -0.11489306]
228.55188632011414,1000,False,3,0,[-3.8181574   7.0532435   4.00000358],cruising,[-0.82138112 -0.19970136 -0.21083176]
228.55188632011414,1001,False,0,1,[5.44463485 1.64206205 1.35726349],fake_landed,[-0.48080528  0.59740651 -0.20557775]
228.55188632011414,1002,False,6,3,[ 3.15932141 -3.60960212  4.0000053 ],cruising,[ 0.5677905  -0.59831228 -0.99408226]
228.55188632011414,1003,False,5,6,[-2.00578386  7.27264294  3.98780684],cruising,[ 0.63925976  0.24903542 -0.34837281]
228.55188632011414,1004,False,1,2,[-4.14130623  0.72849885  4.        ],exiting,[-0.62185191  0.08809385  0.93462812]
228.55188632011414,1005,False,2,4,[ 8.08002956 -5.06866377  4.        ],exiting,[ 0.50568378 -0.03156594 -0.11489306]
228.6578106880188,1000,False,3,0,[-3.62331888  7.09838719  4.00000304],cruising,[-0.82138112 -0.19970136 -0.21083176]
228.6578106880188,1001,False,0,1,[5.44817193 1.63298623 1.31846763],fake_landed,[-0.48080528  0.59740651 -0.20557775]
228.6578106880188,1002,False,6,3,[ 2.9733777  -3.53594796  4.00000451],cruising,[ 0.5677905  -0.59831228 -0.99408226]
228.6578106880188,1003,False,5,6,[-1.80887098  7.23763839  3.98963582],cruising,[ 0.63925976  0.24903542 -0.34837281]
228.6578106880188,1004,False,1,2,[-4.22551587  0.76887884  4.00000001],exiting,[-0.62185191  0.08809385  0.93462812]
228.6578106880188,1005,False,2,4,[ 8.10764256 -5.1647758   4.        ],exiting,[ 0.50568378 -0.03156594 -0.11489306]
228.75046730041504,1000,False,3,0,[-3.4274755   7.13895033  4.00000259],cruising,[-0.82138112 -0.19970136 -0.21083176]
228.75046730041504,1001,False,0,1,[5.44994047 1.62844831 1.2990697 ],fake_landed,[-0.48080528  0.59740651 -0.20557775]
228.75046730041504,1002,False,6,3,[ 2.78684259 -3.46380469  4.00000383],cruising,[ 0.5677905  -0.59831228 -0.99408226]
228.75046730041504,1003,False,5,6,[-1.61561909  7.18612426  3.99119044],cruising,[ 0.63925976  0.24903542 -0.34837281]
228.75046730041504,1004,False,1,2,[-4.30828223  0.78931098  4.00000001],exiting,[-0.62185191  0.08809385  0.93462812]
228.75046730041504,1005,False,2,4,[ 8.13525556 -5.26088783  4.        ],exiting,[ 0.50568378 -0.03156594 -0.11489306]
228.8471052646637,1000,False,3,0,[-3.23112511  7.17698357  4.0000022 ],cruising,[-0.82138112 -0.19970136 -0.21083176]
228.8471052646637,1001,False,0,1,[5.44994047 1.62844831 1.2990697 ],fake_landed,[-0.48080528  0.59740651 -0.20557775]
228.8471052646637,1002,False,6,3,[ 2.59982974 -3.39290903  4.00000326],cruising,[ 0.5677905  -0.59831228 -0.99408226]
228.8471052646637,1003,False,5,6,[-1.42662252  7.12070027  3.99251188],cruising,[ 0.63925976  0.24903542 -0.34837281]
228.8471052646637,1004,False,1,2,[-4.3893476   0.78981559  4.00000002],exiting,[-0.62185191  0.08809385  0.93462812]
228.8471052646637,1005,False,2,4,[ 8.16286855 -5.35699986  4.        ],exiting,[ 0.50568378 -0.03156594 -0.11489306]
228.94907975196838,1000,False,3,0,[-3.03415448  7.21166166  4.00000187],cruising,[-0.82138112 -0.19970136 -0.21083176]
228.94907975196838,1001,False,1,5,[5.44994047 1.62844831 1.2990697 ],waiting,[-0.48080528  0.59740651 -0.20557775]
228.94907975196838,1002,False,6,3,[ 2.4120299  -3.32412517  4.00000277],cruising,[ 0.5677905  -0.59831228 -0.99408226]
228.94907975196838,1003,False,5,6,[-1.24196237  7.04388473  3.9936351 ],cruising,[ 0.63925976  0.24903542 -0.34837281]
228.94907975196838,1004,False,1,2,[-4.46845006  0.77041675  4.00000002],exiting,[-0.62185191  0.08809385  0.93462812]
228.94907975196838,1005,False,2,4,[ 8.19048155 -5.45311189  4.        ],exiting,[ 0.50568378 -0.03156594 -0.11489306]
229.04881167411804,1000,False,3,0,[-2.8360833   7.23937098  4.00000159],cruising,[-0.82138112 -0.19970136 -0.21083176]
229.04881167411804,1001,False,1,5,[5.44994047 1.62844831 1.2990697 ],waiting,[-0.48080528  0.59740651 -0.20557775]
229.04881167411804,1002,False,6,3,[ 2.22329639 -3.25794615  4.00000235],cruising,[ 0.5677905  -0.59831228 -0.99408226]
229.04881167411804,1003,False,5,6,[-1.05993311  6.96102733  3.99458983],cruising,[ 0.63925976  0.24903542 -0.34837281]
229.04881167411804,1004,False,1,2,[-4.54532319  0.73114255  4.00000002],exiting,[-0.62185191  0.08809385  0.93462812]
229.04881167411804,1005,False,2,4,[ 8.21809455 -5.54922392  4.        ],exiting,[ 0.50568378 -0.03156594 -0.11489306]
229.14567708969116,1000,False,3,0,[-2.63741432  7.26240658  4.00000135],cruising,[-0.82138112 -0.19970136 -0.21083176]
229.14567708969116,1001,False,1,5,[5.44994047 1.62844831 1.2990697 ],waiting,[-0.48080528  0.59740651 -0.20557775]
229.14567708969116,1002,False,6,3,[ 2.03396547 -3.19349615  4.000002  ],cruising,[ 0.5677905  -0.59831228 -0.99408226]
229.14567708969116,1003,False,5,6,[-0.88194268  6.86981655  3.99540136],cruising,[ 0.63925976  0.24903542 -0.34837281]
229.14567708969116,1004,False,1,2,[-4.61969593  0.67202526  4.00000002],exiting,[-0.62185191  0.08809385  0.93462812]
229.14567708969116,1005,False,2,4,[ 8.24570755 -5.64533595  4.        ],exiting,[ 0.50568378 -0.03156594 -0.11489306]
229.25150561332703,1000,False,3,0,[-2.43790017  7.2763386   4.00000115],cruising,[-0.82138112 -0.19970136 -0.21083176]
229.25150561332703,1001,False,1,5,[5.44994047 1.62844831 1.2990697 ],waiting,[-0.48080528  0.59740651 -0.20557775]
229.25150561332703,1002,False,6,3,[ 1.84336161 -3.13291422  4.0000017 ],cruising,[ 0.5677905  -0.59831228 -0.99408226]
229.25150561332703,1003,False,5,6,[-0.70729359  6.77236043  3.99609115],cruising,[ 0.63925976  0.24903542 -0.34837281]
229.25150561332703,1004,False,1,2,[-4.6927892   0.60378031  4.00000002],exiting,[-0.62185191  0.08809385  0.93462812]
229.25150561332703,1005,False,2,4,[ 8.27332055 -5.74144798  4.        ],exiting,[ 0.50568378 -0.03156594 -0.11489306]
229.35672187805176,1000,False,3,0,[-2.23792966  7.279773    4.00000098],cruising,[-0.82138112 -0.19970136 -0.21083176]
229.35672187805176,1001,False,1,5,[5.44994047 1.62844831 1.2990697 ],waiting,[-0.48080528  0.59740651 -0.20557775]
229.35672187805176,1002,False,6,3,[ 1.65129931 -3.07712826  4.00000144],cruising,[ 0.5677905  -0.59831228 -0.99408226]
229.35672187805176,1003,False,5,6,[-0.53430685  6.6719832   3.99667748],cruising,[ 0.63925976  0.24903542 -0.34837281]
229.35672187805176,1004,False,1,2,[-4.76588247  0.53553535  4.00000001],exiting,[-0.62185191  0.08809385  0.93462812]
229.35672187805176,1005,False,2,4,[ 8.30093355 -5.83756001  4.        ],exiting,[ 0.50568378 -0.03156594 -0.11489306]
229.44586062431335,1000,False,3,0,[-2.03841389  7.26586412  4.00000083],cruising,[-0.82138112 -0.19970136 -0.21083176]
229.44586062431335,1001,False,1,5,[5.44994047 1.62844831 1.2990697 ],waiting,[-0.48080528  0.59740651 -0.20557775]
229.44586062431335,1002,False,6,3,[ 1.45758538 -3.02737978  4.00000123],cruising,[ 0.5677905  -0.59831228 -0.99408226]
229.44586062431335,1003,False,5,6,[-0.36359353  6.56778645  3.99717586],cruising,[ 0.63925976  0.24903542 -0.34837281]
229.44586062431335,1004,False,1,2,[-4.83897573  0.46729039  4.00000001],exiting,[-0.62185191  0.08809385  0.93462812]
229.44586062431335,1005,False,2,4,[ 8.32854655 -5.93367204  4.        ],exiting,[ 0.50568378 -0.03156594 -0.11489306]
229.55647230148315,1000,False,3,0,[-1.84110977  7.23313667  4.00000071],cruising,[-0.82138112 -0.19970136 -0.21083176]
229.55647230148315,1001,False,1,5,[5.44994047 1.62844831 1.2990697 ],waiting,[-0.48080528  0.59740651 -0.20557775]
229.55647230148315,1002,False,6,3,[ 1.26204721 -2.98536998  4.00000104],cruising,[ 0.5677905  -0.59831228 -0.99408226]
229.55647230148315,1003,False,5,6,[-0.19433338  6.46124538  3.99759948],cruising,[ 0.63925976  0.24903542 -0.34837281]
229.55647230148315,1004,False,1,2,[-4.912069    0.39904544  4.00000001],exiting,[-0.62185191  0.08809385  0.93462812]
229.55647230148315,1005,False,2,4,[ 8.35615955 -6.02978407  4.        ],exiting,[ 0.50568378 -0.03156594 -0.11489306]
229.65240263938904,1000,False,3,0,[-1.64725959  7.18392175  4.0000006 ],cruising,[-0.82138112 -0.19970136 -0.21083176]
229.65240263938904,1001,False,1,5,[5.44994047 1.62844831 1.2990697 ],waiting,[-0.48080528  0.59740651 -0.20557775]
229.65240263938904,1002,False,6,3,[ 1.06460609 -2.95347943  4.00000089],cruising,[ 0.5677905  -0.59831228 -0.99408226]
229.65240263938904,1003,False,5,6,[-0.02549746  6.35403328  3.99795956],cruising,[ 0.63925976  0.24903542 -0.34837281]
229.65240263938904,1004,False,1,2,[-4.98516227  0.33080048  4.00000001],exiting,[-0.62185191  0.08809385  0.93462812]
229.65240263938904,1005,False,2,4,[ 8.38377255 -6.1258961   4.        ],exiting,[ 0.50568378 -0.03156594 -0.11489306]
229.74547290802002,1000,False,3,0,[-1.45607478  7.12519895  4.00000051],cruising,[-0.82138112 -0.19970136 -0.21083176]
229.74547290802002,1001,False,1,5,[5.44994047 1.62844831 1.2990697 ],waiting,[-0.48080528  0.59740651 -0.20557775]
229.74547290802002,1002,False,6,3,[ 0.86500975 -2.94147241  4.00000075],cruising,[ 0.5677905  -0.59831228 -0.99408226]
229.74547290802002,1003,False,5,6,[0.14300962 6.24630509 3.99826562],cruising,[ 0.63925976  0.24903542 -0.34837281]
229.74547290802002,1004,False,1,2,[-5.05825554  0.26255552  4.00000001],exiting,[-0.62185191  0.08809385  0.93462812]
229.74547290802002,1005,False,2,4,[ 8.41138555 -6.22200813  4.        ],exiting,[ 0.50568378 -0.03156594 -0.11489306]
229.84641790390015,1000,False,3,0,[-1.26946909  7.05323842  4.00000043],cruising,[-0.82138112 -0.19970136 -0.21083176]
229.84641790390015,1001,False,1,5,[5.44994047 1.62844831 1.2990697 ],waiting,[-0.48080528  0.59740651 -0.20557775]
229.84641790390015,1002,False,6,3,[ 0.66505747 -2.94584089  4.00000064],cruising,[ 0.5677905  -0.59831228 -0.99408226]
229.84641790390015,1003,False,5,6,[0.31177564 6.13898301 3.99852578],cruising,[ 0.63925976  0.24903542 -0.34837281]
229.84641790390015,1004,False,1,2,[-5.13134881  0.19431057  4.        ],exiting,[-0.62185191  0.08809385  0.93462812]
229.84641790390015,1005,False,2,4,[ 8.43899855 -6.31812016  4.        ],exiting,[ 0.50568378 -0.03156594 -0.11489306]
229.9522647857666,1000,False,3,0,[-1.08727761  6.97073835  4.00000037],cruising,[-0.82138112 -0.19970136 -0.21083176]
229.9522647857666,1001,False,1,5,[5.44994047 1.62844831 1.2990697 ],waiting,[-0.48080528  0.59740651 -0.20557775]
229.9522647857666,1002,False,6,3,[ 0.46555595 -2.95995272  4.00000054],cruising,[ 0.5677905  -0.59831228 -0.99408226]
229.9522647857666,1003,False,5,6,[0.48105525 6.03247285 3.99874691],cruising,[ 0.63925976  0.24903542 -0.34837281]
229.9522647857666,1004,False,1,2,[-5.20444208  0.12606561  4.        ],exiting,[-0.62185191  0.08809385  0.93462812]
229.9522647857666,1005,False,2,4,[ 8.46661155 -6.41423219  4.        ],exiting,[ 0.50568378 -0.03156594 -0.11489306]
230.04641461372375,1000,False,3,0,[-0.90901523  6.88006021  4.00000031],cruising,[-0.82138112 -0.19970136 -0.21083176]
230.04641461372375,1001,False,1,5,[5.44994047 1.62844831 1.2990697 ],waiting,[-0.48080528  0.59740651 -0.20557775]
230.04641461372375,1002,False,6,3,[ 0.26770859 -2.98921738  4.00000046],cruising,[ 0.5677905  -0.59831228 -0.99408226]
230.04641461372375,1003,False,5,6,[0.65148199 5.92780801 3.99893488],cruising,[ 0.63925976  0.24903542 -0.34837281]
230.04641461372375,1004,False,1,2,[-5.27753534  0.05782065  4.        ],exiting,[-0.62185191  0.08809385  0.93462812]
230.04641461372375,1005,False,2,4,[ 8.49422455 -6.51034422  4.        ],exiting,[ 0.50568378 -0.03156594 -0.11489306]
230.15015697479248,1000,False,3,0,[-0.73289643  6.78528591  4.00000027],cruising,[-0.82138112 -0.19970136 -0.21083176]
230.15015697479248,1001,False,1,5,[5.44994047 1.62844831 1.2990697 ],waiting,[-0.48080528  0.59740651 -0.20557775]
230.15015697479248,1002,False,6,3,[ 0.07348439 -3.03693489  4.00000039],cruising,[ 0.5677905  -0.59831228 -0.99408226]
230.15015697479248,1003,False,5,6,[0.82303723 5.82500335 3.99909464],cruising,[ 0.63925976  0.24903542 -0.34837281]
230.15015697479248,1004,False,1,2,[-5.35062861 -0.0104243   4.        ],exiting,[-0.62185191  0.08809385  0.93462812]
230.15015697479248,1005,False,2,4,[ 8.52183755 -6.60645625  4.        ],exiting,[ 0.50568378 -0.03156594 -0.11489306]
230.246591091156,1000,False,3,0,[-0.55981537  6.6850714   4.00000023],cruising,[-0.82138112 -0.19970136 -0.21083176]
230.246591091156,1001,False,1,5,[5.44994047 1.62844831 1.2990697 ],waiting,[-0.48080528  0.59740651 -0.20557775]
230.246591091156,1002,False,6,3,[-0.1174882  -3.09634425  4.00000033],exiting,[ 0.5677905  -0.59831228 -0.99408226]
230.246591091156,1003,False,5,6,[0.99664012 5.72569556 3.99923045],cruising,[ 0.63925976  0.24903542 -0.34837281]
230.246591091156,1004,False,1,2,[-5.42372188 -0.07866926  4.        ],exiting,[-0.62185191  0.08809385  0.93462812]
230.246591091156,1005,False,2,4,[ 8.54945055 -6.70256828  4.        ],exiting,[ 0.50568378 -0.03156594 -0.11489306]
230.34584379196167,1000,False,3,0,[-0.38894761  6.58112811  4.00000019],cruising,[-0.82138112 -0.19970136 -0.21083176]
230.34584379196167,1001,False,1,5,[5.44994047 1.62844831 1.2990697 ],waiting,[-0.48080528  0.59740651 -0.20557775]
230.34584379196167,1002,False,6,3,[-0.28890987 -3.15996809  4.00000028],exiting,[ 0.5677905  -0.59831228 -0.99408226]
230.34584379196167,1003,False,5,6,[1.17187194 5.62929116 3.99934588],cruising,[ 0.63925976  0.24903542 -0.34837281]
230.34584379196167,1004,False,1,2,[-5.49681515 -0.14691422  4.        ],exiting,[-0.62185191  0.08809385  0.93462812]
230.34584379196167,1005,False,2,4,[ 8.57706355 -6.79868031  4.        ],exiting,[ 0.50568378 -0.03156594 -0.11489306]
230.44709658622742,1000,False,3,0,[-0.21899353  6.47569751  4.00000016],cruising,[-0.82138112 -0.19970136 -0.21083176]
230.44709658622742,1001,False,1,5,[5.44994047 1.62844831 1.2990697 ],waiting,[-0.48080528  0.59740651 -0.20557775]
230.44709658622742,1002,False,6,3,[-0.44076762 -3.22774563  4.00000022],exiting,[ 0.5677905  -0.59831228 -0.99408226]
230.44709658622742,1003,False,5,6,[1.34896406 5.53634827 3.999444  ],cruising,[ 0.63925976  0.24903542 -0.34837281]
230.44709658622742,1004,False,1,2,[-5.56990842 -0.21515918  4.        ],exiting,[-0.62185191  0.08809385  0.93462812]
230.44709658622742,1005,False,2,4,[ 8.60467655 -6.89479234  4.        ],exiting,[ 0.50568378 -0.03156594 -0.11489306]
230.54635047912598,1000,False,3,0,[-0.05009894  6.36857787  4.00000014],cruising,[-0.82138112 -0.19970136 -0.21083176]
230.54635047912598,1001,False,1,5,[5.44994047 1.62844831 1.2990697 ],queued,[-0.48080528  0.59740651 -0.20557775]
230.54635047912598,1002,False,6,3,[-0.57304571 -3.29960201  4.00000016],exiting,[ 0.5677905  -0.59831228 -0.99408226]
230.54635047912598,1003,False,5,6,[1.52910337 5.44945851 3.9995274 ],cruising,[ 0.63925976  0.24903542 -0.34837281]
230.54635047912598,1004,False,1,2,[-5.64300169 -0.28340413  4.        ],exiting,[-0.62185191  0.08809385  0.93462812]
230.54635047912598,1005,False,2,4,[ 8.63228955 -6.99090437  4.        ],exiting,[ 0.50568378 -0.03156594 -0.11489306]
230.64585542678833,1000,False,3,0,[0.1186113  6.26116811 4.00000012],cruising,[-0.82138112 -0.19970136 -0.21083176]
230.64585542678833,1001,False,1,5,[5.44994047 1.62844831 1.3190697 ],queued,[-0.48080528  0.59740651 -0.20557775]
230.64585542678833,1002,False,6,3,[-0.68572489 -3.37544365  4.00000011],exiting,[ 0.5677905  -0.59831228 -0.99408226]
230.64585542678833,1003,False,5,6,[1.71137101 5.36712683 3.99959829],cruising,[ 0.63925976  0.24903542 -0.34837281]
230.64585542678833,1004,False,1,2,[-5.71609495 -0.35164909  4.        ],exiting,[-0.62185191  0.08809385  0.93462812]
230.64585542678833,1005,False,2,4,[ 8.65990255 -7.0870164   4.        ],landing,[ 0.50568378 -0.03156594 -0.11489306]
230.74802708625793,1000,False,3,0,[0.28740244 6.15388554 4.0000001 ],cruising,[-0.82138112 -0.19970136 -0.21083176]
230.74802708625793,1001,False,1,5,[5.44994047 1.62844831 1.3590697 ],queued,[-0.48080528  0.59740651 -0.20557775]
230.74802708625793,1002,False,6,3,[-0.77878046 -3.45514721  4.00000006],exiting,[ 0.5677905  -0.59831228 -0.99408226]
230.74802708625793,1003,False,5,6,[1.8959119  5.29002521 3.99965855],cruising,[ 0.63925976  0.24903542 -0.34837281]
230.74802708625793,1004,False,1,2,[-5.78918822 -0.41989405  4.        ],exiting,[-0.62185191  0.08809385  0.93462812]
230.74802708625793,1005,False,2,4,[ 8.68059185 -7.1708839   3.98578262],landing,[ 0.50568378 -0.03156594 -0.11489306]
230.8879234790802,1000,False,3,0,[0.45669484 6.04739572 4.00000009],exiting,[-0.82138112 -0.19970136 -0.21083176]
230.8879234790802,1001,False,1,5,[5.44994047 1.62844831 1.4190697 ],queued,[-0.48080528  0.59740651 -0.20557775]
230.8879234790802,1002,False,6,3,[-0.85217784 -3.5385325   4.00000002],exiting,[ 0.5677905  -0.59831228 -0.99408226]
230.8879234790802,1003,False,5,6,[2.08390403 5.22176863 3.99970976],cruising,[ 0.63925976  0.24903542 -0.34837281]
230.8879234790802,1004,False,1,2,[-5.86228149 -0.488139    4.        ],exiting,[-0.62185191  0.08809385  0.93462812]
230.8879234790802,1005,False,2,4,[ 8.69434501 -7.24232924  3.95750892],landing,[ 0.50568378 -0.03156594 -0.11489306]
230.98795747756958,1000,False,3,0,[0.61571358 5.95806549 4.00000007],exiting,[-0.82138112 -0.19970136 -0.21083176]
230.98795747756958,1001,False,1,5,[5.44994047 1.62844831 1.4940697 ],queued,[-0.48080528  0.59740651 -0.20557775]
230.98795747756958,1002,False,6,3,[-0.90589351 -3.62547173  3.99999999],exiting,[ 0.5677905  -0.59831228 -0.99408226]
230.98795747756958,1003,False,5,6,[2.2744386  5.16096916 3.9997533 ],cruising,[ 0.63925976  0.24903542 -0.34837281]
230.98795747756958,1004,False,1,2,[-5.93537476 -0.55638396  4.        ],exiting,[-0.62185191  0.08809385  0.93462812]
230.98795747756958,1005,False,2,4,[ 8.70114845 -7.30114229  3.91537426],landing,[ 0.50568378 -0.03156594 -0.11489306]
231.10052299499512,1000,False,3,0,[0.76430383 5.88580122 4.00000006],exiting,[-0.82138112 -0.19970136 -0.21083176]
231.10052299499512,1001,False,1,5,[5.44994047 1.62844831 1.5690697 ],queued,[-0.48080528  0.59740651 -0.20557775]
231.10052299499512,1002,False,6,3,[-0.93990377 -3.71583102  3.99999997],exiting,[ 0.5677905  -0.59831228 -0.99408226]
231.10052299499512,1003,False,5,6,[2.46801548 5.11069001 3.9997903 ],cruising,[ 0.63925976  0.24903542 -0.34837281]
231.10052299499512,1004,False,1,2,[-6.00846803 -0.62462892  4.        ],exiting,[-0.62185191  0.08809385  0.93462812]
231.10052299499512,1005,False,2,4,[ 8.7009855  -7.34703187  3.85965824],landing,[ 0.50568378 -0.03156594 -0.11489306]
231.1902642250061,1000,False,3,0,[0.902292   5.83049559 4.00000004],exiting,[-0.82138112 -0.19970136 -0.21083176]
231.1902642250061,1001,False,1,5,[5.44994047 1.62844831 1.6440697 ],queued,[-0.48080528  0.59740651 -0.20557775]
231.1902642250061,1002,False,6,3,[-0.95418502 -3.80947151  3.99999996],exiting,[ 0.5677905  -0.59831228 -0.99408226]
231.1902642250061,1003,False,5,6,[2.663705   5.06939097 3.99982176],cruising,[ 0.63925976  0.24903542 -0.34837281]
231.1902642250061,1004,False,1,2,[-6.08156129 -0.69287387  4.        ],exiting,[-0.62185191  0.08809385  0.93462812]
231.1902642250061,1005,False,2,4,[ 8.69384486 -7.37976873  3.79058864],landing,[ 0.50568378 -0.03156594 -0.11489306]
231.28766632080078,1000,False,3,0,[1.02948157 5.79202417 4.00000003],exiting,[-0.82138112 -0.19970136 -0.21083176]
231.28766632080078,1001,False,1,5,[5.44994047 1.62844831 1.7190697 ],queued,[-0.48080528  0.59740651 -0.20557775]
231.28766632080078,1002,False,6,3,[-0.94871408 -3.90625061  3.99999996],exiting,[ 0.5677905  -0.59831228 -0.99408226]
231.28766632080078,1003,False,5,6,[2.86082973 5.03559981 3.99984849],cruising,[ 0.63925976  0.24903542 -0.34837281]
231.28766632080078,1004,False,1,2,[-6.15465456 -0.76111883  4.        ],exiting,[-0.62185191  0.08809385  0.93462812]
231.28766632080078,1005,False,2,4,[ 8.67971723 -7.39913176  3.70839187],landing,[ 0.50568378 -0.03156594 -0.11489306]
231.395357131958,1000,False,3,0,[1.14564449 5.77023846 4.00000001],exiting,[-0.82138112 -0.19970136 -0.21083176]
231.395357131958,1001,False,1,5,[5.44994047 1.62844831 1.7940697 ],queued,[-0.48080528  0.59740651 -0.20557775]
231.395357131958,1002,False,6,3,[-0.93165235 -4.00478435  3.99999996],exiting,[ 0.5677905  -0.59831228 -0.99408226]
231.395357131958,1003,False,5,6,[3.05891066 5.00796023 3.99987122],cruising,[ 0.63925976  0.24903542 -0.34837281]
231.395357131958,1004,False,1,2,[-6.22774783 -0.82936379  4.        ],exiting,[-0.62185191  0.08809385  0.93462812]
231.395357131958,1005,False,2,4,[ 8.65859493 -7.40489793  3.61330324],landing,[ 0.50568378 -0.03156594 -0.11489306]
231.48859119415283,1000,False,3,0,[1.25050091 5.76495011 4.        ],exiting,[-0.82138112 -0.19970136 -0.21083176]
231.48859119415283,1001,False,1,5,[5.44994047 1.62844831 1.8690697 ],queued,[-0.48080528  0.59740651 -0.20557775]
231.48859119415283,1002,False,6,3,[-0.91459062 -4.10331809  3.99999997],exiting,[ 0.5677905  -0.59831228 -0.99408226]
231.48859119415283,1003,False,5,6,[3.25761714 4.98525045 3.99989054],cruising,[ 0.63925976  0.24903542 -0.34837281]
231.48859119415283,1004,False,1,2,[-6.3008411  -0.89760874  4.        ],exiting,[-0.62185191  0.08809385  0.93462812]
231.48859119415283,1005,False,2,4,[ 8.63619076 -7.40813313  3.515899  ],landing,[ 0.50568378 -0.03156594 -0.11489306]
231.59953045845032,1000,False,3,0,[1.34366558 5.77588838 3.99999999],exiting,[-0.82138112 -0.19970136 -0.21083176]
231.59953045845032,1001,False,1,5,[5.44994047 1.62844831 1.9440697 ],queued,[-0.48080528  0.59740651 -0.20557775]
231.59953045845032,1002,False,6,3,[-0.89752889 -4.20185182  3.99999998],exiting,[ 0.5677905  -0.59831228 -0.99408226]
231.59953045845032,1003,False,5,6,[3.45672523 4.96638335 3.99990696],cruising,[ 0.63925976  0.24903542 -0.34837281]
231.59953045845032,1004,False,1,2,[-6.37393437 -0.9658537   4.        ],exiting,[-0.62185191  0.08809385  0.93462812]
231.59953045845032,1005,False,2,4,[ 8.61378658 -7.41136833  3.41849476],landing,[ 0.50568378 -0.03156594 -0.11489306]
231.6935908794403,1000,False,3,0,[1.42490066 5.80287921 3.99999998],exiting,[-0.82138112 -0.19970136 -0.21083176]
231.6935908794403,1001,False,1,5,[5.44994047 1.62844831 2.0190697 ],queued,[-0.48080528  0.59740651 -0.20557775]
231.6935908794403,1002,False,6,3,[-0.88046716 -4.30038556  3.99999998],exiting,[ 0.5677905  -0.59831228 -0.99408226]
231.6935908794403,1003,False,5,6,[3.65608523 4.95039615 3.99992091],cruising,[ 0.63925976  0.24903542 -0.34837281]
231.6935908794403,1004,False,1,2,[-6.44702764 -1.03409866  4.        ],exiting,[-0.62185191  0.08809385  0.93462812]
231.6935908794403,1005,False,2,4,[ 8.59138241 -7.41460352  3.32109051],landing,[ 0.50568378 -0.03156594 -0.11489306]
231.7889232635498,1000,False,3,0,[1.49396603 5.84574135 3.99999998],exiting,[-0.82138112 -0.19970136 -0.21083176]
231.7889232635498,1001,False,1,5,[5.44994047 1.62844831 2.0940697 ],queued,[-0.48080528  0.59740651 -0.20557775]
231.7889232635498,1002,False,6,3,[-0.86340542 -4.3989193   3.99999998],exiting,[ 0.5677905  -0.59831228 -0.99408226]
231.7889232635498,1003,False,5,6,[3.85559733 4.93643476 3.99993278],cruising,[ 0.63925976  0.24903542 -0.34837281]
231.7889232635498,1004,False,1,2,[-6.5201209  -1.10234361  4.        ],exiting,[-0.62185191  0.08809385  0.93462812]
231.7889232635498,1005,False,2,4,[ 8.56897824 -7.41783872  3.22368627],landing,[ 0.50568378 -0.03156594 -0.11489306]
231.90267729759216,1000,False,3,0,[1.55061942 5.90428604 3.99999998],exiting,[-0.82138112 -0.19970136 -0.21083176]
231.90267729759216,1001,False,1,5,[5.44994047 1.62844831 2.1690697 ],queued,[-0.48080528  0.59740651 -0.20557775]
231.90267729759216,1002,False,6,3,[-0.84634369 -4.49745303  3.99999999],exiting,[ 0.5677905  -0.59831228 -0.99408226]
231.90267729759216,1003,False,5,6,[4.05519377 4.92373589 3.99994286],cruising,[ 0.63925976  0.24903542 -0.34837281]
231.90267729759216,1004,False,1,2,[-6.59321417 -1.17058857  4.        ],exiting,[-0.62185191  0.08809385  0.93462812]
231.90267729759216,1005,False,2,4,[ 8.54657407 -7.42107391  3.12628203],landing,[ 0.50568378 -0.03156594 -0.11489306]
231.98977661132812,1000,False,3,0,[1.59461635 5.97831666 3.99999998],exiting,[-0.82138112 -0.19970136 -0.21083176]
231.98977661132812,1001,False,1,5,[5.44994047 1.62844831 2.2440697 ],queued,[-0.48080528  0.59740651 -0.20557775]
231.98977661132812,1002,False,6,3,[-0.82928196 -4.59598677  3.99999999],exiting,[ 0.5677905  -0.59831228 -0.99408226]
231.98977661132812,1003,False,5,6,[4.25482576 4.91160871 3.99995143],cruising,[ 0.63925976  0.24903542 -0.34837281]
231.98977661132812,1004,False,1,2,[-6.66630744 -1.23883353  4.        ],exiting,[-0.62185191  0.08809385  0.93462812]
231.98977661132812,1005,False,2,4,[ 8.52416989 -7.42430911  3.02887778],landing,[ 0.50568378 -0.03156594 -0.11489306]
232.1009840965271,1000,False,3,0,[1.62571007 6.06762823 3.99999998],exiting,[-0.82138112 -0.19970136 -0.21083176]
232.1009840965271,1001,False,1,5,[5.44994047 1.62844831 2.3190697 ],queued,[-0.48080528  0.59740651 -0.20557775]
232.1009840965271,1002,False,6,3,[-0.81222023 -4.69452051  3.99999999],exiting,[ 0.5677905  -0.59831228 -0.99408226]
232.1009840965271,1003,False,5,6,[4.45444943 4.89934524 3.99995872],cruising,[ 0.63925976  0.24903542 -0.34837281]
232.1009840965271,1004,False,1,2,[-6.73940071 -1.30707849  4.        ],exiting,[-0.62185191  0.08809385  0.93462812]
232.1009840965271,1005,False,2,4,[ 8.50176572 -7.4275443   2.93147354],landing,[ 0.50568378 -0.03156594 -0.11489306]
232.18952131271362,1000,False,3,0,[1.65011267 6.1646051  3.99999998],exiting,[-0.82138112 -0.19970136 -0.21083176]
232.18952131271362,1001,False,1,5,[5.44994047 1.62844831 2.3940697 ],queued,[-0.48080528  0.59740651 -0.20557775]
232.18952131271362,1002,False,6,3,[-0.79515849 -4.79305424  3.99999999],exiting,[ 0.5677905  -0.59831228 -0.99408226]
232.18952131271362,1003,False,5,6,[4.65405244 4.88675006 3.99996491],cruising,[ 0.63925976  0.24903542 -0.34837281]
232.18952131271362,1004,False,1,2,[-6.81249398 -1.37532344  4.        ],exiting,[-0.62185191  0.08809385  0.93462812]
232.18952131271362,1005,False,2,4,[ 8.47936155 -7.4307795   2.8340693 ],landing,[ 0.50568378 -0.03156594 -0.11489306]
232.2928216457367,1000,False,3,0,[1.67451527 6.26158197 3.99999999],exiting,[-0.82138112 -0.19970136 -0.21083176]
232.2928216457367,1001,False,1,5,[5.44994047 1.62844831 2.4690697 ],queued,[-0.48080528  0.59740651 -0.20557775]
232.2928216457367,1002,False,6,3,[-0.77809676 -4.89158798  3.99999999],exiting,[ 0.5677905  -0.59831228 -0.99408226]
232.2928216457367,1003,False,5,6,[4.85359024 4.8731609  3.99997017],cruising,[ 0.63925976  0.24903542 -0.34837281]
232.2928216457367,1004,False,1,2,[-6.88558725 -1.4435684   4.        ],exiting,[-0.62185191  0.08809385  0.93462812]
232.2928216457367,1005,False,2,4,[ 8.45695737 -7.43401469  2.73666505],landing,[ 0.50568378 -0.03156594 -0.11489306]
232.4005331993103,1000,False,3,0,[1.69891787 6.35855883 3.99999999],exiting,[-0.82138112 -0.19970136 -0.21083176]
232.4005331993103,1001,False,1,5,[5.44994047 1.62844831 2.5440697 ],queued,[-0.48080528  0.59740651 -0.20557775]
232.4005331993103,1002,False,6,3,[-0.76103503 -4.99012172  3.99999999],exiting,[ 0.5677905  -0.59831228 -0.99408226]
232.4005331993103,1003,False,5,6,[5.05301048 4.85794353 3.99997465],cruising,[ 0.63925976  0.24903542 -0.34837281]
232.4005331993103,1004,False,1,2,[-6.95868051 -1.51181336  4.        ],landing,[-0.62185191  0.08809385  0.93462812]
232.4005331993103,1005,False,2,4,[ 8.4345532  -7.43724989  2.63926081],landing,[ 0.50568378 -0.03156594 -0.11489306]
232.49259281158447,1000,False,3,0,[1.72332047 6.4555357  3.99999999],exiting,[-0.82138112 -0.19970136 -0.21083176]
232.49259281158447,1001,False,1,5,[5.44994047 1.62844831 2.6190697 ],entering,[-0.48080528  0.59740651 -0.20557775]
232.49259281158447,1002,False,6,3,[-0.7439733  -5.08865545  4.        ],exiting,[ 0.5677905  -0.59831228 -0.99408226]
232.49259281158447,1003,False,5,6,[5.25224584 4.84047148 3.99997845],cruising,[ 0.63925976  0.24903542 -0.34837281]
232.49259281158447,1004,False,1,2,[-7.02367628 -1.56815311  3.98611848],landing,[-0.62185191  0.08809385  0.93462812]
232.49259281158447,1005,False,2,4,[ 8.41214903 -7.44048508  2.54185657],landing,[ 0.50568378 -0.03156594 -0.11489306]
232.58866691589355,1000,False,3,0,[1.74772307 6.55251257 3.99999999],exiting,[-0.82138112 -0.19970136 -0.21083176]
232.58866691589355,1001,False,1,5,[5.46963507 1.62496657 2.6940697 ],entering,[-0.48080528  0.59740651 -0.20557775]
232.58866691589355,1002,False,6,3,[-0.72691156 -5.18718919  4.        ],exiting,[ 0.5677905  -0.59831228 -0.99408226]
232.58866691589355,1003,False,5,6,[5.45134759 4.8215376  3.99998168],cruising,[ 0.63925976  0.24903542 -0.34837281]
232.58866691589355,1004,False,1,2,[-7.0804247  -1.61249943  3.95852059],landing,[-0.62185191  0.08809385  0.93462812]
232.58866691589355,1005,False,2,4,[ 8.38974486 -7.44372028  2.44445233],landing,[ 0.50568378 -0.03156594 -0.11489306]
232.6876163482666,1000,False,3,0,[1.77212567 6.64948944 3.99999999],exiting,[-0.82138112 -0.19970136 -0.21083176]
232.6876163482666,1001,False,1,5,[5.50901865 1.61797136 2.7690697 ],entering,[-0.48080528  0.59740651 -0.20557775]
232.6876163482666,1002,False,6,3,[-0.70984983 -5.28572293  4.        ],exiting,[ 0.5677905  -0.59831228 -0.99408226]
232.6876163482666,1003,False,5,6,[5.65008298 4.79908222 3.99998443],exiting,[ 0.63925976  0.24903542 -0.34837281]
232.6876163482666,1004,False,1,2,[-7.12874982 -1.64475007  3.91740447],landing,[-0.62185191  0.08809385  0.93462812]
232.6876163482666,1005,False,2,4,[ 8.36734068 -7.44695547  2.34704808],landing,[ 0.50568378 -0.03156594 -0.11489306]
232.78821659088135,1000,False,3,0,[1.79652827 6.74646631 4.        ],exiting,[-0.82138112 -0.19970136 -0.21083176]
232.78821659088135,1001,False,1,5,[5.56807851 1.60739232 2.8440697 ],entering,[-0.48080528  0.59740651 -0.20557775]
232.78821659088135,1002,False,6,3,[-0.6927881  -5.38425666  4.        ],exiting,[ 0.5677905  -0.59831228 -0.99408226]
232.78821659088135,1003,False,5,6,[5.83269662 4.78846275 3.99998717],exiting,[ 0.63925976  0.24903542 -0.34837281]
232.78821659088135,1004,False,1,2,[-7.16841388 -1.66476919  3.86304538],landing,[-0.62185191  0.08809385  0.93462812]
232.78821659088135,1005,False,2,4,[ 8.34493651 -7.45019067  2.24964384],landing,[ 0.50568378 -0.03156594 -0.11489306]
232.88731861114502,1000,False,3,0,[1.82093087 6.84344318 4.        ],exiting,[-0.82138112 -0.19970136 -0.21083176]
232.88731861114502,1001,False,1,5,[5.64678968 1.593095   2.9190697 ],entering,[-0.48080528  0.59740651 -0.20557775]
232.88731861114502,1002,False,6,3,[-0.67572637 -5.4827904   4.        ],exiting,[ 0.5677905  -0.59831228 -0.99408226]
232.88731861114502,1003,False,5,6,[5.99916872 4.78965222 3.99998985],exiting,[ 0.63925976  0.24903542 -0.34837281]
232.88731861114502,1004,False,1,2,[-7.19920602 -1.67243867  3.79569495],landing,[-0.62185191  0.08809385  0.93462812]
232.88731861114502,1005,False,2,4,[ 8.32253234 -7.45342586  2.1522396 ],landing,[ 0.50568378 -0.03156594 -0.11489306]
233.00053095817566,1000,False,3,0,[1.84533347 6.94042005 4.        ],exiting,[-0.82138112 -0.19970136 -0.21083176]
233.00053095817566,1001,False,1,5,[5.74503018 1.57448423 2.9940697 ],entering,[-0.48080528  0.59740651 -0.20557775]
233.00053095817566,1002,False,6,3,[-0.65866463 -5.58132414  4.        ],exiting,[ 0.5677905  -0.59831228 -0.99408226]
233.00053095817566,1003,False,5,6,[6.14947306 4.80261469 3.99999242],exiting,[ 0.63925976  0.24903542 -0.34837281]
233.00053095817566,1004,False,1,2,[-7.22093774 -1.66765484  3.71558427],landing,[-0.62185191  0.08809385  0.93462812]
233.00053095817566,1005,False,2,4,[ 8.30012816 -7.45666106  2.05483535],landing,[ 0.50568378 -0.03156594 -0.11489306]
233.0896430015564,1000,False,3,0,[1.86973607 7.03739692 4.        ],exiting,[-0.82138112 -0.19970136 -0.21083176]
233.0896430015564,1001,False,1,5,[5.86263687 1.55087843 3.0690697 ],entering,[-0.48080528  0.59740651 -0.20557775]
233.0896430015564,1002,False,6,3,[-0.6416029  -5.67985787  4.        ],exiting,[ 0.5677905  -0.59831228 -0.99408226]
233.0896430015564,1003,False,5,6,[6.28357472 4.82730206 3.99999483],exiting,[ 0.63925976  0.24903542 -0.34837281]
233.0896430015564,1004,False,1,2,[-7.23341835 -1.65031476  3.62295329],landing,[-0.62185191  0.08809385  0.93462812]
233.0896430015564,1005,False,2,4,[ 8.27772399 -7.45989625  1.95743111],landing,[ 0.50568378 -0.03156594 -0.11489306]
233.1883864402771,1000,False,3,0,[1.89413868 7.13437378 4.        ],exiting,[-0.82138112 -0.19970136 -0.21083176]
233.1883864402771,1001,False,1,5,[5.99942252 1.52160095 3.1440697 ],entering,[-0.48080528  0.59740651 -0.20557775]
233.1883864402771,1002,False,6,3,[-0.62454117 -5.77839161  4.        ],exiting,[ 0.5677905  -0.59831228 -0.99408226]
233.1883864402771,1003,False,5,6,[6.40142432 4.86364577 3.999997  ],exiting,[ 0.63925976  0.24903542 -0.34837281]
233.1883864402771,1004,False,1,2,[-7.24243157 -1.62832739  3.52581773],landing,[-0.62185191  0.08809385  0.93462812]
233.1883864402771,1005,False,2,4,[ 8.25531982 -7.46313145  1.86002687],landing,[ 0.50568378 -0.03156594 -0.11489306]
233.29040670394897,1000,False,3,0,[1.91854128 7.23135065 4.        ],exiting,[-0.82138112 -0.19970136 -0.21083176]
233.29040670394897,1001,False,1,5,[6.15470815 1.4847241  3.2190697 ],entering,[-0.48080528  0.59740651 -0.20557775]
233.29040670394897,1002,False,6,3,[-0.60747944 -5.87692535  4.        ],exiting,[ 0.5677905  -0.59831228 -0.99408226]
233.29040670394897,1003,False,5,6,[6.50295784 4.91155605 3.99999882],exiting,[ 0.63925976  0.24903542 -0.34837281]
233.29040670394897,1004,False,1,2,[-7.25144479 -1.60634002  3.42868217],landing,[-0.62185191  0.08809385  0.93462812]
233.29040670394897,1005,False,2,4,[ 8.23291565 -7.46636664  1.76262262],landing,[ 0.50568378 -0.03156594 -0.11489306]
233.3907027244568,1000,False,3,0,[1.94294388 7.32832752 4.        ],exiting,[-0.82138112 -0.19970136 -0.21083176]
233.3907027244568,1001,False,1,5,[6.32757208 1.43830769 3.2940697 ],entering,[-0.48080528  0.59740651 -0.20557775]
233.3907027244568,1002,False,6,3,[-0.5904177  -5.97545908  4.        ],exiting,[ 0.5677905  -0.59831228 -0.99408226]
233.3907027244568,1003,False,5,6,[6.58812493 4.97096155 4.00000022],exiting,[ 0.63925976  0.24903542 -0.34837281]
233.3907027244568,1004,False,1,2,[-7.26045801 -1.58435265  3.3315466 ],landing,[-0.62185191  0.08809385  0.93462812]
233.3907027244568,1005,False,2,4,[ 8.21051147 -7.46960184  1.66521838],landing,[ 0.50568378 -0.03156594 -0.11489306]
233.50241565704346,1000,False,3,0,[1.96734648 7.42530439 4.        ],exiting,[-0.82138112 -0.19970136 -0.21083176]
233.50241565704346,1001,False,1,5,[6.51391958 1.3771199  3.3690697 ],entering,[-0.48080528  0.59740651 -0.20557775]
233.50241565704346,1002,False,6,3,[-0.57335597 -6.07399282  4.        ],exiting,[ 0.5677905  -0.59831228 -0.99408226]
233.50241565704346,1003,False,5,6,[6.65687264 5.04178649 4.00000114],exiting,[ 0.63925976  0.24903542 -0.34837281]
233.50241565704346,1004,False,1,2,[-7.26947123 -1.56236528  3.23441104],landing,[-0.62185191  0.08809385  0.93462812]
233.50241565704346,1005,False,2,4,[ 8.1881073  -7.47283703  1.56781414],landing,[ 0.50568378 -0.03156594 -0.11489306]
233.58880257606506,1000,False,3,0,[1.99174908 7.52228126 4.        ],exiting,[-0.82138112 -0.19970136 -0.21083176]
233.58880257606506,1001,False,1,5,[6.70090463 1.30615096 3.4440697 ],entering,[-0.48080528  0.59740651 -0.20557775]
233.58880257606506,1002,False,6,3,[-0.55629424 -6.17252656  4.        ],exiting,[ 0.5677905  -0.59831228 -0.99408226]
233.58880257606506,1003,False,5,6,[6.70914611 5.12395161 4.00000149],exiting,[ 0.63925976  0.24903542 -0.34837281]
233.58880257606506,1004,False,1,2,[-7.27848445 -1.54037791  3.13727548],landing,[-0.62185191  0.08809385  0.93462812]
233.58880257606506,1005,False,2,4,[ 8.16570313 -7.47607223  1.4704099 ],fake_landed,[ 0.50568378 -0.03156594 -0.11489306]
233.6901879310608,1000,False,3,0,[2.01615168 7.61925813 4.        ],exiting,[-0.82138112 -0.19970136 -0.21083176]
233.6901879310608,1001,False,1,5,[6.88390467 1.22546028 3.5190697 ],entering,[-0.48080528  0.59740651 -0.20557775]
233.6901879310608,1002,False,6,3,[-0.53923251 -6.2710603   4.        ],exiting,[ 0.5677905  -0.59831228 -0.99408226]
233.6901879310608,1003,False,5,6,[6.74498967 5.21730706 4.00000123],exiting,[ 0.63925976  0.24903542 -0.34837281]
233.6901879310608,1004,False,1,2,[-7.28749767 -1.51839054  3.04013992],landing,[-0.62185191  0.08809385  0.93462812]
233.6901879310608,1005,False,2,4,[ 8.14777979 -7.47866038  1.3924865 ],fake_landed,[ 0.50568378 -0.03156594 -0.11489306]
233.79071354866028,1000,False,3,0,[2.04055428 7.716235   4.        ],exiting,[-0.82138112 -0.19970136 -0.21083176]
233.79071354866028,1001,False,1,5,[7.06192668 1.13431115 3.59120925],entering,[-0.48080528  0.59740651 -0.20557775]
233.79071354866028,1002,False,6,3,[-0.52217078 -6.36959403  4.        ],exiting,[ 0.5677905  -0.59831228 -0.99408226]
233.79071354866028,1003,False,5,6,[6.78083323 5.3106625  4.00000102],exiting,[ 0.63925976  0.24903542 -0.34837281]
233.79071354866028,1004,False,1,2,[-7.29651089 -1.49640317  2.94300436],landing,[-0.62185191  0.08809385  0.93462812]
233.79071354866028,1005,False,2,4,[ 8.13433729 -7.4806015   1.33404395],fake_landed,[ 0.50568378 -0.03156594 -0.11489306]
233.89902758598328,1000,False,3,0,[2.06495688 7.81321187 4.        ],exiting,[-0.82138112 -0.19970136 -0.21083176]
233.89902758598328,1001,False,1,5,[7.23374044 1.03193912 3.65252786],entering,[-0.48080528  0.59740651 -0.20557775]
233.89902758598328,1002,False,6,3,[-0.50510904 -6.46812777  4.        ],exiting,[ 0.5677905  -0.59831228 -0.99408226]
233.89902758598328,1003,False,5,6,[6.8166768  5.40401795 4.00000084],exiting,[ 0.63925976  0.24903542 -0.34837281]
233.89902758598328,1004,False,1,2,[-7.30552411 -1.4744158   2.84586879],landing,[-0.62185191  0.08809385  0.93462812]
233.89902758598328,1005,False,2,4,[ 8.12537562 -7.48189558  1.29508226],fake_landed,[ 0.50568378 -0.03156594 -0.11489306]
233.9886758327484,1000,False,3,0,[2.08935948 7.91018874 4.        ],exiting,[-0.82138112 -0.19970136 -0.21083176]
233.9886758327484,1001,False,1,5,[7.39910233 0.91944269 3.70464868],entering,[-0.48080528  0.59740651 -0.20557775]
233.9886758327484,1002,False,6,3,[-0.48804731 -6.56666151  4.        ],exiting,[ 0.5677905  -0.59831228 -0.99408226]
233.9886758327484,1003,False,5,6,[6.85252036 5.49737339 4.0000007 ],exiting,[ 0.63925976  0.24903542 -0.34837281]
233.9886758327484,1004,False,1,2,[-7.31453732 -1.45242842  2.74873323],landing,[-0.62185191  0.08809385  0.93462812]
233.9886758327484,1005,False,2,4,[ 8.12089478 -7.48254262  1.27560141],fake_landed,[ 0.50568378 -0.03156594 -0.11489306]
234.09225845336914,1000,False,3,0,[2.11376208 8.0071656  4.        ],exiting,[-0.82138112 -0.19970136 -0.21083176]
234.09225845336914,1001,False,1,5,[7.55502515 0.79419066 3.74895138],entering,[-0.48080528  0.59740651 -0.20557775]
234.09225845336914,1002,False,6,3,[-0.47098558 -6.66519524  4.        ],exiting,[ 0.5677905  -0.59831228 -0.99408226]
234.09225845336914,1003,False,5,6,[6.88836392 5.59072884 4.00000057],exiting,[ 0.63925976  0.24903542 -0.34837281]
234.09225845336914,1004,False,1,2,[-7.32355054 -1.43044105  2.65159767],landing,[-0.62185191  0.08809385  0.93462812]
234.09225845336914,1005,False,4,1,[ 8.12089478 -7.48254262  1.27560141],waiting,[ 0.50568378 -0.03156594 -0.11489306]
234.18809533119202,1000,False,3,0,[2.13816468 8.10414247 4.        ],exiting,[-0.82138112 -0.19970136 -0.21083176]
234.18809533119202,1001,False,1,5,[7.69953383 0.65592554 3.78660867],entering,[-0.48080528  0.59740651 -0.20557775]
234.18809533119202,1002,False,6,3,[-0.45392385 -6.76372898  4.        ],exiting,[ 0.5677905  -0.59831228 -0.99408226]
234.18809533119202,1003,False,5,6,[6.92420749 5.68408428 4.00000047],exiting,[ 0.63925976  0.24903542 -0.34837281]
234.18809533119202,1004,False,1,2,[-7.33256376 -1.40845368  2.55446211],landing,[-0.62185191  0.08809385  0.93462812]
234.18809533119202,1005,False,4,1,[ 8.12089478 -7.48254262  1.27560141],waiting,[ 0.50568378 -0.03156594 -0.11489306]
234.28716206550598,1000,False,3,0,[2.16256728 8.20111934 4.        ],exiting,[-0.82138112 -0.19970136 -0.21083176]
234.28716206550598,1001,False,1,5,[7.83063859 0.50489064 3.81861737],entering,[-0.48080528  0.59740651 -0.20557775]
234.28716206550598,1002,False,6,3,[-0.43686211 -6.86226272  4.        ],exiting,[ 0.5677905  -0.59831228 -0.99408226]
234.28716206550598,1003,False,5,6,[6.96005105 5.77743972 4.00000039],exiting,[ 0.63925976  0.24903542 -0.34837281]
234.28716206550598,1004,False,1,2,[-7.34157698 -1.38646631  2.45732655],landing,[-0.62185191  0.08809385  0.93462812]
234.28716206550598,1005,False,4,1,[ 8.12089478 -7.48254262  1.27560141],waiting,[ 0.50568378 -0.03156594 -0.11489306]
234.39488315582275,1000,False,3,0,[2.18696988 8.29809621 4.        ],exiting,[-0.82138112 -0.19970136 -0.21083176]
234.39488315582275,1001,False,1,5,[7.94661972 0.34195391 3.84582477],entering,[-0.48080528  0.59740651 -0.20557775]
234.39488315582275,1002,False,6,3,[-0.41980038 -6.96079645  4.        ],exiting,[ 0.5677905  -0.59831228 -0.99408226]
234.39488315582275,1003,False,5,6,[6.99589461 5.87079517 4.00000032],exiting,[ 0.63925976  0.24903542 -0.34837281]
234.39488315582275,1004,False,1,2,[-7.3505902  -1.36447894  2.36019099],landing,[-0.62185191  0.08809385  0.93462812]
234.39488315582275,1005,False,4,1,[ 8.12089478 -7.48254262  1.27560141],waiting,[ 0.50568378 -0.03156594 -0.11489306]
234.4896924495697,1000,False,3,0,[2.21137248 8.39507308 4.        ],exiting,[-0.82138112 -0.19970136 -0.21083176]
234.4896924495697,1001,False,1,5,[8.04635198 0.16859453 3.86895105],cruising,[-0.48080528  0.59740651 -0.20557775]
234.4896924495697,1002,False,6,3,[-0.40273865 -7.05933019  4.        ],exiting,[ 0.5677905  -0.59831228 -0.99408226]
234.4896924495697,1003,False,5,6,[7.03173818 5.96415061 4.00000026],exiting,[ 0.63925976  0.24903542 -0.34837281]
234.4896924495697,1004,False,1,2,[-7.35960342 -1.34249157  2.26305542],landing,[-0.62185191  0.08809385  0.93462812]
234.4896924495697,1005,False,4,1,[ 8.12089478 -7.48254262  1.27560141],waiting,[ 0.50568378 -0.03156594 -0.11489306]
234.59010887145996,1000,False,3,0,[2.23577508 8.49204995 4.        ],exiting,[-0.82138112 -0.19970136 -0.21083176]
234.59010887145996,1001,False,1,5,[ 8.12850422 -0.01370549  3.88875949],cruising,[-0.48080528  0.59740651 -0.20557775]
234.59010887145996,1002,False,6,3,[-0.38567692 -7.15786393  4.        ],exiting,[ 0.5677905  -0.59831228 -0.99408226]
234.59010887145996,1003,False,5,6,[7.06758174 6.05750606 4.00000022],exiting,[ 0.63925976  0.24903542 -0.34837281]
234.59010887145996,1004,False,1,2,[-7.36861664 -1.3205042   2.16591986],landing,[-0.62185191  0.08809385  0.93462812]
234.59010887145996,1005,False,4,1,[ 8.12089478 -7.48254262  1.27560141],waiting,[ 0.50568378 -0.03156594 -0.11489306]
234.69355583190918,1000,False,3,0,[2.26017768 8.58902682 4.        ],exiting,[-0.82138112 -0.19970136 -0.21083176]
234.69355583190918,1001,False,1,5,[ 8.19393319 -0.20270032  3.90544557],cruising,[-0.48080528  0.59740651 -0.20557775]
234.69355583190918,1002,False,6,3,[-0.36861518 -7.25639766  4.        ],exiting,[ 0.5677905  -0.59831228 -0.99408226]
234.69355583190918,1003,False,5,6,[7.1034253  6.1508615  4.00000018],exiting,[ 0.63925976  0.24903542 -0.34837281]
234.69355583190918,1004,False,1,2,[-7.37762986 -1.29851683  2.0687843 ],landing,[-0.62185191  0.08809385  0.93462812]
234.69355583190918,1005,False,4,1,[ 8.12089478 -7.48254262  1.27560141],waiting,[ 0.50568378 -0.03156594 -0.11489306]
234.78860211372375,1000,False,3,0,[2.28458028 8.68600369 4.        ],landing,[-0.82138112 -0.19970136 -0.21083176]
234.78860211372375,1001,False,1,5,[ 8.24480745 -0.39612165  3.91962874],cruising,[-0.48080528  0.59740651 -0.20557775]
234.78860211372375,1002,False,6,3,[-0.35155345 -7.3549314   4.        ],exiting,[ 0.5677905  -0.59831228 -0.99408226]
234.78860211372375,1003,False,5,6,[7.13926887 6.24421695 4.00000015],exiting,[ 0.63925976  0.24903542 -0.34837281]
234.78860211372375,1004,False,1,2,[-7.38664308 -1.27652946  1.97164874],landing,[-0.62185191  0.08809385  0.93462812]
234.78860211372375,1005,False,4,1,[ 8.12089478 -7.48254262  1.27560141],waiting,[ 0.50568378 -0.03156594 -0.11489306]
234.894788980484,1000,False,3,0,[2.30856777 8.76848933 3.98622204],landing,[-0.82138112 -0.19970136 -0.21083176]
234.894788980484,1001,False,1,5,[ 8.28268566 -0.592502    3.93168442],cruising,[-0.48080528  0.59740651 -0.20557775]
234.894788980484,1002,False,6,3,[-0.33449172 -7.45346514  4.        ],exiting,[ 0.5677905  -0.59831228 -0.99408226]
234.894788980484,1003,False,5,6,[7.17511243 6.33757239 4.00000012],exiting,[ 0.63925976  0.24903542 -0.34837281]
234.894788980484,1004,False,1,2,[-7.3956563  -1.25454209  1.87451318],landing,[-0.62185191  0.08809385  0.93462812]
234.894788980484,1005,False,4,1,[ 8.12089478 -7.48254262  1.27560141],waiting,[ 0.50568378 -0.03156594 -0.11489306]
234.99194526672363,1000,False,3,0,[2.3320624  8.83632985 3.95883242],landing,[-0.82138112 -0.19970136 -0.21083176]
234.99194526672363,1001,False,1,5,[ 8.30920633 -0.79073584  3.94193176],cruising,[-0.48080528  0.59740651 -0.20557775]
234.99194526672363,1002,False,6,3,[-0.31742999 -7.55199887  4.        ],exiting,[ 0.5677905  -0.59831228 -0.99408226]
234.99194526672363,1003,False,5,6,[7.21095599 6.43092783 4.0000001 ],exiting,[ 0.63925976  0.24903542 -0.34837281]
234.99194526672363,1004,False,1,2,[-7.40466952 -1.23255471  1.77737761],landing,[-0.62185191  0.08809385  0.93462812]
234.99194526672363,1005,False,4,1,[ 8.12089478 -7.48254262  1.27560141],waiting,[ 0.50568378 -0.03156594 -0.11489306]
235.08954524993896,1000,False,3,0,[2.35497249 8.88934622 3.91803001],landing,[-0.82138112 -0.19970136 -0.21083176]
235.08954524993896,1001,False,1,5,[ 8.32379867 -0.99020279  3.950642  ],cruising,[-0.48080528  0.59740651 -0.20557775]
235.08954524993896,1002,False,6,3,[-0.30036825 -7.65053261  4.        ],exiting,[ 0.5677905  -0.59831228 -0.99408226]
235.08954524993896,1003,False,5,6,[7.24679956 6.52428328 4.00000008],exiting,[ 0.63925976  0.24903542 -0.34837281]
235.08954524993896,1004,False,1,2,[-7.41368274 -1.21056734  1.68024205],landing,[-0.62185191  0.08809385  0.93462812]
235.08954524993896,1005,False,4,1,[ 8.12089478 -7.48254262  1.27560141],queued,[ 0.50568378 -0.03156594 -0.11489306]
235.18737602233887,1000,False,3,0,[2.37717385 8.92730033 3.86408888],landing,[-0.82138112 -0.19970136 -0.21083176]
235.18737602233887,1001,False,1,5,[ 8.33022143 -1.19009963  3.9580457 ],cruising,[-0.48080528  0.59740651 -0.20557775]
235.18737602233887,1002,False,6,3,[-0.28330652 -7.74906635  4.        ],landing,[ 0.5677905  -0.59831228 -0.99408226]
235.18737602233887,1003,False,5,6,[7.28264312 6.61763872 4.00000007],exiting,[ 0.63925976  0.24903542 -0.34837281]
235.18737602233887,1004,False,1,2,[-7.42269596 -1.18857997  1.58310649],landing,[-0.62185191  0.08809385  0.93462812]
235.18737602233887,1005,False,4,1,[ 8.12089478 -7.48254262  1.29560141],queued,[ 0.50568378 -0.03156594 -0.11489306]
235.29618978500366,1000,False,3,0,[2.39855169 8.9499766  3.79726717],landing,[-0.82138112 -0.19970136 -0.21083176]
235.29618978500366,1001,False,1,5,[ 8.32953303 -1.39009844  3.96433884],cruising,[-0.48080528  0.59740651 -0.20557775]
235.29618978500366,1002,False,6,3,[-0.27179952 -7.83448062  3.98596346],landing,[ 0.5677905  -0.59831228 -0.99408226]
235.29618978500366,1003,False,5,6,[7.31848668 6.71099417 4.00000005],exiting,[ 0.63925976  0.24903542 -0.34837281]
235.29618978500366,1004,False,1,2,[-7.43170918 -1.1665926   1.48597093],fake_landed,[-0.62185191  0.08809385  0.93462812]
235.29618978500366,1005,False,4,1,[ 8.12089478 -7.48254262  1.33560141],queued,[ 0.50568378 -0.03156594 -0.11489306]
235.38849449157715,1000,False,3,0,[2.41900441 8.95718785 3.71779723],landing,[-0.82138112 -0.19970136 -0.21083176]
235.38849449157715,1001,False,1,5,[ 8.32031783 -1.58988603  3.96968802],cruising,[-0.48080528  0.59740651 -0.20557775]
235.38849449157715,1002,False,6,3,[-0.2658395  -7.90659964  3.95805365],landing,[ 0.5677905  -0.59831228 -0.99408226]
235.38849449157715,1003,False,5,6,[7.35433025 6.80434961 4.00000004],exiting,[ 0.63925976  0.24903542 -0.34837281]
235.38849449157715,1004,False,1,2,[-7.43891975 -1.1490027   1.40826248],fake_landed,[-0.62185191  0.08809385  0.93462812]
235.38849449157715,1005,False,4,1,[ 8.12089478 -7.48254262  1.39560141],queued,[ 0.50568378 -0.03156594 -0.11489306]
235.49775981903076,1000,False,3,0,[2.43842823 8.94874643 3.62592023],landing,[-0.82138112 -0.19970136 -0.21083176]
235.49775981903076,1001,False,1,5,[ 8.30579137 -1.78935779  3.97423481],cruising,[-0.48080528  0.59740651 -0.20557775]
235.49775981903076,1002,False,6,3,[-0.2654162  -7.96521678  3.91646745],landing,[ 0.5677905  -0.59831228 -0.99408226]
235.49775981903076,1003,False,5,6,[7.39017381 6.89770505 4.00000004],exiting,[ 0.63925976  0.24903542 -0.34837281]
235.49775981903076,1004,False,1,2,[-7.44432768 -1.13581028  1.34998114],fake_landed,[-0.62185191  0.08809385  0.93462812]
235.49775981903076,1005,False,4,1,[ 8.12089478 -7.48254262  1.47060141],queued,[ 0.50568378 -0.03156594 -0.11489306]
235.59525418281555,1000,False,3,0,[2.45737211 8.93360857 3.5289049 ],landing,[-0.82138112 -0.19970136 -0.21083176]
235.59525418281555,1001,False,1,5,[ 8.28637342 -1.98841292  3.97809959],cruising,[-0.48080528  0.59740651 -0.20557775]
235.59525418281555,1002,False,6,3,[-0.27051353 -8.01005049  3.861482  ],landing,[ 0.5677905  -0.59831228 -0.99408226]
235.59525418281555,1003,False,5,6,[7.42601737 6.9910605  4.00000003],exiting,[ 0.63925976  0.24903542 -0.34837281]
235.59525418281555,1004,False,1,2,[-7.44793297 -1.12701533  1.31112692],fake_landed,[-0.62185191  0.08809385  0.93462812]
235.59525418281555,1005,False,4,1,[ 8.12089478 -7.48254262  1.54560141],queued,[ 0.50568378 -0.03156594 -0.11489306]
235.69903254508972,1000,False,3,0,[2.47631598 8.91847071 3.43188957],landing,[-0.82138112 -0.19970136 -0.21083176]
235.69903254508972,1001,False,1,5,[ 8.25975477 -2.18663362  3.98138465],cruising,[-0.48080528  0.59740651 -0.20557775]
235.69903254508972,1002,False,6,3,[-0.28111607 -8.04086448  3.79333828],landing,[ 0.5677905  -0.59831228 -0.99408226]
235.69903254508972,1003,False,5,6,[7.46186094 7.08441594 4.00000002],exiting,[ 0.63925976  0.24903542 -0.34837281]
235.69903254508972,1004,False,1,2,[-7.44973562 -1.12261786  1.2916998 ],fake_landed,[-0.62185191  0.08809385  0.93462812]
235.69903254508972,1005,False,4,1,[ 8.12089478 -7.48254262  1.62060141],queued,[ 0.50568378 -0.03156594 -0.11489306]
235.7997407913208,1000,False,3,0,[2.49525986 8.90333285 3.33487424],landing,[-0.82138112 -0.19970136 -0.21083176]
235.7997407913208,1001,False,1,5,[ 8.22900613 -2.38425579  3.98417696],cruising,[-0.48080528  0.59740651 -0.20557775]
235.7997407913208,1002,False,6,3,[-0.29720792 -8.05744116  3.71226527],landing,[ 0.5677905  -0.59831228 -0.99408226]
235.7997407913208,1003,False,5,6,[7.4977045  7.17777139 4.00000002],exiting,[ 0.63925976  0.24903542 -0.34837281]
235.7997407913208,1004,False,2,4,[-7.44973562 -1.12261786  1.2916998 ],waiting,[-0.62185191  0.08809385  0.93462812]
235.7997407913208,1005,False,4,1,[ 8.12089478 -7.48254262  1.69560141],queued,[ 0.50568378 -0.03156594 -0.11489306]
235.89034938812256,1000,False,3,0,[2.51420373 8.88819498 3.2378589 ],landing,[-0.82138112 -0.19970136 -0.21083176]
235.89034938812256,1001,False,1,5,[ 8.19413061 -2.58119156  3.98655041],cruising,[-0.48080528  0.59740651 -0.20557775]
235.89034938812256,1002,False,6,3,[-0.3187714  -8.05956138  3.61850085],landing,[ 0.5677905  -0.59831228 -0.99408226]
235.89034938812256,1003,False,5,6,[7.53354806 7.27112683 4.00000002],exiting,[ 0.63925976  0.24903542 -0.34837281]
235.89034938812256,1004,False,2,4,[-7.44973562 -1.12261786  1.2916998 ],waiting,[-0.62185191  0.08809385  0.93462812]
235.89034938812256,1005,False,4,1,[ 8.12089478 -7.48254262  1.77060141],queued,[ 0.50568378 -0.03156594 -0.11489306]
236.0015685558319,1000,False,3,0,[2.53314761 8.87305712 3.14084357],landing,[-0.82138112 -0.19970136 -0.21083176]
236.0015685558319,1001,False,1,5,[ 8.15181017 -2.77666273  3.98856785],cruising,[-0.48080528  0.59740651 -0.20557775]
236.0015685558319,1002,False,6,3,[-0.34187264 -8.05754159  3.52122673],landing,[ 0.5677905  -0.59831228 -0.99408226]
236.0015685558319,1003,False,5,6,[7.56939163 7.36448228 4.00000001],exiting,[ 0.63925976  0.24903542 -0.34837281]
236.0015685558319,1004,False,2,4,[-7.44973562 -1.12261786  1.2916998 ],waiting,[-0.62185191  0.08809385  0.93462812]
236.0015685558319,1005,False,4,1,[ 8.12089478 -7.48254262  1.84560141],queued,[ 0.50568378 -0.03156594 -0.11489306]
236.09201002120972,1000,False,3,0,[2.55209148 8.85791926 3.04382824],landing,[-0.82138112 -0.19970136 -0.21083176]
236.09201002120972,1001,False,1,5,[ 8.10544867 -2.97121507  3.99028267],cruising,[-0.48080528  0.59740651 -0.20557775]
236.09201002120972,1002,False,6,3,[-0.36497387 -8.05552179  3.42395262],landing,[ 0.5677905  -0.59831228 -0.99408226]
236.09201002120972,1003,False,5,6,[7.60523519 7.45783772 4.00000001],exiting,[ 0.63925976  0.24903542 -0.34837281]
236.09201002120972,1004,False,2,4,[-7.44973562 -1.12261786  1.2916998 ],waiting,[-0.62185191  0.08809385  0.93462812]
236.09201002120972,1005,False,4,1,[ 8.12089478 -7.48254262  1.92060141],queued,[ 0.50568378 -0.03156594 -0.11489306]
236.19720149040222,1000,False,3,0,[2.57103535 8.8427814  2.94681291],landing,[-0.82138112 -0.19970136 -0.21083176]
236.19720149040222,1001,False,1,5,[ 8.05085452 -3.16361954  3.99174027],cruising,[-0.48080528  0.59740651 -0.20557775]
236.19720149040222,1002,False,6,3,[-0.3880751 -8.053502   3.3266785],landing,[ 0.5677905  -0.59831228 -0.99408226]
236.19720149040222,1003,False,5,6,[7.64107875 7.55119316 4.00000001],exiting,[ 0.63925976  0.24903542 -0.34837281]
236.19720149040222,1004,False,2,4,[-7.44973562 -1.12261786  1.2916998 ],waiting,[-0.62185191  0.08809385  0.93462812]
236.19720149040222,1005,False,4,1,[ 8.12089478 -7.48254262  1.99560141],queued,[ 0.50568378 -0.03156594 -0.11489306]
236.2912757396698,1000,False,3,0,[2.58997923 8.82764353 2.84979757],landing,[-0.82138112 -0.19970136 -0.21083176]
236.2912757396698,1001,False,1,5,[ 7.98759635 -3.35335199  3.99297923],cruising,[-0.48080528  0.59740651 -0.20557775]
236.2912757396698,1002,False,6,3,[-0.41117634 -8.05148221  3.22940439],landing,[ 0.5677905  -0.59831228 -0.99408226]
236.2912757396698,1003,False,5,6,[7.67692232 7.64454861 4.00000001],exiting,[ 0.63925976  0.24903542 -0.34837281]
236.2912757396698,1004,False,2,4,[-7.44973562 -1.12261786  1.2916998 ],waiting,[-0.62185191  0.08809385  0.93462812]
236.2912757396698,1005,False,4,1,[ 8.12089478 -7.48254262  2.07060141],queued,[ 0.50568378 -0.03156594 -0.11489306]
236.39400029182434,1000,False,3,0,[2.6089231  8.81250567 2.75278224],landing,[-0.82138112 -0.19970136 -0.21083176]
236.39400029182434,1001,False,1,5,[ 7.91954195 -3.5414174   3.99403235],cruising,[-0.48080528  0.59740651 -0.20557775]
236.39400029182434,1002,False,6,3,[-0.43427757 -8.04946241  3.13213027],landing,[ 0.5677905  -0.59831228 -0.99408226]
236.39400029182434,1003,False,5,6,[7.71276588 7.73790405 4.        ],exiting,[ 0.63925976  0.24903542 -0.34837281]
236.39400029182434,1004,False,2,4,[-7.44973562 -1.12261786  1.2916998 ],waiting,[-0.62185191  0.08809385  0.93462812]
236.39400029182434,1005,False,4,1,[ 8.12089478 -7.48254262  2.14560141],queued,[ 0.50568378 -0.03156594 -0.11489306]
236.4928638935089,1000,False,3,0,[2.62786698 8.79736781 2.65576691],landing,[-0.82138112 -0.19970136 -0.21083176]
236.4928638935089,1001,False,1,5,[ 7.84041172 -3.72509758  3.99492749],cruising,[-0.48080528  0.59740651 -0.20557775]
236.4928638935089,1002,False,6,3,[-0.45737881 -8.04744262  3.03485616],landing,[ 0.5677905  -0.59831228 -0.99408226]
236.4928638935089,1003,False,5,6,[7.74860944 7.8312595  4.        ],exiting,[ 0.63925976  0.24903542 -0.34837281]
236.4928638935089,1004,False,2,4,[-7.44973562 -1.12261786  1.2916998 ],waiting,[-0.62185191  0.08809385  0.93462812]
236.4928638935089,1005,False,4,1,[ 8.12089478 -7.48254262  2.22060141],queued,[ 0.50568378 -0.03156594 -0.11489306]
236.5875723361969,1000,False,3,0,[2.64681085 8.78222995 2.55875158],landing,[-0.82138112 -0.19970136 -0.21083176]
236.5875723361969,1001,False,1,5,[ 7.74874165 -3.9028519   3.99568837],cruising,[-0.48080528  0.59740651 -0.20557775]
236.5875723361969,1002,False,6,3,[-0.48048004 -8.04542282  2.93758204],landing,[ 0.5677905  -0.59831228 -0.99408226]
236.5875723361969,1003,False,5,6,[7.78445301 7.92461494 4.        ],exiting,[ 0.63925976  0.24903542 -0.34837281]
236.5875723361969,1004,False,2,4,[-7.44973562 -1.12261786  1.2916998 ],waiting,[-0.62185191  0.08809385  0.93462812]
236.5875723361969,1005,False,4,1,[ 8.12089478 -7.48254262  2.29560141],queued,[ 0.50568378 -0.03156594 -0.11489306]
236.68947076797485,1000,False,3,0,[2.66575473 8.76709209 2.46173624],landing,[-0.82138112 -0.19970136 -0.21083176]
236.68947076797485,1001,False,1,5,[ 7.6424875  -4.07229231  3.99633511],cruising,[-0.48080528  0.59740651 -0.20557775]
236.68947076797485,1002,False,6,3,[-0.50358127 -8.04340303  2.84030793],landing,[ 0.5677905  -0.59831228 -0.99408226]
236.68947076797485,1003,False,5,6,[7.82029657 8.01797039 4.        ],exiting,[ 0.63925976  0.24903542 -0.34837281]
236.68947076797485,1004,False,2,4,[-7.44973562 -1.12261786  1.2916998 ],waiting,[-0.62185191  0.08809385  0.93462812]
236.68947076797485,1005,False,4,1,[ 8.12089478 -7.48254262  2.37060141],queued,[ 0.50568378 -0.03156594 -0.11489306]
236.793395280838,1000,False,3,0,[2.6846986  8.75195422 2.36472091],landing,[-0.82138112 -0.19970136 -0.21083176]
236.793395280838,1001,False,1,5,[ 7.51987032 -4.23023305  3.99688941],cruising,[-0.48080528  0.59740651 -0.20557775]
236.793395280838,1002,False,6,3,[-0.52668251 -8.04138324  2.74303381],landing,[ 0.5677905  -0.59831228 -0.99408226]
236.793395280838,1003,False,5,6,[7.85614013 8.11132583 4.        ],exiting,[ 0.63925976  0.24903542 -0.34837281]
236.793395280838,1004,False,2,4,[-7.44973562 -1.12261786  1.2916998 ],waiting,[-0.62185191  0.08809385  0.93462812]
236.793395280838,1005,False,4,1,[ 8.12089478 -7.48254262  2.44560141],entering,[ 0.50568378 -0.03156594 -0.11489306]
236.8891580104828,1000,False,3,0,[2.70364247 8.73681636 2.26770558],landing,[-0.82138112 -0.19970136 -0.21083176]
236.8891580104828,1001,False,1,5,[ 7.38285829 -4.37428901  3.99740317],cruising,[-0.48080528  0.59740651 -0.20557775]
236.8891580104828,1002,False,6,3,[-0.54978374 -8.03936344  2.6457597 ],landing,[ 0.5677905  -0.59831228 -0.99408226]
236.8891580104828,1003,False,5,6,[7.8919837  8.20468127 4.        ],exiting,[ 0.63925976  0.24903542 -0.34837281]
236.8891580104828,1004,False,2,4,[-7.44973562 -1.12261786  1.2916998 ],waiting,[-0.62185191  0.08809385  0.93462812]
236.8891580104828,1005,False,4,1,[ 8.10940498 -7.46617239  2.52060141],entering,[ 0.50568378 -0.03156594 -0.11489306]
236.99684882164001,1000,False,3,0,[2.72258635 8.7216785  2.17069025],landing,[-0.82138112 -0.19970136 -0.21083176]
236.99684882164001,1001,False,1,5,[ 7.23322564 -4.50282987  3.99787691],cruising,[-0.48080528  0.59740651 -0.20557775]
236.99684882164001,1002,False,6,3,[-0.57288498 -8.03734365  2.54848558],landing,[ 0.5677905  -0.59831228 -0.99408226]
236.99684882164001,1003,False,5,6,[7.92782726 8.29803672 4.        ],exiting,[ 0.63925976  0.24903542 -0.34837281]
236.99684882164001,1004,False,2,4,[-7.44973562 -1.12261786  1.2916998 ],queued,[-0.62185191  0.08809385  0.93462812]
236.99684882164001,1005,False,4,1,[ 8.08642536 -7.43343194  2.59560141],entering,[ 0.50568378 -0.03156594 -0.11489306]
237.09208154678345,1000,False,3,0,[2.74153022 8.70654064 2.07367491],landing,[-0.82138112 -0.19970136 -0.21083176]
237.09208154678345,1001,False,1,5,[ 7.07298877 -4.61441347  3.99831199],cruising,[-0.48080528  0.59740651 -0.20557775]
237.09208154678345,1002,False,6,3,[-0.59598621 -8.03532385  2.45121147],landing,[ 0.5677905  -0.59831228 -0.99408226]
237.09208154678345,1003,False,5,6,[7.96367082 8.39139216 4.        ],exiting,[ 0.63925976  0.24903542 -0.34837281]
237.09208154678345,1004,False,2,4,[-7.44973562 -1.12261786  1.3116998 ],queued,[-0.62185191  0.08809385  0.93462812]
237.09208154678345,1005,False,4,1,[ 8.05195594 -7.38432126  2.67060141],entering,[ 0.50568378 -0.03156594 -0.11489306]
237.18872809410095,1000,False,3,0,[2.7604741  8.69140277 1.97665958],landing,[-0.82138112 -0.19970136 -0.21083176]
237.18872809410095,1001,False,1,5,[ 6.90430196 -4.70786982  3.99870938],cruising,[-0.48080528  0.59740651 -0.20557775]
237.18872809410095,1002,False,6,3,[-0.61908744 -8.03330406  2.35393735],landing,[ 0.5677905  -0.59831228 -0.99408226]
237.18872809410095,1003,False,5,6,[7.99951439 8.48474761 4.        ],exiting,[ 0.63925976  0.24903542 -0.34837281]
237.18872809410095,1004,False,2,4,[-7.44973562 -1.12261786  1.3516998 ],queued,[-0.62185191  0.08809385  0.93462812]
237.18872809410095,1005,False,4,1,[ 8.00599671 -7.31884035  2.74560141],entering,[ 0.50568378 -0.03156594 -0.11489306]
237.2919111251831,1000,False,3,0,[2.77941797 8.67626491 1.87964425],landing,[-0.82138112 -0.19970136 -0.21083176]
237.2919111251831,1001,False,1,5,[ 6.72938829 -4.78232025  3.99906947],cruising,[-0.48080528  0.59740651 -0.20557775]
237.2919111251831,1002,False,6,3,[-0.64218868 -8.03128427  2.25666324],landing,[ 0.5677905  -0.59831228 -0.99408226]
237.2919111251831,1003,False,5,6,[8.03535795 8.57810305 4.        ],exiting,[ 0.63925976  0.24903542 -0.34837281]
237.2919111251831,1004,False,2,4,[-7.44973562 -1.12261786  1.4116998 ],queued,[-0.62185191  0.08809385  0.93462812]
237.2919111251831,1005,False,4,1,[ 7.94854767 -7.23698922  2.82060141],entering,[ 0.50568378 -0.03156594 -0.11489306]
237.39936470985413,1000,False,3,0,[2.79836185 8.66112705 1.78262892],landing,[-0.82138112 -0.19970136 -0.21083176]
237.39936470985413,1001,False,1,5,[ 6.55049686 -4.83717027  3.99939209],cruising,[-0.48080528  0.59740651 -0.20557775]
237.39936470985413,1002,False,6,3,[-0.66528991 -8.02926447  2.15938913],landing,[ 0.5677905  -0.59831228 -0.99408226]
237.39936470985413,1003,False,5,6,[8.07120151 8.67145849 4.        ],exiting,[ 0.63925976  0.24903542 -0.34837281]
237.39936470985413,1004,False,2,4,[-7.44973562 -1.12261786  1.4866998 ],queued,[-0.62185191  0.08809385  0.93462812]
237.39936470985413,1005,False,4,1,[ 7.87960883 -7.13876785  2.89560141],entering,[ 0.50568378 -0.03156594 -0.11489306]
237.49191164970398,1000,False,3,0,[2.81730572 8.64598919 1.68561358],landing,[-0.82138112 -0.19970136 -0.21083176]
237.49191164970398,1001,False,1,5,[ 6.36989552 -4.87209356  3.99967643],cruising,[-0.48080528  0.59740651 -0.20557775]
237.49191164970398,1002,False,6,3,[-0.68839114 -8.02724468  2.06211501],landing,[ 0.5677905  -0.59831228 -0.99408226]
237.49191164970398,1003,False,5,6,[8.10704508 8.76481394 4.        ],exiting,[ 0.63925976  0.24903542 -0.34837281]
237.49191164970398,1004,False,2,4,[-7.44973562 -1.12261786  1.5616998 ],queued,[-0.62185191  0.08809385  0.93462812]
237.49191164970398,1005,False,4,1,[ 7.79926099 -7.02411984  2.97060141],entering,[ 0.50568378 -0.03156594 -0.11489306]
237.60061621665955,1000,False,3,0,[2.8362496  8.63085133 1.58859825],landing,[-0.82138112 -0.19970136 -0.21083176]
237.60061621665955,1001,False,1,5,[ 6.18878915 -4.88702327  3.9999196 ],cruising,[-0.48080528  0.59740651 -0.20557775]
237.60061621665955,1002,False,6,3,[-0.71149238 -8.02522488  1.9648409 ],landing,[ 0.5677905  -0.59831228 -0.99408226]
237.60061621665955,1003,False,5,6,[8.14288864 8.85816938 4.        ],exiting,[ 0.63925976  0.24903542 -0.34837281]
237.60061621665955,1004,False,2,4,[-7.44973562 -1.12261786  1.6366998 ],queued,[-0.62185191  0.08809385  0.93462812]
237.60061621665955,1005,False,4,1,[ 7.70670182 -6.89363254  3.04560141],entering,[ 0.50568378 -0.03156594 -0.11489306]
237.69426918029785,1000,False,3,0,[2.85519347 8.61571346 1.49158292],fake_landed,[-0.82138112 -0.19970136 -0.21083176]
237.69426918029785,1001,False,1,5,[ 6.00856802 -4.88197263  4.00012057],cruising,[-0.48080528  0.59740651 -0.20557775]
237.69426918029785,1002,False,6,3,[-0.73459361 -8.02320509  1.86756678],landing,[ 0.5677905  -0.59831228 -0.99408226]
237.69426918029785,1003,False,5,6,[8.1787322  8.95152483 4.        ],exiting,[ 0.63925976  0.24903542 -0.34837281]
237.69426918029785,1004,False,2,4,[-7.44973562 -1.12261786  1.7116998 ],queued,[-0.62185191  0.08809385  0.93462812]
237.69426918029785,1005,False,4,1,[ 7.60124177 -6.74786231  3.12060141],entering,[ 0.50568378 -0.03156594 -0.11489306]
237.7989203929901,1000,False,3,0,[2.87034857 8.60360317 1.41397065],fake_landed,[-0.82138112 -0.19970136 -0.21083176]
237.7989203929901,1001,False,1,5,[ 5.83041394 -4.85702913  4.00027827],cruising,[-0.48080528  0.59740651 -0.20557775]
237.7989203929901,1002,False,6,3,[-0.75769485 -8.0211853   1.77029267],landing,[ 0.5677905  -0.59831228 -0.99408226]
237.7989203929901,1003,False,5,6,[8.21457577 9.04488027 4.        ],exiting,[ 0.63925976  0.24903542 -0.34837281]
237.7989203929901,1004,False,2,4,[-7.44973562 -1.12261786  1.7866998 ],queued,[-0.62185191  0.08809385  0.93462812]
237.7989203929901,1005,False,4,1,[ 7.48279959 -6.58687815  3.19560141],entering,[ 0.50568378 -0.03156594 -0.11489306]
237.88917803764343,1000,False,3,0,[2.88171489 8.59452046 1.35576145],fake_landed,[-0.82138112 -0.19970136 -0.21083176]
237.88917803764343,1001,False,1,5,[ 5.65484405 -4.81225335  4.00038943],cruising,[-0.48080528  0.59740651 -0.20557775]
237.88917803764343,1002,False,6,3,[-0.78079608 -8.0191655   1.67301855],landing,[ 0.5677905  -0.59831228 -0.99408226]
237.88917803764343,1003,False,5,6,[8.25041933 9.13823572 4.        ],landing,[ 0.63925976  0.24903542 -0.34837281]
237.88917803764343,1004,False,2,4,[-7.44973562 -1.12261786  1.8616998 ],queued,[-0.62185191  0.08809385  0.93462812]
237.88917803764343,1005,False,4,1,[ 7.36385546 -6.42609166  3.27060141],entering,[ 0.50568378 -0.03156594 -0.11489306]
237.9900097846985,1000,False,3,0,[2.88929244 8.58846531 1.31695532],fake_landed,[-0.82138112 -0.19970136 -0.21083176]
237.9900097846985,1001,False,1,5,[ 5.48257234 -4.74775144  4.0004527 ],cruising,[-0.48080528  0.59740651 -0.20557775]
237.9900097846985,1002,False,6,3,[-0.80389731 -8.01714571  1.57574444],landing,[ 0.5677905  -0.59831228 -0.99408226]
237.9900097846985,1003,False,5,6,[8.28432854 9.21750535 3.98593415],landing,[ 0.63925976  0.24903542 -0.34837281]
237.9900097846985,1004,False,2,4,[-7.44973562 -1.12261786  1.9366998 ],queued,[-0.62185191  0.08809385  0.93462812]
237.9900097846985,1005,False,4,1,[ 7.24130191 -6.26803905  3.34560141],entering,[ 0.50568378 -0.03156594 -0.11489306]
238.09272146224976,1000,False,3,0,[2.89308122 8.58543774 1.29755225],fake_landed,[-0.82138112 -0.19970136 -0.21083176]
238.09272146224976,1001,False,1,5,[ 5.31336951 -4.66348646  4.00046309],cruising,[-0.48080528  0.59740651 -0.20557775]
238.09272146224976,1002,False,6,3,[-0.82699855 -8.01512591  1.47847032],fake_landed,[ 0.5677905  -0.59831228 -0.99408226]
238.09272146224976,1003,False,5,6,[8.31620658 9.2825418  3.95796538],landing,[ 0.63925976  0.24903542 -0.34837281]
238.09272146224976,1004,False,2,4,[-7.44973562 -1.12261786  2.0116998 ],queued,[-0.62185191  0.08809385  0.93462812]
238.09272146224976,1005,False,4,1,[ 7.11972441 -6.10923442  3.42060141],entering,[ 0.50568378 -0.03156594 -0.11489306]
238.20071125030518,1000,False,0,2,[2.89308122 8.58543774 1.29755225],waiting,[-0.82138112 -0.19970136 -0.21083176]
238.20071125030518,1001,False,1,5,[ 5.14667125 -4.55937901  4.00041633],cruising,[-0.48080528  0.59740651 -0.20557775]
238.20071125030518,1002,False,6,3,[-0.84547953 -8.01351008  1.40065103],fake_landed,[ 0.5677905  -0.59831228 -0.99408226]
238.20071125030518,1003,False,5,6,[8.34593856 9.3331723  3.91629032],landing,[ 0.63925976  0.24903542 -0.34837281]
238.20071125030518,1004,False,2,4,[-7.44973562 -1.12261786  2.0866998 ],queued,[-0.62185191  0.08809385  0.93462812]
238.20071125030518,1005,False,4,1,[ 6.99269323 -5.95475762  3.49560141],entering,[ 0.50568378 -0.03156594 -0.11489306]
238.29941964149475,1000,False,0,2,[2.89308122 8.58543774 1.29755225],waiting,[-0.82138112 -0.19970136 -0.21083176]
238.29941964149475,1001,False,1,5,[ 4.97639604 -4.45446783  4.00035388],cruising,[-0.48080528  0.59740651 -0.20557775]
238.29941964149475,1002,False,6,3,[-0.85934027 -8.0122982   1.34228656],fake_landed,[ 0.5677905  -0.59831228 -0.99408226]
238.29941964149475,1003,False,5,6,[8.37336571 9.36916188 3.86118649],landing,[ 0.63925976  0.24903542 -0.34837281]
238.29941964149475,1004,False,2,4,[-7.44973562 -1.12261786  2.1616998 ],entering,[-0.62185191  0.08809385  0.93462812]
238.29941964149475,1005,False,4,1,[ 6.86448887 -5.80125309  3.57060141],entering,[ 0.50568378 -0.03156594 -0.11489306]
238.393492937088,1000,False,0,2,[2.89308122 8.58543774 1.29755225],waiting,[-0.82138112 -0.19970136 -0.21083176]
238.393492937088,1001,False,1,5,[ 4.80295505 -4.35487756  4.0003008 ],cruising,[-0.48080528  0.59740651 -0.20557775]
238.393492937088,1002,False,6,3,[-0.86858077 -8.01149029  1.30337691],fake_landed,[ 0.5677905  -0.59831228 -0.99408226]
238.393492937088,1003,False,5,6,[8.39835446 9.39031632 3.79289279],landing,[ 0.63925976  0.24903542 -0.34837281]
238.393492937088,1004,False,2,4,[-7.4366549  -1.10748859  2.2366998 ],entering,[-0.62185191  0.08809385  0.93462812]
238.393492937088,1005,False,4,1,[ 6.73465709 -5.64912252  3.6350112 ],entering,[ 0.50568378 -0.03156594 -0.11489306]
238.50127935409546,1000,False,0,2,[2.89308122 8.58543774 1.29755225],waiting,[-0.82138112 -0.19970136 -0.21083176]
238.50127935409546,1001,False,1,5,[ 4.62606997 -4.26154124  4.00025568],cruising,[-0.48080528  0.59740651 -0.20557775]
238.50127935409546,1002,False,6,3,[-0.87320101 -8.01108633  1.28392209],fake_landed,[ 0.5677905  -0.59831228 -0.99408226]
238.50127935409546,1003,False,5,6,[8.42077954 9.39645635 3.71163781],landing,[ 0.63925976  0.24903542 -0.34837281]
238.50127935409546,1004,False,2,4,[-7.41050836 -1.07721718  2.3116998 ],entering,[-0.62185191  0.08809385  0.93462812]
238.50127935409546,1005,False,4,1,[ 6.59788404 -5.50320086  3.68975952],entering,[ 0.50568378 -0.03156594 -0.11489306]
238.59539985656738,1000,False,0,2,[2.89308122 8.58543774 1.29755225],waiting,[-0.82138112 -0.19970136 -0.21083176]
238.59539985656738,1001,False,1,5,[ 4.44739094 -4.17168689  4.00021733],cruising,[-0.48080528  0.59740651 -0.20557775]
238.59539985656738,1002,False,3,0,[-0.87320101 -8.01108633  1.28392209],waiting,[ 0.5677905  -0.59831228 -0.99408226]
238.59539985656738,1003,False,5,6,[8.44051329 9.38740226 3.617659  ],landing,[ 0.63925976  0.24903542 -0.34837281]
238.59539985656738,1004,False,2,4,[-7.37132903 -1.0317752   2.3866998 ],entering,[-0.62185191  0.08809385  0.93462812]
238.59539985656738,1005,False,4,1,[ 6.45637515 -5.36186709  3.73629559],entering,[ 0.50568378 -0.03156594 -0.11489306]
238.69191551208496,1000,False,0,2,[2.89308122 8.58543774 1.29755225],waiting,[-0.82138112 -0.19970136 -0.21083176]
238.69191551208496,1001,False,1,5,[ 4.26667863 -4.08599524  4.00018473],cruising,[-0.48080528  0.59740651 -0.20557775]
238.69191551208496,1002,False,3,0,[-0.87320101 -8.01108633  1.28392209],waiting,[ 0.5677905  -0.59831228 -0.99408226]
238.69191551208496,1003,False,5,6,[8.45949632 9.37425795 3.52036115],landing,[ 0.63925976  0.24903542 -0.34837281]
238.69191551208496,1004,False,2,4,[-7.31917993 -0.97110872  2.4616998 ],entering,[-0.62185191  0.08809385  0.93462812]
238.69191551208496,1005,False,4,1,[ 6.31252242 -5.22291964  3.77585125],entering,[ 0.50568378 -0.03156594 -0.11489306]
238.79570269584656,1000,False,0,2,[2.89308122 8.58543774 1.29755225],waiting,[-0.82138112 -0.19970136 -0.21083176]
238.79570269584656,1001,False,1,5,[ 4.08497191 -4.00243288  4.00015702],cruising,[-0.48080528  0.59740651 -0.20557775]
238.79570269584656,1002,False,3,0,[-0.87320101 -8.01108633  1.28392209],waiting,[ 0.5677905  -0.59831228 -0.99408226]
238.79570269584656,1003,False,5,6,[8.47847935 9.36111364 3.4230633 ],landing,[ 0.63925976  0.24903542 -0.34837281]
238.79570269584656,1004,False,2,4,[-7.25418464 -0.89511335  2.5366998 ],entering,[-0.62185191  0.08809385  0.93462812]
238.79570269584656,1005,False,4,1,[ 6.16176813 -5.09149232  3.80947356],entering,[ 0.50568378 -0.03156594 -0.11489306]
238.894278049469,1000,False,0,2,[2.89308122 8.58543774 1.29755225],waiting,[-0.82138112 -0.19970136 -0.21083176]
238.894278049469,1001,False,1,5,[ 3.90204863 -3.92156834  4.00013347],cruising,[-0.48080528  0.59740651 -0.20557775]
238.894278049469,1002,False,3,0,[-0.87320101 -8.01108633  1.28392209],waiting,[ 0.5677905  -0.59831228 -0.99408226]
238.894278049469,1003,False,5,6,[8.49746238 9.34796932 3.32576545],landing,[ 0.63925976  0.24903542 -0.34837281]
238.894278049469,1004,False,2,4,[-7.17666081 -0.80352837  2.6116998 ],entering,[-0.62185191  0.08809385  0.93462812]
238.894278049469,1005,False,4,1,[ 6.00399625 -4.96857757  3.83805253],cruising,[ 0.50568378 -0.03156594 -0.11489306]
238.99256777763367,1000,False,0,2,[2.89308122 8.58543774 1.29755225],waiting,[-0.82138112 -0.19970136 -0.21083176]
238.99256777763367,1001,False,1,5,[ 3.71851857 -3.84209056  4.00011345],cruising,[-0.48080528  0.59740651 -0.20557775]
238.99256777763367,1002,False,3,0,[-0.87320101 -8.01108633  1.28392209],waiting,[ 0.5677905  -0.59831228 -0.99408226]
238.99256777763367,1003,False,5,6,[8.5164454  9.33482501 3.2284676 ],landing,[ 0.63925976  0.24903542 -0.34837281]
238.99256777763367,1004,False,2,4,[-7.08693261 -0.69609872  2.6866998 ],entering,[-0.62185191  0.08809385  0.93462812]
238.99256777763367,1005,False,4,1,[ 5.84248592 -4.85061819  3.86234465],cruising,[ 0.50568378 -0.03156594 -0.11489306]
239.1017506122589,1000,False,0,2,[2.89308122 8.58543774 1.29755225],waiting,[-0.82138112 -0.19970136 -0.21083176]
239.1017506122589,1001,False,1,5,[ 3.53421423 -3.76442519  4.00009643],cruising,[-0.48080528  0.59740651 -0.20557775]
239.1017506122589,1002,False,3,0,[-0.87320101 -8.01108633  1.28392209],waiting,[ 0.5677905  -0.59831228 -0.99408226]
239.1017506122589,1003,False,5,6,[8.53542843 9.3216807  3.13116975],landing,[ 0.63925976  0.24903542 -0.34837281]
239.1017506122589,1004,False,2,4,[-6.98554901 -0.57241634  2.7616998 ],entering,[-0.62185191  0.08809385  0.93462812]
239.1017506122589,1005,False,4,1,[ 5.67459807 -4.7419275   3.88299295],cruising,[ 0.50568378 -0.03156594 -0.11489306]
239.20080256462097,1000,False,0,2,[2.89308122 8.58543774 1.29755225],waiting,[-0.82138112 -0.19970136 -0.21083176]
239.20080256462097,1001,False,1,5,[ 3.3494342  -3.68789845  4.00008197],cruising,[-0.48080528  0.59740651 -0.20557775]
239.20080256462097,1002,False,3,0,[-0.87320101 -8.01108633  1.28392209],waiting,[ 0.5677905  -0.59831228 -0.99408226]
239.20080256462097,1003,False,5,6,[8.55441146 9.30853639 3.0338719 ],landing,[ 0.63925976  0.24903542 -0.34837281]
239.20080256462097,1004,False,2,4,[-6.87368534 -0.43169962  2.8366998 ],entering,[-0.62185191  0.08809385  0.93462812]
239.20080256462097,1005,False,4,1,[ 5.50345035 -4.63844581  3.90054401],cruising,[ 0.50568378 -0.03156594 -0.11489306]
239.29603219032288,1000,False,0,2,[2.89308122 8.58543774 1.29755225],waiting,[-0.82138112 -0.19970136 -0.21083176]
239.29603219032288,1001,False,1,5,[ 3.16411459 -3.6126878   4.00006967],cruising,[-0.48080528  0.59740651 -0.20557775]
239.29603219032288,1002,False,3,0,[-0.87320101 -8.01108633  1.28392209],waiting,[ 0.5677905  -0.59831228 -0.99408226]
239.29603219032288,1003,False,5,6,[8.57339449 9.29539207 2.93657405],landing,[ 0.63925976  0.24903542 -0.34837281]
239.29603219032288,1004,False,2,4,[-6.75399281 -0.27257887  2.9116998 ],entering,[-0.62185191  0.08809385  0.93462812]
239.29603219032288,1005,False,4,1,[ 5.32783726 -4.5427377   3.91546241],cruising,[ 0.50568378 -0.03156594 -0.11489306]
239.38918375968933,1000,False,0,2,[2.89308122 8.58543774 1.29755225],waiting,[-0.82138112 -0.19970136 -0.21083176]
239.38918375968933,1001,False,1,5,[ 2.97826651 -3.53879267  4.00005922],cruising,[-0.48080528  0.59740651 -0.20557775]
239.38918375968933,1002,False,3,0,[-0.87320101 -8.01108633  1.28392209],waiting,[ 0.5677905  -0.59831228 -0.99408226]
239.38918375968933,1003,False,5,6,[8.59237752 9.28224776 2.8392762 ],landing,[ 0.63925976  0.24903542 -0.34837281]
239.38918375968933,1004,False,2,4,[-6.63720663 -0.11021819  2.9866998 ],entering,[-0.62185191  0.08809385  0.93462812]
239.38918375968933,1005,False,4,1,[ 5.15023506 -4.45077326  3.92814305],cruising,[ 0.50568378 -0.03156594 -0.11489306]
239.50063920021057,1000,False,0,2,[2.89308122 8.58543774 1.29755225],waiting,[-0.82138112 -0.19970136 -0.21083176]
239.50063920021057,1001,False,1,5,[ 2.79180665 -3.46645513  4.00005034],cruising,[-0.48080528  0.59740651 -0.20557775]
239.50063920021057,1002,False,3,0,[-0.87320101 -8.01108633  1.28392209],waiting,[ 0.5677905  -0.59831228 -0.99408226]
239.50063920021057,1003,False,5,6,[8.61136055 9.26910345 2.74197835],landing,[ 0.63925976  0.24903542 -0.34837281]
239.50063920021057,1004,False,2,4,[-6.5239525   0.05462568  3.0616998 ],entering,[-0.62185191  0.08809385  0.93462812]
239.50063920021057,1005,False,4,1,[ 4.96990611 -4.36427778  3.93892159],cruising,[ 0.50568378 -0.03156594 -0.11489306]
239.59053444862366,1000,False,0,2,[2.89308122 8.58543774 1.29755225],waiting,[-0.82138112 -0.19970136 -0.21083176]
239.59053444862366,1001,False,1,5,[ 2.60485328 -3.39540277  4.00004279],cruising,[-0.48080528  0.59740651 -0.20557775]
239.59053444862366,1002,False,3,0,[-0.87320101 -8.01108633  1.28392209],waiting,[ 0.5677905  -0.59831228 -0.99408226]
239.59053444862366,1003,False,5,6,[8.63034358 9.25595913 2.6446805 ],landing,[ 0.63925976  0.24903542 -0.34837281]
239.59053444862366,1004,False,2,4,[-6.41484586  0.22224352  3.1366998 ],entering,[-0.62185191  0.08809385  0.93462812]
239.59053444862366,1005,False,4,1,[ 4.78858373 -4.27988467  3.94808335],cruising,[ 0.50568378 -0.03156594 -0.11489306]
239.6957368850708,1000,False,0,2,[2.89308122 8.58543774 1.29755225],waiting,[-0.82138112 -0.19970136 -0.21083176]
239.6957368850708,1001,False,1,5,[ 2.41710202 -3.32648642  4.00003637],cruising,[-0.48080528  0.59740651 -0.20557775]
239.6957368850708,1002,False,3,0,[-0.87320101 -8.01108633  1.28392209],waiting,[ 0.5677905  -0.59831228 -0.99408226]
239.6957368850708,1003,False,5,6,[8.64932661 9.24281482 2.54738265],landing,[ 0.63925976  0.24903542 -0.34837281]
239.6957368850708,1004,False,2,4,[-6.31042486  0.39281976  3.2116998 ],entering,[-0.62185191  0.08809385  0.93462812]
239.6957368850708,1005,False,4,1,[ 4.60638806 -4.19739384  3.95587085],cruising,[ 0.50568378 -0.03156594 -0.11489306]
239.79069542884827,1000,False,0,2,[2.89308122 8.58543774 1.29755225],waiting,[-0.82138112 -0.19970136 -0.21083176]
239.79069542884827,1001,False,1,5,[ 2.22840964 -3.26019022  4.00003091],cruising,[-0.48080528  0.59740651 -0.20557775]
239.79069542884827,1002,False,3,0,[-0.87320101 -8.01108633  1.28392209],waiting,[ 0.5677905  -0.59831228 -0.99408226]
239.79069542884827,1003,False,5,6,[8.66830964 9.22967051 2.4500848 ],landing,[ 0.63925976  0.24903542 -0.34837281]
239.79069542884827,1004,False,2,4,[-6.21139199  0.56657963  3.2866998 ],entering,[-0.62185191  0.08809385  0.93462812]
239.79069542884827,1005,False,4,1,[ 4.42289937 -4.11782059  3.96249022],cruising,[ 0.50568378 -0.03156594 -0.11489306]
239.88897228240967,1000,False,0,2,[2.89308122 8.58543774 1.29755225],waiting,[-0.82138112 -0.19970136 -0.21083176]
239.88897228240967,1001,False,1,5,[ 2.03911295 -3.19563975  4.00002628],cruising,[-0.48080528  0.59740651 -0.20557775]
239.88897228240967,1002,False,3,0,[-0.87320101 -8.01108633  1.28392209],waiting,[ 0.5677905  -0.59831228 -0.99408226]
239.88897228240967,1003,False,5,6,[8.68729267 9.21652619 2.35278695],landing,[ 0.63925976  0.24903542 -0.34837281]
239.88897228240967,1004,False,2,4,[-6.1185791   0.74373992  3.3616998 ],entering,[-0.62185191  0.08809385  0.93462812]
239.88897228240967,1005,False,4,1,[ 4.23900943 -4.03917906  3.96811669],cruising,[ 0.50568378 -0.03156594 -0.11489306]
239.98806166648865,1000,False,0,2,[2.89308122 8.58543774 1.29755225],waiting,[-0.82138112 -0.19970136 -0.21083176]
239.98806166648865,1001,False,1,5,[ 1.84854054 -3.13495895  4.00002233],cruising,[-0.48080528  0.59740651 -0.20557775]
239.98806166648865,1002,False,3,0,[-0.87320101 -8.01108633  1.28392209],waiting,[ 0.5677905  -0.59831228 -0.99408226]
239.98806166648865,1003,False,5,6,[8.7062757  9.20338188 2.2554891 ],landing,[ 0.63925976  0.24903542 -0.34837281]
239.98806166648865,1004,False,2,4,[-6.03295414  0.92448384  3.4366998 ],entering,[-0.62185191  0.08809385  0.93462812]
239.98806166648865,1005,False,4,1,[ 4.05435999 -3.96233777  3.97289918],cruising,[ 0.50568378 -0.03156594 -0.11489306]
240.09906554222107,1000,False,0,2,[2.89308122 8.58543774 1.29755225],queued,[-0.82138112 -0.19970136 -0.21083176]
240.09906554222107,1001,False,1,5,[ 1.65650836 -3.07906941  4.00001898],cruising,[-0.48080528  0.59740651 -0.20557775]
240.09906554222107,1002,False,3,0,[-0.87320101 -8.01108633  1.28392209],waiting,[ 0.5677905  -0.59831228 -0.99408226]
240.09906554222107,1003,False,5,6,[8.72525872 9.19023757 2.15819125],landing,[ 0.63925976  0.24903542 -0.34837281]
240.09906554222107,1004,False,2,4,[-5.95567175  1.1089491   3.5116998 ],entering,[-0.62185191  0.08809385  0.93462812]
240.09906554222107,1005,False,4,1,[ 3.86949924 -3.88600623  3.97696431],cruising,[ 0.50568378 -0.03156594 -0.11489306]
240.18897604942322,1000,False,0,2,[2.89308122 8.58543774 1.31755225],queued,[-0.82138112 -0.19970136 -0.21083176]
240.18897604942322,1001,False,1,5,[ 1.46282393 -3.02920618  4.00001614],cruising,[-0.48080528  0.59740651 -0.20557775]
240.18897604942322,1002,False,3,0,[-0.87320101 -8.01108633  1.28392209],waiting,[ 0.5677905  -0.59831228 -0.99408226]
240.18897604942322,1003,False,5,6,[8.74424175 9.17709326 2.0608934 ],landing,[ 0.63925976  0.24903542 -0.34837281]
240.18897604942322,1004,False,2,4,[-5.88807912  1.29718097  3.58494483],entering,[-0.62185191  0.08809385  0.93462812]
240.18897604942322,1005,False,4,1,[ 3.68415542 -3.81085528  3.98041966],cruising,[ 0.50568378 -0.03156594 -0.11489306]
240.28808856010437,1000,False,0,2,[2.89308122 8.58543774 1.35755225],queued,[-0.82138112 -0.19970136 -0.21083176]
240.28808856010437,1001,False,1,5,[ 1.2673144  -2.98706328  4.00001372],cruising,[-0.48080528  0.59740651 -0.20557775]
240.28808856010437,1002,False,3,0,[-0.87320101 -8.01108633  1.28392209],waiting,[ 0.5677905  -0.59831228 -0.99408226]
240.28808856010437,1003,False,5,6,[8.76322478 9.16394894 1.96359555],landing,[ 0.63925976  0.24903542 -0.34837281]
240.28808856010437,1004,False,2,4,[-5.83169152  1.48906749  3.64720311],entering,[-0.62185191  0.08809385  0.93462812]
240.28808856010437,1005,False,4,1,[ 3.49861752 -3.73618474  3.98335671],cruising,[ 0.50568378 -0.03156594 -0.11489306]
240.39458680152893,1000,False,0,2,[2.89308122 8.58543774 1.41755225],queued,[-0.82138112 -0.19970136 -0.21083176]
240.39458680152893,1001,False,1,5,[ 1.06989919 -2.95501276  4.00001166],cruising,[-0.48080528  0.59740651 -0.20557775]
240.39458680152893,1002,False,3,0,[-0.87320101 -8.01108633  1.28392209],queued,[ 0.5677905  -0.59831228 -0.99408226]
240.39458680152893,1003,False,5,6,[8.78220781 9.15080463 1.8662977 ],landing,[ 0.63925976  0.24903542 -0.34837281]
240.39458680152893,1004,False,2,4,[-5.78811361  1.68426218  3.70012264],entering,[-0.62185191  0.08809385  0.93462812]
240.39458680152893,1005,False,4,1,[ 3.31271842 -3.66241805  3.98585321],cruising,[ 0.50568378 -0.03156594 -0.11489306]
240.4896411895752,1000,False,0,2,[2.89308122 8.58543774 1.49255225],queued,[-0.82138112 -0.19970136 -0.21083176]
240.4896411895752,1001,False,1,5,[ 0.87030886 -2.94284361  4.0000099 ],cruising,[-0.48080528  0.59740651 -0.20557775]
240.4896411895752,1002,False,3,0,[-0.87320101 -8.01108633  1.30392209],queued,[ 0.5677905  -0.59831228 -0.99408226]
240.4896411895752,1003,False,5,6,[8.80119084 9.13766032 1.76899985],landing,[ 0.63925976  0.24903542 -0.34837281]
240.4896411895752,1004,False,2,4,[-5.75888228  1.88211447  3.74510425],entering,[-0.62185191  0.08809385  0.93462812]
240.4896411895752,1005,False,4,1,[ 3.12652981 -3.58938517  3.98797522],cruising,[ 0.50568378 -0.03156594 -0.11489306]
240.59501719474792,1000,False,0,2,[2.89308122 8.58543774 1.56755225],queued,[-0.82138112 -0.19970136 -0.21083176]
240.59501719474792,1001,False,1,5,[ 0.67031032 -2.9420813   4.00000841],cruising,[-0.48080528  0.59740651 -0.20557775]
240.59501719474792,1002,False,3,0,[-0.87320101 -8.01108633  1.34392209],queued,[ 0.5677905  -0.59831228 -0.99408226]
240.59501719474792,1003,False,5,6,[8.82017387 9.124516   1.671702  ],landing,[ 0.63925976  0.24903542 -0.34837281]
240.59501719474792,1004,False,2,4,[-5.74522525  2.08164764  3.78333861],entering,[-0.62185191  0.08809385  0.93462812]
240.59501719474792,1005,False,4,1,[ 2.94000352 -3.5172191   3.98977894],cruising,[ 0.50568378 -0.03156594 -0.11489306]
240.68808150291443,1000,False,0,2,[2.89308122 8.58543774 1.64255225],queued,[-0.82138112 -0.19970136 -0.21083176]
240.68808150291443,1001,False,1,5,[ 0.47086198 -2.95692592  4.00000715],cruising,[-0.48080528  0.59740651 -0.20557775]
240.68808150291443,1002,False,3,0,[-0.87320101 -8.01108633  1.40392209],queued,[ 0.5677905  -0.59831228 -0.99408226]
240.68808150291443,1003,False,5,6,[8.8391569  9.11137169 1.57440415],landing,[ 0.63925976  0.24903542 -0.34837281]
240.68808150291443,1004,False,2,4,[-5.74692367  2.28164043  3.81583782],entering,[-0.62185191  0.08809385  0.93462812]
240.68808150291443,1005,False,4,1,[ 2.75300833 -3.44627688  3.9913121 ],cruising,[ 0.50568378 -0.03156594 -0.11489306]
240.80143642425537,1000,False,0,2,[2.89308122 8.58543774 1.71755225],queued,[-0.82138112 -0.19970136 -0.21083176]
240.80143642425537,1001,False,1,5,[ 0.27308803 -2.98668265  4.00000608],cruising,[-0.48080528  0.59740651 -0.20557775]
240.80143642425537,1002,False,3,0,[-0.87320101 -8.01108633  1.47892209],queued,[ 0.5677905  -0.59831228 -0.99408226]
240.80143642425537,1003,False,5,6,[8.85813993 9.09822738 1.4771063 ],fake_landed,[ 0.63925976  0.24903542 -0.34837281]
240.80143642425537,1004,False,2,4,[-5.76462918  2.48085518  3.84346214],cruising,[-0.62185191  0.08809385  0.93462812]
240.80143642425537,1005,False,4,1,[ 2.56539681 -3.376981    3.99261528],cruising,[ 0.50568378 -0.03156594 -0.11489306]
240.89202165603638,1000,False,0,2,[2.89308122 8.58543774 1.79255225],queued,[-0.82138112 -0.19970136 -0.21083176]
240.89202165603638,1001,False,1,5,[ 0.07893204 -3.03467695  4.00000517],cruising,[-0.48080528  0.59740651 -0.20557775]
240.89202165603638,1002,False,3,0,[-0.87320101 -8.01108633  1.55392209],queued,[ 0.5677905  -0.59831228 -0.99408226]
240.89202165603638,1003,False,5,6,[8.87332635 9.08771193 1.39926802],fake_landed,[ 0.63925976  0.24903542 -0.34837281]
240.89202165603638,1004,False,2,4,[-5.79614963  2.67835571  3.86694282],cruising,[-0.62185191  0.08809385  0.93462812]
240.89202165603638,1005,False,4,1,[ 2.37734485 -3.30888944  3.99372299],cruising,[ 0.50568378 -0.03156594 -0.11489306]
241.00120520591736,1000,False,0,2,[2.89308122 8.58543774 1.86755225],queued,[-0.82138112 -0.19970136 -0.21083176]
241.00120520591736,1001,False,1,5,[-0.11199589 -3.09422965  4.00000439],cruising,[-0.48080528  0.59740651 -0.20557775]
241.00120520591736,1002,False,3,0,[-0.87320101 -8.01108633  1.62892209],queued,[ 0.5677905  -0.59831228 -0.99408226]
241.00120520591736,1003,False,5,6,[8.88471617 9.07982534 1.34088931],fake_landed,[ 0.63925976  0.24903542 -0.34837281]
241.00120520591736,1004,False,2,4,[-5.8409144   2.87328163  3.8869014 ],cruising,[-0.62185191  0.08809385  0.93462812]
241.00120520591736,1005,False,4,1,[ 2.1883913  -3.24334132  3.99466454],cruising,[ 0.50568378 -0.03156594 -0.11489306]
241.08812618255615,1000,False,0,2,[2.89308122 8.58543774 1.94255225],queued,[-0.82138112 -0.19970136 -0.21083176]
241.08812618255615,1001,False,1,5,[-0.2994088  -3.1640609   4.00000373],cruising,[-0.48080528  0.59740651 -0.20557775]
241.08812618255615,1002,False,3,0,[-0.87320101 -8.01108633  1.70392209],queued,[ 0.5677905  -0.59831228 -0.99408226]
241.08812618255615,1003,False,5,6,[8.89230938 9.07456762 1.30197017],fake_landed,[ 0.63925976  0.24903542 -0.34837281]
241.08812618255615,1004,False,2,4,[-5.89523557  3.06576335  3.90386619],cruising,[-0.62185191  0.08809385  0.93462812]
241.08812618255615,1005,False,4,1,[ 1.99836078 -3.18098427  3.99546486],cruising,[ 0.50568378 -0.03156594 -0.11489306]
241.1908097267151,1000,False,0,2,[2.89308122 8.58543774 2.01755225],queued,[-0.82138112 -0.19970136 -0.21083176]
241.1908097267151,1001,False,1,5,[-0.48225039 -3.24510997  4.00000317],cruising,[-0.48080528  0.59740651 -0.20557775]
241.1908097267151,1002,False,3,0,[-0.87320101 -8.01108633  1.77892209],queued,[ 0.5677905  -0.59831228 -0.99408226]
241.1908097267151,1003,False,5,6,[8.89610599 9.07193875 1.2825106 ],fake_landed,[ 0.63925976  0.24903542 -0.34837281]
241.1908097267151,1004,False,2,4,[-5.95667506  3.25609251  3.91828626],cruising,[-0.62185191  0.08809385  0.93462812]
241.1908097267151,1005,False,4,1,[ 1.80768013 -3.1206445   3.99614513],cruising,[ 0.50568378 -0.03156594 -0.11489306]
241.28736758232117,1000,False,0,2,[2.89308122 8.58543774 2.09255225],queued,[-0.82138112 -0.19970136 -0.21083176]
241.28736758232117,1001,False,1,5,[-0.66169957 -3.3334162   4.0000027 ],cruising,[-0.48080528  0.59740651 -0.20557775]
241.28736758232117,1002,False,3,0,[-0.87320101 -8.01108633  1.85392209],entering,[ 0.5677905  -0.59831228 -0.99408226]
241.28736758232117,1003,False,5,6,[8.89610599 9.07193875 1.2825106 ],fake_landed,[ 0.63925976  0.24903542 -0.34837281]
241.28736758232117,1004,False,2,4,[-6.02284203  3.44483024  3.93054332],cruising,[-0.62185191  0.08809385  0.93462812]
241.28736758232117,1005,False,4,1,[ 1.61551311 -3.06522034  3.99672336],cruising,[ 0.50568378 -0.03156594 -0.11489306]
241.39143061637878,1000,False,0,2,[2.89308122 8.58543774 2.16755225],queued,[-0.82138112 -0.19970136 -0.21083176]
241.39143061637878,1001,False,1,5,[-0.83958213 -3.42483719  4.00000229],cruising,[-0.48080528  0.59740651 -0.20557775]
241.39143061637878,1002,False,3,0,[-0.87969246 -7.99216911  1.92892209],entering,[ 0.5677905  -0.59831228 -0.99408226]
241.39143061637878,1003,False,6,3,[8.89610599 9.07193875 1.2825106 ],waiting,[ 0.63925976  0.24903542 -0.34837281]
241.39143061637878,1004,False,2,4,[-6.09146035  3.63269063  3.94096182],cruising,[-0.62185191  0.08809385  0.93462812]
241.39143061637878,1005,False,4,1,[ 1.42166954 -3.0159794   3.99721486],cruising,[ 0.50568378 -0.03156594 -0.11489306]
241.49153470993042,1000,False,0,2,[2.89308122 8.58543774 2.24255225],queued,[-0.82138112 -0.19970136 -0.21083176]
241.49153470993042,1001,False,1,5,[-1.01826776 -3.5146784   4.00000195],cruising,[-0.48080528  0.59740651 -0.20557775]
241.49153470993042,1002,False,3,0,[-0.89267536 -7.95433468  2.00392209],entering,[ 0.5677905  -0.59831228 -0.99408226]
241.49153470993042,1003,False,6,3,[8.89610599 9.07193875 1.2825106 ],waiting,[ 0.63925976  0.24903542 -0.34837281]
241.49153470993042,1004,False,2,4,[-6.16035325  3.8204505   3.94981755],cruising,[-0.62185191  0.08809385  0.93462812]
241.49153470993042,1005,False,4,1,[ 1.2259848  -2.9746577   3.99763263],cruising,[ 0.50568378 -0.03156594 -0.11489306]
241.5875198841095,1000,False,0,2,[2.89308122 8.58543774 2.31755225],queued,[-0.82138112 -0.19970136 -0.21083176]
241.5875198841095,1001,False,1,5,[-1.20161665 -3.59457325  4.00000166],cruising,[-0.48080528  0.59740651 -0.20557775]
241.5875198841095,1002,False,3,0,[-0.91214971 -7.89758303  2.07892209],entering,[ 0.5677905  -0.59831228 -0.99408226]
241.5875198841095,1003,False,6,3,[8.89610599 9.07193875 1.2825106 ],waiting,[ 0.63925976  0.24903542 -0.34837281]
241.5875198841095,1004,False,2,4,[-6.22737282  4.00888717  3.95734492],cruising,[-0.62185191  0.08809385  0.93462812]
241.5875198841095,1005,False,4,1,[ 1.02757506 -2.9494868   3.99798774],cruising,[ 0.50568378 -0.03156594 -0.11489306]
241.68934059143066,1000,False,0,2,[2.89308122 8.58543774 2.39255225],entering,[-0.82138112 -0.19970136 -0.21083176]
241.68934059143066,1001,False,1,5,[-1.39186536 -3.65569598  4.0000014 ],cruising,[-0.48080528  0.59740651 -0.20557775]
241.68934059143066,1002,False,3,0,[-0.93811552 -7.82191416  2.15392209],entering,[ 0.5677905  -0.59831228 -0.99408226]
241.68934059143066,1003,False,6,3,[8.89610599 9.07193875 1.2825106 ],waiting,[ 0.63925976  0.24903542 -0.34837281]
241.68934059143066,1004,False,2,4,[-6.29029354  4.19873179  3.96374318],cruising,[-0.62185191  0.08809385  0.93462812]
241.68934059143066,1005,False,4,1,[ 0.82787225 -2.93858781  3.99828957],cruising,[ 0.50568378 -0.03156594 -0.11489306]
241.79803919792175,1000,False,0,2,[2.8894679  8.56576685 2.46755225],entering,[-0.82138112 -0.19970136 -0.21083176]
241.79803919792175,1001,False,1,5,[-1.58586879 -3.69717431  4.00000116],cruising,[-0.48080528  0.59740651 -0.20557775]
241.79803919792175,1002,False,3,0,[-0.97057277 -7.72732808  2.22892209],entering,[ 0.5677905  -0.59831228 -0.99408226]
241.79803919792175,1003,False,6,3,[8.89610599 9.07193875 1.2825106 ],waiting,[ 0.63925976  0.24903542 -0.34837281]
241.79803919792175,1004,False,2,4,[-6.34667851  4.39061909  3.9691817 ],cruising,[-0.62185191  0.08809385  0.93462812]
241.79803919792175,1005,False,4,1,[ 0.62793411 -2.94356204  3.99854614],cruising,[ 0.50568378 -0.03156594 -0.11489306]
241.89562106132507,1000,False,0,2,[2.88226579 8.52642058 2.54255225],entering,[-0.82138112 -0.19970136 -0.21083176]
241.89562106132507,1001,False,1,5,[-1.78052134 -3.71866319  4.00000094],cruising,[-0.48080528  0.59740651 -0.20557775]
241.89562106132507,1002,False,3,0,[-1.00952147 -7.61382478  2.30392209],entering,[ 0.5677905  -0.59831228 -0.99408226]
241.89562106132507,1003,False,6,3,[8.89610599 9.07193875 1.2825106 ],waiting,[ 0.63925976  0.24903542 -0.34837281]
241.89562106132507,1004,False,2,4,[-6.38749696  4.58640942  3.97380445],cruising,[-0.62185191  0.08809385  0.93462812]
241.89562106132507,1005,False,4,1,[ 0.42892693 -2.96346535  3.99876422],cruising,[ 0.50568378 -0.03156594 -0.11489306]
241.9902105331421,1000,False,0,2,[2.87172108 8.46735561 2.61755225],entering,[-0.82138112 -0.19970136 -0.21083176]
241.9902105331421,1001,False,1,5,[-1.97282929 -3.72028996  4.00000073],cruising,[-0.48080528  0.59740651 -0.20557775]
241.9902105331421,1002,False,3,0,[-1.05496162 -7.48140427  2.37892209],entering,[ 0.5677905  -0.59831228 -0.99408226]
241.9902105331421,1003,False,6,3,[8.89610599 9.07193875 1.2825106 ],waiting,[ 0.63925976  0.24903542 -0.34837281]
241.9902105331421,1004,False,2,4,[-6.41525802  4.78447336  3.97773378],cruising,[-0.62185191  0.08809385  0.93462812]
241.9902105331421,1005,False,4,1,[ 0.23186976 -2.99764826  3.99894959],cruising,[ 0.50568378 -0.03156594 -0.11489306]
242.1009020805359,1000,False,0,2,[2.85800998 8.38854288 2.69255225],entering,[-0.82138112 -0.19970136 -0.21083176]
242.1009020805359,1001,False,1,5,[-2.15990207 -3.70261408  4.00000054],cruising,[-0.48080528  0.59740651 -0.20557775]
242.1009020805359,1002,False,3,0,[-1.10689322 -7.33006654  2.45392209],entering,[ 0.5677905  -0.59831228 -0.99408226]
242.1009020805359,1003,False,6,3,[8.89610599 9.07193875 1.2825106 ],waiting,[ 0.63925976  0.24903542 -0.34837281]
242.1009020805359,1004,False,2,4,[-6.42307173  4.98392462  3.98124076],cruising,[-0.62185191  0.08809385  0.93462812]
242.1009020805359,1005,False,4,1,[ 0.03760645 -3.0452063   3.99910715],cruising,[ 0.50568378 -0.03156594 -0.11489306]
242.19746780395508,1000,False,0,2,[2.84137062 8.28994569 2.76755225],entering,[-0.82138112 -0.19970136 -0.21083176]
242.19746780395508,1001,False,1,5,[-2.33941566 -3.66642174  4.00000035],cruising,[-0.48080528  0.59740651 -0.20557775]
242.19746780395508,1002,False,3,0,[-1.16531627 -7.15981159  2.52892209],entering,[ 0.5677905  -0.59831228 -0.99408226]
242.19746780395508,1003,False,6,3,[8.89610599 9.07193875 1.2825106 ],waiting,[ 0.63925976  0.24903542 -0.34837281]
242.19746780395508,1004,False,2,4,[-6.41093051  5.18206868  3.98444411],cruising,[-0.62185191  0.08809385  0.93462812]
242.19746780395508,1005,False,4,1,[-0.15208289 -3.10859363  3.99924108],cruising,[ 0.50568378 -0.03156594 -0.11489306]
242.2890408039093,1000,False,0,2,[2.82272969 8.1714489  2.84255225],entering,[-0.82138112 -0.19970136 -0.21083176]
242.2890408039093,1001,False,1,5,[-2.50917721 -3.61276809  4.00000018],cruising,[-0.48080528  0.59740651 -0.20557775]
242.2890408039093,1002,False,3,0,[-1.23148434 -6.97111716  2.60392209],entering,[ 0.5677905  -0.59831228 -0.99408226]
242.2890408039093,1003,False,6,3,[8.89610599 9.07193875 1.2825106 ],waiting,[ 0.63925976  0.24903542 -0.34837281]
242.2890408039093,1004,False,2,4,[-6.37916875  5.37634451  3.98738085],cruising,[-0.62185191  0.08809385  0.93462812]
242.2890408039093,1005,False,4,1,[-0.33833623 -3.18146127  3.99935491],cruising,[ 0.50568378 -0.03156594 -0.11489306]
242.3897500038147,1000,False,0,2,[2.80326557 8.03296906 2.91755225],entering,[-0.82138112 -0.19970136 -0.21083176]
242.3897500038147,1001,False,1,5,[-2.6671897  -3.54292927  4.00000003],cruising,[-0.48080528  0.59740651 -0.20557775]
242.3897500038147,1002,False,3,0,[-1.29766826 -6.78238537  2.67892209],entering,[ 0.5677905  -0.59831228 -0.99408226]
242.3897500038147,1003,False,6,3,[8.89610599 9.07193875 1.2825106 ],waiting,[ 0.63925976  0.24903542 -0.34837281]
242.3897500038147,1004,False,2,4,[-6.32841362  5.5643603   3.99006485],cruising,[-0.62185191  0.08809385  0.93462812]
242.3897500038147,1005,False,4,1,[-0.52027677 -3.26451329  3.99945168],cruising,[ 0.50568378 -0.03156594 -0.11489306]
242.50292873382568,1000,False,0,2,[2.78475716 7.87451207 2.99255225],entering,[-0.82138112 -0.19970136 -0.21083176]
242.50292873382568,1001,False,1,5,[-2.81177227 -3.45827029  3.99999989],cruising,[-0.48080528  0.59740651 -0.20557775]
242.50292873382568,1002,False,3,0,[-1.36385219 -6.59365358  2.75392209],entering,[ 0.5677905  -0.59831228 -0.99408226]
242.50292873382568,1003,False,6,3,[8.89610599 9.07193875 1.2825106 ],waiting,[ 0.63925976  0.24903542 -0.34837281]
242.50292873382568,1004,False,2,4,[-6.25955334  5.74388242  3.99250162],cruising,[-0.62185191  0.08809385  0.93462812]
242.50292873382568,1005,False,4,1,[-0.69923757 -3.35380513  3.99953393],cruising,[ 0.50568378 -0.03156594 -0.11489306]
242.5893211364746,1000,False,0,2,[2.76879944 7.69621839 3.06755225],entering,[-0.82138112 -0.19970136 -0.21083176]
242.5893211364746,1001,False,1,5,[-2.94146795 -3.36025538  3.99999977],cruising,[-0.48080528  0.59740651 -0.20557775]
242.5893211364746,1002,False,3,0,[-1.43081405 -6.4051964   2.82892209],entering,[ 0.5677905  -0.59831228 -0.99408226]
242.5893211364746,1003,False,6,3,[8.89610599 9.07193875 1.2825106 ],waiting,[ 0.63925976  0.24903542 -0.34837281]
242.5893211364746,1004,False,2,4,[-6.17362479  5.91298315  3.99467605],cruising,[-0.62185191  0.08809385  0.93462812]
242.5893211364746,1005,False,4,1,[-0.87716971 -3.44512958  3.99960384],cruising,[ 0.50568378 -0.03156594 -0.11489306]
242.68787169456482,1000,False,0,2,[2.76297441 7.5006815  3.14255225],entering,[-0.82138112 -0.19970136 -0.21083176]
242.68787169456482,1001,False,1,5,[-3.05497237 -3.25049984  3.99999966],cruising,[-0.48080528  0.59740651 -0.20557775]
242.68787169456482,1002,False,3,0,[-1.49831304 -6.21693093  2.90392209],entering,[ 0.5677905  -0.59831228 -0.99408226]
242.68787169456482,1003,False,6,3,[8.89610599 9.07193875 1.2825106 ],waiting,[ 0.63925976  0.24903542 -0.34837281]
242.68787169456482,1004,False,2,4,[-6.07178624  6.06996759  3.99659112],cruising,[-0.62185191  0.08809385  0.93462812]
242.68787169456482,1005,False,4,1,[-1.05653801 -3.53359997  3.99966326],cruising,[ 0.50568378 -0.03156594 -0.11489306]
242.7934594154358,1000,False,0,2,[2.76794265 7.30074322 3.21755225],entering,[-0.82138112 -0.19970136 -0.21083176]
242.7934594154358,1001,False,1,5,[-3.15118337 -3.13069749  3.99999957],cruising,[-0.48080528  0.59740651 -0.20557775]
242.7934594154358,1002,False,3,0,[-1.56581203 -6.02866546  2.97892209],entering,[ 0.5677905  -0.59831228 -0.99408226]
242.7934594154358,1003,False,6,3,[8.89610599 9.07193875 1.2825106 ],waiting,[ 0.63925976  0.24903542 -0.34837281]
242.7934594154358,1004,False,2,4,[-5.95493719  6.21373799  3.9982336 ],cruising,[-0.62185191  0.08809385  0.93462812]
242.7934594154358,1005,False,4,1,[-1.24136668 -3.61000916  3.99971377],cruising,[ 0.50568378 -0.03156594 -0.11489306]
242.89004278182983,1000,False,0,2,[2.7864957  7.10160562 3.29255225],entering,[-0.82138112 -0.19970136 -0.21083176]
242.89004278182983,1001,False,1,5,[-3.22947924 -3.00200426  3.9999995 ],cruising,[-0.48080528  0.59740651 -0.20557775]
242.89004278182983,1002,False,3,0,[-1.63458717 -5.84086242  3.05392209],entering,[ 0.5677905  -0.59831228 -0.99408226]
242.89004278182983,1003,False,6,3,[8.89610599 9.07193875 1.2825106 ],waiting,[ 0.63925976  0.24903542 -0.34837281]
242.89004278182983,1004,False,2,4,[-5.82396816  6.34334698  3.99959233],cruising,[-0.62185191  0.08809385  0.93462812]
242.89004278182983,1005,False,4,1,[-1.43260144 -3.66747205  3.99975854],cruising,[ 0.50568378 -0.03156594 -0.11489306]
242.99146389961243,1000,False,0,2,[2.82190669 6.90476542 3.36755225],entering,[-0.82138112 -0.19970136 -0.21083176]
242.99146389961243,1001,False,1,5,[-3.28949326 -2.86520092  3.99999945],cruising,[-0.48080528  0.59740651 -0.20557775]
242.99146389961243,1002,False,3,0,[-1.7033623  -5.65305939  3.12892209],entering,[ 0.5677905  -0.59831228 -0.99408226]
242.99146389961243,1003,False,6,3,[8.89610599 9.07193875 1.2825106 ],waiting,[ 0.63925976  0.24903542 -0.34837281]
242.99146389961243,1004,False,2,4,[-5.67972582  6.45799825  4.00065761],cruising,[-0.62185191  0.08809385  0.93462812]
242.99146389961243,1005,False,4,1,[-1.62699337 -3.70518571  3.99980025],cruising,[ 0.50568378 -0.03156594 -0.11489306]
243.10215544700623,1000,False,0,2,[2.86924744 6.71044905 3.44255225],entering,[-0.82138112 -0.19970136 -0.21083176]
243.10215544700623,1001,False,1,5,[-3.33105083 -2.72069307  3.99999942],cruising,[-0.48080528  0.59740651 -0.20557775]
243.10215544700623,1002,False,3,0,[-1.77327865 -5.46567822  3.20392209],entering,[ 0.5677905  -0.59831228 -0.99408226]
243.10215544700623,1003,False,6,3,[8.89610599 9.07193875 1.2825106 ],waiting,[ 0.63925976  0.24903542 -0.34837281]
243.10215544700623,1004,False,2,4,[-5.52297943  6.55704321  4.00142086],cruising,[-0.62185191  0.08809385  0.93462812]
243.10215544700623,1005,False,4,1,[-1.82135962 -3.72289939  3.99983946],cruising,[ 0.50568378 -0.03156594 -0.11489306]
243.1927170753479,1000,False,0,2,[2.93275583 6.5208002  3.51755225],entering,[-0.82138112 -0.19970136 -0.21083176]
243.1927170753479,1001,False,1,5,[-3.35407871 -2.56865854  3.9999994 ],cruising,[-0.48080528  0.59740651 -0.20557775]
243.1927170753479,1002,False,3,0,[-1.84273055 -5.2781244   3.27892209],entering,[ 0.5677905  -0.59831228 -0.99408226]
243.1927170753479,1003,False,6,3,[8.89610599 9.07193875 1.2825106 ],waiting,[ 0.63925976  0.24903542 -0.34837281]
243.1927170753479,1004,False,2,4,[-5.35441519  6.6399561   4.00187572],cruising,[-0.62185191  0.08809385  0.93462812]
243.1927170753479,1005,False,4,1,[-2.0126946  -3.72084411  3.99987634],cruising,[ 0.50568378 -0.03156594 -0.11489306]
243.3018081188202,1000,False,0,2,[3.00896068 6.3358872  3.58991942],entering,[-0.82138112 -0.19970136 -0.21083176]
243.3018081188202,1001,False,1,5,[-3.35858044 -2.40908867  3.99999941],cruising,[-0.48080528  0.59740651 -0.20557775]
243.3018081188202,1002,False,3,0,[-1.913651   -5.09112095  3.35392209],entering,[ 0.5677905  -0.59831228 -0.99408226]
243.3018081188202,1003,False,6,3,[8.89610599 9.07193875 1.2825106 ],waiting,[ 0.63925976  0.24903542 -0.34837281]
243.3018081188202,1004,False,2,4,[-5.17488562  6.70614558  4.00203212],cruising,[-0.62185191  0.08809385  0.93462812]
243.3018081188202,1005,False,4,1,[-2.19836366 -3.69960819  3.9999109 ],cruising,[ 0.50568378 -0.03156594 -0.11489306]
243.39799213409424,1000,False,0,2,[3.10061212 6.15815229 3.6518043 ],entering,[-0.82138112 -0.19970136 -0.21083176]
243.39799213409424,1001,False,1,5,[-3.34488031 -2.24123069  3.99999944],cruising,[-0.48080528  0.59740651 -0.20557775]
243.39799213409424,1002,False,3,0,[-1.9851908  -4.90435356  3.42892209],entering,[ 0.5677905  -0.59831228 -0.99408226]
243.39799213409424,1003,False,6,3,[8.89610599 9.07193875 1.2825106 ],waiting,[ 0.63925976  0.24903542 -0.34837281]
243.39799213409424,1004,False,2,4,[-4.98441059  6.75559891  4.00187503],cruising,[-0.62185191  0.08809385  0.93462812]
243.39799213409424,1005,False,4,1,[-2.37596811 -3.6600703   3.99994307],cruising,[ 0.50568378 -0.03156594 -0.11489306]
243.49105143547058,1000,False,0,2,[3.20642426 5.9884355  3.70403366],entering,[-0.82138112 -0.19970136 -0.21083176]
243.49105143547058,1001,False,1,5,[-3.31402265 -2.06309561  3.9999995 ],cruising,[-0.48080528  0.59740651 -0.20557775]
243.49105143547058,1002,False,3,0,[-2.05699303 -4.71768691  3.50392209],entering,[ 0.5677905  -0.59831228 -0.99408226]
243.49105143547058,1003,False,6,3,[8.89610599 9.07193875 1.2825106 ],waiting,[ 0.63925976  0.24903542 -0.34837281]
243.49105143547058,1004,False,2,4,[-4.78944632  6.80019637  4.00159377],cruising,[-0.62185191  0.08809385  0.93462812]
243.49105143547058,1005,False,4,1,[-2.54332543 -3.60335695  3.99997279],cruising,[ 0.50568378 -0.03156594 -0.11489306]
243.5999574661255,1000,False,0,2,[3.327454   5.82924814 3.74867648],entering,[-0.82138112 -0.19970136 -0.21083176]
243.5999574661255,1001,False,1,5,[-3.27156103 -1.86867101  3.99999957],cruising,[-0.48080528  0.59740651 -0.20557775]
243.5999574661255,1002,False,3,0,[-2.12868716 -4.53097871  3.57833378],entering,[ 0.5677905  -0.59831228 -0.99408226]
243.5999574661255,1003,False,6,3,[8.89610599 9.07193875 1.2825106 ],waiting,[ 0.63925976  0.24903542 -0.34837281]
243.5999574661255,1004,False,2,4,[-4.59534357  6.84840552  4.00135471],cruising,[-0.62185191  0.08809385  0.93462812]
243.5999574661255,1005,False,4,1,[-2.69859239 -3.53071177  3.99999993],cruising,[ 0.50568378 -0.03156594 -0.11489306]
243.69053196907043,1000,False,0,2,[3.46265541 5.68186911 3.786375  ],entering,[-0.82138112 -0.19970136 -0.21083176]
243.69053196907043,1001,False,1,5,[-3.24478198 -1.67047191  3.99999964],cruising,[-0.48080528  0.59740651 -0.20557775]
243.69053196907043,1002,False,3,0,[-2.19873929 -4.34364826  3.64158371],entering,[ 0.5677905  -0.59831228 -0.99408226]
243.69053196907043,1003,False,6,3,[8.89610599 9.07193875 1.2825106 ],queued,[ 0.63925976  0.24903542 -0.34837281]
243.69053196907043,1004,False,2,4,[-4.40178841  6.8987682   4.0011515 ],cruising,[-0.62185191  0.08809385  0.93462812]
243.69053196907043,1005,False,4,1,[-2.84015048 -3.44350407  4.00002435],cruising,[ 0.50568378 -0.03156594 -0.11489306]
243.80082201957703,1000,False,0,2,[3.61137192 5.54820075 3.81865512],entering,[-0.82138112 -0.19970136 -0.21083176]
243.80082201957703,1001,False,1,5,[-3.23443134 -1.47073993  3.99999969],cruising,[-0.48080528  0.59740651 -0.20557775]
243.80082201957703,1002,False,3,0,[-2.2634221  -4.15439675  3.69534615],entering,[ 0.5677905  -0.59831228 -0.99408226]
243.80082201957703,1003,False,6,3,[8.89610599 9.07193875 1.3025106 ],queued,[ 0.63925976  0.24903542 -0.34837281]
243.80082201957703,1004,False,2,4,[-4.20846257  6.95000412  4.00097878],cruising,[-0.62185191  0.08809385  0.93462812]
243.80082201957703,1005,False,4,1,[-2.96654378 -3.34325685  4.00004592],cruising,[ 0.50568378 -0.03156594 -0.11489306]
243.8923954963684,1000,False,0,2,[3.77234019 5.42950792 3.84587278],cruising,[-0.82138112 -0.19970136 -0.21083176]
243.8923954963684,1001,False,1,5,[-3.23992818 -1.27081549  3.99999974],cruising,[-0.48080528  0.59740651 -0.20557775]
243.8923954963684,1002,False,3,0,[-2.3259509  -3.96442267  3.74104423],entering,[ 0.5677905  -0.59831228 -0.99408226]
243.8923954963684,1003,False,6,3,[8.89610599 9.07193875 1.3425106 ],queued,[ 0.63925976  0.24903542 -0.34837281]
243.8923954963684,1004,False,2,4,[-4.01444673  6.99856186  4.00083196],cruising,[-0.62185191  0.08809385  0.93462812]
243.8923954963684,1005,False,4,1,[-3.0765402  -3.23155789  4.00006447],cruising,[ 0.50568378 -0.03156594 -0.11489306]
244.00086069107056,1000,False,0,2,[3.94380884 5.32655889 3.86899186],cruising,[-0.82138112 -0.19970136 -0.21083176]
244.00086069107056,1001,False,1,5,[-3.25925054 -1.07175106  3.99999978],cruising,[-0.48080528  0.59740651 -0.20557775]
244.00086069107056,1002,False,3,0,[-2.38763203 -3.77417168  3.7798876 ],entering,[ 0.5677905  -0.59831228 -0.99408226]
244.00086069107056,1003,False,6,3,[8.89610599 9.07193875 1.4025106 ],queued,[ 0.63925976  0.24903542 -0.34837281]
244.00086069107056,1004,False,2,4,[-3.82026758  7.04646237  4.00070717],cruising,[-0.62185191  0.08809385  0.93462812]
244.00086069107056,1005,False,4,1,[-3.16905114 -3.11015029  4.0000798 ],cruising,[ 0.50568378 -0.03156594 -0.11489306]
244.08892607688904,1000,False,0,2,[4.12311509 5.2379628  3.88864309],cruising,[-0.82138112 -0.19970136 -0.21083176]
244.08892607688904,1001,False,1,5,[-3.29213334 -0.87447277  3.99999981],cruising,[-0.48080528  0.59740651 -0.20557775]
244.08892607688904,1002,False,3,0,[-2.44879618 -3.58375386  3.81290446],cruising,[ 0.5677905  -0.59831228 -0.99408226]
244.08892607688904,1003,False,6,3,[8.89610599 9.07193875 1.4775106 ],queued,[ 0.63925976  0.24903542 -0.34837281]
244.08892607688904,1004,False,2,4,[-3.62570676  7.09278824  4.00060109],cruising,[-0.62185191  0.08809385  0.93462812]
244.08892607688904,1005,False,4,1,[-3.24353663 -2.98007761  4.0000918 ],cruising,[ 0.50568378 -0.03156594 -0.11489306]
244.18926119804382,1000,False,0,2,[4.30854476 5.16302391 3.90534662],cruising,[-0.82138112 -0.19970136 -0.21083176]
244.18926119804382,1001,False,1,5,[-3.33746582 -0.6796781   3.99999984],cruising,[-0.48080528  0.59740651 -0.20557775]
244.18926119804382,1002,False,3,0,[-2.50407452 -3.39154485  3.84096879],cruising,[ 0.5677905  -0.59831228 -0.99408226]
244.18926119804382,1003,False,6,3,[8.89610599 9.07193875 1.5525106 ],entering,[ 0.63925976  0.24903542 -0.34837281]
244.18926119804382,1004,False,2,4,[-3.43006727  7.13432367  4.00051093],cruising,[-0.62185191  0.08809385  0.93462812]
244.18926119804382,1005,False,4,1,[-3.2997373  -2.84190152  4.00010033],cruising,[ 0.50568378 -0.03156594 -0.11489306]
244.2980375289917,1000,False,0,2,[4.49822619 5.09961289 3.91954463],cruising,[-0.82138112 -0.19970136 -0.21083176]
244.2980375289917,1001,False,1,5,[-3.39427298 -0.48791536  3.99999986],cruising,[-0.48080528  0.59740651 -0.20557775]
244.2980375289917,1002,False,3,0,[-2.5496506  -3.19680702  3.86482347],cruising,[ 0.5677905  -0.59831228 -0.99408226]
244.2980375289917,1003,False,6,3,[8.89187838 9.05239067 1.6275106 ],entering,[ 0.63925976  0.24903542 -0.34837281]
244.2980375289917,1004,False,2,4,[-3.23387188  7.17314851  4.00043429],cruising,[-0.62185191  0.08809385  0.93462812]
244.2980375289917,1005,False,4,1,[-3.33748992 -2.69600086  4.00010528],cruising,[ 0.50568378 -0.03156594 -0.11489306]
244.39001441001892,1000,False,0,2,[4.69074596 5.04542675 3.93161293],cruising,[-0.82138112 -0.19970136 -0.21083176]
244.39001441001892,1001,False,1,5,[-3.45990237 -0.29899002  3.99999988],cruising,[-0.48080528  0.59740651 -0.20557775]
244.39001441001892,1002,False,3,0,[-2.59369423 -3.00171689  3.88509995],cruising,[ 0.5677905  -0.59831228 -0.99408226]
244.39001441001892,1003,False,6,3,[8.88342317 9.01329452 1.7025106 ],entering,[ 0.63925976  0.24903542 -0.34837281]
244.39001441001892,1004,False,2,4,[-3.03701637  7.20847422  4.00036914],cruising,[-0.62185191  0.08809385  0.93462812]
244.39001441001892,1005,False,4,1,[-3.35667386 -2.54267023  4.00010659],cruising,[ 0.50568378 -0.03156594 -0.11489306]
244.50174689292908,1000,False,0,2,[4.88522557 4.99876112 3.94187099],cruising,[-0.82138112 -0.19970136 -0.21083176]
244.50174689292908,1001,False,1,5,[-3.53580654 -0.11395339  3.9999999 ],cruising,[-0.48080528  0.59740651 -0.20557775]
244.50174689292908,1002,False,3,0,[-2.63696194 -2.80645321  3.90233496],cruising,[ 0.5677905  -0.59831228 -0.99408226]
244.50174689292908,1003,False,6,3,[8.87074036 8.95465028 1.7775106 ],entering,[ 0.63925976  0.24903542 -0.34837281]
244.50174689292908,1004,False,2,4,[-2.83902209  7.23672786  4.00031377],cruising,[-0.62185191  0.08809385  0.93462812]
244.50174689292908,1005,False,4,1,[-3.35739634 -2.38164709  4.00010414],cruising,[ 0.50568378 -0.03156594 -0.11489306]
244.58734440803528,1000,False,0,2,[5.0808523  4.95716567 3.95059035],cruising,[-0.82138112 -0.19970136 -0.21083176]
244.58734440803528,1001,False,1,5,[-3.62231563  0.06636904  3.99999992],cruising,[-0.48080528  0.59740651 -0.20557775]
244.58734440803528,1002,False,3,0,[-2.67744751 -2.61059377  3.91698471],cruising,[ 0.5677905  -0.59831228 -0.99408226]
244.58734440803528,1003,False,6,3,[8.85382994 8.87645797 1.8525106 ],entering,[ 0.63925976  0.24903542 -0.34837281]
244.58734440803528,1004,False,2,4,[-2.64040605  7.26021549  4.00026671],cruising,[-0.62185191  0.08809385  0.93462812]
244.58734440803528,1005,False,4,1,[-3.34006012 -2.21202842  4.00009785],cruising,[ 0.50568378 -0.03156594 -0.11489306]
244.69210243225098,1000,False,0,2,[5.27712128 4.91871454 3.95800179],cruising,[-0.82138112 -0.19970136 -0.21083176]
244.69210243225098,1001,False,1,5,[-3.7164475   0.24283204  3.99999993],cruising,[-0.48080528  0.59740651 -0.20557775]
244.69210243225098,1002,False,3,0,[-2.71930827 -2.41502364  3.92943701],cruising,[ 0.5677905  -0.59831228 -0.99408226]
244.69210243225098,1003,False,6,3,[8.83269458 8.77871701 1.9275106 ],entering,[ 0.63925976  0.24903542 -0.34837281]
244.69210243225098,1004,False,2,4,[-2.44091961  7.27453889  4.0002267 ],cruising,[-0.62185191  0.08809385  0.93462812]
244.69210243225098,1005,False,4,1,[-3.3059401  -2.031533    4.00008762],cruising,[ 0.50568378 -0.03156594 -0.11489306]
244.79573345184326,1000,False,0,2,[5.47366417 4.88168898 3.96430152],cruising,[-0.82138112 -0.19970136 -0.21083176]
244.79573345184326,1001,False,1,5,[-3.81660764  0.41594457  3.99999994],cruising,[-0.48080528  0.59740651 -0.20557775]
244.79573345184326,1002,False,3,0,[-2.76279476 -2.21980857  3.94002146],cruising,[ 0.5677905  -0.59831228 -0.99408226]
244.79573345184326,1003,False,6,3,[8.80749165 8.66139403 2.0025106 ],entering,[ 0.63925976  0.24903542 -0.34837281]
244.79573345184326,1004,False,2,4,[-2.24095535  7.27831951  4.0001927 ],cruising,[-0.62185191  0.08809385  0.93462812]
244.79573345184326,1005,False,4,1,[-3.26555152 -1.83565354  4.00007448],cruising,[ 0.50568378 -0.03156594 -0.11489306]
244.88786435127258,1000,False,0,2,[5.67051215 4.8463213  3.9696563 ],cruising,[-0.82138112 -0.19970136 -0.21083176]
244.88786435127258,1001,False,1,5,[-3.92148735  0.58623915  3.99999995],cruising,[-0.48080528  0.59740651 -0.20557775]
244.88786435127258,1002,False,3,0,[-2.8074129  -2.02484903  3.94901824],cruising,[ 0.5677905  -0.59831228 -0.99408226]
244.88786435127258,1003,False,6,3,[8.77846655 8.52443968 2.0775106 ],entering,[ 0.63925976  0.24903542 -0.34837281]
244.88786435127258,1004,False,2,4,[-2.04141697  7.26473885  4.00016379],cruising,[-0.62185191  0.08809385  0.93462812]
244.88786435127258,1005,False,4,1,[-3.24169661 -1.63708128  4.00006331],cruising,[ 0.50568378 -0.03156594 -0.11489306]
244.98944330215454,1000,False,0,2,[5.86707286 4.80939045 3.97420785],cruising,[-0.82138112 -0.19970136 -0.21083176]
244.98944330215454,1001,False,1,5,[-4.03106687  0.75354824  3.99999996],cruising,[-0.48080528  0.59740651 -0.20557775]
244.98944330215454,1002,False,3,0,[-2.8549108  -1.83057101  3.9566655 ],cruising,[ 0.5677905  -0.59831228 -0.99408226]
244.98944330215454,1003,False,6,3,[8.74602287 8.36777967 2.1525106 ],entering,[ 0.63925976  0.24903542 -0.34837281]
244.98944330215454,1004,False,2,4,[-1.84406122  7.23232418  4.00013922],cruising,[-0.62185191  0.08809385  0.93462812]
244.98944330215454,1005,False,4,1,[-3.23385376 -1.43723511  4.00005381],cruising,[ 0.50568378 -0.03156594 -0.11489306]
245.09963154792786,1000,False,0,2,[6.06306926 4.76957325 3.97807667],cruising,[-0.82138112 -0.19970136 -0.21083176]
245.09963154792786,1001,False,1,5,[-4.14296609  0.91931483  3.99999996],cruising,[-0.48080528  0.59740651 -0.20557775]
245.09963154792786,1002,False,3,0,[-2.90556198 -1.63709114  3.96316568],cruising,[ 0.5677905  -0.59831228 -0.99408226]
245.09963154792786,1003,False,6,3,[8.71051154 8.19135632 2.2275106 ],entering,[ 0.63925976  0.24903542 -0.34837281]
245.09963154792786,1004,False,2,4,[-1.64888394  7.1886684   4.00011834],cruising,[-0.62185191  0.08809385  0.93462812]
245.09963154792786,1005,False,4,1,[-3.24159814 -1.23738511  4.00004574],cruising,[ 0.50568378 -0.03156594 -0.11489306]
245.18718957901,1000,False,0,2,[6.25817125 4.72558217 3.98136517],cruising,[-0.82138112 -0.19970136 -0.21083176]
245.18718957901,1001,False,1,5,[-4.25659699  1.08389921  3.99999997],cruising,[-0.48080528  0.59740651 -0.20557775]
245.18718957901,1002,False,3,0,[-2.95970146 -1.44455825  3.96869082],cruising,[ 0.5677905  -0.59831228 -0.99408226]
245.18718957901,1003,False,6,3,[8.67197032 7.9951638  2.3025106 ],entering,[ 0.63925976  0.24903542 -0.34837281]
245.18718957901,1004,False,2,4,[-1.45795645  7.12911428  4.00010059],cruising,[-0.62185191  0.08809385  0.93462812]
245.18718957901,1005,False,4,1,[-3.26388779 -1.03863106  4.00003888],cruising,[ 0.50568378 -0.03156594 -0.11489306]
245.28861355781555,1000,False,0,2,[6.45195995 4.67612575 3.9841604 ],cruising,[-0.82138112 -0.19970136 -0.21083176]
245.28861355781555,1001,False,1,5,[-4.37104964  1.24791321  3.99999997],cruising,[-0.48080528  0.59740651 -0.20557775]
245.28861355781555,1002,False,3,0,[-3.01770515 -1.25315403  3.9733872 ],cruising,[ 0.5677905  -0.59831228 -0.99408226]
245.28861355781555,1003,False,6,3,[8.63342047 7.79891419 2.3775106 ],entering,[ 0.63925976  0.24903542 -0.34837281]
245.28861355781555,1004,False,2,4,[-1.2715841   7.05655156  4.0000855 ],cruising,[-0.62185191  0.08809385  0.93462812]
245.28861355781555,1005,False,4,1,[-3.29955025 -0.84183627  4.00003305],cruising,[ 0.50568378 -0.03156594 -0.11489306]
245.39253520965576,1000,False,0,2,[6.64388715 4.61987676 3.98653634],cruising,[-0.82138112 -0.19970136 -0.21083176]
245.39253520965576,1001,False,1,5,[-4.48656215  1.4111825   3.99999998],cruising,[-0.48080528  0.59740651 -0.20557775]
245.39253520965576,1002,False,3,0,[-3.07997232 -1.06309405  3.97737912],cruising,[ 0.5677905  -0.59831228 -0.99408226]
245.39253520965576,1003,False,6,3,[8.59543194 7.60255515 2.4525106 ],entering,[ 0.63925976  0.24903542 -0.34837281]
245.39253520965576,1004,False,2,4,[-1.08958807  6.9736212   4.00007268],cruising,[-0.62185191  0.08809385  0.93462812]
245.39253520965576,1005,False,4,1,[-3.34597797 -0.64729973  4.00002809],cruising,[ 0.50568378 -0.03156594 -0.11489306]
245.4993920326233,1000,False,0,2,[6.83322648 4.55545145 3.98855589],cruising,[-0.82138112 -0.19970136 -0.21083176]
245.4993920326233,1001,False,1,5,[-4.60269514  1.57401102  3.99999998],cruising,[-0.48080528  0.59740651 -0.20557775]
245.4993920326233,1002,False,3,0,[-3.14580125 -0.87423814  3.98077225],cruising,[ 0.5677905  -0.59831228 -0.99408226]
245.4993920326233,1003,False,6,3,[8.56003288 7.40571282 2.5275106 ],entering,[ 0.63925976  0.24903542 -0.34837281]
245.4993920326233,1004,False,2,4,[-0.91148055  6.88263928  4.00006177],cruising,[-0.62185191  0.08809385  0.93462812]
245.4993920326233,1005,False,4,1,[-3.40381554 -0.45584526  4.00002388],cruising,[ 0.50568378 -0.03156594 -0.11489306]
245.5939929485321,1000,False,0,2,[7.01901472 4.48140599 3.9902725 ],cruising,[-0.82138112 -0.19970136 -0.21083176]
245.5939929485321,1001,False,1,5,[-4.71906892  1.73666754  3.99999998],cruising,[-0.48080528  0.59740651 -0.20557775]
245.5939929485321,1002,False,3,0,[-3.21671734 -0.68723304  3.98365641],cruising,[ 0.5677905  -0.59831228 -0.99408226]
245.5939929485321,1003,False,6,3,[8.52585488 7.20865479 2.6025106 ],entering,[ 0.63925976  0.24903542 -0.34837281]
245.5939929485321,1004,False,2,4,[-0.73548079  6.78764409  4.00005251],cruising,[-0.62185191  0.08809385  0.93462812]
245.5939929485321,1005,False,4,1,[-3.47229021 -0.26793246  4.00002029],cruising,[ 0.50568378 -0.03156594 -0.11489306]
245.70120358467102,1000,False,0,2,[7.19998456 4.39625956 3.99173163],cruising,[-0.82138112 -0.19970136 -0.21083176]
245.70120358467102,1001,False,1,5,[-4.83534694  1.89939253  3.99999999],cruising,[-0.48080528  0.59740651 -0.20557775]
245.70120358467102,1002,False,3,0,[-3.2931348  -0.5024078   3.98610795],cruising,[ 0.5677905  -0.59831228 -0.99408226]
245.70120358467102,1003,False,6,3,[8.49167687 7.01159677 2.6775106 ],entering,[ 0.63925976  0.24903542 -0.34837281]
245.70120358467102,1004,False,2,4,[-0.56248757  6.68727803  4.00004463],cruising,[-0.62185191  0.08809385  0.93462812]
245.70120358467102,1005,False,4,1,[-3.54873264 -0.08311754  4.00001725],cruising,[ 0.50568378 -0.03156594 -0.11489306]
245.78750801086426,1000,False,0,2,[7.37449596 4.29855709 3.99297188],cruising,[-0.82138112 -0.19970136 -0.21083176]
245.78750801086426,1001,False,1,5,[-4.95122172  2.06240491  3.99999999],cruising,[-0.48080528  0.59740651 -0.20557775]
245.78750801086426,1002,False,3,0,[-3.37543838 -0.32012746  3.98819176],cruising,[ 0.5677905  -0.59831228 -0.99408226]
245.78750801086426,1003,False,6,3,[8.45894998 6.81429256 2.7525106 ],entering,[ 0.63925976  0.24903542 -0.34837281]
245.78750801086426,1004,False,2,4,[-0.39168262  6.58323156  4.00003794],cruising,[-0.62185191  0.08809385  0.93462812]
245.78750801086426,1005,False,4,1,[-3.63590766  0.0968839   4.00001466],cruising,[ 0.50568378 -0.03156594 -0.11489306]
245.89369821548462,1000,False,0,2,[7.53817735 4.18404128 3.99406166],cruising,[-0.82138112 -0.19970136 -0.21083176]
245.89369821548462,1001,False,1,5,[-5.0667907   2.22563422  3.99999999],cruising,[-0.48080528  0.59740651 -0.20557775]
245.89369821548462,1002,False,3,0,[-3.46207377 -0.13986568  3.989963  ],cruising,[ 0.5677905  -0.59831228 -0.99408226]
245.89369821548462,1003,False,6,3,[8.42981092 6.61642666 2.8275106 ],entering,[ 0.63925976  0.24903542 -0.34837281]
245.89369821548462,1004,False,2,4,[-0.22177422  6.47772735  4.00003225],cruising,[-0.62185191  0.08809385  0.93462812]
245.89369821548462,1005,False,4,1,[-3.73073119  0.2729762   4.00001246],cruising,[ 0.50568378 -0.03156594 -0.11489306]
245.98828625679016,1000,False,0,2,[7.68960778 4.05371771 3.99498222],cruising,[-0.82138112 -0.19970136 -0.21083176]
245.98828625679016,1001,False,1,5,[-5.18143101  2.38951711  3.99999999],cruising,[-0.48080528  0.59740651 -0.20557775]
245.98828625679016,1002,False,3,0,[-3.5556441   0.03689573  3.99146855],cruising,[ 0.5677905  -0.59831228 -0.99408226]
245.98828625679016,1003,False,6,3,[8.40067187 6.41856076 2.9025106 ],entering,[ 0.63925976  0.24903542 -0.34837281]
245.98828625679016,1004,False,2,4,[-0.05291143  6.3705576   4.00002741],cruising,[-0.62185191  0.08809385  0.93462812]
245.98828625679016,1005,False,4,1,[-3.83327624  0.44468675  4.00001059],cruising,[ 0.50568378 -0.03156594 -0.11489306]
246.10115432739258,1000,False,0,2,[7.8272283  3.90892808 3.99576349],cruising,[-0.82138112 -0.19970136 -0.21083176]
246.10115432739258,1001,False,1,5,[-5.29484246  2.55425279  3.99999999],cruising,[-0.48080528  0.59740651 -0.20557775]
246.10115432739258,1002,False,3,0,[-3.65526614  0.21031847  3.99274826],cruising,[ 0.5677905  -0.59831228 -0.99408226]
246.10115432739258,1003,False,6,3,[8.37400637 6.22034635 2.9775106 ],entering,[ 0.63925976  0.24903542 -0.34837281]
246.10115432739258,1004,False,2,4,[0.11577545 6.26311116 4.0000233 ],cruising,[-0.62185191  0.08809385  0.93462812]
246.10115432739258,1005,False,4,1,[-3.93980988  0.61395158  4.000009  ],cruising,[ 0.50568378 -0.03156594 -0.11489306]
246.18875408172607,1000,False,0,2,[7.94921047 3.75167106 3.99646657],cruising,[-0.82138112 -0.19970136 -0.21083176]
246.18875408172607,1001,False,1,5,[-5.40671318  2.72003861  3.99999999],cruising,[-0.48080528  0.59740651 -0.20557775]
246.18875408172607,1002,False,3,0,[-3.76170071  0.37964561  3.99383602],cruising,[ 0.5677905  -0.59831228 -0.99408226]
246.18875408172607,1003,False,6,3,[8.35052019 6.02173014 3.0525106 ],entering,[ 0.63925976  0.24903542 -0.34837281]
246.18875408172607,1004,False,2,4,[0.28454888 6.15580073 4.0000198 ],cruising,[-0.62185191  0.08809385  0.93462812]
246.18875408172607,1005,False,4,1,[-4.04944594  0.78122362  4.00000765],cruising,[ 0.50568378 -0.03156594 -0.11489306]
246.28881239891052,1000,False,0,2,[8.05445179 3.5834716  3.99708631],cruising,[-0.82138112 -0.19970136 -0.21083176]
246.28881239891052,1001,False,1,5,[-5.51670655  2.88707591  3.99999999],cruising,[-0.48080528  0.59740651 -0.20557775]
246.28881239891052,1002,False,3,0,[-3.87127119  0.54696062  3.99476062],cruising,[ 0.5677905  -0.59831228 -0.99408226]
246.28881239891052,1003,False,6,3,[8.32819986 5.82297953 3.1275106 ],entering,[ 0.63925976  0.24903542 -0.34837281]
246.28881239891052,1004,False,2,4,[0.45382656 6.0492875  4.00001683],cruising,[-0.62185191  0.08809385  0.93462812]
246.28881239891052,1005,False,4,1,[-4.16144902  0.94692005  4.00000651],cruising,[ 0.50568378 -0.03156594 -0.11489306]
246.3965129852295,1000,False,0,2,[8.1420607  3.40583336 3.99761888],cruising,[-0.82138112 -0.19970136 -0.21083176]
246.3965129852295,1001,False,1,5,[-5.62561188  3.05482462  4.        ],cruising,[-0.48080528  0.59740651 -0.20557775]
246.3965129852295,1002,False,3,0,[-3.98330803  0.71263423  3.99554653],cruising,[ 0.5677905  -0.59831228 -0.99408226]
246.3965129852295,1003,False,6,3,[8.31081617 5.62373645 3.2025106 ],entering,[ 0.63925976  0.24903542 -0.34837281]
246.3965129852295,1004,False,2,4,[0.62387029 5.94400156 4.00001431],cruising,[-0.62185191  0.08809385  0.93462812]
246.3965129852295,1005,False,4,1,[-4.27520618  1.1114172   4.00000553],cruising,[ 0.50568378 -0.03156594 -0.11489306]
246.49588751792908,1000,False,0,2,[8.21135605 3.22015739 3.99805899],cruising,[-0.82138112 -0.19970136 -0.21083176]
246.49588751792908,1001,False,1,5,[-5.73179798  3.2243077   4.        ],cruising,[-0.48080528  0.59740651 -0.20557775]
246.49588751792908,1002,False,3,0,[-4.0972384   0.87701145  3.99621455],cruising,[ 0.5677905  -0.59831228 -0.99408226]
246.49588751792908,1003,False,6,3,[8.29606991 5.42428082 3.2775106 ],entering,[ 0.63925976  0.24903542 -0.34837281]
246.49588751792908,1004,False,2,4,[0.79544441 5.84122841 4.00001216],cruising,[-0.62185191  0.08809385  0.93462812]
246.49588751792908,1005,False,4,1,[-4.39020223  1.27505065  4.0000047 ],cruising,[ 0.50568378 -0.03156594 -0.11489306]
246.59912943840027,1000,False,0,2,[8.26181639 3.0277559  3.99839929],cruising,[-0.82138112 -0.19970136 -0.21083176]
246.59912943840027,1001,False,1,5,[-5.83479575  3.39574707  4.        ],cruising,[-0.48080528  0.59740651 -0.20557775]
246.59912943840027,1002,False,3,0,[-4.21257221  1.04040702  3.99678237],cruising,[ 0.5677905  -0.59831228 -0.99408226]
246.59912943840027,1003,False,6,3,[8.28496972 5.22458909 3.3525106 ],entering,[ 0.63925976  0.24903542 -0.34837281]
246.59912943840027,1004,False,2,4,[0.96836195 5.74073201 4.00001034],cruising,[-0.62185191  0.08809385  0.93462812]
246.59912943840027,1005,False,4,1,[-4.50599881  1.43811859  4.000004  ],cruising,[ 0.50568378 -0.03156594 -0.11489306]
246.69720196723938,1000,False,0,2,[8.29967044 2.83137089 3.9986394 ],cruising,[-0.82138112 -0.19970136 -0.21083176]
246.69720196723938,1001,False,1,5,[-5.93403562  3.56938879  4.        ],cruising,[-0.48080528  0.59740651 -0.20557775]
246.69720196723938,1002,False,3,0,[-4.32888797  1.20310504  3.99726501],cruising,[ 0.5677905  -0.59831228 -0.99408226]
246.69720196723938,1003,False,6,3,[8.28000462 5.02465073 3.4275106 ],entering,[ 0.63925976  0.24903542 -0.34837281]
246.69720196723938,1004,False,2,4,[1.1436396  5.64441096 4.00000879],cruising,[-0.62185191  0.08809385  0.93462812]
246.69720196723938,1005,False,4,1,[-4.62211566  1.60095862  4.0000034 ],cruising,[ 0.50568378 -0.03156594 -0.11489306]
246.7892427444458,1000,False,0,2,[8.33143079 2.63390879 3.99884349],cruising,[-0.82138112 -0.19970136 -0.21083176]
246.7892427444458,1001,False,1,5,[-6.0288155   3.74550459  4.        ],cruising,[-0.48080528  0.59740651 -0.20557775]
246.7892427444458,1002,False,3,0,[-4.44581954  1.36536103  3.99767526],cruising,[ 0.5677905  -0.59831228 -0.99408226]
246.7892427444458,1003,False,6,3,[8.28045884 4.82465125 3.5025106 ],entering,[ 0.63925976  0.24903542 -0.34837281]
246.7892427444458,1004,False,2,4,[1.3207113  5.55142917 4.00000747],cruising,[-0.62185191  0.08809385  0.93462812]
246.7892427444458,1005,False,4,1,[-4.73848124  1.76362101  4.00000289],cruising,[ 0.50568378 -0.03156594 -0.11489306]
246.89257097244263,1000,False,0,2,[8.35827267 2.43571819 3.99901697],cruising,[-0.82138112 -0.19970136 -0.21083176]
246.89257097244263,1001,False,1,5,[-6.11825805  3.92439012  4.        ],cruising,[-0.48080528  0.59740651 -0.20557775]
246.89257097244263,1002,False,3,0,[-4.56304411  1.52740547  3.99802397],cruising,[ 0.5677905  -0.59831228 -0.99408226]
246.89257097244263,1003,False,6,3,[8.28503239 4.62470355 3.57713401],entering,[ 0.63925976  0.24903542 -0.34837281]
246.89257097244263,1004,False,2,4,[1.49979274 5.46237953 4.00000635],cruising,[-0.62185191  0.08809385  0.93462812]
246.89257097244263,1005,False,4,1,[-4.85474741  1.92635447  4.00000245],cruising,[ 0.50568378 -0.03156594 -0.11489306]
246.9875090122223,1000,False,0,2,[8.38412748 2.23739641 3.99916442],cruising,[-0.82138112 -0.19970136 -0.21083176]
246.9875090122223,1001,False,1,5,[-6.20125352  4.10635646  4.        ],cruising,[-0.48080528  0.59740651 -0.20557775]
246.9875090122223,1002,False,3,0,[-4.68024278  1.68946864  3.99832038],cruising,[ 0.5677905  -0.59831228 -0.99408226]
246.9875090122223,1003,False,6,3,[8.29440893 4.42492347 3.64056391],entering,[ 0.63925976  0.24903542 -0.34837281]
246.9875090122223,1004,False,2,4,[1.68210027 5.38013621 4.0000054 ],cruising,[-0.62185191  0.08809385  0.93462812]
246.9875090122223,1005,False,4,1,[-4.97059767  2.08938427  4.00000209],cruising,[ 0.50568378 -0.03156594 -0.11489306]
247.09769535064697,1000,False,0,2,[8.40537849 2.03852863 3.99928976],cruising,[-0.82138112 -0.19970136 -0.21083176]
247.09769535064697,1001,False,1,5,[-6.27214119  4.29337234  4.        ],cruising,[-0.48080528  0.59740651 -0.20557775]
247.09769535064697,1002,False,3,0,[-4.79731987  1.85161967  3.99857232],cruising,[ 0.5677905  -0.59831228 -0.99408226]
247.09769535064697,1003,False,6,3,[8.30668241 4.22530042 3.69447932],entering,[ 0.63925976  0.24903542 -0.34837281]
247.09769535064697,1004,False,2,4,[1.86660135 5.30293936 4.00000459],cruising,[-0.62185191  0.08809385  0.93462812]
247.09769535064697,1005,False,4,1,[-5.08573389  2.25291913  4.00000177],cruising,[ 0.50568378 -0.03156594 -0.11489306]
247.19029140472412,1000,False,0,2,[8.42539422 1.83953273 3.99939629],cruising,[-0.82138112 -0.19970136 -0.21083176]
247.19029140472412,1001,False,1,5,[-6.33317489  4.48383202  4.        ],exiting,[-0.48080528  0.59740651 -0.20557775]
247.19029140472412,1002,False,3,0,[-4.91398407  2.01406802  3.99878647],cruising,[ 0.5677905  -0.59831228 -0.99408226]
247.19029140472412,1003,False,6,3,[8.31620528 4.02552726 3.74030742],entering,[ 0.63925976  0.24903542 -0.34837281]
247.19029140472412,1004,False,2,4,[2.05340355 5.23149053 4.0000039 ],cruising,[-0.62185191  0.08809385  0.93462812]
247.19029140472412,1005,False,4,1,[-5.20040444  2.41678086  4.00000151],cruising,[ 0.50568378 -0.03156594 -0.11489306]
247.30223488807678,1000,False,0,2,[8.44380831 1.64038223 3.99948685],cruising,[-0.82138112 -0.19970136 -0.21083176]
247.30223488807678,1001,False,1,5,[-6.39388034  4.65429438  4.        ],exiting,[-0.48080528  0.59740651 -0.20557775]
247.30223488807678,1002,False,3,0,[-5.02996024  2.17700827  3.9989685 ],cruising,[ 0.5677905  -0.59831228 -0.99408226]
247.30223488807678,1003,False,6,3,[8.33097264 3.82607319 3.77926131],cruising,[ 0.63925976  0.24903542 -0.34837281]
247.30223488807678,1004,False,2,4,[2.2425473  5.16649326 4.00000331],cruising,[-0.62185191  0.08809385  0.93462812]
247.30223488807678,1005,False,4,1,[-5.31379919  2.58152803  4.00000128],cruising,[ 0.50568378 -0.03156594 -0.11489306]
247.39333295822144,1000,False,0,2,[8.45769982 1.44086525 3.99956382],cruising,[-0.82138112 -0.19970136 -0.21083176]
247.39333295822144,1001,False,1,5,[-6.45447893  4.80475704  4.        ],exiting,[-0.48080528  0.59740651 -0.20557775]
247.39333295822144,1002,False,3,0,[-5.1449788   2.34062591  3.99912323],cruising,[ 0.5677905  -0.59831228 -0.99408226]
247.39333295822144,1003,False,6,3,[8.33995839 3.62627515 3.81237211],cruising,[ 0.63925976  0.24903542 -0.34837281]
247.39333295822144,1004,False,2,4,[2.43628697 5.11684512 4.00000282],cruising,[-0.62185191  0.08809385  0.93462812]
247.39333295822144,1005,False,4,1,[-5.42560455  2.74735795  4.00000109],cruising,[ 0.50568378 -0.03156594 -0.11489306]
247.49289655685425,1000,False,0,2,[8.47007827 1.24124868 3.99962925],cruising,[-0.82138112 -0.19970136 -0.21083176]
247.49289655685425,1001,False,1,5,[-6.51528199  4.93522073  4.        ],exiting,[-0.48080528  0.59740651 -0.20557775]
247.49289655685425,1002,False,3,0,[-5.25937854  2.50467682  3.99925474],cruising,[ 0.5677905  -0.59831228 -0.99408226]
247.49289655685425,1003,False,6,3,[8.34733702 3.42641131 3.8405163 ],cruising,[ 0.63925976  0.24903542 -0.34837281]
247.49289655685425,1004,False,2,4,[2.63202163 5.07576055 4.00000239],cruising,[-0.62185191  0.08809385  0.93462812]
247.49289655685425,1005,False,4,1,[-5.53548129  2.91447199  4.00000093],cruising,[ 0.50568378 -0.03156594 -0.11489306]
247.59561777114868,1000,False,0,2,[8.47842522 1.04142293 3.99968486],cruising,[-0.82138112 -0.19970136 -0.21083176]
247.59561777114868,1001,False,1,5,[-6.57662072  5.04569161  4.        ],exiting,[-0.48080528  0.59740651 -0.20557775]
247.59561777114868,1002,False,3,0,[-5.37227242  2.66976761  3.99936653],cruising,[ 0.5677905  -0.59831228 -0.99408226]
247.59561777114868,1003,False,6,3,[8.36081251 3.2268658  3.86443885],cruising,[ 0.63925976  0.24903542 -0.34837281]
247.59561777114868,1004,False,2,4,[2.82913359 5.04189498 4.00000204],cruising,[-0.62185191  0.08809385  0.93462812]
247.59561777114868,1005,False,4,1,[-5.64304963  3.08308116  4.00000079],cruising,[ 0.50568378 -0.03156594 -0.11489306]
247.68868041038513,1000,False,0,2,[8.48530483 0.84154129 3.99973213],cruising,[-0.82138112 -0.19970136 -0.21083176]
247.68868041038513,1001,False,1,5,[-6.6388073   5.13618046  4.        ],exiting,[-0.48080528  0.59740651 -0.20557775]
247.68868041038513,1002,False,3,0,[-5.48334939  2.8360863   3.99946155],cruising,[ 0.5677905  -0.59831228 -0.99408226]
247.68868041038513,1003,False,6,3,[8.3729294  3.02723318 3.88477302],cruising,[ 0.63925976  0.24903542 -0.34837281]
247.68868041038513,1004,False,2,4,[3.0271775  5.01399138 4.00000173],cruising,[-0.62185191  0.08809385  0.93462812]
247.68868041038513,1005,False,4,1,[-5.74787157  3.25341131  4.00000067],cruising,[ 0.50568378 -0.03156594 -0.11489306]
247.79590678215027,1000,False,0,2,[8.49051186 0.64160908 3.99977231],cruising,[-0.82138112 -0.19970136 -0.21083176]
247.79590678215027,1001,False,1,5,[-6.70174503  5.21389045  4.        ],exiting,[-0.48080528  0.59740651 -0.20557775]
247.79590678215027,1002,False,3,0,[-5.59226245  3.00382999  3.99954232],cruising,[ 0.5677905  -0.59831228 -0.99408226]
247.79590678215027,1003,False,6,3,[8.38445148 2.82756536 3.90205707],cruising,[ 0.63925976  0.24903542 -0.34837281]
247.79590678215027,1004,False,2,4,[3.22584038 4.99090334 4.00000147],cruising,[-0.62185191  0.08809385  0.93462812]
247.79590678215027,1005,False,4,1,[-5.84942901  3.42570781  4.00000057],cruising,[ 0.50568378 -0.03156594 -0.11489306]
247.89249992370605,1000,False,0,2,[8.4938931  0.44163767 3.99980647],cruising,[-0.82138112 -0.19970136 -0.21083176]
247.89249992370605,1001,False,1,5,[-6.76468276  5.29160044  4.        ],exiting,[-0.48080528  0.59740651 -0.20557775]
247.89249992370605,1002,False,3,0,[-5.69861308  3.17320987  3.99961097],cruising,[ 0.5677905  -0.59831228 -0.99408226]
247.89249992370605,1003,False,6,3,[8.39948713 2.62813133 3.91674851],cruising,[ 0.63925976  0.24903542 -0.34837281]
247.89249992370605,1004,False,2,4,[3.42490666 4.97160007 4.00000125],cruising,[-0.62185191  0.08809385  0.93462812]
247.89249992370605,1005,False,4,1,[-5.94709585  3.60023916  4.00000048],cruising,[ 0.50568378 -0.03156594 -0.11489306]
247.99688243865967,1000,False,0,2,[8.49320302 0.24163886 3.9998355 ],cruising,[-0.82138112 -0.19970136 -0.21083176]
247.99688243865967,1001,False,1,5,[-6.82762049  5.36931043  4.        ],exiting,[-0.48080528  0.59740651 -0.20557775]
247.99688243865967,1002,False,3,0,[-5.80193214  3.34445581  3.99966932],cruising,[ 0.5677905  -0.59831228 -0.99408226]
247.99688243865967,1003,False,6,3,[8.41278122 2.42857366 3.92923623],cruising,[ 0.63925976  0.24903542 -0.34837281]
247.99688243865967,1004,False,2,4,[3.62422985 4.9551603  4.00000106],cruising,[-0.62185191  0.08809385  0.93462812]
247.99688243865967,1005,False,4,1,[-6.04010134  3.77729841  4.00000041],cruising,[ 0.50568378 -0.03156594 -0.11489306]
248.0926535129547,1000,False,0,2,[8.49086315 0.04165255 3.99986017],cruising,[-0.82138112 -0.19970136 -0.21083176]
248.0926535129547,1001,False,1,5,[-6.89055822  5.44702041  4.        ],exiting,[-0.48080528  0.59740651 -0.20557775]
248.0926535129547,1002,False,3,0,[-5.90165559  3.51782027  3.99971893],cruising,[ 0.5677905  -0.59831228 -0.99408226]
248.0926535129547,1003,False,6,3,[8.4277888  2.22913752 3.9398508 ],cruising,[ 0.63925976  0.24903542 -0.34837281]
248.0926535129547,1004,False,2,4,[3.82371077 4.94076022 4.0000009 ],cruising,[-0.62185191  0.08809385  0.93462812]
248.0926535129547,1005,False,4,1,[-6.1274815   3.95720035  4.00000035],cruising,[ 0.50568378 -0.03156594 -0.11489306]
248.18979907035828,1000,False,0,2,[ 8.4867211  -0.15830456  3.99988115],cruising,[-0.82138112 -0.19970136 -0.21083176]
248.18979907035828,1001,False,1,5,[-6.95349595  5.5247304   4.        ],exiting,[-0.48080528  0.59740651 -0.20557775]
248.18979907035828,1002,False,3,0,[-5.99709277  3.69358074  3.99976109],cruising,[ 0.5677905  -0.59831228 -0.99408226]
248.18979907035828,1003,False,6,3,[8.44031258 2.02953002 3.94887318],cruising,[ 0.63925976  0.24903542 -0.34837281]
248.18979907035828,1004,False,2,4,[4.02328117 4.92765849 4.00000077],cruising,[-0.62185191  0.08809385  0.93462812]
248.18979907035828,1005,False,4,1,[-6.20801407  4.14027002  4.0000003 ],cruising,[ 0.50568378 -0.03156594 -0.11489306]
248.2891640663147,1000,False,0,2,[ 8.47863247 -0.35814092  3.99989897],cruising,[-0.82138112 -0.19970136 -0.21083176]
248.2891640663147,1001,False,1,5,[-7.01643368  5.60244039  4.        ],exiting,[-0.48080528  0.59740651 -0.20557775]
248.2891640663147,1002,False,3,0,[-6.08738446  3.87203917  3.99979692],cruising,[ 0.5677905  -0.59831228 -0.99408226]
248.2891640663147,1003,False,6,3,[8.45336626 1.82995647 3.9565422 ],cruising,[ 0.63925976  0.24903542 -0.34837281]
248.2891640663147,1004,False,2,4,[4.22286645 4.91478543 4.00000065],cruising,[-0.62185191  0.08809385  0.93462812]
248.2891640663147,1005,False,4,1,[-6.28013186  4.32681499  4.00000025],cruising,[ 0.50568378 -0.03156594 -0.11489306]
248.39391088485718,1000,False,0,2,[ 8.46884573 -0.55790133  3.99991413],cruising,[-0.82138112 -0.19970136 -0.21083176]
248.39391088485718,1001,False,1,5,[-7.07937141  5.68015038  4.        ],exiting,[-0.48080528  0.59740651 -0.20557775]
248.39391088485718,1002,False,3,0,[-6.17144666  4.05351519  3.99982739],cruising,[ 0.5677905  -0.59831228 -0.99408226]
248.39391088485718,1003,False,6,3,[8.4635639  1.63021662 3.96306087],cruising,[ 0.63925976  0.24903542 -0.34837281]
248.39391088485718,1004,False,2,4,[4.42247758 4.9023195  4.00000055],cruising,[-0.62185191  0.08809385  0.93462812]
248.39391088485718,1005,False,4,1,[-6.33623921  4.51878364  4.00000021],cruising,[ 0.50568378 -0.03156594 -0.11489306]
248.49918746948242,1000,False,0,2,[ 8.45719406 -0.75756164  3.99992701],cruising,[-0.82138112 -0.19970136 -0.21083176]
248.49918746948242,1001,False,1,5,[-7.14230913  5.75786037  4.        ],exiting,[-0.48080528  0.59740651 -0.20557775]
248.49918746948242,1002,False,3,0,[-6.24789542  4.23832749  3.99985328],cruising,[ 0.5677905  -0.59831228 -0.99408226]
248.49918746948242,1003,False,6,3,[8.47354799 1.43046598 3.96860174],cruising,[ 0.63925976  0.24903542 -0.34837281]
248.49918746948242,1004,False,2,4,[4.62207047 4.88956502 4.00000047],cruising,[-0.62185191  0.08809385  0.93462812]
248.49918746948242,1005,False,4,1,[-6.37894228  4.71417159  4.00000018],cruising,[ 0.50568378 -0.03156594 -0.11489306]
248.5942370891571,1000,False,0,2,[ 8.44353357 -0.95709457  3.99993796],cruising,[-0.82138112 -0.19970136 -0.21083176]
248.5942370891571,1001,False,1,5,[-7.20524686  5.83557036  4.        ],exiting,[-0.48080528  0.59740651 -0.20557775]
248.5942370891571,1002,False,3,0,[-6.31494755  4.42675258  3.99987529],cruising,[ 0.5677905  -0.59831228 -0.99408226]
248.5942370891571,1003,False,6,3,[8.48280525 1.23068033 3.97331148],cruising,[ 0.63925976  0.24903542 -0.34837281]
248.5942370891571,1004,False,2,4,[4.82160121 4.87587251 4.0000004 ],cruising,[-0.62185191  0.08809385  0.93462812]
248.5942370891571,1005,False,4,1,[-6.40186432  4.91251096  4.00000015],cruising,[ 0.50568378 -0.03156594 -0.11489306]
248.69147872924805,1000,False,0,2,[ 8.42558705 -1.15628775  3.99994726],cruising,[-0.82138112 -0.19970136 -0.21083176]
248.69147872924805,1001,False,1,5,[-7.26818459  5.91328035  4.        ],exiting,[-0.48080528  0.59740651 -0.20557775]
248.69147872924805,1002,False,3,0,[-6.36396925  4.62065171  3.99989399],cruising,[ 0.5677905  -0.59831228 -0.99408226]
248.69147872924805,1003,False,6,3,[8.48862715 1.03076509 3.97731476],cruising,[ 0.63925976  0.24903542 -0.34837281]
248.69147872924805,1004,False,2,4,[5.02101861 4.86061803 4.00000034],cruising,[-0.62185191  0.08809385  0.93462812]
248.69147872924805,1005,False,4,1,[-6.4047891   5.11118187  4.00000013],cruising,[ 0.50568378 -0.03156594 -0.11489306]
248.7893488407135,1000,False,0,2,[ 8.40569239 -1.3552958   3.99995517],cruising,[-0.82138112 -0.19970136 -0.21083176]
248.7893488407135,1001,False,1,5,[-7.33112232  5.99099033  4.        ],exiting,[-0.48080528  0.59740651 -0.20557775]
248.7893488407135,1002,False,3,0,[-6.39334362  4.81829015  3.99991034],cruising,[ 0.5677905  -0.59831228 -0.99408226]
248.7893488407135,1003,False,6,3,[8.49348446 0.83082408 3.98071754],cruising,[ 0.63925976  0.24903542 -0.34837281]
248.7893488407135,1004,False,2,4,[5.22034757 4.84424836 4.00000029],cruising,[-0.62185191  0.08809385  0.93462812]
248.7893488407135,1005,False,4,1,[-6.38785464  5.30748423  4.0000001 ],cruising,[ 0.50568378 -0.03156594 -0.11489306]
248.89859676361084,1000,False,0,2,[ 8.38365333 -1.55407779  3.9999619 ],cruising,[-0.82138112 -0.19970136 -0.21083176]
248.89859676361084,1001,False,1,5,[-7.39406005  6.06870032  4.        ],exiting,[-0.48080528  0.59740651 -0.20557775]
248.89859676361084,1002,False,3,0,[-6.40275934  5.01721384  3.99992505],cruising,[ 0.5677905  -0.59831228 -0.99408226]
248.89859676361084,1003,False,6,3,[8.49706795 0.63085619 3.98360991],cruising,[ 0.63925976  0.24903542 -0.34837281]
248.89859676361084,1004,False,2,4,[5.41943488 4.82516317 4.00000025],cruising,[-0.62185191  0.08809385  0.93462812]
248.89859676361084,1005,False,4,1,[-6.35151963  5.49892669  4.00000008],cruising,[ 0.50568378 -0.03156594 -0.11489306]
248.9887912273407,1000,False,0,2,[ 8.3569566  -1.75228799  3.99996761],cruising,[-0.82138112 -0.19970136 -0.21083176]
248.9887912273407,1001,False,1,5,[-7.45699778  6.14641031  4.        ],exiting,[-0.48080528  0.59740651 -0.20557775]
248.9887912273407,1002,False,3,0,[-6.39222843  5.21467729  3.99993852],cruising,[ 0.5677905  -0.59831228 -0.99408226]
248.9887912273407,1003,False,6,3,[8.49705282 0.43085619 3.98606843],cruising,[ 0.63925976  0.24903542 -0.34837281]
248.9887912273407,1004,False,2,4,[5.61816839 4.80269119 4.00000021],cruising,[-0.62185191  0.08809385  0.93462812]
248.9887912273407,1005,False,4,1,[-6.29652583  5.68316845  4.00000006],cruising,[ 0.50568378 -0.03156594 -0.11489306]
249.10159492492676,1000,False,0,2,[ 8.32804519 -1.95018728  3.99997247],cruising,[-0.82138112 -0.19970136 -0.21083176]
249.10159492492676,1001,False,1,5,[-7.51993551  6.2241203   4.        ],exiting,[-0.48080528  0.59740651 -0.20557775]
249.10159492492676,1002,False,3,0,[-6.36209662  5.40816522  3.99995085],cruising,[ 0.5677905  -0.59831228 -0.99408226]
249.10159492492676,1003,False,6,3,[8.49572123 0.23086062 3.98815816],cruising,[ 0.63925976  0.24903542 -0.34837281]
249.10159492492676,1004,False,2,4,[5.81639583 4.77612271 4.00000018],cruising,[-0.62185191  0.08809385  0.93462812]
249.10159492492676,1005,False,4,1,[-6.2237826   5.85819298  4.00000004],cruising,[ 0.50568378 -0.03156594 -0.11489306]
249.19778609275818,1000,False,0,2,[ 8.2966587  -2.14770915  3.9999766 ],cruising,[-0.82138112 -0.19970136 -0.21083176]
249.19778609275818,1001,False,1,5,[-7.58287323  6.30183029  4.        ],exiting,[-0.48080528  0.59740651 -0.20557775]
249.19778609275818,1002,False,3,0,[-6.31292807  5.59552109  3.99996201],cruising,[ 0.5677905  -0.59831228 -0.99408226]
249.19778609275818,1003,False,6,3,[8.4928516  0.03088121 3.98993444],cruising,[ 0.63925976  0.24903542 -0.34837281]
249.19778609275818,1004,False,2,4,[6.01391036 4.7446901  4.00000015],cruising,[-0.62185191  0.08809385  0.93462812]
249.19778609275818,1005,False,4,1,[-6.13450755  6.02196144  4.00000003],cruising,[ 0.50568378 -0.03156594 -0.11489306]
249.29744505882263,1000,False,0,2,[ 8.25981384 -2.344286    3.99998011],cruising,[-0.82138112 -0.19970136 -0.21083176]
249.29744505882263,1001,False,1,5,[-7.64581096  6.37954028  4.        ],exiting,[-0.48080528  0.59740651 -0.20557775]
249.29744505882263,1002,False,3,0,[-6.24562558  5.77444128  3.99997205],cruising,[ 0.5677905  -0.59831228 -0.99408226]
249.29744505882263,1003,False,6,3,[ 8.48826841 -0.16906627  3.99144427],cruising,[ 0.63925976  0.24903542 -0.34837281]
249.29744505882263,1004,False,2,4,[6.21043143 4.70754886 4.00000013],cruising,[-0.62185191  0.08809385  0.93462812]
249.29744505882263,1005,False,4,1,[-6.02970703  6.17312198  4.00000001],cruising,[ 0.50568378 -0.03156594 -0.11489306]
249.400164604187,1000,False,0,2,[ 8.22026881 -2.5403375   3.99998309],cruising,[-0.82138112 -0.19970136 -0.21083176]
249.400164604187,1001,False,1,5,[-7.70874869  6.45725027  4.        ],exiting,[-0.48080528  0.59740651 -0.20557775]
249.400164604187,1002,False,3,0,[-6.16134143  5.94279629  3.99998102],cruising,[ 0.5677905  -0.59831228 -0.99408226]
249.400164604187,1003,False,6,3,[ 8.47978644 -0.36888633  3.99272763],cruising,[ 0.63925976  0.24903542 -0.34837281]
249.400164604187,1004,False,2,4,[6.40557894 4.6637602  4.00000011],cruising,[-0.62185191  0.08809385  0.93462812]
249.400164604187,1005,False,4,1,[-5.91029724  6.31062349  4.        ],cruising,[ 0.50568378 -0.03156594 -0.11489306]
249.49676322937012,1000,False,0,2,[ 8.17457229 -2.7350471   3.99998563],cruising,[-0.82138112 -0.19970136 -0.21083176]
249.49676322937012,1001,False,1,5,[-7.77168642  6.53496025  4.        ],exiting,[-0.48080528  0.59740651 -0.20557775]
249.49676322937012,1002,False,3,0,[-6.06105651  6.09915234  3.99998887],cruising,[ 0.5677905  -0.59831228 -0.99408226]
249.49676322937012,1003,False,6,3,[ 8.46966655 -0.56863014  3.99381849],cruising,[ 0.63925976  0.24903542 -0.34837281]
249.49676322937012,1004,False,2,4,[6.59883905 4.61227689 4.00000009],cruising,[-0.62185191  0.08809385  0.93462812]
249.49676322937012,1005,False,4,1,[-5.77716434  6.43357589  3.99999999],cruising,[ 0.50568378 -0.03156594 -0.11489306]
249.58962297439575,1000,False,0,2,[ 8.12571199 -2.92898696  3.99998779],cruising,[-0.82138112 -0.19970136 -0.21083176]
249.58962297439575,1001,False,1,5,[-7.83462415  6.61267024  4.        ],exiting,[-0.48080528  0.59740651 -0.20557775]
249.58962297439575,1002,False,3,0,[-5.9456949   6.24236709  3.99999555],cruising,[ 0.5677905  -0.59831228 -0.99408226]
249.58962297439575,1003,False,6,3,[ 8.45772922 -0.76827357  3.99474571],cruising,[ 0.63925976  0.24903542 -0.34837281]
249.58962297439575,1004,False,2,4,[6.78951948 4.55193641 4.00000008],cruising,[-0.62185191  0.08809385  0.93462812]
249.58962297439575,1005,False,4,1,[-5.63113144  6.54124464  3.99999999],cruising,[ 0.50568378 -0.03156594 -0.11489306]
249.68914604187012,1000,False,0,2,[ 8.06950856 -3.12092751  3.99998962],cruising,[-0.82138112 -0.19970136 -0.21083176]
249.68914604187012,1001,False,1,5,[-7.89756188  6.69038023  4.        ],exiting,[-0.48080528  0.59740651 -0.20557775]
249.68914604187012,1002,False,3,0,[-5.81616805  6.37146284  4.00000103],cruising,[ 0.5677905  -0.59831228 -0.99408226]
249.68914604187012,1003,False,6,3,[ 8.44382041 -0.96778934  3.99553386],cruising,[ 0.63925976  0.24903542 -0.34837281]
249.68914604187012,1004,False,2,4,[6.97669358 4.48146758 4.00000007],cruising,[-0.62185191  0.08809385  0.93462812]
249.68914604187012,1005,False,4,1,[-5.47292492  6.63304509  3.99999998],cruising,[ 0.50568378 -0.03156594 -0.11489306]
249.79961347579956,1000,False,0,2,[ 8.00939743 -3.31168037  3.99999117],cruising,[-0.82138112 -0.19970136 -0.21083176]
249.79961347579956,1001,False,1,5,[-7.96049961  6.76809022  4.        ],exiting,[-0.48080528  0.59740651 -0.20557775]
249.79961347579956,1002,False,3,0,[-5.67337359  6.48559296  4.0000053 ],cruising,[ 0.5677905  -0.59831228 -0.99408226]
249.79961347579956,1003,False,6,3,[ 8.42563165 -1.16696055  3.99620378],cruising,[ 0.63925976  0.24903542 -0.34837281]
249.79961347579956,1004,False,2,4,[7.15913451 4.39952062 4.00000006],cruising,[-0.62185191  0.08809385  0.93462812]
249.79961347579956,1005,False,4,1,[-5.30313111  6.70854418  3.99999998],cruising,[ 0.50568378 -0.03156594 -0.11489306]
249.88917541503906,1000,False,0,2,[ 7.94005646 -3.49927522  3.9999925 ],cruising,[-0.82138112 -0.19970136 -0.21083176]
249.88917541503906,1001,False,1,5,[-8.02343734  6.84580021  4.        ],exiting,[-0.48080528  0.59740651 -0.20557775]
249.88917541503906,1002,False,3,0,[-5.51836338  6.58388718  4.00000836],cruising,[ 0.5677905  -0.59831228 -0.99408226]
249.88917541503906,1003,False,6,3,[ 8.40552198 -1.36594699  3.99677321],cruising,[ 0.63925976  0.24903542 -0.34837281]
249.88917541503906,1004,False,2,4,[7.33524669 4.30473401 4.00000005],cruising,[-0.62185191  0.08809385  0.93462812]
249.88917541503906,1005,False,4,1,[-5.12215581  6.76746091  3.99999998],cruising,[ 0.50568378 -0.03156594 -0.11489306]
249.9992139339447,1000,False,0,2,[ 7.86042174 -3.68273724  3.99999362],cruising,[-0.82138112 -0.19970136 -0.21083176]
249.9992139339447,1001,False,1,5,[-8.08637506  6.9235102   4.        ],exiting,[-0.48080528  0.59740651 -0.20557775]
249.9992139339447,1002,False,3,0,[-5.35174877  6.66589221  4.00001019],cruising,[ 0.5677905  -0.59831228 -0.99408226]
249.9992139339447,1003,False,6,3,[ 8.38328894 -1.56470737  3.99725723],cruising,[ 0.63925976  0.24903542 -0.34837281]
249.9992139339447,1004,False,2,4,[7.50301119 4.195853   4.00000004],cruising,[-0.62185191  0.08809385  0.93462812]
249.9992139339447,1005,False,4,1,[-4.93047194  6.80948604  3.99999998],cruising,[ 0.50568378 -0.03156594 -0.11489306]
250.08991503715515,1000,False,0,2,[ 7.7750192  -3.86358636  3.99999458],cruising,[-0.82138112 -0.19970136 -0.21083176]
250.08991503715515,1001,False,1,5,[-8.14931279  7.00122018  4.        ],exiting,[-0.48080528  0.59740651 -0.20557775]
250.08991503715515,1002,False,3,0,[-5.17395438  6.73131373  4.00001076],cruising,[ 0.5677905  -0.59831228 -0.99408226]
250.08991503715515,1003,False,6,3,[ 8.3563889  -1.76289009  3.99766865],cruising,[ 0.63925976  0.24903542 -0.34837281]
250.08991503715515,1004,False,2,4,[7.65875024 4.0709911  4.00000003],cruising,[-0.62185191  0.08809385  0.93462812]
250.08991503715515,1005,False,4,1,[-4.73398165  6.84678976  3.99999998],cruising,[ 0.50568378 -0.03156594 -0.11489306]
250.1878764629364,1000,False,0,2,[ 7.67548645 -4.03706037  3.99999539],cruising,[-0.82138112 -0.19970136 -0.21083176]
250.1878764629364,1001,False,1,5,[-8.21225052  7.07893017  4.        ],exiting,[-0.48080528  0.59740651 -0.20557775]
250.1878764629364,1002,False,3,0,[-4.98503944  6.78011198  4.00001003],cruising,[ 0.5677905  -0.59831228 -0.99408226]
250.1878764629364,1003,False,6,3,[ 8.32729069 -1.960762    3.99801835],cruising,[ 0.63925976  0.24903542 -0.34837281]
250.1878764629364,1004,False,2,4,[7.80107338 3.93129636 4.00000003],cruising,[-0.62185191  0.08809385  0.93462812]
250.1878764629364,1005,False,4,1,[-4.53843165  6.88874447  3.99999999],cruising,[ 0.50568378 -0.03156594 -0.11489306]
250.28854274749756,1000,False,0,2,[ 7.55940008 -4.19931039  3.99999612],cruising,[-0.82138112 -0.19970136 -0.21083176]
250.28854274749756,1001,False,1,5,[-8.27518825  7.15664016  4.        ],exiting,[-0.48080528  0.59740651 -0.20557775]
250.28854274749756,1002,False,3,0,[-4.78915788  6.82049034  4.00000853],cruising,[ 0.5677905  -0.59831228 -0.99408226]
250.28854274749756,1003,False,6,3,[ 8.29572954 -2.15825603  3.9983156 ],cruising,[ 0.63925976  0.24903542 -0.34837281]
250.28854274749756,1004,False,2,4,[7.92851815 3.77823621 4.00000002],cruising,[-0.62185191  0.08809385  0.93462812]
250.28854274749756,1005,False,4,1,[-4.34356252  6.93375581  3.99999999],cruising,[ 0.50568378 -0.03156594 -0.11489306]
250.3892948627472,1000,False,0,2,[ 7.42803232 -4.34865774  3.99999678],cruising,[-0.82138112 -0.19970136 -0.21083176]
250.3892948627472,1001,False,1,5,[-8.33812598  7.23435015  4.        ],exiting,[-0.48080528  0.59740651 -0.20557775]
250.3892948627472,1002,False,3,0,[-4.59421003  6.86515956  4.00000725],cruising,[ 0.5677905  -0.59831228 -0.99408226]
250.3892948627472,1003,False,6,3,[ 8.25868945 -2.35479619  3.99856826],cruising,[ 0.63925976  0.24903542 -0.34837281]
250.3892948627472,1004,False,2,4,[8.03973503 3.61348609 4.00000002],cruising,[-0.62185191  0.08809385  0.93462812]
250.3892948627472,1005,False,4,1,[-4.1490757   6.98039137  3.99999999],cruising,[ 0.50568378 -0.03156594 -0.11489306]
250.50261688232422,1000,False,0,2,[ 7.28325244 -4.48316881  3.99999736],cruising,[-0.82138112 -0.19970136 -0.21083176]
250.50261688232422,1001,False,1,5,[-8.40106371  7.31206014  4.        ],landing,[-0.48080528  0.59740651 -0.20557775]
250.50261688232422,1002,False,3,0,[-4.39991699  6.91259595  4.00000616],cruising,[ 0.5677905  -0.59831228 -0.99408226]
250.50261688232422,1003,False,6,3,[ 8.21895969 -2.55081034  3.99878302],cruising,[ 0.63925976  0.24903542 -0.34837281]
250.50261688232422,1004,False,2,4,[8.13336618 3.43921011 4.00000002],cruising,[-0.62185191  0.08809385  0.93462812]
250.50261688232422,1005,False,4,1,[-3.95468128  7.02741062  3.99999999],cruising,[ 0.50568378 -0.03156594 -0.11489306]
250.58809995651245,1000,False,0,2,[ 7.12744053 -4.60099772  3.99999791],cruising,[-0.82138112 -0.19970136 -0.21083176]
250.58809995651245,1001,False,1,5,[-8.45292847  7.38132381  3.98564559],landing,[-0.48080528  0.59740651 -0.20557775]
250.58809995651245,1002,False,3,0,[-4.20536151  6.95894426  4.00000524],cruising,[ 0.5677905  -0.59831228 -0.99408226]
250.58809995651245,1003,False,6,3,[ 8.1730519  -2.74547023  3.99896557],cruising,[ 0.63925976  0.24903542 -0.34837281]
250.58809995651245,1004,False,2,4,[8.20898767 3.25623629 4.00000001],cruising,[-0.62185191  0.08809385  0.93462812]
250.58809995651245,1005,False,4,1,[-3.75956267  7.07132793  3.99999999],cruising,[ 0.50568378 -0.03156594 -0.11489306]
250.69277119636536,1000,False,0,2,[ 6.9627526  -4.70090413  3.9999984 ],cruising,[-0.82138112 -0.19970136 -0.21083176]
250.69277119636536,1001,False,1,5,[-8.49363802  7.44198163  3.95709609],landing,[-0.48080528  0.59740651 -0.20557775]
250.69277119636536,1002,False,3,0,[-4.01098472  7.00603635  4.00000445],cruising,[ 0.5677905  -0.59831228 -0.99408226]
250.69277119636536,1003,False,6,3,[ 8.12398942 -2.93935905  3.99912073],cruising,[ 0.63925976  0.24903542 -0.34837281]
250.69277119636536,1004,False,2,4,[8.26595648 3.066046   4.00000001],cruising,[-0.62185191  0.08809385  0.93462812]
250.69277119636536,1005,False,4,1,[-3.56419056  7.11410337  3.99999999],cruising,[ 0.50568378 -0.03156594 -0.11489306]
250.7918622493744,1000,False,0,2,[ 6.79135544 -4.78196946  3.99999886],cruising,[-0.82138112 -0.19970136 -0.21083176]
250.7918622493744,1001,False,1,5,[-8.52309569  7.49384356  3.91454561],landing,[-0.48080528  0.59740651 -0.20557775]
250.7918622493744,1002,False,3,0,[-3.8165137   7.05273775  4.00000378],cruising,[ 0.5677905  -0.59831228 -0.99408226]
250.7918622493744,1003,False,6,3,[ 8.06754982 -3.13123028  3.99925262],cruising,[ 0.63925976  0.24903542 -0.34837281]
250.7918622493744,1004,False,2,4,[8.30379625 2.87001788 4.00000001],cruising,[-0.62185191  0.08809385  0.93462812]
250.7918622493744,1005,False,4,1,[-3.36837931  7.15482134  3.99999999],cruising,[ 0.50568378 -0.03156594 -0.11489306]
250.8890197277069,1000,False,0,2,[ 6.61543706 -4.84355253  3.99999927],cruising,[-0.82138112 -0.19970136 -0.21083176]
250.8890197277069,1001,False,1,5,[-8.54116774  7.53664195  3.85827579],landing,[-0.48080528  0.59740651 -0.20557775]
250.8890197277069,1002,False,3,0,[-3.62172151  7.09808094  4.00000322],cruising,[ 0.5677905  -0.59831228 -0.99408226]
250.8890197277069,1003,False,6,3,[ 8.00721039 -3.32191105  3.99936473],cruising,[ 0.63925976  0.24903542 -0.34837281]
250.8890197277069,1004,False,2,4,[8.33284531 2.67213875 4.00000001],cruising,[-0.62185191  0.08809385  0.93462812]
250.8890197277069,1005,False,4,1,[-3.17151821  7.19011596  4.        ],cruising,[ 0.50568378 -0.03156594 -0.11489306]
251.001567363739,1000,False,0,2,[ 6.43702683 -4.88529144  3.99999963],cruising,[-0.82138112 -0.19970136 -0.21083176]
251.001567363739,1001,False,1,5,[-8.54775616  7.57017677  3.78850366],landing,[-0.48080528  0.59740651 -0.20557775]
251.001567363739,1002,False,3,0,[-3.42590889  7.13879234  4.00000273],cruising,[ 0.5677905  -0.59831228 -0.99408226]
251.001567363739,1003,False,6,3,[ 7.93759782 -3.50940528  3.99946002],cruising,[ 0.63925976  0.24903542 -0.34837281]
251.001567363739,1004,False,2,4,[8.36139453 2.47418688 4.00000001],cruising,[-0.62185191  0.08809385  0.93462812]
251.001567363739,1005,False,4,1,[-2.97409349  7.22210781  4.        ],cruising,[ 0.50568378 -0.03156594 -0.11489306]
251.0898244380951,1000,False,0,2,[ 6.25786498 -4.90704447  3.99999994],cruising,[-0.82138112 -0.19970136 -0.21083176]
251.0898244380951,1001,False,1,5,[-8.54276401  7.5942467   3.70545351],landing,[-0.48080528  0.59740651 -0.20557775]
251.0898244380951,1002,False,3,0,[-3.22957989  7.17693581  4.00000232],cruising,[ 0.5677905  -0.59831228 -0.99408226]
251.0898244380951,1003,False,6,3,[ 7.85764525 -3.69272901  3.99954102],cruising,[ 0.63925976  0.24903542 -0.34837281]
251.0898244380951,1004,False,2,4,[8.385154   2.27560317 4.00000001],cruising,[-0.62185191  0.08809385  0.93462812]
251.0898244380951,1005,False,4,1,[-2.77565743  7.24707038  4.        ],cruising,[ 0.50568378 -0.03156594 -0.11489306]
251.2018928527832,1000,False,0,2,[ 6.07898345 -4.90879947  4.00000019],cruising,[-0.82138112 -0.19970136 -0.21083176]
251.2018928527832,1001,False,1,5,[-8.52609501  7.60864794  3.60935851],landing,[-0.48080528  0.59740651 -0.20557775]
251.2018928527832,1002,False,3,0,[-3.03262329  7.2116935   4.00000197],cruising,[ 0.5677905  -0.59831228 -0.99408226]
251.2018928527832,1003,False,6,3,[ 7.76579102 -3.87038823  3.99960986],cruising,[ 0.63925976  0.24903542 -0.34837281]
251.2018928527832,1004,False,2,4,[8.40797501 2.07690944 4.        ],cruising,[-0.62185191  0.08809385  0.93462812]
251.2018928527832,1005,False,4,1,[-2.57667522  7.26722185  4.        ],cruising,[ 0.50568378 -0.03156594 -0.11489306]
251.28747057914734,1000,False,0,2,[ 5.90164727 -4.89061427  4.0000004 ],cruising,[-0.82138112 -0.19970136 -0.21083176]
251.28747057914734,1001,False,1,5,[-8.50816144  7.62198839  3.51188841],landing,[-0.48080528  0.59740651 -0.20557775]
251.28747057914734,1002,False,3,0,[-2.83455919  7.23945339  4.00000168],cruising,[ 0.5677905  -0.59831228 -0.99408226]
251.28747057914734,1003,False,6,3,[ 7.65991675 -4.04006628  3.99966838],cruising,[ 0.63925976  0.24903542 -0.34837281]
251.28747057914734,1004,False,2,4,[8.42635651 1.87775593 4.        ],cruising,[-0.62185191  0.08809385  0.93462812]
251.28747057914734,1005,False,4,1,[-2.37696181  7.27792477  4.        ],cruising,[ 0.50568378 -0.03156594 -0.11489306]
251.38768076896667,1000,False,0,2,[ 5.72688651 -4.85259557  4.00000055],cruising,[-0.82138112 -0.19970136 -0.21083176]
251.38768076896667,1001,False,1,5,[-8.49022786  7.63532884  3.41441832],landing,[-0.48080528  0.59740651 -0.20557775]
251.38768076896667,1002,False,3,0,[-2.6358938   7.26251987  4.00000143],cruising,[ 0.5677905  -0.59831228 -0.99408226]
251.38768076896667,1003,False,6,3,[ 7.53763469 -4.19830824  3.99971827],cruising,[ 0.63925976  0.24903542 -0.34837281]
251.38768076896667,1004,False,2,4,[8.44358613 1.67849946 4.        ],cruising,[-0.62185191  0.08809385  0.93462812]
251.38768076896667,1005,False,4,1,[-2.17696298  7.27724067  4.        ],cruising,[ 0.50568378 -0.03156594 -0.11489306]
251.4948754310608,1000,False,0,2,[ 5.5550329  -4.79478929  4.00000064],cruising,[-0.82138112 -0.19970136 -0.21083176]
251.4948754310608,1001,False,1,5,[-8.47229428  7.64866929  3.31694823],landing,[-0.48080528  0.59740651 -0.20557775]
251.4948754310608,1002,False,3,0,[-2.43638029  7.27646117  4.00000121],cruising,[ 0.5677905  -0.59831228 -0.99408226]
251.4948754310608,1003,False,6,3,[ 7.4003654  -4.34330697  3.99976241],cruising,[ 0.63925976  0.24903542 -0.34837281]
251.4948754310608,1004,False,2,4,[8.45674444 1.47893278 4.        ],cruising,[-0.62185191  0.08809385  0.93462812]
251.4948754310608,1005,False,4,1,[-1.97799708  7.25692889  4.        ],cruising,[ 0.50568378 -0.03156594 -0.11489306]
251.58791995048523,1000,False,0,2,[ 5.38655241 -4.71726951  4.00000066],cruising,[-0.82138112 -0.19970136 -0.21083176]
251.58791995048523,1001,False,1,5,[-8.4543607   7.66200973  3.21947813],landing,[-0.48080528  0.59740651 -0.20557775]
251.58791995048523,1002,False,3,0,[-2.23640961  7.27988544  4.00000103],cruising,[ 0.5677905  -0.59831228 -0.99408226]
251.58791995048523,1003,False,6,3,[ 7.25053927 -4.47273888  3.99980353],cruising,[ 0.63925976  0.24903542 -0.34837281]
251.58791995048523,1004,False,2,4,[8.46863971 1.27928684 4.        ],cruising,[-0.62185191  0.08809385  0.93462812]
251.58791995048523,1005,False,4,1,[-1.78066226  7.22438705  4.        ],cruising,[ 0.50568378 -0.03156594 -0.11489306]
251.68916201591492,1000,False,0,2,[ 5.22061863 -4.61991254  4.00000063],cruising,[-0.82138112 -0.19970136 -0.21083176]
251.68916201591492,1001,False,1,5,[-8.43642712  7.67535018  3.12200804],landing,[-0.48080528  0.59740651 -0.20557775]
251.68916201591492,1002,False,3,0,[-2.03689633  7.26594087  4.00000088],cruising,[ 0.5677905  -0.59831228 -0.99408226]
251.68916201591492,1003,False,6,3,[ 7.09005859 -4.58524506  3.99984163],cruising,[ 0.63925976  0.24903542 -0.34837281]
251.68916201591492,1004,False,2,4,[8.47899128 1.0795549  4.        ],cruising,[-0.62185191  0.08809385  0.93462812]
251.68916201591492,1005,False,4,1,[-1.58704414  7.17426698  4.        ],cruising,[ 0.50568378 -0.03156594 -0.11489306]
251.80187034606934,1000,False,0,2,[ 5.05303198 -4.510758    4.00000053],cruising,[-0.82138112 -0.19970136 -0.21083176]
251.80187034606934,1001,False,1,5,[-8.41849354  7.68869063  3.02453794],landing,[-0.48080528  0.59740651 -0.20557775]
251.80187034606934,1002,False,3,0,[-1.83960169  7.2331563   4.00000074],cruising,[ 0.5677905  -0.59831228 -0.99408226]
251.80187034606934,1003,False,6,3,[ 6.92097601 -4.67969557  3.99987667],cruising,[ 0.63925976  0.24903542 -0.34837281]
251.80187034606934,1004,False,2,4,[8.4853399  0.87965569 4.        ],cruising,[-0.62185191  0.08809385  0.93462812]
251.80187034606934,1005,False,4,1,[-1.39783226  7.10946832  4.        ],cruising,[ 0.50568378 -0.03156594 -0.11489306]
251.89915490150452,1000,False,0,2,[ 4.881795   -4.4074241   4.00000045],cruising,[-0.82138112 -0.19970136 -0.21083176]
251.89915490150452,1001,False,1,5,[-8.40055996  7.70203107  2.92706785],landing,[-0.48080528  0.59740651 -0.20557775]
251.89915490150452,1002,False,3,0,[-1.64576926  7.18387155  4.00000063],cruising,[ 0.5677905  -0.59831228 -0.99408226]
251.89915490150452,1003,False,6,3,[ 6.74543842 -4.7552164   3.9999086 ],cruising,[ 0.63925976  0.24903542 -0.34837281]
251.89915490150452,1004,False,2,4,[8.49021336 0.67971508 4.        ],cruising,[-0.62185191  0.08809385  0.93462812]
251.89915490150452,1005,False,4,1,[-1.21313042  7.03275306  4.        ],cruising,[ 0.50568378 -0.03156594 -0.11489306]
251.99212789535522,1000,False,0,2,[ 4.7075203  -4.30930004  4.00000038],cruising,[-0.82138112 -0.19970136 -0.21083176]
251.99212789535522,1001,False,1,5,[-8.38262639  7.71537152  2.82959776],landing,[-0.48080528  0.59740651 -0.20557775]
251.99212789535522,1002,False,3,0,[-1.45460575  7.12507944  4.00000054],cruising,[ 0.5677905  -0.59831228 -0.99408226]
251.99212789535522,1003,False,6,3,[ 6.56563398 -4.81119767  3.99993734],cruising,[ 0.63925976  0.24903542 -0.34837281]
251.99212789535522,1004,False,2,4,[8.49341538 0.47974071 4.        ],cruising,[-0.62185191  0.08809385  0.93462812]
251.99212789535522,1005,False,4,1,[-1.03263231  6.94661113  4.        ],cruising,[ 0.50568378 -0.03156594 -0.11489306]
252.0948987007141,1000,False,0,2,[ 4.53004331 -4.2170942   4.00000033],cruising,[-0.82138112 -0.19970136 -0.21083176]
252.0948987007141,1001,False,1,5,[-8.36469281  7.72871197  2.73212766],landing,[-0.48080528  0.59740651 -0.20557775]
252.0948987007141,1002,False,3,0,[-1.26802801  7.05304647  4.00000046],cruising,[ 0.5677905  -0.59831228 -0.99408226]
252.0948987007141,1003,False,6,3,[ 6.3837745  -4.84728481  3.9999628 ],cruising,[ 0.63925976  0.24903542 -0.34837281]
252.0948987007141,1004,False,2,4,[8.49274841 0.27974182 4.        ],cruising,[-0.62185191  0.08809385  0.93462812]
252.0948987007141,1005,False,4,1,[-0.85578207  6.85320881  4.        ],cruising,[ 0.50568378 -0.03156594 -0.11489306]
252.1888279914856,1000,False,0,2,[ 4.35085459 -4.12826064  4.00000028],cruising,[-0.82138112 -0.19970136 -0.21083176]
252.1888279914856,1001,False,1,5,[-8.34675923  7.74205242  2.63465757],landing,[-0.48080528  0.59740651 -0.20557775]
252.1888279914856,1002,False,3,0,[-1.08586885  6.97047504  4.00000039],cruising,[ 0.5677905  -0.59831228 -0.99408226]
252.1888279914856,1003,False,6,3,[ 6.20124299 -4.86338324  3.99998466],cruising,[ 0.63925976  0.24903542 -0.34837281]
252.1888279914856,1004,False,2,4,[8.4905077  0.07975437 4.        ],cruising,[-0.62185191  0.08809385  0.93462812]
252.1888279914856,1005,False,4,1,[-0.68085624  6.7562503   4.        ],cruising,[ 0.50568378 -0.03156594 -0.11489306]
252.29879665374756,1000,False,0,2,[ 4.16978401 -4.04332864  4.00000024],cruising,[-0.82138112 -0.19970136 -0.21083176]
252.29879665374756,1001,False,1,5,[-8.32882565  7.75539286  2.53718747],landing,[-0.48080528  0.59740651 -0.20557775]
252.29879665374756,1002,False,3,0,[-0.90764086  6.87972934  4.00000033],cruising,[ 0.5677905  -0.59831228 -0.99408226]
252.29879665374756,1003,False,6,3,[ 6.01949976 -4.85949721  4.00000286],cruising,[ 0.63925976  0.24903542 -0.34837281]
252.29879665374756,1004,False,2,4,[ 8.48652431 -0.12020595  4.        ],cruising,[-0.62185191  0.08809385  0.93462812]
252.29879665374756,1005,False,4,1,[-0.5086543  6.6545326  4.       ],cruising,[ 0.50568378 -0.03156594 -0.11489306]
252.39653515815735,1000,False,0,2,[ 3.98774741 -3.96048736  4.0000002 ],cruising,[-0.82138112 -0.19970136 -0.21083176]
252.39653515815735,1001,False,1,5,[-8.31089207  7.76873331  2.43971738],landing,[-0.48080528  0.59740651 -0.20557775]
252.39653515815735,1002,False,3,0,[-0.7315541   6.78489552  4.00000028],cruising,[ 0.5677905  -0.59831228 -0.99408226]
252.39653515815735,1003,False,6,3,[ 5.83973727 -4.8357095   4.00001729],cruising,[ 0.63925976  0.24903542 -0.34837281]
252.39653515815735,1004,False,2,4,[ 8.48066214 -0.32012002  4.        ],cruising,[-0.62185191  0.08809385  0.93462812]
252.39653515815735,1005,False,4,1,[-0.33769083  6.5507468   4.        ],cruising,[ 0.50568378 -0.03156594 -0.11489306]
252.49523973464966,1000,False,0,2,[ 3.80457912 -3.88017933  4.00000017],cruising,[-0.82138112 -0.19970136 -0.21083176]
252.49523973464966,1001,False,1,5,[-8.29295849  7.78207376  2.34224729],landing,[-0.48080528  0.59740651 -0.20557775]
252.49523973464966,1002,False,3,0,[-0.55850452  6.68462666  4.00000024],cruising,[ 0.5677905  -0.59831228 -0.99408226]
252.49523973464966,1003,False,6,3,[ 5.66249405 -4.7920811   4.00002764],cruising,[ 0.63925976  0.24903542 -0.34837281]
252.49523973464966,1004,False,2,4,[ 8.47077324 -0.5198754   4.        ],cruising,[-0.62185191  0.08809385  0.93462812]
252.49523973464966,1005,False,4,1,[-0.16828809  6.44443259  4.        ],cruising,[ 0.50568378 -0.03156594 -0.11489306]
252.59198307991028,1000,False,0,2,[ 3.62079482 -3.80129124  4.00000014],cruising,[-0.82138112 -0.19970136 -0.21083176]
252.59198307991028,1001,False,1,5,[-8.27502491  7.79541421  2.24477719],landing,[-0.48080528  0.59740651 -0.20557775]
252.59198307991028,1002,False,3,0,[-0.38766622  6.58063496  4.0000002 ],cruising,[ 0.5677905  -0.59831228 -0.99408226]
252.59198307991028,1003,False,6,3,[ 5.48850632 -4.72871944  4.00003377],cruising,[ 0.63925976  0.24903542 -0.34837281]
252.59198307991028,1004,False,2,4,[ 8.45912148 -0.7195357   4.        ],cruising,[-0.62185191  0.08809385  0.93462812]
252.59198307991028,1005,False,4,1,[6.34523637e-04 6.33735714e+00 4.00000000e+00],cruising,[ 0.50568378 -0.03156594 -0.11489306]
252.70138788223267,1000,False,0,2,[ 3.43627797 -3.72413211  4.00000012],cruising,[-0.82138112 -0.19970136 -0.21083176]
252.70138788223267,1001,False,1,5,[-8.25709134  7.80875465  2.1473071 ],landing,[-0.48080528  0.59740651 -0.20557775]
252.70138788223267,1002,False,3,0,[-0.2177376   6.47516333  4.00000017],cruising,[ 0.5677905  -0.59831228 -0.99408226]
252.70138788223267,1003,False,6,3,[ 5.31757673 -4.64559296  4.00003521],cruising,[ 0.63925976  0.24903542 -0.34837281]
252.70138788223267,1004,False,2,4,[ 8.44554225 -0.91907418  4.        ],cruising,[-0.62185191  0.08809385  0.93462812]
252.70138788223267,1005,False,4,1,[0.16918925 6.22970351 4.        ],cruising,[ 0.50568378 -0.03156594 -0.11489306]
252.80360078811646,1000,False,0,2,[ 3.25125074 -3.64820501  4.0000001 ],cruising,[-0.82138112 -0.19970136 -0.21083176]
252.80360078811646,1001,False,1,5,[-8.23915776  7.8220951   2.049837  ],landing,[-0.48080528  0.59740651 -0.20557775]
252.80360078811646,1002,False,3,0,[-0.04886537  6.36800845  4.00000015],cruising,[ 0.5677905  -0.59831228 -0.99408226]
252.80360078811646,1003,False,6,3,[ 5.14918118 -4.54262767  4.00003152],cruising,[ 0.63925976  0.24903542 -0.34837281]
252.80360078811646,1004,False,2,4,[ 8.42989077 -1.11846082  4.        ],cruising,[-0.62185191  0.08809385  0.93462812]
252.80360078811646,1005,False,4,1,[0.33799088 6.12243745 4.        ],cruising,[ 0.50568378 -0.03156594 -0.11489306]
252.89956736564636,1000,False,0,2,[ 3.06567992 -3.57361635  4.00000009],cruising,[-0.82138112 -0.19970136 -0.21083176]
252.89956736564636,1001,False,1,5,[-8.22122418  7.83543555  1.95236691],landing,[-0.48080528  0.59740651 -0.20557775]
252.89956736564636,1002,False,3,0,[0.11982642 6.26056973 4.00000012],cruising,[ 0.5677905  -0.59831228 -0.99408226]
252.89956736564636,1003,False,6,3,[ 4.97721496 -4.44051196  4.00002679],cruising,[ 0.63925976  0.24903542 -0.34837281]
252.89956736564636,1004,False,2,4,[ 8.40982989 -1.31745217  4.        ],cruising,[-0.62185191  0.08809385  0.93462812]
252.89956736564636,1005,False,4,1,[0.50753186 6.01634382 4.        ],cruising,[ 0.50568378 -0.03156594 -0.11489306]
252.9926986694336,1000,False,0,2,[ 2.87954664 -3.50044255  4.00000008],cruising,[-0.82138112 -0.19970136 -0.21083176]
252.9926986694336,1001,False,1,5,[-8.2032906   7.848776    1.85489682],landing,[-0.48080528  0.59740651 -0.20557775]
252.9926986694336,1002,False,3,0,[0.28860274 6.15326383 4.00000011],cruising,[ 0.5677905  -0.59831228 -0.99408226]
252.9926986694336,1003,False,6,3,[ 4.80243796 -4.34328542  4.00002277],cruising,[ 0.63925976  0.24903542 -0.34837281]
252.9926986694336,1004,False,2,4,[ 8.38774684 -1.51622928  4.        ],cruising,[-0.62185191  0.08809385  0.93462812]
252.9926986694336,1005,False,4,1,[0.67796728 5.91169313 4.        ],cruising,[ 0.50568378 -0.03156594 -0.11489306]
253.0911796092987,1000,False,0,2,[ 2.69274452 -3.4289935   4.00000006],cruising,[-0.82138112 -0.19970136 -0.21083176]
253.0911796092987,1001,False,1,5,[-8.18535702  7.86211644  1.75742672],landing,[-0.48080528  0.59740651 -0.20557775]
253.0911796092987,1002,False,3,0,[0.45788383 6.04675603 4.00000009],exiting,[ 0.5677905  -0.59831228 -0.99408226]
253.0911796092987,1003,False,6,3,[ 4.62452777 -4.25191821  4.00001935],cruising,[ 0.63925976  0.24903542 -0.34837281]
253.0911796092987,1004,False,2,4,[ 8.36343572 -1.71474621  4.        ],cruising,[-0.62185191  0.08809385  0.93462812]
253.0911796092987,1005,False,4,1,[0.85010465 5.80986619 4.        ],cruising,[ 0.50568378 -0.03156594 -0.11489306]
253.19436621665955,1000,False,0,2,[ 2.50543312 -3.35889044  4.00000005],cruising,[-0.82138112 -0.19970136 -0.21083176]
253.19436621665955,1001,False,1,5,[-8.16742344  7.87545689  1.65995663],landing,[-0.48080528  0.59740651 -0.20557775]
253.19436621665955,1002,False,3,0,[0.6168914  5.95740792 4.00000007],exiting,[ 0.5677905  -0.59831228 -0.99408226]
253.19436621665955,1003,False,6,3,[ 4.44505514 -4.16365966  4.00001645],cruising,[ 0.63925976  0.24903542 -0.34837281]
253.19436621665955,1004,False,2,4,[ 8.33426616 -1.91260762  4.        ],cruising,[-0.62185191  0.08809385  0.93462812]
253.19436621665955,1005,False,4,1,[1.02368141 5.71051274 4.        ],cruising,[ 0.50568378 -0.03156594 -0.11489306]
253.29205107688904,1000,False,0,2,[ 2.31724434 -3.29117793  4.00000005],cruising,[-0.82138112 -0.19970136 -0.21083176]
253.29205107688904,1001,False,1,5,[-8.14948986  7.88879734  1.56248653],landing,[-0.48080528  0.59740651 -0.20557775]
253.29205107688904,1002,False,3,0,[0.76547052 5.88512578 4.00000006],exiting,[ 0.5677905  -0.59831228 -0.99408226]
253.29205107688904,1003,False,6,3,[ 4.26373726 -4.07925688  4.00001398],cruising,[ 0.63925976  0.24903542 -0.34837281]
253.29205107688904,1004,False,2,4,[ 8.30277464 -2.11011277  4.        ],cruising,[-0.62185191  0.08809385  0.93462812]
253.29205107688904,1005,False,4,1,[1.19894071 5.61415829 4.        ],cruising,[ 0.50568378 -0.03156594 -0.11489306]
253.38979840278625,1000,False,0,2,[ 2.12847783 -3.22509311  4.00000004],cruising,[-0.82138112 -0.19970136 -0.21083176]
253.38979840278625,1001,False,1,5,[-8.13155629  7.90213779  1.46501644],fake_landed,[-0.48080528  0.59740651 -0.20557775]
253.38979840278625,1002,False,3,0,[0.90344751 5.82980226 4.00000004],exiting,[ 0.5677905  -0.59831228 -0.99408226]
253.38979840278625,1003,False,6,3,[ 4.08156363 -3.99671738  4.00001189],cruising,[ 0.63925976  0.24903542 -0.34837281]
253.38979840278625,1004,False,2,4,[ 8.26868142 -2.30718547  4.        ],cruising,[-0.62185191  0.08809385  0.93462812]
253.38979840278625,1005,False,4,1,[1.37701703 5.52311533 4.        ],cruising,[ 0.50568378 -0.03156594 -0.11489306]
253.49527668952942,1000,False,0,2,[ 1.93852674 -3.16249452  4.00000003],cruising,[-0.82138112 -0.19970136 -0.21083176]
253.49527668952942,1001,False,1,5,[-8.11720942  7.91281014  1.38704036],fake_landed,[-0.48080528  0.59740651 -0.20557775]
253.49527668952942,1002,False,3,0,[1.03062578 5.79131286 4.00000003],exiting,[ 0.5677905  -0.59831228 -0.99408226]
253.49527668952942,1003,False,6,3,[ 3.89828266 -3.91666687  4.0000101 ],cruising,[ 0.63925976  0.24903542 -0.34837281]
253.49527668952942,1004,False,2,4,[ 8.22879873 -2.50316856  4.        ],cruising,[-0.62185191  0.08809385  0.93462812]
253.49527668952942,1005,False,4,1,[1.55711953 5.43614929 4.        ],cruising,[ 0.50568378 -0.03156594 -0.11489306]
253.5984661579132,1000,False,0,2,[ 1.7472129  -3.10419345  4.00000003],cruising,[-0.82138112 -0.19970136 -0.21083176]
253.5984661579132,1001,False,1,5,[-8.10644928  7.92081441  1.32855831],fake_landed,[-0.48080528  0.59740651 -0.20557775]
253.5984661579132,1002,False,3,0,[1.14677722 5.76950906 4.00000001],exiting,[ 0.5677905  -0.59831228 -0.99408226]
253.5984661579132,1003,False,6,3,[ 3.71447669 -3.83782928  4.00000859],cruising,[ 0.63925976  0.24903542 -0.34837281]
253.5984661579132,1004,False,2,4,[ 8.18604833 -2.69854615  4.        ],cruising,[-0.62185191  0.08809385  0.93462812]
253.5984661579132,1005,False,4,1,[1.73942436 5.35389999 4.        ],cruising,[ 0.50568378 -0.03156594 -0.11489306]
253.69585537910461,1000,False,0,2,[ 1.55434475 -3.05126069  4.00000002],cruising,[-0.82138112 -0.19970136 -0.21083176]
253.69585537910461,1001,False,1,5,[-8.09927584  7.92615059  1.28957027],fake_landed,[-0.48080528  0.59740651 -0.20557775]
253.69585537910461,1002,False,3,0,[1.25162196 5.76420248 4.        ],exiting,[ 0.5677905  -0.59831228 -0.99408226]
253.69585537910461,1003,False,6,3,[ 3.52995978 -3.76067028  4.0000073 ],cruising,[ 0.63925976  0.24903542 -0.34837281]
253.69585537910461,1004,False,2,4,[ 8.13667933 -2.89235715  4.        ],cruising,[-0.62185191  0.08809385  0.93462812]
253.69585537910461,1005,False,4,1,[1.92514928 5.27969583 4.        ],cruising,[ 0.50568378 -0.03156594 -0.11489306]
253.80236148834229,1000,False,0,2,[ 1.35973369 -3.00514632  4.00000002],cruising,[-0.82138112 -0.19970136 -0.21083176]
253.80236148834229,1001,False,1,5,[-8.09568913  7.92881868  1.27007625],fake_landed,[-0.48080528  0.59740651 -0.20557775]
253.80236148834229,1002,False,3,0,[1.34477453 5.77512222 3.99999999],exiting,[ 0.5677905  -0.59831228 -0.99408226]
253.80236148834229,1003,False,6,3,[ 3.34501546 -3.68454147  4.0000062 ],cruising,[ 0.63925976  0.24903542 -0.34837281]
253.80236148834229,1004,False,2,4,[ 8.08391445 -3.08527129  4.        ],cruising,[-0.62185191  0.08809385  0.93462812]
253.80236148834229,1005,False,4,1,[2.11310055 5.21132686 4.        ],cruising,[ 0.50568378 -0.03156594 -0.11489306]
253.90356278419495,1000,False,0,2,[ 1.16324036 -2.96785861  4.00000002],cruising,[-0.82138112 -0.19970136 -0.21083176]
253.90356278419495,1001,False,5,6,[-8.09568913  7.92881868  1.27007625],waiting,[-0.48080528  0.59740651 -0.20557775]
253.90356278419495,1002,False,3,0,[1.42599708 5.8020942  3.99999998],exiting,[ 0.5677905  -0.59831228 -0.99408226]
253.90356278419495,1003,False,6,3,[ 3.15956853 -3.60964529  4.00000527],cruising,[ 0.63925976  0.24903542 -0.34837281]
253.90356278419495,1004,False,2,4,[ 8.02313331 -3.27581172  4.        ],cruising,[-0.62185191  0.08809385  0.93462812]
253.90356278419495,1005,False,4,1,[2.30368312 5.15067797 4.        ],cruising,[ 0.50568378 -0.03156594 -0.11489306]
253.9887969493866,1000,False,0,2,[ 0.96415543 -2.94874875  4.00000001],cruising,[-0.82138112 -0.19970136 -0.21083176]
253.9887969493866,1001,False,5,6,[-8.09568913  7.92881868  1.27007625],waiting,[-0.48080528  0.59740651 -0.20557775]
253.9887969493866,1002,False,3,0,[1.49504946 5.84493713 3.99999998],exiting,[ 0.5677905  -0.59831228 -0.99408226]
253.9887969493866,1003,False,6,3,[ 2.97362133 -3.53599992  4.00000448],cruising,[ 0.63925976  0.24903542 -0.34837281]
253.9887969493866,1004,False,2,4,[ 7.95811413 -3.46494793  4.        ],exiting,[-0.62185191  0.08809385  0.93462812]
253.9887969493866,1005,False,4,1,[2.49737525 5.10084467 4.        ],cruising,[ 0.50568378 -0.03156594 -0.11489306]
254.09111285209656,1000,False,0,2,[ 0.76425314 -2.94249778  4.00000001],cruising,[-0.82138112 -0.19970136 -0.21083176]
254.09111285209656,1001,False,5,6,[-8.09568913  7.92881868  1.27007625],waiting,[-0.48080528  0.59740651 -0.20557775]
254.09111285209656,1002,False,3,0,[1.55168938 5.90346223 3.99999998],exiting,[ 0.5677905  -0.59831228 -0.99408226]
254.09111285209656,1003,False,6,3,[ 2.78708358 -3.46386348  4.00000381],cruising,[ 0.63925976  0.24903542 -0.34837281]
254.09111285209656,1004,False,2,4,[ 7.90669339 -3.63941845  4.        ],exiting,[-0.62185191  0.08809385  0.93462812]
254.09111285209656,1005,False,4,1,[2.69394292 5.06395092 4.        ],cruising,[ 0.50568378 -0.03156594 -0.11489306]
254.20183682441711,1000,False,0,2,[ 0.56446337 -2.95166554  4.00000001],cruising,[-0.82138112 -0.19970136 -0.21083176]
254.20183682441711,1001,False,5,6,[-8.09568913  7.92881868  1.27007625],waiting,[-0.48080528  0.59740651 -0.20557775]
254.20183682441711,1002,False,3,0,[1.59567235 5.97747287 3.99999998],exiting,[ 0.5677905  -0.59831228 -0.99408226]
254.20183682441711,1003,False,6,3,[ 2.60006873 -3.39297311  4.00000324],cruising,[ 0.63925976  0.24903542 -0.34837281]
254.20183682441711,1004,False,2,4,[ 7.86901926 -3.79936209  4.        ],exiting,[-0.62185191  0.08809385  0.93462812]
254.20183682441711,1005,False,4,1,[2.89157905 5.03329214 4.        ],cruising,[ 0.50568378 -0.03156594 -0.11489306]
254.2986626625061,1000,False,0,2,[ 0.36591385 -2.97570907  4.00000001],cruising,[-0.82138112 -0.19970136 -0.21083176]
254.2986626625061,1001,False,5,6,[-8.09568913  7.92881868  1.27007625],waiting,[-0.48080528  0.59740651 -0.20557775]
254.2986626625061,1002,False,3,0,[1.6267516  6.06676402 3.99999998],exiting,[ 0.5677905  -0.59831228 -0.99408226]
254.2986626625061,1003,False,6,3,[ 2.41226748 -3.32419309  4.00000275],cruising,[ 0.63925976  0.24903542 -0.34837281]
254.2986626625061,1004,False,2,4,[ 7.84527437 -3.94495383  4.        ],exiting,[-0.62185191  0.08809385  0.93462812]
254.2986626625061,1005,False,4,1,[3.08994502 5.00777855 4.        ],cruising,[ 0.50568378 -0.03156594 -0.11489306]
254.38855910301208,1000,False,0,2,[ 0.16958985 -3.01387823  4.00000001],cruising,[-0.82138112 -0.19970136 -0.21083176]
254.38855910301208,1001,False,5,6,[-8.09568913  7.92881868  1.27007625],waiting,[-0.48080528  0.59740651 -0.20557775]
254.38855910301208,1002,False,3,0,[1.65111223 6.16375144 3.99999998],exiting,[ 0.5677905  -0.59831228 -0.99408226]
254.38855910301208,1003,False,6,3,[ 2.22353309 -3.25801658  4.00000234],cruising,[ 0.63925976  0.24903542 -0.34837281]
254.38855910301208,1004,False,2,4,[ 7.83569174 -4.07642361  4.        ],exiting,[-0.62185191  0.08809385  0.93462812]
254.38855910301208,1005,False,4,1,[3.28880001 4.98640821 4.        ],cruising,[ 0.50568378 -0.03156594 -0.11489306]
254.48926258087158,1000,False,0,2,[-0.02372498 -3.06515569  4.00000001],cruising,[-0.82138112 -0.19970136 -0.21083176]
254.48926258087158,1001,False,5,6,[-8.09568913  7.92881868  1.27007625],waiting,[-0.48080528  0.59740651 -0.20557775]
254.48926258087158,1002,False,3,0,[1.67547287 6.26073886 3.99999999],exiting,[ 0.5677905  -0.59831228 -0.99408226]
254.48926258087158,1003,False,6,3,[ 2.03420161 -3.19356823  4.00000199],cruising,[ 0.63925976  0.24903542 -0.34837281]
254.48926258087158,1004,False,2,4,[ 7.8404513  -4.19395417  4.        ],exiting,[-0.62185191  0.08809385  0.93462812]
254.48926258087158,1005,False,4,1,[3.48797594 4.96827125 4.        ],cruising,[ 0.50568378 -0.03156594 -0.11489306]
254.5940625667572,1000,False,0,2,[-0.21231937 -3.13173013  4.00000001],cruising,[-0.82138112 -0.19970136 -0.21083176]
254.5940625667572,1001,False,5,6,[-8.09568913  7.92881868  1.27007625],waiting,[-0.48080528  0.59740651 -0.20557775]
254.5940625667572,1002,False,3,0,[1.69983351 6.35772628 3.99999999],exiting,[ 0.5677905  -0.59831228 -0.99408226]
254.5940625667572,1003,False,6,3,[ 1.8435976  -3.13298678  4.00000169],cruising,[ 0.63925976  0.24903542 -0.34837281]
254.5940625667572,1004,False,2,4,[ 7.85973179 -4.29773182  4.        ],exiting,[-0.62185191  0.08809385  0.93462812]
254.5940625667572,1005,False,4,1,[3.68725186 4.95126801 4.        ],cruising,[ 0.50568378 -0.03156594 -0.11489306]
254.70075678825378,1000,False,0,2,[-0.39749219 -3.20730148  4.        ],cruising,[-0.82138112 -0.19970136 -0.21083176]
254.70075678825378,1001,False,5,6,[-8.09568913  7.92881868  1.27007625],waiting,[-0.48080528  0.59740651 -0.20557775]
254.70075678825378,1002,False,3,0,[1.72419415 6.45471369 3.99999999],exiting,[ 0.5677905  -0.59831228 -0.99408226]
254.70075678825378,1003,False,6,3,[ 1.65153551 -3.07720009  4.00000144],cruising,[ 0.63925976  0.24903542 -0.34837281]
254.70075678825378,1004,False,2,4,[ 7.8873089  -4.39385415  4.        ],exiting,[-0.62185191  0.08809385  0.93462812]
254.70075678825378,1005,False,4,1,[3.88671186 4.93658105 4.        ],cruising,[ 0.50568378 -0.03156594 -0.11489306]
254.7914400100708,1000,False,0,2,[-0.57854614 -3.29226892  4.        ],cruising,[-0.82138112 -0.19970136 -0.21083176]
254.7914400100708,1001,False,5,6,[-8.09568913  7.92881868  1.27007625],queued,[-0.48080528  0.59740651 -0.20557775]
254.7914400100708,1002,False,3,0,[1.74855478 6.55170111 3.99999999],exiting,[ 0.5677905  -0.59831228 -0.99408226]
254.7914400100708,1003,False,6,3,[ 1.4578221  -3.02744959  4.00000122],cruising,[ 0.63925976  0.24903542 -0.34837281]
254.7914400100708,1004,False,2,4,[ 7.91488601 -4.48997649  4.        ],exiting,[-0.62185191  0.08809385  0.93462812]
254.7914400100708,1005,False,4,1,[4.08627458 4.92336281 4.        ],cruising,[ 0.50568378 -0.03156594 -0.11489306]
254.88878536224365,1000,False,0,2,[-0.75700837 -3.38255309  4.        ],cruising,[-0.82138112 -0.19970136 -0.21083176]
254.88878536224365,1001,False,5,6,[-8.09568913  7.92881868  1.29007625],queued,[-0.48080528  0.59740651 -0.20557775]
254.88878536224365,1002,False,3,0,[1.77291542 6.64868853 3.99999999],exiting,[ 0.5677905  -0.59831228 -0.99408226]
254.88878536224365,1003,False,6,3,[ 1.26228467 -2.98543633  4.00000104],cruising,[ 0.63925976  0.24903542 -0.34837281]
254.88878536224365,1004,False,2,4,[ 7.94246312 -4.58609882  4.        ],exiting,[-0.62185191  0.08809385  0.93462812]
254.88878536224365,1005,False,4,1,[4.2858832  4.91085689 4.        ],cruising,[ 0.50568378 -0.03156594 -0.11489306]
254.98900389671326,1000,False,0,2,[-0.9350094  -3.47374318  4.        ],cruising,[-0.82138112 -0.19970136 -0.21083176]
254.98900389671326,1001,False,5,6,[-8.09568913  7.92881868  1.33007625],queued,[-0.48080528  0.59740651 -0.20557775]
254.98900389671326,1002,False,3,0,[1.79727606 6.74567595 4.        ],exiting,[ 0.5677905  -0.59831228 -0.99408226]
254.98900389671326,1003,False,6,3,[ 1.06484439 -2.95354061  4.00000088],cruising,[ 0.63925976  0.24903542 -0.34837281]
254.98900389671326,1004,False,2,4,[ 7.97004022 -4.68222115  4.        ],exiting,[-0.62185191  0.08809385  0.93462812]
254.98900389671326,1005,False,4,1,[4.48549338 4.8983759  4.        ],cruising,[ 0.50568378 -0.03156594 -0.11489306]
255.08896350860596,1000,False,0,2,[-1.11595662 -3.55893769  4.        ],cruising,[-0.82138112 -0.19970136 -0.21083176]
255.08896350860596,1001,False,5,6,[-8.09568913  7.92881868  1.39007625],queued,[-0.48080528  0.59740651 -0.20557775]
255.08896350860596,1002,False,3,0,[1.8216367  6.84266337 4.        ],exiting,[ 0.5677905  -0.59831228 -0.99408226]
255.08896350860596,1003,False,6,3,[ 0.86524817 -2.94152834  4.00000075],cruising,[ 0.63925976  0.24903542 -0.34837281]
255.08896350860596,1004,False,2,4,[ 7.99761733 -4.77834349  4.        ],exiting,[-0.62185191  0.08809385  0.93462812]
255.08896350860596,1005,False,4,1,[4.68506422 4.88528085 4.        ],cruising,[ 0.50568378 -0.03156594 -0.11489306]
255.19119024276733,1000,False,0,2,[-1.30380346 -3.62759309  4.        ],cruising,[-0.82138112 -0.19970136 -0.21083176]
255.19119024276733,1001,False,5,6,[-8.09568913  7.92881868  1.46507625],queued,[-0.48080528  0.59740651 -0.20557775]
255.19119024276733,1002,False,3,0,[1.84599733 6.93965079 4.        ],exiting,[ 0.5677905  -0.59831228 -0.99408226]
255.19119024276733,1003,False,6,3,[ 0.66529563 -2.94588507  4.00000064],cruising,[ 0.63925976  0.24903542 -0.34837281]
255.19119024276733,1004,False,2,4,[ 8.02519444 -4.87446582  4.        ],exiting,[-0.62185191  0.08809385  0.93462812]
255.19119024276733,1005,False,4,1,[4.88459084 4.87152853 4.        ],cruising,[ 0.50568378 -0.03156594 -0.11489306]
255.28983664512634,1000,False,0,2,[-1.49698665 -3.67697354  4.        ],cruising,[-0.82138112 -0.19970136 -0.21083176]
255.28983664512634,1001,False,5,6,[-8.09568913  7.92881868  1.54007625],queued,[-0.48080528  0.59740651 -0.20557775]
255.28983664512634,1002,False,3,0,[1.87035797 7.03663821 4.        ],exiting,[ 0.5677905  -0.59831228 -0.99408226]
255.28983664512634,1003,False,6,3,[ 0.46579329 -2.95998525  4.00000054],cruising,[ 0.63925976  0.24903542 -0.34837281]
255.28983664512634,1004,False,2,4,[ 8.05277155 -4.97058816  4.        ],exiting,[-0.62185191  0.08809385  0.93462812]
255.28983664512634,1005,False,4,1,[5.0839979  4.85613934 4.        ],cruising,[ 0.50568378 -0.03156594 -0.11489306]
255.3889377117157,1000,False,0,2,[-1.69249875 -3.70649006  4.        ],cruising,[-0.82138112 -0.19970136 -0.21083176]
255.3889377117157,1001,False,5,6,[-8.09568913  7.92881868  1.61507625],queued,[-0.48080528  0.59740651 -0.20557775]
255.3889377117157,1002,False,3,0,[1.89471861 7.13362562 4.        ],exiting,[ 0.5677905  -0.59831228 -0.99408226]
255.3889377117157,1003,False,6,3,[ 0.26794406 -2.98923732  4.00000046],cruising,[ 0.63925976  0.24903542 -0.34837281]
255.3889377117157,1004,False,2,4,[ 8.08034866 -5.06671049  4.        ],exiting,[-0.62185191  0.08809385  0.93462812]
255.3889377117157,1005,False,4,1,[5.28321558 4.8384669  4.        ],cruising,[ 0.50568378 -0.03156594 -0.11489306]
255.48924374580383,1000,False,0,2,[-1.88707575 -3.71602844  4.        ],cruising,[-0.82138112 -0.19970136 -0.21083176]
255.48924374580383,1001,False,5,6,[-8.09568913  7.92881868  1.69007625],queued,[-0.48080528  0.59740651 -0.20557775]
255.48924374580383,1002,False,3,0,[1.91907924 7.23061304 4.        ],exiting,[ 0.5677905  -0.59831228 -0.99408226]
255.48924374580383,1003,False,6,3,[ 0.07371643 -3.03694086  4.00000039],cruising,[ 0.63925976  0.24903542 -0.34837281]
255.48924374580383,1004,False,2,4,[ 8.10792577 -5.16283282  4.        ],exiting,[-0.62185191  0.08809385  0.93462812]
255.48924374580383,1005,False,4,1,[5.48215078 4.81785655 4.        ],cruising,[ 0.50568378 -0.03156594 -0.11489306]
255.5886197090149,1000,False,0,2,[-2.07769325 -3.70596268  4.        ],cruising,[-0.82138112 -0.19970136 -0.21083176]
255.5886197090149,1001,False,5,6,[-8.09568913  7.92881868  1.76507625],queued,[-0.48080528  0.59740651 -0.20557775]
255.5886197090149,1002,False,3,0,[1.94343988 7.32760046 4.        ],exiting,[ 0.5677905  -0.59831228 -0.99408226]
255.5886197090149,1003,False,6,3,[-0.11726038 -3.09633662  4.00000033],exiting,[ 0.63925976  0.24903542 -0.34837281]
255.5886197090149,1004,False,2,4,[ 8.13550288 -5.25895516  4.        ],exiting,[-0.62185191  0.08809385  0.93462812]
255.5886197090149,1005,False,4,1,[5.68067749 4.79362548 4.        ],cruising,[ 0.50568378 -0.03156594 -0.11489306]
255.68845319747925,1000,False,0,2,[-2.26174727 -3.67700458  4.        ],cruising,[-0.82138112 -0.19970136 -0.21083176]
255.68845319747925,1001,False,5,6,[-8.09568913  7.92881868  1.84007625],queued,[-0.48080528  0.59740651 -0.20557775]
255.68845319747925,1002,False,3,0,[1.96780052 7.42458788 4.        ],exiting,[ 0.5677905  -0.59831228 -0.99408226]
255.68845319747925,1003,False,6,3,[-0.28868658 -3.15994819  4.00000027],exiting,[ 0.63925976  0.24903542 -0.34837281]
255.68845319747925,1004,False,2,4,[ 8.16307999 -5.35507749  4.        ],exiting,[-0.62185191  0.08809385  0.93462812]
255.68845319747925,1005,False,4,1,[5.87892983 4.76724352 4.        ],cruising,[ 0.50568378 -0.03156594 -0.11489306]
255.78849697113037,1000,False,0,2,[-2.436892   -3.63014049  4.        ],cruising,[-0.82138112 -0.19970136 -0.21083176]
255.78849697113037,1001,False,5,6,[-8.09568913  7.92881868  1.91507625],queued,[-0.48080528  0.59740651 -0.20557775]
255.78849697113037,1002,False,3,0,[1.99216116 7.5215753  4.        ],exiting,[ 0.5677905  -0.59831228 -0.99408226]
255.78849697113037,1003,False,6,3,[-0.44054914 -3.22771481  4.00000022],exiting,[ 0.63925976  0.24903542 -0.34837281]
255.78849697113037,1004,False,2,4,[ 8.19065709 -5.45119982  4.        ],exiting,[-0.62185191  0.08809385  0.93462812]
255.78849697113037,1005,False,4,1,[6.07641894 4.73565151 4.        ],cruising,[ 0.50568378 -0.03156594 -0.11489306]
255.88949966430664,1000,False,0,2,[-2.6010189  -3.56658486  4.        ],cruising,[-0.82138112 -0.19970136 -0.21083176]
255.88949966430664,1001,False,5,6,[-8.09568913  7.92881868  1.99007625],queued,[-0.48080528  0.59740651 -0.20557775]
255.88949966430664,1002,False,3,0,[2.01652179 7.61856272 4.        ],exiting,[ 0.5677905  -0.59831228 -0.99408226]
255.88949966430664,1003,False,6,3,[-0.57283232 -3.29956161  4.00000016],exiting,[ 0.63925976  0.24903542 -0.34837281]
255.88949966430664,1004,False,2,4,[ 8.2182342  -5.54732216  4.        ],exiting,[-0.62185191  0.08809385  0.93462812]
255.88949966430664,1005,False,4,1,[6.27284686 4.6980208  4.        ],cruising,[ 0.50568378 -0.03156594 -0.11489306]
255.98838901519775,1000,False,0,2,[-2.75235931 -3.48765048  4.        ],cruising,[-0.82138112 -0.19970136 -0.21083176]
255.98838901519775,1001,False,5,6,[-8.09568913  7.92881868  2.06507625],queued,[-0.48080528  0.59740651 -0.20557775]
255.98838901519775,1002,False,3,0,[2.04088243 7.71555014 4.        ],exiting,[ 0.5677905  -0.59831228 -0.99408226]
255.98838901519775,1003,False,6,3,[-0.68551686 -3.37539501  4.00000011],exiting,[ 0.63925976  0.24903542 -0.34837281]
255.98838901519775,1004,False,2,4,[ 8.24581131 -5.64344449  4.        ],exiting,[-0.62185191  0.08809385  0.93462812]
255.98838901519775,1005,False,4,1,[6.46781074 4.65342164 4.        ],cruising,[ 0.50568378 -0.03156594 -0.11489306]
256.0883619785309,1000,False,0,2,[-2.88936884 -3.39476527  4.        ],cruising,[-0.82138112 -0.19970136 -0.21083176]
256.0883619785309,1001,False,5,6,[-8.09568913  7.92881868  2.14007625],queued,[-0.48080528  0.59740651 -0.20557775]
256.0883619785309,1002,False,3,0,[2.06524307 7.81253755 4.        ],exiting,[ 0.5677905  -0.59831228 -0.99408226]
256.0883619785309,1003,False,6,3,[-0.77857805 -3.45509165  4.00000006],exiting,[ 0.63925976  0.24903542 -0.34837281]
256.0883619785309,1004,False,2,4,[ 8.27338842 -5.73956683  4.        ],exiting,[-0.62185191  0.08809385  0.93462812]
256.0883619785309,1005,False,4,1,[6.66076708 4.60081127 4.        ],cruising,[ 0.50568378 -0.03156594 -0.11489306]
256.1926488876343,1000,False,0,2,[-3.01067677 -3.28949216  4.        ],cruising,[-0.82138112 -0.19970136 -0.21083176]
256.1926488876343,1001,False,5,6,[-8.09568913  7.92881868  2.21507625],queued,[-0.48080528  0.59740651 -0.20557775]
256.1926488876343,1002,False,3,0,[2.08960371 7.90952497 4.        ],exiting,[ 0.5677905  -0.59831228 -0.99408226]
256.1926488876343,1003,False,6,3,[-0.8519813  -3.53847134  4.00000002],exiting,[ 0.63925976  0.24903542 -0.34837281]
256.1926488876343,1004,False,2,4,[ 8.30096553 -5.83568916  4.        ],exiting,[-0.62185191  0.08809385  0.93462812]
256.1926488876343,1005,False,4,1,[6.85098545 4.53902963 4.        ],cruising,[ 0.50568378 -0.03156594 -0.11489306]
256.30340600013733,1000,False,0,2,[-3.11512579 -3.1734591   4.        ],cruising,[-0.82138112 -0.19970136 -0.21083176]
256.30340600013733,1001,False,5,6,[-8.09568913  7.92881868  2.29007625],queued,[-0.48080528  0.59740651 -0.20557775]
256.30340600013733,1002,False,3,0,[2.11396434 8.00651239 4.        ],exiting,[ 0.5677905  -0.59831228 -0.99408226]
256.30340600013733,1003,False,6,3,[-0.90570307 -3.62540628  3.99999999],exiting,[ 0.63925976  0.24903542 -0.34837281]
256.30340600013733,1004,False,2,4,[ 8.32854264 -5.93181149  4.        ],exiting,[-0.62185191  0.08809385  0.93462812]
256.30340600013733,1005,False,4,1,[7.03749087 4.46680964 4.        ],cruising,[ 0.50568378 -0.03156594 -0.11489306]
256.40295243263245,1000,False,0,2,[-3.20171589 -3.04842274  4.        ],cruising,[-0.82138112 -0.19970136 -0.21083176]
256.40295243263245,1001,False,5,6,[-8.09568913  7.92881868  2.36507625],queued,[-0.48080528  0.59740651 -0.20557775]
256.40295243263245,1002,False,3,0,[2.13832498 8.10349981 4.        ],exiting,[ 0.5677905  -0.59831228 -0.99408226]
256.40295243263245,1003,False,6,3,[-0.93971967 -3.71576259  3.99999997],exiting,[ 0.63925976  0.24903542 -0.34837281]
256.40295243263245,1004,False,2,4,[ 8.35611975 -6.02793383  4.        ],exiting,[-0.62185191  0.08809385  0.93462812]
256.40295243263245,1005,False,4,1,[7.21614072 4.37689727 4.        ],cruising,[ 0.50568378 -0.03156594 -0.11489306]
256.489364862442,1000,False,0,2,[-3.27013159 -2.91503827  4.        ],cruising,[-0.82138112 -0.19970136 -0.21083176]
256.489364862442,1001,False,5,6,[-8.09568913  7.92881868  2.44007625],queued,[-0.48080528  0.59740651 -0.20557775]
256.489364862442,1002,False,3,0,[2.16268562 8.20048723 4.        ],exiting,[ 0.5677905  -0.59831228 -0.99408226]
256.489364862442,1003,False,6,3,[-0.95400747 -3.80940141  3.99999996],exiting,[ 0.63925976  0.24903542 -0.34837281]
256.489364862442,1004,False,2,4,[ 8.38369686 -6.12405616  4.        ],exiting,[-0.62185191  0.08809385  0.93462812]
256.489364862442,1005,False,4,1,[7.3878886  4.27441476 4.        ],cruising,[ 0.50568378 -0.03156594 -0.11489306]
256.59322929382324,1000,False,0,2,[-3.32015315 -2.77380167  4.        ],cruising,[-0.82138112 -0.19970136 -0.21083176]
256.59322929382324,1001,False,5,6,[-8.09568913  7.92881868  2.51507625],entering,[-0.48080528  0.59740651 -0.20557775]
256.59322929382324,1002,False,3,0,[2.18704625 8.29747465 4.        ],exiting,[ 0.5677905  -0.59831228 -0.99408226]
256.59322929382324,1003,False,6,3,[-0.94854328 -3.90618013  3.99999996],exiting,[ 0.63925976  0.24903542 -0.34837281]
256.59322929382324,1004,False,2,4,[ 8.41127396 -6.2201785   4.        ],exiting,[-0.62185191  0.08809385  0.93462812]
256.59322929382324,1005,False,4,1,[7.55054918 4.15804665 4.        ],cruising,[ 0.50568378 -0.03156594 -0.11489306]
256.7009766101837,1000,False,0,2,[-3.35163824 -2.62505515  4.        ],cruising,[-0.82138112 -0.19970136 -0.21083176]
256.7009766101837,1001,False,5,6,[-8.07783999  7.91979603  2.59007625],entering,[-0.48080528  0.59740651 -0.20557775]
256.7009766101837,1002,False,3,0,[2.21140689 8.39446207 4.        ],exiting,[ 0.5677905  -0.59831228 -0.99408226]
256.7009766101837,1003,False,6,3,[-0.93148592 -4.00471462  3.99999996],exiting,[ 0.63925976  0.24903542 -0.34837281]
256.7009766101837,1004,False,2,4,[ 8.43885107 -6.31630083  4.        ],exiting,[-0.62185191  0.08809385  0.93462812]
256.7009766101837,1005,False,4,1,[7.70152952 4.02687906 4.        ],cruising,[ 0.50568378 -0.03156594 -0.11489306]
256.8003866672516,1000,False,0,2,[-3.36453986 -2.46891574  4.        ],cruising,[-0.82138112 -0.19970136 -0.21083176]
256.8003866672516,1001,False,5,6,[-8.04212804  7.90177782  2.66507625],entering,[-0.48080528  0.59740651 -0.20557775]
256.8003866672516,1002,False,3,0,[2.23576753 8.49144948 4.        ],exiting,[ 0.5677905  -0.59831228 -0.99408226]
256.8003866672516,1003,False,6,3,[-0.91442856 -4.10324912  3.99999997],exiting,[ 0.63925976  0.24903542 -0.34837281]
256.8003866672516,1004,False,2,4,[ 8.46642818 -6.41242316  4.        ],exiting,[-0.62185191  0.08809385  0.93462812]
256.8003866672516,1005,False,4,1,[7.8382532  3.88168478 4.        ],cruising,[ 0.50568378 -0.03156594 -0.11489306]
256.8989489078522,1000,False,0,2,[-3.35904162 -2.30493763  4.        ],cruising,[-0.82138112 -0.19970136 -0.21083176]
256.8989489078522,1001,False,5,6,[-7.98852313  7.87482419  2.74007625],entering,[-0.48080528  0.59740651 -0.20557775]
256.8989489078522,1002,False,3,0,[2.26012817 8.5884369  4.        ],exiting,[ 0.5677905  -0.59831228 -0.99408226]
256.8989489078522,1003,False,6,3,[-0.8973712  -4.20178361  3.99999998],exiting,[ 0.63925976  0.24903542 -0.34837281]
256.8989489078522,1004,False,2,4,[ 8.49400529 -6.5085455   4.        ],exiting,[-0.62185191  0.08809385  0.93462812]
256.8989489078522,1005,False,4,1,[7.95947792 3.72385001 4.        ],cruising,[ 0.50568378 -0.03156594 -0.11489306]
256.9886441230774,1000,False,0,2,[-3.33573986 -2.13184718  4.        ],cruising,[-0.82138112 -0.19970136 -0.21083176]
256.9886441230774,1001,False,5,6,[-7.91696815  7.83905039  2.81507625],entering,[-0.48080528  0.59740651 -0.20557775]
256.9886441230774,1002,False,3,0,[2.2844888  8.68542432 4.        ],landing,[ 0.5677905  -0.59831228 -0.99408226]
256.9886441230774,1003,False,6,3,[-0.88031384 -4.3003181   3.99999998],exiting,[ 0.63925976  0.24903542 -0.34837281]
256.9886441230774,1004,False,2,4,[ 8.5215824  -6.60466783  4.        ],exiting,[-0.62185191  0.08809385  0.93462812]
256.9886441230774,1005,False,4,1,[8.06397872 3.55504663 4.        ],cruising,[ 0.50568378 -0.03156594 -0.11489306]
257.08863496780396,1000,False,0,2,[-3.29683956 -1.94623932  4.        ],cruising,[-0.82138112 -0.19970136 -0.21083176]
257.08863496780396,1001,False,5,6,[-7.82741491  7.79455523  2.89007625],entering,[-0.48080528  0.59740651 -0.20557775]
257.08863496780396,1002,False,3,0,[2.30844063 8.76792091 3.98622144],landing,[ 0.5677905  -0.59831228 -0.99408226]
257.08863496780396,1003,False,6,3,[-0.86325648 -4.3988526   3.99999998],exiting,[ 0.63925976  0.24903542 -0.34837281]
257.08863496780396,1004,False,2,4,[ 8.54915951 -6.70079017  4.        ],exiting,[-0.62185191  0.08809385  0.93462812]
257.08863496780396,1005,False,4,1,[8.15082731 3.37684114 4.        ],cruising,[ 0.50568378 -0.03156594 -0.11489306]
257.18939328193665,1000,False,0,2,[-3.26203112 -1.74929168  4.        ],cruising,[-0.82138112 -0.19970136 -0.21083176]
257.18939328193665,1001,False,5,6,[-7.71983924  7.74138872  2.96507625],entering,[-0.48080528  0.59740651 -0.20557775]
257.18939328193665,1002,False,3,0,[2.331906   8.83577271 3.95883062],landing,[ 0.5677905  -0.59831228 -0.99408226]
257.18939328193665,1003,False,6,3,[-0.84619912 -4.49738709  3.99999999],exiting,[ 0.63925976  0.24903542 -0.34837281]
257.18939328193665,1004,False,2,4,[ 8.57673662 -6.7969125   4.        ],exiting,[-0.62185191  0.08809385  0.93462812]
257.18939328193665,1005,False,4,1,[8.21932978 3.19067199 4.        ],exiting,[ 0.50568378 -0.03156594 -0.11489306]
257.2880609035492,1000,False,0,2,[-3.24384436 -1.55012029  4.        ],cruising,[-0.82138112 -0.19970136 -0.21083176]
257.2880609035492,1001,False,5,6,[-7.59421961  7.67959577  3.04007625],entering,[-0.48080528  0.59740651 -0.20557775]
257.2880609035492,1002,False,3,0,[2.35479327 8.88880065 3.91802642],landing,[ 0.5677905  -0.59831228 -0.99408226]
257.2880609035492,1003,False,6,3,[-0.82914176 -4.59592159  3.99999999],exiting,[ 0.63925976  0.24903542 -0.34837281]
257.2880609035492,1004,False,2,4,[ 8.60431373 -6.89303483  4.        ],exiting,[-0.62185191  0.08809385  0.93462812]
257.2880609035492,1005,False,4,1,[8.26988969 3.01333824 4.        ],exiting,[ 0.50568378 -0.03156594 -0.11489306]
257.3884963989258,1000,False,0,2,[-3.24200582 -1.35012874  4.        ],cruising,[-0.82138112 -0.19970136 -0.21083176]
257.3884963989258,1001,False,5,6,[-7.45010883  7.61018197  3.11507625],entering,[-0.48080528  0.59740651 -0.20557775]
257.3884963989258,1002,False,3,0,[2.37697838 8.92676655 3.86408288],landing,[ 0.5677905  -0.59831228 -0.99408226]
257.3884963989258,1003,False,6,3,[-0.8120844  -4.69445608  3.99999999],exiting,[ 0.63925976  0.24903542 -0.34837281]
257.3884963989258,1004,False,2,4,[ 8.63189083 -6.98915717  4.        ],exiting,[-0.62185191  0.08809385  0.93462812]
257.3884963989258,1005,False,4,1,[8.3049994  2.84870455 4.        ],exiting,[ 0.50568378 -0.03156594 -0.11489306]
257.48823165893555,1000,False,0,2,[-3.25474895 -1.15053513  4.        ],cruising,[-0.82138112 -0.19970136 -0.21083176]
257.48823165893555,1001,False,5,6,[-7.28728245  7.53371648  3.19007625],entering,[-0.48080528  0.59740651 -0.20557775]
257.48823165893555,1002,False,3,0,[2.39834663 8.94945478 3.79725815],landing,[ 0.5677905  -0.59831228 -0.99408226]
257.48823165893555,1003,False,6,3,[-0.79502704 -4.79299057  3.99999999],exiting,[ 0.63925976  0.24903542 -0.34837281]
257.48823165893555,1004,False,2,4,[ 8.65946794 -7.0852795   4.        ],landing,[-0.62185191  0.08809385  0.93462812]
257.48823165893555,1005,False,4,1,[8.32575461 2.69799738 4.        ],exiting,[ 0.50568378 -0.03156594 -0.11489306]
257.58830523490906,1000,False,0,2,[-3.28170988 -0.95236069  4.        ],cruising,[-0.82138112 -0.19970136 -0.21083176]
257.58830523490906,1001,False,5,6,[-7.10495654  7.45280483  3.26507625],entering,[-0.48080528  0.59740651 -0.20557775]
257.58830523490906,1002,False,3,0,[2.4187965  8.95667809 3.71778457],landing,[ 0.5677905  -0.59831228 -0.99408226]
257.58830523490906,1003,False,6,3,[-0.77796968 -4.89152507  3.99999999],exiting,[ 0.63925976  0.24903542 -0.34837281]
257.58830523490906,1004,False,2,4,[ 8.68012634 -7.1691593   3.98577848],landing,[-0.62185191  0.08809385  0.93462812]
257.58830523490906,1005,False,4,1,[8.33277329 2.56182665 4.        ],exiting,[ 0.50568378 -0.03156594 -0.11489306]
257.6885440349579,1000,False,0,2,[-3.32172683 -0.75640497  4.        ],cruising,[-0.82138112 -0.19970136 -0.21083176]
257.6885440349579,1001,False,5,6,[-6.9211319   7.37401077  3.34007625],entering,[-0.48080528  0.59740651 -0.20557775]
257.6885440349579,1002,False,3,0,[2.43822431 8.9482488  3.6259033 ],landing,[ 0.5677905  -0.59831228 -0.99408226]
257.6885440349579,1003,False,6,3,[-0.76091232 -4.99005956  3.99999999],exiting,[ 0.63925976  0.24903542 -0.34837281]
257.6885440349579,1004,False,2,4,[ 8.69385361 -7.24061887  3.95749646],landing,[-0.62185191  0.08809385  0.93462812]
257.6885440349579,1005,False,4,1,[8.32650966 2.44060852 4.        ],exiting,[ 0.50568378 -0.03156594 -0.11489306]
257.78818368911743,1000,False,0,2,[-3.37373382 -0.56328513  4.        ],cruising,[-0.82138112 -0.19970136 -0.21083176]
257.78818368911743,1001,False,5,6,[-6.73517297  7.30039505  3.41507625],entering,[-0.48080528  0.59740651 -0.20557775]
257.78818368911743,1002,False,3,0,[2.4571754  8.93312745 3.5288868 ],landing,[ 0.5677905  -0.59831228 -0.99408226]
257.78818368911743,1003,False,6,3,[-0.74385496 -5.08859405  4.        ],exiting,[ 0.63925976  0.24903542 -0.34837281]
257.78818368911743,1004,False,2,4,[ 8.70063622 -7.29944801  3.91534924],landing,[-0.62185191  0.08809385  0.93462812]
257.78818368911743,1005,False,4,1,[8.30738461 2.33470652 4.        ],exiting,[ 0.50568378 -0.03156594 -0.11489306]
257.896324634552,1000,False,0,2,[-3.43505112 -0.37291657  4.        ],cruising,[-0.82138112 -0.19970136 -0.21083176]
257.896324634552,1001,False,5,6,[-6.54761746  7.23094773  3.49007625],entering,[-0.48080528  0.59740651 -0.20557775]
257.896324634552,1002,False,3,0,[2.4761265 8.9180061 3.4318703],landing,[ 0.5677905  -0.59831228 -0.99408226]
257.896324634552,1003,False,6,3,[-0.7267976  -5.18712855  4.        ],exiting,[ 0.63925976  0.24903542 -0.34837281]
257.896324634552,1004,False,2,4,[ 8.70045756 -7.34535529  3.8596165 ],landing,[-0.62185191  0.08809385  0.93462812]
257.896324634552,1005,False,4,1,[8.27589683 2.24452592 4.        ],exiting,[ 0.50568378 -0.03156594 -0.11489306]
257.99352383613586,1000,False,0,2,[-3.50694449 -0.18628499  4.        ],cruising,[-0.82138112 -0.19970136 -0.21083176]
257.99352383613586,1001,False,5,6,[-6.35835666  7.16629209  3.56507625],entering,[-0.48080528  0.59740651 -0.20557775]
257.99352383613586,1002,False,3,0,[2.49507759 8.90288476 3.3348538 ],landing,[ 0.5677905  -0.59831228 -0.99408226]
257.99352383613586,1003,False,6,3,[-0.70974024 -5.28566304  4.        ],exiting,[ 0.63925976  0.24903542 -0.34837281]
257.99352383613586,1004,False,2,4,[ 8.6933064  -7.37811167  3.79052569],landing,[-0.62185191  0.08809385  0.93462812]
257.99352383613586,1005,False,4,1,[8.23230943 2.17027013 4.        ],exiting,[ 0.50568378 -0.03156594 -0.11489306]
258.09622716903687,1000,False,0,2,[-3.58895427e+00 -3.87228876e-03  4.00000000e+00],exiting,[-0.82138112 -0.19970136 -0.21083176]
258.09622716903687,1001,False,5,6,[-6.16704682  7.10797791  3.63031481],entering,[-0.48080528  0.59740651 -0.20557775]
258.09622716903687,1002,False,3,0,[2.51402868 8.88776341 3.2378373 ],landing,[ 0.5677905  -0.59831228 -0.99408226]
258.09622716903687,1003,False,6,3,[-0.69268288 -5.38419754  4.        ],exiting,[ 0.63925976  0.24903542 -0.34837281]
258.09622716903687,1004,False,2,4,[ 8.67917349 -7.39749596  3.70830315],landing,[-0.62185191  0.08809385  0.93462812]
258.09622716903687,1005,False,4,1,[8.17689426 2.11214209 4.        ],exiting,[ 0.50568378 -0.03156594 -0.11489306]
258.189382314682,1000,False,0,2,[-3.6717443   0.15855564  4.        ],exiting,[-0.82138112 -0.19970136 -0.21083176]
258.189382314682,1001,False,5,6,[-5.97347812  7.05766727  3.68576759],entering,[-0.48080528  0.59740651 -0.20557775]
258.189382314682,1002,False,3,0,[2.53297977 8.87264207 3.1408208 ],landing,[ 0.5677905  -0.59831228 -0.99408226]
258.189382314682,1003,False,6,3,[-0.67562552 -5.48273203  4.        ],exiting,[ 0.63925976  0.24903542 -0.34837281]
258.189382314682,1004,False,2,4,[ 8.65805118 -7.40328506  3.61318414],landing,[-0.62185191  0.08809385  0.93462812]
258.189382314682,1005,False,4,1,[8.10993233 2.07034414 4.        ],exiting,[ 0.50568378 -0.03156594 -0.11489306]
258.30082273483276,1000,False,0,2,[-3.75515093  0.30099308  4.        ],exiting,[-0.82138112 -0.19970136 -0.21083176]
258.30082273483276,1001,False,5,6,[-5.77790047  7.01584166  3.73290245],entering,[-0.48080528  0.59740651 -0.20557775]
258.30082273483276,1002,False,3,0,[2.55193087 8.85752072 3.0438043 ],landing,[ 0.5677905  -0.59831228 -0.99408226]
258.30082273483276,1003,False,6,3,[-0.65856816 -5.58126652  4.        ],exiting,[ 0.63925976  0.24903542 -0.34837281]
258.30082273483276,1004,False,2,4,[ 8.63566409 -7.40657533  3.51577781],landing,[-0.62185191  0.08809385  0.93462812]
258.30082273483276,1005,False,4,1,[8.03171446 2.04507809 4.        ],exiting,[ 0.50568378 -0.03156594 -0.11489306]
258.3935236930847,1000,False,0,2,[-3.83899198  0.42343523  4.        ],exiting,[-0.82138112 -0.19970136 -0.21083176]
258.3935236930847,1001,False,5,6,[-5.5806429   6.98283483  3.77296709],entering,[-0.48080528  0.59740651 -0.20557775]
258.3935236930847,1002,False,3,0,[2.57088196 8.84239937 2.94678781],landing,[ 0.5677905  -0.59831228 -0.99408226]
258.3935236930847,1003,False,6,3,[-0.6415108  -5.67980102  4.        ],exiting,[ 0.63925976  0.24903542 -0.34837281]
258.3935236930847,1004,False,2,4,[ 8.61327701 -7.4098656   3.41837148],landing,[-0.62185191  0.08809385  0.93462812]
258.3935236930847,1005,False,4,1,[7.9425422  2.03654529 4.        ],exiting,[ 0.50568378 -0.03156594 -0.11489306]
258.49878668785095,1000,False,0,2,[-3.92306183  0.5258787   4.        ],exiting,[-0.82138112 -0.19970136 -0.21083176]
258.49878668785095,1001,False,5,6,[-5.38171682  6.96213665  3.80702202],entering,[-0.48080528  0.59740651 -0.20557775]
258.49878668785095,1002,False,3,0,[2.58983305 8.82727803 2.84977131],landing,[ 0.5677905  -0.59831228 -0.99408226]
258.49878668785095,1003,False,6,3,[-0.62445344 -5.77833551  4.        ],exiting,[ 0.63925976  0.24903542 -0.34837281]
258.49878668785095,1004,False,2,4,[ 8.59088992 -7.41315587  3.32096516],landing,[-0.62185191  0.08809385  0.93462812]
258.49878668785095,1005,False,4,1,[7.84287625 2.04471212 4.        ],exiting,[ 0.50568378 -0.03156594 -0.11489306]
258.5920045375824,1000,False,0,2,[-4.00712186  0.60832217  4.        ],exiting,[-0.82138112 -0.19970136 -0.21083176]
258.5920045375824,1001,False,5,6,[-5.18198519  6.95177924  3.83596872],entering,[-0.48080528  0.59740651 -0.20557775]
258.5920045375824,1002,False,3,0,[2.60878415 8.81215668 2.75275481],landing,[ 0.5677905  -0.59831228 -0.99408226]
258.5920045375824,1003,False,6,3,[-0.60739608 -5.87687     4.        ],exiting,[ 0.63925976  0.24903542 -0.34837281]
258.5920045375824,1004,False,2,4,[ 8.56850283 -7.41644614  3.22355883],landing,[-0.62185191  0.08809385  0.93462812]
258.5920045375824,1005,False,4,1,[7.74321029 2.05287896 4.        ],exiting,[ 0.50568378 -0.03156594 -0.11489306]
258.7025430202484,1000,False,0,2,[-4.09087822  0.67076794  4.        ],exiting,[-0.82138112 -0.19970136 -0.21083176]
258.7025430202484,1001,False,5,6,[-4.98198522  6.95166344  3.86057341],cruising,[-0.48080528  0.59740651 -0.20557775]
258.7025430202484,1002,False,3,0,[2.62773524 8.79703534 2.65573831],landing,[ 0.5677905  -0.59831228 -0.99408226]
258.7025430202484,1003,False,6,3,[-0.59033872 -5.9754045   4.        ],exiting,[ 0.63925976  0.24903542 -0.34837281]
258.7025430202484,1004,False,2,4,[ 8.54611575 -7.41973641  3.1261525 ],landing,[-0.62185191  0.08809385  0.93462812]
258.7025430202484,1005,False,4,1,[7.64354434 2.0610458  4.        ],exiting,[ 0.50568378 -0.03156594 -0.11489306]
258.7886552810669,1000,False,0,2,[-4.17391877  0.71322653  4.        ],exiting,[-0.82138112 -0.19970136 -0.21083176]
258.7886552810669,1001,False,5,6,[-4.78221821  6.96131436  3.8814874 ],cruising,[-0.48080528  0.59740651 -0.20557775]
258.7886552810669,1002,False,3,0,[2.64668633 8.78191399 2.55872181],landing,[ 0.5677905  -0.59831228 -0.99408226]
258.7886552810669,1003,False,6,3,[-0.57328136 -6.07393899  4.        ],exiting,[ 0.63925976  0.24903542 -0.34837281]
258.7886552810669,1004,False,2,4,[ 8.52372866 -7.42302667  3.02874618],landing,[-0.62185191  0.08809385  0.93462812]
258.7886552810669,1005,False,4,1,[7.54387838 2.06921264 4.        ],exiting,[ 0.50568378 -0.03156594 -0.11489306]
258.89891362190247,1000,False,0,2,[-4.25598944  0.73570864  4.        ],exiting,[-0.82138112 -0.19970136 -0.21083176]
258.89891362190247,1001,False,5,6,[-4.58305249  6.97956305  3.89926429],cruising,[-0.48080528  0.59740651 -0.20557775]
258.89891362190247,1002,False,3,0,[2.66563742 8.76679264 2.46170531],landing,[ 0.5677905  -0.59831228 -0.99408226]
258.89891362190247,1003,False,6,3,[-0.556224   -6.17247349  4.        ],exiting,[ 0.63925976  0.24903542 -0.34837281]
258.89891362190247,1004,False,2,4,[ 8.50134158 -7.42631694  2.93133985],landing,[-0.62185191  0.08809385  0.93462812]
258.89891362190247,1005,False,4,1,[7.44421242 2.07737947 4.        ],exiting,[ 0.50568378 -0.03156594 -0.11489306]
258.98833298683167,1000,False,0,2,[-4.33683194  0.73822851  4.        ],exiting,[-0.82138112 -0.19970136 -0.21083176]
258.98833298683167,1001,False,5,6,[-4.3846527   7.00481227  3.91437465],cruising,[-0.48080528  0.59740651 -0.20557775]
258.98833298683167,1002,False,3,0,[2.68458852 8.7516713  2.36468882],landing,[ 0.5677905  -0.59831228 -0.99408226]
258.98833298683167,1003,False,6,3,[-0.53916664 -6.27100798  4.        ],exiting,[ 0.63925976  0.24903542 -0.34837281]
258.98833298683167,1004,False,2,4,[ 8.47895449 -7.42960721  2.83393352],landing,[-0.62185191  0.08809385  0.93462812]
258.98833298683167,1005,False,4,1,[7.34454647 2.08554631 4.        ],exiting,[ 0.50568378 -0.03156594 -0.11489306]
259.0987112522125,1000,False,0,2,[-4.41618364  0.72080401  4.        ],exiting,[-0.82138112 -0.19970136 -0.21083176]
259.0987112522125,1001,False,5,6,[-4.18699134  7.03530796  3.92721845],cruising,[-0.48080528  0.59740651 -0.20557775]
259.0987112522125,1002,False,3,0,[2.70353961 8.73654995 2.26767232],landing,[ 0.5677905  -0.59831228 -0.99408226]
259.0987112522125,1003,False,6,3,[-0.52210928 -6.36954247  4.        ],exiting,[ 0.63925976  0.24903542 -0.34837281]
259.0987112522125,1004,False,2,4,[ 8.45656741 -7.43289748  2.7365272 ],landing,[-0.62185191  0.08809385  0.93462812]
259.0987112522125,1005,False,4,1,[7.24488051 2.09371315 4.        ],exiting,[ 0.50568378 -0.03156594 -0.11489306]
259.2031283378601,1000,False,0,2,[-4.49377743  0.68345692  4.        ],exiting,[-0.82138112 -0.19970136 -0.21083176]
259.2031283378601,1001,False,5,6,[-3.98990774  7.0693382   3.93813568],cruising,[-0.48080528  0.59740651 -0.20557775]
259.2031283378601,1002,False,3,0,[2.7224907  8.72142861 2.17065582],landing,[ 0.5677905  -0.59831228 -0.99408226]
259.2031283378601,1003,False,6,3,[-0.50505192 -6.46807697  4.        ],exiting,[ 0.63925976  0.24903542 -0.34837281]
259.2031283378601,1004,False,2,4,[ 8.43418032 -7.43618775  2.63912087],landing,[-0.62185191  0.08809385  0.93462812]
259.2031283378601,1005,False,4,1,[7.14521456 2.10187999 4.        ],exiting,[ 0.50568378 -0.03156594 -0.11489306]
259.2897593975067,1000,False,0,2,[-4.56934141  0.62621309  4.        ],exiting,[-0.82138112 -0.19970136 -0.21083176]
259.2897593975067,1001,False,5,6,[-3.79317487  7.10534064  3.94741533],cruising,[-0.48080528  0.59740651 -0.20557775]
259.2897593975067,1002,False,3,0,[2.7414418  8.70630726 2.07363932],landing,[ 0.5677905  -0.59831228 -0.99408226]
259.2897593975067,1003,False,6,3,[-0.48799456 -6.56661146  4.        ],exiting,[ 0.63925976  0.24903542 -0.34837281]
259.2897593975067,1004,False,2,4,[ 8.41179324 -7.43947802  2.54171454],landing,[-0.62185191  0.08809385  0.93462812]
259.2897593975067,1005,False,4,1,[7.0455486  2.11004683 4.        ],exiting,[ 0.50568378 -0.03156594 -0.11489306]
259.3893346786499,1000,False,0,2,[-4.64380152  0.55946212  4.        ],exiting,[-0.82138112 -0.19970136 -0.21083176]
259.3893346786499,1001,False,5,6,[-3.59611056  7.13948236  3.95530303],cruising,[-0.48080528  0.59740651 -0.20557775]
259.3893346786499,1002,False,3,0,[2.76039289 8.69118591 1.97662282],landing,[ 0.5677905  -0.59831228 -0.99408226]
259.3893346786499,1003,False,6,3,[-0.4709372  -6.66514596  4.        ],exiting,[ 0.63925976  0.24903542 -0.34837281]
259.3893346786499,1004,False,2,4,[ 8.38940615 -7.44276829  2.44430821],landing,[-0.62185191  0.08809385  0.93462812]
259.3893346786499,1005,False,4,1,[6.94588264 2.11821366 4.        ],exiting,[ 0.50568378 -0.03156594 -0.11489306]
259.4934182167053,1000,False,0,2,[-4.71826162  0.49271114  4.        ],exiting,[-0.82138112 -0.19970136 -0.21083176]
259.4934182167053,1001,False,5,6,[-3.39901381  7.17343636  3.96200758],cruising,[-0.48080528  0.59740651 -0.20557775]
259.4934182167053,1002,False,3,0,[2.77934398 8.67606457 1.87960632],landing,[ 0.5677905  -0.59831228 -0.99408226]
259.4934182167053,1003,False,6,3,[-0.45387984 -6.76368045  4.        ],exiting,[ 0.63925976  0.24903542 -0.34837281]
259.4934182167053,1004,False,2,4,[ 8.36701906 -7.44605856  2.34690189],landing,[-0.62185191  0.08809385  0.93462812]
259.4934182167053,1005,False,4,1,[6.84621669 2.1263805  4.        ],exiting,[ 0.50568378 -0.03156594 -0.11489306]
259.60089921951294,1000,False,0,2,[-4.79272173  0.42596017  4.        ],exiting,[-0.82138112 -0.19970136 -0.21083176]
259.60089921951294,1001,False,5,6,[-3.2016865   7.20602367  3.96770644],cruising,[-0.48080528  0.59740651 -0.20557775]
259.60089921951294,1002,False,3,0,[2.79829507 8.66094322 1.78258982],landing,[ 0.5677905  -0.59831228 -0.99408226]
259.60089921951294,1003,False,6,3,[-0.43682248 -6.86221494  4.        ],exiting,[ 0.63925976  0.24903542 -0.34837281]
259.60089921951294,1004,False,2,4,[ 8.34463198 -7.44934883  2.24949556],landing,[-0.62185191  0.08809385  0.93462812]
259.60089921951294,1005,False,4,1,[6.74655073 2.13454734 4.        ],exiting,[ 0.50568378 -0.03156594 -0.11489306]
259.69615483283997,1000,False,0,2,[-4.86718183  0.35920919  4.        ],exiting,[-0.82138112 -0.19970136 -0.21083176]
259.69615483283997,1001,False,5,6,[-3.00358361  7.23350538  3.97255047],cruising,[-0.48080528  0.59740651 -0.20557775]
259.69615483283997,1002,False,3,0,[2.81724617 8.64582188 1.68557333],landing,[ 0.5677905  -0.59831228 -0.99408226]
259.69615483283997,1003,False,6,3,[-0.41976512 -6.96074944  4.        ],exiting,[ 0.63925976  0.24903542 -0.34837281]
259.69615483283997,1004,False,2,4,[ 8.32224489 -7.4526391   2.15208923],landing,[-0.62185191  0.08809385  0.93462812]
259.69615483283997,1005,False,4,1,[6.64688478 2.14271418 4.        ],exiting,[ 0.50568378 -0.03156594 -0.11489306]
259.7993609905243,1000,False,0,2,[-4.94164194  0.29245822  4.        ],exiting,[-0.82138112 -0.19970136 -0.21083176]
259.7993609905243,1001,False,5,6,[-2.80507588  7.25789146  3.9766679 ],cruising,[-0.48080528  0.59740651 -0.20557775]
259.7993609905243,1002,False,3,0,[2.83619726 8.63070053 1.58855683],landing,[ 0.5677905  -0.59831228 -0.99408226]
259.7993609905243,1003,False,6,3,[-0.40270776 -7.05928393  4.        ],exiting,[ 0.63925976  0.24903542 -0.34837281]
259.7993609905243,1004,False,2,4,[ 8.29985781 -7.45592937  2.05468291],landing,[-0.62185191  0.08809385  0.93462812]
259.7993609905243,1005,False,4,1,[6.54721882 2.15088101 4.        ],exiting,[ 0.50568378 -0.03156594 -0.11489306]
259.88839054107666,1000,False,0,2,[-5.01610205  0.22570724  4.        ],exiting,[-0.82138112 -0.19970136 -0.21083176]
259.88839054107666,1001,False,5,6,[-2.60580667  7.27497306  3.98016772],cruising,[-0.48080528  0.59740651 -0.20557775]
259.88839054107666,1002,False,3,0,[2.85514835 8.61557919 1.49154033],fake_landed,[ 0.5677905  -0.59831228 -0.99408226]
259.88839054107666,1003,False,6,3,[-0.3856504  -7.15781842  4.        ],exiting,[ 0.63925976  0.24903542 -0.34837281]
259.88839054107666,1004,False,2,4,[ 8.27747072 -7.45921964  1.95727658],landing,[-0.62185191  0.08809385  0.93462812]
259.88839054107666,1005,False,4,1,[6.44755286 2.15904785 4.        ],exiting,[ 0.50568378 -0.03156594 -0.11489306]
259.98846888542175,1000,False,0,2,[-5.09056215  0.15895627  4.        ],exiting,[-0.82138112 -0.19970136 -0.21083176]
259.98846888542175,1001,False,5,6,[-2.40616697  7.28697271  3.98314256],cruising,[-0.48080528  0.59740651 -0.20557775]
259.98846888542175,1002,False,3,0,[2.87030923 8.60348211 1.41392713],fake_landed,[ 0.5677905  -0.59831228 -0.99408226]
259.98846888542175,1003,False,6,3,[-0.36859304 -7.25635292  4.        ],exiting,[ 0.63925976  0.24903542 -0.34837281]
259.98846888542175,1004,False,2,4,[ 8.25508364 -7.46250991  1.85987025],landing,[-0.62185191  0.08809385  0.93462812]
259.98846888542175,1005,False,4,1,[6.34788691 2.16721469 4.        ],exiting,[ 0.50568378 -0.03156594 -0.11489306]
260.0883524417877,1000,False,0,2,[-5.16502226  0.09220529  4.        ],exiting,[-0.82138112 -0.19970136 -0.21083176]
260.0883524417877,1001,False,5,6,[-2.20617284  7.28850401  3.98567118],cruising,[-0.48080528  0.59740651 -0.20557775]
260.0883524417877,1002,False,3,0,[2.88167988 8.5944093  1.35571723],fake_landed,[ 0.5677905  -0.59831228 -0.99408226]
260.0883524417877,1003,False,6,3,[-0.35153568 -7.35488741  4.        ],exiting,[ 0.63925976  0.24903542 -0.34837281]
260.0883524417877,1004,False,2,4,[ 8.23269655 -7.46580018  1.76246393],landing,[-0.62185191  0.08809385  0.93462812]
260.0883524417877,1005,False,4,1,[6.24822095 2.17538153 4.        ],exiting,[ 0.50568378 -0.03156594 -0.11489306]
260.1910288333893,1000,False,0,2,[-5.23948236  0.02545432  4.        ],exiting,[-0.82138112 -0.19970136 -0.21083176]
260.1910288333893,1001,False,5,6,[-2.00681286  7.27251654  3.9878205 ],cruising,[-0.48080528  0.59740651 -0.20557775]
260.1910288333893,1002,False,3,0,[2.88926032 8.58836076 1.31691063],fake_landed,[ 0.5677905  -0.59831228 -0.99408226]
260.1910288333893,1003,False,6,3,[-0.33447832 -7.45342191  4.        ],exiting,[ 0.63925976  0.24903542 -0.34837281]
260.1910288333893,1004,False,2,4,[ 8.21030947 -7.46909045  1.6650576 ],landing,[-0.62185191  0.08809385  0.93462812]
260.1910288333893,1005,False,4,1,[6.148555   2.18354836 4.        ],exiting,[ 0.50568378 -0.03156594 -0.11489306]
260.28993129730225,1000,False,0,2,[-5.31394247 -0.04129666  4.        ],exiting,[-0.82138112 -0.19970136 -0.21083176]
260.28993129730225,1001,False,5,6,[-1.80989042  7.23756583  3.98964742],cruising,[-0.48080528  0.59740651 -0.20557775]
260.28993129730225,1002,False,3,0,[2.89305054 8.58533649 1.29750733],fake_landed,[ 0.5677905  -0.59831228 -0.99408226]
260.28993129730225,1003,False,6,3,[-0.31742096 -7.5519564   4.        ],exiting,[ 0.63925976  0.24903542 -0.34837281]
260.28993129730225,1004,False,2,4,[ 8.18792238 -7.47238072  1.56765127],landing,[-0.62185191  0.08809385  0.93462812]
260.28993129730225,1005,False,4,1,[6.04888904 2.1917152  4.        ],exiting,[ 0.50568378 -0.03156594 -0.11489306]
260.3926115036011,1000,False,0,2,[-5.38840257 -0.10804763  4.        ],exiting,[-0.82138112 -0.19970136 -0.21083176]
260.3926115036011,1001,False,5,6,[-1.61662287  7.18611045  3.99120031],cruising,[-0.48080528  0.59740651 -0.20557775]
260.3926115036011,1002,False,0,5,[2.89305054 8.58533649 1.29750733],waiting,[ 0.5677905  -0.59831228 -0.99408226]
260.3926115036011,1003,False,6,3,[-0.3003636  -7.65049089  4.        ],exiting,[ 0.63925976  0.24903542 -0.34837281]
260.3926115036011,1004,False,2,4,[ 8.1655353  -7.47567099  1.47024495],fake_landed,[-0.62185191  0.08809385  0.93462812]
260.3926115036011,1005,False,4,1,[5.94922309 2.19988204 4.        ],exiting,[ 0.50568378 -0.03156594 -0.11489306]
260.49944257736206,1000,False,0,2,[-5.46286268 -0.17479861  4.        ],exiting,[-0.82138112 -0.19970136 -0.21083176]
260.49944257736206,1001,False,5,6,[-1.42760565  7.12074617  3.99252026],cruising,[-0.48080528  0.59740651 -0.20557775]
260.49944257736206,1002,False,0,5,[2.89305054 8.58533649 1.29750733],waiting,[ 0.5677905  -0.59831228 -0.99408226]
260.49944257736206,1003,False,6,3,[-0.28330624 -7.74902539  4.        ],landing,[ 0.63925976  0.24903542 -0.34837281]
260.49944257736206,1004,False,2,4,[ 8.14762563 -7.4783032   1.39231988],fake_landed,[-0.62185191  0.08809385  0.93462812]
260.49944257736206,1005,False,4,1,[5.84955713 2.20804888 4.        ],exiting,[ 0.50568378 -0.03156594 -0.11489306]
260.58809638023376,1000,False,0,2,[-5.53732279 -0.24154958  4.        ],exiting,[-0.82138112 -0.19970136 -0.21083176]
260.58809638023376,1001,False,5,6,[-1.24292143  7.04398849  3.99364222],cruising,[-0.48080528  0.59740651 -0.20557775]
260.58809638023376,1002,False,0,5,[2.89305054 8.58533649 1.29750733],queued,[ 0.5677905  -0.59831228 -0.99408226]
260.58809638023376,1003,False,6,3,[-0.27180304 -7.83444033  3.98596331],landing,[ 0.63925976  0.24903542 -0.34837281]
260.58809638023376,1004,False,2,4,[ 8.13419338 -7.48027736  1.33387609],fake_landed,[-0.62185191  0.08809385  0.93462812]
260.58809638023376,1005,False,4,1,[5.74989117 2.21621572 4.        ],exiting,[ 0.50568378 -0.03156594 -0.11489306]
260.68951416015625,1000,False,0,2,[-5.61178289 -0.30830056  4.        ],exiting,[-0.82138112 -0.19970136 -0.21083176]
260.68951416015625,1001,False,5,6,[-1.06086865  6.96118278  3.99459589],cruising,[-0.48080528  0.59740651 -0.20557775]
260.68951416015625,1002,False,0,5,[2.89305054 8.58533649 1.31750733],queued,[ 0.5677905  -0.59831228 -0.99408226]
260.68951416015625,1003,False,6,3,[-0.26584625 -7.90655994  3.95805321],landing,[ 0.63925976  0.24903542 -0.34837281]
260.68951416015625,1004,False,2,4,[ 8.12523854 -7.48159347  1.29491356],fake_landed,[-0.62185191  0.08809385  0.93462812]
260.68951416015625,1005,False,4,1,[5.65022522 2.22438255 4.        ],exiting,[ 0.50568378 -0.03156594 -0.11489306]
260.7910089492798,1000,False,0,2,[-5.686243   -0.37505153  4.        ],exiting,[-0.82138112 -0.19970136 -0.21083176]
260.7910089492798,1001,False,5,6,[-0.8828536   6.87002008  3.99540651],cruising,[-0.48080528  0.59740651 -0.20557775]
260.7910089492798,1002,False,0,5,[2.89305054 8.58533649 1.35750733],queued,[ 0.5677905  -0.59831228 -0.99408226]
260.7910089492798,1003,False,6,3,[-0.26542559 -7.96517758  3.91646656],landing,[ 0.63925976  0.24903542 -0.34837281]
260.7910089492798,1004,False,2,4,[ 8.12076112 -7.48225152  1.27543229],fake_landed,[-0.62185191  0.08809385  0.93462812]
260.7910089492798,1005,False,4,1,[5.55055926 2.23254939 4.        ],landing,[ 0.50568378 -0.03156594 -0.11489306]
260.9003722667694,1000,False,0,2,[-5.7607031  -0.44180251  4.        ],exiting,[-0.82138112 -0.19970136 -0.21083176]
260.9003722667694,1001,False,5,6,[-0.70818016  6.77260761  3.99609553],cruising,[-0.48080528  0.59740651 -0.20557775]
260.9003722667694,1002,False,0,5,[2.89305054 8.58533649 1.41750733],queued,[ 0.5677905  -0.59831228 -0.99408226]
260.9003722667694,1003,False,6,3,[-0.27052498 -8.0100117   3.86148052],landing,[ 0.63925976  0.24903542 -0.34837281]
260.9003722667694,1004,False,4,0,[ 8.12076112 -7.48225152  1.27543229],waiting,[-0.62185191  0.08809385  0.93462812]
260.9003722667694,1005,False,4,1,[5.46475399 2.23645803 3.98622506],landing,[ 0.50568378 -0.03156594 -0.11489306]
261.00324010849,1000,False,0,2,[-5.83516321 -0.50855348  4.        ],exiting,[-0.82138112 -0.19970136 -0.21083176]
261.00324010849,1001,False,5,6,[-0.53517162  6.67226796  3.9966812 ],cruising,[-0.48080528  0.59740651 -0.20557775]
261.00324010849,1002,False,0,5,[2.89305054 8.58533649 1.49250733],queued,[ 0.5677905  -0.59831228 -0.99408226]
261.00324010849,1003,False,6,3,[-0.28112896 -8.04082601  3.79333604],landing,[ 0.63925976  0.24903542 -0.34837281]
261.00324010849,1004,False,4,0,[ 8.12076112 -7.48225152  1.27543229],waiting,[-0.62185191  0.08809385  0.93462812]
261.00324010849,1005,False,4,1,[5.39298008 2.23613221 3.95884164],landing,[ 0.50568378 -0.03156594 -0.11489306]
261.09353399276733,1000,False,0,2,[-5.90962331 -0.57530446  4.        ],exiting,[-0.82138112 -0.19970136 -0.21083176]
261.09353399276733,1001,False,5,6,[-0.36443801  6.56810446  3.99717902],cruising,[-0.48080528  0.59740651 -0.20557775]
261.09353399276733,1002,False,0,5,[2.89305054 8.58533649 1.56750733],queued,[ 0.5677905  -0.59831228 -0.99408226]
261.09353399276733,1003,False,6,3,[-0.29722164 -8.05740292  3.71226212],landing,[ 0.63925976  0.24903542 -0.34837281]
261.09353399276733,1004,False,4,0,[ 8.12076112 -7.48225152  1.27543229],waiting,[-0.62185191  0.08809385  0.93462812]
261.09353399276733,1005,False,4,1,[5.33543642 2.23160076 3.91804881],landing,[ 0.50568378 -0.03156594 -0.11489306]
261.19040966033936,1000,False,0,2,[-5.98408342 -0.64205543  4.        ],exiting,[-0.82138112 -0.19970136 -0.21083176]
261.19040966033936,1001,False,5,6,[-0.19515974  6.46159217  3.99760217],cruising,[-0.48080528  0.59740651 -0.20557775]
261.19040966033936,1002,False,0,5,[2.89305054 8.58533649 1.64250733],queued,[ 0.5677905  -0.59831228 -0.99408226]
261.19040966033936,1003,False,6,3,[-0.31878533 -8.05952328  3.61849662],landing,[ 0.63925976  0.24903542 -0.34837281]
261.19040966033936,1004,False,4,0,[ 8.12076112 -7.48225152  1.27543229],waiting,[-0.62185191  0.08809385  0.93462812]
261.19040966033936,1005,False,4,1,[5.29238812 2.2229041  3.8641207 ],landing,[ 0.50568378 -0.03156594 -0.11489306]
261.301545381546,1000,False,0,2,[-6.05854353 -0.70880641  4.        ],exiting,[-0.82138112 -0.19970136 -0.21083176]
261.301545381546,1001,False,5,6,[-0.02630865  6.35440397  3.99796184],cruising,[-0.48080528  0.59740651 -0.20557775]
261.301545381546,1002,False,0,5,[2.89305054 8.58533649 1.71750733],queued,[ 0.5677905  -0.59831228 -0.99408226]
261.301545381546,1003,False,6,3,[-0.34188615 -8.05750477  3.52122238],landing,[ 0.63925976  0.24903542 -0.34837281]
261.301545381546,1004,False,4,0,[ 8.12076112 -7.48225152  1.27543229],waiting,[-0.62185191  0.08809385  0.93462812]
261.301545381546,1005,False,4,1,[5.26407647 2.2100811  3.79731607],landing,[ 0.50568378 -0.03156594 -0.11489306]
261.3884150981903,1000,False,0,2,[-6.05854353 -0.70880641  4.        ],exiting,[-0.82138112 -0.19970136 -0.21083176]
261.3884150981903,1001,False,5,6,[-0.02630865  6.35440397  3.99796184],cruising,[-0.48080528  0.59740651 -0.20557775]
261.3884150981903,1002,False,0,5,[2.89305054 8.58533649 1.71750733],queued,[ 0.5677905  -0.59831228 -0.99408226]
261.3884150981903,1003,False,6,3,[-0.34188615 -8.05750477  3.52122238],landing,[ 0.63925976  0.24903542 -0.34837281]
261.3884150981903,1004,False,4,0,[ 8.12076112 -7.48225152  1.27543229],waiting,[-0.62185191  0.08809385  0.93462812]
261.3884150981903,1005,False,4,1,[5.26407647 2.2100811  3.79731607],landing,[ 0.50568378 -0.03156594 -0.11489306]
261.4957687854767,1000,False,0,2,[-6.20746374 -0.84230836  4.        ],exiting,[-0.82138112 -0.19970136 -0.21083176]
261.4957687854767,1001,False,5,6,[0.31073081 6.13898716 3.99857329],cruising,[-0.48080528  0.59740651 -0.20557775]
261.4957687854767,1002,False,0,5,[2.89305054 8.58533649 1.86750733],queued,[ 0.5677905  -0.59831228 -0.99408226]
261.4957687854767,1003,False,6,3,[-0.3880878  -8.05346775  3.3266739 ],landing,[ 0.63925976  0.24903542 -0.34837281]
261.4957687854767,1004,False,4,0,[ 8.12076112 -7.48225152  1.27543229],waiting,[-0.62185191  0.08809385  0.93462812]
261.4957687854767,1005,False,4,1,[5.25229252 2.17216271 3.62577504],landing,[ 0.50568378 -0.03156594 -0.11489306]
261.5887427330017,1000,False,0,2,[-6.28192384 -0.90905933  4.        ],exiting,[-0.82138112 -0.19970136 -0.21083176]
261.5887427330017,1001,False,5,6,[0.48007135 6.0325739  3.9987873 ],cruising,[-0.48080528  0.59740651 -0.20557775]
261.5887427330017,1002,False,0,5,[2.89305054 8.58533649 1.94250733],queued,[ 0.5677905  -0.59831228 -0.99408226]
261.5887427330017,1003,False,6,3,[-0.41118863 -8.05144925  3.22939967],landing,[ 0.63925976  0.24903542 -0.34837281]
261.5887427330017,1004,False,4,0,[ 8.12076112 -7.48225152  1.27543229],waiting,[-0.62185191  0.08809385  0.93462812]
261.5887427330017,1005,False,4,1,[5.2606507  2.14948251 3.52874025],landing,[ 0.50568378 -0.03156594 -0.11489306]
261.6940584182739,1000,False,0,2,[-6.35638395 -0.97581031  4.        ],exiting,[-0.82138112 -0.19970136 -0.21083176]
261.6940584182739,1001,False,5,6,[0.65054458 5.92798481 3.9989692 ],cruising,[-0.48080528  0.59740651 -0.20557775]
261.6940584182739,1002,False,0,5,[2.89305054 8.58533649 2.01750733],queued,[ 0.5677905  -0.59831228 -0.99408226]
261.6940584182739,1003,False,6,3,[-0.43428945 -8.04943074  3.13212543],landing,[ 0.63925976  0.24903542 -0.34837281]
261.6940584182739,1004,False,4,0,[ 8.12076112 -7.48225152  1.27543229],waiting,[-0.62185191  0.08809385  0.93462812]
261.6940584182739,1005,False,4,1,[5.26900888 2.12680231 3.43170547],landing,[ 0.50568378 -0.03156594 -0.11489306]
261.79395174980164,1000,False,0,2,[-6.43084405 -1.04256128  4.        ],exiting,[-0.82138112 -0.19970136 -0.21083176]
261.79395174980164,1001,False,5,6,[0.82213507 5.82523899 3.99912382],cruising,[-0.48080528  0.59740651 -0.20557775]
261.79395174980164,1002,False,0,5,[2.89305054 8.58533649 2.09250733],queued,[ 0.5677905  -0.59831228 -0.99408226]
261.79395174980164,1003,False,6,3,[-0.45739028 -8.04741223  3.03485119],landing,[ 0.63925976  0.24903542 -0.34837281]
261.79395174980164,1004,False,4,0,[ 8.12076112 -7.48225152  1.27543229],waiting,[-0.62185191  0.08809385  0.93462812]
261.79395174980164,1005,False,4,1,[5.27736706 2.1041221  3.33467069],landing,[ 0.50568378 -0.03156594 -0.11489306]
261.894207239151,1000,False,0,2,[-6.50530416 -1.10931226  4.        ],exiting,[-0.82138112 -0.19970136 -0.21083176]
261.894207239151,1001,False,5,6,[0.99576319 5.72597531 3.99925525],cruising,[-0.48080528  0.59740651 -0.20557775]
261.894207239151,1002,False,0,5,[2.89305054 8.58533649 2.16750733],queued,[ 0.5677905  -0.59831228 -0.99408226]
261.894207239151,1003,False,6,3,[-0.4804911  -8.04539372  2.93757695],landing,[ 0.63925976  0.24903542 -0.34837281]
261.894207239151,1004,False,4,0,[ 8.12076112 -7.48225152  1.27543229],waiting,[-0.62185191  0.08809385  0.93462812]
261.894207239151,1005,False,4,1,[5.28572524 2.0814419  3.2376359 ],landing,[ 0.50568378 -0.03156594 -0.11489306]
262.0009343624115,1000,False,0,2,[-6.57976427 -1.17606323  4.        ],exiting,[-0.82138112 -0.19970136 -0.21083176]
262.0009343624115,1001,False,5,6,[1.17101297 5.62960357 3.99936696],cruising,[-0.48080528  0.59740651 -0.20557775]
262.0009343624115,1002,False,0,5,[2.89305054 8.58533649 2.24250733],queued,[ 0.5677905  -0.59831228 -0.99408226]
262.0009343624115,1003,False,6,3,[-0.50359193 -8.04337522  2.84030271],landing,[ 0.63925976  0.24903542 -0.34837281]
262.0009343624115,1004,False,4,0,[ 8.12076112 -7.48225152  1.27543229],waiting,[-0.62185191  0.08809385  0.93462812]
262.0009343624115,1005,False,4,1,[5.29408342 2.0587617  3.14060112],landing,[ 0.50568378 -0.03156594 -0.11489306]
262.09312295913696,1000,False,0,2,[-6.65422437 -1.24281421  4.        ],exiting,[-0.82138112 -0.19970136 -0.21083176]
262.09312295913696,1001,False,5,6,[1.34811721 5.53668378 3.99946192],cruising,[-0.48080528  0.59740651 -0.20557775]
262.09312295913696,1002,False,0,5,[2.89305054 8.58533649 2.31750733],queued,[ 0.5677905  -0.59831228 -0.99408226]
262.09312295913696,1003,False,6,3,[-0.52669275 -8.04135671  2.74302847],landing,[ 0.63925976  0.24903542 -0.34837281]
262.09312295913696,1004,False,4,0,[ 8.12076112 -7.48225152  1.27543229],waiting,[-0.62185191  0.08809385  0.93462812]
262.09312295913696,1005,False,4,1,[5.3024416  2.03608149 3.04356634],landing,[ 0.50568378 -0.03156594 -0.11489306]
262.19241404533386,1000,False,0,2,[-6.72868448 -1.30956518  4.        ],exiting,[-0.82138112 -0.19970136 -0.21083176]
262.19241404533386,1001,False,5,6,[1.52826287 5.4498072  3.99954263],cruising,[-0.48080528  0.59740651 -0.20557775]
262.19241404533386,1002,False,0,5,[2.89305054 8.58533649 2.39250733],entering,[ 0.5677905  -0.59831228 -0.99408226]
262.19241404533386,1003,False,6,3,[-0.54979358 -8.0393382   2.64575423],landing,[ 0.63925976  0.24903542 -0.34837281]
262.19241404533386,1004,False,4,0,[ 8.12076112 -7.48225152  1.27543229],waiting,[-0.62185191  0.08809385  0.93462812]
262.19241404533386,1005,False,4,1,[5.31079977 2.01340129 2.94653155],landing,[ 0.50568378 -0.03156594 -0.11489306]
262.29013895988464,1000,False,0,2,[-6.80314458 -1.37631616  4.        ],exiting,[-0.82138112 -0.19970136 -0.21083176]
262.29013895988464,1001,False,5,6,[1.71053338 5.36748185 3.99961124],cruising,[-0.48080528  0.59740651 -0.20557775]
262.29013895988464,1002,False,0,5,[2.88943738 8.56566557 2.46750733],entering,[ 0.5677905  -0.59831228 -0.99408226]
262.29013895988464,1003,False,6,3,[-0.5728944 -8.0373197  2.54848  ],landing,[ 0.63925976  0.24903542 -0.34837281]
262.29013895988464,1004,False,4,0,[ 8.12076112 -7.48225152  1.27543229],waiting,[-0.62185191  0.08809385  0.93462812]
262.29013895988464,1005,False,4,1,[5.31915795 1.99072109 2.84949677],landing,[ 0.50568378 -0.03156594 -0.11489306]
262.3893611431122,1000,False,0,2,[-6.87760469 -1.44306713  4.        ],exiting,[-0.82138112 -0.19970136 -0.21083176]
262.3893611431122,1001,False,5,6,[1.89507442 5.29038058 3.99966955],cruising,[-0.48080528  0.59740651 -0.20557775]
262.3893611431122,1002,False,0,5,[2.88223558 8.52631925 2.54250733],entering,[ 0.5677905  -0.59831228 -0.99408226]
262.3893611431122,1003,False,6,3,[-0.59599523 -8.03530119  2.45120576],landing,[ 0.63925976  0.24903542 -0.34837281]
262.3893611431122,1004,False,4,0,[ 8.12076112 -7.48225152  1.27543229],queued,[-0.62185191  0.08809385  0.93462812]
262.3893611431122,1005,False,4,1,[5.32751613 1.96804088 2.75246198],landing,[ 0.50568378 -0.03156594 -0.11489306]
262.4985625743866,1000,False,0,2,[-6.95206479 -1.50981811  4.        ],landing,[-0.82138112 -0.19970136 -0.21083176]
262.4985625743866,1001,False,5,6,[2.08306372 5.22211622 3.99971912],cruising,[-0.48080528  0.59740651 -0.20557775]
262.4985625743866,1002,False,0,5,[2.87169134 8.46725419 2.61750733],entering,[ 0.5677905  -0.59831228 -0.99408226]
262.4985625743866,1003,False,6,3,[-0.61909605 -8.03328268  2.35393152],landing,[ 0.63925976  0.24903542 -0.34837281]
262.4985625743866,1004,False,4,0,[ 8.12076112 -7.48225152  1.29543229],queued,[-0.62185191  0.08809385  0.93462812]
262.4985625743866,1005,False,4,1,[5.33587431 1.94536068 2.6554272 ],landing,[ 0.50568378 -0.03156594 -0.11489306]
262.58833861351013,1000,False,0,2,[-7.01823357 -1.56484766  3.98607656],landing,[-0.82138112 -0.19970136 -0.21083176]
262.58833861351013,1001,False,5,6,[2.27359406 5.16130348 3.99976125],cruising,[-0.48080528  0.59740651 -0.20557775]
262.58833861351013,1002,False,0,5,[2.85798088 8.38844136 2.69250733],entering,[ 0.5677905  -0.59831228 -0.99408226]
262.58833861351013,1003,False,6,3,[-0.64219688 -8.03126417  2.25665728],landing,[ 0.63925976  0.24903542 -0.34837281]
262.58833861351013,1004,False,4,0,[ 8.12076112 -7.48225152  1.33543229],queued,[-0.62185191  0.08809385  0.93462812]
262.58833861351013,1005,False,4,1,[5.34423249 1.92268047 2.55839242],landing,[ 0.50568378 -0.03156594 -0.11489306]
262.7030849456787,1000,False,0,2,[-7.07595898 -1.60807022  3.95839433],landing,[-0.82138112 -0.19970136 -0.21083176]
262.7030849456787,1001,False,5,6,[2.4671657  5.11100418 3.99979706],cruising,[-0.48080528  0.59740651 -0.20557775]
262.7030849456787,1002,False,0,5,[2.84134234 8.28984402 2.76750733],entering,[ 0.5677905  -0.59831228 -0.99408226]
262.7030849456787,1003,False,6,3,[-0.6652977  -8.02924567  2.15938304],landing,[ 0.63925976  0.24903542 -0.34837281]
262.7030849456787,1004,False,4,0,[ 8.12076112 -7.48225152  1.39543229],queued,[-0.62185191  0.08809385  0.93462812]
262.7030849456787,1005,False,4,1,[5.35259067 1.90000027 2.46135763],landing,[ 0.50568378 -0.03156594 -0.11489306]
262.7888114452362,1000,False,0,2,[-7.12506231 -1.63938649  3.91715112],landing,[-0.82138112 -0.19970136 -0.21083176]
262.7888114452362,1001,False,5,6,[2.66285012 5.06968098 3.9998275 ],cruising,[-0.48080528  0.59740651 -0.20557775]
262.7888114452362,1002,False,0,5,[2.82270244 8.17134707 2.84250733],entering,[ 0.5677905  -0.59831228 -0.99408226]
262.7888114452362,1003,False,6,3,[-0.68839853 -8.02722716  2.0621088 ],landing,[ 0.63925976  0.24903542 -0.34837281]
262.7888114452362,1004,False,4,0,[ 8.12076112 -7.48225152  1.47043229],queued,[-0.62185191  0.08809385  0.93462812]
262.7888114452362,1005,False,4,1,[5.36094885 1.87732007 2.36432285],landing,[ 0.50568378 -0.03156594 -0.11489306]
262.888489484787,1000,False,0,2,[-7.16530128 -1.65866423  3.8626227 ],landing,[-0.82138112 -0.19970136 -0.21083176]
262.888489484787,1001,False,5,6,[2.85997038 5.03586379 3.99985338],cruising,[-0.48080528  0.59740651 -0.20557775]
262.888489484787,1002,False,0,5,[2.80323958 8.03286707 2.91750733],entering,[ 0.5677905  -0.59831228 -0.99408226]
262.888489484787,1003,False,6,3,[-0.71149935 -8.02520865  1.96483456],landing,[ 0.63925976  0.24903542 -0.34837281]
262.888489484787,1004,False,4,0,[ 8.12076112 -7.48225152  1.54543229],queued,[-0.62185191  0.08809385  0.93462812]
262.888489484787,1005,False,4,1,[5.36930702 1.85463986 2.26728807],landing,[ 0.50568378 -0.03156594 -0.11489306]
262.98851799964905,1000,False,0,2,[-7.19646386 -1.66578997  3.79505787],landing,[-0.82138112 -0.19970136 -0.21083176]
262.98851799964905,1001,False,5,6,[3.05804764 5.00819789 3.99987537],cruising,[-0.48080528  0.59740651 -0.20557775]
262.98851799964905,1002,False,0,5,[2.78473272 7.87440992 2.99250733],entering,[ 0.5677905  -0.59831228 -0.99408226]
262.98851799964905,1003,False,6,3,[-0.73460018 -8.02319014  1.86756032],landing,[ 0.63925976  0.24903542 -0.34837281]
262.98851799964905,1004,False,4,0,[ 8.12076112 -7.48225152  1.62043229],queued,[-0.62185191  0.08809385  0.93462812]
262.98851799964905,1005,False,4,1,[5.3776652  1.83195966 2.17025328],landing,[ 0.50568378 -0.03156594 -0.11489306]
263.08885526657104,1000,False,0,2,[-7.21835881 -1.6606633   3.71468719],landing,[-0.82138112 -0.19970136 -0.21083176]
263.08885526657104,1001,False,5,6,[3.2567512  4.9854626  3.99989407],cruising,[-0.48080528  0.59740651 -0.20557775]
263.08885526657104,1002,False,0,5,[2.76877694 7.69611614 3.06750733],entering,[ 0.5677905  -0.59831228 -0.99408226]
263.08885526657104,1003,False,6,3,[-0.757701   -8.02117164  1.77028609],landing,[ 0.63925976  0.24903542 -0.34837281]
263.08885526657104,1004,False,4,0,[ 8.12076112 -7.48225152  1.69543229],queued,[-0.62185191  0.08809385  0.93462812]
263.08885526657104,1005,False,4,1,[5.38602338 1.80927946 2.0732185 ],landing,[ 0.50568378 -0.03156594 -0.11489306]
263.19858598709106,1000,False,0,2,[-7.23079273 -1.64318458  3.62175006],landing,[-0.82138112 -0.19970136 -0.21083176]
263.19858598709106,1001,False,5,6,[3.45585702 4.96657154 3.99990996],cruising,[-0.48080528  0.59740651 -0.20557775]
263.19858598709106,1002,False,0,5,[2.76295431 7.50057941 3.14250733],entering,[ 0.5677905  -0.59831228 -0.99408226]
263.19858598709106,1003,False,6,3,[-0.78080183 -8.01915313  1.67301185],landing,[ 0.63925976  0.24903542 -0.34837281]
263.19858598709106,1004,False,4,0,[ 8.12076112 -7.48225152  1.77043229],queued,[-0.62185191  0.08809385  0.93462812]
263.19858598709106,1005,False,4,1,[5.39438156 1.78659925 1.97618372],landing,[ 0.50568378 -0.03156594 -0.11489306]
263.29849123954773,1000,False,0,2,[-7.23990239 -1.62141996  3.52457334],landing,[-0.82138112 -0.19970136 -0.21083176]
263.29849123954773,1001,False,5,6,[3.65521526 4.95056244 3.99992346],cruising,[-0.48080528  0.59740651 -0.20557775]
263.29849123954773,1002,False,0,5,[2.76792555 7.3006412  3.21750733],entering,[ 0.5677905  -0.59831228 -0.99408226]
263.29849123954773,1003,False,6,3,[-0.80390265 -8.01713462  1.57573761],landing,[ 0.63925976  0.24903542 -0.34837281]
263.29849123954773,1004,False,4,0,[ 8.12076112 -7.48225152  1.84543229],queued,[-0.62185191  0.08809385  0.93462812]
263.29849123954773,1005,False,4,1,[5.40273974 1.76391905 1.87914893],landing,[ 0.50568378 -0.03156594 -0.11489306]
263.3974633216858,1000,False,0,2,[-7.24901206 -1.59965533  3.42739662],landing,[-0.82138112 -0.19970136 -0.21083176]
263.3974633216858,1001,False,5,6,[3.854726   4.93658152 3.99993494],cruising,[-0.48080528  0.59740651 -0.20557775]
263.3974633216858,1002,False,0,5,[2.78648202 7.10150392 3.29250733],entering,[ 0.5677905  -0.59831228 -0.99408226]
263.3974633216858,1003,False,6,3,[-0.82700348 -8.01511612  1.47846337],fake_landed,[ 0.63925976  0.24903542 -0.34837281]
263.3974633216858,1004,False,4,0,[ 8.12076112 -7.48225152  1.92043229],queued,[-0.62185191  0.08809385  0.93462812]
263.3974633216858,1005,False,4,1,[5.41109792 1.74123885 1.78211415],landing,[ 0.50568378 -0.03156594 -0.11489306]
263.4884955883026,1000,False,0,2,[-7.25812172 -1.5778907   3.3302199 ],landing,[-0.82138112 -0.19970136 -0.21083176]
263.4884955883026,1001,False,5,6,[4.05432136 4.92386567 3.9999447 ],cruising,[-0.48080528  0.59740651 -0.20557775]
263.4884955883026,1002,False,0,5,[2.82189692 6.90466443 3.36750733],entering,[ 0.5677905  -0.59831228 -0.99408226]
263.4884955883026,1003,False,6,3,[-0.84548414 -8.01350131  1.40064398],fake_landed,[ 0.63925976  0.24903542 -0.34837281]
263.4884955883026,1004,False,4,0,[ 8.12076112 -7.48225152  1.99543229],queued,[-0.62185191  0.08809385  0.93462812]
263.4884955883026,1005,False,4,1,[5.4194561  1.71855864 1.68507937],landing,[ 0.50568378 -0.03156594 -0.11489306]
263.5896100997925,1000,False,0,2,[-7.26723139 -1.55612608  3.23304318],landing,[-0.82138112 -0.19970136 -0.21083176]
263.5896100997925,1001,False,5,6,[4.25395248 4.91172418 3.999953  ],cruising,[-0.48080528  0.59740651 -0.20557775]
263.5896100997925,1002,False,0,5,[2.86924211 6.71034913 3.44250733],entering,[ 0.5677905  -0.59831228 -0.99408226]
263.5896100997925,1003,False,6,3,[-0.85934463 -8.01229021  1.34227944],fake_landed,[ 0.63925976  0.24903542 -0.34837281]
263.5896100997925,1004,False,4,0,[ 8.12076112 -7.48225152  2.07043229],queued,[-0.62185191  0.08809385  0.93462812]
263.5896100997925,1005,False,4,1,[5.42781427 1.69587844 1.58804458],landing,[ 0.50568378 -0.03156594 -0.11489306]
263.702597618103,1000,False,0,2,[-7.27634105 -1.53436145  3.13586646],landing,[-0.82138112 -0.19970136 -0.21083176]
263.702597618103,1001,False,5,6,[4.45357543 4.89944918 3.99996005],cruising,[-0.48080528  0.59740651 -0.20557775]
263.702597618103,1002,False,0,5,[2.93275549 6.52070196 3.51750733],entering,[ 0.5677905  -0.59831228 -0.99408226]
263.702597618103,1003,False,6,3,[-0.86858496 -8.0114828   1.30336974],fake_landed,[ 0.63925976  0.24903542 -0.34837281]
263.702597618103,1004,False,4,0,[ 8.12076112 -7.48225152  2.14543229],queued,[-0.62185191  0.08809385  0.93462812]
263.702597618103,1005,False,4,1,[5.43617245 1.67319823 1.4910098 ],fake_landed,[ 0.50568378 -0.03156594 -0.11489306]
263.7896800041199,1000,False,0,2,[-7.28545072 -1.51259682  3.03868974],landing,[-0.82138112 -0.19970136 -0.21083176]
263.7896800041199,1001,False,5,6,[4.65317787 4.88684492 3.99996604],cruising,[-0.48080528  0.59740651 -0.20557775]
263.7896800041199,1002,False,0,5,[3.00896594 6.33579126 3.58988123],entering,[ 0.5677905  -0.59831228 -0.99408226]
263.7896800041199,1003,False,6,3,[-0.87320513 -8.0110791   1.28391489],fake_landed,[ 0.63925976  0.24903542 -0.34837281]
263.7896800041199,1004,False,4,0,[ 8.12076112 -7.48225152  2.22043229],queued,[-0.62185191  0.08809385  0.93462812]
263.7896800041199,1005,False,4,1,[5.442859   1.65505407 1.41338197],fake_landed,[ 0.50568378 -0.03156594 -0.11489306]
263.88884353637695,1000,False,0,2,[-7.29456038 -1.4908322   2.94151302],landing,[-0.82138112 -0.19970136 -0.21083176]
263.88884353637695,1001,False,5,6,[4.85271523 4.87324919 3.99997113],cruising,[-0.48080528  0.59740651 -0.20557775]
263.88884353637695,1002,False,0,5,[3.10062257 6.15805909 3.65177254],entering,[ 0.5677905  -0.59831228 -0.99408226]
263.88884353637695,1003,False,6,3,[-0.87320513 -8.0110791   1.28391489],fake_landed,[ 0.63925976  0.24903542 -0.34837281]
263.88884353637695,1004,False,4,0,[ 8.12076112 -7.48225152  2.29543229],queued,[-0.62185191  0.08809385  0.93462812]
263.88884353637695,1005,False,4,1,[5.4478739  1.64144595 1.3551611 ],fake_landed,[ 0.50568378 -0.03156594 -0.11489306]
263.9884648323059,1000,False,0,2,[-7.30367004 -1.46906757  2.8443363 ],landing,[-0.82138112 -0.19970136 -0.21083176]
263.9884648323059,1001,False,5,6,[5.05213516 4.85802786 3.99997546],cruising,[-0.48080528  0.59740651 -0.20557775]
263.9884648323059,1002,False,0,5,[3.20644144 5.98834649 3.70400666],entering,[ 0.5677905  -0.59831228 -0.99408226]
263.9884648323059,1003,False,3,4,[-0.87320513 -8.0110791   1.28391489],waiting,[ 0.63925976  0.24903542 -0.34837281]
263.9884648323059,1004,False,4,0,[ 8.12076112 -7.48225152  2.37043229],queued,[-0.62185191  0.08809385  0.93462812]
263.9884648323059,1005,False,4,1,[5.45121717 1.63237387 1.31634719],fake_landed,[ 0.50568378 -0.03156594 -0.11489306]
264.08894753456116,1000,False,0,2,[-7.31277971 -1.44730294  2.74715958],landing,[-0.82138112 -0.19970136 -0.21083176]
264.08894753456116,1001,False,5,6,[5.25137041 4.84055452 3.99997914],cruising,[-0.48080528  0.59740651 -0.20557775]
264.08894753456116,1002,False,0,5,[3.32747737 5.8291639  3.74865396],entering,[ 0.5677905  -0.59831228 -0.99408226]
264.08894753456116,1003,False,3,4,[-0.87320513 -8.0110791   1.28391489],waiting,[ 0.63925976  0.24903542 -0.34837281]
264.08894753456116,1004,False,4,0,[ 8.12076112 -7.48225152  2.44543229],entering,[-0.62185191  0.08809385  0.93462812]
264.08894753456116,1005,False,4,1,[5.45288881 1.62783783 1.29694023],fake_landed,[ 0.50568378 -0.03156594 -0.11489306]
264.19454622268677,1000,False,0,2,[-7.32188937 -1.42553832  2.64998286],landing,[-0.82138112 -0.19970136 -0.21083176]
264.19454622268677,1001,False,5,6,[5.45047217 4.82162078 3.99998227],cruising,[-0.48080528  0.59740651 -0.20557775]
264.19454622268677,1002,False,0,5,[3.46268591 5.68179141 3.78635587],entering,[ 0.5677905  -0.59831228 -0.99408226]
264.19454622268677,1003,False,3,4,[-0.87320513 -8.0110791   1.28391489],waiting,[ 0.63925976  0.24903542 -0.34837281]
264.19454622268677,1004,False,4,0,[ 8.10927103 -7.4658815   2.52043229],entering,[-0.62185191  0.08809385  0.93462812]
264.19454622268677,1005,False,4,1,[5.45288881 1.62783783 1.29694023],fake_landed,[ 0.50568378 -0.03156594 -0.11489306]
264.2903354167938,1000,False,0,2,[-7.33099904 -1.40377369  2.55280614],landing,[-0.82138112 -0.19970136 -0.21083176]
264.2903354167938,1001,False,5,6,[5.64920789 4.79916832 3.99998493],exiting,[-0.48080528  0.59740651 -0.20557775]
264.2903354167938,1002,False,0,5,[3.61140881 5.5481302  3.81863904],entering,[ 0.5677905  -0.59831228 -0.99408226]
264.2903354167938,1003,False,3,4,[-0.87320513 -8.0110791   1.28391489],waiting,[ 0.63925976  0.24903542 -0.34837281]
264.2903354167938,1004,False,4,0,[ 8.08629085 -7.43314144  2.59543229],entering,[-0.62185191  0.08809385  0.93462812]
264.2903354167938,1005,False,1,3,[5.45288881 1.62783783 1.29694023],waiting,[ 0.50568378 -0.03156594 -0.11489306]
264.3995153903961,1000,False,0,2,[-7.3401087  -1.38200906  2.45562942],landing,[-0.82138112 -0.19970136 -0.21083176]
264.3995153903961,1001,False,5,6,[5.83182179 4.78855168 3.99998758],exiting,[-0.48080528  0.59740651 -0.20557775]
264.3995153903961,1002,False,0,5,[3.77238267 5.42944502 3.84585932],cruising,[ 0.5677905  -0.59831228 -0.99408226]
264.3995153903961,1003,False,3,4,[-0.87320513 -8.0110791   1.28391489],waiting,[ 0.63925976  0.24903542 -0.34837281]
264.3995153903961,1004,False,4,0,[ 8.05182057 -7.38403136  2.67043229],entering,[-0.62185191  0.08809385  0.93462812]
264.3995153903961,1005,False,1,3,[5.45288881 1.62783783 1.29694023],waiting,[ 0.50568378 -0.03156594 -0.11489306]
264.5036313533783,1000,False,0,2,[-7.34921837 -1.36024443  2.3584527 ],landing,[-0.82138112 -0.19970136 -0.21083176]
264.5036313533783,1001,False,5,6,[5.99829412 4.78974393 3.99999017],exiting,[-0.48080528  0.59740651 -0.20557775]
264.5036313533783,1002,False,0,5,[3.94385646 5.32650456 3.86898042],cruising,[ 0.5677905  -0.59831228 -0.99408226]
264.5036313533783,1003,False,3,4,[-0.87320513 -8.0110791   1.28391489],waiting,[ 0.63925976  0.24903542 -0.34837281]
264.5036313533783,1004,False,4,0,[ 8.00586021 -7.31855125  2.74543229],entering,[-0.62185191  0.08809385  0.93462812]
264.5036313533783,1005,False,1,3,[5.45288881 1.62783783 1.29694023],waiting,[ 0.50568378 -0.03156594 -0.11489306]
264.5893704891205,1000,False,0,2,[-7.35832803 -1.33847981  2.26127598],landing,[-0.82138112 -0.19970136 -0.21083176]
264.5893704891205,1001,False,5,6,[6.14859867 4.80270915 3.99999267],exiting,[-0.48080528  0.59740651 -0.20557775]
264.5893704891205,1002,False,0,5,[4.12316677 5.23791666 3.88863336],cruising,[ 0.5677905  -0.59831228 -0.99408226]
264.5893704891205,1003,False,3,4,[-0.87320513 -8.0110791   1.28391489],waiting,[ 0.63925976  0.24903542 -0.34837281]
264.5893704891205,1004,False,4,0,[ 7.94840975 -7.23670112  2.82043229],entering,[-0.62185191  0.08809385  0.93462812]
264.5893704891205,1005,False,1,3,[5.45288881 1.62783783 1.29694023],waiting,[ 0.50568378 -0.03156594 -0.11489306]
264.69496488571167,1000,False,0,2,[-7.3674377  -1.31671518  2.16409926],landing,[-0.82138112 -0.19970136 -0.21083176]
264.69496488571167,1001,False,5,6,[6.28270058 4.82739933 3.999995  ],exiting,[-0.48080528  0.59740651 -0.20557775]
264.69496488571167,1002,False,0,5,[4.30859945 5.16298523 3.90533835],cruising,[ 0.5677905  -0.59831228 -0.99408226]
264.69496488571167,1003,False,3,4,[-0.87320513 -8.0110791   1.28391489],waiting,[ 0.63925976  0.24903542 -0.34837281]
264.69496488571167,1004,False,4,0,[ 7.8794692  -7.13848095  2.89543229],entering,[-0.62185191  0.08809385  0.93462812]
264.69496488571167,1005,False,1,3,[5.45288881 1.62783783 1.29694023],waiting,[ 0.50568378 -0.03156594 -0.11489306]
264.7903835773468,1000,False,0,2,[-7.37654736 -1.29495055  2.06692253],landing,[-0.82138112 -0.19970136 -0.21083176]
264.7903835773468,1001,False,5,6,[6.40055049 4.86374594 3.9999971 ],exiting,[-0.48080528  0.59740651 -0.20557775]
264.7903835773468,1002,False,0,5,[4.49828305 5.09958072 3.9195376 ],cruising,[ 0.5677905  -0.59831228 -0.99408226]
264.7903835773468,1003,False,3,4,[-0.87320513 -8.0110791   1.28391489],waiting,[ 0.63925976  0.24903542 -0.34837281]
264.7903835773468,1004,False,4,0,[ 7.79911869 -7.0238348   2.97043229],entering,[-0.62185191  0.08809385  0.93462812]
264.7903835773468,1005,False,1,3,[5.45288881 1.62783783 1.29694023],waiting,[ 0.50568378 -0.03156594 -0.11489306]
264.8894910812378,1000,False,0,2,[-7.38565703 -1.27318593  1.96974581],landing,[-0.82138112 -0.19970136 -0.21083176]
264.8894910812378,1001,False,5,6,[6.50208445 4.9116593  3.99999886],exiting,[-0.48080528  0.59740651 -0.20557775]
264.8894910812378,1002,False,0,5,[4.69080435 5.04540002 3.93160696],cruising,[ 0.5677905  -0.59831228 -0.99408226]
264.8894910812378,1003,False,3,4,[-0.87320513 -8.0110791   1.28391489],waiting,[ 0.63925976  0.24903542 -0.34837281]
264.8894910812378,1004,False,4,0,[ 7.70655576 -6.8933502   3.04543229],entering,[-0.62185191  0.08809385  0.93462812]
264.8894910812378,1005,False,1,3,[5.45288881 1.62783783 1.29694023],waiting,[ 0.50568378 -0.03156594 -0.11489306]
264.988267660141,1000,False,0,2,[-7.39476669 -1.2514213   1.87256909],landing,[-0.82138112 -0.19970136 -0.21083176]
264.988267660141,1001,False,5,6,[6.58725216 4.97106813 4.00000022],exiting,[-0.48080528  0.59740651 -0.20557775]
264.988267660141,1002,False,0,5,[4.88528503 4.99873885 3.94186592],cruising,[ 0.5677905  -0.59831228 -0.99408226]
264.988267660141,1003,False,3,4,[-0.87320513 -8.0110791   1.28391489],waiting,[ 0.63925976  0.24903542 -0.34837281]
264.988267660141,1004,False,4,0,[ 7.60109232 -6.74758238  3.12043229],entering,[-0.62185191  0.08809385  0.93462812]
264.988267660141,1005,False,1,3,[5.45288881 1.62783783 1.29694023],waiting,[ 0.50568378 -0.03156594 -0.11489306]
265.0909821987152,1000,False,0,2,[-7.40387636 -1.22965667  1.77539237],landing,[-0.82138112 -0.19970136 -0.21083176]
265.0909821987152,1001,False,5,6,[6.65600068 5.04189669 4.0000011 ],exiting,[-0.48080528  0.59740651 -0.20557775]
265.0909821987152,1002,False,0,5,[5.08091252 4.95714694 3.95058603],cruising,[ 0.5677905  -0.59831228 -0.99408226]
265.0909821987152,1003,False,3,4,[-0.87320513 -8.0110791   1.28391489],waiting,[ 0.63925976  0.24903542 -0.34837281]
265.0909821987152,1004,False,4,0,[ 7.48264714 -6.58660027  3.19543229],entering,[-0.62185191  0.08809385  0.93462812]
265.0909821987152,1005,False,1,3,[5.45288881 1.62783783 1.29694023],waiting,[ 0.50568378 -0.03156594 -0.11489306]
265.1953842639923,1000,False,0,2,[-7.41298602 -1.20789205  1.67821565],landing,[-0.82138112 -0.19970136 -0.21083176]
265.1953842639923,1001,False,5,6,[6.7082752  5.12406578 4.00000144],exiting,[-0.48080528  0.59740651 -0.20557775]
265.1953842639923,1002,False,0,5,[5.27718203 4.91869852 3.95799812],cruising,[ 0.5677905  -0.59831228 -0.99408226]
265.1953842639923,1003,False,3,4,[-0.87320513 -8.0110791   1.28391489],waiting,[ 0.63925976  0.24903542 -0.34837281]
265.1953842639923,1004,False,4,0,[ 7.36369476 -6.42581989  3.27043229],entering,[-0.62185191  0.08809385  0.93462812]
265.1953842639923,1005,False,1,3,[5.45288881 1.62783783 1.29694023],waiting,[ 0.50568378 -0.03156594 -0.11489306]
265.29978799819946,1000,False,0,2,[-7.42209568 -1.18612742  1.58103893],landing,[-0.82138112 -0.19970136 -0.21083176]
265.29978799819946,1001,False,5,6,[6.7441366  5.21741438 4.00000119],exiting,[-0.48080528  0.59740651 -0.20557775]
265.29978799819946,1002,False,0,5,[5.47372529 4.88167495 3.96429841],cruising,[ 0.5677905  -0.59831228 -0.99408226]
265.29978799819946,1003,False,3,4,[-0.87320513 -8.0110791   1.28391489],waiting,[ 0.63925976  0.24903542 -0.34837281]
265.29978799819946,1004,False,4,0,[ 7.24113838 -6.26776948  3.34543229],entering,[-0.62185191  0.08809385  0.93462812]
265.29978799819946,1005,False,1,3,[5.45288881 1.62783783 1.29694023],waiting,[ 0.50568378 -0.03156594 -0.11489306]
265.3892548084259,1000,False,0,2,[-7.43120535 -1.16436279  1.48386221],fake_landed,[-0.82138112 -0.19970136 -0.21083176]
265.3892548084259,1001,False,5,6,[6.77999799 5.31076297 4.00000098],exiting,[-0.48080528  0.59740651 -0.20557775]
265.3892548084259,1002,False,0,5,[5.67057354 4.84630875 3.96965365],cruising,[ 0.5677905  -0.59831228 -0.99408226]
265.3892548084259,1003,False,3,4,[-0.87320513 -8.0110791   1.28391489],waiting,[ 0.63925976  0.24903542 -0.34837281]
265.3892548084259,1004,False,4,0,[ 7.11955034 -6.10897292  3.42043229],entering,[-0.62185191  0.08809385  0.93462812]
265.3892548084259,1005,False,1,3,[5.45288881 1.62783783 1.29694023],waiting,[ 0.50568378 -0.03156594 -0.11489306]
265.4897413253784,1000,False,0,2,[-7.43849308 -1.14695109  1.40612083],fake_landed,[-0.82138112 -0.19970136 -0.21083176]
265.4897413253784,1001,False,5,6,[6.81585938 5.40411157 4.00000081],exiting,[-0.48080528  0.59740651 -0.20557775]
265.4897413253784,1002,False,0,5,[5.86713442 4.80937882 3.9742056 ],cruising,[ 0.5677905  -0.59831228 -0.99408226]
265.4897413253784,1003,False,3,4,[-0.87320513 -8.0110791   1.28391489],waiting,[ 0.63925976  0.24903542 -0.34837281]
265.4897413253784,1004,False,4,0,[ 6.99251657 -5.95449825  3.49543229],entering,[-0.62185191  0.08809385  0.93462812]
265.4897413253784,1005,False,1,3,[5.45288881 1.62783783 1.29694023],waiting,[ 0.50568378 -0.03156594 -0.11489306]
265.58854055404663,1000,False,0,2,[-7.44395888 -1.13389232  1.3478148 ],fake_landed,[-0.82138112 -0.19970136 -0.21083176]
265.58854055404663,1001,False,5,6,[6.85172077 5.49746017 4.00000067],exiting,[-0.48080528  0.59740651 -0.20557775]
265.58854055404663,1002,False,0,5,[6.06313091 4.76956206 3.97807476],cruising,[ 0.5677905  -0.59831228 -0.99408226]
265.58854055404663,1003,False,3,4,[-0.87320513 -8.0110791   1.28391489],waiting,[ 0.63925976  0.24903542 -0.34837281]
265.58854055404663,1004,False,4,0,[ 6.86429894 -5.8010048   3.57043229],entering,[-0.62185191  0.08809385  0.93462812]
265.58854055404663,1005,False,1,3,[5.45288881 1.62783783 1.29694023],waiting,[ 0.50568378 -0.03156594 -0.11489306]
265.6883125305176,1000,False,0,2,[-7.44760275 -1.12518646  1.30894411],fake_landed,[-0.82138112 -0.19970136 -0.21083176]
265.6883125305176,1001,False,5,6,[6.88758216 5.59080877 4.00000056],exiting,[-0.48080528  0.59740651 -0.20557775]
265.6883125305176,1002,False,0,5,[6.25823289 4.72557096 3.98136354],cruising,[ 0.5677905  -0.59831228 -0.99408226]
265.6883125305176,1003,False,3,4,[-0.87320513 -8.0110791   1.28391489],waiting,[ 0.63925976  0.24903542 -0.34837281]
265.6883125305176,1004,False,4,0,[ 6.73445262 -5.64888665  3.63486745],entering,[-0.62185191  0.08809385  0.93462812]
265.6883125305176,1005,False,1,3,[5.45288881 1.62783783 1.29694023],waiting,[ 0.50568378 -0.03156594 -0.11489306]
265.7911820411682,1000,False,0,2,[-7.44942468 -1.12083354  1.28950877],fake_landed,[-0.82138112 -0.19970136 -0.21083176]
265.7911820411682,1001,False,5,6,[6.92344355 5.68415736 4.00000046],exiting,[-0.48080528  0.59740651 -0.20557775]
265.7911820411682,1002,False,0,5,[6.45202149 4.6761141  3.98415901],cruising,[ 0.5677905  -0.59831228 -0.99408226]
265.7911820411682,1003,False,3,4,[-0.87320513 -8.0110791   1.28391489],waiting,[ 0.63925976  0.24903542 -0.34837281]
265.7911820411682,1004,False,4,0,[ 6.59767836 -5.50296612  3.68963733],entering,[-0.62185191  0.08809385  0.93462812]
265.7911820411682,1005,False,1,3,[5.45288881 1.62783783 1.29694023],waiting,[ 0.50568378 -0.03156594 -0.11489306]
265.9014196395874,1000,False,2,1,[-7.44942468 -1.12083354  1.28950877],waiting,[-0.82138112 -0.19970136 -0.21083176]
265.9014196395874,1001,False,5,6,[6.95930494 5.77750596 4.00000038],exiting,[-0.48080528  0.59740651 -0.20557775]
265.9014196395874,1002,False,0,5,[6.64394845 4.61986428 3.98653516],cruising,[ 0.5677905  -0.59831228 -0.99408226]
265.9014196395874,1003,False,3,4,[-0.87320513 -8.0110791   1.28391489],waiting,[ 0.63925976  0.24903542 -0.34837281]
265.9014196395874,1004,False,4,0,[ 6.45616731 -5.36163451  3.73619173],entering,[-0.62185191  0.08809385  0.93462812]
265.9014196395874,1005,False,1,3,[5.45288881 1.62783783 1.29694023],queued,[ 0.50568378 -0.03156594 -0.11489306]
265.9880566596985,1000,False,2,1,[-7.44942468 -1.12083354  1.28950877],waiting,[-0.82138112 -0.19970136 -0.21083176]
265.9880566596985,1001,False,5,6,[6.99516633 5.87085456 4.00000031],exiting,[-0.48080528  0.59740651 -0.20557775]
265.9880566596985,1002,False,0,5,[6.83328736 4.55543777 3.98855489],cruising,[ 0.5677905  -0.59831228 -0.99408226]
265.9880566596985,1003,False,3,4,[-0.87320513 -8.0110791   1.28391489],waiting,[ 0.63925976  0.24903542 -0.34837281]
265.9880566596985,1004,False,4,0,[ 6.31229641 -5.22270588  3.77576297],entering,[-0.62185191  0.08809385  0.93462812]
265.9880566596985,1005,False,1,3,[5.45288881 1.62783783 1.31694023],queued,[ 0.50568378 -0.03156594 -0.11489306]
266.09425687789917,1000,False,2,1,[-7.44942468 -1.12083354  1.28950877],waiting,[-0.82138112 -0.19970136 -0.21083176]
266.09425687789917,1001,False,5,6,[7.03102772 5.96420316 4.00000026],exiting,[-0.48080528  0.59740651 -0.20557775]
266.09425687789917,1002,False,0,5,[7.01907498 4.48139075 3.99027165],cruising,[ 0.5677905  -0.59831228 -0.99408226]
266.09425687789917,1003,False,3,4,[-0.87320513 -8.0110791   1.28391489],waiting,[ 0.63925976  0.24903542 -0.34837281]
266.09425687789917,1004,False,4,0,[ 6.16152477 -5.09129845  3.80939853],entering,[-0.62185191  0.08809385  0.93462812]
266.09425687789917,1005,False,1,3,[5.45288881 1.62783783 1.35694023],queued,[ 0.50568378 -0.03156594 -0.11489306]
266.19333052635193,1000,False,2,1,[-7.44942468 -1.12083354  1.28950877],waiting,[-0.82138112 -0.19970136 -0.21083176]
266.19333052635193,1001,False,5,6,[7.06688911 6.05755175 4.00000021],exiting,[-0.48080528  0.59740651 -0.20557775]
266.19333052635193,1002,False,0,5,[7.20004393 4.39624242 3.99173091],cruising,[ 0.5677905  -0.59831228 -0.99408226]
266.19333052635193,1003,False,3,4,[-0.87320513 -8.0110791   1.28391489],waiting,[ 0.63925976  0.24903542 -0.34837281]
266.19333052635193,1004,False,4,0,[ 6.0037373  -4.96840372  3.83798875],cruising,[-0.62185191  0.08809385  0.93462812]
266.19333052635193,1005,False,1,3,[5.45288881 1.62783783 1.41694023],queued,[ 0.50568378 -0.03156594 -0.11489306]
266.2913818359375,1000,False,2,1,[-7.44942468 -1.12083354  1.28950877],waiting,[-0.82138112 -0.19970136 -0.21083176]
266.2913818359375,1001,False,5,6,[7.1027505  6.15090035 4.00000017],exiting,[-0.48080528  0.59740651 -0.20557775]
266.2913818359375,1002,False,0,5,[7.3745541  4.29853775 3.99297127],cruising,[ 0.5677905  -0.59831228 -0.99408226]
266.2913818359375,1003,False,3,4,[-0.87320513 -8.0110791   1.28391489],waiting,[ 0.63925976  0.24903542 -0.34837281]
266.2913818359375,1004,False,4,0,[ 5.84221397 -4.85046215  3.86229043],cruising,[-0.62185191  0.08809385  0.93462812]
266.2913818359375,1005,False,1,3,[5.45288881 1.62783783 1.49194023],queued,[ 0.50568378 -0.03156594 -0.11489306]
266.3900673389435,1000,False,2,1,[-7.44942468 -1.12083354  1.28950877],waiting,[-0.82138112 -0.19970136 -0.21083176]
266.3900673389435,1001,False,5,6,[7.13861189 6.24424895 4.00000014],exiting,[-0.48080528  0.59740651 -0.20557775]
266.3900673389435,1002,False,0,5,[7.53823401 4.1840199  3.99406115],cruising,[ 0.5677905  -0.59831228 -0.99408226]
266.3900673389435,1003,False,3,4,[-0.87320513 -8.0110791   1.28391489],waiting,[ 0.63925976  0.24903542 -0.34837281]
266.3900673389435,1004,False,4,0,[ 5.67431571 -4.74178753  3.88294687],cruising,[-0.62185191  0.08809385  0.93462812]
266.3900673389435,1005,False,1,3,[5.45288881 1.62783783 1.56694023],queued,[ 0.50568378 -0.03156594 -0.11489306]
266.4941248893738,1000,False,2,1,[-7.44942468 -1.12083354  1.28950877],waiting,[-0.82138112 -0.19970136 -0.21083176]
266.4941248893738,1001,False,5,6,[7.17447328 6.33759755 4.00000012],exiting,[-0.48080528  0.59740651 -0.20557775]
266.4941248893738,1002,False,0,5,[7.68966271 4.05369449 3.9949818 ],cruising,[ 0.5677905  -0.59831228 -0.99408226]
266.4941248893738,1003,False,3,4,[-0.87320513 -8.0110791   1.28391489],queued,[ 0.63925976  0.24903542 -0.34837281]
266.4941248893738,1004,False,4,0,[ 5.50316037 -4.63831845  3.90050484],cruising,[-0.62185191  0.08809385  0.93462812]
266.4941248893738,1005,False,1,3,[5.45288881 1.62783783 1.64194023],queued,[ 0.50568378 -0.03156594 -0.11489306]
266.58875799179077,1000,False,2,1,[-7.44942468 -1.12083354  1.28950877],waiting,[-0.82138112 -0.19970136 -0.21083176]
266.58875799179077,1001,False,5,6,[7.21033467 6.43094614 4.00000009],exiting,[-0.48080528  0.59740651 -0.20557775]
266.58875799179077,1002,False,0,5,[7.8272813  3.90890321 3.99576315],cruising,[ 0.5677905  -0.59831228 -0.99408226]
266.58875799179077,1003,False,3,4,[-0.87320513 -8.0110791   1.30391489],queued,[ 0.63925976  0.24903542 -0.34837281]
266.58875799179077,1004,False,4,0,[ 5.32754173 -4.54262052  3.91542911],cruising,[-0.62185191  0.08809385  0.93462812]
266.58875799179077,1005,False,1,3,[5.45288881 1.62783783 1.71694023],queued,[ 0.50568378 -0.03156594 -0.11489306]
266.69860577583313,1000,False,2,1,[-7.44942468 -1.12083354  1.28950877],waiting,[-0.82138112 -0.19970136 -0.21083176]
266.69860577583313,1001,False,5,6,[7.24619607 6.52429474 4.00000008],exiting,[-0.48080528  0.59740651 -0.20557775]
266.69860577583313,1002,False,0,5,[7.94926131 3.75164481 3.9964663 ],cruising,[ 0.5677905  -0.59831228 -0.99408226]
266.69860577583313,1003,False,3,4,[-0.87320513 -8.0110791   1.34391489],queued,[ 0.63925976  0.24903542 -0.34837281]
266.69860577583313,1004,False,4,0,[ 5.14993592 -4.45066304  3.92811475],cruising,[-0.62185191  0.08809385  0.93462812]
266.69860577583313,1005,False,1,3,[5.45288881 1.62783783 1.79194023],queued,[ 0.50568378 -0.03156594 -0.11489306]
266.79567098617554,1000,False,2,1,[-7.44942468 -1.12083354  1.28950877],waiting,[-0.82138112 -0.19970136 -0.21083176]
266.79567098617554,1001,False,5,6,[7.28205746 6.61764334 4.00000006],exiting,[-0.48080528  0.59740651 -0.20557775]
266.79567098617554,1002,False,0,5,[8.05450026 3.5834443  3.99708611],cruising,[ 0.5677905  -0.59831228 -0.99408226]
266.79567098617554,1003,False,3,4,[-0.87320513 -8.0110791   1.40391489],queued,[ 0.63925976  0.24903542 -0.34837281]
266.79567098617554,1004,False,4,0,[ 4.96960455 -4.36417261  3.93889753],cruising,[-0.62185191  0.08809385  0.93462812]
266.79567098617554,1005,False,1,3,[5.45288881 1.62783783 1.86694023],queued,[ 0.50568378 -0.03156594 -0.11489306]
266.89023995399475,1000,False,2,1,[-7.44942468 -1.12083354  1.28950877],waiting,[-0.82138112 -0.19970136 -0.21083176]
266.89023995399475,1001,False,5,6,[7.31791885 6.71099194 4.00000005],exiting,[-0.48080528  0.59740651 -0.20557775]
266.89023995399475,1002,False,0,5,[8.14210663 3.40580533 3.99761873],cruising,[ 0.5677905  -0.59831228 -0.99408226]
266.89023995399475,1003,False,3,4,[-0.87320513 -8.0110791   1.47891489],queued,[ 0.63925976  0.24903542 -0.34837281]
266.89023995399475,1004,False,4,0,[ 4.78828088 -4.27978228  3.9480629 ],cruising,[-0.62185191  0.08809385  0.93462812]
266.89023995399475,1005,False,1,3,[5.45288881 1.62783783 1.94194023],queued,[ 0.50568378 -0.03156594 -0.11489306]
266.9894495010376,1000,False,2,1,[-7.44942468 -1.12083354  1.28950877],waiting,[-0.82138112 -0.19970136 -0.21083176]
266.9894495010376,1001,False,5,6,[7.35378024 6.80434053 4.00000004],exiting,[-0.48080528  0.59740651 -0.20557775]
266.9894495010376,1002,False,0,5,[8.2113993  3.22012895 3.99805889],cruising,[ 0.5677905  -0.59831228 -0.99408226]
266.9894495010376,1003,False,3,4,[-0.87320513 -8.0110791   1.55391489],queued,[ 0.63925976  0.24903542 -0.34837281]
266.9894495010376,1004,False,4,0,[ 4.60608469 -4.19729259  3.95585347],cruising,[-0.62185191  0.08809385  0.93462812]
266.9894495010376,1005,False,1,3,[5.45288881 1.62783783 2.01694023],queued,[ 0.50568378 -0.03156594 -0.11489306]
267.09867763519287,1000,False,2,1,[-7.44942468 -1.12083354  1.28950877],waiting,[-0.82138112 -0.19970136 -0.21083176]
267.09867763519287,1001,False,5,6,[7.38964163 6.89768913 4.00000003],exiting,[-0.48080528  0.59740651 -0.20557775]
267.09867763519287,1002,False,0,5,[8.26185688 3.02772729 3.99839923],cruising,[ 0.5677905  -0.59831228 -0.99408226]
267.09867763519287,1003,False,3,4,[-0.87320513 -8.0110791   1.62891489],queued,[ 0.63925976  0.24903542 -0.34837281]
267.09867763519287,1004,False,4,0,[ 4.42259582 -4.11771978  3.96247545],cruising,[-0.62185191  0.08809385  0.93462812]
267.09867763519287,1005,False,1,3,[5.45288881 1.62783783 2.09194023],queued,[ 0.50568378 -0.03156594 -0.11489306]
267.1898012161255,1000,False,2,1,[-7.44942468 -1.12083354  1.28950877],waiting,[-0.82138112 -0.19970136 -0.21083176]
267.1898012161255,1001,False,5,6,[7.42550302 6.99103773 4.00000003],exiting,[-0.48080528  0.59740651 -0.20557775]
267.1898012161255,1002,False,0,5,[8.29970462 2.83134107 3.99863935],cruising,[ 0.5677905  -0.59831228 -0.99408226]
267.1898012161255,1003,False,3,4,[-0.87320513 -8.0110791   1.70391489],queued,[ 0.63925976  0.24903542 -0.34837281]
267.1898012161255,1004,False,4,0,[ 4.23870608 -4.03907778  3.96810413],cruising,[-0.62185191  0.08809385  0.93462812]
267.1898012161255,1005,False,1,3,[5.45288881 1.62783783 2.16694023],queued,[ 0.50568378 -0.03156594 -0.11489306]
267.30279541015625,1000,False,2,1,[-7.44942468 -1.12083354  1.28950877],waiting,[-0.82138112 -0.19970136 -0.21083176]
267.30279541015625,1001,False,5,6,[7.46136441 7.08438633 4.00000002],exiting,[-0.48080528  0.59740651 -0.20557775]
267.30279541015625,1002,False,0,5,[8.33145958 2.63387811 3.99884345],cruising,[ 0.5677905  -0.59831228 -0.99408226]
267.30279541015625,1003,False,3,4,[-0.87320513 -8.0110791   1.77891489],queued,[ 0.63925976  0.24903542 -0.34837281]
267.30279541015625,1004,False,4,0,[ 4.05405694 -3.96223576  3.97288851],cruising,[-0.62185191  0.08809385  0.93462812]
267.30279541015625,1005,False,1,3,[5.45288881 1.62783783 2.24194023],queued,[ 0.50568378 -0.03156594 -0.11489306]
267.3940200805664,1000,False,2,1,[-7.44942468 -1.12083354  1.28950877],waiting,[-0.82138112 -0.19970136 -0.21083176]
267.3940200805664,1001,False,5,6,[7.4972258  7.17773492 4.00000002],exiting,[-0.48080528  0.59740651 -0.20557775]
267.3940200805664,1002,False,0,5,[8.35829688 2.43568689 3.99901693],cruising,[ 0.5677905  -0.59831228 -0.99408226]
267.3940200805664,1003,False,3,4,[-0.87320513 -8.0110791   1.85391489],entering,[ 0.63925976  0.24903542 -0.34837281]
267.3940200805664,1004,False,4,0,[ 3.86919666 -3.8859031   3.97695523],cruising,[-0.62185191  0.08809385  0.93462812]
267.3940200805664,1005,False,1,3,[5.45288881 1.62783783 2.31694023],queued,[ 0.50568378 -0.03156594 -0.11489306]
267.49815678596497,1000,False,2,1,[-7.44942468 -1.12083354  1.28950877],waiting,[-0.82138112 -0.19970136 -0.21083176]
267.49815678596497,1001,False,5,6,[7.53308719 7.27108352 4.00000001],exiting,[-0.48080528  0.59740651 -0.20557775]
267.49815678596497,1002,False,0,5,[8.38414794 2.23736462 3.99916439],cruising,[ 0.5677905  -0.59831228 -0.99408226]
267.49815678596497,1003,False,3,4,[-0.87969657 -7.99216188  1.92891489],entering,[ 0.63925976  0.24903542 -0.34837281]
267.49815678596497,1004,False,4,0,[ 3.68385328 -3.81075104  3.98041195],cruising,[-0.62185191  0.08809385  0.93462812]
267.49815678596497,1005,False,1,3,[5.45288881 1.62783783 2.39194023],queued,[ 0.50568378 -0.03156594 -0.11489306]
267.6003632545471,1000,False,2,1,[-7.44942468 -1.12083354  1.28950877],waiting,[-0.82138112 -0.19970136 -0.21083176]
267.6003632545471,1001,False,5,6,[7.56894858 7.36443212 4.00000001],exiting,[-0.48080528  0.59740651 -0.20557775]
267.6003632545471,1002,False,0,5,[8.40539574 2.03849649 3.99928973],cruising,[ 0.5677905  -0.59831228 -0.99408226]
267.6003632545471,1003,False,3,4,[-0.89267946 -7.95432745  2.00391489],entering,[ 0.63925976  0.24903542 -0.34837281]
267.6003632545471,1004,False,4,0,[ 3.49831586 -3.73607931  3.98335016],cruising,[-0.62185191  0.08809385  0.93462812]
267.6003632545471,1005,False,1,3,[5.45288881 1.62783783 2.46694023],queued,[ 0.50568378 -0.03156594 -0.11489306]
267.70104241371155,1000,False,2,1,[-7.44942468 -1.12083354  1.28950877],waiting,[-0.82138112 -0.19970136 -0.21083176]
267.70104241371155,1001,False,5,6,[7.60480997 7.45778072 4.00000001],exiting,[-0.48080528  0.59740651 -0.20557775]
267.70104241371155,1002,False,0,5,[8.42540882 1.83950032 3.99939627],cruising,[ 0.5677905  -0.59831228 -0.99408226]
267.70104241371155,1003,False,3,4,[-0.91215379 -7.89757579  2.07891489],entering,[ 0.63925976  0.24903542 -0.34837281]
267.70104241371155,1004,False,4,0,[ 3.31241718 -3.66231157  3.98584763],cruising,[-0.62185191  0.08809385  0.93462812]
267.70104241371155,1005,False,1,3,[5.45288881 1.62783783 2.54194023],queued,[ 0.50568378 -0.03156594 -0.11489306]
267.7955975532532,1000,False,2,1,[-7.44942468 -1.12083354  1.28950877],waiting,[-0.82138112 -0.19970136 -0.21083176]
267.7955975532532,1001,False,5,6,[7.64067136 7.55112931 4.00000001],exiting,[-0.48080528  0.59740651 -0.20557775]
267.7955975532532,1002,False,0,5,[8.44382072 1.64034962 3.99948683],cruising,[ 0.5677905  -0.59831228 -0.99408226]
267.7955975532532,1003,False,3,4,[-0.93811956 -7.82190691  2.15391489],entering,[ 0.63925976  0.24903542 -0.34837281]
267.7955975532532,1004,False,4,0,[ 3.12622891 -3.58927781  3.98797049],cruising,[-0.62185191  0.08809385  0.93462812]
267.7955975532532,1005,False,1,3,[5.45288881 1.62783783 2.61694023],entering,[ 0.50568378 -0.03156594 -0.11489306]
267.8886594772339,1000,False,2,1,[-7.44942468 -1.12083354  1.28950877],waiting,[-0.82138112 -0.19970136 -0.21083176]
267.8886594772339,1001,False,5,6,[7.67653275 7.64447791 4.00000001],exiting,[-0.48080528  0.59740651 -0.20557775]
267.8886594772339,1002,False,0,5,[8.45771031 1.4408325  3.99956381],cruising,[ 0.5677905  -0.59831228 -0.99408226]
267.8886594772339,1003,False,3,4,[-0.97057678 -7.72732082  2.22891489],entering,[ 0.63925976  0.24903542 -0.34837281]
267.8886594772339,1004,False,4,0,[ 2.93970288 -3.51711106  3.98977492],cruising,[-0.62185191  0.08809385  0.93462812]
267.8886594772339,1005,False,1,3,[5.47258243 1.62435054 2.69194023],entering,[ 0.50568378 -0.03156594 -0.11489306]
267.999835729599,1000,False,2,1,[-7.44942468 -1.12083354  1.28950877],waiting,[-0.82138112 -0.19970136 -0.21083176]
267.999835729599,1001,False,5,6,[7.71239414 7.73782651 4.        ],exiting,[-0.48080528  0.59740651 -0.20557775]
267.999835729599,1002,False,0,5,[8.47008715 1.24121584 3.99962924],cruising,[ 0.5677905  -0.59831228 -0.99408226]
267.999835729599,1003,False,3,4,[-1.00952544 -7.61381751  2.30391489],entering,[ 0.63925976  0.24903542 -0.34837281]
267.999835729599,1004,False,4,0,[ 2.75270782 -3.44616849  3.99130868],cruising,[-0.62185191  0.08809385  0.93462812]
267.999835729599,1005,False,1,3,[5.51196403 1.61734418 2.76694023],entering,[ 0.50568378 -0.03156594 -0.11489306]
268.0929207801819,1000,False,2,1,[-7.44942468 -1.12083354  1.28950877],queued,[-0.82138112 -0.19970136 -0.21083176]
268.0929207801819,1001,False,5,6,[7.74825553 7.83117511 4.        ],exiting,[-0.48080528  0.59740651 -0.20557775]
268.0929207801819,1002,False,0,5,[8.47843268 1.04139003 3.99968485],cruising,[ 0.5677905  -0.59831228 -0.99408226]
268.0929207801819,1003,False,3,4,[-1.05496555 -7.48139698  2.37891489],entering,[ 0.63925976  0.24903542 -0.34837281]
268.0929207801819,1004,False,4,0,[ 2.56509628 -3.37687269  3.99261238],cruising,[-0.62185191  0.08809385  0.93462812]
268.0929207801819,1005,False,1,3,[5.57102086 1.60674828 2.84194023],entering,[ 0.50568378 -0.03156594 -0.11489306]
268.1884939670563,1000,False,2,1,[-7.44942468 -1.12083354  1.30950877],queued,[-0.82138112 -0.19970136 -0.21083176]
268.1884939670563,1001,False,5,6,[7.78411693 7.9245237  4.        ],exiting,[-0.48080528  0.59740651 -0.20557775]
268.1884939670563,1002,False,0,5,[8.48531109 0.84150835 3.99973212],cruising,[ 0.5677905  -0.59831228 -0.99408226]
268.1884939670563,1003,False,3,4,[-1.1068971  -7.33005923  2.45391489],entering,[ 0.63925976  0.24903542 -0.34837281]
268.1884939670563,1004,False,4,0,[ 2.3770442  -3.30878146  3.99372052],cruising,[-0.62185191  0.08809385  0.93462812]
268.1884939670563,1005,False,1,3,[5.64967897 1.59217867 2.91694023],entering,[ 0.50568378 -0.03156594 -0.11489306]
268.29249906539917,1000,False,2,1,[-7.44942468 -1.12083354  1.34950877],queued,[-0.82138112 -0.19970136 -0.21083176]
268.29249906539917,1001,False,5,6,[7.81997832 8.0178723  4.        ],exiting,[-0.48080528  0.59740651 -0.20557775]
268.29249906539917,1002,False,0,5,[8.49051708 0.64157612 3.9997723 ],cruising,[ 0.5677905  -0.59831228 -0.99408226]
268.29249906539917,1003,False,3,4,[-1.16532009 -7.15980426  2.52891489],entering,[ 0.63925976  0.24903542 -0.34837281]
268.29249906539917,1004,False,4,0,[ 2.18809032 -3.2432343   3.99466244],cruising,[-0.62185191  0.08809385  0.93462812]
268.29249906539917,1005,False,1,3,[5.74785716 1.57325404 2.99194023],entering,[ 0.50568378 -0.03156594 -0.11489306]
268.39922189712524,1000,False,2,1,[-7.44942468 -1.12083354  1.40950877],queued,[-0.82138112 -0.19970136 -0.21083176]
268.39922189712524,1001,False,5,6,[7.85583971 8.1112209  4.        ],exiting,[-0.48080528  0.59740651 -0.20557775]
268.39922189712524,1002,False,0,5,[8.49389744 0.44160468 3.99980646],cruising,[ 0.5677905  -0.59831228 -0.99408226]
268.39922189712524,1003,False,3,4,[-1.2314881  -6.97110981  2.60391489],entering,[ 0.63925976  0.24903542 -0.34837281]
268.39922189712524,1004,False,4,0,[ 1.99805924 -3.18087894  3.99546308],cruising,[-0.62185191  0.08809385  0.93462812]
268.39922189712524,1005,False,1,3,[5.86541427 1.54938397 3.06694023],entering,[ 0.50568378 -0.03156594 -0.11489306]
268.49388694763184,1000,False,2,1,[-7.44942468 -1.12083354  1.48450877],queued,[-0.82138112 -0.19970136 -0.21083176]
268.49388694763184,1001,False,5,6,[7.8917011 8.2045695 4.       ],exiting,[-0.48080528  0.59740651 -0.20557775]
268.49388694763184,1002,False,0,5,[8.49320652 0.24160588 3.99983549],cruising,[ 0.5677905  -0.59831228 -0.99408226]
268.49388694763184,1003,False,3,4,[-1.29767197 -6.782378    2.67891489],entering,[ 0.63925976  0.24903542 -0.34837281]
268.49388694763184,1004,False,4,0,[ 1.80737798 -3.1205411   3.99614361],cruising,[-0.62185191  0.08809385  0.93462812]
268.49388694763184,1005,False,1,3,[6.0021645  1.51989038 3.14194023],entering,[ 0.50568378 -0.03156594 -0.11489306]
268.5945827960968,1000,False,2,1,[-7.44942468 -1.12083354  1.55950877],queued,[-0.82138112 -0.19970136 -0.21083176]
268.5945827960968,1001,False,5,6,[7.92756249 8.29791809 4.        ],exiting,[-0.48080528  0.59740651 -0.20557775]
268.5945827960968,1002,False,0,5,[8.4908659  0.04161957 3.99986017],cruising,[ 0.5677905  -0.59831228 -0.99408226]
268.5945827960968,1003,False,3,4,[-1.36385583 -6.59364619  2.75391489],entering,[ 0.63925976  0.24903542 -0.34837281]
268.5945827960968,1004,False,4,0,[ 1.6152101  -3.06511991  3.99672207],cruising,[-0.62185191  0.08809385  0.93462812]
268.5945827960968,1005,False,1,3,[6.15743246 1.48284074 3.21694023],entering,[ 0.50568378 -0.03156594 -0.11489306]
268.69320464134216,1000,False,2,1,[-7.44942468 -1.12083354  1.63450877],queued,[-0.82138112 -0.19970136 -0.21083176]
268.69320464134216,1001,False,5,6,[7.96342388 8.39126669 4.        ],exiting,[-0.48080528  0.59740651 -0.20557775]
268.69320464134216,1002,False,0,5,[ 8.48672321 -0.15833752  3.99988114],cruising,[ 0.5677905  -0.59831228 -0.99408226]
268.69320464134216,1003,False,3,4,[-1.43081782 -6.40518905  2.82891489],entering,[ 0.63925976  0.24903542 -0.34837281]
268.69320464134216,1004,False,4,0,[ 1.42136546 -3.0158832   3.99721376],cruising,[-0.62185191  0.08809385  0.93462812]
268.69320464134216,1005,False,1,3,[6.33029781 1.43628678 3.29194023],entering,[ 0.50568378 -0.03156594 -0.11489306]
268.80204224586487,1000,False,2,1,[-7.44942468 -1.12083354  1.70950877],queued,[-0.82138112 -0.19970136 -0.21083176]
268.80204224586487,1001,False,5,6,[7.99928527 8.48461529 4.        ],exiting,[-0.48080528  0.59740651 -0.20557775]
268.80204224586487,1002,False,0,5,[ 8.47863392 -0.35817386  3.99989897],cruising,[ 0.5677905  -0.59831228 -0.99408226]
268.80204224586487,1003,False,3,4,[-1.49831675 -6.21692356  2.90391489],entering,[ 0.63925976  0.24903542 -0.34837281]
268.80204224586487,1004,False,4,0,[ 1.2256795  -2.97456726  3.9976317 ],cruising,[-0.62185191  0.08809385  0.93462812]
268.80204224586487,1005,False,1,3,[6.51665434 1.37496841 3.36694023],entering,[ 0.50568378 -0.03156594 -0.11489306]
268.90162467956543,1000,False,2,1,[-7.44942468 -1.12083354  1.78450877],queued,[-0.82138112 -0.19970136 -0.21083176]
268.90162467956543,1001,False,5,6,[8.03514666 8.57796389 4.        ],exiting,[-0.48080528  0.59740651 -0.20557775]
268.90162467956543,1002,False,0,5,[ 8.4688466  -0.55793423  3.99991412],cruising,[ 0.5677905  -0.59831228 -0.99408226]
268.90162467956543,1003,False,3,4,[-1.56581567 -6.02865807  2.97891489],entering,[ 0.63925976  0.24903542 -0.34837281]
268.90162467956543,1004,False,4,0,[ 1.02726854 -2.94940598  3.99798694],cruising,[-0.62185191  0.08809385  0.93462812]
268.90162467956543,1005,False,1,3,[6.70360235 1.30390196 3.44194023],entering,[ 0.50568378 -0.03156594 -0.11489306]
268.9968001842499,1000,False,2,1,[-7.44942468 -1.12083354  1.85950877],queued,[-0.82138112 -0.19970136 -0.21083176]
268.9968001842499,1001,False,5,6,[8.07100805 8.67131248 4.        ],exiting,[-0.48080528  0.59740651 -0.20557775]
268.9968001842499,1002,False,0,5,[ 8.4571944  -0.75759451  3.99992701],cruising,[ 0.5677905  -0.59831228 -0.99408226]
268.9968001842499,1003,False,3,4,[-1.63459074 -5.84085501  3.05391489],entering,[ 0.63925976  0.24903542 -0.34837281]
268.9968001842499,1004,False,4,0,[ 0.82756507 -2.93851909  3.9982889 ],cruising,[-0.62185191  0.08809385  0.93462812]
268.9968001842499,1005,False,1,3,[6.88655353 1.22310057 3.51694023],entering,[ 0.50568378 -0.03156594 -0.11489306]
269.096556186676,1000,False,2,1,[-7.44942468 -1.12083354  1.93450877],queued,[-0.82138112 -0.19970136 -0.21083176]
269.096556186676,1001,False,5,6,[8.10686944 8.76466108 4.        ],exiting,[-0.48080528  0.59740651 -0.20557775]
269.096556186676,1002,False,0,5,[ 8.44353342 -0.95712741  3.99993796],cruising,[ 0.5677905  -0.59831228 -0.99408226]
269.096556186676,1003,False,3,4,[-1.70336581 -5.65305195  3.12891489],entering,[ 0.63925976  0.24903542 -0.34837281]
269.096556186676,1004,False,4,0,[ 0.6276273  -2.94350774  3.99854557],cruising,[-0.62185191  0.08809385  0.93462812]
269.096556186676,1005,False,1,3,[7.06451151 1.13182647 3.5893992 ],entering,[ 0.50568378 -0.03156594 -0.11489306]
269.1926577091217,1000,False,2,1,[-7.44942468 -1.12083354  2.00950877],queued,[-0.82138112 -0.19970136 -0.21083176]
269.1926577091217,1001,False,5,6,[8.14273083 8.85800968 4.        ],exiting,[-0.48080528  0.59740651 -0.20557775]
269.1926577091217,1002,False,0,5,[ 8.42558637 -1.15632054  3.99994726],cruising,[ 0.5677905  -0.59831228 -0.99408226]
269.1926577091217,1003,False,3,4,[-1.77328211 -5.46567076  3.20391489],entering,[ 0.63925976  0.24903542 -0.34837281]
269.1926577091217,1004,False,4,0,[ 0.42862171 -2.963427    3.99876373],cruising,[-0.62185191  0.08809385  0.93462812]
269.1926577091217,1005,False,1,3,[7.23624204 1.02931489 3.65098932],entering,[ 0.50568378 -0.03156594 -0.11489306]
269.2958722114563,1000,False,2,1,[-7.44942468 -1.12083354  2.08450877],queued,[-0.82138112 -0.19970136 -0.21083176]
269.2958722114563,1001,False,5,6,[8.17859222 8.95135828 4.        ],exiting,[-0.48080528  0.59740651 -0.20557775]
269.2958722114563,1002,False,0,5,[ 8.40569122 -1.35532854  3.99995517],cruising,[ 0.5677905  -0.59831228 -0.99408226]
269.2958722114563,1003,False,3,4,[-1.84273429 -5.27811704  3.27891489],entering,[ 0.63925976  0.24903542 -0.34837281]
269.2958722114563,1004,False,4,0,[ 0.23156746 -2.99762675  3.99894917],cruising,[-0.62185191  0.08809385  0.93462812]
269.2958722114563,1005,False,1,3,[7.40150016 0.91666609 3.70334092],entering,[ 0.50568378 -0.03156594 -0.11489306]
269.39495873451233,1000,False,2,1,[-7.44942468 -1.12083354  2.15950877],entering,[-0.82138112 -0.19970136 -0.21083176]
269.39495873451233,1001,False,5,6,[8.21445361 9.04470687 4.        ],exiting,[-0.48080528  0.59740651 -0.20557775]
269.39495873451233,1002,False,0,5,[ 8.3836517  -1.55411048  3.9999619 ],cruising,[ 0.5677905  -0.59831228 -0.99408226]
269.39495873451233,1003,False,3,4,[-1.91365465 -5.09111356  3.35391489],entering,[ 0.63925976  0.24903542 -0.34837281]
269.39495873451233,1004,False,4,0,[ 0.03730834 -3.0452019   3.9991068 ],cruising,[-0.62185191  0.08809385  0.93462812]
269.39495873451233,1005,False,1,3,[7.55729156 0.79125062 3.74783978],entering,[ 0.50568378 -0.03156594 -0.11489306]
269.4994647502899,1000,False,2,1,[-7.43634512 -1.10570327  2.23450877],entering,[-0.82138112 -0.19970136 -0.21083176]
269.4994647502899,1001,False,5,6,[8.250315   9.13805547 4.        ],landing,[-0.48080528  0.59740651 -0.20557775]
269.4994647502899,1002,False,0,5,[ 8.35695445 -1.75232061  3.99996761],cruising,[ 0.5677905  -0.59831228 -0.99408226]
269.4994647502899,1003,False,3,4,[-1.98519437 -4.90434614  3.42891489],entering,[ 0.63925976  0.24903542 -0.34837281]
269.4994647502899,1004,False,4,0,[-0.15237504 -3.10860705  3.99924078],cruising,[-0.62185191  0.08809385  0.93462812]
269.4994647502899,1005,False,1,3,[7.70163846 0.65281661 3.78566381],entering,[ 0.50568378 -0.03156594 -0.11489306]
269.5981500148773,1000,False,2,1,[-7.41020091 -1.07542985  2.30950877],entering,[-0.82138112 -0.19970136 -0.21083176]
269.5981500148773,1001,False,5,6,[8.2842398  9.21731926 3.98593345],landing,[-0.48080528  0.59740651 -0.20557775]
269.5981500148773,1002,False,0,5,[ 8.32804255 -1.95021983  3.99997247],cruising,[ 0.5677905  -0.59831228 -0.99408226]
269.5981500148773,1003,False,3,4,[-2.05699652 -4.71767946  3.50391489],entering,[ 0.63925976  0.24903542 -0.34837281]
269.5981500148773,1004,False,4,0,[-0.33862185 -3.18149138  3.99935466],cruising,[-0.62185191  0.08809385  0.93462812]
269.5981500148773,1005,False,1,3,[7.83255166 0.50161565 3.81781424],entering,[ 0.50568378 -0.03156594 -0.11489306]
269.69004487991333,1000,False,2,1,[-7.37102509 -1.02998483  2.38450877],entering,[-0.82138112 -0.19970136 -0.21083176]
269.69004487991333,1001,False,5,6,[8.31613115 9.28235089 3.95796328],landing,[-0.48080528  0.59740651 -0.20557775]
269.69004487991333,1002,False,0,5,[ 8.29665558 -2.14774163  3.9999766 ],cruising,[ 0.5677905  -0.59831228 -0.99408226]
269.69004487991333,1003,False,3,4,[-2.12869058 -4.53097123  3.57832766],entering,[ 0.63925976  0.24903542 -0.34837281]
269.69004487991333,1004,False,4,0,[-0.52055517 -3.26455923  3.99945146],cruising,[-0.62185191  0.08809385  0.93462812]
269.69004487991333,1005,False,1,3,[7.9483168  0.33852539 3.84514211],entering,[ 0.50568378 -0.03156594 -0.11489306]
269.79254698753357,1000,False,2,1,[-7.31888075 -0.96931428  2.45950877],entering,[-0.82138112 -0.19970136 -0.21083176]
269.79254698753357,1001,False,5,6,[8.34587412 9.33297758 3.9162861 ],landing,[-0.48080528  0.59740651 -0.20557775]
269.79254698753357,1002,False,0,5,[ 8.25981018 -2.34431837  3.99998011],cruising,[ 0.5677905  -0.59831228 -0.99408226]
269.79254698753357,1003,False,3,4,[-2.19874322 -4.34364097  3.64157851],entering,[ 0.63925976  0.24903542 -0.34837281]
269.79254698753357,1004,False,4,0,[-0.69950888 -3.35386527  3.99953374],cruising,[-0.62185191  0.08809385  0.93462812]
269.79254698753357,1005,False,1,3,[8.04781873 0.1650337  3.86837079],cruising,[ 0.50568378 -0.03156594 -0.11489306]
269.8992302417755,1000,False,2,1,[-7.25389152 -0.89331371  2.53450877],entering,[-0.82138112 -0.19970136 -0.21083176]
269.8992302417755,1001,False,5,6,[8.37330989 9.36896438 3.86117945],landing,[-0.48080528  0.59740651 -0.20557775]
269.8992302417755,1002,False,0,5,[ 8.22026462 -2.54036976  3.99998309],cruising,[ 0.5677905  -0.59831228 -0.99408226]
269.8992302417755,1003,False,3,4,[-2.26342652 -4.15438963  3.69534173],entering,[ 0.63925976  0.24903542 -0.34837281]
269.8992302417755,1004,False,4,0,[-0.87743489 -3.44520167  3.99960368],cruising,[-0.62185191  0.08809385  0.93462812]
269.8992302417755,1005,False,1,3,[ 8.12973112 -0.01737432  3.88826666],cruising,[ 0.50568378 -0.03156594 -0.11489306]
269.99083828926086,1000,False,2,1,[-7.17637527 -0.80172233  2.60950877],entering,[-0.82138112 -0.19970136 -0.21083176]
269.99083828926086,1001,False,5,6,[8.39830487 9.3901171  3.79288218],landing,[-0.48080528  0.59740651 -0.20557775]
269.99083828926086,1002,False,0,5,[ 8.17456748 -2.73507922  3.99998563],cruising,[ 0.5677905  -0.59831228 -0.99408226]
269.99083828926086,1003,False,3,4,[-2.32595501 -3.96441545  3.74104047],entering,[ 0.63925976  0.24903542 -0.34837281]
269.99083828926086,1004,False,4,0,[-1.05679876 -3.53368105  3.99966313],cruising,[-0.62185191  0.08809385  0.93462812]
269.99083828926086,1005,False,1,3,[ 8.19493261 -0.20644776  3.90502666],cruising,[ 0.50568378 -0.03156594 -0.11489306]
270.09454441070557,1000,False,2,1,[-7.08665641 -0.69428493  2.68450877],entering,[-0.82138112 -0.19970136 -0.21083176]
270.09454441070557,1001,False,5,6,[8.42073375 9.39625648 3.71162286],landing,[-0.48080528  0.59740651 -0.20557775]
270.09454441070557,1002,False,0,5,[ 8.12570657 -2.92901893  3.99998778],cruising,[ 0.5677905  -0.59831228 -0.99408226]
270.09454441070557,1003,False,3,4,[-2.38763657 -3.7741646   3.7798844 ],entering,[ 0.63925976  0.24903542 -0.34837281]
270.09454441070557,1004,False,4,0,[-1.24162564 -3.61009457  3.99971366],cruising,[-0.62185191  0.08809385  0.93462812]
270.09454441070557,1005,False,1,3,[ 8.24559887 -0.39992367  3.91927266],cruising,[ 0.50568378 -0.03156594 -0.11489306]
270.1908190250397,1000,False,2,1,[-6.98528431 -0.57059324  2.75950877],entering,[-0.82138112 -0.19970136 -0.21083176]
270.1908190250397,1001,False,5,6,[8.44046884 9.38720283 3.61763894],landing,[-0.48080528  0.59740651 -0.20557775]
270.1908190250397,1002,False,0,5,[ 8.06950244 -3.12095927  3.99998962],cruising,[ 0.5677905  -0.59831228 -0.99408226]
270.1908190250397,1003,False,3,4,[-2.44880034 -3.58374666  3.81290174],cruising,[ 0.63925976  0.24903542 -0.34837281]
270.1908190250397,1004,False,4,0,[-1.43285868 -3.66756182  3.99975844],cruising,[-0.62185191  0.08809385  0.93462812]
270.1908190250397,1005,False,1,3,[ 8.28329242 -0.59633955  3.93138176],cruising,[ 0.50568378 -0.03156594 -0.11489306]
270.29533529281616,1000,False,2,1,[-6.87343516 -0.42986536  2.83450877],entering,[-0.82138112 -0.19970136 -0.21083176]
270.29533529281616,1001,False,5,6,[8.45945361 9.37406512 3.52034054],landing,[-0.48080528  0.59740651 -0.20557775]
270.29533529281616,1002,False,0,5,[ 8.00939063 -3.31171191  3.99999117],cruising,[ 0.5677905  -0.59831228 -0.99408226]
270.29533529281616,1003,False,3,4,[-2.50407831 -3.39153754  3.84096648],cruising,[ 0.63925976  0.24903542 -0.34837281]
270.29533529281616,1004,False,4,0,[-1.62724868 -3.7052798   3.99980017],cruising,[-0.62185191  0.08809385  0.93462812]
270.29533529281616,1005,False,1,3,[ 8.30965205 -0.79459486  3.9416745 ],cruising,[ 0.50568378 -0.03156594 -0.11489306]
270.39871644973755,1000,False,2,1,[-6.75376223 -0.27073129  2.90950877],entering,[-0.82138112 -0.19970136 -0.21083176]
270.39871644973755,1001,False,5,6,[8.47843839 9.36092741 3.42304214],landing,[-0.48080528  0.59740651 -0.20557775]
270.39871644973755,1002,False,0,5,[ 7.94004882 -3.49930646  3.9999925 ],cruising,[ 0.5677905  -0.59831228 -0.99408226]
270.39871644973755,1003,False,3,4,[-2.54965458 -3.19679976  3.86482151],cruising,[ 0.63925976  0.24903542 -0.34837281]
270.39871644973755,1004,False,4,0,[-1.82161239 -3.7229978   3.9998394 ],cruising,[-0.62185191  0.08809385  0.93462812]
270.39871644973755,1005,False,1,3,[ 8.3240969  -0.99407255  3.95042333],cruising,[ 0.50568378 -0.03156594 -0.11489306]
270.4916045665741,1000,False,2,1,[-6.63699804 -0.1083548   2.98450877],entering,[-0.82138112 -0.19970136 -0.21083176]
270.4916045665741,1001,False,5,6,[8.49742317 9.34778969 3.32574374],landing,[-0.48080528  0.59740651 -0.20557775]
270.4916045665741,1002,False,0,5,[ 7.86041314 -3.68276806  3.99999362],cruising,[ 0.5677905  -0.59831228 -0.99408226]
270.4916045665741,1003,False,3,4,[-2.59369826 -3.00170964  3.88509828],cruising,[ 0.63925976  0.24903542 -0.34837281]
270.4916045665741,1004,False,4,0,[-2.0129439  -3.72094699  3.9998763 ],cruising,[-0.62185191  0.08809385  0.93462812]
270.4916045665741,1005,False,1,3,[ 8.33039266 -1.19397343  3.95785983],cruising,[ 0.50568378 -0.03156594 -0.11489306]
270.59024143218994,1000,False,2,1,[-6.523769    0.05650631  3.05950877],entering,[-0.82138112 -0.19970136 -0.21083176]
270.59024143218994,1001,False,5,6,[8.51640795 9.33465198 3.22844534],landing,[-0.48080528  0.59740651 -0.20557775]
270.59024143218994,1002,False,0,5,[ 7.77500965 -3.86361674  3.99999458],cruising,[ 0.5677905  -0.59831228 -0.99408226]
270.59024143218994,1003,False,3,4,[-2.63696591 -2.80644595  3.90233354],cruising,[ 0.63925976  0.24903542 -0.34837281]
270.59024143218994,1004,False,4,0,[-2.19860845 -3.69971584  3.99991087],cruising,[-0.62185191  0.08809385  0.93462812]
270.59024143218994,1005,False,1,3,[ 8.32959427 -1.39397184  3.96418085],cruising,[ 0.50568378 -0.03156594 -0.11489306]
270.7005891799927,1000,False,2,1,[-6.41469118  0.22414291  3.13450877],entering,[-0.82138112 -0.19970136 -0.21083176]
270.7005891799927,1001,False,5,6,[8.53539272 9.32151427 3.13114694],landing,[-0.48080528  0.59740651 -0.20557775]
270.7005891799927,1002,False,0,5,[ 7.67547577 -4.0370901   3.99999539],cruising,[ 0.5677905  -0.59831228 -0.99408226]
270.7005891799927,1003,False,3,4,[-2.67745135 -2.61058648  3.91698351],cruising,[ 0.63925976  0.24903542 -0.34837281]
270.7005891799927,1004,False,4,0,[-2.37620731 -3.66018319  3.99994306],cruising,[-0.62185191  0.08809385  0.93462812]
270.7005891799927,1005,False,1,3,[ 8.32027386 -1.59375454  3.96955372],cruising,[ 0.50568378 -0.03156594 -0.11489306]
270.79389214515686,1000,False,2,1,[-6.31030346  0.39473952  3.20950877],entering,[-0.82138112 -0.19970136 -0.21083176]
270.79389214515686,1001,False,5,6,[8.5543775  9.30837656 3.03384854],landing,[-0.48080528  0.59740651 -0.20557775]
270.79389214515686,1002,False,0,5,[ 7.55938837 -4.19933934  3.99999612],cruising,[ 0.5677905  -0.59831228 -0.99408226]
270.79389214515686,1003,False,3,4,[-2.71931195 -2.41501631  3.92943598],cruising,[ 0.63925976  0.24903542 -0.34837281]
270.79389214515686,1004,False,4,0,[-2.54355805 -3.60347568  3.99997279],cruising,[-0.62185191  0.08809385  0.93462812]
270.79389214515686,1005,False,1,3,[ 8.30565477 -1.79321953  3.97412067],cruising,[ 0.50568378 -0.03156594 -0.11489306]
270.9009156227112,1000,False,2,1,[-6.21130922  0.5685214   3.28450877],entering,[-0.82138112 -0.19970136 -0.21083176]
270.9009156227112,1001,False,5,6,[8.57336228 9.29523884 2.93655014],landing,[-0.48080528  0.59740651 -0.20557775]
270.9009156227112,1002,False,0,5,[ 7.42801969 -4.34868577  3.99999678],cruising,[ 0.5677905  -0.59831228 -0.99408226]
270.9009156227112,1003,False,3,4,[-2.76279826 -2.2198012   3.94002059],cruising,[ 0.63925976  0.24903542 -0.34837281]
270.9009156227112,1004,False,4,0,[-2.69881757 -3.53083699  3.99999994],cruising,[-0.62185191  0.08809385  0.93462812]
270.9009156227112,1005,False,1,3,[ 8.28615398 -1.99226656  3.97800257],cruising,[ 0.50568378 -0.03156594 -0.11489306]
270.98980832099915,1000,False,2,1,[-6.11854131  0.74570524  3.35950877],entering,[-0.82138112 -0.19970136 -0.21083176]
270.98980832099915,1001,False,5,6,[8.59234706 9.28210113 2.83925174],landing,[-0.48080528  0.59740651 -0.20557775]
270.98980832099915,1002,False,0,5,[ 7.28323903 -4.4831958   3.99999736],cruising,[ 0.5677905  -0.59831228 -0.99408226]
270.98980832099915,1003,False,3,4,[-2.80741623 -2.02484162  3.9490175 ],cruising,[ 0.63925976  0.24903542 -0.34837281]
270.98980832099915,1004,False,4,0,[-2.84036747 -3.44363649  4.00002438],cruising,[-0.62185191  0.08809385  0.93462812]
270.98980832099915,1005,False,1,3,[ 8.25944972 -2.19047575  3.98130218],cruising,[ 0.50568378 -0.03156594 -0.11489306]
271.1022038459778,1000,False,2,1,[-6.03296887  0.92647404  3.43450877],entering,[-0.82138112 -0.19970136 -0.21083176]
271.1022038459778,1001,False,5,6,[8.61133183 9.26896342 2.74195334],landing,[-0.48080528  0.59740651 -0.20557775]
271.1022038459778,1002,False,0,5,[ 7.1274265  -4.60102357  3.99999791],cruising,[ 0.5677905  -0.59831228 -0.99408226]
271.1022038459778,1003,False,3,4,[-2.85491399 -1.83056357  3.95666487],cruising,[ 0.63925976  0.24903542 -0.34837281]
271.1022038459778,1004,False,4,0,[-2.96675204 -3.34339711  4.00004596],cruising,[-0.62185191  0.08809385  0.93462812]
271.1022038459778,1005,False,1,3,[ 8.22862278 -2.38808572  3.98410685],cruising,[ 0.50568378 -0.03156594 -0.11489306]
271.19550824165344,1000,False,2,1,[-5.95574777  1.11096496  3.50950877],entering,[-0.82138112 -0.19970136 -0.21083176]
271.19550824165344,1001,False,5,6,[8.63031661 9.25582571 2.64465494],landing,[-0.48080528  0.59740651 -0.20557775]
271.19550824165344,1002,False,0,5,[ 6.96273814 -4.70092873  3.9999984 ],cruising,[ 0.5677905  -0.59831228 -0.99408226]
271.19550824165344,1003,False,3,4,[-2.90556505 -1.63708367  3.96316514],cruising,[ 0.63925976  0.24903542 -0.34837281]
271.19550824165344,1004,False,4,0,[-3.07673937 -3.23170649  4.00006452],cruising,[-0.62185191  0.08809385  0.93462812]
271.19550824165344,1005,False,1,3,[ 8.1936743  -2.58500856  3.98649083],cruising,[ 0.50568378 -0.03156594 -0.11489306]
271.30101442337036,1000,False,2,1,[-5.88822638  1.2992224   3.58308245],entering,[-0.82138112 -0.19970136 -0.21083176]
271.30101442337036,1001,False,5,6,[8.64930139 9.24268799 2.54735654],landing,[-0.48080528  0.59740651 -0.20557775]
271.30101442337036,1002,False,0,5,[ 6.79134074 -4.78199275  3.99999886],cruising,[ 0.5677905  -0.59831228 -0.99408226]
271.30101442337036,1003,False,3,4,[-2.95970443 -1.44455075  3.96869037],cruising,[ 0.63925976  0.24903542 -0.34837281]
271.30101442337036,1004,False,4,0,[-3.1692411  -3.11030744  4.00007986],cruising,[-0.62185191  0.08809385  0.93462812]
271.30101442337036,1005,False,1,3,[ 8.15127238 -2.78046207  3.9885172 ],cruising,[ 0.50568378 -0.03156594 -0.11489306]
271.39962124824524,1000,False,2,1,[-5.83192082  1.49113301  3.64562009],entering,[-0.82138112 -0.19970136 -0.21083176]
271.39962124824524,1001,False,5,6,[8.66828617 9.22955028 2.45005814],landing,[-0.48080528  0.59740651 -0.20557775]
271.39962124824524,1002,False,0,5,[ 6.61542233 -4.84357446  3.99999927],cruising,[ 0.5677905  -0.59831228 -0.99408226]
271.39962124824524,1003,False,3,4,[-3.01770805 -1.25314651  3.97338682],cruising,[ 0.63925976  0.24903542 -0.34837281]
271.39962124824524,1004,False,4,0,[-3.24371698 -2.98024415  4.00009187],cruising,[-0.62185191  0.08809385  0.93462812]
271.39962124824524,1005,False,1,3,[ 8.10483369 -2.974996    3.99023962],cruising,[ 0.50568378 -0.03156594 -0.11489306]
271.50056529045105,1000,False,2,1,[-5.78843578  1.68634841  3.69877707],entering,[-0.82138112 -0.19970136 -0.21083176]
271.50056529045105,1001,False,5,6,[8.68727094 9.21641257 2.35275974],landing,[-0.48080528  0.59740651 -0.20557775]
271.50056529045105,1002,False,0,5,[ 6.43701226 -4.88531199  3.99999963],cruising,[ 0.5677905  -0.59831228 -0.99408226]
271.50056529045105,1003,False,3,4,[-3.0799752  -1.06308652  3.97737879],cruising,[ 0.63925976  0.24903542 -0.34837281]
271.50056529045105,1004,False,4,0,[-3.29990773 -2.84207817  4.0001004 ],cruising,[-0.62185191  0.08809385  0.93462812]
271.50056529045105,1005,False,1,3,[ 8.05015071 -3.16737524  3.99170368],cruising,[ 0.50568378 -0.03156594 -0.11489306]
271.6036808490753,1000,False,2,1,[-5.75930679  1.8842158   3.74396051],entering,[-0.82138112 -0.19970136 -0.21083176]
271.6036808490753,1001,False,5,6,[8.70625572 9.20327486 2.25546134],landing,[-0.48080528  0.59740651 -0.20557775]
271.6036808490753,1002,False,0,5,[ 6.25785082 -4.90706363  3.99999994],cruising,[ 0.5677905  -0.59831228 -0.99408226]
271.6036808490753,1003,False,3,4,[-3.14580412 -0.87423061  3.98077197],cruising,[ 0.63925976  0.24903542 -0.34837281]
271.6036808490753,1004,False,4,0,[-3.33765014 -2.69618827  4.00010536],cruising,[-0.62185191  0.08809385  0.93462812]
271.6036808490753,1005,False,1,3,[ 7.98679109 -3.35707384  3.99294813],cruising,[ 0.50568378 -0.03156594 -0.11489306]
271.6897122859955,1000,False,2,1,[-5.74575843  2.08375637  3.78236644],entering,[-0.82138112 -0.19970136 -0.21083176]
271.6897122859955,1001,False,5,6,[8.7252405  9.19013714 2.15816294],landing,[-0.48080528  0.59740651 -0.20557775]
271.6897122859955,1002,False,0,5,[ 6.07896997 -4.90881724  4.00000019],cruising,[ 0.5677905  -0.59831228 -0.99408226]
271.6897122859955,1003,False,3,4,[-3.21672024 -0.68722552  3.98365618],cruising,[ 0.63925976  0.24903542 -0.34837281]
271.6897122859955,1004,False,4,0,[-3.35682364 -2.542869    4.00010666],cruising,[-0.62185191  0.08809385  0.93462812]
271.6897122859955,1005,False,1,3,[ 7.9186394  -3.54510401  3.99400591],cruising,[ 0.50568378 -0.03156594 -0.11489306]
271.7892699241638,1000,False,2,1,[-5.74756563  2.28374821  3.81501147],entering,[-0.82138112 -0.19970136 -0.21083176]
271.7892699241638,1001,False,5,6,[8.74422528 9.17699943 2.06086454],landing,[-0.48080528  0.59740651 -0.20557775]
271.7892699241638,1002,False,0,5,[ 5.90163466 -4.89063066  4.0000004 ],cruising,[ 0.5677905  -0.59831228 -0.99408226]
271.7892699241638,1003,False,3,4,[-3.29313776 -0.5024003   3.98610775],cruising,[ 0.63925976  0.24903542 -0.34837281]
271.7892699241638,1004,False,4,0,[-3.35753544 -2.38185783  4.00010421],cruising,[-0.62185191  0.08809385  0.93462812]
271.7892699241638,1005,False,1,3,[ 7.83939471 -3.72873483  3.99490502],cruising,[ 0.50568378 -0.03156594 -0.11489306]
271.90110301971436,1000,False,2,1,[-5.76537535  2.48295366  3.84275975],cruising,[-0.82138112 -0.19970136 -0.21083176]
271.90110301971436,1001,False,5,6,[8.76321005 9.16386172 1.96356614],landing,[-0.48080528  0.59740651 -0.20557775]
271.90110301971436,1002,False,0,5,[ 5.72687493 -4.85261061  4.00000055],cruising,[ 0.5677905  -0.59831228 -0.99408226]
271.90110301971436,1003,False,3,4,[-3.37544142 -0.32012     3.98819159],cruising,[ 0.63925976  0.24903542 -0.34837281]
271.90110301971436,1004,False,4,0,[-3.34018815 -2.21225191  4.00009791],cruising,[-0.62185191  0.08809385  0.93462812]
271.90110301971436,1005,False,1,3,[ 7.74759179 -3.90642058  3.99566927],cruising,[ 0.50568378 -0.03156594 -0.11489306]
271.9896640777588,1000,False,2,1,[-5.79698804  2.68043946  3.86634579],cruising,[-0.82138112 -0.19970136 -0.21083176]
271.9896640777588,1001,False,5,6,[8.78219483 9.15072401 1.86626774],landing,[-0.48080528  0.59740651 -0.20557775]
271.9896640777588,1002,False,0,5,[ 5.55502247 -4.794803    4.00000064],cruising,[ 0.5677905  -0.59831228 -0.99408226]
271.9896640777588,1003,False,3,4,[-3.46207691 -0.13985827  3.98996285],cruising,[ 0.63925976  0.24903542 -0.34837281]
271.9896640777588,1004,False,4,0,[-3.30605605 -2.0317708   4.00008768],cruising,[-0.62185191  0.08809385  0.93462812]
271.9896640777588,1005,False,1,3,[ 7.64118558 -4.07576555  3.99631888],cruising,[ 0.50568378 -0.03156594 -0.11489306]
272.0947177410126,1000,False,2,1,[-5.84183167  2.87534725  3.88639392],cruising,[-0.82138112 -0.19970136 -0.21083176]
272.0947177410126,1001,False,5,6,[8.80117961 9.13758629 1.76896934],landing,[-0.48080528  0.59740651 -0.20557775]
272.0947177410126,1002,False,0,5,[ 5.38654324 -4.71728191  4.00000067],cruising,[ 0.5677905  -0.59831228 -0.99408226]
272.0947177410126,1003,False,3,4,[-3.55564736  0.03690307  3.99146842],cruising,[ 0.63925976  0.24903542 -0.34837281]
272.0947177410126,1004,False,4,0,[-3.26563899 -1.83589721  4.00007453],cruising,[-0.62185191  0.08809385  0.93462812]
272.0947177410126,1005,False,1,3,[ 7.51842773 -4.23359464  3.99687579],cruising,[ 0.50568378 -0.03156594 -0.11489306]
272.18831396102905,1000,False,2,1,[-5.89621395  3.06781171  3.90343483],cruising,[-0.82138112 -0.19970136 -0.21083176]
272.18831396102905,1001,False,5,6,[8.82016439 9.12444858 1.67167093],landing,[-0.48080528  0.59740651 -0.20557775]
272.18831396102905,1002,False,0,5,[ 5.22061079 -4.61992363  4.00000063],cruising,[ 0.5677905  -0.59831228 -0.99408226]
272.18831396102905,1003,False,3,4,[-3.65526955  0.21032573  3.99274816],cruising,[ 0.63925976  0.24903542 -0.34837281]
272.18831396102905,1004,False,4,0,[-3.24175672 -1.63732824  4.00006335],cruising,[-0.62185191  0.08809385  0.93462812]
272.18831396102905,1005,False,1,3,[ 7.38129146 -4.37752196  3.99739202],cruising,[ 0.50568378 -0.03156594 -0.11489306]
272.29305601119995,1000,False,2,1,[-5.95769674  3.25812689  3.91791961],cruising,[-0.82138112 -0.19970136 -0.21083176]
272.29305601119995,1001,False,5,6,[8.83914916 9.11131087 1.57437253],landing,[-0.48080528  0.59740651 -0.20557775]
272.29305601119995,1002,False,0,5,[ 5.05302562 -4.51076682  4.00000053],cruising,[ 0.5677905  -0.59831228 -0.99408226]
272.29305601119995,1003,False,3,4,[-3.76170429  0.37965277  3.99383594],cruising,[ 0.63925976  0.24903542 -0.34837281]
272.29305601119995,1004,False,4,0,[-3.23388882 -1.43748306  4.00005385],cruising,[-0.62185191  0.08809385  0.93462812]
272.29305601119995,1005,False,1,3,[ 7.23155373 -4.5059186   3.99786811],cruising,[ 0.50568378 -0.03156594 -0.11489306]
272.39389729499817,1000,False,2,1,[-6.02389016  3.44685535  3.93023167],cruising,[-0.82138112 -0.19970136 -0.21083176]
272.39389729499817,1001,False,5,6,[8.85813394 9.09817315 1.47707413],fake_landed,[-0.48080528  0.59740651 -0.20557775]
272.39389729499817,1002,False,0,5,[ 4.88178967 -4.4074312   4.00000045],cruising,[ 0.5677905  -0.59831228 -0.99408226]
272.39389729499817,1003,False,3,4,[-3.87127492  0.54696767  3.99476055],cruising,[ 0.63925976  0.24903542 -0.34837281]
272.39389729499817,1004,False,4,0,[-3.24161097 -1.23763219  4.00004577],cruising,[-0.62185191  0.08809385  0.93462812]
272.39389729499817,1005,False,1,3,[ 7.0712329 -4.6173448  3.9983054],cruising,[ 0.50568378 -0.03156594 -0.11489306]
272.49145317077637,1000,False,2,1,[-6.0925193   3.63471178  3.94069692],cruising,[-0.82138112 -0.19970136 -0.21083176]
272.49145317077637,1001,False,5,6,[8.87332176 9.08766298 1.39923541],fake_landed,[-0.48080528  0.59740651 -0.20557775]
272.49145317077637,1002,False,0,5,[ 4.70751579 -4.30930569  4.00000038],cruising,[ 0.5677905  -0.59831228 -0.99408226]
272.49145317077637,1003,False,3,4,[-3.9833119   0.71264119  3.99554646],cruising,[ 0.63925976  0.24903542 -0.34837281]
272.49145317077637,1004,False,4,0,[-3.26388133 -1.03887598  4.00003891],cruising,[-0.62185191  0.08809385  0.93462812]
272.49145317077637,1005,False,1,3,[ 6.90248535 -4.71063293  3.99870487],cruising,[ 0.50568378 -0.03156594 -0.11489306]
272.60331439971924,1000,False,2,1,[-6.16140837  3.82247306  3.94959238],cruising,[-0.82138112 -0.19970136 -0.21083176]
272.60331439971924,1001,False,5,6,[8.88471263 9.07978036 1.34085637],fake_landed,[-0.48080528  0.59740651 -0.20557775]
272.60331439971924,1002,False,0,5,[ 4.53003943 -4.21709863  4.00000033],cruising,[ 0.5677905  -0.59831228 -0.99408226]
272.60331439971924,1003,False,3,4,[-4.0972424   0.87701833  3.99621449],cruising,[ 0.63925976  0.24903542 -0.34837281]
272.60331439971924,1004,False,4,0,[-3.29952718 -0.84207818  4.00003307],cruising,[-0.62185191  0.08809385  0.93462812]
272.60331439971924,1005,False,1,3,[ 6.72753394 -4.78490763  3.99906688],cruising,[ 0.50568378 -0.03156594 -0.11489306]
272.69942116737366,1000,False,2,1,[-6.22841001  4.0109161   3.95715352],cruising,[-0.82138112 -0.19970136 -0.21083176]
272.69942116737366,1001,False,5,6,[8.89230654 9.07452527 1.30193701],fake_landed,[-0.48080528  0.59740651 -0.20557775]
272.69942116737366,1002,False,0,5,[ 4.35085121 -4.12826406  4.00000028],cruising,[ 0.5677905  -0.59831228 -0.99408226]
272.69942116737366,1003,False,3,4,[-4.21257632  1.04041382  3.99678232],cruising,[ 0.63925976  0.24903542 -0.34837281]
272.69942116737366,1004,False,4,0,[-3.34594089 -0.6475383   4.00002811],cruising,[-0.62185191  0.08809385  0.93462812]
272.69942116737366,1005,False,1,3,[ 6.54862716 -4.8395774   3.99939124],cruising,[ 0.50568378 -0.03156594 -0.11489306]
272.7954978942871,1000,False,2,1,[-6.29129868  4.20077135  3.96358049],cruising,[-0.82138112 -0.19970136 -0.21083176]
272.7954978942871,1001,False,5,6,[8.8961035  9.07189773 1.28247733],fake_landed,[-0.48080528  0.59740651 -0.20557775]
272.7954978942871,1002,False,0,5,[ 4.16978101 -4.04333125  4.00000024],cruising,[ 0.5677905  -0.59831228 -0.99408226]
272.7954978942871,1003,False,3,4,[-4.32889218  1.20311176  3.99726497],cruising,[ 0.63925976  0.24903542 -0.34837281]
272.7954978942871,1004,False,4,0,[-3.40376622 -0.45608012  4.00002389],cruising,[-0.62185191  0.08809385  0.93462812]
272.7954978942871,1005,False,1,3,[ 6.36803135 -4.87431865  3.99967713],cruising,[ 0.50568378 -0.03156594 -0.11489306]
272.89955282211304,1000,False,2,1,[-6.34763678  4.39267241  3.96904342],cruising,[-0.82138112 -0.19970136 -0.21083176]
272.89955282211304,1001,False,6,2,[8.8961035  9.07189773 1.28247733],waiting,[-0.48080528  0.59740651 -0.20557775]
272.89955282211304,1002,False,0,5,[ 3.98774471 -3.96048932  4.0000002 ],cruising,[ 0.5677905  -0.59831228 -0.99408226]
272.89955282211304,1003,False,3,4,[-4.44582383  1.3653677   3.99767523],cruising,[ 0.63925976  0.24903542 -0.34837281]
272.89955282211304,1004,False,4,0,[-3.47222997 -0.26816335  4.00002031],cruising,[-0.62185191  0.08809385  0.93462812]
272.89955282211304,1005,False,1,3,[ 6.18736337 -4.88906007  3.99992338],cruising,[ 0.50568378 -0.03156594 -0.11489306]
272.98870396614075,1000,False,2,1,[-6.38837733  4.58847897  3.97368691],cruising,[-0.82138112 -0.19970136 -0.21083176]
272.98870396614075,1001,False,6,2,[8.8961035  9.07189773 1.28247733],waiting,[-0.48080528  0.59740651 -0.20557775]
272.98870396614075,1002,False,0,5,[ 3.80457665 -3.88018076  4.00000017],cruising,[ 0.5677905  -0.59831228 -0.99408226]
272.98870396614075,1003,False,3,4,[-4.56304847  1.52741209  3.99802394],cruising,[ 0.63925976  0.24903542 -0.34837281]
272.98870396614075,1004,False,4,0,[-3.5486629  -0.0833445   4.00001726],cruising,[-0.62185191  0.08809385  0.93462812]
272.98870396614075,1005,False,1,3,[ 6.00753298 -4.88381908  4.00012682],cruising,[ 0.50568378 -0.03156594 -0.11489306]
273.0903437137604,1000,False,2,1,[-6.41604273  4.78655629  3.97763387],cruising,[-0.82138112 -0.19970136 -0.21083176]
273.0903437137604,1001,False,6,2,[8.8961035  9.07189773 1.28247733],waiting,[-0.48080528  0.59740651 -0.20557775]
273.0903437137604,1002,False,0,5,[ 3.62079253 -3.80129225  4.00000014],cruising,[ 0.5677905  -0.59831228 -0.99408226]
273.0903437137604,1003,False,3,4,[-4.68024719  1.68947522  3.99832035],cruising,[ 0.63925976  0.24903542 -0.34837281]
273.0903437137604,1004,False,4,0,[-3.63582882  0.09666134  4.00001467],cruising,[-0.62185191  0.08809385  0.93462812]
273.0903437137604,1005,False,1,3,[ 5.82972731 -4.85868089  4.00028635],cruising,[ 0.50568378 -0.03156594 -0.11489306]
273.19895362854004,1000,False,2,1,[-6.42375999  4.98600923  3.98115722],cruising,[-0.82138112 -0.19970136 -0.21083176]
273.19895362854004,1001,False,6,2,[8.8961035  9.07189773 1.28247733],waiting,[-0.48080528  0.59740651 -0.20557775]
273.19895362854004,1002,False,0,5,[ 3.43627582 -3.72413279  4.00000012],cruising,[ 0.5677905  -0.59831228 -0.99408226]
273.19895362854004,1003,False,3,4,[-4.79732433  1.85162621  3.9985723 ],cruising,[ 0.63925976  0.24903542 -0.34837281]
273.19895362854004,1004,False,4,0,[-3.73064408  0.27275809  4.00001247],cruising,[-0.62185191  0.08809385  0.93462812]
273.19895362854004,1005,False,1,3,[ 5.65446283 -4.81370485  4.00039865],cruising,[ 0.50568378 -0.03156594 -0.11489306]
273.28851079940796,1000,False,2,1,[-6.41152321  5.1841419   3.98437586],cruising,[-0.82138112 -0.19970136 -0.21083176]
273.28851079940796,1001,False,6,2,[8.8961035  9.07189773 1.28247733],waiting,[-0.48080528  0.59740651 -0.20557775]
273.28851079940796,1002,False,0,5,[ 3.25124871 -3.64820541  4.0000001 ],cruising,[ 0.5677905  -0.59831228 -0.99408226]
273.28851079940796,1003,False,3,4,[-4.91398855  2.01407454  3.99878645],cruising,[ 0.63925976  0.24903542 -0.34837281]
273.28851079940796,1004,False,4,0,[-3.83318139  0.44447327  4.0000106 ],cruising,[-0.62185191  0.08809385  0.93462812]
273.28851079940796,1005,False,1,3,[ 5.48245377 -4.7489956   4.00046234],cruising,[ 0.50568378 -0.03156594 -0.11489306]
273.4018075466156,1000,False,2,1,[-6.37966854  5.37839295  3.98732687],cruising,[-0.82138112 -0.19970136 -0.21083176]
273.4018075466156,1001,False,6,2,[8.8961035  9.07189773 1.28247733],waiting,[-0.48080528  0.59740651 -0.20557775]
273.4018075466156,1002,False,0,5,[ 3.06567796 -3.57361654  4.00000009],cruising,[ 0.5677905  -0.59831228 -0.99408226]
273.4018075466156,1003,False,3,4,[-5.02996475  2.17701478  3.99896849],cruising,[ 0.63925976  0.24903542 -0.34837281]
273.4018075466156,1004,False,4,0,[-3.93970831  0.61374233  4.00000901],cruising,[-0.62185191  0.08809385  0.93462812]
273.4018075466156,1005,False,1,3,[ 5.31346172 -4.66451529  4.00047235],cruising,[ 0.50568378 -0.03156594 -0.11489306]
273.4926540851593,1000,False,2,1,[-6.32882489  5.5663707   3.99002414],cruising,[-0.82138112 -0.19970136 -0.21083176]
273.4926540851593,1001,False,6,2,[8.8961035  9.07189773 1.28247733],waiting,[-0.48080528  0.59740651 -0.20557775]
273.4926540851593,1002,False,0,5,[ 2.87954475 -3.50044258  4.00000008],cruising,[ 0.5677905  -0.59831228 -0.99408226]
273.4926540851593,1003,False,3,4,[-5.14498331  2.34063241  3.99912321],cruising,[ 0.63925976  0.24903542 -0.34837281]
273.4926540851593,1004,False,4,0,[-4.04933859  0.78101815  4.00000766],cruising,[-0.62185191  0.08809385  0.93462812]
273.4926540851593,1005,False,1,3,[ 5.14690295 -4.56018363  4.00042433],cruising,[ 0.50568378 -0.03156594 -0.11489306]
273.6028904914856,1000,False,2,1,[-6.259882    5.74584223  3.99247315],cruising,[-0.82138112 -0.19970136 -0.21083176]
273.6028904914856,1001,False,6,2,[8.8961035  9.07189773 1.28247733],waiting,[-0.48080528  0.59740651 -0.20557775]
273.6028904914856,1002,False,0,5,[ 2.69274268 -3.42899339  4.00000006],cruising,[ 0.5677905  -0.59831228 -0.99408226]
273.6028904914856,1003,False,3,4,[-5.25938305  2.50468332  3.99925473],cruising,[ 0.63925976  0.24903542 -0.34837281]
273.6028904914856,1004,False,4,0,[-4.16133674  0.94671793  4.00000651],cruising,[-0.62185191  0.08809385  0.93462812]
273.6028904914856,1005,False,1,3,[ 4.97670029 -4.4551548   4.00036068],cruising,[ 0.50568378 -0.03156594 -0.11489306]
273.6932303905487,1000,False,2,1,[-6.17387758  5.91488137  3.99465871],cruising,[-0.82138112 -0.19970136 -0.21083176]
273.6932303905487,1001,False,6,2,[8.8961035  9.07189773 1.28247733],waiting,[-0.48080528  0.59740651 -0.20557775]
273.6932303905487,1002,False,0,5,[ 2.50543132 -3.35889023  4.00000005],cruising,[ 0.5677905  -0.59831228 -0.99408226]
273.6932303905487,1003,False,3,4,[-5.37227693  2.66977412  3.99936652],cruising,[ 0.63925976  0.24903542 -0.34837281]
273.6932303905487,1004,False,4,0,[-4.27508971  1.11121796  4.00000553],cruising,[-0.62185191  0.08809385  0.93462812]
273.6932303905487,1005,False,1,3,[ 4.80331595 -4.35546594  4.00030658],cruising,[ 0.50568378 -0.03156594 -0.11489306]
273.801007270813,1000,False,2,1,[-6.07197454  6.0717893   3.99658372],cruising,[-0.82138112 -0.19970136 -0.21083176]
273.801007270813,1001,False,6,2,[8.8961035  9.07189773 1.28247733],waiting,[-0.48080528  0.59740651 -0.20557775]
273.801007270813,1002,False,0,5,[ 2.31724257 -3.29117764  4.00000005],cruising,[ 0.5677905  -0.59831228 -0.99408226]
273.801007270813,1003,False,3,4,[-5.48335388  2.83609282  3.99946154],cruising,[ 0.63925976  0.24903542 -0.34837281]
273.801007270813,1004,False,4,0,[-4.39008226  1.27485388  4.0000047 ],cruising,[-0.62185191  0.08809385  0.93462812]
273.801007270813,1005,False,1,3,[ 4.62647405 -4.26204782  4.00026059],cruising,[ 0.50568378 -0.03156594 -0.11489306]
273.8893618583679,1000,False,2,1,[-5.95507239  6.21547031  3.99823484],cruising,[-0.82138112 -0.19970136 -0.21083176]
273.8893618583679,1001,False,6,2,[8.8961035  9.07189773 1.28247733],waiting,[-0.48080528  0.59740651 -0.20557775]
273.8893618583679,1002,False,0,5,[ 2.12847608 -3.22509276  4.00000004],cruising,[ 0.5677905  -0.59831228 -0.99408226]
273.8893618583679,1003,False,3,4,[-5.59226691  3.00383653  3.99954231],cruising,[ 0.63925976  0.24903542 -0.34837281]
273.8893618583679,1004,False,4,0,[-4.50587593  1.43792388  4.000004  ],cruising,[-0.62185191  0.08809385  0.93462812]
273.8893618583679,1005,False,1,3,[ 4.4478279  -4.17212811  4.00022151],cruising,[ 0.50568378 -0.03156594 -0.11489306]
273.99810123443604,1000,False,2,1,[-5.82406133  6.34497891  3.99960079],cruising,[-0.82138112 -0.19970136 -0.21083176]
273.99810123443604,1001,False,6,2,[8.8961035  9.07189773 1.28247733],waiting,[-0.48080528  0.59740651 -0.20557775]
273.99810123443604,1002,False,0,5,[ 1.938525   -3.16249413  4.00000003],cruising,[ 0.5677905  -0.59831228 -0.99408226]
273.99810123443604,1003,False,3,4,[-5.69861748  3.17321645  3.99961096],cruising,[ 0.63925976  0.24903542 -0.34837281]
273.99810123443604,1004,False,4,0,[-4.62199045  1.60076558  4.0000034 ],cruising,[-0.62185191  0.08809385  0.93462812]
273.99810123443604,1005,False,1,3,[ 4.26714044 -4.08638407  4.00018828],cruising,[ 0.50568378 -0.03156594 -0.11489306]
274.10141682624817,1000,False,2,1,[-5.67978739  6.45952057  4.0006718 ],cruising,[-0.82138112 -0.19970136 -0.21083176]
274.10141682624817,1001,False,6,2,[8.8961035  9.07189773 1.28247733],queued,[-0.48080528  0.59740651 -0.20557775]
274.10141682624817,1002,False,0,5,[ 1.74721117 -3.10419303  4.00000003],cruising,[ 0.5677905  -0.59831228 -0.99408226]
274.10141682624817,1003,False,3,4,[-5.80193648  3.34446242  3.99966932],cruising,[ 0.63925976  0.24903542 -0.34837281]
274.10141682624817,1004,False,4,0,[-4.73835416  1.7634293   4.00000289],cruising,[-0.62185191  0.08809385  0.93462812]
274.10141682624817,1005,False,1,3,[ 4.0854525  -4.00278089  4.00016004],cruising,[ 0.50568378 -0.03156594 -0.11489306]
274.1890561580658,1000,False,2,1,[-5.52301891  6.55844832  4.00143916],cruising,[-0.82138112 -0.19970136 -0.21083176]
274.1890561580658,1001,False,6,2,[8.8961035  9.07189773 1.30247733],queued,[-0.48080528  0.59740651 -0.20557775]
274.1890561580658,1002,False,0,5,[ 1.55434302 -3.05126026  4.00000002],cruising,[ 0.5677905  -0.59831228 -0.99408226]
274.1890561580658,1003,False,3,4,[-5.90165985  3.51782692  3.99971892],cruising,[ 0.63925976  0.24903542 -0.34837281]
274.1890561580658,1004,False,4,0,[-4.85461889  1.92616379  4.00000246],cruising,[-0.62185191  0.08809385  0.93462812]
274.1890561580658,1005,False,1,3,[ 3.90254345 -3.92188418  4.00013603],cruising,[ 0.50568378 -0.03156594 -0.11489306]
274.28937435150146,1000,False,2,1,[-5.35444591  6.64123428  4.00189667],cruising,[-0.82138112 -0.19970136 -0.21083176]
274.28937435150146,1001,False,6,2,[8.8961035  9.07189773 1.34247733],queued,[-0.48080528  0.59740651 -0.20557775]
274.28937435150146,1002,False,0,5,[ 1.35973197 -3.00514589  4.00000002],cruising,[ 0.5677905  -0.59831228 -0.99408226]
274.28937435150146,1003,False,3,4,[-5.99709694  3.69358745  3.99976108],cruising,[ 0.63925976  0.24903542 -0.34837281]
274.28937435150146,1004,False,4,0,[-4.97046811  2.08919433  4.00000209],cruising,[-0.62185191  0.08809385  0.93462812]
274.28937435150146,1005,False,1,3,[ 3.71902412 -3.84238161  4.00011563],cruising,[ 0.50568378 -0.03156594 -0.11489306]
274.3906602859497,1000,False,2,1,[-5.17491216  6.70729386  4.00205389],cruising,[-0.82138112 -0.19970136 -0.21083176]
274.3906602859497,1001,False,6,2,[8.8961035  9.07189773 1.40247733],queued,[-0.48080528  0.59740651 -0.20557775]
274.3906602859497,1002,False,0,5,[ 1.16323864 -2.9678582   4.00000002],cruising,[ 0.5677905  -0.59831228 -0.99408226]
274.3906602859497,1003,False,3,4,[-6.08738851  3.87204594  3.99979692],cruising,[ 0.63925976  0.24903542 -0.34837281]
274.3906602859497,1004,False,4,0,[-5.08560369  2.25272965  4.00000177],cruising,[-0.62185191  0.08809385  0.93462812]
274.3906602859497,1005,False,1,3,[ 3.53472796 -3.76469684  4.00009828],cruising,[ 0.50568378 -0.03156594 -0.11489306]
274.50285720825195,1000,False,2,1,[-4.98443463  6.75661624  4.0018956 ],cruising,[-0.82138112 -0.19970136 -0.21083176]
274.50285720825195,1001,False,6,2,[8.8961035  9.07189773 1.47747733],queued,[-0.48080528  0.59740651 -0.20557775]
274.50285720825195,1002,False,0,5,[ 0.96415369 -2.94874839  4.00000001],cruising,[ 0.5677905  -0.59831228 -0.99408226]
274.50285720825195,1003,False,3,4,[-6.17145056  4.05352203  3.99982738],cruising,[ 0.63925976  0.24903542 -0.34837281]
274.50285720825195,1004,False,4,0,[-5.20027383  2.41659165  4.00000151],cruising,[-0.62185191  0.08809385  0.93462812]
274.50285720825195,1005,False,1,3,[ 3.34995414 -3.68815512  4.00008354],cruising,[ 0.50568378 -0.03156594 -0.11489306]
274.5979881286621,1000,False,2,1,[-4.78943031  6.80103821  4.00161126],cruising,[-0.82138112 -0.19970136 -0.21083176]
274.5979881286621,1001,False,6,2,[8.8961035  9.07189773 1.55247733],entering,[-0.48080528  0.59740651 -0.20557775]
274.5979881286621,1002,False,0,5,[ 0.7642514  -2.94249748  4.00000001],cruising,[ 0.5677905  -0.59831228 -0.99408226]
274.5979881286621,1003,False,3,4,[-6.24789915  4.2383344   3.99985328],cruising,[ 0.63925976  0.24903542 -0.34837281]
274.5979881286621,1004,False,4,0,[-5.31366855  2.58133885  4.00000128],cruising,[-0.62185191  0.08809385  0.93462812]
274.5979881286621,1005,False,1,3,[ 3.1646393  -3.6129327   4.00007101],cruising,[ 0.50568378 -0.03156594 -0.11489306]
274.6939625740051,1000,False,2,1,[-4.59529117  6.84910062  4.00136957],cruising,[-0.82138112 -0.19970136 -0.21083176]
274.6939625740051,1001,False,6,2,[8.89187587 9.05234966 1.62747733],entering,[-0.48080528  0.59740651 -0.20557775]
274.6939625740051,1002,False,0,5,[ 0.56446163 -2.95166531  4.00000001],cruising,[ 0.5677905  -0.59831228 -0.99408226]
274.6939625740051,1003,False,3,4,[-6.31495105  4.42675957  3.99987528],cruising,[ 0.63925976  0.24903542 -0.34837281]
274.6939625740051,1004,False,4,0,[-5.42547424  2.74716854  4.00000109],cruising,[-0.62185191  0.08809385  0.93462812]
274.6939625740051,1005,False,1,3,[ 2.97879495 -3.5390282   4.00006036],cruising,[ 0.50568378 -0.03156594 -0.11489306]
274.7920320034027,1000,False,2,1,[-4.40170455  6.89934225  4.00116413],cruising,[-0.82138112 -0.19970136 -0.21083176]
274.7920320034027,1001,False,6,2,[8.88342061 9.01325351 1.70247733],entering,[-0.48080528  0.59740651 -0.20557775]
274.7920320034027,1002,False,0,5,[ 0.36591213 -2.97570892  4.00000001],cruising,[ 0.5677905  -0.59831228 -0.99408226]
274.7920320034027,1003,False,3,4,[-6.36397244  4.62065877  3.99989399],cruising,[ 0.63925976  0.24903542 -0.34837281]
274.7920320034027,1004,False,4,0,[-5.53535169  2.91428212  4.00000093],cruising,[-0.62185191  0.08809385  0.93462812]
274.7920320034027,1005,False,1,3,[ 2.7923381  -3.46668289  4.0000513 ],cruising,[ 0.50568378 -0.03156594 -0.11489306]
274.9022409915924,1000,False,2,1,[-4.20835248  6.95047909  4.00098951],cruising,[-0.82138112 -0.19970136 -0.21083176]
274.9022409915924,1001,False,6,2,[8.87073772 8.95460929 1.77747733],entering,[-0.48080528  0.59740651 -0.20557775]
274.9022409915924,1002,False,0,5,[ 0.16958814 -3.01387817  4.00000001],cruising,[ 0.5677905  -0.59831228 -0.99408226]
274.9022409915924,1003,False,3,4,[-6.3933465   4.81829726  3.99991034],cruising,[ 0.63925976  0.24903542 -0.34837281]
274.9022409915924,1004,False,4,0,[-5.64292114  3.08289058  4.00000079],cruising,[-0.62185191  0.08809385  0.93462812]
274.9022409915924,1005,False,1,3,[ 2.60538718 -3.39562409  4.00004361],cruising,[ 0.50568378 -0.03156594 -0.11489306]
274.999938249588,1000,False,2,1,[-4.01431621  6.99895511  4.00084109],cruising,[-0.82138112 -0.19970136 -0.21083176]
274.999938249588,1001,False,6,2,[8.85382721 8.876417   1.85247733],entering,[-0.48080528  0.59740651 -0.20557775]
274.999938249588,1002,False,0,5,[-0.02372666 -3.06515572  4.00000001],cruising,[ 0.5677905  -0.59831228 -0.99408226]
274.999938249588,1003,False,3,4,[-6.40276189  5.01722095  3.99992505],cruising,[ 0.63925976  0.24903542 -0.34837281]
274.999938249588,1004,False,4,0,[-5.74774462  3.25321978  4.00000067],cruising,[-0.62185191  0.08809385  0.93462812]
274.999938249588,1005,False,1,3,[ 2.4176381  -3.32670178  4.00003707],cruising,[ 0.50568378 -0.03156594 -0.11489306]
275.09235548973083,1000,False,2,1,[-3.82012067  7.04678913  4.00071492],cruising,[-0.82138112 -0.19970136 -0.21083176]
275.09235548973083,1001,False,6,2,[8.83269179 8.77867605 1.92747733],entering,[-0.48080528  0.59740651 -0.20557775]
275.09235548973083,1002,False,0,5,[-0.21232101 -3.13173026  4.00000001],cruising,[ 0.5677905  -0.59831228 -0.99408226]
275.09235548973083,1003,False,3,4,[-6.39223067  5.21468435  3.99993852],cruising,[ 0.63925976  0.24903542 -0.34837281]
275.09235548973083,1004,False,4,0,[-5.84930408  3.4255151   4.00000057],cruising,[-0.62185191  0.08809385  0.93462812]
275.09235548973083,1005,False,1,3,[ 2.22894782 -3.26039961  4.00003151],cruising,[ 0.50568378 -0.03156594 -0.11489306]
275.1970715522766,1000,False,2,1,[-3.62554696  7.09306084  4.00060769],cruising,[-0.82138112 -0.19970136 -0.21083176]
275.1970715522766,1001,False,6,2,[8.80748889 8.66135307 2.00247733],entering,[-0.48080528  0.59740651 -0.20557775]
275.1970715522766,1002,False,0,5,[-0.3974938  -3.20730169  4.        ],cruising,[ 0.5677905  -0.59831228 -0.99408226]
275.1970715522766,1003,False,3,4,[-6.36209855  5.40817218  3.99995085],cruising,[ 0.63925976  0.24903542 -0.34837281]
275.1970715522766,1004,False,4,0,[-5.94697346  3.60004502  4.00000048],cruising,[-0.62185191  0.08809385  0.93462812]
275.1970715522766,1005,False,1,3,[ 2.03965302 -3.19584362  4.00002678],cruising,[ 0.50568378 -0.03156594 -0.11489306]
275.2908296585083,1000,False,2,1,[-3.42989794  7.13455134  4.00051653],cruising,[-0.82138112 -0.19970136 -0.21083176]
275.2908296585083,1001,False,6,2,[8.77846389 8.5243987  2.07747733],entering,[-0.48080528  0.59740651 -0.20557775]
275.2908296585083,1002,False,0,5,[-0.57854771 -3.29226922  4.        ],cruising,[ 0.5677905  -0.59831228 -0.99408226]
275.2908296585083,1003,False,3,4,[-6.3129297   5.5955279   3.99996201],cruising,[ 0.63925976  0.24903542 -0.34837281]
275.2908296585083,1004,False,4,0,[-6.03998209  3.77710262  4.00000041],cruising,[-0.62185191  0.08809385  0.93462812]
275.2908296585083,1005,False,1,3,[ 1.84908264 -3.13515646  4.00002276],cruising,[ 0.50568378 -0.03156594 -0.11489306]
275.4006688594818,1000,False,2,1,[-3.23369526  7.17333933  4.00043905],cruising,[-0.82138112 -0.19970136 -0.21083176]
275.4006688594818,1001,False,6,2,[8.74602038 8.36773866 2.15247733],entering,[-0.48080528  0.59740651 -0.20557775]
275.4006688594818,1002,False,0,5,[-0.7570099  -3.38255346  4.        ],cruising,[ 0.5677905  -0.59831228 -0.99408226]
275.4006688594818,1003,False,3,4,[-6.24562695  5.7744479   3.99997205],cruising,[ 0.63925976  0.24903542 -0.34837281]
275.4006688594818,1004,False,4,0,[-6.12736611  3.95700269  4.00000035],cruising,[-0.62185191  0.08809385  0.93462812]
275.4006688594818,1005,False,1,3,[ 1.65705268 -3.07925928  4.00001935],cruising,[ 0.50568378 -0.03156594 -0.11489306]
275.4937162399292,1000,False,2,1,[-3.03683429  7.20863463  4.00037319],cruising,[-0.82138112 -0.19970136 -0.21083176]
275.4937162399292,1001,False,6,2,[8.71050902 8.1913153  2.22747733],entering,[-0.48080528  0.59740651 -0.20557775]
275.4937162399292,1002,False,0,5,[-0.93501091 -3.47374361  4.        ],cruising,[ 0.5677905  -0.59831228 -0.99408226]
275.4937162399292,1003,False,3,4,[-6.16134255  5.94280268  3.99998102],cruising,[ 0.63925976  0.24903542 -0.34837281]
275.4937162399292,1004,False,4,0,[-6.20790335  4.1400703   4.0000003 ],cruising,[-0.62185191  0.08809385  0.93462812]
275.4937162399292,1005,False,1,3,[ 1.46337068 -3.0293866   4.00001645],cruising,[ 0.50568378 -0.03156594 -0.11489306]
275.59480714797974,1000,False,2,1,[-2.83883631  7.23686229  4.00031722],cruising,[-0.82138112 -0.19970136 -0.21083176]
275.59480714797974,1001,False,6,2,[8.67196754 7.99512282 2.30247733],entering,[-0.48080528  0.59740651 -0.20557775]
275.59480714797974,1002,False,0,5,[-1.1159581  -3.55893817  4.        ],cruising,[ 0.5677905  -0.59831228 -0.99408226]
275.59480714797974,1003,False,3,4,[-6.06105741  6.09915845  3.99998887],cruising,[ 0.63925976  0.24903542 -0.34837281]
275.59480714797974,1004,False,4,0,[-6.2800268   4.32661308  4.00000025],cruising,[-0.62185191  0.08809385  0.93462812]
275.59480714797974,1005,False,1,3,[ 1.26786371 -2.98723186  4.00001398],cruising,[ 0.50568378 -0.03156594 -0.11489306]
275.69041085243225,1000,False,2,1,[-2.64021769  7.26032807  4.00026963],cruising,[-0.82138112 -0.19970136 -0.21083176]
275.69041085243225,1001,False,6,2,[8.63341744 7.79887326 2.37747733],entering,[-0.48080528  0.59740651 -0.20557775]
275.69041085243225,1002,False,0,5,[-1.30380494 -3.62759358  4.        ],cruising,[ 0.5677905  -0.59831228 -0.99408226]
275.69041085243225,1003,False,3,4,[-5.94569563  6.24237288  3.99999555],cruising,[ 0.63925976  0.24903542 -0.34837281]
275.69041085243225,1004,False,4,0,[-6.33614237  4.51857933  4.00000021],cruising,[-0.62185191  0.08809385  0.93462812]
275.69041085243225,1005,False,1,3,[ 1.07045094 -2.9551663   4.00001188],cruising,[ 0.50568378 -0.03156594 -0.11489306]
275.7915880680084,1000,False,2,1,[-2.44072986  7.27463212  4.00022919],cruising,[-0.82138112 -0.19970136 -0.21083176]
275.7915880680084,1001,False,6,2,[8.59542939 7.60251413 2.45247733],entering,[-0.48080528  0.59740651 -0.20557775]
275.7915880680084,1002,False,0,5,[-1.49698812 -3.67697404  4.        ],cruising,[ 0.5677905  -0.59831228 -0.99408226]
275.7915880680084,1003,False,3,4,[-5.81616864  6.37146828  4.00000103],cruising,[ 0.63925976  0.24903542 -0.34837281]
275.7915880680084,1004,False,4,0,[-6.37885507  4.71396517  4.00000018],cruising,[-0.62185191  0.08809385  0.93462812]
275.7915880680084,1005,False,1,3,[ 0.87086113 -2.94298189  4.00001009],cruising,[ 0.50568378 -0.03156594 -0.11489306]
275.88958716392517,1000,False,2,1,[-2.24076526  7.27839514  4.00019481],cruising,[-0.82138112 -0.19970136 -0.21083176]
275.88958716392517,1001,False,6,2,[8.56003087 7.40567169 2.52747733],entering,[-0.48080528  0.59740651 -0.20557775]
275.88958716392517,1002,False,0,5,[-1.69250021 -3.70649056  4.        ],cruising,[ 0.5677905  -0.59831228 -0.99408226]
275.88958716392517,1003,False,3,4,[-5.6733741  6.485598   4.0000053],cruising,[ 0.63925976  0.24903542 -0.34837281]
275.88958716392517,1004,False,4,0,[-6.40178692  4.91230359  4.00000015],cruising,[-0.62185191  0.08809385  0.93462812]
275.88958716392517,1005,False,1,3,[ 0.67086268 -2.94219337  4.00000858],cruising,[ 0.50568378 -0.03156594 -0.11489306]
275.99036407470703,1000,False,2,1,[-2.04122806  7.26479714  4.00016559],cruising,[-0.82138112 -0.19970136 -0.21083176]
275.99036407470703,1001,False,6,2,[8.52585258 7.20861372 2.60247733],entering,[-0.48080528  0.59740651 -0.20557775]
275.99036407470703,1002,False,0,5,[-1.8870772  -3.71602896  4.        ],cruising,[ 0.5677905  -0.59831228 -0.99408226]
275.99036407470703,1003,False,3,4,[-5.51836383  6.58389179  4.00000836],cruising,[ 0.63925976  0.24903542 -0.34837281]
275.99036407470703,1004,False,4,0,[-6.40472153  5.11097486  4.00000013],cruising,[-0.62185191  0.08809385  0.93462812]
275.99036407470703,1005,False,1,3,[ 0.47141219 -2.95700896  4.00000729],cruising,[ 0.50568378 -0.03156594 -0.11489306]
276.10332226753235,1000,False,2,1,[-1.84387513  7.23236536  4.00014075],cruising,[-0.82138112 -0.19970136 -0.21083176]
276.10332226753235,1001,False,6,2,[8.49167429 7.01155575 2.67747733],entering,[-0.48080528  0.59740651 -0.20557775]
276.10332226753235,1002,False,0,5,[-2.07769469 -3.70596321  4.        ],cruising,[ 0.5677905  -0.59831228 -0.99408226]
276.10332226753235,1003,False,3,4,[-5.35174918  6.66589638  4.00001019],cruising,[ 0.63925976  0.24903542 -0.34837281]
276.10332226753235,1004,False,4,0,[-6.38779673  5.30727892  4.0000001 ],cruising,[-0.62185191  0.08809385  0.93462812]
276.10332226753235,1005,False,1,3,[ 0.27363361 -2.98673494  4.0000062 ],cruising,[ 0.50568378 -0.03156594 -0.11489306]
276.2000081539154,1000,False,2,1,[-1.6487013   7.18869411  4.00011964],cruising,[-0.82138112 -0.19970136 -0.21083176]
276.2000081539154,1001,False,6,2,[8.45894813 6.81425142 2.75247733],entering,[-0.48080528  0.59740651 -0.20557775]
276.2000081539154,1002,False,0,5,[-2.26174868 -3.67700512  4.        ],cruising,[ 0.5677905  -0.59831228 -0.99408226]
276.2000081539154,1003,False,3,4,[-5.17395477  6.73131746  4.00001076],cruising,[ 0.63925976  0.24903542 -0.34837281]
276.2000081539154,1004,False,4,0,[-6.35147103  5.49872446  4.00000008],cruising,[-0.62185191  0.08809385  0.93462812]
276.2000081539154,1005,False,1,3,[ 0.07946933 -3.03469569  4.00000527],cruising,[ 0.50568378 -0.03156594 -0.11489306]
276.29500102996826,1000,False,2,1,[-1.45777838  7.12912536  4.00010169],cruising,[-0.82138112 -0.19970136 -0.21083176]
276.29500102996826,1001,False,6,2,[8.42980879 6.61638556 2.82747733],entering,[-0.48080528  0.59740651 -0.20557775]
276.29500102996826,1002,False,0,5,[-2.43689338 -3.63014104  4.        ],cruising,[ 0.5677905  -0.59831228 -0.99408226]
276.29500102996826,1003,False,3,4,[-4.98503983  6.78011524  4.00001003],cruising,[ 0.63925976  0.24903542 -0.34837281]
276.29500102996826,1004,False,4,0,[-6.29648603  5.68297064  4.00000006],cruising,[-0.62185191  0.08809385  0.93462812]
276.29500102996826,1005,False,1,3,[-0.11146872 -3.09421594  4.00000448],exiting,[ 0.50568378 -0.03156594 -0.11489306]
276.3984749317169,1000,False,2,1,[-1.27141128  7.05654915  4.00008644],cruising,[-0.82138112 -0.19970136 -0.21083176]
276.3984749317169,1001,False,6,2,[8.40066946 6.4185197  2.90247733],entering,[-0.48080528  0.59740651 -0.20557775]
276.3984749317169,1002,False,0,5,[-2.60102024 -3.56658543  4.        ],cruising,[ 0.5677905  -0.59831228 -0.99408226]
276.3984749317169,1003,False,3,4,[-4.78915814  6.82049302  4.00000853],cruising,[ 0.63925976  0.24903542 -0.34837281]
276.3984749317169,1004,False,4,0,[-6.22375097  5.85800081  4.00000004],cruising,[-0.62185191  0.08809385  0.93462812]
276.3984749317169,1005,False,1,3,[-0.28285414 -3.15794266  4.00000369],exiting,[ 0.50568378 -0.03156594 -0.11489306]
276.4930591583252,1000,False,2,1,[-1.0894208   6.97360661  4.00007347],cruising,[-0.82138112 -0.19970136 -0.21083176]
276.4930591583252,1001,False,6,2,[8.37400502 6.22030515 2.97747733],entering,[-0.48080528  0.59740651 -0.20557775]
276.4930591583252,1002,False,0,5,[-2.75236061 -3.48765108  4.        ],cruising,[ 0.5677905  -0.59831228 -0.99408226]
276.4930591583252,1003,False,3,4,[-4.59421019  6.86516175  4.00000725],cruising,[ 0.63925976  0.24903542 -0.34837281]
276.4930591583252,1004,False,4,0,[-6.13448338  6.02177595  4.00000003],cruising,[-0.62185191  0.08809385  0.93462812]
276.4930591583252,1005,False,1,3,[-0.43467405 -3.22581557  4.00000292],exiting,[ 0.50568378 -0.03156594 -0.11489306]
276.59183382987976,1000,False,2,1,[-0.91131881  6.88261386  4.00006245],cruising,[-0.82138112 -0.19970136 -0.21083176]
276.59183382987976,1001,False,6,2,[8.35051855 6.02168897 3.05247733],entering,[-0.48080528  0.59740651 -0.20557775]
276.59183382987976,1002,False,0,5,[-2.88937009 -3.3947659   4.        ],cruising,[ 0.5677905  -0.59831228 -0.99408226]
276.59183382987976,1003,False,3,4,[-4.39991704  6.91259773  4.00000616],cruising,[ 0.63925976  0.24903542 -0.34837281]
276.59183382987976,1004,False,4,0,[-6.02968915  6.17294462  4.00000001],cruising,[-0.62185191  0.08809385  0.93462812]
276.59183382987976,1005,False,1,3,[-0.56691285 -3.29776036  4.00000217],exiting,[ 0.50568378 -0.03156594 -0.11489306]
276.69085669517517,1000,False,2,1,[-0.73532404  6.78760944  4.00005308],cruising,[-0.82138112 -0.19970136 -0.21083176]
276.69085669517517,1001,False,6,2,[8.32819959 5.82293821 3.12747733],entering,[-0.48080528  0.59740651 -0.20557775]
276.69085669517517,1002,False,0,5,[-3.01067798 -3.28949283  4.        ],cruising,[ 0.5677905  -0.59831228 -0.99408226]
276.69085669517517,1003,False,3,4,[-4.20536148  6.95894571  4.00000524],cruising,[ 0.63925976  0.24903542 -0.34837281]
276.69085669517517,1004,False,4,0,[-5.91028449  6.31045548  4.        ],cruising,[-0.62185191  0.08809385  0.93462812]
276.69085669517517,1005,False,1,3,[-0.67955143 -3.37368399  4.00000147],exiting,[ 0.50568378 -0.03156594 -0.11489306]
276.7998294830322,1000,False,2,1,[-0.56233551  6.6872353   4.00004512],cruising,[-0.82138112 -0.19970136 -0.21083176]
276.7998294830322,1001,False,6,2,[8.31081557 5.62369515 3.20247733],entering,[-0.48080528  0.59740651 -0.20557775]
276.7998294830322,1002,False,0,5,[-3.11512694 -3.1734598   4.        ],cruising,[ 0.5677905  -0.59831228 -0.99408226]
276.7998294830322,1003,False,3,4,[-4.01098463  7.00603752  4.00000445],cruising,[ 0.63925976  0.24903542 -0.34837281]
276.7998294830322,1004,False,4,0,[-5.77715561  6.43341829  3.99999999],cruising,[-0.62185191  0.08809385  0.93462812]
276.7998294830322,1005,False,1,3,[-0.77256527 -3.45346372  4.00000083],exiting,[ 0.50568378 -0.03156594 -0.11489306]
276.89190435409546,1000,False,2,1,[-0.39153481  6.58318183  4.00003835],cruising,[-0.82138112 -0.19970136 -0.21083176]
276.89190435409546,1001,False,6,2,[8.2960711  5.42423939 3.27747733],entering,[-0.48080528  0.59740651 -0.20557775]
276.89190435409546,1002,False,0,5,[-3.20171699 -3.04842348  4.        ],cruising,[ 0.5677905  -0.59831228 -0.99408226]
276.89190435409546,1003,False,3,4,[-3.81651355  7.05273871  4.00000378],cruising,[ 0.63925976  0.24903542 -0.34837281]
276.89190435409546,1004,False,4,0,[-5.6311257   6.54109832  3.99999999],cruising,[-0.62185191  0.08809385  0.93462812]
276.89190435409546,1005,False,1,3,[-0.84592003 -3.53692055  4.00000029],exiting,[ 0.50568378 -0.03156594 -0.11489306]
276.99295592308044,1000,False,2,1,[-0.22163004  6.4776718   4.0000326 ],cruising,[-0.82138112 -0.19970136 -0.21083176]
276.99295592308044,1001,False,6,2,[8.28497052 5.22454769 3.35247733],entering,[-0.48080528  0.59740651 -0.20557775]
276.99295592308044,1002,False,0,5,[-3.27013262 -2.91503906  4.        ],cruising,[ 0.5677905  -0.59831228 -0.99408226]
276.99295592308044,1003,False,3,4,[-3.62172133  7.09808172  4.00000322],cruising,[ 0.63925976  0.24903542 -0.34837281]
276.99295592308044,1004,False,4,0,[-5.47292122  6.63291078  3.99999998],cruising,[-0.62185191  0.08809385  0.93462812]
276.99295592308044,1005,False,1,3,[-0.89959237 -3.62392731  3.99999985],exiting,[ 0.50568378 -0.03156594 -0.11489306]
277.0966715812683,1000,False,2,1,[-0.05277037  6.37049713  4.00002771],cruising,[-0.82138112 -0.19970136 -0.21083176]
277.0966715812683,1001,False,6,2,[8.28000519 5.02460933 3.42747733],entering,[-0.48080528  0.59740651 -0.20557775]
277.0966715812683,1002,False,0,5,[-3.32015413 -2.77380251  4.        ],cruising,[ 0.5677905  -0.59831228 -0.99408226]
277.0966715812683,1003,False,3,4,[-3.42590868  7.13879298  4.00000273],cruising,[ 0.63925976  0.24903542 -0.34837281]
277.0966715812683,1004,False,4,0,[-5.30312812  6.70842281  3.99999998],cruising,[-0.62185191  0.08809385  0.93462812]
277.0966715812683,1005,False,1,3,[-0.93355871 -3.71435073  3.99999955],exiting,[ 0.50568378 -0.03156594 -0.11489306]
277.1922483444214,1000,False,2,1,[0.11591396 6.26304668 4.00002355],cruising,[-0.82138112 -0.19970136 -0.21083176]
277.1922483444214,1001,False,6,2,[8.28046208 4.82460986 3.50247733],entering,[-0.48080528  0.59740651 -0.20557775]
277.1922483444214,1002,False,0,5,[-3.35163915 -2.62505605  4.        ],cruising,[ 0.5677905  -0.59831228 -0.99408226]
277.1922483444214,1003,False,3,4,[-3.22957966  7.17693633  4.00000232],cruising,[ 0.63925976  0.24903542 -0.34837281]
277.1922483444214,1004,False,4,0,[-5.12215253  6.76735317  3.99999998],cruising,[-0.62185191  0.08809385  0.93462812]
277.1922483444214,1005,False,1,3,[-0.94779559 -3.80805259  3.9999994 ],exiting,[ 0.50568378 -0.03156594 -0.11489306]
277.2933440208435,1000,False,2,1,[0.28468534 6.15573302 4.00002002],cruising,[-0.82138112 -0.19970136 -0.21083176]
277.2933440208435,1001,False,6,2,[8.28503845 4.62466222 3.57710573],entering,[-0.48080528  0.59740651 -0.20557775]
277.2933440208435,1002,False,0,5,[-3.36454071 -2.46891669  4.        ],cruising,[ 0.5677905  -0.59831228 -0.99408226]
277.2933440208435,1003,False,3,4,[-3.03262304  7.21169393  4.00000197],cruising,[ 0.63925976  0.24903542 -0.34837281]
277.2933440208435,1004,False,4,0,[-4.93046865  6.80939174  3.99999998],cruising,[-0.62185191  0.08809385  0.93462812]
277.2933440208435,1005,False,1,3,[-0.94227993 -3.90489092  3.99999941],exiting,[ 0.50568378 -0.03156594 -0.11489306]
277.3980553150177,1000,False,2,1,[0.45396145 6.04921731 4.00001702],cruising,[-0.82138112 -0.19970136 -0.21083176]
277.3980553150177,1001,False,6,2,[8.29441436 4.42488211 3.64053987],entering,[-0.48080528  0.59740651 -0.20557775]
277.3980553150177,1002,False,0,5,[-3.35904241 -2.30493864  4.        ],cruising,[ 0.5677905  -0.59831228 -0.99408226]
277.3980553150177,1003,False,3,4,[-2.83455893  7.23945374  4.00000168],cruising,[ 0.63925976  0.24903542 -0.34837281]
277.3980553150177,1004,False,4,0,[-4.73398147  6.84671187  3.99999998],cruising,[-0.62185191  0.08809385  0.93462812]
277.3980553150177,1005,False,1,3,[-0.92537755 -4.00345212  3.99999952],exiting,[ 0.50568378 -0.03156594 -0.11489306]
277.4926016330719,1000,False,2,1,[0.62400404 5.94392952 4.00001446],cruising,[-0.82138112 -0.19970136 -0.21083176]
277.4926016330719,1001,False,6,2,[8.30668735 4.22525903 3.69445889],entering,[-0.48080528  0.59740651 -0.20557775]
277.4926016330719,1002,False,0,5,[-3.33574059 -2.13184825  4.        ],cruising,[ 0.5677905  -0.59831228 -0.99408226]
277.4926016330719,1003,False,3,4,[-2.63589353  7.26252016  4.00000143],cruising,[ 0.63925976  0.24903542 -0.34837281]
277.4926016330719,1004,False,4,0,[-4.53843444  6.88868038  3.99999999],cruising,[-0.62185191  0.08809385  0.93462812]
277.4926016330719,1005,False,1,3,[-0.90847518 -4.10201332  3.9999996 ],exiting,[ 0.50568378 -0.03156594 -0.11489306]
277.60078525543213,1000,False,2,1,[0.79557747 5.84115522 4.0000123 ],cruising,[-0.82138112 -0.19970136 -0.21083176]
277.60078525543213,1001,False,6,2,[8.31621321 4.02548602 3.74029006],entering,[-0.48080528  0.59740651 -0.20557775]
277.60078525543213,1002,False,0,5,[-3.29684021 -1.94624048  4.        ],cruising,[ 0.5677905  -0.59831228 -0.99408226]
277.60078525543213,1003,False,3,4,[-2.43638002  7.27646141  4.00000121],cruising,[ 0.63925976  0.24903542 -0.34837281]
277.60078525543213,1004,False,4,0,[-4.34356794  6.93370314  3.99999999],cruising,[-0.62185191  0.08809385  0.93462812]
277.60078525543213,1005,False,1,3,[-0.89157281 -4.20057451  3.99999967],exiting,[ 0.50568378 -0.03156594 -0.11489306]
277.69283962249756,1000,False,2,1,[0.96849467 5.74065823 4.00001045],cruising,[-0.82138112 -0.19970136 -0.21083176]
277.69283962249756,1001,False,6,2,[8.33098311 3.82603214 3.77924655],cruising,[-0.48080528  0.59740651 -0.20557775]
277.69283962249756,1002,False,0,5,[-3.26203161 -1.74929287  4.        ],cruising,[ 0.5677905  -0.59831228 -0.99408226]
277.69283962249756,1003,False,3,4,[-2.23640933  7.27988562  4.00000103],cruising,[ 0.63925976  0.24903542 -0.34837281]
277.69283962249756,1004,False,4,0,[-4.14908336  6.98034806  3.99999999],cruising,[-0.62185191  0.08809385  0.93462812]
277.69283962249756,1005,False,1,3,[-0.87467044 -4.29913571  3.99999973],exiting,[ 0.50568378 -0.03156594 -0.11489306]
277.78969502449036,1000,False,2,1,[1.14377238 5.6443373  4.00000888],cruising,[-0.82138112 -0.19970136 -0.21083176]
277.78969502449036,1001,False,6,2,[8.33997052 3.62623417 3.81235957],cruising,[-0.48080528  0.59740651 -0.20557775]
277.78969502449036,1002,False,0,5,[-3.2438447  -1.55012149  4.        ],cruising,[ 0.5677905  -0.59831228 -0.99408226]
277.78969502449036,1003,False,3,4,[-2.03689605  7.26594102  4.00000088],cruising,[ 0.63925976  0.24903542 -0.34837281]
277.78969502449036,1004,False,4,0,[-3.95469079  7.02737493  3.99999999],cruising,[-0.62185191  0.08809385  0.93462812]
277.78969502449036,1005,False,1,3,[-0.85776807 -4.39769691  3.99999978],exiting,[ 0.50568378 -0.03156594 -0.11489306]
277.89396572113037,1000,False,2,1,[1.3208444  5.55135611 4.00000755],cruising,[-0.82138112 -0.19970136 -0.21083176]
277.89396572113037,1001,False,6,2,[8.34735002 3.42637036 3.84050563],cruising,[-0.48080528  0.59740651 -0.20557775]
277.89396572113037,1002,False,0,5,[-3.24200603 -1.35012994  4.        ],cruising,[ 0.5677905  -0.59831228 -0.99408226]
277.89396572113037,1003,False,3,4,[-1.83960143  7.23315641  4.00000074],cruising,[ 0.63925976  0.24903542 -0.34837281]
277.89396572113037,1004,False,4,0,[-3.75957359  7.07129849  3.99999999],cruising,[-0.62185191  0.08809385  0.93462812]
277.89396572113037,1005,False,1,3,[-0.84086569 -4.49625811  3.99999982],exiting,[ 0.50568378 -0.03156594 -0.11489306]
277.9886546134949,1000,False,2,1,[1.49992636 5.46230753 4.00000642],cruising,[-0.82138112 -0.19970136 -0.21083176]
277.9886546134949,1001,False,6,2,[8.36082599 3.22682488 3.86442979],cruising,[-0.48080528  0.59740651 -0.20557775]
277.9886546134949,1002,False,0,5,[-3.25474905 -1.15053632  4.        ],cruising,[ 0.5677905  -0.59831228 -0.99408226]
277.9886546134949,1003,False,3,4,[-1.645769    7.18387162  4.00000063],cruising,[ 0.63925976  0.24903542 -0.34837281]
277.9886546134949,1004,False,4,0,[-3.56420259  7.11407902  3.99999999],cruising,[-0.62185191  0.08809385  0.93462812]
277.9886546134949,1005,False,1,3,[-0.82396332 -4.59481931  3.99999985],exiting,[ 0.50568378 -0.03156594 -0.11489306]
278.0973777770996,1000,False,2,1,[1.68223474 5.38006609 4.00000546],cruising,[-0.82138112 -0.19970136 -0.21083176]
278.0973777770996,1001,False,6,2,[8.37294281 3.02719226 3.88476532],cruising,[-0.48080528  0.59740651 -0.20557775]
278.0973777770996,1002,False,0,5,[-3.28170987 -0.95236186  4.        ],cruising,[ 0.5677905  -0.59831228 -0.99408226]
278.0973777770996,1003,False,3,4,[-1.4546055   7.12507949  4.00000054],cruising,[ 0.63925976  0.24903542 -0.34837281]
278.0973777770996,1004,False,4,0,[-3.3683922   7.15480113  3.99999999],cruising,[-0.62185191  0.08809385  0.93462812]
278.0973777770996,1005,False,1,3,[-0.80706095 -4.69338051  3.99999988],exiting,[ 0.50568378 -0.03156594 -0.11489306]
278.2011148929596,1000,False,2,1,[1.86673678 5.30287152 4.00000464],cruising,[-0.82138112 -0.19970136 -0.21083176]
278.2011148929596,1001,False,6,2,[8.3844644  2.82752441 3.90205052],cruising,[-0.48080528  0.59740651 -0.20557775]
278.2011148929596,1002,False,0,5,[-3.32172674 -0.75640613  4.        ],cruising,[ 0.5677905  -0.59831228 -0.99408226]
278.2011148929596,1003,False,3,4,[-1.26802777  7.05304649  4.00000046],cruising,[ 0.63925976  0.24903542 -0.34837281]
278.2011148929596,1004,False,4,0,[-3.17153172  7.19009918  4.        ],cruising,[-0.62185191  0.08809385  0.93462812]
278.2011148929596,1005,False,1,3,[-0.79015858 -4.7919417   3.9999999 ],exiting,[ 0.50568378 -0.03156594 -0.11489306]
278.3036618232727,1000,False,2,1,[2.05354001 5.23142538 4.00000394],cruising,[-0.82138112 -0.19970136 -0.21083176]
278.3036618232727,1001,False,6,2,[8.39949947 2.62809034 3.91674294],cruising,[-0.48080528  0.59740651 -0.20557775]
278.3036618232727,1002,False,0,5,[-3.37373365 -0.56328627  4.        ],cruising,[ 0.5677905  -0.59831228 -0.99408226]
278.3036618232727,1003,False,3,4,[-1.08586862  6.97047504  4.00000039],cruising,[ 0.63925976  0.24903542 -0.34837281]
278.3036618232727,1004,False,4,0,[-2.97410746  7.22209385  4.        ],cruising,[-0.62185191  0.08809385  0.93462812]
278.3036618232727,1005,False,1,3,[-0.77325621 -4.8905029   3.99999992],exiting,[ 0.50568378 -0.03156594 -0.11489306]
278.3967123031616,1000,False,2,1,[2.24268482 5.16643122 4.00000335],cruising,[-0.82138112 -0.19970136 -0.21083176]
278.3967123031616,1001,False,6,2,[8.41279276 2.42853261 3.9292315 ],cruising,[-0.48080528  0.59740651 -0.20557775]
278.3967123031616,1002,False,0,5,[-3.43505089 -0.37291769  4.        ],cruising,[ 0.5677905  -0.59831228 -0.99408226]
278.3967123031616,1003,False,3,4,[-0.90764064  6.87972932  4.00000033],cruising,[ 0.63925976  0.24903542 -0.34837281]
278.3967123031616,1004,False,4,0,[-2.7756717  7.2470588  4.       ],cruising,[-0.62185191  0.08809385  0.93462812]
278.3967123031616,1005,False,1,3,[-0.75635383 -4.9890641   3.99999993],exiting,[ 0.50568378 -0.03156594 -0.11489306]
278.5034625530243,1000,False,2,1,[2.43642572 5.11678785 4.00000285],cruising,[-0.82138112 -0.19970136 -0.21083176]
278.5034625530243,1001,False,6,2,[8.42779953 2.22909641 3.93984678],cruising,[-0.48080528  0.59740651 -0.20557775]
278.5034625530243,1002,False,0,5,[-3.5069442  -0.18628609  4.        ],cruising,[ 0.5677905  -0.59831228 -0.99408226]
278.5034625530243,1003,False,3,4,[-0.73155389  6.78489549  4.00000028],cruising,[ 0.63925976  0.24903542 -0.34837281]
278.5034625530243,1004,False,4,0,[-2.57668969  7.26721226  4.        ],cruising,[-0.62185191  0.08809385  0.93462812]
278.5034625530243,1005,False,1,3,[-0.73945146 -5.0876253   3.99999994],exiting,[ 0.50568378 -0.03156594 -0.11489306]
278.60355138778687,1000,False,2,1,[2.63216146 5.07570842 4.00000242],cruising,[-0.82138112 -0.19970136 -0.21083176]
278.60355138778687,1001,False,6,2,[8.44032241 2.02948885 3.94886976],cruising,[-0.48080528  0.59740651 -0.20557775]
278.60355138778687,1002,False,0,5,[-3.58895394e+00 -3.87336529e-03  4.00000000e+00],cruising,[ 0.5677905  -0.59831228 -0.99408226]
278.60355138778687,1003,False,3,4,[-0.55850432  6.68462662  4.00000024],cruising,[ 0.63925976  0.24903542 -0.34837281]
278.60355138778687,1004,False,4,0,[-2.37697637  7.27791692  4.        ],cruising,[-0.62185191  0.08809385  0.93462812]
278.60355138778687,1005,False,1,3,[-0.72254909 -5.1861865   3.99999996],exiting,[ 0.50568378 -0.03156594 -0.11489306]
278.70376777648926,1000,False,2,1,[2.82927431 5.04184807 4.00000206],cruising,[-0.82138112 -0.19970136 -0.21083176]
278.70376777648926,1001,False,6,2,[8.45337523 1.82991525 3.9565393 ],cruising,[-0.48080528  0.59740651 -0.20557775]
278.70376777648926,1002,False,0,5,[-3.67950907  0.17445153  4.        ],cruising,[ 0.5677905  -0.59831228 -0.99408226]
278.70376777648926,1003,False,3,4,[-0.38766602  6.5806349   4.0000002 ],cruising,[ 0.63925976  0.24903542 -0.34837281]
278.70376777648926,1004,False,4,0,[-2.17697754  7.27723439  4.        ],cruising,[-0.62185191  0.08809385  0.93462812]
278.70376777648926,1005,False,1,3,[-0.70564672 -5.2847477   3.99999996],exiting,[ 0.50568378 -0.03156594 -0.11489306]
278.79733395576477,1000,False,2,1,[3.02731893 5.01394953 4.00000175],cruising,[-0.82138112 -0.19970136 -0.21083176]
278.79733395576477,1001,False,6,2,[8.46357196 1.63017535 3.9630584 ],cruising,[-0.48080528  0.59740651 -0.20557775]
278.79733395576477,1002,False,0,5,[-3.77695247  0.34910772  4.        ],cruising,[ 0.5677905  -0.59831228 -0.99408226]
278.79733395576477,1003,False,3,4,[-0.21773741  6.47516326  4.00000017],cruising,[ 0.63925976  0.24903542 -0.34837281]
278.79733395576477,1004,False,4,0,[-1.97801147  7.25692413  4.        ],cruising,[-0.62185191  0.08809385  0.93462812]
278.79733395576477,1005,False,1,3,[-0.68874435 -5.38330889  3.99999997],exiting,[ 0.50568378 -0.03156594 -0.11489306]
278.8944282531738,1000,False,2,1,[3.22598237 4.99086627 4.00000149],cruising,[-0.82138112 -0.19970136 -0.21083176]
278.8944282531738,1001,False,6,2,[8.47355522 1.43042467 3.96859964],cruising,[-0.48080528  0.59740651 -0.20557775]
278.8944282531738,1002,False,0,5,[-3.88131281  0.51972108  4.        ],cruising,[ 0.5677905  -0.59831228 -0.99408226]
278.8944282531738,1003,False,3,4,[-0.04886518  6.36800837  4.00000015],cruising,[ 0.63925976  0.24903542 -0.34837281]
278.8944282531738,1004,False,4,0,[-1.78067642  7.22438375  4.        ],cruising,[-0.62185191  0.08809385  0.93462812]
278.8944282531738,1005,False,1,3,[-0.67184197 -5.48187009  3.99999998],exiting,[ 0.50568378 -0.03156594 -0.11489306]
278.99449133872986,1000,False,2,1,[3.42504908 4.9715674  4.00000126],cruising,[-0.82138112 -0.19970136 -0.21083176]
278.99449133872986,1001,False,6,2,[8.48281171 1.23063899 3.9733097 ],cruising,[-0.48080528  0.59740651 -0.20557775]
278.99449133872986,1002,False,0,5,[-3.9892355   0.68810366  4.        ],cruising,[ 0.5677905  -0.59831228 -0.99408226]
278.99449133872986,1003,False,3,4,[0.11982661 6.26056965 4.00000012],cruising,[ 0.63925976  0.24903542 -0.34837281]
278.99449133872986,1004,False,4,0,[-1.58705797  7.17426495  4.        ],cruising,[-0.62185191  0.08809385  0.93462812]
278.99449133872986,1005,False,1,3,[-0.6549396  -5.58043129  3.99999998],exiting,[ 0.50568378 -0.03156594 -0.11489306]
279.10260367393494,1000,False,2,1,[3.6243726  4.9551316  4.00000107],cruising,[-0.82138112 -0.19970136 -0.21083176]
279.10260367393494,1001,False,6,2,[8.4886328  1.03072372 3.97731324],cruising,[-0.48080528  0.59740651 -0.20557775]
279.10260367393494,1002,False,0,5,[-4.09991103  0.85468975  4.        ],cruising,[ 0.5677905  -0.59831228 -0.99408226]
279.10260367393494,1003,False,3,4,[0.28860292 6.15326374 4.00000011],cruising,[ 0.63925976  0.24903542 -0.34837281]
279.10260367393494,1004,False,4,0,[-1.39784569  7.10946746  4.        ],cruising,[-0.62185191  0.08809385  0.93462812]
279.10260367393494,1005,False,1,3,[-0.63803723 -5.67899249  3.99999998],exiting,[ 0.50568378 -0.03156594 -0.11489306]
279.2001836299896,1000,False,2,1,[3.82385377 4.94073502 4.00000091],cruising,[-0.82138112 -0.19970136 -0.21083176]
279.2001836299896,1001,False,6,2,[8.49348937 0.8307827  3.98071625],cruising,[-0.48080528  0.59740651 -0.20557775]
279.2001836299896,1002,False,0,5,[-4.21266575  1.01987563  4.        ],cruising,[ 0.5677905  -0.59831228 -0.99408226]
279.2001836299896,1003,False,3,4,[0.45788401 6.04675594 4.00000009],cruising,[ 0.63925976  0.24903542 -0.34837281]
279.2001836299896,1004,False,4,0,[-1.21314341  7.03275327  4.        ],cruising,[-0.62185191  0.08809385  0.93462812]
279.2001836299896,1005,False,1,3,[-0.62113486 -5.77755369  3.99999999],exiting,[ 0.50568378 -0.03156594 -0.11489306]
279.30212235450745,1000,False,2,1,[4.02342437 4.92763631 4.00000078],cruising,[-0.82138112 -0.19970136 -0.21083176]
279.30212235450745,1001,False,6,2,[8.49707218 0.63081479 3.98360882],cruising,[-0.48080528  0.59740651 -0.20557775]
279.30212235450745,1002,False,0,5,[-4.32693564  1.18401701  4.        ],cruising,[ 0.5677905  -0.59831228 -0.99408226]
279.30212235450745,1003,False,3,4,[0.62793295 5.94147841 4.00000008],cruising,[ 0.63925976  0.24903542 -0.34837281]
279.30212235450745,1004,False,4,0,[-1.03264485  6.94661228  4.        ],cruising,[-0.62185191  0.08809385  0.93462812]
279.30212235450745,1005,False,1,3,[-0.60423248 -5.87611489  3.99999999],exiting,[ 0.50568378 -0.03156594 -0.11489306]
279.40165972709656,1000,False,2,1,[4.22300981 4.91476572 4.00000066],cruising,[-0.82138112 -0.19970136 -0.21083176]
279.40165972709656,1001,False,6,2,[8.49705634 0.43081479 3.98606749],cruising,[-0.48080528  0.59740651 -0.20557775]
279.40165972709656,1002,False,0,5,[-4.44224374  1.34743072  4.        ],cruising,[ 0.5677905  -0.59831228 -0.99408226]
279.40165972709656,1003,False,3,4,[0.79951733 5.83872238 4.00000007],cruising,[ 0.63925976  0.24903542 -0.34837281]
279.40165972709656,1004,False,4,0,[-0.85579418  6.85321078  4.        ],cruising,[-0.62185191  0.08809385  0.93462812]
279.40165972709656,1005,False,1,3,[-0.58733011 -5.97467608  3.99999999],exiting,[ 0.50568378 -0.03156594 -0.11489306]
279.5032386779785,1000,False,2,1,[4.42262106 4.90230184 4.00000056],cruising,[-0.82138112 -0.19970136 -0.21083176]
279.5032386779785,1001,False,6,2,[8.49572409 0.23081923 3.98815737],cruising,[-0.48080528  0.59740651 -0.20557775]
279.5032386779785,1002,False,0,5,[-4.55800645  1.51052271  4.        ],cruising,[ 0.5677905  -0.59831228 -0.99408226]
279.5032386779785,1003,False,3,4,[0.97244849 5.73824943 4.00000006],cruising,[ 0.63925976  0.24903542 -0.34837281]
279.5032386779785,1004,False,4,0,[-0.68086796  6.75625297  4.        ],cruising,[-0.62185191  0.08809385  0.93462812]
279.5032386779785,1005,False,1,3,[-0.57042774 -6.07323728  3.99999999],exiting,[ 0.50568378 -0.03156594 -0.11489306]
279.5947918891907,1000,False,2,1,[4.62221406 4.88954898 4.00000048],cruising,[-0.82138112 -0.19970136 -0.21083176]
279.5947918891907,1001,False,6,2,[8.49285386 0.03083982 3.98993376],cruising,[-0.48080528  0.59740651 -0.20557775]
279.5947918891907,1002,False,0,5,[-4.67422336  1.67329134  4.        ],cruising,[ 0.5677905  -0.59831228 -0.99408226]
279.5947918891907,1003,False,3,4,[1.14774695 5.64196626 4.00000005],cruising,[ 0.63925976  0.24903542 -0.34837281]
279.5947918891907,1004,False,4,0,[-0.50866565  6.65453588  4.        ],cruising,[-0.62185191  0.08809385  0.93462812]
279.5947918891907,1005,False,1,3,[-0.55352537 -6.17179848  3.99999999],exiting,[ 0.50568378 -0.03156594 -0.11489306]
279.69948506355286,1000,False,2,1,[4.82174488 4.87585764 4.00000041],cruising,[-0.82138112 -0.19970136 -0.21083176]
279.69948506355286,1001,False,6,2,[ 8.4882701  -0.16910764  3.9914437 ],cruising,[-0.48080528  0.59740651 -0.20557775]
279.69948506355286,1002,False,0,5,[-4.79052503  1.83599943  4.        ],cruising,[ 0.5677905  -0.59831228 -0.99408226]
279.69948506355286,1003,False,3,4,[1.32484278 5.54903043 4.00000004],cruising,[ 0.63925976  0.24903542 -0.34837281]
279.69948506355286,1004,False,4,0,[-0.33770188  6.55075059  4.        ],cruising,[-0.62185191  0.08809385  0.93462812]
279.69948506355286,1005,False,1,3,[-0.536623   -6.27035968  4.        ],exiting,[ 0.50568378 -0.03156594 -0.11489306]
279.7935676574707,1000,False,2,1,[5.02116234 4.86060389 4.00000034],cruising,[-0.82138112 -0.19970136 -0.21083176]
279.7935676574707,1001,False,6,2,[ 8.47978751 -0.36892768  3.99272714],cruising,[-0.48080528  0.59740651 -0.20557775]
279.7935676574707,1002,False,0,5,[-4.90658088  1.99888294  4.        ],cruising,[ 0.5677905  -0.59831228 -0.99408226]
279.7935676574707,1003,False,3,4,[1.50395151 5.4600357  4.00000003],cruising,[ 0.63925976  0.24903542 -0.34837281]
279.7935676574707,1004,False,4,0,[-0.16829886  6.44443681  4.        ],cruising,[-0.62185191  0.08809385  0.93462812]
279.7935676574707,1005,False,1,3,[-0.51972062 -6.36892088  4.        ],exiting,[ 0.50568378 -0.03156594 -0.11489306]
279.89901471138,1000,False,2,1,[5.22049133 4.84423465 4.00000029],cruising,[-0.82138112 -0.19970136 -0.21083176]
279.89901471138,1001,False,6,2,[ 8.46966705 -0.56867145  3.99381807],cruising,[-0.48080528  0.59740651 -0.20557775]
279.89901471138,1002,False,0,5,[-5.02208523  2.16215801  4.        ],cruising,[ 0.5677905  -0.59831228 -0.99408226]
279.89901471138,1003,False,3,4,[1.68629345 5.37786869 4.00000003],cruising,[ 0.63925976  0.24903542 -0.34837281]
279.89901471138,1004,False,4,0,[6.23976847e-04 6.33736172e+00 4.00000000e+00],cruising,[-0.62185191  0.08809385  0.93462812]
279.89901471138,1005,False,1,3,[-0.50281825 -6.46748208  4.        ],exiting,[ 0.50568378 -0.03156594 -0.11489306]
279.9986891746521,1000,False,2,1,[5.41957864 4.82514946 4.00000025],cruising,[-0.82138112 -0.19970136 -0.21083176]
279.9986891746521,1001,False,6,2,[ 8.45772917 -0.76831485  3.99474536],cruising,[-0.48080528  0.59740651 -0.20557775]
279.9986891746521,1002,False,0,5,[-5.1372104   2.32570065  4.        ],cruising,[ 0.5677905  -0.59831228 -0.99408226]
279.9986891746521,1003,False,3,4,[1.87083032 5.30075746 4.00000002],cruising,[ 0.63925976  0.24903542 -0.34837281]
279.9986891746521,1004,False,4,0,[0.16917889 6.22970838 4.        ],cruising,[-0.62185191  0.08809385  0.93462812]
279.9986891746521,1005,False,1,3,[-0.48591588 -6.56604327  4.        ],exiting,[ 0.50568378 -0.03156594 -0.11489306]
280.0912482738495,1000,False,2,1,[5.6183121  4.80267701 4.00000021],cruising,[-0.82138112 -0.19970136 -0.21083176]
280.0912482738495,1001,False,6,2,[ 8.44381985 -0.96783059  3.99553356],cruising,[-0.48080528  0.59740651 -0.20557775]
280.0912482738495,1002,False,0,5,[-5.25123713  2.49001103  4.        ],cruising,[ 0.5677905  -0.59831228 -0.99408226]
280.0912482738495,1003,False,3,4,[2.05766911 5.22940436 4.00000002],cruising,[ 0.63925976  0.24903542 -0.34837281]
280.0912482738495,1004,False,4,0,[0.33798067 6.12244255 4.        ],exiting,[-0.62185191  0.08809385  0.93462812]
280.0912482738495,1005,False,1,3,[-0.46901351 -6.66460447  4.        ],exiting,[ 0.50568378 -0.03156594 -0.11489306]
280.19479513168335,1000,False,2,1,[5.81653941 4.77610758 4.00000018],cruising,[-0.82138112 -0.19970136 -0.21083176]
280.19479513168335,1001,False,6,2,[ 8.4256305  -1.16700174  3.99620352],cruising,[-0.48080528  0.59740651 -0.20557775]
280.19479513168335,1002,False,0,5,[-5.3638578   2.65528834  4.        ],cruising,[ 0.5677905  -0.59831228 -0.99408226]
280.19479513168335,1003,False,3,4,[2.24826629 5.16880141 4.00000002],cruising,[ 0.63925976  0.24903542 -0.34837281]
280.19479513168335,1004,False,4,0,[0.49670907 6.03245466 4.        ],exiting,[-0.62185191  0.08809385  0.93462812]
280.19479513168335,1005,False,1,3,[-0.45211114 -6.76316567  4.        ],exiting,[ 0.50568378 -0.03156594 -0.11489306]
280.2903482913971,1000,False,2,1,[6.01405371 4.74467353 4.00000015],cruising,[-0.82138112 -0.19970136 -0.21083176]
280.2903482913971,1001,False,6,2,[ 8.40552028 -1.36598812  3.996773  ],cruising,[-0.48080528  0.59740651 -0.20557775]
280.2903482913971,1002,False,0,5,[-5.47474663  2.82173252  4.        ],cruising,[ 0.5677905  -0.59831228 -0.99408226]
280.2903482913971,1003,False,3,4,[2.44180965 5.11839341 4.00000002],cruising,[ 0.63925976  0.24903542 -0.34837281]
280.2903482913971,1004,False,4,0,[0.64521562 5.95965728 4.        ],exiting,[-0.62185191  0.08809385  0.93462812]
280.2903482913971,1005,False,1,3,[-0.43520876 -6.86172687  4.        ],exiting,[ 0.50568378 -0.03156594 -0.11489306]
280.40055203437805,1000,False,2,1,[6.2105744  4.70753033 4.00000013],cruising,[-0.82138112 -0.19970136 -0.21083176]
280.40055203437805,1001,False,6,2,[ 8.38328671 -1.56474845  3.99725705],cruising,[-0.48080528  0.59740651 -0.20557775]
280.40055203437805,1002,False,0,5,[-5.58354573  2.98955015  4.        ],cruising,[ 0.5677905  -0.59831228 -0.99408226]
280.40055203437805,1003,False,3,4,[2.63742551 5.07674684 4.00000001],cruising,[ 0.63925976  0.24903542 -0.34837281]
280.40055203437805,1004,False,4,0,[0.78333217 5.90394931 4.        ],exiting,[-0.62185191  0.08809385  0.93462812]
280.40055203437805,1005,False,1,3,[-0.41830639 -6.96028807  4.        ],exiting,[ 0.50568378 -0.03156594 -0.11489306]
280.5022532939911,1000,False,2,1,[6.40572135 4.66373915 4.00000011],cruising,[-0.82138112 -0.19970136 -0.21083176]
280.5022532939911,1001,False,6,2,[ 8.35638605 -1.76293108  3.99766849],cruising,[-0.48080528  0.59740651 -0.20557775]
280.5022532939911,1002,False,0,5,[-5.68984892  3.15895981  4.        ],cruising,[ 0.5677905  -0.59831228 -0.99408226]
280.5022532939911,1003,False,3,4,[2.83446683 5.04247267 4.00000001],cruising,[ 0.63925976  0.24903542 -0.34837281]
280.5022532939911,1004,False,4,0,[0.91086652 5.8652124  4.        ],exiting,[-0.62185191  0.08809385  0.93462812]
280.5022532939911,1005,False,1,3,[-0.40140402 -7.05884927  4.        ],exiting,[ 0.50568378 -0.03156594 -0.11489306]
280.599814414978,1000,False,2,1,[6.59898064 4.61225275 4.00000009],cruising,[-0.82138112 -0.19970136 -0.21083176]
280.599814414978,1001,False,6,2,[ 8.32728725 -1.96080291  3.99801822],cruising,[-0.48080528  0.59740651 -0.20557775]
280.599814414978,1002,False,0,5,[-5.79471921  3.32926019  4.        ],cruising,[ 0.5677905  -0.59831228 -0.99408226]
280.599814414978,1003,False,3,4,[3.03246942 5.01427739 4.00000001],cruising,[ 0.63925976  0.24903542 -0.34837281]
280.599814414978,1004,False,4,0,[1.02759325 5.8433039  4.        ],exiting,[-0.62185191  0.08809385  0.93462812]
280.599814414978,1005,False,1,3,[-0.38450165 -7.15741046  4.        ],exiting,[ 0.50568378 -0.03156594 -0.11489306]
280.6999280452728,1000,False,2,1,[6.7896599  4.55190857 4.00000008],cruising,[-0.82138112 -0.19970136 -0.21083176]
280.6999280452728,1001,False,6,2,[ 8.29572553 -2.15829685  3.99831548],cruising,[-0.48080528  0.59740651 -0.20557775]
280.6999280452728,1002,False,0,5,[-5.89601164  3.50171263  4.        ],cruising,[ 0.5677905  -0.59831228 -0.99408226]
280.6999280452728,1003,False,3,4,[3.23110849 4.99098537 4.00000001],cruising,[ 0.63925976  0.24903542 -0.34837281]
280.6999280452728,1004,False,4,0,[1.13323173 5.83804024 4.        ],exiting,[-0.62185191  0.08809385  0.93462812]
280.6999280452728,1005,False,1,3,[-0.36759928 -7.25597166  4.        ],exiting,[ 0.50568378 -0.03156594 -0.11489306]
280.7899925708771,1000,False,2,1,[6.97683238 4.48143543 4.00000007],cruising,[-0.82138112 -0.19970136 -0.21083176]
280.7899925708771,1001,False,6,2,[ 8.25868477 -2.35483688  3.99856816],cruising,[-0.48080528  0.59740651 -0.20557775]
280.7899925708771,1002,False,0,5,[-5.99310415  3.67656413  4.        ],cruising,[ 0.5677905  -0.59831228 -0.99408226]
280.7899925708771,1003,False,3,4,[3.43016121 4.97154274 4.00000001],cruising,[ 0.63925976  0.24903542 -0.34837281]
280.7899925708771,1004,False,4,0,[1.22740949 5.84916718 4.        ],exiting,[-0.62185191  0.08809385  0.93462812]
280.7899925708771,1005,False,1,3,[-0.3506969  -7.35453286  4.        ],exiting,[ 0.50568378 -0.03156594 -0.11489306]
280.9006175994873,1000,False,2,1,[7.1592711  4.39948354 4.00000006],cruising,[-0.82138112 -0.19970136 -0.21083176]
280.9006175994873,1001,False,6,2,[ 8.21895437 -2.5508509   3.99878294],cruising,[-0.48080528  0.59740651 -0.20557775]
280.9006175994873,1002,False,0,5,[-6.08521745  3.85408916  4.        ],cruising,[ 0.5677905  -0.59831228 -0.99408226]
280.9006175994873,1003,False,3,4,[3.62947673 4.9550102  4.00000001],cruising,[ 0.63925976  0.24903542 -0.34837281]
280.9006175994873,1004,False,4,0,[1.30988916 5.87651618 4.        ],exiting,[-0.62185191  0.08809385  0.93462812]
280.9006175994873,1005,False,1,3,[-0.33379453 -7.45309406  4.        ],exiting,[ 0.50568378 -0.03156594 -0.11489306]
280.99419617652893,1000,False,2,1,[7.33538032 4.30469144 4.00000005],cruising,[-0.82138112 -0.19970136 -0.21083176]
280.99419617652893,1001,False,6,2,[ 8.1730458  -2.74551061  3.9989655 ],cruising,[-0.48080528  0.59740651 -0.20557775]
280.99419617652893,1002,False,0,5,[-6.16819263  4.03606476  4.        ],cruising,[ 0.5677905  -0.59831228 -0.99408226]
280.99419617652893,1003,False,3,4,[3.82895329 4.94054993 4.        ],cruising,[ 0.63925976  0.24903542 -0.34837281]
280.99419617652893,1004,False,4,0,[1.38043039 5.91991115 4.        ],exiting,[-0.62185191  0.08809385  0.93462812]
280.99419617652893,1005,False,1,3,[-0.31689216 -7.55165526  4.        ],exiting,[ 0.50568378 -0.03156594 -0.11489306]
281.0998978614807,1000,False,2,1,[7.50314093 4.19580444 4.00000004],cruising,[-0.82138112 -0.19970136 -0.21083176]
281.0998978614807,1001,False,6,2,[ 8.12398258 -2.93939924  3.99912067],cruising,[-0.48080528  0.59740651 -0.20557775]
281.0998978614807,1002,False,0,5,[-6.2438989   4.22118246  4.        ],cruising,[ 0.5677905  -0.59831228 -0.99408226]
281.0998978614807,1003,False,3,4,[4.02852117 4.92740978 4.        ],cruising,[ 0.63925976  0.24903542 -0.34837281]
281.0998978614807,1004,False,4,0,[1.4387901  5.97916836 4.        ],exiting,[-0.62185191  0.08809385  0.93462812]
281.0998978614807,1005,False,1,3,[-0.29998979 -7.65021646  4.        ],exiting,[ 0.50568378 -0.03156594 -0.11489306]
281.19098377227783,1000,False,2,1,[7.65887544 4.07093706 4.00000004],cruising,[-0.82138112 -0.19970136 -0.21083176]
281.19098377227783,1001,False,6,2,[ 8.0675421  -3.13127022  3.99925257],cruising,[-0.48080528  0.59740651 -0.20557775]
281.19098377227783,1002,False,0,5,[-6.31051352  4.40976266  4.        ],cruising,[ 0.5677905  -0.59831228 -0.99408226]
281.19098377227783,1003,False,3,4,[4.22810469 4.9145095  4.        ],cruising,[ 0.63925976  0.24903542 -0.34837281]
281.19098377227783,1004,False,4,0,[1.4847226  6.05409608 4.        ],exiting,[-0.62185191  0.08809385  0.93462812]
281.19098377227783,1005,False,1,3,[-0.28308742 -7.74877765  4.        ],landing,[ 0.50568378 -0.03156594 -0.11489306]
281.2885391712189,1000,False,2,1,[7.80119343 3.93123738 4.00000003],cruising,[-0.82138112 -0.19970136 -0.21083176]
281.2885391712189,1001,False,6,2,[ 8.00720181 -3.3219507   3.99936469],cruising,[-0.48080528  0.59740651 -0.20557775]
281.2885391712189,1002,False,0,5,[-6.35948994  4.60367323  4.        ],exiting,[ 0.5677905  -0.59831228 -0.99408226]
281.2885391712189,1003,False,3,4,[4.42771469 4.90202559 4.        ],cruising,[ 0.63925976  0.24903542 -0.34837281]
281.2885391712189,1004,False,4,0,[1.51797978 6.14449428 4.        ],exiting,[-0.62185191  0.08809385  0.93462812]
281.2885391712189,1005,False,1,3,[-0.27171894 -7.83421368  3.98596056],landing,[ 0.50568378 -0.03156594 -0.11489306]
281.3997085094452,1000,False,2,1,[7.92863247 3.77817293 4.00000002],cruising,[-0.82138112 -0.19970136 -0.21083176]
281.3997085094452,1001,False,6,2,[ 7.9375882  -3.50944456  3.99945998],cruising,[-0.48080528  0.59740651 -0.20557775]
281.3997085094452,1002,False,0,5,[-6.41044779  4.7776822   4.        ],exiting,[ 0.5677905  -0.59831228 -0.99408226]
281.3997085094452,1003,False,3,4,[4.62730667 4.88925679 4.        ],cruising,[ 0.63925976  0.24903542 -0.34837281]
281.3997085094452,1004,False,4,0,[1.54666387 6.2402921  4.        ],exiting,[-0.62185191  0.08809385  0.93462812]
281.3997085094452,1005,False,1,3,[-0.26587634 -7.90634872  3.95804494],landing,[ 0.50568378 -0.03156594 -0.11489306]
281.5007746219635,1000,False,2,1,[8.03984311 3.61341922 4.00000002],cruising,[-0.82138112 -0.19970136 -0.21083176]
281.5007746219635,1001,False,6,2,[ 7.85763442 -3.69276775  3.99954099],cruising,[-0.48080528  0.59740651 -0.20557775]
281.5007746219635,1002,False,0,5,[-6.46362257  4.93181441  4.        ],exiting,[ 0.5677905  -0.59831228 -0.99408226]
281.5007746219635,1003,False,3,4,[4.82683638 4.8755493  4.        ],cruising,[ 0.63925976  0.24903542 -0.34837281]
281.5007746219635,1004,False,4,0,[1.57534795 6.33608993 4.        ],exiting,[-0.62185191  0.08809385  0.93462812]
281.5007746219635,1005,False,1,3,[-0.26554902 -7.9649761   3.91644996],landing,[ 0.50568378 -0.03156594 -0.11489306]
281.6037347316742,1000,False,2,1,[8.13346756 3.43914049 4.00000002],cruising,[-0.82138112 -0.19970136 -0.21083176]
281.6037347316742,1001,False,6,2,[ 7.76577878 -3.87042625  3.99960984],cruising,[-0.48080528  0.59740651 -0.20557775]
281.6037347316742,1002,False,0,5,[-6.51932985  5.06610761  4.        ],exiting,[ 0.5677905  -0.59831228 -0.99408226]
281.6037347316742,1003,False,3,4,[5.02625232 4.86027573 4.        ],cruising,[ 0.63925976  0.24903542 -0.34837281]
281.6037347316742,1004,False,4,0,[1.60403204 6.43188775 4.        ],exiting,[-0.62185191  0.08809385  0.93462812]
281.6037347316742,1005,False,1,3,[-0.27072048 -8.00981415  3.86145283],landing,[ 0.50568378 -0.03156594 -0.11489306]
281.6992754936218,1000,False,2,1,[8.20908192 3.25616484 4.00000001],exiting,[-0.82138112 -0.19970136 -0.21083176]
281.6992754936218,1001,False,6,2,[ 7.65990289 -4.04010328  3.99966836],cruising,[-0.48080528  0.59740651 -0.20557775]
281.6992754936218,1002,False,0,5,[-6.57793653  5.18061209  4.        ],exiting,[ 0.5677905  -0.59831228 -0.99408226]
281.6992754936218,1003,False,3,4,[5.22557963 4.84388598 4.        ],cruising,[ 0.63925976  0.24903542 -0.34837281]
281.6992754936218,1004,False,4,0,[1.63271613 6.52768558 4.        ],exiting,[-0.62185191  0.08809385  0.93462812]
281.6992754936218,1005,False,1,3,[-0.28137491 -8.04062669  3.7932943 ],landing,[ 0.50568378 -0.03156594 -0.11489306]
281.7963488101959,1000,False,2,1,[8.2661595  3.0806984  4.00000001],exiting,[-0.82138112 -0.19970136 -0.21083176]
281.7963488101959,1001,False,6,2,[ 7.53761932 -4.19834405  3.99971825],cruising,[-0.48080528  0.59740651 -0.20557775]
281.7963488101959,1002,False,0,5,[-6.63976248  5.27537737  4.        ],exiting,[ 0.5677905  -0.59831228 -0.99408226]
281.7963488101959,1003,False,3,4,[5.42466418 4.82477211 4.        ],cruising,[ 0.63925976  0.24903542 -0.34837281]
281.7963488101959,1004,False,4,0,[1.66140021 6.6234834  4.        ],exiting,[-0.62185191  0.08809385  0.93462812]
281.7963488101959,1005,False,1,3,[-0.29749609 -8.05719613  3.71220331],landing,[ 0.50568378 -0.03156594 -0.11489306]
281.8934874534607,1000,False,2,1,[8.30716233 2.91713163 4.00000001],exiting,[-0.82138112 -0.19970136 -0.21083176]
281.8934874534607,1001,False,6,2,[ 7.40034868 -4.34334143  3.99976239],cruising,[-0.48080528  0.59740651 -0.20557775]
281.8934874534607,1002,False,0,5,[-6.70501129  5.35115726  4.        ],exiting,[ 0.5677905  -0.59831228 -0.99408226]
281.8934874534607,1003,False,3,4,[5.62339324 4.80226074 4.        ],cruising,[ 0.63925976  0.24903542 -0.34837281]
281.8934874534607,1004,False,4,0,[1.6900843  6.71928123 4.        ],exiting,[-0.62185191  0.08809385  0.93462812]
281.8934874534607,1005,False,1,3,[-0.31906599 -8.05930326  3.61841771],landing,[ 0.50568378 -0.03156594 -0.11489306]
281.99031257629395,1000,False,2,1,[8.33326329 2.76690408 4.00000001],exiting,[-0.82138112 -0.19970136 -0.21083176]
281.99031257629395,1001,False,6,2,[ 7.25052139 -4.47277183  3.99980351],cruising,[-0.48080528  0.59740651 -0.20557775]
281.99031257629395,1002,False,0,5,[-6.77026011  5.42693715  4.        ],exiting,[ 0.5677905  -0.59831228 -0.99408226]
281.99031257629395,1003,False,3,4,[5.8216137 4.7756403 4.       ],cruising,[ 0.63925976  0.24903542 -0.34837281]
281.99031257629395,1004,False,4,0,[1.71876838 6.81507905 4.        ],exiting,[-0.62185191  0.08809385  0.93462812]
281.99031257629395,1005,False,1,3,[-0.34215844 -8.05729211  3.52114133],landing,[ 0.50568378 -0.03156594 -0.11489306]
282.0926249027252,1000,False,2,1,[8.34512809 2.63072399 4.        ],exiting,[-0.82138112 -0.19970136 -0.21083176]
282.0926249027252,1001,False,6,2,[ 7.09003979 -4.58527634  3.99984162],cruising,[-0.48080528  0.59740651 -0.20557775]
282.0926249027252,1002,False,0,5,[-6.83550892  5.50271705  4.        ],exiting,[ 0.5677905  -0.59831228 -0.99408226]
282.0926249027252,1003,False,3,4,[6.01911768 4.74414141 4.        ],cruising,[ 0.63925976  0.24903542 -0.34837281]
282.0926249027252,1004,False,4,0,[1.74745247 6.91087688 4.        ],exiting,[-0.62185191  0.08809385  0.93462812]
282.0926249027252,1005,False,1,3,[-0.36525089 -8.05528097  3.42386495],landing,[ 0.50568378 -0.03156594 -0.11489306]
282.1988875865936,1000,False,2,1,[8.3432368  2.50906183 4.        ],exiting,[-0.82138112 -0.19970136 -0.21083176]
282.1988875865936,1001,False,6,2,[ 6.92095656 -4.67972506  3.99987666],cruising,[-0.48080528  0.59740651 -0.20557775]
282.1988875865936,1002,False,0,5,[-6.90075774  5.57849694  4.        ],exiting,[ 0.5677905  -0.59831228 -0.99408226]
282.1988875865936,1003,False,3,4,[6.21562318 4.70691793 4.        ],cruising,[ 0.63925976  0.24903542 -0.34837281]
282.1988875865936,1004,False,4,0,[1.77613656 7.0066747  4.        ],exiting,[-0.62185191  0.08809385  0.93462812]
282.1988875865936,1005,False,1,3,[-0.38834334 -8.05326982  3.32658857],landing,[ 0.50568378 -0.03156594 -0.11489306]
282.2946808338165,1000,False,2,1,[8.32802255 2.40231606 4.        ],exiting,[-0.82138112 -0.19970136 -0.21083176]
282.2946808338165,1001,False,6,2,[ 6.74541857 -4.75524401  3.99990859],cruising,[-0.48080528  0.59740651 -0.20557775]
282.2946808338165,1002,False,0,5,[-6.96600655  5.65427684  4.        ],exiting,[ 0.5677905  -0.59831228 -0.99408226]
282.2946808338165,1003,False,3,4,[6.41074828 4.66302947 4.        ],cruising,[ 0.63925976  0.24903542 -0.34837281]
282.2946808338165,1004,False,4,0,[1.80482064 7.10247253 4.        ],exiting,[-0.62185191  0.08809385  0.93462812]
282.2946808338165,1005,False,1,3,[-0.41143579 -8.05125868  3.2293122 ],landing,[ 0.50568378 -0.03156594 -0.11489306]
282.3902816772461,1000,False,2,1,[8.29998784 2.31092072 4.        ],exiting,[-0.82138112 -0.19970136 -0.21083176]
282.3902816772461,1001,False,6,2,[ 6.565614   -4.81122335  3.99993734],cruising,[-0.48080528  0.59740651 -0.20557775]
282.3902816772461,1002,False,0,5,[-7.03125536  5.73005673  4.        ],exiting,[ 0.5677905  -0.59831228 -0.99408226]
282.3902816772461,1003,False,3,4,[6.60397669 4.61142731 4.        ],cruising,[ 0.63925976  0.24903542 -0.34837281]
282.3902816772461,1004,False,4,0,[1.83350473 7.19827035 4.        ],exiting,[-0.62185191  0.08809385  0.93462812]
282.3902816772461,1005,False,1,3,[-0.43452824 -8.04924753  3.13203582],landing,[ 0.50568378 -0.03156594 -0.11489306]
282.50199031829834,1000,False,2,1,[8.25938849 2.23508591 4.        ],exiting,[-0.82138112 -0.19970136 -0.21083176]
282.50199031829834,1001,False,6,2,[ 6.38375463 -4.84730853  3.9999628 ],cruising,[-0.48080528  0.59740651 -0.20557775]
282.50199031829834,1002,False,0,5,[-7.09650418  5.80583662  4.        ],exiting,[ 0.5677905  -0.59831228 -0.99408226]
282.50199031829834,1003,False,3,4,[6.79461303 4.55094768 4.        ],cruising,[ 0.63925976  0.24903542 -0.34837281]
282.50199031829834,1004,False,4,0,[1.86218882 7.29406817 4.        ],exiting,[-0.62185191  0.08809385  0.93462812]
282.50199031829834,1005,False,1,3,[-0.45762069 -8.04723638  3.03475944],landing,[ 0.50568378 -0.03156594 -0.11489306]
282.6010935306549,1000,False,2,1,[8.2064888  2.17502137 4.        ],exiting,[-0.82138112 -0.19970136 -0.21083176]
282.6010935306549,1001,False,6,2,[ 6.20122353 -4.86340499  3.99998467],cruising,[-0.48080528  0.59740651 -0.20557775]
282.6010935306549,1002,False,0,5,[-7.16175299  5.88161652  4.        ],exiting,[ 0.5677905  -0.59831228 -0.99408226]
282.6010935306549,1003,False,3,4,[6.9817267  4.48031857 4.        ],cruising,[ 0.63925976  0.24903542 -0.34837281]
282.6010935306549,1004,False,4,0,[1.8908729 7.389866  4.       ],exiting,[-0.62185191  0.08809385  0.93462812]
282.6010935306549,1005,False,1,3,[-0.48071314 -8.04522524  2.93748306],landing,[ 0.50568378 -0.03156594 -0.11489306]
282.6986939907074,1000,False,2,1,[8.14156194 2.13093642 3.99999999],exiting,[-0.82138112 -0.19970136 -0.21083176]
282.6986939907074,1001,False,6,2,[ 6.01948099 -4.859517    4.00000287],cruising,[-0.48080528  0.59740651 -0.20557775]
282.6986939907074,1002,False,0,5,[-7.2270018   5.95739641  4.        ],exiting,[ 0.5677905  -0.59831228 -0.99408226]
282.6986939907074,1003,False,3,4,[7.16408601 4.39819011 4.        ],cruising,[ 0.63925976  0.24903542 -0.34837281]
282.6986939907074,1004,False,4,0,[1.91955699 7.48566382 4.        ],exiting,[-0.62185191  0.08809385  0.93462812]
282.6986939907074,1005,False,1,3,[-0.5038056  -8.04321409  2.84020668],landing,[ 0.50568378 -0.03156594 -0.11489306]
282.79842877388,1000,False,2,1,[8.06489068 2.10304001 3.99999999],exiting,[-0.82138112 -0.19970136 -0.21083176]
282.79842877388,1001,False,6,2,[ 5.83971943 -4.83572736  4.00001729],cruising,[-0.48080528  0.59740651 -0.20557775]
282.79842877388,1002,False,0,5,[-7.29225062  6.0331763   4.        ],exiting,[ 0.5677905  -0.59831228 -0.99408226]
282.79842877388,1003,False,3,4,[7.34008959 4.303202   4.        ],cruising,[ 0.63925976  0.24903542 -0.34837281]
282.79842877388,1004,False,4,0,[1.94824108 7.58146165 4.        ],exiting,[-0.62185191  0.08809385  0.93462812]
282.79842877388,1005,False,1,3,[-0.52689805 -8.04120295  2.7429303 ],landing,[ 0.50568378 -0.03156594 -0.11489306]
282.89137864112854,1000,False,2,1,[7.97676831 2.09154093 4.        ],exiting,[-0.82138112 -0.19970136 -0.21083176]
282.89137864112854,1001,False,6,2,[ 5.66247734 -4.79209705  4.00002764],cruising,[-0.48080528  0.59740651 -0.20557775]
282.89137864112854,1002,False,0,5,[-7.35749943  6.1089562   4.        ],exiting,[ 0.5677905  -0.59831228 -0.99408226]
282.89137864112854,1003,False,3,4,[7.50771213 4.19410258 4.        ],cruising,[ 0.63925976  0.24903542 -0.34837281]
282.89137864112854,1004,False,4,0,[1.97692516 7.67725947 4.        ],exiting,[-0.62185191  0.08809385  0.93462812]
282.89137864112854,1005,False,1,3,[-0.5499905  -8.0391918   2.64565392],landing,[ 0.50568378 -0.03156594 -0.11489306]
282.9950587749481,1000,False,2,1,[7.87749969 2.0966479  4.        ],exiting,[-0.82138112 -0.19970136 -0.21083176]
282.9950587749481,1001,False,6,2,[ 5.48849093 -4.7287335   4.00003377],cruising,[-0.48080528  0.59740651 -0.20557775]
282.9950587749481,1002,False,0,5,[-7.42274825  6.18473609  4.        ],exiting,[ 0.5677905  -0.59831228 -0.99408226]
282.9950587749481,1003,False,3,4,[7.66328529 4.0690403  4.        ],cruising,[ 0.63925976  0.24903542 -0.34837281]
282.9950587749481,1004,False,4,0,[2.00560925 7.7730573  4.        ],exiting,[-0.62185191  0.08809385  0.93462812]
282.9950587749481,1005,False,1,3,[-0.57308295 -8.03718065  2.54837754],landing,[ 0.50568378 -0.03156594 -0.11489306]
283.09012174606323,1000,False,2,1,[7.77767782 2.10261395 4.        ],exiting,[-0.82138112 -0.19970136 -0.21083176]
283.09012174606323,1001,False,6,2,[ 5.31756278 -4.64560517  4.00003521],cruising,[-0.48080528  0.59740651 -0.20557775]
283.09012174606323,1002,False,0,5,[-7.48799706  6.26051598  4.        ],exiting,[ 0.5677905  -0.59831228 -0.99408226]
283.09012174606323,1003,False,3,4,[7.80542001 3.92916559 4.        ],cruising,[ 0.63925976  0.24903542 -0.34837281]
283.09012174606323,1004,False,4,0,[2.03429333 7.86885512 4.        ],exiting,[-0.62185191  0.08809385  0.93462812]
283.09012174606323,1005,False,1,3,[-0.5961754  -8.03516951  2.45110116],landing,[ 0.50568378 -0.03156594 -0.11489306]
283.18846464157104,1000,False,2,1,[7.67785595 2.10857999 4.        ],exiting,[-0.82138112 -0.19970136 -0.21083176]
283.18846464157104,1001,False,6,2,[ 5.14916872 -4.54263802  4.00003152],cruising,[-0.48080528  0.59740651 -0.20557775]
283.18846464157104,1002,False,0,5,[-7.55324587  6.33629588  4.        ],exiting,[ 0.5677905  -0.59831228 -0.99408226]
283.18846464157104,1003,False,3,4,[7.93265575 3.77594845 4.        ],cruising,[ 0.63925976  0.24903542 -0.34837281]
283.18846464157104,1004,False,4,0,[2.06297742 7.96465295 4.        ],exiting,[-0.62185191  0.08809385  0.93462812]
283.18846464157104,1005,False,1,3,[-0.61926785 -8.03315836  2.35382478],landing,[ 0.50568378 -0.03156594 -0.11489306]
283.2921869754791,1000,False,2,1,[7.57803407 2.11454604 4.        ],exiting,[-0.82138112 -0.19970136 -0.21083176]
283.2921869754791,1001,False,6,2,[ 4.97720382 -4.44052008  4.00002679],cruising,[-0.48080528  0.59740651 -0.20557775]
283.2921869754791,1002,False,0,5,[-7.61849469  6.41207577  4.        ],exiting,[ 0.5677905  -0.59831228 -0.99408226]
283.2921869754791,1003,False,3,4,[8.04364506 3.61106712 4.        ],cruising,[ 0.63925976  0.24903542 -0.34837281]
283.2921869754791,1004,False,4,0,[2.09166151 8.06045077 4.        ],exiting,[-0.62185191  0.08809385  0.93462812]
283.2921869754791,1005,False,1,3,[-0.6423603  -8.03114722  2.2565484 ],landing,[ 0.50568378 -0.03156594 -0.11489306]
283.3969101905823,1000,False,2,1,[7.4782122  2.12051208 4.        ],exiting,[-0.82138112 -0.19970136 -0.21083176]
283.3969101905823,1001,False,6,2,[ 4.80242789 -4.34329163  4.00002277],cruising,[-0.48080528  0.59740651 -0.20557775]
283.3969101905823,1002,False,0,5,[-7.6837435   6.48785567  4.        ],exiting,[ 0.5677905  -0.59831228 -0.99408226]
283.3969101905823,1003,False,3,4,[8.13703215 3.43669042 4.        ],cruising,[ 0.63925976  0.24903542 -0.34837281]
283.3969101905823,1004,False,4,0,[2.12034559 8.1562486  4.        ],exiting,[-0.62185191  0.08809385  0.93462812]
283.3969101905823,1005,False,1,3,[-0.66545275 -8.02913607  2.15927202],landing,[ 0.50568378 -0.03156594 -0.11489306]
283.50113558769226,1000,False,2,1,[7.37839033 2.12647813 4.        ],exiting,[-0.82138112 -0.19970136 -0.21083176]
283.50113558769226,1001,False,6,2,[ 4.62451853 -4.25192281  4.00001936],cruising,[-0.48080528  0.59740651 -0.20557775]
283.50113558769226,1002,False,0,5,[-7.74899232  6.56363556  4.        ],exiting,[ 0.5677905  -0.59831228 -0.99408226]
283.50113558769226,1003,False,3,4,[8.21218846 3.25408945 4.        ],cruising,[ 0.63925976  0.24903542 -0.34837281]
283.50113558769226,1004,False,4,0,[2.14902968 8.25204642 4.        ],exiting,[-0.62185191  0.08809385  0.93462812]
283.50113558769226,1005,False,1,3,[-0.6885452  -8.02712493  2.06199564],landing,[ 0.50568378 -0.03156594 -0.11489306]
283.59124398231506,1000,False,2,1,[7.27856846 2.13244418 4.        ],exiting,[-0.82138112 -0.19970136 -0.21083176]
283.59124398231506,1001,False,6,2,[ 4.44504655 -4.16366292  4.00001645],cruising,[-0.48080528  0.59740651 -0.20557775]
283.59124398231506,1002,False,0,5,[-7.81424113  6.63941545  4.        ],exiting,[ 0.5677905  -0.59831228 -0.99408226]
283.59124398231506,1003,False,3,4,[8.26879028 3.06402316 4.        ],cruising,[ 0.63925976  0.24903542 -0.34837281]
283.59124398231506,1004,False,4,0,[2.17771377 8.34784424 4.        ],exiting,[-0.62185191  0.08809385  0.93462812]
283.59124398231506,1005,False,1,3,[-0.71163765 -8.02511378  1.96471926],landing,[ 0.50568378 -0.03156594 -0.11489306]
283.70115542411804,1000,False,2,1,[7.17874658 2.13841022 4.        ],exiting,[-0.82138112 -0.19970136 -0.21083176]
283.70115542411804,1001,False,6,2,[ 4.26372918 -4.07925905  4.00001399],cruising,[-0.48080528  0.59740651 -0.20557775]
283.70115542411804,1002,False,0,5,[-7.87948994  6.71519535  4.        ],exiting,[ 0.5677905  -0.59831228 -0.99408226]
283.70115542411804,1003,False,3,4,[8.30630658 2.86797834 4.        ],cruising,[ 0.63925976  0.24903542 -0.34837281]
283.70115542411804,1004,False,4,0,[2.20639785 8.44364207 4.        ],exiting,[-0.62185191  0.08809385  0.93462812]
283.70115542411804,1005,False,1,3,[-0.73473011 -8.02310263  1.86744288],landing,[ 0.50568378 -0.03156594 -0.11489306]
283.7947087287903,1000,False,2,1,[7.07892471 2.14437627 4.        ],exiting,[-0.82138112 -0.19970136 -0.21083176]
283.7947087287903,1001,False,6,2,[ 4.08155596 -3.99671866  4.00001189],cruising,[-0.48080528  0.59740651 -0.20557775]
283.7947087287903,1002,False,0,5,[-7.94473876  6.79097524  4.        ],exiting,[ 0.5677905  -0.59831228 -0.99408226]
283.7947087287903,1003,False,3,4,[8.33495281 2.67004048 4.        ],cruising,[ 0.63925976  0.24903542 -0.34837281]
283.7947087287903,1004,False,4,0,[2.23508194 8.53943989 4.        ],exiting,[-0.62185191  0.08809385  0.93462812]
283.7947087287903,1005,False,1,3,[-0.75782256 -8.02109149  1.7701665 ],landing,[ 0.50568378 -0.03156594 -0.11489306]
283.89920806884766,1000,False,2,1,[6.97910284 2.15034232 4.        ],exiting,[-0.82138112 -0.19970136 -0.21083176]
283.89920806884766,1001,False,6,2,[ 3.8982753  -3.91666743  4.0000101 ],cruising,[-0.48080528  0.59740651 -0.20557775]
283.89920806884766,1002,False,0,5,[-8.00998757  6.86675513  4.        ],exiting,[ 0.5677905  -0.59831228 -0.99408226]
283.89920806884766,1003,False,3,4,[8.36317127 2.4720412  4.        ],cruising,[ 0.63925976  0.24903542 -0.34837281]
283.89920806884766,1004,False,4,0,[2.26376602 8.63523772 4.        ],landing,[-0.62185191  0.08809385  0.93462812]
283.89920806884766,1005,False,1,3,[-0.78091501 -8.01908034  1.67289012],landing,[ 0.50568378 -0.03156594 -0.11489306]
283.999418258667,1000,False,2,1,[6.87928097 2.15630836 4.        ],exiting,[-0.82138112 -0.19970136 -0.21083176]
283.999418258667,1001,False,6,2,[ 3.71446958 -3.83782926  4.00000859],cruising,[-0.48080528  0.59740651 -0.20557775]
283.999418258667,1002,False,0,5,[-8.07523638  6.94253503  4.        ],exiting,[ 0.5677905  -0.59831228 -0.99408226]
283.999418258667,1003,False,3,4,[8.38664933 2.27342403 4.        ],cruising,[ 0.63925976  0.24903542 -0.34837281]
283.999418258667,1004,False,4,0,[2.29150385 8.71673817 3.98604687],landing,[-0.62185191  0.08809385  0.93462812]
283.999418258667,1005,False,1,3,[-0.80400746 -8.0170692   1.57561374],landing,[ 0.50568378 -0.03156594 -0.11489306]
284.101021528244,1000,False,2,1,[6.77945909 2.16227441 4.        ],exiting,[-0.82138112 -0.19970136 -0.21083176]
284.101021528244,1001,False,6,2,[ 3.52995287 -3.76066979  4.0000073 ],cruising,[-0.48080528  0.59740651 -0.20557775]
284.101021528244,1002,False,0,5,[-8.1404852   7.01831492  4.        ],exiting,[ 0.5677905  -0.59831228 -0.99408226]
284.101021528244,1003,False,3,4,[8.40923909 2.07470386 4.        ],cruising,[ 0.63925976  0.24903542 -0.34837281]
284.101021528244,1004,False,4,0,[2.31821038 8.78378848 3.95830499],landing,[-0.62185191  0.08809385  0.93462812]
284.101021528244,1005,False,1,3,[-0.82709991 -8.01505805  1.47833736],fake_landed,[ 0.50568378 -0.03156594 -0.11489306]
284.19870018959045,1000,False,2,1,[6.67963722 2.16824045 4.        ],exiting,[-0.82138112 -0.19970136 -0.21083176]
284.19870018959045,1001,False,6,2,[ 3.34500869 -3.6845406   4.00000621],cruising,[-0.48080528  0.59740651 -0.20557775]
284.19870018959045,1002,False,0,5,[-8.20573401  7.09409482  4.        ],exiting,[ 0.5677905  -0.59831228 -0.99408226]
284.19870018959045,1003,False,3,4,[8.42742236 1.87553216 4.        ],cruising,[ 0.63925976  0.24903542 -0.34837281]
284.19870018959045,1004,False,4,0,[2.3437849  8.83621003 3.91697201],landing,[-0.62185191  0.08809385  0.93462812]
284.19870018959045,1005,False,1,3,[-0.84557387 -8.01344913  1.40051626],fake_landed,[ 0.50568378 -0.03156594 -0.11489306]
284.29211950302124,1000,False,2,1,[6.57981535 2.1742065  4.        ],exiting,[-0.82138112 -0.19970136 -0.21083176]
284.29211950302124,1001,False,6,2,[ 3.15956189 -3.60964413  4.00000527],cruising,[-0.48080528  0.59740651 -0.20557775]
284.29211950302124,1002,False,0,5,[-8.27098283  7.16987471  4.        ],exiting,[ 0.5677905  -0.59831228 -0.99408226]
284.29211950302124,1003,False,3,4,[8.4444883 1.6762616 4.       ],cruising,[ 0.63925976  0.24903542 -0.34837281]
284.29211950302124,1004,False,4,0,[2.36808934 8.87376216 3.8623241 ],landing,[-0.62185191  0.08809385  0.93462812]
284.29211950302124,1005,False,1,3,[-0.85942934 -8.01224245  1.34215043],fake_landed,[ 0.50568378 -0.03156594 -0.11489306]
284.4017505645752,1000,False,2,1,[6.47999347 2.18017255 4.        ],exiting,[-0.82138112 -0.19970136 -0.21083176]
284.4017505645752,1001,False,6,2,[ 2.97361479 -3.53599852  4.00000448],cruising,[-0.48080528  0.59740651 -0.20557775]
284.4017505645752,1002,False,0,5,[-8.33623164  7.2456546   4.        ],exiting,[ 0.5677905  -0.59831228 -0.99408226]
284.4017505645752,1003,False,3,4,[8.45750443 1.4766856  4.        ],cruising,[ 0.63925976  0.24903542 -0.34837281]
284.4017505645752,1004,False,4,0,[2.39100273 8.89623799 3.7946083 ],landing,[-0.62185191  0.08809385  0.93462812]
284.4017505645752,1005,False,1,3,[-0.86866632 -8.01143799  1.30323988],fake_landed,[ 0.50568378 -0.03156594 -0.11489306]
284.5019323825836,1000,False,2,1,[6.3801716  2.18613859 4.        ],exiting,[-0.82138112 -0.19970136 -0.21083176]
284.5019323825836,1001,False,6,2,[ 2.7870771  -3.4638619   4.00000381],cruising,[-0.48080528  0.59740651 -0.20557775]
284.5019323825836,1002,False,0,5,[-8.40148045  7.3214345   4.        ],landing,[ 0.5677905  -0.59831228 -0.99408226]
284.5019323825836,1003,False,3,4,[8.46928137 1.27703264 4.        ],cruising,[ 0.63925976  0.24903542 -0.34837281]
284.5019323825836,1004,False,4,0,[2.41241432 8.90345145 3.71405485],landing,[-0.62185191  0.08809385  0.93462812]
284.5019323825836,1005,False,1,3,[-0.87328481 -8.01103576  1.28378461],fake_landed,[ 0.50568378 -0.03156594 -0.11489306]
284.6014997959137,1000,False,2,1,[6.28034973 2.19210464 4.        ],exiting,[-0.82138112 -0.19970136 -0.21083176]
284.6014997959137,1001,False,6,2,[ 2.6000623  -3.39297139  4.00000324],cruising,[-0.48080528  0.59740651 -0.20557775]
284.6014997959137,1002,False,0,5,[-8.455367    7.38905316  3.98570688],landing,[ 0.5677905  -0.59831228 -0.99408226]
284.6014997959137,1003,False,3,4,[8.47953373 1.07729559 4.        ],cruising,[ 0.63925976  0.24903542 -0.34837281]
284.6014997959137,1004,False,4,0,[2.43221109 8.89521597 3.6209029 ],landing,[-0.62185191  0.08809385  0.93462812]
284.6014997959137,1005,False,3,6,[-0.87328481 -8.01103576  1.28378461],waiting,[ 0.50568378 -0.03156594 -0.11489306]
284.7026860713959,1000,False,2,1,[6.18052786 2.19807069 4.        ],exiting,[-0.82138112 -0.19970136 -0.21083176]
284.7026860713959,1001,False,6,2,[ 2.41226109 -3.32419126  4.00000275],cruising,[-0.48080528  0.59740651 -0.20557775]
284.7026860713959,1002,False,0,5,[-8.49780495  7.44835393  3.95728075],landing,[ 0.5677905  -0.59831228 -0.99408226]
284.7026860713959,1003,False,3,4,[8.48579312 0.87739357 4.        ],cruising,[ 0.63925976  0.24903542 -0.34837281]
284.7026860713959,1004,False,4,0,[2.45143811 8.88183277 3.52368556],landing,[-0.62185191  0.08809385  0.93462812]
284.7026860713959,1005,False,3,6,[-0.87328481 -8.01103576  1.28378461],waiting,[ 0.50568378 -0.03156594 -0.11489306]
284.79308247566223,1000,False,2,1,[6.08070598 2.20403673 4.        ],exiting,[-0.82138112 -0.19970136 -0.21083176]
284.79308247566223,1001,False,6,2,[ 2.22352673 -3.25801468  4.00000234],cruising,[-0.48080528  0.59740651 -0.20557775]
284.79308247566223,1002,False,0,5,[-8.52869296  7.49915053  3.91491624],landing,[ 0.5677905  -0.59831228 -0.99408226]
284.79308247566223,1003,False,3,4,[8.49059089 0.67745112 4.        ],cruising,[ 0.63925976  0.24903542 -0.34837281]
284.79308247566223,1004,False,4,0,[2.47066514 8.86844958 3.42646822],landing,[-0.62185191  0.08809385  0.93462812]
284.79308247566223,1005,False,3,6,[-0.87328481 -8.01103576  1.28378461],waiting,[ 0.50568378 -0.03156594 -0.11489306]
284.8977680206299,1000,False,2,1,[5.98088411 2.21000278 4.        ],exiting,[-0.82138112 -0.19970136 -0.21083176]
284.8977680206299,1001,False,6,2,[ 2.03419526 -3.19356629  4.00000199],cruising,[-0.48080528  0.59740651 -0.20557775]
284.8977680206299,1002,False,0,5,[-8.54789154  7.5411821   3.85889409],landing,[ 0.5677905  -0.59831228 -0.99408226]
284.8977680206299,1003,False,3,4,[8.49372806 0.47747573 4.        ],cruising,[ 0.63925976  0.24903542 -0.34837281]
284.8977680206299,1004,False,4,0,[2.48989217 8.85506639 3.32925088],landing,[-0.62185191  0.08809385  0.93462812]
284.8977680206299,1005,False,3,6,[-0.87328481 -8.01103576  1.28378461],waiting,[ 0.50568378 -0.03156594 -0.11489306]
284.99081349372864,1000,False,2,1,[5.88106224 2.21596883 4.        ],exiting,[-0.82138112 -0.19970136 -0.21083176]
284.99081349372864,1001,False,6,2,[ 1.84359126 -3.13298483  4.00000169],cruising,[-0.48080528  0.59740651 -0.20557775]
284.99081349372864,1002,False,0,5,[-8.55529576  7.57424859  3.78943615],landing,[ 0.5677905  -0.59831228 -0.99408226]
284.99081349372864,1003,False,3,4,[8.49300004 0.27747705 4.        ],cruising,[ 0.63925976  0.24903542 -0.34837281]
284.99081349372864,1004,False,4,0,[2.5091192  8.8416832  3.23203353],landing,[-0.62185191  0.08809385  0.93462812]
284.99081349372864,1005,False,3,6,[-0.87328481 -8.01103576  1.28378461],waiting,[ 0.50568378 -0.03156594 -0.11489306]
285.0961391925812,1000,False,2,1,[5.78124036 2.22193487 4.        ],exiting,[-0.82138112 -0.19970136 -0.21083176]
285.0961391925812,1001,False,6,2,[ 1.65152916 -3.07719815  4.00000144],cruising,[-0.48080528  0.59740651 -0.20557775]
285.0961391925812,1002,False,0,5,[-8.55080362  7.59815222  3.70676765],landing,[ 0.5677905  -0.59831228 -0.99408226]
285.0961391925812,1003,False,3,4,[8.49070628 0.07749021 4.        ],cruising,[ 0.63925976  0.24903542 -0.34837281]
285.0961391925812,1004,False,4,0,[2.52834622 8.8283     3.13481619],landing,[-0.62185191  0.08809385  0.93462812]
285.0961391925812,1005,False,3,6,[-0.87328481 -8.01103576  1.28378461],waiting,[ 0.50568378 -0.03156594 -0.11489306]
285.1933877468109,1000,False,2,1,[5.68141849 2.22790092 4.        ],exiting,[-0.82138112 -0.19970136 -0.21083176]
285.1933877468109,1001,False,6,2,[ 1.45781573 -3.02744771  4.00000122],cruising,[-0.48080528  0.59740651 -0.20557775]
285.1933877468109,1002,False,0,5,[-8.53431376  7.61269278  3.61112273],landing,[ 0.5677905  -0.59831228 -0.99408226]
285.1933877468109,1003,False,3,4,[ 8.4866762  -0.12246919  4.        ],cruising,[ 0.63925976  0.24903542 -0.34837281]
285.1933877468109,1004,False,4,0,[2.54757325 8.81491681 3.03759885],landing,[-0.62185191  0.08809385  0.93462812]
285.1933877468109,1005,False,3,6,[-0.87328481 -8.01103576  1.28378461],waiting,[ 0.50568378 -0.03156594 -0.11489306]
285.30207324028015,1000,False,2,1,[5.58159662 2.23386696 4.        ],landing,[-0.82138112 -0.19970136 -0.21083176]
285.30207324028015,1001,False,6,2,[ 1.26227828 -2.98543455  4.00000104],cruising,[-0.48080528  0.59740651 -0.20557775]
285.30207324028015,1002,False,0,5,[-8.51611657  7.62588335  3.51368111],landing,[ 0.5677905  -0.59831228 -0.99408226]
285.30207324028015,1003,False,3,4,[ 8.48077242 -0.32238203  4.        ],cruising,[ 0.63925976  0.24903542 -0.34837281]
285.30207324028015,1004,False,4,0,[2.56680028 8.80153362 2.94038151],landing,[-0.62185191  0.08809385  0.93462812]
285.30207324028015,1005,False,3,6,[-0.87328481 -8.01103576  1.28378461],waiting,[ 0.50568378 -0.03156594 -0.11489306]
285.4016754627228,1000,False,2,1,[5.49562394 2.23585272 3.98613071],landing,[-0.82138112 -0.19970136 -0.21083176]
285.4016754627228,1001,False,6,2,[ 1.06483799 -2.95353896  4.00000088],cruising,[-0.48080528  0.59740651 -0.20557775]
285.4016754627228,1002,False,0,5,[-8.49791938  7.63907392  3.41623948],landing,[ 0.5677905  -0.59831228 -0.99408226]
285.4016754627228,1003,False,3,4,[ 8.47084118 -0.5221353   4.        ],cruising,[ 0.63925976  0.24903542 -0.34837281]
285.4016754627228,1004,False,4,0,[2.58602731 8.78815043 2.84316417],landing,[-0.62185191  0.08809385  0.93462812]
285.4016754627228,1005,False,3,6,[-0.87328481 -8.01103576  1.28378461],waiting,[ 0.50568378 -0.03156594 -0.11489306]
285.4887409210205,1000,False,2,1,[5.42367194 2.23388554 3.9585576 ],landing,[-0.82138112 -0.19970136 -0.21083176]
285.4887409210205,1001,False,6,2,[ 0.86524177 -2.94152683  4.00000075],cruising,[-0.48080528  0.59740651 -0.20557775]
285.4887409210205,1002,False,0,5,[-8.47972218  7.65226449  3.31879785],landing,[ 0.5677905  -0.59831228 -0.99408226]
285.4887409210205,1003,False,3,4,[ 8.45915122 -0.72179337  4.        ],cruising,[ 0.63925976  0.24903542 -0.34837281]
285.4887409210205,1004,False,4,0,[2.60525433 8.77476723 2.74594682],landing,[-0.62185191  0.08809385  0.93462812]
285.4887409210205,1005,False,3,6,[-0.87328481 -8.01103576  1.28378461],waiting,[ 0.50568378 -0.03156594 -0.11489306]
285.5883617401123,1000,False,2,1,[5.36594102 2.22799855 3.91747908],landing,[-0.82138112 -0.19970136 -0.21083176]
285.5883617401123,1001,False,6,2,[ 0.66528923 -2.94588389  4.00000064],cruising,[-0.48080528  0.59740651 -0.20557775]
285.5883617401123,1002,False,0,5,[-8.46152499  7.66545507  3.22135622],landing,[ 0.5677905  -0.59831228 -0.99408226]
285.5883617401123,1003,False,3,4,[ 8.44553701 -0.92132947  4.        ],cruising,[ 0.63925976  0.24903542 -0.34837281]
285.5883617401123,1004,False,4,0,[2.62448136 8.76138404 2.64872948],landing,[-0.62185191  0.08809385  0.93462812]
285.5883617401123,1005,False,3,6,[-0.87328481 -8.01103576  1.28378461],waiting,[ 0.50568378 -0.03156594 -0.11489306]
285.6880965232849,1000,False,2,1,[5.32270012 2.21823826 3.86317041],landing,[-0.82138112 -0.19970136 -0.21083176]
285.6880965232849,1001,False,6,2,[ 0.46578691 -2.95998438  4.00000054],cruising,[-0.48080528  0.59740651 -0.20557775]
285.6880965232849,1002,False,0,5,[-8.4433278   7.67864564  3.12391459],landing,[ 0.5677905  -0.59831228 -0.99408226]
285.6880965232849,1003,False,3,4,[ 8.42985306 -1.12071355  4.        ],cruising,[ 0.63925976  0.24903542 -0.34837281]
285.6880965232849,1004,False,4,0,[2.64370839 8.74800085 2.55151214],landing,[-0.62185191  0.08809385  0.93462812]
285.6880965232849,1005,False,3,6,[-0.87328481 -8.01103576  1.28378461],waiting,[ 0.50568378 -0.03156594 -0.11489306]
285.7900779247284,1000,False,2,1,[5.2941875  2.2046479  3.79588452],landing,[-0.82138112 -0.19970136 -0.21083176]
285.7900779247284,1001,False,6,2,[ 0.26793773 -2.98923678  4.00000046],cruising,[-0.48080528  0.59740651 -0.20557775]
285.7900779247284,1002,False,0,5,[-8.4251306   7.69183621  3.02647296],landing,[ 0.5677905  -0.59831228 -0.99408226]
285.7900779247284,1003,False,3,4,[ 8.4097566  -1.31970132  4.        ],cruising,[ 0.63925976  0.24903542 -0.34837281]
285.7900779247284,1004,False,4,0,[2.66293542 8.73461766 2.4542948 ],landing,[-0.62185191  0.08809385  0.93462812]
285.7900779247284,1005,False,3,6,[-0.87328481 -8.01103576  1.28378461],queued,[ 0.50568378 -0.03156594 -0.11489306]
285.8881423473358,1000,False,2,1,[5.28061416 2.18726749 3.71585291],landing,[-0.82138112 -0.19970136 -0.21083176]
285.8881423473358,1001,False,6,2,[ 0.0737102  -3.0369407   4.00000039],cruising,[-0.48080528  0.59740651 -0.20557775]
285.8881423473358,1002,False,0,5,[-8.40693341  7.70502678  2.92903134],landing,[ 0.5677905  -0.59831228 -0.99408226]
285.8881423473358,1003,False,3,4,[ 8.38764034 -1.51847474  4.        ],cruising,[ 0.63925976  0.24903542 -0.34837281]
285.8881423473358,1004,False,4,0,[2.68216244 8.72123447 2.35707746],landing,[-0.62185191  0.08809385  0.93462812]
285.8881423473358,1005,False,3,6,[-0.87328481 -8.01103576  1.30378461],queued,[ 0.50568378 -0.03156594 -0.11489306]
285.98898792266846,1000,False,2,1,[5.28219231 2.16613898 3.62331593],landing,[-0.82138112 -0.19970136 -0.21083176]
285.98898792266846,1001,False,6,2,[-0.11726651 -3.09633682  4.00000033],cruising,[-0.48080528  0.59740651 -0.20557775]
285.98898792266846,1002,False,0,5,[-8.38873622  7.71821736  2.83158971],landing,[ 0.5677905  -0.59831228 -0.99408226]
285.98898792266846,1003,False,3,4,[ 8.36329773 -1.71698781  4.        ],cruising,[ 0.63925976  0.24903542 -0.34837281]
285.98898792266846,1004,False,4,0,[2.70138947 8.70785127 2.25986012],landing,[-0.62185191  0.08809385  0.93462812]
285.98898792266846,1005,False,3,6,[-0.87328481 -8.01103576  1.34378461],queued,[ 0.50568378 -0.03156594 -0.11489306]
286.09510684013367,1000,False,2,1,[5.28955676 2.14361567 3.52616416],landing,[-0.82138112 -0.19970136 -0.21083176]
286.09510684013367,1001,False,6,2,[-0.30470202 -3.16610737  4.00000028],cruising,[-0.48080528  0.59740651 -0.20557775]
286.09510684013367,1002,False,0,5,[-8.37053902  7.73140793  2.73414808],landing,[ 0.5677905  -0.59831228 -0.99408226]
286.09510684013367,1003,False,3,4,[ 8.33409238 -1.91484393  4.        ],cruising,[ 0.63925976  0.24903542 -0.34837281]
286.09510684013367,1004,False,4,0,[2.7206165  8.69446808 2.16264277],landing,[-0.62185191  0.08809385  0.93462812]
286.09510684013367,1005,False,3,6,[-0.87328481 -8.01103576  1.40378461],queued,[ 0.50568378 -0.03156594 -0.11489306]
286.1962785720825,1000,False,2,1,[5.29692121 2.12109236 3.4290124 ],landing,[-0.82138112 -0.19970136 -0.21083176]
286.1962785720825,1001,False,6,2,[-0.48753554 -3.24717465  4.00000024],cruising,[-0.48080528  0.59740651 -0.20557775]
286.1962785720825,1002,False,0,5,[-8.35234183  7.7445985   2.63670645],landing,[ 0.5677905  -0.59831228 -0.99408226]
286.1962785720825,1003,False,3,4,[ 8.30256684 -2.11234366  4.        ],cruising,[ 0.63925976  0.24903542 -0.34837281]
286.1962785720825,1004,False,4,0,[2.73984353 8.68108489 2.06542543],landing,[-0.62185191  0.08809385  0.93462812]
286.1962785720825,1005,False,3,6,[-0.87328481 -8.01103576  1.47878461],queued,[ 0.50568378 -0.03156594 -0.11489306]
286.302583694458,1000,False,2,1,[5.30428567 2.09856905 3.33186063],landing,[-0.82138112 -0.19970136 -0.21083176]
286.302583694458,1001,False,6,2,[-0.66695571 -3.3355398   4.0000002 ],cruising,[-0.48080528  0.59740651 -0.20557775]
286.302583694458,1002,False,0,5,[-8.33414464  7.75778907  2.53926482],landing,[ 0.5677905  -0.59831228 -0.99408226]
286.302583694458,1003,False,3,4,[ 8.26844079 -2.30941068  4.        ],cruising,[ 0.63925976  0.24903542 -0.34837281]
286.302583694458,1004,False,4,0,[2.75907055 8.6677017  1.96820809],landing,[-0.62185191  0.08809385  0.93462812]
286.302583694458,1005,False,3,6,[-0.87328481 -8.01103576  1.55378461],queued,[ 0.50568378 -0.03156594 -0.11489306]
286.3912003040314,1000,False,2,1,[5.31165012 2.07604575 3.23470887],landing,[-0.82138112 -0.19970136 -0.21083176]
286.3912003040314,1001,False,6,2,[-0.84480306 -3.42702926  4.00000017],cruising,[-0.48080528  0.59740651 -0.20557775]
286.3912003040314,1002,False,0,5,[-8.31594744  7.77097965  2.44182319],landing,[ 0.5677905  -0.59831228 -0.99408226]
286.3912003040314,1003,False,3,4,[ 8.22851952 -2.50538592  4.        ],cruising,[ 0.63925976  0.24903542 -0.34837281]
286.3912003040314,1004,False,4,0,[2.77829758 8.6543185  1.87099075],landing,[-0.62185191  0.08809385  0.93462812]
286.3912003040314,1005,False,3,6,[-0.87328481 -8.01103576  1.62878461],queued,[ 0.50568378 -0.03156594 -0.11489306]
286.496520280838,1000,False,2,1,[5.31901457 2.05352244 3.1375571 ],landing,[-0.82138112 -0.19970136 -0.21083176]
286.496520280838,1001,False,6,2,[-1.02393055 -3.51598624  4.00000015],cruising,[-0.48080528  0.59740651 -0.20557775]
286.496520280838,1002,False,0,5,[-8.29775025  7.78417022  2.34438156],landing,[ 0.5677905  -0.59831228 -0.99408226]
286.496520280838,1003,False,3,4,[ 8.18573187 -2.70075535  4.        ],cruising,[ 0.63925976  0.24903542 -0.34837281]
286.496520280838,1004,False,4,0,[2.79752461 8.64093531 1.77377341],landing,[-0.62185191  0.08809385  0.93462812]
286.496520280838,1005,False,3,6,[-0.87328481 -8.01103576  1.70378461],queued,[ 0.50568378 -0.03156594 -0.11489306]
286.596129655838,1000,False,2,1,[5.32637903 2.03099913 3.04040534],landing,[-0.82138112 -0.19970136 -0.21083176]
286.596129655838,1001,False,6,2,[-1.20719584 -3.59607265  4.00000013],cruising,[-0.48080528  0.59740651 -0.20557775]
286.596129655838,1002,False,0,5,[-8.27955306  7.79736079  2.24693994],landing,[ 0.5677905  -0.59831228 -0.99408226]
286.596129655838,1003,False,3,4,[ 8.13631891 -2.89455515  4.        ],cruising,[ 0.63925976  0.24903542 -0.34837281]
286.596129655838,1004,False,4,0,[2.81675164 8.62755212 1.67655606],landing,[-0.62185191  0.08809385  0.93462812]
286.596129655838,1005,False,3,6,[-0.87328481 -8.01103576  1.77878461],queued,[ 0.50568378 -0.03156594 -0.11489306]
286.6907432079315,1000,False,2,1,[5.33374348 2.00847583 2.94325357],landing,[-0.82138112 -0.19970136 -0.21083176]
286.6907432079315,1001,False,6,2,[-1.39737258 -3.65739122  4.00000011],cruising,[-0.48080528  0.59740651 -0.20557775]
286.6907432079315,1002,False,0,5,[-8.26135586  7.81055136  2.14949831],landing,[ 0.5677905  -0.59831228 -0.99408226]
286.6907432079315,1003,False,3,4,[ 8.0835114  -3.08745763  4.        ],cruising,[ 0.63925976  0.24903542 -0.34837281]
286.6907432079315,1004,False,4,0,[2.83597866 8.61416893 1.57933872],landing,[-0.62185191  0.08809385  0.93462812]
286.6907432079315,1005,False,3,6,[-0.87328481 -8.01103576  1.85378461],entering,[ 0.50568378 -0.03156594 -0.11489306]
286.79198122024536,1000,False,2,1,[5.34110793 1.98595252 2.84610181],landing,[-0.82138112 -0.19970136 -0.21083176]
286.79198122024536,1001,False,6,2,[-1.5913091  -3.69906636  4.00000009],cruising,[-0.48080528  0.59740651 -0.20557775]
286.79198122024536,1002,False,0,5,[-8.24315867  7.82374193  2.05205668],landing,[ 0.5677905  -0.59831228 -0.99408226]
286.79198122024536,1003,False,3,4,[ 8.02267945 -3.27798183  4.        ],cruising,[ 0.63925976  0.24903542 -0.34837281]
286.79198122024536,1004,False,4,0,[2.85520569 8.60078573 1.48212138],fake_landed,[-0.62185191  0.08809385  0.93462812]
286.79198122024536,1005,False,3,6,[-0.879776   -7.99211845  1.92878461],entering,[ 0.50568378 -0.03156594 -0.11489306]
286.89661979675293,1000,False,2,1,[5.34847239 1.96342921 2.74895004],landing,[-0.82138112 -0.19970136 -0.21083176]
286.89661979675293,1001,False,6,2,[-1.78589123 -3.72075193  4.00000007],cruising,[-0.48080528  0.59740651 -0.20557775]
286.89661979675293,1002,False,0,5,[-8.22496148  7.83693251  1.95461505],landing,[ 0.5677905  -0.59831228 -0.99408226]
286.89661979675293,1003,False,3,4,[ 7.95310596 -3.46549058  4.        ],exiting,[ 0.63925976  0.24903542 -0.34837281]
286.89661979675293,1004,False,4,0,[2.87058731 8.59007918 1.40434751],fake_landed,[-0.62185191  0.08809385  0.93462812]
286.89661979675293,1005,False,3,6,[-0.89275837 -7.95428384  2.00378461],entering,[ 0.50568378 -0.03156594 -0.11489306]
286.98957324028015,1000,False,2,1,[5.35583684 1.9409059  2.65179827],landing,[-0.82138112 -0.19970136 -0.21083176]
286.98957324028015,1001,False,6,2,[-1.97811813 -3.72257666  4.00000006],cruising,[-0.48080528  0.59740651 -0.20557775]
286.98957324028015,1002,False,0,5,[-8.20676428  7.85012308  1.85717342],landing,[ 0.5677905  -0.59831228 -0.99408226]
286.98957324028015,1003,False,3,4,[ 7.89764761 -3.63883024  4.        ],exiting,[ 0.63925976  0.24903542 -0.34837281]
286.98957324028015,1004,False,4,0,[2.88212353 8.58204927 1.3460171 ],fake_landed,[-0.62185191  0.08809385  0.93462812]
286.98957324028015,1005,False,3,6,[-0.91223193 -7.89753192  2.07878461],entering,[ 0.50568378 -0.03156594 -0.11489306]
287.0913028717041,1000,False,2,1,[5.3632013  1.9183826  2.55464651],landing,[-0.82138112 -0.19970136 -0.21083176]
287.0913028717041,1001,False,6,2,[-2.16509096 -3.70510386  4.00000004],cruising,[-0.48080528  0.59740651 -0.20557775]
287.0913028717041,1002,False,0,5,[-8.18856709  7.86331365  1.75973179],landing,[ 0.5677905  -0.59831228 -0.99408226]
287.0913028717041,1003,False,3,4,[ 7.85644268 -3.79813994  4.        ],exiting,[ 0.63925976  0.24903542 -0.34837281]
287.0913028717041,1004,False,4,0,[2.88981434 8.57669599 1.30713016],fake_landed,[-0.62185191  0.08809385  0.93462812]
287.0913028717041,1005,False,3,6,[-0.93819667 -7.82186269  2.15378461],entering,[ 0.50568378 -0.03156594 -0.11489306]
287.19944763183594,1000,False,2,1,[5.37056575 1.89585929 2.45749474],landing,[-0.82138112 -0.19970136 -0.21083176]
287.19944763183594,1001,False,6,2,[-2.34448237 -3.6691237   4.00000003],cruising,[-0.48080528  0.59740651 -0.20557775]
287.19944763183594,1002,False,0,5,[-8.1703699   7.87650422  1.66229016],landing,[ 0.5677905  -0.59831228 -0.99408226]
287.19944763183594,1003,False,3,4,[ 7.82965915 -3.94359239  4.        ],exiting,[ 0.63925976  0.24903542 -0.34837281]
287.19944763183594,1004,False,4,0,[2.89365975 8.57401935 1.2876867 ],fake_landed,[-0.62185191  0.08809385  0.93462812]
287.19944763183594,1005,False,3,6,[-0.97065261 -7.72727616  2.22878461],entering,[ 0.50568378 -0.03156594 -0.11489306]
287.291056394577,1000,False,2,1,[5.3779302  1.87333598 2.36034298],landing,[-0.82138112 -0.19970136 -0.21083176]
287.291056394577,1001,False,6,2,[-2.51410362 -3.61569236  4.00000001],cruising,[-0.48080528  0.59740651 -0.20557775]
287.291056394577,1002,False,0,5,[-8.15217271  7.8896948   1.56484854],landing,[ 0.5677905  -0.59831228 -0.99408226]
287.291056394577,1003,False,3,4,[ 7.81751493 -4.07541802  4.        ],exiting,[ 0.63925976  0.24903542 -0.34837281]
287.291056394577,1004,False,4,0,[2.89365975 8.57401935 1.2876867 ],fake_landed,[-0.62185191  0.08809385  0.93462812]
287.291056394577,1005,False,3,6,[-1.00959972 -7.61377231  2.30378461],entering,[ 0.50568378 -0.03156594 -0.11489306]
287.3928048610687,1000,False,2,1,[5.38529466 1.85081268 2.26319121],landing,[-0.82138112 -0.19970136 -0.21083176]
287.3928048610687,1001,False,6,2,[-2.67196145 -3.54608629  4.        ],cruising,[-0.48080528  0.59740651 -0.20557775]
287.3928048610687,1002,False,0,5,[-8.13397551  7.90288537  1.46740691],fake_landed,[ 0.5677905  -0.59831228 -0.99408226]
287.3928048610687,1003,False,3,4,[ 7.82017478 -4.19379597  4.        ],exiting,[ 0.63925976  0.24903542 -0.34837281]
287.3928048610687,1004,False,0,3,[2.89365975 8.57401935 1.2876867 ],waiting,[-0.62185191  0.08809385  0.93462812]
287.3928048610687,1005,False,3,6,[-1.05503803 -7.48135117  2.37878461],entering,[ 0.50568378 -0.03156594 -0.11489306]
287.49210691452026,1000,False,2,1,[5.39265911 1.82828937 2.16603945],landing,[-0.82138112 -0.19970136 -0.21083176]
287.49210691452026,1001,False,6,2,[-2.81637855 -3.46166985  3.99999999],cruising,[-0.48080528  0.59740651 -0.20557775]
287.49210691452026,1002,False,0,5,[-8.11941776  7.91343783  1.38945361],fake_landed,[ 0.5677905  -0.59831228 -0.99408226]
287.49210691452026,1003,False,3,4,[ 7.83780139 -4.29890758  4.        ],exiting,[ 0.63925976  0.24903542 -0.34837281]
287.49210691452026,1004,False,0,3,[2.89365975 8.57401935 1.2876867 ],waiting,[-0.62185191  0.08809385  0.93462812]
287.49210691452026,1005,False,3,6,[-1.10696752 -7.33001271  2.45378461],entering,[ 0.50568378 -0.03156594 -0.11489306]
287.60358023643494,1000,False,2,1,[5.40002356 1.80576606 2.06888768],landing,[-0.82138112 -0.19970136 -0.21083176]
287.60358023643494,1001,False,6,2,[-2.94590192 -3.36390513  3.99999998],cruising,[-0.48080528  0.59740651 -0.20557775]
287.60358023643494,1002,False,0,5,[-8.10849944  7.92135217  1.33098863],fake_landed,[ 0.5677905  -0.59831228 -0.99408226]
287.60358023643494,1003,False,3,4,[ 7.86604784 -4.39483536  4.        ],exiting,[ 0.63925976  0.24903542 -0.34837281]
287.60358023643494,1004,False,0,3,[2.89365975 8.57401935 1.2876867 ],waiting,[-0.62185191  0.08809385  0.93462812]
287.60358023643494,1005,False,3,6,[-1.1653882  -7.15975695  2.52878461],entering,[ 0.50568378 -0.03156594 -0.11489306]
287.68984365463257,1000,False,2,1,[5.40738802 1.78324275 1.97173592],landing,[-0.82138112 -0.19970136 -0.21083176]
287.68984365463257,1001,False,6,2,[-3.05923015 -3.2544051   3.99999997],cruising,[-0.48080528  0.59740651 -0.20557775]
287.68984365463257,1002,False,0,5,[-8.10122056  7.9266284   1.29201198],fake_landed,[ 0.5677905  -0.59831228 -0.99408226]
287.68984365463257,1003,False,3,4,[ 7.89429428 -4.49076314  4.        ],exiting,[ 0.63925976  0.24903542 -0.34837281]
287.68984365463257,1004,False,0,3,[2.89365975 8.57401935 1.2876867 ],waiting,[-0.62185191  0.08809385  0.93462812]
287.68984365463257,1005,False,3,6,[-1.2315537  -6.97106162  2.60378461],entering,[ 0.50568378 -0.03156594 -0.11489306]
287.79067277908325,1000,False,2,1,[5.41475247 1.76071945 1.87458415],landing,[-0.82138112 -0.19970136 -0.21083176]
287.79067277908325,1001,False,6,2,[-3.155264   -3.13485994  3.99999997],cruising,[-0.48080528  0.59740651 -0.20557775]
287.79067277908325,1002,False,0,5,[-8.09758113  7.92926651  1.27252365],fake_landed,[ 0.5677905  -0.59831228 -0.99408226]
287.79067277908325,1003,False,3,4,[ 7.92254072 -4.58669091  4.        ],exiting,[ 0.63925976  0.24903542 -0.34837281]
287.79067277908325,1004,False,0,3,[2.89365975 8.57401935 1.2876867 ],waiting,[-0.62185191  0.08809385  0.93462812]
287.79067277908325,1005,False,3,6,[-1.29773506 -6.78232893  2.67878461],entering,[ 0.50568378 -0.03156594 -0.11489306]
287.8917787075043,1000,False,2,1,[5.42211692 1.73819614 1.77743239],landing,[-0.82138112 -0.19970136 -0.21083176]
287.8917787075043,1001,False,6,2,[-3.23338305 -3.00642323  3.99999996],cruising,[-0.48080528  0.59740651 -0.20557775]
287.8917787075043,1002,False,0,5,[-8.09758113  7.92926651  1.27252365],fake_landed,[ 0.5677905  -0.59831228 -0.99408226]
287.8917787075043,1003,False,3,4,[ 7.95078716 -4.68261869  4.        ],exiting,[ 0.63925976  0.24903542 -0.34837281]
287.8917787075043,1004,False,0,3,[2.89365975 8.57401935 1.2876867 ],waiting,[-0.62185191  0.08809385  0.93462812]
287.8917787075043,1005,False,3,6,[-1.36391641 -6.59359624  2.75378461],entering,[ 0.50568378 -0.03156594 -0.11489306]
287.9890077114105,1000,False,2,1,[5.42948138 1.71567283 1.68028062],landing,[-0.82138112 -0.19970136 -0.21083176]
287.9890077114105,1001,False,6,2,[-3.29321402 -2.86989045  3.99999996],cruising,[-0.48080528  0.59740651 -0.20557775]
287.9890077114105,1002,False,5,0,[-8.09758113  7.92926651  1.27252365],waiting,[ 0.5677905  -0.59831228 -0.99408226]
287.9890077114105,1003,False,3,4,[ 7.97903361 -4.77854647  4.        ],exiting,[ 0.63925976  0.24903542 -0.34837281]
287.9890077114105,1004,False,0,3,[2.89365975 8.57401935 1.2876867 ],waiting,[-0.62185191  0.08809385  0.93462812]
287.9890077114105,1005,False,3,6,[-1.43087937 -6.40513945  2.82878461],entering,[ 0.50568378 -0.03156594 -0.11489306]
288.0901288986206,1000,False,2,1,[5.43684583 1.69314952 1.58312886],landing,[-0.82138112 -0.19970136 -0.21083176]
288.0901288986206,1001,False,6,2,[-3.3345833  -2.72566575  3.99999996],cruising,[-0.48080528  0.59740651 -0.20557775]
288.0901288986206,1002,False,5,0,[-8.09758113  7.92926651  1.27252365],waiting,[ 0.5677905  -0.59831228 -0.99408226]
288.0901288986206,1003,False,3,4,[ 8.00728005 -4.87447425  4.        ],exiting,[ 0.63925976  0.24903542 -0.34837281]
288.0901288986206,1004,False,0,3,[2.89365975 8.57401935 1.2876867 ],waiting,[-0.62185191  0.08809385  0.93462812]
288.0901288986206,1005,False,3,6,[-1.49837563 -6.216873    2.90378461],entering,[ 0.50568378 -0.03156594 -0.11489306]
288.1908974647522,1000,False,2,1,[5.44421029 1.67062622 1.48597709],fake_landed,[-0.82138112 -0.19970136 -0.21083176]
288.1908974647522,1001,False,6,2,[-3.35741806 -2.57392626  3.99999995],cruising,[-0.48080528  0.59740651 -0.20557775]
288.1908974647522,1002,False,5,0,[-8.09758113  7.92926651  1.27252365],waiting,[ 0.5677905  -0.59831228 -0.99408226]
288.1908974647522,1003,False,3,4,[ 8.03552649 -4.97040202  4.        ],exiting,[ 0.63925976  0.24903542 -0.34837281]
288.1908974647522,1004,False,0,3,[2.89365975 8.57401935 1.2876867 ],waiting,[-0.62185191  0.08809385  0.93462812]
288.1908974647522,1005,False,3,6,[-1.56587189 -6.02860656  2.97878461],entering,[ 0.50568378 -0.03156594 -0.11489306]
288.2883803844452,1000,False,2,1,[5.45010185 1.65260757 1.40825568],fake_landed,[-0.82138112 -0.19970136 -0.21083176]
288.2883803844452,1001,False,6,2,[-3.36172172 -2.41466363  3.99999996],cruising,[-0.48080528  0.59740651 -0.20557775]
288.2883803844452,1002,False,5,0,[-8.09758113  7.92926651  1.27252365],waiting,[ 0.5677905  -0.59831228 -0.99408226]
288.2883803844452,1003,False,3,4,[ 8.06377294 -5.0663298   4.        ],exiting,[ 0.63925976  0.24903542 -0.34837281]
288.2883803844452,1004,False,0,3,[2.89365975 8.57401935 1.2876867 ],waiting,[-0.62185191  0.08809385  0.93462812]
288.2883803844452,1005,False,3,6,[-1.63464439 -5.84080255  3.05378461],entering,[ 0.50568378 -0.03156594 -0.11489306]
288.3905384540558,1000,False,2,1,[5.45452052 1.63909359 1.34996462],fake_landed,[-0.82138112 -0.19970136 -0.21083176]
288.3905384540558,1001,False,6,2,[-3.3478159  -2.24712963  3.99999996],cruising,[-0.48080528  0.59740651 -0.20557775]
288.3905384540558,1002,False,5,0,[-8.09758113  7.92926651  1.27252365],waiting,[ 0.5677905  -0.59831228 -0.99408226]
288.3905384540558,1003,False,3,4,[ 8.09201938 -5.16225758  4.        ],exiting,[ 0.63925976  0.24903542 -0.34837281]
288.3905384540558,1004,False,0,3,[2.89365975 8.57401935 1.2876867 ],waiting,[-0.62185191  0.08809385  0.93462812]
288.3905384540558,1005,False,3,6,[-1.70341689 -5.65299855  3.12878461],entering,[ 0.50568378 -0.03156594 -0.11489306]
288.49116134643555,1000,False,2,1,[5.4574663  1.63008426 1.31110392],fake_landed,[-0.82138112 -0.19970136 -0.21083176]
288.49116134643555,1001,False,6,2,[-3.31673137 -2.06935397  3.99999996],cruising,[-0.48080528  0.59740651 -0.20557775]
288.49116134643555,1002,False,5,0,[-8.09758113  7.92926651  1.27252365],waiting,[ 0.5677905  -0.59831228 -0.99408226]
288.49116134643555,1003,False,3,4,[ 8.12026582 -5.25818536  4.        ],exiting,[ 0.63925976  0.24903542 -0.34837281]
288.49116134643555,1004,False,0,3,[2.89365975 8.57401935 1.2876867 ],waiting,[-0.62185191  0.08809385  0.93462812]
288.49116134643555,1005,False,3,6,[-1.77333073 -5.46561644  3.20378461],entering,[ 0.50568378 -0.03156594 -0.11489306]
288.5911605358124,1000,False,2,1,[5.45893919 1.6255796  1.29167356],fake_landed,[-0.82138112 -0.19970136 -0.21083176]
288.5911605358124,1001,False,6,2,[-3.27385219 -1.87542633  3.99999997],cruising,[-0.48080528  0.59740651 -0.20557775]
288.5911605358124,1002,False,5,0,[-8.09758113  7.92926651  1.27252365],waiting,[ 0.5677905  -0.59831228 -0.99408226]
288.5911605358124,1003,False,3,4,[ 8.14851226 -5.35411313  4.        ],exiting,[ 0.63925976  0.24903542 -0.34837281]
288.5911605358124,1004,False,0,3,[2.89365975 8.57401935 1.2876867 ],waiting,[-0.62185191  0.08809385  0.93462812]
288.5911605358124,1005,False,3,6,[-1.8427849  -5.27806347  3.27878461],entering,[ 0.50568378 -0.03156594 -0.11489306]
288.688907623291,1000,False,2,1,[5.45893919 1.6255796  1.29167356],fake_landed,[-0.82138112 -0.19970136 -0.21083176]
288.688907623291,1001,False,6,2,[-3.24634992 -1.67732629  3.99999997],cruising,[-0.48080528  0.59740651 -0.20557775]
288.688907623291,1002,False,5,0,[-8.09758113  7.92926651  1.27252365],waiting,[ 0.5677905  -0.59831228 -0.99408226]
288.688907623291,1003,False,3,4,[ 8.17675871 -5.45004091  4.        ],exiting,[ 0.63925976  0.24903542 -0.34837281]
288.688907623291,1004,False,0,3,[2.89365975 8.57401935 1.2876867 ],waiting,[-0.62185191  0.08809385  0.93462812]
288.688907623291,1005,False,3,6,[-1.91370246 -5.09105892  3.35378461],entering,[ 0.50568378 -0.03156594 -0.11489306]
288.80274772644043,1000,False,1,5,[5.45893919 1.6255796  1.29167356],waiting,[-0.82138112 -0.19970136 -0.21083176]
288.80274772644043,1001,False,6,2,[-3.2353292  -1.47763016  3.99999998],cruising,[-0.48080528  0.59740651 -0.20557775]
288.80274772644043,1002,False,5,0,[-8.09758113  7.92926651  1.27252365],waiting,[ 0.5677905  -0.59831228 -0.99408226]
288.80274772644043,1003,False,3,4,[ 8.20500515 -5.54596869  4.        ],exiting,[ 0.63925976  0.24903542 -0.34837281]
288.80274772644043,1004,False,0,3,[2.89365975 8.57401935 1.2876867 ],waiting,[-0.62185191  0.08809385  0.93462812]
288.80274772644043,1005,False,3,6,[-1.98523949 -4.90429048  3.42878461],entering,[ 0.50568378 -0.03156594 -0.11489306]
288.8923909664154,1000,False,1,5,[5.45893919 1.6255796  1.29167356],waiting,[-0.82138112 -0.19970136 -0.21083176]
288.8923909664154,1001,False,6,2,[-3.24022677 -1.27769014  3.99999998],cruising,[-0.48080528  0.59740651 -0.20557775]
288.8923909664154,1002,False,5,0,[-8.09758113  7.92926651  1.27252365],waiting,[ 0.5677905  -0.59831228 -0.99408226]
288.8923909664154,1003,False,3,4,[ 8.23325159 -5.64189647  4.        ],exiting,[ 0.63925976  0.24903542 -0.34837281]
288.8923909664154,1004,False,0,3,[2.89365975 8.57401935 1.2876867 ],queued,[-0.62185191  0.08809385  0.93462812]
288.8923909664154,1005,False,3,6,[-2.05703909 -4.71762281  3.50378461],entering,[ 0.50568378 -0.03156594 -0.11489306]
289.00337076187134,1000,False,1,5,[5.45893919 1.6255796  1.29167356],waiting,[-0.82138112 -0.19970136 -0.21083176]
289.00337076187134,1001,False,6,2,[-3.25903141 -1.07857614  3.99999998],cruising,[-0.48080528  0.59740651 -0.20557775]
289.00337076187134,1002,False,5,0,[-8.09758113  7.92926651  1.27252365],waiting,[ 0.5677905  -0.59831228 -0.99408226]
289.00337076187134,1003,False,3,4,[ 8.26149804 -5.73782424  4.        ],exiting,[ 0.63925976  0.24903542 -0.34837281]
289.00337076187134,1004,False,0,3,[2.89365975 8.57401935 1.3076867 ],queued,[-0.62185191  0.08809385  0.93462812]
289.00337076187134,1005,False,3,6,[-2.12873069 -4.53091364  3.57821692],entering,[ 0.50568378 -0.03156594 -0.11489306]
289.0942316055298,1000,False,1,5,[5.45893919 1.6255796  1.29167356],waiting,[-0.82138112 -0.19970136 -0.21083176]
289.0942316055298,1001,False,6,2,[-3.29146733 -0.88122388  3.99999999],cruising,[-0.48080528  0.59740651 -0.20557775]
289.0942316055298,1002,False,5,0,[-8.09758113  7.92926651  1.27252365],waiting,[ 0.5677905  -0.59831228 -0.99408226]
289.0942316055298,1003,False,3,4,[ 8.28974448 -5.83375202  4.        ],exiting,[ 0.63925976  0.24903542 -0.34837281]
289.0942316055298,1004,False,0,3,[2.89365975 8.57401935 1.3476867 ],queued,[-0.62185191  0.08809385  0.93462812]
289.0942316055298,1005,False,3,6,[-2.19878679 -4.34358467  3.64148438],entering,[ 0.50568378 -0.03156594 -0.11489306]
289.1914768218994,1000,False,1,5,[5.45893919 1.6255796  1.29167356],waiting,[-0.82138112 -0.19970136 -0.21083176]
289.1914768218994,1001,False,6,2,[-3.33641314 -0.68633963  3.99999999],cruising,[-0.48080528  0.59740651 -0.20557775]
289.1914768218994,1002,False,5,0,[-8.09758113  7.92926651  1.27252365],queued,[ 0.5677905  -0.59831228 -0.99408226]
289.1914768218994,1003,False,3,4,[ 8.31799092 -5.9296798   4.        ],exiting,[ 0.63925976  0.24903542 -0.34837281]
289.1914768218994,1004,False,0,3,[2.89365975 8.57401935 1.4076867 ],queued,[-0.62185191  0.08809385  0.93462812]
289.1914768218994,1005,False,3,6,[-2.26347318 -4.15433438  3.69526172],entering,[ 0.50568378 -0.03156594 -0.11489306]
289.29493021965027,1000,False,1,5,[5.45893919 1.6255796  1.29167356],queued,[-0.82138112 -0.19970136 -0.21083176]
289.29493021965027,1001,False,6,2,[-3.39121494 -0.4939942   3.99999999],cruising,[-0.48080528  0.59740651 -0.20557775]
289.29493021965027,1002,False,5,0,[-8.09758113  7.92926651  1.29252365],queued,[ 0.5677905  -0.59831228 -0.99408226]
289.29493021965027,1003,False,3,4,[ 8.34623736 -6.02560758  4.        ],exiting,[ 0.63925976  0.24903542 -0.34837281]
289.29493021965027,1004,False,0,3,[2.89365975 8.57401935 1.4826867 ],queued,[-0.62185191  0.08809385  0.93462812]
289.29493021965027,1005,False,3,6,[-2.32599746 -3.96435882  3.74097246],entering,[ 0.50568378 -0.03156594 -0.11489306]
289.38888359069824,1000,False,1,5,[5.45893919 1.6255796  1.31167356],queued,[-0.82138112 -0.19970136 -0.21083176]
289.38888359069824,1001,False,6,2,[-3.45689033 -0.30508485  3.99999999],cruising,[-0.48080528  0.59740651 -0.20557775]
289.38888359069824,1002,False,5,0,[-8.09758113  7.92926651  1.33252365],queued,[ 0.5677905  -0.59831228 -0.99408226]
289.38888359069824,1003,False,3,4,[ 8.37448381 -6.12153535  4.        ],exiting,[ 0.63925976  0.24903542 -0.34837281]
289.38888359069824,1004,False,0,3,[2.89365975 8.57401935 1.5576867 ],queued,[-0.62185191  0.08809385  0.93462812]
289.38888359069824,1005,False,3,6,[-2.38768153 -3.77410879  3.77982659],entering,[ 0.50568378 -0.03156594 -0.11489306]
289.4891290664673,1000,False,1,5,[5.45893919 1.6255796  1.35167356],queued,[-0.82138112 -0.19970136 -0.21083176]
289.4891290664673,1001,False,6,2,[-3.53278928 -0.12004607  3.99999999],cruising,[-0.48080528  0.59740651 -0.20557775]
289.4891290664673,1002,False,5,0,[-8.09758113  7.92926651  1.39252365],queued,[ 0.5677905  -0.59831228 -0.99408226]
289.4891290664673,1003,False,3,4,[ 8.40273025 -6.21746313  4.        ],exiting,[ 0.63925976  0.24903542 -0.34837281]
289.4891290664673,1004,False,0,3,[2.89365975 8.57401935 1.6326867 ],queued,[-0.62185191  0.08809385  0.93462812]
289.4891290664673,1005,False,3,6,[-2.44884079 -3.58368939  3.8128526 ],cruising,[ 0.50568378 -0.03156594 -0.11489306]
289.59368872642517,1000,False,1,5,[5.45893919 1.6255796  1.41167356],queued,[-0.82138112 -0.19970136 -0.21083176]
289.59368872642517,1001,False,6,2,[-3.61634836  0.06166216  3.99999999],exiting,[-0.48080528  0.59740651 -0.20557775]
289.59368872642517,1002,False,5,0,[-8.09758113  7.92926651  1.46752365],queued,[ 0.5677905  -0.59831228 -0.99408226]
289.59368872642517,1003,False,3,4,[ 8.43097669 -6.31339091  4.        ],exiting,[ 0.63925976  0.24903542 -0.34837281]
289.59368872642517,1004,False,0,3,[2.89365975 8.57401935 1.7076867 ],queued,[-0.62185191  0.08809385  0.93462812]
289.59368872642517,1005,False,3,6,[-2.50411454 -3.39147906  3.84092471],cruising,[ 0.50568378 -0.03156594 -0.11489306]
289.6891784667969,1000,False,1,5,[5.45893919 1.6255796  1.48667356],queued,[-0.82138112 -0.19970136 -0.21083176]
289.6891784667969,1001,False,6,2,[-3.70047681  0.22337849  3.99999999],exiting,[-0.48080528  0.59740651 -0.20557775]
289.6891784667969,1002,False,5,0,[-8.09758113  7.92926651  1.54252365],queued,[ 0.5677905  -0.59831228 -0.99408226]
289.6891784667969,1003,False,3,4,[ 8.45922313 -6.40931869  4.        ],exiting,[ 0.63925976  0.24903542 -0.34837281]
289.6891784667969,1004,False,0,3,[2.89365975 8.57401935 1.7826867 ],queued,[-0.62185191  0.08809385  0.93462812]
289.6891784667969,1005,False,3,6,[-2.54969141 -3.19674142  3.86478601],cruising,[ 0.50568378 -0.03156594 -0.11489306]
289.7884659767151,1000,False,1,5,[5.45893919 1.6255796  1.56167356],queued,[-0.82138112 -0.19970136 -0.21083176]
289.7884659767151,1001,False,6,2,[-3.78500948  0.36509892  4.        ],exiting,[-0.48080528  0.59740651 -0.20557775]
289.7884659767151,1002,False,5,0,[-8.09758113  7.92926651  1.61752365],queued,[ 0.5677905  -0.59831228 -0.99408226]
289.7884659767151,1003,False,3,4,[ 8.48746958 -6.50524646  4.        ],exiting,[ 0.63925976  0.24903542 -0.34837281]
289.7884659767151,1004,False,0,3,[2.89365975 8.57401935 1.8576867 ],queued,[-0.62185191  0.08809385  0.93462812]
289.7884659767151,1005,False,3,6,[-2.59373471 -3.00165121  3.88506811],cruising,[ 0.50568378 -0.03156594 -0.11489306]
289.8900771141052,1000,False,1,5,[5.45893919 1.6255796  1.63667356],queued,[-0.82138112 -0.19970136 -0.21083176]
289.8900771141052,1001,False,6,2,[-3.86976286  0.48682056  4.        ],exiting,[-0.48080528  0.59740651 -0.20557775]
289.8900771141052,1002,False,5,0,[-8.09758113  7.92926651  1.69252365],queued,[ 0.5677905  -0.59831228 -0.99408226]
289.8900771141052,1003,False,3,4,[ 8.51571602 -6.60117424  4.        ],exiting,[ 0.63925976  0.24903542 -0.34837281]
289.8900771141052,1004,False,0,3,[2.89365975 8.57401935 1.9326867 ],queued,[-0.62185191  0.08809385  0.93462812]
289.8900771141052,1005,False,3,6,[-2.63700129 -2.80638728  3.90230789],cruising,[ 0.50568378 -0.03156594 -0.11489306]
289.9904215335846,1000,False,1,5,[5.45893919 1.6255796  1.71167356],queued,[-0.82138112 -0.19970136 -0.21083176]
289.9904215335846,1001,False,6,2,[-3.95453032  0.5885422   4.        ],exiting,[-0.48080528  0.59740651 -0.20557775]
289.9904215335846,1002,False,5,0,[-8.09758113  7.92926651  1.76752365],queued,[ 0.5677905  -0.59831228 -0.99408226]
289.9904215335846,1003,False,3,4,[ 8.54396246 -6.69710202  4.        ],exiting,[ 0.63925976  0.24903542 -0.34837281]
289.9904215335846,1004,False,0,3,[2.89365975 8.57401935 2.0076867 ],queued,[-0.62185191  0.08809385  0.93462812]
289.9904215335846,1005,False,3,6,[-2.67748505 -2.61052747  3.91696171],cruising,[ 0.50568378 -0.03156594 -0.11489306]
290.09161353111267,1000,False,1,5,[5.45893919 1.6255796  1.78667356],queued,[-0.82138112 -0.19970136 -0.21083176]
290.09161353111267,1001,False,6,2,[-4.03907258  0.67026511  4.        ],exiting,[-0.48080528  0.59740651 -0.20557775]
290.09161353111267,1002,False,5,0,[-8.09758113  7.92926651  1.84252365],queued,[ 0.5677905  -0.59831228 -0.99408226]
290.09161353111267,1003,False,3,4,[ 8.57220891 -6.79302979  4.        ],exiting,[ 0.63925976  0.24903542 -0.34837281]
290.09161353111267,1004,False,0,3,[2.89365975 8.57401935 2.0826867 ],queued,[-0.62185191  0.08809385  0.93462812]
290.09161353111267,1005,False,3,6,[-2.71934384 -2.41495692  3.92941745],cruising,[ 0.50568378 -0.03156594 -0.11489306]
290.19601678848267,1000,False,1,5,[5.45893919 1.6255796  1.86167356],queued,[-0.82138112 -0.19970136 -0.21083176]
290.19601678848267,1001,False,6,2,[-4.12309598  0.73199476  4.        ],exiting,[-0.48080528  0.59740651 -0.20557775]
290.19601678848267,1002,False,5,0,[-8.09758113  7.92926651  1.91752365],queued,[ 0.5677905  -0.59831228 -0.99408226]
290.19601678848267,1003,False,3,4,[ 8.60045535 -6.88895757  4.        ],exiting,[ 0.63925976  0.24903542 -0.34837281]
290.19601678848267,1004,False,0,3,[2.89365975 8.57401935 2.1576867 ],queued,[-0.62185191  0.08809385  0.93462812]
290.19601678848267,1005,False,3,6,[-2.76282838 -2.21974141  3.94000483],cruising,[ 0.50568378 -0.03156594 -0.11489306]
290.29192304611206,1000,False,1,5,[5.45893919 1.6255796  1.93667356],queued,[-0.82138112 -0.19970136 -0.21083176]
290.29192304611206,1001,False,6,2,[-4.20618509  0.77374624  4.        ],exiting,[-0.48080528  0.59740651 -0.20557775]
290.29192304611206,1002,False,5,0,[-8.09758113  7.92926651  1.99252365],queued,[ 0.5677905  -0.59831228 -0.99408226]
290.29192304611206,1003,False,3,4,[ 8.62870179 -6.98488535  4.        ],exiting,[ 0.63925976  0.24903542 -0.34837281]
290.29192304611206,1004,False,0,3,[2.89365975 8.57401935 2.2326867 ],queued,[-0.62185191  0.08809385  0.93462812]
290.29192304611206,1005,False,3,6,[-2.80744463 -2.02478144  3.94900411],cruising,[ 0.50568378 -0.03156594 -0.11489306]
290.3924310207367,1000,False,1,5,[5.45893919 1.6255796  2.01167356],queued,[-0.82138112 -0.19970136 -0.21083176]
290.3924310207367,1001,False,6,2,[-4.28808565  0.79553306  4.        ],exiting,[-0.48080528  0.59740651 -0.20557775]
290.3924310207367,1002,False,5,0,[-8.09758113  7.92926651  2.06752365],queued,[ 0.5677905  -0.59831228 -0.99408226]
290.3924310207367,1003,False,3,4,[ 8.65694823 -7.08081313  4.        ],landing,[ 0.63925976  0.24903542 -0.34837281]
290.3924310207367,1004,False,0,3,[2.89365975 8.57401935 2.3076867 ],queued,[-0.62185191  0.08809385  0.93462812]
290.3924310207367,1005,False,3,6,[-2.85494092 -1.83050302  3.95665349],cruising,[ 0.50568378 -0.03156594 -0.11489306]
290.4990828037262,1000,False,1,5,[5.45893919 1.6255796  2.08667356],queued,[-0.82138112 -0.19970136 -0.21083176]
290.4990828037262,1001,False,6,2,[-4.36853935  0.79737229  4.        ],exiting,[-0.48080528  0.59740651 -0.20557775]
290.4990828037262,1002,False,5,0,[-8.09758113  7.92926651  2.14252365],queued,[ 0.5677905  -0.59831228 -0.99408226]
290.4990828037262,1003,False,3,4,[ 8.67818941 -7.16454678  3.98577926],landing,[ 0.63925976  0.24903542 -0.34837281]
290.4990828037262,1004,False,0,3,[2.89365975 8.57401935 2.3826867 ],entering,[-0.62185191  0.08809385  0.93462812]
290.4990828037262,1005,False,3,6,[-2.90559079 -1.63702281  3.96315547],cruising,[ 0.50568378 -0.03156594 -0.11489306]
290.59247851371765,1000,False,1,5,[5.45893919 1.6255796  2.16167356],queued,[-0.82138112 -0.19970136 -0.21083176]
290.59247851371765,1001,False,6,2,[-4.44728374  0.7792847   4.        ],exiting,[-0.48080528  0.59740651 -0.20557775]
290.59247851371765,1002,False,5,0,[-8.09758113  7.92926651  2.21752365],queued,[ 0.5677905  -0.59831228 -0.99408226]
290.59247851371765,1003,False,3,4,[ 8.69241169 -7.23590871  3.9574988 ],landing,[ 0.63925976  0.24903542 -0.34837281]
290.59247851371765,1004,False,0,3,[2.8900614  8.55434571 2.4576867 ],entering,[-0.62185191  0.08809385  0.93462812]
290.59247851371765,1005,False,3,6,[-2.95972926 -1.44448963  3.96868215],cruising,[ 0.50568378 -0.03156594 -0.11489306]
290.6926784515381,1000,False,1,5,[5.45893919 1.6255796  2.23667356],queued,[-0.82138112 -0.19970136 -0.21083176]
290.6926784515381,1001,False,6,2,[-4.52405194  0.74129498  4.        ],exiting,[-0.48080528  0.59740651 -0.20557775]
290.6926784515381,1002,False,5,0,[-8.09758113  7.92926651  2.29252365],queued,[ 0.5677905  -0.59831228 -0.99408226]
290.6926784515381,1003,False,3,4,[ 8.6996001  -7.29468881  3.91535391],landing,[ 0.63925976  0.24903542 -0.34837281]
290.6926784515381,1004,False,0,3,[2.88308579 8.51495929 2.5326867 ],entering,[-0.62185191  0.08809385  0.93462812]
290.6926784515381,1005,False,3,6,[-3.01773227 -1.25308521  3.97337983],cruising,[ 0.50568378 -0.03156594 -0.11489306]
290.7972242832184,1000,False,1,5,[5.45893919 1.6255796  2.31167356],queued,[-0.82138112 -0.19970136 -0.21083176]
290.7972242832184,1001,False,6,2,[-4.59857238  0.68343197  4.        ],exiting,[-0.48080528  0.59740651 -0.20557775]
290.7972242832184,1002,False,5,0,[-8.09758113  7.92926651  2.36752365],queued,[ 0.5677905  -0.59831228 -0.99408226]
290.7972242832184,1003,False,3,4,[ 8.69973603 -7.34059582  3.85962426],landing,[ 0.63925976  0.24903542 -0.34837281]
290.7972242832184,1004,False,0,3,[2.87283309 8.45584318 2.6076867 ],entering,[-0.62185191  0.08809385  0.93462812]
290.7972242832184,1005,False,3,6,[-3.07999909 -1.06302511  3.97737285],cruising,[ 0.50568378 -0.03156594 -0.11489306]
290.9009485244751,1000,False,1,5,[5.45893919 1.6255796  2.38667356],queued,[-0.82138112 -0.19970136 -0.21083176]
290.9009485244751,1001,False,6,2,[-4.6717887   0.61531904  4.        ],exiting,[-0.48080528  0.59740651 -0.20557775]
290.9009485244751,1002,False,5,0,[-8.09758113  7.92926651  2.44252365],queued,[ 0.5677905  -0.59831228 -0.99408226]
290.9009485244751,1003,False,3,4,[ 8.69280667 -7.37340075  3.79053731],landing,[ 0.63925976  0.24903542 -0.34837281]
290.9009485244751,1004,False,0,3,[2.85942499 8.37697754 2.6826867 ],entering,[-0.62185191  0.08809385  0.93462812]
290.9009485244751,1005,False,3,6,[-3.14582789 -0.87416916  3.98076692],cruising,[ 0.50568378 -0.03156594 -0.11489306]
291.0012893676758,1000,False,1,5,[5.45893919 1.6255796  2.46167356],queued,[-0.82138112 -0.19970136 -0.21083176]
291.0012893676758,1001,False,6,2,[-4.74500501  0.5472061   4.        ],exiting,[-0.48080528  0.59740651 -0.20557775]
291.0012893676758,1002,False,5,0,[-8.09758113  7.92926651  2.51752365],entering,[ 0.5677905  -0.59831228 -0.99408226]
291.0012893676758,1003,False,3,4,[ 8.67880126 -7.39288248  3.70831941],landing,[ 0.63925976  0.24903542 -0.34837281]
291.0012893676758,1004,False,0,3,[2.84337544 8.27828711 2.7576867 ],entering,[-0.62185191  0.08809385  0.93462812]
291.0012893676758,1005,False,3,6,[-3.21674416 -0.68716413  3.98365189],cruising,[ 0.50568378 -0.03156594 -0.11489306]
291.0983624458313,1000,False,1,5,[5.45893919 1.6255796  2.53667356],queued,[-0.82138112 -0.19970136 -0.21083176]
291.0983624458313,1001,False,6,2,[-4.81822132  0.47909317  4.        ],exiting,[-0.48080528  0.59740651 -0.20557775]
291.0983624458313,1002,False,5,0,[-8.07973339  7.92024109  2.59252365],entering,[ 0.5677905  -0.59831228 -0.99408226]
291.0983624458313,1003,False,3,4,[ 8.65771062 -7.39881799  3.61320581],landing,[ 0.63925976  0.24903542 -0.34837281]
291.0983624458313,1004,False,0,3,[2.82524056 8.15970569 2.8326867 ],entering,[-0.62185191  0.08809385  0.93462812]
291.0983624458313,1005,False,3,6,[-3.2931621  -0.50233908  3.9861041 ],cruising,[ 0.50568378 -0.03156594 -0.11489306]
291.1960620880127,1000,False,1,5,[5.45893919 1.6255796  2.61167356],entering,[-0.82138112 -0.19970136 -0.21083176]
291.1960620880127,1001,False,6,2,[-4.89143763  0.41098024  4.        ],exiting,[-0.48080528  0.59740651 -0.20557775]
291.1960620880127,1002,False,5,0,[-8.04402425  7.90221731  2.66752365],entering,[ 0.5677905  -0.59831228 -0.99408226]
291.1960620880127,1003,False,3,4,[ 8.63533584 -7.40226012  3.5158019 ],landing,[ 0.63925976  0.24903542 -0.34837281]
291.1960620880127,1004,False,0,3,[2.80620213 8.02114469 2.9076867 ],entering,[-0.62185191  0.08809385  0.93462812]
291.1960620880127,1005,False,3,6,[-3.37546643 -0.32005909  3.98818849],cruising,[ 0.50568378 -0.03156594 -0.11489306]
291.2936370372772,1000,False,1,5,[5.47863084 1.62208117 2.68667356],entering,[-0.82138112 -0.19970136 -0.21083176]
291.2936370372772,1001,False,6,2,[-4.96465395  0.34286731  4.        ],exiting,[-0.48080528  0.59740651 -0.20557775]
291.2936370372772,1002,False,5,0,[-7.99042359  7.87525523  2.74252365],entering,[ 0.5677905  -0.59831228 -0.99408226]
291.2936370372772,1003,False,3,4,[ 8.61296107 -7.40570225  3.418398  ],landing,[ 0.63925976  0.24903542 -0.34837281]
291.2936370372772,1004,False,0,3,[2.78804705 7.8626032  2.9826867 ],entering,[-0.62185191  0.08809385  0.93462812]
291.2936370372772,1005,False,3,6,[-3.4621027  -0.13979773  3.98996021],cruising,[ 0.50568378 -0.03156594 -0.11489306]
291.3937816619873,1000,False,1,5,[5.51800844 1.61505242 2.76167356],entering,[-0.82138112 -0.19970136 -0.21083176]
291.3937816619873,1001,False,6,2,[-5.03787026  0.27475437  4.        ],exiting,[-0.48080528  0.59740651 -0.20557775]
291.3937816619873,1002,False,5,0,[-7.91887432  7.83947002  2.81752365],entering,[ 0.5677905  -0.59831228 -0.99408226]
291.3937816619873,1003,False,3,4,[ 8.59058629 -7.40914438  3.32099409],landing,[ 0.63925976  0.24903542 -0.34837281]
291.3937816619873,1004,False,0,3,[2.77371224 7.68442997 3.0576867 ],entering,[-0.62185191  0.08809385  0.93462812]
291.3937816619873,1005,False,3,6,[-3.55567418  0.03696307  3.99146618],cruising,[ 0.50568378 -0.03156594 -0.11489306]
291.5039916038513,1000,False,1,5,[5.57705919 1.60442266 2.83667356],entering,[-0.82138112 -0.19970136 -0.21083176]
291.5039916038513,1001,False,6,2,[-5.11108657  0.20664144  4.        ],exiting,[-0.48080528  0.59740651 -0.20557775]
291.5039916038513,1002,False,5,0,[-7.82932485  7.79496743  2.89252365],entering,[ 0.5677905  -0.59831228 -0.99408226]
291.5039916038513,1003,False,3,4,[ 8.56821152 -7.41258651  3.22359018],landing,[ 0.63925976  0.24903542 -0.34837281]
291.5039916038513,1004,False,0,3,[2.76861455 7.48851764 3.1326867 ],entering,[-0.62185191  0.08809385  0.93462812]
291.5039916038513,1005,False,3,6,[-3.65529753  0.21038506  3.99274625],cruising,[ 0.50568378 -0.03156594 -0.11489306]
291.599472284317,1000,False,1,5,[5.65570878 1.58980722 2.91167356],entering,[-0.82138112 -0.19970136 -0.21083176]
291.599472284317,1001,False,6,2,[-5.18430288  0.13852851  4.        ],exiting,[-0.48080528  0.59740651 -0.20557775]
291.599472284317,1002,False,5,0,[-7.72174944  7.7418008   2.96752365],entering,[ 0.5677905  -0.59831228 -0.99408226]
291.599472284317,1003,False,3,4,[ 8.54583675 -7.41602863  3.12618627],landing,[ 0.63925976  0.24903542 -0.34837281]
291.599472284317,1004,False,0,3,[2.77385956 7.28858642 3.2076867 ],entering,[-0.62185191  0.08809385  0.93462812]
291.599472284317,1005,False,3,6,[-3.76173359  0.37971127  3.99383432],cruising,[ 0.50568378 -0.03156594 -0.11489306]
291.6980471611023,1000,False,1,5,[5.75387558 1.57082389 2.98667356],entering,[-0.82138112 -0.19970136 -0.21083176]
291.6980471611023,1001,False,6,2,[-5.2575192   0.07041557  4.        ],exiting,[-0.48080528  0.59740651 -0.20557775]
291.6980471611023,1002,False,5,0,[-7.59613425  7.67999899  3.04252365],entering,[ 0.5677905  -0.59831228 -0.99408226]
291.6980471611023,1003,False,3,4,[ 8.52346197 -7.41947076  3.02878237],landing,[ 0.63925976  0.24903542 -0.34837281]
291.6980471611023,1004,False,0,3,[2.79273869 7.08947947 3.2826867 ],entering,[-0.62185191  0.08809385  0.93462812]
291.6980471611023,1005,False,3,6,[-3.87130547  0.54702535  3.99475917],cruising,[ 0.50568378 -0.03156594 -0.11489306]
291.7911036014557,1000,False,1,5,[5.87141754 1.54688043 3.06167356],entering,[-0.82138112 -0.19970136 -0.21083176]
291.7911036014557,1001,False,6,2,[-5.33073551e+00  2.30264154e-03  4.00000000e+00],exiting,[-0.48080528  0.59740651 -0.20557775]
291.7911036014557,1002,False,5,0,[-7.45203205  7.61056629  3.11752365],entering,[ 0.5677905  -0.59831228 -0.99408226]
291.7911036014557,1003,False,3,4,[ 8.5010872  -7.42291289  2.93137846],landing,[ 0.63925976  0.24903542 -0.34837281]
291.7911036014557,1004,False,0,3,[2.82853676 6.89270931 3.3576867 ],entering,[-0.62185191  0.08809385  0.93462812]
291.7911036014557,1005,False,3,6,[-3.98334359  0.7126981   3.99554529],cruising,[ 0.50568378 -0.03156594 -0.11489306]
291.8945264816284,1000,False,1,5,[6.00814765 1.51729648 3.13667356],entering,[-0.82138112 -0.19970136 -0.21083176]
291.8945264816284,1001,False,6,2,[-5.40395182 -0.06581029  4.        ],exiting,[-0.48080528  0.59740651 -0.20557775]
291.8945264816284,1002,False,5,0,[-7.28920438  7.53410816  3.19252365],entering,[ 0.5677905  -0.59831228 -0.99408226]
291.8945264816284,1003,False,3,4,[ 8.47871242 -7.42635502  2.83397455],landing,[ 0.63925976  0.24903542 -0.34837281]
291.8945264816284,1004,False,0,3,[2.88037478 6.69954404 3.4326867 ],entering,[-0.62185191  0.08809385  0.93462812]
291.8945264816284,1005,False,3,6,[-4.09727511  0.87707453  3.9962135 ],cruising,[ 0.50568378 -0.03156594 -0.11489306]
291.9973089694977,1000,False,1,5,[6.16338701 1.48013575 3.21167356],entering,[-0.82138112 -0.19970136 -0.21083176]
291.9973089694977,1001,False,6,2,[-5.47716813 -0.13392322  4.        ],exiting,[-0.48080528  0.59740651 -0.20557775]
291.9973089694977,1002,False,5,0,[-7.10689004  7.45314784  3.26752365],entering,[ 0.5677905  -0.59831228 -0.99408226]
291.9973089694977,1003,False,3,4,[ 8.45633765 -7.42979715  2.73657064],landing,[ 0.63925976  0.24903542 -0.34837281]
291.9973089694977,1004,False,0,3,[2.94430981 6.5100386  3.5076867 ],entering,[-0.62185191  0.08809385  0.93462812]
291.9973089694977,1005,False,3,6,[-4.21260994  1.04046938  3.99678147],cruising,[ 0.50568378 -0.03156594 -0.11489306]
292.0909285545349,1000,False,1,5,[6.33620936 1.4334441  3.28667356],entering,[-0.82138112 -0.19970136 -0.21083176]
292.0909285545349,1001,False,6,2,[-5.55038444 -0.20203616  4.        ],exiting,[-0.48080528  0.59740651 -0.20557775]
292.0909285545349,1002,False,5,0,[-6.92304954  7.37439081  3.34252365],entering,[ 0.5677905  -0.59831228 -0.99408226]
292.0909285545349,1003,False,3,4,[ 8.43396287 -7.43323928  2.63916673],landing,[ 0.63925976  0.24903542 -0.34837281]
292.0909285545349,1004,False,0,3,[3.02100477 6.32532833 3.58153369],entering,[-0.62185191  0.08809385  0.93462812]
292.0909285545349,1005,False,3,6,[-4.32892658  1.20316676  3.99726425],cruising,[ 0.50568378 -0.03156594 -0.11489306]
292.1912353038788,1000,False,1,5,[6.52249116 1.3719591  3.36167356],entering,[-0.82138112 -0.19970136 -0.21083176]
292.1912353038788,1001,False,6,2,[-5.62360076 -0.27014909  4.        ],exiting,[-0.48080528  0.59740651 -0.20557775]
292.1912353038788,1002,False,5,0,[-6.73707808  7.30080674  3.41752365],entering,[ 0.5677905  -0.59831228 -0.99408226]
292.1912353038788,1003,False,3,4,[ 8.4115881  -7.43668141  2.54176283],landing,[ 0.63925976  0.24903542 -0.34837281]
292.1912353038788,1004,False,0,3,[3.11306428 6.1478126  3.6447897 ],entering,[-0.62185191  0.08809385  0.93462812]
292.1912353038788,1005,False,3,6,[-4.4458589   1.36542222  3.99767462],cruising,[ 0.50568378 -0.03156594 -0.11489306]
292.29879879951477,1000,False,1,5,[6.70935739 1.30067788 3.43667356],entering,[-0.82138112 -0.19970136 -0.21083176]
292.29879879951477,1001,False,6,2,[-5.69681707 -0.33826202  4.        ],exiting,[-0.48080528  0.59740651 -0.20557775]
292.29879879951477,1002,False,5,0,[-6.54955019  7.23128487  3.49252365],entering,[ 0.5677905  -0.59831228 -0.99408226]
292.29879879951477,1003,False,3,4,[ 8.38921332 -7.44012354  2.44435892],landing,[ 0.63925976  0.24903542 -0.34837281]
292.29879879951477,1004,False,0,3,[3.21950508 5.97848937 3.69807124],entering,[-0.62185191  0.08809385  0.93462812]
292.29879879951477,1005,False,3,6,[-4.5630841   1.5274662   3.99802342],cruising,[ 0.50568378 -0.03156594 -0.11489306]
292.392210483551,1000,False,1,5,[6.8922011  1.21963357 3.51167356],entering,[-0.82138112 -0.19970136 -0.21083176]
292.392210483551,1001,False,6,2,[-5.77003338 -0.40637495  4.        ],exiting,[-0.48080528  0.59740651 -0.20557775]
292.392210483551,1002,False,5,0,[-6.36031822  7.1665449   3.56752365],entering,[ 0.5677905  -0.59831228 -0.99408226]
292.392210483551,1003,False,3,4,[ 8.36683855 -7.44356566  2.34695501],landing,[ 0.63925976  0.24903542 -0.34837281]
292.392210483551,1004,False,0,3,[3.34109032 5.81973459 3.74367467],entering,[-0.62185191  0.08809385  0.93462812]
292.392210483551,1005,False,3,6,[-4.68028327  1.68952901  3.99831991],cruising,[ 0.50568378 -0.03156594 -0.11489306]
292.4968032836914,1000,False,1,5,[7.07001872 1.12808636 3.58492253],entering,[-0.82138112 -0.19970136 -0.21083176]
292.4968032836914,1001,False,6,2,[-5.84324969 -0.47448789  4.        ],exiting,[-0.48080528  0.59740651 -0.20557775]
292.4968032836914,1002,False,5,0,[-6.16903736  7.10813573  3.6323951 ],entering,[ 0.5677905  -0.59831228 -0.99408226]
292.4968032836914,1003,False,3,4,[ 8.34446378 -7.44700779  2.2495511 ],landing,[ 0.63925976  0.24903542 -0.34837281]
292.4968032836914,1004,False,0,3,[3.47698013 5.672991   3.78212891],entering,[-0.62185191  0.08809385  0.93462812]
292.4968032836914,1005,False,3,6,[-4.79736076  1.85167975  3.99857192],cruising,[ 0.50568378 -0.03156594 -0.11489306]
292.5968761444092,1000,False,1,5,[7.24156751 1.02527094 3.64718415],entering,[-0.82138112 -0.19970136 -0.21083176]
292.5968761444092,1001,False,6,2,[-5.91646601 -0.54260082  4.        ],exiting,[-0.48080528  0.59740651 -0.20557775]
292.5968761444092,1002,False,5,0,[-5.97549621  7.05771922  3.68753584],entering,[ 0.5677905  -0.59831228 -0.99408226]
292.5968761444092,1003,False,3,4,[ 8.322089   -7.45044992  2.1521472 ],landing,[ 0.63925976  0.24903542 -0.34837281]
292.5968761444092,1004,False,0,3,[3.62630167 5.54000687 3.81508168],entering,[-0.62185191  0.08809385  0.93462812]
292.5968761444092,1005,False,3,6,[-4.91402524  2.01412789  3.99878613],cruising,[ 0.50568378 -0.03156594 -0.11489306]
292.69193148612976,1000,False,1,5,[7.40533921 0.91047185 3.70010653],entering,[-0.82138112 -0.19970136 -0.21083176]
292.69193148612976,1001,False,6,2,[-5.98968232 -0.61071375  4.        ],exiting,[-0.48080528  0.59740651 -0.20557775]
292.69193148612976,1002,False,5,0,[-5.77990735  7.01594605  3.73440546],entering,[ 0.5677905  -0.59831228 -0.99408226]
292.69193148612976,1003,False,3,4,[ 8.29971423 -7.45389205  2.05474329],landing,[ 0.63925976  0.24903542 -0.34837281]
292.69193148612976,1004,False,0,3,[3.78778962 5.42203602 3.84287895],cruising,[-0.62185191  0.08809385  0.93462812]
292.69193148612976,1005,False,3,6,[-5.0300016   2.17706801  3.99896821],cruising,[ 0.50568378 -0.03156594 -0.11489306]
292.7916247844696,1000,False,1,5,[7.56092449 0.78480076 3.74509055],entering,[-0.82138112 -0.19970136 -0.21083176]
292.7916247844696,1001,False,6,2,[-6.06289863 -0.67882669  4.        ],exiting,[-0.48080528  0.59740651 -0.20557775]
292.7916247844696,1002,False,5,0,[-5.58267207  6.9828063   3.77424464],entering,[ 0.5677905  -0.59831228 -0.99408226]
292.7916247844696,1003,False,3,4,[ 8.27733945 -7.45733418  1.95733938],landing,[ 0.63925976  0.24903542 -0.34837281]
292.7916247844696,1004,False,0,3,[3.95979724 5.31999006 3.86644711],cruising,[-0.62185191  0.08809385  0.93462812]
292.7916247844696,1005,False,3,6,[-5.14502024  2.34068559  3.99912298],cruising,[ 0.50568378 -0.03156594 -0.11489306]
292.8988070487976,1000,False,1,5,[7.70501627 0.64610123 3.78332697],entering,[-0.82138112 -0.19970136 -0.21083176]
292.8988070487976,1001,False,6,2,[-6.13611494 -0.74693962  4.        ],exiting,[-0.48080528  0.59740651 -0.20557775]
292.8988070487976,1002,False,5,0,[-5.38374189  6.96214755  3.80810795],entering,[ 0.5677905  -0.59831228 -0.99408226]
292.8988070487976,1003,False,3,4,[ 8.25496468 -7.46077631  1.85993547],landing,[ 0.63925976  0.24903542 -0.34837281]
292.8988070487976,1004,False,0,3,[4.13978052 5.23277756 3.88648004],cruising,[-0.62185191  0.08809385  0.93462812]
292.8988070487976,1005,False,3,6,[-5.25942     2.50473648  3.99925453],cruising,[ 0.50568378 -0.03156594 -0.11489306]
292.99756026268005,1000,False,1,5,[7.83562578 0.49463785 3.81582792],entering,[-0.82138112 -0.19970136 -0.21083176]
292.99756026268005,1001,False,6,2,[-6.20933126 -0.81505255  4.        ],exiting,[-0.48080528  0.59740651 -0.20557775]
292.99756026268005,1002,False,5,0,[-5.18401814  6.95163936  3.83689175],entering,[ 0.5677905  -0.59831228 -0.99408226]
292.99756026268005,1003,False,3,4,[ 8.2325899  -7.46421844  1.76253157],landing,[ 0.63925976  0.24903542 -0.34837281]
292.99756026268005,1004,False,0,3,[4.32549421 5.15854533 3.90350804],cruising,[-0.62185191  0.08809385  0.93462812]
292.99756026268005,1005,False,3,6,[-5.3723138   2.66982734  3.99936635],cruising,[ 0.50568378 -0.03156594 -0.11489306]
293.09962582588196,1000,False,1,5,[7.95104661 0.33130374 3.84345373],entering,[-0.82138112 -0.19970136 -0.21083176]
293.09962582588196,1001,False,6,2,[-6.28254757 -0.88316548  4.        ],exiting,[-0.48080528  0.59740651 -0.20557775]
293.09962582588196,1002,False,5,0,[-4.98401829  6.95138706  3.86135799],cruising,[ 0.5677905  -0.59831228 -0.99408226]
293.09962582588196,1003,False,3,4,[ 8.21021513 -7.46766057  1.66512766],landing,[ 0.63925976  0.24903542 -0.34837281]
293.09962582588196,1004,False,0,3,[4.51538101 5.09575198 3.91798183],cruising,[-0.62185191  0.08809385  0.93462812]
293.09962582588196,1005,False,3,6,[-5.48339059  2.83614615  3.9994614 ],cruising,[ 0.50568378 -0.03156594 -0.11489306]
293.2058627605438,1000,False,1,5,[8.05017923 0.15760077 3.86693567],cruising,[-0.82138112 -0.19970136 -0.21083176]
293.2058627605438,1001,False,6,2,[-6.35576388 -0.95127842  4.        ],exiting,[-0.48080528  0.59740651 -0.20557775]
293.2058627605438,1002,False,5,0,[-4.78424571  6.96092187  3.88215429],cruising,[ 0.5677905  -0.59831228 -0.99408226]
293.2058627605438,1003,False,3,4,[ 8.18784035 -7.47110269  1.56772375],landing,[ 0.63925976  0.24903542 -0.34837281]
293.2058627605438,1004,False,0,3,[4.70804451 5.04207914 3.93028456],cruising,[-0.62185191  0.08809385  0.93462812]
293.2058627605438,1005,False,3,6,[-5.59230333  3.00389004  3.99954219],cruising,[ 0.50568378 -0.03156594 -0.11489306]
293.29079723358154,1000,False,1,5,[ 8.13170881 -0.02497843  3.8870493 ],cruising,[-0.82138112 -0.19970136 -0.21083176]
293.29079723358154,1001,False,6,2,[-6.42898019 -1.01939135  4.        ],exiting,[-0.48080528  0.59740651 -0.20557775]
293.29079723358154,1002,False,5,0,[-4.58507153  6.97907804  3.89983115],cruising,[ 0.5677905  -0.59831228 -0.99408226]
293.29079723358154,1003,False,3,4,[ 8.16546558 -7.47454482  1.47031984],fake_landed,[ 0.63925976  0.24903542 -0.34837281]
293.29079723358154,1004,False,0,3,[4.90262328 4.99582871 3.94074187],cruising,[-0.62185191  0.08809385  0.93462812]
293.29079723358154,1005,False,3,6,[-5.69865352  3.1732702   3.99961086],cruising,[ 0.50568378 -0.03156594 -0.11489306]
293.3959949016571,1000,False,1,5,[ 8.1965369  -0.21418022  3.9039919 ],cruising,[-0.82138112 -0.19970136 -0.21083176]
293.3959949016571,1001,False,6,2,[-6.50219651 -1.08750428  4.        ],exiting,[-0.48080528  0.59740651 -0.20557775]
293.3959949016571,1002,False,5,0,[-4.38666301  7.00425856  3.91485648],cruising,[ 0.5677905  -0.59831228 -0.99408226]
293.3959949016571,1003,False,3,4,[ 8.14756576 -7.47729853  1.39239672],fake_landed,[ 0.63925976  0.24903542 -0.34837281]
293.3959949016571,1004,False,0,3,[5.09831631 4.95454628 3.94963059],cruising,[-0.62185191  0.08809385  0.93462812]
293.3959949016571,1005,False,3,6,[-5.80197201  3.34451648  3.99966923],cruising,[ 0.50568378 -0.03156594 -0.11489306]
293.496205329895,1000,False,1,5,[ 8.2468591  -0.40774591  3.91839312],cruising,[-0.82138112 -0.19970136 -0.21083176]
293.496205329895,1001,False,6,2,[-6.57541282 -1.15561721  4.        ],exiting,[-0.48080528  0.59740651 -0.20557775]
293.496205329895,1002,False,5,0,[-4.18899443  7.03470746  3.927628  ],cruising,[ 0.5677905  -0.59831228 -0.99408226]
293.496205329895,1003,False,3,4,[ 8.1341409  -7.4793638   1.33395437],fake_landed,[ 0.63925976  0.24903542 -0.34837281]
293.496205329895,1004,False,0,3,[5.29462736 4.91631053 3.957186  ],cruising,[-0.62185191  0.08809385  0.93462812]
293.496205329895,1005,False,3,6,[-5.90169473  3.51788136  3.99971885],cruising,[ 0.50568378 -0.03156594 -0.11489306]
293.5959401130676,1000,False,1,5,[ 8.28424433 -0.6042207   3.93063415],cruising,[-0.82138112 -0.19970136 -0.21083176]
293.5959401130676,1001,False,6,2,[-6.64862913 -1.22373015  4.        ],exiting,[-0.48080528  0.59740651 -0.20557775]
293.5959401130676,1002,False,5,0,[-3.99190603  7.06870983  3.9384838 ],cruising,[ 0.5677905  -0.59831228 -0.99408226]
293.5959401130676,1003,False,3,4,[ 8.12519099 -7.48074066  1.29499281],fake_landed,[ 0.63925976  0.24903542 -0.34837281]
293.5959401130676,1004,False,0,3,[5.49119337 4.87940791 3.9636081 ],cruising,[-0.62185191  0.08809385  0.93462812]
293.5959401130676,1005,False,3,6,[-5.99713101  3.69364232  3.99976102],cruising,[ 0.50568378 -0.03156594 -0.11489306]
293.6915280818939,1000,False,1,5,[ 8.31033221 -0.80251196  3.94103903],cruising,[-0.82138112 -0.19970136 -0.21083176]
293.6915280818939,1001,False,6,2,[-6.72184544 -1.29184308  4.        ],exiting,[-0.48080528  0.59740651 -0.20557775]
293.6915280818939,1002,False,5,0,[-3.79517093  7.1047001   3.94771123],cruising,[ 0.5677905  -0.59831228 -0.99408226]
293.6915280818939,1003,False,3,4,[ 8.12071603 -7.48142908  1.27551203],fake_landed,[ 0.63925976  0.24903542 -0.34837281]
293.6915280818939,1004,False,0,3,[5.6877195  4.84229348 3.96906689],cruising,[-0.62185191  0.08809385  0.93462812]
293.6915280818939,1005,False,3,6,[-6.08742159  3.87210131  3.99979687],cruising,[ 0.50568378 -0.03156594 -0.11489306]
293.7922465801239,1000,False,1,5,[ 8.32452231 -1.00200793  3.94988317],cruising,[-0.82138112 -0.19970136 -0.21083176]
293.7922465801239,1001,False,6,2,[-6.79506175 -1.35995601  4.        ],exiting,[-0.48080528  0.59740651 -0.20557775]
293.7922465801239,1002,False,5,0,[-3.59810763  7.13884769  3.95555455],cruising,[ 0.5677905  -0.59831228 -0.99408226]
293.7922465801239,1003,False,4,1,[ 8.12071603 -7.48142908  1.27551203],waiting,[ 0.63925976  0.24903542 -0.34837281]
293.7922465801239,1004,False,0,3,[5.88434815 4.80572608 3.97370685],cruising,[-0.62185191  0.08809385  0.93462812]
293.7922465801239,1005,False,3,6,[-6.17148244  4.05357796  3.99982734],cruising,[ 0.50568378 -0.03156594 -0.11489306]
293.90226912498474,1000,False,1,5,[ 8.33059604 -1.20191568  3.9574007 ],cruising,[-0.82138112 -0.19970136 -0.21083176]
293.90226912498474,1001,False,6,2,[-6.86827807 -1.42806895  4.        ],exiting,[-0.48080528  0.59740651 -0.20557775]
293.90226912498474,1002,False,5,0,[-3.40101352  7.17281695  3.96222137],cruising,[ 0.5677905  -0.59831228 -0.99408226]
293.90226912498474,1003,False,4,1,[ 8.12071603 -7.48142908  1.27551203],waiting,[ 0.63925976  0.24903542 -0.34837281]
293.90226912498474,1004,False,0,3,[6.08038554 4.76611116 3.97765083],cruising,[-0.62185191  0.08809385  0.93462812]
293.90226912498474,1005,False,3,6,[-6.24792958  4.23839093  3.99985324],cruising,[ 0.50568378 -0.03156594 -0.11489306]
293.9938397407532,1000,False,1,5,[ 8.32960276 -1.40191321  3.96379059],cruising,[-0.82138112 -0.19970136 -0.21083176]
293.9938397407532,1001,False,6,2,[-6.94149438 -1.49618188  4.        ],landing,[-0.48080528  0.59740651 -0.20557775]
293.9938397407532,1002,False,5,0,[-3.20369     7.2054272   3.96788816],cruising,[ 0.5677905  -0.59831228 -0.99408226]
293.9938397407532,1003,False,4,1,[ 8.12071603 -7.48142908  1.27551203],waiting,[ 0.63925976  0.24903542 -0.34837281]
293.9938397407532,1004,False,0,3,[6.27550066 4.72217841 3.9810032 ],cruising,[-0.62185191  0.08809385  0.93462812]
293.9938397407532,1005,False,3,6,[-6.31497972  4.42681672  3.99987525],cruising,[ 0.50568378 -0.03156594 -0.11489306]
294.10380148887634,1000,False,1,5,[ 8.3200909 -1.6016869  3.969222 ],cruising,[-0.82138112 -0.19970136 -0.21083176]
294.10380148887634,1001,False,6,2,[-7.00663853 -1.55243108  3.98606831],landing,[-0.48080528  0.59740651 -0.20557775]
294.10380148887634,1002,False,5,0,[-3.00559199  7.23294407  3.97270494],cruising,[ 0.5677905  -0.59831228 -0.99408226]
294.10380148887634,1003,False,4,1,[ 8.12071603 -7.48142908  1.27551203],waiting,[ 0.63925976  0.24903542 -0.34837281]
294.10380148887634,1004,False,0,3,[6.4692708  4.67264928 3.98385272],cruising,[-0.62185191  0.08809385  0.93462812]
294.10380148887634,1005,False,3,6,[-6.36399857  4.62071657  3.99989396],cruising,[ 0.50568378 -0.03156594 -0.11489306]
294.19799733161926,1000,False,1,5,[ 8.30530111 -1.8011393   3.9738387 ],cruising,[-0.82138112 -0.19970136 -0.21083176]
294.19799733161926,1001,False,6,2,[-7.06356006 -1.59672802  3.95836955],landing,[-0.48080528  0.59740651 -0.20557775]
294.19799733161926,1002,False,5,0,[-2.80708915  7.25736997  3.9767992 ],cruising,[ 0.5677905  -0.59831228 -0.99408226]
294.19799733161926,1003,False,4,1,[ 8.12071603 -7.48142908  1.27551203],waiting,[ 0.63925976  0.24903542 -0.34837281]
294.19799733161926,1004,False,0,3,[6.66114098 4.61620608 3.98627481],cruising,[-0.62185191  0.08809385  0.93462812]
294.19799733161926,1005,False,3,6,[-6.39337002  4.8183554   3.99991032],cruising,[ 0.50568378 -0.03156594 -0.11489306]
294.29310369491577,1000,False,1,5,[ 8.28564563 -2.00017111  3.9777629 ],cruising,[-0.82138112 -0.19970136 -0.21083176]
294.29310369491577,1001,False,6,2,[-7.11208208 -1.62896997  3.91710152],landing,[-0.48080528  0.59740651 -0.20557775]
294.29310369491577,1002,False,5,0,[-2.60782431  7.27450244  3.98027932],cruising,[ 0.5677905  -0.59831228 -0.99408226]
294.29310369491577,1003,False,4,1,[ 8.12071603 -7.48142908  1.27551203],waiting,[ 0.63925976  0.24903542 -0.34837281]
294.29310369491577,1004,False,0,3,[6.8503751  4.55147242 3.98833359],cruising,[-0.62185191  0.08809385  0.93462812]
294.29310369491577,1005,False,3,6,[-6.40278278  5.01727908  3.99992503],cruising,[ 0.50568378 -0.03156594 -0.11489306]
294.3987579345703,1000,False,1,5,[ 8.25877772 -2.19835819  3.98109846],cruising,[-0.82138112 -0.19970136 -0.21083176]
294.3987579345703,1001,False,6,2,[-7.15196458 -1.64901988  3.86254014],landing,[-0.48080528  0.59740651 -0.20557775]
294.3987579345703,1002,False,5,0,[-2.40818789  7.28655643  3.98323742],cruising,[ 0.5677905  -0.59831228 -0.99408226]
294.3987579345703,1003,False,4,1,[ 8.12071603 -7.48142908  1.27551203],waiting,[ 0.63925976  0.24903542 -0.34837281]
294.3987579345703,1004,False,0,3,[7.03599699 4.47701092 3.99008355],cruising,[-0.62185191  0.08809385  0.93462812]
294.3987579345703,1005,False,3,6,[-6.39224896  5.21474208  3.9999385 ],cruising,[ 0.50568378 -0.03156594 -0.11489306]
294.4963529109955,1000,False,1,5,[ 8.22779959 -2.39594451  3.98393369],cruising,[-0.82138112 -0.19970136 -0.21083176]
294.4963529109955,1001,False,6,2,[-7.1829979  -1.65676036  3.79493385],landing,[-0.48080528  0.59740651 -0.20557775]
294.4963529109955,1002,False,5,0,[-2.20819427  7.28815426  3.98575181],cruising,[ 0.5677905  -0.59831228 -0.99408226]
294.4963529109955,1003,False,4,1,[ 8.12071603 -7.48142908  1.27551203],waiting,[ 0.63925976  0.24903542 -0.34837281]
294.4963529109955,1004,False,0,3,[7.21672293 4.39134802 3.99157102],cruising,[-0.62185191  0.08809385  0.93462812]
294.4963529109955,1005,False,3,6,[-6.36211432  5.40822913  3.99995083],cruising,[ 0.50568378 -0.03156594 -0.11489306]
294.59694170951843,1000,False,1,5,[ 8.19270882 -2.59284204  3.98634364],cruising,[-0.82138112 -0.19970136 -0.21083176]
294.59694170951843,1001,False,6,2,[-7.20499267 -1.65208728  3.71451318],landing,[-0.48080528  0.59740651 -0.20557775]
294.59694170951843,1002,False,5,0,[-2.00882716  7.27225597  3.98788904],cruising,[ 0.5677905  -0.59831228 -0.99408226]
294.59694170951843,1003,False,4,1,[ 8.12071603 -7.48142908  1.27551203],waiting,[ 0.63925976  0.24903542 -0.34837281]
294.59694170951843,1004,False,0,3,[7.38791252 4.28810627 3.99285345],cruising,[-0.62185191  0.08809385  0.93462812]
294.59694170951843,1005,False,3,6,[-6.31294309  5.59558364  3.999962  ],cruising,[ 0.50568378 -0.03156594 -0.11489306]
294.6941957473755,1000,False,1,5,[ 8.15014552 -2.78826048  3.98839209],cruising,[-0.82138112 -0.19970136 -0.21083176]
294.6941957473755,1001,False,6,2,[-7.21775731 -1.63489724  3.62151752],landing,[-0.48080528  0.59740651 -0.20557775]
294.6941957473755,1002,False,5,0,[-1.81188557  7.23741334  3.98970568],cruising,[ 0.5677905  -0.59831228 -0.99408226]
294.6941957473755,1003,False,4,1,[ 8.12071603 -7.48142908  1.27551203],waiting,[ 0.63925976  0.24903542 -0.34837281]
294.6941957473755,1004,False,0,3,[7.54917574 4.1698093  3.99392543],cruising,[-0.62185191  0.08809385  0.93462812]
294.6941957473755,1005,False,3,6,[-6.24563811  5.77450208  3.99997205],cruising,[ 0.50568378 -0.03156594 -0.11489306]
294.79499530792236,1000,False,1,5,[ 8.10355297 -2.98275761  3.99013328],cruising,[-0.82138112 -0.19970136 -0.21083176]
294.79499530792236,1001,False,6,2,[-7.22731067 -1.61340721  3.52432229],landing,[-0.48080528  0.59740651 -0.20557775]
294.79499530792236,1002,False,5,0,[-1.61858688  7.18607505  3.99124983],cruising,[ 0.5677905  -0.59831228 -0.99408226]
294.79499530792236,1003,False,4,1,[ 8.12071603 -7.48142908  1.27551203],waiting,[ 0.63925976  0.24903542 -0.34837281]
294.79499530792236,1004,False,0,3,[7.69901606 4.0373409  3.99483662],cruising,[-0.62185191  0.08809385  0.93462812]
294.79499530792236,1005,False,3,6,[-6.16135169  5.94285499  3.99998102],cruising,[ 0.50568378 -0.03156594 -0.11489306]
294.8928418159485,1000,False,1,5,[ 8.04869122 -3.17508595  3.99161329],cruising,[-0.82138112 -0.19970136 -0.21083176]
294.8928418159485,1001,False,6,2,[-7.23686403 -1.59191719  3.42712707],landing,[-0.48080528  0.59740651 -0.20557775]
294.8928418159485,1002,False,5,0,[-1.42952874  7.12082922  3.99256235],cruising,[ 0.5677905  -0.59831228 -0.99408226]
294.8928418159485,1003,False,4,1,[ 8.12071603 -7.48142908  1.27551203],waiting,[ 0.63925976  0.24903542 -0.34837281]
294.8928418159485,1004,False,0,3,[7.8348624  3.89058438 3.9956139 ],cruising,[-0.62185191  0.08809385  0.93462812]
294.8928418159485,1005,False,3,6,[-6.06106483  6.09920848  3.99998887],cruising,[ 0.50568378 -0.03156594 -0.11489306]
295.0026354789734,1000,False,1,5,[ 7.98512614 -3.36471579  3.99287129],cruising,[-0.82138112 -0.19970136 -0.21083176]
295.0026354789734,1001,False,6,2,[-7.24641739 -1.57042716  3.32993184],landing,[-0.48080528  0.59740651 -0.20557775]
295.0026354789734,1002,False,5,0,[-1.24479701  7.04418598  3.993678  ],cruising,[ 0.5677905  -0.59831228 -0.99408226]
295.0026354789734,1003,False,4,1,[ 8.12071603 -7.48142908  1.27551203],waiting,[ 0.63925976  0.24903542 -0.34837281]
295.0026354789734,1004,False,0,3,[7.95494655 3.73151736 3.99632035],cruising,[-0.62185191  0.08809385  0.93462812]
295.0026354789734,1005,False,3,6,[-5.94570163  6.24242028  3.99999555],cruising,[ 0.50568378 -0.03156594 -0.11489306]
295.0924823284149,1000,False,1,5,[ 7.91677688 -3.55267425  3.9939406 ],cruising,[-0.82138112 -0.19970136 -0.21083176]
295.0924823284149,1001,False,6,2,[-7.25597075 -1.54893714  3.23273661],landing,[-0.48080528  0.59740651 -0.20557775]
295.0924823284149,1002,False,5,0,[-1.06269784  6.96148232  3.9946263 ],cruising,[ 0.5677905  -0.59831228 -0.99408226]
295.0924823284149,1003,False,4,1,[ 8.12071603 -7.48142908  1.27551203],waiting,[ 0.63925976  0.24903542 -0.34837281]
295.0924823284149,1004,False,0,3,[8.05819136 3.56166006 3.99694527],cruising,[-0.62185191  0.08809385  0.93462812]
295.0924823284149,1005,False,3,6,[-5.81617352  6.37151276  4.00000104],cruising,[ 0.50568378 -0.03156594 -0.11489306]
295.20466327667236,1000,False,1,5,[ 7.83729887 -3.73620421  3.99484951],cruising,[-0.82138112 -0.19970136 -0.21083176]
295.20466327667236,1001,False,6,2,[-7.26552411 -1.52744712  3.13554138],landing,[-0.48080528  0.59740651 -0.20557775]
295.20466327667236,1002,False,5,0,[-0.88463429  6.87041438  3.99543236],cruising,[ 0.5677905  -0.59831228 -0.99408226]
295.20466327667236,1003,False,4,1,[ 8.12071603 -7.48142908  1.27551203],queued,[ 0.63925976  0.24903542 -0.34837281]
295.20466327667236,1004,False,0,3,[8.14371798 3.38252601 3.99748284],cruising,[-0.62185191  0.08809385  0.93462812]
295.20466327667236,1005,False,3,6,[-5.67337825  6.4856392   4.0000053 ],cruising,[ 0.50568378 -0.03156594 -0.11489306]
295.29086995124817,1000,False,1,5,[ 7.74522454 -3.91374946  3.99562208],cruising,[-0.82138112 -0.19970136 -0.21083176]
295.29086995124817,1001,False,6,2,[-7.27507747 -1.50595709  3.03834616],landing,[-0.48080528  0.59740651 -0.20557775]
295.29086995124817,1002,False,5,0,[-0.70991295  6.77308785  3.9961175 ],cruising,[ 0.5677905  -0.59831228 -0.99408226]
295.29086995124817,1003,False,4,1,[ 8.12071603 -7.48142908  1.29551203],queued,[ 0.63925976  0.24903542 -0.34837281]
295.29086995124817,1004,False,0,3,[8.21085354 3.19553321 3.99792639],cruising,[-0.62185191  0.08809385  0.93462812]
295.29086995124817,1005,False,3,6,[-5.51836749  6.58392954  4.00000836],cruising,[ 0.50568378 -0.03156594 -0.11489306]
295.403977394104,1000,False,1,5,[ 7.63850722 -4.08289854  3.99627877],cruising,[-0.82138112 -0.19970136 -0.21083176]
295.403977394104,1001,False,6,2,[-7.28463083 -1.48446707  2.94115093],landing,[-0.48080528  0.59740651 -0.20557775]
295.403977394104,1002,False,5,0,[-0.53686156  6.67282212  3.99669988],cruising,[ 0.5677905  -0.59831228 -0.99408226]
295.403977394104,1003,False,4,1,[ 8.12071603 -7.48142908  1.33551203],queued,[ 0.63925976  0.24903542 -0.34837281]
295.403977394104,1004,False,0,3,[8.25907777 3.00203264 3.99826695],cruising,[-0.62185191  0.08809385  0.93462812]
295.403977394104,1005,False,3,6,[-5.35175255  6.66593053  4.0000102 ],cruising,[ 0.50568378 -0.03156594 -0.11489306]
295.4919545650482,1000,False,1,5,[ 7.51546164 -4.24049863  3.99684209],cruising,[-0.82138112 -0.19970136 -0.21083176]
295.4919545650482,1001,False,6,2,[-7.29418419 -1.46297704  2.8439557 ],landing,[-0.48080528  0.59740651 -0.20557775]
295.4919545650482,1002,False,5,0,[-0.3660881   6.56872397  3.9971949 ],cruising,[ 0.5677905  -0.59831228 -0.99408226]
295.4919545650482,1003,False,4,1,[ 8.12071603 -7.48142908  1.39551203],queued,[ 0.63925976  0.24903542 -0.34837281]
295.4919545650482,1004,False,0,3,[8.29435893 2.80516914 3.99852691],cruising,[-0.62185191  0.08809385  0.93462812]
295.4919545650482,1005,False,3,6,[-5.173958    6.7313479   4.00001077],cruising,[ 0.50568378 -0.03156594 -0.11489306]
295.5950539112091,1000,False,1,5,[ 7.37807137 -4.38416214  3.99736435],cruising,[-0.82138112 -0.19970136 -0.21083176]
295.5950539112091,1001,False,6,2,[-7.30373755 -1.44148702  2.74676048],landing,[-0.48080528  0.59740651 -0.20557775]
295.5950539112091,1002,False,5,0,[-0.19677426  6.46226822  3.99761566],cruising,[ 0.5677905  -0.59831228 -0.99408226]
295.5950539112091,1003,False,4,1,[ 8.12071603 -7.48142908  1.47051203],queued,[ 0.63925976  0.24903542 -0.34837281]
295.5950539112091,1004,False,0,3,[8.32846072 2.60809791 3.99874787],cruising,[-0.62185191  0.08809385  0.93462812]
295.5950539112091,1005,False,3,6,[-4.98504299  6.78014194  4.00001003],cruising,[ 0.50568378 -0.03156594 -0.11489306]
295.69623732566833,1000,False,1,5,[ 7.22811902 -4.51226312  3.99784615],cruising,[-0.82138112 -0.19970136 -0.21083176]
295.69623732566833,1001,False,6,2,[-7.31329091 -1.41999699  2.64956525],landing,[-0.48080528  0.59740651 -0.20557775]
295.69623732566833,1002,False,5,0,[-0.02789341  6.35512694  3.99797331],cruising,[ 0.5677905  -0.59831228 -0.99408226]
295.69623732566833,1003,False,4,1,[ 8.12071603 -7.48142908  1.54551203],queued,[ 0.63925976  0.24903542 -0.34837281]
295.69623732566833,1004,False,0,3,[8.35697232 2.41014062 3.99893569],cruising,[-0.62185191  0.08809385  0.93462812]
295.69623732566833,1005,False,3,6,[-4.78916031  6.82051492  4.00000853],cruising,[ 0.50568378 -0.03156594 -0.11489306]
295.79379081726074,1000,False,1,5,[ 7.06762696 -4.62336666  3.9982888 ],cruising,[-0.82138112 -0.19970136 -0.21083176]
295.79379081726074,1001,False,6,2,[-7.32284427 -1.39850697  2.55237002],landing,[-0.48080528  0.59740651 -0.20557775]
295.79379081726074,1002,False,5,0,[0.14065115 6.24745738 3.99827732],cruising,[ 0.5677905  -0.59831228 -0.99408226]
295.79379081726074,1003,False,4,1,[ 8.12071603 -7.48142908  1.62051203],queued,[ 0.63925976  0.24903542 -0.34837281]
295.79379081726074,1004,False,0,3,[8.38406183 2.21198372 3.99909534],cruising,[-0.62185191  0.08809385  0.93462812]
295.79379081726074,1005,False,3,6,[-4.59421144  6.86517963  4.00000725],cruising,[ 0.50568378 -0.03156594 -0.11489306]
295.89250898361206,1000,False,1,5,[ 6.89875899 -4.71630863  3.9986933 ],cruising,[-0.82138112 -0.19970136 -0.21083176]
295.89250898361206,1001,False,6,2,[-7.33239763 -1.37701695  2.45517479],landing,[-0.48080528  0.59740651 -0.20557775]
295.89250898361206,1002,False,5,0,[0.30944684 6.14018196 3.99853572],cruising,[ 0.5677905  -0.59831228 -0.99408226]
295.89250898361206,1003,False,4,1,[ 8.12071603 -7.48142908  1.69551203],queued,[ 0.63925976  0.24903542 -0.34837281]
295.89250898361206,1004,False,0,3,[8.40612808 2.01320474 3.99923104],cruising,[-0.62185191  0.08809385  0.93462812]
295.89250898361206,1005,False,3,6,[-4.39991748  6.91261229  4.00000616],cruising,[ 0.50568378 -0.03156594 -0.11489306]
295.99055194854736,1000,False,1,5,[ 6.7237347  -4.79022172  3.99905996],cruising,[-0.82138112 -0.19970136 -0.21083176]
295.99055194854736,1001,False,6,2,[-7.341951   -1.35552692  2.35797957],landing,[-0.48080528  0.59740651 -0.20557775]
295.99055194854736,1002,False,5,0,[0.47874908 6.03370778 3.99875536],exiting,[ 0.5677905  -0.59831228 -0.99408226]
295.99055194854736,1003,False,4,1,[ 8.12071603 -7.48142908  1.77051203],queued,[ 0.63925976  0.24903542 -0.34837281]
295.99055194854736,1004,False,0,3,[8.42671296 1.81426691 3.99934638],cruising,[-0.62185191  0.08809385  0.93462812]
295.99055194854736,1005,False,3,6,[-4.20536127  6.95895754  4.00000524],cruising,[ 0.50568378 -0.03156594 -0.11489306]
296.09505701065063,1000,False,1,5,[ 6.54480067 -4.84452072  3.99938852],cruising,[-0.82138112 -0.19970136 -0.21083176]
296.09505701065063,1001,False,6,2,[-7.35150436 -1.3340369   2.26078434],landing,[-0.48080528  0.59740651 -0.20557775]
296.09505701065063,1002,False,5,0,[0.63775051 5.94437691 3.99897541],exiting,[ 0.5677905  -0.59831228 -0.99408226]
296.09505701065063,1003,False,4,1,[ 8.12071603 -7.48142908  1.84551203],queued,[ 0.63925976  0.24903542 -0.34837281]
296.09505701065063,1004,False,0,3,[8.44281167 1.61491588 3.99944442],cruising,[-0.62185191  0.08809385  0.93462812]
296.09505701065063,1005,False,3,6,[-4.01098388  7.00604714  4.00000445],cruising,[ 0.50568378 -0.03156594 -0.11489306]
296.1915259361267,1000,False,1,5,[ 6.36422013 -4.87888764  3.99967816],cruising,[-0.82138112 -0.19970136 -0.21083176]
296.1915259361267,1001,False,6,2,[-7.36105772 -1.31254687  2.16358911],landing,[-0.48080528  0.59740651 -0.20557775]
296.1915259361267,1002,False,5,0,[0.78629503 5.8720946  3.99919297],exiting,[ 0.5677905  -0.59831228 -0.99408226]
296.1915259361267,1003,False,4,1,[ 8.12071603 -7.48142908  1.92051203],queued,[ 0.63925976  0.24903542 -0.34837281]
296.1915259361267,1004,False,0,3,[8.45743155 1.41545095 3.99952776],cruising,[-0.62185191  0.08809385  0.93462812]
296.1915259361267,1005,False,3,6,[-3.81651238  7.05274654  4.00000378],cruising,[ 0.50568378 -0.03156594 -0.11489306]
296.29102420806885,1000,False,1,5,[ 6.18362756 -4.89325461  3.99992764],cruising,[-0.82138112 -0.19970136 -0.21083176]
296.29102420806885,1001,False,6,2,[-7.37061108 -1.29105685  2.06639389],landing,[-0.48080528  0.59740651 -0.20557775]
296.29102420806885,1002,False,5,0,[0.92420801 5.81675247 3.99940479],exiting,[ 0.5677905  -0.59831228 -0.99408226]
296.29102420806885,1003,False,4,1,[ 8.12071603 -7.48142908  1.99551203],queued,[ 0.63925976  0.24903542 -0.34837281]
296.29102420806885,1004,False,0,3,[8.47032165 1.21586677 3.9995986 ],cruising,[-0.62185191  0.08809385  0.93462812]
296.29102420806885,1005,False,3,6,[-3.62171981  7.0980881   4.00000322],cruising,[ 0.50568378 -0.03156594 -0.11489306]
296.39091873168945,1000,False,1,5,[ 6.00392624 -4.8876415   4.00013374],cruising,[-0.82138112 -0.19970136 -0.21083176]
296.39091873168945,1001,False,6,2,[-7.38016444 -1.26956683  1.96919866],landing,[-0.48080528  0.59740651 -0.20557775]
296.39091873168945,1002,False,5,0,[1.05129207 5.77822507 3.99960721],exiting,[ 0.5677905  -0.59831228 -0.99408226]
296.39091873168945,1003,False,4,1,[ 8.12071603 -7.48142908  2.07051203],queued,[ 0.63925976  0.24903542 -0.34837281]
296.39091873168945,1004,False,0,3,[8.47895075 1.01605301 3.99965881],cruising,[-0.62185191  0.08809385  0.93462812]
296.39091873168945,1005,False,3,6,[-3.42590692  7.13879819  4.00000273],cruising,[ 0.50568378 -0.03156594 -0.11489306]
296.4906828403473,1000,False,1,5,[ 5.82629779 -4.86213614  4.00029534],cruising,[-0.82138112 -0.19970136 -0.21083176]
296.4906828403473,1001,False,6,2,[-7.3897178  -1.2480768   1.87200343],landing,[-0.48080528  0.59740651 -0.20557775]
296.4906828403473,1002,False,5,0,[1.16731868 5.75636296 3.99979592],exiting,[ 0.5677905  -0.59831228 -0.99408226]
296.4906828403473,1003,False,4,1,[ 8.12071603 -7.48142908  2.14551203],queued,[ 0.63925976  0.24903542 -0.34837281]
296.4906828403473,1004,False,0,3,[8.48599461 0.81617709 3.99970999],cruising,[-0.62185191  0.08809385  0.93462812]
296.4906828403473,1005,False,3,6,[-3.22957771  7.17694059  4.00000232],cruising,[ 0.50568378 -0.03156594 -0.11489306]
296.59386467933655,1000,False,1,5,[ 5.65125214 -4.81679832  4.00040904],cruising,[-0.82138112 -0.19970136 -0.21083176]
296.59386467933655,1001,False,6,2,[-7.39927116 -1.22658678  1.77480821],landing,[-0.48080528  0.59740651 -0.20557775]
296.59386467933655,1002,False,5,0,[1.27200811 5.75097715 3.99996559],exiting,[ 0.5677905  -0.59831228 -0.99408226]
296.59386467933655,1003,False,4,1,[ 8.12071603 -7.48142908  2.22051203],queued,[ 0.63925976  0.24903542 -0.34837281]
296.59386467933655,1004,False,0,3,[8.49127406 0.61624678 3.99975349],cruising,[-0.62185191  0.08809385  0.93462812]
296.59386467933655,1005,False,3,6,[-3.03262096  7.21169742  4.00000198],cruising,[ 0.50568378 -0.03156594 -0.11489306]
296.69105410575867,1000,False,1,5,[ 5.47949729 -4.75173315  4.00047344],cruising,[-0.82138112 -0.19970136 -0.21083176]
296.69105410575867,1001,False,6,2,[-7.40882452 -1.20509675  1.67761298],landing,[-0.48080528  0.59740651 -0.20557775]
296.69105410575867,1002,False,5,0,[1.36497266 5.761794   4.00010878],exiting,[ 0.5677905  -0.59831228 -0.99408226]
296.69105410575867,1003,False,4,1,[ 8.12071603 -7.48142908  2.29551203],queued,[ 0.63925976  0.24903542 -0.34837281]
296.69105410575867,1004,False,0,3,[8.492536   0.41625076 3.99979046],cruising,[-0.62185191  0.08809385  0.93462812]
296.69105410575867,1005,False,3,6,[-2.83455676  7.23945659  4.00000168],cruising,[ 0.50568378 -0.03156594 -0.11489306]
296.79595375061035,1000,False,1,5,[ 5.31078598 -4.66690099  4.00048336],cruising,[-0.82138112 -0.19970136 -0.21083176]
296.79595375061035,1001,False,6,2,[-7.41837788 -1.18360673  1.58041775],landing,[-0.48080528  0.59740651 -0.20557775]
296.79595375061035,1002,False,5,0,[1.44597441 5.78863866 4.00022112],exiting,[ 0.5677905  -0.59831228 -0.99408226]
296.79595375061035,1003,False,4,1,[ 8.12071603 -7.48142908  2.37051203],queued,[ 0.63925976  0.24903542 -0.34837281]
296.79595375061035,1004,False,0,3,[8.49218229 0.21625107 3.99982189],cruising,[-0.62185191  0.08809385  0.93462812]
296.79595375061035,1005,False,3,6,[-2.6358913   7.26252249  4.00000143],cruising,[ 0.50568378 -0.03156594 -0.11489306]
296.8911316394806,1000,False,1,5,[ 5.14452066 -4.56221905  4.00043437],cruising,[-0.82138112 -0.19970136 -0.21083176]
296.8911316394806,1001,False,6,2,[-7.42793124 -1.1621167   1.48322252],fake_landed,[-0.48080528  0.59740651 -0.20557775]
296.8911316394806,1002,False,5,0,[1.51477331 5.83132912 4.00029856],exiting,[ 0.5677905  -0.59831228 -0.99408226]
296.8911316394806,1003,False,4,1,[ 8.12071603 -7.48142908  2.44551203],entering,[ 0.63925976  0.24903542 -0.34837281]
296.8911316394806,1004,False,0,3,[8.49005425 0.0162624  3.99984861],cruising,[-0.62185191  0.08809385  0.93462812]
296.8911316394806,1005,False,3,6,[-2.43637776  7.2764633   4.00000121],cruising,[ 0.50568378 -0.03156594 -0.11489306]
296.991468667984,1000,False,1,5,[ 4.97458127 -4.45676477  4.00036921],cruising,[-0.82138112 -0.19970136 -0.21083176]
296.991468667984,1001,False,6,2,[-7.43557393 -1.14492468  1.40546634],fake_landed,[-0.48080528  0.59740651 -0.20557775]
296.991468667984,1002,False,5,0,[1.57112725 5.88967592 4.00033766],exiting,[ 0.5677905  -0.59831228 -0.99408226]
296.991468667984,1003,False,4,1,[ 8.1092238  -7.46506056  2.52051203],entering,[ 0.63925976  0.24903542 -0.34837281]
296.991468667984,1004,False,0,3,[ 8.48602602 -0.18369703  3.99987132],cruising,[-0.62185191  0.08809385  0.93462812]
296.991468667984,1005,False,3,6,[-2.23640707  7.27988714  4.00000103],cruising,[ 0.50568378 -0.03156594 -0.11489306]
297.0908043384552,1000,False,1,5,[ 4.80140994 -4.35670634  4.00031383],cruising,[-0.82138112 -0.19970136 -0.21083176]
297.0908043384552,1001,False,6,2,[-7.44130595 -1.13203067  1.34714921],fake_landed,[-0.48080528  0.59740651 -0.20557775]
297.0908043384552,1002,False,5,0,[1.61479198 5.96348178 4.00033627],exiting,[ 0.5677905  -0.59831228 -0.99408226]
297.0908043384552,1003,False,4,1,[ 8.08623933 -7.43232351  2.59551203],entering,[ 0.63925976  0.24903542 -0.34837281]
297.0908043384552,1004,False,0,3,[ 8.47792064 -0.38353272  3.99989062],cruising,[-0.62185191  0.08809385  0.93462812]
297.0908043384552,1005,False,3,6,[-2.03689381  7.2659422   4.00000088],cruising,[ 0.50568378 -0.03156594 -0.11489306]
297.19220542907715,1000,False,1,5,[ 4.62473356 -4.26297556  4.00026676],cruising,[-0.82138112 -0.19970136 -0.21083176]
297.19220542907715,1001,False,6,2,[-7.44512729 -1.12343466  1.30827112],fake_landed,[-0.48080528  0.59740651 -0.20557775]
297.19220542907715,1002,False,5,0,[1.64552104 6.05254107 4.00029523],exiting,[ 0.5677905  -0.59831228 -0.99408226]
297.19220542907715,1003,False,4,1,[ 8.05176263 -7.38321794  2.67051203],entering,[ 0.63925976  0.24903542 -0.34837281]
297.19220542907715,1004,False,0,3,[ 8.46806724 -0.58328985  3.99990703],cruising,[-0.62185191  0.08809385  0.93462812]
297.19220542907715,1005,False,3,6,[-1.83959924  7.23315729  4.00000075],cruising,[ 0.50568378 -0.03156594 -0.11489306]
297.294992685318,1000,False,1,5,[ 4.44621872 -4.17279545  4.00022674],cruising,[-0.82138112 -0.19970136 -0.21083176]
297.294992685318,1001,False,6,2,[-7.44703796 -1.11913666  1.28883207],fake_landed,[-0.48080528  0.59740651 -0.20557775]
297.294992685318,1002,False,5,0,[1.66913861 6.1497121  4.00024051],exiting,[ 0.5677905  -0.59831228 -0.99408226]
297.294992685318,1003,False,4,1,[ 8.00579369 -7.31774384  2.74551203],entering,[ 0.63925976  0.24903542 -0.34837281]
297.294992685318,1004,False,0,3,[ 8.45630919 -0.78294392  3.99992097],cruising,[-0.62185191  0.08809385  0.93462812]
297.294992685318,1005,False,3,6,[-1.64576688  7.18387223  4.00000063],cruising,[ 0.50568378 -0.03156594 -0.11489306]
297.3972735404968,1000,False,1,5,[ 4.26563272 -4.08683792  4.00019273],cruising,[-0.82138112 -0.19970136 -0.21083176]
297.3972735404968,1001,False,2,4,[-7.44703796 -1.11913666  1.28883207],waiting,[-0.48080528  0.59740651 -0.20557775]
297.3972735404968,1002,False,5,0,[1.69275619 6.24688314 4.00019563],exiting,[ 0.5677905  -0.59831228 -0.99408226]
297.3972735404968,1003,False,4,1,[ 7.94833253 -7.23590123  2.82051203],entering,[ 0.63925976  0.24903542 -0.34837281]
297.3972735404968,1004,False,0,3,[ 8.44043572 -0.98231301  3.99993283],cruising,[-0.62185191  0.08809385  0.93462812]
297.3972735404968,1005,False,3,6,[-1.45460345  7.12507987  4.00000054],cruising,[ 0.50568378 -0.03156594 -0.11489306]
297.49109148979187,1000,False,1,5,[ 4.08402511 -4.00306038  4.00016382],cruising,[-0.82138112 -0.19970136 -0.21083176]
297.49109148979187,1001,False,2,4,[-7.44703796 -1.11913666  1.28883207],waiting,[-0.48080528  0.59740651 -0.20557775]
297.49109148979187,1002,False,5,0,[1.71637376 6.34405417 4.00015885],exiting,[ 0.5677905  -0.59831228 -0.99408226]
297.49109148979187,1003,False,4,1,[ 7.87937912 -7.13769008  2.89551203],entering,[ 0.63925976  0.24903542 -0.34837281]
297.49109148979187,1004,False,0,3,[ 8.42270467 -1.18152549  3.9999429 ],cruising,[-0.62185191  0.08809385  0.93462812]
297.49109148979187,1005,False,3,6,[-1.2680258   7.05304667  4.00000046],cruising,[ 0.50568378 -0.03156594 -0.11489306]
297.59113574028015,1000,False,1,5,[ 3.90117841 -3.92202284  4.00013925],cruising,[-0.82138112 -0.19970136 -0.21083176]
297.59113574028015,1001,False,2,4,[-7.44703796 -1.11913666  1.28883207],waiting,[-0.48080528  0.59740651 -0.20557775]
297.59113574028015,1002,False,5,0,[1.73999134 6.44122521 4.00012875],exiting,[ 0.5677905  -0.59831228 -0.99408226]
297.59113574028015,1003,False,4,1,[ 7.79901552 -7.02305313  2.97051203],entering,[ 0.63925976  0.24903542 -0.34837281]
297.59113574028015,1004,False,0,3,[ 8.40292321 -1.38054482  3.99995147],cruising,[-0.62185191  0.08809385  0.93462812]
297.59113574028015,1005,False,3,6,[-1.08586673  6.97047504  4.00000039],cruising,[ 0.50568378 -0.03156594 -0.11489306]
297.69243836402893,1000,False,1,5,[ 3.7177085  -3.84240631  4.00011836],cruising,[-0.82138112 -0.19970136 -0.21083176]
297.69243836402893,1001,False,2,4,[-7.44703796 -1.11913666  1.28883207],waiting,[-0.48080528  0.59740651 -0.20557775]
297.69243836402893,1002,False,5,0,[1.76360892 6.53839624 4.00010414],exiting,[ 0.5677905  -0.59831228 -0.99408226]
297.69243836402893,1003,False,4,1,[ 7.70643887 -6.8925782   3.04551203],entering,[ 0.63925976  0.24903542 -0.34837281]
297.69243836402893,1004,False,0,3,[ 8.3809153  -1.57933026  3.99995875],cruising,[-0.62185191  0.08809385  0.93462812]
297.69243836402893,1005,False,3,6,[-0.90763882  6.87972917  4.00000033],cruising,[ 0.50568378 -0.03156594 -0.11489306]
297.7917973995209,1000,False,1,5,[ 3.53345087 -3.76463018  4.00010061],cruising,[-0.82138112 -0.19970136 -0.21083176]
297.7917973995209,1001,False,2,4,[-7.44703796 -1.11913666  1.28883207],waiting,[-0.48080528  0.59740651 -0.20557775]
297.7917973995209,1002,False,5,0,[1.78722649 6.63556728 4.00008405],exiting,[ 0.5677905  -0.59831228 -0.99408226]
297.7917973995209,1003,False,4,1,[ 7.60095784 -6.74682331  3.12051203],entering,[ 0.63925976  0.24903542 -0.34837281]
297.7917973995209,1004,False,0,3,[ 8.35412209 -1.77752744  3.99996494],cruising,[-0.62185191  0.08809385  0.93462812]
297.7917973995209,1005,False,3,6,[-0.73155214  6.78489521  4.00000028],cruising,[ 0.50568378 -0.03156594 -0.11489306]
297.894526720047,1000,False,1,5,[ 3.34870747 -3.68801508  4.00008552],cruising,[-0.82138112 -0.19970136 -0.21083176]
297.894526720047,1001,False,2,4,[-7.44703796 -1.11913666  1.28883207],waiting,[-0.48080528  0.59740651 -0.20557775]
297.894526720047,1002,False,5,0,[1.81084407 6.73273831 4.00006768],exiting,[ 0.5677905  -0.59831228 -0.99408226]
297.894526720047,1003,False,4,1,[ 7.48249105 -6.58585758  3.19551203],entering,[ 0.63925976  0.24903542 -0.34837281]
297.894526720047,1004,False,0,3,[ 8.32507115 -1.9754063   3.9999702 ],cruising,[-0.62185191  0.08809385  0.93462812]
297.894526720047,1005,False,3,6,[-0.55850263  6.68462623  4.00000024],cruising,[ 0.50568378 -0.03156594 -0.11489306]
297.9925401210785,1000,False,1,5,[ 3.16341637 -3.6127342   4.00007269],cruising,[-0.82138112 -0.19970136 -0.21083176]
297.9925401210785,1001,False,2,4,[-7.44703796 -1.11913666  1.28883207],waiting,[-0.48080528  0.59740651 -0.20557775]
297.9925401210785,1002,False,5,0,[1.83446164 6.82990935 4.00005435],exiting,[ 0.5677905  -0.59831228 -0.99408226]
297.9925401210785,1003,False,4,1,[ 7.36351813 -6.4250924   3.27051203],entering,[ 0.63925976  0.24903542 -0.34837281]
297.9925401210785,1004,False,0,3,[ 8.29350896 -2.17290017  3.99997467],cruising,[-0.62185191  0.08809385  0.93462812]
297.9925401210785,1005,False,3,6,[-0.38766439  6.58063443  4.0000002 ],cruising,[ 0.50568378 -0.03156594 -0.11489306]
298.09481263160706,1000,False,1,5,[ 2.97759042 -3.53878344  4.00006179],cruising,[-0.82138112 -0.19970136 -0.21083176]
298.09481263160706,1001,False,2,4,[-7.44703796 -1.11913666  1.28883207],waiting,[-0.48080528  0.59740651 -0.20557775]
298.09481263160706,1002,False,5,0,[1.85807922 6.92708038 4.00004352],exiting,[ 0.5677905  -0.59831228 -0.99408226]
298.09481263160706,1003,False,4,1,[ 7.24093975 -6.26705905  3.34551203],entering,[ 0.63925976  0.24903542 -0.34837281]
298.09481263160706,1004,False,0,3,[ 8.25638683 -2.36942484  3.99997847],cruising,[-0.62185191  0.08809385  0.93462812]
298.09481263160706,1005,False,3,6,[-0.21773583  6.47516271  4.00000017],cruising,[ 0.50568378 -0.03156594 -0.11489306]
298.1982800960541,1000,False,1,5,[ 2.79114753 -3.46640215  4.00005252],cruising,[-0.82138112 -0.19970136 -0.21083176]
298.1982800960541,1001,False,2,4,[-7.44703796 -1.11913666  1.28883207],waiting,[-0.48080528  0.59740651 -0.20557775]
298.1982800960541,1002,False,5,0,[1.88169679 7.02425142 4.00003474],exiting,[ 0.5677905  -0.59831228 -0.99408226]
298.1982800960541,1003,False,4,1,[ 7.11932535 -6.10828267  3.42051203],entering,[ 0.63925976  0.24903542 -0.34837281]
298.1982800960541,1004,False,0,3,[ 8.21654901 -2.56541706  3.9999817 ],cruising,[-0.62185191  0.08809385  0.93462812]
298.1982800960541,1005,False,3,6,[-0.04886364  6.36800776  4.00000015],cruising,[ 0.50568378 -0.03156594 -0.11489306]
298.29958629608154,1000,False,1,5,[ 2.60420722 -3.39531545  4.00004464],cruising,[-0.82138112 -0.19970136 -0.21083176]
298.29958629608154,1001,False,2,4,[-7.44703796 -1.11913666  1.28883207],waiting,[-0.48080528  0.59740651 -0.20557775]
298.29958629608154,1002,False,5,0,[1.90531437 7.12142245 4.00002763],exiting,[ 0.5677905  -0.59831228 -0.99408226]
298.29958629608154,1003,False,4,1,[ 6.99226992 -5.95382582  3.49551203],entering,[ 0.63925976  0.24903542 -0.34837281]
298.29958629608154,1004,False,0,3,[ 8.17046319 -2.76003488  3.99998444],cruising,[-0.62185191  0.08809385  0.93462812]
298.29958629608154,1005,False,3,6,[0.11982812 6.26056898 4.00000012],cruising,[ 0.50568378 -0.03156594 -0.11489306]
298.39161229133606,1000,False,1,5,[ 2.41646562 -3.32637277  4.00003794],cruising,[-0.82138112 -0.19970136 -0.21083176]
298.39161229133606,1001,False,2,4,[-7.44703796 -1.11913666  1.28883207],waiting,[-0.48080528  0.59740651 -0.20557775]
298.39161229133606,1002,False,5,0,[1.92893195 7.21859349 4.00002189],exiting,[ 0.5677905  -0.59831228 -0.99408226]
298.39161229133606,1003,False,4,1,[ 6.8640191  -5.8003601   3.57051203],entering,[ 0.63925976  0.24903542 -0.34837281]
298.39161229133606,1004,False,0,3,[ 8.12121007 -2.95387536  3.99998678],cruising,[-0.62185191  0.08809385  0.93462812]
298.39161229133606,1005,False,3,6,[0.2886044  6.15326303 4.00000011],cruising,[ 0.50568378 -0.03156594 -0.11489306]
298.49216985702515,1000,False,1,5,[ 2.22778011 -3.26005704  4.00003225],cruising,[-0.82138112 -0.19970136 -0.21083176]
298.49216985702515,1001,False,2,4,[-7.44703796 -1.11913666  1.28883207],waiting,[-0.48080528  0.59740651 -0.20557775]
298.49216985702515,1002,False,5,0,[1.95254952 7.31576453 4.00001726],exiting,[ 0.5677905  -0.59831228 -0.99408226]
298.49216985702515,1003,False,4,1,[ 6.7341359  -5.64827343  3.63493522],entering,[ 0.63925976  0.24903542 -0.34837281]
298.49216985702515,1004,False,0,3,[ 8.06451149 -3.14567022  3.99998876],cruising,[-0.62185191  0.08809385  0.93462812]
298.49216985702515,1005,False,3,6,[0.45788548 6.0467552  4.00000009],cruising,[ 0.50568378 -0.03156594 -0.11489306]
298.60367035865784,1000,False,1,5,[ 2.0384884  -3.19549197  4.00002741],cruising,[-0.82138112 -0.19970136 -0.21083176]
298.60367035865784,1001,False,2,4,[-7.44703796 -1.11913666  1.28883207],waiting,[-0.48080528  0.59740651 -0.20557775]
298.60367035865784,1002,False,5,0,[1.9761671  7.41293556 4.00001355],exiting,[ 0.5677905  -0.59831228 -0.99408226]
298.60367035865784,1003,False,4,1,[ 6.5973429  -5.50237047  3.68969494],entering,[ 0.63925976  0.24903542 -0.34837281]
298.60367035865784,1004,False,0,3,[ 8.00390829 -3.33626732  3.99999045],cruising,[-0.62185191  0.08809385  0.93462812]
298.60367035865784,1005,False,3,6,[0.6279344  5.94147765 4.00000008],cruising,[ 0.50568378 -0.03156594 -0.11489306]
298.70526242256165,1000,False,1,5,[ 1.847919   -3.13480174  4.0000233 ],cruising,[-0.82138112 -0.19970136 -0.21083176]
298.70526242256165,1001,False,2,4,[-7.44703796 -1.11913666  1.28883207],waiting,[-0.48080528  0.59740651 -0.20557775]
298.70526242256165,1002,False,5,0,[1.99978467 7.5101066  4.00001057],exiting,[ 0.5677905  -0.59831228 -0.99408226]
298.70526242256165,1003,False,4,1,[ 6.45581267 -5.36105807  3.7362407 ],entering,[ 0.63925976  0.24903542 -0.34837281]
298.70526242256165,1004,False,0,3,[ 7.93395804 -3.52363584  3.99999188],cruising,[-0.62185191  0.08809385  0.93462812]
298.70526242256165,1005,False,3,6,[0.79951877 5.83872161 4.00000007],cruising,[ 0.50568378 -0.03156594 -0.11489306]
298.79206442832947,1000,False,1,5,[ 1.65588817 -3.07890755  4.00001981],cruising,[-0.82138112 -0.19970136 -0.21083176]
298.79206442832947,1001,False,2,4,[-7.44703796 -1.11913666  1.28883207],waiting,[-0.48080528  0.59740651 -0.20557775]
298.79206442832947,1002,False,5,0,[2.02340225 7.60727763 4.00000819],exiting,[ 0.5677905  -0.59831228 -0.99408226]
298.79206442832947,1003,False,4,1,[ 6.31189621 -5.22217663  3.77580459],entering,[ 0.63925976  0.24903542 -0.34837281]
298.79206442832947,1004,False,0,3,[ 7.85359236 -3.70677883  3.9999931 ],cruising,[-0.62185191  0.08809385  0.93462812]
298.79206442832947,1005,False,3,6,[0.97244992 5.73824864 4.00000006],cruising,[ 0.50568378 -0.03156594 -0.11489306]
298.8915681838989,1000,False,1,5,[ 1.46220373 -3.02904435  4.00001684],cruising,[-0.82138112 -0.19970136 -0.21083176]
298.8915681838989,1001,False,2,4,[-7.44703796 -1.11913666  1.28883207],waiting,[-0.48080528  0.59740651 -0.20557775]
298.8915681838989,1002,False,5,0,[2.04701982 7.70444867 4.0000063 ],exiting,[ 0.5677905  -0.59831228 -0.99408226]
298.8915681838989,1003,False,4,1,[ 6.16108068 -5.09081958  3.80943391],entering,[ 0.63925976  0.24903542 -0.34837281]
298.8915681838989,1004,False,0,3,[ 7.7612463  -3.88418291  3.99999413],cruising,[-0.62185191  0.08809385  0.93462812]
298.8915681838989,1005,False,3,6,[1.14774838 5.64196547 4.00000005],cruising,[ 0.50568378 -0.03156594 -0.11489306]
298.9959044456482,1000,False,1,5,[ 1.26669315 -2.98690631  4.00001431],cruising,[-0.82138112 -0.19970136 -0.21083176]
298.9959044456482,1001,False,2,4,[-7.44703796 -1.11913666  1.28883207],waiting,[-0.48080528  0.59740651 -0.20557775]
298.9959044456482,1002,False,5,0,[2.0706374  7.8016197  4.00000479],exiting,[ 0.5677905  -0.59831228 -0.99408226]
298.9959044456482,1003,False,4,1,[ 6.00325328 -4.96797614  3.83801882],cruising,[ 0.63925976  0.24903542 -0.34837281]
298.9959044456482,1004,False,0,3,[ 7.6547991  -4.05350211  3.99999501],cruising,[-0.62185191  0.08809385  0.93462812]
298.9959044456482,1005,False,3,6,[1.32484421 5.54902965 4.00000004],cruising,[ 0.50568378 -0.03156594 -0.11489306]
299.1055910587311,1000,False,1,5,[ 1.0692763  -2.95486593  4.00001216],cruising,[-0.82138112 -0.19970136 -0.21083176]
299.1055910587311,1001,False,2,4,[-7.44703796 -1.11913666  1.28883207],waiting,[-0.48080528  0.59740651 -0.20557775]
299.1055910587311,1002,False,5,0,[2.09425498 7.89879074 4.00000361],exiting,[ 0.5677905  -0.59831228 -0.99408226]
299.1055910587311,1003,False,4,1,[ 5.84169579 -4.85008136  3.862316  ],cruising,[ 0.63925976  0.24903542 -0.34837281]
299.1055910587311,1004,False,0,3,[ 7.53198708 -4.2113238   3.99999576],cruising,[-0.62185191  0.08809385  0.93462812]
299.1055910587311,1005,False,3,6,[1.50395295 5.46003493 4.00000003],cruising,[ 0.50568378 -0.03156594 -0.11489306]
299.19565534591675,1000,False,1,5,[ 0.86968588 -2.94270708  4.00001033],cruising,[-0.82138112 -0.19970136 -0.21083176]
299.19565534591675,1001,False,2,4,[-7.44703796 -1.11913666  1.28883207],waiting,[-0.48080528  0.59740651 -0.20557775]
299.19565534591675,1002,False,5,0,[2.11787255 7.99596177 4.00000268],exiting,[ 0.5677905  -0.59831228 -0.99408226]
299.19565534591675,1003,False,4,1,[ 5.67376978 -4.74144963  3.8829686 ],cruising,[ 0.63925976  0.24903542 -0.34837281]
299.19565534591675,1004,False,0,3,[ 7.39424101 -4.35584233  3.99999643],cruising,[-0.62185191  0.08809385  0.93462812]
299.19565534591675,1005,False,3,6,[1.6862949  5.37786794 4.00000003],cruising,[ 0.50568378 -0.03156594 -0.11489306]
299.2912218570709,1000,False,1,5,[ 0.66968724 -2.94197025  4.00000878],cruising,[-0.82138112 -0.19970136 -0.21083176]
299.2912218570709,1001,False,2,4,[-7.44703796 -1.11913666  1.28883207],waiting,[-0.48080528  0.59740651 -0.20557775]
299.2912218570709,1002,False,5,0,[2.14149013 8.09313281 4.00000196],exiting,[ 0.5677905  -0.59831228 -0.99408226]
299.2912218570709,1003,False,4,1,[ 5.50259333 -4.63801548  3.90052331],cruising,[ 0.63925976  0.24903542 -0.34837281]
299.2912218570709,1004,False,0,3,[ 7.24400965 -4.48473659  3.99999705],cruising,[-0.62185191  0.08809385  0.93462812]
299.2912218570709,1005,False,3,6,[1.87083178 5.30075674 4.00000002],cruising,[ 0.50568378 -0.03156594 -0.11489306]
299.3973045349121,1000,False,1,5,[ 0.4702411  -2.95684441  4.00000746],cruising,[-0.82138112 -0.19970136 -0.21083176]
299.3973045349121,1001,False,2,4,[-7.44703796 -1.11913666  1.28883207],waiting,[-0.48080528  0.59740651 -0.20557775]
299.3973045349121,1002,False,5,0,[2.1651077  8.19030384 4.0000014 ],exiting,[ 0.5677905  -0.59831228 -0.99408226]
299.3973045349121,1003,False,4,1,[ 5.32695894 -4.54234646  3.91544481],cruising,[ 0.63925976  0.24903542 -0.34837281]
299.3973045349121,1004,False,0,3,[ 7.08320947 -4.59665146  3.99999762],cruising,[-0.62185191  0.08809385  0.93462812]
299.3973045349121,1005,False,3,6,[2.05767059 5.22940366 4.00000002],cruising,[ 0.50568378 -0.03156594 -0.11489306]
299.4960231781006,1000,False,1,5,[ 0.27247199 -2.98663332  4.00000634],cruising,[-0.82138112 -0.19970136 -0.21083176]
299.4960231781006,1001,False,2,4,[-7.44703796 -1.11913666  1.28883207],waiting,[-0.48080528  0.59740651 -0.20557775]
299.4960231781006,1002,False,5,0,[2.18872528 8.28747488 4.00000096],exiting,[ 0.5677905  -0.59831228 -0.99408226]
299.4960231781006,1003,False,4,1,[ 5.14934221 -4.45041008  3.92812809],cruising,[ 0.63925976  0.24903542 -0.34837281]
299.4960231781006,1004,False,0,3,[ 6.9138998  -4.69046692  3.99999815],cruising,[-0.62185191  0.08809385  0.93462812]
299.4960231781006,1005,False,3,6,[2.24826777 5.16880075 4.00000002],cruising,[ 0.50568378 -0.03156594 -0.11489306]
299.5966031551361,1000,False,1,5,[ 0.0783249  -3.03466358  4.00000539],cruising,[-0.82138112 -0.19970136 -0.21083176]
299.5966031551361,1001,False,2,4,[-7.44703796 -1.11913666  1.28883207],waiting,[-0.48080528  0.59740651 -0.20557775]
299.5966031551361,1002,False,5,0,[2.21234285 8.38464591 4.00000064],exiting,[ 0.5677905  -0.59831228 -0.99408226]
299.5966031551361,1003,False,4,1,[ 4.96900313 -4.36393571  3.93890888],cruising,[ 0.63925976  0.24903542 -0.34837281]
299.5966031551361,1004,False,0,3,[ 6.73822991 -4.76532064  3.99999863],cruising,[-0.62185191  0.08809385  0.93462812]
299.5966031551361,1005,False,3,6,[2.44181115 5.1183928  4.00000002],cruising,[ 0.50568378 -0.03156594 -0.11489306]
299.69516587257385,1000,False,1,5,[-0.11259206 -3.09425144  4.00000458],cruising,[-0.82138112 -0.19970136 -0.21083176]
299.69516587257385,1001,False,2,4,[-7.44703796 -1.11913666  1.28883207],waiting,[-0.48080528  0.59740651 -0.20557775]
299.69516587257385,1002,False,5,0,[2.23596043 8.48181695 4.00000039],exiting,[ 0.5677905  -0.59831228 -0.99408226]
299.69516587257385,1003,False,4,1,[ 4.78767462 -4.27955578  3.94807254],cruising,[ 0.63925976  0.24903542 -0.34837281]
299.69516587257385,1004,False,0,3,[ 6.55838665 -4.82061463  3.99999907],cruising,[-0.62185191  0.08809385  0.93462812]
299.69516587257385,1005,False,3,6,[2.63742702 5.07674629 4.00000001],cruising,[ 0.50568378 -0.03156594 -0.11489306]
299.79489493370056,1000,False,1,5,[-0.29999249 -3.16411615  4.00000389],cruising,[-0.82138112 -0.19970136 -0.21083176]
299.79489493370056,1001,False,2,4,[-7.44703796 -1.11913666  1.28883207],queued,[-0.48080528  0.59740651 -0.20557775]
299.79489493370056,1002,False,5,0,[2.25957801 8.57898799 4.00000022],exiting,[ 0.5677905  -0.59831228 -0.99408226]
299.79489493370056,1003,False,4,1,[ 4.60547565 -4.19707225  3.95586166],cruising,[ 0.63925976  0.24903542 -0.34837281]
299.79489493370056,1004,False,0,3,[ 6.37657685 -4.85600553  3.99999945],cruising,[-0.62185191  0.08809385  0.93462812]
299.79489493370056,1005,False,3,6,[2.83446835 5.04247217 4.00000001],cruising,[ 0.50568378 -0.03156594 -0.11489306]
299.8909766674042,1000,False,1,5,[-0.48281977 -3.24519751  4.00000331],cruising,[-0.82138112 -0.19970136 -0.21083176]
299.8909766674042,1001,False,2,4,[-7.44703796 -1.11913666  1.30883207],queued,[-0.48080528  0.59740651 -0.20557775]
299.8909766674042,1002,False,5,0,[2.28319558 8.67615902 4.00000009],landing,[ 0.5677905  -0.59831228 -0.99408226]
299.8909766674042,1003,False,4,1,[ 4.42198505 -4.11750341  3.96248241],cruising,[ 0.63925976  0.24903542 -0.34837281]
299.8909766674042,1004,False,0,3,[ 6.19422562 -4.87140377  3.99999978],cruising,[-0.62185191  0.08809385  0.93462812]
299.8909766674042,1005,False,3,6,[3.03247094 5.01427694 4.00000001],cruising,[ 0.50568378 -0.03156594 -0.11489306]
299.99081206321716,1000,False,1,5,[-0.66225446 -3.3335332   4.00000281],cruising,[-0.82138112 -0.19970136 -0.21083176]
299.99081206321716,1001,False,2,4,[-7.44703796 -1.11913666  1.34883207],queued,[-0.48080528  0.59740651 -0.20557775]
299.99081206321716,1002,False,5,0,[2.30651487 8.75884457 3.98621295],landing,[ 0.5677905  -0.59831228 -0.99408226]
299.99081206321716,1003,False,4,1,[ 4.23809467 -4.03886291  3.96811005],cruising,[ 0.63925976  0.24903542 -0.34837281]
299.99081206321716,1004,False,0,3,[ 6.0127575  -4.86682151  4.00000006],cruising,[-0.62185191  0.08809385  0.93462812]
299.99081206321716,1005,False,3,6,[3.23111003 4.99098498 4.00000001],cruising,[ 0.50568378 -0.03156594 -0.11489306]
300.09110474586487,1000,False,1,5,[-0.84012403 -3.42497944  4.00000239],cruising,[-0.82138112 -0.19970136 -0.21083176]
300.09110474586487,1001,False,2,4,[-7.44703796 -1.11913666  1.40883207],queued,[-0.48080528  0.59740651 -0.20557775]
300.09110474586487,1002,False,5,0,[2.32945943 8.82688998 3.95880503],landing,[ 0.5677905  -0.59831228 -0.99408226]
300.09110474586487,1003,False,4,1,[ 4.05344532 -3.9620214   3.97289354],cruising,[ 0.63925976  0.24903542 -0.34837281]
300.09110474586487,1004,False,0,3,[ 5.83335522 -4.84234624  4.00000027],cruising,[-0.62185191  0.08809385  0.93462812]
300.09110474586487,1005,False,3,6,[3.43016275 4.97154239 4.00000001],cruising,[ 0.50568378 -0.03156594 -0.11489306]
300.1911783218384,1000,False,1,5,[-1.01879976 -3.51484036  4.00000203],cruising,[-0.82138112 -0.19970136 -0.21083176]
300.1911783218384,1001,False,2,4,[-7.44703796 -1.11913666  1.48383207],queued,[-0.48080528  0.59740651 -0.20557775]
300.1911783218384,1002,False,5,0,[2.35193902 8.88011525 3.9179752 ],landing,[ 0.5677905  -0.59831228 -0.99408226]
300.1911783218384,1003,False,4,1,[ 3.86858534 -3.88568801  3.97695951],cruising,[ 0.63925976  0.24903542 -0.34837281]
300.1911783218384,1004,False,0,3,[ 5.65654502 -4.79803964  4.00000043],cruising,[-0.62185191  0.08809385  0.93462812]
300.1911783218384,1005,False,3,6,[3.62947827 4.95500989 4.00000001],cruising,[ 0.50568378 -0.03156594 -0.11489306]
300.29100155830383,1000,False,1,5,[-1.20214382 -3.59474627  4.00000173],cruising,[-0.82138112 -0.19970136 -0.21083176]
300.29100155830383,1001,False,2,4,[-7.44703796 -1.11913666  1.55883207],queued,[-0.48080528  0.59740651 -0.20557775]
300.29100155830383,1002,False,5,0,[2.37383136 8.91828089 3.86399766],landing,[ 0.5677905  -0.59831228 -0.99408226]
300.29100155830383,1003,False,4,1,[ 3.68324237 -3.81053493  3.98041559],cruising,[ 0.63925976  0.24903542 -0.34837281]
300.29100155830383,1004,False,0,3,[ 5.48305138 -4.73400995  4.00000052],cruising,[-0.62185191  0.08809385  0.93462812]
300.29100155830383,1005,False,3,6,[3.82895484 4.94054966 4.        ],cruising,[ 0.50568378 -0.03156594 -0.11489306]
300.3944890499115,1000,False,1,5,[-1.39238815 -3.65588023  4.00000146],cruising,[-0.82138112 -0.19970136 -0.21083176]
300.3944890499115,1001,False,2,4,[-7.44703796 -1.11913666  1.63383207],queued,[-0.48080528  0.59740651 -0.20557775]
300.3944890499115,1002,False,5,0,[2.3950236  8.94117046 3.79713013],landing,[ 0.5677905  -0.59831228 -0.99408226]
300.3944890499115,1003,False,4,1,[ 3.49770553 -3.73586177  3.98335325],cruising,[ 0.63925976  0.24903542 -0.34837281]
300.3944890499115,1004,False,0,3,[ 5.31265955 -4.65022226  4.00000054],cruising,[-0.62185191  0.08809385  0.93462812]
300.3944890499115,1005,False,3,6,[4.02852271 4.92740954 4.        ],cruising,[ 0.50568378 -0.03156594 -0.11489306]
300.4923982620239,1000,False,1,5,[-1.586387   -3.69736976  4.00000121],cruising,[-0.82138112 -0.19970136 -0.21083176]
300.4923982620239,1001,False,2,4,[-7.44703796 -1.11913666  1.70883207],queued,[-0.48080528  0.59740651 -0.20557775]
300.4923982620239,1002,False,5,0,[2.4154157  8.94859578 3.71760492],landing,[ 0.5677905  -0.59831228 -0.99408226]
300.4923982620239,1003,False,4,1,[ 3.31180737 -3.66209271  3.98585026],cruising,[ 0.63925976  0.24903542 -0.34837281]
300.4923982620239,1004,False,0,3,[ 5.1448179  -4.54659782  4.00000049],cruising,[-0.62185191  0.08809385  0.93462812]
300.4923982620239,1005,False,3,6,[4.22810624 4.91450929 4.        ],cruising,[ 0.50568378 -0.03156594 -0.11489306]
300.5963616371155,1000,False,1,5,[-1.78103397 -3.71886979  4.00000098],cruising,[-0.82138112 -0.19970136 -0.21083176]
300.5963616371155,1001,False,2,4,[-7.44703796 -1.11913666  1.78383207],queued,[-0.48080528  0.59740651 -0.20557775]
300.5963616371155,1002,False,5,0,[2.43490544 8.94036815 3.62566316],landing,[ 0.5677905  -0.59831228 -0.99408226]
300.5963616371155,1003,False,4,1,[ 3.12561958 -3.58905775  3.98797272],cruising,[ 0.63925976  0.24903542 -0.34837281]
300.5963616371155,1004,False,0,3,[ 4.97334909 -4.44364905  4.00000041],cruising,[-0.62185191  0.08809385  0.93462812]
300.5963616371155,1005,False,3,6,[4.42771624 4.9020254  4.        ],cruising,[ 0.50568378 -0.03156594 -0.11489306]
300.69095158576965,1000,False,1,5,[-1.97333475 -3.72050792  4.00000076],cruising,[-0.82138112 -0.19970136 -0.21083176]
300.69095158576965,1001,False,2,4,[-7.44703796 -1.11913666  1.85883207],queued,[-0.48080528  0.59740651 -0.20557775]
300.69095158576965,1002,False,5,0,[2.45397354 8.92550873 3.52862912],landing,[ 0.5677905  -0.59831228 -0.99408226]
300.69095158576965,1003,False,4,1,[ 2.93909389 -3.51689012  3.98977681],cruising,[ 0.63925976  0.24903542 -0.34837281]
300.69095158576965,1004,False,0,3,[ 4.79897281 -4.34570564  4.00000035],cruising,[-0.62185191  0.08809385  0.93462812]
300.69095158576965,1005,False,3,6,[4.62730822 4.88925662 4.        ],cruising,[ 0.50568378 -0.03156594 -0.11489306]
300.798465013504,1000,False,1,5,[-2.16039801 -3.70284401  4.00000056],cruising,[-0.82138112 -0.19970136 -0.21083176]
300.798465013504,1001,False,2,4,[-7.44703796 -1.11913666  1.93383207],queued,[-0.48080528  0.59740651 -0.20557775]
300.798465013504,1002,False,5,0,[2.47304163 8.9106493  3.43159508],landing,[ 0.5677905  -0.59831228 -0.99408226]
300.798465013504,1003,False,4,1,[ 2.75209895 -3.44594722  3.99131029],cruising,[ 0.63925976  0.24903542 -0.34837281]
300.798465013504,1004,False,0,3,[ 4.62137331 -4.25373598  4.0000003 ],cruising,[-0.62185191  0.08809385  0.93462812]
300.798465013504,1005,False,3,6,[4.82683793 4.87554914 4.        ],cruising,[ 0.50568378 -0.03156594 -0.11489306]
300.894038438797,1000,False,1,5,[-2.3398995  -3.66666471  4.00000037],cruising,[-0.82138112 -0.19970136 -0.21083176]
300.894038438797,1001,False,2,4,[-7.44703796 -1.11913666  2.00883207],queued,[-0.48080528  0.59740651 -0.20557775]
300.894038438797,1002,False,5,0,[2.49210972 8.89578988 3.33456104],landing,[ 0.5677905  -0.59831228 -0.99408226]
300.894038438797,1003,False,4,1,[ 2.56448723 -3.37665191  3.99261375],cruising,[ 0.63925976  0.24903542 -0.34837281]
300.894038438797,1004,False,0,3,[ 4.44214698 -4.16497831  4.00000025],cruising,[-0.62185191  0.08809385  0.93462812]
300.894038438797,1005,False,3,6,[5.02625387 4.86027558 4.        ],cruising,[ 0.50568378 -0.03156594 -0.11489306]
300.992036819458,1000,False,1,5,[-2.50964681 -3.61302529  4.00000019],cruising,[-0.82138112 -0.19970136 -0.21083176]
300.992036819458,1001,False,2,4,[-7.44703796 -1.11913666  2.08383207],queued,[-0.48080528  0.59740651 -0.20557775]
300.992036819458,1002,False,5,0,[2.51117781 8.88093045 3.23752699],landing,[ 0.5677905  -0.59831228 -0.99408226]
300.992036819458,1003,False,4,1,[ 2.37643482 -3.30856159  3.99372169],cruising,[ 0.63925976  0.24903542 -0.34837281]
300.992036819458,1004,False,0,3,[ 4.26101948 -4.08016777  4.00000022],cruising,[-0.62185191  0.08809385  0.93462812]
300.992036819458,1005,False,3,6,[5.22558118 4.84388583 4.        ],cruising,[ 0.50568378 -0.03156594 -0.11489306]
301.0999574661255,1000,False,1,5,[-2.66764333 -3.54320197  4.00000003],cruising,[-0.82138112 -0.19970136 -0.21083176]
301.0999574661255,1001,False,2,4,[-7.44703796 -1.11913666  2.15883207],entering,[-0.48080528  0.59740651 -0.20557775]
301.0999574661255,1002,False,5,0,[2.5302459  8.86607103 3.14049295],landing,[ 0.5677905  -0.59831228 -0.99408226]
301.0999574661255,1003,False,4,1,[ 2.1874802  -3.24301654  3.99466343],cruising,[ 0.63925976  0.24903542 -0.34837281]
301.0999574661255,1004,False,0,3,[ 4.07899664 -3.99729627  4.00000018],cruising,[-0.62185191  0.08809385  0.93462812]
301.0999574661255,1005,False,3,6,[5.42466573 4.82477196 4.        ],cruising,[ 0.50568378 -0.03156594 -0.11489306]
301.19358491897583,1000,False,1,5,[-2.81220857 -3.45855971  3.99999989],cruising,[-0.82138112 -0.19970136 -0.21083176]
301.19358491897583,1001,False,2,4,[-7.43396104 -1.1040041   2.23383207],entering,[-0.48080528  0.59740651 -0.20557775]
301.19358491897583,1002,False,5,0,[2.54931399 8.8512116  3.04345891],landing,[ 0.5677905  -0.59831228 -0.99408226]
301.19358491897583,1003,False,4,1,[ 1.99744795 -3.18066478  3.99546392],cruising,[ 0.63925976  0.24903542 -0.34837281]
301.19358491897583,1004,False,0,3,[ 3.89583282 -3.91697807  4.00000016],cruising,[-0.62185191  0.08809385  0.93462812]
301.19358491897583,1005,False,3,6,[5.62339479 4.80226058 4.        ],exiting,[ 0.50568378 -0.03156594 -0.11489306]
301.3057816028595,1000,False,1,5,[-2.94188595 -3.36056261  3.99999976],cruising,[-0.82138112 -0.19970136 -0.21083176]
301.3057816028595,1001,False,2,4,[-7.40782214 -1.0737261   2.30883207],entering,[-0.48080528  0.59740651 -0.20557775]
301.3057816028595,1002,False,5,0,[2.56838209 8.83635218 2.94642487],landing,[ 0.5677905  -0.59831228 -0.99408226]
301.3057816028595,1003,False,4,1,[ 1.80614792 -3.12231842  3.99614433],cruising,[ 0.63925976  0.24903542 -0.34837281]
301.3057816028595,1004,False,0,3,[ 3.71211972 -3.83792429  4.00000013],cruising,[-0.62185191  0.08809385  0.93462812]
301.3057816028595,1005,False,3,6,[5.80600819 4.79159343 4.        ],exiting,[ 0.50568378 -0.03156594 -0.11489306]
301.3948829174042,1000,False,1,5,[-3.05537142 -3.25082576  3.99999964],cruising,[-0.82138112 -0.19970136 -0.21083176]
301.3948829174042,1001,False,2,4,[-7.36865433 -1.02827419  2.38383207],entering,[-0.48080528  0.59740651 -0.20557775]
301.3948829174042,1002,False,5,0,[2.58745018 8.82149275 2.84939082],landing,[ 0.5677905  -0.59831228 -0.99408226]
301.3948829174042,1003,False,4,1,[ 1.61409981 -3.06648361  3.99672268],cruising,[ 0.63925976  0.24903542 -0.34837281]
301.3948829174042,1004,False,0,3,[ 3.5276753  -3.76059218  4.00000011],cruising,[-0.62185191  0.08809385  0.93462812]
301.3948829174042,1005,False,3,6,[5.97248689 4.79274455 4.        ],exiting,[ 0.50568378 -0.03156594 -0.11489306]
301.4919638633728,1000,False,1,5,[-3.15156315 -3.13104268  3.99999955],cruising,[-0.82138112 -0.19970136 -0.21083176]
301.4919638633728,1001,False,2,4,[-7.31652081 -0.96759433  2.45883207],entering,[-0.48080528  0.59740651 -0.20557775]
301.4919638633728,1002,False,5,0,[2.60651827 8.80663333 2.75235678],landing,[ 0.5677905  -0.59831228 -0.99408226]
301.4919638633728,1003,False,4,1,[ 1.42033814 -3.01692138  3.99721428],cruising,[ 0.63925976  0.24903542 -0.34837281]
301.4919638633728,1004,False,0,3,[ 3.3427882 -3.6843245  4.0000001],cruising,[-0.62185191  0.08809385  0.93462812]
301.4919638633728,1005,False,3,6,[6.12280547 4.80567915 4.        ],exiting,[ 0.50568378 -0.03156594 -0.11489306]
301.59357929229736,1000,False,1,5,[-3.22983954 -3.00236911  3.99999948],cruising,[-0.82138112 -0.19970136 -0.21083176]
301.59357929229736,1001,False,2,4,[-7.25154542 -0.89158194  2.53383207],entering,[-0.48080528  0.59740651 -0.20557775]
301.59357929229736,1002,False,5,0,[2.62558636 8.7917739  2.65532274],landing,[ 0.5677905  -0.59831228 -0.99408226]
301.59357929229736,1003,False,4,1,[ 1.22383439 -2.97968864  3.99763214],cruising,[ 0.63925976  0.24903542 -0.34837281]
301.59357929229736,1004,False,0,3,[ 3.15738598 -3.60931772  4.00000008],cruising,[-0.62185191  0.08809385  0.93462812]
301.59357929229736,1005,False,3,6,[6.25692993 4.83035047 4.        ],exiting,[ 0.50568378 -0.03156594 -0.11489306]
301.6973068714142,1000,False,1,5,[-3.28983346 -2.86558684  3.99999942],cruising,[-0.82138112 -0.19970136 -0.21083176]
301.6973068714142,1001,False,2,4,[-7.17404644 -0.79997598  2.60883207],entering,[-0.48080528  0.59740651 -0.20557775]
301.6973068714142,1002,False,5,0,[2.64465445 8.77691447 2.5582887 ],landing,[ 0.5677905  -0.59831228 -0.99408226]
301.6973068714142,1003,False,4,1,[ 1.02556737 -2.95341724  3.99798732],cruising,[ 0.63925976  0.24903542 -0.34837281]
301.6973068714142,1004,False,0,3,[ 2.97147345 -3.53558487  4.00000007],cruising,[-0.62185191  0.08809385  0.93462812]
301.6973068714142,1005,False,3,6,[6.3748119  4.86669147 4.        ],exiting,[ 0.50568378 -0.03156594 -0.11489306]
301.79667115211487,1000,False,1,5,[-3.33137039 -2.72110134  3.99999939],cruising,[-0.82138112 -0.19970136 -0.21083176]
301.79667115211487,1001,False,2,4,[-7.08434881 -0.69252095  2.68383207],entering,[-0.48080528  0.59740651 -0.20557775]
301.79667115211487,1002,False,5,0,[2.66372255 8.76205505 2.46125466],landing,[ 0.5677905  -0.59831228 -0.99408226]
301.79667115211487,1003,False,4,1,[ 0.82591293 -2.94166539  3.99828922],cruising,[ 0.63925976  0.24903542 -0.34837281]
301.79667115211487,1004,False,0,3,[ 2.78496206 -3.46338031  4.00000006],cruising,[-0.62185191  0.08809385  0.93462812]
301.79667115211487,1005,False,3,6,[6.47638901 4.91461484 4.        ],exiting,[ 0.50568378 -0.03156594 -0.11489306]
301.89943170547485,1000,False,1,5,[-3.35437717 -2.56909033  3.99999938],cruising,[-0.82138112 -0.19970136 -0.21083176]
301.89943170547485,1001,False,2,4,[-6.98300287 -0.56880809  2.75883207],entering,[-0.48080528  0.59740651 -0.20557775]
301.89943170547485,1002,False,5,0,[2.68279064 8.74719562 2.36422061],landing,[ 0.5677905  -0.59831228 -0.99408226]
301.89943170547485,1003,False,4,1,[ 0.62595978 -2.94599387  3.99854584],cruising,[ 0.63925976  0.24903542 -0.34837281]
301.89943170547485,1004,False,0,3,[ 2.59796726 -3.39243705  4.00000005],cruising,[-0.62185191  0.08809385  0.93462812]
301.89943170547485,1005,False,3,6,[6.56161188 4.97405079 4.        ],exiting,[ 0.50568378 -0.03156594 -0.11489306]
302.00005745887756,1000,False,1,5,[-3.35885734 -2.40954508  3.99999939],cruising,[-0.82138112 -0.19970136 -0.21083176]
302.00005745887756,1001,False,2,4,[-6.87118671 -0.42805485  2.83383207],entering,[-0.48080528  0.59740651 -0.20557775]
302.00005745887756,1002,False,5,0,[2.70185873 8.7323362  2.26718657],landing,[ 0.5677905  -0.59831228 -0.99408226]
302.00005745887756,1003,False,4,1,[ 0.4269055  -2.96542051  3.99876396],cruising,[ 0.63925976  0.24903542 -0.34837281]
302.00005745887756,1004,False,0,3,[ 2.41018023 -3.32361821  4.00000004],cruising,[-0.62185191  0.08809385  0.93462812]
302.00005745887756,1005,False,3,6,[6.63042851 5.04492504 4.        ],exiting,[ 0.50568378 -0.03156594 -0.11489306]
302.09464931488037,1000,False,1,5,[-3.34513504 -2.24171309  3.99999942],cruising,[-0.82138112 -0.19970136 -0.21083176]
302.09464931488037,1001,False,2,4,[-6.75155828 -0.26889052  2.90883207],entering,[-0.48080528  0.59740651 -0.20557775]
302.09464931488037,1002,False,5,0,[2.72092682 8.71747677 2.17015253],landing,[ 0.5677905  -0.59831228 -0.99408226]
302.09464931488037,1003,False,4,1,[ 0.22978955 -2.99926281  3.99894937],cruising,[ 0.63925976  0.24903542 -0.34837281]
302.09464931488037,1004,False,0,3,[ 2.22145502 -3.25741553  4.00000004],cruising,[-0.62185191  0.08809385  0.93462812]
302.09464931488037,1005,False,3,6,[6.68278501 5.12715994 4.        ],exiting,[ 0.50568378 -0.03156594 -0.11489306]
302.2050895690918,1000,False,1,5,[-3.31425364 -2.06360661  3.99999948],cruising,[-0.82138112 -0.19970136 -0.21083176]
302.2050895690918,1001,False,2,4,[-6.63484396 -0.10647818  2.98383207],entering,[-0.48080528  0.59740651 -0.20557775]
302.2050895690918,1002,False,5,0,[2.73999491 8.70261735 2.07311849],landing,[ 0.5677905  -0.59831228 -0.99408226]
302.2050895690918,1003,False,4,1,[ 0.0354692  -3.04658727  3.99910696],cruising,[ 0.63925976  0.24903542 -0.34837281]
302.2050895690918,1004,False,0,3,[ 2.0321296  -3.1929494   4.00000003],cruising,[-0.62185191  0.08809385  0.93462812]
302.2050895690918,1005,False,3,6,[6.719165   5.22030765 4.        ],exiting,[ 0.50568378 -0.03156594 -0.11489306]
302.2922475337982,1000,False,1,5,[-3.27175423 -1.86922063  3.99999955],cruising,[-0.82138112 -0.19970136 -0.21083176]
302.2922475337982,1001,False,2,4,[-6.52167185  0.05842201  3.05883207],entering,[-0.48080528  0.59740651 -0.20557775]
302.2922475337982,1002,False,5,0,[2.759063   8.68775792 1.97608444],landing,[ 0.5677905  -0.59831228 -0.99408226]
302.2922475337982,1003,False,4,1,[-0.15426738 -3.10983305  3.99924092],cruising,[ 0.63925976  0.24903542 -0.34837281]
302.2922475337982,1004,False,0,3,[ 1.84152774 -3.13236118  4.00000003],cruising,[-0.62185191  0.08809385  0.93462812]
302.2922475337982,1005,False,3,6,[6.755545   5.31345536 4.        ],exiting,[ 0.50568378 -0.03156594 -0.11489306]
302.3963768482208,1000,False,1,5,[-3.24491515 -1.67102965  3.99999962],cruising,[-0.82138112 -0.19970136 -0.21083176]
302.3963768482208,1001,False,2,4,[-6.4126594   0.22610113  3.13383207],entering,[-0.48080528  0.59740651 -0.20557775]
302.3963768482208,1002,False,5,0,[2.7781311 8.6728985 1.8790504],landing,[ 0.5677905  -0.59831228 -0.99408226]
302.3963768482208,1003,False,4,1,[-0.34055389 -3.18261585  3.99935478],cruising,[ 0.63925976  0.24903542 -0.34837281]
302.3963768482208,1004,False,0,3,[ 1.6494644  -3.07657879  4.00000002],cruising,[-0.62185191  0.08809385  0.93462812]
302.3963768482208,1005,False,3,6,[6.79192499 5.40660307 4.        ],exiting,[ 0.50568378 -0.03156594 -0.11489306]
302.5017282962799,1000,False,1,5,[-3.23450896 -1.47130055  3.99999968],cruising,[-0.82138112 -0.19970136 -0.21083176]
302.5017282962799,1001,False,2,4,[-6.30834715  0.39674389  3.20883207],entering,[-0.48080528  0.59740651 -0.20557775]
302.5017282962799,1002,False,5,0,[2.79719919 8.65803907 1.78201636],landing,[ 0.5677905  -0.59831228 -0.99408226]
302.5017282962799,1003,False,4,1,[-0.52251229 -3.26562874  3.99945156],cruising,[ 0.63925976  0.24903542 -0.34837281]
302.5017282962799,1004,False,0,3,[ 1.45574688 -3.0268443   4.00000002],cruising,[-0.62185191  0.08809385  0.93462812]
302.5017282962799,1005,False,3,6,[6.82830498 5.49975079 4.        ],exiting,[ 0.50568378 -0.03156594 -0.11489306]
302.5973057746887,1000,False,1,5,[-3.23995618 -1.27137475  3.99999973],cruising,[-0.82138112 -0.19970136 -0.21083176]
302.5973057746887,1001,False,2,4,[-6.20944046  0.57057561  3.28383207],entering,[-0.48080528  0.59740651 -0.20557775]
302.5973057746887,1002,False,5,0,[2.81626728 8.64317965 1.68498232],landing,[ 0.5677905  -0.59831228 -0.99408226]
302.5973057746887,1003,False,4,1,[-0.70147961 -3.35490752  3.99953383],cruising,[ 0.63925976  0.24903542 -0.34837281]
302.5973057746887,1004,False,0,3,[ 1.26020321 -2.98486008  4.00000002],cruising,[-0.62185191  0.08809385  0.93462812]
302.5973057746887,1005,False,3,6,[6.86468497 5.5928985  4.        ],exiting,[ 0.50568378 -0.03156594 -0.11489306]
302.69137692451477,1000,False,1,5,[-3.25923573 -1.07230617  3.99999977],cruising,[-0.82138112 -0.19970136 -0.21083176]
302.69137692451477,1001,False,2,4,[-6.11677459  0.74781285  3.35883207],entering,[-0.48080528  0.59740651 -0.20557775]
302.69137692451477,1002,False,5,0,[2.83533537 8.62832022 1.58794828],landing,[ 0.5677905  -0.59831228 -0.99408226]
302.69137692451477,1003,False,4,1,[-0.87941333 -3.44622888  3.99960375],cruising,[ 0.63925976  0.24903542 -0.34837281]
302.69137692451477,1004,False,0,3,[ 1.06275579 -2.95300859  4.00000001],cruising,[-0.62185191  0.08809385  0.93462812]
302.69137692451477,1005,False,3,6,[6.90106496 5.68604621 4.        ],exiting,[ 0.50568378 -0.03156594 -0.11489306]
302.8045816421509,1000,False,1,5,[-3.29208161 -0.87502173  3.9999998 ],cruising,[-0.82138112 -0.19970136 -0.21083176]
302.8045816421509,1001,False,2,4,[-6.03132135  0.92863802  3.43383207],entering,[-0.48080528  0.59740651 -0.20557775]
302.8045816421509,1002,False,5,0,[2.85440346 8.6134608  1.49091423],fake_landed,[ 0.5677905  -0.59831228 -0.99408226]
302.8045816421509,1003,False,4,1,[-1.05878523 -3.53469199  3.99966319],cruising,[ 0.63925976  0.24903542 -0.34837281]
302.8045816421509,1004,False,0,3,[ 0.86315857 -2.94104124  4.00000001],cruising,[-0.62185191  0.08809385  0.93462812]
302.8045816421509,1005,False,3,6,[6.93744495 5.77919392 4.        ],exiting,[ 0.50568378 -0.03156594 -0.11489306]
302.8931620121002,1000,False,1,5,[-3.3373822  -0.68021964  3.99999983],cruising,[-0.82138112 -0.19970136 -0.21083176]
302.8931620121002,1001,False,2,4,[-5.95423952  1.11318718  3.50883207],entering,[-0.48080528  0.59740651 -0.20557775]
302.8931620121002,1002,False,5,0,[2.86965794 8.60157326 1.413287  ],fake_landed,[ 0.5677905  -0.59831228 -0.99408226]
302.8931620121002,1003,False,4,1,[-1.24362772 -3.61106772  3.99971371],cruising,[ 0.63925976  0.24903542 -0.34837281]
302.8931620121002,1004,False,0,3,[ 0.66320829 -2.94550022  4.00000001],cruising,[-0.62185191  0.08809385  0.93462812]
302.8931620121002,1005,False,3,6,[6.97382494 5.87234163 4.        ],exiting,[ 0.50568378 -0.03156594 -0.11489306]
302.9964756965637,1000,False,1,5,[-3.39416145 -0.48844864  3.99999986],cruising,[-0.82138112 -0.19970136 -0.21083176]
302.9964756965637,1001,False,2,4,[-5.88688032  1.30150271  3.58250726],entering,[-0.48080528  0.59740651 -0.20557775]
302.9964756965637,1002,False,5,0,[2.88109879 8.5926576  1.35506657],fake_landed,[ 0.5677905  -0.59831228 -0.99408226]
302.9964756965637,1003,False,4,1,[-1.43487033 -3.66849515  3.9997585 ],cruising,[ 0.63925976  0.24903542 -0.34837281]
302.9964756965637,1004,False,0,3,[ 0.46371315 -2.95970205  4.00000001],cruising,[-0.62185191  0.08809385  0.93462812]
302.9964756965637,1005,False,3,6,[7.01020494 5.96548935 4.        ],exiting,[ 0.50568378 -0.03156594 -0.11489306]
303.10594725608826,1000,False,1,5,[-3.4597669  -0.29951499  3.99999988],cruising,[-0.82138112 -0.19970136 -0.21083176]
303.10594725608826,1001,False,2,4,[-5.83076193  1.49346814  3.64513117],entering,[-0.48080528  0.59740651 -0.20557775]
303.10594725608826,1002,False,5,0,[2.88872603 8.58671383 1.31625296],fake_landed,[ 0.5677905  -0.59831228 -0.99408226]
303.10594725608826,1003,False,4,1,[-1.6292613  -3.70617193  3.99980023],cruising,[ 0.63925976  0.24903542 -0.34837281]
303.10594725608826,1004,False,0,3,[ 0.26588022 -2.98906408  4.00000001],cruising,[-0.62185191  0.08809385  0.93462812]
303.10594725608826,1005,False,3,6,[7.04658493 6.05863706 4.        ],exiting,[ 0.50568378 -0.03156594 -0.11489306]
303.1973295211792,1000,False,1,5,[-3.53564919 -0.11446937  3.9999999 ],cruising,[-0.82138112 -0.19970136 -0.21083176]
303.1973295211792,1001,False,2,4,[-5.78748935  1.68873074  3.6983615 ],entering,[-0.48080528  0.59740651 -0.20557775]
303.1973295211792,1002,False,5,0,[2.89253965 8.58374195 1.29684615],fake_landed,[ 0.5677905  -0.59831228 -0.99408226]
303.1973295211792,1003,False,4,1,[-1.82361466 -3.72384875  3.99983947],cruising,[ 0.63925976  0.24903542 -0.34837281]
303.1973295211792,1004,False,0,3,[ 0.07168261 -3.0368897   4.00000001],cruising,[-0.62185191  0.08809385  0.93462812]
303.1973295211792,1005,False,3,6,[7.08296492 6.15178477 4.        ],exiting,[ 0.50568378 -0.03156594 -0.11489306]
303.2914299964905,1000,False,1,5,[-3.62213738  0.06586308  3.99999991],cruising,[-0.82138112 -0.19970136 -0.21083176]
303.2914299964905,1001,False,2,4,[-5.75859537  1.88663258  3.74360727],entering,[-0.48080528  0.59740651 -0.20557775]
303.2914299964905,1002,False,5,0,[2.89253965 8.58374195 1.29684615],fake_landed,[ 0.5677905  -0.59831228 -0.99408226]
303.2914299964905,1003,False,4,1,[-2.01492279 -3.72175877  3.99987637],cruising,[ 0.63925976  0.24903542 -0.34837281]
303.2914299964905,1004,False,0,3,[-0.11925714 -3.09640451  4.00000001],exiting,[-0.62185191  0.08809385  0.93462812]
303.2914299964905,1005,False,3,6,[7.11934491 6.24493248 4.        ],exiting,[ 0.50568378 -0.03156594 -0.11489306]
303.4064176082611,1000,False,1,5,[-3.71625026  0.24233621  3.99999993],cruising,[-0.82138112 -0.19970136 -0.21083176]
303.4064176082611,1001,False,2,4,[-5.74529765  2.08619001  3.78206618],entering,[-0.48080528  0.59740651 -0.20557775]
303.4064176082611,1002,False,0,2,[2.89253965 8.58374195 1.29684615],waiting,[ 0.5677905  -0.59831228 -0.99408226]
303.4064176082611,1003,False,4,1,[-2.20055042 -3.70049244  3.99991095],cruising,[ 0.63925976  0.24903542 -0.34837281]
303.4064176082611,1004,False,0,3,[-0.29064373 -3.16012333  4.        ],exiting,[-0.62185191  0.08809385  0.93462812]
303.4064176082611,1005,False,3,6,[7.1557249  6.33808019 4.        ],exiting,[ 0.50568378 -0.03156594 -0.11489306]
303.50610089302063,1000,False,1,5,[-3.81639345  0.41545854  3.99999994],cruising,[-0.82138112 -0.19970136 -0.21083176]
303.50610089302063,1001,False,2,4,[-5.74735904  2.28617939  3.81475625],entering,[-0.48080528  0.59740651 -0.20557775]
303.50610089302063,1002,False,0,2,[2.89253965 8.58374195 1.29684615],waiting,[ 0.5677905  -0.59831228 -0.99408226]
303.50610089302063,1003,False,4,1,[-2.37809936 -3.66093036  3.99994315],cruising,[ 0.63925976  0.24903542 -0.34837281]
303.50610089302063,1004,False,0,3,[-0.44246419 -3.22798544  4.        ],exiting,[-0.62185191  0.08809385  0.93462812]
303.50610089302063,1005,False,3,6,[7.19210489 6.4312279  4.        ],exiting,[ 0.50568378 -0.03156594 -0.11489306]
303.5915746688843,1000,False,1,5,[-3.92125825  0.58576231  3.99999995],cruising,[-0.82138112 -0.19970136 -0.21083176]
303.5915746688843,1001,False,2,4,[-5.76541444  2.48536273  3.84254282],cruising,[-0.48080528  0.59740651 -0.20557775]
303.5915746688843,1002,False,0,2,[2.89253965 8.58374195 1.29684615],waiting,[ 0.5677905  -0.59831228 -0.99408226]
303.5915746688843,1003,False,4,1,[-2.54538834 -3.60420048  3.9999729 ],cruising,[ 0.63925976  0.24903542 -0.34837281]
303.5915746688843,1004,False,0,3,[-0.57470284 -3.29991602  4.        ],exiting,[-0.62185191  0.08809385  0.93462812]
303.5915746688843,1005,False,3,6,[7.22848489 6.52437562 4.        ],exiting,[ 0.50568378 -0.03156594 -0.11489306]
303.70360922813416,1000,False,1,5,[-4.03082425  0.75308025  3.99999995],cruising,[-0.82138112 -0.19970136 -0.21083176]
303.70360922813416,1001,False,2,4,[-5.79725031  2.68281266  3.86616139],cruising,[-0.48080528  0.59740651 -0.20557775]
303.70360922813416,1002,False,0,2,[2.89253965 8.58374195 1.29684615],waiting,[ 0.5677905  -0.59831228 -0.99408226]
303.70360922813416,1003,False,4,1,[-2.7005758  -3.53154725  4.00000006],cruising,[ 0.63925976  0.24903542 -0.34837281]
303.70360922813416,1004,False,0,3,[-0.68734046 -3.37582153  4.        ],exiting,[-0.62185191  0.08809385  0.93462812]
303.70360922813416,1005,False,3,6,[7.26486488 6.61752333 4.        ],exiting,[ 0.50568378 -0.03156594 -0.11489306]
303.79666328430176,1000,False,1,5,[-4.14271195  0.91885461  3.99999996],cruising,[-0.82138112 -0.19970136 -0.21083176]
303.79666328430176,1001,False,2,4,[-5.84228836  2.87767563  3.88623718],cruising,[-0.48080528  0.59740651 -0.20557775]
303.79666328430176,1002,False,0,2,[2.89253965 8.58374195 1.29684615],waiting,[ 0.5677905  -0.59831228 -0.99408226]
303.79666328430176,1003,False,4,1,[-2.84204427 -3.44434104  4.00002451],cruising,[ 0.63925976  0.24903542 -0.34837281]
303.79666328430176,1004,False,0,3,[-0.78035247 -3.45557865  4.        ],exiting,[-0.62185191  0.08809385  0.93462812]
303.79666328430176,1005,False,3,6,[7.30124487 6.71067104 4.        ],exiting,[ 0.50568378 -0.03156594 -0.11489306]
303.89572954177856,1000,False,1,5,[-4.2563331   1.08344573  3.99999997],cruising,[-0.82138112 -0.19970136 -0.21083176]
303.89572954177856,1001,False,2,4,[-5.89683012  3.07009495  3.90330161],cruising,[-0.48080528  0.59740651 -0.20557775]
303.89572954177856,1002,False,0,2,[2.89253965 8.58374195 1.29684615],waiting,[ 0.5677905  -0.59831228 -0.99408226]
303.89572954177856,1003,False,4,1,[-2.96834021 -3.34410431  4.0000461 ],cruising,[ 0.63925976  0.24903542 -0.34837281]
303.89572954177856,1004,False,0,3,[-0.85370436 -3.5390073   4.        ],exiting,[-0.62185191  0.08809385  0.93462812]
303.89572954177856,1005,False,3,6,[7.33762486 6.80381875 4.        ],exiting,[ 0.50568378 -0.03156594 -0.11489306]
303.99276661872864,1000,False,1,5,[-4.37077782  1.24746526  3.99999997],cruising,[-0.82138112 -0.19970136 -0.21083176]
303.99276661872864,1001,False,2,4,[-5.95843781  3.26036973  3.91780637],cruising,[-0.48080528  0.59740651 -0.20557775]
303.99276661872864,1002,False,0,2,[2.89253965 8.58374195 1.29684615],waiting,[ 0.5677905  -0.59831228 -0.99408226]
303.99276661872864,1003,False,4,1,[-3.07823355 -3.23242404  4.00006467],cruising,[ 0.63925976  0.24903542 -0.34837281]
303.99276661872864,1004,False,0,3,[-0.90737272 -3.62597972  4.        ],exiting,[-0.62185191  0.08809385  0.93462812]
303.99276661872864,1005,False,3,6,[7.37400485 6.89696646 4.        ],exiting,[ 0.50568378 -0.03156594 -0.11489306]
304.09601855278015,1000,False,1,5,[-4.48628366  1.41073926  3.99999998],cruising,[-0.82138112 -0.19970136 -0.21083176]
304.09601855278015,1001,False,2,4,[-6.02472409  3.4490656   3.93013541],cruising,[-0.48080528  0.59740651 -0.20557775]
304.09601855278015,1002,False,0,2,[2.89253965 8.58374195 1.29684615],waiting,[ 0.5677905  -0.59831228 -0.99408226]
304.09601855278015,1003,False,4,1,[-3.17063738 -3.11104237  4.00008002],cruising,[ 0.63925976  0.24903542 -0.34837281]
304.09601855278015,1004,False,0,3,[-0.94133391 -3.71636206  4.        ],exiting,[-0.62185191  0.08809385  0.93462812]
304.09601855278015,1005,False,3,6,[7.41038484 6.99011418 4.        ],exiting,[ 0.50568378 -0.03156594 -0.11489306]
304.1917989253998,1000,False,1,5,[-4.60241117  1.57357169  3.99999998],cruising,[-0.82138112 -0.19970136 -0.21083176]
304.1917989253998,1001,False,2,4,[-6.09341741  3.63689858  3.9406151 ],cruising,[-0.48080528  0.59740651 -0.20557775]
304.1917989253998,1002,False,0,2,[2.89253965 8.58374195 1.29684615],waiting,[ 0.5677905  -0.59831228 -0.99408226]
304.1917989253998,1003,False,4,1,[-3.24501176 -2.981004    4.00009203],cruising,[ 0.63925976  0.24903542 -0.34837281]
304.1917989253998,1004,False,0,3,[-0.95556442 -3.8100155   4.        ],exiting,[-0.62185191  0.08809385  0.93462812]
304.1917989253998,1005,False,3,6,[7.44676484 7.08326189 4.        ],exiting,[ 0.50568378 -0.03156594 -0.11489306]
304.29096126556396,1000,False,1,5,[-4.71878056  1.73623136  3.99999998],cruising,[-0.82138112 -0.19970136 -0.21083176]
304.29096126556396,1001,False,2,4,[-6.16234513  3.82464566  3.94952283],cruising,[-0.48080528  0.59740651 -0.20557775]
304.29096126556396,1002,False,0,2,[2.89253965 8.58374195 1.29684615],waiting,[ 0.5677905  -0.59831228 -0.99408226]
304.29096126556396,1003,False,4,1,[-3.30109803 -2.84286961  4.00010057],cruising,[ 0.63925976  0.24903542 -0.34837281]
304.29096126556396,1004,False,0,3,[-0.95004114 -3.90679749  4.        ],exiting,[-0.62185191  0.08809385  0.93462812]
304.29096126556396,1005,False,3,6,[7.48314483 7.1764096  4.        ],exiting,[ 0.50568378 -0.03156594 -0.11489306]
304.40118622779846,1000,False,1,5,[-4.83505519  1.89895877  3.99999999],cruising,[-0.82138112 -0.19970136 -0.21083176]
304.40118622779846,1001,False,2,4,[-6.22936236  4.01308316  3.95709441],cruising,[-0.48080528  0.59740651 -0.20557775]
304.40118622779846,1002,False,0,2,[2.89253965 8.58374195 1.29684615],waiting,[ 0.5677905  -0.59831228 -0.99408226]
304.40118622779846,1003,False,4,1,[-3.33873353 -2.69701713  4.00010552],cruising,[ 0.63925976  0.24903542 -0.34837281]
304.40118622779846,1004,False,0,3,[-0.93294543 -4.00532534  4.        ],exiting,[-0.62185191  0.08809385  0.93462812]
304.40118622779846,1005,False,3,6,[7.51952482 7.26955731 4.        ],exiting,[ 0.50568378 -0.03156594 -0.11489306]
304.4957592487335,1000,False,1,5,[-4.95092753  2.06197288  3.99999999],cruising,[-0.82138112 -0.19970136 -0.21083176]
304.4957592487335,1001,False,2,4,[-6.29224512  4.20294037  3.96353025],cruising,[-0.48080528  0.59740651 -0.20557775]
304.4957592487335,1002,False,0,2,[2.89253965 8.58374195 1.29684615],waiting,[ 0.5677905  -0.59831228 -0.99408226]
304.4957592487335,1003,False,4,1,[-3.3577981  -2.54374033  4.00010682],cruising,[ 0.63925976  0.24903542 -0.34837281]
304.4957592487335,1004,False,0,3,[-0.91584973 -4.10385319  4.        ],exiting,[-0.62185191  0.08809385  0.93462812]
304.4957592487335,1005,False,3,6,[7.55590481 7.36270502 4.        ],exiting,[ 0.50568378 -0.03156594 -0.11489306]
304.59961915016174,1000,False,1,5,[-5.06649476  2.22520344  3.99999999],cruising,[-0.82138112 -0.19970136 -0.21083176]
304.59961915016174,1001,False,2,4,[-6.34855641  4.3948493   3.96900071],cruising,[-0.48080528  0.59740651 -0.20557775]
304.59961915016174,1002,False,0,2,[2.89253965 8.58374195 1.29684615],waiting,[ 0.5677905  -0.59831228 -0.99408226]
304.59961915016174,1003,False,4,1,[-3.35839922 -2.3827758   4.00010437],cruising,[ 0.63925976  0.24903542 -0.34837281]
304.59961915016174,1004,False,0,3,[-0.89875403 -4.20238104  4.        ],exiting,[-0.62185191  0.08809385  0.93462812]
304.59961915016174,1005,False,3,6,[7.5922848  7.45585273 4.        ],exiting,[ 0.50568378 -0.03156594 -0.11489306]
304.6972305774689,1000,False,1,5,[-5.18113415  2.38908697  3.99999999],cruising,[-0.82138112 -0.19970136 -0.21083176]
304.6972305774689,1001,False,2,4,[-6.38923338  4.59066908  3.9736506 ],cruising,[-0.48080528  0.59740651 -0.20557775]
304.6972305774689,1002,False,0,2,[2.89253965 8.58374195 1.29684615],waiting,[ 0.5677905  -0.59831228 -0.99408226]
304.6972305774689,1003,False,4,1,[-3.34093971 -2.21321979  4.00009806],cruising,[ 0.63925976  0.24903542 -0.34837281]
304.6972305774689,1004,False,0,3,[-0.88165833 -4.30090889  4.        ],exiting,[-0.62185191  0.08809385  0.93462812]
304.6972305774689,1005,False,3,6,[7.62866479 7.54900045 4.        ],exiting,[ 0.50568378 -0.03156594 -0.11489306]
304.7910349369049,1000,False,1,5,[-5.2945455   2.55382271  3.99999999],cruising,[-0.82138112 -0.19970136 -0.21083176]
304.7910349369049,1001,False,2,4,[-6.41681293  4.78875837  3.97760301],cruising,[-0.48080528  0.59740651 -0.20557775]
304.7910349369049,1002,False,0,2,[2.89253965 8.58374195 1.29684615],waiting,[ 0.5677905  -0.59831228 -0.99408226]
304.7910349369049,1003,False,4,1,[-3.30669369 -2.03279119  4.00008781],cruising,[ 0.63925976  0.24903542 -0.34837281]
304.7910349369049,1004,False,0,3,[-0.86456263 -4.39943674  4.        ],exiting,[-0.62185191  0.08809385  0.93462812]
304.7910349369049,1005,False,3,6,[7.66504479 7.64214816 4.        ],exiting,[ 0.50568378 -0.03156594 -0.11489306]
304.8970720767975,1000,False,1,5,[-5.40641698  2.71960803  3.99999999],cruising,[-0.82138112 -0.19970136 -0.21083176]
304.8970720767975,1001,False,2,4,[-6.42444357  4.9882123   3.98113193],cruising,[-0.48080528  0.59740651 -0.20557775]
304.8970720767975,1002,False,0,2,[2.89253965 8.58374195 1.29684615],waiting,[ 0.5677905  -0.59831228 -0.99408226]
304.8970720767975,1003,False,4,1,[-3.26613427 -1.83694704  4.00007464],cruising,[ 0.63925976  0.24903542 -0.34837281]
304.8970720767975,1004,False,0,3,[-0.84746692 -4.49796459  4.        ],exiting,[-0.62185191  0.08809385  0.93462812]
304.8970720767975,1005,False,3,6,[7.70142478 7.73529587 4.        ],exiting,[ 0.50568378 -0.03156594 -0.11489306]
304.99161314964294,1000,False,1,5,[-5.51641196  2.88664427  3.99999999],cruising,[-0.82138112 -0.19970136 -0.21083176]
304.99161314964294,1001,False,2,4,[-6.41212101  5.18633347  3.98435603],cruising,[-0.48080528  0.59740651 -0.20557775]
304.99161314964294,1002,False,0,2,[2.89253965 8.58374195 1.29684615],waiting,[ 0.5677905  -0.59831228 -0.99408226]
304.99161314964294,1003,False,4,1,[-3.2421153  -1.63839455  4.00006345],cruising,[ 0.63925976  0.24903542 -0.34837281]
304.99161314964294,1004,False,0,3,[-0.83037122 -4.59649244  4.        ],exiting,[-0.62185191  0.08809385  0.93462812]
304.99161314964294,1005,False,3,6,[7.73780477 7.82844358 4.        ],exiting,[ 0.50568378 -0.03156594 -0.11489306]
305.0946373939514,1000,False,1,5,[-5.62531915  3.05439177  4.        ],cruising,[-0.82138112 -0.19970136 -0.21083176]
305.0946373939514,1001,False,2,4,[-6.38018312  5.3805601   3.98731235],cruising,[-0.48080528  0.59740651 -0.20557775]
305.0946373939514,1002,False,0,2,[2.89253965 8.58374195 1.29684615],waiting,[ 0.5677905  -0.59831228 -0.99408226]
305.0946373939514,1003,False,4,1,[-3.23412222 -1.43855434  4.00005393],cruising,[ 0.63925976  0.24903542 -0.34837281]
305.0946373939514,1004,False,0,3,[-0.81327552 -4.69502028  4.        ],exiting,[-0.62185191  0.08809385  0.93462812]
305.0946373939514,1005,False,3,6,[7.77418476 7.92159129 4.        ],exiting,[ 0.50568378 -0.03156594 -0.11489306]
305.19279766082764,1000,False,1,5,[-5.7315081   3.22387305  4.        ],cruising,[-0.82138112 -0.19970136 -0.21083176]
305.19279766082764,1001,False,2,4,[-6.32926051  5.56850054  3.99001473],cruising,[-0.48080528  0.59740651 -0.20557775]
305.19279766082764,1002,False,0,2,[2.89253965 8.58374195 1.29684615],waiting,[ 0.5677905  -0.59831228 -0.99408226]
305.19279766082764,1003,False,4,1,[-3.24173362 -1.23869923  4.00004584],cruising,[ 0.63925976  0.24903542 -0.34837281]
305.19279766082764,1004,False,0,3,[-0.79617982 -4.79354813  4.        ],exiting,[-0.62185191  0.08809385  0.93462812]
305.19279766082764,1005,False,3,6,[7.81056475 8.014739   4.        ],exiting,[ 0.50568378 -0.03156594 -0.11489306]
305.2920410633087,1000,False,1,5,[-5.83450978  3.39531008  4.        ],cruising,[-0.82138112 -0.19970136 -0.21083176]
305.2920410633087,1001,False,2,4,[-6.26024441  5.74792256  3.99246859],cruising,[-0.48080528  0.59740651 -0.20557775]
305.2920410633087,1002,False,0,2,[2.89253965 8.58374195 1.29684615],waiting,[ 0.5677905  -0.59831228 -0.99408226]
305.2920410633087,1003,False,4,1,[-3.26390829 -1.03993232  4.00003896],cruising,[ 0.63925976  0.24903542 -0.34837281]
305.2920410633087,1004,False,0,3,[-0.77908412 -4.89207598  4.        ],exiting,[-0.62185191  0.08809385  0.93462812]
305.2920410633087,1005,False,3,6,[7.84694474 8.10788672 4.        ],exiting,[ 0.50568378 -0.03156594 -0.11489306]
305.39137387275696,1000,False,1,5,[-5.93375472  3.56894891  4.        ],cruising,[-0.82138112 -0.19970136 -0.21083176]
305.39137387275696,1001,False,2,4,[-6.17417328  5.91690155  3.99465874],cruising,[-0.48080528  0.59740651 -0.20557775]
305.39137387275696,1002,False,0,2,[2.89253965 8.58374195 1.29684615],queued,[ 0.5677905  -0.59831228 -0.99408226]
305.39137387275696,1003,False,4,1,[-3.29947238 -0.84311973  4.00003312],cruising,[ 0.63925976  0.24903542 -0.34837281]
305.39137387275696,1004,False,0,3,[-0.76198842 -4.99060383  4.        ],exiting,[-0.62185191  0.08809385  0.93462812]
305.39137387275696,1005,False,3,6,[7.88332474 8.20103443 4.        ],exiting,[ 0.50568378 -0.03156594 -0.11489306]
305.49372482299805,1000,False,1,5,[-6.02854096  3.74506128  4.        ],cruising,[-0.82138112 -0.19970136 -0.21083176]
305.49372482299805,1001,False,2,4,[-6.07221535  6.0737339   3.99658796],cruising,[-0.48080528  0.59740651 -0.20557775]
305.49372482299805,1002,False,0,2,[2.89253965 8.58374195 1.31684615],queued,[ 0.5677905  -0.59831228 -0.99408226]
305.49372482299805,1003,False,4,1,[-3.34581756 -0.6485635   4.00002815],cruising,[ 0.63925976  0.24903542 -0.34837281]
305.49372482299805,1004,False,0,3,[-0.74489271 -5.08913168  4.        ],exiting,[-0.62185191  0.08809385  0.93462812]
305.49372482299805,1005,False,3,6,[7.91970473 8.29418214 4.        ],exiting,[ 0.50568378 -0.03156594 -0.11489306]
305.5948157310486,1000,False,1,5,[-6.11799139  3.92394286  4.        ],cruising,[-0.82138112 -0.19970136 -0.21083176]
305.5948157310486,1001,False,2,4,[-5.95527011  6.21732594  3.99824283],cruising,[-0.48080528  0.59740651 -0.20557775]
305.5948157310486,1002,False,0,2,[2.89253965 8.58374195 1.35684615],queued,[ 0.5677905  -0.59831228 -0.99408226]
305.5948157310486,1003,False,4,1,[-3.40358373 -0.45708748  4.00002393],cruising,[ 0.63925976  0.24903542 -0.34837281]
305.5948157310486,1004,False,0,3,[-0.72779701 -5.18765953  4.        ],exiting,[-0.62185191  0.08809385  0.93462812]
305.5948157310486,1005,False,3,6,[7.95608472 8.38732985 4.        ],exiting,[ 0.50568378 -0.03156594 -0.11489306]
305.69186067581177,1000,False,1,5,[-6.20099649  4.10590482  4.        ],cruising,[-0.82138112 -0.19970136 -0.21083176]
305.69186067581177,1001,False,2,4,[-5.82422745  6.34673416  3.99961202],cruising,[-0.48080528  0.59740651 -0.20557775]
305.69186067581177,1002,False,0,2,[2.89253965 8.58374195 1.41684615],queued,[ 0.5677905  -0.59831228 -0.99408226]
305.69186067581177,1003,False,4,1,[-3.47199551 -0.26915177  4.00002034],cruising,[ 0.63925976  0.24903542 -0.34837281]
305.69186067581177,1004,False,0,3,[-0.71070131 -5.28618738  4.        ],exiting,[-0.62185191  0.08809385  0.93462812]
305.69186067581177,1005,False,3,6,[7.99246471 8.48047756 4.        ],exiting,[ 0.50568378 -0.03156594 -0.11489306]
305.7915003299713,1000,False,1,5,[-6.27189821  4.29291537  4.        ],cruising,[-0.82138112 -0.19970136 -0.21083176]
305.7915003299713,1001,False,2,4,[-5.67993277  6.46116584  4.00068566],cruising,[-0.48080528  0.59740651 -0.20557775]
305.7915003299713,1002,False,0,2,[2.89253965 8.58374195 1.49184615],queued,[ 0.5677905  -0.59831228 -0.99408226]
305.7915003299713,1003,False,4,1,[-3.54838371 -0.08431443  4.00001729],cruising,[ 0.63925976  0.24903542 -0.34837281]
305.7915003299713,1004,False,0,3,[-0.69360561 -5.38471523  4.        ],exiting,[-0.62185191  0.08809385  0.93462812]
305.7915003299713,1005,False,3,6,[8.0288447  8.57362528 4.        ],exiting,[ 0.50568378 -0.03156594 -0.11489306]
305.8952145576477,1000,False,1,5,[-6.33294842  4.48336976  4.        ],exiting,[-0.82138112 -0.19970136 -0.21083176]
305.8952145576477,1001,False,2,4,[-5.52315347  6.55997568  4.001455  ],cruising,[-0.48080528  0.59740651 -0.20557775]
305.8952145576477,1002,False,0,2,[2.89253965 8.58374195 1.56684615],queued,[ 0.5677905  -0.59831228 -0.99408226]
305.8952145576477,1003,False,4,1,[-3.63550765  0.09571173  4.0000147 ],cruising,[ 0.63925976  0.24903542 -0.34837281]
305.8952145576477,1004,False,0,3,[-0.67650991 -5.48324307  4.        ],exiting,[-0.62185191  0.08809385  0.93462812]
305.8952145576477,1005,False,3,6,[8.06522469 8.66677299 4.        ],exiting,[ 0.50568378 -0.03156594 -0.11489306]
306.0054090023041,1000,False,1,5,[-6.39366699  4.65382689  4.        ],exiting,[-0.82138112 -0.19970136 -0.21083176]
306.0054090023041,1001,False,2,4,[-5.35488794  6.64241547  4.00192781],cruising,[-0.48080528  0.59740651 -0.20557775]
306.0054090023041,1002,False,0,2,[2.89253965 8.58374195 1.64184615],queued,[ 0.5677905  -0.59831228 -0.99408226]
306.0054090023041,1003,False,4,1,[-3.7302852   0.27182878  4.00001249],cruising,[ 0.63925976  0.24903542 -0.34837281]
306.0054090023041,1004,False,0,3,[-0.6594142  -5.58177092  4.        ],exiting,[-0.62185191  0.08809385  0.93462812]
306.0054090023041,1005,False,3,6,[8.10160469 8.7599207  4.        ],exiting,[ 0.50568378 -0.03156594 -0.11489306]
306.09200048446655,1000,False,1,5,[-6.45427526  4.80428432  4.        ],exiting,[-0.82138112 -0.19970136 -0.21083176]
306.09200048446655,1001,False,2,4,[-5.17553962  6.70820964  4.00209285],cruising,[-0.48080528  0.59740651 -0.20557775]
306.09200048446655,1002,False,0,2,[2.89253965 8.58374195 1.71684615],queued,[ 0.5677905  -0.59831228 -0.99408226]
306.09200048446655,1003,False,4,1,[-3.83278762  0.44356478  4.00001062],cruising,[ 0.63925976  0.24903542 -0.34837281]
306.09200048446655,1004,False,0,3,[-0.6423185  -5.68029877  4.        ],exiting,[-0.62185191  0.08809385  0.93462812]
306.09200048446655,1005,False,3,6,[8.13798468 8.85306841 4.        ],exiting,[ 0.50568378 -0.03156594 -0.11489306]
306.2006323337555,1000,False,1,5,[-6.5150845   4.93474277  4.        ],exiting,[-0.82138112 -0.19970136 -0.21083176]
306.2006323337555,1001,False,2,4,[-4.98512134  6.75734994  4.00193397],cruising,[-0.48080528  0.59740651 -0.20557775]
306.2006323337555,1002,False,0,2,[2.89253965 8.58374195 1.79184615],queued,[ 0.5677905  -0.59831228 -0.99408226]
306.2006323337555,1003,False,4,1,[-3.93928449  0.61285276  4.00000902],cruising,[ 0.63925976  0.24903542 -0.34837281]
306.2006323337555,1004,False,0,3,[-0.6252228  -5.77882662  4.        ],exiting,[-0.62185191  0.08809385  0.93462812]
306.2006323337555,1005,False,3,6,[8.17436467 8.94621612 4.        ],exiting,[ 0.50568378 -0.03156594 -0.11489306]
306.2922420501709,1000,False,1,5,[-6.5764258  5.0452083  4.       ],exiting,[-0.82138112 -0.19970136 -0.21083176]
306.2922420501709,1001,False,2,4,[-4.79007484  6.80158636  4.00164388],cruising,[-0.48080528  0.59740651 -0.20557775]
306.2922420501709,1002,False,0,2,[2.89253965 8.58374195 1.86684615],queued,[ 0.5677905  -0.59831228 -0.99408226]
306.2922420501709,1003,False,4,1,[-4.04888903  0.78014544  4.00000767],cruising,[ 0.63925976  0.24903542 -0.34837281]
306.2922420501709,1004,False,0,3,[-0.6081271  -5.87735447  4.        ],exiting,[-0.62185191  0.08809385  0.93462812]
306.2922420501709,1005,False,3,6,[8.21074466 9.03936383 4.        ],exiting,[ 0.50568378 -0.03156594 -0.11489306]
306.3944845199585,1000,False,1,5,[-6.63861128  5.13569164  4.        ],exiting,[-0.82138112 -0.19970136 -0.21083176]
306.3944845199585,1001,False,2,4,[-4.59589836  6.8494977   4.00139729],cruising,[-0.48080528  0.59740651 -0.20557775]
306.3944845199585,1002,False,0,2,[2.89253965 8.58374195 1.94184615],queued,[ 0.5677905  -0.59831228 -0.99408226]
306.3944845199585,1003,False,4,1,[-4.16086529  0.94586001  4.00000652],cruising,[ 0.63925976  0.24903542 -0.34837281]
306.3944845199585,1004,False,0,3,[-0.5910314  -5.97588232  4.        ],exiting,[-0.62185191  0.08809385  0.93462812]
306.3944845199585,1005,False,3,6,[8.24712465 9.13251155 4.        ],landing,[ 0.50568378 -0.03156594 -0.11489306]
306.50273966789246,1000,False,1,5,[-6.70154497  5.2134049   4.        ],exiting,[-0.82138112 -0.19970136 -0.21083176]
306.50273966789246,1001,False,2,4,[-4.40228046  6.89961862  4.0011877 ],cruising,[-0.48080528  0.59740651 -0.20557775]
306.50273966789246,1002,False,0,2,[2.89253965 8.58374195 2.01684615],queued,[ 0.5677905  -0.59831228 -0.99408226]
306.50273966789246,1003,False,4,1,[-4.27459978  1.11037282  4.00000554],cruising,[ 0.63925976  0.24903542 -0.34837281]
306.50273966789246,1004,False,0,3,[-0.57393569 -6.07441017  4.        ],exiting,[-0.62185191  0.08809385  0.93462812]
306.50273966789246,1005,False,3,6,[8.28150317 9.21160453 3.98591246],landing,[ 0.50568378 -0.03156594 -0.11489306]
306.591539144516,1000,False,1,5,[-6.76447867  5.29111815  4.        ],exiting,[-0.82138112 -0.19970136 -0.21083176]
306.591539144516,1001,False,2,4,[-4.20890328  6.95066043  4.00100955],cruising,[-0.48080528  0.59740651 -0.20557775]
306.591539144516,1002,False,0,2,[2.89253965 8.58374195 2.09184615],queued,[ 0.5677905  -0.59831228 -0.99408226]
306.591539144516,1003,False,4,1,[-4.38957688  1.2740196   4.00000471],cruising,[ 0.63925976  0.24903542 -0.34837281]
306.591539144516,1004,False,0,3,[-0.55683999 -6.17293802  4.        ],exiting,[-0.62185191  0.08809385  0.93462812]
306.591539144516,1005,False,3,6,[8.31378249 9.27649572 3.95790004],landing,[ 0.50568378 -0.03156594 -0.11489306]
306.69545674324036,1000,False,1,5,[-6.82741237  5.36883141  4.        ],exiting,[-0.82138112 -0.19970136 -0.21083176]
306.69545674324036,1001,False,2,4,[-4.01484879  6.99906347  4.00085811],cruising,[-0.48080528  0.59740651 -0.20557775]
306.69545674324036,1002,False,0,2,[2.89253965 8.58374195 2.16684615],queued,[ 0.5677905  -0.59831228 -0.99408226]
306.69545674324036,1003,False,4,1,[-4.50535779  1.43709866  4.000004  ],cruising,[ 0.63925976  0.24903542 -0.34837281]
306.69545674324036,1004,False,0,3,[-0.53974429 -6.27146586  4.        ],exiting,[-0.62185191  0.08809385  0.93462812]
306.69545674324036,1005,False,3,6,[8.34384658 9.32701252 3.91615919],landing,[ 0.50568378 -0.03156594 -0.11489306]
306.79139280319214,1000,False,1,5,[-6.89034606  5.44654466  4.        ],exiting,[-0.82138112 -0.19970136 -0.21083176]
306.79139280319214,1001,False,2,4,[-3.82063948  7.04684154  4.0007294 ],cruising,[-0.48080528  0.59740651 -0.20557775]
306.79139280319214,1002,False,0,2,[2.89253965 8.58374195 2.24184615],queued,[ 0.5677905  -0.59831228 -0.99408226]
306.79139280319214,1003,False,4,1,[-4.62146206  1.59994767  4.0000034 ],cruising,[ 0.63925976  0.24903542 -0.34837281]
306.79139280319214,1004,False,0,3,[-0.52264859 -6.36999371  4.        ],exiting,[-0.62185191  0.08809385  0.93462812]
306.79139280319214,1005,False,3,6,[8.37153484 9.36291986 3.86096772],landing,[ 0.50568378 -0.03156594 -0.11489306]
306.8984477519989,1000,False,1,5,[-6.95327976  5.52425792  4.        ],exiting,[-0.82138112 -0.19970136 -0.21083176]
306.8984477519989,1001,False,2,4,[-3.62605574  7.09307106  4.00061999],cruising,[-0.48080528  0.59740651 -0.20557775]
306.8984477519989,1002,False,0,2,[2.89253965 8.58374195 2.31684615],queued,[ 0.5677905  -0.59831228 -0.99408226]
306.8984477519989,1003,False,4,1,[-4.73781755  1.76261727  4.00000289],cruising,[ 0.63925976  0.24903542 -0.34837281]
306.8984477519989,1004,False,0,3,[-0.50555289 -6.46852156  4.        ],exiting,[-0.62185191  0.08809385  0.93462812]
306.8984477519989,1005,False,3,6,[8.39671319 9.38402486 3.79256297],landing,[ 0.50568378 -0.03156594 -0.11489306]
306.992684841156,1000,False,1,5,[-7.01621345  5.60197117  4.        ],exiting,[-0.82138112 -0.19970136 -0.21083176]
306.992684841156,1001,False,2,4,[-3.43040036  7.13453156  4.00052699],cruising,[-0.48080528  0.59740651 -0.20557775]
306.992684841156,1002,False,0,2,[2.89253965 8.58374195 2.39184615],entering,[ 0.5677905  -0.59831228 -0.99408226]
306.992684841156,1003,False,4,1,[-4.85407594  1.92535629  4.00000246],cruising,[ 0.63925976  0.24903542 -0.34837281]
306.992684841156,1004,False,0,3,[-0.48845719 -6.56704941  4.        ],exiting,[-0.62185191  0.08809385  0.93462812]
306.992684841156,1005,False,3,6,[8.41925521 9.39014855 3.71117321],landing,[ 0.50568378 -0.03156594 -0.11489306]
307.09080481529236,1000,False,1,5,[-7.07914715  5.67968442  4.        ],exiting,[-0.82138112 -0.19970136 -0.21083176]
307.09080481529236,1001,False,2,4,[-3.23419347  7.17329824  4.00044794],cruising,[-0.48080528  0.59740651 -0.20557775]
307.09080481529236,1002,False,0,2,[2.88892896 8.56407057 2.46684615],entering,[ 0.5677905  -0.59831228 -0.99408226]
307.09080481529236,1003,False,4,1,[-4.96992058  2.08839008  4.00000209],cruising,[ 0.63925976  0.24903542 -0.34837281]
307.09080481529236,1004,False,0,3,[-0.47136148 -6.66557726  4.        ],exiting,[-0.62185191  0.08809385  0.93462812]
307.09080481529236,1005,False,3,6,[8.43903211 9.38111154 3.61703563],landing,[ 0.50568378 -0.03156594 -0.11489306]
307.1912865638733,1000,False,1,5,[-7.14208085  5.75739768  4.        ],exiting,[-0.82138112 -0.19970136 -0.21083176]
307.1912865638733,1001,False,2,4,[-3.03732994  7.20857925  4.00038075],cruising,[-0.48080528  0.59740651 -0.20557775]
307.1912865638733,1002,False,0,2,[2.88173213 8.52472334 2.54184615],entering,[ 0.5677905  -0.59831228 -0.99408226]
307.1912865638733,1003,False,4,1,[-5.08505327  2.25192743  4.00000178],cruising,[ 0.63925976  0.24903542 -0.34837281]
307.1912865638733,1004,False,0,3,[-0.45426578 -6.76410511  4.        ],exiting,[-0.62185191  0.08809385  0.93462812]
307.1912865638733,1005,False,3,6,[8.4580728  9.36817564 3.51972111],landing,[ 0.50568378 -0.03156594 -0.11489306]
307.2938725948334,1000,False,1,5,[-7.20501454  5.83511093  4.        ],exiting,[-0.82138112 -0.19970136 -0.21083176]
307.2938725948334,1001,False,2,4,[-2.83933094  7.23679976  4.00032364],cruising,[-0.48080528  0.59740651 -0.20557775]
307.2938725948334,1002,False,0,2,[2.87119541 8.46565694 2.61684615],entering,[ 0.5677905  -0.59831228 -0.99408226]
307.2938725948334,1003,False,4,1,[-5.19972161  2.4157907   4.00000151],cruising,[ 0.63925976  0.24903542 -0.34837281]
307.2938725948334,1004,False,0,3,[-0.43717008 -6.86263296  4.        ],exiting,[-0.62185191  0.08809385  0.93462812]
307.2938725948334,1005,False,3,6,[8.47711348 9.35523974 3.4224066 ],landing,[ 0.50568378 -0.03156594 -0.11489306]
307.3909077644348,1000,False,1,5,[-7.26794824  5.91282419  4.        ],exiting,[-0.82138112 -0.19970136 -0.21083176]
307.3909077644348,1001,False,2,4,[-2.640712    7.26026288  4.00027509],cruising,[-0.48080528  0.59740651 -0.20557775]
307.3909077644348,1002,False,0,2,[2.85749512 8.38684234 2.69184615],entering,[ 0.5677905  -0.59831228 -0.99408226]
307.3909077644348,1003,False,4,1,[-5.31311607  2.58053807  4.00000128],cruising,[ 0.63925976  0.24903542 -0.34837281]
307.3909077644348,1004,False,0,3,[-0.42007438 -6.96116081  4.        ],exiting,[-0.62185191  0.08809385  0.93462812]
307.3909077644348,1005,False,3,6,[8.49615416 9.34230384 3.32509208],landing,[ 0.50568378 -0.03156594 -0.11489306]
307.4936146736145,1000,False,1,5,[-7.33088193  5.99053744  4.        ],exiting,[-0.82138112 -0.19970136 -0.21083176]
307.4936146736145,1001,False,2,4,[-2.44122438  7.27456981  4.00023383],cruising,[-0.48080528  0.59740651 -0.20557775]
307.4936146736145,1002,False,0,2,[2.84086959 8.28824282 2.76684615],entering,[ 0.5677905  -0.59831228 -0.99408226]
307.4936146736145,1003,False,4,1,[-5.4249231   2.74636687  4.00000109],cruising,[ 0.63925976  0.24903542 -0.34837281]
307.4936146736145,1004,False,0,3,[-0.40297868 -7.05968865  4.        ],exiting,[-0.62185191  0.08809385  0.93462812]
307.4936146736145,1005,False,3,6,[8.51519485 9.32936794 3.22777757],landing,[ 0.50568378 -0.03156594 -0.11489306]
307.5916633605957,1000,False,1,5,[-7.39381563  6.0682507   4.        ],exiting,[-0.82138112 -0.19970136 -0.21083176]
307.5916633605957,1001,False,2,4,[-2.24125993  7.27834083  4.00019875],cruising,[-0.48080528  0.59740651 -0.20557775]
307.5916633605957,1002,False,0,2,[2.82224595 8.16974336 2.84184615],entering,[ 0.5677905  -0.59831228 -0.99408226]
307.5916633605957,1003,False,4,1,[-5.5348035   2.9134785   4.00000093],cruising,[ 0.63925976  0.24903542 -0.34837281]
307.5916633605957,1004,False,0,3,[-0.38588297 -7.1582165   4.        ],exiting,[-0.62185191  0.08809385  0.93462812]
307.5916633605957,1005,False,3,6,[8.53423553 9.31643204 3.13046305],landing,[ 0.50568378 -0.03156594 -0.11489306]
307.6929883956909,1000,False,1,5,[-7.45674933  6.14596395  4.        ],exiting,[-0.82138112 -0.19970136 -0.21083176]
307.6929883956909,1001,False,2,4,[-2.04172169  7.26475816  4.00016894],cruising,[-0.48080528  0.59740651 -0.20557775]
307.6929883956909,1002,False,0,2,[2.80280312 8.03126068 2.91684615],entering,[ 0.5677905  -0.59831228 -0.99408226]
307.6929883956909,1003,False,4,1,[-5.64237761  3.08208399  4.00000079],cruising,[ 0.63925976  0.24903542 -0.34837281]
307.6929883956909,1004,False,0,3,[-0.36878727 -7.25674435  4.        ],exiting,[-0.62185191  0.08809385  0.93462812]
307.6929883956909,1005,False,3,6,[8.55327621 9.30349614 3.03314853],landing,[ 0.50568378 -0.03156594 -0.11489306]
307.7961332798004,1000,False,1,5,[-7.51968302  6.2236772   4.        ],exiting,[-0.82138112 -0.19970136 -0.21083176]
307.7961332798004,1001,False,2,4,[-1.84436523  7.23234783  4.0001436 ],cruising,[-0.48080528  0.59740651 -0.20557775]
307.7961332798004,1002,False,0,2,[2.78432093 7.87280109 2.99184615],entering,[ 0.5677905  -0.59831228 -0.99408226]
307.7961332798004,1003,False,4,1,[-5.74720757  3.2524092   4.00000067],cruising,[ 0.63925976  0.24903542 -0.34837281]
307.7961332798004,1004,False,0,3,[-0.35169157 -7.3552722   4.        ],exiting,[-0.62185191  0.08809385  0.93462812]
307.7961332798004,1005,False,3,6,[8.5723169  9.29056024 2.93583402],landing,[ 0.50568378 -0.03156594 -0.11489306]
307.89316725730896,1000,False,1,5,[-7.58261672  6.30139046  4.        ],exiting,[-0.82138112 -0.19970136 -0.21083176]
307.89316725730896,1001,False,2,4,[-1.64918639  7.18869903  4.00012206],cruising,[-0.48080528  0.59740651 -0.20557775]
307.89316725730896,1002,False,0,2,[2.76839593 7.69450565 3.06684615],entering,[ 0.5677905  -0.59831228 -0.99408226]
307.89316725730896,1003,False,4,1,[-5.84877552  3.42469951  4.00000057],cruising,[ 0.63925976  0.24903542 -0.34837281]
307.89316725730896,1004,False,0,3,[-0.33459587 -7.45380005  4.        ],exiting,[-0.62185191  0.08809385  0.93462812]
307.89316725730896,1005,False,3,6,[8.59135758 9.27762434 2.8385195 ],landing,[ 0.50568378 -0.03156594 -0.11489306]
307.9909665584564,1000,False,1,5,[-7.64555042  6.37910371  4.        ],exiting,[-0.82138112 -0.19970136 -0.21083176]
307.9909665584564,1001,False,2,4,[-1.45825575  7.129155    4.00010375],cruising,[-0.48080528  0.59740651 -0.20557775]
307.9909665584564,1002,False,0,2,[2.76261114 7.49897141 3.14184615],entering,[ 0.5677905  -0.59831228 -0.99408226]
307.9909665584564,1003,False,4,1,[-5.94645563  3.59922343  4.00000048],cruising,[ 0.63925976  0.24903542 -0.34837281]
307.9909665584564,1004,False,0,3,[-0.31750017 -7.5523279   4.        ],exiting,[-0.62185191  0.08809385  0.93462812]
307.9909665584564,1005,False,3,6,[8.61039826 9.26468844 2.74120499],landing,[ 0.50568378 -0.03156594 -0.11489306]
308.09259486198425,1000,False,1,5,[-7.70848411  6.45681697  4.        ],exiting,[-0.82138112 -0.19970136 -0.21083176]
308.09259486198425,1001,False,2,4,[-1.27187884  7.056604    4.00008819],cruising,[-0.48080528  0.59740651 -0.20557775]
308.09259486198425,1002,False,0,2,[2.76763005 7.2990344  3.21684615],entering,[ 0.5677905  -0.59831228 -0.99408226]
308.09259486198425,1003,False,4,1,[-6.03947756  3.77627404  4.00000041],cruising,[ 0.63925976  0.24903542 -0.34837281]
308.09259486198425,1004,False,0,3,[-0.30040447 -7.65085575  4.        ],exiting,[-0.62185191  0.08809385  0.93462812]
308.09259486198425,1005,False,3,6,[8.62943895 9.25175254 2.64389047],landing,[ 0.50568378 -0.03156594 -0.11489306]
308.19603395462036,1000,False,1,5,[-7.77141781  6.53453022  4.        ],exiting,[-0.82138112 -0.19970136 -0.21083176]
308.19603395462036,1001,False,2,4,[-1.08987722  6.9736859   4.00007496],cruising,[-0.48080528  0.59740651 -0.20557775]
308.19603395462036,1002,False,0,2,[2.78624085 7.09990218 3.29184615],entering,[ 0.5677905  -0.59831228 -0.99408226]
308.19603395462036,1003,False,4,1,[-6.12687785  3.9561662   4.00000035],cruising,[ 0.63925976  0.24903542 -0.34837281]
308.19603395462036,1004,False,0,3,[-0.28330876 -7.7493836   4.        ],landing,[-0.62185191  0.08809385  0.93462812]
308.19603395462036,1005,False,3,6,[8.64847963 9.23881664 2.54657596],landing,[ 0.50568378 -0.03156594 -0.11489306]
308.2934799194336,1000,False,1,5,[-7.8343515   6.61224347  4.        ],exiting,[-0.82138112 -0.19970136 -0.21083176]
308.2934799194336,1001,False,2,4,[-0.91176354  6.88271603  4.00006372],cruising,[-0.48080528  0.59740651 -0.20557775]
308.2934799194336,1002,False,0,2,[2.82171754 6.90307382 3.36684615],entering,[ 0.5677905  -0.59831228 -0.99408226]
308.2934799194336,1003,False,4,1,[-6.20743487  4.13922512  4.0000003 ],cruising,[ 0.63925976  0.24903542 -0.34837281]
308.2934799194336,1004,False,0,3,[-0.27177221 -7.83479263  3.9859646 ],landing,[-0.62185191  0.08809385  0.93462812]
308.2934799194336,1005,False,3,6,[8.66752032 9.22588075 2.44926144],landing,[ 0.50568378 -0.03156594 -0.11489306]
308.3952302932739,1000,False,1,5,[-7.8972852   6.68995673  4.        ],exiting,[-0.82138112 -0.19970136 -0.21083176]
308.3952302932739,1001,False,2,4,[-0.73575794  6.78773166  4.00005416],cruising,[-0.48080528  0.59740651 -0.20557775]
308.3952302932739,1002,False,0,2,[2.86913281 6.70877562 3.44184615],entering,[ 0.5677905  -0.59831228 -0.99408226]
308.3952302932739,1003,False,4,1,[-6.27958228  4.32575863  4.00000025],cruising,[ 0.63925976  0.24903542 -0.34837281]
308.3952302932739,1004,False,0,3,[-0.26578711 -7.90690707  3.95805709],landing,[-0.62185191  0.08809385  0.93462812]
308.3952302932739,1005,False,3,6,[8.686561   9.21294485 2.35194693],landing,[ 0.50568378 -0.03156594 -0.11489306]
308.4975085258484,1000,False,1,5,[-7.9602189   6.76766998  4.        ],exiting,[-0.82138112 -0.19970136 -0.21083176]
308.4975085258484,1001,False,2,4,[-0.56275886  6.68737572  4.00004603],cruising,[-0.48080528  0.59740651 -0.20557775]
308.4975085258484,1002,False,0,2,[2.93272522 6.51915493 3.51684615],entering,[ 0.5677905  -0.59831228 -0.99408226]
308.4975085258484,1003,False,4,1,[-6.33573263  4.51771471  4.00000021],cruising,[ 0.63925976  0.24903542 -0.34837281]
308.4975085258484,1004,False,0,3,[-0.26534326 -7.96552031  3.91647435],landing,[-0.62185191  0.08809385  0.93462812]
308.4975085258484,1005,False,3,6,[8.70560168 9.20000895 2.25463241],landing,[ 0.50568378 -0.03156594 -0.11489306]
308.60261631011963,1000,False,1,5,[-8.02315259  6.84538324  4.        ],exiting,[-0.82138112 -0.19970136 -0.21083176]
308.60261631011963,1001,False,2,4,[-0.39194834  6.58333838  4.00003913],cruising,[-0.48080528  0.59740651 -0.20557775]
308.60261631011963,1002,False,0,2,[3.0090242  6.33428074 3.58931923],entering,[ 0.5677905  -0.59831228 -0.99408226]
308.60261631011963,1003,False,4,1,[-6.37848607  4.71309164  4.00000018],cruising,[ 0.63925976  0.24903542 -0.34837281]
308.60261631011963,1004,False,0,3,[-0.27042469 -8.01035086  3.86149352],landing,[-0.62185191  0.08809385  0.93462812]
308.60261631011963,1005,False,3,6,[8.72464237 9.18707305 2.1573179 ],landing,[ 0.50568378 -0.03156594 -0.11489306]
308.692045211792,1000,False,1,5,[-8.08608629  6.92309649  4.        ],exiting,[-0.82138112 -0.19970136 -0.21083176]
308.692045211792,1001,False,2,4,[-0.2220351   6.47784198  4.00003326],cruising,[-0.48080528  0.59740651 -0.20557775]
308.692045211792,1002,False,0,2,[3.10076325 6.1565919  3.65130539],entering,[ 0.5677905  -0.59831228 -0.99408226]
308.692045211792,1003,False,4,1,[-6.40145939  4.91142603  4.00000015],cruising,[ 0.63925976  0.24903542 -0.34837281]
308.692045211792,1004,False,0,3,[-0.28101601 -8.04116239  3.79335564],landing,[-0.62185191  0.08809385  0.93462812]
308.692045211792,1005,False,3,6,[8.74368305 9.17413715 2.06000338],landing,[ 0.50568378 -0.03156594 -0.11489306]
308.7970280647278,1000,False,1,5,[-8.14901999  7.00080975  4.        ],exiting,[-0.82138112 -0.19970136 -0.21083176]
308.7970280647278,1001,False,2,4,[-0.05316801  6.370679    4.00002827],cruising,[-0.48080528  0.59740651 -0.20557775]
308.7970280647278,1002,False,0,2,[3.20668836 5.98694558 3.70360959],entering,[ 0.5677905  -0.59831228 -0.99408226]
308.7970280647278,1003,False,4,1,[-6.40443556  5.11009878  4.00000013],cruising,[ 0.63925976  0.24903542 -0.34837281]
308.7970280647278,1004,False,0,3,[-0.29710142 -8.05773731  3.71228971],landing,[-0.62185191  0.08809385  0.93462812]
308.7970280647278,1005,False,3,6,[8.76272373 9.16120125 1.96268887],landing,[ 0.50568378 -0.03156594 -0.11489306]
308.89126205444336,1000,False,1,5,[-8.21195368  7.078523    4.        ],exiting,[-0.82138112 -0.19970136 -0.21083176]
308.89126205444336,1001,False,2,4,[0.11552242 6.26323814 4.00002403],cruising,[-0.48080528  0.59740651 -0.20557775]
308.89126205444336,1002,False,0,2,[3.32782227 5.82783848 3.74832318],entering,[ 0.5677905  -0.59831228 -0.99408226]
308.89126205444336,1003,False,4,1,[-6.38755165  5.30641006  4.0000001 ],cruising,[ 0.63925976  0.24903542 -0.34837281]
308.89126205444336,1004,False,0,3,[-0.31866329 -8.0598565   3.61853364],landing,[-0.62185191  0.08809385  0.93462812]
308.89126205444336,1005,False,3,6,[8.78176442 9.14826535 1.86537435],landing,[ 0.50568378 -0.03156594 -0.11489306]
308.99777364730835,1000,False,1,5,[-8.27488738  7.15623625  4.        ],exiting,[-0.82138112 -0.19970136 -0.21083176]
308.99777364730835,1001,False,2,4,[0.28429871 6.1559322  4.00002043],cruising,[-0.48080528  0.59740651 -0.20557775]
308.99777364730835,1002,False,0,2,[3.46314328 5.68056925 3.78607471],entering,[ 0.5677905  -0.59831228 -0.99408226]
308.99777364730835,1003,False,4,1,[-6.35126537  5.49786863  4.00000008],cruising,[ 0.63925976  0.24903542 -0.34837281]
308.99777364730835,1004,False,0,3,[-0.3417677  -8.05782674  3.52126049],landing,[-0.62185191  0.08809385  0.93462812]
308.99777364730835,1005,False,3,6,[8.8008051  9.13532945 1.76805984],landing,[ 0.50568378 -0.03156594 -0.11489306]
309.10274481773376,1000,False,1,5,[-8.33782107  7.23394951  4.        ],exiting,[-0.82138112 -0.19970136 -0.21083176]
309.10274481773376,1001,False,2,4,[0.45357857 6.04942244 4.00001736],cruising,[-0.48080528  0.59740651 -0.20557775]
309.10274481773376,1002,False,0,2,[3.61196698 5.54702093 3.8184028 ],entering,[ 0.5677905  -0.59831228 -0.99408226]
309.10274481773376,1003,False,4,1,[-6.29631762  5.68213351  4.00000006],cruising,[ 0.63925976  0.24903542 -0.34837281]
309.10274481773376,1004,False,0,3,[-0.3648721  -8.05579698  3.42398733],landing,[-0.62185191  0.08809385  0.93462812]
309.10274481773376,1005,False,3,6,[8.81984578 9.12239355 1.67074532],landing,[ 0.50568378 -0.03156594 -0.11489306]
309.1980769634247,1000,False,1,5,[-8.40075477  7.31166276  4.        ],landing,[-0.82138112 -0.19970136 -0.21083176]
309.1980769634247,1001,False,2,4,[0.62362385 5.944139   4.00001476],cruising,[-0.48080528  0.59740651 -0.20557775]
309.1980769634247,1002,False,0,2,[3.77302918 5.42845669 3.84566172],cruising,[ 0.5677905  -0.59831228 -0.99408226]
309.1980769634247,1003,False,4,1,[-6.22361712  5.85718753  4.00000004],cruising,[ 0.63925976  0.24903542 -0.34837281]
309.1980769634247,1004,False,0,3,[-0.38797651 -8.05376722  3.32671418],landing,[-0.62185191  0.08809385  0.93462812]
309.1980769634247,1005,False,3,6,[8.83888647 9.10945765 1.57343081],landing,[ 0.50568378 -0.03156594 -0.11489306]
309.2982819080353,1000,False,1,5,[-8.45261651  7.38093019  3.98564452],landing,[-0.82138112 -0.19970136 -0.21083176]
309.2982819080353,1001,False,2,4,[0.7951988  5.84136722 4.00001254],cruising,[-0.48080528  0.59740651 -0.20557775]
309.2982819080353,1002,False,0,2,[3.94458389 5.32565114 3.86881246],cruising,[ 0.5677905  -0.59831228 -0.99408226]
309.2982819080353,1003,False,4,1,[-6.1343811   6.02099094  4.00000003],cruising,[ 0.63925976  0.24903542 -0.34837281]
309.2982819080353,1004,False,0,3,[-0.41108092 -8.05173747  3.22944102],landing,[-0.62185191  0.08809385  0.93462812]
309.2982819080353,1005,False,3,6,[8.85792715 9.09652175 1.47611629],fake_landed,[ 0.50568378 -0.03156594 -0.11489306]
309.3919713497162,1000,False,1,5,[-8.49332405  7.44159224  3.95709287],landing,[-0.82138112 -0.19970136 -0.21083176]
309.3919713497162,1001,False,2,4,[0.96811664 5.74087135 4.00001066],cruising,[-0.48080528  0.59740651 -0.20557775]
309.3919713497162,1002,False,0,2,[4.12395786 5.23719223 3.88849059],cruising,[ 0.5677905  -0.59831228 -0.99408226]
309.3919713497162,1003,False,4,1,[-6.02961347  6.17219397  4.00000001],cruising,[ 0.63925976  0.24903542 -0.34837281]
309.3919713497162,1004,False,0,3,[-0.43418533 -8.04970771  3.13216787],landing,[-0.62185191  0.08809385  0.93462812]
309.3919713497162,1005,False,3,6,[8.8731597  9.08617303 1.39826468],fake_landed,[ 0.50568378 -0.03156594 -0.11489306]
309.4952218532562,1000,False,1,5,[-8.52278071  7.49345887  3.91453914],landing,[-0.82138112 -0.19970136 -0.21083176]
309.4952218532562,1001,False,2,4,[1.1433939  5.64454958 4.00000906],cruising,[-0.48080528  0.59740651 -0.20557775]
309.4952218532562,1002,False,0,2,[4.30943801 5.16237837 3.90521701],cruising,[ 0.5677905  -0.59831228 -0.99408226]
309.4952218532562,1003,False,4,1,[-5.91023054  6.30974443  4.        ],cruising,[ 0.63925976  0.24903542 -0.34837281]
309.4952218532562,1004,False,0,3,[-0.45728973 -8.04767795  3.03489472],landing,[-0.62185191  0.08809385  0.93462812]
309.4952218532562,1005,False,3,6,[8.88458411 9.07841149 1.33987597],fake_landed,[ 0.50568378 -0.03156594 -0.11489306]
309.59116768836975,1000,False,1,5,[-8.54085274  7.53626235  3.858265  ],landing,[-0.82138112 -0.19970136 -0.21083176]
309.59116768836975,1001,False,2,4,[1.32046481 5.5515663  4.0000077 ],cruising,[-0.48080528  0.59740651 -0.20557775]
309.59116768836975,1002,False,0,2,[4.49915576 5.09907612 3.91943445],cruising,[ 0.5677905  -0.59831228 -0.99408226]
309.59116768836975,1003,False,4,1,[-5.77711868  6.43275127  3.99999999],cruising,[ 0.63925976  0.24903542 -0.34837281]
309.59116768836975,1004,False,0,3,[-0.48039414 -8.04564819  2.93762156],landing,[-0.62185191  0.08809385  0.93462812]
309.59116768836975,1005,False,3,6,[8.89220038 9.07323713 1.30095016],fake_landed,[ 0.50568378 -0.03156594 -0.11489306]
309.691148519516,1000,False,1,5,[-8.54744214  7.56980273  3.78848737],landing,[-0.82138112 -0.19970136 -0.21083176]
309.691148519516,1001,False,2,4,[1.49954512 5.46251439 4.00000655],cruising,[-0.48080528  0.59740651 -0.20557775]
309.691148519516,1002,False,0,2,[4.69170116 5.04498112 3.93151929],cruising,[ 0.5677905  -0.59831228 -0.99408226]
309.691148519516,1003,False,4,1,[-5.63110141  6.54047904  3.99999999],cruising,[ 0.63925976  0.24903542 -0.34837281]
309.691148519516,1004,False,0,3,[-0.50349855 -8.04361843  2.84034841],landing,[-0.62185191  0.08809385  0.93462812]
309.691148519516,1005,False,3,6,[8.89600852 9.07064995 1.28148726],fake_landed,[ 0.50568378 -0.03156594 -0.11489306]
309.7951571941376,1000,False,1,5,[-8.54245199  7.59387864  3.70543053],landing,[-0.82138112 -0.19970136 -0.21083176]
309.7951571941376,1001,False,2,4,[1.68185097 5.38026734 4.00000557],cruising,[-0.48080528  0.59740651 -0.20557775]
309.7951571941376,1002,False,0,2,[4.88619867 4.99839012 3.94179139],cruising,[ 0.5677905  -0.59831228 -0.99408226]
309.7951571941376,1003,False,4,1,[-5.47290557  6.6323423   3.99999998],cruising,[ 0.63925976  0.24903542 -0.34837281]
309.7951571941376,1004,False,0,3,[-0.52660296 -8.04158867  2.74307526],landing,[-0.62185191  0.08809385  0.93462812]
309.7951571941376,1005,False,3,6,[8.89600852 9.07064995 1.28148726],fake_landed,[ 0.50568378 -0.03156594 -0.11489306]
309.8911085128784,1000,False,1,5,[-8.52578598  7.60828629  3.60932763],landing,[-0.82138112 -0.19970136 -0.21083176]
309.8911085128784,1001,False,2,4,[1.86635019 5.30306606 4.00000473],cruising,[-0.48080528  0.59740651 -0.20557775]
309.8911085128784,1002,False,0,2,[5.08183797 4.95685385 3.95052268],cruising,[ 0.5677905  -0.59831228 -0.99408226]
309.8911085128784,1003,False,4,1,[-5.3031167   6.70790828  3.99999998],cruising,[ 0.63925976  0.24903542 -0.34837281]
309.8911085128784,1004,False,0,3,[-0.54970736 -8.03955892  2.6458021 ],landing,[-0.62185191  0.08809385  0.93462812]
309.8911085128784,1005,False,6,0,[8.89600852 9.07064995 1.28148726],waiting,[ 0.50568378 -0.03156594 -0.11489306]
309.991525888443,1000,False,1,5,[-8.50786271  7.62163923  3.51185736],landing,[-0.82138112 -0.19970136 -0.21083176]
309.991525888443,1001,False,2,4,[2.05315043 5.23161207 4.00000402],cruising,[-0.48080528  0.59740651 -0.20557775]
309.991525888443,1002,False,0,2,[5.27811584 4.91844817 3.95794428],cruising,[ 0.5677905  -0.59831228 -0.99408226]
309.991525888443,1003,False,4,1,[-5.1221406   6.76689577  3.99999998],cruising,[ 0.63925976  0.24903542 -0.34837281]
309.991525888443,1004,False,0,3,[-0.57281177 -8.03752916  2.54852895],landing,[-0.62185191  0.08809385  0.93462812]
309.991525888443,1005,False,6,0,[8.89600852 9.07064995 1.28148726],waiting,[ 0.50568378 -0.03156594 -0.11489306]
310.091267824173,1000,False,1,5,[-8.48993944  7.63499218  3.41438708],landing,[-0.82138112 -0.19970136 -0.21083176]
310.091267824173,1001,False,2,4,[2.24229214 5.16660891 4.00000342],cruising,[-0.48080528  0.59740651 -0.20557775]
310.091267824173,1002,False,0,2,[5.47466503 4.88145605 3.96425264],cruising,[ 0.5677905  -0.59831228 -0.99408226]
310.091267824173,1003,False,4,1,[-4.93045686  6.80899106  3.99999998],cruising,[ 0.63925976  0.24903542 -0.34837281]
310.091267824173,1004,False,0,3,[-0.59591618 -8.0354994   2.4512558 ],landing,[-0.62185191  0.08809385  0.93462812]
310.091267824173,1005,False,6,0,[8.89600852 9.07064995 1.28148726],waiting,[ 0.50568378 -0.03156594 -0.11489306]
310.1976273059845,1000,False,1,5,[-8.47201616  7.64834512  3.3169168 ],landing,[-0.82138112 -0.19970136 -0.21083176]
310.1976273059845,1001,False,2,4,[2.43602952 5.1169518  4.00000291],cruising,[-0.48080528  0.59740651 -0.20557775]
310.1976273059845,1002,False,0,2,[5.67151748 4.84611326 3.96961474],cruising,[ 0.5677905  -0.59831228 -0.99408226]
310.1976273059845,1003,False,4,1,[-4.73398291  6.84638068  3.99999998],cruising,[ 0.63925976  0.24903542 -0.34837281]
310.1976273059845,1004,False,0,3,[-0.61902059 -8.03346964  2.35398264],landing,[-0.62185191  0.08809385  0.93462812]
310.1976273059845,1005,False,6,0,[8.89600852 9.07064995 1.28148726],waiting,[ 0.50568378 -0.03156594 -0.11489306]
310.2966229915619,1000,False,1,5,[-8.45409289  7.66169807  3.21944652],landing,[-0.82138112 -0.19970136 -0.21083176]
310.2966229915619,1001,False,2,4,[2.63176216 5.0758576  4.00000247],cruising,[-0.48080528  0.59740651 -0.20557775]
310.2966229915619,1002,False,0,2,[5.86808113 4.80919807 3.97417253],cruising,[ 0.5677905  -0.59831228 -0.99408226]
310.2966229915619,1003,False,4,1,[-4.53844843  6.88840769  3.99999999],cruising,[ 0.63925976  0.24903542 -0.34837281]
310.2966229915619,1004,False,0,3,[-0.642125   -8.03143988  2.25670949],landing,[-0.62185191  0.08809385  0.93462812]
310.2966229915619,1005,False,6,0,[8.89600852 9.07064995 1.28148726],waiting,[ 0.50568378 -0.03156594 -0.11489306]
310.39118695259094,1000,False,1,5,[-8.43616962  7.67505101  3.12197624],landing,[-0.82138112 -0.19970136 -0.21083176]
310.39118695259094,1001,False,2,4,[2.82887245 5.0419823  4.0000021 ],cruising,[-0.48080528  0.59740651 -0.20557775]
310.39118695259094,1002,False,0,2,[6.06407905 4.76938832 3.97804665],cruising,[ 0.5677905  -0.59831228 -0.99408226]
310.39118695259094,1003,False,4,1,[-4.34359313  6.93347888  3.99999999],cruising,[ 0.63925976  0.24903542 -0.34837281]
310.39118695259094,1004,False,0,3,[-0.6652294  -8.02941012  2.15943633],landing,[-0.62185191  0.08809385  0.93462812]
310.39118695259094,1005,False,6,0,[8.89600852 9.07064995 1.28148726],waiting,[ 0.50568378 -0.03156594 -0.11489306]
310.4911127090454,1000,False,1,5,[-8.41824635  7.68840396  3.02450596],landing,[-0.82138112 -0.19970136 -0.21083176]
310.4911127090454,1001,False,2,4,[3.02691502 5.01406924 4.00000178],cruising,[-0.48080528  0.59740651 -0.20557775]
310.4911127090454,1002,False,0,2,[6.25918103 4.72539723 3.98133965],cruising,[ 0.5677905  -0.59831228 -0.99408226]
310.4911127090454,1003,False,4,1,[-4.14911807  6.98016347  3.99999999],cruising,[ 0.63925976  0.24903542 -0.34837281]
310.4911127090454,1004,False,0,3,[-0.68833381 -8.02738036  2.06216318],landing,[-0.62185191  0.08809385  0.93462812]
310.4911127090454,1005,False,6,0,[8.89600852 9.07064995 1.28148726],waiting,[ 0.50568378 -0.03156594 -0.11489306]
310.59264612197876,1000,False,1,5,[-8.40032308  7.7017569   2.92703568],landing,[-0.82138112 -0.19970136 -0.21083176]
310.59264612197876,1001,False,2,4,[3.22557687 4.99097229 4.00000152],cruising,[-0.48080528  0.59740651 -0.20557775]
310.59264612197876,1002,False,0,2,[6.45296798 4.67593391 3.98413871],cruising,[ 0.5677905  -0.59831228 -0.99408226]
310.59264612197876,1003,False,4,1,[-3.95473332  7.02722267  3.99999999],cruising,[ 0.63925976  0.24903542 -0.34837281]
310.59264612197876,1004,False,0,3,[-0.71143822 -8.02535061  1.96489003],landing,[-0.62185191  0.08809385  0.93462812]
310.59264612197876,1005,False,6,0,[8.89600852 9.07064995 1.28148726],waiting,[ 0.50568378 -0.03156594 -0.11489306]
310.69222712516785,1000,False,1,5,[-8.38239981  7.71510985  2.82956541],landing,[-0.82138112 -0.19970136 -0.21083176]
310.69222712516785,1001,False,2,4,[3.42464235 4.97166082 4.00000129],cruising,[-0.48080528  0.59740651 -0.20557775]
310.69222712516785,1002,False,0,2,[6.64489126 4.61967154 3.9865179 ],cruising,[ 0.5677905  -0.59831228 -0.99408226]
310.69222712516785,1003,False,4,1,[-3.75962211  7.07117282  3.99999999],cruising,[ 0.63925976  0.24903542 -0.34837281]
310.69222712516785,1004,False,0,3,[-0.73454263 -8.02332085  1.86761687],landing,[-0.62185191  0.08809385  0.93462812]
310.69222712516785,1005,False,6,0,[8.89600852 9.07064995 1.28148726],queued,[ 0.50568378 -0.03156594 -0.11489306]
310.7991044521332,1000,False,1,5,[-8.36447653  7.72846279  2.73209513],landing,[-0.82138112 -0.19970136 -0.21083176]
310.7991044521332,1001,False,2,4,[3.62396493 4.95521366 4.0000011 ],cruising,[-0.48080528  0.59740651 -0.20557775]
310.7991044521332,1002,False,0,2,[6.83422393 4.55522669 3.98854022],cruising,[ 0.5677905  -0.59831228 -0.99408226]
310.7991044521332,1003,False,4,1,[-3.56425584  7.11397494  3.99999999],cruising,[ 0.63925976  0.24903542 -0.34837281]
310.7991044521332,1004,False,0,3,[-0.75764703 -8.02129109  1.77034372],landing,[-0.62185191  0.08809385  0.93462812]
310.7991044521332,1005,False,6,0,[8.89600852 9.07064995 1.30148726],queued,[ 0.50568378 -0.03156594 -0.11489306]
310.89943647384644,1000,False,1,5,[-8.34655326  7.74181574  2.63462485],landing,[-0.82138112 -0.19970136 -0.21083176]
310.89943647384644,1001,False,2,4,[3.82344538 4.94080707 4.00000093],cruising,[-0.48080528  0.59740651 -0.20557775]
310.89943647384644,1002,False,0,2,[7.02000203 4.4811558  3.99025918],cruising,[ 0.5677905  -0.59831228 -0.99408226]
310.89943647384644,1003,False,4,1,[-3.36844911  7.15471464  3.99999999],cruising,[ 0.63925976  0.24903542 -0.34837281]
310.89943647384644,1004,False,0,3,[-0.78075144 -8.01926133  1.67307057],landing,[-0.62185191  0.08809385  0.93462812]
310.89943647384644,1005,False,6,0,[8.89600852 9.07064995 1.34148726],queued,[ 0.50568378 -0.03156594 -0.11489306]
310.99374508857727,1000,False,1,5,[-8.32862999  7.75516868  2.53715457],landing,[-0.82138112 -0.19970136 -0.21083176]
310.99374508857727,1001,False,2,4,[4.02301542 4.92769972 4.00000079],cruising,[-0.48080528  0.59740651 -0.20557775]
310.99374508857727,1002,False,0,2,[7.2009573  4.39597838 3.99172031],cruising,[ 0.5677905  -0.59831228 -0.99408226]
310.99374508857727,1003,False,4,1,[-3.17159125  7.1900273   4.        ],cruising,[ 0.63925976  0.24903542 -0.34837281]
310.99374508857727,1004,False,0,3,[-0.80385585 -8.01723157  1.57579741],landing,[-0.62185191  0.08809385  0.93462812]
310.99374508857727,1005,False,6,0,[8.89600852 9.07064995 1.40148726],queued,[ 0.50568378 -0.03156594 -0.11489306]
311.09100222587585,1000,False,1,5,[-8.31070672  7.76852163  2.43968429],landing,[-0.82138112 -0.19970136 -0.21083176]
311.09100222587585,1001,False,2,4,[4.2226004  4.91482205 4.00000067],cruising,[-0.48080528  0.59740651 -0.20557775]
311.09100222587585,1002,False,0,2,[7.37544855 4.29823993 3.99296226],cruising,[ 0.5677905  -0.59831228 -0.99408226]
311.09100222587585,1003,False,4,1,[-2.97416893  7.22203398  4.        ],cruising,[ 0.63925976  0.24903542 -0.34837281]
311.09100222587585,1004,False,0,3,[-0.82696026 -8.01520181  1.47852426],fake_landed,[-0.62185191  0.08809385  0.93462812]
311.09100222587585,1005,False,6,0,[8.89600852 9.07064995 1.47648726],queued,[ 0.50568378 -0.03156594 -0.11489306]
311.1917099952698,1000,False,1,5,[-8.29278345  7.78187457  2.34221401],landing,[-0.82138112 -0.19970136 -0.21083176]
311.1917099952698,1001,False,2,4,[4.42221129 4.90235232 4.00000057],cruising,[-0.48080528  0.59740651 -0.20557775]
311.1917099952698,1002,False,0,2,[7.53910567 4.18369079 3.99405363],cruising,[ 0.5677905  -0.59831228 -0.99408226]
311.1917099952698,1003,False,4,1,[-2.77573445  7.2470091   4.        ],cruising,[ 0.63925976  0.24903542 -0.34837281]
311.1917099952698,1004,False,0,3,[-0.84544378 -8.01357801  1.40070574],fake_landed,[-0.62185191  0.08809385  0.93462812]
311.1917099952698,1005,False,6,0,[8.89600852 9.07064995 1.55148726],entering,[ 0.50568378 -0.03156594 -0.11489306]
311.2912178039551,1000,False,1,5,[-8.27486018  7.79522752  2.24474373],landing,[-0.82138112 -0.19970136 -0.21083176]
311.2912178039551,1001,False,2,4,[4.62180399 4.88959482 4.00000049],cruising,[-0.48080528  0.59740651 -0.20557775]
311.2912178039551,1002,False,0,2,[7.69050794 4.05333691 3.99497562],cruising,[ 0.5677905  -0.59831228 -0.99408226]
311.2912178039551,1003,False,4,1,[-2.57675331  7.26717106  4.        ],cruising,[ 0.63925976  0.24903542 -0.34837281]
311.2912178039551,1004,False,0,3,[-0.85930643 -8.01236015  1.34234184],fake_landed,[-0.62185191  0.08809385  0.93462812]
311.2912178039551,1005,False,6,0,[8.89178023 9.05110202 1.62648726],entering,[ 0.50568378 -0.03156594 -0.11489306]
311.3913779258728,1000,False,1,5,[-8.2569369   7.80858046  2.14727346],landing,[-0.82138112 -0.19970136 -0.21083176]
311.3913779258728,1001,False,2,4,[4.82133457 4.87590013 4.00000041],cruising,[-0.48080528  0.59740651 -0.20557775]
311.3913779258728,1002,False,0,2,[7.8280968  3.90852031 3.99575816],cruising,[ 0.5677905  -0.59831228 -0.99408226]
311.3913779258728,1003,False,4,1,[-2.37704039  7.27788317  4.        ],cruising,[ 0.63925976  0.24903542 -0.34837281]
311.3913779258728,1004,False,0,3,[-0.86854819 -8.01154825  1.30343258],fake_landed,[-0.62185191  0.08809385  0.93462812]
311.3913779258728,1005,False,6,0,[8.88332365 9.01200616 1.70148726],entering,[ 0.50568378 -0.03156594 -0.11489306]
311.4920892715454,1000,False,1,5,[-8.23901363  7.82193341  2.04980318],landing,[-0.82138112 -0.19970136 -0.21083176]
311.4920892715454,1001,False,2,4,[5.02075187 4.86064429 4.00000035],cruising,[-0.48080528  0.59740651 -0.20557775]
311.4920892715454,1002,False,0,2,[7.95004364 3.75124091 3.99646237],cruising,[ 0.5677905  -0.59831228 -0.99408226]
311.4920892715454,1003,False,4,1,[-2.17704153  7.27720735  4.        ],cruising,[ 0.63925976  0.24903542 -0.34837281]
311.4920892715454,1004,False,0,3,[-0.87316907 -8.0111423   1.28397795],fake_landed,[-0.62185191  0.08809385  0.93462812]
311.4920892715454,1005,False,6,0,[8.87063878 8.95336237 1.77648726],entering,[ 0.50568378 -0.03156594 -0.11489306]
311.59132742881775,1000,False,1,5,[-8.22109036  7.83528635  1.9523329 ],landing,[-0.82138112 -0.19970136 -0.21083176]
311.59132742881775,1001,False,2,4,[5.22008077 4.8442738  4.0000003 ],cruising,[-0.48080528  0.59740651 -0.20557775]
311.59132742881775,1002,False,0,2,[8.05524625 3.58302427 3.99708313],cruising,[ 0.5677905  -0.59831228 -0.99408226]
311.59132742881775,1003,False,4,1,[-1.9780748   7.25690366  4.        ],cruising,[ 0.63925976  0.24903542 -0.34837281]
311.59132742881775,1004,False,3,6,[-0.87316907 -8.0111423   1.28397795],waiting,[-0.62185191  0.08809385  0.93462812]
311.59132742881775,1005,False,6,0,[8.85372562 8.87517065 1.85148726],entering,[ 0.50568378 -0.03156594 -0.11489306]
311.69962549209595,1000,False,1,5,[-8.20316709  7.8486393   1.85486262],landing,[-0.82138112 -0.19970136 -0.21083176]
311.69962549209595,1001,False,2,4,[5.41916807 4.82518863 4.00000025],cruising,[-0.48080528  0.59740651 -0.20557775]
311.69962549209595,1002,False,0,2,[8.14281359 3.40537418 3.9976166 ],cruising,[ 0.5677905  -0.59831228 -0.99408226]
311.69962549209595,1003,False,4,1,[-1.78073873  7.22436943  4.        ],cruising,[ 0.63925976  0.24903542 -0.34837281]
311.69962549209595,1004,False,3,6,[-0.87316907 -8.0111423   1.28397795],waiting,[-0.62185191  0.08809385  0.93462812]
311.69962549209595,1005,False,6,0,[8.83258884 8.77742999 1.92648726],entering,[ 0.50568378 -0.03156594 -0.11489306]
311.8052785396576,1000,False,1,5,[-8.18524382  7.86199224  1.75739234],landing,[-0.82138112 -0.19970136 -0.21083176]
311.8052785396576,1001,False,2,4,[5.61790169 4.80271752 4.00000022],cruising,[-0.48080528  0.59740651 -0.20557775]
311.8052785396576,1002,False,0,2,[8.21206516 3.21969141 3.99805748],cruising,[ 0.5677905  -0.59831228 -0.99408226]
311.8052785396576,1003,False,4,1,[-1.58711884  7.17425619  4.        ],cruising,[ 0.63925976  0.24903542 -0.34837281]
311.8052785396576,1004,False,3,6,[-0.87316907 -8.0111423   1.28397795],waiting,[-0.62185191  0.08809385  0.93462812]
311.8052785396576,1005,False,6,0,[8.80738678 8.66010686 2.00148726],entering,[ 0.50568378 -0.03156594 -0.11489306]
311.8979139328003,1000,False,1,5,[-8.16732055  7.87534519  1.65992206],landing,[-0.82138112 -0.19970136 -0.21083176]
311.8979139328003,1001,False,2,4,[5.81612936 4.77615079 4.00000018],cruising,[-0.48080528  0.59740651 -0.20557775]
311.8979139328003,1002,False,0,2,[8.26248022 3.02728734 3.99839841],cruising,[ 0.5677905  -0.59831228 -0.99408226]
311.8979139328003,1003,False,4,1,[-1.3979048   7.10946383  4.        ],cruising,[ 0.63925976  0.24903542 -0.34837281]
311.8979139328003,1004,False,3,6,[-0.87316907 -8.0111423   1.28397795],waiting,[-0.62185191  0.08809385  0.93462812]
311.8979139328003,1005,False,6,0,[8.77836494 8.52315187 2.07648726],entering,[ 0.50568378 -0.03156594 -0.11489306]
312.00307059288025,1000,False,1,5,[-8.14939727  7.88869813  1.56245179],landing,[-0.82138112 -0.19970136 -0.21083176]
312.00307059288025,1001,False,2,4,[6.01364432 4.74472086 4.00000016],cruising,[-0.48080528  0.59740651 -0.20557775]
312.00307059288025,1002,False,0,2,[8.30023078 2.83088241 3.99863865],cruising,[ 0.5677905  -0.59831228 -0.99408226]
312.00307059288025,1003,False,4,1,[-1.21320059  7.03275428  4.        ],cruising,[ 0.63925976  0.24903542 -0.34837281]
312.00307059288025,1004,False,3,6,[-0.87316907 -8.0111423   1.28397795],waiting,[-0.62185191  0.08809385  0.93462812]
312.00307059288025,1005,False,6,0,[8.74592713 8.36649077 2.15148726],entering,[ 0.50568378 -0.03156594 -0.11489306]
312.1003062725067,1000,False,1,5,[-8.131474    7.90205108  1.46498151],fake_landed,[-0.82138112 -0.19970136 -0.21083176]
312.1003062725067,1001,False,2,4,[6.21016607 4.70758327 4.00000013],cruising,[-0.48080528  0.59740651 -0.20557775]
312.1003062725067,1002,False,0,2,[8.3319028  2.63340613 3.99884285],cruising,[ 0.5677905  -0.59831228 -0.99408226]
312.1003062725067,1003,False,4,1,[-1.03270006  6.94661742  4.        ],cruising,[ 0.63925976  0.24903542 -0.34837281]
312.1003062725067,1004,False,3,6,[-0.87316907 -8.0111423   1.28397795],waiting,[-0.62185191  0.08809385  0.93462812]
312.1003062725067,1005,False,6,0,[8.71041525 8.19006733 2.22648726],entering,[ 0.50568378 -0.03156594 -0.11489306]
312.20553183555603,1000,False,1,5,[-8.11713539  7.91273343  1.38700528],fake_landed,[-0.82138112 -0.19970136 -0.21083176]
312.20553183555603,1001,False,2,4,[6.40531463 4.66379928 4.00000011],cruising,[-0.48080528  0.59740651 -0.20557775]
312.20553183555603,1002,False,0,2,[8.35866963 2.43520538 3.99901642],cruising,[ 0.5677905  -0.59831228 -0.99408226]
312.20553183555603,1003,False,4,1,[-0.85584747  6.85321955  4.        ],cruising,[ 0.63925976  0.24903542 -0.34837281]
312.20553183555603,1004,False,3,6,[-0.87316907 -8.0111423   1.28397795],waiting,[-0.62185191  0.08809385  0.93462812]
312.20553183555603,1005,False,6,0,[8.67186679 7.99387575 2.30148726],entering,[ 0.50568378 -0.03156594 -0.11489306]
312.30200719833374,1000,False,1,5,[-8.10638142  7.9207452   1.32852312],fake_landed,[-0.82138112 -0.19970136 -0.21083176]
312.30200719833374,1001,False,2,4,[6.59857627 4.61232171 4.0000001 ],cruising,[-0.48080528  0.59740651 -0.20557775]
312.30200719833374,1002,False,0,2,[8.38446284 2.23687558 3.99916396],cruising,[ 0.5677905  -0.59831228 -0.99408226]
312.30200719833374,1003,False,4,1,[-0.68091955  6.75626481  4.        ],cruising,[ 0.63925976  0.24903542 -0.34837281]
312.30200719833374,1004,False,3,6,[-0.87316907 -8.0111423   1.28397795],waiting,[-0.62185191  0.08809385  0.93462812]
312.30200719833374,1005,False,6,0,[8.63330974 7.79762756 2.37648726],entering,[ 0.50568378 -0.03156594 -0.11489306]
312.39147567749023,1000,False,1,5,[-8.09921211  7.92608638  1.28953501],fake_landed,[-0.82138112 -0.19970136 -0.21083176]
312.39147567749023,1001,False,2,4,[6.78925887 4.55198809 4.00000008],cruising,[-0.48080528  0.59740651 -0.20557775]
312.39147567749023,1002,False,0,2,[8.4056612  2.03800218 3.99928937],cruising,[ 0.5677905  -0.59831228 -0.99408226]
312.39147567749023,1003,False,4,1,[-0.50871567  6.65455039  4.        ],cruising,[ 0.63925976  0.24903542 -0.34837281]
312.39147567749023,1004,False,3,6,[-0.87316907 -8.0111423   1.28397795],waiting,[-0.62185191  0.08809385  0.93462812]
312.39147567749023,1005,False,6,0,[8.59533658 7.60126555 2.45148726],entering,[ 0.50568378 -0.03156594 -0.11489306]
312.4908127784729,1000,False,1,5,[-8.09562746  7.92875697  1.27004095],fake_landed,[-0.82138112 -0.19970136 -0.21083176]
312.4908127784729,1001,False,2,4,[6.97643598 4.48152726 4.00000007],cruising,[-0.48080528  0.59740651 -0.20557775]
312.4908127784729,1002,False,0,2,[8.42563356 1.83900191 3.99939596],cruising,[ 0.5677905  -0.59831228 -0.99408226]
312.4908127784729,1003,False,4,1,[-0.33775054  6.55076732  4.        ],cruising,[ 0.63925976  0.24903542 -0.34837281]
312.4908127784729,1004,False,3,6,[-0.87316907 -8.0111423   1.28397795],waiting,[-0.62185191  0.08809385  0.93462812]
312.4908127784729,1005,False,6,0,[8.5599545  7.40442015 2.52648726],entering,[ 0.50568378 -0.03156594 -0.11489306]
312.59510111808777,1000,False,1,5,[-8.09562746  7.92875697  1.27004095],fake_landed,[-0.82138112 -0.19970136 -0.21083176]
312.59510111808777,1001,False,2,4,[7.15888102 4.39958943 4.00000006],cruising,[-0.48080528  0.59740651 -0.20557775]
312.59510111808777,1002,False,0,2,[8.44401171 1.63984809 3.99948657],cruising,[ 0.5677905  -0.59831228 -0.99408226]
312.59510111808777,1003,False,4,1,[-0.16834634  6.44445545  4.        ],cruising,[ 0.63925976  0.24903542 -0.34837281]
312.59510111808777,1004,False,3,6,[-0.87316907 -8.0111423   1.28397795],waiting,[-0.62185191  0.08809385  0.93462812]
312.59510111808777,1005,False,6,0,[8.52576831 7.20736355 2.60148726],entering,[ 0.50568378 -0.03156594 -0.11489306]
312.69475293159485,1000,False,5,3,[-8.09562746  7.92875697  1.27004095],waiting,[-0.82138112 -0.19970136 -0.21083176]
312.69475293159485,1001,False,2,4,[7.33499869 4.30481303 4.00000005],cruising,[-0.48080528  0.59740651 -0.20557775]
312.69475293159485,1002,False,0,2,[8.45787177 1.44032893 3.99956358],cruising,[ 0.5677905  -0.59831228 -0.99408226]
312.69475293159485,1003,False,4,1,[5.77496428e-04 6.33738193e+00 4.00000000e+00],cruising,[ 0.63925976  0.24903542 -0.34837281]
312.69475293159485,1004,False,3,6,[-0.87316907 -8.0111423   1.28397795],waiting,[-0.62185191  0.08809385  0.93462812]
312.69475293159485,1005,False,6,0,[8.49158211 7.01030695 2.67648726],entering,[ 0.50568378 -0.03156594 -0.11489306]
312.7913432121277,1000,False,5,3,[-8.09562746  7.92875697  1.27004095],waiting,[-0.82138112 -0.19970136 -0.21083176]
312.7913432121277,1001,False,2,4,[7.5027704  4.19594313 4.00000004],cruising,[-0.48080528  0.59740651 -0.20557775]
312.7913432121277,1002,False,0,2,[8.47022394 1.24071073 3.99962904],cruising,[ 0.5677905  -0.59831228 -0.99408226]
312.7913432121277,1003,False,4,1,[0.16913323 6.22972988 4.        ],cruising,[ 0.63925976  0.24903542 -0.34837281]
312.7913432121277,1004,False,3,6,[-0.87316907 -8.0111423   1.28397795],queued,[-0.62185191  0.08809385  0.93462812]
312.7913432121277,1005,False,6,0,[8.4588785  6.81299888 2.75148726],entering,[ 0.50568378 -0.03156594 -0.11489306]
312.89969539642334,1000,False,5,3,[-8.09562746  7.92875697  1.27004095],waiting,[-0.82138112 -0.19970136 -0.21083176]
312.89969539642334,1001,False,2,4,[7.65851788 4.07109142 4.00000004],cruising,[-0.48080528  0.59740651 -0.20557775]
312.89969539642334,1002,False,0,2,[8.47854747 1.04088401 3.99968469],cruising,[ 0.5677905  -0.59831228 -0.99408226]
312.89969539642334,1003,False,4,1,[0.33793567 6.12246508 4.        ],cruising,[ 0.63925976  0.24903542 -0.34837281]
312.89969539642334,1004,False,3,6,[-0.87316907 -8.0111423   1.30397795],queued,[-0.62185191  0.08809385  0.93462812]
312.89969539642334,1005,False,6,0,[8.42973145 6.61513416 2.82648726],entering,[ 0.50568378 -0.03156594 -0.11489306]
312.990567445755,1000,False,5,3,[-8.09562746  7.92875697  1.27004095],waiting,[-0.82138112 -0.19970136 -0.21083176]
312.990567445755,1001,False,2,4,[7.80085059 3.93140582 4.00000003],cruising,[-0.48080528  0.59740651 -0.20557775]
312.990567445755,1002,False,0,2,[8.48540729 0.84100169 3.99973198],cruising,[ 0.5677905  -0.59831228 -0.99408226]
312.990567445755,1003,False,4,1,[0.50747724 6.0163724  4.        ],cruising,[ 0.63925976  0.24903542 -0.34837281]
312.990567445755,1004,False,3,6,[-0.87316907 -8.0111423   1.34397795],queued,[-0.62185191  0.08809385  0.93462812]
312.990567445755,1005,False,6,0,[8.4005844  6.41726943 2.90148726],entering,[ 0.50568378 -0.03156594 -0.11489306]
313.091912984848,1000,False,5,3,[-8.09562746  7.92875697  1.27004095],waiting,[-0.82138112 -0.19970136 -0.21083176]
313.091912984848,1001,False,2,4,[7.92830599 3.77835365 4.00000003],cruising,[-0.48080528  0.59740651 -0.20557775]
313.091912984848,1002,False,0,2,[8.49059744 0.64106904 3.99977219],cruising,[ 0.5677905  -0.59831228 -0.99408226]
313.091912984848,1003,False,4,1,[0.67791308 5.9117224  4.        ],cruising,[ 0.63925976  0.24903542 -0.34837281]
313.091912984848,1004,False,3,6,[-0.87316907 -8.0111423   1.40397795],queued,[-0.62185191  0.08809385  0.93462812]
313.091912984848,1005,False,6,0,[8.37395238 6.21905052 2.97648726],entering,[ 0.50568378 -0.03156594 -0.11489306]
313.19224643707275,1000,False,5,3,[-8.09562746  7.92875697  1.27004095],waiting,[-0.82138112 -0.19970136 -0.21083176]
313.19224643707275,1001,False,2,4,[8.03953444 3.61361019 4.00000002],cruising,[-0.48080528  0.59740651 -0.20557775]
313.19224643707275,1002,False,0,2,[8.49396416 0.44109738 3.99980636],cruising,[ 0.5677905  -0.59831228 -0.99408226]
313.19224643707275,1003,False,4,1,[0.85005069 5.80989585 4.        ],cruising,[ 0.63925976  0.24903542 -0.34837281]
313.19224643707275,1004,False,3,6,[-0.87316907 -8.0111423   1.47897795],queued,[-0.62185191  0.08809385  0.93462812]
313.19224643707275,1005,False,6,0,[8.35045798 6.02043529 3.05148726],entering,[ 0.50568378 -0.03156594 -0.11489306]
313.29091024398804,1000,False,5,3,[-8.09562746  7.92875697  1.27004095],waiting,[-0.82138112 -0.19970136 -0.21083176]
313.29091024398804,1001,False,2,4,[8.133178   3.43933932 4.00000002],cruising,[-0.48080528  0.59740651 -0.20557775]
313.29091024398804,1002,False,0,2,[8.49326026 0.24109862 3.99983541],cruising,[ 0.5677905  -0.59831228 -0.99408226]
313.29091024398804,1003,False,4,1,[1.02362755 5.71054258 4.        ],cruising,[ 0.63925976  0.24903542 -0.34837281]
313.29091024398804,1004,False,3,6,[-0.87316907 -8.0111423   1.55397795],queued,[-0.62185191  0.08809385  0.93462812]
313.29091024398804,1005,False,6,0,[8.32818088 5.82167983 3.12648726],entering,[ 0.50568378 -0.03156594 -0.11489306]
313.39558267593384,1000,False,5,3,[-8.09562746  7.92875697  1.27004095],queued,[-0.82138112 -0.19970136 -0.21083176]
313.39558267593384,1001,False,2,4,[8.20881274 3.25636888 4.00000001],cruising,[-0.48080528  0.59740651 -0.20557775]
313.39558267593384,1002,False,0,2,[8.49090831 0.04111245 3.99986009],cruising,[ 0.5677905  -0.59831228 -0.99408226]
313.39558267593384,1003,False,4,1,[1.19888682 5.61418809 4.        ],cruising,[ 0.63925976  0.24903542 -0.34837281]
313.39558267593384,1004,False,3,6,[-0.87316907 -8.0111423   1.62897795],queued,[-0.62185191  0.08809385  0.93462812]
313.39558267593384,1005,False,6,0,[8.31078805 5.62243754 3.20148726],entering,[ 0.50568378 -0.03156594 -0.11489306]
313.49825143814087,1000,False,5,3,[-8.09562746  7.92875697  1.29004095],queued,[-0.82138112 -0.19970136 -0.21083176]
313.49825143814087,1001,False,2,4,[8.26579523 3.06618086 4.00000001],cruising,[-0.48080528  0.59740651 -0.20557775]
313.49825143814087,1002,False,0,2,[ 8.4867556  -0.15884443  3.99988108],cruising,[ 0.5677905  -0.59831228 -0.99408226]
313.49825143814087,1003,False,4,1,[1.37696297 5.52314478 4.        ],cruising,[ 0.63925976  0.24903542 -0.34837281]
313.49825143814087,1004,False,3,6,[-0.87316907 -8.0111423   1.70397795],queued,[-0.62185191  0.08809385  0.93462812]
313.49825143814087,1005,False,6,0,[8.29609845 5.42297773 3.27648726],entering,[ 0.50568378 -0.03156594 -0.11489306]
313.6001000404358,1000,False,5,3,[-8.09562746  7.92875697  1.33004095],queued,[-0.82138112 -0.19970136 -0.21083176]
313.6001000404358,1001,False,2,4,[8.30364897 2.8701541  4.00000001],cruising,[-0.48080528  0.59740651 -0.20557775]
313.6001000404358,1002,False,0,2,[ 8.47865627 -0.35868037  3.99989892],cruising,[ 0.5677905  -0.59831228 -0.99408226]
313.6001000404358,1003,False,4,1,[1.55706521 5.43617822 4.        ],cruising,[ 0.63925976  0.24903542 -0.34837281]
313.6001000404358,1004,False,3,6,[-0.87316907 -8.0111423   1.77897795],queued,[-0.62185191  0.08809385  0.93462812]
313.6001000404358,1005,False,6,0,[8.28498663 5.22328665 3.35148726],entering,[ 0.50568378 -0.03156594 -0.11489306]
313.7008476257324,1000,False,5,3,[-8.09562746  7.92875697  1.39004095],queued,[-0.82138112 -0.19970136 -0.21083176]
313.7008476257324,1001,False,2,4,[8.33272085 2.67227831 4.00000001],cruising,[-0.48080528  0.59740651 -0.20557775]
313.7008476257324,1002,False,0,2,[ 8.46885996 -0.55844031  3.99991408],cruising,[ 0.5677905  -0.59831228 -0.99408226]
313.7008476257324,1003,False,4,1,[1.73936973 5.35392822 4.        ],cruising,[ 0.63925976  0.24903542 -0.34837281]
313.7008476257324,1004,False,3,6,[-0.87316907 -8.0111423   1.85397795],entering,[-0.62185191  0.08809385  0.93462812]
313.7008476257324,1005,False,6,0,[8.28001543 5.02334844 3.42648726],entering,[ 0.50568378 -0.03156594 -0.11489306]
313.7938437461853,1000,False,5,3,[-8.09562746  7.92875697  1.46504095],queued,[-0.82138112 -0.19970136 -0.21083176]
313.7938437461853,1001,False,2,4,[8.3612889  2.47432916 4.00000001],cruising,[-0.48080528  0.59740651 -0.20557775]
313.7938437461853,1002,False,0,2,[ 8.45719959 -0.75810011  3.99992697],cruising,[ 0.5677905  -0.59831228 -0.99408226]
313.7938437461853,1003,False,4,1,[1.92509422 5.279723   4.        ],cruising,[ 0.63925976  0.24903542 -0.34837281]
313.7938437461853,1004,False,3,6,[-0.87966057 -7.9922251   1.92897795],entering,[-0.62185191  0.08809385  0.93462812]
313.7938437461853,1005,False,6,0,[8.28055425 4.82334917 3.50148726],entering,[ 0.50568378 -0.03156594 -0.11489306]
313.8985471725464,1000,False,5,3,[-8.09562746  7.92875697  1.54004095],queued,[-0.82138112 -0.19970136 -0.21083176]
313.8985471725464,1001,False,2,4,[8.38506455 2.27574739 4.00000001],cruising,[-0.48080528  0.59740651 -0.20557775]
313.8985471725464,1002,False,0,2,[ 8.44353109 -0.95763249  3.99993792],cruising,[ 0.5677905  -0.59831228 -0.99408226]
313.8985471725464,1003,False,4,1,[2.11304506 5.21135281 4.        ],cruising,[ 0.63925976  0.24903542 -0.34837281]
313.8985471725464,1004,False,3,6,[-0.89264357 -7.9543907   2.00397795],entering,[-0.62185191  0.08809385  0.93462812]
313.8985471725464,1005,False,6,0,[8.28521702 4.62340353 3.57626417],entering,[ 0.50568378 -0.03156594 -0.11489306]
313.99212288856506,1000,False,5,3,[-8.09562746  7.92875697  1.61504095],queued,[-0.82138112 -0.19970136 -0.21083176]
313.99212288856506,1001,False,2,4,[8.40789891 2.07705519 4.        ],cruising,[-0.48080528  0.59740651 -0.20557775]
313.99212288856506,1002,False,0,2,[ 8.42557591 -1.15682489  3.99994723],cruising,[ 0.5677905  -0.59831228 -0.99408226]
313.99212288856506,1003,False,4,1,[2.30362716 5.15070248 4.        ],cruising,[ 0.63925976  0.24903542 -0.34837281]
313.99212288856506,1004,False,3,6,[-0.91211808 -7.8976391   2.07897795],entering,[-0.62185191  0.08809385  0.93462812]
313.99212288856506,1005,False,6,0,[8.29457443 4.42362255 3.63982455],entering,[ 0.50568378 -0.03156594 -0.11489306]
314.10531783103943,1000,False,5,3,[-8.09562746  7.92875697  1.69004095],queued,[-0.82138112 -0.19970136 -0.21083176]
314.10531783103943,1001,False,2,4,[8.42629197 1.87790275 4.        ],cruising,[-0.48080528  0.59740651 -0.20557775]
314.10531783103943,1002,False,0,2,[ 8.40567321 -1.35583213  3.99995515],cruising,[ 0.5677905  -0.59831228 -0.99408226]
314.10531783103943,1003,False,4,1,[2.49731883 5.10086738 4.        ],cruising,[ 0.63925976  0.24903542 -0.34837281]
314.10531783103943,1004,False,3,6,[-0.93808408 -7.82197031  2.15397795],entering,[-0.62185191  0.08809385  0.93462812]
314.10531783103943,1005,False,6,0,[8.30683354 4.22399862 3.69385086],entering,[ 0.50568378 -0.03156594 -0.11489306]
314.1984632015228,1000,False,5,3,[-8.09562746  7.92875697  1.76504095],queued,[-0.82138112 -0.19970136 -0.21083176]
314.1984632015228,1001,False,2,4,[8.44353118 1.67864711 4.        ],cruising,[-0.48080528  0.59740651 -0.20557775]
314.1984632015228,1002,False,0,2,[ 8.38362658 -1.55461328  3.99996188],cruising,[ 0.5677905  -0.59831228 -0.99408226]
314.1984632015228,1003,False,4,1,[2.69388609 5.06397141 4.        ],cruising,[ 0.63925976  0.24903542 -0.34837281]
314.1984632015228,1004,False,3,6,[-0.97054158 -7.72738431  2.22897795],entering,[-0.62185191  0.08809385  0.93462812]
314.1984632015228,1005,False,6,0,[8.31645086 4.02422999 3.73977323],entering,[ 0.50568378 -0.03156594 -0.11489306]
314.2950761318207,1000,False,5,3,[-8.09562746  7.92875697  1.84004095],queued,[-0.82138112 -0.19970136 -0.21083176]
314.2950761318207,1001,False,2,4,[8.45669793 1.47908099 4.        ],cruising,[-0.48080528  0.59740651 -0.20557775]
314.2950761318207,1002,False,0,2,[ 8.35692135 -1.75282234  3.9999676 ],cruising,[ 0.5677905  -0.59831228 -0.99408226]
314.2950761318207,1003,False,4,1,[2.89152188 5.03331045 4.        ],cruising,[ 0.63925976  0.24903542 -0.34837281]
314.2950761318207,1004,False,3,6,[-1.00949058 -7.61388112  2.30397795],entering,[-0.62185191  0.08809385  0.93462812]
314.2950761318207,1005,False,6,0,[8.33129895 3.82478191 3.77880725],cruising,[ 0.50568378 -0.03156594 -0.11489306]
314.3972964286804,1000,False,5,3,[-8.09562746  7.92875697  1.91504095],queued,[-0.82138112 -0.19970136 -0.21083176]
314.3972964286804,1001,False,2,4,[8.46860025 1.27943546 4.        ],cruising,[-0.48080528  0.59740651 -0.20557775]
314.3972964286804,1002,False,0,2,[ 8.32800189 -1.95072046  3.99997246],cruising,[ 0.5677905  -0.59831228 -0.99408226]
314.3972964286804,1003,False,4,1,[3.08988758 5.00779479 4.        ],cruising,[ 0.63925976  0.24903542 -0.34837281]
314.3972964286804,1004,False,3,6,[-1.05493109 -7.48146072  2.37897795],entering,[-0.62185191  0.08809385  0.93462812]
314.3972964286804,1005,False,6,0,[8.34033714 3.62498624 3.81198616],cruising,[ 0.50568378 -0.03156594 -0.11489306]
314.5028655529022,1000,False,5,3,[-8.09562746  7.92875697  1.99004095],queued,[-0.82138112 -0.19970136 -0.21083176]
314.5028655529022,1001,False,2,4,[8.47895776 1.07970384 4.        ],cruising,[-0.48080528  0.59740651 -0.20557775]
314.5028655529022,1002,False,0,2,[ 8.29660767 -2.1482411   3.99997659],cruising,[ 0.5677905  -0.59831228 -0.99408226]
314.5028655529022,1003,False,4,1,[3.28874237 4.98642253 4.        ],cruising,[ 0.63925976  0.24903542 -0.34837281]
314.5028655529022,1004,False,3,6,[-1.10686309 -7.33012313  2.45397795],entering,[-0.62185191  0.08809385  0.93462812]
314.5028655529022,1005,False,6,0,[8.3477437  3.42512343 3.84018824],cruising,[ 0.50568378 -0.03156594 -0.11489306]
314.594393491745,1000,False,5,3,[-8.09562746  7.92875697  2.06504095],queued,[-0.82138112 -0.19970136 -0.21083176]
314.594393491745,1001,False,2,4,[8.4853118 0.8798048 4.       ],cruising,[-0.48080528  0.59740651 -0.20557775]
314.594393491745,1002,False,0,2,[ 8.25975381 -2.34481625  3.9999801 ],cruising,[ 0.5677905  -0.59831228 -0.99408226]
314.594393491745,1003,False,4,1,[3.48791814 4.96828383 4.        ],cruising,[ 0.63925976  0.24903542 -0.34837281]
314.594393491745,1004,False,3,6,[-1.1652866  -7.15986834  2.52897795],entering,[-0.62185191  0.08809385  0.93462812]
314.594393491745,1005,False,6,0,[8.36123477 3.22557897 3.86416   ],cruising,[ 0.50568378 -0.03156594 -0.11489306]
314.6935968399048,1000,False,5,3,[-8.09562746  7.92875697  2.14004095],queued,[-0.82138112 -0.19970136 -0.21083176]
314.6935968399048,1001,False,2,4,[8.49018987 0.6798643  4.        ],cruising,[-0.48080528  0.59740651 -0.20557775]
314.6935968399048,1002,False,0,2,[ 8.22020013 -2.54086601  3.99998308],cruising,[ 0.5677905  -0.59831228 -0.99408226]
314.6935968399048,1003,False,4,1,[3.68719393 4.95127913 4.        ],cruising,[ 0.63925976  0.24903542 -0.34837281]
314.6935968399048,1004,False,3,6,[-1.23145515 -6.97117407  2.60397795],entering,[-0.62185191  0.08809385  0.93462812]
314.6935968399048,1005,False,6,0,[8.37334942 3.02594622 3.884536  ],cruising,[ 0.50568378 -0.03156594 -0.11489306]
314.7992482185364,1000,False,5,3,[-8.09562746  7.92875697  2.21504095],queued,[-0.82138112 -0.19970136 -0.21083176]
314.7992482185364,1001,False,2,4,[8.49339587 0.47988999 4.        ],cruising,[-0.48080528  0.59740651 -0.20557775]
314.7992482185364,1002,False,0,2,[ 8.17449346 -2.73557323  3.99998562],cruising,[ 0.5677905  -0.59831228 -0.99408226]
314.7992482185364,1003,False,4,1,[3.88665383 4.93659086 4.        ],cruising,[ 0.63925976  0.24903542 -0.34837281]
314.7992482185364,1004,False,3,6,[-1.29763955 -6.78244245  2.67897795],entering,[-0.62185191  0.08809385  0.93462812]
314.7992482185364,1005,False,6,0,[8.38485652 2.82627753 3.9018556 ],cruising,[ 0.50568378 -0.03156594 -0.11489306]
314.8999752998352,1000,False,5,3,[-8.09562746  7.92875697  2.29004095],queued,[-0.82138112 -0.19970136 -0.21083176]
314.8999752998352,1001,False,2,4,[8.4927327  0.27989109 4.        ],cruising,[-0.48080528  0.59740651 -0.20557775]
314.8999752998352,1002,False,0,2,[ 8.12562336 -2.92951062  3.99998778],cruising,[ 0.5677905  -0.59831228 -0.99408226]
314.8999752998352,1003,False,4,1,[4.08621647 4.92337147 4.        ],cruising,[ 0.63925976  0.24903542 -0.34837281]
314.8999752998352,1004,False,3,6,[-1.36382395 -6.59371083  2.75397795],entering,[-0.62185191  0.08809385  0.93462812]
314.8999752998352,1005,False,6,0,[8.39987413 2.62684215 3.91657726],cruising,[ 0.50568378 -0.03156594 -0.11489306]
314.99564266204834,1000,False,5,3,[-8.09562746  7.92875697  2.36504095],queued,[-0.82138112 -0.19970136 -0.21083176]
314.99564266204834,1001,False,2,4,[8.4904953  0.07990361 4.        ],cruising,[-0.48080528  0.59740651 -0.20557775]
314.99564266204834,1002,False,0,2,[ 8.06940833 -3.12144777  3.99998961],cruising,[ 0.5677905  -0.59831228 -0.99408226]
314.99564266204834,1003,False,4,1,[4.28582504 4.91086459 4.        ],cruising,[ 0.63925976  0.24903542 -0.34837281]
314.99564266204834,1004,False,3,6,[-1.43078473 -6.40525326  2.82897795],entering,[-0.62185191  0.08809385  0.93462812]
314.99564266204834,1005,False,6,0,[8.41314311 2.4272828  3.92909067],cruising,[ 0.50568378 -0.03156594 -0.11489306]
315.10225534439087,1000,False,5,3,[-8.09562746  7.92875697  2.44004095],queued,[-0.82138112 -0.19970136 -0.21083176]
315.10225534439087,1001,False,2,4,[ 8.48651484 -0.12005678  4.        ],cruising,[-0.48080528  0.59740651 -0.20557775]
315.10225534439087,1002,False,0,2,[ 8.00928593 -3.31219708  3.99999117],cruising,[ 0.5677905  -0.59831228 -0.99408226]
315.10225534439087,1003,False,4,1,[4.48543517 4.89838283 4.        ],cruising,[ 0.63925976  0.24903542 -0.34837281]
315.10225534439087,1004,False,3,6,[-1.49828426 -6.21698799  2.90397795],entering,[-0.62185191  0.08809385  0.93462812]
315.10225534439087,1005,False,6,0,[8.42812581 2.22784479 3.93972707],cruising,[ 0.50568378 -0.03156594 -0.11489306]
315.1909897327423,1000,False,5,3,[-8.09562746  7.92875697  2.51504095],entering,[-0.82138112 -0.19970136 -0.21083176]
315.1909897327423,1001,False,2,4,[ 8.4806553  -0.31997092  4.        ],cruising,[-0.48080528  0.59740651 -0.20557775]
315.1909897327423,1002,False,0,2,[ 7.93993142 -3.49978693  3.99999249],cruising,[ 0.5677905  -0.59831228 -0.99408226]
315.1909897327423,1003,False,4,1,[4.68500597 4.88528719 4.        ],cruising,[ 0.63925976  0.24903542 -0.34837281]
315.1909897327423,1004,False,3,6,[-1.5657838  -6.02872272  2.97897795],entering,[-0.62185191  0.08809385  0.93462812]
315.1909897327423,1005,False,6,0,[8.44062103 2.0282355  3.94876801],cruising,[ 0.50568378 -0.03156594 -0.11489306]
315.2943625450134,1000,False,5,3,[-8.07777825  7.91973446  2.59004095],entering,[-0.82138112 -0.19970136 -0.21083176]
315.2943625450134,1001,False,2,4,[ 8.47076911 -0.51972643  4.        ],cruising,[-0.48080528  0.59740651 -0.20557775]
315.2943625450134,1002,False,0,2,[ 7.8602808  -3.68324204  3.99999362],cruising,[ 0.5677905  -0.59831228 -0.99408226]
315.2943625450134,1003,False,4,1,[4.88453256 4.87153443 4.        ],cruising,[ 0.63925976  0.24903542 -0.34837281]
315.2943625450134,1004,False,3,6,[-1.63455943 -5.84091986  3.05397795],entering,[-0.62185191  0.08809385  0.93462812]
315.2943625450134,1005,False,6,0,[8.45364799 1.8286602  3.95645281],cruising,[ 0.50568378 -0.03156594 -0.11489306]
315.3934633731842,1000,False,5,3,[-8.04206615  7.90171655  2.66504095],entering,[-0.82138112 -0.19970136 -0.21083176]
315.3934633731842,1001,False,2,4,[ 8.45911979 -0.71938688  4.        ],cruising,[-0.48080528  0.59740651 -0.20557775]
315.3934633731842,1002,False,0,2,[ 7.7748628  -3.86408387  3.99999458],cruising,[ 0.5677905  -0.59831228 -0.99408226]
315.3934633731842,1003,False,4,1,[5.0839396  4.85614498 4.        ],cruising,[ 0.63925976  0.24903542 -0.34837281]
315.3934633731842,1004,False,3,6,[-1.70333506 -5.65311701  3.12897795],entering,[-0.62185191  0.08809385  0.93462812]
315.3934633731842,1005,False,6,0,[8.46381698 1.62891889 3.96298489],cruising,[ 0.50568378 -0.03156594 -0.11489306]
315.4953157901764,1000,False,5,3,[-7.98846102  7.87476335  2.74004095],entering,[-0.82138112 -0.19970136 -0.21083176]
315.4953157901764,1001,False,2,4,[ 8.44554281 -0.91892551  4.        ],cruising,[-0.48080528  0.59740651 -0.20557775]
315.4953157901764,1002,False,0,2,[ 7.67531161 -4.03754729  3.99999539],cruising,[ 0.5677905  -0.59831228 -0.99408226]
315.4953157901764,1003,False,4,1,[5.28315727 4.83847245 4.        ],cruising,[ 0.63925976  0.24903542 -0.34837281]
315.4953157901764,1004,False,3,6,[-1.77325187 -5.465736    3.20397795],entering,[-0.62185191  0.08809385  0.93462812]
315.4953157901764,1005,False,6,0,[8.4737749  1.42916694 3.96853715],cruising,[ 0.50568378 -0.03156594 -0.11489306]
315.60443472862244,1000,False,5,3,[-7.91690574  7.83899016  2.81504095],entering,[-0.82138112 -0.19970136 -0.21083176]
315.60443472862244,1001,False,2,4,[ 8.42989342 -1.11831231  4.        ],cruising,[-0.48080528  0.59740651 -0.20557775]
315.60443472862244,1002,False,0,2,[ 7.55920829 -4.19978454  3.99999612],cruising,[ 0.5677905  -0.59831228 -0.99408226]
315.60443472862244,1003,False,4,1,[5.48209248 4.81786219 4.        ],cruising,[ 0.63925976  0.24903542 -0.34837281]
315.60443472862244,1004,False,3,6,[-1.84270153 -5.27818136  3.27897795],entering,[-0.62185191  0.08809385  0.93462812]
315.60443472862244,1005,False,6,0,[8.48300809 1.22938019 3.97325658],cruising,[ 0.50568378 -0.03156594 -0.11489306]
315.7011399269104,1000,False,5,3,[-7.82735212  7.79449575  2.89004095],entering,[-0.82138112 -0.19970136 -0.21083176]
315.7011399269104,1001,False,2,4,[ 8.40983485 -1.3173039   4.        ],cruising,[-0.48080528  0.59740651 -0.20557775]
315.7011399269104,1002,False,0,2,[ 7.42782545 -4.34911691  3.99999677],cruising,[ 0.5677905  -0.59831228 -0.99408226]
315.7011399269104,1003,False,4,1,[5.68061923 4.7936314  4.        ],cruising,[ 0.63925976  0.24903542 -0.34837281]
315.7011399269104,1004,False,3,6,[-1.91362267 -5.09117817  3.35397795],entering,[-0.62185191  0.08809385  0.93462812]
315.7011399269104,1005,False,6,0,[8.4888046  1.0294642  3.97726809],cruising,[ 0.50568378 -0.03156594 -0.11489306]
315.7962255477905,1000,False,5,3,[-7.719776    7.74133017  2.96504095],entering,[-0.82138112 -0.19970136 -0.21083176]
315.7962255477905,1001,False,2,4,[ 8.38775397 -1.51608125  4.        ],cruising,[-0.48080528  0.59740651 -0.20557775]
315.7962255477905,1002,False,0,2,[ 7.28303274 -4.48361095  3.99999736],cruising,[ 0.5677905  -0.59831228 -0.99408226]
315.7962255477905,1003,False,4,1,[5.87887162 4.76724979 4.        ],cruising,[ 0.63925976  0.24903542 -0.34837281]
315.7962255477905,1004,False,3,6,[-1.98516311 -4.90441103  3.42897795],entering,[-0.62185191  0.08809385  0.93462812]
315.7962255477905,1005,False,6,0,[8.4936388  0.82952264 3.98067788],cruising,[ 0.50568378 -0.03156594 -0.11489306]
315.90387201309204,1000,False,5,3,[-7.5941558   7.67953838  3.04004095],entering,[-0.82138112 -0.19970136 -0.21083176]
315.90387201309204,1001,False,2,4,[ 8.3634449  -1.71459843  4.        ],cruising,[-0.48080528  0.59740651 -0.20557775]
315.90387201309204,1002,False,0,2,[ 7.1272107  -4.60142106  3.99999791],cruising,[ 0.5677905  -0.59831228 -0.99408226]
315.90387201309204,1003,False,4,1,[6.07636081 4.73565834 4.        ],cruising,[ 0.63925976  0.24903542 -0.34837281]
315.90387201309204,1004,False,3,6,[-2.05696594 -4.71774461  3.50397795],entering,[-0.62185191  0.08809385  0.93462812]
315.90387201309204,1005,False,6,0,[8.49720106 0.62955436 3.9835762 ],cruising,[ 0.50568378 -0.03156594 -0.11489306]
315.9995913505554,1000,False,5,3,[-7.45004432  7.61012603  3.11504095],entering,[-0.82138112 -0.19970136 -0.21083176]
315.9995913505554,1001,False,2,4,[ 8.33427768 -1.91246018  4.        ],cruising,[-0.48080528  0.59740651 -0.20557775]
315.9995913505554,1002,False,0,2,[ 6.96251572 -4.70130714  3.9999984 ],cruising,[ 0.5677905  -0.59831228 -0.99408226]
315.9995913505554,1003,False,4,1,[6.27278888 4.6980284  4.        ],cruising,[ 0.63925976  0.24903542 -0.34837281]
315.9995913505554,1004,False,3,6,[-2.12866065 -4.53103663  3.57838126],entering,[-0.62185191  0.08809385  0.93462812]
315.9995913505554,1005,False,6,0,[8.49716343 0.42955437 3.98603977],cruising,[ 0.50568378 -0.03156594 -0.11489306]
316.0981767177582,1000,False,5,3,[-7.28721721  7.53366212  3.19004095],entering,[-0.82138112 -0.19970136 -0.21083176]
316.0981767177582,1001,False,2,4,[ 8.30278839 -2.10996569  4.        ],cruising,[-0.48080528  0.59740651 -0.20557775]
316.0981767177582,1002,False,0,2,[ 6.79111477 -4.78235097  3.99999886],cruising,[ 0.5677905  -0.59831228 -0.99408226]
316.0981767177582,1003,False,4,1,[6.46775299 4.65343024 4.        ],cruising,[ 0.63925976  0.24903542 -0.34837281]
316.0981767177582,1004,False,3,6,[-2.19870884 -4.3437047   3.64162407],entering,[-0.62185191  0.08809385  0.93462812]
316.0981767177582,1005,False,6,0,[8.49581125 0.22955894 3.9881338 ],cruising,[ 0.50568378 -0.03156594 -0.11489306]
316.20427417755127,1000,False,5,3,[-7.10489034  7.45275302  3.26504095],entering,[-0.82138112 -0.19970136 -0.21083176]
316.20427417755127,1001,False,2,4,[ 8.26869733 -2.30703877  4.        ],cruising,[-0.48080528  0.59740651 -0.20557775]
316.20427417755127,1002,False,0,2,[ 6.6151959  -4.84391178  3.99999927],cruising,[ 0.5677905  -0.59831228 -0.99408226]
316.20427417755127,1003,False,4,1,[6.66070967 4.60082111 4.        ],cruising,[ 0.63925976  0.24903542 -0.34837281]
316.20427417755127,1004,False,3,6,[-2.26338788 -4.1544519   3.69538046],entering,[-0.62185191  0.08809385  0.93462812]
316.20427417755127,1005,False,6,0,[8.4929226  0.0295798  3.98991373],cruising,[ 0.50568378 -0.03156594 -0.11489306]
316.2925748825073,1000,False,5,3,[-6.92106494  7.37396075  3.34004095],entering,[-0.82138112 -0.19970136 -0.21083176]
316.2925748825073,1001,False,2,4,[ 8.22881717 -2.50302237  4.        ],cruising,[-0.48080528  0.59740651 -0.20557775]
316.2925748825073,1002,False,0,2,[ 6.43678827 -4.88562804  3.99999963],cruising,[ 0.5677905  -0.59831228 -0.99408226]
316.2925748825073,1003,False,4,1,[6.85092852 4.53904096 4.        ],cruising,[ 0.63925976  0.24903542 -0.34837281]
316.2925748825073,1004,False,3,6,[-2.32591905 -3.96447861  3.74107339],entering,[-0.62185191  0.08809385  0.93462812]
316.2925748825073,1005,False,6,0,[ 8.48832163 -0.17036727  3.99142667],cruising,[ 0.50568378 -0.03156594 -0.11489306]
316.3944697380066,1000,False,5,3,[-6.73510523  7.30034699  3.41504095],entering,[-0.82138112 -0.19970136 -0.21083176]
316.3944697380066,1001,False,2,4,[ 8.18606922 -2.6984005   4.        ],cruising,[-0.48080528  0.59740651 -0.20557775]
316.3944697380066,1002,False,0,2,[ 6.25763294 -4.90735828  3.99999994],cruising,[ 0.5677905  -0.59831228 -0.99408226]
316.3944697380066,1003,False,4,1,[7.03743462 4.4668227  4.        ],cruising,[ 0.63925976  0.24903542 -0.34837281]
316.3944697380066,1004,False,3,6,[-2.38759684 -3.77422654  3.77991238],entering,[-0.62185191  0.08809385  0.93462812]
316.3944697380066,1005,False,6,0,[ 8.47982018 -0.3701865   3.99271267],cruising,[ 0.50568378 -0.03156594 -0.11489306]
316.5010664463043,1000,False,5,3,[-6.54754827  7.23090357  3.49004095],entering,[-0.82138112 -0.19970136 -0.21083176]
316.5010664463043,1001,False,2,4,[ 8.13670312 -2.89221223  4.        ],cruising,[-0.48080528  0.59740651 -0.20557775]
316.5010664463043,1002,False,0,2,[ 6.07876271 -4.90909055  4.0000002 ],cruising,[ 0.5677905  -0.59831228 -0.99408226]
316.5010664463043,1003,False,4,1,[7.21608562 4.37691263 4.        ],cruising,[ 0.63925976  0.24903542 -0.34837281]
316.5010664463043,1004,False,3,6,[-2.44876393 -3.58380966  3.81292552],cruising,[-0.62185191  0.08809385  0.93462812]
316.5010664463043,1005,False,6,0,[ 8.46968217 -0.56992939  3.99380577],cruising,[ 0.50568378 -0.03156594 -0.11489306]
316.59724283218384,1000,False,5,3,[-6.35828595  7.16625239  3.56504095],entering,[-0.82138112 -0.19970136 -0.21083176]
316.59724283218384,1001,False,2,4,[ 8.08394104 -3.08512714  4.        ],cruising,[-0.48080528  0.59740651 -0.20557775]
316.59724283218384,1002,False,0,2,[ 5.90144074 -4.89088285  4.0000004 ],cruising,[ 0.5677905  -0.59831228 -0.99408226]
316.59724283218384,1003,False,4,1,[7.38783497 4.27443259 4.        ],cruising,[ 0.63925976  0.24903542 -0.34837281]
316.59724283218384,1004,False,3,6,[-2.50404511 -3.39160146  3.8409867 ],cruising,[-0.62185191  0.08809385  0.93462812]
316.59724283218384,1005,False,6,0,[ 8.45772778 -0.7695718   3.99473491],cruising,[ 0.50568378 -0.03156594 -0.11489306]
316.7028317451477,1000,False,5,3,[-6.16697456  7.10794329  3.63028481],entering,[-0.82138112 -0.19970136 -0.21083176]
316.7028317451477,1001,False,2,4,[ 8.02316325 -3.27566864  4.        ],cruising,[-0.48080528  0.59740651 -0.20557775]
316.7028317451477,1002,False,0,2,[ 5.72669677 -4.85284198  4.00000055],cruising,[ 0.5677905  -0.59831228 -0.99408226]
316.7028317451477,1003,False,4,1,[7.55049741 4.15806709 4.        ],cruising,[ 0.63925976  0.24903542 -0.34837281]
316.7028317451477,1004,False,3,6,[-2.54961979 -3.19686331  3.86483869],cruising,[-0.62185191  0.08809385  0.93462812]
316.7028317451477,1005,False,6,0,[ 8.44380274 -0.96908645  3.99552467],cruising,[ 0.50568378 -0.03156594 -0.11489306]
316.7914958000183,1000,False,5,3,[-5.97340437  7.0576384   3.68574209],entering,[-0.82138112 -0.19970136 -0.21083176]
316.7914958000183,1001,False,2,4,[ 7.95814733 -3.46480597  4.        ],exiting,[-0.48080528  0.59740651 -0.20557775]
316.7914958000183,1002,False,0,2,[ 5.55486209 -4.79501385  4.00000064],cruising,[ 0.5677905  -0.59831228 -0.99408226]
316.7914958000183,1003,False,4,1,[7.70148008 4.02690217 4.        ],cruising,[ 0.63925976  0.24903542 -0.34837281]
316.7914958000183,1004,False,3,6,[-2.59366303 -3.00177309  3.88511289],cruising,[-0.62185191  0.08809385  0.93462812]
316.7914958000183,1005,False,6,0,[ 8.42559554 -1.16825596  3.99619597],cruising,[ 0.50568378 -0.03156594 -0.11489306]
316.8977131843567,1000,False,5,3,[-5.77782633  7.0158146   3.73288077],entering,[-0.82138112 -0.19970136 -0.21083176]
316.8977131843567,1001,False,2,4,[ 7.90672937 -3.63927717  4.        ],exiting,[-0.48080528  0.59740651 -0.20557775]
316.8977131843567,1002,False,0,2,[ 5.38640224 -4.71747252  4.00000067],cruising,[ 0.5677905  -0.59831228 -0.99408226]
316.8977131843567,1003,False,4,1,[7.83820636 3.88171028 4.        ],cruising,[ 0.63925976  0.24903542 -0.34837281]
316.8977131843567,1004,False,3,6,[-2.63693111 -2.80650949  3.90234595],cruising,[-0.62185191  0.08809385  0.93462812]
316.8977131843567,1005,False,6,0,[ 8.40546842 -1.36724064  3.99676657],cruising,[ 0.50568378 -0.03156594 -0.11489306]
316.993323802948,1000,False,5,3,[-5.58056757  6.98281488  3.77294866],entering,[-0.82138112 -0.19970136 -0.21083176]
316.993323802948,1001,False,2,4,[ 7.86905755 -3.79922103  4.        ],exiting,[-0.48080528  0.59740651 -0.20557775]
316.993323802948,1002,False,0,2,[ 5.22049017 -4.62009412  4.00000063],cruising,[ 0.5677905  -0.59831228 -0.99408226]
316.993323802948,1003,False,4,1,[7.95943393 3.72387759 4.        ],cruising,[ 0.63925976  0.24903542 -0.34837281]
316.993323802948,1004,False,3,6,[-2.67741774 -2.61065028  3.91699406],cruising,[-0.62185191  0.08809385  0.93462812]
316.993323802948,1005,False,6,0,[ 8.38321864 -1.56599915  3.99725159],cruising,[ 0.50568378 -0.03156594 -0.11489306]
317.0934453010559,1000,False,5,3,[-5.38164128  6.9621187   3.80700636],entering,[-0.82138112 -0.19970136 -0.21083176]
317.0934453010559,1001,False,2,4,[ 7.8453145  -3.94481255  4.        ],exiting,[-0.48080528  0.59740651 -0.20557775]
317.0934453010559,1002,False,0,2,[ 5.05292773 -4.51090241  4.00000053],cruising,[ 0.5677905  -0.59831228 -0.99408226]
317.0934453010559,1003,False,4,1,[8.06393781 3.55507595 4.        ],cruising,[ 0.63925976  0.24903542 -0.34837281]
317.0934453010559,1004,False,3,6,[-2.71927977 -2.41508041  3.92944495],cruising,[-0.62185191  0.08809385  0.93462812]
317.0934453010559,1005,False,6,0,[ 8.35629927 -1.76417924  3.99766385],cruising,[ 0.50568378 -0.03156594 -0.11489306]
317.2053804397583,1000,False,5,3,[-5.18190924  6.95176916  3.8359554 ],entering,[-0.82138112 -0.19970136 -0.21083176]
317.2053804397583,1001,False,2,4,[ 7.83573325 -4.07628164  4.        ],exiting,[-0.48080528  0.59740651 -0.20557775]
317.2053804397583,1002,False,0,2,[ 4.88170768 -4.40754046  4.00000045],cruising,[ 0.5677905  -0.59831228 -0.99408226]
317.2053804397583,1003,False,4,1,[8.15078966 3.37687186 4.        ],cruising,[ 0.63925976  0.24903542 -0.34837281]
317.2053804397583,1004,False,3,6,[-2.76276758 -2.21986564  3.94002821],cruising,[-0.62185191  0.08809385  0.93462812]
317.2053804397583,1005,False,6,0,[ 8.32718258 -1.96204843  3.99801427],cruising,[ 0.50568378 -0.03156594 -0.11489306]
317.30583596229553,1000,False,5,3,[-4.98190927  6.95166065  3.86056209],cruising,[-0.82138112 -0.19970136 -0.21083176]
317.30583596229553,1001,False,2,4,[ 7.84049375 -4.19381105  4.        ],exiting,[-0.48080528  0.59740651 -0.20557775]
317.30583596229553,1002,False,0,2,[ 4.70744645 -4.30939249  4.00000038],cruising,[ 0.5677905  -0.59831228 -0.99408226]
317.30583596229553,1003,False,4,1,[8.21929555 3.19070375 4.        ],exiting,[ 0.63925976  0.24903542 -0.34837281]
317.30583596229553,1004,False,3,6,[-2.80738705 -2.0249064   3.94902398],cruising,[-0.62185191  0.08809385  0.93462812]
317.30583596229553,1005,False,6,0,[ 8.29560353 -2.15953961  3.99831213],cruising,[ 0.50568378 -0.03156594 -0.11489306]
317.39989042282104,1000,False,5,3,[-4.78214257  6.96131798  3.88147778],cruising,[-0.82138112 -0.19970136 -0.21083176]
317.39989042282104,1001,False,2,4,[ 7.85977474 -4.2975871   4.        ],exiting,[-0.48080528  0.59740651 -0.20557775]
317.39989042282104,1002,False,0,2,[ 4.52997984 -4.21716668  4.00000033],cruising,[ 0.5677905  -0.59831228 -0.99408226]
317.39989042282104,1003,False,4,1,[8.2698589  3.01337112 4.        ],exiting,[ 0.63925976  0.24903542 -0.34837281]
317.39989042282104,1004,False,3,6,[-2.85488612 -1.83062867  3.95667038],cruising,[-0.62185191  0.08809385  0.93462812]
317.39989042282104,1005,False,6,0,[ 8.25854231 -2.35607578  3.99856531],cruising,[ 0.50568378 -0.03156594 -0.11489306]
317.497807264328,1000,False,5,3,[-4.58297733  6.97957198  3.89925611],cruising,[-0.82138112 -0.19970136 -0.21083176]
317.497807264328,1001,False,2,4,[ 7.8873493  -4.39371016  4.        ],exiting,[-0.48080528  0.59740651 -0.20557775]
317.497807264328,1002,False,0,2,[ 4.35079924 -4.12831672  4.00000028],cruising,[ 0.5677905  -0.59831228 -0.99408226]
317.497807264328,1003,False,4,1,[8.30497193 2.84873839 4.        ],exiting,[ 0.63925976  0.24903542 -0.34837281]
317.497807264328,1004,False,3,6,[-2.90553826 -1.63714905  3.96316982],cruising,[-0.62185191  0.08809385  0.93462812]
317.497807264328,1005,False,6,0,[ 8.21879214 -2.55208579  3.99878051],cruising,[ 0.50568378 -0.03156594 -0.11489306]
317.5940594673157,1000,False,5,3,[-4.38457807  7.00482535  3.9143677 ],cruising,[-0.82138112 -0.19970136 -0.21083176]
317.5940594673157,1001,False,2,4,[ 7.91492387 -4.48983323  4.        ],exiting,[-0.48080528  0.59740651 -0.20557775]
317.5940594673157,1002,False,0,2,[ 4.16973491 -4.04337139  4.00000024],cruising,[ 0.5677905  -0.59831228 -0.99408226]
317.5940594673157,1003,False,4,1,[8.32573026 2.69803199 4.        ],exiting,[ 0.63925976  0.24903542 -0.34837281]
317.5940594673157,1004,False,3,6,[-2.95967846 -1.44461636  3.96869435],cruising,[-0.62185191  0.08809385  0.93462812]
317.5940594673157,1005,False,6,0,[ 8.17286023 -2.74673999  3.99896344],cruising,[ 0.50568378 -0.03156594 -0.11489306]
317.6951892375946,1000,False,5,3,[-4.18691719  7.03532415  3.92721254],cruising,[-0.82138112 -0.19970136 -0.21083176]
317.6951892375946,1001,False,2,4,[ 7.94249843 -4.58595629  4.        ],exiting,[-0.48080528  0.59740651 -0.20557775]
317.6951892375946,1002,False,0,2,[ 3.9877032  -3.96051938  4.0000002 ],cruising,[ 0.5677905  -0.59831228 -0.99408226]
317.6951892375946,1003,False,4,1,[8.33275181 2.56186178 4.        ],exiting,[ 0.63925976  0.24903542 -0.34837281]
317.6951892375946,1004,False,3,6,[-3.01768261 -1.25321229  3.9733902 ],cruising,[-0.62185191  0.08809385  0.93462812]
317.6951892375946,1005,False,6,0,[ 8.1237744  -2.9406229   3.99911892],cruising,[ 0.50568378 -0.03156594 -0.11489306]
317.7944004535675,1000,False,5,3,[-3.98983397  7.06935655  3.93813066],cruising,[-0.82138112 -0.19970136 -0.21083176]
317.7944004535675,1001,False,2,4,[ 7.97007299 -4.68207935  4.        ],exiting,[-0.48080528  0.59740651 -0.20557775]
317.7944004535675,1002,False,0,2,[ 3.8045387  -3.88020273  4.00000017],cruising,[ 0.5677905  -0.59831228 -0.99408226]
317.7944004535675,1003,False,4,1,[8.32649077 2.44064392 4.        ],exiting,[ 0.63925976  0.24903542 -0.34837281]
317.7944004535675,1004,False,3,6,[-3.07995001 -1.06315237  3.97738167],cruising,[-0.62185191  0.08809385  0.93462812]
317.7944004535675,1005,False,6,0,[ 8.06730703 -3.13248596  3.99925108],cruising,[ 0.50568378 -0.03156594 -0.11489306]
317.90074253082275,1000,False,5,3,[-3.79310135  7.10536036  3.94741106],cruising,[-0.82138112 -0.19970136 -0.21083176]
317.90074253082275,1001,False,2,4,[ 7.99764756 -4.77820242  4.        ],exiting,[-0.48080528  0.59740651 -0.20557775]
317.90074253082275,1002,False,0,2,[ 3.62075735 -3.80130775  4.00000015],cruising,[ 0.5677905  -0.59831228 -0.99408226]
317.90074253082275,1003,False,4,1,[8.30736801 2.33474194 4.        ],exiting,[ 0.63925976  0.24903542 -0.34837281]
317.90074253082275,1004,False,3,6,[-3.14577898 -0.87429648  3.98077442],cruising,[-0.62185191  0.08809385  0.93462812]
317.90074253082275,1005,False,6,0,[ 8.00694055 -3.32315817  3.99936342],cruising,[ 0.50568378 -0.03156594 -0.11489306]
317.9944226741791,1000,False,5,3,[-3.59603713  7.13950262  3.9552994 ],cruising,[-0.82138112 -0.19970136 -0.21083176]
317.9944226741791,1001,False,2,4,[ 8.02522212 -4.87432548  4.        ],exiting,[-0.48080528  0.59740651 -0.20557775]
317.9944226741791,1002,False,0,2,[ 3.4362428  -3.72414313  4.00000012],cruising,[ 0.5677905  -0.59831228 -0.99408226]
317.9944226741791,1003,False,4,1,[8.2758822  2.24456112 4.        ],exiting,[ 0.63925976  0.24903542 -0.34837281]
317.9944226741791,1004,False,3,6,[-3.21669487 -0.68729131  3.98365826],cruising,[-0.62185191  0.08809385  0.93462812]
317.9944226741791,1005,False,6,0,[ 7.93729548 -3.51064034  3.99945891],cruising,[ 0.50568378 -0.03156594 -0.11489306]
318.097309589386,1000,False,5,3,[-3.39894039  7.17345667  3.96200449],cruising,[-0.82138112 -0.19970136 -0.21083176]
318.097309589386,1001,False,2,4,[ 8.05279668 -4.97044855  4.        ],exiting,[-0.48080528  0.59740651 -0.20557775]
318.097309589386,1002,False,0,2,[ 3.25121736 -3.64821165  4.0000001 ],cruising,[ 0.5677905  -0.59831228 -0.99408226]
318.097309589386,1003,False,4,1,[8.23229648 2.17030488 4.        ],exiting,[ 0.63925976  0.24903542 -0.34837281]
318.097309589386,1004,False,3,6,[-3.2931119  -0.50246588  3.98610952],cruising,[-0.62185191  0.08809385  0.93462812]
318.097309589386,1005,False,6,0,[ 7.85730464 -3.69394736  3.99954007],cruising,[ 0.50568378 -0.03156594 -0.11489306]
318.2029318809509,1000,False,5,3,[-3.20161302  7.20604362  3.96770382],cruising,[-0.82138112 -0.19970136 -0.21083176]
318.2029318809509,1001,False,2,4,[ 8.08037125 -5.06657161  4.        ],exiting,[-0.48080528  0.59740651 -0.20557775]
318.2029318809509,1002,False,0,2,[ 3.06564793 -3.57361953  4.00000009],cruising,[ 0.5677905  -0.59831228 -0.99408226]
318.2029318809509,1003,False,4,1,[8.17688268 2.11217615 4.        ],exiting,[ 0.63925976  0.24903542 -0.34837281]
318.2029318809509,1004,False,3,6,[-3.3754148  -0.32018524  3.98819309],cruising,[-0.62185191  0.08809385  0.93462812]
318.2029318809509,1005,False,6,0,[ 7.76540592 -3.87158358  3.99960906],cruising,[ 0.50568378 -0.03156594 -0.11489306]
318.3036403656006,1000,False,5,3,[-3.00351001  7.23352443  3.97254825],cruising,[-0.82138112 -0.19970136 -0.21083176]
318.3036403656006,1001,False,2,4,[ 8.10794581 -5.16269468  4.        ],exiting,[-0.48080528  0.59740651 -0.20557775]
318.3036403656006,1002,False,0,2,[ 2.87951573 -3.50044299  4.00000008],cruising,[ 0.5677905  -0.59831228 -0.99408226]
318.3036403656006,1003,False,4,1,[8.1099218 2.0703773 4.       ],exiting,[ 0.63925976  0.24903542 -0.34837281]
318.3036403656006,1004,False,3,6,[-3.46204943 -0.13992309  3.98996413],cruising,[-0.62185191  0.08809385  0.93462812]
318.3036403656006,1005,False,6,0,[ 7.65948063 -4.04122978  3.9996677 ],cruising,[ 0.50568378 -0.03156594 -0.11489306]
318.39726424217224,1000,False,5,3,[-2.80500214  7.25790936  3.97666601],cruising,[-0.82138112 -0.19970136 -0.21083176]
318.39726424217224,1001,False,2,4,[ 8.13552037 -5.25881774  4.        ],exiting,[-0.48080528  0.59740651 -0.20557775]
318.39726424217224,1002,False,0,2,[ 2.69271443 -3.42899179  4.00000006],cruising,[ 0.5677905  -0.59831228 -0.99408226]
318.39726424217224,1003,False,4,1,[8.03170467 2.04511014 4.        ],exiting,[ 0.63925976  0.24903542 -0.34837281]
318.39726424217224,1004,False,3,6,[-3.55561876  0.03683884  3.99146951],cruising,[-0.62185191  0.08809385  0.93462812]
318.39726424217224,1005,False,6,0,[ 7.53715133 -4.19943444  3.99971769],cruising,[ 0.50568378 -0.03156594 -0.11489306]
318.4953827857971,1000,False,5,3,[-2.60573279  7.27498935  3.98016611],cruising,[-0.82138112 -0.19970136 -0.21083176]
318.4953827857971,1001,False,2,4,[ 8.16309494 -5.3549408   4.        ],exiting,[-0.48080528  0.59740651 -0.20557775]
318.4953827857971,1002,False,0,2,[ 2.50540366 -3.35888704  4.00000005],cruising,[ 0.5677905  -0.59831228 -0.99408226]
318.4953827857971,1003,False,4,1,[7.94253284 2.03657602 4.        ],exiting,[ 0.63925976  0.24903542 -0.34837281]
318.4953827857971,1004,False,3,6,[-3.65523969  0.21026222  3.99274908],cruising,[-0.62185191  0.08809385  0.93462812]
318.4953827857971,1005,False,6,0,[ 7.39983949 -4.34439059  3.99976193],cruising,[ 0.50568378 -0.03156594 -0.11489306]
318.5946342945099,1000,False,5,3,[-2.40609298  7.28698721  3.98314119],cruising,[-0.82138112 -0.19970136 -0.21083176]
318.5946342945099,1001,False,2,4,[ 8.1906695  -5.45106387  4.        ],exiting,[-0.48080528  0.59740651 -0.20557775]
318.5946342945099,1002,False,0,2,[ 2.31721535 -3.29117325  4.00000005],cruising,[ 0.5677905  -0.59831228 -0.99408226]
318.5946342945099,1003,False,4,1,[7.84286679 2.04474169 4.        ],exiting,[ 0.63925976  0.24903542 -0.34837281]
318.5946342945099,1004,False,3,6,[-3.761673    0.37959016  3.99383672],cruising,[-0.62185191  0.08809385  0.93462812]
318.5946342945099,1005,False,6,0,[ 7.2499771  -4.47377485  3.99980314],cruising,[ 0.50568378 -0.03156594 -0.11489306]
318.6931662559509,1000,False,5,3,[-2.20609883  7.28851623  3.98567001],cruising,[-0.82138112 -0.19970136 -0.21083176]
318.6931662559509,1001,False,2,4,[ 8.21824406 -5.54718693  4.        ],exiting,[-0.48080528  0.59740651 -0.20557775]
318.6931662559509,1002,False,0,2,[ 2.12844918 -3.22508745  4.00000004],cruising,[ 0.5677905  -0.59831228 -0.99408226]
318.6931662559509,1003,False,4,1,[7.74320074 2.05290736 4.        ],exiting,[ 0.63925976  0.24903542 -0.34837281]
318.6931662559509,1004,False,3,6,[-3.87124229  0.54690594  3.99476121],cruising,[-0.62185191  0.08809385  0.93462812]
318.6931662559509,1005,False,6,0,[ 7.08946766 -4.58622865  3.99984133],cruising,[ 0.50568378 -0.03156594 -0.11489306]
318.8044128417969,1000,False,5,3,[-2.0067391   7.27252561  3.98781951],cruising,[-0.82138112 -0.19970136 -0.21083176]
318.8044128417969,1001,False,2,4,[ 8.24581862 -5.64331     4.        ],exiting,[-0.48080528  0.59740651 -0.20557775]
318.8044128417969,1002,False,0,2,[ 1.93849832 -3.16248816  4.00000003],cruising,[ 0.5677905  -0.59831228 -0.99408226]
318.8044128417969,1003,False,4,1,[7.64353469 2.06107302 4.        ],exiting,[ 0.63925976  0.24903542 -0.34837281]
318.8044128417969,1004,False,3,6,[-3.98327804  0.71258029  3.99554703],cruising,[-0.62185191  0.08809385  0.93462812]
318.8044128417969,1005,False,6,0,[ 6.9203644  -4.68062293  3.99987645],cruising,[ 0.50568378 -0.03156594 -0.11489306]
318.8930838108063,1000,False,5,3,[-1.80981735  7.23757104  3.98964658],cruising,[-0.82138112 -0.19970136 -0.21083176]
318.8930838108063,1001,False,2,4,[ 8.27339319 -5.73943306  4.        ],exiting,[-0.48080528  0.59740651 -0.20557775]
318.8930838108063,1002,False,0,2,[ 1.74718461 -3.10418665  4.00000003],cruising,[ 0.5677905  -0.59831228 -0.99408226]
318.8930838108063,1003,False,4,1,[7.54386864 2.06923869 4.        ],exiting,[ 0.63925976  0.24903542 -0.34837281]
318.8930838108063,1004,False,3,6,[-4.09720743  0.87695819  3.99621497],cruising,[-0.62185191  0.08809385  0.93462812]
318.8930838108063,1005,False,6,0,[ 6.74481441 -4.75608471  3.99990845],cruising,[ 0.50568378 -0.03156594 -0.11489306]
319.006356716156,1000,False,5,3,[-1.61655092  7.18611145  3.9911996 ],cruising,[-0.82138112 -0.19970136 -0.21083176]
319.006356716156,1001,False,2,4,[ 8.30096775 -5.83555613  4.        ],exiting,[-0.48080528  0.59740651 -0.20557775]
319.006356716156,1002,False,0,2,[ 1.55431652 -3.05125369  4.00000002],cruising,[ 0.5677905  -0.59831228 -0.99408226]
319.006356716156,1003,False,4,1,[7.44420258 2.07740436 4.        ],exiting,[ 0.63925976  0.24903542 -0.34837281]
319.006356716156,1004,False,3,6,[-4.21254038  1.04035437  3.99678273],cruising,[-0.62185191  0.08809385  0.93462812]
319.006356716156,1005,False,6,0,[ 6.56500574 -4.81200516  3.99993726],cruising,[ 0.50568378 -0.03156594 -0.11489306]
319.0956120491028,1000,False,5,3,[-1.42753518  7.12074289  3.99251966],cruising,[-0.82138112 -0.19970136 -0.21083176]
319.0956120491028,1001,False,2,4,[ 8.32854231 -5.93167919  4.        ],exiting,[-0.48080528  0.59740651 -0.20557775]
319.0956120491028,1002,False,0,2,[ 1.35970545 -3.00513935  4.00000002],cruising,[ 0.5677905  -0.59831228 -0.99408226]
319.0956120491028,1003,False,4,1,[7.34453653 2.08557003 4.        ],exiting,[ 0.63925976  0.24903542 -0.34837281]
319.0956120491028,1004,False,3,6,[-4.32885539  1.20305292  3.99726532],cruising,[-0.62185191  0.08809385  0.93462812]
319.0956120491028,1005,False,6,0,[ 6.38314977 -4.84803066  3.99996278],cruising,[ 0.50568378 -0.03156594 -0.11489306]
319.1996169090271,1000,False,5,3,[-1.24285269  7.04398106  3.99364171],cruising,[-0.82138112 -0.19970136 -0.21083176]
319.1996169090271,1001,False,2,4,[ 8.35611688 -6.02780225  4.        ],exiting,[-0.48080528  0.59740651 -0.20557775]
319.1996169090271,1002,False,0,2,[ 1.16321207 -2.96785192  4.00000002],cruising,[ 0.5677905  -0.59831228 -0.99408226]
319.1996169090271,1003,False,4,1,[7.24487048 2.09373569 4.        ],exiting,[ 0.63925976  0.24903542 -0.34837281]
319.1996169090271,1004,False,3,6,[-4.44578632  1.36530938  3.99767552],cruising,[-0.62185191  0.08809385  0.93462812]
319.1996169090271,1005,False,6,0,[ 6.20063118 -4.86406715  3.9999847 ],cruising,[ 0.50568378 -0.03156594 -0.11489306]
319.3044526576996,1000,False,5,3,[-1.0608016   6.96117164  3.99459545],cruising,[-0.82138112 -0.19970136 -0.21083176]
319.3044526576996,1001,False,2,4,[ 8.38369144 -6.12392532  4.        ],exiting,[-0.48080528  0.59740651 -0.20557775]
319.3044526576996,1002,False,0,2,[ 0.96412706 -2.9487428   4.00000001],cruising,[ 0.5677905  -0.59831228 -0.99408226]
319.3044526576996,1003,False,4,1,[7.14520443 2.10190136 4.        ],exiting,[ 0.63925976  0.24903542 -0.34837281]
319.3044526576996,1004,False,3,6,[-4.56301037  1.5273542   3.99802419],cruising,[-0.62185191  0.08809385  0.93462812]
319.3044526576996,1005,False,6,0,[ 6.01890946 -4.86011952  4.00000294],cruising,[ 0.50568378 -0.03156594 -0.11489306]
319.3995580673218,1000,False,5,3,[-0.8827883   6.87000549  3.99540613],cruising,[-0.82138112 -0.19970136 -0.21083176]
319.3995580673218,1001,False,2,4,[ 8.411266   -6.22004838  4.        ],exiting,[-0.48080528  0.59740651 -0.20557775]
319.3995580673218,1002,False,0,2,[ 0.76422474 -2.94249279  4.00000001],cruising,[ 0.5677905  -0.59831228 -0.99408226]
319.3995580673218,1003,False,4,1,[7.04553838 2.11006703 4.        ],exiting,[ 0.63925976  0.24903542 -0.34837281]
319.3995580673218,1004,False,3,6,[-4.68020861  1.68941768  3.99832056],cruising,[-0.62185191  0.08809385  0.93462812]
319.3995580673218,1005,False,6,0,[ 5.83917617 -4.83627099  4.0000174 ],cruising,[ 0.50568378 -0.03156594 -0.11489306]
319.4924077987671,1000,False,5,3,[-0.70811661  6.77258989  3.99609521],cruising,[-0.82138112 -0.19970136 -0.21083176]
319.4924077987671,1001,False,2,4,[ 8.43884057 -6.31617145  4.        ],exiting,[-0.48080528  0.59740651 -0.20557775]
319.4924077987671,1002,False,0,2,[ 0.56443503 -2.95166174  4.00000001],cruising,[ 0.5677905  -0.59831228 -0.99408226]
319.4924077987671,1003,False,4,1,[6.94587233 2.1182327  4.        ],exiting,[ 0.63925976  0.24903542 -0.34837281]
319.4924077987671,1004,False,3,6,[-4.79728536  1.85156894  3.99857248],cruising,[-0.62185191  0.08809385  0.93462812]
319.4924077987671,1005,False,6,0,[ 5.66196873 -4.79258259  4.00002777],cruising,[ 0.50568378 -0.03156594 -0.11489306]
319.60581493377686,1000,False,5,3,[-0.53510963  6.67224755  3.99668093],cruising,[-0.82138112 -0.19970136 -0.21083176]
319.60581493377686,1001,False,2,4,[ 8.46641513 -6.41229451  4.        ],exiting,[-0.48080528  0.59740651 -0.20557775]
319.60581493377686,1002,False,0,2,[ 0.36588568 -2.97570662  4.00000001],cruising,[ 0.5677905  -0.59831228 -0.99408226]
319.60581493377686,1003,False,4,1,[6.84620627 2.12639836 4.        ],exiting,[ 0.63925976  0.24903542 -0.34837281]
319.60581493377686,1004,False,3,6,[-4.91394931  2.01401747  3.99878661],cruising,[-0.62185191  0.08809385  0.93462812]
319.60581493377686,1005,False,6,0,[ 5.48802234 -4.72916185  4.00003392],cruising,[ 0.50568378 -0.03156594 -0.11489306]
319.7277021408081,1000,False,5,3,[-0.36437748  6.56808166  3.99717879],cruising,[-0.82138112 -0.19970136 -0.21083176]
319.7277021408081,1001,False,2,4,[ 8.49398969 -6.50841757  4.        ],exiting,[-0.48080528  0.59740651 -0.20557775]
319.7277021408081,1002,False,0,2,[ 0.16956196 -3.01387724  4.00000001],cruising,[ 0.5677905  -0.59831228 -0.99408226]
319.7277021408081,1003,False,4,1,[6.74654022 2.13456403 4.        ],exiting,[ 0.63925976  0.24903542 -0.34837281]
319.7277021408081,1004,False,3,6,[-5.02992533  2.17695784  3.99896862],cruising,[-0.62185191  0.08809385  0.93462812]
319.7277021408081,1005,False,6,0,[ 5.31713809 -4.64597691  4.00003536],cruising,[ 0.50568378 -0.03156594 -0.11489306]
319.83750581741333,1000,False,5,3,[-0.1951005   6.46156732  3.99760197],cruising,[-0.82138112 -0.19970136 -0.21083176]
319.83750581741333,1001,False,2,4,[ 8.52156426 -6.60454064  4.        ],exiting,[-0.48080528  0.59740651 -0.20557775]
319.83750581741333,1002,False,0,2,[-0.02375247 -3.06515619  4.00000001],cruising,[ 0.5677905  -0.59831228 -0.99408226]
319.83750581741333,1003,False,4,1,[6.64687417 2.1427297  4.        ],exiting,[ 0.63925976  0.24903542 -0.34837281]
319.83750581741333,1004,False,3,6,[-5.14494381  2.34057552  3.99912332],cruising,[-0.62185191  0.08809385  0.93462812]
319.83750581741333,1005,False,6,0,[ 5.14878941 -4.54295335  4.00003165],cruising,[ 0.50568378 -0.03156594 -0.11489306]
319.942941904068,1000,False,5,3,[-0.02625051  6.3543774   3.99796168],cruising,[-0.82138112 -0.19970136 -0.21083176]
319.942941904068,1001,False,2,4,[ 8.54913882 -6.7006637   4.        ],exiting,[-0.48080528  0.59740651 -0.20557775]
319.942941904068,1002,False,0,2,[-0.21234631 -3.13173219  4.00000001],cruising,[ 0.5677905  -0.59831228 -0.99408226]
319.942941904068,1003,False,4,1,[6.54720812 2.15089536 4.        ],exiting,[ 0.63925976  0.24903542 -0.34837281]
319.942941904068,1004,False,3,6,[-5.25934353  2.50462644  3.99925483],cruising,[-0.62185191  0.08809385  0.93462812]
319.942941904068,1005,False,6,0,[ 4.97686478 -4.44076763  4.0000269 ],cruising,[ 0.50568378 -0.03156594 -0.11489306]
320.0471234321594,1000,False,5,3,[0.14226832 6.24666758 3.99826743],cruising,[-0.82138112 -0.19970136 -0.21083176]
320.0471234321594,1001,False,2,4,[ 8.57671338 -6.79678677  4.        ],exiting,[-0.48080528  0.59740651 -0.20557775]
320.0471234321594,1002,False,0,2,[-0.39751853 -3.20730499  4.        ],cruising,[ 0.5677905  -0.59831228 -0.99408226]
320.0471234321594,1003,False,4,1,[6.44754207 2.15906103 4.        ],exiting,[ 0.63925976  0.24903542 -0.34837281]
320.0471234321594,1004,False,3,6,[-5.37223748  2.6697172   3.9993666 ],cruising,[-0.62185191  0.08809385  0.93462812]
320.0471234321594,1005,False,6,0,[ 4.80212133 -4.34348081  4.00002287],cruising,[ 0.50568378 -0.03156594 -0.11489306]
320.14818692207336,1000,False,5,3,[0.31104364 6.13936012 3.99852731],cruising,[-0.82138112 -0.19970136 -0.21083176]
320.14818692207336,1001,False,2,4,[ 8.60428794 -6.89290983  4.        ],exiting,[-0.48080528  0.59740651 -0.20557775]
320.14818692207336,1002,False,0,2,[-0.57857184 -3.29227381  4.        ],cruising,[ 0.5677905  -0.59831228 -0.99408226]
320.14818692207336,1003,False,4,1,[6.34787601 2.1672267  4.        ],exiting,[ 0.63925976  0.24903542 -0.34837281]
320.14818692207336,1004,False,3,6,[-5.48331462  2.83603577  3.99946161],cruising,[-0.62185191  0.08809385  0.93462812]
320.14818692207336,1005,False,6,0,[ 4.62423717 -4.25206294  4.00001944],cruising,[ 0.50568378 -0.03156594 -0.11489306]
320.24753046035767,1000,False,5,3,[0.48033034 6.03286123 3.99874822],cruising,[-0.82138112 -0.19970136 -0.21083176]
320.24753046035767,1001,False,2,4,[ 8.63186251 -6.9890329   4.        ],exiting,[-0.48080528  0.59740651 -0.20557775]
320.24753046035767,1002,False,0,2,[-0.75703345 -3.38255921  4.        ],cruising,[ 0.5677905  -0.59831228 -0.99408226]
320.24753046035767,1003,False,4,1,[6.24820996 2.17539237 4.        ],exiting,[ 0.63925976  0.24903542 -0.34837281]
320.24753046035767,1004,False,3,6,[-5.59222794  3.00377929  3.99954237],cruising,[-0.62185191  0.08809385  0.93462812]
320.24753046035767,1005,False,6,0,[ 4.44478521 -4.16376235  4.00001652],cruising,[ 0.50568378 -0.03156594 -0.11489306]
320.3441729545593,1000,False,5,3,[0.65076184 5.92820415 3.99893598],cruising,[-0.82138112 -0.19970136 -0.21083176]
320.3441729545593,1001,False,2,4,[ 8.65943707 -7.08515596  4.        ],landing,[-0.48080528  0.59740651 -0.20557775]
320.3441729545593,1002,False,0,2,[-0.93503397 -3.47375031  4.        ],cruising,[ 0.5677905  -0.59831228 -0.99408226]
320.3441729545593,1003,False,4,1,[6.14854391 2.18355803 4.        ],exiting,[ 0.63925976  0.24903542 -0.34837281]
320.3441729545593,1004,False,3,6,[-5.69857893  3.17315895  3.99961101],cruising,[-0.62185191  0.08809385  0.93462812]
320.3441729545593,1005,False,6,0,[ 4.26348334 -4.07932521  4.00001404],cruising,[ 0.50568378 -0.03156594 -0.11489306]
320.4480493068695,1000,False,5,3,[0.82232    5.82540436 3.99909559],cruising,[-0.82138112 -0.19970136 -0.21083176]
320.4480493068695,1001,False,2,4,[ 8.68009327 -7.16903663  3.98577819],landing,[-0.48080528  0.59740651 -0.20557775]
320.4480493068695,1002,False,0,2,[-1.11598086 -3.55894551  4.        ],cruising,[ 0.5677905  -0.59831228 -0.99408226]
320.4480493068695,1003,False,4,1,[6.04887786 2.1917237  4.        ],exiting,[ 0.63925976  0.24903542 -0.34837281]
320.4480493068695,1004,False,3,6,[-5.80189848  3.34440459  3.99966936],cruising,[-0.62185191  0.08809385  0.93462812]
320.4480493068695,1005,False,6,0,[ 4.08132241 -3.99675768  4.00001194],cruising,[ 0.50568378 -0.03156594 -0.11489306]
320.5406210422516,1000,False,5,3,[0.9959236  5.7260978  3.99923125],cruising,[-0.82138112 -0.19970136 -0.21083176]
320.5406210422516,1001,False,2,4,[ 8.69381871 -7.24049721  3.95749557],landing,[-0.48080528  0.59740651 -0.20557775]
320.5406210422516,1002,False,0,2,[-1.30382764 -3.62760107  4.        ],cruising,[ 0.5677905  -0.59831228 -0.99408226]
320.5406210422516,1003,False,4,1,[5.94921181 2.19988937 4.        ],exiting,[ 0.63925976  0.24903542 -0.34837281]
320.5406210422516,1004,False,3,6,[-5.90162254  3.51776869  3.99971896],cruising,[-0.62185191  0.08809385  0.93462812]
320.5406210422516,1005,False,6,0,[ 3.89805132 -3.91668455  4.00001015],cruising,[ 0.50568378 -0.03156594 -0.11489306]
320.6402003765106,1000,False,5,3,[1.1711547  5.62969209 3.99934656],cruising,[-0.82138112 -0.19970136 -0.21083176]
320.6402003765106,1001,False,2,4,[ 8.70059984 -7.29932749  3.91534746],landing,[-0.48080528  0.59740651 -0.20557775]
320.6402003765106,1002,False,0,2,[-1.49701075 -3.67698168  4.        ],cruising,[ 0.5677905  -0.59831228 -0.99408226]
320.6402003765106,1003,False,4,1,[5.84954576 2.20805504 4.        ],exiting,[ 0.63925976  0.24903542 -0.34837281]
320.6402003765106,1004,False,3,6,[-5.99706049  3.69352875  3.99976111],cruising,[-0.62185191  0.08809385  0.93462812]
320.6402003765106,1005,False,6,0,[ 3.7142532  -3.83782866  4.00000863],cruising,[ 0.50568378 -0.03156594 -0.11489306]
320.7424244880676,1000,False,5,3,[1.34824485 5.53674544 3.99944458],cruising,[-0.82138112 -0.19970136 -0.21083176]
320.7424244880676,1001,False,2,4,[ 8.70042007 -7.34523603  3.85961353],landing,[-0.48080528  0.59740651 -0.20557775]
320.7424244880676,1002,False,0,2,[-1.69252272 -3.70649834  4.        ],cruising,[ 0.5677905  -0.59831228 -0.99408226]
320.7424244880676,1003,False,4,1,[5.7498797 2.2162207 4.       ],exiting,[ 0.63925976  0.24903542 -0.34837281]
320.7424244880676,1004,False,3,6,[-6.08735312  3.8719867   3.99979695],cruising,[-0.62185191  0.08809385  0.93462812]
320.7424244880676,1005,False,6,0,[ 3.52974243 -3.76065499  4.00000733],cruising,[ 0.50568378 -0.03156594 -0.11489306]
320.84654235839844,1000,False,5,3,[1.52838035 5.4498478  3.99952789],cruising,[-0.82138112 -0.19970136 -0.21083176]
320.84654235839844,1001,False,2,4,[ 8.69326817 -7.3779938   3.79052121],landing,[-0.48080528  0.59740651 -0.20557775]
320.84654235839844,1002,False,0,2,[-1.88709953 -3.71603688  4.        ],cruising,[ 0.5677905  -0.59831228 -0.99408226]
320.84654235839844,1003,False,4,1,[5.65021365 2.22438637 4.        ],exiting,[ 0.63925976  0.24903542 -0.34837281]
320.84654235839844,1004,False,3,6,[-6.17141645  4.0534622   3.9998274 ],cruising,[-0.62185191  0.08809385  0.93462812]
320.84654235839844,1005,False,6,0,[ 3.34480295 -3.68451439  4.00000623],cruising,[ 0.50568378 -0.03156594 -0.11489306]
320.9517910480499,1000,False,5,3,[1.71064343 5.36750602 3.99959871],cruising,[-0.82138112 -0.19970136 -0.21083176]
320.9517910480499,1001,False,2,4,[ 8.67913488 -7.3973796   3.70829685],landing,[-0.48080528  0.59740651 -0.20557775]
320.9517910480499,1002,False,0,2,[-2.07771673 -3.7059713   4.        ],cruising,[ 0.5677905  -0.59831228 -0.99408226]
320.9517910480499,1003,False,4,1,[5.5505476  2.23255204 4.        ],landing,[ 0.63925976  0.24903542 -0.34837281]
320.9517910480499,1004,False,3,6,[-6.24786659  4.23827393  3.99985329],cruising,[-0.62185191  0.08809385  0.93462812]
320.9517910480499,1005,False,6,0,[ 3.15935982 -3.60960882  4.0000053 ],cruising,[ 0.50568378 -0.03156594 -0.11489306]
321.0515387058258,1000,False,5,3,[1.89517917 5.29039208 3.9996589 ],cruising,[-0.82138112 -0.19970136 -0.21083176]
321.0515387058258,1001,False,2,4,[ 8.65801256 -7.40317033  3.61317567],landing,[-0.48080528  0.59740651 -0.20557775]
321.0515387058258,1002,False,0,2,[-2.26177035 -3.67701341  4.        ],cruising,[ 0.5677905  -0.59831228 -0.99408226]
321.0515387058258,1003,False,4,1,[5.46474229 2.23645966 3.98622506],landing,[ 0.63925976  0.24903542 -0.34837281]
321.0515387058258,1004,False,3,6,[-6.31492038  4.42669843  3.9998753 ],cruising,[-0.62185191  0.08809385  0.93462812]
321.0515387058258,1005,False,6,0,[ 2.97341556 -3.53595603  4.0000045 ],cruising,[ 0.50568378 -0.03156594 -0.11489306]
321.1434814929962,1000,False,5,3,[2.08316507 5.22211836 3.99971007],cruising,[-0.82138112 -0.19970136 -0.21083176]
321.1434814929962,1001,False,2,4,[ 8.63562669 -7.40646452  3.5157692 ],landing,[-0.48080528  0.59740651 -0.20557775]
321.1434814929962,1002,False,0,2,[-2.43691457 -3.63014958  4.        ],cruising,[ 0.5677905  -0.59831228 -0.99408226]
321.1434814929962,1003,False,4,1,[5.39296839 2.23613299 3.95884167],landing,[ 0.63925976  0.24903542 -0.34837281]
321.1434814929962,1004,False,3,6,[-6.3639445   4.62059695  3.99989401],cruising,[-0.62185191  0.08809385  0.93462812]
321.1434814929962,1005,False,6,0,[ 2.78688004 -3.46381382  4.00000383],cruising,[ 0.50568378 -0.03156594 -0.11489306]
321.2386107444763,1000,False,5,3,[2.27369325 5.16129884 3.99975356],cruising,[-0.82138112 -0.19970136 -0.21083176]
321.2386107444763,1001,False,2,4,[ 8.61324082 -7.40975871  3.41836273],landing,[-0.48080528  0.59740651 -0.20557775]
321.2386107444763,1002,False,0,2,[-2.60104086 -3.56659428  4.        ],cruising,[ 0.5677905  -0.59831228 -0.99408226]
321.2386107444763,1003,False,4,1,[5.33542481 2.23160084 3.91804886],landing,[ 0.63925976  0.24903542 -0.34837281]
321.2386107444763,1004,False,3,6,[-6.39332134  4.81823507  3.99991035],cruising,[-0.62185191  0.08809385  0.93462812]
321.2386107444763,1005,False,6,0,[ 2.59986688 -3.39291899  4.00000325],cruising,[ 0.50568378 -0.03156594 -0.11489306]
321.3433632850647,1000,False,5,3,[2.46726375 5.11099513 3.99979052],cruising,[-0.82138112 -0.19970136 -0.21083176]
321.3433632850647,1001,False,2,4,[ 8.59085495 -7.4130529   3.32095625],landing,[-0.48080528  0.59740651 -0.20557775]
321.3433632850647,1002,False,0,2,[-2.75238057 -3.48766031  4.        ],cruising,[ 0.5677905  -0.59831228 -0.99408226]
321.3433632850647,1003,False,4,1,[5.29237663 2.22290365 3.86412078],landing,[ 0.63925976  0.24903542 -0.34837281]
321.3433632850647,1004,False,3,6,[-6.40273954  5.01715877  3.99992506],cruising,[-0.62185191  0.08809385  0.93462812]
321.3433632850647,1005,False,6,0,[ 2.41206682 -3.32413572  4.00000277],cruising,[ 0.50568378 -0.03156594 -0.11489306]
321.44813203811646,1000,False,5,3,[2.66294761 5.06966927 3.99982194],cruising,[-0.82138112 -0.19970136 -0.21083176]
321.44813203811646,1001,False,2,4,[ 8.56846907 -7.41634708  3.22354978],landing,[-0.48080528  0.59740651 -0.20557775]
321.44813203811646,1002,False,0,2,[-2.88938933 -3.39477557  4.        ],cruising,[ 0.5677905  -0.59831228 -0.99408226]
321.44813203811646,1003,False,4,1,[5.26406516 2.21008029 3.7973162 ],landing,[ 0.63925976  0.24903542 -0.34837281]
321.44813203811646,1004,False,3,6,[-6.3922111   5.21462259  3.99993852],cruising,[-0.62185191  0.08809385  0.93462812]
321.44813203811646,1005,False,6,0,[ 2.22333317 -3.25795709  4.00000235],cruising,[ 0.50568378 -0.03156594 -0.11489306]
321.55073404312134,1000,False,5,3,[2.86006763 5.0358507  3.99984865],cruising,[-0.82138112 -0.19970136 -0.21083176]
321.55073404312134,1001,False,2,4,[ 8.5460832  -7.41964127  3.1261433 ],landing,[-0.48080528  0.59740651 -0.20557775]
321.55073404312134,1002,False,0,2,[-3.01069644 -3.28950302  4.        ],cruising,[ 0.5677905  -0.59831228 -0.99408226]
321.55073404312134,1003,False,4,1,[5.2507002  2.19316631 3.71786769],landing,[ 0.63925976  0.24903542 -0.34837281]
321.55073404312134,1004,False,3,6,[-6.36208168  5.40811127  3.99995085],cruising,[-0.62185191  0.08809385  0.93462812]
321.55073404312134,1005,False,6,0,[ 2.03400216 -3.19350735  4.000002  ],cruising,[ 0.50568378 -0.03156594 -0.11489306]
321.6418445110321,1000,False,5,3,[3.05814482 5.00818434 3.99987135],cruising,[-0.82138112 -0.19970136 -0.21083176]
321.6418445110321,1001,False,2,4,[ 8.52369733 -7.42293546  3.02873683],landing,[-0.48080528  0.59740651 -0.20557775]
321.6418445110321,1002,False,0,2,[-3.11514459 -3.17347056  4.        ],cruising,[ 0.5677905  -0.59831228 -0.99408226]
321.6418445110321,1003,False,4,1,[5.25249271 2.17219912 3.62601666],landing,[ 0.63925976  0.24903542 -0.34837281]
321.6418445110321,1004,False,3,6,[-6.31291538  5.59546828  3.99996201],cruising,[-0.62185191  0.08809385  0.93462812]
321.6418445110321,1005,False,6,0,[ 1.84339828 -3.1329255   4.0000017 ],cruising,[ 0.50568378 -0.03156594 -0.11489306]
321.74967432022095,1000,False,5,3,[3.2568484  4.98544919 3.99989065],cruising,[-0.82138112 -0.19970136 -0.21083176]
321.74967432022095,1001,False,2,4,[ 8.50131146 -7.42622964  2.93133036],landing,[-0.48080528  0.59740651 -0.20557775]
321.74967432022095,1002,False,0,2,[-3.20173379 -3.0484349   4.        ],cruising,[ 0.5677905  -0.59831228 -0.99408226]
321.74967432022095,1003,False,4,1,[5.26084349 2.14951942 3.52898113],landing,[ 0.63925976  0.24903542 -0.34837281]
321.74967432022095,1004,False,3,6,[-6.24561501  5.77438995  3.99997206],cruising,[-0.62185191  0.08809385  0.93462812]
321.74967432022095,1005,False,6,0,[ 1.65133602 -3.07713942  4.00000144],cruising,[ 0.50568378 -0.03156594 -0.11489306]
321.847363948822,1000,False,5,3,[3.45595427 4.96655866 3.99990705],cruising,[-0.82138112 -0.19970136 -0.21083176]
321.847363948822,1001,False,2,4,[ 8.47892559 -7.42952383  2.83392388],landing,[-0.48080528  0.59740651 -0.20557775]
321.847363948822,1002,False,0,2,[-3.27014854 -2.91505121  4.        ],cruising,[ 0.5677905  -0.59831228 -0.99408226]
321.847363948822,1003,False,4,1,[5.26919428 2.12683972 3.43194559],landing,[ 0.63925976  0.24903542 -0.34837281]
321.847363948822,1004,False,3,6,[-6.16133278  5.94274673  3.99998103],cruising,[-0.62185191  0.08809385  0.93462812]
321.847363948822,1005,False,6,0,[ 1.45762217 -3.02739062  4.00000123],cruising,[ 0.50568378 -0.03156594 -0.11489306]
321.93960094451904,1000,False,5,3,[3.65531257 4.9505503  3.999921  ],cruising,[-0.82138112 -0.19970136 -0.21083176]
321.93960094451904,1001,False,2,4,[ 8.45653972 -7.43281802  2.73651741],landing,[-0.48080528  0.59740651 -0.20557775]
321.93960094451904,1002,False,0,2,[-3.32016913 -2.77381546  4.        ],cruising,[ 0.5677905  -0.59831228 -0.99408226]
321.93960094451904,1003,False,4,1,[5.27754507 2.10416002 3.33491005],landing,[ 0.63925976  0.24903542 -0.34837281]
321.93960094451904,1004,False,3,6,[-6.06104948  6.09910493  3.99998887],cruising,[-0.62185191  0.08809385  0.93462812]
321.93960094451904,1005,False,6,0,[ 1.26208411 -2.98538029  4.00000104],cruising,[ 0.50568378 -0.03156594 -0.11489306]
322.04225873947144,1000,False,5,3,[3.85482337 4.93657021 3.99993285],cruising,[-0.82138112 -0.19970136 -0.21083176]
322.04225873947144,1001,False,2,4,[ 8.43415384 -7.43611221  2.63911094],landing,[-0.48080528  0.59740651 -0.20557775]
322.04225873947144,1002,False,0,2,[-3.35165324 -2.62506978  4.        ],cruising,[ 0.5677905  -0.59831228 -0.99408226]
322.04225873947144,1003,False,4,1,[5.28589585 2.08148031 3.23787451],landing,[ 0.63925976  0.24903542 -0.34837281]
322.04225873947144,1004,False,3,6,[-5.94568921  6.24232218  3.99999555],cruising,[-0.62185191  0.08809385  0.93462812]
322.04225873947144,1005,False,6,0,[ 1.06464312 -2.95348894  4.00000089],cruising,[ 0.50568378 -0.03156594 -0.11489306]
322.1423132419586,1000,False,5,3,[4.05441878 4.9238552  3.99994292],cruising,[-0.82138112 -0.19970136 -0.21083176]
322.1423132419586,1001,False,2,4,[ 8.41176797 -7.43940639  2.54170446],landing,[-0.48080528  0.59740651 -0.20557775]
322.1423132419586,1002,False,0,2,[-3.36455386 -2.46893128  4.        ],cruising,[ 0.5677905  -0.59831228 -0.99408226]
322.1423132419586,1003,False,4,1,[5.29424664 2.05880061 3.14083898],landing,[ 0.63925976  0.24903542 -0.34837281]
322.1423132419586,1004,False,3,6,[-5.81616342  6.3714207   4.00000103],cruising,[-0.62185191  0.08809385  0.93462812]
322.1423132419586,1005,False,6,0,[ 0.8650468  -2.9414811   4.00000075],cruising,[ 0.50568378 -0.03156594 -0.11489306]
322.24522638320923,1000,False,5,3,[4.25404995 4.91171447 3.99995148],cruising,[-0.82138112 -0.19970136 -0.21083176]
322.24522638320923,1001,False,2,4,[ 8.3893821  -7.44270058  2.44429799],landing,[-0.48080528  0.59740651 -0.20557775]
322.24522638320923,1002,False,0,2,[-3.35905459 -2.30495415  4.        ],cruising,[ 0.5677905  -0.59831228 -0.99408226]
322.24522638320923,1003,False,4,1,[5.30259743 2.03612091 3.04380344],landing,[ 0.63925976  0.24903542 -0.34837281]
322.24522638320923,1004,False,3,6,[-5.67336965  6.48555392  4.00000529],cruising,[-0.62185191  0.08809385  0.93462812]
322.24522638320923,1005,False,6,0,[ 0.66509448 -2.94584775  4.00000064],cruising,[ 0.50568378 -0.03156594 -0.11489306]
322.33800649642944,1000,False,5,3,[4.45367294 4.89944009 3.99995876],cruising,[-0.82138112 -0.19970136 -0.21083176]
322.33800649642944,1001,False,2,4,[ 8.36699623 -7.44599477  2.34689152],landing,[-0.48080528  0.59740651 -0.20557775]
322.33800649642944,1002,False,0,2,[-3.33575175 -2.13186479  4.        ],cruising,[ 0.5677905  -0.59831228 -0.99408226]
322.33800649642944,1003,False,4,1,[5.31094822 2.0134412  2.9467679 ],landing,[ 0.63925976  0.24903542 -0.34837281]
322.33800649642944,1004,False,3,6,[-5.51835991  6.58385142  4.00000836],cruising,[-0.62185191  0.08809385  0.93462812]
322.33800649642944,1005,False,6,0,[ 0.46559283 -2.95995778  4.00000054],cruising,[ 0.50568378 -0.03156594 -0.11489306]
322.44826459884644,1000,False,5,3,[4.65327541 4.88683632 3.99996495],cruising,[-0.82138112 -0.19970136 -0.21083176]
322.44826459884644,1001,False,2,4,[ 8.34461036 -7.44928895  2.24948504],landing,[-0.48080528  0.59740651 -0.20557775]
322.44826459884644,1002,False,0,2,[-3.29685019 -1.94625824  4.        ],cruising,[ 0.5677905  -0.59831228 -0.99408226]
322.44826459884644,1003,False,4,1,[5.319299   1.9907615  2.84973237],landing,[ 0.63925976  0.24903542 -0.34837281]
322.44826459884644,1004,False,3,6,[-5.35174557  6.66585985  4.00001019],cruising,[-0.62185191  0.08809385  0.93462812]
322.44826459884644,1005,False,6,0,[ 0.26774518 -2.98922048  4.00000046],cruising,[ 0.50568378 -0.03156594 -0.11489306]
322.54745602607727,1000,False,5,3,[4.85281278 4.87324091 3.9999702 ],cruising,[-0.82138112 -0.19970136 -0.21083176]
322.54745602607727,1001,False,2,4,[ 8.32222449 -7.45258314  2.15207857],landing,[-0.48080528  0.59740651 -0.20557775]
322.54745602607727,1002,False,0,2,[-3.26203918 -1.74931106  4.        ],cruising,[ 0.5677905  -0.59831228 -0.99408226]
322.54745602607727,1003,False,4,1,[5.32764979 1.9680818  2.75269683],landing,[ 0.63925976  0.24903542 -0.34837281]
322.54745602607727,1004,False,3,6,[-5.17395131  6.73128489  4.00001076],cruising,[-0.62185191  0.08809385  0.93462812]
322.54745602607727,1005,False,6,0,[ 0.07352045 -3.03693582  4.00000039],cruising,[ 0.50568378 -0.03156594 -0.11489306]
322.64675545692444,1000,False,5,3,[5.05223273 4.85801969 3.99997467],cruising,[-0.82138112 -0.19970136 -0.21083176]
322.64675545692444,1001,False,2,4,[ 8.29983861 -7.45587733  2.0546721 ],landing,[-0.48080528  0.59740651 -0.20557775]
322.64675545692444,1002,False,0,2,[-3.24385    -1.55013989  4.        ],cruising,[ 0.5677905  -0.59831228 -0.99408226]
322.64675545692444,1003,False,4,1,[5.33600058 1.9454021  2.65566129],landing,[ 0.63925976  0.24903542 -0.34837281]
322.64675545692444,1004,False,3,6,[-4.98503645  6.78008668  4.00001003],cruising,[-0.62185191  0.08809385  0.93462812]
322.64675545692444,1005,False,6,0,[-0.11745279 -3.09634307  4.00000033],cruising,[ 0.50568378 -0.03156594 -0.11489306]
322.7389008998871,1000,False,5,3,[5.25146796 4.84054624 3.99997847],cruising,[-0.82138112 -0.19970136 -0.21083176]
322.7389008998871,1001,False,2,4,[ 8.27745274 -7.45917151  1.95726562],landing,[-0.48080528  0.59740651 -0.20557775]
322.7389008998871,1002,False,0,2,[-3.24200926 -1.35014836  4.        ],cruising,[ 0.5677905  -0.59831228 -0.99408226]
322.7389008998871,1003,False,4,1,[5.34435137 1.92272239 2.55862576],landing,[ 0.63925976  0.24903542 -0.34837281]
322.7389008998871,1004,False,3,6,[-4.78915582  6.82046959  4.00000852],cruising,[-0.62185191  0.08809385  0.93462812]
322.7389008998871,1005,False,6,0,[-0.30488437 -3.16612418  4.00000028],cruising,[ 0.50568378 -0.03156594 -0.11489306]
322.84256505966187,1000,False,5,3,[5.45056971 4.82161228 3.9999817 ],cruising,[-0.82138112 -0.19970136 -0.21083176]
322.84256505966187,1001,False,2,4,[ 8.25506687 -7.4624657   1.85985915],landing,[-0.48080528  0.59740651 -0.20557775]
322.84256505966187,1002,False,0,2,[-3.25475048 -1.15055462  4.        ],cruising,[ 0.5677905  -0.59831228 -0.99408226]
322.84256505966187,1003,False,4,1,[5.35270215 1.90004269 2.46159022],landing,[ 0.63925976  0.24903542 -0.34837281]
322.84256505966187,1004,False,3,6,[-4.59420885  6.86514262  4.00000724],cruising,[-0.62185191  0.08809385  0.93462812]
322.84256505966187,1005,False,6,0,[-0.48771339 -3.24720162  4.00000024],cruising,[ 0.50568378 -0.03156594 -0.11489306]
322.9531309604645,1000,False,5,3,[5.64930538 4.79915933 3.99998445],cruising,[-0.82138112 -0.19970136 -0.21083176]
322.9531309604645,1001,False,2,4,[ 8.232681   -7.46575989  1.76245268],landing,[-0.48080528  0.59740651 -0.20557775]
322.9531309604645,1002,False,0,2,[-3.28170976 -0.95237996  4.        ],cruising,[ 0.5677905  -0.59831228 -0.99408226]
322.9531309604645,1003,False,4,1,[5.36105294 1.87736299 2.36455468],landing,[ 0.63925976  0.24903542 -0.34837281]
322.9531309604645,1004,False,3,6,[-4.39991657  6.91258216  4.00000616],cruising,[-0.62185191  0.08809385  0.93462812]
322.9531309604645,1005,False,6,0,[-0.667129   -3.33557604  4.00000021],cruising,[ 0.50568378 -0.03156594 -0.11489306]
323.04023003578186,1000,False,5,3,[5.84751801 4.77248069 3.99998678],cruising,[-0.82138112 -0.19970136 -0.21083176]
323.04023003578186,1001,False,2,4,[ 8.21029513 -7.46905408  1.6650462 ],landing,[-0.48080528  0.59740651 -0.20557775]
323.04023003578186,1002,False,0,2,[-3.32172531 -0.75642395  4.        ],cruising,[ 0.5677905  -0.59831228 -0.99408226]
323.04023003578186,1003,False,4,1,[5.36940373 1.85468329 2.26751914],landing,[ 0.63925976  0.24903542 -0.34837281]
323.04023003578186,1004,False,3,6,[-4.20536171  6.95893305  4.00000523],cruising,[-0.62185191  0.08809385  0.93462812]
323.04023003578186,1005,False,6,0,[-0.84497226 -3.42707344  4.00000017],cruising,[ 0.50568378 -0.03156594 -0.11489306]
323.13957166671753,1000,False,5,3,[6.04499443 4.74080951 3.99998876],cruising,[-0.82138112 -0.19970136 -0.21083176]
323.13957166671753,1001,False,2,4,[ 8.18790926 -7.47234826  1.56763973],landing,[-0.48080528  0.59740651 -0.20557775]
323.13957166671753,1002,False,0,2,[-3.37373109 -0.56330378  4.        ],cruising,[ 0.5677905  -0.59831228 -0.99408226]
323.13957166671753,1003,False,4,1,[5.37775451 1.83200358 2.17048361],landing,[ 0.63925976  0.24903542 -0.34837281]
323.13957166671753,1004,False,3,6,[-4.01098543  7.00602724  4.00000445],cruising,[-0.62185191  0.08809385  0.93462812]
323.13957166671753,1005,False,6,0,[-1.02409675 -3.51603645  4.00000015],cruising,[ 0.50568378 -0.03156594 -0.11489306]
323.23775911331177,1000,False,5,3,[6.24144559 4.70330024 3.99999045],cruising,[-0.82138112 -0.19970136 -0.21083176]
323.23775911331177,1001,False,2,4,[ 8.16552338 -7.47564245  1.47023325],fake_landed,[-0.48080528  0.59740651 -0.20557775]
323.23775911331177,1002,False,0,2,[-3.43504737 -0.3729349   4.        ],cruising,[ 0.5677905  -0.59831228 -0.99408226]
323.23775911331177,1003,False,4,1,[5.3861053  1.80932388 2.07344807],landing,[ 0.63925976  0.24903542 -0.34837281]
323.23775911331177,1004,False,3,6,[-3.81651481  7.05273033  4.00000378],cruising,[-0.62185191  0.08809385  0.93462812]
323.23775911331177,1005,False,6,0,[-1.2073605  -3.59612638  4.00000013],cruising,[ 0.50568378 -0.03156594 -0.11489306]
323.3509945869446,1000,False,5,3,[6.43648022 4.65901152 3.99999188],cruising,[-0.82138112 -0.19970136 -0.21083176]
323.3509945869446,1001,False,2,4,[ 8.14761469 -7.4782778   1.39230808],fake_landed,[-0.48080528  0.59740651 -0.20557775]
323.3509945869446,1002,False,0,2,[-3.50693984 -0.18630298  4.        ],cruising,[ 0.5677905  -0.59831228 -0.99408226]
323.3509945869446,1003,False,4,1,[5.39445609 1.78664418 1.97641253],landing,[ 0.63925976  0.24903542 -0.34837281]
323.3509945869446,1004,False,3,6,[-3.62172295  7.09807489  4.00000321],cruising,[-0.62185191  0.08809385  0.93462812]
323.3509945869446,1005,False,6,0,[-1.39753585 -3.65744853  4.00000011],cruising,[ 0.50568378 -0.03156594 -0.11489306]
323.449214220047,1000,False,5,3,[6.62956993 4.60689277 3.9999931 ],cruising,[-0.82138112 -0.19970136 -0.21083176]
323.449214220047,1001,False,2,4,[ 8.13418316 -7.48025431  1.33386419],fake_landed,[-0.48080528  0.59740651 -0.20557775]
323.449214220047,1002,False,0,2,[-3.58894880e+00 -3.88990332e-03  4.00000000e+00],exiting,[ 0.5677905  -0.59831228 -0.99408226]
323.449214220047,1003,False,4,1,[5.40280688 1.76396447 1.879377  ],landing,[ 0.63925976  0.24903542 -0.34837281]
323.449214220047,1004,False,3,6,[-3.42591056  7.13878741  4.00000273],cruising,[-0.62185191  0.08809385  0.93462812]
323.449214220047,1005,False,6,0,[-1.59147092 -3.69912724  4.00000009],cruising,[ 0.50568378 -0.03156594 -0.11489306]
323.54330801963806,1000,False,5,3,[6.82000369 4.54577827 3.99999413],cruising,[-0.82138112 -0.19970136 -0.21083176]
323.54330801963806,1001,False,2,4,[ 8.12522882 -7.48157199  1.2949016 ],fake_landed,[-0.48080528  0.59740651 -0.20557775]
323.54330801963806,1002,False,0,2,[-3.6717381  0.1585384  4.       ],exiting,[ 0.5677905  -0.59831228 -0.99408226]
323.54330801963806,1003,False,4,1,[5.41115766 1.74128477 1.78234146],landing,[ 0.63925976  0.24903542 -0.34837281]
323.54330801963806,1004,False,3,6,[-3.22958173  7.17693177  4.00000232],cruising,[-0.62185191  0.08809385  0.93462812]
323.54330801963806,1005,False,6,0,[-1.78605129 -3.72081637  4.00000007],cruising,[ 0.50568378 -0.03156594 -0.11489306]
323.6384162902832,1000,False,5,3,[7.00683108 4.47439532 3.99999501],cruising,[-0.82138112 -0.19970136 -0.21083176]
323.6384162902832,1001,False,2,4,[ 8.12075164 -7.48223082  1.27542031],fake_landed,[-0.48080528  0.59740651 -0.20557775]
323.6384162902832,1002,False,0,2,[-3.7551441   0.30097621  4.        ],exiting,[ 0.5677905  -0.59831228 -0.99408226]
323.6384162902832,1003,False,4,1,[5.41950845 1.71860507 1.68530592],landing,[ 0.63925976  0.24903542 -0.34837281]
323.6384162902832,1004,False,3,6,[-3.03262526  7.2116902   4.00000197],cruising,[-0.62185191  0.08809385  0.93462812]
323.6384162902832,1005,False,6,0,[-1.97827595 -3.72264471  4.00000006],cruising,[ 0.50568378 -0.03156594 -0.11489306]
323.7414824962616,1000,False,5,3,[7.18879594 4.39139657 3.99999576],cruising,[-0.82138112 -0.19970136 -0.21083176]
323.7414824962616,1001,False,4,5,[ 8.12075164 -7.48223082  1.27542031],waiting,[-0.48080528  0.59740651 -0.20557775]
323.7414824962616,1002,False,0,2,[-3.83898459  0.42341874  4.        ],exiting,[ 0.5677905  -0.59831228 -0.99408226]
323.7414824962616,1003,False,4,1,[5.42785924 1.69592537 1.58827039],landing,[ 0.63925976  0.24903542 -0.34837281]
323.7414824962616,1004,False,3,6,[-2.83456124  7.23945068  4.00000168],cruising,[-0.62185191  0.08809385  0.93462812]
323.7414824962616,1005,False,6,0,[-2.1652458  -3.70517573  4.00000004],cruising,[ 0.50568378 -0.03156594 -0.11489306]
323.8417959213257,1000,False,5,3,[7.36426795 4.29543006 3.9999964 ],cruising,[-0.82138112 -0.19970136 -0.21083176]
323.8417959213257,1001,False,4,5,[ 8.12075164 -7.48223082  1.27542031],waiting,[-0.48080528  0.59740651 -0.20557775]
323.8417959213257,1002,False,0,2,[-3.92305399  0.52586259  4.        ],exiting,[ 0.5677905  -0.59831228 -0.99408226]
323.8417959213257,1003,False,4,1,[5.43621002 1.67324566 1.49123485],fake_landed,[ 0.63925976  0.24903542 -0.34837281]
323.8417959213257,1004,False,3,6,[-2.63589591  7.26251766  4.00000143],cruising,[-0.62185191  0.08809385  0.93462812]
323.8417959213257,1005,False,6,0,[-2.34463343 -3.66919972  4.00000003],cruising,[ 0.50568378 -0.03156594 -0.11489306]
323.94108390808105,1000,False,5,3,[7.52906688 4.18254948 3.99999696],cruising,[-0.82138112 -0.19970136 -0.21083176]
323.94108390808105,1001,False,4,5,[ 8.12075164 -7.48223082  1.27542031],waiting,[-0.48080528  0.59740651 -0.20557775]
323.94108390808105,1002,False,0,2,[-4.00711365  0.60830643  4.        ],exiting,[ 0.5677905  -0.59831228 -0.99408226]
323.94108390808105,1003,False,4,1,[5.44289065 1.6551019  1.41360642],fake_landed,[ 0.63925976  0.24903542 -0.34837281]
323.94108390808105,1004,False,3,6,[-2.43638243  7.27645938  4.00000121],cruising,[-0.62185191  0.08809385  0.93462812]
323.94108390808105,1005,False,6,0,[-2.51425023 -3.61577289  4.00000001],cruising,[ 0.50568378 -0.03156594 -0.11489306]
324.04788398742676,1000,False,5,3,[7.68175484 4.05375274 3.99999743],cruising,[-0.82138112 -0.19970136 -0.21083176]
324.04788398742676,1001,False,4,5,[ 8.12075164 -7.48223082  1.27542031],waiting,[-0.48080528  0.59740651 -0.20557775]
324.04788398742676,1002,False,0,2,[-4.09086973  0.67075258  4.        ],exiting,[ 0.5677905  -0.59831228 -0.99408226]
324.04788398742676,1003,False,4,1,[5.44790113 1.64149408 1.3553851 ],fake_landed,[ 0.63925976  0.24903542 -0.34837281]
324.04788398742676,1004,False,3,6,[-2.23641175  7.27988399  4.00000103],cruising,[-0.62185191  0.08809385  0.93462812]
324.04788398742676,1005,False,6,0,[-2.67210307 -3.54617173  4.        ],cruising,[ 0.50568378 -0.03156594 -0.11489306]
324.1513512134552,1000,False,5,3,[7.82076137 3.9103677  3.99999783],cruising,[-0.82138112 -0.19970136 -0.21083176]
324.1513512134552,1001,False,4,5,[ 8.12075164 -7.48223082  1.27542031],waiting,[-0.48080528  0.59740651 -0.20557775]
324.1513512134552,1002,False,0,2,[-4.1739101   0.71321154  4.        ],exiting,[ 0.5677905  -0.59831228 -0.99408226]
324.1513512134552,1003,False,4,1,[5.45124144 1.6324222  1.31657088],fake_landed,[ 0.63925976  0.24903542 -0.34837281]
324.1513512134552,1004,False,3,6,[-2.03689845  7.26593975  4.00000088],cruising,[-0.62185191  0.08809385  0.93462812]
324.1513512134552,1005,False,6,0,[-2.81651477 -3.46176058  3.99999999],cruising,[ 0.50568378 -0.03156594 -0.11489306]
324.24846386909485,1000,False,5,3,[7.94461676 3.75392728 3.99999818],cruising,[-0.82138112 -0.19970136 -0.21083176]
324.24846386909485,1001,False,4,5,[ 8.12075164 -7.48223082  1.27542031],waiting,[-0.48080528  0.59740651 -0.20557775]
324.24846386909485,1002,False,0,2,[-4.25598068  0.73569403  4.        ],exiting,[ 0.5677905  -0.59831228 -0.99408226]
324.24846386909485,1003,False,4,1,[5.4529116  1.62788626 1.29716377],fake_landed,[ 0.63925976  0.24903542 -0.34837281]
324.24846386909485,1004,False,3,6,[-1.83960377  7.23315547  4.00000074],cruising,[-0.62185191  0.08809385  0.93462812]
324.24846386909485,1005,False,6,0,[-2.94603243 -3.36400148  3.99999998],cruising,[ 0.50568378 -0.03156594 -0.11489306]
324.3423047065735,1000,False,5,3,[8.05166646 3.58664394 3.99999849],cruising,[-0.82138112 -0.19970136 -0.21083176]
324.3423047065735,1001,False,4,5,[ 8.12075164 -7.48223082  1.27542031],waiting,[-0.48080528  0.59740651 -0.20557775]
324.3423047065735,1002,False,0,2,[-4.33682317  0.73821425  4.        ],exiting,[ 0.5677905  -0.59831228 -0.99408226]
324.3423047065735,1003,False,1,4,[5.4529116  1.62788626 1.29716377],waiting,[ 0.63925976  0.24903542 -0.34837281]
324.3423047065735,1004,False,3,6,[-1.64577127  7.18387097  4.00000063],cruising,[-0.62185191  0.08809385  0.93462812]
324.3423047065735,1005,False,6,0,[-3.05935476 -3.25450736  3.99999997],cruising,[ 0.50568378 -0.03156594 -0.11489306]
324.44408917427063,1000,False,5,3,[8.14108127 3.40992606 3.99999877],cruising,[-0.82138112 -0.19970136 -0.21083176]
324.44408917427063,1001,False,4,5,[ 8.12075164 -7.48223082  1.27542031],waiting,[-0.48080528  0.59740651 -0.20557775]
324.44408917427063,1002,False,0,2,[-4.41617496  0.72079011  4.        ],exiting,[ 0.5677905  -0.59831228 -0.99408226]
324.44408917427063,1003,False,1,4,[5.4529116  1.62788626 1.29716377],waiting,[ 0.63925976  0.24903542 -0.34837281]
324.44408917427063,1004,False,3,6,[-1.45460769  7.12507908  4.00000054],cruising,[-0.62185191  0.08809385  0.93462812]
324.44408917427063,1005,False,6,0,[-3.1553826  -3.13496827  3.99999997],cruising,[ 0.50568378 -0.03156594 -0.11489306]
324.54495787620544,1000,False,5,3,[8.21220249 3.22512458 3.99999899],cruising,[-0.82138112 -0.19970136 -0.21083176]
324.54495787620544,1001,False,4,5,[ 8.12075164 -7.48223082  1.27542031],waiting,[-0.48080528  0.59740651 -0.20557775]
324.54495787620544,1002,False,0,2,[-4.49376892  0.68344337  4.        ],exiting,[ 0.5677905  -0.59831228 -0.99408226]
324.54495787620544,1003,False,1,4,[5.4529116  1.62788626 1.29716377],waiting,[ 0.63925976  0.24903542 -0.34837281]
324.54495787620544,1004,False,3,6,[-1.26802988  7.0530463   4.00000046],cruising,[-0.62185191  0.08809385  0.93462812]
324.54495787620544,1005,False,6,0,[-3.23349559 -3.00653775  3.99999996],cruising,[ 0.50568378 -0.03156594 -0.11489306]
324.6405565738678,1000,False,5,3,[8.2645186  3.03351371 3.99999918],cruising,[-0.82138112 -0.19970136 -0.21083176]
324.6405565738678,1001,False,4,5,[ 8.12075164 -7.48223082  1.27542031],waiting,[-0.48080528  0.59740651 -0.20557775]
324.6405565738678,1002,False,0,2,[-4.56933316  0.62619989  4.        ],exiting,[ 0.5677905  -0.59831228 -0.99408226]
324.6405565738678,1003,False,1,4,[5.4529116  1.62788626 1.29716377],waiting,[ 0.63925976  0.24903542 -0.34837281]
324.6405565738678,1004,False,3,6,[-1.08587065  6.97047504  4.00000039],cruising,[-0.62185191  0.08809385  0.93462812]
324.6405565738678,1005,False,6,0,[-3.2933203  -2.87001159  3.99999996],cruising,[ 0.50568378 -0.03156594 -0.11489306]
324.82019782066345,1000,False,5,3,[8.30151303 2.83696495 3.9999993 ],cruising,[-0.82138112 -0.19970136 -0.21083176]
324.82019782066345,1001,False,4,5,[ 8.12075164 -7.48223082  1.27542031],waiting,[-0.48080528  0.59740651 -0.20557775]
324.82019782066345,1002,False,0,2,[-4.64379357  0.55944925  4.        ],exiting,[ 0.5677905  -0.59831228 -0.99408226]
324.82019782066345,1003,False,1,4,[5.4529116  1.62788626 1.29716377],waiting,[ 0.63925976  0.24903542 -0.34837281]
324.82019782066345,1004,False,3,6,[-0.90764258  6.87972948  4.00000033],cruising,[-0.62185191  0.08809385  0.93462812]
324.82019782066345,1005,False,6,0,[-3.33468316 -2.7257939   3.99999996],cruising,[ 0.50568378 -0.03156594 -0.11489306]
325.055979013443,1000,False,5,3,[8.33263161 2.6394007  3.9999994 ],cruising,[-0.82138112 -0.19970136 -0.21083176]
325.055979013443,1001,False,4,5,[ 8.12075164 -7.48223082  1.27542031],waiting,[-0.48080528  0.59740651 -0.20557775]
325.055979013443,1002,False,0,2,[-4.71825399  0.49269862  4.        ],exiting,[ 0.5677905  -0.59831228 -0.99408226]
325.055979013443,1003,False,1,4,[5.4529116  1.62788626 1.29716377],waiting,[ 0.63925976  0.24903542 -0.34837281]
325.055979013443,1004,False,3,6,[-0.73155576  6.78489578  4.00000028],cruising,[-0.62185191  0.08809385  0.93462812]
325.055979013443,1005,False,6,0,[-3.35751136 -2.57406179  3.99999995],cruising,[ 0.50568378 -0.03156594 -0.11489306]
325.22894048690796,1000,False,5,3,[8.35900271 2.44114691 3.99999949],cruising,[-0.82138112 -0.19970136 -0.21083176]
325.22894048690796,1001,False,4,5,[ 8.12075164 -7.48223082  1.27542031],waiting,[-0.48080528  0.59740651 -0.20557775]
325.22894048690796,1002,False,0,2,[-4.7927144   0.42594799  4.        ],exiting,[ 0.5677905  -0.59831228 -0.99408226]
325.22894048690796,1003,False,1,4,[5.4529116  1.62788626 1.29716377],waiting,[ 0.63925976  0.24903542 -0.34837281]
325.22894048690796,1004,False,3,6,[-0.55850612  6.68462703  4.00000024],cruising,[-0.62185191  0.08809385  0.93462812]
325.22894048690796,1005,False,6,0,[-3.36180831 -2.41480687  3.99999996],cruising,[ 0.50568378 -0.03156594 -0.11489306]
325.3265964984894,1000,False,5,3,[8.38450274 2.2427792  3.99999957],cruising,[-0.82138112 -0.19970136 -0.21083176]
325.3265964984894,1001,False,4,5,[ 8.12075164 -7.48223082  1.27542031],waiting,[-0.48080528  0.59740651 -0.20557775]
325.3265964984894,1002,False,0,2,[-4.86717481  0.35919735  4.        ],exiting,[ 0.5677905  -0.59831228 -0.99408226]
325.3265964984894,1003,False,1,4,[5.4529116  1.62788626 1.29716377],waiting,[ 0.63925976  0.24903542 -0.34837281]
325.3265964984894,1004,False,3,6,[-0.38766777  6.58063541  4.0000002 ],cruising,[-0.62185191  0.08809385  0.93462812]
325.3265964984894,1005,False,6,0,[-3.3478956  -2.24728102  3.99999996],cruising,[ 0.50568378 -0.03156594 -0.11489306]
325.4150950908661,1000,False,5,3,[8.40550663 2.04388517 3.99999963],cruising,[-0.82138112 -0.19970136 -0.21083176]
325.4150950908661,1001,False,4,5,[ 8.12075164 -7.48223082  1.27542031],waiting,[-0.48080528  0.59740651 -0.20557775]
325.4150950908661,1002,False,0,2,[-4.94163522  0.29244672  4.        ],exiting,[ 0.5677905  -0.59831228 -0.99408226]
325.4150950908661,1003,False,1,4,[5.4529116  1.62788626 1.29716377],waiting,[ 0.63925976  0.24903542 -0.34837281]
325.4150950908661,1004,False,3,6,[-0.2177391   6.47516385  4.00000017],cruising,[-0.62185191  0.08809385  0.93462812]
325.4150950908661,1005,False,6,0,[-3.31680369 -2.0695143   3.99999996],cruising,[ 0.50568378 -0.03156594 -0.11489306]
325.52529406547546,1000,False,5,3,[8.42534271 1.84487127 3.99999969],cruising,[-0.82138112 -0.19970136 -0.21083176]
325.52529406547546,1001,False,4,5,[ 8.12075164 -7.48223082  1.27542031],waiting,[-0.48080528  0.59740651 -0.20557775]
325.52529406547546,1002,False,0,2,[-5.01609563  0.22569608  4.        ],exiting,[ 0.5677905  -0.59831228 -0.99408226]
325.52529406547546,1003,False,1,4,[5.4529116  1.62788626 1.29716377],waiting,[ 0.63925976  0.24903542 -0.34837281]
325.52529406547546,1004,False,3,6,[-0.04886683  6.36800903  4.00000015],cruising,[-0.62185191  0.08809385  0.93462812]
325.52529406547546,1005,False,6,0,[-3.27391293 -1.87559868  3.99999997],cruising,[ 0.50568378 -0.03156594 -0.11489306]
325.6173770427704,1000,False,5,3,[8.44362992 1.64570908 3.99999974],cruising,[-0.82138112 -0.19970136 -0.21083176]
325.6173770427704,1001,False,4,5,[ 8.12075164 -7.48223082  1.27542031],waiting,[-0.48080528  0.59740651 -0.20557775]
325.6173770427704,1002,False,0,2,[-5.09055604  0.15894545  4.        ],exiting,[ 0.5677905  -0.59831228 -0.99408226]
325.6173770427704,1003,False,1,4,[5.4529116  1.62788626 1.29716377],waiting,[ 0.63925976  0.24903542 -0.34837281]
325.6173770427704,1004,False,3,6,[0.11982499 6.26057036 4.00000012],cruising,[-0.62185191  0.08809385  0.93462812]
325.6173770427704,1005,False,6,0,[-3.24639189 -1.67750124  3.99999997],cruising,[ 0.50568378 -0.03156594 -0.11489306]
325.7177324295044,1000,False,5,3,[8.45744966 1.44618712 3.99999978],cruising,[-0.82138112 -0.19970136 -0.21083176]
325.7177324295044,1001,False,4,5,[ 8.12075164 -7.48223082  1.27542031],waiting,[-0.48080528  0.59740651 -0.20557775]
325.7177324295044,1002,False,0,2,[-5.16501645  0.09219482  4.        ],exiting,[ 0.5677905  -0.59831228 -0.99408226]
325.7177324295044,1003,False,1,4,[5.4529116  1.62788626 1.29716377],waiting,[ 0.63925976  0.24903542 -0.34837281]
325.7177324295044,1004,False,3,6,[0.28860133 6.15326449 4.00000011],cruising,[-0.62185191  0.08809385  0.93462812]
325.7177324295044,1005,False,6,0,[-3.23535377 -1.47780608  3.99999998],cruising,[ 0.50568378 -0.03156594 -0.11489306]
325.8253254890442,1000,False,5,3,[8.46978489 1.24656787 3.99999981],cruising,[-0.82138112 -0.19970136 -0.21083176]
325.8253254890442,1001,False,4,5,[ 8.12075164 -7.48223082  1.27542031],queued,[-0.48080528  0.59740651 -0.20557775]
325.8253254890442,1002,False,0,2,[-5.23947686  0.02544418  4.        ],exiting,[ 0.5677905  -0.59831228 -0.99408226]
325.8253254890442,1003,False,1,4,[5.4529116  1.62788626 1.29716377],waiting,[ 0.63925976  0.24903542 -0.34837281]
325.8253254890442,1004,False,3,6,[0.45788245 6.04675673 4.00000009],cruising,[-0.62185191  0.08809385  0.93462812]
325.8253254890442,1005,False,6,0,[-3.24023575 -1.27786567  3.99999998],cruising,[ 0.50568378 -0.03156594 -0.11489306]
325.9220700263977,1000,False,5,3,[8.47812346 1.04674178 3.99999984],cruising,[-0.82138112 -0.19970136 -0.21083176]
325.9220700263977,1001,False,4,5,[ 8.12075164 -7.48223082  1.29542031],queued,[-0.48080528  0.59740651 -0.20557775]
325.9220700263977,1002,False,0,2,[-5.31393728 -0.04130645  4.        ],exiting,[ 0.5677905  -0.59831228 -0.99408226]
325.9220700263977,1003,False,1,4,[5.4529116  1.62788626 1.29716377],waiting,[ 0.63925976  0.24903542 -0.34837281]
325.9220700263977,1004,False,3,6,[0.6279314  5.94147922 4.00000008],cruising,[-0.62185191  0.08809385  0.93462812]
325.9220700263977,1005,False,6,0,[-3.25902694 -1.0787504   3.99999998],cruising,[ 0.50568378 -0.03156594 -0.11489306]
326.0288248062134,1000,False,5,3,[8.48500878 0.84686033 3.99999986],cruising,[-0.82138112 -0.19970136 -0.21083176]
326.0288248062134,1001,False,4,5,[ 8.12075164 -7.48223082  1.33542031],queued,[-0.48080528  0.59740651 -0.20557775]
326.0288248062134,1002,False,0,2,[-5.38839769 -0.10805709  4.        ],exiting,[ 0.5677905  -0.59831228 -0.99408226]
326.0288248062134,1003,False,1,4,[5.4529116  1.62788626 1.29716377],waiting,[ 0.63925976  0.24903542 -0.34837281]
326.0288248062134,1004,False,3,6,[0.79951579 5.83872321 4.00000007],cruising,[-0.62185191  0.08809385  0.93462812]
326.0288248062134,1005,False,6,0,[-3.29145124 -0.88139624  3.99999999],cruising,[ 0.50568378 -0.03156594 -0.11489306]
326.13515853881836,1000,False,5,3,[8.49023236 0.64692856 3.99999988],cruising,[-0.82138112 -0.19970136 -0.21083176]
326.13515853881836,1001,False,4,5,[ 8.12075164 -7.48223082  1.39542031],queued,[-0.48080528  0.59740651 -0.20557775]
326.13515853881836,1002,False,0,2,[-5.4628581  -0.17480772  4.        ],exiting,[ 0.5677905  -0.59831228 -0.99408226]
326.13515853881836,1003,False,1,4,[5.4529116  1.62788626 1.29716377],waiting,[ 0.63925976  0.24903542 -0.34837281]
326.13515853881836,1004,False,3,6,[0.97244695 5.73825027 4.00000006],cruising,[-0.62185191  0.08809385  0.93462812]
326.13515853881836,1005,False,6,0,[-3.336387   -0.68650966  3.99999999],cruising,[ 0.50568378 -0.03156594 -0.11489306]
326.22423005104065,1000,False,5,3,[8.49363849 0.44695757 3.9999999 ],cruising,[-0.82138112 -0.19970136 -0.21083176]
326.22423005104065,1001,False,4,5,[ 8.12075164 -7.48223082  1.47042031],queued,[-0.48080528  0.59740651 -0.20557775]
326.22423005104065,1002,False,0,2,[-5.53731851 -0.24155836  4.        ],exiting,[ 0.5677905  -0.59831228 -0.99408226]
326.22423005104065,1003,False,1,4,[5.4529116  1.62788626 1.29716377],waiting,[ 0.63925976  0.24903542 -0.34837281]
326.22423005104065,1004,False,3,6,[1.14774541 5.6419671  4.00000005],cruising,[-0.62185191  0.08809385  0.93462812]
326.22423005104065,1005,False,6,0,[-3.39118029 -0.49416181  3.99999999],cruising,[ 0.50568378 -0.03156594 -0.11489306]
326.33698201179504,1000,False,5,3,[8.49299109 0.24695861 3.99999992],cruising,[-0.82138112 -0.19970136 -0.21083176]
326.33698201179504,1001,False,4,5,[ 8.12075164 -7.48223082  1.54542031],queued,[-0.48080528  0.59740651 -0.20557775]
326.33698201179504,1002,False,0,2,[-5.61177892 -0.30830899  4.        ],exiting,[ 0.5677905  -0.59831228 -0.99408226]
326.33698201179504,1003,False,1,4,[5.4529116  1.62788626 1.29716377],waiting,[ 0.63925976  0.24903542 -0.34837281]
326.33698201179504,1004,False,3,6,[1.32484124 5.54903127 4.00000004],cruising,[-0.62185191  0.08809385  0.93462812]
326.33698201179504,1005,False,6,0,[-3.45684809 -0.30524982  3.99999999],cruising,[ 0.50568378 -0.03156594 -0.11489306]
326.4239356517792,1000,False,5,3,[8.49069623 0.04697178 3.99999993],cruising,[-0.82138112 -0.19970136 -0.21083176]
326.4239356517792,1001,False,4,5,[ 8.12075164 -7.48223082  1.62042031],queued,[-0.48080528  0.59740651 -0.20557775]
326.4239356517792,1002,False,0,2,[-5.68623933 -0.37505962  4.        ],exiting,[ 0.5677905  -0.59831228 -0.99408226]
326.4239356517792,1003,False,1,4,[5.4529116  1.62788626 1.29716377],queued,[ 0.63925976  0.24903542 -0.34837281]
326.4239356517792,1004,False,3,6,[1.50394996 5.46003652 4.00000003],cruising,[-0.62185191  0.08809385  0.93462812]
326.4239356517792,1005,False,6,0,[-3.5327401  -0.1202082   3.99999999],cruising,[ 0.50568378 -0.03156594 -0.11489306]
326.52615451812744,1000,False,5,3,[ 8.48660096 -0.15298629  3.99999994],cruising,[-0.82138112 -0.19970136 -0.21083176]
326.52615451812744,1001,False,4,5,[ 8.12075164 -7.48223082  1.69542031],queued,[-0.48080528  0.59740651 -0.20557775]
326.52615451812744,1002,False,0,2,[-5.76069974 -0.44181026  4.        ],exiting,[ 0.5677905  -0.59831228 -0.99408226]
326.52615451812744,1003,False,1,4,[5.4529116  1.62788626 1.31716377],queued,[ 0.63925976  0.24903542 -0.34837281]
326.52615451812744,1004,False,3,6,[1.68629189 5.3778695  4.00000003],cruising,[-0.62185191  0.08809385  0.93462812]
326.52615451812744,1005,False,6,0,[-3.61629303  0.06150286  3.99999999],cruising,[ 0.50568378 -0.03156594 -0.11489306]
326.632360458374,1000,False,5,3,[ 8.47857156 -0.35282504  3.99999995],cruising,[-0.82138112 -0.19970136 -0.21083176]
326.632360458374,1001,False,4,5,[ 8.12075164 -7.48223082  1.77042031],queued,[-0.48080528  0.59740651 -0.20557775]
326.632360458374,1002,False,0,2,[-5.83516015 -0.50856089  4.        ],exiting,[ 0.5677905  -0.59831228 -0.99408226]
326.632360458374,1003,False,1,4,[5.4529116  1.62788626 1.35716377],queued,[ 0.63925976  0.24903542 -0.34837281]
326.632360458374,1004,False,3,6,[1.87082876 5.30075824 4.00000002],cruising,[-0.62185191  0.08809385  0.93462812]
326.632360458374,1005,False,6,0,[-3.71092894  0.23769606  3.99999999],cruising,[ 0.50568378 -0.03156594 -0.11489306]
326.7309968471527,1000,False,5,3,[ 8.46884277 -0.55258828  3.99999996],cruising,[-0.82138112 -0.19970136 -0.21083176]
326.7309968471527,1001,False,4,5,[ 8.12075164 -7.48223082  1.84542031],queued,[-0.48080528  0.59740651 -0.20557775]
326.7309968471527,1002,False,0,2,[-5.90962057 -0.57531153  4.        ],exiting,[ 0.5677905  -0.59831228 -0.99408226]
326.7309968471527,1003,False,1,4,[5.4529116  1.62788626 1.41716377],queued,[ 0.63925976  0.24903542 -0.34837281]
326.7309968471527,1004,False,3,6,[2.05766754 5.2294051  4.00000002],cruising,[-0.62185191  0.08809385  0.93462812]
326.7309968471527,1005,False,6,0,[-3.81145005  0.41059923  4.        ],cruising,[ 0.50568378 -0.03156594 -0.11489306]
326.8336181640625,1000,False,5,3,[ 8.45724809 -0.75225191  3.99999996],cruising,[-0.82138112 -0.19970136 -0.21083176]
326.8336181640625,1001,False,4,5,[ 8.12075164 -7.48223082  1.92042031],queued,[-0.48080528  0.59740651 -0.20557775]
326.8336181640625,1002,False,0,2,[-5.98408098 -0.64206216  4.        ],exiting,[ 0.5677905  -0.59831228 -0.99408226]
326.8336181640625,1003,False,1,4,[5.4529116  1.62788626 1.49216377],queued,[ 0.63925976  0.24903542 -0.34837281]
326.8336181640625,1004,False,3,6,[2.2482647  5.16880212 4.00000002],cruising,[-0.62185191  0.08809385  0.93462812]
326.8336181640625,1005,False,6,0,[-3.91658646  0.58073546  4.        ],cruising,[ 0.50568378 -0.03156594 -0.11489306]
326.9299168586731,1000,False,5,3,[ 8.44364393 -0.95178869  3.99999997],cruising,[-0.82138112 -0.19970136 -0.21083176]
326.9299168586731,1001,False,4,5,[ 8.12075164 -7.48223082  1.99542031],queued,[-0.48080528  0.59740651 -0.20557775]
326.9299168586731,1002,False,0,2,[-6.05854139 -0.7088128   4.        ],exiting,[ 0.5677905  -0.59831228 -0.99408226]
326.9299168586731,1003,False,1,4,[5.4529116  1.62788626 1.56716377],queued,[ 0.63925976  0.24903542 -0.34837281]
326.9299168586731,1004,False,3,6,[2.44180805 5.11839406 4.00000002],cruising,[-0.62185191  0.08809385  0.93462812]
326.9299168586731,1005,False,6,0,[-4.0263384   0.74793149  4.        ],cruising,[ 0.50568378 -0.03156594 -0.11489306]
327.0293369293213,1000,False,5,3,[ 8.42576493 -1.15098794  3.99999997],cruising,[-0.82138112 -0.19970136 -0.21083176]
327.0293369293213,1001,False,4,5,[ 8.12075164 -7.48223082  2.07042031],queued,[-0.48080528  0.59740651 -0.20557775]
327.0293369293213,1002,False,0,2,[-6.1330018  -0.77556343  4.        ],exiting,[ 0.5677905  -0.59831228 -0.99408226]
327.0293369293213,1003,False,1,4,[5.4529116  1.62788626 1.64216377],queued,[ 0.63925976  0.24903542 -0.34837281]
327.0293369293213,1004,False,3,6,[2.6374239  5.07674744 4.00000001],cruising,[-0.62185191  0.08809385  0.93462812]
327.0293369293213,1005,False,6,0,[-4.13835951  0.91361573  4.        ],cruising,[ 0.50568378 -0.03156594 -0.11489306]
327.13426780700684,1000,False,5,3,[ 8.40593543 -1.35000249  3.99999998],cruising,[-0.82138112 -0.19970136 -0.21083176]
327.13426780700684,1001,False,4,5,[ 8.12075164 -7.48223082  2.14542031],queued,[-0.48080528  0.59740651 -0.20557775]
327.13426780700684,1002,False,0,2,[-6.20746221 -0.84231406  4.        ],exiting,[ 0.5677905  -0.59831228 -0.99408226]
327.13426780700684,1003,False,1,4,[5.4529116  1.62788626 1.71716377],queued,[ 0.63925976  0.24903542 -0.34837281]
327.13426780700684,1004,False,3,6,[2.8344652  5.04247321 4.00000001],cruising,[-0.62185191  0.08809385  0.93462812]
327.13426780700684,1005,False,6,0,[-4.25148316  1.07854918  4.        ],cruising,[ 0.50568378 -0.03156594 -0.11489306]
327.2253530025482,1000,False,5,3,[ 8.3839599  -1.54879151  3.99999998],cruising,[-0.82138112 -0.19970136 -0.21083176]
327.2253530025482,1001,False,4,5,[ 8.12075164 -7.48223082  2.22042031],queued,[-0.48080528  0.59740651 -0.20557775]
327.2253530025482,1002,False,0,2,[-6.28192262 -0.9090647   4.        ],exiting,[ 0.5677905  -0.59831228 -0.99408226]
327.2253530025482,1003,False,1,4,[5.4529116  1.62788626 1.79216377],queued,[ 0.63925976  0.24903542 -0.34837281]
327.2253530025482,1004,False,3,6,[3.03246779 5.01427787 4.00000001],cruising,[-0.62185191  0.08809385  0.93462812]
327.2253530025482,1005,False,6,0,[-4.3661234   1.24243211  4.        ],cruising,[ 0.50568378 -0.03156594 -0.11489306]
327.32362151145935,1000,False,5,3,[ 8.35733842 -1.74701183  3.99999998],cruising,[-0.82138112 -0.19970136 -0.21083176]
327.32362151145935,1001,False,4,5,[ 8.12075164 -7.48223082  2.29542031],queued,[-0.48080528  0.59740651 -0.20557775]
327.32362151145935,1002,False,0,2,[-6.35638303 -0.97581533  4.        ],exiting,[ 0.5677905  -0.59831228 -0.99408226]
327.32362151145935,1003,False,1,4,[5.4529116  1.62788626 1.86716377],queued,[ 0.63925976  0.24903542 -0.34837281]
327.32362151145935,1004,False,3,6,[3.23110685 4.9909858  4.00000001],cruising,[-0.62185191  0.08809385  0.93462812]
327.32362151145935,1005,False,6,0,[-4.48177773  1.40560097  4.        ],cruising,[ 0.50568378 -0.03156594 -0.11489306]
327.42924070358276,1000,False,5,3,[ 8.32849955 -1.94492171  3.99999999],cruising,[-0.82138112 -0.19970136 -0.21083176]
327.42924070358276,1001,False,4,5,[ 8.12075164 -7.48223082  2.37042031],queued,[-0.48080528  0.59740651 -0.20557775]
327.42924070358276,1002,False,0,2,[-6.43084344 -1.04256597  4.        ],exiting,[ 0.5677905  -0.59831228 -0.99408226]
327.42924070358276,1003,False,1,4,[5.4529116  1.62788626 1.94216377],queued,[ 0.63925976  0.24903542 -0.34837281]
327.42924070358276,1004,False,3,6,[3.43015957 4.97154312 4.00000001],cruising,[-0.62185191  0.08809385  0.93462812]
327.42924070358276,1005,False,6,0,[-4.59801919  1.56835207  4.        ],cruising,[ 0.50568378 -0.03156594 -0.11489306]
327.5247266292572,1000,False,5,3,[ 8.2971839  -2.14245482  3.99999999],cruising,[-0.82138112 -0.19970136 -0.21083176]
327.5247266292572,1001,False,4,5,[ 8.12075164 -7.48223082  2.44542031],entering,[-0.48080528  0.59740651 -0.20557775]
327.5247266292572,1002,False,0,2,[-6.50530385 -1.1093166   4.        ],exiting,[ 0.5677905  -0.59831228 -0.99408226]
327.5247266292572,1003,False,1,4,[5.4529116  1.62788626 2.01716377],queued,[ 0.63925976  0.24903542 -0.34837281]
327.5247266292572,1004,False,3,6,[3.62947508 4.95501053 4.00000001],cruising,[-0.62185191  0.08809385  0.93462812]
327.5247266292572,1005,False,6,0,[-4.71447757  1.73094803  4.        ],cruising,[ 0.50568378 -0.03156594 -0.11489306]
327.62498664855957,1000,False,5,3,[ 8.26042366 -2.33904751  3.99999999],cruising,[-0.82138112 -0.19970136 -0.21083176]
327.62498664855957,1001,False,4,5,[ 8.10926153 -7.46586081  2.52042031],entering,[-0.48080528  0.59740651 -0.20557775]
327.62498664855957,1002,False,0,2,[-6.57976427 -1.17606723  4.        ],exiting,[ 0.5677905  -0.59831228 -0.99408226]
327.62498664855957,1003,False,1,4,[5.4529116  1.62788626 2.09216377],queued,[ 0.63925976  0.24903542 -0.34837281]
327.62498664855957,1004,False,3,6,[3.82895164 4.94055022 4.        ],cruising,[-0.62185191  0.08809385  0.93462812]
327.62498664855957,1005,False,6,0,[-4.83082364  1.89362437  4.        ],cruising,[ 0.50568378 -0.03156594 -0.11489306]
327.723060131073,1000,False,5,3,[ 8.22096073 -2.53511555  3.99999999],cruising,[-0.82138112 -0.19970136 -0.21083176]
327.723060131073,1001,False,4,5,[ 8.08628131 -7.43312078  2.59542031],entering,[-0.48080528  0.59740651 -0.20557775]
327.723060131073,1002,False,0,2,[-6.65422468 -1.24281787  4.        ],exiting,[ 0.5677905  -0.59831228 -0.99408226]
327.723060131073,1003,False,1,4,[5.4529116  1.62788626 2.16716377],queued,[ 0.63925976  0.24903542 -0.34837281]
327.723060131073,1004,False,3,6,[4.02851952 4.92741004 4.        ],cruising,[-0.62185191  0.08809385  0.93462812]
327.723060131073,1005,False,6,0,[-4.94675562  2.05659607  4.        ],cruising,[ 0.50568378 -0.03156594 -0.11489306]
327.82762455940247,1000,False,5,3,[ 8.17843973 -2.7305432   3.99999999],cruising,[-0.82138112 -0.19970136 -0.21083176]
327.82762455940247,1001,False,4,5,[ 8.05181097 -7.38401075  2.67042031],entering,[-0.48080528  0.59740651 -0.20557775]
327.82762455940247,1002,False,0,2,[-6.72868509 -1.3095685   4.        ],exiting,[ 0.5677905  -0.59831228 -0.99408226]
327.82762455940247,1003,False,1,4,[5.4529116  1.62788626 2.24216377],queued,[ 0.63925976  0.24903542 -0.34837281]
327.82762455940247,1004,False,3,6,[4.22810304 4.91450973 4.        ],cruising,[-0.62185191  0.08809385  0.93462812]
327.82762455940247,1005,False,6,0,[-5.06237234  2.21979159  4.        ],cruising,[ 0.50568378 -0.03156594 -0.11489306]
327.9329264163971,1000,False,5,3,[ 8.1290319  -2.9243443   3.99999999],cruising,[-0.82138112 -0.19970136 -0.21083176]
327.9329264163971,1001,False,4,5,[ 8.00585052 -7.31853069  2.74542031],entering,[-0.48080528  0.59740651 -0.20557775]
327.9329264163971,1002,False,0,2,[-6.8031455  -1.37631914  4.        ],exiting,[ 0.5677905  -0.59831228 -0.99408226]
327.9329264163971,1003,False,1,4,[5.4529116  1.62788626 2.31716377],queued,[ 0.63925976  0.24903542 -0.34837281]
327.9329264163971,1004,False,3,6,[4.42771303 4.90202579 4.        ],cruising,[-0.62185191  0.08809385  0.93462812]
327.9329264163971,1005,False,6,0,[-5.17705714  2.38364333  4.        ],cruising,[ 0.50568378 -0.03156594 -0.11489306]
328.0254714488983,1000,False,5,3,[ 8.07611726 -3.11721742  3.99999999],cruising,[-0.82138112 -0.19970136 -0.21083176]
328.0254714488983,1001,False,4,5,[ 7.94839996 -7.23668063  2.82042031],entering,[-0.48080528  0.59740651 -0.20557775]
328.0254714488983,1002,False,0,2,[-6.87760591 -1.44306977  4.        ],exiting,[ 0.5677905  -0.59831228 -0.99408226]
328.0254714488983,1003,False,1,4,[5.4529116  1.62788626 2.39216377],queued,[ 0.63925976  0.24903542 -0.34837281]
328.0254714488983,1004,False,3,6,[4.62730501 4.88925697 4.        ],cruising,[-0.62185191  0.08809385  0.93462812]
328.0254714488983,1005,False,6,0,[-5.29051289  2.5483485   4.        ],cruising,[ 0.50568378 -0.03156594 -0.11489306]
328.1284830570221,1000,False,5,3,[ 8.01495874 -3.30763705  4.        ],cruising,[-0.82138112 -0.19970136 -0.21083176]
328.1284830570221,1001,False,4,5,[ 7.87945929 -7.13846055  2.89542031],entering,[-0.48080528  0.59740651 -0.20557775]
328.1284830570221,1002,False,0,2,[-6.95206632 -1.50982041  4.        ],landing,[ 0.5677905  -0.59831228 -0.99408226]
328.1284830570221,1003,False,1,4,[5.4529116  1.62788626 2.46716377],queued,[ 0.63925976  0.24903542 -0.34837281]
328.1284830570221,1004,False,3,6,[4.82683472 4.87554948 4.        ],cruising,[-0.62185191  0.08809385  0.93462812]
328.1284830570221,1005,False,6,0,[-5.40243032  2.71410281  4.        ],cruising,[ 0.50568378 -0.03156594 -0.11489306]
328.233380317688,1000,False,5,3,[ 7.94485452 -3.49494802  4.        ],cruising,[-0.82138112 -0.19970136 -0.21083176]
328.233380317688,1001,False,4,5,[ 7.79910859 -7.02381454  2.97042031],entering,[-0.48080528  0.59740651 -0.20557775]
328.233380317688,1002,False,0,2,[-7.01823535 -1.56484966  3.98607656],landing,[ 0.5677905  -0.59831228 -0.99408226]
328.233380317688,1003,False,1,4,[5.4529116  1.62788626 2.54216377],queued,[ 0.63925976  0.24903542 -0.34837281]
328.233380317688,1004,False,3,6,[5.02625066 4.86027589 4.        ],cruising,[-0.62185191  0.08809385  0.93462812]
328.233380317688,1005,False,6,0,[-5.51247508  2.88110625  4.        ],cruising,[ 0.50568378 -0.03156594 -0.11489306]
328.32872247695923,1000,False,5,3,[ 7.86469032 -3.67817929  4.        ],cruising,[-0.82138112 -0.19970136 -0.21083176]
328.32872247695923,1001,False,4,5,[ 7.70654539 -6.89333013  3.04542031],entering,[-0.48080528  0.59740651 -0.20557775]
328.32872247695923,1002,False,0,2,[-7.07596096 -1.60807195  3.95839433],landing,[ 0.5677905  -0.59831228 -0.99408226]
328.32872247695923,1003,False,1,4,[5.4529116  1.62788626 2.61716377],entering,[ 0.63925976  0.24903542 -0.34837281]
328.32872247695923,1004,False,3,6,[5.22557797 4.84388613 4.        ],cruising,[-0.62185191  0.08809385  0.93462812]
328.32872247695923,1005,False,6,0,[-5.6214294   3.04882314  4.        ],cruising,[ 0.50568378 -0.03156594 -0.11489306]
328.4238748550415,1000,False,5,3,[ 7.77891003 -3.85884955  4.        ],cruising,[-0.82138112 -0.19970136 -0.21083176]
328.4238748550415,1001,False,4,5,[ 7.60108172 -6.74756247  3.12042031],entering,[-0.48080528  0.59740651 -0.20557775]
328.4238748550415,1002,False,0,2,[-7.12506444 -1.639388    3.91715111],landing,[ 0.5677905  -0.59831228 -0.99408226]
328.4238748550415,1003,False,1,4,[5.47260521 1.62439891 2.69216377],entering,[ 0.63925976  0.24903542 -0.34837281]
328.4238748550415,1004,False,3,6,[5.42466252 4.82477226 4.        ],cruising,[-0.62185191  0.08809385  0.93462812]
328.4238748550415,1005,False,6,0,[-5.72767361  3.2182698   4.        ],cruising,[ 0.50568378 -0.03156594 -0.11489306]
328.5236530303955,1000,False,5,3,[ 7.67916917 -4.03220399  4.        ],cruising,[-0.82138112 -0.19970136 -0.21083176]
328.5236530303955,1001,False,4,5,[ 7.48263632 -6.58658052  3.19542031],entering,[-0.48080528  0.59740651 -0.20557775]
328.5236530303955,1002,False,0,2,[-7.16530352 -1.65866555  3.86262269],landing,[ 0.5677905  -0.59831228 -0.99408226]
328.5236530303955,1003,False,1,4,[5.51198679 1.61739244 2.76716377],entering,[ 0.63925976  0.24903542 -0.34837281]
328.5236530303955,1004,False,3,6,[5.62339158 4.8022609  4.        ],exiting,[-0.62185191  0.08809385  0.93462812]
328.5236530303955,1005,False,6,0,[-5.8307406   3.38966757  4.        ],cruising,[ 0.50568378 -0.03156594 -0.11489306]
328.6227374076843,1000,False,5,3,[ 7.56288174 -4.19432405  4.        ],cruising,[-0.82138112 -0.19970136 -0.21083176]
328.6227374076843,1001,False,4,5,[ 7.36368335 -6.42580057  3.27042031],entering,[-0.48080528  0.59740651 -0.20557775]
328.6227374076843,1002,False,0,2,[-7.19646614 -1.66579114  3.79505785],landing,[ 0.5677905  -0.59831228 -0.99408226]
328.6227374076843,1003,False,1,4,[5.57104359 1.60679637 2.84216377],entering,[ 0.63925976  0.24903542 -0.34837281]
328.6227374076843,1004,False,3,6,[5.80600498 4.79159376 4.        ],exiting,[-0.62185191  0.08809385  0.93462812]
328.6227374076843,1005,False,6,0,[-5.93006302  3.56326208  4.        ],cruising,[ 0.50568378 -0.03156594 -0.11489306]
328.7291250228882,1000,False,5,3,[ 7.43131631 -4.34353743  4.        ],cruising,[-0.82138112 -0.19970136 -0.21083176]
328.7291250228882,1001,False,4,5,[ 7.24112677 -6.26775031  3.34542031],entering,[-0.48080528  0.59740651 -0.20557775]
328.7291250228882,1002,False,0,2,[-7.21836108 -1.66066438  3.71468716],landing,[ 0.5677905  -0.59831228 -0.99408226]
328.7291250228882,1003,False,1,4,[5.64970165 1.59222653 2.91716377],entering,[ 0.63925976  0.24903542 -0.34837281]
328.7291250228882,1004,False,3,6,[5.97248368 4.79274488 4.        ],exiting,[-0.62185191  0.08809385  0.93462812]
328.7291250228882,1005,False,6,0,[-6.02494141  3.73932483  4.        ],cruising,[ 0.50568378 -0.03156594 -0.11489306]
328.8262801170349,1000,False,5,3,[ 7.28634073 -4.47791276  4.        ],cruising,[-0.82138112 -0.19970136 -0.21083176]
328.8262801170349,1001,False,4,5,[ 7.11953797 -6.10895432  3.42042031],entering,[-0.48080528  0.59740651 -0.20557775]
328.8262801170349,1002,False,0,2,[-7.23079493 -1.6431856   3.62175003],landing,[ 0.5677905  -0.59831228 -0.99408226]
328.8262801170349,1003,False,1,4,[5.74787978 1.5733016  2.99216377],entering,[ 0.63925976  0.24903542 -0.34837281]
328.8262801170349,1004,False,3,6,[6.12280226 4.8056795  4.        ],exiting,[-0.62185191  0.08809385  0.93462812]
328.8262801170349,1005,False,6,0,[-6.1145016   3.91815149  4.        ],cruising,[ 0.50568378 -0.03156594 -0.11489306]
328.93092799186707,1000,False,5,3,[ 7.13033268 -4.59560622  4.        ],cruising,[-0.82138112 -0.19970136 -0.21083176]
328.93092799186707,1001,False,4,5,[ 6.99250402 -5.95447981  3.49542031],entering,[-0.48080528  0.59740651 -0.20557775]
328.93092799186707,1002,False,0,2,[-7.23990452 -1.62142093  3.52457331],landing,[ 0.5677905  -0.59831228 -0.99408226]
328.93092799186707,1003,False,1,4,[5.86543682 1.54943115 3.06716377],entering,[ 0.63925976  0.24903542 -0.34837281]
328.93092799186707,1004,False,3,6,[6.25692673 4.83035083 4.        ],exiting,[-0.62185191  0.08809385  0.93462812]
328.93092799186707,1005,False,6,0,[-6.19763768  4.10005364  4.        ],cruising,[ 0.50568378 -0.03156594 -0.11489306]
329.0272219181061,1000,False,5,3,[ 6.9654428  -4.69538004  4.        ],cruising,[-0.82138112 -0.19970136 -0.21083176]
329.0272219181061,1001,False,4,5,[ 6.86428545 -5.80098715  3.57042031],entering,[-0.48080528  0.59740651 -0.20557775]
329.0272219181061,1002,False,0,2,[-7.24901411 -1.59965627  3.42739659],landing,[ 0.5677905  -0.59831228 -0.99408226]
329.0272219181061,1003,False,1,4,[6.00218695 1.51993711 3.14216377],entering,[ 0.63925976  0.24903542 -0.34837281]
329.0272219181061,1004,False,3,6,[6.37480869 4.86669183 4.        ],exiting,[-0.62185191  0.08809385  0.93462812]
329.0272219181061,1005,False,6,0,[-6.2687267   4.28699307  4.        ],cruising,[ 0.50568378 -0.03156594 -0.11489306]
329.13409662246704,1000,False,5,3,[ 6.79383496 -4.7763159   4.        ],cruising,[-0.82138112 -0.19970136 -0.21083176]
329.13409662246704,1001,False,4,5,[ 6.73443809 -5.64886988  3.63485726],entering,[-0.48080528  0.59740651 -0.20557775]
329.13409662246704,1002,False,0,2,[-7.2581237  -1.57789161  3.33021987],landing,[ 0.5677905  -0.59831228 -0.99408226]
329.13409662246704,1003,False,1,4,[6.15745478 1.48288693 3.21716377],entering,[ 0.63925976  0.24903542 -0.34837281]
329.13409662246704,1004,False,3,6,[6.4763858  4.91461522 4.        ],exiting,[-0.62185191  0.08809385  0.93462812]
329.13409662246704,1005,False,6,0,[-6.32999508  4.47737738  4.        ],cruising,[ 0.50568378 -0.03156594 -0.11489306]
329.2281560897827,1000,False,5,3,[ 6.61749484 -4.83781969  4.        ],cruising,[-0.82138112 -0.19970136 -0.21083176]
329.2281560897827,1001,False,4,5,[ 6.59766374 -5.50294943  3.68962867],entering,[-0.48080528  0.59740651 -0.20557775]
329.2281560897827,1002,False,0,2,[-7.26723329 -1.55612695  3.23304315],landing,[ 0.5677905  -0.59831228 -0.99408226]
329.2281560897827,1003,False,1,4,[6.33031991 1.43633229 3.29216377],entering,[ 0.63925976  0.24903542 -0.34837281]
329.2281560897827,1004,False,3,6,[6.56160868 4.97405118 4.        ],exiting,[-0.62185191  0.08809385  0.93462812]
329.2281560897827,1005,False,6,0,[-6.37197977  4.67292095  4.        ],cruising,[ 0.50568378 -0.03156594 -0.11489306]
329.3238573074341,1000,False,5,3,[ 6.43868178 -4.87947695  4.        ],cruising,[-0.82138112 -0.19970136 -0.21083176]
329.3238573074341,1001,False,4,5,[ 6.45615254 -5.36161797  3.73618437],entering,[-0.48080528  0.59740651 -0.20557775]
329.3238573074341,1002,False,0,2,[-7.27634288 -1.53436229  3.13586643],landing,[ 0.5677905  -0.59831228 -0.99408226]
329.3238573074341,1003,False,1,4,[6.5166761  1.37501312 3.36716377],entering,[ 0.63925976  0.24903542 -0.34837281]
329.3238573074341,1004,False,3,6,[6.63042531 5.04492545 4.        ],exiting,[-0.62185191  0.08809385  0.93462812]
329.3238573074341,1005,False,6,0,[-6.39763473  4.87126868  4.        ],cruising,[ 0.50568378 -0.03156594 -0.11489306]
329.42907881736755,1000,False,5,3,[ 6.25910641 -4.90114875  4.        ],cruising,[-0.82138112 -0.19970136 -0.21083176]
329.42907881736755,1001,False,4,5,[ 6.31228035 -5.22269068  3.77575672],entering,[-0.48080528  0.59740651 -0.20557775]
329.42907881736755,1002,False,0,2,[-7.28545247 -1.51259763  3.03868971],landing,[ 0.5677905  -0.59831228 -0.99408226]
329.42907881736755,1003,False,1,4,[6.70362373 1.30394566 3.44216377],entering,[ 0.63925976  0.24903542 -0.34837281]
329.42907881736755,1004,False,3,6,[6.68278182 5.12716036 4.        ],exiting,[-0.62185191  0.08809385  0.93462812]
329.42907881736755,1005,False,6,0,[-6.40331214  5.07056365  4.        ],cruising,[ 0.50568378 -0.03156594 -0.11489306]
329.5322904586792,1000,False,5,3,[ 6.07979573 -4.90282229  4.        ],cruising,[-0.82138112 -0.19970136 -0.21083176]
329.5322904586792,1001,False,4,5,[ 6.16150748 -5.09128467  3.80939321],entering,[-0.48080528  0.59740651 -0.20557775]
329.5322904586792,1002,False,0,2,[-7.29456206 -1.49083297  2.94151299],landing,[ 0.5677905  -0.59831228 -0.99408226]
329.5322904586792,1003,False,1,4,[6.88657442 1.22314316 3.51716377],entering,[ 0.63925976  0.24903542 -0.34837281]
329.5322904586792,1004,False,3,6,[6.71916187 5.22030804 4.        ],exiting,[-0.62185191  0.08809385  0.93462812]
329.5322904586792,1005,False,6,0,[-6.389073    5.26803351  4.        ],cruising,[ 0.50568378 -0.03156594 -0.11489306]
329.62238001823425,1000,False,5,3,[ 5.90202249 -4.88455502  4.        ],cruising,[-0.82138112 -0.19970136 -0.21083176]
329.62238001823425,1001,False,4,5,[ 6.0037189  -4.96839136  3.83798423],cruising,[-0.48080528  0.59740651 -0.20557775]
329.62238001823425,1002,False,0,2,[-7.30367165 -1.46906831  2.84433627],landing,[ 0.5677905  -0.59831228 -0.99408226]
329.62238001823425,1003,False,1,4,[7.06453177 1.13186784 3.58958921],entering,[ 0.63925976  0.24903542 -0.34837281]
329.62238001823425,1004,False,3,6,[6.75554193 5.31345573 4.        ],exiting,[-0.62185191  0.08809385  0.93462812]
329.62238001823425,1005,False,6,0,[-6.35530969  5.46116666  4.        ],cruising,[ 0.50568378 -0.03156594 -0.11489306]
329.7305178642273,1000,False,5,3,[ 5.72681845 -4.84645346  4.        ],cruising,[-0.82138112 -0.19970136 -0.21083176]
329.7305178642273,1001,False,4,5,[ 5.84219465 -4.85045106  3.86228659],cruising,[-0.48080528  0.59740651 -0.20557775]
329.7305178642273,1002,False,0,2,[-7.31278124 -1.44730365  2.74715955],landing,[ 0.5677905  -0.59831228 -0.99408226]
329.7305178642273,1003,False,1,4,[7.23626151 1.02935495 3.65115083],entering,[ 0.63925976  0.24903542 -0.34837281]
329.7305178642273,1004,False,3,6,[6.79192199 5.40660342 4.        ],exiting,[-0.62185191  0.08809385  0.93462812]
329.7305178642273,1005,False,6,0,[-6.30270529  5.64759064  4.        ],cruising,[ 0.50568378 -0.03156594 -0.11489306]
329.8358964920044,1000,False,5,3,[ 5.55451593 -4.78856348  4.        ],cruising,[-0.82138112 -0.19970136 -0.21083176]
329.8358964920044,1001,False,4,5,[ 5.67429564 -4.74177758  3.8829436 ],cruising,[-0.48080528  0.59740651 -0.20557775]
329.8358964920044,1002,False,0,2,[-7.32189083 -1.42553898  2.64998283],landing,[ 0.5677905  -0.59831228 -0.99408226]
329.8358964920044,1003,False,1,4,[7.40151866 0.91670471 3.7034782 ],entering,[ 0.63925976  0.24903542 -0.34837281]
329.8358964920044,1004,False,3,6,[6.82830204 5.4997511  4.        ],exiting,[-0.62185191  0.08809385  0.93462812]
329.8358964920044,1005,False,6,0,[-6.23219603  5.82510305  4.        ],cruising,[ 0.50568378 -0.03156594 -0.11489306]
329.92852115631104,1000,False,5,3,[ 5.38558281 -4.71095937  4.        ],cruising,[-0.82138112 -0.19970136 -0.21083176]
329.92852115631104,1001,False,4,5,[ 5.50313976 -4.6383094   3.90050206],cruising,[-0.48080528  0.59740651 -0.20557775]
329.92852115631104,1002,False,0,2,[-7.33100042 -1.40377432  2.55280611],landing,[ 0.5677905  -0.59831228 -0.99408226]
329.92852115631104,1003,False,1,4,[7.55730886 0.79128775 3.74795647],entering,[ 0.63925976  0.24903542 -0.34837281]
329.92852115631104,1004,False,3,6,[6.8646821  5.59289879 4.        ],exiting,[-0.62185191  0.08809385  0.93462812]
329.92852115631104,1005,False,6,0,[-6.14485392  5.99181476  4.        ],cruising,[ 0.50568378 -0.03156594 -0.11489306]
330.0293688774109,1000,False,5,3,[ 5.21917511 -4.61351534  4.        ],cruising,[-0.82138112 -0.19970136 -0.21083176]
330.0293688774109,1001,False,4,5,[ 5.32752073 -4.5426122   3.91542675],cruising,[-0.48080528  0.59740651 -0.20557775]
330.0293688774109,1002,False,0,2,[-7.34011001 -1.38200966  2.45562939],landing,[ 0.5677905  -0.59831228 -0.99408226]
330.0293688774109,1003,False,1,4,[7.70165434 0.65285227 3.785763  ],entering,[ 0.63925976  0.24903542 -0.34837281]
330.0293688774109,1004,False,3,6,[6.90106216 5.68604648 4.        ],exiting,[-0.62185191  0.08809385  0.93462812]
330.0293688774109,1005,False,6,0,[-6.04176188  6.14620008  4.        ],cruising,[ 0.50568378 -0.03156594 -0.11489306]
330.1239597797394,1000,False,5,3,[ 5.05231227 -4.5032575   4.        ],cruising,[-0.82138112 -0.19970136 -0.21083176]
330.1239597797394,1001,False,4,5,[ 5.14991467 -4.45065521  3.92811274],cruising,[-0.48080528  0.59740651 -0.20557775]
330.1239597797394,1002,False,0,2,[-7.3492196  -1.360245    2.35845267],landing,[ 0.5677905  -0.59831228 -0.99408226]
330.1239597797394,1003,False,1,4,[7.83256593 0.5016499  3.81789855],entering,[ 0.63925976  0.24903542 -0.34837281]
330.1239597797394,1004,False,3,6,[6.93744221 5.77919416 4.        ],exiting,[-0.62185191  0.08809385  0.93462812]
330.1239597797394,1005,False,6,0,[-5.92409851  6.2868859   4.        ],cruising,[ 0.50568378 -0.03156594 -0.11489306]
330.22355675697327,1000,False,5,3,[ 4.88036907 -4.40110302  4.        ],cruising,[-0.82138112 -0.19970136 -0.21083176]
330.22355675697327,1001,False,4,5,[ 4.96958312 -4.36416513  3.93889583],cruising,[-0.48080528  0.59740651 -0.20557775]
330.22355675697327,1002,False,0,2,[-7.35832919 -1.33848034  2.26127595],landing,[ 0.5677905  -0.59831228 -0.99408226]
330.22355675697327,1003,False,1,4,[7.94832932 0.3385584  3.84521377],entering,[ 0.63925976  0.24903542 -0.34837281]
330.22355675697327,1004,False,3,6,[6.97382227 5.87234185 4.        ],exiting,[-0.62185191  0.08809385  0.93462812]
330.22355675697327,1005,False,6,0,[-5.79274001  6.41299628  4.        ],cruising,[ 0.50568378 -0.03156594 -0.11489306]
330.3295488357544,1000,False,5,3,[ 4.70554341 -4.30396401  4.        ],cruising,[-0.82138112 -0.19970136 -0.21083176]
330.3295488357544,1001,False,4,5,[ 4.78825936 -4.279775    3.94806146],cruising,[-0.48080528  0.59740651 -0.20557775]
330.3295488357544,1002,False,0,2,[-7.36743878 -1.31671568  2.16409923],landing,[ 0.5677905  -0.59831228 -0.99408226]
330.3295488357544,1003,False,1,4,[8.04782946 0.16506569 3.8684317 ],cruising,[ 0.63925976  0.24903542 -0.34837281]
330.3295488357544,1004,False,3,6,[7.01020233 5.96548953 4.        ],exiting,[-0.62185191  0.08809385  0.93462812]
330.3295488357544,1005,False,6,0,[-5.6485066   6.52380187  4.        ],cruising,[ 0.50568378 -0.03156594 -0.11489306]
330.4301221370697,1000,False,5,3,[ 4.52764611 -4.21257173  4.        ],cruising,[-0.82138112 -0.19970136 -0.21083176]
330.4301221370697,1001,False,4,5,[ 4.60606313 -4.1972854   3.95585224],cruising,[-0.48080528  0.59740651 -0.20557775]
330.4301221370697,1002,False,0,2,[-7.37654837 -1.29495102  2.06692251],landing,[ 0.5677905  -0.59831228 -0.99408226]
330.4301221370697,1003,False,1,4,[ 8.12973977 -0.01734328  3.88831829],cruising,[ 0.63925976  0.24903542 -0.34837281]
330.4301221370697,1004,False,3,6,[7.04658238 6.05863722 4.        ],exiting,[-0.62185191  0.08809385  0.93462812]
330.4301221370697,1005,False,6,0,[-5.49212948  6.61871626  4.        ],cruising,[ 0.50568378 -0.03156594 -0.11489306]
330.53282952308655,1000,False,5,3,[ 4.34813529 -4.12439085  4.        ],cruising,[-0.82138112 -0.19970136 -0.21083176]
330.53282952308655,1001,False,4,5,[ 4.42257425 -4.11771262  3.9624744 ],cruising,[-0.48080528  0.59740651 -0.20557775]
330.53282952308655,1002,False,0,2,[-7.38565796 -1.27318636  1.96974579],landing,[ 0.5677905  -0.59831228 -0.99408226]
330.53282952308655,1003,False,1,4,[ 8.19493986 -0.20641721  3.90507055],cruising,[ 0.63925976  0.24903542 -0.34837281]
330.53282952308655,1004,False,3,6,[7.08296244 6.15178491 4.        ],exiting,[-0.62185191  0.08809385  0.93462812]
330.53282952308655,1005,False,6,0,[-5.32420946  6.69729781  4.        ],cruising,[ 0.50568378 -0.03156594 -0.11489306]
330.6336579322815,1000,False,5,3,[ 4.16681994 -4.03998266  4.        ],cruising,[-0.82138112 -0.19970136 -0.21083176]
330.6336579322815,1001,False,4,5,[ 4.23868452 -4.03907058  3.96810324],cruising,[-0.48080528  0.59740651 -0.20557775]
330.6336579322815,1002,False,0,2,[-7.39476755 -1.25142169  1.87256907],landing,[ 0.5677905  -0.59831228 -0.99408226]
330.6336579322815,1003,False,1,4,[ 8.24560494 -0.39989343  3.91930996],cruising,[ 0.63925976  0.24903542 -0.34837281]
330.6336579322815,1004,False,3,6,[7.1193425  6.24493259 4.        ],exiting,[-0.62185191  0.08809385  0.93462812]
330.6336579322815,1005,False,6,0,[-5.14514366  6.75927299  4.        ],cruising,[ 0.50568378 -0.03156594 -0.11489306]
330.7227578163147,1000,False,5,3,[ 3.98459641 -3.95755338  4.        ],cruising,[-0.82138112 -0.19970136 -0.21083176]
330.7227578163147,1001,False,4,5,[ 4.0540354  -3.96222852  3.97288776],cruising,[-0.48080528  0.59740651 -0.20557775]
330.7227578163147,1002,False,0,2,[-7.40387714 -1.22965703  1.77539235],landing,[ 0.5677905  -0.59831228 -0.99408226]
330.7227578163147,1003,False,1,4,[ 8.28329755 -0.59630949  3.93141347],cruising,[ 0.63925976  0.24903542 -0.34837281]
330.7227578163147,1004,False,3,6,[7.15572255 6.33808028 4.        ],exiting,[-0.62185191  0.08809385  0.93462812]
330.7227578163147,1005,False,6,0,[-4.95491381  6.80465407  4.        ],cruising,[ 0.50568378 -0.03156594 -0.11489306]
330.8324797153473,1000,False,5,3,[ 3.80128544 -3.87757158  4.        ],cruising,[-0.82138112 -0.19970136 -0.21083176]
330.8324797153473,1001,False,4,5,[ 3.86917516 -3.88589577  3.97695459],cruising,[-0.48080528  0.59740651 -0.20557775]
330.8324797153473,1002,False,0,2,[-7.41298673 -1.20789237  1.67821563],landing,[ 0.5677905  -0.59831228 -0.99408226]
330.8324797153473,1003,False,1,4,[ 8.30965645 -0.7945649   3.94170145],cruising,[ 0.63925976  0.24903542 -0.34837281]
330.8324797153473,1004,False,3,6,[7.19210261 6.43122797 4.        ],exiting,[-0.62185191  0.08809385  0.93462812]
330.8324797153473,1005,False,6,0,[-4.75872655  6.84351999  4.        ],cruising,[ 0.50568378 -0.03156594 -0.11489306]
330.92959094047546,1000,False,5,3,[ 3.61739203 -3.79893817  4.        ],cruising,[-0.82138112 -0.19970136 -0.21083176]
330.92959094047546,1001,False,4,5,[ 3.68383181 -3.81074363  3.9804114 ],cruising,[-0.48080528  0.59740651 -0.20557775]
330.92959094047546,1002,False,0,2,[-7.42209632 -1.18612771  1.58103891],landing,[ 0.5677905  -0.59831228 -0.99408226]
330.92959094047546,1003,False,1,4,[ 8.32410083 -0.99404262  3.95044623],cruising,[ 0.63925976  0.24903542 -0.34837281]
330.92959094047546,1004,False,3,6,[7.22848267 6.52437565 4.        ],exiting,[-0.62185191  0.08809385  0.93462812]
330.92959094047546,1005,False,6,0,[-4.56286961  6.88401761  4.        ],cruising,[ 0.50568378 -0.03156594 -0.11489306]
331.02726674079895,1000,False,5,3,[ 3.43279134 -3.72197983  4.        ],cruising,[-0.82138112 -0.19970136 -0.21083176]
331.02726674079895,1001,False,4,5,[ 3.49829443 -3.73607182  3.98334969],cruising,[-0.48080528  0.59740651 -0.20557775]
331.02726674079895,1002,False,0,2,[-7.43120591 -1.16436305  1.48386219],fake_landed,[ 0.5677905  -0.59831228 -0.99408226]
331.02726674079895,1003,False,1,4,[ 8.33039629 -1.19394351  3.9578793 ],cruising,[ 0.63925976  0.24903542 -0.34837281]
331.02726674079895,1004,False,3,6,[7.26486272 6.61752334 4.        ],exiting,[-0.62185191  0.08809385  0.93462812]
331.02726674079895,1005,False,6,0,[-4.36775783  6.92796523  4.        ],cruising,[ 0.50568378 -0.03156594 -0.11489306]
331.1347622871399,1000,False,5,3,[ 3.2476996  -3.64621013  4.        ],cruising,[-0.82138112 -0.19970136 -0.21083176]
331.1347622871399,1001,False,4,5,[ 3.31239577 -3.66230401  3.98584724],cruising,[-0.48080528  0.59740651 -0.20557775]
331.1347622871399,1002,False,0,2,[-7.43849359 -1.14695132  1.40612082],fake_landed,[ 0.5677905  -0.59831228 -0.99408226]
331.1347622871399,1003,False,1,4,[ 8.32959772 -1.39394192  3.9641974 ],cruising,[ 0.63925976  0.24903542 -0.34837281]
331.1347622871399,1004,False,3,6,[7.30124278 6.71067103 4.        ],exiting,[-0.62185191  0.08809385  0.93462812]
331.1347622871399,1005,False,6,0,[-4.17309654  6.97386711  4.        ],cruising,[ 0.50568378 -0.03156594 -0.11489306]
331.2261140346527,1000,False,5,3,[ 3.06207872 -3.57174613  4.        ],cruising,[-0.82138112 -0.19970136 -0.21083176]
331.2261140346527,1001,False,4,5,[ 3.12620753 -3.58927018  3.98797015],cruising,[-0.48080528  0.59740651 -0.20557775]
331.2261140346527,1002,False,0,2,[-7.44395934 -1.13389252  1.34781478],fake_landed,[ 0.5677905  -0.59831228 -0.99408226]
331.2261140346527,1003,False,1,4,[ 8.32027731 -1.59372462  3.96956779],cruising,[ 0.63925976  0.24903542 -0.34837281]
331.2261140346527,1004,False,3,6,[7.33762284 6.80381871 4.        ],exiting,[-0.62185191  0.08809385  0.93462812]
331.2261140346527,1005,False,6,0,[-3.97859044  7.02042222  4.        ],cruising,[ 0.50568378 -0.03156594 -0.11489306]
331.323691368103,1000,False,5,3,[ 2.87590614 -3.4986724   4.        ],cruising,[-0.82138112 -0.19970136 -0.21083176]
331.323691368103,1001,False,4,5,[ 2.93968152 -3.51710338  3.98977463],cruising,[-0.48080528  0.59740651 -0.20557775]
331.323691368103,1002,False,0,2,[-7.44760318 -1.12518666  1.3089441 ],fake_landed,[ 0.5677905  -0.59831228 -0.99408226]
331.323691368103,1003,False,1,4,[ 8.30565829 -1.79318962  3.97413262],cruising,[ 0.63925976  0.24903542 -0.34837281]
331.323691368103,1004,False,3,6,[7.3740029 6.8969664 4.       ],exiting,[-0.62185191  0.08809385  0.93462812]
331.323691368103,1005,False,6,0,[-3.78397511  7.06651858  4.        ],cruising,[ 0.50568378 -0.03156594 -0.11489306]
331.43078804016113,1000,False,5,3,[ 2.68907236 -3.42730615  4.        ],cruising,[-0.82138112 -0.19970136 -0.21083176]
331.43078804016113,1001,False,4,5,[ 2.75268647 -3.44616079  3.99130844],cruising,[-0.48080528  0.59740651 -0.20557775]
331.43078804016113,1002,False,0,2,[-7.44942509 -1.12083373  1.28950875],fake_landed,[ 0.5677905  -0.59831228 -0.99408226]
331.43078804016113,1003,False,1,4,[ 8.28615764 -1.99223666  3.97801273],cruising,[ 0.63925976  0.24903542 -0.34837281]
331.43078804016113,1004,False,3,6,[7.41038295 6.99011408 4.        ],exiting,[-0.62185191  0.08809385  0.93462812]
331.43078804016113,1005,False,6,0,[-3.58849038  7.10877635  4.        ],cruising,[ 0.50568378 -0.03156594 -0.11489306]
331.52584195137024,1000,False,5,3,[ 2.50173544 -3.35727132  4.        ],cruising,[-0.82138112 -0.19970136 -0.21083176]
331.52584195137024,1001,False,4,5,[ 2.56507492 -3.376865    3.99261217],cruising,[-0.48080528  0.59740651 -0.20557775]
331.52584195137024,1002,False,0,2,[-7.44942509 -1.12083373  1.28950875],fake_landed,[ 0.5677905  -0.59831228 -0.99408226]
331.52584195137024,1003,False,1,4,[ 8.25945364 -2.19044588  3.98131082],cruising,[ 0.63925976  0.24903542 -0.34837281]
331.52584195137024,1004,False,3,6,[7.44676301 7.08326177 4.        ],exiting,[-0.62185191  0.08809385  0.93462812]
331.52584195137024,1005,False,6,0,[-3.39261972  7.14920755  4.        ],cruising,[ 0.50568378 -0.03156594 -0.11489306]
331.6365578174591,1000,False,5,3,[ 2.31352459 -3.2896202   4.        ],cruising,[-0.82138112 -0.19970136 -0.21083176]
331.6365578174591,1001,False,4,5,[ 2.37702283 -3.30877379  3.99372034],cruising,[-0.48080528  0.59740651 -0.20557775]
331.6365578174591,1002,False,2,1,[-7.44942509 -1.12083373  1.28950875],waiting,[ 0.5677905  -0.59831228 -0.99408226]
331.6365578174591,1003,False,1,4,[ 8.228627  -2.3880559  3.9841142],cruising,[ 0.63925976  0.24903542 -0.34837281]
331.6365578174591,1004,False,3,6,[7.48314307 7.17640946 4.        ],exiting,[-0.62185191  0.08809385  0.93462812]
331.6365578174591,1005,False,6,0,[-3.196213    7.18694879  4.        ],cruising,[ 0.50568378 -0.03156594 -0.11489306]
331.722136259079,1000,False,5,3,[ 2.12428886 -3.22489122  4.        ],cruising,[-0.82138112 -0.19970136 -0.21083176]
331.722136259079,1001,False,4,5,[ 2.18806893 -3.24322669  3.99466229],cruising,[-0.48080528  0.59740651 -0.20557775]
331.722136259079,1002,False,2,1,[-7.44942509 -1.12083373  1.28950875],waiting,[ 0.5677905  -0.59831228 -0.99408226]
331.722136259079,1003,False,1,4,[ 8.19367883 -2.58497879  3.98649707],cruising,[ 0.63925976  0.24903542 -0.34837281]
331.722136259079,1004,False,3,6,[7.51952312 7.26955714 4.        ],exiting,[-0.62185191  0.08809385  0.93462812]
331.722136259079,1005,False,6,0,[-2.99872165  7.21852677  4.        ],cruising,[ 0.50568378 -0.03156594 -0.11489306]
331.8252763748169,1000,False,5,3,[ 1.93441058 -3.16207213  4.        ],cruising,[-0.82138112 -0.19970136 -0.21083176]
331.8252763748169,1001,False,4,5,[ 1.99803781 -3.18087146  3.99546295],cruising,[-0.48080528  0.59740651 -0.20557775]
331.8252763748169,1002,False,2,1,[-7.44942509 -1.12083373  1.28950875],waiting,[ 0.5677905  -0.59831228 -0.99408226]
331.8252763748169,1003,False,1,4,[ 8.15127735 -2.7804324   3.98852251],cruising,[ 0.63925976  0.24903542 -0.34837281]
331.8252763748169,1004,False,3,6,[7.55590318 7.36270483 4.        ],exiting,[-0.62185191  0.08809385  0.93462812]
331.8252763748169,1005,False,6,0,[-2.80063907  7.24615446  4.        ],cruising,[ 0.50568378 -0.03156594 -0.11489306]
331.9359574317932,1000,False,5,3,[ 1.74314544 -3.10361148  4.        ],cruising,[-0.82138112 -0.19970136 -0.21083176]
331.9359574317932,1001,False,4,5,[ 1.80673937 -3.12251988  3.99614351],cruising,[-0.48080528  0.59740651 -0.20557775]
331.9359574317932,1002,False,2,1,[-7.44942509 -1.12083373  1.28950875],waiting,[ 0.5677905  -0.59831228 -0.99408226]
331.9359574317932,1003,False,1,4,[ 8.10483911 -2.97496644  3.99024413],cruising,[ 0.63925976  0.24903542 -0.34837281]
331.9359574317932,1004,False,3,6,[7.59228324 7.45585252 4.        ],exiting,[-0.62185191  0.08809385  0.93462812]
331.9359574317932,1005,False,6,0,[-2.60160514  7.26578854  4.        ],cruising,[ 0.50568378 -0.03156594 -0.11489306]
332.03403663635254,1000,False,5,3,[ 1.5503065  -3.05057242  4.        ],cruising,[-0.82138112 -0.19970136 -0.21083176]
332.03403663635254,1001,False,4,5,[ 1.6146929  -3.06667945  3.99672198],cruising,[-0.48080528  0.59740651 -0.20557775]
332.03403663635254,1002,False,2,1,[-7.44942509 -1.12083373  1.28950875],waiting,[ 0.5677905  -0.59831228 -0.99408226]
332.03403663635254,1003,False,1,4,[ 8.05015671 -3.16734584  3.99170751],cruising,[ 0.63925976  0.24903542 -0.34837281]
332.03403663635254,1004,False,3,6,[7.62866329 7.5490002  4.        ],exiting,[-0.62185191  0.08809385  0.93462812]
332.03403663635254,1005,False,6,0,[-2.40209588  7.27979051  4.        ],cruising,[ 0.50568378 -0.03156594 -0.11489306]
332.13425278663635,1000,False,5,3,[ 1.35570913 -3.00440032  4.        ],cruising,[-0.82138112 -0.19970136 -0.21083176]
332.13425278663635,1001,False,4,5,[ 1.42093331 -3.0171091   3.99721368],cruising,[-0.48080528  0.59740651 -0.20557775]
332.13425278663635,1002,False,2,1,[-7.44942509 -1.12083373  1.28950875],waiting,[ 0.5677905  -0.59831228 -0.99408226]
332.13425278663635,1003,False,1,4,[ 7.98679779 -3.35704467  3.99295138],exiting,[ 0.63925976  0.24903542 -0.34837281]
332.13425278663635,1004,False,3,6,[7.66504335 7.64214789 4.        ],exiting,[-0.62185191  0.08809385  0.93462812]
332.13425278663635,1005,False,6,0,[-2.20211956  7.28286769  4.        ],cruising,[ 0.50568378 -0.03156594 -0.11489306]
332.22419142723083,1000,False,5,3,[ 1.15921788 -2.96710169  4.        ],cruising,[-0.82138112 -0.19970136 -0.21083176]
332.22419142723083,1001,False,4,5,[ 1.22530351 -2.97552809  3.99763163],cruising,[-0.48080528  0.59740651 -0.20557775]
332.22419142723083,1002,False,2,1,[-7.44942509 -1.12083373  1.28950875],waiting,[ 0.5677905  -0.59831228 -0.99408226]
332.22419142723083,1003,False,1,4,[ 7.93675513 -3.53182113  3.9941939 ],exiting,[ 0.63925976  0.24903542 -0.34837281]
332.22419142723083,1004,False,3,6,[7.70142341 7.73529558 4.        ],exiting,[-0.62185191  0.08809385  0.93462812]
332.22419142723083,1005,False,6,0,[-2.00267106  7.26802525  4.        ],cruising,[ 0.50568378 -0.03156594 -0.11489306]
332.3279254436493,1000,False,5,3,[ 0.9601267  -2.94805689  4.        ],cruising,[-0.82138112 -0.19970136 -0.21083176]
332.3279254436493,1001,False,4,5,[ 1.02691919 -2.95015761  3.99798689],cruising,[-0.48080528  0.59740651 -0.20557775]
332.3279254436493,1002,False,2,1,[-7.44942509 -1.12083373  1.28950875],waiting,[ 0.5677905  -0.59831228 -0.99408226]
332.3279254436493,1003,False,1,4,[ 7.90017922 -3.69181092  3.99540187],exiting,[ 0.63925976  0.24903542 -0.34837281]
332.3279254436493,1004,False,3,6,[7.73780346 7.82844326 4.        ],exiting,[-0.62185191  0.08809385  0.93462812]
332.3279254436493,1005,False,6,0,[-1.80560716  7.23388119  4.        ],cruising,[ 0.50568378 -0.03156594 -0.11489306]
332.432594537735,1000,False,5,3,[ 0.76022119 -2.94190997  4.        ],cruising,[-0.82138112 -0.19970136 -0.21083176]
332.432594537735,1001,False,4,5,[ 0.82722465 -2.93910816  3.99828885],cruising,[-0.48080528  0.59740651 -0.20557775]
332.432594537735,1002,False,2,1,[-7.44942509 -1.12083373  1.28950875],waiting,[ 0.5677905  -0.59831228 -0.99408226]
332.432594537735,1003,False,1,4,[ 7.87725777 -3.8371874   3.99652812],exiting,[ 0.63925976  0.24903542 -0.34837281]
332.432594537735,1004,False,3,6,[7.77418352 7.92159095 4.        ],exiting,[-0.62185191  0.08809385  0.93462812]
332.432594537735,1005,False,6,0,[-1.61219598  7.18296836  4.        ],cruising,[ 0.50568378 -0.03156594 -0.11489306]
332.52721071243286,1000,False,5,3,[ 0.56043806 -2.9512215   4.        ],cruising,[-0.82138112 -0.19970136 -0.21083176]
332.52721071243286,1001,False,4,5,[ 0.62728383 -2.94397322  3.99854553],cruising,[-0.48080528  0.59740651 -0.20557775]
332.52721071243286,1002,False,2,1,[-7.44942509 -1.12083373  1.28950875],waiting,[ 0.5677905  -0.59831228 -0.99408226]
332.52721071243286,1003,False,1,4,[ 7.86822634 -3.96817484  3.99750319],exiting,[ 0.63925976  0.24903542 -0.34837281]
332.52721071243286,1004,False,3,6,[7.81056358 8.01473863 4.        ],exiting,[-0.62185191  0.08809385  0.93462812]
332.52721071243286,1005,False,6,0,[-1.42305992  7.11794873  4.        ],cruising,[ 0.50568378 -0.03156594 -0.11489306]
332.63195991516113,1000,False,5,3,[ 0.36190954 -2.97543772  4.        ],cruising,[-0.82138112 -0.19970136 -0.21083176]
332.63195991516113,1001,False,4,5,[ 0.42826908 -2.96380074  3.9987637 ],cruising,[-0.48080528  0.59740651 -0.20557775]
332.63195991516113,1002,False,2,1,[-7.44942509 -1.12083373  1.28950875],queued,[ 0.5677905  -0.59831228 -0.99408226]
332.63195991516113,1003,False,1,4,[ 7.87326994 -4.08495504  3.9982588 ],exiting,[ 0.63925976  0.24903542 -0.34837281]
332.63195991516113,1004,False,3,6,[7.84694363 8.10788632 4.        ],exiting,[-0.62185191  0.08809385  0.93462812]
332.63195991516113,1005,False,6,0,[-1.23829197  7.04139284  4.        ],cruising,[ 0.50568378 -0.03156594 -0.11489306]
332.7231993675232,1000,False,5,3,[ 0.1656228  -3.01379807  4.        ],cruising,[-0.82138112 -0.19970136 -0.21083176]
332.7231993675232,1001,False,4,5,[ 0.23120337 -2.99793439  3.99894914],cruising,[-0.48080528  0.59740651 -0.20557775]
332.7231993675232,1002,False,2,1,[-7.44942509 -1.12083373  1.30950875],queued,[ 0.5677905  -0.59831228 -0.99408226]
332.7231993675232,1003,False,1,4,[ 7.89257286 -4.18771466  3.99870633],exiting,[ 0.63925976  0.24903542 -0.34837281]
332.7231993675232,1004,False,3,6,[7.88332369 8.20103401 4.        ],exiting,[-0.62185191  0.08809385  0.93462812]
332.7231993675232,1005,False,6,0,[-1.05760624  6.95564515  4.        ],cruising,[ 0.50568378 -0.03156594 -0.11489306]
332.8309061527252,1000,False,5,3,[-0.02763887 -3.0652755   4.        ],exiting,[-0.82138112 -0.19970136 -0.21083176]
332.8309061527252,1001,False,4,5,[ 0.03693303 -3.04546368  3.99910677],cruising,[-0.48080528  0.59740651 -0.20557775]
332.8309061527252,1002,False,2,1,[-7.44942509 -1.12083373  1.34950875],queued,[ 0.5677905  -0.59831228 -0.99408226]
332.8309061527252,1003,False,1,4,[ 7.91826339 -4.28435831  3.99894128],exiting,[ 0.63925976  0.24903542 -0.34837281]
332.8309061527252,1004,False,3,6,[7.91970375 8.29418169 4.        ],exiting,[-0.62185191  0.08809385  0.93462812]
332.8309061527252,1005,False,6,0,[-0.87924607  6.86515952  4.        ],cruising,[ 0.50568378 -0.03156594 -0.11489306]
332.92552733421326,1000,False,5,3,[-0.20152879 -3.1217264   4.        ],exiting,[-0.82138112 -0.19970136 -0.21083176]
332.92552733421326,1001,False,4,5,[-0.15275989 -3.1088403   3.99924076],cruising,[-0.48080528  0.59740651 -0.20557775]
332.92552733421326,1002,False,2,1,[-7.44942509 -1.12083373  1.40950875],queued,[ 0.5677905  -0.59831228 -0.99408226]
332.92552733421326,1003,False,1,4,[ 7.94395393 -4.38100196  3.99913465],exiting,[ 0.63925976  0.24903542 -0.34837281]
332.92552733421326,1004,False,3,6,[7.9560838  8.38732938 4.        ],exiting,[-0.62185191  0.08809385  0.93462812]
332.92552733421326,1005,False,6,0,[-0.70430182  6.76823424  4.        ],cruising,[ 0.50568378 -0.03156594 -0.11489306]
333.0327172279358,1000,False,5,3,[-0.35603029 -3.18308532  4.        ],exiting,[-0.82138112 -0.19970136 -0.21083176]
333.0327172279358,1001,False,4,5,[-0.33901362 -3.18170695  3.99935464],cruising,[-0.48080528  0.59740651 -0.20557775]
333.0327172279358,1002,False,2,1,[-7.44942509 -1.12083373  1.48450875],queued,[ 0.5677905  -0.59831228 -0.99408226]
333.0327172279358,1003,False,1,4,[ 7.96964447 -4.47764562  3.99929366],exiting,[ 0.63925976  0.24903542 -0.34837281]
333.0327172279358,1004,False,3,6,[7.99246386 8.48047707 4.        ],exiting,[-0.62185191  0.08809385  0.93462812]
333.0327172279358,1005,False,6,0,[-0.53200071  6.6666846   4.        ],cruising,[ 0.50568378 -0.03156594 -0.11489306]
333.1247715950012,1000,False,5,3,[-0.49112339 -3.24927275  4.        ],exiting,[-0.82138112 -0.19970136 -0.21083176]
333.1247715950012,1001,False,4,5,[-0.52095103 -3.26476584  3.99945145],cruising,[-0.48080528  0.59740651 -0.20557775]
333.1247715950012,1002,False,2,1,[-7.44942509 -1.12083373  1.55950875],queued,[ 0.5677905  -0.59831228 -0.99408226]
333.1247715950012,1003,False,1,4,[ 7.995335   -4.57428927  3.99942428],exiting,[ 0.63925976  0.24903542 -0.34837281]
333.1247715950012,1004,False,3,6,[8.02884392 8.57362475 4.        ],exiting,[-0.62185191  0.08809385  0.93462812]
333.1247715950012,1005,False,6,0,[-0.36091272  6.5631042   4.        ],cruising,[ 0.50568378 -0.03156594 -0.11489306]
333.23650431632996,1000,False,5,3,[-0.60678393 -3.32019046  4.        ],exiting,[-0.82138112 -0.19970136 -0.21083176]
333.23650431632996,1001,False,4,5,[-0.69990667 -3.35406802  3.99953373],cruising,[-0.48080528  0.59740651 -0.20557775]
333.23650431632996,1002,False,2,1,[-7.44942509 -1.12083373  1.63450875],queued,[ 0.5677905  -0.59831228 -0.99408226]
333.23650431632996,1003,False,1,4,[ 8.02102554 -4.67093292  3.99953147],exiting,[ 0.63925976  0.24903542 -0.34837281]
333.23650431632996,1004,False,3,6,[8.06522397 8.66677244 4.        ],exiting,[-0.62185191  0.08809385  0.93462812]
333.23650431632996,1005,False,6,0,[-0.19135861  6.45703157  4.        ],cruising,[ 0.50568378 -0.03156594 -0.11489306]
333.33336305618286,1000,False,5,3,[-0.70298128 -3.39571078  4.        ],exiting,[-0.82138112 -0.19970136 -0.21083176]
333.33336305618286,1001,False,4,5,[-0.87783357 -3.44540266  3.99960367],cruising,[-0.48080528  0.59740651 -0.20557775]
333.33336305618286,1002,False,2,1,[-7.44942509 -1.12083373  1.70950875],queued,[ 0.5677905  -0.59831228 -0.99408226]
333.33336305618286,1003,False,1,4,[ 8.04671608 -4.76757658  3.99961935],exiting,[ 0.63925976  0.24903542 -0.34837281]
333.33336305618286,1004,False,3,6,[8.10160403 8.75992013 4.        ],exiting,[-0.62185191  0.08809385  0.93462812]
333.33336305618286,1005,False,6,0,[-0.0222929   6.35018221  4.        ],cruising,[ 0.50568378 -0.03156594 -0.11489306]
333.4239571094513,1000,False,5,3,[-0.77967147 -3.47564366  4.        ],exiting,[-0.82138112 -0.19970136 -0.21083176]
333.4239571094513,1001,False,4,5,[-1.05719856 -3.53387979  3.99966312],cruising,[-0.48080528  0.59740651 -0.20557775]
333.4239571094513,1002,False,2,1,[-7.44942509 -1.12083373  1.78450875],queued,[ 0.5677905  -0.59831228 -0.99408226]
333.4239571094513,1003,False,1,4,[ 8.07240661 -4.86422023  3.9996913 ],exiting,[ 0.63925976  0.24903542 -0.34837281]
333.4239571094513,1004,False,3,6,[8.13798409 8.85306781 4.        ],exiting,[-0.62185191  0.08809385  0.93462812]
333.4239571094513,1005,False,6,0,[0.14639345 6.24273494 4.        ],cruising,[ 0.50568378 -0.03156594 -0.11489306]
333.52855610847473,1000,False,5,3,[-0.8368251  -3.55985706  4.        ],exiting,[-0.82138112 -0.19970136 -0.21083176]
333.52855610847473,1001,False,4,5,[-1.24202823 -3.61028655  3.99971365],cruising,[-0.48080528  0.59740651 -0.20557775]
333.52855610847473,1002,False,2,1,[-7.44942509 -1.12083373  1.85950875],queued,[ 0.5677905  -0.59831228 -0.99408226]
333.52855610847473,1003,False,1,4,[ 8.09809715 -4.96086389  3.99975013],exiting,[ 0.63925976  0.24903542 -0.34837281]
333.52855610847473,1004,False,3,6,[8.17436414 8.9462155  4.        ],exiting,[-0.62185191  0.08809385  0.93462812]
333.52855610847473,1005,False,6,0,[0.31530034 6.13563469 4.        ],cruising,[ 0.50568378 -0.03156594 -0.11489306]
333.6283628940582,1000,False,5,3,[-0.87441245 -3.64821303  4.        ],exiting,[-0.82138112 -0.19970136 -0.21083176]
333.6283628940582,1001,False,4,5,[-1.43326293 -3.66774667  3.99975844],cruising,[-0.48080528  0.59740651 -0.20557775]
333.6283628940582,1002,False,2,1,[-7.44942509 -1.12083373  1.93450875],queued,[ 0.5677905  -0.59831228 -0.99408226]
333.6283628940582,1003,False,1,4,[ 8.12378769 -5.05750754  3.99979819],exiting,[ 0.63925976  0.24903542 -0.34837281]
333.6283628940582,1004,False,3,6,[8.2107442  9.03936318 4.        ],exiting,[-0.62185191  0.08809385  0.93462812]
333.6283628940582,1005,False,6,0,[0.48469156 6.02930214 4.        ],exiting,[ 0.50568378 -0.03156594 -0.11489306]
333.7244658470154,1000,False,5,3,[-0.89240383 -3.74056874  4.        ],exiting,[-0.82138112 -0.19970136 -0.21083176]
333.7244658470154,1001,False,4,5,[-1.62765293 -3.70545725  3.99980017],cruising,[-0.48080528  0.59740651 -0.20557775]
333.7244658470154,1002,False,2,1,[-7.44942509 -1.12083373  2.00950875],queued,[ 0.5677905  -0.59831228 -0.99408226]
333.7244658470154,1003,False,1,4,[ 8.14947823 -5.1541512   3.99983738],exiting,[ 0.63925976  0.24903542 -0.34837281]
333.7244658470154,1004,False,3,6,[8.24712426 9.13251087 4.        ],landing,[-0.62185191  0.08809385  0.93462812]
333.7244658470154,1005,False,6,0,[0.64376303 5.9401015  4.        ],exiting,[ 0.50568378 -0.03156594 -0.11489306]
333.8280727863312,1000,False,5,3,[-0.89076989 -3.83677758  4.        ],exiting,[-0.82138112 -0.19970136 -0.21083176]
333.8280727863312,1001,False,4,5,[-1.82201445 -3.72316785  3.9998394 ],cruising,[-0.48080528  0.59740651 -0.20557775]
333.8280727863312,1002,False,2,1,[-7.44942509 -1.12083373  2.08450875],queued,[ 0.5677905  -0.59831228 -0.99408226]
333.8280727863312,1003,False,1,4,[ 8.17516876 -5.25079486  3.99986929],exiting,[ 0.63925976  0.24903542 -0.34837281]
333.8280727863312,1004,False,3,6,[8.28150283 9.21160384 3.98591246],landing,[-0.62185191  0.08809385  0.93462812]
333.8280727863312,1005,False,6,0,[0.79235853 5.86793771 4.        ],exiting,[ 0.50568378 -0.03156594 -0.11489306]
333.92523169517517,1000,False,5,3,[-0.87535835 -3.93558286  4.        ],exiting,[-0.82138112 -0.19970136 -0.21083176]
333.92523169517517,1001,False,4,5,[-2.01334122 -3.72111003  3.99987631],cruising,[-0.48080528  0.59740651 -0.20557775]
333.92523169517517,1002,False,2,1,[-7.44942509 -1.12083373  2.15950875],entering,[ 0.5677905  -0.59831228 -0.99408226]
333.92523169517517,1003,False,1,4,[ 8.2008593  -5.34743851  3.99989523],exiting,[ 0.63925976  0.24903542 -0.34837281]
333.92523169517517,1004,False,3,6,[8.3137822  9.276495   3.95790003],landing,[-0.62185191  0.08809385  0.93462812]
333.92523169517517,1005,False,6,0,[0.93030334 5.81270208 4.        ],exiting,[ 0.50568378 -0.03156594 -0.11489306]
334.0279631614685,1000,False,5,3,[-0.85994681 -4.03438815  4.        ],exiting,[-0.82138112 -0.19970136 -0.21083176]
334.0279631614685,1001,False,4,5,[-2.19899837 -3.69987266  3.99991088],cruising,[-0.48080528  0.59740651 -0.20557775]
334.0279631614685,1002,False,2,1,[-7.43634553 -1.10570346  2.23450875],entering,[ 0.5677905  -0.59831228 -0.99408226]
334.0279631614685,1003,False,1,4,[ 8.22654984 -5.44408217  3.99991628],exiting,[ 0.63925976  0.24903542 -0.34837281]
334.0279631614685,1004,False,3,6,[8.34384633 9.3270118  3.91615917],landing,[-0.62185191  0.08809385  0.93462812]
334.0279631614685,1005,False,6,0,[1.05740009 5.77426883 4.        ],exiting,[ 0.50568378 -0.03156594 -0.11489306]
334.124773979187,1000,False,5,3,[-0.84453527 -4.13319344  4.        ],exiting,[-0.82138112 -0.19970136 -0.21083176]
334.124773979187,1001,False,4,5,[-2.37658727 -3.66033492  3.99994308],cruising,[-0.48080528  0.59740651 -0.20557775]
334.124773979187,1002,False,2,1,[-7.41020133 -1.07543004  2.30950875],entering,[ 0.5677905  -0.59831228 -0.99408226]
334.124773979187,1003,False,1,4,[ 8.25224037 -5.54072582  3.99993333],exiting,[ 0.63925976  0.24903542 -0.34837281]
334.124773979187,1004,False,3,6,[8.37153462 9.36291913 3.86096769],landing,[-0.62185191  0.08809385  0.93462812]
334.124773979187,1005,False,6,0,[1.1734203  5.75248821 4.        ],exiting,[ 0.50568378 -0.03156594 -0.11489306]
334.23405361175537,1000,False,5,3,[-0.82912374 -4.23199872  4.        ],exiting,[-0.82138112 -0.19970136 -0.21083176]
334.23405361175537,1001,False,4,5,[-2.54392571 -3.60362371  3.99997281],cruising,[-0.48080528  0.59740651 -0.20557775]
334.23405361175537,1002,False,2,1,[-7.37102551 -1.02998502  2.38450875],entering,[ 0.5677905  -0.59831228 -0.99408226]
334.23405361175537,1003,False,1,4,[ 8.27793091 -5.63736948  3.99994712],exiting,[ 0.63925976  0.24903542 -0.34837281]
334.23405361175537,1004,False,3,6,[8.39671299 9.38402411 3.79256293],landing,[-0.62185191  0.08809385  0.93462812]
334.23405361175537,1005,False,6,0,[1.27808449 5.74717091 4.        ],exiting,[ 0.50568378 -0.03156594 -0.11489306]
334.3261992931366,1000,False,5,3,[-0.8137122  -4.33080401  4.        ],exiting,[-0.82138112 -0.19970136 -0.21083176]
334.3261992931366,1001,False,4,5,[-2.69917091 -3.53098286  3.99999997],cruising,[-0.48080528  0.59740651 -0.20557775]
334.3261992931366,1002,False,2,1,[-7.31888116 -0.96931447  2.45950875],entering,[ 0.5677905  -0.59831228 -0.99408226]
334.3261992931366,1003,False,1,4,[ 8.30362145 -5.73401314  3.99995823],exiting,[ 0.63925976  0.24903542 -0.34837281]
334.3261992931366,1004,False,3,6,[8.41925503 9.3901478  3.71117316],landing,[-0.62185191  0.08809385  0.93462812]
334.3261992931366,1005,False,6,0,[1.37100482 5.75804254 4.        ],exiting,[ 0.50568378 -0.03156594 -0.11489306]
334.42930698394775,1000,False,5,3,[-0.79830066 -4.42960929  4.        ],exiting,[-0.82138112 -0.19970136 -0.21083176]
334.42930698394775,1001,False,4,5,[-2.84070465 -3.44378193  4.00002441],cruising,[-0.48080528  0.59740651 -0.20557775]
334.42930698394775,1002,False,2,1,[-7.25389193 -0.89331391  2.53450875],entering,[ 0.5677905  -0.59831228 -0.99408226]
334.42930698394775,1003,False,1,4,[ 8.32931199 -5.83065679  3.99996717],exiting,[ 0.63925976  0.24903542 -0.34837281]
334.42930698394775,1004,False,3,6,[8.43903194 9.38111079 3.61703555],landing,[-0.62185191  0.08809385  0.93462812]
334.42930698394775,1005,False,6,0,[1.45194353 5.78492795 4.        ],exiting,[ 0.50568378 -0.03156594 -0.11489306]
334.5330023765564,1000,False,5,3,[-0.78288912 -4.52841458  4.        ],exiting,[-0.82138112 -0.19970136 -0.21083176]
334.5330023765564,1001,False,4,5,[-2.96707164 -3.34354376  4.00004599],cruising,[-0.48080528  0.59740651 -0.20557775]
334.5330023765564,1002,False,2,1,[-7.17637568 -0.80172253  2.60950875],entering,[ 0.5677905  -0.59831228 -0.99408226]
334.5330023765564,1003,False,1,4,[ 8.35500252 -5.92730045  3.99997434],exiting,[ 0.63925976  0.24903542 -0.34837281]
334.5330023765564,1004,False,3,6,[8.45807263 9.36817492 3.51972103],landing,[-0.62185191  0.08809385  0.93462812]
334.5330023765564,1005,False,6,0,[1.52066077 5.82764483 4.        ],exiting,[ 0.50568378 -0.03156594 -0.11489306]
334.627552986145,1000,False,5,3,[-0.76747759 -4.62721986  4.        ],exiting,[-0.82138112 -0.19970136 -0.21083176]
334.627552986145,1001,False,4,5,[-3.07704035 -3.23185586  4.00006455],cruising,[-0.48080528  0.59740651 -0.20557775]
334.627552986145,1002,False,2,1,[-7.08665681 -0.69428513  2.68450875],entering,[ 0.5677905  -0.59831228 -0.99408226]
334.627552986145,1003,False,1,4,[ 8.38069306 -6.02394411  3.99998007],exiting,[ 0.63925976  0.24903542 -0.34837281]
334.627552986145,1004,False,3,6,[8.47711332 9.35523904 3.42240652],landing,[-0.62185191  0.08809385  0.93462812]
334.627552986145,1005,False,6,0,[1.57691466 5.88600348 4.        ],exiting,[ 0.50568378 -0.03156594 -0.11489306]
334.7282598018646,1000,False,5,3,[-0.75206605 -4.72602515  4.        ],exiting,[-0.82138112 -0.19970136 -0.21083176]
334.7282598018646,1001,False,4,5,[-3.1695227  -3.11046088  4.0000799 ],cruising,[-0.48080528  0.59740651 -0.20557775]
334.7282598018646,1002,False,2,1,[-6.98528471 -0.57059344  2.75950875],entering,[ 0.5677905  -0.59831228 -0.99408226]
334.7282598018646,1003,False,1,4,[ 8.4063836  -6.12058776  3.99998464],exiting,[ 0.63925976  0.24903542 -0.34837281]
334.7282598018646,1004,False,3,6,[8.49615401 9.34230317 3.325092  ],landing,[-0.62185191  0.08809385  0.93462812]
334.7282598018646,1005,False,6,0,[1.62046121 5.95980633 4.        ],exiting,[ 0.50568378 -0.03156594 -0.11489306]
334.82460713386536,1000,False,5,3,[-0.73665451 -4.82483044  4.        ],exiting,[-0.82138112 -0.19970136 -0.21083176]
334.82460713386536,1001,False,4,5,[-3.24397849 -2.98040316  4.00009191],cruising,[-0.48080528  0.59740651 -0.20557775]
334.82460713386536,1002,False,2,1,[-6.87343556 -0.42986557  2.83450875],entering,[ 0.5677905  -0.59831228 -0.99408226]
334.82460713386536,1003,False,1,4,[ 8.43207414 -6.21723142  3.99998826],exiting,[ 0.63925976  0.24903542 -0.34837281]
334.82460713386536,1004,False,3,6,[8.5151947  9.32936729 3.22777748],landing,[-0.62185191  0.08809385  0.93462812]
334.82460713386536,1005,False,6,0,[1.6510542  6.04884747 4.        ],exiting,[ 0.50568378 -0.03156594 -0.11489306]
334.9253635406494,1000,False,5,3,[-0.72124297 -4.92363572  4.        ],exiting,[-0.82138112 -0.19970136 -0.21083176]
334.9253635406494,1001,False,4,5,[-3.30014855 -2.84224408  4.00010044],cruising,[-0.48080528  0.59740651 -0.20557775]
334.9253635406494,1002,False,2,1,[-6.75376261 -0.2707315   2.90950875],entering,[ 0.5677905  -0.59831228 -0.99408226]
334.9253635406494,1003,False,1,4,[ 8.45776467 -6.31387507  3.99999113],exiting,[ 0.63925976  0.24903542 -0.34837281]
334.9253635406494,1004,False,3,6,[8.53423539 9.31643142 3.13046297],landing,[-0.62185191  0.08809385  0.93462812]
334.9253635406494,1005,False,6,0,[1.6744574  6.14607036 4.        ],exiting,[ 0.50568378 -0.03156594 -0.11489306]
335.02694272994995,1000,False,5,3,[-0.70583144 -5.02244101  4.        ],exiting,[-0.82138112 -0.19970136 -0.21083176]
335.02694272994995,1001,False,4,5,[-3.33786979 -2.69636225  4.0001054 ],cruising,[-0.48080528  0.59740651 -0.20557775]
335.02694272994995,1002,False,2,1,[-6.63699842 -0.10835501  2.98450875],entering,[ 0.5677905  -0.59831228 -0.99408226]
335.02694272994995,1003,False,1,4,[ 8.48345521 -6.41051873  3.99999338],exiting,[ 0.63925976  0.24903542 -0.34837281]
335.02694272994995,1004,False,3,6,[8.55327608 9.30349554 3.03314845],landing,[-0.62185191  0.08809385  0.93462812]
335.02694272994995,1005,False,6,0,[1.69786061 6.24329325 4.        ],exiting,[ 0.50568378 -0.03156594 -0.11489306]
335.1291296482086,1000,False,5,3,[-0.6904199  -5.12124629  4.        ],exiting,[-0.82138112 -0.19970136 -0.21083176]
335.1291296482086,1001,False,4,5,[-3.35702171 -2.54305205  4.0001067 ],cruising,[-0.48080528  0.59740651 -0.20557775]
335.1291296482086,1002,False,2,1,[-6.52376937  0.05650609  3.05950875],entering,[ 0.5677905  -0.59831228 -0.99408226]
335.1291296482086,1003,False,1,4,[ 8.50914575 -6.50716239  3.99999514],exiting,[ 0.63925976  0.24903542 -0.34837281]
335.1291296482086,1004,False,3,6,[8.57231677 9.29055967 2.93583393],landing,[-0.62185191  0.08809385  0.93462812]
335.1291296482086,1005,False,6,0,[1.72126381 6.34051614 4.        ],exiting,[ 0.50568378 -0.03156594 -0.11489306]
335.23336577415466,1000,False,5,3,[-0.67500836 -5.22005158  4.        ],exiting,[-0.82138112 -0.19970136 -0.21083176]
335.23336577415466,1001,False,4,5,[-3.35771158 -2.3820508   4.00010425],cruising,[-0.48080528  0.59740651 -0.20557775]
335.23336577415466,1002,False,2,1,[-6.41469155  0.22414268  3.13450875],entering,[ 0.5677905  -0.59831228 -0.99408226]
335.23336577415466,1003,False,1,4,[ 8.53483629 -6.60380604  3.99999651],exiting,[ 0.63925976  0.24903542 -0.34837281]
335.23336577415466,1004,False,3,6,[8.59135746 9.2776238  2.83851941],landing,[-0.62185191  0.08809385  0.93462812]
335.23336577415466,1005,False,6,0,[1.74466701 6.43773903 4.        ],exiting,[ 0.50568378 -0.03156594 -0.11489306]
335.33210611343384,1000,False,5,3,[-0.65959682 -5.31885687  4.        ],exiting,[-0.82138112 -0.19970136 -0.21083176]
335.33210611343384,1001,False,4,5,[-3.34034203 -2.21245549  4.00009795],cruising,[-0.48080528  0.59740651 -0.20557775]
335.33210611343384,1002,False,2,1,[-6.31030381  0.39473929  3.20950875],entering,[ 0.5677905  -0.59831228 -0.99408226]
335.33210611343384,1003,False,1,4,[ 8.56052682 -6.7004497   3.99999756],exiting,[ 0.63925976  0.24903542 -0.34837281]
335.33210611343384,1004,False,3,6,[8.61039815 9.26468792 2.7412049 ],landing,[-0.62185191  0.08809385  0.93462812]
335.33210611343384,1005,False,6,0,[1.76807022 6.53496191 4.        ],exiting,[ 0.50568378 -0.03156594 -0.11489306]
335.4321801662445,1000,False,5,3,[-0.64418529 -5.41766215  4.        ],exiting,[-0.82138112 -0.19970136 -0.21083176]
335.4321801662445,1001,False,4,5,[-3.30618726 -2.03198562  4.00008772],cruising,[-0.48080528  0.59740651 -0.20557775]
335.4321801662445,1002,False,2,1,[-6.21130955  0.56852115  3.28450875],entering,[ 0.5677905  -0.59831228 -0.99408226]
335.4321801662445,1003,False,1,4,[ 8.58621736 -6.79709335  3.99999836],exiting,[ 0.63925976  0.24903542 -0.34837281]
335.4321801662445,1004,False,3,6,[8.62943884 9.25175205 2.64389038],landing,[-0.62185191  0.08809385  0.93462812]
335.4321801662445,1005,False,6,0,[1.79147342 6.6321848  4.        ],exiting,[ 0.50568378 -0.03156594 -0.11489306]
335.5258252620697,1000,False,5,3,[-0.62877375 -5.51646744  4.        ],exiting,[-0.82138112 -0.19970136 -0.21083176]
335.5258252620697,1001,False,4,5,[-3.26574065 -1.83611813  4.00007456],cruising,[-0.48080528  0.59740651 -0.20557775]
335.5258252620697,1002,False,2,1,[-6.11854164  0.74570499  3.35950875],entering,[ 0.5677905  -0.59831228 -0.99408226]
335.5258252620697,1003,False,1,4,[ 8.6119079  -6.89373701  3.99999896],exiting,[ 0.63925976  0.24903542 -0.34837281]
335.5258252620697,1004,False,3,6,[8.64847953 9.23881617 2.54657586],landing,[-0.62185191  0.08809385  0.93462812]
335.5258252620697,1005,False,6,0,[1.81487663 6.72940769 4.        ],exiting,[ 0.50568378 -0.03156594 -0.11489306]
335.63655138015747,1000,False,5,3,[-0.61336221 -5.61527272  4.        ],exiting,[-0.82138112 -0.19970136 -0.21083176]
335.63655138015747,1001,False,4,5,[-3.24183002 -1.63755257  4.00006338],cruising,[-0.48080528  0.59740651 -0.20557775]
335.63655138015747,1002,False,2,1,[-6.03296918  0.92647378  3.43450875],entering,[ 0.5677905  -0.59831228 -0.99408226]
335.63655138015747,1003,False,1,4,[ 8.63759844 -6.99038067  3.9999994 ],exiting,[ 0.63925976  0.24903542 -0.34837281]
335.63655138015747,1004,False,3,6,[8.66752022 9.2258803  2.44926135],landing,[-0.62185191  0.08809385  0.93462812]
335.63655138015747,1005,False,6,0,[1.83827983 6.82663058 4.        ],exiting,[ 0.50568378 -0.03156594 -0.11489306]
335.7263648509979,1000,False,5,3,[-0.59795067 -5.71407801  4.        ],exiting,[-0.82138112 -0.19970136 -0.21083176]
335.7263648509979,1001,False,4,5,[-3.23393615 -1.43770841  4.00005387],cruising,[-0.48080528  0.59740651 -0.20557775]
335.7263648509979,1002,False,2,1,[-5.95574805  1.1109647   3.50950875],entering,[ 0.5677905  -0.59831228 -0.99408226]
335.7263648509979,1003,False,1,4,[ 8.66328897 -7.08702432  3.99999972],landing,[ 0.63925976  0.24903542 -0.34837281]
335.7263648509979,1004,False,3,6,[8.68656091 9.21294442 2.35194683],landing,[-0.62185191  0.08809385  0.93462812]
335.7263648509979,1005,False,6,0,[1.86168303 6.92385347 4.        ],exiting,[ 0.50568378 -0.03156594 -0.11489306]
335.83746433258057,1000,False,5,3,[-0.58253914 -5.81288329  4.        ],exiting,[-0.82138112 -0.19970136 -0.21083176]
335.83746433258057,1001,False,4,5,[-3.24163532 -1.23785666  4.00004579],cruising,[-0.48080528  0.59740651 -0.20557775]
335.83746433258057,1002,False,2,1,[-5.88822664  1.29922212  3.58308244],entering,[ 0.5677905  -0.59831228 -0.99408226]
335.83746433258057,1003,False,1,4,[ 8.68230774 -7.17131776  3.98575365],landing,[ 0.63925976  0.24903542 -0.34837281]
335.83746433258057,1004,False,3,6,[8.7056016  9.20000855 2.25463231],landing,[-0.62185191  0.08809385  0.93462812]
335.83746433258057,1005,False,6,0,[1.88508624 7.02107636 4.        ],exiting,[ 0.50568378 -0.03156594 -0.11489306]
335.9233338832855,1000,False,5,3,[-0.5671276  -5.91168858  4.        ],exiting,[-0.82138112 -0.19970136 -0.21083176]
335.9233338832855,1001,False,4,5,[-3.26388581 -1.03909823  4.00003892],cruising,[-0.48080528  0.59740651 -0.20557775]
335.9233338832855,1002,False,2,1,[-5.83192105  1.49113273  3.64562007],entering,[ 0.5677905  -0.59831228 -0.99408226]
335.9233338832855,1003,False,1,4,[ 8.69464562 -7.24308284  3.95742191],landing,[ 0.63925976  0.24903542 -0.34837281]
335.9233338832855,1004,False,3,6,[8.72464229 9.18707267 2.15731779],landing,[-0.62185191  0.08809385  0.93462812]
335.9233338832855,1005,False,6,0,[1.90848944 7.11829925 4.        ],exiting,[ 0.50568378 -0.03156594 -0.11489306]
336.027391910553,1000,False,5,3,[-0.55171606 -6.01049387  4.        ],exiting,[-0.82138112 -0.19970136 -0.21083176]
336.027391910553,1001,False,4,5,[-3.29951468 -0.84229735  4.00003308],cruising,[-0.48080528  0.59740651 -0.20557775]
336.027391910553,1002,False,2,1,[-5.78843598  1.68634812  3.69877706],entering,[ 0.5677905  -0.59831228 -0.99408226]
336.027391910553,1003,False,1,4,[ 8.70029295 -7.30210865  3.91519962],landing,[ 0.63925976  0.24903542 -0.34837281]
336.027391910553,1004,False,3,6,[8.74368298 9.1741368  2.06000328],landing,[-0.62185191  0.08809385  0.93462812]
336.027391910553,1005,False,6,0,[1.93189265 7.21552213 4.        ],exiting,[ 0.50568378 -0.03156594 -0.11489306]
336.13462018966675,1000,False,5,3,[-0.53630452 -6.10929915  4.        ],exiting,[-0.82138112 -0.19970136 -0.21083176]
336.13462018966675,1001,False,4,5,[-3.34591415 -0.64775407  4.00002812],cruising,[-0.48080528  0.59740651 -0.20557775]
336.13462018966675,1002,False,2,1,[-5.75930695  1.8842155   3.7439605 ],entering,[ 0.5677905  -0.59831228 -0.99408226]
336.13462018966675,1003,False,1,4,[ 8.69923846 -7.34810219  3.85936683],landing,[ 0.63925976  0.24903542 -0.34837281]
336.13462018966675,1004,False,3,6,[8.76272367 9.16120092 1.96268876],landing,[-0.62185191  0.08809385  0.93462812]
336.13462018966675,1005,False,6,0,[1.95529585 7.31274502 4.        ],exiting,[ 0.50568378 -0.03156594 -0.11489306]
336.224187374115,1000,False,5,3,[-0.52089299 -6.20810444  4.        ],exiting,[-0.82138112 -0.19970136 -0.21083176]
336.224187374115,1001,False,4,5,[-3.40372717 -0.45629218  4.0000239 ],cruising,[-0.48080528  0.59740651 -0.20557775]
336.224187374115,1002,False,2,1,[-5.74575855  2.08375607  3.78236643],entering,[ 0.5677905  -0.59831228 -0.99408226]
336.224187374115,1003,False,1,4,[ 8.69147518 -7.38083538  3.79014915],landing,[ 0.63925976  0.24903542 -0.34837281]
336.224187374115,1004,False,3,6,[8.78176436 9.14826505 1.86537424],landing,[-0.62185191  0.08809385  0.93462812]
336.224187374115,1005,False,6,0,[1.97869905 7.40996791 4.        ],exiting,[ 0.50568378 -0.03156594 -0.11489306]
336.3280370235443,1000,False,5,3,[-0.50548145 -6.30690972  4.        ],exiting,[-0.82138112 -0.19970136 -0.21083176]
336.3280370235443,1001,False,4,5,[-3.47218009 -0.26837146  4.00002032],cruising,[-0.48080528  0.59740651 -0.20557775]
336.3280370235443,1002,False,2,1,[-5.74756571  2.28374791  3.81501146],entering,[ 0.5677905  -0.59831228 -0.99408226]
336.3280370235443,1003,False,1,4,[ 8.67699795 -7.4000865   3.70777258],landing,[ 0.63925976  0.24903542 -0.34837281]
336.3280370235443,1004,False,3,6,[8.80080505 9.13532917 1.76805973],landing,[-0.62185191  0.08809385  0.93462812]
336.3280370235443,1005,False,6,0,[2.00210226 7.5071908  4.        ],exiting,[ 0.50568378 -0.03156594 -0.11489306]
336.4352686405182,1000,False,5,3,[-0.49006991 -6.40571501  4.        ],exiting,[-0.82138112 -0.19970136 -0.21083176]
336.4352686405182,1001,False,4,5,[-3.54860369 -0.08354875  4.00001727],cruising,[-0.48080528  0.59740651 -0.20557775]
336.4352686405182,1002,False,2,1,[-5.76537539  2.48295337  3.84275974],cruising,[ 0.5677905  -0.59831228 -0.99408226]
336.4352686405182,1003,False,1,4,[ 8.65580318 -7.40563193  3.61247204],landing,[ 0.63925976  0.24903542 -0.34837281]
336.4352686405182,1004,False,3,6,[8.81984574 9.1223933  1.67074521],landing,[-0.62185191  0.08809385  0.93462812]
336.4352686405182,1005,False,6,0,[2.02550546 7.60441369 4.        ],exiting,[ 0.50568378 -0.03156594 -0.11489306]
336.54098773002625,1000,False,5,3,[-0.47465837 -6.5045203   4.        ],exiting,[-0.82138112 -0.19970136 -0.21083176]
336.54098773002625,1001,False,4,5,[-3.63576084  0.09646133  4.00001468],cruising,[-0.48080528  0.59740651 -0.20557775]
336.54098773002625,1002,False,2,1,[-5.79698805  2.68043916  3.86634578],cruising,[ 0.5677905  -0.59831228 -0.99408226]
336.54098773002625,1003,False,1,4,[ 8.63348291 -7.40884375  3.51504776],landing,[ 0.63925976  0.24903542 -0.34837281]
336.54098773002625,1004,False,3,6,[8.83888643 9.10945742 1.57343069],landing,[-0.62185191  0.08809385  0.93462812]
336.54098773002625,1005,False,6,0,[2.04890866 7.70163658 4.        ],exiting,[ 0.50568378 -0.03156594 -0.11489306]
336.6372504234314,1000,False,5,3,[-0.45924684 -6.60332558  4.        ],exiting,[-0.82138112 -0.19970136 -0.21083176]
336.6372504234314,1001,False,4,5,[-3.73056821  0.27256233  4.00001248],cruising,[-0.48080528  0.59740651 -0.20557775]
336.6372504234314,1002,False,2,1,[-5.84183165  2.87534697  3.88639392],cruising,[ 0.5677905  -0.59831228 -0.99408226]
336.6372504234314,1003,False,1,4,[ 8.61116264 -7.41205557  3.41762348],landing,[ 0.63925976  0.24903542 -0.34837281]
336.6372504234314,1004,False,3,6,[8.85792712 9.09652155 1.47611617],fake_landed,[-0.62185191  0.08809385  0.93462812]
336.6372504234314,1005,False,6,0,[2.07231187 7.79885947 4.        ],exiting,[ 0.50568378 -0.03156594 -0.11489306]
336.7373032569885,1000,False,5,3,[-0.4438353  -6.70213087  4.        ],exiting,[-0.82138112 -0.19970136 -0.21083176]
336.7373032569885,1001,False,4,5,[-3.83309821  0.44428187  4.00001061],cruising,[-0.48080528  0.59740651 -0.20557775]
336.7373032569885,1002,False,2,1,[-5.8962139   3.06781143  3.90343483],cruising,[ 0.5677905  -0.59831228 -0.99408226]
336.7373032569885,1003,False,1,4,[ 8.58884237 -7.41526739  3.32019921],landing,[ 0.63925976  0.24903542 -0.34837281]
336.7373032569885,1004,False,3,6,[8.87315968 9.08617285 1.39826456],fake_landed,[-0.62185191  0.08809385  0.93462812]
336.7373032569885,1005,False,6,0,[2.09571507 7.89608235 4.        ],exiting,[ 0.50568378 -0.03156594 -0.11489306]
336.82613492012024,1000,False,5,3,[-0.42842376 -6.80093615  4.        ],exiting,[-0.82138112 -0.19970136 -0.21083176]
336.82613492012024,1001,False,4,5,[-3.93961883  0.6135549   4.00000901],cruising,[-0.48080528  0.59740651 -0.20557775]
336.82613492012024,1002,False,2,1,[-5.95769667  3.25812662  3.9179196 ],cruising,[ 0.5677905  -0.59831228 -0.99408226]
336.82613492012024,1003,False,1,4,[ 8.5665221  -7.41847921  3.22277493],landing,[ 0.63925976  0.24903542 -0.34837281]
336.82613492012024,1004,False,3,6,[8.88458409 9.07841132 1.33987585],fake_landed,[-0.62185191  0.08809385  0.93462812]
336.82613492012024,1005,False,6,0,[2.11911828 7.99330524 4.        ],exiting,[ 0.50568378 -0.03156594 -0.11489306]
336.9282531738281,1000,False,5,3,[-0.41301222 -6.89974144  4.        ],exiting,[-0.82138112 -0.19970136 -0.21083176]
336.9282531738281,1001,False,4,5,[-4.04924372  0.78083426  4.00000766],cruising,[-0.48080528  0.59740651 -0.20557775]
336.9282531738281,1002,False,2,1,[-6.02389008  3.44685508  3.93023166],cruising,[ 0.5677905  -0.59831228 -0.99408226]
336.9282531738281,1003,False,1,4,[ 8.54420183 -7.42169103  3.12535065],landing,[ 0.63925976  0.24903542 -0.34837281]
336.9282531738281,1004,False,3,6,[8.89220037 9.07323697 1.30095004],fake_landed,[-0.62185191  0.08809385  0.93462812]
336.9282531738281,1005,False,6,0,[2.14252148 8.09052813 4.        ],exiting,[ 0.50568378 -0.03156594 -0.11489306]
337.0334780216217,1000,False,5,3,[-0.39760069 -6.99854672  4.        ],exiting,[-0.82138112 -0.19970136 -0.21083176]
337.0334780216217,1001,False,4,5,[-4.16123727  0.94653713  4.00000651],cruising,[-0.48080528  0.59740651 -0.20557775]
337.0334780216217,1002,False,2,1,[-6.09251921  3.63471152  3.94069691],cruising,[ 0.5677905  -0.59831228 -0.99408226]
337.0334780216217,1003,False,1,4,[ 8.52188156 -7.42490284  3.02792637],landing,[ 0.63925976  0.24903542 -0.34837281]
337.0334780216217,1004,False,3,6,[8.89600851 9.0706498  1.28148714],fake_landed,[-0.62185191  0.08809385  0.93462812]
337.0334780216217,1005,False,6,0,[2.16592468 8.18775102 4.        ],exiting,[ 0.50568378 -0.03156594 -0.11489306]
337.1256184577942,1000,False,5,3,[-0.38218915 -7.09735201  4.        ],exiting,[-0.82138112 -0.19970136 -0.21083176]
337.1256184577942,1001,False,4,5,[-4.27498637  1.11103985  4.00000554],cruising,[-0.48080528  0.59740651 -0.20557775]
337.1256184577942,1002,False,2,1,[-6.16140827  3.8224728   3.94959238],cruising,[ 0.5677905  -0.59831228 -0.99408226]
337.1256184577942,1003,False,1,4,[ 8.49956129 -7.42811466  2.9305021 ],landing,[ 0.63925976  0.24903542 -0.34837281]
337.1256184577942,1004,False,3,6,[8.89600851 9.0706498  1.28148714],fake_landed,[-0.62185191  0.08809385  0.93462812]
337.1256184577942,1005,False,6,0,[2.18932789 8.28497391 4.        ],exiting,[ 0.50568378 -0.03156594 -0.11489306]
337.22668266296387,1000,False,5,3,[-0.36677761 -7.1961573   4.        ],exiting,[-0.82138112 -0.19970136 -0.21083176]
337.22668266296387,1001,False,4,5,[-4.38997567  1.27467805  4.00000471],cruising,[-0.48080528  0.59740651 -0.20557775]
337.22668266296387,1002,False,2,1,[-6.22840991  4.01091584  3.95715352],cruising,[ 0.5677905  -0.59831228 -0.99408226]
337.22668266296387,1003,False,1,4,[ 8.47724101 -7.43132648  2.83307782],landing,[ 0.63925976  0.24903542 -0.34837281]
337.22668266296387,1004,False,6,2,[8.89600851 9.0706498  1.28148714],waiting,[-0.62185191  0.08809385  0.93462812]
337.22668266296387,1005,False,6,0,[2.21273109 8.3821968  4.        ],exiting,[ 0.50568378 -0.03156594 -0.11489306]
337.33587670326233,1000,False,5,3,[-0.35136607 -7.29496258  4.        ],exiting,[-0.82138112 -0.19970136 -0.21083176]
337.33587670326233,1001,False,4,5,[-4.50576667  1.43774995  4.000004  ],cruising,[-0.48080528  0.59740651 -0.20557775]
337.33587670326233,1002,False,2,1,[-6.29129857  4.20077109  3.96358049],cruising,[ 0.5677905  -0.59831228 -0.99408226]
337.33587670326233,1003,False,1,4,[ 8.45492074 -7.4345383   2.73565354],landing,[ 0.63925976  0.24903542 -0.34837281]
337.33587670326233,1004,False,6,2,[8.89600851 9.0706498  1.28148714],waiting,[-0.62185191  0.08809385  0.93462812]
337.33587670326233,1005,False,6,0,[2.23613429 8.47941969 4.        ],exiting,[ 0.50568378 -0.03156594 -0.11489306]
337.4295392036438,1000,False,5,3,[-0.33595454 -7.39376787  4.        ],exiting,[-0.82138112 -0.19970136 -0.21083176]
337.4295392036438,1001,False,4,5,[-4.62187903  1.60059318  4.0000034 ],cruising,[-0.48080528  0.59740651 -0.20557775]
337.4295392036438,1002,False,2,1,[-6.34763668  4.39267216  3.96904342],cruising,[ 0.5677905  -0.59831228 -0.99408226]
337.4295392036438,1003,False,1,4,[ 8.43260047 -7.43775012  2.63822927],landing,[ 0.63925976  0.24903542 -0.34837281]
337.4295392036438,1004,False,6,2,[8.89600851 9.0706498  1.28148714],waiting,[-0.62185191  0.08809385  0.93462812]
337.4295392036438,1005,False,6,0,[2.2595375  8.57664257 4.        ],exiting,[ 0.50568378 -0.03156594 -0.11489306]
337.5357577800751,1000,False,5,3,[-0.320543   -7.49257315  4.        ],exiting,[-0.82138112 -0.19970136 -0.21083176]
337.5357577800751,1001,False,4,5,[-4.73824102  1.76325814  4.00000289],cruising,[-0.48080528  0.59740651 -0.20557775]
337.5357577800751,1002,False,2,1,[-6.38837723  4.58847871  3.97368691],cruising,[ 0.5677905  -0.59831228 -0.99408226]
337.5357577800751,1003,False,1,4,[ 8.4102802  -7.44096194  2.54080499],landing,[ 0.63925976  0.24903542 -0.34837281]
337.5357577800751,1004,False,6,2,[8.89600851 9.0706498  1.28148714],waiting,[-0.62185191  0.08809385  0.93462812]
337.5357577800751,1005,False,6,0,[2.2829407  8.67386546 4.        ],landing,[ 0.50568378 -0.03156594 -0.11489306]
337.63538885116577,1000,False,5,3,[-0.30513146 -7.59137844  4.        ],exiting,[-0.82138112 -0.19970136 -0.21083176]
337.63538885116577,1001,False,4,5,[-4.85450441  1.92599358  4.00000246],cruising,[-0.48080528  0.59740651 -0.20557775]
337.63538885116577,1002,False,2,1,[-6.41604264  4.78655603  3.97763387],cruising,[ 0.5677905  -0.59831228 -0.99408226]
337.63538885116577,1003,False,1,4,[ 8.38795993 -7.44417376  2.44338071],landing,[ 0.63925976  0.24903542 -0.34837281]
337.63538885116577,1004,False,6,2,[8.89600851 9.0706498  1.28148714],waiting,[-0.62185191  0.08809385  0.93462812]
337.63538885116577,1005,False,6,0,[2.30607704 8.75660383 3.98621133],landing,[ 0.50568378 -0.03156594 -0.11489306]
337.7307484149933,1000,False,5,3,[-0.28971992 -7.69018373  4.        ],exiting,[-0.82138112 -0.19970136 -0.21083176]
337.7307484149933,1001,False,4,5,[-4.97035267  2.08902481  4.00000209],cruising,[-0.48080528  0.59740651 -0.20557775]
337.7307484149933,1002,False,2,1,[-6.42375992  4.98600897  3.98115722],cruising,[ 0.5677905  -0.59831228 -0.99408226]
337.7307484149933,1003,False,1,4,[ 8.36563966 -7.44738557  2.34595644],landing,[ 0.63925976  0.24903542 -0.34837281]
337.7307484149933,1004,False,6,2,[8.89600851 9.0706498  1.28148714],waiting,[-0.62185191  0.08809385  0.93462812]
337.7307484149933,1005,False,6,0,[2.32887043 8.8247028  3.95880024],landing,[ 0.50568378 -0.03156594 -0.11489306]
337.8334491252899,1000,False,5,3,[-0.27430838 -7.78898901  4.        ],landing,[-0.82138112 -0.19970136 -0.21083176]
337.8334491252899,1001,False,4,5,[-5.08548765  2.25256055  4.00000177],cruising,[-0.48080528  0.59740651 -0.20557775]
337.8334491252899,1002,False,2,1,[-6.41152314  5.18414165  3.98437586],cruising,[ 0.5677905  -0.59831228 -0.99408226]
337.8334491252899,1003,False,1,4,[ 8.34331939 -7.45059739  2.24853216],landing,[ 0.63925976  0.24903542 -0.34837281]
337.8334491252899,1004,False,6,2,[8.89600851 9.0706498  1.28148714],waiting,[-0.62185191  0.08809385  0.93462812]
337.8334491252899,1005,False,6,0,[2.35123103 8.87798217 3.91796558],landing,[ 0.50568378 -0.03156594 -0.11489306]
337.9375834465027,1000,False,5,3,[-0.2642299  -7.87452182  3.98602145],landing,[-0.82138112 -0.19970136 -0.21083176]
337.9375834465027,1001,False,4,5,[-5.20015741  2.41642282  4.00000151],cruising,[-0.48080528  0.59740651 -0.20557775]
337.9375834465027,1002,False,2,1,[-6.37966848  5.3783927   3.98732687],cruising,[ 0.5677905  -0.59831228 -0.99408226]
337.9375834465027,1003,False,1,4,[ 8.32099912 -7.45380921  2.15110788],landing,[ 0.63925976  0.24903542 -0.34837281]
337.9375834465027,1004,False,6,2,[8.89600851 9.0706498  1.28148714],waiting,[-0.62185191  0.08809385  0.93462812]
337.9375834465027,1005,False,6,0,[2.37303709 8.91620208 3.86398157],landing,[ 0.50568378 -0.03156594 -0.11489306]
338.02582335472107,1000,False,5,3,[-0.25947349 -7.94660727  3.95822827],landing,[-0.82138112 -0.19970136 -0.21083176]
338.02582335472107,1001,False,4,5,[-5.31355208  2.58117005  4.00000128],cruising,[-0.48080528  0.59740651 -0.20557775]
338.02582335472107,1002,False,2,1,[-6.32882484  5.56637044  3.99002414],cruising,[ 0.5677905  -0.59831228 -0.99408226]
338.02582335472107,1003,False,1,4,[ 8.29867885 -7.45702103  2.05368361],landing,[ 0.63925976  0.24903542 -0.34837281]
338.02582335472107,1004,False,6,2,[8.89600851 9.0706498  1.28148714],waiting,[-0.62185191  0.08809385  0.93462812]
338.02582335472107,1005,False,6,0,[2.39417627 8.93914587 3.79710589],landing,[ 0.50568378 -0.03156594 -0.11489306]
338.1290531158447,1000,False,5,3,[-0.26002512 -8.00504015  3.91681773],landing,[-0.82138112 -0.19970136 -0.21083176]
338.1290531158447,1001,False,4,5,[-5.42535805  2.74699955  4.00000109],cruising,[-0.48080528  0.59740651 -0.20557775]
338.1290531158447,1002,False,2,1,[-6.25988196  5.74584198  3.99247314],cruising,[ 0.5677905  -0.59831228 -0.99408226]
338.1290531158447,1003,False,1,4,[ 8.27635858 -7.46023285  1.95625933],landing,[ 0.63925976  0.24903542 -0.34837281]
338.1290531158447,1004,False,6,2,[8.89600851 9.0706498  1.28148714],waiting,[-0.62185191  0.08809385  0.93462812]
338.1290531158447,1005,False,6,0,[2.41454898 8.94662509 3.71757084],landing,[ 0.50568378 -0.03156594 -0.11489306]
338.23977422714233,1000,False,5,3,[-0.26586365 -8.04954223  3.86206624],landing,[-0.82138112 -0.19970136 -0.21083176]
338.23977422714233,1001,False,4,5,[-5.53523613  2.91411271  4.00000093],cruising,[-0.48080528  0.59740651 -0.20557775]
338.23977422714233,1002,False,2,1,[-6.17387754  5.91488113  3.99465871],cruising,[ 0.5677905  -0.59831228 -0.99408226]
338.23977422714233,1003,False,1,4,[ 8.25403831 -7.46344467  1.85883505],landing,[ 0.63925976  0.24903542 -0.34837281]
338.23977422714233,1004,False,6,2,[8.89600851 9.0706498  1.28148714],waiting,[-0.62185191  0.08809385  0.93462812]
338.23977422714233,1005,False,6,0,[2.43405343 8.93845079 3.62561752],landing,[ 0.50568378 -0.03156594 -0.11489306]
338.327716588974,1000,False,5,3,[-0.27696907 -8.07987565  3.7942186 ],landing,[-0.82138112 -0.19970136 -0.21083176]
338.327716588974,1001,False,4,5,[-5.64280656  3.08272055  4.00000079],cruising,[-0.48080528  0.59740651 -0.20557775]
338.327716588974,1002,False,2,1,[-6.07197451  6.07178907  3.99658372],cruising,[ 0.5677905  -0.59831228 -0.99408226]
338.327716588974,1003,False,1,4,[ 8.23171804 -7.46665648  1.76141077],landing,[ 0.63925976  0.24903542 -0.34837281]
338.327716588974,1004,False,6,2,[8.89600851 9.0706498  1.28148714],waiting,[-0.62185191  0.08809385  0.93462812]
338.327716588974,1005,False,6,0,[2.45315134 8.92365523 3.52857958],landing,[ 0.50568378 -0.03156594 -0.11489306]
338.43442392349243,1000,False,5,3,[-0.29332146 -8.09582421  3.71350453],landing,[-0.82138112 -0.19970136 -0.21083176]
338.43442392349243,1001,False,4,5,[-5.74763141  3.25304891  4.00000067],cruising,[-0.48080528  0.59740651 -0.20557775]
338.43442392349243,1002,False,2,1,[-5.95507237  6.21547009  3.99823484],cruising,[ 0.5677905  -0.59831228 -0.99408226]
338.43442392349243,1003,False,1,4,[ 8.20939777 -7.4698683   1.6639865 ],landing,[ 0.63925976  0.24903542 -0.34837281]
338.43442392349243,1004,False,6,2,[8.89600851 9.0706498  1.28148714],waiting,[-0.62185191  0.08809385  0.93462812]
338.43442392349243,1005,False,6,0,[2.47224925 8.90885968 3.43154165],landing,[ 0.50568378 -0.03156594 -0.11489306]
338.5282278060913,1000,False,5,3,[-0.31489909 -8.09717023  3.6201626 ],landing,[-0.82138112 -0.19970136 -0.21083176]
338.5282278060913,1001,False,4,5,[-5.84919266  3.42534317  4.00000057],cruising,[-0.48080528  0.59740651 -0.20557775]
338.5282278060913,1002,False,2,1,[-5.8240613   6.3449787   3.99960079],cruising,[ 0.5677905  -0.59831228 -0.99408226]
338.5282278060913,1003,False,1,4,[ 8.1870775  -7.47308012  1.56656222],landing,[ 0.63925976  0.24903542 -0.34837281]
338.5282278060913,1004,False,6,2,[8.89600851 9.0706498  1.28148714],waiting,[-0.62185191  0.08809385  0.93462812]
338.5282278060913,1005,False,6,0,[2.49134716 8.89406412 3.33450371],landing,[ 0.50568378 -0.03156594 -0.11489306]
338.6293520927429,1000,False,5,3,[-0.338104   -8.09387899  3.52294789],landing,[-0.82138112 -0.19970136 -0.21083176]
338.6293520927429,1001,False,4,5,[-5.9468643   3.59987183  4.00000048],cruising,[-0.48080528  0.59740651 -0.20557775]
338.6293520927429,1002,False,2,1,[-5.67978736  6.45952038  4.0006718 ],cruising,[ 0.5677905  -0.59831228 -0.99408226]
338.6293520927429,1003,False,1,4,[ 8.16475723 -7.47629194  1.46913794],fake_landed,[ 0.63925976  0.24903542 -0.34837281]
338.6293520927429,1004,False,6,2,[8.89600851 9.0706498  1.28148714],waiting,[-0.62185191  0.08809385  0.93462812]
338.6293520927429,1005,False,6,0,[2.51044507 8.87926856 3.23746577],landing,[ 0.50568378 -0.03156594 -0.11489306]
338.7355329990387,1000,False,5,3,[-0.36130892 -8.09058776  3.42573318],landing,[-0.82138112 -0.19970136 -0.21083176]
338.7355329990387,1001,False,4,5,[-6.03987574  3.77692795  4.00000041],cruising,[-0.48080528  0.59740651 -0.20557775]
338.7355329990387,1002,False,2,1,[-5.52301889  6.55844813  4.00143916],cruising,[ 0.5677905  -0.59831228 -0.99408226]
338.7355329990387,1003,False,1,4,[ 8.14690101 -7.4788614   1.39119852],fake_landed,[ 0.63925976  0.24903542 -0.34837281]
338.7355329990387,1004,False,6,2,[8.89600851 9.0706498  1.28148714],queued,[-0.62185191  0.08809385  0.93462812]
338.7355329990387,1005,False,6,0,[2.52954298 8.86447301 3.14042783],landing,[ 0.50568378 -0.03156594 -0.11489306]
338.84028482437134,1000,False,5,3,[-0.38451384 -8.08729653  3.32851847],landing,[-0.82138112 -0.19970136 -0.21083176]
338.84028482437134,1001,False,4,5,[-6.12726318  3.95682636  4.00000035],cruising,[-0.48080528  0.59740651 -0.20557775]
338.84028482437134,1002,False,2,1,[-5.35444589  6.64123411  4.00189667],cruising,[ 0.5677905  -0.59831228 -0.99408226]
338.84028482437134,1003,False,1,4,[ 8.13350885 -7.48078849  1.33274396],fake_landed,[ 0.63925976  0.24903542 -0.34837281]
338.84028482437134,1004,False,6,2,[8.89600851 9.0706498  1.30148714],queued,[-0.62185191  0.08809385  0.93462812]
338.84028482437134,1005,False,6,0,[2.54864089 8.84967745 3.0433899 ],landing,[ 0.50568378 -0.03156594 -0.11489306]
338.9272429943085,1000,False,5,3,[-0.40771876 -8.08400529  3.23130377],landing,[-0.82138112 -0.19970136 -0.21083176]
338.9272429943085,1001,False,4,5,[-6.20780459  4.13989214  4.0000003 ],cruising,[-0.48080528  0.59740651 -0.20557775]
338.9272429943085,1002,False,2,1,[-5.17491213  6.70729371  4.00205389],cruising,[ 0.5677905  -0.59831228 -0.99408226]
338.9272429943085,1003,False,1,4,[ 8.12458074 -7.48207321  1.29377425],fake_landed,[ 0.63925976  0.24903542 -0.34837281]
338.9272429943085,1004,False,6,2,[8.89600851 9.0706498  1.34148714],queued,[-0.62185191  0.08809385  0.93462812]
338.9272429943085,1005,False,6,0,[2.56773881 8.8348819  2.94635196],landing,[ 0.50568378 -0.03156594 -0.11489306]
339.027423620224,1000,False,5,3,[-0.43092367 -8.08071406  3.13408906],landing,[-0.82138112 -0.19970136 -0.21083176]
339.027423620224,1001,False,4,5,[-6.2799331   4.32643296  4.00000025],cruising,[-0.48080528  0.59740651 -0.20557775]
339.027423620224,1002,False,2,1,[-4.98443461  6.7566161   4.0018956 ],cruising,[ 0.5677905  -0.59831228 -0.99408226]
339.027423620224,1003,False,1,4,[ 8.12011668 -7.48271558  1.27428939],fake_landed,[ 0.63925976  0.24903542 -0.34837281]
339.027423620224,1004,False,6,2,[8.89600851 9.0706498  1.40148714],queued,[-0.62185191  0.08809385  0.93462812]
339.027423620224,1005,False,6,0,[2.58683672 8.82008634 2.84931402],landing,[ 0.50568378 -0.03156594 -0.11489306]
339.12714743614197,1000,False,5,3,[-0.45412859 -8.07742283  3.03687435],landing,[-0.82138112 -0.19970136 -0.21083176]
339.12714743614197,1001,False,4,5,[-6.336056    4.51839707  4.00000021],exiting,[-0.48080528  0.59740651 -0.20557775]
339.12714743614197,1002,False,2,1,[-4.78943028  6.8010381   4.00161126],cruising,[ 0.5677905  -0.59831228 -0.99408226]
339.12714743614197,1003,False,1,4,[ 8.12011668 -7.48271558  1.27428939],fake_landed,[ 0.63925976  0.24903542 -0.34837281]
339.12714743614197,1004,False,6,2,[8.89600851 9.0706498  1.47648714],queued,[-0.62185191  0.08809385  0.93462812]
339.12714743614197,1005,False,6,0,[2.60593463 8.80529078 2.75227608],landing,[ 0.50568378 -0.03156594 -0.11489306]
339.234356880188,1000,False,5,3,[-0.47733351 -8.07413159  2.93965964],landing,[-0.82138112 -0.19970136 -0.21083176]
339.234356880188,1001,False,4,5,[-6.39280628  4.69037102  4.00000018],exiting,[-0.48080528  0.59740651 -0.20557775]
339.234356880188,1002,False,2,1,[-4.59529115  6.84910053  4.00136957],cruising,[ 0.5677905  -0.59831228 -0.99408226]
339.234356880188,1003,False,4,6,[ 8.12011668 -7.48271558  1.27428939],waiting,[ 0.63925976  0.24903542 -0.34837281]
339.234356880188,1004,False,6,2,[8.89600851 9.0706498  1.55148714],entering,[-0.62185191  0.08809385  0.93462812]
339.234356880188,1005,False,6,0,[2.62503254 8.79049523 2.65523815],landing,[ 0.50568378 -0.03156594 -0.11489306]
339.3316068649292,1000,False,5,3,[-0.50053843 -8.07084036  2.84244493],landing,[-0.82138112 -0.19970136 -0.21083176]
339.3316068649292,1001,False,4,5,[-6.4504123   4.84236329  4.00000014],exiting,[-0.48080528  0.59740651 -0.20557775]
339.3316068649292,1002,False,2,1,[-4.40170454  6.89934217  4.00116413],cruising,[ 0.5677905  -0.59831228 -0.99408226]
339.3316068649292,1003,False,4,6,[ 8.12011668 -7.48271558  1.27428939],waiting,[ 0.63925976  0.24903542 -0.34837281]
339.3316068649292,1004,False,6,2,[8.89178022 9.05110187 1.62648714],entering,[-0.62185191  0.08809385  0.93462812]
339.3316068649292,1005,False,6,0,[2.64413045 8.77569967 2.55820021],landing,[ 0.50568378 -0.03156594 -0.11489306]
339.4257302284241,1000,False,5,3,[-0.52374334 -8.06754913  2.74523022],landing,[-0.82138112 -0.19970136 -0.21083176]
339.4257302284241,1001,False,4,5,[-6.50918904  4.97438986  4.00000011],exiting,[-0.48080528  0.59740651 -0.20557775]
339.4257302284241,1002,False,2,1,[-4.20835247  6.95047903  4.00098951],cruising,[ 0.5677905  -0.59831228 -0.99408226]
339.4257302284241,1003,False,4,6,[ 8.12011668 -7.48271558  1.27428939],waiting,[ 0.63925976  0.24903542 -0.34837281]
339.4257302284241,1004,False,6,2,[8.88332364 9.01200601 1.70148714],entering,[-0.62185191  0.08809385  0.93462812]
339.4257302284241,1005,False,6,0,[2.66322836 8.76090412 2.46116227],landing,[ 0.50568378 -0.03156594 -0.11489306]
339.5359396934509,1000,False,5,3,[-0.54694826 -8.06425789  2.64801551],landing,[-0.82138112 -0.19970136 -0.21083176]
339.5359396934509,1001,False,4,5,[-6.56948427  5.08647415  4.00000008],exiting,[-0.48080528  0.59740651 -0.20557775]
339.5359396934509,1002,False,2,1,[-4.0143162   6.99895507  4.00084109],cruising,[ 0.5677905  -0.59831228 -0.99408226]
339.5359396934509,1003,False,4,6,[ 8.12011668 -7.48271558  1.27428939],waiting,[ 0.63925976  0.24903542 -0.34837281]
339.5359396934509,1004,False,6,2,[8.87063877 8.95336222 1.77648714],entering,[-0.62185191  0.08809385  0.93462812]
339.5359396934509,1005,False,6,0,[2.68232627 8.74610856 2.36412433],landing,[ 0.50568378 -0.03156594 -0.11489306]
339.6305561065674,1000,False,5,3,[-0.57015318 -8.06096666  2.5508008 ],landing,[-0.82138112 -0.19970136 -0.21083176]
339.6305561065674,1001,False,4,5,[-6.63161542  5.17864288  4.00000006],exiting,[-0.48080528  0.59740651 -0.20557775]
339.6305561065674,1002,False,2,1,[-3.82012067  7.04678909  4.00071492],cruising,[ 0.5677905  -0.59831228 -0.99408226]
339.6305561065674,1003,False,4,6,[ 8.12011668 -7.48271558  1.27428939],waiting,[ 0.63925976  0.24903542 -0.34837281]
339.6305561065674,1004,False,6,2,[8.8537256  8.8751705  1.85148714],entering,[-0.62185191  0.08809385  0.93462812]
339.6305561065674,1005,False,6,0,[2.70142418 8.731313   2.2670864 ],landing,[ 0.50568378 -0.03156594 -0.11489306]
339.73825573921204,1000,False,5,3,[-0.59335809 -8.05767543  2.4535861 ],landing,[-0.82138112 -0.19970136 -0.21083176]
339.73825573921204,1001,False,4,5,[-6.6953965   5.25566219  4.00000005],exiting,[-0.48080528  0.59740651 -0.20557775]
339.73825573921204,1002,False,2,1,[-3.62554696  7.09306081  4.00060768],cruising,[ 0.5677905  -0.59831228 -0.99408226]
339.73825573921204,1003,False,4,6,[ 8.12011668 -7.48271558  1.27428939],waiting,[ 0.63925976  0.24903542 -0.34837281]
339.73825573921204,1004,False,6,2,[8.83258883 8.77742984 1.92648714],entering,[-0.62185191  0.08809385  0.93462812]
339.73825573921204,1005,False,6,0,[2.7205221  8.71651745 2.17004846],landing,[ 0.50568378 -0.03156594 -0.11489306]
339.82852363586426,1000,False,5,3,[-0.61656301 -8.05438419  2.35637139],landing,[-0.82138112 -0.19970136 -0.21083176]
339.82852363586426,1001,False,4,5,[-6.75917758  5.3326815   4.00000004],exiting,[-0.48080528  0.59740651 -0.20557775]
339.82852363586426,1002,False,2,1,[-3.42989794  7.13455131  4.00051653],cruising,[ 0.5677905  -0.59831228 -0.99408226]
339.82852363586426,1003,False,4,6,[ 8.12011668 -7.48271558  1.27428939],waiting,[ 0.63925976  0.24903542 -0.34837281]
339.82852363586426,1004,False,6,2,[8.80738676 8.6601067  2.00148714],entering,[-0.62185191  0.08809385  0.93462812]
339.82852363586426,1005,False,6,0,[2.73962001 8.70172189 2.07301052],landing,[ 0.50568378 -0.03156594 -0.11489306]
339.9282259941101,1000,False,5,3,[-0.63976793 -8.05109296  2.25915668],landing,[-0.82138112 -0.19970136 -0.21083176]
339.9282259941101,1001,False,4,5,[-6.82295866  5.40970081  4.00000003],exiting,[-0.48080528  0.59740651 -0.20557775]
339.9282259941101,1002,False,2,1,[-3.23369526  7.17333931  4.00043905],cruising,[ 0.5677905  -0.59831228 -0.99408226]
339.9282259941101,1003,False,4,6,[ 8.12011668 -7.48271558  1.27428939],waiting,[ 0.63925976  0.24903542 -0.34837281]
339.9282259941101,1004,False,6,2,[8.77836493 8.52315172 2.07648714],entering,[-0.62185191  0.08809385  0.93462812]
339.9282259941101,1005,False,6,0,[2.75871792 8.68692634 1.97597259],landing,[ 0.50568378 -0.03156594 -0.11489306]
340.0290024280548,1000,False,5,3,[-0.66297285 -8.04780172  2.16194197],landing,[-0.82138112 -0.19970136 -0.21083176]
340.0290024280548,1001,False,4,5,[-6.88673974  5.48672012  4.00000003],exiting,[-0.48080528  0.59740651 -0.20557775]
340.0290024280548,1002,False,2,1,[-3.03683429  7.20863461  4.00037319],cruising,[ 0.5677905  -0.59831228 -0.99408226]
340.0290024280548,1003,False,4,6,[ 8.12011668 -7.48271558  1.27428939],waiting,[ 0.63925976  0.24903542 -0.34837281]
340.0290024280548,1004,False,6,2,[8.74592712 8.36649062 2.15148714],entering,[-0.62185191  0.08809385  0.93462812]
340.0290024280548,1005,False,6,0,[2.77781583 8.67213078 1.87893465],landing,[ 0.50568378 -0.03156594 -0.11489306]
340.13070583343506,1000,False,5,3,[-0.68617776 -8.04451049  2.06472726],landing,[-0.82138112 -0.19970136 -0.21083176]
340.13070583343506,1001,False,4,5,[-6.95052082  5.56373942  4.00000002],exiting,[-0.48080528  0.59740651 -0.20557775]
340.13070583343506,1002,False,2,1,[-2.83883631  7.23686228  4.00031722],cruising,[ 0.5677905  -0.59831228 -0.99408226]
340.13070583343506,1003,False,4,6,[ 8.12011668 -7.48271558  1.27428939],waiting,[ 0.63925976  0.24903542 -0.34837281]
340.13070583343506,1004,False,6,2,[8.71041524 8.19006718 2.22648714],entering,[-0.62185191  0.08809385  0.93462812]
340.13070583343506,1005,False,6,0,[2.79691374 8.65733522 1.78189671],landing,[ 0.50568378 -0.03156594 -0.11489306]
340.2257740497589,1000,False,5,3,[-0.70938268 -8.04121926  1.96751255],landing,[-0.82138112 -0.19970136 -0.21083176]
340.2257740497589,1001,False,4,5,[-7.0143019   5.64075873  4.00000002],exiting,[-0.48080528  0.59740651 -0.20557775]
340.2257740497589,1002,False,2,1,[-2.64021769  7.26032806  4.00026963],cruising,[ 0.5677905  -0.59831228 -0.99408226]
340.2257740497589,1003,False,4,6,[ 8.12011668 -7.48271558  1.27428939],waiting,[ 0.63925976  0.24903542 -0.34837281]
340.2257740497589,1004,False,6,2,[8.67186677 7.9938756  2.30148714],entering,[-0.62185191  0.08809385  0.93462812]
340.2257740497589,1005,False,6,0,[2.81601165 8.64253967 1.68485877],landing,[ 0.50568378 -0.03156594 -0.11489306]
340.3374664783478,1000,False,5,3,[-0.7325876  -8.03792802  1.87029784],landing,[-0.82138112 -0.19970136 -0.21083176]
340.3374664783478,1001,False,4,5,[-7.07808298  5.71777804  4.00000001],exiting,[-0.48080528  0.59740651 -0.20557775]
340.3374664783478,1002,False,2,1,[-2.44072986  7.27463211  4.00022919],cruising,[ 0.5677905  -0.59831228 -0.99408226]
340.3374664783478,1003,False,4,6,[ 8.12011668 -7.48271558  1.27428939],waiting,[ 0.63925976  0.24903542 -0.34837281]
340.3374664783478,1004,False,6,2,[8.63330973 7.7976274  2.37648714],entering,[-0.62185191  0.08809385  0.93462812]
340.3374664783478,1005,False,6,0,[2.83510956 8.62774411 1.58782084],landing,[ 0.50568378 -0.03156594 -0.11489306]
340.43900895118713,1000,False,5,3,[-0.75579252 -8.03463679  1.77308313],landing,[-0.82138112 -0.19970136 -0.21083176]
340.43900895118713,1001,False,4,5,[-7.14186406  5.79479735  4.00000001],exiting,[-0.48080528  0.59740651 -0.20557775]
340.43900895118713,1002,False,2,1,[-2.24076526  7.27839513  4.00019481],cruising,[ 0.5677905  -0.59831228 -0.99408226]
340.43900895118713,1003,False,4,6,[ 8.12011668 -7.48271558  1.27428939],waiting,[ 0.63925976  0.24903542 -0.34837281]
340.43900895118713,1004,False,6,2,[8.59533657 7.60126539 2.45148714],entering,[-0.62185191  0.08809385  0.93462812]
340.43900895118713,1005,False,6,0,[2.85420747 8.61294856 1.4907829 ],fake_landed,[ 0.50568378 -0.03156594 -0.11489306]
340.5342707633972,1000,False,5,3,[-0.77899743 -8.03134556  1.67586843],landing,[-0.82138112 -0.19970136 -0.21083176]
340.5342707633972,1001,False,4,5,[-7.20564514  5.87181666  4.00000001],exiting,[-0.48080528  0.59740651 -0.20557775]
340.5342707633972,1002,False,2,1,[-2.04122806  7.26479714  4.00016559],cruising,[ 0.5677905  -0.59831228 -0.99408226]
340.5342707633972,1003,False,4,6,[ 8.12011668 -7.48271558  1.27428939],waiting,[ 0.63925976  0.24903542 -0.34837281]
340.5342707633972,1004,False,6,2,[8.55995449 7.40442    2.52648714],entering,[-0.62185191  0.08809385  0.93462812]
340.5342707633972,1005,False,6,0,[2.8694858  8.60111211 1.41315255],fake_landed,[ 0.50568378 -0.03156594 -0.11489306]
340.63145756721497,1000,False,5,3,[-0.80220235 -8.02805432  1.57865372],landing,[-0.82138112 -0.19970136 -0.21083176]
340.63145756721497,1001,False,4,5,[-7.26942622  5.94883597  4.00000001],exiting,[-0.48080528  0.59740651 -0.20557775]
340.63145756721497,1002,False,2,1,[-1.84387513  7.23236535  4.00014075],cruising,[ 0.5677905  -0.59831228 -0.99408226]
340.63145756721497,1003,False,4,6,[ 8.12011668 -7.48271558  1.27428939],waiting,[ 0.63925976  0.24903542 -0.34837281]
340.63145756721497,1004,False,6,2,[8.5257683  7.2073634  2.60148714],entering,[-0.62185191  0.08809385  0.93462812]
340.63145756721497,1005,False,6,0,[2.88094455 8.59223478 1.35492979],fake_landed,[ 0.50568378 -0.03156594 -0.11489306]
340.7359893321991,1000,False,5,3,[-0.82540727 -8.02476309  1.48143901],fake_landed,[-0.82138112 -0.19970136 -0.21083176]
340.7359893321991,1001,False,4,5,[-7.3332073   6.02585527  4.00000001],exiting,[-0.48080528  0.59740651 -0.20557775]
340.7359893321991,1002,False,2,1,[-1.64870131  7.18869411  4.00011964],cruising,[ 0.5677905  -0.59831228 -0.99408226]
340.7359893321991,1003,False,4,6,[ 8.12011668 -7.48271558  1.27428939],waiting,[ 0.63925976  0.24903542 -0.34837281]
340.7359893321991,1004,False,6,2,[8.4915821  7.0103068  2.67648714],entering,[-0.62185191  0.08809385  0.93462812]
340.7359893321991,1005,False,6,0,[2.88858371 8.58631655 1.31611461],fake_landed,[ 0.50568378 -0.03156594 -0.11489306]
340.84024953842163,1000,False,5,3,[-0.8439712  -8.0221301   1.40366724],fake_landed,[-0.82138112 -0.19970136 -0.21083176]
340.84024953842163,1001,False,4,5,[-7.39698837  6.10287458  4.        ],exiting,[-0.48080528  0.59740651 -0.20557775]
340.84024953842163,1002,False,2,1,[-1.45777838  7.12912536  4.00010169],cruising,[ 0.5677905  -0.59831228 -0.99408226]
340.84024953842163,1003,False,4,6,[ 8.12011668 -7.48271558  1.27428939],waiting,[ 0.63925976  0.24903542 -0.34837281]
340.84024953842163,1004,False,6,2,[8.45887849 6.81299873 2.75148714],entering,[-0.62185191  0.08809385  0.93462812]
340.84024953842163,1005,False,6,0,[2.8924033  8.58335744 1.29670702],fake_landed,[ 0.50568378 -0.03156594 -0.11489306]
340.9348928928375,1000,False,5,3,[-0.85789415 -8.02015536  1.34533842],fake_landed,[-0.82138112 -0.19970136 -0.21083176]
340.9348928928375,1001,False,4,5,[-7.46076945  6.17989389  4.        ],exiting,[-0.48080528  0.59740651 -0.20557775]
340.9348928928375,1002,False,2,1,[-1.27141128  7.05654915  4.00008644],cruising,[ 0.5677905  -0.59831228 -0.99408226]
340.9348928928375,1003,False,4,6,[ 8.12011668 -7.48271558  1.27428939],waiting,[ 0.63925976  0.24903542 -0.34837281]
340.9348928928375,1004,False,6,2,[8.42973144 6.615134   2.82648714],entering,[-0.62185191  0.08809385  0.93462812]
340.9348928928375,1005,False,6,0,[2.8924033  8.58335744 1.29670702],fake_landed,[ 0.50568378 -0.03156594 -0.11489306]
341.02697372436523,1000,False,5,3,[-0.86717612 -8.01883887  1.30645253],fake_landed,[-0.82138112 -0.19970136 -0.21083176]
341.02697372436523,1001,False,4,5,[-7.52455053  6.2569132   4.        ],exiting,[-0.48080528  0.59740651 -0.20557775]
341.02697372436523,1002,False,2,1,[-1.0894208   6.97360661  4.00007347],cruising,[ 0.5677905  -0.59831228 -0.99408226]
341.02697372436523,1003,False,4,6,[ 8.12011668 -7.48271558  1.27428939],waiting,[ 0.63925976  0.24903542 -0.34837281]
341.02697372436523,1004,False,6,2,[8.40058439 6.41726928 2.90148714],entering,[-0.62185191  0.08809385  0.93462812]
341.02697372436523,1005,False,0,4,[2.8924033  8.58335744 1.29670702],waiting,[ 0.50568378 -0.03156594 -0.11489306]
341.13276743888855,1000,False,5,3,[-0.8718171  -8.01818062  1.28700959],fake_landed,[-0.82138112 -0.19970136 -0.21083176]
341.13276743888855,1001,False,4,5,[-7.58833161  6.33393251  4.        ],exiting,[-0.48080528  0.59740651 -0.20557775]
341.13276743888855,1002,False,2,1,[-0.91131881  6.88261386  4.00006245],cruising,[ 0.5677905  -0.59831228 -0.99408226]
341.13276743888855,1003,False,4,6,[ 8.12011668 -7.48271558  1.27428939],waiting,[ 0.63925976  0.24903542 -0.34837281]
341.13276743888855,1004,False,6,2,[8.37395237 6.21905037 2.97648714],entering,[-0.62185191  0.08809385  0.93462812]
341.13276743888855,1005,False,0,4,[2.8924033  8.58335744 1.29670702],waiting,[ 0.50568378 -0.03156594 -0.11489306]
341.2350101470947,1000,False,5,3,[-0.8718171  -8.01818062  1.28700959],fake_landed,[-0.82138112 -0.19970136 -0.21083176]
341.2350101470947,1001,False,4,5,[-7.65211269  6.41095182  4.        ],exiting,[-0.48080528  0.59740651 -0.20557775]
341.2350101470947,1002,False,2,1,[-0.73532404  6.78760944  4.00005308],cruising,[ 0.5677905  -0.59831228 -0.99408226]
341.2350101470947,1003,False,4,6,[ 8.12011668 -7.48271558  1.27428939],waiting,[ 0.63925976  0.24903542 -0.34837281]
341.2350101470947,1004,False,6,2,[8.35045797 6.02043513 3.05148714],entering,[-0.62185191  0.08809385  0.93462812]
341.2350101470947,1005,False,0,4,[2.8924033  8.58335744 1.29670702],waiting,[ 0.50568378 -0.03156594 -0.11489306]
341.3321557044983,1000,False,3,0,[-0.8718171  -8.01818062  1.28700959],waiting,[-0.82138112 -0.19970136 -0.21083176]
341.3321557044983,1001,False,4,5,[-7.71589377  6.48797113  4.        ],exiting,[-0.48080528  0.59740651 -0.20557775]
341.3321557044983,1002,False,2,1,[-0.56233551  6.6872353   4.00004512],cruising,[ 0.5677905  -0.59831228 -0.99408226]
341.3321557044983,1003,False,4,6,[ 8.12011668 -7.48271558  1.27428939],waiting,[ 0.63925976  0.24903542 -0.34837281]
341.3321557044983,1004,False,6,2,[8.32818087 5.82167968 3.12648714],entering,[-0.62185191  0.08809385  0.93462812]
341.3321557044983,1005,False,0,4,[2.8924033  8.58335744 1.29670702],waiting,[ 0.50568378 -0.03156594 -0.11489306]
341.43652057647705,1000,False,3,0,[-0.8718171  -8.01818062  1.28700959],waiting,[-0.82138112 -0.19970136 -0.21083176]
341.43652057647705,1001,False,4,5,[-7.77967485  6.56499043  4.        ],exiting,[-0.48080528  0.59740651 -0.20557775]
341.43652057647705,1002,False,2,1,[-0.39153482  6.58318183  4.00003835],cruising,[ 0.5677905  -0.59831228 -0.99408226]
341.43652057647705,1003,False,4,6,[ 8.12011668 -7.48271558  1.27428939],waiting,[ 0.63925976  0.24903542 -0.34837281]
341.43652057647705,1004,False,6,2,[8.31078805 5.62243739 3.20148714],entering,[-0.62185191  0.08809385  0.93462812]
341.43652057647705,1005,False,0,4,[2.8924033  8.58335744 1.29670702],waiting,[ 0.50568378 -0.03156594 -0.11489306]
341.52971172332764,1000,False,3,0,[-0.8718171  -8.01818062  1.28700959],waiting,[-0.82138112 -0.19970136 -0.21083176]
341.52971172332764,1001,False,4,5,[-7.84345593  6.64200974  4.        ],exiting,[-0.48080528  0.59740651 -0.20557775]
341.52971172332764,1002,False,2,1,[-0.22163004  6.4776718   4.0000326 ],cruising,[ 0.5677905  -0.59831228 -0.99408226]
341.52971172332764,1003,False,4,6,[ 8.12011668 -7.48271558  1.27428939],waiting,[ 0.63925976  0.24903542 -0.34837281]
341.52971172332764,1004,False,6,2,[8.29609845 5.42297758 3.27648714],entering,[-0.62185191  0.08809385  0.93462812]
341.52971172332764,1005,False,0,4,[2.8924033  8.58335744 1.29670702],waiting,[ 0.50568378 -0.03156594 -0.11489306]
341.6334226131439,1000,False,3,0,[-0.8718171  -8.01818062  1.28700959],waiting,[-0.82138112 -0.19970136 -0.21083176]
341.6334226131439,1001,False,4,5,[-7.90723701  6.71902905  4.        ],exiting,[-0.48080528  0.59740651 -0.20557775]
341.6334226131439,1002,False,2,1,[-0.05277037  6.37049713  4.00002771],cruising,[ 0.5677905  -0.59831228 -0.99408226]
341.6334226131439,1003,False,4,6,[ 8.12011668 -7.48271558  1.27428939],waiting,[ 0.63925976  0.24903542 -0.34837281]
341.6334226131439,1004,False,6,2,[8.28498663 5.2232865  3.35148714],entering,[-0.62185191  0.08809385  0.93462812]
341.6334226131439,1005,False,0,4,[2.8924033  8.58335744 1.29670702],waiting,[ 0.50568378 -0.03156594 -0.11489306]
341.7311806678772,1000,False,3,0,[-0.8718171  -8.01818062  1.28700959],waiting,[-0.82138112 -0.19970136 -0.21083176]
341.7311806678772,1001,False,4,5,[-7.97101809  6.79604836  4.        ],exiting,[-0.48080528  0.59740651 -0.20557775]
341.7311806678772,1002,False,2,1,[0.11591396 6.26304668 4.00002355],cruising,[ 0.5677905  -0.59831228 -0.99408226]
341.7311806678772,1003,False,4,6,[ 8.12011668 -7.48271558  1.27428939],queued,[ 0.63925976  0.24903542 -0.34837281]
341.7311806678772,1004,False,6,2,[8.28001543 5.02334829 3.42648714],entering,[-0.62185191  0.08809385  0.93462812]
341.7311806678772,1005,False,0,4,[2.8924033  8.58335744 1.29670702],waiting,[ 0.50568378 -0.03156594 -0.11489306]
341.829425573349,1000,False,3,0,[-0.8718171  -8.01818062  1.28700959],waiting,[-0.82138112 -0.19970136 -0.21083176]
341.829425573349,1001,False,4,5,[-8.03479917  6.87306767  4.        ],exiting,[-0.48080528  0.59740651 -0.20557775]
341.829425573349,1002,False,2,1,[0.28468534 6.15573302 4.00002002],cruising,[ 0.5677905  -0.59831228 -0.99408226]
341.829425573349,1003,False,4,6,[ 8.12011668 -7.48271558  1.29428939],queued,[ 0.63925976  0.24903542 -0.34837281]
341.829425573349,1004,False,6,2,[8.28055426 4.82334902 3.50148714],entering,[-0.62185191  0.08809385  0.93462812]
341.829425573349,1005,False,0,4,[2.8924033  8.58335744 1.29670702],waiting,[ 0.50568378 -0.03156594 -0.11489306]
341.9417419433594,1000,False,3,0,[-0.8718171  -8.01818062  1.28700959],waiting,[-0.82138112 -0.19970136 -0.21083176]
341.9417419433594,1001,False,4,5,[-8.09858025  6.95008698  4.        ],exiting,[-0.48080528  0.59740651 -0.20557775]
341.9417419433594,1002,False,2,1,[0.45396145 6.04921731 4.00001702],cruising,[ 0.5677905  -0.59831228 -0.99408226]
341.9417419433594,1003,False,4,6,[ 8.12011668 -7.48271558  1.33428939],queued,[ 0.63925976  0.24903542 -0.34837281]
341.9417419433594,1004,False,6,2,[8.28521704 4.62340338 3.57626407],entering,[-0.62185191  0.08809385  0.93462812]
341.9417419433594,1005,False,0,4,[2.8924033  8.58335744 1.29670702],waiting,[ 0.50568378 -0.03156594 -0.11489306]
342.0344099998474,1000,False,3,0,[-0.8718171  -8.01818062  1.28700959],waiting,[-0.82138112 -0.19970136 -0.21083176]
342.0344099998474,1001,False,4,5,[-8.16236133  7.02710629  4.        ],exiting,[-0.48080528  0.59740651 -0.20557775]
342.0344099998474,1002,False,2,1,[0.62400404 5.94392952 4.00001446],cruising,[ 0.5677905  -0.59831228 -0.99408226]
342.0344099998474,1003,False,4,6,[ 8.12011668 -7.48271558  1.39428939],queued,[ 0.63925976  0.24903542 -0.34837281]
342.0344099998474,1004,False,6,2,[8.29457444 4.4236224  3.63982446],entering,[-0.62185191  0.08809385  0.93462812]
342.0344099998474,1005,False,0,4,[2.8924033  8.58335744 1.29670702],waiting,[ 0.50568378 -0.03156594 -0.11489306]
342.13160610198975,1000,False,3,0,[-0.8718171  -8.01818062  1.28700959],waiting,[-0.82138112 -0.19970136 -0.21083176]
342.13160610198975,1001,False,4,5,[-8.22614241  7.10412559  4.        ],exiting,[-0.48080528  0.59740651 -0.20557775]
342.13160610198975,1002,False,2,1,[0.79557747 5.84115522 4.0000123 ],cruising,[ 0.5677905  -0.59831228 -0.99408226]
342.13160610198975,1003,False,4,6,[ 8.12011668 -7.48271558  1.46928939],queued,[ 0.63925976  0.24903542 -0.34837281]
342.13160610198975,1004,False,6,2,[8.30683356 4.22399847 3.69385079],entering,[-0.62185191  0.08809385  0.93462812]
342.13160610198975,1005,False,0,4,[2.8924033  8.58335744 1.29670702],waiting,[ 0.50568378 -0.03156594 -0.11489306]
342.2308316230774,1000,False,3,0,[-0.8718171  -8.01818062  1.28700959],waiting,[-0.82138112 -0.19970136 -0.21083176]
342.2308316230774,1001,False,4,5,[-8.28992349  7.1811449   4.        ],exiting,[-0.48080528  0.59740651 -0.20557775]
342.2308316230774,1002,False,2,1,[0.96849466 5.74065823 4.00001045],cruising,[ 0.5677905  -0.59831228 -0.99408226]
342.2308316230774,1003,False,4,6,[ 8.12011668 -7.48271558  1.54428939],queued,[ 0.63925976  0.24903542 -0.34837281]
342.2308316230774,1004,False,6,2,[8.31645089 4.02422983 3.73977317],entering,[-0.62185191  0.08809385  0.93462812]
342.2308316230774,1005,False,0,4,[2.8924033  8.58335744 1.29670702],waiting,[ 0.50568378 -0.03156594 -0.11489306]
342.3405530452728,1000,False,3,0,[-0.8718171  -8.01818062  1.28700959],waiting,[-0.82138112 -0.19970136 -0.21083176]
342.3405530452728,1001,False,4,5,[-8.35370457  7.25816421  4.        ],exiting,[-0.48080528  0.59740651 -0.20557775]
342.3405530452728,1002,False,2,1,[1.14377238 5.6443373  4.00000888],cruising,[ 0.5677905  -0.59831228 -0.99408226]
342.3405530452728,1003,False,4,6,[ 8.12011668 -7.48271558  1.61928939],queued,[ 0.63925976  0.24903542 -0.34837281]
342.3405530452728,1004,False,6,2,[8.33129898 3.82478176 3.7788072 ],cruising,[-0.62185191  0.08809385  0.93462812]
342.3405530452728,1005,False,0,4,[2.8924033  8.58335744 1.29670702],waiting,[ 0.50568378 -0.03156594 -0.11489306]
342.43013215065,1000,False,3,0,[-0.8718171  -8.01818062  1.28700959],waiting,[-0.82138112 -0.19970136 -0.21083176]
342.43013215065,1001,False,4,5,[-8.41748565  7.33518352  4.        ],landing,[-0.48080528  0.59740651 -0.20557775]
342.43013215065,1002,False,2,1,[1.3208444  5.55135611 4.00000755],cruising,[ 0.5677905  -0.59831228 -0.99408226]
342.43013215065,1003,False,4,6,[ 8.12011668 -7.48271558  1.69428939],queued,[ 0.63925976  0.24903542 -0.34837281]
342.43013215065,1004,False,6,2,[8.34033718 3.62498609 3.81198612],cruising,[-0.62185191  0.08809385  0.93462812]
342.43013215065,1005,False,0,4,[2.8924033  8.58335744 1.29670702],waiting,[ 0.50568378 -0.03156594 -0.11489306]
342.5278277397156,1000,False,3,0,[-0.8718171  -8.01818062  1.28700959],waiting,[-0.82138112 -0.19970136 -0.21083176]
342.5278277397156,1001,False,4,5,[-8.47006116  7.40380827  3.98571831],landing,[-0.48080528  0.59740651 -0.20557775]
342.5278277397156,1002,False,2,1,[1.49992636 5.46230753 4.00000642],cruising,[ 0.5677905  -0.59831228 -0.99408226]
342.5278277397156,1003,False,4,6,[ 8.12011668 -7.48271558  1.76928939],queued,[ 0.63925976  0.24903542 -0.34837281]
342.5278277397156,1004,False,6,2,[8.34774375 3.42512328 3.8401882 ],cruising,[-0.62185191  0.08809385  0.93462812]
342.5278277397156,1005,False,0,4,[2.8924033  8.58335744 1.29670702],waiting,[ 0.50568378 -0.03156594 -0.11489306]
342.63251519203186,1000,False,3,0,[-0.8718171  -8.01818062  1.28700959],waiting,[-0.82138112 -0.19970136 -0.21083176]
342.63251519203186,1001,False,4,5,[-8.51134786  7.4638803   3.95731524],landing,[-0.48080528  0.59740651 -0.20557775]
342.63251519203186,1002,False,2,1,[1.68223474 5.38006609 4.00000546],cruising,[ 0.5677905  -0.59831228 -0.99408226]
342.63251519203186,1003,False,4,6,[ 8.12011668 -7.48271558  1.84428939],queued,[ 0.63925976  0.24903542 -0.34837281]
342.63251519203186,1004,False,6,2,[8.36123482 3.22557882 3.86415997],cruising,[-0.62185191  0.08809385  0.93462812]
342.63251519203186,1005,False,0,4,[2.8924033  8.58335744 1.29670702],waiting,[ 0.50568378 -0.03156594 -0.11489306]
342.7286946773529,1000,False,3,0,[-0.8718171  -8.01818062  1.28700959],waiting,[-0.82138112 -0.19970136 -0.21083176]
342.7286946773529,1001,False,4,5,[-8.54124811  7.51521162  3.9149856 ],landing,[-0.48080528  0.59740651 -0.20557775]
342.7286946773529,1002,False,2,1,[1.86673677 5.30287153 4.00000464],cruising,[ 0.5677905  -0.59831228 -0.99408226]
342.7286946773529,1003,False,4,6,[ 8.12011668 -7.48271558  1.91928939],queued,[ 0.63925976  0.24903542 -0.34837281]
342.7286946773529,1004,False,6,2,[8.37334947 3.02594607 3.88453597],cruising,[-0.62185191  0.08809385  0.93462812]
342.7286946773529,1005,False,0,4,[2.8924033  8.58335744 1.29670702],waiting,[ 0.50568378 -0.03156594 -0.11489306]
342.83941078186035,1000,False,3,0,[-0.8718171  -8.01818062  1.28700959],waiting,[-0.82138112 -0.19970136 -0.21083176]
342.83941078186035,1001,False,4,5,[-8.55962782  7.55753939  3.85900997],landing,[-0.48080528  0.59740651 -0.20557775]
342.83941078186035,1002,False,2,1,[2.05354001 5.23142538 4.00000394],cruising,[ 0.5677905  -0.59831228 -0.99408226]
342.83941078186035,1003,False,4,6,[ 8.12011668 -7.48271558  1.99428939],queued,[ 0.63925976  0.24903542 -0.34837281]
342.83941078186035,1004,False,6,2,[8.38485657 2.82627738 3.90185558],cruising,[-0.62185191  0.08809385  0.93462812]
342.83941078186035,1005,False,0,4,[2.8924033  8.58335744 1.29670702],queued,[ 0.50568378 -0.03156594 -0.11489306]
342.94719910621643,1000,False,3,0,[-0.8718171  -8.01818062  1.28700959],waiting,[-0.82138112 -0.19970136 -0.21083176]
342.94719910621643,1001,False,4,5,[-8.56638562  7.590661    3.78961132],landing,[-0.48080528  0.59740651 -0.20557775]
342.94719910621643,1002,False,2,1,[2.24268482 5.16643122 4.00000335],cruising,[ 0.5677905  -0.59831228 -0.99408226]
342.94719910621643,1003,False,4,6,[ 8.12011668 -7.48271558  2.06928939],queued,[ 0.63925976  0.24903542 -0.34837281]
342.94719910621643,1004,False,6,2,[8.39987418 2.62684199 3.91657724],cruising,[-0.62185191  0.08809385  0.93462812]
342.94719910621643,1005,False,0,4,[2.8924033  8.58335744 1.31670702],queued,[ 0.50568378 -0.03156594 -0.11489306]
343.05086946487427,1000,False,3,0,[-0.8718171  -8.01818062  1.28700959],waiting,[-0.82138112 -0.19970136 -0.21083176]
343.05086946487427,1001,False,4,5,[-8.56142342  7.61437691  3.70701514],landing,[-0.48080528  0.59740651 -0.20557775]
343.05086946487427,1002,False,2,1,[2.43642572 5.11678785 4.00000285],cruising,[ 0.5677905  -0.59831228 -0.99408226]
343.05086946487427,1003,False,4,6,[ 8.12011668 -7.48271558  2.14428939],queued,[ 0.63925976  0.24903542 -0.34837281]
343.05086946487427,1004,False,6,2,[8.41314315 2.42728264 3.92909065],cruising,[-0.62185191  0.08809385  0.93462812]
343.05086946487427,1005,False,0,4,[2.8924033  8.58335744 1.35670702],queued,[ 0.50568378 -0.03156594 -0.11489306]
343.1600890159607,1000,False,3,0,[-0.8718171  -8.01818062  1.28700959],waiting,[-0.82138112 -0.19970136 -0.21083176]
343.1600890159607,1001,False,4,5,[-8.54464383  7.6284852   3.61145582],landing,[-0.48080528  0.59740651 -0.20557775]
343.1600890159607,1002,False,2,1,[2.63216146 5.07570842 4.00000242],cruising,[ 0.5677905  -0.59831228 -0.99408226]
343.1600890159607,1003,False,4,6,[ 8.12011668 -7.48271558  2.21928939],queued,[ 0.63925976  0.24903542 -0.34837281]
343.1600890159607,1004,False,6,2,[8.42812585 2.22784464 3.93972706],cruising,[-0.62185191  0.08809385  0.93462812]
343.1600890159607,1005,False,0,4,[2.8924033  8.58335744 1.41670702],queued,[ 0.50568378 -0.03156594 -0.11489306]
343.2531921863556,1000,False,3,0,[-0.8718171  -8.01818062  1.28700959],waiting,[-0.82138112 -0.19970136 -0.21083176]
343.2531921863556,1001,False,4,5,[-8.52609598  7.64113715  3.51400889],landing,[-0.48080528  0.59740651 -0.20557775]
343.2531921863556,1002,False,2,1,[2.82927431 5.04184807 4.00000206],cruising,[ 0.5677905  -0.59831228 -0.99408226]
343.2531921863556,1003,False,4,6,[ 8.12011668 -7.48271558  2.29428939],queued,[ 0.63925976  0.24903542 -0.34837281]
343.2531921863556,1004,False,6,2,[8.44062106 2.02823534 3.948768  ],cruising,[-0.62185191  0.08809385  0.93462812]
343.2531921863556,1005,False,0,4,[2.8924033  8.58335744 1.49170702],queued,[ 0.50568378 -0.03156594 -0.11489306]
343.3559658527374,1000,False,3,0,[-0.8718171  -8.01818062  1.28700959],waiting,[-0.82138112 -0.19970136 -0.21083176]
343.3559658527374,1001,False,4,5,[-8.50754812  7.65378909  3.41656195],landing,[-0.48080528  0.59740651 -0.20557775]
343.3559658527374,1002,False,2,1,[3.02731893 5.01394953 4.00000175],cruising,[ 0.5677905  -0.59831228 -0.99408226]
343.3559658527374,1003,False,4,6,[ 8.12011668 -7.48271558  2.36928939],queued,[ 0.63925976  0.24903542 -0.34837281]
343.3559658527374,1004,False,6,2,[8.45364802 1.82866005 3.9564528 ],cruising,[-0.62185191  0.08809385  0.93462812]
343.3559658527374,1005,False,0,4,[2.8924033  8.58335744 1.56670702],queued,[ 0.50568378 -0.03156594 -0.11489306]
343.4483757019043,1000,False,3,0,[-0.8718171  -8.01818062  1.28700959],waiting,[-0.82138112 -0.19970136 -0.21083176]
343.4483757019043,1001,False,4,5,[-8.48900026  7.66644104  3.31911502],landing,[-0.48080528  0.59740651 -0.20557775]
343.4483757019043,1002,False,2,1,[3.22598237 4.99086627 4.00000149],cruising,[ 0.5677905  -0.59831228 -0.99408226]
343.4483757019043,1003,False,4,6,[ 8.12011668 -7.48271558  2.44428939],entering,[ 0.63925976  0.24903542 -0.34837281]
343.4483757019043,1004,False,6,2,[8.46381701 1.62891874 3.96298488],cruising,[-0.62185191  0.08809385  0.93462812]
343.4483757019043,1005,False,0,4,[2.8924033  8.58335744 1.64170702],queued,[ 0.50568378 -0.03156594 -0.11489306]
343.5506098270416,1000,False,3,0,[-0.8718171  -8.01818062  1.28700959],waiting,[-0.82138112 -0.19970136 -0.21083176]
343.5506098270416,1001,False,4,5,[-8.47045241  7.67909298  3.22166808],landing,[-0.48080528  0.59740651 -0.20557775]
343.5506098270416,1002,False,2,1,[3.42504908 4.9715674  4.00000126],cruising,[ 0.5677905  -0.59831228 -0.99408226]
343.5506098270416,1003,False,4,6,[ 8.1086305  -7.46634281  2.51928939],entering,[ 0.63925976  0.24903542 -0.34837281]
343.5506098270416,1004,False,6,2,[8.47377493 1.42916679 3.96853715],cruising,[-0.62185191  0.08809385  0.93462812]
343.5506098270416,1005,False,0,4,[2.8924033  8.58335744 1.71670702],queued,[ 0.50568378 -0.03156594 -0.11489306]
343.6521637439728,1000,False,3,0,[-0.8718171  -8.01818062  1.28700959],waiting,[-0.82138112 -0.19970136 -0.21083176]
343.6521637439728,1001,False,4,5,[-8.45190455  7.69174492  3.12422114],landing,[-0.48080528  0.59740651 -0.20557775]
343.6521637439728,1002,False,2,1,[3.6243726  4.9551316  4.00000107],cruising,[ 0.5677905  -0.59831228 -0.99408226]
343.6521637439728,1003,False,4,6,[ 8.08565812 -7.43359728  2.59428939],entering,[ 0.63925976  0.24903542 -0.34837281]
343.6521637439728,1004,False,6,2,[8.48300812 1.22938003 3.97325657],cruising,[-0.62185191  0.08809385  0.93462812]
343.6521637439728,1005,False,0,4,[2.8924033  8.58335744 1.79170702],queued,[ 0.50568378 -0.03156594 -0.11489306]
343.75937390327454,1000,False,3,0,[-0.8718171  -8.01818062  1.28700959],queued,[-0.82138112 -0.19970136 -0.21083176]
343.75937390327454,1001,False,4,5,[-8.43335669  7.70439687  3.02677421],landing,[-0.48080528  0.59740651 -0.20557775]
343.75937390327454,1002,False,2,1,[3.82385377 4.94073502 4.00000091],cruising,[ 0.5677905  -0.59831228 -0.99408226]
343.75937390327454,1003,False,4,6,[ 8.05119956 -7.38447898  2.66928939],entering,[ 0.63925976  0.24903542 -0.34837281]
343.75937390327454,1004,False,6,2,[8.48880462 1.02946405 3.97726809],cruising,[-0.62185191  0.08809385  0.93462812]
343.75937390327454,1005,False,0,4,[2.8924033  8.58335744 1.86670702],queued,[ 0.50568378 -0.03156594 -0.11489306]
343.85695934295654,1000,False,3,0,[-0.8718171  -8.01818062  1.30700959],queued,[-0.82138112 -0.19970136 -0.21083176]
343.85695934295654,1001,False,4,5,[-8.41480884  7.71704881  2.92932727],landing,[-0.48080528  0.59740651 -0.20557775]
343.85695934295654,1002,False,2,1,[4.02342437 4.92763631 4.00000078],cruising,[ 0.5677905  -0.59831228 -0.99408226]
343.85695934295654,1003,False,4,6,[ 8.00525481 -7.31898791  2.74428939],entering,[ 0.63925976  0.24903542 -0.34837281]
343.85695934295654,1004,False,6,2,[8.49363882 0.82952248 3.98067788],cruising,[-0.62185191  0.08809385  0.93462812]
343.85695934295654,1005,False,0,4,[2.8924033  8.58335744 1.94170702],queued,[ 0.50568378 -0.03156594 -0.11489306]
343.9495406150818,1000,False,3,0,[-0.8718171  -8.01818062  1.34700959],queued,[-0.82138112 -0.19970136 -0.21083176]
343.9495406150818,1001,False,4,5,[-8.39626098  7.72970076  2.83188034],landing,[-0.48080528  0.59740651 -0.20557775]
343.9495406150818,1002,False,2,1,[4.22300981 4.91476572 4.00000066],cruising,[ 0.5677905  -0.59831228 -0.99408226]
343.9495406150818,1003,False,4,6,[ 7.94782387 -7.23712407  2.81928939],entering,[ 0.63925976  0.24903542 -0.34837281]
343.9495406150818,1004,False,6,2,[8.49720108 0.62955421 3.98357619],cruising,[-0.62185191  0.08809385  0.93462812]
343.9495406150818,1005,False,0,4,[2.8924033  8.58335744 2.01670702],queued,[ 0.50568378 -0.03156594 -0.11489306]
344.06230998039246,1000,False,3,0,[-0.8718171  -8.01818062  1.40700959],queued,[-0.82138112 -0.19970136 -0.21083176]
344.06230998039246,1001,False,4,5,[-8.37771312  7.7423527   2.7344334 ],landing,[-0.48080528  0.59740651 -0.20557775]
344.06230998039246,1002,False,2,1,[4.42262106 4.90230184 4.00000056],cruising,[ 0.5677905  -0.59831228 -0.99408226]
344.06230998039246,1003,False,4,6,[ 7.87890675 -7.13888747  2.89428939],entering,[ 0.63925976  0.24903542 -0.34837281]
344.06230998039246,1004,False,6,2,[8.49716344 0.42955421 3.98603976],cruising,[-0.62185191  0.08809385  0.93462812]
344.06230998039246,1005,False,0,4,[2.8924033  8.58335744 2.09170702],queued,[ 0.50568378 -0.03156594 -0.11489306]
344.14812564849854,1000,False,3,0,[-0.8718171  -8.01818062  1.48200959],queued,[-0.82138112 -0.19970136 -0.21083176]
344.14812564849854,1001,False,4,5,[-8.35916526  7.75500464  2.63698646],landing,[-0.48080528  0.59740651 -0.20557775]
344.14812564849854,1002,False,2,1,[4.62221406 4.88954898 4.00000048],cruising,[ 0.5677905  -0.59831228 -0.99408226]
344.14812564849854,1003,False,4,6,[ 7.79857483 -7.02422825  2.96928939],entering,[ 0.63925976  0.24903542 -0.34837281]
344.14812564849854,1004,False,6,2,[8.49581126 0.22955878 3.9881338 ],cruising,[-0.62185191  0.08809385  0.93462812]
344.14812564849854,1005,False,0,4,[2.8924033  8.58335744 2.16670702],queued,[ 0.50568378 -0.03156594 -0.11489306]
344.26130270957947,1000,False,3,0,[-0.8718171  -8.01818062  1.55700959],queued,[-0.82138112 -0.19970136 -0.21083176]
344.26130270957947,1001,False,4,5,[-8.34061741  7.76765659  2.53953953],landing,[-0.48080528  0.59740651 -0.20557775]
344.26130270957947,1002,False,2,1,[4.82174488 4.87585764 4.00000041],cruising,[ 0.5677905  -0.59831228 -0.99408226]
344.26130270957947,1003,False,4,6,[ 7.70602588 -6.89373412  3.04428939],entering,[ 0.63925976  0.24903542 -0.34837281]
344.26130270957947,1004,False,6,2,[8.49292261 0.02957965 3.98991373],cruising,[-0.62185191  0.08809385  0.93462812]
344.26130270957947,1005,False,0,4,[2.8924033  8.58335744 2.24170702],queued,[ 0.50568378 -0.03156594 -0.11489306]
344.3487813472748,1000,False,3,0,[-0.8718171  -8.01818062  1.63200959],queued,[-0.82138112 -0.19970136 -0.21083176]
344.3487813472748,1001,False,4,5,[-8.32206955  7.78030853  2.44209259],landing,[-0.48080528  0.59740651 -0.20557775]
344.3487813472748,1002,False,2,1,[5.02116233 4.86060389 4.00000034],cruising,[ 0.5677905  -0.59831228 -0.99408226]
344.3487813472748,1003,False,4,6,[ 7.60058848 -6.7479466   3.11928939],entering,[ 0.63925976  0.24903542 -0.34837281]
344.3487813472748,1004,False,6,2,[ 8.48832164 -0.17036742  3.99142667],cruising,[-0.62185191  0.08809385  0.93462812]
344.3487813472748,1005,False,0,4,[2.8924033  8.58335744 2.31670702],queued,[ 0.50568378 -0.03156594 -0.11489306]
344.448016166687,1000,False,3,0,[-0.8718171  -8.01818062  1.70700959],queued,[-0.82138112 -0.19970136 -0.21083176]
344.448016166687,1001,False,4,5,[-8.30352169  7.79296047  2.34464566],landing,[-0.48080528  0.59740651 -0.20557775]
344.448016166687,1002,False,2,1,[5.22049133 4.84423465 4.00000029],cruising,[ 0.5677905  -0.59831228 -0.99408226]
344.448016166687,1003,False,4,6,[ 7.48218198 -6.58693403  3.19428939],entering,[ 0.63925976  0.24903542 -0.34837281]
344.448016166687,1004,False,6,2,[ 8.47982018 -0.37018666  3.99271267],cruising,[-0.62185191  0.08809385  0.93462812]
344.448016166687,1005,False,0,4,[2.8924033  8.58335744 2.39170702],entering,[ 0.50568378 -0.03156594 -0.11489306]
344.5520374774933,1000,False,3,0,[-0.8718171  -8.01818062  1.78200959],queued,[-0.82138112 -0.19970136 -0.21083176]
344.5520374774933,1001,False,4,5,[-8.28497384  7.80561242  2.24719872],landing,[-0.48080528  0.59740651 -0.20557775]
344.5520374774933,1002,False,2,1,[5.41957864 4.82514946 4.00000025],cruising,[ 0.5677905  -0.59831228 -0.99408226]
344.5520374774933,1003,False,4,6,[ 7.3632356  -6.42614921  3.26928939],entering,[ 0.63925976  0.24903542 -0.34837281]
344.5520374774933,1004,False,6,2,[ 8.46968218 -0.56992954  3.99380577],cruising,[-0.62185191  0.08809385  0.93462812]
344.5520374774933,1005,False,0,4,[2.88879322 8.56368596 2.46670702],entering,[ 0.50568378 -0.03156594 -0.11489306]
344.6481306552887,1000,False,3,0,[-0.8718171  -8.01818062  1.85700959],entering,[-0.82138112 -0.19970136 -0.21083176]
344.6481306552887,1001,False,4,5,[-8.26642598  7.81826436  2.14975178],landing,[-0.48080528  0.59740651 -0.20557775]
344.6481306552887,1002,False,2,1,[5.6183121  4.80267701 4.00000021],cruising,[ 0.5677905  -0.59831228 -0.99408226]
344.6481306552887,1003,False,4,6,[ 7.24071977 -6.26806736  3.34428939],entering,[ 0.63925976  0.24903542 -0.34837281]
344.6481306552887,1004,False,6,2,[ 8.45772778 -0.76957195  3.9947349 ],cruising,[-0.62185191  0.08809385  0.93462812]
344.6481306552887,1005,False,0,4,[2.8815976  8.5243385  2.54170702],entering,[ 0.50568378 -0.03156594 -0.11489306]
344.7619369029999,1000,False,3,0,[-0.87830439 -7.99926198  1.93200959],entering,[-0.82138112 -0.19970136 -0.21083176]
344.7619369029999,1001,False,4,5,[-8.24787812  7.83091631  2.05230485],landing,[-0.48080528  0.59740651 -0.20557775]
344.7619369029999,1002,False,2,1,[5.81653941 4.77610758 4.00000018],cruising,[ 0.5677905  -0.59831228 -0.99408226]
344.7619369029999,1003,False,4,6,[ 7.11913971 -6.10926468  3.41928939],entering,[ 0.63925976  0.24903542 -0.34837281]
344.7619369029999,1004,False,6,2,[ 8.44380274 -0.9690866   3.99552467],cruising,[-0.62185191  0.08809385  0.93462812]
344.7619369029999,1005,False,0,4,[2.87106273 8.46527178 2.61670702],entering,[ 0.50568378 -0.03156594 -0.11489306]
344.86238718032837,1000,False,3,0,[-0.89127896 -7.96142469  2.00700959],entering,[-0.82138112 -0.19970136 -0.21083176]
344.86238718032837,1001,False,4,5,[-8.22933027  7.84356825  1.95485791],landing,[-0.48080528  0.59740651 -0.20557775]
344.86238718032837,1002,False,2,1,[6.01405371 4.74467353 4.00000015],cruising,[ 0.5677905  -0.59831228 -0.99408226]
344.86238718032837,1003,False,4,6,[ 6.99214706 -5.95475621  3.49428939],entering,[ 0.63925976  0.24903542 -0.34837281]
344.86238718032837,1004,False,6,2,[ 8.42559553 -1.16825612  3.99619597],cruising,[-0.62185191  0.08809385  0.93462812]
344.86238718032837,1005,False,0,4,[2.85736493 8.38645674 2.69170702],entering,[ 0.50568378 -0.03156594 -0.11489306]
344.9549808502197,1000,False,3,0,[-0.91074083 -7.90466876  2.08200959],entering,[-0.82138112 -0.19970136 -0.21083176]
344.9549808502197,1001,False,4,5,[-8.21078241  7.85622019  1.85741098],landing,[-0.48080528  0.59740651 -0.20557775]
344.9549808502197,1002,False,2,1,[6.2105744  4.70753033 4.00000013],cruising,[ 0.5677905  -0.59831228 -0.99408226]
344.9549808502197,1003,False,4,6,[ 6.86393949 -5.80125436  3.56928939],entering,[ 0.63925976  0.24903542 -0.34837281]
344.9549808502197,1004,False,6,2,[ 8.40546841 -1.36724079  3.99676657],cruising,[-0.62185191  0.08809385  0.93462812]
344.9549808502197,1005,False,0,4,[2.84074258 8.28785669 2.76670702],entering,[ 0.50568378 -0.03156594 -0.11489306]
345.05011105537415,1000,False,3,0,[-0.93668998 -7.82899418  2.15700959],entering,[-0.82138112 -0.19970136 -0.21083176]
345.05011105537415,1001,False,4,5,[-8.19223455  7.86887214  1.75996404],landing,[-0.48080528  0.59740651 -0.20557775]
345.05011105537415,1002,False,2,1,[6.40572135 4.66373915 4.00000011],cruising,[ 0.5677905  -0.59831228 -0.99408226]
345.05011105537415,1003,False,4,6,[ 6.73410546 -5.64912571  3.63389598],entering,[ 0.63925976  0.24903542 -0.34837281]
345.05011105537415,1004,False,6,2,[ 8.38321863 -1.5659993   3.99725159],cruising,[-0.62185191  0.08809385  0.93462812]
345.05011105537415,1005,False,0,4,[2.82212291 8.16935661 2.84170702],entering,[ 0.50568378 -0.03156594 -0.11489306]
345.15308833122253,1000,False,3,0,[-0.96912642 -7.73440096  2.23200959],entering,[-0.82138112 -0.19970136 -0.21083176]
345.15308833122253,1001,False,4,5,[-8.1736867   7.88152408  1.6625171 ],landing,[-0.48080528  0.59740651 -0.20557775]
345.15308833122253,1002,False,2,1,[6.59898064 4.61225275 4.00000009],cruising,[ 0.5677905  -0.59831228 -0.99408226]
345.15308833122253,1003,False,4,6,[ 6.59737267 -5.50316632  3.68881158],entering,[ 0.63925976  0.24903542 -0.34837281]
345.15308833122253,1004,False,6,2,[ 8.35629926 -1.76417939  3.99766385],cruising,[-0.62185191  0.08809385  0.93462812]
345.15308833122253,1005,False,0,4,[2.80268498 8.03087328 2.91670702],entering,[ 0.50568378 -0.03156594 -0.11489306]
345.25084233283997,1000,False,3,0,[-1.00805014 -7.6208891   2.30700959],entering,[-0.82138112 -0.19970136 -0.21083176]
345.25084233283997,1001,False,4,5,[-8.15513884  7.89417603  1.56507017],landing,[-0.48080528  0.59740651 -0.20557775]
345.25084233283997,1002,False,2,1,[6.7896599  4.55190857 4.00000008],cruising,[ 0.5677905  -0.59831228 -0.99408226]
345.25084233283997,1003,False,4,6,[ 6.45589883 -5.36179747  3.73548985],entering,[ 0.63925976  0.24903542 -0.34837281]
345.25084233283997,1004,False,6,2,[ 8.32718257 -1.96204859  3.99801427],cruising,[-0.62185191  0.08809385  0.93462812]
345.25084233283997,1005,False,0,4,[2.78420882 7.87241309 2.99170702],entering,[ 0.50568378 -0.03156594 -0.11489306]
345.34996032714844,1000,False,3,0,[-1.05346116 -7.48845859  2.38200959],entering,[-0.82138112 -0.19970136 -0.21083176]
345.34996032714844,1001,False,4,5,[-8.13659098  7.90682797  1.46762323],fake_landed,[-0.48080528  0.59740651 -0.20557775]
345.34996032714844,1002,False,2,1,[6.97683237 4.48143543 4.00000007],cruising,[ 0.5677905  -0.59831228 -0.99408226]
345.34996032714844,1003,False,4,6,[ 6.31204192 -5.22285436  3.77516637],entering,[ 0.63925976  0.24903542 -0.34837281]
345.34996032714844,1004,False,6,2,[ 8.29560351 -2.15953976  3.99831213],cruising,[-0.62185191  0.08809385  0.93462812]
345.34996032714844,1005,False,0,4,[2.76829135 7.69411725 3.06670702],entering,[ 0.50568378 -0.03156594 -0.11489306]
345.44882106781006,1000,False,3,0,[-1.10535946 -7.33710943  2.45700959],entering,[-0.82138112 -0.19970136 -0.21083176]
345.44882106781006,1001,False,4,5,[-8.1217527   7.91694952  1.38966568],fake_landed,[-0.48080528  0.59740651 -0.20557775]
345.44882106781006,1002,False,2,1,[7.1592711  4.39948354 4.00000006],cruising,[ 0.5677905  -0.59831228 -0.99408226]
345.44882106781006,1003,False,4,6,[ 6.16128481 -5.09143026  3.80889141],entering,[ 0.63925976  0.24903542 -0.34837281]
345.44882106781006,1004,False,6,2,[ 8.2585423  -2.35607593  3.99856531],cruising,[-0.62185191  0.08809385  0.93462812]
345.44882106781006,1005,False,0,4,[2.76251581 7.49858362 3.14170702],entering,[ 0.50568378 -0.03156594 -0.11489306]
345.56256127357483,1000,False,3,0,[-1.16374505 -7.16684164  2.53200959],entering,[-0.82138112 -0.19970136 -0.21083176]
345.56256127357483,1001,False,4,5,[-8.11062398  7.92454069  1.33119752],fake_landed,[-0.48080528  0.59740651 -0.20557775]
345.56256127357483,1002,False,2,1,[7.33538032 4.30469144 4.00000005],cruising,[ 0.5677905  -0.59831228 -0.99408226]
345.56256127357483,1003,False,4,6,[ 6.00351157 -4.96851725  3.8375577 ],cruising,[ 0.63925976  0.24903542 -0.34837281]
345.56256127357483,1004,False,6,2,[ 8.21879212 -2.55208594  3.99878051],cruising,[-0.62185191  0.08809385  0.93462812]
345.56256127357483,1005,False,0,4,[2.76754635 7.2986469  3.21670702],entering,[ 0.50568378 -0.03156594 -0.11489306]
345.64886832237244,1000,False,3,0,[-1.22986974 -6.97813187  2.60700959],entering,[-0.82138112 -0.19970136 -0.21083176]
345.64886832237244,1001,False,4,5,[-8.10320484  7.92960147  1.29221875],fake_landed,[-0.48080528  0.59740651 -0.20557775]
345.64886832237244,1002,False,2,1,[7.50314093 4.19580444 4.00000004],cruising,[ 0.5677905  -0.59831228 -0.99408226]
345.64886832237244,1003,False,4,6,[ 5.84200238 -4.85055633  3.86192405],cruising,[ 0.63925976  0.24903542 -0.34837281]
345.64886832237244,1004,False,6,2,[ 8.17286021 -2.74674014  3.99896344],cruising,[-0.62185191  0.08809385  0.93462812]
345.64886832237244,1005,False,0,4,[2.78617039 7.09951592 3.29170702],entering,[ 0.50568378 -0.03156594 -0.11489306]
345.7489655017853,1000,False,3,0,[-1.29601022 -6.78938485  2.68200959],entering,[-0.82138112 -0.19970136 -0.21083176]
345.7489655017853,1001,False,4,5,[-8.09949527  7.93213186  1.27272936],fake_landed,[-0.48080528  0.59740651 -0.20557775]
345.7489655017853,1002,False,2,1,[7.65887544 4.07093706 4.00000004],cruising,[ 0.5677905  -0.59831228 -0.99408226]
345.7489655017853,1003,False,4,6,[ 5.6741165  -4.74186257  3.88263544],cruising,[ 0.63925976  0.24903542 -0.34837281]
345.7489655017853,1004,False,6,2,[ 8.12377438 -2.94062305  3.99911892],cruising,[-0.62185191  0.08809385  0.93462812]
345.7489655017853,1005,False,0,4,[2.82166211 6.90269027 3.36670702],entering,[ 0.50568378 -0.03156594 -0.11489306]
345.8617308139801,1000,False,3,0,[-1.3621507  -6.60063783  2.75700959],entering,[-0.82138112 -0.19970136 -0.21083176]
345.8617308139801,1001,False,5,3,[-8.09949527  7.93213186  1.27272936],waiting,[-0.48080528  0.59740651 -0.20557775]
345.8617308139801,1002,False,2,1,[7.80119342 3.93123738 4.00000003],cruising,[ 0.5677905  -0.59831228 -0.99408226]
345.8617308139801,1003,False,4,6,[ 5.50297225 -4.63837515  3.90024012],cruising,[ 0.63925976  0.24903542 -0.34837281]
345.8617308139801,1004,False,6,2,[ 8.067307   -3.13248611  3.99925108],cruising,[-0.62185191  0.08809385  0.93462812]
345.8617308139801,1005,False,0,4,[2.86909443 6.70839622 3.44170702],entering,[ 0.50568378 -0.03156594 -0.11489306]
345.9493217468262,1000,False,3,0,[-1.42898221 -6.41213438  2.83200959],entering,[-0.82138112 -0.19970136 -0.21083176]
345.9493217468262,1001,False,5,3,[-8.09949527  7.93213186  1.27272936],waiting,[-0.48080528  0.59740651 -0.20557775]
345.9493217468262,1002,False,2,1,[7.92863247 3.77817293 4.00000002],cruising,[ 0.5677905  -0.59831228 -0.99408226]
345.9493217468262,1003,False,4,6,[ 5.32736266 -4.54266063  3.91520411],cruising,[ 0.63925976  0.24903542 -0.34837281]
345.9493217468262,1004,False,6,2,[ 8.00694052 -3.32315831  3.99936342],cruising,[-0.62185191  0.08809385  0.93462812]
345.9493217468262,1005,False,0,4,[2.93270603 6.51878197 3.51670702],entering,[ 0.50568378 -0.03156594 -0.11489306]
346.0529704093933,1000,False,3,0,[-1.49644138 -6.22385464  2.90700959],entering,[-0.82138112 -0.19970136 -0.21083176]
346.0529704093933,1001,False,5,3,[-8.09949527  7.93213186  1.27272936],waiting,[-0.48080528  0.59740651 -0.20557775]
346.0529704093933,1002,False,2,1,[8.03984311 3.61341922 4.00000002],cruising,[ 0.5677905  -0.59831228 -0.99408226]
346.0529704093933,1003,False,4,6,[ 5.14976454 -4.4506883   3.92792349],cruising,[ 0.63925976  0.24903542 -0.34837281]
346.0529704093933,1004,False,6,2,[ 7.93729545 -3.51064048  3.99945891],cruising,[-0.62185191  0.08809385  0.93462812]
346.0529704093933,1005,False,0,4,[3.0090265  6.33391666 3.58920097],entering,[ 0.50568378 -0.03156594 -0.11489306]
346.1492910385132,1000,False,3,0,[-1.56390056 -6.03557491  2.98200959],entering,[-0.82138112 -0.19970136 -0.21083176]
346.1492910385132,1001,False,5,3,[-8.09949527  7.93213186  1.27272936],waiting,[-0.48080528  0.59740651 -0.20557775]
346.1492910385132,1002,False,2,1,[8.13346756 3.43914049 4.00000002],cruising,[ 0.5677905  -0.59831228 -0.99408226]
346.1492910385132,1003,False,4,6,[ 4.96943928 -4.36418513  3.93873497],cruising,[ 0.63925976  0.24903542 -0.34837281]
346.1492910385132,1004,False,6,2,[ 7.8573046  -3.69394751  3.99954007],cruising,[-0.62185191  0.08809385  0.93462812]
346.1492910385132,1005,False,0,4,[3.10078574 6.15623842 3.65120728],entering,[ 0.50568378 -0.03156594 -0.11489306]
346.2498285770416,1000,False,3,0,[-1.6326333  -5.84775635  3.05700959],entering,[-0.82138112 -0.19970136 -0.21083176]
346.2498285770416,1001,False,5,3,[-8.09949527  7.93213186  1.27272936],waiting,[-0.48080528  0.59740651 -0.20557775]
346.2498285770416,1002,False,2,1,[8.20908192 3.25616485 4.00000001],exiting,[ 0.5677905  -0.59831228 -0.99408226]
346.2498285770416,1003,False,4,6,[ 4.78812073 -4.2797838   3.94792472],cruising,[ 0.63925976  0.24903542 -0.34837281]
346.2498285770416,1004,False,6,2,[ 7.76540588 -3.87158372  3.99960906],cruising,[-0.62185191  0.08809385  0.93462812]
346.2498285770416,1005,False,0,4,[3.20673658 5.98660817 3.70352619],entering,[ 0.50568378 -0.03156594 -0.11489306]
346.35719537734985,1000,False,3,0,[-1.70136604 -5.65993779  3.13200959],entering,[-0.82138112 -0.19970136 -0.21083176]
346.35719537734985,1001,False,5,3,[-8.09949527  7.93213186  1.27272936],waiting,[-0.48080528  0.59740651 -0.20557775]
346.35719537734985,1002,False,2,1,[8.26615949 3.0806984  4.00000001],exiting,[ 0.5677905  -0.59831228 -0.99408226]
346.35719537734985,1003,False,4,6,[ 4.6059288  -4.1972847   3.95573601],cruising,[ 0.63925976  0.24903542 -0.34837281]
346.35719537734985,1004,False,6,2,[ 7.65948058 -4.04122991  3.9996677 ],cruising,[-0.62185191  0.08809385  0.93462812]
346.35719537734985,1005,False,0,4,[3.32789432 5.82751943 3.74825386],entering,[ 0.50568378 -0.03156594 -0.11489306]
346.4557476043701,1000,False,3,0,[-1.77123757 -5.4725399   3.20700959],entering,[-0.82138112 -0.19970136 -0.21083176]
346.4557476043701,1001,False,5,3,[-8.09949527  7.93213186  1.27272936],waiting,[-0.48080528  0.59740651 -0.20557775]
346.4557476043701,1002,False,2,1,[8.30716233 2.91713164 4.00000001],exiting,[ 0.5677905  -0.59831228 -0.99408226]
346.4557476043701,1003,False,4,6,[ 4.4224433  -4.1177041   3.96237561],cruising,[ 0.63925976  0.24903542 -0.34837281]
346.4557476043701,1004,False,6,2,[ 7.53715127 -4.19943458  3.99971769],cruising,[-0.62185191  0.08809385  0.93462812]
346.4557476043701,1005,False,0,4,[3.46324251 5.68027519 3.78601578],entering,[ 0.50568378 -0.03156594 -0.11489306]
346.5488133430481,1000,False,3,0,[-1.84041892 -5.28488612  3.28200959],entering,[-0.82138112 -0.19970136 -0.21083176]
346.5488133430481,1001,False,5,3,[-8.09949527  7.93213186  1.27272936],waiting,[-0.48080528  0.59740651 -0.20557775]
346.5488133430481,1002,False,2,1,[8.33326329 2.76690408 4.00000001],exiting,[ 0.5677905  -0.59831228 -0.99408226]
346.5488133430481,1003,False,4,6,[ 4.23855639 -4.0390555   3.96801927],cruising,[ 0.63925976  0.24903542 -0.34837281]
346.5488133430481,1004,False,6,2,[ 7.39983943 -4.34439072  3.99976193],cruising,[-0.62185191  0.08809385  0.93462812]
346.5488133430481,1005,False,0,4,[3.61209062 5.54675422 3.81835334],entering,[ 0.50568378 -0.03156594 -0.11489306]
346.6595849990845,1000,False,3,0,[-1.91131605 -5.09787383  3.35700959],entering,[-0.82138112 -0.19970136 -0.21083176]
346.6595849990845,1001,False,5,3,[-8.09949527  7.93213186  1.27272936],waiting,[-0.48080528  0.59740651 -0.20557775]
346.6595849990845,1002,False,2,1,[8.34512809 2.630724   4.        ],exiting,[ 0.5677905  -0.59831228 -0.99408226]
346.6595849990845,1003,False,4,6,[ 4.0539095  -3.96220808  3.97281638],cruising,[ 0.63925976  0.24903542 -0.34837281]
346.6595849990845,1004,False,6,2,[ 7.24997703 -4.47377497  3.99980314],cruising,[-0.62185191  0.08809385  0.93462812]
346.6595849990845,1005,False,0,4,[3.77317425 5.42821934 3.84562042],cruising,[ 0.50568378 -0.03156594 -0.11489306]
346.7627794742584,1000,False,3,0,[-1.98283085 -4.91109687  3.43200959],entering,[-0.82138112 -0.19970136 -0.21083176]
346.7627794742584,1001,False,5,3,[-8.09949527  7.93213186  1.27272936],queued,[-0.48080528  0.59740651 -0.20557775]
346.7627794742584,1002,False,2,1,[8.3432368  2.50906184 4.        ],exiting,[ 0.5677905  -0.59831228 -0.99408226]
346.7627794742584,1003,False,4,6,[ 3.8690511  -3.88587086  3.97689392],cruising,[ 0.63925976  0.24903542 -0.34837281]
346.7627794742584,1004,False,6,2,[ 7.08946759 -4.58622876  3.99984133],cruising,[-0.62185191  0.08809385  0.93462812]
346.7627794742584,1005,False,0,4,[3.94474846 5.32544633 3.86877735],cruising,[ 0.50568378 -0.03156594 -0.11489306]
346.85857820510864,1000,False,3,0,[-2.05460793 -4.72442054  3.50700959],entering,[-0.82138112 -0.19970136 -0.21083176]
346.85857820510864,1001,False,5,3,[-8.09949527  7.93213186  1.29272936],queued,[-0.48080528  0.59740651 -0.20557775]
346.85857820510864,1002,False,2,1,[8.32802255 2.40231606 4.        ],exiting,[ 0.5677905  -0.59831228 -0.99408226]
346.85857820510864,1003,False,4,6,[ 3.68370922 -3.81071509  3.98035983],cruising,[ 0.63925976  0.24903542 -0.34837281]
346.85857820510864,1004,False,6,2,[ 6.92036433 -4.68062304  3.99987645],cruising,[-0.62185191  0.08809385  0.93462812]
346.85857820510864,1005,False,0,4,[4.12413776 5.23701851 3.88846075],cruising,[ 0.50568378 -0.03156594 -0.11489306]
346.95226287841797,1000,False,3,0,[-2.12627851 -4.5377033   3.58095815],entering,[-0.82138112 -0.19970136 -0.21083176]
346.95226287841797,1001,False,5,3,[-8.09949527  7.93213186  1.33272936],queued,[-0.48080528  0.59740651 -0.20557775]
346.95226287841797,1002,False,2,1,[8.29998784 2.31092072 4.        ],exiting,[ 0.5677905  -0.59831228 -0.99408226]
346.95226287841797,1003,False,4,6,[ 3.49817304 -3.73604028  3.98330586],cruising,[ 0.63925976  0.24903542 -0.34837281]
346.95226287841797,1004,False,6,2,[ 6.74481433 -4.75608481  3.99990845],cruising,[-0.62185191  0.08809385  0.93462812]
346.95226287841797,1005,False,0,4,[4.30962933 5.16223297 3.90519164],cruising,[ 0.50568378 -0.03156594 -0.11489306]
347.05036997795105,1000,False,3,0,[-2.19584984 -4.35019376  3.64381443],entering,[-0.82138112 -0.19970136 -0.21083176]
347.05036997795105,1001,False,5,3,[-8.09949527  7.93213186  1.39272936],queued,[-0.48080528  0.59740651 -0.20557775]
347.05036997795105,1002,False,2,1,[8.25938849 2.23508591 4.        ],exiting,[ 0.5677905  -0.59831228 -0.99408226]
347.05036997795105,1003,False,4,6,[ 3.31227534 -3.66227006  3.98580998],cruising,[ 0.63925976  0.24903542 -0.34837281]
347.05036997795105,1004,False,6,2,[ 6.56500566 -4.81200525  3.99993726],cruising,[-0.62185191  0.08809385  0.93462812]
347.05036997795105,1005,False,0,4,[4.4993553  5.09895535 3.91941289],cruising,[ 0.50568378 -0.03156594 -0.11489306]
347.1615500450134,1000,False,3,0,[-2.2654302  -4.16268756  3.69724227],entering,[-0.82138112 -0.19970136 -0.21083176]
347.1615500450134,1001,False,5,3,[-8.09949527  7.93213186  1.46772936],queued,[-0.48080528  0.59740651 -0.20557775]
347.1615500450134,1002,False,2,1,[8.2064888  2.17502137 4.        ],exiting,[ 0.5677905  -0.59831228 -0.99408226]
347.1615500450134,1003,False,4,6,[ 3.12608787 -3.5892343   3.98793848],cruising,[ 0.63925976  0.24903542 -0.34837281]
347.1615500450134,1004,False,6,2,[ 6.3831497  -4.84803075  3.99996278],cruising,[-0.62185191  0.08809385  0.93462812]
347.1615500450134,1005,False,0,4,[4.69190649 5.04488099 3.93150096],cruising,[ 0.50568378 -0.03156594 -0.11489306]
347.2491476535797,1000,False,3,0,[-2.32726215 -3.97248554  3.74265593],entering,[-0.82138112 -0.19970136 -0.21083176]
347.2491476535797,1001,False,5,3,[-8.09949527  7.93213186  1.54272936],queued,[-0.48080528  0.59740651 -0.20557775]
347.2491476535797,1002,False,2,1,[8.14156194 2.13093642 3.99999999],exiting,[ 0.5677905  -0.59831228 -0.99408226]
347.2491476535797,1003,False,4,6,[ 2.93956244 -3.51706598  3.98974771],cruising,[ 0.63925976  0.24903542 -0.34837281]
347.2491476535797,1004,False,6,2,[ 6.20063111 -4.86406723  3.9999847 ],cruising,[-0.62185191  0.08809385  0.93462812]
347.2491476535797,1005,False,0,4,[4.88640805 4.9983069  3.94177581],cruising,[ 0.50568378 -0.03156594 -0.11489306]
347.35549116134644,1000,False,3,0,[-2.38796072 -3.78191879  3.78125754],entering,[-0.82138112 -0.19970136 -0.21083176]
347.35549116134644,1001,False,5,3,[-8.09949527  7.93213186  1.61772936],queued,[-0.48080528  0.59740651 -0.20557775]
347.35549116134644,1002,False,2,1,[8.06489068 2.10304001 3.99999999],exiting,[ 0.5677905  -0.59831228 -0.99408226]
347.35549116134644,1003,False,4,6,[ 2.75256782 -3.44612225  3.99128555],cruising,[ 0.63925976  0.24903542 -0.34837281]
347.35549116134644,1004,False,6,2,[ 6.01890939 -4.8601196   4.00000294],cruising,[-0.62185191  0.08809385  0.93462812]
347.35549116134644,1005,False,0,4,[5.0820502  4.95678404 3.95050944],cruising,[ 0.50568378 -0.03156594 -0.11489306]
347.4496958255768,1000,False,3,0,[-2.44865698 -3.59135132  3.81406891],cruising,[-0.82138112 -0.19970136 -0.21083176]
347.4496958255768,1001,False,5,3,[-8.09949527  7.93213186  1.69272936],queued,[-0.48080528  0.59740651 -0.20557775]
347.4496958255768,1002,False,2,1,[7.97676831 2.09154093 4.        ],exiting,[ 0.5677905  -0.59831228 -0.99408226]
347.4496958255768,1003,False,4,6,[ 2.56495655 -3.37682571  3.99259272],cruising,[ 0.63925976  0.24903542 -0.34837281]
347.4496958255768,1004,False,6,2,[ 5.8391761  -4.83627105  4.0000174 ],cruising,[-0.62185191  0.08809385  0.93462812]
347.4496958255768,1005,False,0,4,[5.27833009 4.91838869 3.95793303],cruising,[ 0.50568378 -0.03156594 -0.11489306]
347.5574004650116,1000,False,3,0,[-2.50330225 -3.39896136  3.84195857],cruising,[-0.82138112 -0.19970136 -0.21083176]
347.5574004650116,1001,False,5,3,[-8.09949527  7.93213186  1.76772936],queued,[-0.48080528  0.59740651 -0.20557775]
347.5574004650116,1002,False,2,1,[7.87749969 2.0966479  4.        ],exiting,[ 0.5677905  -0.59831228 -0.99408226]
347.5574004650116,1003,False,4,6,[ 2.37690464 -3.308734    3.99370381],cruising,[ 0.63925976  0.24903542 -0.34837281]
347.5574004650116,1004,False,6,2,[ 5.66196867 -4.79258265  4.00002777],cruising,[-0.62185191  0.08809385  0.93462812]
347.5574004650116,1005,False,0,4,[5.47488072 4.88140421 3.96424307],cruising,[ 0.50568378 -0.03156594 -0.11489306]
347.6585307121277,1000,False,3,0,[-2.55308035 -3.20525503  3.86566478],cruising,[-0.82138112 -0.19970136 -0.21083176]
347.6585307121277,1001,False,5,3,[-8.09949527  7.93213186  1.84272936],queued,[-0.48080528  0.59740651 -0.20557775]
347.6585307121277,1002,False,2,1,[7.77767782 2.10261395 4.        ],exiting,[ 0.5677905  -0.59831228 -0.99408226]
347.6585307121277,1003,False,4,6,[ 2.18795079 -3.24318678  3.99464824],cruising,[ 0.63925976  0.24903542 -0.34837281]
347.6585307121277,1004,False,6,2,[ 5.48802229 -4.7291619   4.00003392],cruising,[-0.62185191  0.08809385  0.93462812]
347.6585307121277,1005,False,0,4,[5.67173419 4.84606712 3.96960661],cruising,[ 0.50568378 -0.03156594 -0.11489306]
347.76170921325684,1000,False,3,0,[-2.5957804  -3.00986643  3.88581507],cruising,[-0.82138112 -0.19970136 -0.21083176]
347.76170921325684,1001,False,5,3,[-8.09949527  7.93213186  1.91772936],queued,[-0.48080528  0.59740651 -0.20557775]
347.76170921325684,1002,False,2,1,[7.67785595 2.10857999 4.        ],exiting,[ 0.5677905  -0.59831228 -0.99408226]
347.76170921325684,1003,False,4,6,[ 1.99791958 -3.18083181  3.995451  ],cruising,[ 0.63925976  0.24903542 -0.34837281]
347.76170921325684,1004,False,6,2,[ 5.31713804 -4.64597695  4.00003536],cruising,[-0.62185191  0.08809385  0.93462812]
347.76170921325684,1005,False,0,4,[5.86829853 4.80915557 3.97416562],cruising,[ 0.50568378 -0.03156594 -0.11489306]
347.86076974868774,1000,False,3,0,[-2.6379776  -2.81436862  3.90294281],cruising,[-0.82138112 -0.19970136 -0.21083176]
347.86076974868774,1001,False,5,3,[-8.09949527  7.93213186  1.99272936],queued,[-0.48080528  0.59740651 -0.20557775]
347.86076974868774,1002,False,2,1,[7.57803407 2.11454604 4.        ],exiting,[ 0.5677905  -0.59831228 -0.99408226]
347.86076974868774,1003,False,4,6,[ 1.80662093 -3.12248094  3.99613335],cruising,[ 0.63925976  0.24903542 -0.34837281]
347.86076974868774,1004,False,6,2,[ 5.14878936 -4.54295339  4.00003165],cruising,[-0.62185191  0.08809385  0.93462812]
347.86076974868774,1005,False,0,4,[6.06429681 4.76934763 3.97804078],cruising,[ 0.50568378 -0.03156594 -0.11489306]
347.9503743648529,1000,False,3,0,[-2.67765076 -2.618343    3.91750139],cruising,[-0.82138112 -0.19970136 -0.21083176]
347.9503743648529,1001,False,5,3,[-8.09949527  7.93213186  2.06772936],queued,[-0.48080528  0.59740651 -0.20557775]
347.9503743648529,1002,False,2,1,[7.4782122  2.12051208 4.        ],exiting,[ 0.5677905  -0.59831228 -0.99408226]
347.9503743648529,1003,False,4,6,[ 1.61457421 -3.06664136  3.99671335],cruising,[ 0.63925976  0.24903542 -0.34837281]
347.9503743648529,1004,False,6,2,[ 4.97686474 -4.44076766  4.0000269 ],cruising,[-0.62185191  0.08809385  0.93462812]
347.9503743648529,1005,False,0,4,[6.25939883 4.7253567  3.98133466],cruising,[ 0.50568378 -0.03156594 -0.11489306]
348.05416321754456,1000,False,3,0,[-2.71889442 -2.4226418   3.92987618],cruising,[-0.82138112 -0.19970136 -0.21083176]
348.05416321754456,1001,False,5,3,[-8.09949527  7.93213186  2.14272936],queued,[-0.48080528  0.59740651 -0.20557775]
348.05416321754456,1002,False,2,1,[7.37839033 2.12647813 4.        ],exiting,[ 0.5677905  -0.59831228 -0.99408226]
348.05416321754456,1003,False,4,6,[ 1.42081425 -3.01707242  3.99720635],cruising,[ 0.63925976  0.24903542 -0.34837281]
348.05416321754456,1004,False,6,2,[ 4.80212129 -4.34348083  4.00002287],cruising,[-0.62185191  0.08809385  0.93462812]
348.05416321754456,1005,False,0,4,[6.45318543 4.67589202 3.98413446],cruising,[ 0.50568378 -0.03156594 -0.11489306]
348.1477973461151,1000,False,3,0,[-2.76191838 -2.22732427  3.94039475],cruising,[-0.82138112 -0.19970136 -0.21083176]
348.1477973461151,1001,False,5,3,[-8.09949527  7.93213186  2.21772936],queued,[-0.48080528  0.59740651 -0.20557775]
348.1477973461151,1002,False,2,1,[7.27856846 2.13244418 4.        ],exiting,[ 0.5677905  -0.59831228 -0.99408226]
348.1477973461151,1003,False,4,6,[ 1.22518401 -2.97549347  3.9976254 ],cruising,[ 0.63925976  0.24903542 -0.34837281]
348.1477973461151,1004,False,6,2,[ 4.62423714 -4.25206295  4.00001944],cruising,[-0.62185191  0.08809385  0.93462812]
348.1477973461151,1005,False,0,4,[6.64510789 4.61962686 3.98651429],cruising,[ 0.50568378 -0.03156594 -0.11489306]
348.2579734325409,1000,False,3,0,[-2.80619719 -2.03228738  3.94933554],cruising,[-0.82138112 -0.19970136 -0.21083176]
348.2579734325409,1001,False,5,3,[-8.09949527  7.93213186  2.29272936],queued,[-0.48080528  0.59740651 -0.20557775]
348.2579734325409,1002,False,2,1,[7.17874658 2.13841022 4.        ],exiting,[ 0.5677905  -0.59831228 -0.99408226]
348.2579734325409,1003,False,4,6,[ 1.02679923 -2.95012659  3.99798159],cruising,[ 0.63925976  0.24903542 -0.34837281]
348.2579734325409,1004,False,6,2,[ 4.44478518 -4.16376236  4.00001652],cruising,[-0.62185191  0.08809385  0.93462812]
348.2579734325409,1005,False,0,4,[6.83443916 4.55517787 3.98853715],cruising,[ 0.50568378 -0.03156594 -0.11489306]
348.35957765579224,1000,False,3,0,[-2.85343763 -1.8379466   3.95693521],cruising,[-0.82138112 -0.19970136 -0.21083176]
348.35957765579224,1001,False,5,3,[-8.09949527  7.93213186  2.36772936],queued,[-0.48080528  0.59740651 -0.20557775]
348.35957765579224,1002,False,2,1,[7.07892471 2.14437627 4.        ],exiting,[ 0.5677905  -0.59831228 -0.99408226]
348.35957765579224,1003,False,4,6,[ 0.82710444 -2.93908175  3.99828435],cruising,[ 0.63925976  0.24903542 -0.34837281]
348.35957765579224,1004,False,6,2,[ 4.26348331 -4.07932522  4.00001404],cruising,[-0.62185191  0.08809385  0.93462812]
348.35957765579224,1005,False,0,4,[7.02021509 4.48110155 3.99025658],cruising,[ 0.50568378 -0.03156594 -0.11489306]
348.45373582839966,1000,False,3,0,[-2.90388878 -1.64441448  3.96339493],cruising,[-0.82138112 -0.19970136 -0.21083176]
348.45373582839966,1001,False,5,3,[-8.09949527  7.93213186  2.44272936],queued,[-0.48080528  0.59740651 -0.20557775]
348.45373582839966,1002,False,2,1,[6.97910284 2.15034232 4.        ],exiting,[ 0.5677905  -0.59831228 -0.99408226]
348.45373582839966,1003,False,4,6,[ 0.62716375 -2.94395235  3.9985417 ],cruising,[ 0.63925976  0.24903542 -0.34837281]
348.45373582839966,1004,False,6,2,[ 4.08132238 -3.99675768  4.00001194],cruising,[-0.62185191  0.08809385  0.93462812]
348.45373582839966,1005,False,0,4,[7.20116724 4.3959175  3.99171809],cruising,[ 0.50568378 -0.03156594 -0.11489306]
348.5548143386841,1000,False,3,0,[-2.95786638 -1.45183613  3.96888569],cruising,[-0.82138112 -0.19970136 -0.21083176]
348.5548143386841,1001,False,5,3,[-8.09949527  7.93213186  2.51772936],entering,[-0.48080528  0.59740651 -0.20557775]
348.5548143386841,1002,False,2,1,[6.87928096 2.15630836 4.        ],exiting,[ 0.5677905  -0.59831228 -0.99408226]
348.5548143386841,1003,False,4,6,[ 0.42814962 -2.96378603  3.99876044],cruising,[ 0.63925976  0.24903542 -0.34837281]
348.5548143386841,1004,False,6,2,[ 3.89805129 -3.91668455  4.00001015],cruising,[-0.62185191  0.08809385  0.93462812]
348.5548143386841,1005,False,0,4,[7.37565415 4.29817131 3.99296038],cruising,[ 0.50568378 -0.03156594 -0.11489306]
348.65901136398315,1000,False,3,0,[-3.01573136 -1.26038994  3.97355283],cruising,[-0.82138112 -0.19970136 -0.21083176]
348.65901136398315,1001,False,5,3,[-8.08165036  7.92310085  2.59272936],entering,[-0.48080528  0.59740651 -0.20557775]
348.65901136398315,1002,False,2,1,[6.77945909 2.16227441 4.        ],exiting,[ 0.5677905  -0.59831228 -0.99408226]
348.65901136398315,1003,False,4,6,[ 0.23108504 -2.99792622  3.99894638],cruising,[ 0.63925976  0.24903542 -0.34837281]
348.65901136398315,1004,False,6,2,[ 3.71425317 -3.83782866  4.00000863],cruising,[-0.62185191  0.08809385  0.93462812]
348.65901136398315,1005,False,0,4,[7.53930605 4.18361501 3.99405206],cruising,[ 0.50568378 -0.03156594 -0.11489306]
348.7487246990204,1000,False,3,0,[-3.07701643 -1.070011    3.97751991],cruising,[-0.82138112 -0.19970136 -0.21083176]
348.7487246990204,1001,False,5,3,[-8.0459469   7.90506583  2.66772936],entering,[-0.48080528  0.59740651 -0.20557775]
348.7487246990204,1002,False,2,1,[6.67963722 2.16824046 4.        ],exiting,[ 0.5677905  -0.59831228 -0.99408226]
348.7487246990204,1003,False,4,6,[ 0.03681632 -3.04546215  3.99910442],cruising,[ 0.63925976  0.24903542 -0.34837281]
348.7487246990204,1004,False,6,2,[ 3.5297424  -3.76065498  4.00000733],cruising,[-0.62185191  0.08809385  0.93462812]
348.7487246990204,1005,False,0,4,[7.69070227 4.05325462 3.99497434],cruising,[ 0.50568378 -0.03156594 -0.11489306]
348.8488531112671,1000,False,3,0,[-3.14290807 -0.88117697  3.98089192],cruising,[-0.82138112 -0.19970136 -0.21083176]
348.8488531112671,1001,False,5,3,[-7.99235478  7.87808676  2.74272936],entering,[-0.48080528  0.59740651 -0.20557775]
348.8488531112671,1002,False,2,1,[6.57981535 2.1742065  4.        ],exiting,[ 0.5677905  -0.59831228 -0.99408226]
348.8488531112671,1003,False,4,6,[-0.15287428 -3.10884571  3.99923876],cruising,[ 0.63925976  0.24903542 -0.34837281]
348.8488531112671,1004,False,6,2,[ 3.34480293 -3.68451439  4.00000623],cruising,[-0.62185191  0.08809385  0.93462812]
348.8488531112671,1005,False,0,4,[7.82828432 3.90843223 3.99575713],cruising,[ 0.50568378 -0.03156594 -0.11489306]
348.95101952552795,1000,False,3,0,[-3.2138449  -0.69417974  3.98375813],cruising,[-0.82138112 -0.19970136 -0.21083176]
348.95101952552795,1001,False,5,3,[-7.92081703  7.84227853  2.81772936],entering,[-0.48080528  0.59740651 -0.20557775]
348.95101952552795,1002,False,2,1,[6.47999347 2.18017255 4.        ],exiting,[ 0.5677905  -0.59831228 -0.99408226]
348.95101952552795,1003,False,4,6,[-0.33912546 -3.18171887  3.99935294],cruising,[ 0.63925976  0.24903542 -0.34837281]
348.95101952552795,1004,False,6,2,[ 3.15935979 -3.60960882  4.0000053 ],cruising,[-0.62185191  0.08809385  0.93462812]
348.95101952552795,1005,False,0,4,[7.95022357 3.75114803 3.99646156],cruising,[ 0.50568378 -0.03156594 -0.11489306]
349.0524296760559,1000,False,3,0,[-3.29024451 -0.50934711  3.98619441],cruising,[-0.82138112 -0.19970136 -0.21083176]
349.0524296760559,1001,False,5,3,[-7.83128439  7.79774195  2.89272936],entering,[-0.48080528  0.59740651 -0.20557775]
349.0524296760559,1002,False,2,1,[6.3801716  2.18613859 4.        ],exiting,[ 0.5677905  -0.59831228 -0.99408226]
349.0524296760559,1003,False,4,6,[-0.52106005 -3.26478394  3.99945   ],cruising,[ 0.63925976  0.24903542 -0.34837281]
349.0524296760559,1004,False,6,2,[ 2.97341554 -3.53595602  4.0000045 ],cruising,[-0.62185191  0.08809385  0.93462812]
349.0524296760559,1005,False,0,4,[8.05541785 3.5829277  3.99708252],cruising,[ 0.50568378 -0.03156594 -0.11489306]
349.1626720428467,1000,False,3,0,[-3.37075889 -0.32626944  3.98826525],cruising,[-0.82138112 -0.19970136 -0.21083176]
349.1626720428467,1001,False,5,3,[-7.72373223  7.74452798  2.96772936],entering,[-0.48080528  0.59740651 -0.20557775]
349.1626720428467,1002,False,2,1,[6.28034973 2.19210464 4.        ],exiting,[ 0.5677905  -0.59831228 -0.99408226]
349.1626720428467,1003,False,4,6,[-0.70001292 -3.35409166  3.9995325 ],cruising,[ 0.63925976  0.24903542 -0.34837281]
349.1626720428467,1004,False,6,2,[ 2.78688001 -3.46381382  4.00000383],cruising,[-0.62185191  0.08809385  0.93462812]
349.1626720428467,1005,False,0,4,[8.14297625 3.40527507 3.99761617],cruising,[ 0.50568378 -0.03156594 -0.11489306]
349.2627921104431,1000,False,3,0,[-3.45768302 -0.14614671  3.99002546],cruising,[-0.82138112 -0.19970136 -0.21083176]
349.2627921104431,1001,False,5,3,[-7.59814321  7.68267275  3.04272936],entering,[-0.48080528  0.59740651 -0.20557775]
349.2627921104431,1002,False,2,1,[6.18052785 2.19807069 4.        ],exiting,[ 0.5677905  -0.59831228 -0.99408226]
349.2627921104431,1003,False,4,6,[-0.87793743 -3.44543096  3.99960263],cruising,[ 0.63925976  0.24903542 -0.34837281]
349.2627921104431,1004,False,6,2,[ 2.59986685 -3.39291898  4.00000325],cruising,[-0.62185191  0.08809385  0.93462812]
349.2627921104431,1005,False,0,4,[8.2122184  3.21959086 3.99805721],cruising,[ 0.50568378 -0.03156594 -0.11489306]
349.353390455246,1000,False,3,0,[-3.55142842  0.0305219   3.99152164],cruising,[-0.82138112 -0.19970136 -0.21083176]
349.353390455246,1001,False,5,3,[-7.45407065  7.61317824  3.11772936],entering,[-0.48080528  0.59740651 -0.20557775]
349.353390455246,1002,False,2,1,[6.08070598 2.20403673 4.        ],exiting,[ 0.5677905  -0.59831228 -0.99408226]
349.353390455246,1003,False,4,6,[-1.05730069 -3.5339116   3.99966223],cruising,[ 0.63925976  0.24903542 -0.34837281]
349.353390455246,1004,False,6,2,[ 2.41206679 -3.32413572  4.00000277],cruising,[-0.62185191  0.08809385  0.93462812]
349.353390455246,1005,False,0,4,[8.26262372 3.02718626 3.99839827],cruising,[ 0.50568378 -0.03156594 -0.11489306]
349.4547562599182,1000,False,3,0,[-3.65114299  0.20389146  3.9927934 ],cruising,[-0.82138112 -0.19970136 -0.21083176]
349.4547562599182,1001,False,5,3,[-7.29128153  7.53663456  3.19272936],entering,[-0.48080528  0.59740651 -0.20557775]
349.4547562599182,1002,False,2,1,[5.98088411 2.21000278 4.        ],exiting,[ 0.5677905  -0.59831228 -0.99408226]
349.4547562599182,1003,False,4,6,[-1.24212966 -3.61032005  3.9997129 ],cruising,[ 0.63925976  0.24903542 -0.34837281]
349.4547562599182,1004,False,6,2,[ 2.22333315 -3.25795708  4.00000235],cruising,[-0.62185191  0.08809385  0.93462812]
349.4547562599182,1005,False,0,4,[8.30035189 2.83077703 3.99863853],cruising,[ 0.50568378 -0.03156594 -0.11489306]
349.562459230423,1000,False,3,0,[-3.75759938  0.3732049   3.99387439],cruising,[-0.82138112 -0.19970136 -0.21083176]
349.562459230423,1001,False,5,3,[-7.10900872  7.45557585  3.26772936],entering,[-0.48080528  0.59740651 -0.20557775]
349.562459230423,1002,False,2,1,[5.88106224 2.21596883 4.        ],exiting,[ 0.5677905  -0.59831228 -0.99408226]
349.562459230423,1003,False,4,6,[-1.43336369 -3.66778186  3.9997578 ],cruising,[ 0.63925976  0.24903542 -0.34837281]
349.562459230423,1004,False,6,2,[ 2.03400214 -3.19350734  4.000002  ],cruising,[-0.62185191  0.08809385  0.93462812]
349.562459230423,1005,False,0,4,[8.33200482 2.63329768 3.99884275],cruising,[ 0.50568378 -0.03156594 -0.11489306]
349.6480576992035,1000,False,3,0,[-3.86716204  0.54052502  3.99479323],cruising,[-0.82138112 -0.19970136 -0.21083176]
349.6480576992035,1001,False,5,3,[-6.92521784  7.37670307  3.34272936],entering,[-0.48080528  0.59740651 -0.20557775]
349.6480576992035,1002,False,2,1,[5.78124036 2.22193487 4.        ],exiting,[ 0.5677905  -0.59831228 -0.99408226]
349.6480576992035,1003,False,4,6,[-1.62775294 -3.70549412  3.99979965],cruising,[ 0.63925976  0.24903542 -0.34837281]
349.6480576992035,1004,False,6,2,[ 1.84339826 -3.13292549  4.0000017 ],cruising,[-0.62185191  0.08809385  0.93462812]
349.6480576992035,1005,False,0,4,[8.35875541 2.43509474 3.99901633],cruising,[ 0.50568378 -0.03156594 -0.11489306]
349.7475972175598,1000,False,3,0,[-3.97917309  0.70621607  3.99557425],cruising,[-0.82138112 -0.19970136 -0.21083176]
349.7475972175598,1001,False,5,3,[-6.73929439  7.30299777  3.41772936],entering,[-0.48080528  0.59740651 -0.20557775]
349.7475972175598,1002,False,2,1,[5.68141849 2.22790092 4.        ],exiting,[ 0.5677905  -0.59831228 -0.99408226]
349.7475972175598,1003,False,4,6,[-1.82211346 -3.72320641  3.99983898],cruising,[ 0.63925976  0.24903542 -0.34837281]
349.7475972175598,1004,False,6,2,[ 1.651336   -3.07713941  4.00000144],cruising,[-0.62185191  0.08809385  0.93462812]
349.7475972175598,1005,False,0,4,[8.38453531 2.23676321 3.99916388],cruising,[ 0.50568378 -0.03156594 -0.11489306]
349.84881687164307,1000,False,3,0,[-4.09306783  0.87061798  3.99623811],cruising,[-0.82138112 -0.19970136 -0.21083176]
349.84881687164307,1001,False,5,3,[-6.55182218  7.2333259   3.49272936],entering,[-0.48080528  0.59740651 -0.20557775]
349.84881687164307,1002,False,2,1,[5.58159662 2.23386696 4.        ],landing,[ 0.5677905  -0.59831228 -0.99408226]
349.84881687164307,1003,False,4,6,[-2.01343888 -3.72115033  3.99987599],cruising,[ 0.63925976  0.24903542 -0.34837281]
349.84881687164307,1004,False,6,2,[ 1.45762214 -3.02739062  4.00000123],cruising,[-0.62185191  0.08809385  0.93462812]
349.84881687164307,1005,False,0,4,[8.40572229 2.0378886  3.9992893 ],cruising,[ 0.50568378 -0.03156594 -0.11489306]
349.9505476951599,1000,False,3,0,[-4.20836185  1.03404163  3.99680239],cruising,[-0.82138112 -0.19970136 -0.21083176]
349.9505476951599,1001,False,5,3,[-6.3626493   7.16841349  3.56772936],entering,[-0.48080528  0.59740651 -0.20557775]
349.9505476951599,1002,False,2,1,[5.49562394 2.23585272 3.98613071],landing,[ 0.5677905  -0.59831228 -0.99408226]
349.9505476951599,1003,False,4,6,[-2.19909426 -3.69991481  3.99991065],cruising,[ 0.63925976  0.24903542 -0.34837281]
349.9505476951599,1004,False,6,2,[ 1.26208408 -2.98538029  4.00000104],cruising,[-0.62185191  0.08809385  0.93462812]
349.9505476951599,1005,False,0,4,[8.42568526 1.83888739 3.99939591],cruising,[ 0.50568378 -0.03156594 -0.11489306]
350.0532851219177,1000,False,3,0,[-4.32463763  1.19676822  3.99728203],cruising,[-0.82138112 -0.19970136 -0.21083176]
350.0532851219177,1001,False,5,3,[-6.17142884  7.10980687  3.63256996],entering,[-0.48080528  0.59740651 -0.20557775]
350.0532851219177,1002,False,2,1,[5.42367194 2.23388554 3.9585576 ],landing,[ 0.5677905  -0.59831228 -0.99408226]
350.0532851219177,1003,False,4,6,[-2.37668097 -3.66037912  3.99994293],cruising,[ 0.63925976  0.24903542 -0.34837281]
350.0532851219177,1004,False,6,2,[ 1.0646431  -2.95348893  4.00000089],cruising,[-0.62185191  0.08809385  0.93462812]
350.0532851219177,1005,False,0,4,[8.44405565 1.63973286 3.99948652],cruising,[ 0.50568378 -0.03156594 -0.11489306]
350.16246032714844,1000,False,3,0,[-4.44153178  1.35905117  3.99768973],cruising,[-0.82138112 -0.19970136 -0.21083176]
350.16246032714844,1001,False,5,3,[-5.97794615  7.0591665   3.68768446],entering,[-0.48080528  0.59740651 -0.20557775]
350.16246032714844,1002,False,2,1,[5.36594102 2.22799855 3.91747908],landing,[ 0.5677905  -0.59831228 -0.99408226]
350.16246032714844,1003,False,4,6,[-2.54401683 -3.60367019  3.99997275],cruising,[ 0.63925976  0.24903542 -0.34837281]
350.16246032714844,1004,False,6,2,[ 0.86504678 -2.9414811   4.00000075],cruising,[-0.62185191  0.08809385  0.93462812]
350.16246032714844,1005,False,0,4,[8.45790891 1.44021322 3.99956354],cruising,[ 0.50568378 -0.03156594 -0.11489306]
350.2525215148926,1000,False,3,0,[-4.55872343  1.52111942  3.99803627],cruising,[-0.82138112 -0.19970136 -0.21083176]
350.2525215148926,1001,False,5,3,[-5.78238454  7.01726593  3.73453179],entering,[-0.48080528  0.59740651 -0.20557775]
350.2525215148926,1002,False,2,1,[5.32270012 2.21823826 3.86317041],landing,[ 0.5677905  -0.59831228 -0.99408226]
350.2525215148926,1003,False,4,6,[-2.69925912 -3.53103187  3.99999998],cruising,[ 0.63925976  0.24903542 -0.34837281]
350.2525215148926,1004,False,6,2,[ 0.66509446 -2.94584775  4.00000064],cruising,[-0.62185191  0.08809385  0.93462812]
350.2525215148926,1005,False,0,4,[8.47025541 1.24059467 3.99962901],cruising,[ 0.50568378 -0.03156594 -0.11489306]
350.3502085208893,1000,False,3,0,[-4.67589528  1.68320199  3.99833083],cruising,[-0.82138112 -0.19970136 -0.21083176]
350.3502085208893,1001,False,5,3,[-5.58519588  6.98384986  3.77435202],entering,[-0.48080528  0.59740651 -0.20557775]
350.3502085208893,1002,False,2,1,[5.2941875  2.2046479  3.79588452],landing,[ 0.5677905  -0.59831228 -0.99408226]
350.3502085208893,1003,False,4,6,[-2.84078965 -3.44383376  4.00002448],cruising,[ 0.63925976  0.24903542 -0.34837281]
350.3502085208893,1004,False,6,2,[ 0.46559281 -2.95995777  4.00000054],cruising,[-0.62185191  0.08809385  0.93462812]
350.3502085208893,1005,False,0,4,[8.47857387 1.04076774 3.99968466],cruising,[ 0.50568378 -0.03156594 -0.11489306]
350.4534225463867,1000,False,3,0,[-4.79295127  1.84536824  3.9985812 ],cruising,[-0.82138112 -0.19970136 -0.21083176]
350.4534225463867,1001,False,5,3,[-5.38627907  6.96306284  3.80819922],entering,[-0.48080528  0.59740651 -0.20557775]
350.4534225463867,1002,False,2,1,[5.28061416 2.18726749 3.71585291],landing,[ 0.5677905  -0.59831228 -0.99408226]
350.4534225463867,1003,False,4,6,[-2.96715322 -3.34359865  4.00004612],cruising,[ 0.63925976  0.24903542 -0.34837281]
350.4534225463867,1004,False,6,2,[ 0.26774515 -2.98922048  4.00000046],cruising,[-0.62185191  0.08809385  0.93462812]
350.4534225463867,1005,False,0,4,[8.48542942 0.84088527 3.99973196],cruising,[ 0.50568378 -0.03156594 -0.11489306]
350.5621178150177,1000,False,3,0,[-4.90960112  2.00782689  3.99879402],cruising,[-0.82138112 -0.19970136 -0.21083176]
350.5621178150177,1001,False,5,3,[-5.18657152  6.95225099  3.83696934],entering,[-0.48080528  0.59740651 -0.20557775]
350.5621178150177,1002,False,2,1,[5.28219231 2.16613898 3.62331593],landing,[ 0.5677905  -0.59831228 -0.99408226]
350.5621178150177,1003,False,4,6,[-3.07711836 -3.231914    4.00006473],cruising,[ 0.63925976  0.24903542 -0.34837281]
350.5621178150177,1004,False,6,2,[ 0.07352042 -3.03693582  4.00000039],cruising,[-0.62185191  0.08809385  0.93462812]
350.5621178150177,1005,False,0,4,[8.49061593 0.64095253 3.99977217],cruising,[ 0.50568378 -0.03156594 -0.11489306]
350.65966844558716,1000,False,3,0,[-5.02557052  2.17077197  3.99897492],cruising,[-0.82138112 -0.19970136 -0.21083176]
350.65966844558716,1001,False,5,3,[-4.98657224  6.95171457  3.86142394],cruising,[-0.48080528  0.59740651 -0.20557775]
350.65966844558716,1002,False,2,1,[5.28955676 2.14361567 3.52616416],landing,[ 0.5677905  -0.59831228 -0.99408226]
350.65966844558716,1003,False,4,6,[-3.1695971  -3.11052237  4.00008012],cruising,[ 0.63925976  0.24903542 -0.34837281]
350.65966844558716,1004,False,6,2,[-0.11745282 -3.09634307  4.00000033],cruising,[-0.62185191  0.08809385  0.93462812]
350.65966844558716,1005,False,0,4,[8.4939795  0.44098081 3.99980634],cruising,[ 0.50568378 -0.03156594 -0.11489306]
350.75471234321594,1000,False,3,0,[-5.14059062  2.33438852  3.99912868],cruising,[-0.82138112 -0.19970136 -0.21083176]
350.75471234321594,1001,False,5,3,[-4.7867878   6.9609977   3.88221035],cruising,[-0.48080528  0.59740651 -0.20557775]
350.75471234321594,1002,False,2,1,[5.29692121 2.12109236 3.4290124 ],landing,[ 0.5677905  -0.59831228 -0.99408226]
350.75471234321594,1003,False,4,6,[-3.24404913 -2.98046833  4.00009216],cruising,[ 0.63925976  0.24903542 -0.34837281]
350.75471234321594,1004,False,6,2,[-0.3048844  -3.16612418  4.00000028],cruising,[-0.62185191  0.08809385  0.93462812]
350.75471234321594,1005,False,0,4,[8.49327262 0.24098206 3.99983539],cruising,[ 0.50568378 -0.03156594 -0.11489306]
350.85456895828247,1000,False,3,0,[-5.25499592  2.49843555  3.99925938],cruising,[-0.82138112 -0.19970136 -0.21083176]
350.85456895828247,1001,False,5,3,[-4.58759447  6.97894256  3.89987879],cruising,[-0.48080528  0.59740651 -0.20557775]
350.85456895828247,1002,False,2,1,[5.30428567 2.09856905 3.33186063],landing,[ 0.5677905  -0.59831228 -0.99408226]
350.85456895828247,1003,False,4,6,[-3.30021529 -2.8423132   4.00010072],cruising,[ 0.63925976  0.24903542 -0.34837281]
350.85456895828247,1004,False,6,2,[-0.48771341 -3.24720163  4.00000024],cruising,[-0.62185191  0.08809385  0.93462812]
350.85456895828247,1005,False,0,4,[8.49091806 0.04099592 3.99986008],cruising,[ 0.50568378 -0.03156594 -0.11489306]
350.9575893878937,1000,False,3,0,[-5.36790485  2.66351606  3.99937047],cruising,[-0.82138112 -0.19970136 -0.21083176]
350.9575893878937,1001,False,5,3,[-4.3891646   7.00395431  3.91489698],cruising,[-0.48080528  0.59740651 -0.20557775]
350.9575893878937,1002,False,2,1,[5.31165012 2.07604575 3.23470887],landing,[ 0.5677905  -0.59831228 -0.99408226]
350.9575893878937,1003,False,4,6,[-3.33793253 -2.69643558  4.00010569],cruising,[ 0.63925976  0.24903542 -0.34837281]
350.9575893878937,1004,False,6,2,[-0.66712902 -3.33557605  4.00000021],cruising,[-0.62185191  0.08809385  0.93462812]
350.9575893878937,1005,False,0,4,[ 8.48676304 -0.15896091  3.99988107],cruising,[ 0.50568378 -0.03156594 -0.11489306]
351.0511431694031,1000,False,3,0,[-5.47900714  2.82981783  3.9994649 ],cruising,[-0.82138112 -0.19970136 -0.21083176]
351.0511431694031,1001,False,5,3,[-4.19147629  7.03427478  3.92766243],cruising,[-0.48080528  0.59740651 -0.20557775]
351.0511431694031,1002,False,2,1,[5.31901457 2.05352244 3.1375571 ],landing,[ 0.5677905  -0.59831228 -0.99408226]
351.0511431694031,1003,False,4,6,[-3.35708036 -2.54312982  4.00010699],cruising,[ 0.63925976  0.24903542 -0.34837281]
351.0511431694031,1004,False,6,2,[-0.84497228 -3.42707344  4.00000017],cruising,[-0.62185191  0.08809385  0.93462812]
351.0511431694031,1005,False,0,4,[ 8.47866141 -0.35879675  3.99989891],cruising,[ 0.50568378 -0.03156594 -0.11489306]
351.16143703460693,1000,False,3,0,[-5.58795675  2.99753778  3.99954517],cruising,[-0.82138112 -0.19970136 -0.21083176]
351.16143703460693,1001,False,5,3,[-3.9943719   7.06818436  3.93851306],cruising,[-0.48080528  0.59740651 -0.20557775]
351.16143703460693,1002,False,2,1,[5.32637903 2.03099913 3.04040534],landing,[ 0.5677905  -0.59831228 -0.99408226]
351.16143703460693,1003,False,4,6,[-3.35776604 -2.38213325  4.00010454],cruising,[ 0.63925976  0.24903542 -0.34837281]
351.16143703460693,1004,False,6,2,[-1.02409677 -3.51603646  4.00000015],cruising,[-0.62185191  0.08809385  0.93462812]
351.16143703460693,1005,False,0,4,[ 8.46886304 -0.55855659  3.99991407],cruising,[ 0.50568378 -0.03156594 -0.11489306]
351.25149416923523,1000,False,3,0,[-5.69435634  3.16688692  3.99961339],cruising,[-0.82138112 -0.19970136 -0.21083176]
351.25149416923523,1001,False,5,3,[-3.79762534  7.10411197  3.9477361 ],cruising,[-0.48080528  0.59740651 -0.20557775]
351.25149416923523,1002,False,2,1,[5.33374348 2.00847583 2.94325357],landing,[ 0.5677905  -0.59831228 -0.99408226]
351.25149416923523,1003,False,4,6,[-3.34039216 -2.21254292  4.00009822],cruising,[ 0.63925976  0.24903542 -0.34837281]
351.25149416923523,1004,False,6,2,[-1.20736052 -3.59612639  4.00000013],cruising,[-0.62185191  0.08809385  0.93462812]
351.25149416923523,1005,False,0,4,[ 8.45720079 -0.75821628  3.99992696],cruising,[ 0.50568378 -0.03156594 -0.11489306]
351.3535566329956,1000,False,3,0,[-5.79773822  3.33809494  3.99967138],cruising,[-0.82138112 -0.19970136 -0.21083176]
351.3535566329956,1001,False,5,3,[-3.60055657  7.13822792  3.95557569],cruising,[-0.48080528  0.59740651 -0.20557775]
351.3535566329956,1002,False,2,1,[5.34110793 1.98595252 2.84610181],landing,[ 0.5677905  -0.59831228 -0.99408226]
351.3535566329956,1003,False,4,6,[-3.30623265 -2.03207865  4.00008796],cruising,[ 0.63925976  0.24903542 -0.34837281]
351.3535566329956,1004,False,6,2,[-1.39753587 -3.65744854  4.00000011],cruising,[-0.62185191  0.08809385  0.93462812]
351.3535566329956,1005,False,0,4,[ 8.44353056 -0.95774854  3.99993792],cruising,[ 0.50568378 -0.03156594 -0.11489306]
351.44915533065796,1000,False,3,0,[-5.89754021  3.51141419  3.99972068],cruising,[-0.82138112 -0.19970136 -0.21083176]
351.44915533065796,1001,False,5,3,[-3.40346029  7.17218461  3.96223934],cruising,[-0.48080528  0.59740651 -0.20557775]
351.44915533065796,1002,False,2,1,[5.34847239 1.96342921 2.74895004],landing,[ 0.5677905  -0.59831228 -0.99408226]
351.44915533065796,1003,False,4,6,[-3.2657749  -1.83621346  4.00007477],cruising,[ 0.63925976  0.24903542 -0.34837281]
351.44915533065796,1004,False,6,2,[-1.59147094 -3.69912725  4.00000009],cruising,[-0.62185191  0.08809385  0.93462812]
351.44915533065796,1005,False,0,4,[ 8.4255735  -1.15694077  3.99994723],cruising,[ 0.50568378 -0.03156594 -0.11489306]
351.5539553165436,1000,False,3,0,[-5.993074    3.68712217  3.99976257],cruising,[-0.82138112 -0.19970136 -0.21083176]
351.5539553165436,1001,False,5,3,[-3.20613727  7.20479789  3.96790344],cruising,[-0.48080528  0.59740651 -0.20557775]
351.5539553165436,1002,False,2,1,[5.35583684 1.9409059  2.65179828],landing,[ 0.5677905  -0.59831228 -0.99408226]
351.5539553165436,1003,False,4,6,[-3.24185357 -1.63764919  4.00006355],cruising,[ 0.63925976  0.24903542 -0.34837281]
351.5539553165436,1004,False,6,2,[-1.78605131 -3.72081638  4.00000007],cruising,[-0.62185191  0.08809385  0.93462812]
351.5539553165436,1005,False,0,4,[ 8.40566908 -1.35594784  3.99995515],cruising,[ 0.50568378 -0.03156594 -0.11489306]
351.65933775901794,1000,False,3,0,[-6.08348332  3.86552103  3.99979819],cruising,[-0.82138112 -0.19970136 -0.21083176]
351.65933775901794,1001,False,5,3,[-3.00804243  7.2323376   3.97271792],cruising,[-0.48080528  0.59740651 -0.20557775]
351.65933775901794,1002,False,2,1,[5.3632013  1.9183826  2.55464651],landing,[ 0.5677905  -0.59831228 -0.99408226]
351.65933775901794,1003,False,4,6,[-3.23394989 -1.43780542  4.00005402],cruising,[ 0.63925976  0.24903542 -0.34837281]
351.65933775901794,1004,False,6,2,[-1.97827597 -3.72264472  4.00000006],cruising,[-0.62185191  0.08809385  0.93462812]
351.65933775901794,1005,False,0,4,[ 8.38362081 -1.55472881  3.99996187],cruising,[ 0.50568378 -0.03156594 -0.11489306]
351.7554395198822,1000,False,3,0,[-6.16768798  4.046931    3.99982846],cruising,[-0.82138112 -0.19970136 -0.21083176]
351.7554395198822,1001,False,5,3,[-2.80954361  7.25679606  3.97681023],cruising,[-0.48080528  0.59740651 -0.20557775]
351.7554395198822,1002,False,2,1,[5.37056575 1.89585929 2.45749474],landing,[ 0.5677905  -0.59831228 -0.99408226]
351.7554395198822,1003,False,4,6,[-3.24164036 -1.23795334  4.00004592],cruising,[ 0.63925976  0.24903542 -0.34837281]
351.7554395198822,1004,False,6,2,[-2.16524582 -3.70517574  4.00000004],cruising,[-0.62185191  0.08809385  0.93462812]
351.7554395198822,1005,False,0,4,[ 8.35691374 -1.75293762  3.99996759],cruising,[ 0.50568378 -0.03156594 -0.11489306]
351.85325145721436,1000,False,3,0,[-6.24430883  4.23167202  3.99985419],cruising,[-0.82138112 -0.19970136 -0.21083176]
351.85325145721436,1001,False,5,3,[-2.610283    7.27397775  3.9802887 ],cruising,[-0.48080528  0.59740651 -0.20557775]
351.85325145721436,1002,False,2,1,[5.3779302  1.87333598 2.36034298],landing,[ 0.5677905  -0.59831228 -0.99408226]
351.85325145721436,1003,False,4,6,[-3.2638833  -1.03919406  4.00003903],cruising,[ 0.63925976  0.24903542 -0.34837281]
351.85325145721436,1004,False,6,2,[-2.34463345 -3.66919972  4.00000003],cruising,[-0.62185191  0.08809385  0.93462812]
351.85325145721436,1005,False,0,4,[ 8.32799255 -1.95083549  3.99997245],cruising,[ 0.50568378 -0.03156594 -0.11489306]
351.9493865966797,1000,False,3,0,[-6.31156864  4.42002307  3.99987606],cruising,[-0.82138112 -0.19970136 -0.21083176]
351.9493865966797,1001,False,5,3,[-2.41064997  7.28608781  3.98324539],cruising,[-0.48080528  0.59740651 -0.20557775]
351.9493865966797,1002,False,2,1,[5.38529466 1.85081268 2.26319121],landing,[ 0.5677905  -0.59831228 -0.99408226]
351.9493865966797,1003,False,4,6,[-3.29950567 -0.84239201  4.00003317],cruising,[ 0.63925976  0.24903542 -0.34837281]
351.9493865966797,1004,False,6,2,[-2.51425025 -3.6157729   4.00000001],cruising,[-0.62185191  0.08809385  0.93462812]
351.9493865966797,1005,False,0,4,[ 8.29659666 -2.14835586  3.99997659],cruising,[ 0.50568378 -0.03156594 -0.11489306]
352.06226897239685,1000,False,3,0,[-6.3608908   4.61384599  3.99989465],cruising,[-0.82138112 -0.19970136 -0.21083176]
352.06226897239685,1001,False,5,3,[-2.21065695  7.28775861  3.98575858],cruising,[-0.48080528  0.59740651 -0.20557775]
352.06226897239685,1002,False,2,1,[5.39265911 1.82828937 2.16603945],landing,[ 0.5677905  -0.59831228 -0.99408226]
352.06226897239685,1003,False,4,6,[-3.34589966 -0.64784741  4.0000282 ],cruising,[ 0.63925976  0.24903542 -0.34837281]
352.06226897239685,1004,False,6,2,[-2.67210309 -3.54617174  4.        ],cruising,[-0.62185191  0.08809385  0.93462812]
352.06226897239685,1005,False,0,4,[ 8.25974085 -2.34493066  3.9999801 ],cruising,[ 0.50568378 -0.03156594 -0.11489306]
352.1473593711853,1000,False,3,0,[-6.39057247  4.81144404  3.99991089],cruising,[-0.82138112 -0.19970136 -0.21083176]
352.1473593711853,1001,False,5,3,[-2.01128171  7.27196264  3.9878948 ],cruising,[-0.48080528  0.59740651 -0.20557775]
352.1473593711853,1002,False,2,1,[5.40002356 1.80576606 2.06888768],landing,[ 0.5677905  -0.59831228 -0.99408226]
352.1473593711853,1003,False,4,6,[-3.40370788 -0.45638408  4.00002397],cruising,[ 0.63925976  0.24903542 -0.34837281]
352.1473593711853,1004,False,6,2,[-2.81651479 -3.46176059  3.99999999],cruising,[-0.62185191  0.08809385  0.93462812]
352.1473593711853,1005,False,0,4,[ 8.22018531 -2.54098003  3.99998308],cruising,[ 0.50568378 -0.03156594 -0.11489306]
352.26150727272034,1000,False,3,0,[-6.40034564  5.0109529   3.99992477],cruising,[-0.82138112 -0.19970136 -0.21083176]
352.26150727272034,1001,False,5,3,[-1.81431773  7.23724677  3.98971058],cruising,[-0.48080528  0.59740651 -0.20557775]
352.26150727272034,1002,False,2,1,[5.40738802 1.78324275 1.97173592],landing,[ 0.5677905  -0.59831228 -0.99408226]
352.26150727272034,1003,False,4,6,[-3.47215653 -0.2684618   4.00002037],cruising,[ 0.63925976  0.24903542 -0.34837281]
352.26150727272034,1004,False,6,2,[-2.94603245 -3.3640015   3.99999998],cruising,[-0.62185191  0.08809385  0.93462812]
352.26150727272034,1005,False,0,4,[ 8.17447645 -2.73568674  3.99998562],cruising,[ 0.50568378 -0.03156594 -0.11489306]
352.3530902862549,1000,False,3,0,[-6.39018456  5.20884136  3.99993768],cruising,[-0.82138112 -0.19970136 -0.21083176]
352.3530902862549,1001,False,5,3,[-1.6209822   7.18604743  3.99125399],cruising,[-0.48080528  0.59740651 -0.20557775]
352.3530902862549,1002,False,2,1,[5.41475247 1.76071945 1.87458415],landing,[ 0.5677905  -0.59831228 -0.99408226]
352.3530902862549,1003,False,4,6,[-3.54857641 -0.08363756  4.00001732],cruising,[ 0.63925976  0.24903542 -0.34837281]
352.3530902862549,1004,False,6,2,[-3.05935477 -3.25450737  3.99999997],cruising,[-0.62185191  0.08809385  0.93462812]
352.3530902862549,1005,False,0,4,[ 8.12560424 -2.9296236   3.99998778],cruising,[ 0.50568378 -0.03156594 -0.11489306]
352.46639752388,1000,False,3,0,[-6.3604217   5.40275867  3.99994964],cruising,[-0.82138112 -0.19970136 -0.21083176]
352.46639752388,1001,False,5,3,[-1.43187527  7.12094314  3.99256589],cruising,[-0.48080528  0.59740651 -0.20557775]
352.46639752388,1002,False,2,1,[5.42211692 1.73819614 1.77743239],landing,[ 0.5677905  -0.59831228 -0.99408226]
352.46639752388,1003,False,4,6,[-3.63573     0.09637425  4.00001472],cruising,[ 0.63925976  0.24903542 -0.34837281]
352.46639752388,1004,False,6,2,[-3.15538262 -3.13496828  3.99999997],cruising,[-0.62185191  0.08809385  0.93462812]
352.46639752388,1005,False,0,4,[ 8.06938671 -3.12156002  3.99998961],cruising,[ 0.50568378 -0.03156594 -0.11489306]
352.5579483509064,1000,False,3,0,[-6.31157036  5.59070687  3.99996056],cruising,[-0.82138112 -0.19970136 -0.21083176]
352.5579483509064,1001,False,5,3,[-1.24708659  7.04443731  3.99368101],cruising,[-0.48080528  0.59740651 -0.20557775]
352.5579483509064,1002,False,2,1,[5.42948138 1.71567283 1.68028062],landing,[ 0.5677905  -0.59831228 -0.99408226]
352.5579483509064,1003,False,4,6,[-3.73053414  0.272477    4.00001251],cruising,[ 0.63925976  0.24903542 -0.34837281]
352.5579483509064,1004,False,6,2,[-3.2334956  -3.00653776  3.99999996],cruising,[-0.62185191  0.08809385  0.93462812]
352.5579483509064,1005,False,0,4,[ 8.00926187 -3.31230856  3.99999117],exiting,[ 0.50568378 -0.03156594 -0.11489306]
352.6681399345398,1000,False,3,0,[-6.244482    5.77044466  3.99997047],cruising,[-0.82138112 -0.19970136 -0.21083176]
352.6681399345398,1001,False,5,3,[-1.0649317   6.96185646  3.99462886],cruising,[-0.48080528  0.59740651 -0.20557775]
352.6681399345398,1002,False,2,1,[5.43684583 1.69314952 1.58312886],landing,[ 0.5677905  -0.59831228 -0.99408226]
352.6681399345398,1003,False,4,6,[-3.8330611   0.44419835  4.00001063],cruising,[ 0.63925976  0.24903542 -0.34837281]
352.6681399345398,1004,False,6,2,[-3.29332032 -2.87001161  3.99999996],cruising,[-0.62185191  0.08809385  0.93462812]
352.6681399345398,1005,False,0,4,[ 7.96200452 -3.48774605  3.99999273],exiting,[ 0.50568378 -0.03156594 -0.11489306]
352.7666530609131,1000,False,3,0,[-6.16025696  5.93987059  3.99997936],cruising,[-0.82138112 -0.19970136 -0.21083176]
352.7666530609131,1001,False,5,3,[-0.8868097   6.87090288  3.99543453],cruising,[-0.48080528  0.59740651 -0.20557775]
352.7666530609131,1002,False,2,1,[5.44421029 1.67062622 1.48597709],fake_landed,[ 0.5677905  -0.59831228 -0.99408226]
352.7666530609131,1003,False,4,6,[-3.93957909  0.61347302  4.00000904],cruising,[ 0.63925976  0.24903542 -0.34837281]
352.7666530609131,1004,False,6,2,[-3.33468317 -2.72579392  3.99999996],cruising,[-0.62185191  0.08809385  0.93462812]
352.7666530609131,1005,False,0,4,[ 7.92777104 -3.64800532  3.99999424],exiting,[ 0.50568378 -0.03156594 -0.11489306]
352.858770608902,1000,False,3,0,[-6.06009958  6.09720684  3.9999872 ],cruising,[-0.82138112 -0.19970136 -0.21083176]
352.858770608902,1001,False,5,3,[-0.71203051  6.77368026  3.99611935],cruising,[-0.48080528  0.59740651 -0.20557775]
352.858770608902,1002,False,2,1,[5.45010185 1.65260757 1.40825568],fake_landed,[ 0.5677905  -0.59831228 -0.99408226]
352.858770608902,1003,False,4,6,[-4.04920172  0.78075387  4.00000768],cruising,[ 0.63925976  0.24903542 -0.34837281]
352.858770608902,1004,False,6,2,[-3.35751137 -2.57406181  3.99999995],cruising,[-0.62185191  0.08809385  0.93462812]
352.858770608902,1005,False,0,4,[ 7.90675941 -3.7932585   3.99999564],exiting,[ 0.50568378 -0.03156594 -0.11489306]
352.96865916252136,1000,False,3,0,[-5.94492763  6.24133088  3.99999392],cruising,[-0.82138112 -0.19970136 -0.21083176]
352.96865916252136,1001,False,5,3,[-0.53892732  6.67350401  3.99670145],cruising,[-0.48080528  0.59740651 -0.20557775]
352.96865916252136,1002,False,2,1,[5.45452052 1.63909359 1.34996462],fake_landed,[ 0.5677905  -0.59831228 -0.99408226]
352.96865916252136,1003,False,4,6,[-4.16119334  0.94645805  4.00000653],cruising,[ 0.63925976  0.24903542 -0.34837281]
352.96865916252136,1004,False,6,2,[-3.36180832 -2.41480689  3.99999996],cruising,[-0.62185191  0.08809385  0.93462812]
352.96865916252136,1005,False,0,4,[ 7.89921337 -3.92372391  3.99999685],exiting,[ 0.50568378 -0.03156594 -0.11489306]
353.0541446208954,1000,False,3,0,[-5.81564845  6.37127795  3.99999949],cruising,[-0.82138112 -0.19970136 -0.21083176]
353.0541446208954,1001,False,5,3,[-0.36810559  6.56948507  3.99719623],cruising,[-0.48080528  0.59740651 -0.20557775]
353.0541446208954,1002,False,2,1,[5.4574663  1.63008426 1.31110392],fake_landed,[ 0.5677905  -0.59831228 -0.99408226]
353.0541446208954,1003,False,4,6,[-4.2749408   1.1109619   4.00000555],cruising,[ 0.63925976  0.24903542 -0.34837281]
353.0541446208954,1004,False,6,2,[-3.34789561 -2.24728103  3.99999996],cruising,[-0.62185191  0.08809385  0.93462812]
353.0541446208954,1005,False,0,4,[ 7.90532861 -4.03958216  3.99999778],exiting,[ 0.50568378 -0.03156594 -0.11489306]
353.16386008262634,1000,False,3,0,[-5.67315844  6.48620923  4.00000388],cruising,[-0.82138112 -0.19970136 -0.21083176]
353.16386008262634,1001,False,5,3,[-0.19874865  6.46309791  3.9976168 ],cruising,[-0.48080528  0.59740651 -0.20557775]
353.16386008262634,1002,False,2,1,[5.45893919 1.6255796  1.29167356],fake_landed,[ 0.5677905  -0.59831228 -0.99408226]
353.16386008262634,1003,False,4,6,[-4.38992873  1.27460106  4.00000472],cruising,[ 0.63925976  0.24903542 -0.34837281]
353.16386008262634,1004,False,6,2,[-3.3168037  -2.06951432  3.99999996],cruising,[-0.62185191  0.08809385  0.93462812]
353.16386008262634,1005,False,0,4,[ 7.92530151 -4.1410194   3.9999983 ],exiting,[ 0.50568378 -0.03156594 -0.11489306]
353.2544403076172,1000,False,3,0,[-5.51850412  6.58526509  4.0000071 ],cruising,[-0.82138112 -0.19970136 -0.21083176]
353.2544403076172,1001,False,5,3,[-0.02983168  6.35601357  3.99797428],cruising,[-0.48080528  0.59740651 -0.20557775]
353.2544403076172,1002,False,2,1,[5.45893919 1.6255796  1.29167356],fake_landed,[ 0.5677905  -0.59831228 -0.99408226]
353.2544403076172,1003,False,4,6,[-4.50571859  1.43767377  4.00000401],cruising,[ 0.63925976  0.24903542 -0.34837281]
353.2544403076172,1004,False,6,2,[-3.27391294 -1.8755987   3.99999997],cruising,[-0.62185191  0.08809385  0.93462812]
353.2544403076172,1005,False,0,4,[ 7.94967213 -4.23800431  3.99999861],exiting,[ 0.50568378 -0.03156594 -0.11489306]
353.3560600280762,1000,False,3,0,[-5.35230092  6.66799233  4.00000912],cruising,[-0.82138112 -0.19970136 -0.21083176]
353.3560600280762,1001,False,5,3,[0.13888352 6.24861162 3.99827813],cruising,[-0.48080528  0.59740651 -0.20557775]
353.3560600280762,1002,False,1,5,[5.45893919 1.6255796  1.29167356],waiting,[ 0.5677905  -0.59831228 -0.99408226]
353.3560600280762,1003,False,4,6,[-4.62183004  1.60051765  4.00000341],cruising,[ 0.63925976  0.24903542 -0.34837281]
353.3560600280762,1004,False,6,2,[-3.2463919  -1.67750127  3.99999997],cruising,[-0.62185191  0.08809385  0.93462812]
353.3560600280762,1005,False,0,4,[ 7.97404275 -4.33498923  3.99999887],exiting,[ 0.50568378 -0.03156594 -0.11489306]
353.45953917503357,1000,False,3,0,[-5.17498331  6.73409218  4.0000099 ],cruising,[-0.82138112 -0.19970136 -0.21083176]
353.45953917503357,1001,False,5,3,[0.30767362 6.1413274  3.99853641],cruising,[-0.48080528  0.59740651 -0.20557775]
353.45953917503357,1002,False,1,5,[5.45893919 1.6255796  1.29167356],waiting,[ 0.5677905  -0.59831228 -0.99408226]
353.45953917503357,1003,False,4,6,[-4.7381913   1.76318313  4.0000029 ],cruising,[ 0.63925976  0.24903542 -0.34837281]
353.45953917503357,1004,False,6,2,[-3.23535377 -1.4778061   3.99999998],cruising,[-0.62185191  0.08809385  0.93462812]
353.45953917503357,1005,False,0,4,[ 7.99841337 -4.43197414  3.99999907],exiting,[ 0.50568378 -0.03156594 -0.11489306]
353.55643796920776,1000,False,3,0,[-4.98663956  6.78350599  4.00000938],cruising,[-0.82138112 -0.19970136 -0.21083176]
353.55643796920776,1001,False,5,3,[0.47697096 6.03484543 3.99875595],cruising,[-0.48080528  0.59740651 -0.20557775]
353.55643796920776,1002,False,1,5,[5.45893919 1.6255796  1.29167356],waiting,[ 0.5677905  -0.59831228 -0.99408226]
353.55643796920776,1003,False,4,6,[-4.85445413  1.92591898  4.00000246],cruising,[ 0.63925976  0.24903542 -0.34837281]
353.55643796920776,1004,False,6,2,[-3.24023575 -1.27786569  3.99999998],cruising,[-0.62185191  0.08809385  0.93462812]
353.55643796920776,1005,False,0,4,[ 8.02278399 -4.52895905  3.99999924],exiting,[ 0.50568378 -0.03156594 -0.11489306]
353.66108560562134,1000,False,3,0,[-4.79061213  6.82317021  4.00000797],cruising,[-0.82138112 -0.19970136 -0.21083176]
353.66108560562134,1001,False,5,3,[0.64740721 5.93019608 3.99894256],cruising,[-0.48080528  0.59740651 -0.20557775]
353.66108560562134,1002,False,1,5,[5.45893919 1.6255796  1.29167356],waiting,[ 0.5677905  -0.59831228 -0.99408226]
353.66108560562134,1003,False,4,6,[-4.97030198  2.08895049  4.00000209],cruising,[ 0.63925976  0.24903542 -0.34837281]
353.66108560562134,1004,False,6,2,[-3.25902694 -1.07875042  3.99999998],cruising,[-0.62185191  0.08809385  0.93462812]
353.66108560562134,1005,False,0,4,[ 8.04715461 -4.62594396  3.99999938],exiting,[ 0.50568378 -0.03156594 -0.11489306]
353.7600066661835,1000,False,3,0,[-4.59552949  6.86724696  4.00000677],cruising,[-0.82138112 -0.19970136 -0.21083176]
353.7600066661835,1001,False,5,3,[0.81896539 5.82739633 3.99910118],cruising,[-0.48080528  0.59740651 -0.20557775]
353.7600066661835,1002,False,1,5,[5.45893919 1.6255796  1.29167356],waiting,[ 0.5677905  -0.59831228 -0.99408226]
353.7600066661835,1003,False,4,6,[-5.0854367   2.25248641  4.00000178],cruising,[ 0.63925976  0.24903542 -0.34837281]
353.7600066661835,1004,False,6,2,[-3.29145123 -0.88139626  3.99999999],cruising,[-0.62185191  0.08809385  0.93462812]
353.7600066661835,1005,False,0,4,[ 8.07152523 -4.72292887  3.9999995 ],exiting,[ 0.50568378 -0.03156594 -0.11489306]
353.86589670181274,1000,False,3,0,[-4.40111933  6.91420112  4.00000576],cruising,[-0.82138112 -0.19970136 -0.21083176]
353.86589670181274,1001,False,5,3,[0.99190311 5.72693467 3.999236  ],cruising,[-0.48080528  0.59740651 -0.20557775]
353.86589670181274,1002,False,1,5,[5.45893919 1.6255796  1.29167356],waiting,[ 0.5677905  -0.59831228 -0.99408226]
353.86589670181274,1003,False,4,6,[-5.20010631  2.41634879  4.00000151],cruising,[ 0.63925976  0.24903542 -0.34837281]
353.86589670181274,1004,False,6,2,[-3.336387   -0.68650969  3.99999999],cruising,[-0.62185191  0.08809385  0.93462812]
353.86589670181274,1005,False,0,4,[ 8.09589585 -4.81991378  3.99999959],exiting,[ 0.50568378 -0.03156594 -0.11489306]
353.96362113952637,1000,False,3,0,[-4.20647203  6.96016226  4.00000489],cruising,[-0.82138112 -0.19970136 -0.21083176]
353.96362113952637,1001,False,5,3,[1.16725598 5.63075062 3.9993506 ],cruising,[-0.48080528  0.59740651 -0.20557775]
353.96362113952637,1002,False,1,5,[5.45893919 1.6255796  1.29167356],waiting,[ 0.5677905  -0.59831228 -0.99408226]
353.96362113952637,1003,False,4,6,[-5.31350096  2.58109603  4.00000129],cruising,[ 0.63925976  0.24903542 -0.34837281]
353.96362113952637,1004,False,6,2,[-3.39118029 -0.49416183  3.99999999],cruising,[-0.62185191  0.08809385  0.93462812]
353.96362113952637,1005,False,0,4,[ 8.12026647 -4.91689869  3.99999967],exiting,[ 0.50568378 -0.03156594 -0.11489306]
354.05795311927795,1000,False,3,0,[-4.01202094  7.00694659  4.00000416],cruising,[-0.82138112 -0.19970136 -0.21083176]
354.05795311927795,1001,False,5,3,[1.34443211 5.53796797 3.99944801],cruising,[-0.48080528  0.59740651 -0.20557775]
354.05795311927795,1002,False,1,5,[5.45893919 1.6255796  1.29167356],waiting,[ 0.5677905  -0.59831228 -0.99408226]
354.05795311927795,1003,False,4,6,[-5.42530707  2.74692545  4.00000109],cruising,[ 0.63925976  0.24903542 -0.34837281]
354.05795311927795,1004,False,6,2,[-3.45684808 -0.30524984  3.99999999],cruising,[-0.62185191  0.08809385  0.93462812]
354.05795311927795,1005,False,0,4,[ 8.14463709 -5.0138836   3.99999973],exiting,[ 0.50568378 -0.03156594 -0.11489306]
354.1640565395355,1000,False,3,0,[-3.81749183  7.05340544  4.00000354],cruising,[-0.82138112 -0.19970136 -0.21083176]
354.1640565395355,1001,False,5,3,[1.52461981 5.45117862 3.99953081],cruising,[-0.48080528  0.59740651 -0.20557775]
354.1640565395355,1002,False,1,5,[5.45893919 1.6255796  1.29167356],waiting,[ 0.5677905  -0.59831228 -0.99408226]
354.1640565395355,1003,False,4,6,[-5.53518542  2.91403843  4.00000093],cruising,[ 0.63925976  0.24903542 -0.34837281]
354.1640565395355,1004,False,6,2,[-3.5327401  -0.12020822  3.99999999],cruising,[-0.62185191  0.08809385  0.93462812]
354.1640565395355,1005,False,0,4,[ 8.16900771 -5.11086851  3.99999979],exiting,[ 0.50568378 -0.03156594 -0.11489306]
354.25895977020264,1000,False,3,0,[-3.62265558  7.09855891  4.00000301],cruising,[-0.82138112 -0.19970136 -0.21083176]
354.25895977020264,1001,False,5,3,[1.7069137  5.36890507 3.99960119],cruising,[-0.48080528  0.59740651 -0.20557775]
354.25895977020264,1002,False,1,5,[5.45893919 1.6255796  1.29167356],waiting,[ 0.5677905  -0.59831228 -0.99408226]
354.25895977020264,1003,False,4,6,[-5.64275629  3.08264598  4.00000079],cruising,[ 0.63925976  0.24903542 -0.34837281]
354.25895977020264,1004,False,6,2,[-3.61629302  0.06150284  3.99999999],exiting,[-0.62185191  0.08809385  0.93462812]
354.25895977020264,1005,False,0,4,[ 8.19337833 -5.20785342  3.99999983],exiting,[ 0.50568378 -0.03156594 -0.11489306]
354.3612771034241,1000,False,3,0,[-3.42681274  7.1391247   4.00000256],cruising,[-0.82138112 -0.19970136 -0.21083176]
354.3612771034241,1001,False,5,3,[1.89146364 5.2918251  3.99966101],cruising,[-0.48080528  0.59740651 -0.20557775]
354.3612771034241,1002,False,1,5,[5.45893919 1.6255796  1.29167356],waiting,[ 0.5677905  -0.59831228 -0.99408226]
354.3612771034241,1003,False,4,6,[-5.74758174  3.25297397  4.00000067],cruising,[ 0.63925976  0.24903542 -0.34837281]
354.3612771034241,1004,False,6,2,[-3.70041604  0.22322203  3.99999999],exiting,[-0.62185191  0.08809385  0.93462812]
354.3612771034241,1005,False,0,4,[ 8.21774895 -5.30483833  3.99999986],exiting,[ 0.50568378 -0.03156594 -0.11489306]
354.46152997016907,1000,False,3,0,[-3.23046208  7.1771565   4.00000217],cruising,[-0.82138112 -0.19970136 -0.21083176]
354.46152997016907,1001,False,5,3,[2.07836126 5.22062622 3.99971186],cruising,[-0.48080528  0.59740651 -0.20557775]
354.46152997016907,1002,False,1,5,[5.45893919 1.6255796  1.29167356],queued,[ 0.5677905  -0.59831228 -0.99408226]
354.46152997016907,1003,False,4,6,[-5.84914378  3.42526777  4.00000057],cruising,[ 0.63925976  0.24903542 -0.34837281]
354.46152997016907,1004,False,6,2,[-3.78494399  0.36494531  4.        ],exiting,[-0.62185191  0.08809385  0.93462812]
354.46152997016907,1005,False,0,4,[ 8.24211957 -5.40182324  3.99999989],exiting,[ 0.50568378 -0.03156594 -0.11489306]
354.5668022632599,1000,False,3,0,[-3.0334906   7.2118298   4.00000185],cruising,[-0.82138112 -0.19970136 -0.21083176]
354.5668022632599,1001,False,5,3,[2.26907525 5.16039191 3.99975508],cruising,[-0.48080528  0.59740651 -0.20557775]
354.5668022632599,1002,False,1,5,[5.45893919 1.6255796  1.31167356],queued,[ 0.5677905  -0.59831228 -0.99408226]
354.5668022632599,1003,False,4,6,[-5.94681641  3.59979587  4.00000048],cruising,[ 0.63925976  0.24903542 -0.34837281]
354.5668022632599,1004,False,6,2,[-3.86969337  0.48666983  4.        ],exiting,[-0.62185191  0.08809385  0.93462812]
354.5668022632599,1005,False,0,4,[ 8.26649019 -5.49880815  3.99999991],exiting,[ 0.50568378 -0.03156594 -0.11489306]
354.66392731666565,1000,False,3,0,[-2.83541808  7.23952953  4.00000157],cruising,[-0.82138112 -0.19970136 -0.21083176]
354.66392731666565,1001,False,5,3,[2.46275594 5.11051415 3.99979182],cruising,[-0.48080528  0.59740651 -0.20557775]
354.66392731666565,1002,False,1,5,[5.45893919 1.6255796  1.35167356],queued,[ 0.5677905  -0.59831228 -0.99408226]
354.66392731666565,1003,False,4,6,[-6.03982908  3.77685135  4.00000041],cruising,[ 0.63925976  0.24903542 -0.34837281]
354.66392731666565,1004,False,6,2,[-3.95445754  0.58839434  4.        ],exiting,[-0.62185191  0.08809385  0.93462812]
354.66392731666565,1005,False,0,4,[ 8.29086081 -5.59579306  3.99999993],exiting,[ 0.50568378 -0.03156594 -0.11489306]
354.7653474807739,1000,False,3,0,[-2.63674774  7.26255336  4.00000133],cruising,[-0.82138112 -0.19970136 -0.21083176]
354.7653474807739,1001,False,5,3,[2.65850333 5.06949028 3.99982304],cruising,[-0.48080528  0.59740651 -0.20557775]
354.7653474807739,1002,False,1,5,[5.45893919 1.6255796  1.41167356],queued,[ 0.5677905  -0.59831228 -0.99408226]
354.7653474807739,1003,False,4,6,[-6.12721803  3.95674902  4.00000035],cruising,[ 0.63925976  0.24903542 -0.34837281]
354.7653474807739,1004,False,6,2,[-4.03899724  0.67012012  4.        ],exiting,[-0.62185191  0.08809385  0.93462812]
354.7653474807739,1005,False,0,4,[ 8.31523143 -5.69277797  3.99999994],exiting,[ 0.50568378 -0.03156594 -0.11489306]
354.8581602573395,1000,False,3,0,[-2.43723246  7.27646924  4.00000113],cruising,[-0.82138112 -0.19970136 -0.21083176]
354.8581602573395,1001,False,5,3,[2.85565886 5.03587932 3.99984959],cruising,[-0.48080528  0.59740651 -0.20557775]
354.8581602573395,1002,False,1,5,[5.45893919 1.6255796  1.48667356],queued,[ 0.5677905  -0.59831228 -0.99408226]
354.8581602573395,1003,False,4,6,[-6.20776127  4.139814    4.0000003 ],cruising,[ 0.63925976  0.24903542 -0.34837281]
354.8581602573395,1004,False,6,2,[-4.12301879  0.73185261  4.        ],exiting,[-0.62185191  0.08809385  0.93462812]
354.8581602573395,1005,False,0,4,[ 8.33960205 -5.78976288  3.99999996],exiting,[ 0.50568378 -0.03156594 -0.11489306]
354.9573974609375,1000,False,3,0,[-2.23726159  7.2798831   4.00000096],cruising,[-0.82138112 -0.19970136 -0.21083176]
354.9573974609375,1001,False,5,3,[3.05375517 5.00835018 3.99987215],cruising,[-0.48080528  0.59740651 -0.20557775]
354.9573974609375,1002,False,1,5,[5.45893919 1.6255796  1.56167356],queued,[ 0.5677905  -0.59831228 -0.99408226]
354.9573974609375,1003,False,4,6,[-6.27989199  4.32635396  4.00000025],cruising,[ 0.63925976  0.24903542 -0.34837281]
354.9573974609375,1004,False,6,2,[-4.20610677  0.7736069   4.        ],exiting,[-0.62185191  0.08809385  0.93462812]
354.9573974609375,1005,False,0,4,[ 8.36397267 -5.88674779  3.99999997],exiting,[ 0.50568378 -0.03156594 -0.11489306]
355.0594038963318,1000,False,3,0,[-2.0377478   7.26594584  4.00000082],cruising,[-0.82138112 -0.19970136 -0.21083176]
355.0594038963318,1001,False,5,3,[3.25246856 4.98570091 3.99989133],cruising,[-0.48080528  0.59740651 -0.20557775]
355.0594038963318,1002,False,1,5,[5.45893919 1.6255796  1.63667356],queued,[ 0.5677905  -0.59831228 -0.99408226]
355.0594038963318,1003,False,4,6,[-6.33601811  4.51831713  4.00000022],cruising,[ 0.63925976  0.24903542 -0.34837281]
355.0594038963318,1004,False,6,2,[-4.28800692  0.7953965   4.        ],exiting,[-0.62185191  0.08809385  0.93462812]
355.0594038963318,1005,False,0,4,[ 8.38834329 -5.9837327   3.99999997],exiting,[ 0.50568378 -0.03156594 -0.11489306]
355.1570851802826,1000,False,3,0,[-1.84044948  7.23318347  4.0000007 ],cruising,[-0.82138112 -0.19970136 -0.21083176]
355.1570851802826,1001,False,5,3,[3.45157911 4.96685981 3.99990763],cruising,[-0.48080528  0.59740651 -0.20557775]
355.1570851802826,1002,False,1,5,[5.45893919 1.6255796  1.71167356],queued,[ 0.5677905  -0.59831228 -0.99408226]
355.1570851802826,1003,False,4,6,[-6.37874317  4.71370027  4.00000018],cruising,[ 0.63925976  0.24903542 -0.34837281]
355.1570851802826,1004,False,6,2,[-4.36846093  0.79723845  4.        ],exiting,[-0.62185191  0.08809385  0.93462812]
355.1570851802826,1005,False,0,4,[ 8.41271391 -6.08071761  3.99999998],exiting,[ 0.50568378 -0.03156594 -0.11489306]
355.2592463493347,1000,False,3,0,[-1.646609    7.18393039  4.00000059],cruising,[-0.82138112 -0.19970136 -0.21083176]
355.2592463493347,1001,False,5,3,[3.65093938 4.95087592 3.99992148],cruising,[-0.48080528  0.59740651 -0.20557775]
355.2592463493347,1002,False,1,5,[5.45893919 1.6255796  1.78667356],queued,[ 0.5677905  -0.59831228 -0.99408226]
355.2592463493347,1003,False,4,6,[-6.40168759  4.91203747  4.00000015],cruising,[ 0.63925976  0.24903542 -0.34837281]
355.2592463493347,1004,False,6,2,[-4.44720633  0.77915351  4.        ],exiting,[-0.62185191  0.08809385  0.93462812]
355.2592463493347,1005,False,0,4,[ 8.43708453 -6.17770252  3.99999998],exiting,[ 0.50568378 -0.03156594 -0.11489306]
355.36062502861023,1000,False,3,0,[-1.4554353   7.12517142  4.0000005 ],cruising,[-0.82138112 -0.19970136 -0.21083176]
355.36062502861023,1001,False,5,3,[3.85045075 4.93690415 3.99993326],cruising,[-0.48080528  0.59740651 -0.20557775]
355.36062502861023,1002,False,1,5,[5.45893919 1.6255796  1.86167356],queued,[ 0.5677905  -0.59831228 -0.99408226]
355.36062502861023,1003,False,4,6,[-6.40463481  5.11070919  4.00000013],cruising,[ 0.63925976  0.24903542 -0.34837281]
355.36062502861023,1004,False,6,2,[-4.52397626  0.74116638  4.        ],exiting,[-0.62185191  0.08809385  0.93462812]
355.36062502861023,1005,False,0,4,[ 8.46145516 -6.27468744  3.99999999],exiting,[ 0.50568378 -0.03156594 -0.11489306]
355.46893763542175,1000,False,3,0,[-1.26884352  7.05317483  4.00000043],cruising,[-0.82138112 -0.19970136 -0.21083176]
355.46893763542175,1001,False,5,3,[4.0500461  4.92418806 3.99994327],cruising,[-0.48080528  0.59740651 -0.20557775]
355.46893763542175,1002,False,1,5,[5.45893919 1.6255796  1.93667356],queued,[ 0.5677905  -0.59831228 -0.99408226]
355.46893763542175,1003,False,4,6,[-6.3877224   5.30701544  4.0000001 ],cruising,[ 0.63925976  0.24903542 -0.34837281]
355.46893763542175,1004,False,6,2,[-4.59849913  0.68330588  4.        ],exiting,[-0.62185191  0.08809385  0.93462812]
355.46893763542175,1005,False,0,4,[ 8.48582578 -6.37167235  3.99999999],exiting,[ 0.50568378 -0.03156594 -0.11489306]
355.55651903152466,1000,False,3,0,[-1.08666764  6.97064029  4.00000036],cruising,[-0.82138112 -0.19970136 -0.21083176]
355.55651903152466,1001,False,5,3,[4.24967694 4.91204199 3.99995178],cruising,[-0.48080528  0.59740651 -0.20557775]
355.55651903152466,1002,False,1,5,[5.45893919 1.6255796  2.01167356],queued,[ 0.5677905  -0.59831228 -0.99408226]
355.55651903152466,1003,False,4,6,[-6.35140866  5.49846493  4.00000008],cruising,[ 0.63925976  0.24903542 -0.34837281]
355.55651903152466,1004,False,6,2,[-4.67171832  0.61519604  4.        ],exiting,[-0.62185191  0.08809385  0.93462812]
355.55651903152466,1005,False,0,4,[ 8.5101964  -6.46865726  3.99999999],exiting,[ 0.50568378 -0.03156594 -0.11489306]
355.66385793685913,1000,False,3,0,[-0.90842152  6.8799302   4.00000031],cruising,[-0.82138112 -0.19970136 -0.21083176]
355.66385793685913,1001,False,5,3,[4.44929961 4.89976232 3.99995901],cruising,[-0.48080528  0.59740651 -0.20557775]
355.66385793685913,1002,False,1,5,[5.45893919 1.6255796  2.08667356],queued,[ 0.5677905  -0.59831228 -0.99408226]
355.66385793685913,1003,False,4,6,[-6.29643496  5.68271678  4.00000006],cruising,[ 0.63925976  0.24903542 -0.34837281]
355.66385793685913,1004,False,6,2,[-4.7449375  0.5470862  4.       ],exiting,[-0.62185191  0.08809385  0.93462812]
355.66385793685913,1005,False,0,4,[ 8.53456702 -6.56564217  4.        ],exiting,[ 0.50568378 -0.03156594 -0.11489306]
355.75944113731384,1000,False,3,0,[-0.73231771  6.78512805  4.00000026],cruising,[-0.82138112 -0.19970136 -0.21083176]
355.75944113731384,1001,False,5,3,[4.64890182 4.88715444 3.99996516],cruising,[-0.48080528  0.59740651 -0.20557775]
355.75944113731384,1002,False,1,5,[5.45893919 1.6255796  2.16167356],queued,[ 0.5677905  -0.59831228 -0.99408226]
355.75944113731384,1003,False,4,6,[-6.22371038  5.85775419  4.00000004],cruising,[ 0.63925976  0.24903542 -0.34837281]
355.75944113731384,1004,False,6,2,[-4.81815669  0.47897636  4.        ],exiting,[-0.62185191  0.08809385  0.93462812]
355.75944113731384,1005,False,0,4,[ 8.55893764 -6.66262708  4.        ],exiting,[ 0.50568378 -0.03156594 -0.11489306]
355.8610236644745,1000,False,3,0,[-0.55925119  6.68488844  4.00000022],cruising,[-0.82138112 -0.19970136 -0.21083176]
355.8610236644745,1001,False,5,3,[4.84843918 4.87355887 3.99997039],cruising,[-0.48080528  0.59740651 -0.20557775]
355.8610236644745,1002,False,1,5,[5.45893919 1.6255796  2.23667356],queued,[ 0.5677905  -0.59831228 -0.99408226]
355.8610236644745,1003,False,4,6,[-6.13445236  6.0215379   4.00000003],cruising,[ 0.63925976  0.24903542 -0.34837281]
355.8610236644745,1004,False,6,2,[-4.89137588  0.41086652  4.        ],exiting,[-0.62185191  0.08809385  0.93462812]
355.8610236644745,1005,False,0,4,[ 8.58330826 -6.75961199  4.        ],exiting,[ 0.50568378 -0.03156594 -0.11489306]
355.96750473976135,1000,False,3,0,[-0.3883969   6.580923    4.00000019],cruising,[-0.82138112 -0.19970136 -0.21083176]
355.96750473976135,1001,False,5,3,[5.04785958 4.85834359 3.99997483],cruising,[-0.48080528  0.59740651 -0.20557775]
355.96750473976135,1002,False,1,5,[5.45893919 1.6255796  2.31167356],queued,[ 0.5677905  -0.59831228 -0.99408226]
355.96750473976135,1003,False,4,6,[-6.02966619  6.17271699  4.00000001],cruising,[ 0.63925976  0.24903542 -0.34837281]
355.96750473976135,1004,False,6,2,[-4.96459507  0.34275667  4.        ],exiting,[-0.62185191  0.08809385  0.93462812]
355.96750473976135,1005,False,0,4,[ 8.60767888 -6.8565969   4.        ],exiting,[ 0.50568378 -0.03156594 -0.11489306]
356.05811524391174,1000,False,3,0,[-0.21845442  6.47547372  4.00000016],cruising,[-0.82138112 -0.19970136 -0.21083176]
356.05811524391174,1001,False,5,3,[5.24709603 4.84088398 3.99997861],cruising,[-0.48080528  0.59740651 -0.20557775]
356.05811524391174,1002,False,1,5,[5.45893919 1.6255796  2.38667356],queued,[ 0.5677905  -0.59831228 -0.99408226]
356.05811524391174,1003,False,4,6,[-5.91026813  6.31023986  4.        ],cruising,[ 0.63925976  0.24903542 -0.34837281]
356.05811524391174,1004,False,6,2,[-5.03781426  0.27464683  4.        ],exiting,[-0.62185191  0.08809385  0.93462812]
356.05811524391174,1005,False,0,4,[ 8.6320495  -6.95358181  4.        ],exiting,[ 0.50568378 -0.03156594 -0.11489306]
356.1652021408081,1000,False,3,0,[-0.04956995  6.36833812  4.00000014],cruising,[-0.82138112 -0.19970136 -0.21083176]
356.1652021408081,1001,False,5,3,[5.44619936 4.82196673 3.99998181],cruising,[-0.48080528  0.59740651 -0.20557775]
356.1652021408081,1002,False,1,5,[5.45893919 1.6255796  2.46167356],queued,[ 0.5677905  -0.59831228 -0.99408226]
356.1652021408081,1003,False,4,6,[-5.77714441  6.43321602  3.99999999],cruising,[ 0.63925976  0.24903542 -0.34837281]
356.1652021408081,1004,False,6,2,[-5.11103345  0.20653699  4.        ],exiting,[-0.62185191  0.08809385  0.93462812]
356.1652021408081,1005,False,0,4,[ 8.65642012 -7.05056672  4.        ],exiting,[ 0.50568378 -0.03156594 -0.11489306]
356.2577455043793,1000,False,3,0,[0.11913195 6.26091527 4.00000012],cruising,[-0.82138112 -0.19970136 -0.21083176]
356.2577455043793,1001,False,5,3,[5.6449381  4.79954097 3.99998454],cruising,[-0.48080528  0.59740651 -0.20557775]
356.2577455043793,1002,False,1,5,[5.45893919 1.6255796  2.53667356],queued,[ 0.5677905  -0.59831228 -0.99408226]
356.2577455043793,1003,False,4,6,[-5.63111833  6.54091053  3.99999999],cruising,[ 0.63925976  0.24903542 -0.34837281]
356.2577455043793,1004,False,6,2,[-5.18425264  0.13842715  4.        ],exiting,[-0.62185191  0.08809385  0.93462812]
356.2577455043793,1005,False,0,4,[ 8.68079074 -7.14755163  4.        ],landing,[ 0.50568378 -0.03156594 -0.11489306]
356.3568866252899,1000,False,3,0,[0.2879164  6.15362217 4.0000001 ],cruising,[-0.82138112 -0.19970136 -0.21083176]
356.3568866252899,1001,False,5,3,[5.84315597 4.77290125 3.99998686],cruising,[-0.48080528  0.59740651 -0.20557775]
356.3568866252899,1002,False,1,5,[5.45893919 1.6255796  2.61167356],entering,[ 0.5677905  -0.59831228 -0.99408226]
356.3568866252899,1003,False,4,6,[-5.47291647  6.63273839  3.99999998],cruising,[ 0.63925976  0.24903542 -0.34837281]
356.3568866252899,1004,False,6,2,[-5.25747182  0.07031731  4.        ],exiting,[-0.62185191  0.08809385  0.93462812]
356.3568866252899,1005,False,0,4,[ 8.69865793 -7.23197823  3.98585807],landing,[ 0.50568378 -0.03156594 -0.11489306]
356.45745730400085,1000,False,3,0,[0.45720369 6.04712422 4.00000008],exiting,[-0.82138112 -0.19970136 -0.21083176]
356.45745730400085,1001,False,5,3,[6.0406407  4.74128193 3.99998883],cruising,[-0.48080528  0.59740651 -0.20557775]
356.45745730400085,1002,False,1,5,[5.47863084 1.62208117 2.68667356],entering,[ 0.5677905  -0.59831228 -0.99408226]
356.45745730400085,1003,False,4,6,[-5.30312428  6.70826705  3.99999998],cruising,[ 0.63925976  0.24903542 -0.34837281]
356.45745730400085,1004,False,6,2,[-5.33069101e+00  2.20746983e-03  4.00000000e+00],exiting,[-0.62185191  0.08809385  0.93462812]
356.45745730400085,1005,False,0,4,[ 8.71001557 -7.30366943  3.95773631],landing,[ 0.50568378 -0.03156594 -0.11489306]
356.56104588508606,1000,False,3,0,[0.61621742 5.95778593 4.00000007],exiting,[-0.82138112 -0.19970136 -0.21083176]
356.56104588508606,1001,False,5,3,[6.23710444 4.70383863 3.99999051],cruising,[-0.48080528  0.59740651 -0.20557775]
356.56104588508606,1002,False,1,5,[5.51800844 1.61505242 2.76167356],entering,[ 0.5677905  -0.59831228 -0.99408226]
356.56104588508606,1003,False,4,6,[-5.12214832  6.76721489  3.99999998],cruising,[ 0.63925976  0.24903542 -0.34837281]
356.56104588508606,1004,False,6,2,[-5.4039102  -0.06590237  4.        ],exiting,[-0.62185191  0.08809385  0.93462812]
356.56104588508606,1005,False,0,4,[ 8.71485758 -7.36241631  3.91583083],landing,[ 0.50568378 -0.03156594 -0.11489306]
356.6601457595825,1000,False,3,0,[0.7648027  5.88551362 4.00000005],exiting,[-0.82138112 -0.19970136 -0.21083176]
356.6601457595825,1001,False,5,3,[6.4321575  4.65963115 3.99999193],cruising,[-0.48080528  0.59740651 -0.20557775]
356.6601457595825,1002,False,1,5,[5.57705919 1.60442266 2.83667356],entering,[ 0.5677905  -0.59831228 -0.99408226]
356.6601457595825,1003,False,4,6,[-4.93046442  6.80927073  3.99999998],cruising,[ 0.63925976  0.24903542 -0.34837281]
356.6601457595825,1004,False,6,2,[-5.47712939 -0.13401221  4.        ],exiting,[-0.62185191  0.08809385  0.93462812]
356.6601457595825,1005,False,0,4,[ 8.71317771 -7.40793151  3.86042026],landing,[ 0.50568378 -0.03156594 -0.11489306]
356.7650544643402,1000,False,3,0,[0.90278592 5.83019996 4.00000004],exiting,[-0.82138112 -0.19970136 -0.21083176]
356.7650544643402,1001,False,5,3,[6.62527354 4.60761002 3.99999314],cruising,[-0.48080528  0.59740651 -0.20557775]
356.7650544643402,1002,False,1,5,[5.65570878 1.58980722 2.91167356],entering,[ 0.5677905  -0.59831228 -0.99408226]
356.7650544643402,1003,False,4,6,[-4.73398125  6.84661189  3.99999998],cruising,[ 0.63925976  0.24903542 -0.34837281]
356.7650544643402,1004,False,6,2,[-5.55034858 -0.20212205  4.        ],exiting,[-0.62185191  0.08809385  0.93462812]
356.7650544643402,1005,False,0,4,[ 8.70497278 -7.43998214  3.79173833],landing,[ 0.50568378 -0.03156594 -0.11489306]
356.8564021587372,1000,False,3,0,[1.02997052 5.7917205  4.00000003],exiting,[-0.82138112 -0.19970136 -0.21083176]
356.8564021587372,1001,False,5,3,[6.81574414 4.54661045 3.99999417],cruising,[-0.48080528  0.59740651 -0.20557775]
356.8564021587372,1002,False,1,5,[5.75387558 1.57082389 2.98667356],entering,[ 0.5677905  -0.59831228 -0.99408226]
356.8564021587372,1003,False,4,6,[-4.53843801  6.88859812  3.99999999],cruising,[ 0.63925976  0.24903542 -0.34837281]
356.8564021587372,1004,False,6,2,[-5.62356777 -0.27023189  4.        ],exiting,[-0.62185191  0.08809385  0.93462812]
356.8564021587372,1005,False,0,4,[ 8.69024139 -7.45834822  3.71001268],landing,[ 0.50568378 -0.03156594 -0.11489306]
356.9616656303406,1000,False,3,0,[1.14612844 5.76992673 4.00000001],exiting,[-0.82138112 -0.19970136 -0.21083176]
356.9616656303406,1001,False,5,3,[7.00262224 4.47536034 3.99999504],cruising,[-0.48080528  0.59740651 -0.20557775]
356.9616656303406,1002,False,1,5,[5.87141754 1.54688043 3.06167356],entering,[ 0.5677905  -0.59831228 -0.99408226]
356.9616656303406,1003,False,4,6,[-4.3435749   6.93363554  3.99999999],cruising,[ 0.63925976  0.24903542 -0.34837281]
356.9616656303406,1004,False,6,2,[-5.69678695 -0.33834174  4.        ],exiting,[-0.62185191  0.08809385  0.93462812]
356.9616656303406,1005,False,0,4,[ 8.66898381 -7.46280797  3.61547989],landing,[ 0.50568378 -0.03156594 -0.11489306]
357.05749320983887,1000,False,3,0,[1.2509798  5.76463028 4.        ],exiting,[-0.82138112 -0.19970136 -0.21083176]
357.05749320983887,1001,False,5,3,[7.18465574 4.39251227 3.99999579],cruising,[-0.48080528  0.59740651 -0.20557775]
357.05749320983887,1002,False,1,5,[6.00814765 1.51729648 3.13667356],entering,[ 0.5677905  -0.59831228 -0.99408226]
357.05749320983887,1003,False,4,6,[-4.14909321  6.98029246  3.99999999],cruising,[ 0.63925976  0.24903542 -0.34837281]
357.05749320983887,1004,False,6,2,[-5.77000614 -0.40645158  4.        ],exiting,[-0.62185191  0.08809385  0.93462812]
357.05749320983887,1005,False,0,4,[ 8.64625068 -7.46407181  3.51810634],landing,[ 0.50568378 -0.03156594 -0.11489306]
357.16527581214905,1000,False,3,0,[1.34413926 5.77556034 3.99999999],exiting,[-0.82138112 -0.19970136 -0.21083176]
357.16527581214905,1001,False,5,3,[7.36021921 4.29671316 3.99999642],cruising,[-0.48080528  0.59740651 -0.20557775]
357.16527581214905,1002,False,1,5,[6.16338701 1.48013575 3.21167356],entering,[ 0.5677905  -0.59831228 -0.99408226]
357.16527581214905,1003,False,4,6,[-3.954703    7.02732911  3.99999999],cruising,[ 0.63925976  0.24903542 -0.34837281]
357.16527581214905,1004,False,6,2,[-5.84322533 -0.47456142  4.        ],exiting,[-0.62185191  0.08809385  0.93462812]
357.16527581214905,1005,False,0,4,[ 8.62351755 -7.46533566  3.4207328 ],landing,[ 0.50568378 -0.03156594 -0.11489306]
357.26033306121826,1000,False,3,0,[1.42536898 5.80254285 3.99999999],exiting,[-0.82138112 -0.19970136 -0.21083176]
357.26033306121826,1001,False,5,3,[7.52512836 4.18398817 3.99999698],cruising,[-0.48080528  0.59740651 -0.20557775]
357.26033306121826,1002,False,1,5,[6.33620936 1.4334441  3.28667356],entering,[ 0.5677905  -0.59831228 -0.99408226]
357.26033306121826,1003,False,4,6,[-3.75958761  7.07126072  3.99999999],cruising,[ 0.63925976  0.24903542 -0.34837281]
357.26033306121826,1004,False,6,2,[-5.91644452 -0.54267126  4.        ],exiting,[-0.62185191  0.08809385  0.93462812]
357.26033306121826,1005,False,0,4,[ 8.60078442 -7.4665995   3.32335925],landing,[ 0.50568378 -0.03156594 -0.11489306]
357.36406111717224,1000,False,3,0,[1.49442883 5.84539653 3.99999998],exiting,[-0.82138112 -0.19970136 -0.21083176]
357.36406111717224,1001,False,5,3,[7.67794422 4.05533356 3.99999745],cruising,[-0.48080528  0.59740651 -0.20557775]
357.36406111717224,1002,False,1,5,[6.52249116 1.3719591  3.36167356],entering,[ 0.5677905  -0.59831228 -0.99408226]
357.36406111717224,1003,False,4,6,[-3.56421804  7.11404777  3.99999999],cruising,[ 0.63925976  0.24903542 -0.34837281]
357.36406111717224,1004,False,6,2,[-5.98966371 -0.6107811   4.        ],exiting,[-0.62185191  0.08809385  0.93462812]
357.36406111717224,1005,False,0,4,[ 8.57805129 -7.46786335  3.22598571],landing,[ 0.50568378 -0.03156594 -0.11489306]
357.4646580219269,1000,False,3,0,[1.55107651 5.90393264 3.99999998],exiting,[-0.82138112 -0.19970136 -0.21083176]
357.4646580219269,1001,False,5,3,[7.81709472 3.91207561 3.99999785],cruising,[-0.48080528  0.59740651 -0.20557775]
357.4646580219269,1002,False,1,5,[6.70935739 1.30067788 3.43667356],entering,[ 0.5677905  -0.59831228 -0.99408226]
357.4646580219269,1003,False,4,6,[-3.36840875  7.15477519  3.99999999],cruising,[ 0.63925976  0.24903542 -0.34837281]
357.4646580219269,1004,False,6,2,[-6.0628829  -0.67889094  4.        ],exiting,[-0.62185191  0.08809385  0.93462812]
357.4646580219269,1005,False,0,4,[ 8.55531816 -7.46912719  3.12861216],landing,[ 0.50568378 -0.03156594 -0.11489306]
357.55581045150757,1000,False,3,0,[1.59506755 5.97795453 3.99999998],exiting,[-0.82138112 -0.19970136 -0.21083176]
357.55581045150757,1001,False,5,3,[7.94110935 3.75574457 3.99999819],cruising,[-0.48080528  0.59740651 -0.20557775]
357.55581045150757,1002,False,1,5,[6.8922011  1.21963357 3.51167356],entering,[ 0.5677905  -0.59831228 -0.99408226]
357.55581045150757,1003,False,4,6,[-3.17154907  7.19007765  4.        ],cruising,[ 0.63925976  0.24903542 -0.34837281]
357.55581045150757,1004,False,6,2,[-6.13610209 -0.74700078  4.        ],exiting,[-0.62185191  0.08809385  0.93462812]
357.55581045150757,1005,False,0,4,[ 8.53258503 -7.47039103  3.03123861],landing,[ 0.50568378 -0.03156594 -0.11489306]
357.6638913154602,1000,False,3,0,[1.6261552  6.0672572  3.99999998],exiting,[-0.82138112 -0.19970136 -0.21083176]
357.6638913154602,1001,False,5,3,[8.04833242 3.58854875 3.9999985 ],cruising,[-0.48080528  0.59740651 -0.20557775]
357.6638913154602,1002,False,1,5,[7.07001872 1.12808636 3.58492253],entering,[ 0.5677905  -0.59831228 -0.99408226]
357.6638913154602,1003,False,4,6,[-2.97412539  7.22207593  4.        ],cruising,[ 0.63925976  0.24903542 -0.34837281]
357.6638913154602,1004,False,6,2,[-6.20932127 -0.81511062  4.        ],exiting,[-0.62185191  0.08809385  0.93462812]
357.6638913154602,1005,False,0,4,[ 8.5098519  -7.47165488  2.93386507],landing,[ 0.50568378 -0.03156594 -0.11489306]
357.75680446624756,1000,False,3,0,[1.65053985 6.16423858 3.99999998],exiting,[-0.82138112 -0.19970136 -0.21083176]
357.75680446624756,1001,False,5,3,[8.13793366 3.41189402 3.99999877],cruising,[-0.48080528  0.59740651 -0.20557775]
357.75680446624756,1002,False,1,5,[7.24156751 1.02527094 3.64718415],entering,[ 0.5677905  -0.59831228 -0.99408226]
357.75680446624756,1003,False,4,6,[-2.77569001  7.24704394  4.        ],cruising,[ 0.63925976  0.24903542 -0.34837281]
357.75680446624756,1004,False,6,2,[-6.28254046 -0.88322046  4.        ],exiting,[-0.62185191  0.08809385  0.93462812]
357.75680446624756,1005,False,0,4,[ 8.48711877 -7.47291872  2.83649152],landing,[ 0.50568378 -0.03156594 -0.11489306]
357.86102390289307,1000,False,3,0,[1.6749245  6.26121997 3.99999999],exiting,[-0.82138112 -0.19970136 -0.21083176]
357.86102390289307,1001,False,5,3,[8.20925167 3.22713228 3.999999  ],cruising,[-0.48080528  0.59740651 -0.20557775]
357.86102390289307,1002,False,1,5,[7.40533921 0.91047185 3.70010653],entering,[ 0.5677905  -0.59831228 -0.99408226]
357.86102390289307,1003,False,4,6,[-2.57670826  7.26719996  4.        ],cruising,[ 0.63925976  0.24903542 -0.34837281]
357.86102390289307,1004,False,6,2,[-6.35575965 -0.9513303   4.        ],exiting,[-0.62185191  0.08809385  0.93462812]
357.86102390289307,1005,False,0,4,[ 8.46438564 -7.47418257  2.73911797],landing,[ 0.50568378 -0.03156594 -0.11489306]
357.965966463089,1000,False,3,0,[1.69930915 6.35820135 3.99999999],exiting,[-0.82138112 -0.19970136 -0.21083176]
357.965966463089,1001,False,5,3,[8.26177196 3.03554078 3.99999918],cruising,[-0.48080528  0.59740651 -0.20557775]
357.965966463089,1002,False,1,5,[7.56092449 0.78480076 3.74509055],entering,[ 0.5677905  -0.59831228 -0.99408226]
357.965966463089,1003,False,4,6,[-2.37699506  7.27790685  4.        ],cruising,[ 0.63925976  0.24903542 -0.34837281]
357.965966463089,1004,False,6,2,[-6.42897884 -1.01944015  4.        ],exiting,[-0.62185191  0.08809385  0.93462812]
357.965966463089,1005,False,0,4,[ 8.44165251 -7.47544641  2.64174443],landing,[ 0.50568378 -0.03156594 -0.11489306]
358.06057357788086,1000,False,3,0,[1.7236938  6.45518273 3.99999999],exiting,[-0.82138112 -0.19970136 -0.21083176]
358.06057357788086,1001,False,5,3,[8.29918952 2.83907214 3.9999993 ],cruising,[-0.48080528  0.59740651 -0.20557775]
358.06057357788086,1002,False,1,5,[7.70501627 0.64610123 3.78332697],entering,[ 0.5677905  -0.59831228 -0.99408226]
358.06057357788086,1003,False,4,6,[-2.17699622  7.27722632  4.        ],cruising,[ 0.63925976  0.24903542 -0.34837281]
358.06057357788086,1004,False,6,2,[-6.50219803 -1.08754999  4.        ],exiting,[-0.62185191  0.08809385  0.93462812]
358.06057357788086,1005,False,0,4,[ 8.41891938 -7.47671025  2.54437088],landing,[ 0.50568378 -0.03156594 -0.11489306]
358.16732811927795,1000,False,3,0,[1.74807845 6.55216412 3.99999999],exiting,[-0.82138112 -0.19970136 -0.21083176]
358.16732811927795,1001,False,5,3,[8.33067036 2.64156528 3.99999941],cruising,[-0.48080528  0.59740651 -0.20557775]
358.16732811927795,1002,False,1,5,[7.83562578 0.49463785 3.81582792],entering,[ 0.5677905  -0.59831228 -0.99408226]
358.16732811927795,1003,False,4,6,[-1.97802996  7.25691802  4.        ],cruising,[ 0.63925976  0.24903542 -0.34837281]
358.16732811927795,1004,False,6,2,[-6.57541722 -1.15565983  4.        ],exiting,[-0.62185191  0.08809385  0.93462812]
358.16732811927795,1005,False,0,4,[ 8.39618625 -7.4779741   2.44699733],landing,[ 0.50568378 -0.03156594 -0.11489306]
358.255898475647,1000,False,3,0,[1.77246311 6.6491455  3.99999999],exiting,[-0.82138112 -0.19970136 -0.21083176]
358.255898475647,1001,False,5,3,[8.35735017 2.4433528  3.99999949],cruising,[-0.48080528  0.59740651 -0.20557775]
358.255898475647,1002,False,1,5,[7.95104661 0.33130374 3.84345373],entering,[ 0.5677905  -0.59831228 -0.99408226]
358.255898475647,1003,False,4,6,[-1.7806946   7.22437951  4.        ],cruising,[ 0.63925976  0.24903542 -0.34837281]
358.255898475647,1004,False,6,2,[-6.6486364  -1.22376967  4.        ],exiting,[-0.62185191  0.08809385  0.93462812]
358.255898475647,1005,False,0,4,[ 8.37345312 -7.47923794  2.34962379],landing,[ 0.50568378 -0.03156594 -0.11489306]
358.3541169166565,1000,False,3,0,[1.79684776 6.74612689 4.        ],exiting,[-0.82138112 -0.19970136 -0.21083176]
358.3541169166565,1001,False,5,3,[8.38310397 2.24501788 3.99999957],cruising,[-0.48080528  0.59740651 -0.20557775]
358.3541169166565,1002,False,1,5,[8.05017923 0.15760077 3.86693567],cruising,[ 0.5677905  -0.59831228 -0.99408226]
358.3541169166565,1003,False,4,6,[-1.58707572  7.17426234  4.        ],cruising,[ 0.63925976  0.24903542 -0.34837281]
358.3541169166565,1004,False,6,2,[-6.72185559 -1.29187951  4.        ],exiting,[-0.62185191  0.08809385  0.93462812]
358.3541169166565,1005,False,0,4,[ 8.35071999 -7.48050179  2.25225024],landing,[ 0.50568378 -0.03156594 -0.11489306]
358.46932220458984,1000,False,3,0,[1.82123241 6.84310827 4.        ],exiting,[-0.82138112 -0.19970136 -0.21083176]
358.46932220458984,1001,False,5,3,[8.40432534 2.04614693 3.99999964],cruising,[-0.48080528  0.59740651 -0.20557775]
358.46932220458984,1002,False,1,5,[ 8.13170881 -0.02497843  3.8870493 ],cruising,[ 0.5677905  -0.59831228 -0.99408226]
358.46932220458984,1003,False,4,6,[-1.39786293  7.10946636  4.        ],cruising,[ 0.63925976  0.24903542 -0.34837281]
358.46932220458984,1004,False,6,2,[-6.79507478 -1.35998935  4.        ],exiting,[-0.62185191  0.08809385  0.93462812]
358.46932220458984,1005,False,0,4,[ 8.32798686 -7.48176563  2.1548767 ],landing,[ 0.50568378 -0.03156594 -0.11489306]
358.56047010421753,1000,False,3,0,[1.84561706 6.94008965 4.        ],exiting,[-0.82138112 -0.19970136 -0.21083176]
358.56047010421753,1001,False,5,3,[8.42434091 1.84715101 3.99999969],cruising,[-0.48080528  0.59740651 -0.20557775]
358.56047010421753,1002,False,1,5,[ 8.1965369  -0.21418022  3.9039919 ],cruising,[ 0.5677905  -0.59831228 -0.99408226]
358.56047010421753,1003,False,4,6,[-1.21316008  7.03275353  4.        ],cruising,[ 0.63925976  0.24903542 -0.34837281]
358.56047010421753,1004,False,6,2,[-6.86829397 -1.42809919  4.        ],exiting,[-0.62185191  0.08809385  0.93462812]
358.56047010421753,1005,False,0,4,[ 8.30525373 -7.48302948  2.05750315],landing,[ 0.50568378 -0.03156594 -0.11489306]
358.6555495262146,1000,False,3,0,[1.87000171 7.03707104 4.        ],exiting,[-0.82138112 -0.19970136 -0.21083176]
358.6555495262146,1001,False,5,3,[8.44277706 1.64800255 3.99999974],cruising,[-0.48080528  0.59740651 -0.20557775]
358.6555495262146,1002,False,1,5,[ 8.2468591  -0.40774591  3.91839312],cruising,[ 0.5677905  -0.59831228 -0.99408226]
358.6555495262146,1003,False,4,6,[-1.03266094  6.94661375  4.        ],cruising,[ 0.63925976  0.24903542 -0.34837281]
358.6555495262146,1004,False,6,2,[-6.94151316 -1.49620903  4.        ],landing,[-0.62185191  0.08809385  0.93462812]
358.6555495262146,1005,False,0,4,[ 8.2825206  -7.48429332  1.9601296 ],landing,[ 0.50568378 -0.03156594 -0.11489306]
358.7582414150238,1000,False,3,0,[1.89438636 7.13405242 4.        ],exiting,[-0.82138112 -0.19970136 -0.21083176]
358.7582414150238,1001,False,5,3,[8.45672757 1.44848969 3.99999978],cruising,[-0.48080528  0.59740651 -0.20557775]
358.7582414150238,1002,False,1,5,[ 8.28424433 -0.6042207   3.93063415],cruising,[ 0.5677905  -0.59831228 -0.99408226]
358.7582414150238,1003,False,4,6,[-0.85580971  6.85321332  4.        ],cruising,[ 0.63925976  0.24903542 -0.34837281]
358.7582414150238,1004,False,6,2,[-7.00665969 -1.55245547  3.98606831],landing,[-0.62185191  0.08809385  0.93462812]
358.7582414150238,1005,False,0,4,[ 8.25978747 -7.48555716  1.86275606],landing,[ 0.50568378 -0.03156594 -0.11489306]
358.86745381355286,1000,False,3,0,[1.91877101 7.23103381 4.        ],exiting,[-0.82138112 -0.19970136 -0.21083176]
358.86745381355286,1001,False,5,3,[8.46917223 1.24887724 3.99999981],cruising,[-0.48080528  0.59740651 -0.20557775]
358.86745381355286,1002,False,1,5,[ 8.31033221 -0.80251196  3.94103903],cruising,[ 0.5677905  -0.59831228 -0.99408226]
358.86745381355286,1003,False,4,6,[-0.68088299  6.7562564   4.        ],cruising,[ 0.63925976  0.24903542 -0.34837281]
358.86745381355286,1004,False,6,2,[-7.06358312 -1.59674998  3.95836956],landing,[-0.62185191  0.08809385  0.93462812]
358.86745381355286,1005,False,0,4,[ 8.23705435 -7.48682101  1.76538251],landing,[ 0.50568378 -0.03156594 -0.11489306]
358.95419120788574,1000,False,3,0,[1.94315566 7.32801519 4.        ],exiting,[-0.82138112 -0.19970136 -0.21083176]
358.95419120788574,1001,False,5,3,[8.47760873 1.04905525 3.99999984],cruising,[-0.48080528  0.59740651 -0.20557775]
358.95419120788574,1002,False,1,5,[ 8.32452231 -1.00200793  3.94988317],cruising,[ 0.5677905  -0.59831228 -0.99408226]
358.95419120788574,1003,False,4,6,[-0.50868023  6.65454009  4.        ],cruising,[ 0.63925976  0.24903542 -0.34837281]
358.95419120788574,1004,False,6,2,[-7.11210652 -1.62898984  3.91710155],landing,[-0.62185191  0.08809385  0.93462812]
358.95419120788574,1005,False,0,4,[ 8.21432122 -7.48808485  1.66800896],landing,[ 0.50568378 -0.03156594 -0.11489306]
359.06088423728943,1000,False,3,0,[1.96754031 7.42499657 4.        ],exiting,[-0.82138112 -0.19970136 -0.21083176]
359.06088423728943,1001,False,5,3,[8.48457688 0.84917668 3.99999986],cruising,[-0.48080528  0.59740651 -0.20557775]
359.06088423728943,1002,False,1,5,[ 8.33059604 -1.20191568  3.9574007 ],cruising,[ 0.5677905  -0.59831228 -0.99408226]
359.06088423728943,1003,False,4,6,[-0.33771606  6.55075545  4.        ],cruising,[ 0.63925976  0.24903542 -0.34837281]
359.06088423728943,1004,False,6,2,[-7.15198991 -1.64903802  3.86254019],landing,[-0.62185191  0.08809385  0.93462812]
359.06088423728943,1005,False,0,4,[ 8.19158809 -7.4893487   1.57063542],landing,[ 0.50568378 -0.03156594 -0.11489306]
359.1612117290497,1000,False,3,0,[1.99192496 7.52197796 4.        ],exiting,[-0.82138112 -0.19970136 -0.21083176]
359.1612117290497,1001,False,5,3,[8.48987121 0.64924676 3.99999988],cruising,[-0.48080528  0.59740651 -0.20557775]
359.1612117290497,1002,False,1,5,[ 8.32960276 -1.40191321  3.96379059],cruising,[ 0.5677905  -0.59831228 -0.99408226]
359.1612117290497,1003,False,4,6,[-0.16831269  6.44444223  4.        ],cruising,[ 0.63925976  0.24903542 -0.34837281]
359.1612117290497,1004,False,6,2,[-7.1830236  -1.65677712  3.79493393],landing,[-0.62185191  0.08809385  0.93462812]
359.1612117290497,1005,False,0,4,[ 8.16885496 -7.49061254  1.47326187],fake_landed,[ 0.50568378 -0.03156594 -0.11489306]
359.25879740715027,1000,False,3,0,[2.01630961 7.61895934 4.        ],exiting,[-0.82138112 -0.19970136 -0.21083176]
359.25879740715027,1001,False,5,3,[8.49333841 0.44927682 3.9999999 ],cruising,[-0.48080528  0.59740651 -0.20557775]
359.25879740715027,1002,False,1,5,[ 8.3200909 -1.6016869  3.969222 ],cruising,[ 0.5677905  -0.59831228 -0.99408226]
359.25879740715027,1003,False,4,6,[6.10435626e-04 6.33736760e+00 4.00000000e+00],cruising,[ 0.63925976  0.24903542 -0.34837281]
359.25879740715027,1004,False,6,2,[-7.20501823 -1.65210304  3.71451329],landing,[-0.62185191  0.08809385  0.93462812]
359.25879740715027,1005,False,0,4,[ 8.15066845 -7.49162362  1.39536304],fake_landed,[ 0.50568378 -0.03156594 -0.11489306]
359.3635036945343,1000,False,3,0,[2.04069426 7.71594072 4.        ],exiting,[-0.82138112 -0.19970136 -0.21083176]
359.3635036945343,1001,False,5,3,[8.49274932 0.24927769 3.99999992],cruising,[-0.48080528  0.59740651 -0.20557775]
359.3635036945343,1002,False,1,5,[ 8.30530111 -1.8011393   3.9738387 ],cruising,[ 0.5677905  -0.59831228 -0.99408226]
359.3635036945343,1003,False,4,6,[0.16916559 6.22971464 4.        ],cruising,[ 0.63925976  0.24903542 -0.34837281]
359.3635036945343,1004,False,6,2,[-7.21778221 -1.63491237  3.62151767],landing,[-0.62185191  0.08809385  0.93462812]
359.3635036945343,1005,False,0,4,[ 8.13702857 -7.49238192  1.33693891],fake_landed,[ 0.50568378 -0.03156594 -0.11489306]
359.4566345214844,1000,False,3,0,[2.06507891 7.81292211 4.        ],exiting,[-0.82138112 -0.19970136 -0.21083176]
359.4566345214844,1001,False,5,3,[8.49050545 0.04929028 3.99999993],cruising,[-0.48080528  0.59740651 -0.20557775]
359.4566345214844,1002,False,1,5,[ 8.28564563 -2.00017111  3.9777629 ],cruising,[ 0.5677905  -0.59831228 -0.99408226]
359.4566345214844,1003,False,4,6,[0.33796756 6.12244911 4.        ],cruising,[ 0.63925976  0.24903542 -0.34837281]
359.4566345214844,1004,False,6,2,[-7.22733472 -1.61342184  3.52432247],landing,[-0.62185191  0.08809385  0.93462812]
359.4566345214844,1005,False,0,4,[ 8.12793532 -7.49288746  1.29798949],fake_landed,[ 0.50568378 -0.03156594 -0.11489306]
359.5606737136841,1000,False,3,0,[2.08946356 7.90990349 4.        ],exiting,[-0.82138112 -0.19970136 -0.21083176]
359.5606737136841,1001,False,5,3,[ 8.48645534 -0.15066871  3.99999994],cruising,[-0.48080528  0.59740651 -0.20557775]
359.5606737136841,1002,False,1,5,[ 8.25877772 -2.19835819  3.98109846],cruising,[ 0.5677905  -0.59831228 -0.99408226]
359.5606737136841,1003,False,4,6,[0.50750879 6.01635588 4.        ],cruising,[ 0.63925976  0.24903542 -0.34837281]
359.5606737136841,1004,False,6,2,[-7.23688724 -1.59193131  3.42712727],landing,[-0.62185191  0.08809385  0.93462812]
359.5606737136841,1005,False,0,4,[ 8.1233887  -7.49314023  1.27851478],fake_landed,[ 0.50568378 -0.03156594 -0.11489306]
359.6549015045166,1000,False,3,0,[2.11384821 8.00688488 4.        ],exiting,[-0.82138112 -0.19970136 -0.21083176]
359.6549015045166,1001,False,5,3,[ 8.47847131 -0.35050929  3.99999995],cruising,[-0.48080528  0.59740651 -0.20557775]
359.6549015045166,1002,False,1,5,[ 8.22779959 -2.39594451  3.98393369],cruising,[ 0.5677905  -0.59831228 -0.99408226]
359.6549015045166,1003,False,4,6,[0.67794439 5.91170548 4.        ],cruising,[ 0.63925976  0.24903542 -0.34837281]
359.6549015045166,1004,False,6,2,[-7.24643975 -1.57044078  3.32993207],landing,[-0.62185191  0.08809385  0.93462812]
359.6549015045166,1005,False,0,4,[ 8.1233887  -7.49314023  1.27851478],fake_landed,[ 0.50568378 -0.03156594 -0.11489306]
359.75481605529785,1000,False,3,0,[2.13823286 8.10386626 4.        ],exiting,[-0.82138112 -0.19970136 -0.21083176]
359.75481605529785,1001,False,5,3,[ 8.46878321 -0.5502745   3.99999996],cruising,[-0.48080528  0.59740651 -0.20557775]
359.75481605529785,1002,False,1,5,[ 8.19270882 -2.59284204  3.98634364],cruising,[ 0.5677905  -0.59831228 -0.99408226]
359.75481605529785,1003,False,4,6,[0.85008186 5.80987871 4.        ],cruising,[ 0.63925976  0.24903542 -0.34837281]
359.75481605529785,1004,False,6,2,[-7.25599227 -1.54895025  3.23273688],landing,[-0.62185191  0.08809385  0.93462812]
359.75481605529785,1005,False,4,1,[ 8.1233887  -7.49314023  1.27851478],waiting,[ 0.50568378 -0.03156594 -0.11489306]
359.8560359477997,1000,False,3,0,[2.16261751 8.20084764 4.        ],exiting,[-0.82138112 -0.19970136 -0.21083176]
359.8560359477997,1001,False,5,3,[ 8.45722556 -0.74994027  3.99999996],cruising,[-0.48080528  0.59740651 -0.20557775]
359.8560359477997,1002,False,1,5,[ 8.15014552 -2.78826048  3.98839209],cruising,[ 0.5677905  -0.59831228 -0.99408226]
359.8560359477997,1003,False,4,6,[1.02365867 5.71052534 4.        ],cruising,[ 0.63925976  0.24903542 -0.34837281]
359.8560359477997,1004,False,6,2,[-7.26554478 -1.52745972  3.13554168],landing,[-0.62185191  0.08809385  0.93462812]
359.8560359477997,1005,False,4,1,[ 8.1233887  -7.49314023  1.27851478],waiting,[ 0.50568378 -0.03156594 -0.11489306]
359.95824217796326,1000,False,3,0,[2.18700216 8.29782903 4.        ],exiting,[-0.82138112 -0.19970136 -0.21083176]
359.95824217796326,1001,False,5,3,[ 8.44365555 -0.94947938  3.99999997],cruising,[-0.48080528  0.59740651 -0.20557775]
359.95824217796326,1002,False,1,5,[ 8.10355297 -2.98275761  3.99013328],cruising,[ 0.5677905  -0.59831228 -0.99408226]
359.95824217796326,1003,False,4,6,[1.19891795 5.61417087 4.        ],cruising,[ 0.63925976  0.24903542 -0.34837281]
359.95824217796326,1004,False,6,2,[-7.2750973  -1.5059692   3.03834648],landing,[-0.62185191  0.08809385  0.93462812]
359.95824217796326,1005,False,4,1,[ 8.1233887  -7.49314023  1.27851478],waiting,[ 0.50568378 -0.03156594 -0.11489306]
360.06241965293884,1000,False,3,0,[2.21138681 8.39481041 4.        ],exiting,[-0.82138112 -0.19970136 -0.21083176]
360.06241965293884,1001,False,5,3,[ 8.42581353 -1.14868194  3.99999997],cruising,[-0.48080528  0.59740651 -0.20557775]
360.06241965293884,1002,False,1,5,[ 8.04869122 -3.17508595  3.99161329],cruising,[ 0.5677905  -0.59831228 -0.99408226]
360.06241965293884,1003,False,4,6,[1.3769942  5.52312776 4.        ],cruising,[ 0.63925976  0.24903542 -0.34837281]
360.06241965293884,1004,False,6,2,[-7.28464981 -1.48447867  2.94115128],landing,[-0.62185191  0.08809385  0.93462812]
360.06241965293884,1005,False,4,1,[ 8.1233887  -7.49314023  1.27851478],waiting,[ 0.50568378 -0.03156594 -0.11489306]
360.1621193885803,1000,False,3,0,[2.23577146 8.4917918  4.        ],exiting,[-0.82138112 -0.19970136 -0.21083176]
360.1621193885803,1001,False,5,3,[ 8.40601837 -1.34769991  3.99999998],cruising,[-0.48080528  0.59740651 -0.20557775]
360.1621193885803,1002,False,1,5,[ 7.98512614 -3.36471579  3.99287129],cruising,[ 0.5677905  -0.59831228 -0.99408226]
360.1621193885803,1003,False,4,6,[1.55709659 5.43616151 4.        ],cruising,[ 0.63925976  0.24903542 -0.34837281]
360.1621193885803,1004,False,6,2,[-7.29420232 -1.46298814  2.84395608],landing,[-0.62185191  0.08809385  0.93462812]
360.1621193885803,1005,False,4,1,[ 8.1233887  -7.49314023  1.27851478],waiting,[ 0.50568378 -0.03156594 -0.11489306]
360.2553424835205,1000,False,3,0,[2.26015611 8.58877318 4.        ],exiting,[-0.82138112 -0.19970136 -0.21083176]
360.2553424835205,1001,False,5,3,[ 8.38407521 -1.54649251  3.99999998],cruising,[-0.48080528  0.59740651 -0.20557775]
360.2553424835205,1002,False,1,5,[ 7.91677688 -3.55267425  3.9939406 ],cruising,[ 0.5677905  -0.59831228 -0.99408226]
360.2553424835205,1003,False,4,6,[1.73940129 5.35391191 4.        ],cruising,[ 0.63925976  0.24903542 -0.34837281]
360.2553424835205,1004,False,6,2,[-7.30375484 -1.44149761  2.74676088],landing,[-0.62185191  0.08809385  0.93462812]
360.2553424835205,1005,False,4,1,[ 8.1233887  -7.49314023  1.27851478],waiting,[ 0.50568378 -0.03156594 -0.11489306]
360.35469341278076,1000,False,3,0,[2.28454076 8.68575456 4.        ],landing,[-0.82138112 -0.19970136 -0.21083176]
360.35469341278076,1001,False,5,3,[ 8.35749017 -1.74471773  3.99999998],cruising,[-0.48080528  0.59740651 -0.20557775]
360.35469341278076,1002,False,1,5,[ 7.83729887 -3.73620421  3.99484951],cruising,[ 0.5677905  -0.59831228 -0.99408226]
360.35469341278076,1003,False,4,6,[1.92512603 5.2797073  4.        ],cruising,[ 0.63925976  0.24903542 -0.34837281]
360.35469341278076,1004,False,6,2,[-7.31330735 -1.42000708  2.64956568],landing,[-0.62185191  0.08809385  0.93462812]
360.35469341278076,1005,False,4,1,[ 8.1233887  -7.49314023  1.27851478],waiting,[ 0.50568378 -0.03156594 -0.11489306]
360.4588770866394,1000,False,3,0,[2.308513   8.76824489 3.98622178],landing,[-0.82138112 -0.19970136 -0.21083176]
360.4588770866394,1001,False,5,3,[ 8.32868578 -1.94263262  3.99999999],cruising,[-0.48080528  0.59740651 -0.20557775]
360.4588770866394,1002,False,1,5,[ 7.74522454 -3.91374946  3.99562208],cruising,[ 0.5677905  -0.59831228 -0.99408226]
360.4588770866394,1003,False,4,6,[2.11307712 5.21133782 4.        ],cruising,[ 0.63925976  0.24903542 -0.34837281]
360.4588770866394,1004,False,6,2,[-7.32285987 -1.39851655  2.55237049],landing,[-0.62185191  0.08809385  0.93462812]
360.4588770866394,1005,False,4,1,[ 8.1233887  -7.49314023  1.27851478],waiting,[ 0.50568378 -0.03156594 -0.11489306]
360.5684275627136,1000,False,3,0,[2.33199511 8.83609025 3.95883164],landing,[-0.82138112 -0.19970136 -0.21083176]
360.5684275627136,1001,False,5,3,[ 8.29740325 -2.14017098  3.99999999],cruising,[-0.48080528  0.59740651 -0.20557775]
360.5684275627136,1002,False,1,5,[ 7.63850722 -4.08289854  3.99627877],cruising,[ 0.5677905  -0.59831228 -0.99408226]
360.5684275627136,1003,False,4,6,[2.30365949 5.15068832 4.        ],cruising,[ 0.63925976  0.24903542 -0.34837281]
360.5684275627136,1004,False,6,2,[-7.33241238 -1.37702602  2.45517529],landing,[-0.62185191  0.08809385  0.93462812]
360.5684275627136,1005,False,4,1,[ 8.1233887  -7.49314023  1.27851478],waiting,[ 0.50568378 -0.03156594 -0.11489306]
360.65865898132324,1000,False,3,0,[2.35489545 8.88911157 3.91802846],landing,[-0.82138112 -0.19970136 -0.21083176]
360.65865898132324,1001,False,5,3,[ 8.2606816  -2.33677088  3.99999999],cruising,[-0.48080528  0.59740651 -0.20557775]
360.65865898132324,1002,False,1,5,[ 7.51546165 -4.24049863  3.99684209],cruising,[ 0.5677905  -0.59831228 -0.99408226]
360.65865898132324,1003,False,4,6,[2.49735142 5.10085426 4.        ],cruising,[ 0.63925976  0.24903542 -0.34837281]
360.65865898132324,1004,False,6,2,[-7.3419649  -1.35553549  2.35798009],landing,[-0.62185191  0.08809385  0.93462812]
360.65865898132324,1005,False,4,1,[ 8.1233887  -7.49314023  1.27851478],waiting,[ 0.50568378 -0.03156594 -0.11489306]
360.7563784122467,1000,False,3,0,[2.37708986 8.92707074 3.86408628],landing,[-0.82138112 -0.19970136 -0.21083176]
360.7563784122467,1001,False,5,3,[ 8.22125579 -2.53284639  3.99999999],cruising,[-0.48080528  0.59740651 -0.20557775]
360.7563784122467,1002,False,1,5,[ 7.37807137 -4.38416214  3.99736435],cruising,[ 0.5677905  -0.59831228 -0.99408226]
360.7563784122467,1003,False,4,6,[2.69391892 5.06395958 4.        ],cruising,[ 0.63925976  0.24903542 -0.34837281]
360.7563784122467,1004,False,6,2,[-7.35151741 -1.33404496  2.26078489],landing,[-0.62185191  0.08809385  0.93462812]
360.7563784122467,1005,False,4,1,[ 8.1233887  -7.49314023  1.27851478],waiting,[ 0.50568378 -0.03156594 -0.11489306]
360.8612141609192,1000,False,3,0,[2.3984636  8.94975213 3.79726327],landing,[-0.82138112 -0.19970136 -0.21083176]
360.8612141609192,1001,False,5,3,[ 8.17877104 -2.72828192  3.99999999],cruising,[-0.48080528  0.59740651 -0.20557775]
360.8612141609192,1002,False,1,5,[ 7.22811902 -4.51226312  3.99784615],cruising,[ 0.5677905  -0.59831228 -0.99408226]
360.8612141609192,1003,False,4,6,[2.89155491 5.03329987 4.        ],cruising,[ 0.63925976  0.24903542 -0.34837281]
360.8612141609192,1004,False,6,2,[-7.36106993 -1.31255443  2.16358969],landing,[-0.62185191  0.08809385  0.93462812]
360.8612141609192,1005,False,4,1,[ 8.1233887  -7.49314023  1.27851478],waiting,[ 0.50568378 -0.03156594 -0.11489306]
360.96143889427185,1000,False,3,0,[2.41891512 8.95696856 3.71779176],landing,[-0.82138112 -0.19970136 -0.21083176]
360.96143889427185,1001,False,5,3,[ 8.12940676 -2.92209412  3.99999999],cruising,[-0.48080528  0.59740651 -0.20557775]
360.96143889427185,1002,False,1,5,[ 7.06762696 -4.62336666  3.9982888 ],cruising,[ 0.5677905  -0.59831228 -0.99408226]
360.96143889427185,1003,False,4,6,[3.08992076 5.00778541 4.        ],cruising,[ 0.63925976  0.24903542 -0.34837281]
360.96143889427185,1004,False,6,2,[-7.37062244 -1.29106391  2.06639449],landing,[-0.62185191  0.08809385  0.93462812]
360.96143889427185,1005,False,4,1,[ 8.1233887  -7.49314023  1.27851478],waiting,[ 0.50568378 -0.03156594 -0.11489306]
361.0582392215729,1000,False,3,0,[2.43834066 8.94853235 3.62591291],landing,[-0.82138112 -0.19970136 -0.21083176]
361.0582392215729,1001,False,5,3,[ 8.0765346  -3.11497889  3.99999999],cruising,[-0.48080528  0.59740651 -0.20557775]
361.0582392215729,1002,False,1,5,[ 6.89875899 -4.71630863  3.9986933 ],cruising,[ 0.5677905  -0.59831228 -0.99408226]
361.0582392215729,1003,False,4,6,[3.28877567 4.98641426 4.        ],cruising,[ 0.63925976  0.24903542 -0.34837281]
361.0582392215729,1004,False,6,2,[-7.38017496 -1.26957338  1.96919929],landing,[-0.62185191  0.08809385  0.93462812]
361.0582392215729,1005,False,4,1,[ 8.1233887  -7.49314023  1.27851478],waiting,[ 0.50568378 -0.03156594 -0.11489306]
361.15423679351807,1000,False,3,0,[2.45728763 8.93340159 3.52889707],landing,[-0.82138112 -0.19970136 -0.21083176]
361.15423679351807,1001,False,5,3,[ 8.01542718 -3.30541493  4.        ],cruising,[-0.48080528  0.59740651 -0.20557775]
361.15423679351807,1002,False,1,5,[ 6.7237347  -4.79022172  3.99905996],cruising,[ 0.5677905  -0.59831228 -0.99408226]
361.15423679351807,1003,False,4,6,[3.48795153 4.96827656 4.        ],cruising,[ 0.63925976  0.24903542 -0.34837281]
361.15423679351807,1004,False,6,2,[-7.38972747 -1.24808285  1.8720041 ],landing,[-0.62185191  0.08809385  0.93462812]
361.15423679351807,1005,False,4,1,[ 8.1233887  -7.49314023  1.27851478],waiting,[ 0.50568378 -0.03156594 -0.11489306]
361.26260781288147,1000,False,3,0,[2.47623461 8.91827083 3.43188124],landing,[-0.82138112 -0.19970136 -0.21083176]
361.26260781288147,1001,False,5,3,[ 7.9453831  -3.49274839  4.        ],cruising,[-0.48080528  0.59740651 -0.20557775]
361.26260781288147,1002,False,1,5,[ 6.54480067 -4.84452072  3.99938852],cruising,[ 0.5677905  -0.59831228 -0.99408226]
361.26260781288147,1003,False,4,6,[3.68722739 4.95127271 4.        ],cruising,[ 0.63925976  0.24903542 -0.34837281]
361.26260781288147,1004,False,6,2,[-7.39927998 -1.22659232  1.7748089 ],landing,[-0.62185191  0.08809385  0.93462812]
361.26260781288147,1005,False,4,1,[ 8.1233887  -7.49314023  1.27851478],waiting,[ 0.50568378 -0.03156594 -0.11489306]
361.36773705482483,1000,False,3,0,[2.49518158 8.90314007 3.3348654 ],landing,[-0.82138112 -0.19970136 -0.21083176]
361.36773705482483,1001,False,5,3,[ 7.87051147 -3.67820523  4.        ],cruising,[-0.48080528  0.59740651 -0.20557775]
361.36773705482483,1002,False,1,5,[ 6.36422013 -4.87888764  3.99967816],cruising,[ 0.5677905  -0.59831228 -0.99408226]
361.36773705482483,1003,False,4,6,[3.88668735 4.93658519 4.        ],cruising,[ 0.63925976  0.24903542 -0.34837281]
361.36773705482483,1004,False,6,2,[-7.4088325  -1.20510179  1.6776137 ],landing,[-0.62185191  0.08809385  0.93462812]
361.36773705482483,1005,False,4,1,[ 8.1233887  -7.49314023  1.27851478],waiting,[ 0.50568378 -0.03156594 -0.11489306]
361.4619059562683,1000,False,3,0,[2.51412856 8.88800932 3.23784957],landing,[-0.82138112 -0.19970136 -0.21083176]
361.4619059562683,1001,False,5,3,[ 7.78372619 -3.85839489  4.        ],cruising,[-0.48080528  0.59740651 -0.20557775]
361.4619059562683,1002,False,1,5,[ 6.18362756 -4.89325461  3.99992764],cruising,[ 0.5677905  -0.59831228 -0.99408226]
361.4619059562683,1003,False,4,6,[4.08625004 4.92336647 4.        ],cruising,[ 0.63925976  0.24903542 -0.34837281]
361.4619059562683,1004,False,6,2,[-7.41838501 -1.18361126  1.5804185 ],landing,[-0.62185191  0.08809385  0.93462812]
361.4619059562683,1005,False,4,1,[ 8.1233887  -7.49314023  1.27851478],waiting,[ 0.50568378 -0.03156594 -0.11489306]
361.5630486011505,1000,False,3,0,[2.53307553 8.87287856 3.14083373],landing,[-0.82138112 -0.19970136 -0.21083176]
361.5630486011505,1001,False,5,3,[ 7.683257   -4.03132824  4.        ],cruising,[-0.48080528  0.59740651 -0.20557775]
361.5630486011505,1002,False,1,5,[ 6.00392624 -4.8876415   4.00013374],cruising,[ 0.5677905  -0.59831228 -0.99408226]
361.5630486011505,1003,False,4,6,[4.28585864 4.91086014 4.        ],cruising,[ 0.63925976  0.24903542 -0.34837281]
361.5630486011505,1004,False,6,2,[-7.42793753 -1.16212073  1.4832233 ],fake_landed,[-0.62185191  0.08809385  0.93462812]
361.5630486011505,1005,False,4,1,[ 8.1233887  -7.49314023  1.27851478],waiting,[ 0.50568378 -0.03156594 -0.11489306]
361.6611337661743,1000,False,3,0,[2.55202251 8.8577478  3.0438179 ],landing,[-0.82138112 -0.19970136 -0.21083176]
361.6611337661743,1001,False,5,3,[ 7.56675804 -4.19389512  4.        ],cruising,[-0.48080528  0.59740651 -0.20557775]
361.6611337661743,1002,False,1,5,[ 5.82629779 -4.86213614  4.00029534],cruising,[ 0.5677905  -0.59831228 -0.99408226]
361.6611337661743,1003,False,4,6,[4.4854688  4.89837883 4.        ],cruising,[ 0.63925976  0.24903542 -0.34837281]
361.6611337661743,1004,False,6,2,[-7.43557954 -1.14492831  1.40546714],fake_landed,[-0.62185191  0.08809385  0.93462812]
361.6611337661743,1005,False,4,1,[ 8.1233887  -7.49314023  1.27851478],waiting,[ 0.50568378 -0.03156594 -0.11489306]
361.7668786048889,1000,False,3,0,[2.57096948 8.84261705 2.94680206],landing,[-0.82138112 -0.19970136 -0.21083176]
361.7668786048889,1001,False,5,3,[ 7.43516631 -4.34333918  4.        ],cruising,[-0.48080528  0.59740651 -0.20557775]
361.7668786048889,1002,False,1,5,[ 5.65125214 -4.81679832  4.00040904],cruising,[ 0.5677905  -0.59831228 -0.99408226]
361.7668786048889,1003,False,4,6,[4.68503962 4.88528353 4.        ],cruising,[ 0.63925976  0.24903542 -0.34837281]
361.7668786048889,1004,False,6,2,[-7.44131105 -1.13203399  1.34715002],fake_landed,[-0.62185191  0.08809385  0.93462812]
361.7668786048889,1005,False,4,1,[ 8.1233887  -7.49314023  1.27851478],queued,[ 0.50568378 -0.03156594 -0.11489306]
361.8549392223358,1000,False,3,0,[2.58991646 8.82748629 2.84978623],landing,[-0.82138112 -0.19970136 -0.21083176]
361.8549392223358,1001,False,5,3,[ 7.29020482 -4.47790878  4.        ],cruising,[-0.48080528  0.59740651 -0.20557775]
361.8549392223358,1002,False,1,5,[ 5.47949729 -4.75173315  4.00047344],cruising,[ 0.5677905  -0.59831228 -0.99408226]
361.8549392223358,1003,False,4,6,[4.88456623 4.87153102 4.        ],cruising,[ 0.63925976  0.24903542 -0.34837281]
361.8549392223358,1004,False,6,2,[-7.44513205 -1.12343778  1.30827194],fake_landed,[-0.62185191  0.08809385  0.93462812]
361.8549392223358,1005,False,4,1,[ 8.1233887  -7.49314023  1.29851478],queued,[ 0.50568378 -0.03156594 -0.11489306]
361.9669783115387,1000,False,3,0,[2.60886343 8.81235553 2.75277039],landing,[-0.82138112 -0.19970136 -0.21083176]
361.9669783115387,1001,False,5,3,[ 7.13423104 -4.59578319  4.        ],cruising,[-0.48080528  0.59740651 -0.20557775]
361.9669783115387,1002,False,1,5,[ 5.31078598 -4.66690099  4.00048336],cruising,[ 0.5677905  -0.59831228 -0.99408226]
361.9669783115387,1003,False,4,6,[5.08397328 4.85614172 4.        ],cruising,[ 0.63925976  0.24903542 -0.34837281]
361.9669783115387,1004,False,6,2,[-7.44704256 -1.11913967  1.2888329 ],fake_landed,[-0.62185191  0.08809385  0.93462812]
361.9669783115387,1005,False,4,1,[ 8.1233887  -7.49314023  1.33851478],queued,[ 0.50568378 -0.03156594 -0.11489306]
362.0566408634186,1000,False,3,0,[2.62781041 8.79722477 2.65575456],landing,[-0.82138112 -0.19970136 -0.21083176]
362.0566408634186,1001,False,5,3,[ 6.96937561 -4.69573788  4.        ],cruising,[-0.48080528  0.59740651 -0.20557775]
362.0566408634186,1002,False,1,5,[ 5.14452066 -4.56221905  4.00043437],cruising,[ 0.5677905  -0.59831228 -0.99408226]
362.0566408634186,1003,False,4,6,[5.28319096 4.83846924 4.        ],cruising,[ 0.63925976  0.24903542 -0.34837281]
362.0566408634186,1004,False,6,2,[-7.44704256 -1.11913967  1.2888329 ],fake_landed,[-0.62185191  0.08809385  0.93462812]
362.0566408634186,1005,False,4,1,[ 8.1233887  -7.49314023  1.39851478],queued,[ 0.50568378 -0.03156594 -0.11489306]
362.1628198623657,1000,False,3,0,[2.64675738 8.78209402 2.55873872],landing,[-0.82138112 -0.19970136 -0.21083176]
362.1628198623657,1001,False,5,3,[ 6.79778463 -4.77686089  4.        ],cruising,[-0.48080528  0.59740651 -0.20557775]
362.1628198623657,1002,False,1,5,[ 4.97458127 -4.45676477  4.00036921],cruising,[ 0.5677905  -0.59831228 -0.99408226]
362.1628198623657,1003,False,4,6,[5.48212616 4.81785893 4.        ],cruising,[ 0.63925976  0.24903542 -0.34837281]
362.1628198623657,1004,False,2,4,[-7.44704256 -1.11913967  1.2888329 ],waiting,[-0.62185191  0.08809385  0.93462812]
362.1628198623657,1005,False,4,1,[ 8.1233887  -7.49314023  1.47351478],queued,[ 0.50568378 -0.03156594 -0.11489306]
362.2629907131195,1000,False,3,0,[2.66570436 8.76696326 2.46172289],landing,[-0.82138112 -0.19970136 -0.21083176]
362.2629907131195,1001,False,5,3,[ 6.62141646 -4.83856281  4.        ],cruising,[-0.48080528  0.59740651 -0.20557775]
362.2629907131195,1002,False,1,5,[ 4.80140994 -4.35670634  4.00031383],cruising,[ 0.5677905  -0.59831228 -0.99408226]
362.2629907131195,1003,False,4,6,[5.68065288 4.79362798 4.        ],exiting,[ 0.63925976  0.24903542 -0.34837281]
362.2629907131195,1004,False,2,4,[-7.44704256 -1.11913967  1.2888329 ],waiting,[-0.62185191  0.08809385  0.93462812]
362.2629907131195,1005,False,4,1,[ 8.1233887  -7.49314023  1.54851478],queued,[ 0.50568378 -0.03156594 -0.11489306]
362.3642659187317,1000,False,3,0,[2.68465133 8.7518325  2.36470705],landing,[-0.82138112 -0.19970136 -0.21083176]
362.3642659187317,1001,False,5,3,[ 6.4425115  -4.88042627  4.        ],cruising,[-0.48080528  0.59740651 -0.20557775]
362.3642659187317,1002,False,1,5,[ 4.62473356 -4.26297556  4.00026676],cruising,[ 0.5677905  -0.59831228 -0.99408226]
362.3642659187317,1003,False,4,6,[5.86315432 4.78136323 4.        ],exiting,[ 0.63925976  0.24903542 -0.34837281]
362.3642659187317,1004,False,2,4,[-7.44704256 -1.11913967  1.2888329 ],waiting,[-0.62185191  0.08809385  0.93462812]
362.3642659187317,1005,False,4,1,[ 8.1233887  -7.49314023  1.62351478],queued,[ 0.50568378 -0.03156594 -0.11489306]
362.45849609375,1000,False,3,0,[2.70359831 8.73670174 2.26769121],landing,[-0.82138112 -0.19970136 -0.21083176]
362.45849609375,1001,False,5,3,[ 6.26287103 -4.90230326  4.        ],cruising,[-0.48080528  0.59740651 -0.20557775]
362.45849609375,1002,False,1,5,[ 4.44621872 -4.17279545  4.00022674],cruising,[ 0.5677905  -0.59831228 -0.99408226]
362.45849609375,1003,False,4,6,[6.0296081  4.78103467 4.        ],exiting,[ 0.63925976  0.24903542 -0.34837281]
362.45849609375,1004,False,2,4,[-7.44704256 -1.11913967  1.2888329 ],waiting,[-0.62185191  0.08809385  0.93462812]
362.45849609375,1005,False,4,1,[ 8.1233887  -7.49314023  1.69851478],queued,[ 0.50568378 -0.03156594 -0.11489306]
362.5607771873474,1000,False,3,0,[2.72254528 8.72157099 2.17067538],landing,[-0.82138112 -0.19970136 -0.21083176]
362.5607771873474,1001,False,5,3,[ 6.08349587 -4.90418201  4.        ],cruising,[-0.48080528  0.59740651 -0.20557775]
362.5607771873474,1002,False,1,5,[ 4.26563272 -4.08683792  4.00019273],cruising,[ 0.5677905  -0.59831228 -0.99408226]
362.5607771873474,1003,False,4,6,[6.17998512 4.79260309 4.        ],exiting,[ 0.63925976  0.24903542 -0.34837281]
362.5607771873474,1004,False,2,4,[-7.44704256 -1.11913967  1.2888329 ],waiting,[-0.62185191  0.08809385  0.93462812]
362.5607771873474,1005,False,4,1,[ 8.1233887  -7.49314023  1.77351478],queued,[ 0.50568378 -0.03156594 -0.11489306]
362.655464887619,1000,False,3,0,[2.74149226 8.70644023 2.07365954],landing,[-0.82138112 -0.19970136 -0.21083176]
362.655464887619,1001,False,5,3,[ 5.90568058 -4.88612168  4.        ],cruising,[-0.48080528  0.59740651 -0.20557775]
362.655464887619,1002,False,1,5,[ 4.08402511 -4.00306038  4.00016382],cruising,[ 0.5677905  -0.59831228 -0.99408226]
362.655464887619,1003,False,4,6,[6.31424728 4.8160168  4.        ],exiting,[ 0.63925976  0.24903542 -0.34837281]
362.655464887619,1004,False,2,4,[-7.44704256 -1.11913967  1.2888329 ],waiting,[-0.62185191  0.08809385  0.93462812]
362.655464887619,1005,False,4,1,[ 8.1233887  -7.49314023  1.84851478],queued,[ 0.50568378 -0.03156594 -0.11489306]
362.762877702713,1000,False,3,0,[2.76043923 8.69130947 1.97664371],landing,[-0.82138112 -0.19970136 -0.21083176]
362.762877702713,1001,False,5,3,[ 5.73045281 -4.84822944  4.        ],cruising,[-0.48080528  0.59740651 -0.20557775]
362.762877702713,1002,False,1,5,[ 3.90117841 -3.92202284  4.00013925],cruising,[ 0.5677905  -0.59831228 -0.99408226]
362.762877702713,1003,False,4,6,[6.4323415  4.85120327 4.        ],exiting,[ 0.63925976  0.24903542 -0.34837281]
362.762877702713,1004,False,2,4,[-7.44704256 -1.11913967  1.2888329 ],waiting,[-0.62185191  0.08809385  0.93462812]
362.762877702713,1005,False,4,1,[ 8.1233887  -7.49314023  1.92351478],queued,[ 0.50568378 -0.03156594 -0.11489306]
362.85515213012695,1000,False,3,0,[2.77938621 8.67617871 1.87962787],landing,[-0.82138112 -0.19970136 -0.21083176]
362.85515213012695,1001,False,5,3,[ 5.55814599 -4.79055164  4.        ],cruising,[-0.48080528  0.59740651 -0.20557775]
362.85515213012695,1002,False,1,5,[ 3.7177085  -3.84240631  4.00011836],cruising,[ 0.5677905  -0.59831228 -0.99408226]
362.85515213012695,1003,False,4,6,[6.53419787 4.8980659  4.        ],exiting,[ 0.63925976  0.24903542 -0.34837281]
362.85515213012695,1004,False,2,4,[-7.44704256 -1.11913967  1.2888329 ],waiting,[-0.62185191  0.08809385  0.93462812]
362.85515213012695,1005,False,4,1,[ 8.1233887  -7.49314023  1.99851478],queued,[ 0.50568378 -0.03156594 -0.11489306]
362.96911215782166,1000,False,3,0,[2.79833318 8.66104796 1.78261204],landing,[-0.82138112 -0.19970136 -0.21083176]
362.96911215782166,1001,False,5,3,[ 5.38880323 -4.71309471  4.        ],cruising,[-0.48080528  0.59740651 -0.20557775]
362.96911215782166,1002,False,1,5,[ 3.53345087 -3.76463018  4.00010061],cruising,[ 0.5677905  -0.59831228 -0.99408226]
362.96911215782166,1003,False,4,6,[6.61976262 4.9565295  4.        ],exiting,[ 0.63925976  0.24903542 -0.34837281]
362.96911215782166,1004,False,2,4,[-7.44704256 -1.11913967  1.2888329 ],waiting,[-0.62185191  0.08809385  0.93462812]
362.96911215782166,1005,False,4,1,[ 8.1233887  -7.49314023  2.07351478],queued,[ 0.50568378 -0.03156594 -0.11489306]
363.0572807788849,1000,False,3,0,[2.81728016 8.6459172  1.6855962 ],landing,[-0.82138112 -0.19970136 -0.21083176]
363.0572807788849,1001,False,5,3,[ 5.22225188 -4.61583354  4.        ],cruising,[-0.48080528  0.59740651 -0.20557775]
363.0572807788849,1002,False,1,5,[ 3.34870747 -3.68801508  4.00008552],cruising,[ 0.5677905  -0.59831228 -0.99408226]
363.0572807788849,1003,False,4,6,[6.68897928 5.02651439 4.        ],exiting,[ 0.63925976  0.24903542 -0.34837281]
363.0572807788849,1004,False,2,4,[-7.44704256 -1.11913967  1.2888329 ],waiting,[-0.62185191  0.08809385  0.93462812]
363.0572807788849,1005,False,4,1,[ 8.1233887  -7.49314023  2.14851478],queued,[ 0.50568378 -0.03156594 -0.11489306]
363.1634681224823,1000,False,3,0,[2.83622713 8.63078644 1.58858037],landing,[-0.82138112 -0.19970136 -0.21083176]
363.1634681224823,1001,False,5,3,[ 5.05419703 -4.50740123  4.        ],cruising,[-0.48080528  0.59740651 -0.20557775]
363.1634681224823,1002,False,1,5,[ 3.16341637 -3.6127342   4.00007269],cruising,[ 0.5677905  -0.59831228 -0.99408226]
363.1634681224823,1003,False,4,6,[6.74178954 5.10793738 4.        ],exiting,[ 0.63925976  0.24903542 -0.34837281]
363.1634681224823,1004,False,2,4,[-7.44704256 -1.11913967  1.2888329 ],waiting,[-0.62185191  0.08809385  0.93462812]
363.1634681224823,1005,False,4,1,[ 8.1233887  -7.49314023  2.22351478],queued,[ 0.50568378 -0.03156594 -0.11489306]
363.25963258743286,1000,False,3,0,[2.85517411 8.61565569 1.49156453],fake_landed,[-0.82138112 -0.19970136 -0.21083176]
363.25963258743286,1001,False,5,3,[ 4.88260219 -4.40466268  4.        ],cruising,[-0.48080528  0.59740651 -0.20557775]
363.25963258743286,1002,False,1,5,[ 2.97759042 -3.53878344  4.00006179],cruising,[ 0.5677905  -0.59831228 -0.99408226]
363.25963258743286,1003,False,4,6,[6.77813401 5.20071279 4.        ],exiting,[ 0.63925976  0.24903542 -0.34837281]
363.25963258743286,1004,False,2,4,[-7.44704256 -1.11913967  1.2888329 ],waiting,[-0.62185191  0.08809385  0.93462812]
363.25963258743286,1005,False,4,1,[ 8.1233887  -7.49314023  2.29851478],queued,[ 0.50568378 -0.03156594 -0.11489306]
363.3725483417511,1000,False,3,0,[2.87033169 8.60355108 1.41395186],fake_landed,[-0.82138112 -0.19970136 -0.21083176]
363.3725483417511,1001,False,5,3,[ 4.70804507 -4.30704192  4.        ],cruising,[-0.48080528  0.59740651 -0.20557775]
363.3725483417511,1002,False,1,5,[ 2.79114753 -3.46640215  4.00005252],cruising,[ 0.5677905  -0.59831228 -0.99408226]
363.3725483417511,1003,False,4,6,[6.81318917 5.29436713 4.        ],exiting,[ 0.63925976  0.24903542 -0.34837281]
363.3725483417511,1004,False,2,4,[-7.44704256 -1.11913967  1.2888329 ],queued,[-0.62185191  0.08809385  0.93462812]
363.3725483417511,1005,False,4,1,[ 8.1233887  -7.49314023  2.37351478],queued,[ 0.50568378 -0.03156594 -0.11489306]
363.46461391448975,1000,False,3,0,[2.88169987 8.59447263 1.35574236],fake_landed,[-0.82138112 -0.19970136 -0.21083176]
363.46461391448975,1001,False,5,3,[ 4.53035128 -4.21525456  4.        ],cruising,[-0.48080528  0.59740651 -0.20557775]
363.46461391448975,1002,False,1,5,[ 2.60420722 -3.39531545  4.00004464],cruising,[ 0.5677905  -0.59831228 -0.99408226]
363.46461391448975,1003,False,4,6,[6.84824433 5.38802147 4.        ],exiting,[ 0.63925976  0.24903542 -0.34837281]
363.46461391448975,1004,False,2,4,[-7.44704256 -1.11913967  1.3088329 ],queued,[-0.62185191  0.08809385  0.93462812]
363.46461391448975,1005,False,4,1,[ 8.1233887  -7.49314023  2.44851478],entering,[ 0.50568378 -0.03156594 -0.11489306]
363.562783241272,1000,False,3,0,[2.88927866 8.58842032 1.31693603],fake_landed,[-0.82138112 -0.19970136 -0.21083176]
363.562783241272,1001,False,5,3,[ 4.35099424 -4.12676134  4.        ],cruising,[-0.48080528  0.59740651 -0.20557775]
363.562783241272,1002,False,1,5,[ 2.41646562 -3.32637277  4.00003794],cruising,[ 0.5677905  -0.59831228 -0.99408226]
363.562783241272,1003,False,4,6,[6.88329949 5.48167582 4.        ],exiting,[ 0.63925976  0.24903542 -0.34837281]
363.562783241272,1004,False,2,4,[-7.44704256 -1.11913967  1.3488329 ],queued,[-0.62185191  0.08809385  0.93462812]
363.562783241272,1005,False,4,1,[ 8.11191873 -7.47675609  2.52351478],entering,[ 0.50568378 -0.03156594 -0.11489306]
363.6689145565033,1000,False,3,0,[2.89306806 8.58539417 1.29753286],fake_landed,[-0.82138112 -0.19970136 -0.21083176]
363.6689145565033,1001,False,5,3,[ 4.16979484 -4.0421045   4.        ],cruising,[-0.48080528  0.59740651 -0.20557775]
363.6689145565033,1002,False,1,5,[ 2.22778011 -3.26005704  4.00003225],cruising,[ 0.5677905  -0.59831228 -0.99408226]
363.6689145565033,1003,False,4,6,[6.91835465 5.57533016 4.        ],exiting,[ 0.63925976  0.24903542 -0.34837281]
363.6689145565033,1004,False,2,4,[-7.44704256 -1.11913967  1.4088329 ],queued,[-0.62185191  0.08809385  0.93462812]
363.6689145565033,1005,False,4,1,[ 8.0889788  -7.44398782  2.59851478],entering,[ 0.50568378 -0.03156594 -0.11489306]
363.76547861099243,1000,False,0,2,[2.89306806 8.58539417 1.29753286],waiting,[-0.82138112 -0.19970136 -0.21083176]
363.76547861099243,1001,False,5,3,[ 3.98765841 -3.95948296  4.        ],cruising,[-0.48080528  0.59740651 -0.20557775]
363.76547861099243,1002,False,1,5,[ 2.0384884  -3.19549197  4.00002741],cruising,[ 0.5677905  -0.59831228 -0.99408226]
363.76547861099243,1003,False,4,6,[6.95340981 5.6689845  4.        ],exiting,[ 0.63925976  0.24903542 -0.34837281]
363.76547861099243,1004,False,2,4,[-7.44704256 -1.11913967  1.4838329 ],queued,[-0.62185191  0.08809385  0.93462812]
363.76547861099243,1005,False,4,1,[ 8.05456891 -7.39483541  2.67351478],entering,[ 0.50568378 -0.03156594 -0.11489306]
363.86355233192444,1000,False,0,2,[2.89306806 8.58539417 1.29753286],waiting,[-0.82138112 -0.19970136 -0.21083176]
363.86355233192444,1001,False,5,3,[ 3.80441334 -3.87935028  4.        ],cruising,[-0.48080528  0.59740651 -0.20557775]
363.86355233192444,1002,False,1,5,[ 1.847919   -3.13480174  4.0000233 ],cruising,[ 0.5677905  -0.59831228 -0.99408226]
363.86355233192444,1003,False,4,6,[6.98846497 5.76263884 4.        ],exiting,[ 0.63925976  0.24903542 -0.34837281]
363.86355233192444,1004,False,2,4,[-7.44704256 -1.11913967  1.5588329 ],queued,[-0.62185191  0.08809385  0.93462812]
363.86355233192444,1005,False,4,1,[ 8.00868905 -7.32929887  2.74851478],entering,[ 0.50568378 -0.03156594 -0.11489306]
363.9672648906708,1000,False,0,2,[2.89306806 8.58539417 1.29753286],waiting,[-0.82138112 -0.19970136 -0.21083176]
363.9672648906708,1001,False,5,3,[ 3.62056945 -3.80060116  4.        ],cruising,[-0.48080528  0.59740651 -0.20557775]
363.9672648906708,1002,False,1,5,[ 1.65588817 -3.07890755  4.00001981],cruising,[ 0.5677905  -0.59831228 -0.99408226]
363.9672648906708,1003,False,4,6,[7.02352014 5.85629318 4.        ],exiting,[ 0.63925976  0.24903542 -0.34837281]
363.9672648906708,1004,False,2,4,[-7.44704256 -1.11913967  1.6338329 ],queued,[-0.62185191  0.08809385  0.93462812]
363.9672648906708,1005,False,4,1,[ 7.95133923 -7.24737819  2.82351478],entering,[ 0.50568378 -0.03156594 -0.11489306]
364.0693483352661,1000,False,0,2,[2.89306806 8.58539417 1.29753286],waiting,[-0.82138112 -0.19970136 -0.21083176]
364.0693483352661,1001,False,5,3,[ 3.43600652 -3.72355233  4.        ],cruising,[-0.48080528  0.59740651 -0.20557775]
364.0693483352661,1002,False,1,5,[ 1.46220373 -3.02904435  4.00001684],cruising,[ 0.5677905  -0.59831228 -0.99408226]
364.0693483352661,1003,False,4,6,[7.0585753  5.94994752 4.        ],exiting,[ 0.63925976  0.24903542 -0.34837281]
364.0693483352661,1004,False,2,4,[-7.44704256 -1.11913967  1.7088329 ],queued,[-0.62185191  0.08809385  0.93462812]
364.0693483352661,1005,False,4,1,[ 7.88251944 -7.14907337  2.89851478],entering,[ 0.50568378 -0.03156594 -0.11489306]
364.1620283126831,1000,False,0,2,[2.89306806 8.58539417 1.29753286],waiting,[-0.82138112 -0.19970136 -0.21083176]
364.1620283126831,1001,False,5,3,[ 3.25094349 -3.64771251  4.        ],cruising,[-0.48080528  0.59740651 -0.20557775]
364.1620283126831,1002,False,1,5,[ 1.26669315 -2.98690631  4.00001431],cruising,[ 0.5677905  -0.59831228 -0.99408226]
364.1620283126831,1003,False,4,6,[7.09363046 6.04360186 4.        ],exiting,[ 0.63925976  0.24903542 -0.34837281]
364.1620283126831,1004,False,2,4,[-7.44704256 -1.11913967  1.7838329 ],queued,[-0.62185191  0.08809385  0.93462812]
364.1620283126831,1005,False,4,1,[ 7.80230808 -7.03432982  2.97351478],entering,[ 0.50568378 -0.03156594 -0.11489306]
364.26022601127625,1000,False,0,2,[2.89306806 8.58539417 1.29753286],waiting,[-0.82138112 -0.19970136 -0.21083176]
364.26022601127625,1001,False,5,3,[ 3.06534486 -3.57319307  4.        ],cruising,[-0.48080528  0.59740651 -0.20557775]
364.26022601127625,1002,False,1,5,[ 1.0692763  -2.95486593  4.00001216],cruising,[ 0.5677905  -0.59831228 -0.99408226]
364.26022601127625,1003,False,4,6,[7.12868562 6.13725621 4.        ],exiting,[ 0.63925976  0.24903542 -0.34837281]
364.26022601127625,1004,False,2,4,[-7.44704256 -1.11913967  1.8588329 ],queued,[-0.62185191  0.08809385  0.93462812]
364.26022601127625,1005,False,4,1,[ 7.70990728 -6.90373012  3.04851478],entering,[ 0.50568378 -0.03156594 -0.11489306]
364.3711748123169,1000,False,0,2,[2.89306806 8.58539417 1.29753286],waiting,[-0.82138112 -0.19970136 -0.21083176]
364.3711748123169,1001,False,5,3,[ 2.87918997 -3.50007429  4.        ],cruising,[-0.48080528  0.59740651 -0.20557775]
364.3711748123169,1002,False,1,5,[ 0.86968588 -2.94270708  4.00001033],cruising,[ 0.5677905  -0.59831228 -0.99408226]
364.3711748123169,1003,False,4,6,[7.16374078 6.23091055 4.        ],exiting,[ 0.63925976  0.24903542 -0.34837281]
364.3711748123169,1004,False,2,4,[-7.44704256 -1.11913967  1.9338329 ],queued,[-0.62185191  0.08809385  0.93462812]
364.3711748123169,1005,False,4,1,[ 7.60462736 -6.75782916  3.12351478],entering,[ 0.50568378 -0.03156594 -0.11489306]
364.4613678455353,1000,False,0,2,[2.89306806 8.58539417 1.29753286],waiting,[-0.82138112 -0.19970136 -0.21083176]
364.4613678455353,1001,False,5,3,[ 2.69237102 -3.42866926  4.        ],cruising,[-0.48080528  0.59740651 -0.20557775]
364.4613678455353,1002,False,1,5,[ 0.66968724 -2.94197025  4.00000878],cruising,[ 0.5677905  -0.59831228 -0.99408226]
364.4613678455353,1003,False,4,6,[7.19879594 6.32456489 4.        ],exiting,[ 0.63925976  0.24903542 -0.34837281]
364.4613678455353,1004,False,2,4,[-7.44704256 -1.11913967  2.0088329 ],queued,[-0.62185191  0.08809385  0.93462812]
364.4613678455353,1005,False,4,1,[ 7.48638748 -6.59669536  3.19851478],entering,[ 0.50568378 -0.03156594 -0.11489306]
364.5688593387604,1000,False,0,2,[2.89306806 8.58539417 1.29753286],queued,[-0.82138112 -0.19970136 -0.21083176]
364.5688593387604,1001,False,5,3,[ 2.50504645 -3.35860138  4.        ],cruising,[-0.48080528  0.59740651 -0.20557775]
364.5688593387604,1002,False,1,5,[ 0.4702411  -2.95684441  4.00000746],cruising,[ 0.5677905  -0.59831228 -0.99408226]
364.5688593387604,1003,False,4,6,[7.2338511  6.41821923 4.        ],exiting,[ 0.63925976  0.24903542 -0.34837281]
364.5688593387604,1004,False,2,4,[-7.44704256 -1.11913967  2.0838329 ],queued,[-0.62185191  0.08809385  0.93462812]
364.5688593387604,1005,False,4,1,[ 7.36772305 -6.43570234  3.27351478],entering,[ 0.50568378 -0.03156594 -0.11489306]
364.66755962371826,1000,False,0,2,[2.89306806 8.58539417 1.31753286],queued,[-0.82138112 -0.19970136 -0.21083176]
364.66755962371826,1001,False,5,3,[ 2.31684733 -3.29091763  4.        ],cruising,[-0.48080528  0.59740651 -0.20557775]
364.66755962371826,1002,False,1,5,[ 0.27247199 -2.98663332  4.00000634],cruising,[ 0.5677905  -0.59831228 -0.99408226]
364.66755962371826,1003,False,4,6,[7.26890627 6.51187357 4.        ],exiting,[ 0.63925976  0.24903542 -0.34837281]
364.66755962371826,1004,False,2,4,[-7.44704256 -1.11913967  2.1588329 ],entering,[-0.62185191  0.08809385  0.93462812]
364.66755962371826,1005,False,4,1,[ 7.24537209 -6.27749285  3.34851478],entering,[ 0.50568378 -0.03156594 -0.11489306]
364.7644820213318,1000,False,0,2,[2.89306806 8.58539417 1.35753286],queued,[-0.82138112 -0.19970136 -0.21083176]
364.7644820213318,1001,False,5,3,[ 2.12807265 -3.22485614  4.        ],cruising,[-0.48080528  0.59740651 -0.20557775]
364.7644820213318,1002,False,1,5,[ 0.0783249  -3.03466358  4.00000539],cruising,[ 0.5677905  -0.59831228 -0.99408226]
364.7644820213318,1003,False,4,6,[7.30396143 6.60552791 4.        ],exiting,[ 0.63925976  0.24903542 -0.34837281]
364.7644820213318,1004,False,2,4,[-7.43396563 -1.10400713  2.2338329 ],entering,[-0.62185191  0.08809385  0.93462812]
364.7644820213318,1005,False,4,1,[ 7.12415258 -6.11841478  3.42351478],entering,[ 0.50568378 -0.03156594 -0.11489306]
364.86326456069946,1000,False,0,2,[2.89306806 8.58539417 1.41753286],queued,[-0.82138112 -0.19970136 -0.21083176]
364.86326456069946,1001,False,5,3,[ 1.938115   -3.16227745  4.        ],cruising,[-0.48080528  0.59740651 -0.20557775]
364.86326456069946,1002,False,1,5,[-0.11259206 -3.09425144  4.00000458],cruising,[ 0.5677905  -0.59831228 -0.99408226]
364.86326456069946,1003,False,4,6,[7.33901659 6.69918225 4.        ],exiting,[ 0.63925976  0.24903542 -0.34837281]
364.86326456069946,1004,False,2,4,[-7.40782672 -1.07372913  2.3088329 ],entering,[-0.62185191  0.08809385  0.93462812]
364.86326456069946,1005,False,4,1,[ 6.9973177  -5.96377678  3.49851478],entering,[ 0.50568378 -0.03156594 -0.11489306]
364.96646904945374,1000,False,0,2,[2.89306806 8.58539417 1.49253286],queued,[-0.82138112 -0.19970136 -0.21083176]
364.96646904945374,1001,False,5,3,[ 1.74679579 -3.10399401  4.        ],cruising,[-0.48080528  0.59740651 -0.20557775]
364.96646904945374,1002,False,1,5,[-0.29999249 -3.16411615  4.00000389],cruising,[ 0.5677905  -0.59831228 -0.99408226]
364.96646904945374,1003,False,4,6,[7.37407175 6.7928366  4.        ],exiting,[ 0.63925976  0.24903542 -0.34837281]
364.96646904945374,1004,False,2,4,[-7.3686589  -1.02827723  2.3838329 ],entering,[-0.62185191  0.08809385  0.93462812]
364.96646904945374,1005,False,4,1,[ 6.86956453 -5.80989654  3.57351478],entering,[ 0.50568378 -0.03156594 -0.11489306]
365.0578045845032,1000,False,0,2,[2.89306806 8.58539417 1.56753286],queued,[-0.82138112 -0.19970136 -0.21083176]
365.0578045845032,1001,False,5,3,[ 1.55392315 -3.05107763  4.        ],cruising,[-0.48080528  0.59740651 -0.20557775]
365.0578045845032,1002,False,1,5,[-0.48281977 -3.24519751  4.00000331],cruising,[ 0.5677905  -0.59831228 -0.99408226]
365.0578045845032,1003,False,4,6,[7.40912691 6.88649094 4.        ],exiting,[ 0.63925976  0.24903542 -0.34837281]
365.0578045845032,1004,False,2,4,[-7.31652536 -0.96759739  2.4588329 ],entering,[-0.62185191  0.08809385  0.93462812]
365.0578045845032,1005,False,4,1,[ 6.74023097 -5.65734219  3.63748756],entering,[ 0.50568378 -0.03156594 -0.11489306]
365.15986132621765,1000,False,0,2,[2.89306806 8.58539417 1.64253286],queued,[-0.82138112 -0.19970136 -0.21083176]
365.15986132621765,1001,False,5,3,[ 1.35930828 -3.00497931  4.        ],cruising,[-0.48080528  0.59740651 -0.20557775]
365.15986132621765,1002,False,1,5,[-0.66225446 -3.3335332   4.00000281],cruising,[ 0.5677905  -0.59831228 -0.99408226]
365.15986132621765,1003,False,4,6,[7.44418207 6.98014528 4.        ],exiting,[ 0.63925976  0.24903542 -0.34837281]
365.15986132621765,1004,False,2,4,[-7.25154994 -0.89158503  2.5338329 ],entering,[-0.62185191  0.08809385  0.93462812]
365.15986132621765,1005,False,4,1,[ 6.60361156 -5.51127666  3.69186443],entering,[ 0.50568378 -0.03156594 -0.11489306]
365.2633693218231,1000,False,0,2,[2.89306806 8.58539417 1.71753286],queued,[-0.82138112 -0.19970136 -0.21083176]
365.2633693218231,1001,False,5,3,[ 1.16281179 -2.96770829  4.        ],cruising,[-0.48080528  0.59740651 -0.20557775]
365.2633693218231,1002,False,1,5,[-0.84012403 -3.42497944  4.00000239],cruising,[ 0.5677905  -0.59831228 -0.99408226]
365.2633693218231,1003,False,4,6,[7.47923723 7.07379962 4.        ],exiting,[ 0.63925976  0.24903542 -0.34837281]
365.2633693218231,1004,False,2,4,[-7.17405092 -0.79997909  2.6088329 ],entering,[-0.62185191  0.08809385  0.93462812]
365.2633693218231,1005,False,4,1,[ 6.46227482 -5.36977075  3.73808476],entering,[ 0.50568378 -0.03156594 -0.11489306]
365.3638663291931,1000,False,0,2,[2.89306806 8.58539417 1.79253286],queued,[-0.82138112 -0.19970136 -0.21083176]
365.3638663291931,1001,False,5,3,[ 0.9637248  -2.94861983  4.        ],cruising,[-0.48080528  0.59740651 -0.20557775]
365.3638663291931,1002,False,1,5,[-1.01879976 -3.51484036  4.00000203],cruising,[ 0.5677905  -0.59831228 -0.99408226]
365.3638663291931,1003,False,4,6,[7.51429239 7.16745396 4.        ],exiting,[ 0.63925976  0.24903542 -0.34837281]
365.3638663291931,1004,False,2,4,[-7.08435325 -0.69252409  2.6838329 ],entering,[-0.62185191  0.08809385  0.93462812]
365.3638663291931,1005,False,4,1,[ 6.31625959 -5.23309759  3.77737205],entering,[ 0.50568378 -0.03156594 -0.11489306]
365.47165298461914,1000,False,0,2,[2.89306806 8.58539417 1.86753286],queued,[-0.82138112 -0.19970136 -0.21083176]
365.47165298461914,1001,False,5,3,[ 0.7638218  -2.94239151  4.        ],cruising,[-0.48080528  0.59740651 -0.20557775]
365.47165298461914,1002,False,1,5,[-1.20214382 -3.59474627  4.00000173],cruising,[ 0.5677905  -0.59831228 -0.99408226]
365.47165298461914,1003,False,4,6,[7.54934756 7.2611083  4.        ],exiting,[ 0.63925976  0.24903542 -0.34837281]
365.47165298461914,1004,False,2,4,[-6.98300727 -0.56881127  2.7588329 ],entering,[-0.62185191  0.08809385  0.93462812]
365.47165298461914,1005,False,4,1,[ 6.16637216 -5.10068249  3.81076624],entering,[ 0.50568378 -0.03156594 -0.11489306]
365.5653290748596,1000,False,0,2,[2.89306806 8.58539417 1.94253286],queued,[-0.82138112 -0.19970136 -0.21083176]
365.5653290748596,1001,False,5,3,[ 0.56403316 -2.95158375  4.        ],cruising,[-0.48080528  0.59740651 -0.20557775]
365.5653290748596,1002,False,1,5,[-1.39238815 -3.65588023  4.00000146],cruising,[ 0.5677905  -0.59831228 -0.99408226]
365.5653290748596,1003,False,4,6,[7.58440272 7.35476264 4.        ],exiting,[ 0.63925976  0.24903542 -0.34837281]
365.5653290748596,1004,False,2,4,[-6.87119105 -0.42805808  2.8338329 ],entering,[-0.62185191  0.08809385  0.93462812]
365.5653290748596,1005,False,4,1,[ 6.00940176 -4.97674583  3.83915131],entering,[ 0.50568378 -0.03156594 -0.11489306]
365.6607880592346,1000,False,0,2,[2.89306806 8.58539417 2.01753286],queued,[-0.82138112 -0.19970136 -0.21083176]
365.6607880592346,1001,False,5,3,[ 0.36548675 -2.97565285  4.        ],cruising,[-0.48080528  0.59740651 -0.20557775]
365.6607880592346,1002,False,1,5,[-1.586387   -3.69736976  4.00000121],cruising,[ 0.5677905  -0.59831228 -0.99408226]
365.6607880592346,1003,False,4,6,[7.61945788 7.44841699 4.        ],exiting,[ 0.63925976  0.24903542 -0.34837281]
365.6607880592346,1004,False,2,4,[-6.75156253 -0.26889381  2.9088329 ],entering,[-0.62185191  0.08809385  0.93462812]
365.6607880592346,1005,False,4,1,[ 5.84859956 -4.85782295  3.86327861],cruising,[ 0.50568378 -0.03156594 -0.11489306]
365.76213335990906,1000,False,0,2,[2.89306806 8.58539417 2.09253286],queued,[-0.82138112 -0.19970136 -0.21083176]
365.76213335990906,1001,False,5,3,[ 0.16916778 -3.01384795  4.        ],cruising,[-0.48080528  0.59740651 -0.20557775]
365.76213335990906,1002,False,1,5,[-1.78103397 -3.71886979  4.00000098],cruising,[ 0.5677905  -0.59831228 -0.99408226]
365.76213335990906,1003,False,4,6,[7.65451304 7.54207133 4.        ],exiting,[ 0.63925976  0.24903542 -0.34837281]
365.76213335990906,1004,False,2,4,[-6.63484812 -0.10648154  2.9838329 ],entering,[-0.62185191  0.08809385  0.93462812]
365.76213335990906,1005,False,4,1,[ 5.68129796 -4.748232    3.88378682],cruising,[ 0.50568378 -0.03156594 -0.11489306]
365.86439847946167,1000,False,0,2,[2.89306806 8.58539417 2.16753286],queued,[-0.82138112 -0.19970136 -0.21083176]
365.86439847946167,1001,False,5,3,[-0.02414026 -3.06515098  4.        ],exiting,[-0.48080528  0.59740651 -0.20557775]
365.86439847946167,1002,False,1,5,[-1.97333475 -3.72050792  4.00000076],cruising,[ 0.5677905  -0.59831228 -0.99408226]
365.86439847946167,1003,False,4,6,[7.6895682  7.63572567 4.        ],exiting,[ 0.63925976  0.24903542 -0.34837281]
365.86439847946167,1004,False,2,4,[-6.5216759   0.05841858  3.0588329 ],entering,[-0.62185191  0.08809385  0.93462812]
365.86439847946167,1005,False,4,1,[ 5.51061482 -4.64398584  3.9012188 ],cruising,[ 0.50568378 -0.03156594 -0.11489306]
365.97025084495544,1000,False,0,2,[2.89306806 8.58539417 2.24253286],queued,[-0.82138112 -0.19970136 -0.21083176]
365.97025084495544,1001,False,5,3,[-0.19808095 -3.1214446   4.        ],exiting,[-0.48080528  0.59740651 -0.20557775]
365.97025084495544,1002,False,1,5,[-2.16039801 -3.70284401  4.00000056],cruising,[ 0.5677905  -0.59831228 -0.99408226]
365.97025084495544,1003,False,4,6,[7.72462336 7.72938001 4.        ],exiting,[ 0.63925976  0.24903542 -0.34837281]
365.97025084495544,1004,False,2,4,[-6.41266333  0.22609762  3.1338329 ],entering,[-0.62185191  0.08809385  0.93462812]
365.97025084495544,1005,False,4,1,[ 5.33535697 -4.54762875  3.91603598],cruising,[ 0.50568378 -0.03156594 -0.11489306]
366.0667726993561,1000,False,0,2,[2.89306806 8.58539417 2.31753286],queued,[-0.82138112 -0.19970136 -0.21083176]
366.0667726993561,1001,False,5,3,[-0.35263754 -3.18266331  4.        ],exiting,[-0.48080528  0.59740651 -0.20557775]
366.0667726993561,1002,False,1,5,[-2.3398995  -3.66666471  4.00000037],cruising,[ 0.5677905  -0.59831228 -0.99408226]
366.0667726993561,1003,False,4,6,[7.75967852 7.82303435 4.        ],exiting,[ 0.63925976  0.24903542 -0.34837281]
366.0667726993561,1004,False,2,4,[-6.30835094  0.3967403   3.2088329 ],entering,[-0.62185191  0.08809385  0.93462812]
366.0667726993561,1005,False,4,1,[ 5.15801665 -4.45516033  3.92863058],cruising,[ 0.50568378 -0.03156594 -0.11489306]
366.167982339859,1000,False,0,2,[2.89306806 8.58539417 2.39253286],entering,[-0.82138112 -0.19970136 -0.21083176]
366.167982339859,1001,False,5,3,[-0.48779    -3.24872758  4.        ],exiting,[-0.48080528  0.59740651 -0.20557775]
366.167982339859,1002,False,1,5,[-2.50964681 -3.61302529  4.00000019],cruising,[ 0.5677905  -0.59831228 -0.99408226]
366.167982339859,1003,False,4,6,[7.79473368 7.91668869 4.        ],exiting,[ 0.63925976  0.24903542 -0.34837281]
366.167982339859,1004,False,2,4,[-6.20944409  0.57057193  3.2838329 ],entering,[-0.62185191  0.08809385  0.93462812]
366.167982339859,1005,False,4,1,[ 4.9778799  -4.36826526  3.93933599],cruising,[ 0.50568378 -0.03156594 -0.11489306]
366.26391768455505,1000,False,0,2,[2.88945481 8.56572327 2.46753286],entering,[-0.82138112 -0.19970136 -0.21083176]
366.26391768455505,1001,False,5,3,[-0.60351405 -3.31953919  4.        ],exiting,[-0.48080528  0.59740651 -0.20557775]
366.26391768455505,1002,False,1,5,[-2.66764333 -3.54320197  4.00000003],cruising,[ 0.5677905  -0.59831228 -0.99408226]
366.26391768455505,1003,False,4,6,[7.82978885 8.01034303 4.        ],exiting,[ 0.63925976  0.24903542 -0.34837281]
366.26391768455505,1004,False,2,4,[-6.11677802  0.74780906  3.3588329 ],entering,[-0.62185191  0.08809385  0.93462812]
366.26391768455505,1005,False,4,1,[ 4.79669228 -4.28358323  3.94843559],cruising,[ 0.50568378 -0.03156594 -0.11489306]
366.3706085681915,1000,False,0,2,[2.88225283 8.52637697 2.54253286],entering,[-0.82138112 -0.19970136 -0.21083176]
366.3706085681915,1001,False,5,3,[-0.69977894 -3.39497042  4.        ],exiting,[-0.48080528  0.59740651 -0.20557775]
366.3706085681915,1002,False,1,5,[-2.81220857 -3.45855971  3.99999989],cruising,[ 0.5677905  -0.59831228 -0.99408226]
366.3706085681915,1003,False,4,6,[7.86484401 8.10399738 4.        ],exiting,[ 0.63925976  0.24903542 -0.34837281]
366.3706085681915,1004,False,2,4,[-6.03132455  0.92863412  3.4338329 ],entering,[-0.62185191  0.08809385  0.93462812]
366.3706085681915,1005,False,4,1,[ 4.61387651 -4.20247593  3.95617025],cruising,[ 0.50568378 -0.03156594 -0.11489306]
366.4611439704895,1000,False,0,2,[2.87170833 8.46731197 2.61753286],entering,[-0.82138112 -0.19970136 -0.21083176]
366.4611439704895,1001,False,5,3,[-0.77654051 -3.47483118  4.        ],exiting,[-0.48080528  0.59740651 -0.20557775]
366.4611439704895,1002,False,1,5,[-2.94188595 -3.36056261  3.99999976],cruising,[ 0.5677905  -0.59831228 -0.99408226]
366.4611439704895,1003,False,4,6,[7.89989917 8.19765172 4.        ],exiting,[ 0.63925976  0.24903542 -0.34837281]
366.4611439704895,1004,False,2,4,[-5.95424247  1.11318317  3.5088329 ],entering,[-0.62185191  0.08809385  0.93462812]
366.4611439704895,1005,False,4,1,[ 4.43059641 -4.12242341  3.96274472],cruising,[ 0.50568378 -0.03156594 -0.11489306]
366.5633385181427,1000,False,0,2,[2.8579975  8.3884992  2.69253286],entering,[-0.82138112 -0.19970136 -0.21083176]
366.5633385181427,1001,False,5,3,[-0.83376925 -3.55898944  4.        ],exiting,[-0.48080528  0.59740651 -0.20557775]
366.5633385181427,1002,False,1,5,[-3.05537142 -3.25082576  3.99999964],cruising,[ 0.5677905  -0.59831228 -0.99408226]
366.5633385181427,1003,False,4,6,[7.93495433 8.29130606 4.        ],exiting,[ 0.63925976  0.24903542 -0.34837281]
366.5633385181427,1004,False,2,4,[-5.88688296  1.30149859  3.58250797],entering,[-0.62185191  0.08809385  0.93462812]
366.5633385181427,1005,False,4,1,[ 4.24686071 -4.04342219  3.96833301],cruising,[ 0.50568378 -0.03156594 -0.11489306]
366.6580364704132,1000,False,0,2,[2.8413585  8.28990194 2.76753286],entering,[-0.82138112 -0.19970136 -0.21083176]
366.6580364704132,1001,False,5,3,[-0.87143532 -3.6473072   4.        ],exiting,[-0.48080528  0.59740651 -0.20557775]
366.6580364704132,1002,False,1,5,[-3.15156315 -3.13104268  3.99999955],cruising,[ 0.5677905  -0.59831228 -0.99408226]
366.6580364704132,1003,False,4,6,[7.97000949 8.3849604  4.        ],exiting,[ 0.63925976  0.24903542 -0.34837281]
366.6580364704132,1004,False,2,4,[-5.83076422  1.49346392  3.64513177],entering,[-0.62185191  0.08809385  0.93462812]
366.6580364704132,1005,False,4,1,[ 4.06232688 -3.96630369  3.97308306],cruising,[ 0.50568378 -0.03156594 -0.11489306]
366.76256012916565,1000,False,0,2,[2.82271801 8.17140508 2.84253286],entering,[-0.82138112 -0.19970136 -0.21083176]
366.76256012916565,1001,False,5,3,[-0.88950887 -3.73964165  4.        ],exiting,[-0.48080528  0.59740651 -0.20557775]
366.76256012916565,1002,False,1,5,[-3.22983954 -3.00236911  3.99999948],cruising,[ 0.5677905  -0.59831228 -0.99408226]
366.76256012916565,1003,False,4,6,[8.00506465 8.47861474 4.        ],exiting,[ 0.63925976  0.24903542 -0.34837281]
366.76256012916565,1004,False,2,4,[-5.78749124  1.68872643  3.69836201],entering,[-0.62185191  0.08809385  0.93462812]
366.76256012916565,1005,False,4,1,[ 3.87755071 -3.88976764  3.9771206 ],cruising,[ 0.50568378 -0.03156594 -0.11489306]
366.8588309288025,1000,False,0,2,[2.80325443 8.03292517 2.91753286],entering,[-0.82138112 -0.19970136 -0.21083176]
366.8588309288025,1001,False,5,3,[-0.88796043 -3.83584615  4.        ],exiting,[-0.48080528  0.59740651 -0.20557775]
366.8588309288025,1002,False,1,5,[-3.28983346 -2.86558684  3.99999942],cruising,[ 0.5677905  -0.59831228 -0.99408226]
366.8588309288025,1003,False,4,6,[8.04011981 8.57226908 4.        ],exiting,[ 0.63925976  0.24903542 -0.34837281]
366.8588309288025,1004,False,2,4,[-5.75859682  1.88662821  3.74360771],entering,[-0.62185191  0.08809385  0.93462812]
366.8588309288025,1005,False,4,1,[ 3.69227034 -3.81446037  3.98055251],cruising,[ 0.50568378 -0.03156594 -0.11489306]
366.96325850486755,1000,False,0,2,[2.78474669 7.87446811 2.99253286],entering,[-0.82138112 -0.19970136 -0.21083176]
366.96325850486755,1001,False,5,3,[-0.87261886 -3.93466232  4.        ],exiting,[-0.48080528  0.59740651 -0.20557775]
366.96325850486755,1002,False,1,5,[-3.33137039 -2.72110134  3.99999939],cruising,[ 0.5677905  -0.59831228 -0.99408226]
366.96325850486755,1003,False,4,6,[8.07517497 8.66592342 4.        ],exiting,[ 0.63925976  0.24903542 -0.34837281]
366.96325850486755,1004,False,2,4,[-5.74529862  2.08618561  3.78206655],entering,[-0.62185191  0.08809385  0.93462812]
366.96325850486755,1005,False,4,1,[ 3.50677883 -3.73967467  3.98346963],cruising,[ 0.50568378 -0.03156594 -0.11489306]
367.0600543022156,1000,False,0,2,[2.7687898  7.69617439 3.06753286],entering,[-0.82138112 -0.19970136 -0.21083176]
367.0600543022156,1001,False,5,3,[-0.85727728 -4.03347849  4.        ],exiting,[-0.48080528  0.59740651 -0.20557775]
367.0600543022156,1002,False,1,5,[-3.35437717 -2.56909033  3.99999938],cruising,[ 0.5677905  -0.59831228 -0.99408226]
367.0600543022156,1003,False,4,6,[8.11023014 8.75957777 4.        ],exiting,[ 0.63925976  0.24903542 -0.34837281]
367.0600543022156,1004,False,2,4,[-5.74735954  2.286175    3.81475657],entering,[-0.62185191  0.08809385  0.93462812]
367.0600543022156,1005,False,4,1,[ 3.32091491 -3.66581938  3.98594919],cruising,[ 0.50568378 -0.03156594 -0.11489306]
367.1607291698456,1000,False,0,2,[2.7629658  7.50063757 3.14253286],entering,[-0.82138112 -0.19970136 -0.21083176]
367.1607291698456,1001,False,5,3,[-0.8419357  -4.13229467  4.        ],exiting,[-0.48080528  0.59740651 -0.20557775]
367.1607291698456,1002,False,1,5,[-3.35885734 -2.40954508  3.99999939],cruising,[ 0.5677905  -0.59831228 -0.99408226]
367.1607291698456,1003,False,4,6,[8.1452853  8.85323211 4.        ],exiting,[ 0.63925976  0.24903542 -0.34837281]
367.1607291698456,1004,False,2,4,[-5.76541448  2.48535838  3.84254308],cruising,[-0.62185191  0.08809385  0.93462812]
367.1607291698456,1005,False,4,1,[ 3.13475308 -3.59271828  3.98805681],cruising,[ 0.50568378 -0.03156594 -0.11489306]
367.25840282440186,1000,False,0,2,[2.76793533 7.30069932 3.21753286],entering,[-0.82138112 -0.19970136 -0.21083176]
367.25840282440186,1001,False,5,3,[-0.82659412 -4.23111084  4.        ],exiting,[-0.48080528  0.59740651 -0.20557775]
367.25840282440186,1002,False,1,5,[-3.34513504 -2.24171309  3.99999942],cruising,[ 0.5677905  -0.59831228 -0.99408226]
367.25840282440186,1003,False,4,6,[8.18034046 8.94688645 4.        ],exiting,[ 0.63925976  0.24903542 -0.34837281]
367.25840282440186,1004,False,2,4,[-5.79724993  2.68280838  3.86616162],cruising,[-0.62185191  0.08809385  0.93462812]
367.25840282440186,1005,False,4,1,[ 2.94824798 -3.52049744  3.98984829],cruising,[ 0.50568378 -0.03156594 -0.11489306]
367.3697168827057,1000,False,0,2,[2.78648985 7.10156185 3.29253286],entering,[-0.82138112 -0.19970136 -0.21083176]
367.3697168827057,1001,False,5,3,[-0.81125255 -4.32992701  4.        ],exiting,[-0.48080528  0.59740651 -0.20557775]
367.3697168827057,1002,False,1,5,[-3.31425364 -2.06360661  3.99999948],cruising,[ 0.5677905  -0.59831228 -0.99408226]
367.3697168827057,1003,False,4,6,[8.21539562 9.04054079 4.        ],exiting,[ 0.63925976  0.24903542 -0.34837281]
367.3697168827057,1004,False,2,4,[-5.84228761  2.87767143  3.88623738],cruising,[-0.62185191  0.08809385  0.93462812]
367.3697168827057,1005,False,4,1,[ 2.7612712  -3.44950672  3.99137105],cruising,[ 0.50568378 -0.03156594 -0.11489306]
367.46002769470215,1000,False,0,2,[2.82190253 6.90472196 3.36753286],entering,[-0.82138112 -0.19970136 -0.21083176]
367.46002769470215,1001,False,5,3,[-0.79591097 -4.42874318  4.        ],exiting,[-0.48080528  0.59740651 -0.20557775]
367.46002769470215,1002,False,1,5,[-3.27175423 -1.86922063  3.99999955],cruising,[ 0.5677905  -0.59831228 -0.99408226]
367.46002769470215,1003,False,4,6,[8.25045078 9.13419513 4.        ],landing,[ 0.63925976  0.24903542 -0.34837281]
367.46002769470215,1004,False,2,4,[-5.89682908  3.07009083  3.90330177],cruising,[-0.62185191  0.08809385  0.93462812]
367.46002769470215,1005,False,4,1,[ 2.57367767 -3.38016215  3.99266539],cruising,[ 0.50568378 -0.03156594 -0.11489306]
367.5628490447998,1000,False,0,2,[2.86924519 6.71040605 3.44253286],entering,[-0.82138112 -0.19970136 -0.21083176]
367.5628490447998,1001,False,5,3,[-0.78056939 -4.52755936  4.        ],exiting,[-0.48080528  0.59740651 -0.20557775]
367.5628490447998,1002,False,1,5,[-3.24491515 -1.67102965  3.99999962],cruising,[ 0.5677905  -0.59831228 -0.99408226]
367.5628490447998,1003,False,4,6,[8.28368625 9.21374354 3.98593901],landing,[ 0.63925976  0.24903542 -0.34837281]
367.5628490447998,1004,False,2,4,[-5.95843653  3.26036569  3.9178065 ],cruising,[-0.62185191  0.08809385  0.93462812]
367.5628490447998,1005,False,4,1,[ 2.38564228 -3.31202484  3.99376558],cruising,[ 0.50568378 -0.03156594 -0.11489306]
367.6670801639557,1000,False,0,2,[2.93275572 6.52075793 3.51753286],entering,[-0.82138112 -0.19970136 -0.21083176]
367.6670801639557,1001,False,5,3,[-0.76522782 -4.62637553  4.        ],exiting,[-0.48080528  0.59740651 -0.20557775]
367.6670801639557,1002,False,1,5,[-3.23450896 -1.47130055  3.99999968],cruising,[ 0.5677905  -0.59831228 -0.99408226]
367.6670801639557,1003,False,4,6,[8.31500647 9.2790379  3.95798004],landing,[ 0.63925976  0.24903542 -0.34837281]
367.6670801639557,1004,False,2,4,[-6.02472264  3.44906162  3.93013553],cruising,[-0.62185191  0.08809385  0.93462812]
367.6670801639557,1005,False,4,1,[ 2.19670797 -3.24642131  3.99470074],cruising,[ 0.50568378 -0.03156594 -0.11489306]
367.76324105262756,1000,False,0,2,[3.00896299 6.33584591 3.58990293],entering,[-0.82138112 -0.19970136 -0.21083176]
367.76324105262756,1001,False,5,3,[-0.74988624 -4.7251917   4.        ],exiting,[-0.48080528  0.59740651 -0.20557775]
367.76324105262756,1002,False,1,5,[-3.23995618 -1.27137475  3.99999973],cruising,[ 0.5677905  -0.59831228 -0.99408226]
367.76324105262756,1003,False,4,6,[8.34429806 9.32990456 3.91631975],landing,[ 0.63925976  0.24903542 -0.34837281]
367.76324105262756,1004,False,2,4,[-6.09341583  3.63689464  3.9406152 ],cruising,[-0.62185191  0.08809385  0.93462812]
367.76324105262756,1005,False,4,1,[ 2.0067005  -3.18399404  3.99549563],cruising,[ 0.50568378 -0.03156594 -0.11489306]
367.8589713573456,1000,False,0,2,[3.10061665 6.15811218 3.65179059],entering,[-0.82138112 -0.19970136 -0.21083176]
367.8589713573456,1001,False,5,3,[-0.73454466 -4.82400788  4.        ],exiting,[-0.48080528  0.59740651 -0.20557775]
367.8589713573456,1002,False,1,5,[-3.25923573 -1.07230617  3.99999977],cruising,[ 0.5677905  -0.59831228 -0.99408226]
367.8589713573456,1003,False,4,6,[8.37140437 9.36610749 3.86123562],landing,[ 0.63925976  0.24903542 -0.34837281]
367.8589713573456,1004,False,2,4,[-6.16234348  3.82464176  3.94952292],cruising,[-0.62185191  0.08809385  0.93462812]
367.8589713573456,1005,False,4,1,[ 1.81604259 -3.12358244  3.99617129],cruising,[ 0.50568378 -0.03156594 -0.11489306]
367.9631724357605,1000,False,0,2,[3.20643169 5.98839719 3.704022  ],entering,[-0.82138112 -0.19970136 -0.21083176]
367.9631724357605,1001,False,5,3,[-0.71920308 -4.92282405  4.        ],exiting,[-0.48080528  0.59740651 -0.20557775]
367.9631724357605,1002,False,1,5,[-3.29208161 -0.87502173  3.9999998 ],cruising,[ 0.5677905  -0.59831228 -0.99408226]
367.9631724357605,1003,False,4,6,[8.39619336 9.38745119 3.79296691],landing,[ 0.63925976  0.24903542 -0.34837281]
367.9631724357605,1004,False,2,4,[-6.22936067  4.01307927  3.95709448],cruising,[-0.62185191  0.08809385  0.93462812]
367.9631724357605,1005,False,4,1,[ 1.62390355 -3.06806139  3.99674559],cruising,[ 0.50568378 -0.03156594 -0.11489306]
368.0710289478302,1000,False,0,2,[3.32746409 5.82921189 3.74866676],entering,[-0.82138112 -0.19970136 -0.21083176]
368.0710289478302,1001,False,5,3,[-0.70386151 -5.02164022  4.        ],exiting,[-0.48080528  0.59740651 -0.20557775]
368.0710289478302,1002,False,1,5,[-3.3373822  -0.68021964  3.99999983],cruising,[ 0.5677905  -0.59831228 -0.99408226]
368.0710289478302,1003,False,4,6,[8.41854128 9.39375541 3.71174228],landing,[ 0.63925976  0.24903542 -0.34837281]
368.0710289478302,1004,False,2,4,[-6.29224343  4.20293647  3.96353031],cruising,[-0.62185191  0.08809385  0.93462812]
368.0710289478302,1005,False,4,1,[ 1.43009271 -3.01869175  3.99723375],cruising,[ 0.50568378 -0.03156594 -0.11489306]
368.1697030067444,1000,False,0,2,[3.46266857 5.68183567 3.78636674],entering,[-0.82138112 -0.19970136 -0.21083176]
368.1697030067444,1001,False,5,3,[-0.68851993 -5.12045639  4.        ],exiting,[-0.48080528  0.59740651 -0.20557775]
368.1697030067444,1002,False,1,5,[-3.39416145 -0.48844864  3.99999986],cruising,[ 0.5677905  -0.59831228 -0.99408226]
368.1697030067444,1003,False,4,6,[8.43832206 9.38483949 3.61779929],landing,[ 0.63925976  0.24903542 -0.34837281]
368.1697030067444,1004,False,2,4,[-6.34855478  4.39484539  3.96900076],cruising,[-0.62185191  0.08809385  0.93462812]
368.1697030067444,1005,False,4,1,[ 1.23444378 -2.97720088  3.99764869],cruising,[ 0.50568378 -0.03156594 -0.11489306]
368.2648551464081,1000,False,0,2,[3.61138783 5.54817039 3.81864818],entering,[-0.82138112 -0.19970136 -0.21083176]
368.2648551464081,1001,False,5,3,[-0.67317835 -5.21927257  4.        ],exiting,[-0.48080528  0.59740651 -0.20557775]
368.2648551464081,1002,False,1,5,[-3.4597669  -0.29951499  3.99999988],cruising,[ 0.5677905  -0.59831228 -0.99408226]
368.2648551464081,1003,False,4,6,[8.45737803 9.3717831  3.52050386],landing,[ 0.63925976  0.24903542 -0.34837281]
368.2648551464081,1004,False,2,4,[-6.38923186  4.59066514  3.97365065],cruising,[-0.62185191  0.08809385  0.93462812]
368.2648551464081,1005,False,4,1,[ 1.036069   -2.95175591  3.99800139],cruising,[ 0.50568378 -0.03156594 -0.11489306]
368.3672034740448,1000,False,0,2,[3.7723585  5.42948085 3.84586697],cruising,[-0.82138112 -0.19970136 -0.21083176]
368.3672034740448,1001,False,5,3,[-0.65783678 -5.31808874  4.        ],exiting,[-0.48080528  0.59740651 -0.20557775]
368.3672034740448,1002,False,1,5,[-3.53564919 -0.11446937  3.9999999 ],cruising,[ 0.5677905  -0.59831228 -0.99408226]
368.3672034740448,1003,False,4,6,[8.476434   9.3587267  3.42320843],landing,[ 0.63925976  0.24903542 -0.34837281]
368.3672034740448,1004,False,2,4,[-6.41681155  4.78875442  3.97760305],cruising,[-0.62185191  0.08809385  0.93462812]
368.3672034740448,1005,False,4,1,[ 0.83638513 -2.94051524  3.99830118],cruising,[ 0.50568378 -0.03156594 -0.11489306]
368.46486806869507,1000,False,0,2,[3.94382937 5.32653551 3.86898692],cruising,[-0.82138112 -0.19970136 -0.21083176]
368.46486806869507,1001,False,5,3,[-0.6424952  -5.41690491  4.        ],exiting,[-0.48080528  0.59740651 -0.20557775]
368.46486806869507,1002,False,1,5,[-3.62213738  0.06586308  3.99999991],cruising,[ 0.5677905  -0.59831228 -0.99408226]
368.46486806869507,1003,False,4,6,[8.49548997 9.3456703  3.32591301],landing,[ 0.63925976  0.24903542 -0.34837281]
368.46486806869507,1004,False,2,4,[-6.42444235  4.98820835  3.98113196],cruising,[-0.62185191  0.08809385  0.93462812]
368.46486806869507,1005,False,4,1,[ 0.63643734 -2.94508494  3.998556  ],cruising,[ 0.50568378 -0.03156594 -0.11489306]
368.5709710121155,1000,False,0,2,[4.12313736 5.23794294 3.88863888],cruising,[-0.82138112 -0.19970136 -0.21083176]
368.5709710121155,1001,False,5,3,[-0.62715362 -5.51572109  4.        ],exiting,[-0.48080528  0.59740651 -0.20557775]
368.5709710121155,1002,False,1,5,[-3.71625026  0.24233621  3.99999993],cruising,[ 0.5677905  -0.59831228 -0.99408226]
368.5709710121155,1003,False,4,6,[8.51454594 9.33261391 3.22861758],landing,[ 0.63925976  0.24903542 -0.34837281]
368.5709710121155,1004,False,2,4,[-6.41211994  5.18632954  3.98435606],cruising,[-0.62185191  0.08809385  0.93462812]
368.5709710121155,1005,False,4,1,[ 0.43738608 -2.96454246  3.9987726 ],cruising,[ 0.50568378 -0.03156594 -0.11489306]
368.658522605896,1000,False,0,2,[4.30856833 5.16300726 3.90534305],cruising,[-0.82138112 -0.19970136 -0.21083176]
368.658522605896,1001,False,5,3,[-0.61181205 -5.61453726  4.        ],exiting,[-0.48080528  0.59740651 -0.20557775]
368.658522605896,1002,False,1,5,[-3.81639345  0.41545854  3.99999994],cruising,[ 0.5677905  -0.59831228 -0.99408226]
368.658522605896,1003,False,4,6,[8.53360191 9.31955751 3.13132215],landing,[ 0.63925976  0.24903542 -0.34837281]
368.658522605896,1004,False,2,4,[-6.38018219  5.38055621  3.98731237],cruising,[-0.62185191  0.08809385  0.93462812]
368.658522605896,1005,False,4,1,[ 0.240248   -2.99825567  3.99895671],cruising,[ 0.50568378 -0.03156594 -0.11489306]
368.762811422348,1000,False,0,2,[4.49825069 5.09959905 3.91954159],cruising,[-0.82138112 -0.19970136 -0.21083176]
368.762811422348,1001,False,5,3,[-0.59647047 -5.71335343  4.        ],exiting,[-0.48080528  0.59740651 -0.20557775]
368.762811422348,1002,False,1,5,[-3.92125825  0.58576231  3.99999995],cruising,[ 0.5677905  -0.59831228 -0.99408226]
368.762811422348,1003,False,4,6,[8.55265788 9.30650112 3.03402672],landing,[ 0.63925976  0.24903542 -0.34837281]
368.762811422348,1004,False,2,4,[-6.32925973  5.56849672  3.99001474],cruising,[-0.62185191  0.08809385  0.93462812]
368.762811422348,1005,False,4,1,[ 0.04586859 -3.0453369   3.99911321],cruising,[ 0.50568378 -0.03156594 -0.11489306]
368.86048126220703,1000,False,0,2,[4.69077112 5.04541524 3.93161036],cruising,[-0.82138112 -0.19970136 -0.21083176]
368.86048126220703,1001,False,5,3,[-0.58112889 -5.8121696   4.        ],exiting,[-0.48080528  0.59740651 -0.20557775]
368.86048126220703,1002,False,1,5,[-4.03082425  0.75308025  3.99999995],cruising,[ 0.5677905  -0.59831228 -0.99408226]
368.86048126220703,1003,False,4,6,[8.57171385 9.29344472 2.93673129],landing,[ 0.63925976  0.24903542 -0.34837281]
368.86048126220703,1004,False,2,4,[-6.26024376  5.74791882  3.99246859],cruising,[-0.62185191  0.08809385  0.93462812]
368.86048126220703,1005,False,4,1,[-0.14514723 -3.1046071   3.99924622],cruising,[ 0.50568378 -0.03156594 -0.11489306]
368.9698622226715,1000,False,0,2,[4.88525119 4.99875154 3.9418688 ],cruising,[-0.82138112 -0.19970136 -0.21083176]
368.9698622226715,1001,False,5,3,[-0.56578731 -5.91098578  4.        ],exiting,[-0.48080528  0.59740651 -0.20557775]
368.9698622226715,1002,False,1,5,[-4.14271195  0.91885461  3.99999996],cruising,[ 0.5677905  -0.59831228 -0.99408226]
368.9698622226715,1003,False,4,6,[8.59076982 9.28038832 2.83943586],landing,[ 0.63925976  0.24903542 -0.34837281]
368.9698622226715,1004,False,2,4,[-6.17417275  5.91689793  3.99465874],cruising,[-0.62185191  0.08809385  0.93462812]
368.9698622226715,1005,False,4,1,[-0.3312913  -3.17775344  3.99935929],cruising,[ 0.50568378 -0.03156594 -0.11489306]
369.0650281906128,1000,False,0,2,[5.08087825 4.95715761 3.95058848],cruising,[-0.82138112 -0.19970136 -0.21083176]
369.0650281906128,1001,False,5,3,[-0.55044574 -6.00980195  4.        ],exiting,[-0.48080528  0.59740651 -0.20557775]
369.0650281906128,1002,False,1,5,[-4.2563331   1.08344573  3.99999997],cruising,[ 0.5677905  -0.59831228 -0.99408226]
369.0650281906128,1003,False,4,6,[8.60982578 9.26733193 2.74214043],landing,[ 0.63925976  0.24903542 -0.34837281]
369.0650281906128,1004,False,2,4,[-6.07221491  6.0737304   3.99658795],cruising,[-0.62185191  0.08809385  0.93462812]
369.0650281906128,1005,False,4,1,[-0.51317184 -3.26093678  3.9994554 ],cruising,[ 0.50568378 -0.03156594 -0.11489306]
369.1648209095001,1000,False,0,2,[5.27714745 4.91870765 3.95800021],cruising,[-0.82138112 -0.19970136 -0.21083176]
369.1648209095001,1001,False,5,3,[-0.53510416 -6.10861812  4.        ],exiting,[-0.48080528  0.59740651 -0.20557775]
369.1648209095001,1002,False,1,5,[-4.37077782  1.24746526  3.99999997],cruising,[ 0.5677905  -0.59831228 -0.99408226]
369.1648209095001,1003,False,4,6,[8.62888175 9.25427553 2.644845  ],landing,[ 0.63925976  0.24903542 -0.34837281]
369.1648209095001,1004,False,2,4,[-5.95526975  6.21732261  3.99824282],cruising,[-0.62185191  0.08809385  0.93462812]
369.1648209095001,1005,False,4,1,[-0.69210926 -3.35027545  3.99953709],cruising,[ 0.50568378 -0.03156594 -0.11489306]
369.2640788555145,1000,False,0,2,[5.47369051 4.88168294 3.96430018],cruising,[-0.82138112 -0.19970136 -0.21083176]
369.2640788555145,1001,False,5,3,[-0.51976258 -6.20743429  4.        ],exiting,[-0.48080528  0.59740651 -0.20557775]
369.2640788555145,1002,False,1,5,[-4.48628366  1.41073926  3.99999998],cruising,[ 0.5677905  -0.59831228 -0.99408226]
369.2640788555145,1003,False,4,6,[8.64793772 9.24121914 2.54754957],landing,[ 0.63925976  0.24903542 -0.34837281]
369.2640788555145,1004,False,2,4,[-5.82422714  6.346731    3.999612  ],cruising,[-0.62185191  0.08809385  0.93462812]
369.2640788555145,1005,False,4,1,[-0.87003421 -3.44161391  3.99960652],cruising,[ 0.50568378 -0.03156594 -0.11489306]
369.36484479904175,1000,False,0,2,[5.6705386  4.84631589 3.96965515],cruising,[-0.82138112 -0.19970136 -0.21083176]
369.36484479904175,1001,False,5,3,[-0.50442101 -6.30625047  4.        ],exiting,[-0.48080528  0.59740651 -0.20557775]
369.36484479904175,1002,False,1,5,[-4.60241117  1.57357169  3.99999998],cruising,[ 0.5677905  -0.59831228 -0.99408226]
369.36484479904175,1003,False,4,6,[8.66699369 9.22816274 2.45025414],landing,[ 0.63925976  0.24903542 -0.34837281]
369.36484479904175,1004,False,2,4,[-5.67993249  6.46116288  4.00068564],cruising,[-0.62185191  0.08809385  0.93462812]
369.36484479904175,1005,False,4,1,[-1.04938945 -3.53011079  3.99966555],cruising,[ 0.50568378 -0.03156594 -0.11489306]
369.459082365036,1000,False,0,2,[5.86709938 4.80938544 3.97420688],cruising,[-0.82138112 -0.19970136 -0.21083176]
369.459082365036,1001,False,5,3,[-0.48907943 -6.40506664  4.        ],exiting,[-0.48080528  0.59740651 -0.20557775]
369.459082365036,1002,False,1,5,[-4.71878056  1.73623136  3.99999998],cruising,[ 0.5677905  -0.59831228 -0.99408226]
369.459082365036,1003,False,4,6,[8.68604966 9.21510634 2.35295871],landing,[ 0.63925976  0.24903542 -0.34837281]
369.459082365036,1004,False,2,4,[-5.52315322  6.55997293  4.00145497],cruising,[-0.62185191  0.08809385  0.93462812]
369.459082365036,1005,False,4,1,[-1.23417295 -3.60662914  3.99971571],cruising,[ 0.50568378 -0.03156594 -0.11489306]
369.5702576637268,1000,False,0,2,[6.06309583 4.76956843 3.97807585],cruising,[-0.82138112 -0.19970136 -0.21083176]
369.5702576637268,1001,False,5,3,[-0.47373785 -6.50388281  4.        ],exiting,[-0.48080528  0.59740651 -0.20557775]
369.5702576637268,1002,False,1,5,[-4.83505519  1.89895877  3.99999999],cruising,[ 0.5677905  -0.59831228 -0.99408226]
369.5702576637268,1003,False,4,6,[8.70510563 9.20204995 2.25566328],landing,[ 0.63925976  0.24903542 -0.34837281]
369.5702576637268,1004,False,2,4,[-5.35488769  6.64241295  4.00192778],cruising,[-0.62185191  0.08809385  0.93462812]
369.5702576637268,1005,False,4,1,[-1.42538181 -3.66420772  3.99976014],cruising,[ 0.50568378 -0.03156594 -0.11489306]
369.6685392856598,1000,False,0,2,[6.25819781 4.72557734 3.98136447],cruising,[-0.82138112 -0.19970136 -0.21083176]
369.6685392856598,1001,False,5,3,[-0.45839627 -6.60269899  4.        ],exiting,[-0.48080528  0.59740651 -0.20557775]
369.6685392856598,1002,False,1,5,[-4.95092753  2.06197288  3.99999999],cruising,[ 0.5677905  -0.59831228 -0.99408226]
369.6685392856598,1003,False,4,6,[8.7241616  9.18899355 2.15836786],landing,[ 0.63925976  0.24903542 -0.34837281]
369.6685392856598,1004,False,2,4,[-5.17553935  6.70820734  4.00209282],cruising,[-0.62185191  0.08809385  0.93462812]
369.6685392856598,1005,False,4,1,[-1.62016344 -3.702108    3.99980106],cruising,[ 0.50568378 -0.03156594 -0.11489306]
369.76187539100647,1000,False,0,2,[6.45198647 4.67612073 3.9841598 ],cruising,[-0.82138112 -0.19970136 -0.21083176]
369.76187539100647,1001,False,5,3,[-0.4430547  -6.70151516  4.        ],exiting,[-0.48080528  0.59740651 -0.20557775]
369.76187539100647,1002,False,1,5,[-5.06649476  2.22520344  3.99999999],cruising,[ 0.5677905  -0.59831228 -0.99408226]
369.76187539100647,1003,False,4,6,[8.74321757 9.17593715 2.06107243],landing,[ 0.63925976  0.24903542 -0.34837281]
369.76187539100647,1004,False,2,4,[-4.98512106  6.75734788  4.00193394],cruising,[-0.62185191  0.08809385  0.93462812]
369.76187539100647,1005,False,4,1,[-1.8149809  -3.72000831  3.99983948],cruising,[ 0.50568378 -0.03156594 -0.11489306]
369.86481404304504,1000,False,0,2,[6.64391356 4.61987138 3.98653583],cruising,[-0.82138112 -0.19970136 -0.21083176]
369.86481404304504,1001,False,5,3,[-0.42771312 -6.80033133  4.        ],exiting,[-0.48080528  0.59740651 -0.20557775]
369.86481404304504,1002,False,1,5,[-5.18113415  2.38908697  3.99999999],cruising,[ 0.5677905  -0.59831228 -0.99408226]
369.86481404304504,1003,False,4,6,[8.76227354 9.16288076 1.963777  ],landing,[ 0.63925976  0.24903542 -0.34837281]
369.86481404304504,1004,False,2,4,[-4.79007464  6.80158468  4.00164385],cruising,[-0.62185191  0.08809385  0.93462812]
369.86481404304504,1005,False,4,1,[-2.00677964 -3.71813776  3.99987564],cruising,[ 0.50568378 -0.03156594 -0.11489306]
369.9720742702484,1000,False,0,2,[6.83325271 4.55544555 3.98855545],cruising,[-0.82138112 -0.19970136 -0.21083176]
369.9720742702484,1001,False,5,3,[-0.41237154 -6.8991475   4.        ],exiting,[-0.48080528  0.59740651 -0.20557775]
369.9720742702484,1002,False,1,5,[-5.2945455   2.55382271  3.99999999],cruising,[ 0.5677905  -0.59831228 -0.99408226]
369.9720742702484,1003,False,4,6,[8.78132951 9.14982436 1.86648157],landing,[ 0.63925976  0.24903542 -0.34837281]
369.9720742702484,1004,False,2,4,[-4.59589824  6.84949633  4.00139727],cruising,[-0.62185191  0.08809385  0.93462812]
369.9720742702484,1005,False,4,1,[-2.19291964 -3.69708443  3.99990956],cruising,[ 0.50568378 -0.03156594 -0.11489306]
370.0700228214264,1000,False,0,2,[7.01904068 4.48139943 3.99027214],cruising,[-0.82138112 -0.19970136 -0.21083176]
370.0700228214264,1001,False,5,3,[-0.39702997 -6.99796368  4.        ],exiting,[-0.48080528  0.59740651 -0.20557775]
370.0700228214264,1002,False,1,5,[-5.40641698  2.71960803  3.99999999],cruising,[ 0.5677905  -0.59831228 -0.99408226]
370.0700228214264,1003,False,4,6,[8.80038548 9.13676797 1.76918614],landing,[ 0.63925976  0.24903542 -0.34837281]
370.0700228214264,1004,False,2,4,[-4.4022804   6.89961751  4.00118768],cruising,[-0.62185191  0.08809385  0.93462812]
370.0700228214264,1005,False,4,1,[-2.37100474 -3.65772487  3.99994119],cruising,[ 0.50568378 -0.03156594 -0.11489306]
370.1627051830292,1000,False,0,2,[7.20001014 4.39625217 3.99173132],cruising,[-0.82138112 -0.19970136 -0.21083176]
370.1627051830292,1001,False,5,3,[-0.38168839 -7.09677985  4.        ],exiting,[-0.48080528  0.59740651 -0.20557775]
370.1627051830292,1002,False,1,5,[-5.51641196  2.88664427  3.99999999],cruising,[ 0.5677905  -0.59831228 -0.99408226]
370.1627051830292,1003,False,4,6,[8.81944145 9.12371157 1.67189071],landing,[ 0.63925976  0.24903542 -0.34837281]
370.1627051830292,1004,False,2,4,[-4.20890328  6.95065953  4.00100953],cruising,[-0.62185191  0.08809385  0.93462812]
370.1627051830292,1005,False,4,1,[-2.53897008 -3.60111449  3.99997041],cruising,[ 0.50568378 -0.03156594 -0.11489306]
370.2709059715271,1000,False,0,2,[7.37452101 4.29854876 3.99297162],cruising,[-0.82138112 -0.19970136 -0.21083176]
370.2709059715271,1001,False,5,3,[-0.36634681 -7.19559602  4.        ],exiting,[-0.48080528  0.59740651 -0.20557775]
370.2709059715271,1002,False,1,5,[-5.62531915  3.05439177  4.        ],cruising,[ 0.5677905  -0.59831228 -0.99408226]
370.2709059715271,1003,False,4,6,[8.83849742 9.11065517 1.57459528],landing,[ 0.63925976  0.24903542 -0.34837281]
370.2709059715271,1004,False,2,4,[-4.01484883  6.99906273  4.0008581 ],cruising,[-0.62185191  0.08809385  0.93462812]
370.2709059715271,1005,False,4,1,[-2.6949084  -3.52852441  3.99999713],cruising,[ 0.50568378 -0.03156594 -0.11489306]
370.35909509658813,1000,False,0,2,[7.53820176 4.18403207 3.99406144],cruising,[-0.82138112 -0.19970136 -0.21083176]
370.35909509658813,1001,False,5,3,[-0.35100524 -7.2944122   4.        ],exiting,[-0.48080528  0.59740651 -0.20557775]
370.35909509658813,1002,False,1,5,[-5.7315081   3.22387305  4.        ],cruising,[ 0.5677905  -0.59831228 -0.99408226]
370.35909509658813,1003,False,4,6,[8.85755339 9.09759878 1.47729985],fake_landed,[ 0.63925976  0.24903542 -0.34837281]
370.35909509658813,1004,False,2,4,[-3.82063955  7.04684094  4.00072939],cruising,[-0.62185191  0.08809385  0.93462812]
370.35909509658813,1005,False,4,1,[-2.83716878 -3.44134277  4.0000212 ],cruising,[ 0.50568378 -0.03156594 -0.11489306]
370.4647762775421,1000,False,0,2,[7.68963145 4.05370771 3.99498204],cruising,[-0.82138112 -0.19970136 -0.21083176]
370.4647762775421,1001,False,5,3,[-0.33566366 -7.39322837  4.        ],exiting,[-0.48080528  0.59740651 -0.20557775]
370.4647762775421,1002,False,1,5,[-5.83450978  3.39531008  4.        ],cruising,[ 0.5677905  -0.59831228 -0.99408226]
370.4647762775421,1003,False,4,6,[8.87279817 9.08715366 1.39946351],fake_landed,[ 0.63925976  0.24903542 -0.34837281]
370.4647762775421,1004,False,2,4,[-3.62605584  7.09307057  4.00061998],cruising,[-0.62185191  0.08809385  0.93462812]
370.4647762775421,1005,False,4,1,[-2.96427918 -3.34110438  4.00004251],cruising,[ 0.50568378 -0.03156594 -0.11489306]
370.5709729194641,1000,False,0,2,[7.82725114 3.90891736 3.99576334],cruising,[-0.82138112 -0.19970136 -0.21083176]
370.5709729194641,1001,False,5,3,[-0.32032208 -7.49204454  4.        ],exiting,[-0.48080528  0.59740651 -0.20557775]
370.5709729194641,1002,False,1,5,[-5.93375472  3.56894891  4.        ],cruising,[ 0.5677905  -0.59831228 -0.99408226]
370.5709729194641,1003,False,4,6,[8.88423175 9.07931982 1.34108625],fake_landed,[ 0.63925976  0.24903542 -0.34837281]
370.5709729194641,1004,False,2,4,[-3.43040048  7.13453116  4.00052698],cruising,[-0.62185191  0.08809385  0.93462812]
370.5709729194641,1005,False,4,1,[-3.07500062 -3.22940295  4.00006089],cruising,[ 0.50568378 -0.03156594 -0.11489306]
370.6625838279724,1000,False,0,2,[7.94923237 3.75165975 3.99646645],cruising,[-0.82138112 -0.19970136 -0.21083176]
370.6625838279724,1001,False,5,3,[-0.3049805  -7.59086071  4.        ],exiting,[-0.48080528  0.59740651 -0.20557775]
370.6625838279724,1002,False,1,5,[-6.02854096  3.74506128  4.        ],cruising,[ 0.5677905  -0.59831228 -0.99408226]
370.6625838279724,1003,False,4,6,[8.89185414 9.07409726 1.30216808],fake_landed,[ 0.63925976  0.24903542 -0.34837281]
370.6625838279724,1004,False,2,4,[-3.2341936   7.17329792  4.00044793],cruising,[-0.62185191  0.08809385  0.93462812]
370.6625838279724,1005,False,4,1,[-3.16824262 -3.10798197  4.00007615],cruising,[ 0.50568378 -0.03156594 -0.11489306]
370.80658292770386,1000,False,0,2,[8.05447267 3.58345984 3.99708622],cruising,[-0.82138112 -0.19970136 -0.21083176]
370.80658292770386,1001,False,5,3,[-0.28963893 -7.68967689  4.        ],exiting,[-0.48080528  0.59740651 -0.20557775]
370.80658292770386,1002,False,1,5,[-6.11799139  3.92394286  4.        ],cruising,[ 0.5677905  -0.59831228 -0.99408226]
370.80658292770386,1003,False,4,6,[8.89566533 9.07148599 1.28270899],fake_landed,[ 0.63925976  0.24903542 -0.34837281]
370.80658292770386,1004,False,2,4,[-3.03733008  7.20857899  4.00038074],cruising,[-0.62185191  0.08809385  0.93462812]
370.80658292770386,1005,False,4,1,[-3.24344879 -2.97791757  4.00008816],cruising,[ 0.50568378 -0.03156594 -0.11489306]
370.982248544693,1000,False,0,2,[8.14208049 3.40582128 3.99761882],cruising,[-0.82138112 -0.19970136 -0.21083176]
370.982248544693,1001,False,5,3,[-0.27429735 -7.78849306  4.        ],landing,[-0.48080528  0.59740651 -0.20557775]
370.982248544693,1002,False,1,5,[-6.20099649  4.10590482  4.        ],cruising,[ 0.5677905  -0.59831228 -0.99408226]
370.982248544693,1003,False,6,0,[8.89566533 9.07148599 1.28270899],waiting,[ 0.63925976  0.24903542 -0.34837281]
370.982248544693,1004,False,2,4,[-2.83933109  7.23679954  4.00032363],cruising,[-0.62185191  0.08809385  0.93462812]
370.982248544693,1005,False,4,1,[-3.30035874 -2.83977553  4.00009678],cruising,[ 0.50568378 -0.03156594 -0.11489306]
371.08605313301086,1000,False,0,2,[8.21137468 3.22014514 3.99805895],cruising,[-0.82138112 -0.19970136 -0.21083176]
371.08605313301086,1001,False,5,3,[-0.26427964 -7.87403523  3.98601939],landing,[-0.48080528  0.59740651 -0.20557775]
371.08605313301086,1002,False,1,5,[-6.27189821  4.29291537  4.        ],cruising,[ 0.5677905  -0.59831228 -0.99408226]
371.08605313301086,1003,False,6,0,[8.89566533 9.07148599 1.28270899],waiting,[ 0.63925976  0.24903542 -0.34837281]
371.08605313301086,1004,False,2,4,[-2.64071216  7.26026271  4.00027509],cruising,[-0.62185191  0.08809385  0.93462812]
371.08605313301086,1005,False,4,1,[-3.33880149 -2.69395477  4.00010192],cruising,[ 0.50568378 -0.03156594 -0.11489306]
371.18449211120605,1000,False,0,2,[8.26183384 3.02774357 3.99839927],cruising,[-0.82138112 -0.19970136 -0.21083176]
371.18449211120605,1001,False,5,3,[-0.2595747  -7.9461285   3.95822208],landing,[-0.48080528  0.59740651 -0.20557775]
371.18449211120605,1002,False,1,5,[-6.33294842  4.48336976  4.        ],exiting,[ 0.5677905  -0.59831228 -0.99408226]
371.18449211120605,1003,False,6,0,[8.89566533 9.07148599 1.28270899],waiting,[ 0.63925976  0.24903542 -0.34837281]
371.18449211120605,1004,False,2,4,[-2.44122454  7.27456967  4.00023382],cruising,[-0.62185191  0.08809385  0.93462812]
371.18449211120605,1005,False,4,1,[-3.35866114 -2.54074023  4.00010348],cruising,[ 0.50568378 -0.03156594 -0.11489306]
371.29227805137634,1000,False,0,2,[8.29968517 2.83135804 3.99863938],cruising,[-0.82138112 -0.19970136 -0.21083176]
371.29227805137634,1001,False,5,3,[-0.26016835 -8.00456763  3.91680532],landing,[-0.48080528  0.59740651 -0.20557775]
371.29227805137634,1002,False,1,5,[-6.39366699  4.65382689  4.        ],exiting,[ 0.5677905  -0.59831228 -0.99408226]
371.29227805137634,1003,False,6,0,[8.89566533 9.07148599 1.28270899],waiting,[ 0.63925976  0.24903542 -0.34837281]
371.29227805137634,1004,False,2,4,[-2.24126009  7.27834072  4.00019875],cruising,[-0.62185191  0.08809385  0.93462812]
371.29227805137634,1005,False,4,1,[-3.36003837 -2.37988367  4.00010137],cruising,[ 0.50568378 -0.03156594 -0.11489306]
371.38331174850464,1000,False,0,2,[8.33144319 2.63389557 3.99884347],cruising,[-0.82138112 -0.19970136 -0.21083176]
371.38331174850464,1001,False,5,3,[-0.26603929 -8.04907428  3.86204553],landing,[-0.48080528  0.59740651 -0.20557775]
371.38331174850464,1002,False,1,5,[-6.45427526  4.80428432  4.        ],exiting,[ 0.5677905  -0.59831228 -0.99408226]
371.38331174850464,1003,False,6,0,[8.89566533 9.07148599 1.28270899],waiting,[ 0.63925976  0.24903542 -0.34837281]
371.38331174850464,1004,False,2,4,[-2.04172185  7.26475807  4.00016894],cruising,[-0.62185191  0.08809385  0.93462812]
371.38331174850464,1005,False,4,1,[-3.34331933 -2.21051096  4.00009548],cruising,[ 0.50568378 -0.03156594 -0.11489306]
371.49052333831787,1000,False,0,2,[8.3582831  2.4357047  3.99901695],cruising,[-0.82138112 -0.19970136 -0.21083176]
371.49052333831787,1001,False,5,3,[-0.27716734 -8.07941068  3.79418739],landing,[-0.48080528  0.59740651 -0.20557775]
371.49052333831787,1002,False,1,5,[-6.5150845   4.93474277  4.        ],exiting,[ 0.5677905  -0.59831228 -0.99408226]
371.49052333831787,1003,False,6,0,[8.89566533 9.07148599 1.28270899],waiting,[ 0.63925976  0.24903542 -0.34837281]
371.49052333831787,1004,False,2,4,[-1.84436539  7.23234777  4.0001436 ],cruising,[-0.62185191  0.08809385  0.93462812]
371.49052333831787,1005,False,4,1,[-3.30971594 -2.03041823  4.00008572],cruising,[ 0.50568378 -0.03156594 -0.11489306]
371.5827097892761,1000,False,0,2,[8.3841363  2.23738271 3.99916441],cruising,[-0.82138112 -0.19970136 -0.21083176]
371.5827097892761,1001,False,5,3,[-0.29353244 -8.0953606   3.71346058],landing,[-0.48080528  0.59740651 -0.20557775]
371.5827097892761,1002,False,1,5,[-6.5764258  5.0452083  4.       ],exiting,[ 0.5677905  -0.59831228 -0.99408226]
371.5827097892761,1003,False,6,0,[8.89566533 9.07148599 1.28270899],waiting,[ 0.63925976  0.24903542 -0.34837281]
371.5827097892761,1004,False,2,4,[-1.64918654  7.18869898  4.00012206],cruising,[-0.62185191  0.08809385  0.93462812]
371.5827097892761,1005,False,4,1,[-3.26883795 -1.83464032  4.00007286],cruising,[ 0.50568378 -0.03156594 -0.11489306]
371.6878778934479,1000,False,0,2,[8.40538592 2.03851478 3.99928975],cruising,[-0.82138112 -0.19970136 -0.21083176]
371.6878778934479,1001,False,5,3,[-0.31511272 -8.09670634  3.62010367],landing,[-0.48080528  0.59740651 -0.20557775]
371.6878778934479,1002,False,1,5,[-6.63861128  5.13569164  4.        ],exiting,[ 0.5677905  -0.59831228 -0.99408226]
371.6878778934479,1003,False,6,0,[8.89566533 9.07148599 1.28270899],waiting,[ 0.63925976  0.24903542 -0.34837281]
371.6878778934479,1004,False,2,4,[-1.45825589  7.12915497  4.00010375],cruising,[-0.62185191  0.08809385  0.93462812]
371.6878778934479,1005,False,4,1,[-3.24451361 -1.63612501  4.00006193],cruising,[ 0.50568378 -0.03156594 -0.11489306]
371.7916085720062,1000,False,0,2,[8.42540051 1.83951876 3.99939628],cruising,[-0.82138112 -0.19970136 -0.21083176]
371.7916085720062,1001,False,5,3,[-0.33831136 -8.09343068  3.52288693],landing,[-0.48080528  0.59740651 -0.20557775]
371.7916085720062,1002,False,1,5,[-6.70154497  5.2134049   4.        ],exiting,[ 0.5677905  -0.59831228 -0.99408226]
371.7916085720062,1003,False,6,0,[8.89566533 9.07148599 1.28270899],waiting,[ 0.63925976  0.24903542 -0.34837281]
371.7916085720062,1004,False,2,4,[-1.27187898  7.05660398  4.00008819],cruising,[-0.62185191  0.08809385  0.93462812]
371.7916085720062,1005,False,4,1,[-3.2362438  -1.43629606  4.00005264],cruising,[ 0.50568378 -0.03156594 -0.11489306]
371.896701335907,1000,False,0,2,[8.44381366 1.64036818 3.99948684],cruising,[-0.82138112 -0.19970136 -0.21083176]
371.896701335907,1001,False,5,3,[-0.36151    -8.09015502  3.4256702 ],landing,[-0.48080528  0.59740651 -0.20557775]
371.896701335907,1002,False,1,5,[-6.76447867  5.29111815  4.        ],exiting,[ 0.5677905  -0.59831228 -0.99408226]
371.896701335907,1003,False,6,0,[8.89566533 9.07148599 1.28270899],waiting,[ 0.63925976  0.24903542 -0.34837281]
371.896701335907,1004,False,2,4,[-1.08987736  6.97368589  4.00007496],cruising,[-0.62185191  0.08809385  0.93462812]
371.896701335907,1005,False,4,1,[-3.24361865 -1.23643208  4.00004475],cruising,[ 0.50568378 -0.03156594 -0.11489306]
371.9829616546631,1000,False,0,2,[8.45770434 1.44085114 3.99956382],cruising,[-0.82138112 -0.19970136 -0.21083176]
371.9829616546631,1001,False,5,3,[-0.38470864 -8.08687937  3.32845347],landing,[-0.48080528  0.59740651 -0.20557775]
371.9829616546631,1002,False,1,5,[-6.82741237  5.36883141  4.        ],exiting,[ 0.5677905  -0.59831228 -0.99408226]
371.9829616546631,1003,False,6,0,[8.89566533 9.07148599 1.28270899],waiting,[ 0.63925976  0.24903542 -0.34837281]
371.9829616546631,1004,False,2,4,[-0.91176367  6.88271604  4.00006371],cruising,[-0.62185191  0.08809385  0.93462812]
371.9829616546631,1005,False,4,1,[-3.2656017  -1.03764389  4.00003803],cruising,[ 0.50568378 -0.03156594 -0.11489306]
372.0832006931305,1000,False,0,2,[8.4700821  1.24123453 3.99962924],cruising,[-0.82138112 -0.19970136 -0.21083176]
372.0832006931305,1001,False,5,3,[-0.40790728 -8.08360371  3.23123674],landing,[-0.48080528  0.59740651 -0.20557775]
372.0832006931305,1002,False,1,5,[-6.89034606  5.44654466  4.        ],exiting,[ 0.5677905  -0.59831228 -0.99408226]
372.0832006931305,1003,False,6,0,[8.89566533 9.07148599 1.28270899],waiting,[ 0.63925976  0.24903542 -0.34837281]
372.0832006931305,1004,False,2,4,[-0.73575807  6.78773168  4.00005416],cruising,[-0.62185191  0.08809385  0.93462812]
372.0832006931305,1005,False,4,1,[-3.30101864 -0.84080476  4.00003233],cruising,[ 0.50568378 -0.03156594 -0.11489306]
372.19349575042725,1000,False,0,2,[8.47842844 1.04140876 3.99968486],cruising,[-0.82138112 -0.19970136 -0.21083176]
372.19349575042725,1001,False,5,3,[-0.43110592 -8.08032805  3.13402   ],landing,[-0.48080528  0.59740651 -0.20557775]
372.19349575042725,1002,False,1,5,[-6.95327976  5.52425792  4.        ],exiting,[ 0.5677905  -0.59831228 -0.99408226]
372.19349575042725,1003,False,6,0,[8.89566533 9.07148599 1.28270899],waiting,[ 0.63925976  0.24903542 -0.34837281]
372.19349575042725,1004,False,2,4,[-0.56275898  6.68737574  4.00004603],cruising,[-0.62185191  0.08809385  0.93462812]
372.19349575042725,1005,False,4,1,[-3.34725319 -0.64622222  4.00002748],cruising,[ 0.50568378 -0.03156594 -0.11489306]
372.29003953933716,1000,False,0,2,[8.48530753 0.8415271  3.99973213],cruising,[-0.82138112 -0.19970136 -0.21083176]
372.29003953933716,1001,False,5,3,[-0.45430456 -8.0770524   3.03680327],landing,[-0.48080528  0.59740651 -0.20557775]
372.29003953933716,1002,False,1,5,[-7.01621345  5.60197117  4.        ],exiting,[ 0.5677905  -0.59831228 -0.99408226]
372.29003953933716,1003,False,6,0,[8.89566533 9.07148599 1.28270899],waiting,[ 0.63925976  0.24903542 -0.34837281]
372.29003953933716,1004,False,2,4,[-0.39194846  6.58333841  4.00003913],cruising,[-0.62185191  0.08809385  0.93462812]
372.29003953933716,1005,False,4,1,[-3.40494501 -0.45472378  4.00002336],cruising,[ 0.50568378 -0.03156594 -0.11489306]
372.38527369499207,1000,False,0,2,[8.49051411 0.64159488 3.99977231],cruising,[-0.82138112 -0.19970136 -0.21083176]
372.38527369499207,1001,False,5,3,[-0.4775032  -8.07377674  2.93958654],landing,[-0.48080528  0.59740651 -0.20557775]
372.38527369499207,1002,False,1,5,[-7.07914715  5.67968442  4.        ],exiting,[ 0.5677905  -0.59831228 -0.99408226]
372.38527369499207,1003,False,6,0,[8.89566533 9.07148599 1.28270899],waiting,[ 0.63925976  0.24903542 -0.34837281]
372.38527369499207,1004,False,2,4,[-0.22203521  6.47784202  4.00003326],cruising,[-0.62185191  0.08809385  0.93462812]
372.38527369499207,1005,False,4,1,[-3.4733137  -0.26677239  4.00001985],cruising,[ 0.50568378 -0.03156594 -0.11489306]
372.48334217071533,1000,False,0,2,[8.49389497 0.44162346 3.99980646],cruising,[-0.82138112 -0.19970136 -0.21083176]
372.48334217071533,1001,False,5,3,[-0.50070184 -8.07050108  2.8423698 ],landing,[-0.48080528  0.59740651 -0.20557775]
372.48334217071533,1002,False,1,5,[-7.14208085  5.75739768  4.        ],exiting,[ 0.5677905  -0.59831228 -0.99408226]
372.48334217071533,1003,False,6,0,[8.89566533 9.07148599 1.28270899],waiting,[ 0.63925976  0.24903542 -0.34837281]
372.48334217071533,1004,False,2,4,[-0.05316812  6.37067904  4.00002827],cruising,[-0.62185191  0.08809385  0.93462812]
372.48334217071533,1005,False,4,1,[-3.54967935 -0.08192573  4.00001688],cruising,[ 0.50568378 -0.03156594 -0.11489306]
372.5905981063843,1000,False,0,2,[8.49320453 0.24162465 3.99983549],cruising,[-0.82138112 -0.19970136 -0.21083176]
372.5905981063843,1001,False,5,3,[-0.52390049 -8.06722543  2.74515307],landing,[-0.48080528  0.59740651 -0.20557775]
372.5905981063843,1002,False,1,5,[-7.20501454  5.83511093  4.        ],exiting,[ 0.5677905  -0.59831228 -0.99408226]
372.5905981063843,1003,False,6,0,[8.89566533 9.07148599 1.28270899],waiting,[ 0.63925976  0.24903542 -0.34837281]
372.5905981063843,1004,False,2,4,[0.11552232 6.26323818 4.00002403],cruising,[-0.62185191  0.08809385  0.93462812]
372.5905981063843,1005,False,4,1,[-3.63680622  0.09809901  4.00001434],cruising,[ 0.50568378 -0.03156594 -0.11489306]
372.6872227191925,1000,False,0,2,[8.49086434 0.04163834 3.99986017],cruising,[-0.82138112 -0.19970136 -0.21083176]
372.6872227191925,1001,False,5,3,[-0.54709913 -8.06394977  2.64793634],landing,[-0.48080528  0.59740651 -0.20557775]
372.6872227191925,1002,False,1,5,[-7.26794824  5.91282419  4.        ],exiting,[ 0.5677905  -0.59831228 -0.99408226]
372.6872227191925,1003,False,6,0,[8.89566533 9.07148599 1.28270899],waiting,[ 0.63925976  0.24903542 -0.34837281]
372.6872227191925,1004,False,2,4,[0.28429861 6.15593225 4.00002043],cruising,[-0.62185191  0.08809385  0.93462812]
372.6872227191925,1005,False,4,1,[-3.73160039  0.27420712  4.00001219],cruising,[ 0.50568378 -0.03156594 -0.11489306]
372.79293847084045,1000,False,0,2,[ 8.48672201 -0.15831876  3.99988114],cruising,[-0.82138112 -0.19970136 -0.21083176]
372.79293847084045,1001,False,5,3,[-0.57029777 -8.06067411  2.55071961],landing,[-0.48080528  0.59740651 -0.20557775]
372.79293847084045,1002,False,1,5,[-7.33088193  5.99053744  4.        ],exiting,[ 0.5677905  -0.59831228 -0.99408226]
372.79293847084045,1003,False,6,0,[8.89566533 9.07148599 1.28270899],waiting,[ 0.63925976  0.24903542 -0.34837281]
372.79293847084045,1004,False,2,4,[0.45357847 6.04942249 4.00001736],cruising,[-0.62185191  0.08809385  0.93462812]
372.79293847084045,1005,False,4,1,[-3.83413167  0.44592589  4.00001036],cruising,[ 0.50568378 -0.03156594 -0.11489306]
372.88849997520447,1000,False,0,2,[ 8.47863309 -0.35815512  3.99989897],cruising,[-0.82138112 -0.19970136 -0.21083176]
372.88849997520447,1001,False,5,3,[-0.59349641 -8.05739846  2.45350287],landing,[-0.48080528  0.59740651 -0.20557775]
372.88849997520447,1002,False,1,5,[-7.39381563  6.0682507   4.        ],exiting,[ 0.5677905  -0.59831228 -0.99408226]
372.88849997520447,1003,False,6,0,[8.89566533 9.07148599 1.28270899],waiting,[ 0.63925976  0.24903542 -0.34837281]
372.88849997520447,1004,False,2,4,[0.62362375 5.94413905 4.00001476],cruising,[-0.62185191  0.08809385  0.93462812]
372.88849997520447,1005,False,4,1,[-3.94065902  0.61519468  4.00000881],cruising,[ 0.50568378 -0.03156594 -0.11489306]
372.99205589294434,1000,False,0,2,[ 8.46884611 -0.55791551  3.99991413],cruising,[-0.82138112 -0.19970136 -0.21083176]
372.99205589294434,1001,False,5,3,[-0.61669505 -8.0541228   2.35628614],landing,[-0.48080528  0.59740651 -0.20557775]
372.99205589294434,1002,False,1,5,[-7.45674933  6.14596395  4.        ],exiting,[ 0.5677905  -0.59831228 -0.99408226]
372.99205589294434,1003,False,6,0,[8.89566533 9.07148599 1.28270899],waiting,[ 0.63925976  0.24903542 -0.34837281]
372.99205589294434,1004,False,2,4,[0.7951987  5.84136728 4.00001254],cruising,[-0.62185191  0.08809385  0.93462812]
372.99205589294434,1005,False,4,1,[-4.05029365  0.78246765  4.00000749],cruising,[ 0.50568378 -0.03156594 -0.11489306]
373.09675192832947,1000,False,0,2,[ 8.45719421 -0.7575758   3.99992701],cruising,[-0.82138112 -0.19970136 -0.21083176]
373.09675192832947,1001,False,5,3,[-0.63989369 -8.05084714  2.25906941],landing,[-0.48080528  0.59740651 -0.20557775]
373.09675192832947,1002,False,1,5,[-7.51968302  6.2236772   4.        ],exiting,[ 0.5677905  -0.59831228 -0.99408226]
373.09675192832947,1003,False,6,0,[8.89566533 9.07148599 1.28270899],waiting,[ 0.63925976  0.24903542 -0.34837281]
373.09675192832947,1004,False,2,4,[0.96811654 5.74087141 4.00001066],cruising,[-0.62185191  0.08809385  0.93462812]
373.09675192832947,1005,False,4,1,[-4.16229832  0.94816302  4.00000636],cruising,[ 0.50568378 -0.03156594 -0.11489306]
373.1873676776886,1000,False,0,2,[ 8.44353351 -0.95710872  3.99993796],cruising,[-0.82138112 -0.19970136 -0.21083176]
373.1873676776886,1001,False,5,3,[-0.66309233 -8.04757149  2.16185268],landing,[-0.48080528  0.59740651 -0.20557775]
373.1873676776886,1002,False,1,5,[-7.58261672  6.30139046  4.        ],exiting,[ 0.5677905  -0.59831228 -0.99408226]
373.1873676776886,1003,False,6,0,[8.89566533 9.07148599 1.28270899],waiting,[ 0.63925976  0.24903542 -0.34837281]
373.1873676776886,1004,False,2,4,[1.14339379 5.64454964 4.00000906],cruising,[-0.62185191  0.08809385  0.93462812]
373.1873676776886,1005,False,4,1,[-4.27605874  1.1126579   4.00000541],cruising,[ 0.50568378 -0.03156594 -0.11489306]
373.2874331474304,1000,False,0,2,[ 8.42558676 -1.15630188  3.99994726],cruising,[-0.82138112 -0.19970136 -0.21083176]
373.2874331474304,1001,False,5,3,[-0.68629097 -8.04429583  2.06463594],landing,[-0.48080528  0.59740651 -0.20557775]
373.2874331474304,1002,False,1,5,[-7.64555042  6.37910371  4.        ],exiting,[ 0.5677905  -0.59831228 -0.99408226]
373.2874331474304,1003,False,6,0,[8.89566533 9.07148599 1.28270899],queued,[ 0.63925976  0.24903542 -0.34837281]
373.2874331474304,1004,False,2,4,[1.32046471 5.55156636 4.0000077 ],cruising,[-0.62185191  0.08809385  0.93462812]
373.2874331474304,1005,False,4,1,[-4.39105881  1.27628853  4.0000046 ],cruising,[ 0.50568378 -0.03156594 -0.11489306]
373.3920307159424,1000,False,0,2,[ 8.40569189 -1.3553099   3.99995517],cruising,[-0.82138112 -0.19970136 -0.21083176]
373.3920307159424,1001,False,5,3,[-0.70948961 -8.04102017  1.96741921],landing,[-0.48080528  0.59740651 -0.20557775]
373.3920307159424,1002,False,1,5,[-7.70848411  6.45681697  4.        ],exiting,[ 0.5677905  -0.59831228 -0.99408226]
373.3920307159424,1003,False,6,0,[8.89566533 9.07148599 1.30270899],queued,[ 0.63925976  0.24903542 -0.34837281]
373.3920307159424,1004,False,2,4,[1.49954502 5.46251444 4.00000655],cruising,[-0.62185191  0.08809385  0.93462812]
373.3920307159424,1005,False,4,1,[-4.50685947  1.43935358  4.00000391],cruising,[ 0.50568378 -0.03156594 -0.11489306]
373.49658489227295,1000,False,0,2,[ 8.38365263 -1.55409187  3.9999619 ],cruising,[-0.82138112 -0.19970136 -0.21083176]
373.49658489227295,1001,False,5,3,[-0.73268825 -8.03774452  1.87020248],landing,[-0.48080528  0.59740651 -0.20557775]
373.49658489227295,1002,False,1,5,[-7.77141781  6.53453022  4.        ],exiting,[ 0.5677905  -0.59831228 -0.99408226]
373.49658489227295,1003,False,6,0,[8.89566533 9.07148599 1.34270899],queued,[ 0.63925976  0.24903542 -0.34837281]
373.49658489227295,1004,False,2,4,[1.68185087 5.3802674  4.00000557],cruising,[-0.62185191  0.08809385  0.93462812]
373.49658489227295,1005,False,4,1,[-4.62297982  1.60219112  4.00000332],cruising,[ 0.50568378 -0.03156594 -0.11489306]
373.584876537323,1000,False,0,2,[ 8.35695568 -1.75230205  3.99996761],cruising,[-0.82138112 -0.19970136 -0.21083176]
373.584876537323,1001,False,5,3,[-0.75588689 -8.03446886  1.77298574],landing,[-0.48080528  0.59740651 -0.20557775]
373.584876537323,1002,False,1,5,[-7.8343515   6.61224347  4.        ],exiting,[ 0.5677905  -0.59831228 -0.99408226]
373.584876537323,1003,False,6,0,[8.89566533 9.07148599 1.40270899],queued,[ 0.63925976  0.24903542 -0.34837281]
373.584876537323,1004,False,2,4,[1.86635009 5.30306611 4.00000473],cruising,[-0.62185191  0.08809385  0.93462812]
373.584876537323,1005,False,4,1,[-4.73934836  1.76485138  4.00000282],cruising,[ 0.50568378 -0.03156594 -0.11489306]
373.68353819847107,1000,False,0,2,[ 8.32804405 -1.95020131  3.99997247],cruising,[-0.82138112 -0.19970136 -0.21083176]
373.68353819847107,1001,False,5,3,[-0.77908553 -8.0311932   1.67576901],landing,[-0.48080528  0.59740651 -0.20557775]
373.68353819847107,1002,False,1,5,[-7.8972852   6.68995673  4.        ],exiting,[ 0.5677905  -0.59831228 -0.99408226]
373.68353819847107,1003,False,6,0,[8.89566533 9.07148599 1.47770899],queued,[ 0.63925976  0.24903542 -0.34837281]
373.68353819847107,1004,False,2,4,[2.05315032 5.23161212 4.00000402],cruising,[-0.62185191  0.08809385  0.93462812]
373.68353819847107,1005,False,4,1,[-4.85561663  1.92758334  4.0000024 ],cruising,[ 0.50568378 -0.03156594 -0.11489306]
373.791228055954,1000,False,0,2,[ 8.29665736 -2.14772314  3.9999766 ],cruising,[-0.82138112 -0.19970136 -0.21083176]
373.791228055954,1001,False,5,3,[-0.80228417 -8.02791755  1.57855228],landing,[-0.48080528  0.59740651 -0.20557775]
373.791228055954,1002,False,1,5,[-7.9602189   6.76766998  4.        ],exiting,[ 0.5677905  -0.59831228 -0.99408226]
373.791228055954,1003,False,6,0,[8.89566533 9.07148599 1.55270899],entering,[ 0.63925976  0.24903542 -0.34837281]
373.791228055954,1004,False,2,4,[2.24229204 5.16660895 4.00000342],cruising,[-0.62185191  0.08809385  0.93462812]
373.791228055954,1005,False,4,1,[-4.97146786  2.09061245  4.00000204],cruising,[ 0.50568378 -0.03156594 -0.11489306]
373.89893317222595,1000,False,0,2,[ 8.25981226 -2.34429995  3.99998011],cruising,[-0.82138112 -0.19970136 -0.21083176]
373.89893317222595,1001,False,5,3,[-0.82548281 -8.02464189  1.48133555],fake_landed,[-0.48080528  0.59740651 -0.20557775]
373.89893317222595,1002,False,1,5,[-8.02315259  6.84538324  4.        ],exiting,[ 0.5677905  -0.59831228 -0.99408226]
373.89893317222595,1003,False,6,0,[8.89143902 9.05193763 1.62770899],entering,[ 0.63925976  0.24903542 -0.34837281]
373.89893317222595,1004,False,2,4,[2.43602942 5.11695185 4.00000291],cruising,[-0.62185191  0.08809385  0.93462812]
373.89893317222595,1005,False,4,1,[-5.08660372  2.25414757  4.00000173],cruising,[ 0.50568378 -0.03156594 -0.11489306]
373.99118280410767,1000,False,0,2,[ 8.220267   -2.5403514   3.99998309],cruising,[-0.82138112 -0.19970136 -0.21083176]
373.99118280410767,1001,False,5,3,[-0.84404173 -8.02202137  1.40356216],fake_landed,[-0.48080528  0.59740651 -0.20557775]
373.99118280410767,1002,False,1,5,[-8.08608629  6.92309649  4.        ],exiting,[ 0.5677905  -0.59831228 -0.99408226]
373.99118280410767,1003,False,6,0,[8.8829864  9.01284091 1.70270899],entering,[ 0.63925976  0.24903542 -0.34837281]
373.99118280410767,1004,False,2,4,[2.63176206 5.07585764 4.00000247],cruising,[-0.62185191  0.08809385  0.93462812]
373.99118280410767,1005,False,4,1,[-5.20127325  2.41801001  4.00000147],cruising,[ 0.50568378 -0.03156594 -0.11489306]
374.09124755859375,1000,False,0,2,[ 8.17457021 -2.73506094  3.99998563],cruising,[-0.82138112 -0.19970136 -0.21083176]
374.09124755859375,1001,False,5,3,[-0.85796091 -8.02005597  1.34523212],fake_landed,[-0.48080528  0.59740651 -0.20557775]
374.09124755859375,1002,False,1,5,[-8.14901999  7.00080975  4.        ],exiting,[ 0.5677905  -0.59831228 -0.99408226]
374.09124755859375,1003,False,6,0,[8.87030748 8.95419584 1.77770899],entering,[ 0.63925976  0.24903542 -0.34837281]
374.09124755859375,1004,False,2,4,[2.82887234 5.04198234 4.0000021 ],cruising,[-0.62185191  0.08809385  0.93462812]
374.09124755859375,1005,False,4,1,[-5.31466533  2.58275902  4.00000125],cruising,[ 0.50568378 -0.03156594 -0.11489306]
374.19395780563354,1000,False,0,2,[ 8.12570965 -2.92900073  3.99998779],cruising,[-0.82138112 -0.19970136 -0.21083176]
374.19395780563354,1001,False,5,3,[-0.86724037 -8.01874571  1.30634543],fake_landed,[-0.48080528  0.59740651 -0.20557775]
374.19395780563354,1002,False,1,5,[-8.21195368  7.078523    4.        ],exiting,[ 0.5677905  -0.59831228 -0.99408226]
374.19395780563354,1003,False,6,0,[8.85340224 8.8760024  1.85270899],entering,[ 0.63925976  0.24903542 -0.34837281]
374.19395780563354,1004,False,2,4,[3.02691491 5.01406927 4.00000178],cruising,[-0.62185191  0.08809385  0.93462812]
374.19395780563354,1005,False,4,1,[-5.42646621  2.74859195  4.00000107],cruising,[ 0.50568378 -0.03156594 -0.11489306]
374.29310178756714,1000,False,0,2,[ 8.06950592 -3.12094119  3.99998962],cruising,[-0.82138112 -0.19970136 -0.21083176]
374.29310178756714,1001,False,5,3,[-0.8718801  -8.01809058  1.28690208],fake_landed,[-0.48080528  0.59740651 -0.20557775]
374.29310178756714,1002,False,1,5,[-8.27488738  7.15623625  4.        ],exiting,[ 0.5677905  -0.59831228 -0.99408226]
374.29310178756714,1003,False,6,0,[8.83227233 8.77826026 1.92770899],entering,[ 0.63925976  0.24903542 -0.34837281]
374.29310178756714,1004,False,2,4,[3.22557676 4.99097232 4.00000152],cruising,[-0.62185191  0.08809385  0.93462812]
374.29310178756714,1005,False,4,1,[-5.53633646  2.91571026  4.00000091],cruising,[ 0.50568378 -0.03156594 -0.11489306]
374.3861916065216,1000,False,0,2,[ 8.0093945  -3.31169396  3.99999117],cruising,[-0.82138112 -0.19970136 -0.21083176]
374.3861916065216,1001,False,5,3,[-0.8718801  -8.01809058  1.28690208],fake_landed,[-0.48080528  0.59740651 -0.20557775]
374.3861916065216,1002,False,1,5,[-8.33782107  7.23394951  4.        ],exiting,[ 0.5677905  -0.59831228 -0.99408226]
374.3861916065216,1003,False,6,0,[8.80707471 8.66093614 2.00270899],entering,[ 0.63925976  0.24903542 -0.34837281]
374.3861916065216,1004,False,2,4,[3.42464225 4.97166085 4.00000129],cruising,[-0.62185191  0.08809385  0.93462812]
374.3861916065216,1005,False,4,1,[-5.64389607  3.084325    4.00000077],cruising,[ 0.50568378 -0.03156594 -0.11489306]
374.49608635902405,1000,False,0,2,[ 7.94005317 -3.49928868  3.9999925 ],cruising,[-0.82138112 -0.19970136 -0.21083176]
374.49608635902405,1001,False,3,6,[-0.8718801  -8.01809058  1.28690208],waiting,[-0.48080528  0.59740651 -0.20557775]
374.49608635902405,1002,False,1,5,[-8.40075477  7.31166276  4.        ],landing,[ 0.5677905  -0.59831228 -0.99408226]
374.49608635902405,1003,False,6,0,[8.77805485 8.52398065 2.07770899],entering,[ 0.63925976  0.24903542 -0.34837281]
374.49608635902405,1004,False,2,4,[3.62396483 4.95521369 4.0000011 ],cruising,[-0.62185191  0.08809385  0.93462812]
374.49608635902405,1005,False,4,1,[-5.74870676  3.25466208  4.00000065],cruising,[ 0.50568378 -0.03156594 -0.11489306]
374.59767746925354,1000,False,0,2,[ 7.86041804 -3.68275052  3.99999362],cruising,[-0.82138112 -0.19970136 -0.21083176]
374.59767746925354,1001,False,3,6,[-0.8718801  -8.01809058  1.28690208],waiting,[-0.48080528  0.59740651 -0.20557775]
374.59767746925354,1002,False,1,5,[-8.45261651  7.38093019  3.98564452],landing,[ 0.5677905  -0.59831228 -0.99408226]
374.59767746925354,1003,False,6,0,[8.74561641 8.3673195  2.15270899],entering,[ 0.63925976  0.24903542 -0.34837281]
374.59767746925354,1004,False,2,4,[3.82344528 4.94080709 4.00000093],cruising,[-0.62185191  0.08809385  0.93462812]
374.59767746925354,1005,False,4,1,[-5.85025009  3.4269669   4.00000056],cruising,[ 0.50568378 -0.03156594 -0.11489306]
374.6903085708618,1000,False,0,2,[ 7.77501509 -3.86359945  3.99999458],cruising,[-0.82138112 -0.19970136 -0.21083176]
374.6903085708618,1001,False,3,6,[-0.8718801  -8.01809058  1.28690208],waiting,[-0.48080528  0.59740651 -0.20557775]
374.6903085708618,1002,False,1,5,[-8.49332405  7.44159224  3.95709287],landing,[ 0.5677905  -0.59831228 -0.99408226]
374.6903085708618,1003,False,6,0,[8.71011467 8.19089434 2.22770899],entering,[ 0.63925976  0.24903542 -0.34837281]
374.6903085708618,1004,False,2,4,[4.02301531 4.92769974 4.00000079],cruising,[-0.62185191  0.08809385  0.93462812]
374.6903085708618,1005,False,4,1,[-5.94789954  3.60150797  4.00000047],cruising,[ 0.50568378 -0.03156594 -0.11489306]
374.7980933189392,1000,False,0,2,[ 7.67548185 -4.03707318  3.99999539],cruising,[-0.82138112 -0.19970136 -0.21083176]
374.7980933189392,1001,False,3,6,[-0.8718801  -8.01809058  1.28690208],waiting,[-0.48080528  0.59740651 -0.20557775]
374.7980933189392,1002,False,1,5,[-8.52278071  7.49345887  3.91453914],landing,[ 0.5677905  -0.59831228 -0.99408226]
374.7980933189392,1003,False,6,0,[8.6715875  7.99469933 2.30270899],entering,[ 0.63925976  0.24903542 -0.34837281]
374.7980933189392,1004,False,2,4,[4.22260029 4.91482207 4.00000067],cruising,[-0.62185191  0.08809385  0.93462812]
374.7980933189392,1005,False,4,1,[-6.04088384  3.77857835  4.0000004 ],cruising,[ 0.50568378 -0.03156594 -0.11489306]
374.8941490650177,1000,False,0,2,[ 7.55939504 -4.19932286  3.99999612],cruising,[-0.82138112 -0.19970136 -0.21083176]
374.8941490650177,1001,False,3,6,[-0.8718801  -8.01809058  1.28690208],waiting,[-0.48080528  0.59740651 -0.20557775]
374.8941490650177,1002,False,1,5,[-8.54085274  7.53626235  3.858265  ],landing,[ 0.5677905  -0.59831228 -0.99408226]
374.8941490650177,1003,False,6,0,[8.63305168 7.79844696 2.37770899],entering,[ 0.63925976  0.24903542 -0.34837281]
374.8941490650177,1004,False,2,4,[4.42221118 4.90235233 4.00000057],cruising,[-0.62185191  0.08809385  0.93462812]
374.8941490650177,1005,False,4,1,[-6.12823833  3.95849275  4.00000034],cruising,[ 0.50568378 -0.03156594 -0.11489306]
374.98842692375183,1000,False,0,2,[ 7.42802688 -4.34866982  3.99999678],cruising,[-0.82138112 -0.19970136 -0.21083176]
374.98842692375183,1001,False,3,6,[-0.8718801  -8.01809058  1.28690208],waiting,[-0.48080528  0.59740651 -0.20557775]
374.98842692375183,1002,False,1,5,[-8.54744214  7.56980273  3.78848737],landing,[ 0.5677905  -0.59831228 -0.99408226]
374.98842692375183,1003,False,6,0,[8.59507051 7.6020865  2.45270899],entering,[ 0.63925976  0.24903542 -0.34837281]
374.98842692375183,1004,False,2,4,[4.62180388 4.88959484 4.00000049],cruising,[-0.62185191  0.08809385  0.93462812]
374.98842692375183,1005,False,4,1,[-6.20873991  4.14157606  4.00000029],cruising,[ 0.50568378 -0.03156594 -0.11489306]
375.0851511955261,1000,False,0,2,[ 7.28324666 -4.48318044  3.99999736],cruising,[-0.82138112 -0.19970136 -0.21083176]
375.0851511955261,1001,False,3,6,[-0.8718801  -8.01809058  1.28690208],waiting,[-0.48080528  0.59740651 -0.20557775]
375.0851511955261,1002,False,1,5,[-8.54245199  7.59387864  3.70543053],landing,[ 0.5677905  -0.59831228 -0.99408226]
375.0851511955261,1003,False,6,0,[8.55967959 7.4052427  2.52770899],entering,[ 0.63925976  0.24903542 -0.34837281]
375.0851511955261,1004,False,2,4,[4.82133447 4.87590014 4.00000041],cruising,[-0.62185191  0.08809385  0.93462812]
375.0851511955261,1005,False,4,1,[-6.28082032  4.32813547  4.00000025],cruising,[ 0.50568378 -0.03156594 -0.11489306]
375.1888794898987,1000,False,0,2,[ 7.12743449 -4.60100886  3.99999791],cruising,[-0.82138112 -0.19970136 -0.21083176]
375.1888794898987,1001,False,3,6,[-0.8718801  -8.01809058  1.28690208],waiting,[-0.48080528  0.59740651 -0.20557775]
375.1888794898987,1002,False,1,5,[-8.52578598  7.60828629  3.60932763],landing,[ 0.5677905  -0.59831228 -0.99408226]
375.1888794898987,1003,False,6,0,[8.52551686 7.20818203 2.60270899],entering,[ 0.63925976  0.24903542 -0.34837281]
375.1888794898987,1004,False,2,4,[5.02075176 4.8606443  4.00000035],cruising,[-0.62185191  0.08809385  0.93462812]
375.1888794898987,1005,False,4,1,[-6.33687364  4.52011991  4.00000021],cruising,[ 0.50568378 -0.03156594 -0.11489306]
375.29657316207886,1000,False,0,2,[ 6.96274637 -4.70091473  3.9999984 ],cruising,[-0.82138112 -0.19970136 -0.21083176]
375.29657316207886,1001,False,3,6,[-0.8718801  -8.01809058  1.28690208],waiting,[-0.48080528  0.59740651 -0.20557775]
375.29657316207886,1002,False,1,5,[-8.50786271  7.62163923  3.51185736],landing,[ 0.5677905  -0.59831228 -0.99408226]
375.29657316207886,1003,False,6,0,[8.49135412 7.01112136 2.67770899],entering,[ 0.63925976  0.24903542 -0.34837281]
375.29657316207886,1004,False,2,4,[5.22008066 4.84427381 4.0000003 ],cruising,[-0.62185191  0.08809385  0.93462812]
375.29657316207886,1005,False,4,1,[-6.3795135   4.71552166  4.00000018],cruising,[ 0.50568378 -0.03156594 -0.11489306]
375.3924458026886,1000,False,0,2,[ 6.7913491  -4.7819795   3.99999886],cruising,[-0.82138112 -0.19970136 -0.21083176]
375.3924458026886,1001,False,3,6,[-0.8718801  -8.01809058  1.28690208],waiting,[-0.48080528  0.59740651 -0.20557775]
375.3924458026886,1002,False,1,5,[-8.48993944  7.63499218  3.41438708],landing,[ 0.5677905  -0.59831228 -0.99408226]
375.3924458026886,1003,False,6,0,[8.4586384  6.8138153  2.75270899],entering,[ 0.63925976  0.24903542 -0.34837281]
375.3924458026886,1004,False,2,4,[5.41916796 4.82518864 4.00000025],cruising,[-0.62185191  0.08809385  0.93462812]
375.3924458026886,1005,False,4,1,[-6.40237121  4.91386726  4.00000015],cruising,[ 0.50568378 -0.03156594 -0.11489306]
375.48448944091797,1000,False,0,2,[ 6.61543071 -4.84356198  3.99999927],cruising,[-0.82138112 -0.19970136 -0.21083176]
375.48448944091797,1001,False,3,6,[-0.8718801  -8.01809058  1.28690208],waiting,[-0.48080528  0.59740651 -0.20557775]
375.48448944091797,1002,False,1,5,[-8.47201616  7.64834512  3.3169168 ],landing,[ 0.5677905  -0.59831228 -0.99408226]
375.48448944091797,1003,False,6,0,[8.42951554 6.61594701 2.82770899],entering,[ 0.63925976  0.24903542 -0.34837281]
375.48448944091797,1004,False,2,4,[5.61790158 4.80271753 4.00000022],cruising,[-0.62185191  0.08809385  0.93462812]
375.48448944091797,1005,False,4,1,[-6.40523152  5.11253587  4.00000012],cruising,[ 0.50568378 -0.03156594 -0.11489306]
375.5958995819092,1000,False,0,2,[ 6.43702055 -4.88530029  3.99999963],cruising,[-0.82138112 -0.19970136 -0.21083176]
375.5958995819092,1001,False,3,6,[-0.8718801  -8.01809058  1.28690208],waiting,[-0.48080528  0.59740651 -0.20557775]
375.5958995819092,1002,False,1,5,[-8.45409289  7.66169807  3.21944652],landing,[ 0.5677905  -0.59831228 -0.99408226]
375.5958995819092,1003,False,6,0,[8.40039269 6.41807872 2.90270899],entering,[ 0.63925976  0.24903542 -0.34837281]
375.5958995819092,1004,False,2,4,[5.81612925 4.7761508  4.00000018],cruising,[-0.62185191  0.08809385  0.93462812]
375.5958995819092,1005,False,4,1,[-6.38823364  5.30882706  4.0000001 ],cruising,[ 0.50568378 -0.03156594 -0.11489306]
375.6836793422699,1000,False,0,2,[ 6.25785888 -4.90705273  3.99999994],cruising,[-0.82138112 -0.19970136 -0.21083176]
375.6836793422699,1001,False,3,6,[-0.8718801  -8.01809058  1.28690208],waiting,[-0.48080528  0.59740651 -0.20557775]
375.6836793422699,1002,False,1,5,[-8.43616962  7.67505101  3.12197624],landing,[ 0.5677905  -0.59831228 -0.99408226]
375.6836793422699,1003,False,6,0,[8.37374316 6.21986217 2.97770899],entering,[ 0.63925976  0.24903542 -0.34837281]
375.6836793422699,1004,False,2,4,[6.01364421 4.74472087 4.00000016],cruising,[-0.62185191  0.08809385  0.93462812]
375.6836793422699,1005,False,4,1,[-6.35183748  5.50024932  4.00000008],cruising,[ 0.50568378 -0.03156594 -0.11489306]
375.787136554718,1000,False,0,2,[ 6.07897764 -4.90880713  4.00000019],cruising,[-0.82138112 -0.19970136 -0.21083176]
375.787136554718,1001,False,3,6,[-0.8718801  -8.01809058  1.28690208],waiting,[-0.48080528  0.59740651 -0.20557775]
375.787136554718,1002,False,1,5,[-8.41824635  7.68840396  3.02450596],landing,[ 0.5677905  -0.59831228 -0.99408226]
375.787136554718,1003,False,6,0,[8.35027404 6.02124394 3.05270899],entering,[ 0.63925976  0.24903542 -0.34837281]
375.787136554718,1004,False,2,4,[6.21016596 4.70758329 4.00000013],cruising,[-0.62185191  0.08809385  0.93462812]
375.787136554718,1005,False,4,1,[-6.29678592  5.68446212  4.00000006],cruising,[ 0.50568378 -0.03156594 -0.11489306]
375.8835723400116,1000,False,0,2,[ 5.90164184 -4.89062133  4.0000004 ],cruising,[-0.82138112 -0.19970136 -0.21083176]
375.8835723400116,1001,False,3,6,[-0.8718801  -8.01809058  1.28690208],waiting,[-0.48080528  0.59740651 -0.20557775]
375.8835723400116,1002,False,1,5,[-8.40032308  7.7017569   2.92703568],landing,[ 0.5677905  -0.59831228 -0.99408226]
375.8835723400116,1003,False,6,0,[8.32797439 5.82249102 3.12770899],entering,[ 0.63925976  0.24903542 -0.34837281]
375.8835723400116,1004,False,2,4,[6.40531453 4.66379929 4.00000011],cruising,[-0.62185191  0.08809385  0.93462812]
375.8835723400116,1005,False,4,1,[-6.22398907  5.8594497   4.00000004],cruising,[ 0.50568378 -0.03156594 -0.11489306]
375.9843895435333,1000,False,0,2,[ 5.72688152 -4.85260205  4.00000055],cruising,[-0.82138112 -0.19970136 -0.21083176]
375.9843895435333,1001,False,3,6,[-0.8718801  -8.01809058  1.28690208],waiting,[-0.48080528  0.59740651 -0.20557775]
375.9843895435333,1002,False,1,5,[-8.38239981  7.71510985  2.82956541],landing,[ 0.5677905  -0.59831228 -0.99408226]
375.9843895435333,1003,False,6,0,[8.31060837 5.62324639 3.20270899],entering,[ 0.63925976  0.24903542 -0.34837281]
375.9843895435333,1004,False,2,4,[6.59857616 4.61232173 4.0000001 ],cruising,[-0.62185191  0.08809385  0.93462812]
375.9843895435333,1005,False,4,1,[-6.13466507  6.02317437  4.00000003],cruising,[ 0.50568378 -0.03156594 -0.11489306]
376.0851550102234,1000,False,0,2,[ 5.55502841 -4.7947952   4.00000064],cruising,[-0.82138112 -0.19970136 -0.21083176]
376.0851550102234,1001,False,3,6,[-0.8718801  -8.01809058  1.28690208],waiting,[-0.48080528  0.59740651 -0.20557775]
376.0851550102234,1002,False,1,5,[-8.36447653  7.72846279  2.73209513],landing,[ 0.5677905  -0.59831228 -0.99408226]
376.0851550102234,1003,False,6,0,[8.29588921 5.42378876 3.27770899],entering,[ 0.63925976  0.24903542 -0.34837281]
376.0851550102234,1004,False,2,4,[6.78925876 4.55198811 4.00000008],cruising,[-0.62185191  0.08809385  0.93462812]
376.0851550102234,1005,False,4,1,[-6.02982324  6.1742817   4.00000001],cruising,[ 0.50568378 -0.03156594 -0.11489306]
376.1907823085785,1000,False,0,2,[ 5.38654846 -4.71727485  4.00000067],cruising,[-0.82138112 -0.19970136 -0.21083176]
376.1907823085785,1001,False,3,6,[-0.8718801  -8.01809058  1.28690208],waiting,[-0.48080528  0.59740651 -0.20557775]
376.1907823085785,1002,False,1,5,[-8.34655326  7.74181574  2.63462485],landing,[ 0.5677905  -0.59831228 -0.99408226]
376.1907823085785,1003,False,6,0,[8.28480669 5.22409605 3.35270899],entering,[ 0.63925976  0.24903542 -0.34837281]
376.1907823085785,1004,False,2,4,[6.97643588 4.48152728 4.00000007],cruising,[-0.62185191  0.08809385  0.93462812]
376.1907823085785,1005,False,4,1,[-5.91037971  6.31172192  4.        ],cruising,[ 0.50568378 -0.03156594 -0.11489306]
376.2848529815674,1000,False,0,2,[ 5.22061525 -4.61991732  4.00000063],cruising,[-0.82138112 -0.19970136 -0.21083176]
376.2848529815674,1001,False,3,6,[-0.8718801  -8.01809058  1.28690208],waiting,[-0.48080528  0.59740651 -0.20557775]
376.2848529815674,1002,False,1,5,[-8.32862999  7.75516868  2.53715457],landing,[ 0.5677905  -0.59831228 -0.99408226]
376.2848529815674,1003,False,6,0,[8.27986025 5.02415723 3.42770899],entering,[ 0.63925976  0.24903542 -0.34837281]
376.2848529815674,1004,False,2,4,[7.15888092 4.39958946 4.00000006],cruising,[-0.62185191  0.08809385  0.93462812]
376.2848529815674,1005,False,4,1,[-5.77722032  6.4346062   3.99999999],cruising,[ 0.50568378 -0.03156594 -0.11489306]
376.3846786022186,1000,False,0,2,[ 5.05302924 -4.5107618   4.00000053],cruising,[-0.82138112 -0.19970136 -0.21083176]
376.3846786022186,1001,False,3,6,[-0.8718801  -8.01809058  1.28690208],waiting,[-0.48080528  0.59740651 -0.20557775]
376.3846786022186,1002,False,1,5,[-8.31070672  7.76852163  2.43968429],landing,[ 0.5677905  -0.59831228 -0.99408226]
376.3846786022186,1003,False,6,0,[8.28035444 4.82415784 3.50270899],entering,[ 0.63925976  0.24903542 -0.34837281]
376.3846786022186,1004,False,2,4,[7.33499859 4.30481306 4.00000005],cruising,[-0.62185191  0.08809385  0.93462812]
376.3846786022186,1005,False,4,1,[-5.63116774  6.54220108  3.99999999],cruising,[ 0.50568378 -0.03156594 -0.11489306]
376.48389196395874,1000,False,0,2,[ 4.8817927  -4.40742716  4.00000045],cruising,[-0.82138112 -0.19970136 -0.21083176]
376.48389196395874,1001,False,3,6,[-0.8718801  -8.01809058  1.28690208],waiting,[-0.48080528  0.59740651 -0.20557775]
376.48389196395874,1002,False,1,5,[-8.29278345  7.78187457  2.34221401],landing,[ 0.5677905  -0.59831228 -0.99408226]
376.48389196395874,1003,False,6,0,[8.28497105 4.62421113 3.57730264],entering,[ 0.63925976  0.24903542 -0.34837281]
376.48389196395874,1004,False,2,4,[7.5027703  4.19594316 4.00000004],cruising,[-0.62185191  0.08809385  0.93462812]
376.48389196395874,1005,False,4,1,[-5.47294769  6.63392294  3.99999998],cruising,[ 0.50568378 -0.03156594 -0.11489306]
376.5895400047302,1000,False,0,2,[ 4.70751836 -4.30930247  4.00000038],cruising,[-0.82138112 -0.19970136 -0.21083176]
376.5895400047302,1001,False,3,6,[-0.8718801  -8.01809058  1.28690208],waiting,[-0.48080528  0.59740651 -0.20557775]
376.5895400047302,1002,False,1,5,[-8.27486018  7.79522752  2.24474373],landing,[ 0.5677905  -0.59831228 -0.99408226]
376.5895400047302,1003,False,6,0,[8.29436066 4.42443166 3.64070725],entering,[ 0.63925976  0.24903542 -0.34837281]
376.5895400047302,1004,False,2,4,[7.65851778 4.07109146 4.00000004],cruising,[-0.62185191  0.08809385  0.93462812]
376.5895400047302,1005,False,4,1,[-5.30314909  6.70933723  3.99999998],cruising,[ 0.50568378 -0.03156594 -0.11489306]
376.6917052268982,1000,False,0,2,[ 4.53004164 -4.21709611  4.00000033],cruising,[-0.82138112 -0.19970136 -0.21083176]
376.6917052268982,1001,False,3,6,[-0.8718801  -8.01809058  1.28690208],waiting,[-0.48080528  0.59740651 -0.20557775]
376.6917052268982,1002,False,1,5,[-8.2569369   7.80858046  2.14727346],landing,[ 0.5677905  -0.59831228 -0.99408226]
376.6917052268982,1003,False,6,0,[8.30664732 4.22480942 3.69460116],entering,[ 0.63925976  0.24903542 -0.34837281]
376.6917052268982,1004,False,2,4,[7.8008505  3.93140586 4.00000003],cruising,[-0.62185191  0.08809385  0.93462812]
376.6917052268982,1005,False,4,1,[-5.12217553  6.76816476  3.99999998],cruising,[ 0.50568378 -0.03156594 -0.11489306]
376.7902088165283,1000,False,0,2,[ 4.35085313 -4.12826212  4.00000028],cruising,[-0.82138112 -0.19970136 -0.21083176]
376.7902088165283,1001,False,3,6,[-0.8718801  -8.01809058  1.28690208],queued,[-0.48080528  0.59740651 -0.20557775]
376.7902088165283,1002,False,1,5,[-8.23901363  7.82193341  2.04980318],landing,[ 0.5677905  -0.59831228 -0.99408226]
376.7902088165283,1003,False,6,0,[8.31621666 4.02503849 3.74041099],entering,[ 0.63925976  0.24903542 -0.34837281]
376.7902088165283,1004,False,2,4,[7.9283059  3.7783537  4.00000003],cruising,[-0.62185191  0.08809385  0.93462812]
376.7902088165283,1005,False,4,1,[-4.9304916   6.81010183  3.99999998],cruising,[ 0.50568378 -0.03156594 -0.11489306]
376.8835861682892,1000,False,0,2,[ 4.16978271 -4.04332976  4.00000024],cruising,[-0.82138112 -0.19970136 -0.21083176]
376.8835861682892,1001,False,3,6,[-0.8718801  -8.01809058  1.30690208],queued,[-0.48080528  0.59740651 -0.20557775]
376.8835861682892,1002,False,1,5,[-8.22109036  7.83528635  1.9523329 ],landing,[ 0.5677905  -0.59831228 -0.99408226]
376.8835861682892,1003,False,6,0,[8.33102535 3.82558748 3.77934934],cruising,[ 0.63925976  0.24903542 -0.34837281]
376.8835861682892,1004,False,2,4,[8.03953436 3.61361024 4.00000002],cruising,[-0.62185191  0.08809385  0.93462812]
376.8835861682892,1005,False,4,1,[-4.73398105  6.84729864  3.99999998],cruising,[ 0.50568378 -0.03156594 -0.11489306]
376.9837644100189,1000,False,0,2,[ 3.98774624 -3.9604882   4.0000002 ],cruising,[-0.82138112 -0.19970136 -0.21083176]
376.9837644100189,1001,False,3,6,[-0.8718801  -8.01809058  1.34690208],queued,[-0.48080528  0.59740651 -0.20557775]
376.9837644100189,1002,False,1,5,[-8.20316709  7.8486393   1.85486262],landing,[ 0.5677905  -0.59831228 -0.99408226]
376.9837644100189,1003,False,6,0,[8.34004159 3.62579082 3.81244694],cruising,[ 0.63925976  0.24903542 -0.34837281]
376.9837644100189,1004,False,2,4,[8.13317792 3.43933937 4.00000002],cruising,[-0.62185191  0.08809385  0.93462812]
376.9837644100189,1005,False,4,1,[-4.53841176  6.88916335  3.99999999],cruising,[ 0.50568378 -0.03156594 -0.11489306]
377.0850167274475,1000,False,0,2,[ 3.80457806 -3.88017995  4.00000017],cruising,[-0.82138112 -0.19970136 -0.21083176]
377.0850167274475,1001,False,3,6,[-0.8718801  -8.01809058  1.40690208],queued,[-0.48080528  0.59740651 -0.20557775]
377.0850167274475,1002,False,1,5,[-8.18524382  7.86199224  1.75739234],landing,[ 0.5677905  -0.59831228 -0.99408226]
377.0850167274475,1003,False,6,0,[8.34744071 3.42592773 3.8405799 ],cruising,[ 0.63925976  0.24903542 -0.34837281]
377.0850167274475,1004,False,2,4,[8.20881267 3.25636894 4.00000001],cruising,[-0.62185191  0.08809385  0.93462812]
377.0850167274475,1005,False,4,1,[-4.34352543  6.93410018  3.99999999],cruising,[ 0.50568378 -0.03156594 -0.11489306]
377.18435502052307,1000,False,0,2,[ 3.62079384 -3.80129168  4.00000014],cruising,[-0.82138112 -0.19970136 -0.21083176]
377.18435502052307,1001,False,3,6,[-0.8718801  -8.01809058  1.48190208],queued,[-0.48080528  0.59740651 -0.20557775]
377.18435502052307,1002,False,1,5,[-8.16732055  7.87534519  1.65992206],landing,[ 0.5677905  -0.59831228 -0.99408226]
377.18435502052307,1003,False,6,0,[8.36093081 3.22638321 3.86449291],cruising,[ 0.63925976  0.24903542 -0.34837281]
377.18435502052307,1004,False,2,4,[8.26579516 3.06618092 4.00000001],cruising,[-0.62185191  0.08809385  0.93462812]
377.18435502052307,1005,False,4,1,[-4.14902398  6.9806747   3.99999999],cruising,[ 0.50568378 -0.03156594 -0.11489306]
377.2861316204071,1000,False,0,2,[ 3.43627704 -3.7241324   4.00000012],cruising,[-0.82138112 -0.19970136 -0.21083176]
377.2861316204071,1001,False,3,6,[-0.8718801  -8.01809058  1.55690208],queued,[-0.48080528  0.59740651 -0.20557775]
377.2861316204071,1002,False,1,5,[-8.14939727  7.88869813  1.56245179],landing,[ 0.5677905  -0.59831228 -0.99408226]
377.2861316204071,1003,False,6,0,[8.37305438 3.026751   3.88481898],cruising,[ 0.63925976  0.24903542 -0.34837281]
377.2861316204071,1004,False,2,4,[8.30364891 2.87015415 4.00000001],cruising,[-0.62185191  0.08809385  0.93462812]
377.2861316204071,1005,False,4,1,[-3.95461754  7.02764422  3.99999999],cruising,[ 0.50568378 -0.03156594 -0.11489306]
377.3964238166809,1000,False,0,2,[ 3.25124987 -3.64820518  4.0000001 ],cruising,[-0.82138112 -0.19970136 -0.21083176]
377.3964238166809,1001,False,3,6,[-0.8718801  -8.01809058  1.63190208],queued,[-0.48080528  0.59740651 -0.20557775]
377.3964238166809,1002,False,1,5,[-8.131474    7.90205108  1.46498151],fake_landed,[ 0.5677905  -0.59831228 -0.99408226]
377.3964238166809,1003,False,6,0,[8.38457714 2.82708321 3.90209613],cruising,[ 0.63925976  0.24903542 -0.34837281]
377.3964238166809,1004,False,2,4,[8.3327208  2.67227837 4.00000001],cruising,[-0.62185191  0.08809385  0.93462812]
377.3964238166809,1005,False,4,1,[-3.75948974  7.07152064  3.99999999],cruising,[ 0.50568378 -0.03156594 -0.11489306]
377.48703169822693,1000,False,0,2,[ 3.06567907 -3.57361643  4.00000009],cruising,[-0.82138112 -0.19970136 -0.21083176]
377.48703169822693,1001,False,3,6,[-0.8718801  -8.01809058  1.70690208],queued,[-0.48080528  0.59740651 -0.20557775]
377.48703169822693,1002,False,1,5,[-8.11713539  7.91273343  1.38700528],fake_landed,[ 0.5677905  -0.59831228 -0.99408226]
377.48703169822693,1003,False,6,0,[8.39961118 2.62764906 3.91678171],cruising,[ 0.63925976  0.24903542 -0.34837281]
377.48703169822693,1004,False,2,4,[8.36128886 2.47432922 4.00000001],cruising,[-0.62185191  0.08809385  0.93462812]
377.48703169822693,1005,False,4,1,[-3.56411036  7.11426287  3.99999999],cruising,[ 0.50568378 -0.03156594 -0.11489306]
377.5932025909424,1000,False,0,2,[ 2.87954583 -3.50044256  4.00000008],cruising,[-0.82138112 -0.19970136 -0.21083176]
377.5932025909424,1001,False,3,6,[-0.8718801  -8.01809058  1.78190208],queued,[-0.48080528  0.59740651 -0.20557775]
377.5932025909424,1002,False,1,5,[-8.10638142  7.9207452   1.32852312],fake_landed,[ 0.5677905  -0.59831228 -0.99408226]
377.5932025909424,1003,False,6,0,[8.41290006 2.42809104 3.92926445],cruising,[ 0.63925976  0.24903542 -0.34837281]
377.5932025909424,1004,False,2,4,[8.38506451 2.27574745 4.00000001],cruising,[-0.62185191  0.08809385  0.93462812]
377.5932025909424,1005,False,4,1,[-3.36829348  7.15495381  3.99999999],cruising,[ 0.50568378 -0.03156594 -0.11489306]
377.6903395652771,1000,False,0,2,[ 2.69274373 -3.42899345  4.00000006],cruising,[-0.82138112 -0.19970136 -0.21083176]
377.6903395652771,1001,False,3,6,[-0.8718801  -8.01809058  1.85690208],entering,[-0.48080528  0.59740651 -0.20557775]
377.6903395652771,1002,False,1,5,[-8.09921211  7.92608638  1.28953501],fake_landed,[ 0.5677905  -0.59831228 -0.99408226]
377.6903395652771,1003,False,6,0,[8.42790168 2.22865445 3.93987479],cruising,[ 0.63925976  0.24903542 -0.34837281]
377.6903395652771,1004,False,2,4,[8.40789888 2.07705525 4.        ],cruising,[-0.62185191  0.08809385  0.93462812]
377.6903395652771,1005,False,4,1,[-3.17142837  7.19022599  4.        ],cruising,[ 0.50568378 -0.03156594 -0.11489306]
377.7842540740967,1000,False,0,2,[ 2.50543235 -3.35889035  4.00000005],cruising,[-0.82138112 -0.19970136 -0.21083176]
377.7842540740967,1001,False,3,6,[-0.87836726 -7.99917189  1.93190208],entering,[-0.48080528  0.59740651 -0.20557775]
377.7842540740967,1002,False,1,5,[-8.09562746  7.92875697  1.27004095],fake_landed,[ 0.5677905  -0.59831228 -0.99408226]
377.7842540740967,1003,False,6,0,[8.44041747 2.02904645 3.94889357],cruising,[ 0.63925976  0.24903542 -0.34837281]
377.7842540740967,1004,False,2,4,[8.42629194 1.87790281 4.        ],cruising,[-0.62185191  0.08809385  0.93462812]
377.7842540740967,1005,False,4,1,[-2.97400066  7.22219941  4.        ],cruising,[ 0.50568378 -0.03156594 -0.11489306]
377.8840184211731,1000,False,0,2,[ 2.31724358 -3.2911778   4.00000005],cruising,[-0.82138112 -0.19970136 -0.21083176]
377.8840184211731,1001,False,3,6,[-0.89134158 -7.96133451  2.00690208],entering,[-0.48080528  0.59740651 -0.20557775]
377.8840184211731,1002,False,1,5,[-8.09562746  7.92875697  1.27004095],fake_landed,[ 0.5677905  -0.59831228 -0.99408226]
377.8840184211731,1003,False,6,0,[8.4534633  1.82947239 3.95655953],cruising,[ 0.63925976  0.24903542 -0.34837281]
377.8840184211731,1004,False,2,4,[8.44353116 1.67864717 4.        ],cruising,[-0.62185191  0.08809385  0.93462812]
377.8840184211731,1005,False,4,1,[-2.77556264  7.24714638  4.        ],cruising,[ 0.50568378 -0.03156594 -0.11489306]
377.9982485771179,1000,False,0,2,[ 2.12847707 -3.22509296  4.00000004],cruising,[-0.82138112 -0.19970136 -0.21083176]
377.9982485771179,1001,False,3,6,[-0.91080306 -7.90457845  2.08190208],entering,[-0.48080528  0.59740651 -0.20557775]
377.9982485771179,1002,False,5,3,[-8.09562746  7.92875697  1.27004095],waiting,[ 0.5677905  -0.59831228 -0.99408226]
377.9982485771179,1003,False,6,0,[8.46365194 1.62973208 3.9630756 ],cruising,[ 0.63925976  0.24903542 -0.34837281]
377.9982485771179,1004,False,2,4,[8.45669791 1.47908105 4.        ],cruising,[-0.62185191  0.08809385  0.93462812]
377.9982485771179,1005,False,4,1,[-2.57657911  7.26728482  4.        ],cruising,[ 0.50568378 -0.03156594 -0.11489306]
378.0888421535492,1000,False,0,2,[ 1.93852599 -3.16249435  4.00000003],cruising,[-0.82138112 -0.19970136 -0.21083176]
378.0888421535492,1001,False,3,6,[-0.9367517  -7.8289037   2.15690208],entering,[-0.48080528  0.59740651 -0.20557775]
378.0888421535492,1002,False,5,3,[-8.09562746  7.92875697  1.27004095],waiting,[ 0.5677905  -0.59831228 -0.99408226]
378.0888421535492,1003,False,6,0,[8.47362761 1.42998102 3.96861426],cruising,[ 0.63925976  0.24903542 -0.34837281]
378.0888421535492,1004,False,2,4,[8.46860023 1.27943552 4.        ],cruising,[-0.62185191  0.08809385  0.93462812]
378.0888421535492,1005,False,4,1,[-2.37686509  7.27797633  4.        ],cruising,[ 0.50568378 -0.03156594 -0.11489306]
378.19564962387085,1000,False,0,2,[ 1.74721216 -3.10419327  4.00000003],cruising,[-0.82138112 -0.19970136 -0.21083176]
378.19564962387085,1001,False,3,6,[-0.9691875  -7.73431026  2.23190208],entering,[-0.48080528  0.59740651 -0.20557775]
378.19564962387085,1002,False,5,3,[-8.09562746  7.92875697  1.27004095],waiting,[ 0.5677905  -0.59831228 -0.99408226]
378.19564962387085,1003,False,6,0,[8.48287694 1.23019501 3.97332212],cruising,[ 0.63925976  0.24903542 -0.34837281]
378.19564962387085,1004,False,2,4,[8.47895775 1.0797039  4.        ],cruising,[-0.62185191  0.08809385  0.93462812]
378.19564962387085,1005,False,4,1,[-2.17686629  7.27728196  4.        ],cruising,[ 0.50568378 -0.03156594 -0.11489306]
378.28584146499634,1000,False,0,2,[ 1.55434401 -3.05126051  4.00000002],cruising,[-0.82138112 -0.19970136 -0.21083176]
378.28584146499634,1001,False,3,6,[-1.00811047 -7.62079813  2.30690208],entering,[-0.48080528  0.59740651 -0.20557775]
378.28584146499634,1002,False,5,3,[-8.09562746  7.92875697  1.27004095],waiting,[ 0.5677905  -0.59831228 -0.99408226]
378.28584146499634,1003,False,6,0,[8.48869021 1.03027951 3.9773238 ],cruising,[ 0.63925976  0.24903542 -0.34837281]
378.28584146499634,1004,False,2,4,[8.48531178 0.87980486 4.        ],cruising,[-0.62185191  0.08809385  0.93462812]
378.28584146499634,1005,False,4,1,[-1.97790141  7.25696016  4.        ],cruising,[ 0.50568378 -0.03156594 -0.11489306]
378.39887523651123,1000,False,0,2,[ 1.35973295 -3.00514613  4.00000002],cruising,[-0.82138112 -0.19970136 -0.21083176]
378.39887523651123,1001,False,3,6,[-1.05352059 -7.48836732  2.38190208],entering,[-0.48080528  0.59740651 -0.20557775]
378.39887523651123,1002,False,5,3,[-8.09562746  7.92875697  1.27004095],waiting,[ 0.5677905  -0.59831228 -0.99408226]
378.39887523651123,1003,False,6,0,[8.49353956 0.83033831 3.98072523],cruising,[ 0.63925976  0.24903542 -0.34837281]
378.39887523651123,1004,False,2,4,[8.49018986 0.67986436 4.        ],cruising,[-0.62185191  0.08809385  0.93462812]
378.39887523651123,1005,False,4,1,[-1.78056818  7.22440871  4.        ],cruising,[ 0.50568378 -0.03156594 -0.11489306]
378.48917055130005,1000,False,0,2,[ 1.16323962 -2.96785844  4.00000002],cruising,[-0.82138112 -0.19970136 -0.21083176]
378.48917055130005,1001,False,3,6,[-1.10541787 -7.33701782  2.45690208],entering,[-0.48080528  0.59740651 -0.20557775]
378.48917055130005,1002,False,5,3,[-8.09562746  7.92875697  1.27004095],waiting,[ 0.5677905  -0.59831228 -0.99408226]
378.48917055130005,1003,False,6,0,[8.49711565 0.63037028 3.98361645],cruising,[ 0.63925976  0.24903542 -0.34837281]
378.48917055130005,1004,False,2,4,[8.49339586 0.47989005 4.        ],cruising,[-0.62185191  0.08809385  0.93462812]
378.48917055130005,1005,False,4,1,[-1.58695223  7.17428023  4.        ],cruising,[ 0.50568378 -0.03156594 -0.11489306]
378.5912170410156,1000,False,0,2,[ 0.96415468 -2.94874859  4.00000001],cruising,[-0.82138112 -0.19970136 -0.21083176]
378.5912170410156,1001,False,3,6,[-1.16380232 -7.16674963  2.53190208],entering,[-0.48080528  0.59740651 -0.20557775]
378.5912170410156,1002,False,5,3,[-8.09562746  7.92875697  1.27004095],waiting,[ 0.5677905  -0.59831228 -0.99408226]
378.5912170410156,1003,False,6,0,[8.49709253 0.43037028 3.98607398],cruising,[ 0.63925976  0.24903542 -0.34837281]
378.5912170410156,1004,False,2,4,[8.49273269 0.27989115 4.        ],cruising,[-0.62185191  0.08809385  0.93462812]
378.5912170410156,1005,False,4,1,[-1.39774301  7.10947382  4.        ],cruising,[ 0.50568378 -0.03156594 -0.11489306]
378.69464230537415,1000,False,0,2,[ 0.76425239 -2.94249765  4.00000001],cruising,[-0.82138112 -0.19970136 -0.21083176]
378.69464230537415,1001,False,3,6,[-1.22992579 -6.97803943  2.60690208],entering,[-0.48080528  0.59740651 -0.20557775]
378.69464230537415,1002,False,5,3,[-8.09562746  7.92875697  1.27004095],waiting,[ 0.5677905  -0.59831228 -0.99408226]
378.69464230537415,1003,False,6,0,[8.49575359 0.23037477 3.98816288],cruising,[ 0.63925976  0.24903542 -0.34837281]
378.69464230537415,1004,False,2,4,[8.4904953  0.07990367 4.        ],cruising,[-0.62185191  0.08809385  0.93462812]
378.69464230537415,1005,False,4,1,[-1.21304408  7.03275156  4.        ],cruising,[ 0.50568378 -0.03156594 -0.11489306]
378.78885650634766,1000,False,0,2,[ 0.56446262 -2.95166544  4.00000001],cruising,[-0.82138112 -0.19970136 -0.21083176]
378.78885650634766,1001,False,3,6,[-1.29606506 -6.78929199  2.68190208],entering,[-0.48080528  0.59740651 -0.20557775]
378.78885650634766,1002,False,5,3,[-8.09562746  7.92875697  1.27004095],waiting,[ 0.5677905  -0.59831228 -0.99408226]
378.78885650634766,1003,False,6,0,[8.49287713 0.03039545 3.98993845],cruising,[ 0.63925976  0.24903542 -0.34837281]
378.78885650634766,1004,False,2,4,[ 8.48651484 -0.12005672  4.        ],cruising,[-0.62185191  0.08809385  0.93462812]
378.78885650634766,1005,False,4,1,[-1.03254895  6.94660339  4.        ],cruising,[ 0.50568378 -0.03156594 -0.11489306]
378.8919401168823,1000,False,0,2,[ 0.36591311 -2.975709    4.00000001],cruising,[-0.82138112 -0.19970136 -0.21083176]
378.8919401168823,1001,False,3,6,[-1.36220432 -6.60054454  2.75690208],entering,[-0.48080528  0.59740651 -0.20557775]
378.8919401168823,1002,False,5,3,[-8.09562746  7.92875697  1.27004095],waiting,[ 0.5677905  -0.59831228 -0.99408226]
378.8919401168823,1003,False,6,0,[ 8.4882875  -0.16955188  3.99144768],cruising,[ 0.63925976  0.24903542 -0.34837281]
378.8919401168823,1004,False,2,4,[ 8.4806553  -0.31997086  4.        ],cruising,[-0.62185191  0.08809385  0.93462812]
378.8919401168823,1005,False,4,1,[-0.85570161  6.85319558  4.        ],cruising,[ 0.50568378 -0.03156594 -0.11489306]
378.99915051460266,1000,False,0,2,[ 0.16958911 -3.01387821  4.00000001],cruising,[-0.82138112 -0.19970136 -0.21083176]
378.99915051460266,1001,False,3,6,[-1.42903758 -6.41204172  2.83190208],entering,[-0.48080528  0.59740651 -0.20557775]
378.99915051460266,1002,False,5,3,[-8.09562746  7.92875697  1.27004095],waiting,[ 0.5677905  -0.59831228 -0.99408226]
378.99915051460266,1003,False,6,0,[ 8.47979842 -0.36937164  3.99273053],cruising,[ 0.63925976  0.24903542 -0.34837281]
378.99915051460266,1004,False,2,4,[ 8.4707691  -0.51972637  4.        ],cruising,[-0.62185191  0.08809385  0.93462812]
378.99915051460266,1005,False,4,1,[-0.68077835  6.75623243  4.        ],cruising,[ 0.50568378 -0.03156594 -0.11489306]
379.11571431159973,1000,False,0,2,[-0.0237257  -3.06515571  4.00000001],cruising,[-0.82138112 -0.19970136 -0.21083176]
379.11571431159973,1001,False,3,6,[-1.49649541 -6.2237615   2.90690208],entering,[-0.48080528  0.59740651 -0.20557775]
379.11571431159973,1002,False,5,3,[-8.09562746  7.92875697  1.27004095],waiting,[ 0.5677905  -0.59831228 -0.99408226]
379.11571431159973,1003,False,6,0,[ 8.4696719  -0.56911511  3.99382095],cruising,[ 0.63925976  0.24903542 -0.34837281]
379.11571431159973,1004,False,2,4,[ 8.45911979 -0.71938682  4.        ],cruising,[-0.62185191  0.08809385  0.93462812]
379.11571431159973,1005,False,4,1,[-0.50857878  6.65451072  4.        ],cruising,[ 0.50568378 -0.03156594 -0.11489306]
379.21754336357117,1000,False,0,2,[-0.21232008 -3.13173019  4.00000001],cruising,[-0.82138112 -0.19970136 -0.21083176]
379.21754336357117,1001,False,3,6,[-1.56395324 -6.03548128  2.98190208],entering,[-0.48080528  0.59740651 -0.20557775]
379.21754336357117,1002,False,5,3,[-8.09562746  7.92875697  1.27004095],waiting,[ 0.5677905  -0.59831228 -0.99408226]
379.21754336357117,1003,False,6,0,[ 8.4577283  -0.76875816  3.99474781],cruising,[ 0.63925976  0.24903542 -0.34837281]
379.21754336357117,1004,False,2,4,[ 8.44554281 -0.91892545  4.        ],cruising,[-0.62185191  0.08809385  0.93462812]
379.21754336357117,1005,False,4,1,[-0.33761736  6.55072154  4.        ],cruising,[ 0.50568378 -0.03156594 -0.11489306]
379.3515558242798,1000,False,0,2,[-0.39749288 -3.20730157  4.        ],cruising,[-0.82138112 -0.19970136 -0.21083176]
379.3515558242798,1001,False,3,6,[-1.63268472 -5.84766226  3.05690208],entering,[-0.48080528  0.59740651 -0.20557775]
379.3515558242798,1002,False,5,3,[-8.09562746  7.92875697  1.27004095],waiting,[ 0.5677905  -0.59831228 -0.99408226]
379.3515558242798,1003,False,6,0,[ 8.44381351 -0.96827352  3.99553564],cruising,[ 0.63925976  0.24903542 -0.34837281]
379.3515558242798,1004,False,2,4,[ 8.42989343 -1.11831225  4.        ],cruising,[-0.62185191  0.08809385  0.93462812]
379.3515558242798,1005,False,4,1,[-0.16821642  6.44440446  4.        ],cruising,[ 0.50568378 -0.03156594 -0.11489306]
379.45195150375366,1000,False,0,2,[-0.57854681 -3.29226905  4.        ],cruising,[-0.82138112 -0.19970136 -0.21083176]
379.45195150375366,1001,False,3,6,[-1.7014162  -5.65984324  3.13190208],entering,[-0.48080528  0.59740651 -0.20557775]
379.45195150375366,1002,False,5,3,[-8.09562746  7.92875697  1.27004095],waiting,[ 0.5677905  -0.59831228 -0.99408226]
379.45195150375366,1003,False,6,0,[ 8.42561793 -1.1674441   3.99620529],cruising,[ 0.63925976  0.24903542 -0.34837281]
379.45195150375366,1004,False,2,4,[ 8.40983485 -1.31730384  4.        ],cruising,[-0.62185191  0.08809385  0.93462812]
379.45195150375366,1005,False,4,1,[7.04690080e-04 6.33732664e+00 4.00000000e+00],cruising,[ 0.50568378 -0.03156594 -0.11489306]
379.55839562416077,1000,False,0,2,[-0.75700903 -3.38255325  4.        ],cruising,[-0.82138112 -0.19970136 -0.21083176]
379.55839562416077,1001,False,3,6,[-1.77128655 -5.47244491  3.20690208],entering,[-0.48080528  0.59740651 -0.20557775]
379.55839562416077,1002,False,5,3,[-8.09562746  7.92875697  1.27004095],waiting,[ 0.5677905  -0.59831228 -0.99408226]
379.55839562416077,1003,False,6,0,[ 8.4055018  -1.36642989  3.9967745 ],cruising,[ 0.63925976  0.24903542 -0.34837281]
379.55839562416077,1004,False,2,4,[ 8.38775397 -1.51608119  4.        ],cruising,[-0.62185191  0.08809385  0.93462812]
379.55839562416077,1005,False,4,1,[0.16925817 6.22967106 4.        ],cruising,[ 0.50568378 -0.03156594 -0.11489306]
379.6554334163666,1000,False,0,2,[-0.93501005 -3.47374336  4.        ],cruising,[-0.82138112 -0.19970136 -0.21083176]
379.6554334163666,1001,False,3,6,[-1.84047154 -5.28479248  3.28190208],entering,[-0.48080528  0.59740651 -0.20557775]
379.6554334163666,1002,False,5,3,[-8.09562746  7.92875697  1.27004095],waiting,[ 0.5677905  -0.59831228 -0.99408226]
379.6554334163666,1003,False,6,0,[ 8.38326255 -1.56518958  3.99725832],cruising,[ 0.63925976  0.24903542 -0.34837281]
379.6554334163666,1004,False,2,4,[ 8.36344491 -1.71459837  4.        ],cruising,[-0.62185191  0.08809385  0.93462812]
379.6554334163666,1005,False,4,1,[0.33805882 6.12240345 4.        ],cruising,[ 0.50568378 -0.03156594 -0.11489306]
379.76363253593445,1000,False,0,2,[-1.11595726 -3.5589379   4.        ],cruising,[-0.82138112 -0.19970136 -0.21083176]
379.76363253593445,1001,False,3,6,[-1.91136708 -5.09777958  3.35690208],entering,[-0.48080528  0.59740651 -0.20557775]
379.76363253593445,1002,False,5,3,[-8.09562746  7.92875697  1.27004095],waiting,[ 0.5677905  -0.59831228 -0.99408226]
379.76363253593445,1003,False,6,0,[ 8.35635532 -1.76337132  3.99766957],cruising,[ 0.63925976  0.24903542 -0.34837281]
379.76363253593445,1004,False,2,4,[ 8.33427769 -1.91246012  4.        ],cruising,[-0.62185191  0.08809385  0.93462812]
379.76363253593445,1005,False,4,1,[0.50759906 6.01630865 4.        ],cruising,[ 0.50568378 -0.03156594 -0.11489306]
379.8652312755585,1000,False,0,2,[-1.3038041 -3.6275933  4.       ],cruising,[-0.82138112 -0.19970136 -0.21083176]
379.8652312755585,1001,False,3,6,[-1.9828804  -4.91100206  3.43190208],entering,[-0.48080528  0.59740651 -0.20557775]
379.8652312755585,1002,False,5,3,[-8.09562746  7.92875697  1.27004095],waiting,[ 0.5677905  -0.59831228 -0.99408226]
379.8652312755585,1003,False,6,0,[ 8.32725024 -1.96124222  3.99801914],cruising,[ 0.63925976  0.24903542 -0.34837281]
379.8652312755585,1004,False,2,4,[ 8.3027884  -2.10996563  4.        ],cruising,[-0.62185191  0.08809385  0.93462812]
379.8652312755585,1005,False,4,1,[0.67803396 5.91165711 4.        ],cruising,[ 0.50568378 -0.03156594 -0.11489306]
379.9640254974365,1000,False,0,2,[-1.49698729 -3.67697376  4.        ],cruising,[-0.82138112 -0.19970136 -0.21083176]
379.9640254974365,1001,False,3,6,[-2.05465607 -4.72432519  3.50690208],entering,[-0.48080528  0.59740651 -0.20557775]
379.9640254974365,1002,False,5,3,[-8.09562746  7.92875697  1.27004095],waiting,[ 0.5677905  -0.59831228 -0.99408226]
379.9640254974365,1003,False,6,0,[ 8.29568242 -2.15873519  3.99831627],cruising,[ 0.63925976  0.24903542 -0.34837281]
379.9640254974365,1004,False,2,4,[ 8.26869733 -2.30703871  4.        ],cruising,[-0.62185191  0.08809385  0.93462812]
379.9640254974365,1005,False,4,1,[0.85017105 5.80982969 4.        ],cruising,[ 0.50568378 -0.03156594 -0.11489306]
380.0583689212799,1000,False,0,2,[-1.69249938 -3.70649027  4.        ],cruising,[-0.82138112 -0.19970136 -0.21083176]
380.0583689212799,1001,False,3,6,[-2.12632529 -4.53760742  3.58086677],entering,[-0.48080528  0.59740651 -0.20557775]
380.0583689212799,1002,False,5,3,[-8.09562746  7.92875697  1.27004095],waiting,[ 0.5677905  -0.59831228 -0.99408226]
380.0583689212799,1003,False,6,0,[ 8.25863447 -2.35527386  3.99856883],cruising,[ 0.63925976  0.24903542 -0.34837281]
380.0583689212799,1004,False,2,4,[ 8.22881718 -2.50302231  4.        ],cruising,[-0.62185191  0.08809385  0.93462812]
380.0583689212799,1005,False,4,1,[1.02374769 5.71047603 4.        ],cruising,[ 0.50568378 -0.03156594 -0.11489306]
380.16296768188477,1000,False,0,2,[-1.88707638 -3.71602866  4.        ],cruising,[-0.82138112 -0.19970136 -0.21083176]
380.16296768188477,1001,False,3,6,[-2.19590305 -4.35010026  3.64373675],entering,[-0.48080528  0.59740651 -0.20557775]
380.16296768188477,1002,False,5,3,[-8.09562746  7.92875697  1.27004095],waiting,[ 0.5677905  -0.59831228 -0.99408226]
380.16296768188477,1003,False,6,0,[ 8.2188971  -2.55128647  3.9987835 ],cruising,[ 0.63925976  0.24903542 -0.34837281]
380.16296768188477,1004,False,2,4,[ 8.18606923 -2.69840044  4.        ],cruising,[-0.62185191  0.08809385  0.93462812]
380.16296768188477,1005,False,4,1,[1.19900701 5.61412162 4.        ],cruising,[ 0.50568378 -0.03156594 -0.11489306]
380.2555983066559,1000,False,0,2,[-2.07769387 -3.70596291  4.        ],cruising,[-0.82138112 -0.19970136 -0.21083176]
380.2555983066559,1001,False,3,6,[-2.26548085 -4.16259312  3.69717624],entering,[-0.48080528  0.59740651 -0.20557775]
380.2555983066559,1002,False,5,3,[-8.09562746  7.92875697  1.27004095],waiting,[ 0.5677905  -0.59831228 -0.99408226]
380.2555983066559,1003,False,6,0,[ 8.17298031 -2.74594424  3.99896598],cruising,[ 0.63925976  0.24903542 -0.34837281]
380.2555983066559,1004,False,2,4,[ 8.13670313 -2.89221217  4.        ],cruising,[-0.62185191  0.08809385  0.93462812]
380.2555983066559,1005,False,4,1,[1.37708355 5.52307908 4.        ],cruising,[ 0.50568378 -0.03156594 -0.11489306]
380.3680987358093,1000,False,0,2,[-2.26174787 -3.67700482  4.        ],cruising,[-0.82138112 -0.19970136 -0.21083176]
380.3680987358093,1001,False,3,6,[-2.32730986 -3.97239014  3.7425998 ],entering,[-0.48080528  0.59740651 -0.20557775]
380.3680987358093,1002,False,5,3,[-8.09562746  7.92875697  1.27004095],waiting,[ 0.5677905  -0.59831228 -0.99408226]
380.3680987358093,1003,False,6,0,[ 8.12390912 -2.93983085  3.99912108],cruising,[ 0.63925976  0.24903542 -0.34837281]
380.3680987358093,1004,False,2,4,[ 8.08394105 -3.08512709  4.        ],cruising,[-0.62185191  0.08809385  0.93462812]
380.3680987358093,1005,False,4,1,[1.55718636 5.43611369 4.        ],cruising,[ 0.50568378 -0.03156594 -0.11489306]
380.463406085968,1000,False,0,2,[-2.43689259 -3.63014073  4.        ],cruising,[-0.82138112 -0.19970136 -0.21083176]
380.463406085968,1001,False,3,6,[-2.38801467 -3.78182538  3.78120983],entering,[-0.48080528  0.59740651 -0.20557775]
380.463406085968,1002,False,5,3,[-8.09562746  7.92875697  1.27004095],queued,[ 0.5677905  -0.59831228 -0.99408226]
380.463406085968,1003,False,6,0,[ 8.06745916 -3.13169904  3.99925292],cruising,[ 0.63925976  0.24903542 -0.34837281]
380.463406085968,1004,False,2,4,[ 8.02316326 -3.27566858  4.        ],cruising,[-0.62185191  0.08809385  0.93462812]
380.463406085968,1005,False,4,1,[1.73949158 5.35386526 4.        ],cruising,[ 0.50568378 -0.03156594 -0.11489306]
380.55256247520447,1000,False,0,2,[-2.60101948 -3.5665851   4.        ],cruising,[-0.82138112 -0.19970136 -0.21083176]
380.55256247520447,1001,False,3,6,[-2.4487069  -3.59125662  3.81402836],cruising,[-0.48080528  0.59740651 -0.20557775]
380.55256247520447,1002,False,5,3,[-8.09562746  7.92875697  1.29004095],queued,[ 0.5677905  -0.59831228 -0.99408226]
380.55256247520447,1003,False,6,0,[ 8.00710964 -3.32237661  3.99936498],cruising,[ 0.63925976  0.24903542 -0.34837281]
380.55256247520447,1004,False,2,4,[ 7.95814734 -3.46480591  4.        ],exiting,[-0.62185191  0.08809385  0.93462812]
380.55256247520447,1005,False,4,1,[1.92521701 5.2796624  4.        ],cruising,[ 0.50568378 -0.03156594 -0.11489306]
380.65585446357727,1000,False,0,2,[-2.75235987 -3.48765074  4.        ],cruising,[-0.82138112 -0.19970136 -0.21083176]
380.65585446357727,1001,False,3,6,[-2.50335628 -3.39886783  3.8419241 ],cruising,[-0.48080528  0.59740651 -0.20557775]
380.65585446357727,1002,False,5,3,[-8.09562746  7.92875697  1.33004095],queued,[ 0.5677905  -0.59831228 -0.99408226]
380.65585446357727,1003,False,6,0,[ 7.93748494 -3.50986634  3.99946023],cruising,[ 0.63925976  0.24903542 -0.34837281]
380.65585446357727,1004,False,2,4,[ 7.90672939 -3.63927711  4.        ],exiting,[-0.62185191  0.08809385  0.93462812]
380.65585446357727,1005,False,4,1,[2.11316884 5.21129492 4.        ],cruising,[ 0.50568378 -0.03156594 -0.11489306]
380.7659523487091,1000,False,0,2,[-2.88936938 -3.39476554  4.        ],cruising,[-0.82138112 -0.19970136 -0.21083176]
380.7659523487091,1001,False,3,6,[-2.55312887 -3.20516009  3.86563549],cruising,[-0.48080528  0.59740651 -0.20557775]
380.7659523487091,1002,False,5,3,[-8.09562746  7.92875697  1.39004095],queued,[ 0.5677905  -0.59831228 -0.99408226]
380.7659523487091,1003,False,6,0,[ 7.85751808 -3.69318383  3.9995412 ],cruising,[ 0.63925976  0.24903542 -0.34837281]
380.7659523487091,1004,False,2,4,[ 7.86905757 -3.79922097  4.        ],exiting,[-0.62185191  0.08809385  0.93462812]
380.7659523487091,1005,False,4,1,[2.30375197 5.15064782 4.        ],cruising,[ 0.50568378 -0.03156594 -0.11489306]
380.86700344085693,1000,False,0,2,[-3.01067729 -3.28949245  4.        ],cruising,[-0.82138112 -0.19970136 -0.21083176]
380.86700344085693,1001,False,3,6,[-2.59583012 -3.00977175  3.88579017],cruising,[-0.48080528  0.59740651 -0.20557775]
380.86700344085693,1002,False,5,3,[-8.09562746  7.92875697  1.46504095],queued,[ 0.5677905  -0.59831228 -0.99408226]
380.86700344085693,1003,False,6,0,[ 7.76564725 -3.87083447  3.99961002],cruising,[ 0.63925976  0.24903542 -0.34837281]
380.86700344085693,1004,False,2,4,[ 7.84531451 -3.94481249  4.        ],exiting,[-0.62185191  0.08809385  0.93462812]
380.86700344085693,1005,False,4,1,[2.49744467 5.10081673 4.        ],cruising,[ 0.50568378 -0.03156594 -0.11489306]
380.9638373851776,1000,False,0,2,[-3.11512628 -3.1734594   4.        ],cruising,[-0.82138112 -0.19970136 -0.21083176]
380.9638373851776,1001,False,3,6,[-2.63802717 -2.8142739   3.90292164],cruising,[-0.48080528  0.59740651 -0.20557775]
380.9638373851776,1002,False,5,3,[-8.09562746  7.92875697  1.54004095],queued,[ 0.5677905  -0.59831228 -0.99408226]
380.9638373851776,1003,False,6,0,[ 7.65975393 -4.04050063  3.99966852],cruising,[ 0.63925976  0.24903542 -0.34837281]
380.9638373851776,1004,False,2,4,[ 7.83573327 -4.07628158  4.        ],exiting,[-0.62185191  0.08809385  0.93462812]
380.9638373851776,1005,False,4,1,[2.69401286 5.06392571 4.        ],cruising,[ 0.50568378 -0.03156594 -0.11489306]
381.0665650367737,1000,False,0,2,[-3.20171636 -3.04842306  4.        ],cruising,[-0.82138112 -0.19970136 -0.21083176]
381.0665650367737,1001,False,3,6,[-2.67769898 -2.61824802  3.91748339],cruising,[-0.48080528  0.59740651 -0.20557775]
381.0665650367737,1002,False,5,3,[-8.09562746  7.92875697  1.61504095],queued,[ 0.5677905  -0.59831228 -0.99408226]
381.0665650367737,1003,False,6,0,[ 7.53745423 -4.19872867  3.99971838],cruising,[ 0.63925976  0.24903542 -0.34837281]
381.0665650367737,1004,False,2,4,[ 7.84049376 -4.19381099  4.        ],exiting,[-0.62185191  0.08809385  0.93462812]
381.0665650367737,1005,False,4,1,[2.8916494  5.03326961 4.        ],cruising,[ 0.50568378 -0.03156594 -0.11489306]
381.1546311378479,1000,False,0,2,[-3.27013203 -2.91503861  4.        ],cruising,[-0.82138112 -0.19970136 -0.21083176]
381.1546311378479,1001,False,3,6,[-2.71894085 -2.42254644  3.92986089],cruising,[-0.48080528  0.59740651 -0.20557775]
381.1546311378479,1002,False,5,3,[-8.09562746  7.92875697  1.69004095],queued,[ 0.5677905  -0.59831228 -0.99408226]
381.1546311378479,1003,False,6,0,[ 7.40016906 -4.34371151  3.99976251],cruising,[ 0.63925976  0.24903542 -0.34837281]
381.1546311378479,1004,False,2,4,[ 7.85977476 -4.29758704  4.        ],exiting,[-0.62185191  0.08809385  0.93462812]
381.1546311378479,1005,False,4,1,[3.09001569 5.00775857 4.        ],cruising,[ 0.50568378 -0.03156594 -0.11489306]
381.25918793678284,1000,False,0,2,[-3.32015357 -2.77380203  4.        ],cruising,[-0.82138112 -0.19970136 -0.21083176]
381.25918793678284,1001,False,3,6,[-2.76196284 -2.22722847  3.94038175],cruising,[-0.48080528  0.59740651 -0.20557775]
381.25918793678284,1002,False,5,3,[-8.09562746  7.92875697  1.76504095],queued,[ 0.5677905  -0.59831228 -0.99408226]
381.25918793678284,1003,False,6,0,[ 7.25032939 -4.47312563  3.99980361],cruising,[ 0.63925976  0.24903542 -0.34837281]
381.25918793678284,1004,False,2,4,[ 7.88734932 -4.3937101   4.        ],exiting,[-0.62185191  0.08809385  0.93462812]
381.25918793678284,1005,False,4,1,[3.28887094 4.98639059 4.        ],cruising,[ 0.50568378 -0.03156594 -0.11489306]
381.36039447784424,1000,False,0,2,[-3.35163863 -2.62505554  4.        ],cruising,[-0.82138112 -0.19970136 -0.21083176]
381.36039447784424,1001,False,3,6,[-2.80623964 -2.03219113  3.94932449],cruising,[-0.48080528  0.59740651 -0.20557775]
381.36039447784424,1002,False,5,3,[-8.09562746  7.92875697  1.84004095],queued,[ 0.5677905  -0.59831228 -0.99408226]
381.36039447784424,1003,False,6,0,[ 7.08983797 -4.58561226  3.9998417 ],cruising,[ 0.63925976  0.24903542 -0.34837281]
381.36039447784424,1004,False,2,4,[ 7.91492388 -4.48983317  4.        ],exiting,[-0.62185191  0.08809385  0.93462812]
381.36039447784424,1005,False,4,1,[3.48804707 4.96825577 4.        ],cruising,[ 0.50568378 -0.03156594 -0.11489306]
381.4652304649353,1000,False,0,2,[-3.36454022 -2.46891615  4.        ],cruising,[-0.82138112 -0.19970136 -0.21083176]
381.4652304649353,1001,False,3,6,[-2.8534783  -1.83784991  3.95692582],cruising,[-0.48080528  0.59740651 -0.20557775]
381.4652304649353,1002,False,5,3,[-8.09562746  7.92875697  1.91504095],queued,[ 0.5677905  -0.59831228 -0.99408226]
381.4652304649353,1003,False,6,0,[ 6.92074767 -4.68004178  3.99987673],cruising,[ 0.63925976  0.24903542 -0.34837281]
381.4652304649353,1004,False,2,4,[ 7.94249844 -4.58595623  4.        ],exiting,[-0.62185191  0.08809385  0.93462812]
381.4652304649353,1005,False,4,1,[3.68732313 4.95125434 4.        ],cruising,[ 0.50568378 -0.03156594 -0.11489306]
381.55827355384827,1000,False,0,2,[-3.35904196 -2.30493806  4.        ],cruising,[-0.82138112 -0.19970136 -0.21083176]
381.55827355384827,1001,False,3,6,[-2.90392799 -1.64431741  3.96338694],cruising,[-0.48080528  0.59740651 -0.20557775]
381.55827355384827,1002,False,5,3,[-8.09562746  7.92875697  1.99004095],queued,[ 0.5677905  -0.59831228 -0.99408226]
381.55827355384827,1003,False,6,0,[ 6.74520545 -4.75554056  3.99990865],cruising,[ 0.63925976  0.24903542 -0.34837281]
381.55827355384827,1004,False,2,4,[ 7.97007301 -4.6820793   4.        ],exiting,[-0.62185191  0.08809385  0.93462812]
381.55827355384827,1005,False,4,1,[3.88678326 4.93656899 4.        ],cruising,[ 0.50568378 -0.03156594 -0.11489306]
381.65433859825134,1000,False,0,2,[-3.33574018 -2.13184764  4.        ],cruising,[-0.82138112 -0.19970136 -0.21083176]
381.65433859825134,1001,False,3,6,[-2.95790449 -1.45173876  3.9688789 ],cruising,[-0.48080528  0.59740651 -0.20557775]
381.65433859825134,1002,False,5,3,[-8.09562746  7.92875697  2.06504095],queued,[ 0.5677905  -0.59831228 -0.99408226]
381.65433859825134,1003,False,6,0,[ 6.56539943 -4.81149913  3.99993739],cruising,[ 0.63925976  0.24903542 -0.34837281]
381.65433859825134,1004,False,2,4,[ 7.99764757 -4.77820236  4.        ],exiting,[-0.62185191  0.08809385  0.93462812]
381.65433859825134,1005,False,4,1,[4.08634607 4.92335214 4.        ],cruising,[ 0.50568378 -0.03156594 -0.11489306]
381.7530691623688,1000,False,0,2,[-3.29683984 -1.94623982  4.        ],cruising,[-0.82138112 -0.19970136 -0.21083176]
381.7530691623688,1001,False,3,6,[-3.01576876 -1.26029235  3.97354707],cruising,[-0.48080528  0.59740651 -0.20557775]
381.7530691623688,1002,False,5,3,[-8.09562746  7.92875697  2.14004095],queued,[ 0.5677905  -0.59831228 -0.99408226]
381.7530691623688,1003,False,6,0,[ 6.38354126 -4.84756326  3.99996283],cruising,[ 0.63925976  0.24903542 -0.34837281]
381.7530691623688,1004,False,2,4,[ 8.02522213 -4.87432543  4.        ],exiting,[-0.62185191  0.08809385  0.93462812]
381.7530691623688,1005,False,4,1,[4.28595476 4.9108474  4.        ],cruising,[ 0.50568378 -0.03156594 -0.11489306]
381.8597514629364,1000,False,0,2,[-3.26203133 -1.74929219  4.        ],cruising,[-0.82138112 -0.19970136 -0.21083176]
381.8597514629364,1001,False,3,6,[-3.07705343 -1.06991328  3.97751501],cruising,[-0.48080528  0.59740651 -0.20557775]
381.8597514629364,1002,False,5,3,[-8.09562746  7.92875697  2.21504095],queued,[ 0.5677905  -0.59831228 -0.99408226]
381.8597514629364,1003,False,6,0,[ 6.20101457 -4.86363857  3.9999847 ],cruising,[ 0.63925976  0.24903542 -0.34837281]
381.8597514629364,1004,False,2,4,[ 8.05279669 -4.97044849  4.        ],exiting,[-0.62185191  0.08809385  0.93462812]
381.8597514629364,1005,False,4,1,[4.485565   4.89836737 4.        ],cruising,[ 0.50568378 -0.03156594 -0.11489306]
381.95949387550354,1000,False,0,2,[-3.24384451 -1.55012081  4.        ],cruising,[-0.82138112 -0.19970136 -0.21083176]
381.95949387550354,1001,False,3,6,[-3.14294507 -0.88107925  3.98088776],cruising,[-0.48080528  0.59740651 -0.20557775]
381.95949387550354,1002,False,5,3,[-8.09562746  7.92875697  2.29004095],queued,[ 0.5677905  -0.59831228 -0.99408226]
381.95949387550354,1003,False,6,0,[ 6.01927937 -4.85972954  4.00000289],cruising,[ 0.63925976  0.24903542 -0.34837281]
381.95949387550354,1004,False,2,4,[ 8.08037126 -5.06657156  4.        ],exiting,[-0.62185191  0.08809385  0.93462812]
381.95949387550354,1005,False,4,1,[4.68513589 4.88527305 4.        ],cruising,[ 0.50568378 -0.03156594 -0.11489306]
382.0524501800537,1000,False,0,2,[-3.24200591 -1.35012926  4.        ],cruising,[-0.82138112 -0.19970136 -0.21083176]
382.0524501800537,1001,False,3,6,[-3.21388229 -0.69408216  3.98375459],cruising,[-0.48080528  0.59740651 -0.20557775]
382.0524501800537,1002,False,5,3,[-8.09562746  7.92875697  2.36504095],queued,[ 0.5677905  -0.59831228 -0.99408226]
382.0524501800537,1003,False,6,0,[ 5.83952779 -4.83591913  4.00001731],cruising,[ 0.63925976  0.24903542 -0.34837281]
382.0524501800537,1004,False,2,4,[ 8.10794582 -5.16269462  4.        ],exiting,[-0.62185191  0.08809385  0.93462812]
382.0524501800537,1005,False,4,1,[4.88466255 4.87152127 4.        ],cruising,[ 0.50568378 -0.03156594 -0.11489306]
382.15964913368225,1000,False,0,2,[-3.25474899 -1.15053564  4.        ],cruising,[-0.82138112 -0.19970136 -0.21083176]
382.15964913368225,1001,False,3,6,[-3.29028268 -0.50924986  3.9861914 ],cruising,[-0.48080528  0.59740651 -0.20557775]
382.15964913368225,1002,False,5,3,[-8.09562746  7.92875697  2.44004095],queued,[ 0.5677905  -0.59831228 -0.99408226]
382.15964913368225,1003,False,6,0,[ 5.66229792 -4.79226833  4.00002765],cruising,[ 0.63925976  0.24903542 -0.34837281]
382.15964913368225,1004,False,2,4,[ 8.13552038 -5.25881768  4.        ],exiting,[-0.62185191  0.08809385  0.93462812]
382.15964913368225,1005,False,4,1,[5.08406963 4.85613242 4.        ],cruising,[ 0.50568378 -0.03156594 -0.11489306]
382.25733518600464,1000,False,0,2,[-3.28170987 -0.95236119  4.        ],cruising,[-0.82138112 -0.19970136 -0.21083176]
382.25733518600464,1001,False,3,6,[-3.37079802 -0.32617261  3.98826269],cruising,[-0.48080528  0.59740651 -0.20557775]
382.25733518600464,1002,False,5,3,[-8.09562746  7.92875697  2.51504095],entering,[ 0.5677905  -0.59831228 -0.99408226]
382.25733518600464,1003,False,6,0,[ 5.48832563 -4.72888461  4.00003378],cruising,[ 0.63925976  0.24903542 -0.34837281]
382.25733518600464,1004,False,2,4,[ 8.16309494 -5.35494075  4.        ],exiting,[-0.62185191  0.08809385  0.93462812]
382.25733518600464,1005,False,4,1,[5.28328732 4.83846008 4.        ],cruising,[ 0.50568378 -0.03156594 -0.11489306]
382.3594012260437,1000,False,0,2,[-3.32172679 -0.75640547  4.        ],cruising,[-0.82138112 -0.19970136 -0.21083176]
382.3594012260437,1001,False,3,6,[-3.4577235  -0.14605053  3.99002329],cruising,[-0.48080528  0.59740651 -0.20557775]
382.3594012260437,1002,False,5,3,[-8.07777825  7.91973446  2.59004095],entering,[ 0.5677905  -0.59831228 -0.99408226]
382.3594012260437,1003,False,6,0,[ 5.31741296 -4.6457363   4.00003522],cruising,[ 0.63925976  0.24903542 -0.34837281]
382.3594012260437,1004,False,2,4,[ 8.1906695  -5.45106381  4.        ],exiting,[-0.62185191  0.08809385  0.93462812]
382.3594012260437,1005,False,4,1,[5.48222251 4.81784961 4.        ],cruising,[ 0.50568378 -0.03156594 -0.11489306]
382.4574718475342,1000,False,0,2,[-3.37373374 -0.56328562  4.        ],cruising,[-0.82138112 -0.19970136 -0.21083176]
382.4574718475342,1001,False,3,6,[-3.5514706   0.03061718  3.9915198 ],cruising,[-0.48080528  0.59740651 -0.20557775]
382.4574718475342,1002,False,5,3,[-8.04206615  7.90171655  2.66504095],entering,[ 0.5677905  -0.59831228 -0.99408226]
382.4574718475342,1003,False,6,0,[ 5.14903491 -4.54274926  4.00003153],cruising,[ 0.63925976  0.24903542 -0.34837281]
382.4574718475342,1004,False,2,4,[ 8.21824407 -5.54718688  4.        ],exiting,[-0.62185191  0.08809385  0.93462812]
382.4574718475342,1005,False,4,1,[5.68074918 4.79361819 4.        ],cruising,[ 0.50568378 -0.03156594 -0.11489306]
382.5636842250824,1000,False,0,2,[-3.43505102 -0.37291705  4.        ],cruising,[-0.82138112 -0.19970136 -0.21083176]
382.5636842250824,1001,False,3,6,[-3.65118709  0.20398564  3.99279183],cruising,[-0.48080528  0.59740651 -0.20557775]
382.5636842250824,1002,False,5,3,[-7.98846102  7.87476335  2.74004095],entering,[ 0.5677905  -0.59831228 -0.99408226]
382.5636842250824,1003,False,6,0,[ 4.97708421 -4.44060741  4.0000268 ],cruising,[ 0.63925976  0.24903542 -0.34837281]
382.5636842250824,1004,False,2,4,[ 8.24581863 -5.64330994  4.        ],exiting,[-0.62185191  0.08809385  0.93462812]
382.5636842250824,1005,False,4,1,[5.87900147 4.7672358  4.        ],cruising,[ 0.50568378 -0.03156594 -0.11489306]
382.6527667045593,1000,False,0,2,[-3.50694436 -0.18628547  4.        ],cruising,[-0.82138112 -0.19970136 -0.21083176]
382.6527667045593,1001,False,3,6,[-3.75764562  0.37329772  3.99387305],cruising,[-0.48080528  0.59740651 -0.20557775]
382.6527667045593,1002,False,5,3,[-7.91690574  7.83899016  2.81504095],entering,[ 0.5677905  -0.59831228 -0.99408226]
382.6527667045593,1003,False,6,0,[ 4.80231973 -4.34335836  4.00002278],cruising,[ 0.63925976  0.24903542 -0.34837281]
382.6527667045593,1004,False,2,4,[ 8.27339319 -5.73943301  4.        ],exiting,[-0.62185191  0.08809385  0.93462812]
382.6527667045593,1005,False,4,1,[6.07649046 4.73564311 4.        ],cruising,[ 0.50568378 -0.03156594 -0.11489306]
382.76620221138,1000,False,0,2,[-3.58895413e+00 -3.87275265e-03  4.00000000e+00],exiting,[-0.82138112 -0.19970136 -0.21083176]
382.76620221138,1001,False,3,6,[-3.86721029  0.54061652  3.99479209],cruising,[-0.48080528  0.59740651 -0.20557775]
382.76620221138,1002,False,5,3,[-7.82735212  7.79449575  2.89004095],entering,[ 0.5677905  -0.59831228 -0.99408226]
382.76620221138,1003,False,6,0,[ 4.62441926 -4.25197224  4.00001936],cruising,[ 0.63925976  0.24903542 -0.34837281]
382.76620221138,1004,False,2,4,[ 8.30096775 -5.83555607  4.        ],exiting,[-0.62185191  0.08809385  0.93462812]
382.76620221138,1005,False,4,1,[6.2729182  4.69801144 4.        ],cruising,[ 0.50568378 -0.03156594 -0.11489306]
382.8536434173584,1000,False,0,2,[-3.67174414  0.15855519  4.        ],exiting,[-0.82138112 -0.19970136 -0.21083176]
382.8536434173584,1001,False,3,6,[-3.97922318  0.70630633  3.99557328],cruising,[-0.48080528  0.59740651 -0.20557775]
382.8536434173584,1002,False,5,3,[-7.719776    7.74133017  2.96504095],entering,[ 0.5677905  -0.59831228 -0.99408226]
382.8536434173584,1003,False,6,0,[ 4.44495435 -4.16369799  4.00001646],cruising,[ 0.63925976  0.24903542 -0.34837281]
382.8536434173584,1004,False,2,4,[ 8.32854231 -5.93167914  4.        ],exiting,[-0.62185191  0.08809385  0.93462812]
382.8536434173584,1005,False,4,1,[6.4678818  4.65341105 4.        ],cruising,[ 0.50568378 -0.03156594 -0.11489306]
382.9587285518646,1000,False,0,2,[-3.75515075  0.30099263  4.        ],exiting,[-0.82138112 -0.19970136 -0.21083176]
382.9587285518646,1001,False,3,6,[-4.09311957  0.8707071   3.99623729],cruising,[-0.48080528  0.59740651 -0.20557775]
382.9587285518646,1002,False,5,3,[-7.5941558   7.67953838  3.04004095],entering,[ 0.5677905  -0.59831228 -0.99408226]
382.9587285518646,1003,False,6,0,[ 4.26364244 -4.07928238  4.00001399],cruising,[ 0.63925976  0.24903542 -0.34837281]
382.9587285518646,1004,False,2,4,[ 8.35611688 -6.0278022   4.        ],exiting,[-0.62185191  0.08809385  0.93462812]
382.9587285518646,1005,False,4,1,[6.66083772 4.60079916 4.        ],cruising,[ 0.50568378 -0.03156594 -0.11489306]
383.0619535446167,1000,False,0,2,[-3.83899178  0.4234348   4.        ],exiting,[-0.82138112 -0.19970136 -0.21083176]
383.0619535446167,1001,False,3,6,[-4.20841505  1.03412972  3.9968017 ],cruising,[-0.48080528  0.59740651 -0.20557775]
383.0619535446167,1002,False,5,3,[-7.45004432  7.61012603  3.11504095],entering,[ 0.5677905  -0.59831228 -0.99408226]
383.0619535446167,1003,False,6,0,[ 4.08147356 -3.99673242  4.00001189],cruising,[ 0.63925976  0.24903542 -0.34837281]
383.0619535446167,1004,False,2,4,[ 8.38369144 -6.12392526  4.        ],exiting,[-0.62185191  0.08809385  0.93462812]
383.0619535446167,1005,False,4,1,[6.8510555  4.53901569 4.        ],cruising,[ 0.50568378 -0.03156594 -0.11489306]
383.1642577648163,1000,False,0,2,[-3.92306162  0.52587828  4.        ],exiting,[-0.82138112 -0.19970136 -0.21083176]
383.1642577648163,1001,False,3,6,[-4.32469209  1.19685541  3.99728144],cruising,[-0.48080528  0.59740651 -0.20557775]
383.1642577648163,1002,False,5,3,[-7.28721721  7.53366212  3.19004095],entering,[ 0.5677905  -0.59831228 -0.99408226]
383.1642577648163,1003,False,6,0,[ 3.89819627 -3.91667346  4.00001011],cruising,[ 0.63925976  0.24903542 -0.34837281]
383.1642577648163,1004,False,2,4,[ 8.411266   -6.22004833  4.        ],exiting,[-0.62185191  0.08809385  0.93462812]
383.1642577648163,1005,False,4,1,[7.0375601  4.46679356 4.        ],cruising,[ 0.50568378 -0.03156594 -0.11489306]
383.25517320632935,1000,False,0,2,[-4.00712164  0.60832175  4.        ],exiting,[-0.82138112 -0.19970136 -0.21083176]
383.25517320632935,1001,False,3,6,[-4.44158731  1.35913759  3.99768922],cruising,[-0.48080528  0.59740651 -0.20557775]
383.25517320632935,1002,False,5,3,[-7.10489034  7.45275302  3.26504095],entering,[ 0.5677905  -0.59831228 -0.99408226]
383.25517320632935,1003,False,6,0,[ 3.71439323 -3.83782904  4.00000859],cruising,[ 0.63925976  0.24903542 -0.34837281]
383.25517320632935,1004,False,2,4,[ 8.43884056 -6.31617139  4.        ],exiting,[-0.62185191  0.08809385  0.93462812]
383.25517320632935,1005,False,4,1,[7.21620852 4.37687838 4.        ],cruising,[ 0.50568378 -0.03156594 -0.11489306]
383.3547954559326,1000,False,0,2,[-4.09087799  0.67076753  4.        ],exiting,[-0.82138112 -0.19970136 -0.21083176]
383.3547954559326,1001,False,3,6,[-4.55877985  1.5212052   3.99803584],cruising,[-0.48080528  0.59740651 -0.20557775]
383.3547954559326,1002,False,5,3,[-6.92106494  7.37396075  3.34004095],entering,[ 0.5677905  -0.59831228 -0.99408226]
383.3547954559326,1003,False,6,0,[ 3.52987862 -3.76066456  4.0000073 ],cruising,[ 0.63925976  0.24903542 -0.34837281]
383.3547954559326,1004,False,2,4,[ 8.46641512 -6.41229446  4.        ],exiting,[-0.62185191  0.08809385  0.93462812]
383.3547954559326,1005,False,4,1,[7.38795458 4.27439282 4.        ],cruising,[ 0.50568378 -0.03156594 -0.11489306]
383.46707367897034,1000,False,0,2,[-4.17391854  0.71322613  4.        ],exiting,[-0.82138112 -0.19970136 -0.21083176]
383.46707367897034,1001,False,3,6,[-4.67595242  1.68328724  3.99833046],cruising,[-0.48080528  0.59740651 -0.20557775]
383.46707367897034,1002,False,5,3,[-6.73510523  7.30034699  3.41504095],entering,[ 0.5677905  -0.59831228 -0.99408226]
383.46707367897034,1003,False,6,0,[ 3.3449361  -3.68453135  4.00000621],cruising,[ 0.63925976  0.24903542 -0.34837281]
383.46707367897034,1004,False,2,4,[ 8.49398969 -6.50841752  4.        ],exiting,[-0.62185191  0.08809385  0.93462812]
383.46707367897034,1005,False,4,1,[7.55061287 4.1580215  4.        ],cruising,[ 0.50568378 -0.03156594 -0.11489306]
383.55417919158936,1000,False,0,2,[-4.25598921  0.73570826  4.        ],exiting,[-0.82138112 -0.19970136 -0.21083176]
383.55417919158936,1001,False,3,6,[-4.79300898  1.84545309  3.9985809 ],cruising,[-0.48080528  0.59740651 -0.20557775]
383.55417919158936,1002,False,5,3,[-6.54754827  7.23090357  3.49004095],entering,[ 0.5677905  -0.59831228 -0.99408226]
383.55417919158936,1003,False,6,0,[ 3.15949059 -3.60963167  4.00000528],cruising,[ 0.63925976  0.24903542 -0.34837281]
383.55417919158936,1004,False,2,4,[ 8.52156425 -6.60454059  4.        ],exiting,[-0.62185191  0.08809385  0.93462812]
383.55417919158936,1005,False,4,1,[7.70159035 4.02685062 4.        ],cruising,[ 0.50568378 -0.03156594 -0.11489306]
383.6583368778229,1000,False,0,2,[-4.33683171  0.73822813  4.        ],exiting,[-0.82138112 -0.19970136 -0.21083176]
383.6583368778229,1001,False,3,6,[-4.90965924  2.00791144  3.99879376],cruising,[-0.48080528  0.59740651 -0.20557775]
383.6583368778229,1002,False,5,3,[-6.35828595  7.16625239  3.56504095],entering,[ 0.5677905  -0.59831228 -0.99408226]
383.6583368778229,1003,False,6,0,[ 2.97354449 -3.53598353  4.00000448],cruising,[ 0.63925976  0.24903542 -0.34837281]
383.6583368778229,1004,False,2,4,[ 8.54913881 -6.70066365  4.        ],exiting,[-0.62185191  0.08809385  0.93462812]
383.6583368778229,1005,False,4,1,[7.83831083 3.8816534  4.        ],cruising,[ 0.50568378 -0.03156594 -0.11489306]
383.76303577423096,1000,False,0,2,[-4.41618341  0.72080364  4.        ],exiting,[-0.82138112 -0.19970136 -0.21083176]
383.76303577423096,1001,False,3,6,[-5.02562891  2.17085633  3.9989747 ],cruising,[-0.48080528  0.59740651 -0.20557775]
383.76303577423096,1002,False,5,3,[-6.16697456  7.10794329  3.63028481],entering,[ 0.5677905  -0.59831228 -0.99408226]
383.76303577423096,1003,False,6,0,[ 2.78700757 -3.46384494  4.00000381],cruising,[ 0.63925976  0.24903542 -0.34837281]
383.76303577423096,1004,False,2,4,[ 8.57671337 -6.79678672  4.        ],exiting,[-0.62185191  0.08809385  0.93462812]
383.76303577423096,1005,False,4,1,[7.95953204 3.72381608 4.        ],cruising,[ 0.50568378 -0.03156594 -0.11489306]
383.8636758327484,1000,False,0,2,[-4.49377721  0.68345656  4.        ],exiting,[-0.82138112 -0.19970136 -0.21083176]
383.8636758327484,1001,False,3,6,[-5.14064912  2.3344728   3.99912849],cruising,[-0.48080528  0.59740651 -0.20557775]
383.8636758327484,1002,False,5,3,[-5.97340437  7.0576384   3.68574209],entering,[ 0.5677905  -0.59831228 -0.99408226]
383.8636758327484,1003,False,6,0,[ 2.59999335 -3.3929529   4.00000324],cruising,[ 0.63925976  0.24903542 -0.34837281]
383.8636758327484,1004,False,2,4,[ 8.60428793 -6.89290978  4.        ],exiting,[-0.62185191  0.08809385  0.93462812]
383.8636758327484,1005,False,4,1,[8.06402905 3.55501056 4.        ],cruising,[ 0.50568378 -0.03156594 -0.11489306]
383.96663904190063,1000,False,0,2,[-4.56934119  0.62621275  4.        ],exiting,[-0.82138112 -0.19970136 -0.21083176]
383.96663904190063,1001,False,3,6,[-5.25505446  2.4985198   3.99925922],cruising,[-0.48080528  0.59740651 -0.20557775]
383.96663904190063,1002,False,5,3,[-5.77782633  7.0158146   3.73288077],entering,[ 0.5677905  -0.59831228 -0.99408226]
383.96663904190063,1003,False,6,0,[ 2.41219254 -3.32417166  4.00000275],cruising,[ 0.63925976  0.24903542 -0.34837281]
383.96663904190063,1004,False,2,4,[ 8.6318625  -6.98903285  4.        ],exiting,[-0.62185191  0.08809385  0.93462812]
383.96663904190063,1005,False,4,1,[8.15087362 3.37680336 4.        ],cruising,[ 0.50568378 -0.03156594 -0.11489306]
384.05334401130676,1000,False,0,2,[-4.64380131  0.55946178  4.        ],exiting,[-0.82138112 -0.19970136 -0.21083176]
384.05334401130676,1001,False,3,6,[-5.36796327  2.66360039  3.99937034],cruising,[-0.48080528  0.59740651 -0.20557775]
384.05334401130676,1002,False,5,3,[-5.58056757  6.98281488  3.77294866],entering,[ 0.5677905  -0.59831228 -0.99408226]
384.05334401130676,1003,False,6,0,[ 2.22345843 -3.25799436  4.00000234],cruising,[ 0.63925976  0.24903542 -0.34837281]
384.05334401130676,1004,False,2,4,[ 8.65943706 -7.08515591  4.        ],landing,[-0.62185191  0.08809385  0.93462812]
384.05334401130676,1005,False,4,1,[8.2193719  3.19063291 4.        ],exiting,[ 0.50568378 -0.03156594 -0.11489306]
384.1527304649353,1000,False,0,2,[-4.71826142  0.49271081  4.        ],exiting,[-0.82138112 -0.19970136 -0.21083176]
384.1527304649353,1001,False,3,6,[-5.4790653   2.82990234  3.99946479],cruising,[-0.48080528  0.59740651 -0.20557775]
384.1527304649353,1002,False,5,3,[-5.38164128  6.9621187   3.80700636],entering,[ 0.5677905  -0.59831228 -0.99408226]
384.1527304649353,1003,False,6,0,[ 2.03412713 -3.19354549  4.00000199],cruising,[ 0.63925976  0.24903542 -0.34837281]
384.1527304649353,1004,False,2,4,[ 8.68009326 -7.16903658  3.98577819],landing,[-0.62185191  0.08809385  0.93462812]
384.1527304649353,1005,False,4,1,[8.26992758 3.0132978  4.        ],exiting,[ 0.50568378 -0.03156594 -0.11489306]
384.2619559764862,1000,False,0,2,[-4.79272154  0.42595985  4.        ],exiting,[-0.82138112 -0.19970136 -0.21083176]
384.2619559764862,1001,False,3,6,[-5.58801447  2.99762258  3.99954507],cruising,[-0.48080528  0.59740651 -0.20557775]
384.2619559764862,1002,False,5,3,[-5.18190924  6.95176916  3.8359554 ],entering,[ 0.5677905  -0.59831228 -0.99408226]
384.2619559764862,1003,False,6,0,[ 1.84352317 -3.13296389  4.00000169],cruising,[ 0.63925976  0.24903542 -0.34837281]
384.2619559764862,1004,False,2,4,[ 8.69381869 -7.24049716  3.95749557],landing,[-0.62185191  0.08809385  0.93462812]
384.2619559764862,1005,False,4,1,[8.3050332  2.84866291 4.        ],exiting,[ 0.50568378 -0.03156594 -0.11489306]
384.363810300827,1000,False,0,2,[-4.86718165  0.35920888  4.        ],exiting,[-0.82138112 -0.19970136 -0.21083176]
384.363810300827,1001,False,3,6,[-5.69441344  3.1669721   3.99961331],cruising,[-0.48080528  0.59740651 -0.20557775]
384.363810300827,1002,False,5,3,[-4.98190927  6.95166065  3.86056209],cruising,[ 0.5677905  -0.59831228 -0.99408226]
384.363810300827,1003,False,6,0,[ 1.65146101 -3.07717743  4.00000144],cruising,[ 0.63925976  0.24903542 -0.34837281]
384.363810300827,1004,False,2,4,[ 8.70059983 -7.29932744  3.91534746],landing,[-0.62185191  0.08809385  0.93462812]
384.363810300827,1005,False,4,1,[8.32578457 2.6979548  4.        ],exiting,[ 0.50568378 -0.03156594 -0.11489306]
384.4618806838989,1000,False,0,2,[-4.94164176  0.29245791  4.        ],exiting,[-0.82138112 -0.19970136 -0.21083176]
384.4618806838989,1001,False,3,6,[-5.79779452  3.3381806   3.99967131],cruising,[-0.48080528  0.59740651 -0.20557775]
384.4618806838989,1002,False,5,3,[-4.78214257  6.96131798  3.88147778],cruising,[ 0.5677905  -0.59831228 -0.99408226]
384.4618806838989,1003,False,6,0,[ 1.45774743 -3.02742757  4.00000122],cruising,[ 0.63925976  0.24903542 -0.34837281]
384.4618806838989,1004,False,2,4,[ 8.70042006 -7.34523598  3.85961353],landing,[-0.62185191  0.08809385  0.93462812]
384.4618806838989,1005,False,4,1,[8.33279972 2.56178343 4.        ],exiting,[ 0.50568378 -0.03156594 -0.11489306]
384.5524399280548,1000,False,0,2,[-5.01610188  0.22570695  4.        ],exiting,[-0.82138112 -0.19970136 -0.21083176]
384.5524399280548,1001,False,3,6,[-5.89759548  3.51150045  3.99972061],cruising,[-0.48080528  0.59740651 -0.20557775]
384.5524399280548,1002,False,5,3,[-4.58297733  6.97957198  3.89925611],cruising,[ 0.5677905  -0.59831228 -0.99408226]
384.5524399280548,1003,False,6,0,[ 1.26220977 -2.9854154   4.00000104],cruising,[ 0.63925976  0.24903542 -0.34837281]
384.5524399280548,1004,False,2,4,[ 8.69326815 -7.37799375  3.79052121],landing,[-0.62185191  0.08809385  0.93462812]
384.5524399280548,1005,False,4,1,[8.32653291 2.44056496 4.        ],exiting,[ 0.50568378 -0.03156594 -0.11489306]
384.65965485572815,1000,False,0,2,[-5.09056199  0.15895598  4.        ],exiting,[-0.82138112 -0.19970136 -0.21083176]
384.65965485572815,1001,False,3,6,[-5.99312799  3.68720913  3.99976252],cruising,[-0.48080528  0.59740651 -0.20557775]
384.65965485572815,1002,False,5,3,[-4.38457807  7.00482535  3.9143677 ],cruising,[ 0.5677905  -0.59831228 -0.99408226]
384.65965485572815,1003,False,6,0,[ 1.06476923 -2.95352131  4.00000088],cruising,[ 0.63925976  0.24903542 -0.34837281]
384.65965485572815,1004,False,2,4,[ 8.67913486 -7.39737955  3.70829684],landing,[-0.62185191  0.08809385  0.93462812]
384.65965485572815,1005,False,4,1,[8.30740505 2.33466294 4.        ],exiting,[ 0.50568378 -0.03156594 -0.11489306]
384.7557563781738,1000,False,0,2,[-5.1650221   0.09220502  4.        ],exiting,[-0.82138112 -0.19970136 -0.21083176]
384.7557563781738,1001,False,3,6,[-6.08353575  3.86560878  3.99979814],cruising,[-0.48080528  0.59740651 -0.20557775]
384.7557563781738,1002,False,5,3,[-4.18691719  7.03532415  3.92721254],cruising,[ 0.5677905  -0.59831228 -0.99408226]
384.7557563781738,1003,False,6,0,[ 0.86517297 -2.9415107   4.00000075],cruising,[ 0.63925976  0.24903542 -0.34837281]
384.7557563781738,1004,False,2,4,[ 8.65801255 -7.40317029  3.61317567],landing,[-0.62185191  0.08809385  0.93462812]
384.7557563781738,1005,False,4,1,[8.27591482 2.24448261 4.        ],exiting,[ 0.50568378 -0.03156594 -0.11489306]
384.8614990711212,1000,False,0,2,[-5.23948222  0.02545405  4.        ],exiting,[-0.82138112 -0.19970136 -0.21083176]
384.8614990711212,1001,False,3,6,[-6.16773851  4.04701963  3.99982842],cruising,[-0.48080528  0.59740651 -0.20557775]
384.8614990711212,1002,False,5,3,[-3.98983397  7.06935655  3.93813066],cruising,[ 0.5677905  -0.59831228 -0.99408226]
384.8614990711212,1003,False,6,0,[ 0.66522051 -2.94587114  4.00000064],cruising,[ 0.63925976  0.24903542 -0.34837281]
384.8614990711212,1004,False,2,4,[ 8.63562667 -7.40646448  3.5157692 ],landing,[-0.62185191  0.08809385  0.93462812]
384.8614990711212,1005,False,4,1,[8.23232536 2.17022738 4.        ],exiting,[ 0.50568378 -0.03156594 -0.11489306]
384.95506262779236,1000,False,0,2,[-5.31394233 -0.04129692  4.        ],exiting,[-0.82138112 -0.19970136 -0.21083176]
384.95506262779236,1001,False,3,6,[-6.24435705  4.23176161  3.99985416],cruising,[-0.48080528  0.59740651 -0.20557775]
384.95506262779236,1002,False,5,3,[-3.79310135  7.10536036  3.94741106],cruising,[ 0.5677905  -0.59831228 -0.99408226]
384.95506262779236,1003,False,6,0,[ 0.46571843 -2.95997499  4.00000054],cruising,[ 0.63925976  0.24903542 -0.34837281]
384.95506262779236,1004,False,2,4,[ 8.6132408  -7.40975867  3.41836272],landing,[-0.62185191  0.08809385  0.93462812]
384.95506262779236,1005,False,4,1,[8.17690852 2.11210017 4.        ],exiting,[ 0.50568378 -0.03156594 -0.11489306]
385.06337666511536,1000,False,0,2,[-5.38840245 -0.10804788  4.        ],exiting,[-0.82138112 -0.19970136 -0.21083176]
385.06337666511536,1001,False,3,6,[-6.31161407  4.42011365  3.99987604],cruising,[-0.48080528  0.59740651 -0.20557775]
385.06337666511536,1002,False,5,3,[-3.59603713  7.13950262  3.9552994 ],cruising,[ 0.5677905  -0.59831228 -0.99408226]
385.06337666511536,1003,False,6,0,[ 0.26786979 -2.98923103  4.00000046],cruising,[ 0.63925976  0.24903542 -0.34837281]
385.06337666511536,1004,False,2,4,[ 8.59085493 -7.41305285  3.32095625],landing,[-0.62185191  0.08809385  0.93462812]
385.06337666511536,1005,False,4,1,[8.10994529 2.07030333 4.        ],exiting,[ 0.50568378 -0.03156594 -0.11489306]
385.1574568748474,1000,False,0,2,[-5.46286256 -0.17479885  4.        ],exiting,[-0.82138112 -0.19970136 -0.21083176]
385.1574568748474,1001,False,3,6,[-6.3609322   4.6139376   3.99989463],cruising,[-0.48080528  0.59740651 -0.20557775]
385.1574568748474,1002,False,5,3,[-3.39894039  7.17345667  3.96200449],cruising,[ 0.5677905  -0.59831228 -0.99408226]
385.1574568748474,1003,False,6,0,[ 0.07364324 -3.03693898  4.00000039],cruising,[ 0.63925976  0.24903542 -0.34837281]
385.1574568748474,1004,False,2,4,[ 8.56846906 -7.41634704  3.22354977],landing,[-0.62185191  0.08809385  0.93462812]
385.1574568748474,1005,False,4,1,[8.0317265  2.04503865 4.        ],exiting,[ 0.50568378 -0.03156594 -0.11489306]
385.2640438079834,1000,False,0,2,[-5.53732267 -0.24154981  4.        ],exiting,[-0.82138112 -0.19970136 -0.21083176]
385.2640438079834,1001,False,3,6,[-6.39060975  4.81153619  3.99991087],cruising,[-0.48080528  0.59740651 -0.20557775]
385.2640438079834,1002,False,5,3,[-3.20161302  7.20604362  3.96770382],cruising,[ 0.5677905  -0.59831228 -0.99408226]
385.2640438079834,1003,False,6,0,[-0.11733224 -3.09633903  4.00000033],cruising,[ 0.63925976  0.24903542 -0.34837281]
385.2640438079834,1004,False,2,4,[ 8.54608319 -7.41964123  3.1261433 ],landing,[-0.62185191  0.08809385  0.93462812]
385.2640438079834,1005,False,4,1,[7.94255372 2.03650747 4.        ],exiting,[ 0.50568378 -0.03156594 -0.11489306]
385.35459423065186,1000,False,0,2,[-5.61178279 -0.30830078  4.        ],exiting,[-0.82138112 -0.19970136 -0.21083176]
385.35459423065186,1001,False,3,6,[-6.40037874  5.0110451   3.99992476],cruising,[-0.48080528  0.59740651 -0.20557775]
385.35459423065186,1002,False,5,3,[-3.00351001  7.23352443  3.97254825],cruising,[ 0.5677905  -0.59831228 -0.99408226]
385.35459423065186,1003,False,6,0,[-0.30476636 -3.1661133   4.00000028],cruising,[ 0.63925976  0.24903542 -0.34837281]
385.35459423065186,1004,False,2,4,[ 8.52369732 -7.42293542  3.02873683],landing,[-0.62185191  0.08809385  0.93462812]
385.35459423065186,1005,False,4,1,[7.84288788 2.04467575 4.        ],exiting,[ 0.50568378 -0.03156594 -0.11489306]
385.4592664241791,1000,False,0,2,[-5.6862429  -0.37505175  4.        ],exiting,[-0.82138112 -0.19970136 -0.21083176]
385.4592664241791,1001,False,3,6,[-6.39021354  5.20893303  3.99993766],cruising,[-0.48080528  0.59740651 -0.20557775]
385.4592664241791,1002,False,5,3,[-2.80500214  7.25790936  3.97666601],cruising,[ 0.5677905  -0.59831228 -0.99408226]
385.4592664241791,1003,False,6,0,[-0.48759829 -3.24718417  4.00000024],cruising,[ 0.63925976  0.24903542 -0.34837281]
385.4592664241791,1004,False,2,4,[ 8.50131145 -7.42622961  2.93133035],landing,[-0.62185191  0.08809385  0.93462812]
385.4592664241791,1005,False,4,1,[7.74322204 2.05284402 4.        ],exiting,[ 0.50568378 -0.03156594 -0.11489306]
385.55681920051575,1000,False,0,2,[-5.76070301 -0.44180271  4.        ],exiting,[-0.82138112 -0.19970136 -0.21083176]
385.55681920051575,1001,False,3,6,[-6.36044667  5.40284916  3.99994963],cruising,[-0.48080528  0.59740651 -0.20557775]
385.55681920051575,1002,False,5,3,[-2.60573279  7.27498935  3.98016611],cruising,[ 0.5677905  -0.59831228 -0.99408226]
385.55681920051575,1003,False,6,0,[-0.66701686 -3.33555259  4.0000002 ],cruising,[ 0.63925976  0.24903542 -0.34837281]
385.55681920051575,1004,False,2,4,[ 8.47892558 -7.4295238   2.83392388],landing,[-0.62185191  0.08809385  0.93462812]
385.55681920051575,1005,False,4,1,[7.64355621 2.0610123  4.        ],exiting,[ 0.50568378 -0.03156594 -0.11489306]
385.6563467979431,1000,False,0,2,[-5.83516313 -0.50855368  4.        ],exiting,[-0.82138112 -0.19970136 -0.21083176]
385.6563467979431,1001,False,3,6,[-6.31159155  5.59079553  3.99996055],cruising,[-0.48080528  0.59740651 -0.20557775]
385.6563467979431,1002,False,5,3,[-2.40609298  7.28698721  3.98314119],cruising,[ 0.5677905  -0.59831228 -0.99408226]
385.6563467979431,1003,False,6,0,[-0.84486276 -3.42704485  4.00000017],cruising,[ 0.63925976  0.24903542 -0.34837281]
385.6563467979431,1004,False,2,4,[ 8.45653971 -7.43281799  2.73651741],landing,[-0.62185191  0.08809385  0.93462812]
385.6563467979431,1005,False,4,1,[7.54389037 2.06918058 4.        ],exiting,[ 0.50568378 -0.03156594 -0.11489306]
385.7635455131531,1000,False,0,2,[-5.90962324 -0.57530464  4.        ],exiting,[-0.82138112 -0.19970136 -0.21083176]
385.7635455131531,1001,False,3,6,[-6.24449964  5.77053092  3.99997046],cruising,[-0.48080528  0.59740651 -0.20557775]
385.7635455131531,1002,False,5,3,[-2.20609883  7.28851623  3.98567001],cruising,[ 0.5677905  -0.59831228 -0.99408226]
385.7635455131531,1003,False,6,0,[-1.02398919 -3.51600395  4.00000015],cruising,[ 0.63925976  0.24903542 -0.34837281]
385.7635455131531,1004,False,2,4,[ 8.43415383 -7.43611217  2.63911093],landing,[-0.62185191  0.08809385  0.93462812]
385.7635455131531,1005,False,4,1,[7.44422453 2.07734886 4.        ],exiting,[ 0.50568378 -0.03156594 -0.11489306]
385.855167388916,1000,False,0,2,[-5.98408336 -0.64205561  4.        ],exiting,[-0.82138112 -0.19970136 -0.21083176]
385.855167388916,1001,False,3,6,[-6.16027139  5.93995392  3.99997936],cruising,[-0.48080528  0.59740651 -0.20557775]
385.855167388916,1002,False,5,3,[-2.0067391   7.27252561  3.98781951],cruising,[ 0.5677905  -0.59831228 -0.99408226]
385.855167388916,1003,False,6,0,[-1.20725394 -3.59609161  4.00000013],cruising,[ 0.63925976  0.24903542 -0.34837281]
385.855167388916,1004,False,2,4,[ 8.41176796 -7.43940636  2.54170446],landing,[-0.62185191  0.08809385  0.93462812]
385.855167388916,1005,False,4,1,[7.34455869 2.08551713 4.        ],exiting,[ 0.50568378 -0.03156594 -0.11489306]
385.95993971824646,1000,False,0,2,[-6.05854347 -0.70880658  4.        ],exiting,[-0.82138112 -0.19970136 -0.21083176]
385.95993971824646,1001,False,3,6,[-6.06011128  6.0972866   3.9999872 ],cruising,[-0.48080528  0.59740651 -0.20557775]
385.95993971824646,1002,False,5,3,[-1.80981735  7.23757104  3.98964658],cruising,[ 0.5677905  -0.59831228 -0.99408226]
385.95993971824646,1003,False,6,0,[-1.39743019 -3.65741144  4.00000011],cruising,[ 0.63925976  0.24903542 -0.34837281]
385.95993971824646,1004,False,2,4,[ 8.38938209 -7.44270055  2.44429799],landing,[-0.62185191  0.08809385  0.93462812]
385.95993971824646,1005,False,4,1,[7.24489285 2.09368541 4.        ],exiting,[ 0.50568378 -0.03156594 -0.11489306]
386.0717053413391,1000,False,0,2,[-6.13300358 -0.77555754  4.        ],exiting,[-0.82138112 -0.19970136 -0.21083176]
386.0717053413391,1001,False,3,6,[-5.94493708  6.24140651  3.99999392],cruising,[-0.48080528  0.59740651 -0.20557775]
386.0717053413391,1002,False,5,3,[-1.61655092  7.18611145  3.9911996 ],cruising,[ 0.5677905  -0.59831228 -0.99408226]
386.0717053413391,1003,False,6,0,[-1.5913662  -3.69908784  4.00000009],cruising,[ 0.63925976  0.24903542 -0.34837281]
386.0717053413391,1004,False,2,4,[ 8.36699622 -7.44599474  2.34689151],landing,[-0.62185191  0.08809385  0.93462812]
386.0717053413391,1005,False,4,1,[7.14522702 2.10185369 4.        ],exiting,[ 0.50568378 -0.03156594 -0.11489306]
386.1737575531006,1000,False,0,2,[-6.2074637  -0.84230851  4.        ],exiting,[-0.82138112 -0.19970136 -0.21083176]
386.1737575531006,1001,False,3,6,[-5.81565612  6.371349    3.99999949],cruising,[-0.48080528  0.59740651 -0.20557775]
386.1737575531006,1002,False,5,3,[-1.42753518  7.12074289  3.99251966],cruising,[ 0.5677905  -0.59831228 -0.99408226]
386.1737575531006,1003,False,6,0,[-1.78594771 -3.72077467  4.00000007],cruising,[ 0.63925976  0.24903542 -0.34837281]
386.1737575531006,1004,False,2,4,[ 8.34461035 -7.44928893  2.24948504],landing,[-0.62185191  0.08809385  0.93462812]
386.1737575531006,1005,False,4,1,[7.04556118 2.11002197 4.        ],exiting,[ 0.50568378 -0.03156594 -0.11489306]
386.26745080947876,1000,False,0,2,[-6.28192381 -0.90905947  4.        ],exiting,[-0.82138112 -0.19970136 -0.21083176]
386.26745080947876,1001,False,3,6,[-5.67316497  6.48627514  4.00000388],cruising,[-0.48080528  0.59740651 -0.20557775]
386.26745080947876,1002,False,5,3,[-1.24285269  7.04398106  3.99364171],cruising,[ 0.5677905  -0.59831228 -0.99408226]
386.26745080947876,1003,False,6,0,[-1.97817382 -3.72260067  4.00000006],cruising,[ 0.63925976  0.24903542 -0.34837281]
386.26745080947876,1004,False,2,4,[ 8.32222448 -7.45258312  2.15207857],landing,[-0.62185191  0.08809385  0.93462812]
386.26745080947876,1005,False,4,1,[6.94589534 2.11819025 4.        ],exiting,[ 0.50568378 -0.03156594 -0.11489306]
386.3676483631134,1000,False,0,2,[-6.35638392 -0.97581044  4.        ],exiting,[-0.82138112 -0.19970136 -0.21083176]
386.3676483631134,1001,False,3,6,[-5.51850988  6.58532556  4.00000711],cruising,[-0.48080528  0.59740651 -0.20557775]
386.3676483631134,1002,False,5,3,[-1.0608016   6.96117164  3.99459545],cruising,[ 0.5677905  -0.59831228 -0.99408226]
386.3676483631134,1003,False,6,0,[-2.16514559 -3.70512922  4.00000004],cruising,[ 0.63925976  0.24903542 -0.34837281]
386.3676483631134,1004,False,2,4,[ 8.29983861 -7.45587731  2.05467209],landing,[-0.62185191  0.08809385  0.93462812]
386.3676483631134,1005,False,4,1,[6.8462295  2.12635852 4.        ],exiting,[ 0.50568378 -0.03156594 -0.11489306]
386.46522331237793,1000,False,0,2,[-6.43084404 -1.04256141  4.        ],exiting,[-0.82138112 -0.19970136 -0.21083176]
386.46522331237793,1001,False,3,6,[-5.35230623  6.66804713  4.00000913],cruising,[-0.48080528  0.59740651 -0.20557775]
386.46522331237793,1002,False,5,3,[-0.8827883   6.87000549  3.99540613],cruising,[ 0.5677905  -0.59831228 -0.99408226]
386.46522331237793,1003,False,6,0,[-2.34453567 -3.66915052  4.00000003],cruising,[ 0.63925976  0.24903542 -0.34837281]
386.46522331237793,1004,False,2,4,[ 8.27745274 -7.45917149  1.95726562],landing,[-0.62185191  0.08809385  0.93462812]
386.46522331237793,1005,False,4,1,[6.74656366 2.1345268  4.        ],exiting,[ 0.50568378 -0.03156594 -0.11489306]
386.56979966163635,1000,False,0,2,[-6.50530415 -1.10931237  4.        ],exiting,[-0.82138112 -0.19970136 -0.21083176]
386.56979966163635,1001,False,3,6,[-5.17498843  6.73414116  4.0000099 ],cruising,[-0.48080528  0.59740651 -0.20557775]
386.56979966163635,1002,False,5,3,[-0.70811661  6.77258989  3.99609521],cruising,[ 0.5677905  -0.59831228 -0.99408226]
386.56979966163635,1003,False,6,0,[-2.51415535 -3.61572077  4.00000001],cruising,[ 0.63925976  0.24903542 -0.34837281]
386.56979966163635,1004,False,2,4,[ 8.25506686 -7.46246568  1.85985914],landing,[-0.62185191  0.08809385  0.93462812]
386.56979966163635,1005,False,4,1,[6.64689783 2.14269508 4.        ],exiting,[ 0.50568378 -0.03156594 -0.11489306]
386.6663749217987,1000,False,0,2,[-6.57976427 -1.17606334  4.        ],exiting,[-0.82138112 -0.19970136 -0.21083176]
386.6663749217987,1001,False,3,6,[-4.9866446   6.78354906  4.00000938],cruising,[-0.48080528  0.59740651 -0.20557775]
386.6663749217987,1002,False,5,3,[-0.53510963  6.67224755  3.99668093],cruising,[ 0.5677905  -0.59831228 -0.99408226]
386.6663749217987,1003,False,6,0,[-2.67201142 -3.54611644  4.        ],cruising,[ 0.63925976  0.24903542 -0.34837281]
386.6663749217987,1004,False,2,4,[ 8.23268099 -7.46575987  1.76245267],landing,[-0.62185191  0.08809385  0.93462812]
386.6663749217987,1005,False,4,1,[6.54723199 2.15086336 4.        ],exiting,[ 0.50568378 -0.03156594 -0.11489306]
386.7695550918579,1000,False,0,2,[-6.65422438 -1.2428143   4.        ],exiting,[-0.82138112 -0.19970136 -0.21083176]
386.7695550918579,1001,False,3,6,[-4.79061562  6.82320556  4.00000797],cruising,[-0.48080528  0.59740651 -0.20557775]
386.7695550918579,1002,False,5,3,[-0.36437748  6.56808166  3.99717879],cruising,[ 0.5677905  -0.59831228 -0.99408226]
386.7695550918579,1003,False,6,0,[-2.81642662 -3.46170186  3.99999999],cruising,[ 0.63925976  0.24903542 -0.34837281]
386.7695550918579,1004,False,2,4,[ 8.21029512 -7.46905406  1.6650462 ],landing,[-0.62185191  0.08809385  0.93462812]
386.7695550918579,1005,False,4,1,[6.44756615 2.15903163 4.        ],exiting,[ 0.50568378 -0.03156594 -0.11489306]
386.86168384552,1000,False,0,2,[-6.72868449 -1.30956527  4.        ],exiting,[-0.82138112 -0.19970136 -0.21083176]
386.86168384552,1001,False,3,6,[-4.59553151  6.86727582  4.00000678],cruising,[-0.48080528  0.59740651 -0.20557775]
386.86168384552,1002,False,5,3,[-0.1951005   6.46156732  3.99760197],cruising,[ 0.5677905  -0.59831228 -0.99408226]
386.86168384552,1003,False,6,0,[-2.94594797 -3.36393913  3.99999998],cruising,[ 0.63925976  0.24903542 -0.34837281]
386.86168384552,1004,False,2,4,[ 8.18790925 -7.47234825  1.56763972],landing,[-0.62185191  0.08809385  0.93462812]
386.86168384552,1005,False,4,1,[6.34790031 2.16719991 4.        ],exiting,[ 0.50568378 -0.03156594 -0.11489306]
386.9698770046234,1000,False,0,2,[-6.80314461 -1.37631624  4.        ],exiting,[-0.82138112 -0.19970136 -0.21083176]
386.9698770046234,1001,False,3,6,[-4.40112006  6.91422463  4.00000576],cruising,[-0.48080528  0.59740651 -0.20557775]
386.9698770046234,1002,False,5,3,[-0.02625051  6.3543774   3.99796168],cruising,[ 0.5677905  -0.59831228 -0.99408226]
386.9698770046234,1003,False,6,0,[-3.05927412 -3.25444118  3.99999997],cruising,[ 0.63925976  0.24903542 -0.34837281]
386.9698770046234,1004,False,2,4,[ 8.16552338 -7.47564244  1.47023325],fake_landed,[-0.62185191  0.08809385  0.93462812]
386.9698770046234,1005,False,4,1,[6.24823448 2.17536819 4.        ],exiting,[ 0.50568378 -0.03156594 -0.11489306]
387.0624830722809,1000,False,0,2,[-6.87760472 -1.4430672   4.        ],exiting,[-0.82138112 -0.19970136 -0.21083176]
387.0624830722809,1001,False,3,6,[-4.20647171  6.96018135  4.0000049 ],cruising,[-0.48080528  0.59740651 -0.20557775]
387.0624830722809,1002,False,5,3,[0.14226832 6.24666758 3.99826743],cruising,[ 0.5677905  -0.59831228 -0.99408226]
387.0624830722809,1003,False,6,0,[-3.15530585 -3.13489816  3.99999997],cruising,[ 0.63925976  0.24903542 -0.34837281]
387.0624830722809,1004,False,2,4,[ 8.14761468 -7.47827779  1.39230807],fake_landed,[-0.62185191  0.08809385  0.93462812]
387.0624830722809,1005,False,4,1,[6.14856864 2.18353647 4.        ],exiting,[ 0.50568378 -0.03156594 -0.11489306]
387.1731946468353,1000,False,0,2,[-6.95206483 -1.50981817  4.        ],landing,[-0.82138112 -0.19970136 -0.21083176]
387.1731946468353,1001,False,3,6,[-4.01201976  7.00696211  4.00000416],cruising,[-0.48080528  0.59740651 -0.20557775]
387.1731946468353,1002,False,5,3,[0.31104364 6.13936012 3.99852731],cruising,[ 0.5677905  -0.59831228 -0.99408226]
387.1731946468353,1003,False,6,0,[-3.23342276 -3.00646364  3.99999996],cruising,[ 0.63925976  0.24903542 -0.34837281]
387.1731946468353,1004,False,2,4,[ 8.13418316 -7.4802543   1.33386419],fake_landed,[-0.62185191  0.08809385  0.93462812]
387.1731946468353,1005,False,4,1,[6.0489028  2.19170475 4.        ],exiting,[ 0.50568378 -0.03156594 -0.11489306]
387.2696855068207,1000,False,0,2,[-7.01823362 -1.56484772  3.98607656],landing,[-0.82138112 -0.19970136 -0.21083176]
387.2696855068207,1001,False,3,6,[-3.81748996  7.05341807  4.00000354],cruising,[-0.48080528  0.59740651 -0.20557775]
387.2696855068207,1002,False,5,3,[0.48033034 6.03286123 3.99874822],cruising,[ 0.5677905  -0.59831228 -0.99408226]
387.2696855068207,1003,False,6,0,[-3.29325153 -2.86993319  3.99999996],cruising,[ 0.63925976  0.24903542 -0.34837281]
387.2696855068207,1004,False,2,4,[ 8.12522881 -7.48157198  1.2949016 ],fake_landed,[-0.62185191  0.08809385  0.93462812]
387.2696855068207,1005,False,4,1,[5.94923696 2.19987302 4.        ],exiting,[ 0.50568378 -0.03156594 -0.11489306]
387.3647494316101,1000,False,0,2,[-7.07595903 -1.60807026  3.95839433],landing,[-0.82138112 -0.19970136 -0.21083176]
387.3647494316101,1001,False,3,6,[-3.62265317  7.09856922  4.00000301],cruising,[-0.48080528  0.59740651 -0.20557775]
387.3647494316101,1002,False,5,3,[0.65076184 5.92820415 3.99893598],cruising,[ 0.5677905  -0.59831228 -0.99408226]
387.3647494316101,1003,False,6,0,[-3.33461854 -2.72571097  3.99999996],cruising,[ 0.63925976  0.24903542 -0.34837281]
387.3647494316101,1004,False,2,4,[ 8.12075164 -7.48223082  1.2754203 ],fake_landed,[-0.62185191  0.08809385  0.93462812]
387.3647494316101,1005,False,4,1,[5.84957112 2.2080413  4.        ],exiting,[ 0.50568378 -0.03156594 -0.11489306]
387.467312335968,1000,False,0,2,[-7.12506236 -1.63938653  3.91715112],landing,[-0.82138112 -0.19970136 -0.21083176]
387.467312335968,1001,False,3,6,[-3.42680994  7.1391331   4.00000256],cruising,[-0.48080528  0.59740651 -0.20557775]
387.467312335968,1002,False,5,3,[0.82232    5.82540436 3.99909559],cruising,[ 0.5677905  -0.59831228 -0.99408226]
387.467312335968,1003,False,6,0,[-3.35745098 -2.57397409  3.99999995],cruising,[ 0.63925976  0.24903542 -0.34837281]
387.467312335968,1004,False,2,4,[ 8.12075164 -7.48223082  1.2754203 ],fake_landed,[-0.62185191  0.08809385  0.93462812]
387.467312335968,1005,False,4,1,[5.74990529 2.21620958 4.        ],exiting,[ 0.50568378 -0.03156594 -0.11489306]
387.56138467788696,1000,False,0,2,[-7.16530134 -1.65866426  3.8626227 ],landing,[-0.82138112 -0.19970136 -0.21083176]
387.56138467788696,1001,False,3,6,[-3.23045898  7.17716336  4.00000217],cruising,[-0.48080528  0.59740651 -0.20557775]
387.56138467788696,1002,False,5,3,[0.9959236  5.7260978  3.99923125],cruising,[ 0.5677905  -0.59831228 -0.99408226]
387.56138467788696,1003,False,6,0,[-3.36175227 -2.41471417  3.99999996],cruising,[ 0.63925976  0.24903542 -0.34837281]
387.56138467788696,1004,False,4,5,[ 8.12075164 -7.48223082  1.2754203 ],waiting,[-0.62185191  0.08809385  0.93462812]
387.56138467788696,1005,False,4,1,[5.65023945 2.22437786 4.        ],exiting,[ 0.50568378 -0.03156594 -0.11489306]
387.6693706512451,1000,False,0,2,[-7.19646392 -1.66579     3.79505787],landing,[-0.82138112 -0.19970136 -0.21083176]
387.6693706512451,1001,False,3,6,[-3.03348729  7.21183543  4.00000185],cruising,[-0.48080528  0.59740651 -0.20557775]
387.6693706512451,1002,False,5,3,[1.1711547  5.62969209 3.99934656],cruising,[ 0.5677905  -0.59831228 -0.99408226]
387.6693706512451,1003,False,6,0,[-3.34784402 -2.24718305  3.99999996],cruising,[ 0.63925976  0.24903542 -0.34837281]
387.6693706512451,1004,False,4,5,[ 8.12075164 -7.48223082  1.2754203 ],waiting,[-0.62185191  0.08809385  0.93462812]
387.6693706512451,1005,False,4,1,[5.55057361 2.23254613 4.        ],landing,[ 0.50568378 -0.03156594 -0.11489306]
387.7647602558136,1000,False,0,2,[-7.21835887 -1.66066333  3.71468719],landing,[-0.82138112 -0.19970136 -0.21083176]
387.7647602558136,1001,False,3,6,[-2.83541462  7.23953413  4.00000157],cruising,[-0.48080528  0.59740651 -0.20557775]
387.7647602558136,1002,False,5,3,[1.34824485 5.53674544 3.99944458],cruising,[ 0.5677905  -0.59831228 -0.99408226]
387.7647602558136,1003,False,6,0,[-3.31675689 -2.06941054  3.99999996],cruising,[ 0.63925976  0.24903542 -0.34837281]
387.7647602558136,1004,False,4,5,[ 8.12075164 -7.48223082  1.2754203 ],waiting,[-0.62185191  0.08809385  0.93462812]
387.7647602558136,1005,False,4,1,[5.46476839 2.23645602 3.98622505],landing,[ 0.50568378 -0.03156594 -0.11489306]
387.8602318763733,1000,False,0,2,[-7.23079279 -1.64318461  3.62175006],landing,[-0.82138112 -0.19970136 -0.21083176]
387.8602318763733,1001,False,3,6,[-2.63674419  7.26255712  4.00000133],cruising,[-0.48080528  0.59740651 -0.20557775]
387.8602318763733,1002,False,5,3,[1.52838035 5.4498478  3.99952789],cruising,[ 0.5677905  -0.59831228 -0.99408226]
387.8602318763733,1003,False,6,0,[-3.27387363 -1.87548714  3.99999997],cruising,[ 0.63925976  0.24903542 -0.34837281]
387.8602318763733,1004,False,4,5,[ 8.12075164 -7.48223082  1.2754203 ],queued,[-0.62185191  0.08809385  0.93462812]
387.8602318763733,1005,False,4,1,[5.39299446 2.23613125 3.95884161],landing,[ 0.50568378 -0.03156594 -0.11489306]
387.97116255760193,1000,False,0,2,[-7.23990245 -1.62141998  3.52457334],landing,[-0.82138112 -0.19970136 -0.21083176]
387.97116255760193,1001,False,3,6,[-2.43722885  7.27647229  4.00000113],cruising,[-0.48080528  0.59740651 -0.20557775]
387.97116255760193,1002,False,5,3,[1.71064343 5.36750602 3.99959871],cruising,[ 0.5677905  -0.59831228 -0.99408226]
387.97116255760193,1003,False,6,0,[-3.24636473 -1.67738802  3.99999997],cruising,[ 0.63925976  0.24903542 -0.34837281]
387.97116255760193,1004,False,4,5,[ 8.12075164 -7.48223082  1.2954203 ],queued,[-0.62185191  0.08809385  0.93462812]
387.97116255760193,1005,False,4,1,[5.33545071 2.23160066 3.91804875],landing,[ 0.50568378 -0.03156594 -0.11489306]
388.07087302207947,1000,False,0,2,[-7.24901211 -1.59965536  3.42739662],landing,[-0.82138112 -0.19970136 -0.21083176]
388.07087302207947,1001,False,3,6,[-2.23725798  7.27988555  4.00000096],cruising,[-0.48080528  0.59740651 -0.20557775]
388.07087302207947,1002,False,5,3,[1.89517917 5.29039208 3.9996589 ],cruising,[ 0.5677905  -0.59831228 -0.99408226]
388.07087302207947,1003,False,6,0,[-3.23533787 -1.47769223  3.99999998],cruising,[ 0.63925976  0.24903542 -0.34837281]
388.07087302207947,1004,False,4,5,[ 8.12075164 -7.48223082  1.3354203 ],queued,[-0.62185191  0.08809385  0.93462812]
388.07087302207947,1005,False,4,1,[5.29240225 2.22290464 3.8641206 ],landing,[ 0.50568378 -0.03156594 -0.11489306]
388.16366052627563,1000,False,0,2,[-7.25812177 -1.57789073  3.3302199 ],landing,[-0.82138112 -0.19970136 -0.21083176]
388.16366052627563,1001,False,3,6,[-2.03774423  7.26594775  4.00000082],cruising,[-0.48080528  0.59740651 -0.20557775]
388.16366052627563,1002,False,5,3,[2.08316507 5.22211836 3.99971007],cruising,[ 0.5677905  -0.59831228 -0.99408226]
388.16366052627563,1003,False,6,0,[-3.24022993 -1.27775207  3.99999998],cruising,[ 0.63925976  0.24903542 -0.34837281]
388.16366052627563,1004,False,4,5,[ 8.12075164 -7.48223082  1.3954203 ],queued,[-0.62185191  0.08809385  0.93462812]
388.16366052627563,1005,False,4,1,[5.26409038 2.2100821  3.79731592],landing,[ 0.50568378 -0.03156594 -0.11489306]
388.2611086368561,1000,False,0,2,[-7.26723144 -1.5561261   3.23304318],landing,[-0.82138112 -0.19970136 -0.21083176]
388.2611086368561,1001,False,3,6,[-1.84044599  7.23318489  4.0000007 ],cruising,[-0.48080528  0.59740651 -0.20557775]
388.2611086368561,1002,False,5,3,[2.27369325 5.16129884 3.99975356],cruising,[ 0.5677905  -0.59831228 -0.99408226]
388.2611086368561,1003,False,6,0,[-3.25902983 -1.07863762  3.99999998],cruising,[ 0.63925976  0.24903542 -0.34837281]
388.2611086368561,1004,False,4,5,[ 8.12075164 -7.48223082  1.4704203 ],queued,[-0.62185191  0.08809385  0.93462812]
388.2611086368561,1005,False,4,1,[5.25072489 2.19316854 3.7178673 ],landing,[ 0.50568378 -0.03156594 -0.11489306]
388.3657217025757,1000,False,0,2,[-7.2763411  -1.53436147  3.13586646],landing,[-0.82138112 -0.19970136 -0.21083176]
388.3657217025757,1001,False,3,6,[-1.64660561  7.18393137  4.00000059],cruising,[-0.48080528  0.59740651 -0.20557775]
388.3657217025757,1002,False,5,3,[2.46726375 5.11099513 3.99979052],cruising,[ 0.5677905  -0.59831228 -0.99408226]
388.3657217025757,1003,False,6,0,[-3.29146165 -0.8812847   3.99999999],cruising,[ 0.63925976  0.24903542 -0.34837281]
388.3657217025757,1004,False,4,5,[ 8.12075164 -7.48223082  1.5454203 ],queued,[-0.62185191  0.08809385  0.93462812]
388.3657217025757,1005,False,4,1,[5.25251676 2.1722014  3.62601614],landing,[ 0.50568378 -0.03156594 -0.11489306]
388.46202182769775,1000,False,0,2,[-7.28545076 -1.51259684  3.03868974],landing,[-0.82138112 -0.19970136 -0.21083176]
388.46202182769775,1001,False,3,6,[-1.45543203  7.12517204  4.0000005 ],cruising,[-0.48080528  0.59740651 -0.20557775]
388.46202182769775,1002,False,5,3,[2.66294761 5.06966927 3.99982194],cruising,[ 0.5677905  -0.59831228 -0.99408226]
388.46202182769775,1003,False,6,0,[-3.33640391 -0.68639962  3.99999999],cruising,[ 0.63925976  0.24903542 -0.34837281]
388.46202182769775,1004,False,4,5,[ 8.12075164 -7.48223082  1.6204203 ],queued,[-0.62185191  0.08809385  0.93462812]
388.46202182769775,1005,False,4,1,[5.26086674 2.14952161 3.52898056],landing,[ 0.50568378 -0.03156594 -0.11489306]
388.56069684028625,1000,False,0,2,[-7.29456042 -1.49083222  2.94151302],landing,[-0.82138112 -0.19970136 -0.21083176]
388.56069684028625,1001,False,3,6,[-1.26884038  7.05317512  4.00000043],cruising,[-0.48080528  0.59740651 -0.20557775]
388.56069684028625,1002,False,5,3,[2.86006763 5.0358507  3.99984865],cruising,[ 0.5677905  -0.59831228 -0.99408226]
388.56069684028625,1003,False,6,0,[-3.39120271 -0.49405334  3.99999999],cruising,[ 0.63925976  0.24903542 -0.34837281]
388.56069684028625,1004,False,4,5,[ 8.12075164 -7.48223082  1.6954203 ],queued,[-0.62185191  0.08809385  0.93462812]
388.56069684028625,1005,False,4,1,[5.26921672 2.12684181 3.43194497],landing,[ 0.50568378 -0.03156594 -0.11489306]
388.66040563583374,1000,False,0,2,[-7.30367009 -1.46906759  2.8443363 ],landing,[-0.82138112 -0.19970136 -0.21083176]
388.66040563583374,1001,False,3,6,[-1.08666463  6.9706403   4.00000036],cruising,[-0.48080528  0.59740651 -0.20557775]
388.66040563583374,1002,False,5,3,[3.05814482 5.00818434 3.99987135],cruising,[ 0.5677905  -0.59831228 -0.99408226]
388.66040563583374,1003,False,6,0,[-3.45687543 -0.30514306  3.99999999],cruising,[ 0.63925976  0.24903542 -0.34837281]
388.66040563583374,1004,False,4,5,[ 8.12075164 -7.48223082  1.7704203 ],queued,[-0.62185191  0.08809385  0.93462812]
388.66040563583374,1005,False,4,1,[5.2775667  2.10416202 3.33490939],landing,[ 0.50568378 -0.03156594 -0.11489306]
388.7609312534332,1000,False,0,2,[-7.31277975 -1.44730296  2.74715958],landing,[-0.82138112 -0.19970136 -0.21083176]
388.7609312534332,1001,False,3,6,[-0.90841863  6.87992997  4.00000031],cruising,[-0.48080528  0.59740651 -0.20557775]
388.7609312534332,1002,False,5,3,[3.2568484  4.98544919 3.99989065],cruising,[ 0.5677905  -0.59831228 -0.99408226]
388.7609312534332,1003,False,6,0,[-3.53277193 -0.12010328  3.99999999],cruising,[ 0.63925976  0.24903542 -0.34837281]
388.7609312534332,1004,False,4,5,[ 8.12075164 -7.48223082  1.8454203 ],queued,[-0.62185191  0.08809385  0.93462812]
388.7609312534332,1005,False,4,1,[5.28591668 2.08148222 3.2378738 ],landing,[ 0.50568378 -0.03156594 -0.11489306]
388.86290168762207,1000,False,0,2,[-7.32188941 -1.42553833  2.64998286],landing,[-0.82138112 -0.19970136 -0.21083176]
388.86290168762207,1001,False,3,6,[-0.73231493  6.78512762  4.00000026],cruising,[-0.48080528  0.59740651 -0.20557775]
388.86290168762207,1002,False,5,3,[3.45595427 4.96655866 3.99990705],cruising,[ 0.5677905  -0.59831228 -0.99408226]
388.86290168762207,1003,False,6,0,[-3.61632884  0.06160595  3.99999999],cruising,[ 0.63925976  0.24903542 -0.34837281]
388.86290168762207,1004,False,4,5,[ 8.12075164 -7.48223082  1.9204203 ],queued,[-0.62185191  0.08809385  0.93462812]
388.86290168762207,1005,False,4,1,[5.29426666 2.05880243 3.14083822],landing,[ 0.50568378 -0.03156594 -0.11489306]
388.96064257621765,1000,False,0,2,[-7.33099907 -1.40377371  2.55280614],landing,[-0.82138112 -0.19970136 -0.21083176]
388.96064257621765,1001,False,3,6,[-0.5592485   6.68488784  4.00000022],cruising,[-0.48080528  0.59740651 -0.20557775]
388.96064257621765,1002,False,5,3,[3.65531257 4.9505503  3.999921  ],cruising,[ 0.5677905  -0.59831228 -0.99408226]
388.96064257621765,1003,False,6,0,[-3.7109687   0.23779703  3.99999999],cruising,[ 0.63925976  0.24903542 -0.34837281]
388.96064257621765,1004,False,4,5,[ 8.12075164 -7.48223082  1.9954203 ],queued,[-0.62185191  0.08809385  0.93462812]
388.96064257621765,1005,False,4,1,[5.30261665 2.03612263 3.04380263],landing,[ 0.50568378 -0.03156594 -0.11489306]
389.07046461105347,1000,False,0,2,[-7.34010874 -1.38200908  2.45562942],landing,[-0.82138112 -0.19970136 -0.21083176]
389.07046461105347,1001,False,3,6,[-0.38839431  6.58092225  4.00000019],cruising,[-0.48080528  0.59740651 -0.20557775]
389.07046461105347,1002,False,5,3,[3.85482337 4.93657021 3.99993285],cruising,[ 0.5677905  -0.59831228 -0.99408226]
389.07046461105347,1003,False,6,0,[-3.81149331  0.41069816  4.        ],cruising,[ 0.63925976  0.24903542 -0.34837281]
389.07046461105347,1004,False,4,5,[ 8.12075164 -7.48223082  2.0704203 ],queued,[-0.62185191  0.08809385  0.93462812]
389.07046461105347,1005,False,4,1,[5.31096663 2.01344284 2.94676705],landing,[ 0.50568378 -0.03156594 -0.11489306]
389.17358660697937,1000,False,0,2,[-7.3492184  -1.36024445  2.3584527 ],landing,[-0.82138112 -0.19970136 -0.21083176]
389.17358660697937,1001,False,3,6,[-0.2184519   6.47547284  4.00000016],cruising,[-0.48080528  0.59740651 -0.20557775]
389.17358660697937,1002,False,5,3,[4.05441878 4.9238552  3.99994292],cruising,[ 0.5677905  -0.59831228 -0.99408226]
389.17358660697937,1003,False,6,0,[-3.91663281  0.58083248  4.        ],cruising,[ 0.63925976  0.24903542 -0.34837281]
389.17358660697937,1004,False,4,5,[ 8.12075164 -7.48223082  2.1454203 ],queued,[-0.62185191  0.08809385  0.93462812]
389.17358660697937,1005,False,4,1,[5.31931661 1.99076304 2.84973146],landing,[ 0.50568378 -0.03156594 -0.11489306]
389.2605483531952,1000,False,0,2,[-7.35832806 -1.33847982  2.26127598],landing,[-0.82138112 -0.19970136 -0.21083176]
389.2605483531952,1001,False,3,6,[-0.04956749  6.36833714  4.00000014],cruising,[-0.48080528  0.59740651 -0.20557775]
389.2605483531952,1002,False,5,3,[4.25404995 4.91171447 3.99995148],cruising,[ 0.5677905  -0.59831228 -0.99408226]
389.2605483531952,1003,False,6,0,[-4.02638753  0.74802668  4.        ],cruising,[ 0.63925976  0.24903542 -0.34837281]
389.2605483531952,1004,False,4,5,[ 8.12075164 -7.48223082  2.2204203 ],queued,[-0.62185191  0.08809385  0.93462812]
389.2605483531952,1005,False,4,1,[5.32766659 1.96808325 2.75269588],landing,[ 0.50568378 -0.03156594 -0.11489306]
389.3747787475586,1000,False,0,2,[-7.36743773 -1.31671519  2.16409925],landing,[-0.82138112 -0.19970136 -0.21083176]
389.3747787475586,1001,False,3,6,[0.11913436 6.26091422 4.00000012],cruising,[-0.48080528  0.59740651 -0.20557775]
389.3747787475586,1002,False,5,3,[4.45367294 4.89944009 3.99995876],cruising,[ 0.5677905  -0.59831228 -0.99408226]
389.3747787475586,1003,False,6,0,[-4.13841102  0.91370932  4.        ],cruising,[ 0.63925976  0.24903542 -0.34837281]
389.3747787475586,1004,False,4,5,[ 8.12075164 -7.48223082  2.2954203 ],queued,[-0.62185191  0.08809385  0.93462812]
389.3747787475586,1005,False,4,1,[5.33601657 1.94540345 2.65566029],landing,[ 0.50568378 -0.03156594 -0.11489306]
389.46575808525085,1000,False,0,2,[-7.37654739 -1.29495057  2.06692253],landing,[-0.82138112 -0.19970136 -0.21083176]
389.46575808525085,1001,False,3,6,[0.28791876 6.15362105 4.0000001 ],cruising,[-0.48080528  0.59740651 -0.20557775]
389.46575808525085,1002,False,5,3,[4.65327541 4.88683632 3.99996495],cruising,[ 0.5677905  -0.59831228 -0.99408226]
389.46575808525085,1003,False,6,0,[-4.25153661  1.07864143  4.        ],cruising,[ 0.63925976  0.24903542 -0.34837281]
389.46575808525085,1004,False,4,5,[ 8.12075164 -7.48223082  2.3704203 ],queued,[-0.62185191  0.08809385  0.93462812]
389.46575808525085,1005,False,4,1,[5.34436655 1.92272366 2.55862471],landing,[ 0.50568378 -0.03156594 -0.11489306]
389.5695815086365,1000,False,0,2,[-7.38565705 -1.27318594  1.96974581],landing,[-0.82138112 -0.19970136 -0.21083176]
389.5695815086365,1001,False,3,6,[0.45720602 6.04712305 4.00000008],cruising,[-0.48080528  0.59740651 -0.20557775]
389.5695815086365,1002,False,5,3,[4.85281278 4.87324091 3.9999702 ],cruising,[ 0.5677905  -0.59831228 -0.99408226]
389.5695815086365,1003,False,6,0,[-4.3661785   1.24252321  4.        ],cruising,[ 0.63925976  0.24903542 -0.34837281]
389.5695815086365,1004,False,4,5,[ 8.12075164 -7.48223082  2.4454203 ],entering,[-0.62185191  0.08809385  0.93462812]
389.5695815086365,1005,False,4,1,[5.35271653 1.90004386 2.46158913],landing,[ 0.50568378 -0.03156594 -0.11489306]
389.66120648384094,1000,False,0,2,[-7.39476671 -1.25142131  1.87256909],landing,[-0.82138112 -0.19970136 -0.21083176]
389.66120648384094,1001,False,3,6,[0.62725937 5.94185263 4.00000007],cruising,[-0.48080528  0.59740651 -0.20557775]
389.66120648384094,1002,False,5,3,[5.05223273 4.85801969 3.99997467],cruising,[ 0.5677905  -0.59831228 -0.99408226]
389.66120648384094,1003,False,6,0,[-4.48183421  1.40569109  4.        ],cruising,[ 0.63925976  0.24903542 -0.34837281]
389.66120648384094,1004,False,4,5,[ 8.10926153 -7.4658608   2.5204203 ],entering,[-0.62185191  0.08809385  0.93462812]
389.66120648384094,1005,False,4,1,[5.36106652 1.87736407 2.36455354],landing,[ 0.50568378 -0.03156594 -0.11489306]
389.7691738605499,1000,False,0,2,[-7.40387638 -1.22965668  1.77539237],landing,[-0.82138112 -0.19970136 -0.21083176]
389.7691738605499,1001,False,3,6,[0.79884614 5.8391006  4.00000006],cruising,[-0.48080528  0.59740651 -0.20557775]
389.7691738605499,1002,False,5,3,[5.25146796 4.84054624 3.99997847],cruising,[ 0.5677905  -0.59831228 -0.99408226]
389.7691738605499,1003,False,6,0,[-4.5980768   1.56844139  4.        ],cruising,[ 0.63925976  0.24903542 -0.34837281]
389.7691738605499,1004,False,4,5,[ 8.0862813  -7.43312078  2.5954203 ],entering,[-0.62185191  0.08809385  0.93462812]
389.7691738605499,1005,False,4,1,[5.3694165  1.85468427 2.26751796],landing,[ 0.50568378 -0.03156594 -0.11489306]
389.8639883995056,1000,False,0,2,[-7.41298604 -1.20789206  1.67821565],landing,[-0.82138112 -0.19970136 -0.21083176]
389.8639883995056,1001,False,3,6,[0.97177822 5.73862924 4.00000005],cruising,[-0.48080528  0.59740651 -0.20557775]
389.8639883995056,1002,False,5,3,[5.45056971 4.82161228 3.9999817 ],cruising,[ 0.5677905  -0.59831228 -0.99408226]
389.8639883995056,1003,False,6,0,[-4.71453609  1.7310367   4.        ],cruising,[ 0.63925976  0.24903542 -0.34837281]
389.8639883995056,1004,False,4,5,[ 8.05181097 -7.38401074  2.6704203 ],entering,[-0.62185191  0.08809385  0.93462812]
389.8639883995056,1005,False,4,1,[5.37776648 1.83200448 2.17048237],landing,[ 0.50568378 -0.03156594 -0.11489306]
389.96386528015137,1000,False,0,2,[-7.4220957  -1.18612743  1.58103893],landing,[-0.82138112 -0.19970136 -0.21083176]
389.96386528015137,1001,False,3,6,[1.1470757  5.64234427 4.00000004],cruising,[-0.48080528  0.59740651 -0.20557775]
389.96386528015137,1002,False,5,3,[5.64930538 4.79915933 3.99998445],cruising,[ 0.5677905  -0.59831228 -0.99408226]
389.96386528015137,1003,False,6,0,[-4.83088286  1.89371253  4.        ],cruising,[ 0.63925976  0.24903542 -0.34837281]
389.96386528015137,1004,False,4,5,[ 8.00585052 -7.31853069  2.7454203 ],entering,[-0.62185191  0.08809385  0.93462812]
389.96386528015137,1005,False,4,1,[5.38611646 1.80932468 2.07344679],landing,[ 0.50568378 -0.03156594 -0.11489306]
390.06075525283813,1000,False,0,2,[-7.43120536 -1.1643628   1.48386221],fake_landed,[-0.82138112 -0.19970136 -0.21083176]
390.06075525283813,1001,False,3,6,[1.32416944 5.54940447 4.00000004],cruising,[-0.48080528  0.59740651 -0.20557775]
390.06075525283813,1002,False,5,3,[5.84751801 4.77248069 3.99998678],cruising,[ 0.5677905  -0.59831228 -0.99408226]
390.06075525283813,1003,False,6,0,[-4.94681535  2.05668388  4.        ],cruising,[ 0.63925976  0.24903542 -0.34837281]
390.06075525283813,1004,False,4,5,[ 7.94839996 -7.23668062  2.8204203 ],entering,[-0.62185191  0.08809385  0.93462812]
390.06075525283813,1005,False,4,1,[5.39446644 1.78664489 1.9764112 ],landing,[ 0.50568378 -0.03156594 -0.11489306]
390.1682391166687,1000,False,0,2,[-7.43849309 -1.1469511   1.40612083],fake_landed,[-0.82138112 -0.19970136 -0.21083176]
390.1682391166687,1001,False,3,6,[1.50327514 5.46040363 4.00000003],cruising,[-0.48080528  0.59740651 -0.20557775]
390.1682391166687,1002,False,5,3,[6.04499443 4.74080951 3.99998876],cruising,[ 0.5677905  -0.59831228 -0.99408226]
390.1682391166687,1003,False,6,0,[-5.06243243  2.21987913  4.        ],cruising,[ 0.63925976  0.24903542 -0.34837281]
390.1682391166687,1004,False,4,5,[ 7.87945928 -7.13846054  2.8954203 ],entering,[-0.62185191  0.08809385  0.93462812]
390.1682391166687,1005,False,4,1,[5.40281642 1.76396509 1.87937562],landing,[ 0.50568378 -0.03156594 -0.11489306]
390.26546692848206,1000,False,0,2,[-7.44395889 -1.13389232  1.3478148 ],fake_landed,[-0.82138112 -0.19970136 -0.21083176]
390.26546692848206,1001,False,3,6,[1.68561252 5.37822652 4.00000003],cruising,[-0.48080528  0.59740651 -0.20557775]
390.26546692848206,1002,False,5,3,[6.24144559 4.70330024 3.99999045],cruising,[ 0.5677905  -0.59831228 -0.99408226]
390.26546692848206,1003,False,6,0,[-5.17711743  2.38373074  4.        ],cruising,[ 0.63925976  0.24903542 -0.34837281]
390.26546692848206,1004,False,4,5,[ 7.79910859 -7.02381453  2.9704203 ],entering,[-0.62185191  0.08809385  0.93462812]
390.26546692848206,1005,False,4,1,[5.4111664  1.7412853  1.78234003],landing,[ 0.50568378 -0.03156594 -0.11489306]
390.36784386634827,1000,False,0,2,[-7.44760276 -1.12518647  1.30894411],fake_landed,[-0.82138112 -0.19970136 -0.21083176]
390.36784386634827,1001,False,3,6,[1.87014436 5.30110324 4.00000002],cruising,[-0.48080528  0.59740651 -0.20557775]
390.36784386634827,1002,False,5,3,[6.43648022 4.65901152 3.99999188],cruising,[ 0.5677905  -0.59831228 -0.99408226]
390.36784386634827,1003,False,6,0,[-5.2905732  2.5484359  4.       ],cruising,[ 0.63925976  0.24903542 -0.34837281]
390.36784386634827,1004,False,4,5,[ 7.70654539 -6.89333012  3.0454203 ],entering,[-0.62185191  0.08809385  0.93462812]
390.36784386634827,1005,False,4,1,[5.41951638 1.7186055  1.68530445],landing,[ 0.50568378 -0.03156594 -0.11489306]
390.4602019786835,1000,False,0,2,[-7.44942469 -1.12083354  1.28950877],fake_landed,[-0.82138112 -0.19970136 -0.21083176]
390.4602019786835,1001,False,3,6,[2.05697779 5.22973609 4.00000002],cruising,[-0.48080528  0.59740651 -0.20557775]
390.4602019786835,1002,False,5,3,[6.62956993 4.60689277 3.9999931 ],cruising,[ 0.5677905  -0.59831228 -0.99408226]
390.4602019786835,1003,False,6,0,[-5.40249048  2.7141903   4.        ],cruising,[ 0.63925976  0.24903542 -0.34837281]
390.4602019786835,1004,False,4,5,[ 7.60108171 -6.74756247  3.1204203 ],entering,[-0.62185191  0.08809385  0.93462812]
390.4602019786835,1005,False,4,1,[5.42786637 1.69592571 1.58826886],landing,[ 0.50568378 -0.03156594 -0.11489306]
390.5666024684906,1000,False,2,4,[-7.44942469 -1.12083354  1.28950877],waiting,[-0.82138112 -0.19970136 -0.21083176]
390.5666024684906,1001,False,3,6,[2.24756873 5.16911353 4.00000002],cruising,[-0.48080528  0.59740651 -0.20557775]
390.5666024684906,1002,False,5,3,[6.82000369 4.54577827 3.99999413],cruising,[ 0.5677905  -0.59831228 -0.99408226]
390.5666024684906,1003,False,6,0,[-5.51253492  2.88119396  4.        ],cruising,[ 0.63925976  0.24903542 -0.34837281]
390.5666024684906,1004,False,4,5,[ 7.48263631 -6.58658051  3.1954203 ],entering,[-0.62185191  0.08809385  0.93462812]
390.5666024684906,1005,False,4,1,[5.43621635 1.67324592 1.49123328],fake_landed,[ 0.50568378 -0.03156594 -0.11489306]
390.66135597229004,1000,False,2,4,[-7.44942469 -1.12083354  1.28950877],queued,[-0.82138112 -0.19970136 -0.21083176]
390.66135597229004,1001,False,3,6,[2.44110592 5.11868183 4.00000001],cruising,[-0.48080528  0.59740651 -0.20557775]
390.66135597229004,1002,False,5,3,[7.00683108 4.47439532 3.99999501],cruising,[ 0.5677905  -0.59831228 -0.99408226]
390.66135597229004,1003,False,6,0,[-5.62148887  3.0489111   4.        ],cruising,[ 0.63925976  0.24903542 -0.34837281]
390.66135597229004,1004,False,4,5,[ 7.36368335 -6.42580056  3.2704203 ],entering,[-0.62185191  0.08809385  0.93462812]
390.66135597229004,1005,False,4,1,[5.44289633 1.65510208 1.41360481],fake_landed,[ 0.50568378 -0.03156594 -0.11489306]
390.764146566391,1000,False,2,4,[-7.44942469 -1.12083354  1.30950877],queued,[-0.82138112 -0.19970136 -0.21083176]
390.764146566391,1001,False,3,6,[2.63671631 5.07700961 4.00000001],cruising,[-0.48080528  0.59740651 -0.20557775]
390.764146566391,1002,False,5,3,[7.18879594 4.39139657 3.99999576],cruising,[ 0.5677905  -0.59831228 -0.99408226]
390.764146566391,1003,False,6,0,[-5.7277325   3.21835811  4.        ],cruising,[ 0.63925976  0.24903542 -0.34837281]
390.764146566391,1004,False,4,5,[ 7.24112676 -6.2677503   3.3454203 ],entering,[-0.62185191  0.08809385  0.93462812]
390.764146566391,1005,False,4,1,[5.44790632 1.6414942  1.35538346],fake_landed,[ 0.50568378 -0.03156594 -0.11489306]
390.8654592037201,1000,False,2,4,[-7.44942469 -1.12083354  1.34950877],queued,[-0.82138112 -0.19970136 -0.21083176]
390.8654592037201,1001,False,3,6,[2.83375309 5.04270935 4.00000001],cruising,[-0.48080528  0.59740651 -0.20557775]
390.8654592037201,1002,False,5,3,[7.36426795 4.29543006 3.9999964 ],cruising,[ 0.5677905  -0.59831228 -0.99408226]
390.8654592037201,1003,False,6,0,[-5.83079869  3.38975636  4.        ],cruising,[ 0.63925976  0.24903542 -0.34837281]
390.8654592037201,1004,False,4,5,[ 7.11953797 -6.10895432  3.4204203 ],entering,[-0.62185191  0.08809385  0.93462812]
390.8654592037201,1005,False,4,1,[5.45124631 1.63242228 1.31656922],fake_landed,[ 0.50568378 -0.03156594 -0.11489306]
390.96018266677856,1000,False,2,4,[-7.44942469 -1.12083354  1.40950877],queued,[-0.82138112 -0.19970136 -0.21083176]
390.96018266677856,1001,False,3,6,[3.03175206 5.01448863 4.00000001],cruising,[-0.48080528  0.59740651 -0.20557775]
390.96018266677856,1002,False,5,3,[7.52906688 4.18254948 3.99999696],cruising,[ 0.5677905  -0.59831228 -0.99408226]
390.96018266677856,1003,False,6,0,[-5.93012009  3.56335146  4.        ],cruising,[ 0.63925976  0.24903542 -0.34837281]
390.96018266677856,1004,False,4,5,[ 6.99250402 -5.9544798   3.4954203 ],entering,[-0.62185191  0.08809385  0.93462812]
390.96018266677856,1005,False,4,1,[5.45291631 1.62788633 1.29716211],fake_landed,[ 0.50568378 -0.03156594 -0.11489306]
391.0604844093323,1000,False,2,4,[-7.44942469 -1.12083354  1.48450877],queued,[-0.82138112 -0.19970136 -0.21083176]
391.0604844093323,1001,False,3,6,[3.23038831 4.99117258 4.00000001],cruising,[-0.48080528  0.59740651 -0.20557775]
391.0604844093323,1002,False,5,3,[7.68175484 4.05375274 3.99999743],cruising,[ 0.5677905  -0.59831228 -0.99408226]
391.0604844093323,1003,False,6,0,[-6.02499719  3.73941491  4.        ],cruising,[ 0.63925976  0.24903542 -0.34837281]
391.0604844093323,1004,False,4,5,[ 6.86428545 -5.80098714  3.5704203 ],entering,[-0.62185191  0.08809385  0.93462812]
391.0604844093323,1005,False,4,1,[5.45291631 1.62788633 1.29716211],fake_landed,[ 0.50568378 -0.03156594 -0.11489306]
391.16474986076355,1000,False,2,4,[-7.44942469 -1.12083354  1.55950877],queued,[-0.82138112 -0.19970136 -0.21083176]
391.16474986076355,1001,False,3,6,[3.42943886 4.9717078  4.00000001],cruising,[-0.48080528  0.59740651 -0.20557775]
391.16474986076355,1002,False,5,3,[7.82076137 3.9103677  3.99999783],cruising,[ 0.5677905  -0.59831228 -0.99408226]
391.16474986076355,1003,False,6,0,[-6.11455577  3.91824236  4.        ],cruising,[ 0.63925976  0.24903542 -0.34837281]
391.16474986076355,1004,False,4,5,[ 6.73443809 -5.64886987  3.63485726],entering,[-0.62185191  0.08809385  0.93462812]
391.16474986076355,1005,False,1,2,[5.45291631 1.62788633 1.29716211],waiting,[ 0.50568378 -0.03156594 -0.11489306]
391.26344418525696,1000,False,2,4,[-7.44942469 -1.12083354  1.63450877],queued,[-0.82138112 -0.19970136 -0.21083176]
391.26344418525696,1001,False,3,6,[3.62875272 4.95515527 4.00000001],cruising,[-0.48080528  0.59740651 -0.20557775]
391.26344418525696,1002,False,5,3,[7.94461676 3.75392728 3.99999818],cruising,[ 0.5677905  -0.59831228 -0.99408226]
391.26344418525696,1003,False,6,0,[-6.1976899   4.10014541  4.        ],cruising,[ 0.63925976  0.24903542 -0.34837281]
391.26344418525696,1004,False,4,5,[ 6.59766374 -5.50294942  3.68962867],entering,[-0.62185191  0.08809385  0.93462812]
391.26344418525696,1005,False,1,2,[5.45291631 1.62788633 1.29716211],waiting,[ 0.50568378 -0.03156594 -0.11489306]
391.37287402153015,1000,False,2,4,[-7.44942469 -1.12083354  1.70950877],queued,[-0.82138112 -0.19970136 -0.21083176]
391.37287402153015,1001,False,3,6,[3.82822801 4.94067735 4.        ],cruising,[-0.48080528  0.59740651 -0.20557775]
391.37287402153015,1002,False,5,3,[8.05166646 3.58664394 3.99999849],cruising,[ 0.5677905  -0.59831228 -0.99408226]
391.37287402153015,1003,False,6,0,[-6.26877607  4.28708592  4.        ],cruising,[ 0.63925976  0.24903542 -0.34837281]
391.37287402153015,1004,False,4,5,[ 6.45615254 -5.36161797  3.73618437],entering,[-0.62185191  0.08809385  0.93462812]
391.37287402153015,1005,False,1,2,[5.45291631 1.62788633 1.29716211],waiting,[ 0.50568378 -0.03156594 -0.11489306]
391.4610607624054,1000,False,2,4,[-7.44942469 -1.12083354  1.78450877],queued,[-0.82138112 -0.19970136 -0.21083176]
391.4610607624054,1001,False,3,6,[4.02779488 4.92752197 4.        ],cruising,[-0.48080528  0.59740651 -0.20557775]
391.4610607624054,1002,False,5,3,[8.14108127 3.40992606 3.99999877],cruising,[ 0.5677905  -0.59831228 -0.99408226]
391.4610607624054,1003,False,6,0,[-6.3300411   4.47747131  4.        ],cruising,[ 0.63925976  0.24903542 -0.34837281]
391.4610607624054,1004,False,4,5,[ 6.31228034 -5.22269068  3.77575671],entering,[-0.62185191  0.08809385  0.93462812]
391.4610607624054,1005,False,1,2,[5.45291631 1.62788633 1.29716211],queued,[ 0.50568378 -0.03156594 -0.11489306]
391.5728929042816,1000,False,2,4,[-7.44942469 -1.12083354  1.85950877],queued,[-0.82138112 -0.19970136 -0.21083176]
391.5728929042816,1001,False,3,6,[4.22737759 4.91460922 4.        ],cruising,[-0.48080528  0.59740651 -0.20557775]
391.5728929042816,1002,False,5,3,[8.21220249 3.22512458 3.99999899],cruising,[ 0.5677905  -0.59831228 -0.99408226]
391.5728929042816,1003,False,6,0,[-6.37202105  4.67301589  4.        ],cruising,[ 0.63925976  0.24903542 -0.34837281]
391.5728929042816,1004,False,4,5,[ 6.16150747 -5.09128466  3.80939321],entering,[-0.62185191  0.08809385  0.93462812]
391.5728929042816,1005,False,1,2,[5.45291631 1.62788633 1.31716211],queued,[ 0.50568378 -0.03156594 -0.11489306]
391.6725549697876,1000,False,2,4,[-7.44942469 -1.12083354  1.93450877],queued,[-0.82138112 -0.19970136 -0.21083176]
391.6725549697876,1001,False,3,6,[4.42698695 4.90211496 4.        ],cruising,[-0.48080528  0.59740651 -0.20557775]
391.6725549697876,1002,False,5,3,[8.2645186  3.03351371 3.99999918],cruising,[ 0.5677905  -0.59831228 -0.99408226]
391.6725549697876,1003,False,6,0,[-6.39767056  4.87136433  4.        ],cruising,[ 0.63925976  0.24903542 -0.34837281]
391.6725549697876,1004,False,4,5,[ 6.00371889 -4.96839136  3.83798423],cruising,[-0.62185191  0.08809385  0.93462812]
391.6725549697876,1005,False,1,2,[5.45291631 1.62788633 1.35716211],queued,[ 0.50568378 -0.03156594 -0.11489306]
391.77294063568115,1000,False,2,4,[-7.44942469 -1.12083354  2.00950877],queued,[-0.82138112 -0.19970136 -0.21083176]
391.77294063568115,1001,False,3,6,[4.6265784  4.88933801 4.        ],cruising,[-0.48080528  0.59740651 -0.20557775]
391.77294063568115,1002,False,5,3,[8.30151303 2.83696495 3.9999993 ],cruising,[ 0.5677905  -0.59831228 -0.99408226]
391.77294063568115,1003,False,6,0,[-6.40334248  5.07065936  4.        ],cruising,[ 0.63925976  0.24903542 -0.34837281]
391.77294063568115,1004,False,4,5,[ 5.84219464 -4.85045105  3.86228659],cruising,[-0.62185191  0.08809385  0.93462812]
391.77294063568115,1005,False,1,2,[5.45291631 1.62788633 1.41716211],queued,[ 0.50568378 -0.03156594 -0.11489306]
391.87858533859253,1000,False,2,4,[-7.44942469 -1.12083354  2.08450877],queued,[-0.82138112 -0.19970136 -0.21083176]
391.87858533859253,1001,False,3,6,[4.8261077  4.87562459 4.        ],cruising,[-0.48080528  0.59740651 -0.20557775]
391.87858533859253,1002,False,5,3,[8.33263161 2.6394007  3.9999994 ],cruising,[ 0.5677905  -0.59831228 -0.99408226]
391.87858533859253,1003,False,6,0,[-6.38909792  5.26812855  4.        ],cruising,[ 0.63925976  0.24903542 -0.34837281]
391.87858533859253,1004,False,4,5,[ 5.67429564 -4.74177758  3.8829436 ],cruising,[-0.62185191  0.08809385  0.93462812]
391.87858533859253,1005,False,1,2,[5.45291631 1.62788633 1.49216211],queued,[ 0.50568378 -0.03156594 -0.11489306]
391.9725637435913,1000,False,2,4,[-7.44942469 -1.12083354  2.15950877],entering,[-0.82138112 -0.19970136 -0.21083176]
391.9725637435913,1001,False,3,6,[5.02552337 4.86034735 4.        ],cruising,[-0.48080528  0.59740651 -0.20557775]
391.9725637435913,1002,False,5,3,[8.35900271 2.44114691 3.99999949],cruising,[ 0.5677905  -0.59831228 -0.99408226]
391.9725637435913,1003,False,6,0,[-6.35532935  5.46126032  4.        ],cruising,[ 0.63925976  0.24903542 -0.34837281]
391.9725637435913,1004,False,4,5,[ 5.50313976 -4.63830939  3.90050206],cruising,[-0.62185191  0.08809385  0.93462812]
391.9725637435913,1005,False,1,2,[5.45291631 1.62788633 1.56716211],queued,[ 0.50568378 -0.03156594 -0.11489306]
392.07623314857483,1000,False,2,4,[-7.43634513 -1.10570327  2.23450877],entering,[-0.82138112 -0.19970136 -0.21083176]
392.07623314857483,1001,False,3,6,[5.22485049 4.8439554  4.        ],cruising,[-0.48080528  0.59740651 -0.20557775]
392.07623314857483,1002,False,5,3,[8.38450274 2.2427792  3.99999957],cruising,[ 0.5677905  -0.59831228 -0.99408226]
392.07623314857483,1003,False,6,0,[-6.30271993  5.64768223  4.        ],cruising,[ 0.63925976  0.24903542 -0.34837281]
392.07623314857483,1004,False,4,5,[ 5.32752072 -4.54261219  3.91542675],cruising,[-0.62185191  0.08809385  0.93462812]
392.07623314857483,1005,False,1,2,[5.45291631 1.62788633 1.64216211],queued,[ 0.50568378 -0.03156594 -0.11489306]
392.1799912452698,1000,False,2,4,[-7.41020092 -1.07542985  2.30950877],entering,[-0.82138112 -0.19970136 -0.21083176]
392.1799912452698,1001,False,3,6,[5.42393505 4.82484159 4.        ],cruising,[-0.48080528  0.59740651 -0.20557775]
392.1799912452698,1002,False,5,3,[8.40550663 2.04388517 3.99999963],cruising,[ 0.5677905  -0.59831228 -0.99408226]
392.1799912452698,1003,False,6,0,[-6.23220597  5.82519194  4.        ],cruising,[ 0.63925976  0.24903542 -0.34837281]
392.1799912452698,1004,False,4,5,[ 5.14991466 -4.45065521  3.92811274],cruising,[-0.62185191  0.08809385  0.93462812]
392.1799912452698,1005,False,1,2,[5.45291631 1.62788633 1.71716211],queued,[ 0.50568378 -0.03156594 -0.11489306]
392.2724359035492,1000,False,2,4,[-7.37102511 -1.02998484  2.38450877],entering,[-0.82138112 -0.19970136 -0.21083176]
392.2724359035492,1001,False,3,6,[5.62266438 4.80233261 4.        ],exiting,[-0.48080528  0.59740651 -0.20557775]
392.2724359035492,1002,False,5,3,[8.42534271 1.84487127 3.99999969],cruising,[ 0.5677905  -0.59831228 -0.99408226]
392.2724359035492,1003,False,6,0,[-6.14485953  5.99190036  4.        ],cruising,[ 0.63925976  0.24903542 -0.34837281]
392.2724359035492,1004,False,4,5,[ 4.96958311 -4.36416513  3.93889583],cruising,[-0.62185191  0.08809385  0.93462812]
392.2724359035492,1005,False,1,2,[5.45291631 1.62788633 1.79216211],queued,[ 0.50568378 -0.03156594 -0.11489306]
392.37236070632935,1000,False,2,4,[-7.31888076 -0.96931428  2.45950877],entering,[-0.82138112 -0.19970136 -0.21083176]
392.37236070632935,1001,False,3,6,[5.80527799 4.79166777 4.        ],exiting,[-0.48080528  0.59740651 -0.20557775]
392.37236070632935,1002,False,5,3,[8.44362992 1.64570908 3.99999974],cruising,[ 0.5677905  -0.59831228 -0.99408226]
392.37236070632935,1003,False,6,0,[-6.04176383  6.14628154  4.        ],cruising,[ 0.63925976  0.24903542 -0.34837281]
392.37236070632935,1004,False,4,5,[ 4.78825935 -4.279775    3.94806145],cruising,[-0.62185191  0.08809385  0.93462812]
392.37236070632935,1005,False,1,2,[5.45291631 1.62788633 1.86716211],queued,[ 0.50568378 -0.03156594 -0.11489306]
392.4723184108734,1000,False,2,4,[-7.25389153 -0.89331372  2.53450877],entering,[-0.82138112 -0.19970136 -0.21083176]
392.4723184108734,1001,False,3,6,[5.97175687 4.79282116 4.        ],exiting,[-0.48080528  0.59740651 -0.20557775]
392.4723184108734,1002,False,5,3,[8.45744966 1.44618712 3.99999978],cruising,[ 0.5677905  -0.59831228 -0.99408226]
392.4723184108734,1003,False,6,0,[-5.92409731  6.28696268  4.        ],cruising,[ 0.63925976  0.24903542 -0.34837281]
392.4723184108734,1004,False,4,5,[ 4.60606313 -4.19728539  3.95585224],cruising,[-0.62185191  0.08809385  0.93462812]
392.4723184108734,1005,False,1,2,[5.45291631 1.62788633 1.94216211],queued,[ 0.50568378 -0.03156594 -0.11489306]
392.5720908641815,1000,False,2,4,[-7.17637528 -0.80172234  2.60950877],entering,[-0.82138112 -0.19970136 -0.21083176]
392.5720908641815,1001,False,3,6,[6.12207563 4.80575802 4.        ],exiting,[-0.48080528  0.59740651 -0.20557775]
392.5720908641815,1002,False,5,3,[8.46978489 1.24656787 3.99999981],cruising,[ 0.5677905  -0.59831228 -0.99408226]
392.5720908641815,1003,False,6,0,[-5.79273615  6.41306792  4.        ],cruising,[ 0.63925976  0.24903542 -0.34837281]
392.5720908641815,1004,False,4,5,[ 4.42257424 -4.11771261  3.9624744 ],cruising,[-0.62185191  0.08809385  0.93462812]
392.5720908641815,1005,False,1,2,[5.45291631 1.62788633 2.01716211],queued,[ 0.50568378 -0.03156594 -0.11489306]
392.67346239089966,1000,False,2,4,[-7.08665642 -0.69428494  2.68450877],entering,[-0.82138112 -0.19970136 -0.21083176]
392.67346239089966,1001,False,3,6,[6.25620028 4.83043163 4.        ],exiting,[-0.48080528  0.59740651 -0.20557775]
392.67346239089966,1002,False,5,3,[8.47812346 1.04674178 3.99999984],cruising,[ 0.5677905  -0.59831228 -0.99408226]
392.67346239089966,1003,False,6,0,[-5.64850052  6.52386799  4.        ],cruising,[ 0.63925976  0.24903542 -0.34837281]
392.67346239089966,1004,False,4,5,[ 4.23868451 -4.03907058  3.96810324],cruising,[-0.62185191  0.08809385  0.93462812]
392.67346239089966,1005,False,1,2,[5.45291631 1.62788633 2.09216211],queued,[ 0.50568378 -0.03156594 -0.11489306]
392.7776243686676,1000,False,2,4,[-6.98528432 -0.57059324  2.75950877],entering,[-0.82138112 -0.19970136 -0.21083176]
392.7776243686676,1001,False,3,6,[6.37408249 4.86677499 4.        ],exiting,[-0.48080528  0.59740651 -0.20557775]
392.7776243686676,1002,False,5,3,[8.48500878 0.84686033 3.99999986],cruising,[ 0.5677905  -0.59831228 -0.99408226]
392.7776243686676,1003,False,6,0,[-5.49212161  6.61877654  4.        ],cruising,[ 0.63925976  0.24903542 -0.34837281]
392.7776243686676,1004,False,4,5,[ 4.05403539 -3.96222851  3.97288775],cruising,[-0.62185191  0.08809385  0.93462812]
392.7776243686676,1005,False,1,2,[5.45291631 1.62788633 2.16716211],queued,[ 0.50568378 -0.03156594 -0.11489306]
392.8724739551544,1000,False,2,4,[-6.87343517 -0.42986537  2.83450877],entering,[-0.82138112 -0.19970136 -0.21083176]
392.8724739551544,1001,False,3,6,[6.47565996 4.91470088 4.        ],exiting,[-0.48080528  0.59740651 -0.20557775]
392.8724739551544,1002,False,5,3,[8.49023236 0.64692856 3.99999988],cruising,[ 0.5677905  -0.59831228 -0.99408226]
392.8724739551544,1003,False,6,0,[-5.32420016  6.697352    4.        ],cruising,[ 0.63925976  0.24903542 -0.34837281]
392.8724739551544,1004,False,4,5,[ 3.86917515 -3.88589576  3.97695459],cruising,[-0.62185191  0.08809385  0.93462812]
392.8724739551544,1005,False,1,2,[5.45291631 1.62788633 2.24216211],queued,[ 0.50568378 -0.03156594 -0.11489306]
392.972695350647,1000,False,2,4,[-6.75376224 -0.27073129  2.90950877],entering,[-0.82138112 -0.19970136 -0.21083176]
392.972695350647,1001,False,3,6,[6.56088333 4.97413954 4.        ],exiting,[-0.48080528  0.59740651 -0.20557775]
392.972695350647,1002,False,5,3,[8.49363849 0.44695757 3.9999999 ],cruising,[ 0.5677905  -0.59831228 -0.99408226]
392.972695350647,1003,False,6,0,[-5.14513319  6.75932091  4.        ],cruising,[ 0.63925976  0.24903542 -0.34837281]
392.972695350647,1004,False,4,5,[ 3.6838318  -3.81074363  3.9804114 ],cruising,[-0.62185191  0.08809385  0.93462812]
392.972695350647,1005,False,1,2,[5.45291631 1.62788633 2.31716211],queued,[ 0.50568378 -0.03156594 -0.11489306]
393.0729856491089,1000,False,2,4,[-6.63699805 -0.1083548   2.98450877],entering,[-0.82138112 -0.19970136 -0.21083176]
393.0729856491089,1001,False,3,6,[6.62970062 5.04501676 4.        ],exiting,[-0.48080528  0.59740651 -0.20557775]
393.0729856491089,1002,False,5,3,[8.49299109 0.24695861 3.99999992],cruising,[ 0.5677905  -0.59831228 -0.99408226]
393.0729856491089,1003,False,6,0,[-4.95490231  6.80469563  4.        ],cruising,[ 0.63925976  0.24903542 -0.34837281]
393.0729856491089,1004,False,4,5,[ 3.49829442 -3.73607181  3.98334969],cruising,[-0.62185191  0.08809385  0.93462812]
393.0729856491089,1005,False,1,2,[5.45291631 1.62788633 2.39216211],queued,[ 0.50568378 -0.03156594 -0.11489306]
393.17352771759033,1000,False,2,4,[-6.52376901  0.0565063   3.05950877],entering,[-0.82138112 -0.19970136 -0.21083176]
393.17352771759033,1001,False,3,6,[6.68205799 5.12725491 4.        ],exiting,[-0.48080528  0.59740651 -0.20557775]
393.17352771759033,1002,False,5,3,[8.49069623 0.04697178 3.99999993],cruising,[ 0.5677905  -0.59831228 -0.99408226]
393.17352771759033,1003,False,6,0,[-4.75871387  6.84355554  4.        ],cruising,[ 0.63925976  0.24903542 -0.34837281]
393.17352771759033,1004,False,4,5,[ 3.31239576 -3.66230401  3.98584724],cruising,[-0.62185191  0.08809385  0.93462812]
393.17352771759033,1005,False,1,2,[5.45291631 1.62788633 2.46716211],queued,[ 0.50568378 -0.03156594 -0.11489306]
393.28527092933655,1000,False,2,4,[-6.41469119  0.22414291  3.13450877],entering,[-0.82138112 -0.19970136 -0.21083176]
393.28527092933655,1001,False,3,6,[6.71845279 5.22039683 4.        ],exiting,[-0.48080528  0.59740651 -0.20557775]
393.28527092933655,1002,False,5,3,[ 8.48660096 -0.15298629  3.99999994],cruising,[ 0.5677905  -0.59831228 -0.99408226]
393.28527092933655,1003,False,6,0,[-4.56285584  6.88404792  4.        ],cruising,[ 0.63925976  0.24903542 -0.34837281]
393.28527092933655,1004,False,4,5,[ 3.12620752 -3.58927018  3.98797015],cruising,[-0.62185191  0.08809385  0.93462812]
393.28527092933655,1005,False,1,2,[5.45291631 1.62788633 2.54216211],queued,[ 0.50568378 -0.03156594 -0.11489306]
393.3821804523468,1000,False,2,4,[-6.31030347  0.39473952  3.20950877],entering,[-0.82138112 -0.19970136 -0.21083176]
393.3821804523468,1001,False,3,6,[6.75484758 5.31353876 4.        ],exiting,[-0.48080528  0.59740651 -0.20557775]
393.3821804523468,1002,False,5,3,[ 8.47857156 -0.35282504  3.99999995],cruising,[ 0.5677905  -0.59831228 -0.99408226]
393.3821804523468,1003,False,6,0,[-4.36774306  6.92799113  4.        ],cruising,[ 0.63925976  0.24903542 -0.34837281]
393.3821804523468,1004,False,4,5,[ 2.93968151 -3.51710338  3.98977463],cruising,[-0.62185191  0.08809385  0.93462812]
393.3821804523468,1005,False,1,2,[5.45291631 1.62788633 2.61716211],entering,[ 0.50568378 -0.03156594 -0.11489306]
393.4725661277771,1000,False,2,4,[-6.21130922  0.56852139  3.28450877],entering,[-0.82138112 -0.19970136 -0.21083176]
393.4725661277771,1001,False,3,6,[6.79124238 5.40668069 4.        ],exiting,[-0.48080528  0.59740651 -0.20557775]
393.4725661277771,1002,False,5,3,[ 8.46884277 -0.55258828  3.99999996],cruising,[ 0.5677905  -0.59831228 -0.99408226]
393.4725661277771,1003,False,6,0,[-4.1730809  6.9738893  4.       ],cruising,[ 0.63925976  0.24903542 -0.34837281]
393.4725661277771,1004,False,4,5,[ 2.75268646 -3.44616079  3.99130844],cruising,[-0.62185191  0.08809385  0.93462812]
393.4725661277771,1005,False,1,2,[5.47260992 1.62439897 2.69216211],entering,[ 0.50568378 -0.03156594 -0.11489306]
393.58079171180725,1000,False,2,4,[-6.11854132  0.74570524  3.35950877],entering,[-0.82138112 -0.19970136 -0.21083176]
393.58079171180725,1001,False,3,6,[6.82763717 5.49982262 4.        ],exiting,[-0.48080528  0.59740651 -0.20557775]
393.58079171180725,1002,False,5,3,[ 8.45724809 -0.75225191  3.99999996],cruising,[ 0.5677905  -0.59831228 -0.99408226]
393.58079171180725,1003,False,6,0,[-3.97857407  7.02044134  4.        ],cruising,[ 0.63925976  0.24903542 -0.34837281]
393.58079171180725,1004,False,4,5,[ 2.56507491 -3.37686499  3.99261217],cruising,[-0.62185191  0.08809385  0.93462812]
393.58079171180725,1005,False,1,2,[5.51199149 1.61739248 2.76716211],entering,[ 0.50568378 -0.03156594 -0.11489306]
393.6727247238159,1000,False,2,4,[-6.03296888  0.92647403  3.43450877],entering,[-0.82138112 -0.19970136 -0.21083176]
393.6727247238159,1001,False,3,6,[6.86403197 5.59296455 4.        ],exiting,[-0.48080528  0.59740651 -0.20557775]
393.6727247238159,1002,False,5,3,[ 8.44364393 -0.95178869  3.99999997],cruising,[ 0.5677905  -0.59831228 -0.99408226]
393.6727247238159,1003,False,6,0,[-3.78395813  7.06653512  4.        ],cruising,[ 0.63925976  0.24903542 -0.34837281]
393.6727247238159,1004,False,4,5,[ 2.37702282 -3.30877379  3.99372034],cruising,[-0.62185191  0.08809385  0.93462812]
393.6727247238159,1005,False,1,2,[5.57104829 1.60679638 2.84216211],entering,[ 0.50568378 -0.03156594 -0.11489306]
393.77389764785767,1000,False,2,4,[-5.95574778  1.11096496  3.50950877],entering,[-0.82138112 -0.19970136 -0.21083176]
393.77389764785767,1001,False,3,6,[6.90042677 5.68610648 4.        ],exiting,[-0.48080528  0.59740651 -0.20557775]
393.77389764785767,1002,False,5,3,[ 8.42576493 -1.15098794  3.99999997],cruising,[ 0.5677905  -0.59831228 -0.99408226]
393.77389764785767,1003,False,6,0,[-3.58847292  7.10879069  4.        ],cruising,[ 0.63925976  0.24903542 -0.34837281]
393.77389764785767,1004,False,4,5,[ 2.18806892 -3.24322669  3.99466229],cruising,[-0.62185191  0.08809385  0.93462812]
393.77389764785767,1005,False,1,2,[5.64970635 1.5922265  2.91716211],entering,[ 0.50568378 -0.03156594 -0.11489306]
393.87882590293884,1000,False,2,4,[-5.88822639  1.29922239  3.58308245],entering,[-0.82138112 -0.19970136 -0.21083176]
393.87882590293884,1001,False,3,6,[6.93682156 5.77924841 4.        ],exiting,[-0.48080528  0.59740651 -0.20557775]
393.87882590293884,1002,False,5,3,[ 8.40593543 -1.35000249  3.99999998],cruising,[ 0.5677905  -0.59831228 -0.99408226]
393.87882590293884,1003,False,6,0,[-3.39260187  7.14922002  4.        ],cruising,[ 0.63925976  0.24903542 -0.34837281]
393.87882590293884,1004,False,4,5,[ 1.99803781 -3.18087145  3.99546295],cruising,[-0.62185191  0.08809385  0.93462812]
393.87882590293884,1005,False,1,2,[5.74788447 1.57330152 2.99216211],entering,[ 0.50568378 -0.03156594 -0.11489306]
393.9781322479248,1000,False,2,4,[-5.83192083  1.49113301  3.64562009],entering,[-0.82138112 -0.19970136 -0.21083176]
393.9781322479248,1001,False,3,6,[6.97321636 5.87239033 4.        ],exiting,[-0.48080528  0.59740651 -0.20557775]
393.9781322479248,1002,False,5,3,[ 8.3839599  -1.54879151  3.99999998],cruising,[ 0.5677905  -0.59831228 -0.99408226]
393.9781322479248,1003,False,6,0,[-3.19619485  7.18695967  4.        ],cruising,[ 0.63925976  0.24903542 -0.34837281]
393.9781322479248,1004,False,4,5,[ 1.80673936 -3.12251988  3.99614351],cruising,[-0.62185191  0.08809385  0.93462812]
393.9781322479248,1005,False,1,2,[5.86544149 1.54943102 3.06716211],entering,[ 0.50568378 -0.03156594 -0.11489306]
394.0727219581604,1000,False,2,4,[-5.78843579  1.6863484   3.69877707],entering,[-0.82138112 -0.19970136 -0.21083176]
394.0727219581604,1001,False,3,6,[7.00961115 5.96553226 4.        ],exiting,[-0.48080528  0.59740651 -0.20557775]
394.0727219581604,1002,False,5,3,[ 8.35733842 -1.74701183  3.99999998],cruising,[ 0.5677905  -0.59831228 -0.99408226]
394.0727219581604,1003,False,6,0,[-2.99870327  7.21853623  4.        ],cruising,[ 0.63925976  0.24903542 -0.34837281]
394.0727219581604,1004,False,4,5,[ 1.6146929  -3.06667944  3.99672198],cruising,[-0.62185191  0.08809385  0.93462812]
394.0727219581604,1005,False,1,2,[6.00219161 1.5199369  3.14216211],entering,[ 0.50568378 -0.03156594 -0.11489306]
394.172265291214,1000,False,2,4,[-5.75930679  1.88421579  3.74396051],entering,[-0.82138112 -0.19970136 -0.21083176]
394.172265291214,1001,False,3,6,[7.04600595 6.05867419 4.        ],exiting,[-0.48080528  0.59740651 -0.20557775]
394.172265291214,1002,False,5,3,[ 8.32849955 -1.94492171  3.99999999],cruising,[ 0.5677905  -0.59831228 -0.99408226]
394.172265291214,1003,False,6,0,[-2.80062051  7.24616267  4.        ],cruising,[ 0.63925976  0.24903542 -0.34837281]
394.172265291214,1004,False,4,5,[ 1.4209333  -3.0171091   3.99721368],cruising,[-0.62185191  0.08809385  0.93462812]
394.172265291214,1005,False,1,2,[6.15745941 1.48288663 3.21716211],entering,[ 0.50568378 -0.03156594 -0.11489306]
394.2828598022461,1000,False,2,4,[-5.74575843  2.08375637  3.78236644],entering,[-0.82138112 -0.19970136 -0.21083176]
394.2828598022461,1001,False,3,6,[7.08240075 6.15181612 4.        ],exiting,[-0.48080528  0.59740651 -0.20557775]
394.2828598022461,1002,False,5,3,[ 8.2971839  -2.14245482  3.99999999],cruising,[ 0.5677905  -0.59831228 -0.99408226]
394.2828598022461,1003,False,6,0,[-2.60158647  7.26579557  4.        ],cruising,[ 0.63925976  0.24903542 -0.34837281]
394.2828598022461,1004,False,4,5,[ 1.2253035  -2.97552809  3.99763163],cruising,[-0.62185191  0.08809385  0.93462812]
394.2828598022461,1005,False,1,2,[6.33032451 1.43633188 3.29216211],entering,[ 0.50568378 -0.03156594 -0.11489306]
394.38742327690125,1000,False,2,4,[-5.74756563  2.2837482   3.81501147],entering,[-0.82138112 -0.19970136 -0.21083176]
394.38742327690125,1001,False,3,6,[7.11879554 6.24495805 4.        ],exiting,[-0.48080528  0.59740651 -0.20557775]
394.38742327690125,1002,False,5,3,[ 8.26042366 -2.33904751  3.99999999],cruising,[ 0.5677905  -0.59831228 -0.99408226]
394.38742327690125,1003,False,6,0,[-2.40207714  7.27979649  4.        ],cruising,[ 0.63925976  0.24903542 -0.34837281]
394.38742327690125,1004,False,4,5,[ 1.02691918 -2.9501576   3.99798689],cruising,[-0.62185191  0.08809385  0.93462812]
394.38742327690125,1005,False,1,2,[6.51668064 1.37501257 3.36716211],entering,[ 0.50568378 -0.03156594 -0.11489306]
394.4721004962921,1000,False,2,4,[-5.76537535  2.48295366  3.84275975],cruising,[-0.82138112 -0.19970136 -0.21083176]
394.4721004962921,1001,False,3,6,[7.15519034 6.33809998 4.        ],exiting,[-0.48080528  0.59740651 -0.20557775]
394.4721004962921,1002,False,5,3,[ 8.22096073 -2.53511555  3.99999999],cruising,[ 0.5677905  -0.59831228 -0.99408226]
394.4721004962921,1003,False,6,0,[-2.2021008  7.2828726  4.       ],cruising,[ 0.63925976  0.24903542 -0.34837281]
394.4721004962921,1004,False,4,5,[ 0.82722464 -2.93910816  3.99828885],cruising,[-0.62185191  0.08809385  0.93462812]
394.4721004962921,1005,False,1,2,[6.7036282  1.30394494 3.44216211],entering,[ 0.50568378 -0.03156594 -0.11489306]
394.58556962013245,1000,False,2,4,[-5.79698804  2.68043945  3.86634579],cruising,[-0.82138112 -0.19970136 -0.21083176]
394.58556962013245,1001,False,3,6,[7.19158513 6.4312419  4.        ],exiting,[-0.48080528  0.59740651 -0.20557775]
394.58556962013245,1002,False,5,3,[ 8.17843973 -2.7305432   3.99999999],cruising,[ 0.5677905  -0.59831228 -0.99408226]
394.58556962013245,1003,False,6,0,[-2.00265239  7.26802899  4.        ],cruising,[ 0.63925976  0.24903542 -0.34837281]
394.58556962013245,1004,False,4,5,[ 0.62728382 -2.94397322  3.99854553],cruising,[-0.62185191  0.08809385  0.93462812]
394.58556962013245,1005,False,1,2,[6.88657881 1.22314224 3.51716211],entering,[ 0.50568378 -0.03156594 -0.11489306]
394.6831703186035,1000,False,2,4,[-5.84183167  2.87534724  3.88639392],cruising,[-0.82138112 -0.19970136 -0.21083176]
394.6831703186035,1001,False,3,6,[7.22797993 6.52438383 4.        ],exiting,[-0.48080528  0.59740651 -0.20557775]
394.6831703186035,1002,False,5,3,[ 8.1290319  -2.9243443   3.99999999],cruising,[ 0.5677905  -0.59831228 -0.99408226]
394.6831703186035,1003,False,6,0,[-1.80558871  7.23388365  4.        ],cruising,[ 0.63925976  0.24903542 -0.34837281]
394.6831703186035,1004,False,4,5,[ 0.42826907 -2.96380074  3.9987637 ],cruising,[-0.62185191  0.08809385  0.93462812]
394.6831703186035,1005,False,1,2,[7.06453604 1.13186671 3.58958779],entering,[ 0.50568378 -0.03156594 -0.11489306]
394.77291345596313,1000,False,2,4,[-5.89621395  3.0678117   3.90343483],cruising,[-0.82138112 -0.19970136 -0.21083176]
394.77291345596313,1001,False,3,6,[7.26437472 6.61752576 4.        ],exiting,[-0.48080528  0.59740651 -0.20557775]
394.77291345596313,1002,False,5,3,[ 8.07611726 -3.11721742  3.99999999],cruising,[ 0.5677905  -0.59831228 -0.99408226]
394.77291345596313,1003,False,6,0,[-1.61217787  7.18296953  4.        ],cruising,[ 0.63925976  0.24903542 -0.34837281]
394.77291345596313,1004,False,4,5,[ 0.23120336 -2.99793439  3.99894914],cruising,[-0.62185191  0.08809385  0.93462812]
394.77291345596313,1005,False,1,2,[7.23626564 1.02935357 3.65114962],entering,[ 0.50568378 -0.03156594 -0.11489306]
394.87239146232605,1000,False,2,4,[-5.95769674  3.25812688  3.91791961],cruising,[-0.82138112 -0.19970136 -0.21083176]
394.87239146232605,1001,False,3,6,[7.30076952 6.71066769 4.        ],exiting,[-0.48080528  0.59740651 -0.20557775]
394.87239146232605,1002,False,5,3,[ 8.01495874 -3.30763705  4.        ],cruising,[ 0.5677905  -0.59831228 -0.99408226]
394.87239146232605,1003,False,6,0,[-1.42304224  7.11794865  4.        ],cruising,[ 0.63925976  0.24903542 -0.34837281]
394.87239146232605,1004,False,4,5,[ 0.03693302 -3.04546368  3.99910677],cruising,[-0.62185191  0.08809385  0.93462812]
394.87239146232605,1005,False,1,2,[7.40152261 0.91670307 3.70347718],entering,[ 0.50568378 -0.03156594 -0.11489306]
394.9756133556366,1000,False,2,4,[-6.02389016  3.44685534  3.93023167],cruising,[-0.82138112 -0.19970136 -0.21083176]
394.9756133556366,1001,False,3,6,[7.33716432 6.80380962 4.        ],exiting,[-0.48080528  0.59740651 -0.20557775]
394.9756133556366,1002,False,5,3,[ 7.94485452 -3.49494802  4.        ],cruising,[ 0.5677905  -0.59831228 -0.99408226]
394.9756133556366,1003,False,6,0,[-1.23827478  7.04139158  4.        ],cruising,[ 0.63925976  0.24903542 -0.34837281]
394.9756133556366,1004,False,4,5,[-0.1527599  -3.1088403   3.99924076],cruising,[-0.62185191  0.08809385  0.93462812]
394.9756133556366,1005,False,1,2,[7.55731259 0.79128584 3.7479556 ],entering,[ 0.50568378 -0.03156594 -0.11489306]
395.0765745639801,1000,False,2,4,[-6.0925193   3.63471178  3.94069692],cruising,[-0.82138112 -0.19970136 -0.21083176]
395.0765745639801,1001,False,3,6,[7.37355911 6.89695155 4.        ],exiting,[-0.48080528  0.59740651 -0.20557775]
395.0765745639801,1002,False,5,3,[ 7.86469032 -3.67817929  4.        ],cruising,[ 0.5677905  -0.59831228 -0.99408226]
395.0765745639801,1003,False,6,0,[-1.05758956  6.95564282  4.        ],cruising,[ 0.63925976  0.24903542 -0.34837281]
395.0765745639801,1004,False,4,5,[-0.33901363 -3.18170695  3.99935464],cruising,[-0.62185191  0.08809385  0.93462812]
395.0765745639801,1005,False,1,2,[7.70165779 0.65285006 3.78576226],entering,[ 0.50568378 -0.03156594 -0.11489306]
395.1833972930908,1000,False,2,4,[-6.16140837  3.82247305  3.94959238],cruising,[-0.82138112 -0.19970136 -0.21083176]
395.1833972930908,1001,False,3,6,[7.40995391 6.99009348 4.        ],exiting,[-0.48080528  0.59740651 -0.20557775]
395.1833972930908,1002,False,5,3,[ 7.77891003 -3.85884955  4.        ],cruising,[ 0.5677905  -0.59831228 -0.99408226]
395.1833972930908,1003,False,6,0,[-0.87922986  6.86515625  4.        ],cruising,[ 0.63925976  0.24903542 -0.34837281]
395.1833972930908,1004,False,4,5,[-0.52095104 -3.26476584  3.99945145],cruising,[-0.62185191  0.08809385  0.93462812]
395.1833972930908,1005,False,1,2,[7.83256905 0.50164742 3.81789792],entering,[ 0.50568378 -0.03156594 -0.11489306]
395.27626633644104,1000,False,2,4,[-6.22841001  4.01091609  3.95715352],cruising,[-0.82138112 -0.19970136 -0.21083176]
395.27626633644104,1001,False,3,6,[7.4463487 7.0832354 4.       ],exiting,[-0.48080528  0.59740651 -0.20557775]
395.27626633644104,1002,False,5,3,[ 7.67916917 -4.03220399  4.        ],cruising,[ 0.5677905  -0.59831228 -0.99408226]
395.27626633644104,1003,False,6,0,[-0.70428608  6.76823013  4.        ],cruising,[ 0.63925976  0.24903542 -0.34837281]
395.27626633644104,1004,False,4,5,[-0.69990668 -3.35406802  3.99953373],cruising,[-0.62185191  0.08809385  0.93462812]
395.27626633644104,1005,False,1,2,[7.94833208 0.33855566 3.84521323],entering,[ 0.50568378 -0.03156594 -0.11489306]
395.3875181674957,1000,False,2,4,[-6.29129867  4.20077134  3.96358049],cruising,[-0.82138112 -0.19970136 -0.21083176]
395.3875181674957,1001,False,3,6,[7.4827435  7.17637733 4.        ],exiting,[-0.48080528  0.59740651 -0.20557775]
395.3875181674957,1002,False,5,3,[ 7.56288174 -4.19432405  4.        ],cruising,[ 0.5677905  -0.59831228 -0.99408226]
395.3875181674957,1003,False,6,0,[-0.5319854   6.66667976  4.        ],cruising,[ 0.63925976  0.24903542 -0.34837281]
395.3875181674957,1004,False,4,5,[-0.87783358 -3.44540267  3.99960367],cruising,[-0.62185191  0.08809385  0.93462812]
395.3875181674957,1005,False,1,2,[8.04783185 0.16506273 3.86843125],cruising,[ 0.50568378 -0.03156594 -0.11489306]
395.5036132335663,1000,False,2,4,[-6.34763677  4.39267241  3.96904342],cruising,[-0.82138112 -0.19970136 -0.21083176]
395.5036132335663,1001,False,3,6,[7.5191383  7.26951926 4.        ],exiting,[-0.48080528  0.59740651 -0.20557775]
395.5036132335663,1002,False,5,3,[ 7.43131631 -4.34353743  4.        ],cruising,[ 0.5677905  -0.59831228 -0.99408226]
395.5036132335663,1003,False,6,0,[-0.36089779  6.56309874  4.        ],cruising,[ 0.63925976  0.24903542 -0.34837281]
395.5036132335663,1004,False,4,5,[-1.05719857 -3.53387979  3.99966312],cruising,[-0.62185191  0.08809385  0.93462812]
395.5036132335663,1005,False,1,2,[ 8.12974176 -0.01734642  3.8883179 ],cruising,[ 0.50568378 -0.03156594 -0.11489306]
395.604079246521,1000,False,2,4,[-6.38837733  4.58847896  3.97368691],cruising,[-0.82138112 -0.19970136 -0.21083176]
395.604079246521,1001,False,3,6,[7.55553309 7.36266119 4.        ],exiting,[-0.48080528  0.59740651 -0.20557775]
395.604079246521,1002,False,5,3,[ 7.28634073 -4.47791276  4.        ],cruising,[ 0.5677905  -0.59831228 -0.99408226]
395.604079246521,1003,False,6,0,[-0.19134401  6.45702557  4.        ],cruising,[ 0.63925976  0.24903542 -0.34837281]
395.604079246521,1004,False,4,5,[-1.24202824 -3.61028655  3.99971365],cruising,[-0.62185191  0.08809385  0.93462812]
395.604079246521,1005,False,1,2,[ 8.19494149 -0.20642047  3.90507022],cruising,[ 0.50568378 -0.03156594 -0.11489306]
395.7051315307617,1000,False,2,4,[-6.41604273  4.78655628  3.97763387],cruising,[-0.82138112 -0.19970136 -0.21083176]
395.7051315307617,1001,False,3,6,[7.59192789 7.45580312 4.        ],exiting,[-0.48080528  0.59740651 -0.20557775]
395.7051315307617,1002,False,5,3,[ 7.13033268 -4.59560622  4.        ],cruising,[ 0.5677905  -0.59831228 -0.99408226]
395.7051315307617,1003,False,6,0,[-0.02227858  6.35017577  4.        ],cruising,[ 0.63925976  0.24903542 -0.34837281]
395.7051315307617,1004,False,4,5,[-1.43326294 -3.66774667  3.99975844],cruising,[-0.62185191  0.08809385  0.93462812]
395.7051315307617,1005,False,1,2,[ 8.24560625 -0.39989678  3.91930968],cruising,[ 0.50568378 -0.03156594 -0.11489306]
395.8095245361328,1000,False,2,4,[-6.42375999  4.98600923  3.98115722],cruising,[-0.82138112 -0.19970136 -0.21083176]
395.8095245361328,1001,False,3,6,[7.62832268 7.54894505 4.        ],exiting,[-0.48080528  0.59740651 -0.20557775]
395.8095245361328,1002,False,5,3,[ 6.9654428  -4.69538004  4.        ],cruising,[ 0.5677905  -0.59831228 -0.99408226]
395.8095245361328,1003,False,6,0,[0.14640754 6.24272814 4.        ],cruising,[ 0.63925976  0.24903542 -0.34837281]
395.8095245361328,1004,False,4,5,[-1.62765294 -3.70545725  3.99980017],cruising,[-0.62185191  0.08809385  0.93462812]
395.8095245361328,1005,False,1,2,[ 8.28329857 -0.59631289  3.93141323],cruising,[ 0.50568378 -0.03156594 -0.11489306]
395.904415845871,1000,False,2,4,[-6.41152321  5.1841419   3.98437586],cruising,[-0.82138112 -0.19970136 -0.21083176]
395.904415845871,1001,False,3,6,[7.66471748 7.64208697 4.        ],exiting,[-0.48080528  0.59740651 -0.20557775]
395.904415845871,1002,False,5,3,[ 6.79383496 -4.7763159   4.        ],cruising,[ 0.5677905  -0.59831228 -0.99408226]
395.904415845871,1003,False,6,0,[0.31531424 6.1356276  4.        ],cruising,[ 0.63925976  0.24903542 -0.34837281]
395.904415845871,1004,False,4,5,[-1.82201445 -3.72316785  3.9998394 ],cruising,[-0.62185191  0.08809385  0.93462812]
395.904415845871,1005,False,1,2,[ 8.30965723 -0.79456833  3.94170125],cruising,[ 0.50568378 -0.03156594 -0.11489306]
396.00439858436584,1000,False,2,4,[-6.37966854  5.37839295  3.98732687],cruising,[-0.82138112 -0.19970136 -0.21083176]
396.00439858436584,1001,False,3,6,[7.70111227 7.7352289  4.        ],exiting,[-0.48080528  0.59740651 -0.20557775]
396.00439858436584,1002,False,5,3,[ 6.61749484 -4.83781969  4.        ],cruising,[ 0.5677905  -0.59831228 -0.99408226]
396.00439858436584,1003,False,6,0,[0.48470533 6.02929482 4.        ],exiting,[ 0.63925976  0.24903542 -0.34837281]
396.00439858436584,1004,False,4,5,[-2.01334123 -3.72111003  3.99987631],cruising,[-0.62185191  0.08809385  0.93462812]
396.00439858436584,1005,False,1,2,[ 8.32410141 -0.99404607  3.95044606],cruising,[ 0.50568378 -0.03156594 -0.11489306]
396.10398149490356,1000,False,2,4,[-6.32882489  5.56637069  3.99002414],cruising,[-0.82138112 -0.19970136 -0.21083176]
396.10398149490356,1001,False,3,6,[7.73750707 7.82837083 4.        ],exiting,[-0.48080528  0.59740651 -0.20557775]
396.10398149490356,1002,False,5,3,[ 6.43868178 -4.87947695  4.        ],cruising,[ 0.5677905  -0.59831228 -0.99408226]
396.10398149490356,1003,False,6,0,[0.64377666 5.94009396 4.        ],exiting,[ 0.63925976  0.24903542 -0.34837281]
396.10398149490356,1004,False,4,5,[-2.19899837 -3.69987266  3.99991088],cruising,[-0.62185191  0.08809385  0.93462812]
396.10398149490356,1005,False,1,2,[ 8.33039669 -1.19394696  3.95787915],cruising,[ 0.50568378 -0.03156594 -0.11489306]
396.20393538475037,1000,False,2,4,[-6.259882    5.74584222  3.99247315],cruising,[-0.82138112 -0.19970136 -0.21083176]
396.20393538475037,1001,False,3,6,[7.77390187 7.92151276 4.        ],exiting,[-0.48080528  0.59740651 -0.20557775]
396.20393538475037,1002,False,5,3,[ 6.25910641 -4.90114875  4.        ],cruising,[ 0.5677905  -0.59831228 -0.99408226]
396.20393538475037,1003,False,6,0,[0.79237202 5.86792995 4.        ],exiting,[ 0.63925976  0.24903542 -0.34837281]
396.20393538475037,1004,False,4,5,[-2.37658727 -3.66033492  3.99994308],cruising,[-0.62185191  0.08809385  0.93462812]
396.20393538475037,1005,False,1,2,[ 8.32959797 -1.39394537  3.96419728],cruising,[ 0.50568378 -0.03156594 -0.11489306]
396.3040986061096,1000,False,2,4,[-6.17387758  5.91488137  3.99465871],cruising,[-0.82138112 -0.19970136 -0.21083176]
396.3040986061096,1001,False,3,6,[7.81029666 8.01465469 4.        ],exiting,[-0.48080528  0.59740651 -0.20557775]
396.3040986061096,1002,False,5,3,[ 6.07979573 -4.90282229  4.        ],cruising,[ 0.5677905  -0.59831228 -0.99408226]
396.3040986061096,1003,False,6,0,[0.93031669 5.8126941  4.        ],exiting,[ 0.63925976  0.24903542 -0.34837281]
396.3040986061096,1004,False,4,5,[-2.54392572 -3.60362371  3.99997281],cruising,[-0.62185191  0.08809385  0.93462812]
396.3040986061096,1005,False,1,2,[ 8.32027742 -1.59372807  3.96956769],cruising,[ 0.50568378 -0.03156594 -0.11489306]
396.40430665016174,1000,False,2,4,[-6.07197454  6.0717893   3.99658372],cruising,[-0.82138112 -0.19970136 -0.21083176]
396.40430665016174,1001,False,3,6,[7.84669146 8.10779662 4.        ],exiting,[-0.48080528  0.59740651 -0.20557775]
396.40430665016174,1002,False,5,3,[ 5.90202249 -4.88455502  4.        ],cruising,[ 0.5677905  -0.59831228 -0.99408226]
396.40430665016174,1003,False,6,0,[1.0574133  5.77426062 4.        ],exiting,[ 0.63925976  0.24903542 -0.34837281]
396.40430665016174,1004,False,4,5,[-2.69917092 -3.53098286  3.99999997],cruising,[-0.62185191  0.08809385  0.93462812]
396.40430665016174,1005,False,1,2,[ 8.30565829 -1.79319306  3.97413253],cruising,[ 0.50568378 -0.03156594 -0.11489306]
396.5041837692261,1000,False,2,4,[-5.95507239  6.21547031  3.99823484],cruising,[-0.82138112 -0.19970136 -0.21083176]
396.5041837692261,1001,False,3,6,[7.88308625 8.20093855 4.        ],exiting,[-0.48080528  0.59740651 -0.20557775]
396.5041837692261,1002,False,5,3,[ 5.72681845 -4.84645346  4.        ],cruising,[ 0.5677905  -0.59831228 -0.99408226]
396.5041837692261,1003,False,6,0,[1.17343338 5.75247978 4.        ],exiting,[ 0.63925976  0.24903542 -0.34837281]
396.5041837692261,1004,False,4,5,[-2.84070466 -3.44378194  4.00002441],cruising,[-0.62185191  0.08809385  0.93462812]
396.5041837692261,1005,False,1,2,[ 8.28615754 -1.99224009  3.97801265],cruising,[ 0.50568378 -0.03156594 -0.11489306]
396.6047034263611,1000,False,2,4,[-5.82406133  6.3449789   3.99960079],cruising,[-0.82138112 -0.19970136 -0.21083176]
396.6047034263611,1001,False,3,6,[7.91948105 8.29408047 4.        ],exiting,[-0.48080528  0.59740651 -0.20557775]
396.6047034263611,1002,False,5,3,[ 5.55451593 -4.78856348  4.        ],cruising,[ 0.5677905  -0.59831228 -0.99408226]
396.6047034263611,1003,False,6,0,[1.27809743 5.74716225 4.        ],exiting,[ 0.63925976  0.24903542 -0.34837281]
396.6047034263611,1004,False,4,5,[-2.96707165 -3.34354376  4.00004599],cruising,[-0.62185191  0.08809385  0.93462812]
396.6047034263611,1005,False,1,2,[ 8.25945345 -2.1904493   3.98131076],cruising,[ 0.50568378 -0.03156594 -0.11489306]
396.70458817481995,1000,False,2,4,[-5.67978739  6.45952057  4.0006718 ],cruising,[-0.82138112 -0.19970136 -0.21083176]
396.70458817481995,1001,False,3,6,[7.95587585 8.3872224  4.        ],exiting,[-0.48080528  0.59740651 -0.20557775]
396.70458817481995,1002,False,5,3,[ 5.38558281 -4.71095937  4.        ],cruising,[ 0.5677905  -0.59831228 -0.99408226]
396.70458817481995,1003,False,6,0,[1.37101762 5.75803366 4.        ],exiting,[ 0.63925976  0.24903542 -0.34837281]
396.70458817481995,1004,False,4,5,[-3.07704036 -3.23185586  4.00006455],cruising,[-0.62185191  0.08809385  0.93462812]
396.70458817481995,1005,False,1,2,[ 8.22862672 -2.3880593   3.98411414],cruising,[ 0.50568378 -0.03156594 -0.11489306]
396.8247079849243,1000,False,2,4,[-5.52301891  6.55844831  4.00143916],cruising,[-0.82138112 -0.19970136 -0.21083176]
396.8247079849243,1001,False,3,6,[7.99227064 8.48036433 4.        ],exiting,[-0.48080528  0.59740651 -0.20557775]
396.8247079849243,1002,False,5,3,[ 5.21917511 -4.61351534  4.        ],cruising,[ 0.5677905  -0.59831228 -0.99408226]
396.8247079849243,1003,False,6,0,[1.45195618 5.78491884 4.        ],exiting,[ 0.63925976  0.24903542 -0.34837281]
396.8247079849243,1004,False,4,5,[-3.16952271 -3.11046089  4.0000799 ],cruising,[-0.62185191  0.08809385  0.93462812]
396.8247079849243,1005,False,1,2,[ 8.19367848 -2.58498218  3.98649702],cruising,[ 0.50568378 -0.03156594 -0.11489306]
396.9256126880646,1000,False,2,4,[-5.35444591  6.64123427  4.00189667],cruising,[-0.82138112 -0.19970136 -0.21083176]
396.9256126880646,1001,False,3,6,[8.02866544 8.57350626 4.        ],exiting,[-0.48080528  0.59740651 -0.20557775]
396.9256126880646,1002,False,5,3,[ 5.05231227 -4.5032575   4.        ],cruising,[ 0.5677905  -0.59831228 -0.99408226]
396.9256126880646,1003,False,6,0,[1.52067328 5.82763549 4.        ],exiting,[ 0.63925976  0.24903542 -0.34837281]
396.9256126880646,1004,False,4,5,[-3.24397849 -2.98040317  4.00009191],cruising,[-0.62185191  0.08809385  0.93462812]
396.9256126880646,1005,False,1,2,[ 8.15127691 -2.78043577  3.98852247],cruising,[ 0.50568378 -0.03156594 -0.11489306]
397.026202917099,1000,False,2,4,[-5.17491216  6.70729386  4.00205389],cruising,[-0.82138112 -0.19970136 -0.21083176]
397.026202917099,1001,False,3,6,[8.06506023 8.66664819 4.        ],exiting,[-0.48080528  0.59740651 -0.20557775]
397.026202917099,1002,False,5,3,[ 4.88036907 -4.40110302  4.        ],cruising,[ 0.5677905  -0.59831228 -0.99408226]
397.026202917099,1003,False,6,0,[1.57692701 5.88599391 4.        ],exiting,[ 0.63925976  0.24903542 -0.34837281]
397.026202917099,1004,False,4,5,[-3.30014856 -2.84224409  4.00010044],cruising,[-0.62185191  0.08809385  0.93462812]
397.026202917099,1005,False,1,2,[ 8.10483859 -2.97496979  3.9902441 ],cruising,[ 0.50568378 -0.03156594 -0.11489306]
397.1254904270172,1000,False,2,4,[-4.98443463  6.75661623  4.0018956 ],cruising,[-0.82138112 -0.19970136 -0.21083176]
397.1254904270172,1001,False,3,6,[8.10145503 8.75979012 4.        ],exiting,[-0.48080528  0.59740651 -0.20557775]
397.1254904270172,1002,False,5,3,[ 4.70554341 -4.30396401  4.        ],cruising,[ 0.5677905  -0.59831228 -0.99408226]
397.1254904270172,1003,False,6,0,[1.6204734  5.95979652 4.        ],exiting,[ 0.63925976  0.24903542 -0.34837281]
397.1254904270172,1004,False,4,5,[-3.33786979 -2.69636226  4.0001054 ],cruising,[-0.62185191  0.08809385  0.93462812]
397.1254904270172,1005,False,1,2,[ 8.05015611 -3.16734917  3.99170748],cruising,[ 0.50568378 -0.03156594 -0.11489306]
397.23253202438354,1000,False,2,4,[-4.78943031  6.80103821  4.00161126],cruising,[-0.82138112 -0.19970136 -0.21083176]
397.23253202438354,1001,False,3,6,[8.13784982 8.85293204 4.        ],exiting,[-0.48080528  0.59740651 -0.20557775]
397.23253202438354,1002,False,5,3,[ 4.52764611 -4.21257173  4.        ],cruising,[ 0.5677905  -0.59831228 -0.99408226]
397.23253202438354,1003,False,6,0,[1.65106623 6.04883742 4.        ],exiting,[ 0.63925976  0.24903542 -0.34837281]
397.23253202438354,1004,False,4,5,[-3.35702172 -2.54305206  4.0001067 ],cruising,[-0.62185191  0.08809385  0.93462812]
397.23253202438354,1005,False,1,2,[ 7.9867971  -3.35704797  3.99295136],cruising,[ 0.50568378 -0.03156594 -0.11489306]
397.325679063797,1000,False,2,4,[-4.59529117  6.84910062  4.00136957],cruising,[-0.82138112 -0.19970136 -0.21083176]
397.325679063797,1001,False,3,6,[8.17424462 8.94607397 4.        ],exiting,[-0.48080528  0.59740651 -0.20557775]
397.325679063797,1002,False,5,3,[ 4.34813529 -4.12439085  4.        ],cruising,[ 0.5677905  -0.59831228 -0.99408226]
397.325679063797,1003,False,6,0,[1.67446895 6.14606042 4.        ],exiting,[ 0.63925976  0.24903542 -0.34837281]
397.325679063797,1004,False,4,5,[-3.35771158 -2.38205081  4.00010425],cruising,[-0.62185191  0.08809385  0.93462812]
397.325679063797,1005,False,1,2,[ 7.918646   -3.54507836  3.99400866],cruising,[ 0.50568378 -0.03156594 -0.11489306]
397.4258906841278,1000,False,2,4,[-4.40170455  6.89934224  4.00116413],cruising,[-0.82138112 -0.19970136 -0.21083176]
397.4258906841278,1001,False,3,6,[8.21063942 9.0392159  4.        ],exiting,[-0.48080528  0.59740651 -0.20557775]
397.4258906841278,1002,False,5,3,[ 4.16681994 -4.03998266  4.        ],cruising,[ 0.5677905  -0.59831228 -0.99408226]
397.4258906841278,1003,False,6,0,[1.69787167 6.24328343 4.        ],exiting,[ 0.63925976  0.24903542 -0.34837281]
397.4258906841278,1004,False,4,5,[-3.34034204 -2.21245549  4.00009795],cruising,[-0.62185191  0.08809385  0.93462812]
397.4258906841278,1005,False,1,2,[ 7.83940205 -3.7287095   3.99490736],cruising,[ 0.50568378 -0.03156594 -0.11489306]
397.52519488334656,1000,False,2,4,[-4.20835248  6.95047909  4.00098951],cruising,[-0.82138112 -0.19970136 -0.21083176]
397.52519488334656,1001,False,3,6,[8.24703421 9.13235783 4.        ],landing,[-0.48080528  0.59740651 -0.20557775]
397.52519488334656,1002,False,5,3,[ 3.98459641 -3.95755338  4.        ],cruising,[ 0.5677905  -0.59831228 -0.99408226]
397.52519488334656,1003,False,6,0,[1.72127439 6.34050643 4.        ],exiting,[ 0.63925976  0.24903542 -0.34837281]
397.52519488334656,1004,False,4,5,[-3.30618727 -2.03198562  4.00008772],cruising,[-0.62185191  0.08809385  0.93462812]
397.52519488334656,1005,False,1,2,[ 7.74760001 -3.90639571  3.99567125],cruising,[ 0.50568378 -0.03156594 -0.11489306]
397.6259000301361,1000,False,2,4,[-4.01431621  6.99895511  4.00084109],cruising,[-0.82138112 -0.19970136 -0.21083176]
397.6259000301361,1001,False,3,6,[8.28142567 9.21144589 3.98591187],landing,[-0.48080528  0.59740651 -0.20557775]
397.6259000301361,1002,False,5,3,[ 3.80128544 -3.87757158  4.        ],cruising,[ 0.5677905  -0.59831228 -0.99408226]
397.6259000301361,1003,False,6,0,[1.74467711 6.43772944 4.        ],exiting,[ 0.63925976  0.24903542 -0.34837281]
397.6259000301361,1004,False,4,5,[-3.26574066 -1.83611814  4.00007456],cruising,[-0.62185191  0.08809385  0.93462812]
397.6259000301361,1005,False,1,2,[ 7.64119483 -4.07574132  3.99632057],cruising,[ 0.50568378 -0.03156594 -0.11489306]
397.72496342658997,1000,False,2,4,[-3.82012067  7.04678913  4.00071492],cruising,[-0.82138112 -0.19970136 -0.21083176]
397.72496342658997,1001,False,3,6,[8.31371606 9.27633301 3.95789826],landing,[-0.48080528  0.59740651 -0.20557775]
397.72496342658997,1002,False,5,3,[ 3.61739203 -3.79893817  4.        ],cruising,[ 0.5677905  -0.59831228 -0.99408226]
397.72496342658997,1003,False,6,0,[1.76807984 6.53495244 4.        ],exiting,[ 0.63925976  0.24903542 -0.34837281]
397.72496342658997,1004,False,4,5,[-3.24183002 -1.63755258  4.00006338],cruising,[-0.62185191  0.08809385  0.93462812]
397.72496342658997,1005,False,1,2,[ 7.51843793 -4.23357117  3.99687723],cruising,[ 0.50568378 -0.03156594 -0.11489306]
397.8258969783783,1000,False,2,4,[-3.62554696  7.09306084  4.00060769],cruising,[-0.82138112 -0.19970136 -0.21083176]
397.8258969783783,1001,False,3,6,[8.34378931 9.32684663 3.91615562],landing,[-0.48080528  0.59740651 -0.20557775]
397.8258969783783,1002,False,5,3,[ 3.43279134 -3.72197983  4.        ],cruising,[ 0.5677905  -0.59831228 -0.99408226]
397.8258969783783,1003,False,6,0,[1.79148256 6.63217545 4.        ],exiting,[ 0.63925976  0.24903542 -0.34837281]
397.8258969783783,1004,False,4,5,[-3.23393615 -1.43770842  4.00005387],cruising,[-0.62185191  0.08809385  0.93462812]
397.8258969783783,1005,False,1,2,[ 7.38130249 -4.37749936  3.99739322],cruising,[ 0.50568378 -0.03156594 -0.11489306]
397.9255609512329,1000,False,2,4,[-3.42989794  7.13455134  4.00051653],cruising,[-0.82138112 -0.19970136 -0.21083176]
397.9255609512329,1001,False,3,6,[8.37148476 9.36275164 3.86096176],landing,[-0.48080528  0.59740651 -0.20557775]
397.9255609512329,1002,False,5,3,[ 3.2476996  -3.64621013  4.        ],cruising,[ 0.5677905  -0.59831228 -0.99408226]
397.9255609512329,1003,False,6,0,[1.81488528 6.72939845 4.        ],exiting,[ 0.63925976  0.24903542 -0.34837281]
397.9255609512329,1004,False,4,5,[-3.24163532 -1.23785667  4.00004579],cruising,[-0.62185191  0.08809385  0.93462812]
397.9255609512329,1005,False,1,2,[ 7.23156548 -4.50589698  3.99786909],cruising,[ 0.50568378 -0.03156594 -0.11489306]
398.02502369880676,1000,False,2,4,[-3.23369526  7.17333933  4.00043905],cruising,[-0.82138112 -0.19970136 -0.21083176]
398.02502369880676,1001,False,3,6,[8.39666832 9.38385522 3.79255399],landing,[-0.48080528  0.59740651 -0.20557775]
398.02502369880676,1002,False,5,3,[ 3.06207872 -3.57174613  4.        ],cruising,[ 0.5677905  -0.59831228 -0.99408226]
398.02502369880676,1003,False,6,0,[1.838288   6.82662146 4.        ],exiting,[ 0.63925976  0.24903542 -0.34837281]
398.02502369880676,1004,False,4,5,[-3.26388581 -1.03909823  4.00003892],cruising,[-0.62185191  0.08809385  0.93462812]
398.02502369880676,1005,False,1,2,[ 7.0712452  -4.61732424  3.99830618],cruising,[ 0.50568378 -0.03156594 -0.11489306]
398.1254138946533,1000,False,2,4,[-3.03683429  7.20863463  4.00037319],cruising,[-0.82138112 -0.19970136 -0.21083176]
398.1254138946533,1001,False,3,6,[8.41921353 9.3899784  3.71116057],landing,[-0.48080528  0.59740651 -0.20557775]
398.1254138946533,1002,False,5,3,[ 2.87590614 -3.4986724   4.        ],cruising,[ 0.5677905  -0.59831228 -0.99408226]
398.1254138946533,1003,False,6,0,[1.86169072 6.92384446 4.        ],exiting,[ 0.63925976  0.24903542 -0.34837281]
398.1254138946533,1004,False,4,5,[-3.29951468 -0.84229736  4.00003308],cruising,[-0.62185191  0.08809385  0.93462812]
398.1254138946533,1005,False,1,2,[ 6.90249805 -4.71061353  3.99870545],cruising,[ 0.50568378 -0.03156594 -0.11489306]
398.22549295425415,1000,False,2,4,[-2.83883631  7.23686229  4.00031722],cruising,[-0.82138112 -0.19970136 -0.21083176]
398.22549295425415,1001,False,3,6,[8.4389916  9.38094181 3.61701865],landing,[-0.48080528  0.59740651 -0.20557775]
398.22549295425415,1002,False,5,3,[ 2.68907236 -3.42730615  4.        ],cruising,[ 0.5677905  -0.59831228 -0.99408226]
398.22549295425415,1003,False,6,0,[1.88509345 7.02106746 4.        ],exiting,[ 0.63925976  0.24903542 -0.34837281]
398.22549295425415,1004,False,4,5,[-3.34591415 -0.64775408  4.00002812],cruising,[-0.62185191  0.08809385  0.93462812]
398.22549295425415,1005,False,1,2,[ 6.72754687 -4.78488943  3.9990673 ],cruising,[ 0.50568378 -0.03156594 -0.11489306]
398.32509899139404,1000,False,2,4,[-2.64021769  7.26032807  4.00026963],cruising,[-0.82138112 -0.19970136 -0.21083176]
398.32509899139404,1001,False,3,6,[8.45803386 9.36801153 3.5197037 ],landing,[-0.48080528  0.59740651 -0.20557775]
398.32509899139404,1002,False,5,3,[ 2.50173544 -3.35727132  4.        ],cruising,[ 0.5677905  -0.59831228 -0.99408226]
398.32509899139404,1003,False,6,0,[1.90849617 7.11829047 4.        ],exiting,[ 0.63925976  0.24903542 -0.34837281]
398.32509899139404,1004,False,4,5,[-3.40372717 -0.45629219  4.0000239 ],cruising,[-0.62185191  0.08809385  0.93462812]
398.32509899139404,1005,False,1,2,[ 6.54864017 -4.83956043  3.9993915 ],cruising,[ 0.50568378 -0.03156594 -0.11489306]
398.42500472068787,1000,False,2,4,[-2.44072986  7.27463212  4.00022919],cruising,[-0.82138112 -0.19970136 -0.21083176]
398.42500472068787,1001,False,3,6,[8.47707611 9.35508126 3.42238874],landing,[-0.48080528  0.59740651 -0.20557775]
398.42500472068787,1002,False,5,3,[ 2.31352459 -3.2896202   4.        ],cruising,[ 0.5677905  -0.59831228 -0.99408226]
398.42500472068787,1003,False,6,0,[1.93189889 7.21551347 4.        ],exiting,[ 0.63925976  0.24903542 -0.34837281]
398.42500472068787,1004,False,4,5,[-3.47218009 -0.26837147  4.00002032],cruising,[-0.62185191  0.08809385  0.93462812]
398.42500472068787,1005,False,1,2,[ 6.36804429 -4.87430292  3.99967727],cruising,[ 0.50568378 -0.03156594 -0.11489306]
398.5256299972534,1000,False,2,4,[-2.24076526  7.27839514  4.00019481],cruising,[-0.82138112 -0.19970136 -0.21083176]
398.5256299972534,1001,False,3,6,[8.49611837 9.34215099 3.32507379],landing,[-0.48080528  0.59740651 -0.20557775]
398.5256299972534,1002,False,5,3,[ 2.12428886 -3.22489122  4.        ],cruising,[ 0.5677905  -0.59831228 -0.99408226]
398.5256299972534,1003,False,6,0,[1.95530161 7.31273648 4.        ],exiting,[ 0.63925976  0.24903542 -0.34837281]
398.5256299972534,1004,False,4,5,[-3.54860369 -0.08354876  4.00001727],cruising,[-0.62185191  0.08809385  0.93462812]
398.5256299972534,1005,False,1,2,[ 6.18737604 -4.88904558  3.99992339],cruising,[ 0.50568378 -0.03156594 -0.11489306]
398.6253230571747,1000,False,2,4,[-2.04122806  7.26479714  4.00016559],cruising,[-0.82138112 -0.19970136 -0.21083176]
398.6253230571747,1001,False,3,6,[8.51516063 9.32922071 3.22775883],landing,[-0.48080528  0.59740651 -0.20557775]
398.6253230571747,1002,False,5,3,[ 1.93441058 -3.16207213  4.        ],cruising,[ 0.5677905  -0.59831228 -0.99408226]
398.6253230571747,1003,False,6,0,[1.97870433 7.40995948 4.        ],exiting,[ 0.63925976  0.24903542 -0.34837281]
398.6253230571747,1004,False,4,5,[-3.63576084  0.09646133  4.00001468],cruising,[-0.62185191  0.08809385  0.93462812]
398.6253230571747,1005,False,1,2,[ 6.00754521 -4.88380583  4.00012674],cruising,[ 0.50568378 -0.03156594 -0.11489306]
398.7252833843231,1000,False,2,4,[-1.84387513  7.23236536  4.00014075],cruising,[-0.82138112 -0.19970136 -0.21083176]
398.7252833843231,1001,False,3,6,[8.53420289 9.31629044 3.13044388],landing,[-0.48080528  0.59740651 -0.20557775]
398.7252833843231,1002,False,5,3,[ 1.74314544 -3.10361148  4.        ],cruising,[ 0.5677905  -0.59831228 -0.99408226]
398.7252833843231,1003,False,6,0,[2.00210705 7.50718249 4.        ],exiting,[ 0.63925976  0.24903542 -0.34837281]
398.7252833843231,1004,False,4,5,[-3.73056821  0.27256233  4.00001248],cruising,[-0.62185191  0.08809385  0.93462812]
398.7252833843231,1005,False,1,2,[ 5.82973892 -4.85866886  4.0002862 ],cruising,[ 0.50568378 -0.03156594 -0.11489306]
398.82545495033264,1000,False,2,4,[-1.6487013   7.18869411  4.00011964],cruising,[-0.82138112 -0.19970136 -0.21083176]
398.82545495033264,1001,False,3,6,[8.55324514 9.30336017 3.03312892],landing,[-0.48080528  0.59740651 -0.20557775]
398.82545495033264,1002,False,5,3,[ 1.5503065  -3.05057242  4.        ],cruising,[ 0.5677905  -0.59831228 -0.99408226]
398.82545495033264,1003,False,6,0,[2.02550978 7.60440549 4.        ],exiting,[ 0.63925976  0.24903542 -0.34837281]
398.82545495033264,1004,False,4,5,[-3.83309821  0.44428187  4.00001061],cruising,[-0.62185191  0.08809385  0.93462812]
398.82545495033264,1005,False,1,2,[ 5.65447368 -4.81369402  4.00039844],cruising,[ 0.50568378 -0.03156594 -0.11489306]
398.9251375198364,1000,False,2,4,[-1.45777838  7.12912536  4.00010169],cruising,[-0.82138112 -0.19970136 -0.21083176]
398.9251375198364,1001,False,3,6,[8.5722874  9.29042989 2.93581397],landing,[-0.48080528  0.59740651 -0.20557775]
398.9251375198364,1002,False,5,3,[ 1.35570913 -3.00440032  4.        ],cruising,[ 0.5677905  -0.59831228 -0.99408226]
398.9251375198364,1003,False,6,0,[2.0489125 7.7016285 4.       ],exiting,[ 0.63925976  0.24903542 -0.34837281]
398.9251375198364,1004,False,4,5,[-3.93961883  0.61355489  4.00000901],cruising,[-0.62185191  0.08809385  0.93462812]
398.9251375198364,1005,False,1,2,[ 5.48246374 -4.74898595  4.00046211],cruising,[ 0.50568378 -0.03156594 -0.11489306]
399.0272946357727,1000,False,2,4,[-1.27141128  7.05654915  4.00008644],cruising,[-0.82138112 -0.19970136 -0.21083176]
399.0272946357727,1001,False,3,6,[8.59132966 9.27749962 2.83849901],landing,[-0.48080528  0.59740651 -0.20557775]
399.0272946357727,1002,False,5,3,[ 1.15921788 -2.96710169  4.        ],cruising,[ 0.5677905  -0.59831228 -0.99408226]
399.0272946357727,1003,False,6,0,[2.07231522 7.7988515  4.        ],exiting,[ 0.63925976  0.24903542 -0.34837281]
399.0272946357727,1004,False,4,5,[-4.04924372  0.78083425  4.00000766],cruising,[-0.62185191  0.08809385  0.93462812]
399.0272946357727,1005,False,1,2,[ 5.31347072 -4.6645068   4.00047212],cruising,[ 0.50568378 -0.03156594 -0.11489306]
399.13247656822205,1000,False,2,4,[-1.0894208   6.97360661  4.00007347],cruising,[-0.82138112 -0.19970136 -0.21083176]
399.13247656822205,1001,False,3,6,[8.61037192 9.26456935 2.74118406],landing,[-0.48080528  0.59740651 -0.20557775]
399.13247656822205,1002,False,5,3,[ 0.9601267  -2.94805689  4.        ],cruising,[ 0.5677905  -0.59831228 -0.99408226]
399.13247656822205,1003,False,6,0,[2.09571794 7.89607451 4.        ],exiting,[ 0.63925976  0.24903542 -0.34837281]
399.13247656822205,1004,False,4,5,[-4.16123727  0.94653713  4.00000651],cruising,[-0.62185191  0.08809385  0.93462812]
399.13247656822205,1005,False,1,2,[ 5.14691093 -4.56017631  4.00042412],cruising,[ 0.50568378 -0.03156594 -0.11489306]
399.2252118587494,1000,False,2,4,[-0.91131881  6.88261386  4.00006245],cruising,[-0.82138112 -0.19970136 -0.21083176]
399.2252118587494,1001,False,3,6,[8.62941417 9.25163907 2.6438691 ],landing,[-0.48080528  0.59740651 -0.20557775]
399.2252118587494,1002,False,5,3,[ 0.76022119 -2.94190997  4.        ],cruising,[ 0.5677905  -0.59831228 -0.99408226]
399.2252118587494,1003,False,6,0,[2.11912066 7.99329751 4.        ],exiting,[ 0.63925976  0.24903542 -0.34837281]
399.2252118587494,1004,False,4,5,[-4.27498636  1.11103985  4.00000554],cruising,[-0.62185191  0.08809385  0.93462812]
399.2252118587494,1005,False,1,2,[ 4.97670734 -4.45514898  4.0003605 ],cruising,[ 0.50568378 -0.03156594 -0.11489306]
399.3277659416199,1000,False,2,4,[-0.73532404  6.78760944  4.00005308],cruising,[-0.82138112 -0.19970136 -0.21083176]
399.3277659416199,1001,False,3,6,[8.64845643 9.2387088  2.54655415],landing,[-0.48080528  0.59740651 -0.20557775]
399.3277659416199,1002,False,5,3,[ 0.56043806 -2.9512215   4.        ],cruising,[ 0.5677905  -0.59831228 -0.99408226]
399.3277659416199,1003,False,6,0,[2.14252339 8.09052051 4.        ],exiting,[ 0.63925976  0.24903542 -0.34837281]
399.3277659416199,1004,False,4,5,[-4.38997567  1.27467804  4.00000471],cruising,[-0.62185191  0.08809385  0.93462812]
399.3277659416199,1005,False,1,2,[ 4.80332225 -4.35546143  4.00030643],cruising,[ 0.50568378 -0.03156594 -0.11489306]
399.4261300563812,1000,False,2,4,[-0.56233551  6.6872353   4.00004512],cruising,[-0.82138112 -0.19970136 -0.21083176]
399.4261300563812,1001,False,3,6,[8.66749869 9.22577853 2.44923919],landing,[-0.48080528  0.59740651 -0.20557775]
399.4261300563812,1002,False,5,3,[ 0.36190954 -2.97543772  4.        ],cruising,[ 0.5677905  -0.59831228 -0.99408226]
399.4261300563812,1003,False,6,0,[2.16592611 8.18774352 4.        ],exiting,[ 0.63925976  0.24903542 -0.34837281]
399.4261300563812,1004,False,4,5,[-4.50576666  1.43774995  4.000004  ],cruising,[-0.62185191  0.08809385  0.93462812]
399.4261300563812,1005,False,1,2,[ 4.62647977 -4.26204442  4.00026046],cruising,[ 0.50568378 -0.03156594 -0.11489306]
399.53640031814575,1000,False,2,4,[-0.39153481  6.58318183  4.00003835],cruising,[-0.82138112 -0.19970136 -0.21083176]
399.53640031814575,1001,False,3,6,[8.68654095 9.21284825 2.35192424],landing,[-0.48080528  0.59740651 -0.20557775]
399.53640031814575,1002,False,5,3,[ 0.1656228  -3.01379807  4.        ],cruising,[ 0.5677905  -0.59831228 -0.99408226]
399.53640031814575,1003,False,6,0,[2.18932883 8.28496652 4.        ],exiting,[ 0.63925976  0.24903542 -0.34837281]
399.53640031814575,1004,False,4,5,[-4.62187903  1.60059318  4.0000034 ],cruising,[-0.62185191  0.08809385  0.93462812]
399.53640031814575,1005,False,1,2,[ 4.44783316 -4.17212563  4.00022139],cruising,[ 0.50568378 -0.03156594 -0.11489306]
399.63146114349365,1000,False,2,4,[-0.22163004  6.4776718   4.0000326 ],cruising,[-0.82138112 -0.19970136 -0.21083176]
399.63146114349365,1001,False,3,6,[8.7055832  9.19991798 2.25460928],landing,[-0.48080528  0.59740651 -0.20557775]
399.63146114349365,1002,False,5,3,[-0.02763887 -3.0652755   4.        ],exiting,[ 0.5677905  -0.59831228 -0.99408226]
399.63146114349365,1003,False,6,0,[2.21273155 8.38218953 4.        ],exiting,[ 0.63925976  0.24903542 -0.34837281]
399.63146114349365,1004,False,4,5,[-4.73824102  1.76325814  4.00000289],cruising,[-0.62185191  0.08809385  0.93462812]
399.63146114349365,1005,False,1,2,[ 4.26714534 -4.08638234  4.00018818],cruising,[ 0.50568378 -0.03156594 -0.11489306]
399.7290017604828,1000,False,2,4,[-0.05277037  6.37049713  4.00002771],cruising,[-0.82138112 -0.19970136 -0.21083176]
399.7290017604828,1001,False,3,6,[8.72462546 9.18698771 2.15729433],landing,[-0.48080528  0.59740651 -0.20557775]
399.7290017604828,1002,False,5,3,[-0.20152879 -3.1217264   4.        ],exiting,[ 0.5677905  -0.59831228 -0.99408226]
399.7290017604828,1003,False,6,0,[2.23613427 8.47941253 4.        ],exiting,[ 0.63925976  0.24903542 -0.34837281]
399.7290017604828,1004,False,4,5,[-4.85450441  1.92599357  4.00000246],cruising,[-0.62185191  0.08809385  0.93462812]
399.7290017604828,1005,False,1,2,[ 4.08545712 -4.00277976  4.00015996],cruising,[ 0.50568378 -0.03156594 -0.11489306]
399.83829832077026,1000,False,2,4,[0.11591396 6.26304668 4.00002355],cruising,[-0.82138112 -0.19970136 -0.21083176]
399.83829832077026,1001,False,3,6,[8.74366772 9.17405743 2.05997937],landing,[-0.48080528  0.59740651 -0.20557775]
399.83829832077026,1002,False,5,3,[-0.35603029 -3.18308532  4.        ],exiting,[ 0.5677905  -0.59831228 -0.99408226]
399.83829832077026,1003,False,6,0,[2.25953699 8.57663554 4.        ],exiting,[ 0.63925976  0.24903542 -0.34837281]
399.83829832077026,1004,False,4,5,[-4.97035267  2.0890248   4.00000209],cruising,[-0.62185191  0.08809385  0.93462812]
399.83829832077026,1005,False,1,2,[ 3.90254784 -3.92188355  4.00013596],cruising,[ 0.50568378 -0.03156594 -0.11489306]
399.92619228363037,1000,False,2,4,[0.28468534 6.15573302 4.00002002],cruising,[-0.82138112 -0.19970136 -0.21083176]
399.92619228363037,1001,False,3,6,[8.76270998 9.16112716 1.96266442],landing,[-0.48080528  0.59740651 -0.20557775]
399.92619228363037,1002,False,5,3,[-0.49112339 -3.24927275  4.        ],exiting,[ 0.5677905  -0.59831228 -0.99408226]
399.92619228363037,1003,False,6,0,[2.28293972 8.67385854 4.        ],landing,[ 0.63925976  0.24903542 -0.34837281]
399.92619228363037,1004,False,4,5,[-5.08548764  2.25256054  4.00000177],cruising,[-0.62185191  0.08809385  0.93462812]
399.92619228363037,1005,False,1,2,[ 3.71902834 -3.84238139  4.00011557],cruising,[ 0.50568378 -0.03156594 -0.11489306]
400.0387842655182,1000,False,2,4,[0.45396145 6.04921731 4.00001702],cruising,[-0.82138112 -0.19970136 -0.21083176]
400.0387842655182,1001,False,3,6,[8.78175223 9.14819689 1.86534946],landing,[-0.48080528  0.59740651 -0.20557775]
400.0387842655182,1002,False,5,3,[-0.60678393 -3.32019046  4.        ],exiting,[ 0.5677905  -0.59831228 -0.99408226]
400.0387842655182,1003,False,6,0,[2.30607565 8.75659703 3.98621133],landing,[ 0.63925976  0.24903542 -0.34837281]
400.0387842655182,1004,False,4,5,[-5.20015741  2.41642281  4.00000151],cruising,[-0.62185191  0.08809385  0.93462812]
400.0387842655182,1005,False,1,2,[ 3.53473205 -3.76469693  4.00009823],cruising,[ 0.50568378 -0.03156594 -0.11489306]
400.12535786628723,1000,False,2,4,[0.62400404 5.94392952 4.00001446],cruising,[-0.82138112 -0.19970136 -0.21083176]
400.12535786628723,1001,False,3,6,[8.80079449 9.13526661 1.76803451],landing,[-0.48080528  0.59740651 -0.20557775]
400.12535786628723,1002,False,5,3,[-0.70298128 -3.39571078  4.        ],exiting,[ 0.5677905  -0.59831228 -0.99408226]
400.12535786628723,1003,False,6,0,[2.32886869 8.82469613 3.95880022],landing,[ 0.63925976  0.24903542 -0.34837281]
400.12535786628723,1004,False,4,5,[-5.31355207  2.58117004  4.00000128],cruising,[-0.62185191  0.08809385  0.93462812]
400.12535786628723,1005,False,1,2,[ 3.34995812 -3.68815547  4.0000835 ],cruising,[ 0.50568378 -0.03156594 -0.11489306]
400.23011088371277,1000,False,2,4,[0.79557747 5.84115522 4.0000123 ],cruising,[-0.82138112 -0.19970136 -0.21083176]
400.23011088371277,1001,False,3,6,[8.81983675 9.12233634 1.67071955],landing,[-0.48080528  0.59740651 -0.20557775]
400.23011088371277,1002,False,5,3,[-0.77967147 -3.47564366  4.        ],exiting,[ 0.5677905  -0.59831228 -0.99408226]
400.23011088371277,1003,False,6,0,[2.35122904 8.87797563 3.91796553],landing,[ 0.63925976  0.24903542 -0.34837281]
400.23011088371277,1004,False,4,5,[-5.42535805  2.74699955  4.00000109],cruising,[-0.62185191  0.08809385  0.93462812]
400.23011088371277,1005,False,1,2,[ 3.1646432  -3.61293326  4.00007097],cruising,[ 0.50568378 -0.03156594 -0.11489306]
400.325936794281,1000,False,2,4,[0.96849467 5.74065823 4.00001045],cruising,[-0.82138112 -0.19970136 -0.21083176]
400.325936794281,1001,False,3,6,[8.83887901 9.10940607 1.5734046 ],landing,[-0.48080528  0.59740651 -0.20557775]
400.325936794281,1002,False,5,3,[-0.8368251  -3.55985706  4.        ],exiting,[ 0.5677905  -0.59831228 -0.99408226]
400.325936794281,1003,False,6,0,[2.37303491 8.91619567 3.8639815 ],landing,[ 0.63925976  0.24903542 -0.34837281]
400.325936794281,1004,False,4,5,[-5.53523612  2.91411271  4.00000093],cruising,[-0.62185191  0.08809385  0.93462812]
400.325936794281,1005,False,1,2,[ 2.97879878 -3.53902891  4.00006033],cruising,[ 0.50568378 -0.03156594 -0.11489306]
400.4385883808136,1000,False,2,4,[1.14377238 5.6443373  4.00000888],cruising,[-0.82138112 -0.19970136 -0.21083176]
400.4385883808136,1001,False,3,6,[8.85792126 9.09647579 1.47608964],fake_landed,[-0.48080528  0.59740651 -0.20557775]
400.4385883808136,1002,False,5,3,[-0.87441245 -3.64821303  4.        ],exiting,[ 0.5677905  -0.59831228 -0.99408226]
400.4385883808136,1003,False,6,0,[2.39417398 8.9391396  3.79710578],landing,[ 0.63925976  0.24903542 -0.34837281]
400.4385883808136,1004,False,4,5,[-5.64280656  3.08272054  4.00000079],cruising,[-0.62185191  0.08809385  0.93462812]
400.4385883808136,1005,False,1,2,[ 2.79234188 -3.46668373  4.00005128],cruising,[ 0.50568378 -0.03156594 -0.11489306]
400.5261514186859,1000,False,2,4,[1.3208444  5.55135611 4.00000755],cruising,[-0.82138112 -0.19970136 -0.21083176]
400.5261514186859,1001,False,3,6,[8.87315507 9.08613158 1.39823768],fake_landed,[-0.48080528  0.59740651 -0.20557775]
400.5261514186859,1002,False,5,3,[-0.89240383 -3.74056874  4.        ],exiting,[ 0.5677905  -0.59831228 -0.99408226]
400.5261514186859,1003,False,6,0,[2.41454666 8.94661897 3.71757068],landing,[ 0.63925976  0.24903542 -0.34837281]
400.5261514186859,1004,False,4,5,[-5.7476314   3.25304891  4.00000067],cruising,[-0.62185191  0.08809385  0.93462812]
400.5261514186859,1005,False,1,2,[ 2.60539093 -3.39562503  4.00004359],cruising,[ 0.50568378 -0.03156594 -0.11489306]
400.62559723854065,1000,False,2,4,[1.49992636 5.46230753 4.00000642],cruising,[-0.82138112 -0.19970136 -0.21083176]
400.62559723854065,1001,False,3,6,[8.88458042 9.07837341 1.33984871],fake_landed,[-0.48080528  0.59740651 -0.20557775]
400.62559723854065,1002,False,5,3,[-0.89076989 -3.83677758  4.        ],exiting,[ 0.5677905  -0.59831228 -0.99408226]
400.62559723854065,1003,False,6,0,[2.43405114 8.93844481 3.62561731],landing,[ 0.63925976  0.24903542 -0.34837281]
400.62559723854065,1004,False,4,5,[-5.84919265  3.42534317  4.00000057],cruising,[-0.62185191  0.08809385  0.93462812]
400.62559723854065,1005,False,1,2,[ 2.41764183 -3.32670279  4.00003705],cruising,[ 0.50568378 -0.03156594 -0.11489306]
400.72544145584106,1000,False,2,4,[1.68223474 5.38006609 4.00000546],cruising,[-0.82138112 -0.19970136 -0.21083176]
400.72544145584106,1001,False,3,6,[8.89219733 9.0732013  1.30092273],fake_landed,[-0.48080528  0.59740651 -0.20557775]
400.72544145584106,1002,False,5,3,[-0.87535835 -3.93558286  4.        ],exiting,[ 0.5677905  -0.59831228 -0.99408226]
400.72544145584106,1003,False,6,0,[2.45314914 8.92364945 3.52857936],landing,[ 0.63925976  0.24903542 -0.34837281]
400.72544145584106,1004,False,4,5,[-5.94686429  3.59987182  4.00000048],cruising,[-0.62185191  0.08809385  0.93462812]
400.72544145584106,1005,False,1,2,[ 2.22895153 -3.26040067  4.00003149],cruising,[ 0.50568378 -0.03156594 -0.11489306]
400.82496762275696,1000,False,2,4,[1.86673677 5.30287152 4.00000464],cruising,[-0.82138112 -0.19970136 -0.21083176]
400.82496762275696,1001,False,3,6,[8.89600578 9.07061525 1.28145973],fake_landed,[-0.48080528  0.59740651 -0.20557775]
400.82496762275696,1002,False,5,3,[-0.85994681 -4.03438815  4.        ],exiting,[ 0.5677905  -0.59831228 -0.99408226]
400.82496762275696,1003,False,6,0,[2.47224713 8.90885409 3.43154141],landing,[ 0.63925976  0.24903542 -0.34837281]
400.82496762275696,1004,False,4,5,[-6.03987573  3.77692795  4.00000041],cruising,[-0.62185191  0.08809385  0.93462812]
400.82496762275696,1005,False,1,2,[ 2.03965671 -3.19584471  4.00002677],cruising,[ 0.50568378 -0.03156594 -0.11489306]
400.9260799884796,1000,False,2,4,[2.05354001 5.23142538 4.00000394],cruising,[-0.82138112 -0.19970136 -0.21083176]
400.9260799884796,1001,False,3,6,[8.89600578 9.07061525 1.28145973],fake_landed,[-0.48080528  0.59740651 -0.20557775]
400.9260799884796,1002,False,5,3,[-0.84453527 -4.13319344  4.        ],exiting,[ 0.5677905  -0.59831228 -0.99408226]
400.9260799884796,1003,False,6,0,[2.49134512 8.89405873 3.33450346],landing,[ 0.63925976  0.24903542 -0.34837281]
400.9260799884796,1004,False,4,5,[-6.12726318  3.95682635  4.00000035],cruising,[-0.62185191  0.08809385  0.93462812]
400.9260799884796,1005,False,1,2,[ 1.84908633 -3.13515757  4.00002275],cruising,[ 0.50568378 -0.03156594 -0.11489306]
401.0257215499878,1000,False,2,4,[2.24268482 5.16643122 4.00000335],cruising,[-0.82138112 -0.19970136 -0.21083176]
401.0257215499878,1001,False,6,1,[8.89600578 9.07061525 1.28145973],waiting,[-0.48080528  0.59740651 -0.20557775]
401.0257215499878,1002,False,5,3,[-0.82912374 -4.23199872  4.        ],exiting,[ 0.5677905  -0.59831228 -0.99408226]
401.0257215499878,1003,False,6,0,[2.51044311 8.87926338 3.2374655 ],landing,[ 0.63925976  0.24903542 -0.34837281]
401.0257215499878,1004,False,4,5,[-6.20780459  4.13989213  4.0000003 ],cruising,[-0.62185191  0.08809385  0.93462812]
401.0257215499878,1005,False,1,2,[ 1.65705637 -3.07926038  4.00001934],cruising,[ 0.50568378 -0.03156594 -0.11489306]
401.1252648830414,1000,False,2,4,[2.43642572 5.11678785 4.00000285],cruising,[-0.82138112 -0.19970136 -0.21083176]
401.1252648830414,1001,False,6,1,[8.89600578 9.07061525 1.28145973],waiting,[-0.48080528  0.59740651 -0.20557775]
401.1252648830414,1002,False,5,3,[-0.8137122  -4.33080401  4.        ],exiting,[ 0.5677905  -0.59831228 -0.99408226]
401.1252648830414,1003,False,6,0,[2.52954111 8.86446802 3.14042755],landing,[ 0.63925976  0.24903542 -0.34837281]
401.1252648830414,1004,False,4,5,[-6.27993309  4.32643296  4.00000025],cruising,[-0.62185191  0.08809385  0.93462812]
401.1252648830414,1005,False,1,2,[ 1.46337438 -3.02938768  4.00001644],cruising,[ 0.50568378 -0.03156594 -0.11489306]
401.2251555919647,1000,False,2,4,[2.63216146 5.07570842 4.00000242],cruising,[-0.82138112 -0.19970136 -0.21083176]
401.2251555919647,1001,False,6,1,[8.89600578 9.07061525 1.28145973],waiting,[-0.48080528  0.59740651 -0.20557775]
401.2251555919647,1002,False,5,3,[-0.79830066 -4.42960929  4.        ],exiting,[ 0.5677905  -0.59831228 -0.99408226]
401.2251555919647,1003,False,6,0,[2.5486391  8.84967266 3.0433896 ],landing,[ 0.63925976  0.24903542 -0.34837281]
401.2251555919647,1004,False,4,5,[-6.336056    4.51839707  4.00000021],exiting,[-0.62185191  0.08809385  0.93462812]
401.2251555919647,1005,False,1,2,[ 1.26786741 -2.98723288  4.00001397],cruising,[ 0.50568378 -0.03156594 -0.11489306]
401.3309829235077,1000,False,2,4,[2.82927431 5.04184807 4.00000206],cruising,[-0.82138112 -0.19970136 -0.21083176]
401.3309829235077,1001,False,6,1,[8.89600578 9.07061525 1.28145973],waiting,[-0.48080528  0.59740651 -0.20557775]
401.3309829235077,1002,False,5,3,[-0.78288912 -4.52841458  4.        ],exiting,[ 0.5677905  -0.59831228 -0.99408226]
401.3309829235077,1003,False,6,0,[2.56773709 8.8348773  2.94635165],landing,[ 0.63925976  0.24903542 -0.34837281]
401.3309829235077,1004,False,4,5,[-6.39280627  4.69037102  4.00000018],exiting,[-0.62185191  0.08809385  0.93462812]
401.3309829235077,1005,False,1,2,[ 1.07045466 -2.95516724  4.00001188],cruising,[ 0.50568378 -0.03156594 -0.11489306]
401.42705368995667,1000,False,2,4,[3.02731893 5.01394953 4.00000175],cruising,[-0.82138112 -0.19970136 -0.21083176]
401.42705368995667,1001,False,6,1,[8.89600578 9.07061525 1.28145973],waiting,[-0.48080528  0.59740651 -0.20557775]
401.42705368995667,1002,False,5,3,[-0.76747759 -4.62721986  4.        ],exiting,[ 0.5677905  -0.59831228 -0.99408226]
401.42705368995667,1003,False,6,0,[2.58683508 8.82008195 2.8493137 ],landing,[ 0.63925976  0.24903542 -0.34837281]
401.42705368995667,1004,False,4,5,[-6.4504123   4.84236329  4.00000014],exiting,[-0.62185191  0.08809385  0.93462812]
401.42705368995667,1005,False,1,2,[ 0.87086485 -2.94298275  4.00001008],cruising,[ 0.50568378 -0.03156594 -0.11489306]
401.5265884399414,1000,False,2,4,[3.22598237 4.99086627 4.00000149],cruising,[-0.82138112 -0.19970136 -0.21083176]
401.5265884399414,1001,False,6,1,[8.89600578 9.07061525 1.28145973],waiting,[-0.48080528  0.59740651 -0.20557775]
401.5265884399414,1002,False,5,3,[-0.75206605 -4.72602515  4.        ],exiting,[ 0.5677905  -0.59831228 -0.99408226]
401.5265884399414,1003,False,6,0,[2.60593308 8.80528659 2.75227575],landing,[ 0.63925976  0.24903542 -0.34837281]
401.5265884399414,1004,False,4,5,[-6.50918904  4.97438985  4.00000011],exiting,[-0.62185191  0.08809385  0.93462812]
401.5265884399414,1005,False,1,2,[ 0.6708664  -2.94219407  4.00000857],cruising,[ 0.50568378 -0.03156594 -0.11489306]
401.63068103790283,1000,False,2,4,[3.42504908 4.9715674  4.00000126],cruising,[-0.82138112 -0.19970136 -0.21083176]
401.63068103790283,1001,False,6,1,[8.89600578 9.07061525 1.28145973],waiting,[-0.48080528  0.59740651 -0.20557775]
401.63068103790283,1002,False,5,3,[-0.73665451 -4.82483044  4.        ],exiting,[ 0.5677905  -0.59831228 -0.99408226]
401.63068103790283,1003,False,6,0,[2.62503107 8.79049123 2.65523779],landing,[ 0.63925976  0.24903542 -0.34837281]
401.63068103790283,1004,False,4,5,[-6.56948427  5.08647414  4.00000008],exiting,[-0.62185191  0.08809385  0.93462812]
401.63068103790283,1005,False,1,2,[ 0.4714159  -2.95700948  4.00000729],cruising,[ 0.50568378 -0.03156594 -0.11489306]
401.72595596313477,1000,False,2,4,[3.6243726  4.9551316  4.00000107],cruising,[-0.82138112 -0.19970136 -0.21083176]
401.72595596313477,1001,False,6,1,[8.89600578 9.07061525 1.28145973],waiting,[-0.48080528  0.59740651 -0.20557775]
401.72595596313477,1002,False,5,3,[-0.72124297 -4.92363572  4.        ],exiting,[ 0.5677905  -0.59831228 -0.99408226]
401.72595596313477,1003,False,6,0,[2.64412906 8.77569587 2.55819984],landing,[ 0.63925976  0.24903542 -0.34837281]
401.72595596313477,1004,False,4,5,[-6.63161542  5.17864287  4.00000006],exiting,[-0.62185191  0.08809385  0.93462812]
401.72595596313477,1005,False,1,2,[ 0.27363729 -2.98673526  4.00000619],cruising,[ 0.50568378 -0.03156594 -0.11489306]
401.83594012260437,1000,False,2,4,[3.82385377 4.94073502 4.00000091],cruising,[-0.82138112 -0.19970136 -0.21083176]
401.83594012260437,1001,False,6,1,[8.89600578 9.07061525 1.28145973],queued,[-0.48080528  0.59740651 -0.20557775]
401.83594012260437,1002,False,5,3,[-0.70583144 -5.02244101  4.        ],exiting,[ 0.5677905  -0.59831228 -0.99408226]
401.83594012260437,1003,False,6,0,[2.66322705 8.76090052 2.46116189],landing,[ 0.63925976  0.24903542 -0.34837281]
401.83594012260437,1004,False,4,5,[-6.6953965   5.25566218  4.00000005],exiting,[-0.62185191  0.08809385  0.93462812]
401.83594012260437,1005,False,1,2,[ 0.07947296 -3.03469579  4.00000526],cruising,[ 0.50568378 -0.03156594 -0.11489306]
401.9271948337555,1000,False,2,4,[4.02342437 4.92763631 4.00000078],cruising,[-0.82138112 -0.19970136 -0.21083176]
401.9271948337555,1001,False,6,1,[8.89600578 9.07061525 1.30145973],queued,[-0.48080528  0.59740651 -0.20557775]
401.9271948337555,1002,False,5,3,[-0.6904199  -5.12124629  4.        ],exiting,[ 0.5677905  -0.59831228 -0.99408226]
401.9271948337555,1003,False,6,0,[2.68232505 8.74610516 2.36412394],landing,[ 0.63925976  0.24903542 -0.34837281]
401.9271948337555,1004,False,4,5,[-6.75917758  5.33268149  4.00000004],exiting,[-0.62185191  0.08809385  0.93462812]
401.9271948337555,1005,False,1,2,[-0.11146516 -3.09421582  4.00000447],cruising,[ 0.50568378 -0.03156594 -0.11489306]
402.0267653465271,1000,False,2,4,[4.22300981 4.91476572 4.00000066],cruising,[-0.82138112 -0.19970136 -0.21083176]
402.0267653465271,1001,False,6,1,[8.89600578 9.07061525 1.34145973],queued,[-0.48080528  0.59740651 -0.20557775]
402.0267653465271,1002,False,5,3,[-0.67500836 -5.22005158  4.        ],exiting,[ 0.5677905  -0.59831228 -0.99408226]
402.0267653465271,1003,False,6,0,[2.70142304 8.7313098  2.26708599],landing,[ 0.63925976  0.24903542 -0.34837281]
402.0267653465271,1004,False,4,5,[-6.82295866  5.4097008   4.00000003],exiting,[-0.62185191  0.08809385  0.93462812]
402.0267653465271,1005,False,1,2,[-0.29888955 -3.16401624  4.0000038 ],cruising,[ 0.50568378 -0.03156594 -0.11489306]
402.1260268688202,1000,False,2,4,[4.42262106 4.90230184 4.00000056],cruising,[-0.82138112 -0.19970136 -0.21083176]
402.1260268688202,1001,False,6,1,[8.89600578 9.07061525 1.40145973],queued,[-0.48080528  0.59740651 -0.20557775]
402.1260268688202,1002,False,5,3,[-0.65959682 -5.31885687  4.        ],exiting,[ 0.5677905  -0.59831228 -0.99408226]
402.1260268688202,1003,False,6,0,[2.72052103 8.71651444 2.17004803],landing,[ 0.63925976  0.24903542 -0.34837281]
402.1260268688202,1004,False,4,5,[-6.88673974  5.48672011  4.00000003],exiting,[-0.62185191  0.08809385  0.93462812]
402.1260268688202,1005,False,1,2,[-0.48174423 -3.24503578  4.00000323],cruising,[ 0.50568378 -0.03156594 -0.11489306]
402.2366044521332,1000,False,2,4,[4.62221406 4.88954898 4.00000048],cruising,[-0.82138112 -0.19970136 -0.21083176]
402.2366044521332,1001,False,6,1,[8.89600578 9.07061525 1.47645973],queued,[-0.48080528  0.59740651 -0.20557775]
402.2366044521332,1002,False,5,3,[-0.64418529 -5.41766215  4.        ],exiting,[ 0.5677905  -0.59831228 -0.99408226]
402.2366044521332,1003,False,6,0,[2.73961902 8.70171909 2.07301008],landing,[ 0.63925976  0.24903542 -0.34837281]
402.2366044521332,1004,False,4,5,[-6.95052082  5.56373942  4.00000002],exiting,[-0.62185191  0.08809385  0.93462812]
402.2366044521332,1005,False,1,2,[-0.6612066  -3.33331521  4.00000275],cruising,[ 0.50568378 -0.03156594 -0.11489306]
402.3249592781067,1000,False,2,4,[4.82174488 4.87585764 4.00000041],cruising,[-0.82138112 -0.19970136 -0.21083176]
402.3249592781067,1001,False,6,1,[8.89600578 9.07061525 1.55145973],entering,[-0.48080528  0.59740651 -0.20557775]
402.3249592781067,1002,False,5,3,[-0.62877375 -5.51646744  4.        ],exiting,[ 0.5677905  -0.59831228 -0.99408226]
402.3249592781067,1003,False,6,0,[2.75871702 8.68692373 1.97597213],landing,[ 0.63925976  0.24903542 -0.34837281]
402.3249592781067,1004,False,4,5,[-7.01430189  5.64075873  4.00000002],exiting,[-0.62185191  0.08809385  0.93462812]
402.3249592781067,1005,False,1,2,[-0.83910094 -3.42471326  4.00000234],cruising,[ 0.50568378 -0.03156594 -0.11489306]
402.42550802230835,1000,False,2,4,[5.02116234 4.86060389 4.00000034],cruising,[-0.82138112 -0.19970136 -0.21083176]
402.42550802230835,1001,False,6,1,[8.89177747 9.05106732 1.62645973],entering,[-0.48080528  0.59740651 -0.20557775]
402.42550802230835,1002,False,5,3,[-0.61336221 -5.61527272  4.        ],exiting,[ 0.5677905  -0.59831228 -0.99408226]
402.42550802230835,1003,False,6,0,[2.77781501 8.67212837 1.87893418],landing,[ 0.63925976  0.24903542 -0.34837281]
402.42550802230835,1004,False,4,5,[-7.07808297  5.71777803  4.00000001],exiting,[-0.62185191  0.08809385  0.93462812]
402.42550802230835,1005,False,1,2,[-1.01779557 -3.51453658  4.00000199],cruising,[ 0.50568378 -0.03156594 -0.11489306]
402.5261516571045,1000,False,2,4,[5.22049133 4.84423465 4.00000029],cruising,[-0.82138112 -0.19970136 -0.21083176]
402.5261516571045,1001,False,6,1,[8.88332085 9.01197147 1.70145973],entering,[-0.48080528  0.59740651 -0.20557775]
402.5261516571045,1002,False,5,3,[-0.59795067 -5.71407801  4.        ],exiting,[ 0.5677905  -0.59831228 -0.99408226]
402.5261516571045,1003,False,6,0,[2.796913   8.65733302 1.78189623],landing,[ 0.63925976  0.24903542 -0.34837281]
402.5261516571045,1004,False,4,5,[-7.14186405  5.79479734  4.00000001],exiting,[-0.62185191  0.08809385  0.93462812]
402.5261516571045,1005,False,1,2,[-1.20114889 -3.59442126  4.00000169],cruising,[ 0.50568378 -0.03156594 -0.11489306]
402.6298279762268,1000,False,2,4,[5.41957864 4.82514946 4.00000025],cruising,[-0.82138112 -0.19970136 -0.21083176]
402.6298279762268,1001,False,6,1,[8.87063593 8.95332769 1.77645973],entering,[-0.48080528  0.59740651 -0.20557775]
402.6298279762268,1002,False,5,3,[-0.58253914 -5.81288329  4.        ],exiting,[ 0.5677905  -0.59831228 -0.99408226]
402.6298279762268,1003,False,6,0,[2.81601099 8.64253766 1.68485828],landing,[ 0.63925976  0.24903542 -0.34837281]
402.6298279762268,1004,False,4,5,[-7.20564513  5.87181665  4.00000001],exiting,[-0.62185191  0.08809385  0.93462812]
402.6298279762268,1005,False,1,2,[-1.3914016  -3.65553366  4.00000143],cruising,[ 0.50568378 -0.03156594 -0.11489306]
402.7248725891113,1000,False,2,4,[5.6183121  4.80267701 4.00000021],cruising,[-0.82138112 -0.19970136 -0.21083176]
402.7248725891113,1001,False,6,1,[8.8537227  8.87513599 1.85145973],entering,[-0.48080528  0.59740651 -0.20557775]
402.7248725891113,1002,False,5,3,[-0.5671276  -5.91168858  4.        ],exiting,[ 0.5677905  -0.59831228 -0.99408226]
402.7248725891113,1003,False,6,0,[2.83510899 8.6277423  1.58782032],landing,[ 0.63925976  0.24903542 -0.34837281]
402.7248725891113,1004,False,4,5,[-7.26942621  5.94883596  4.00000001],exiting,[-0.62185191  0.08809385  0.93462812]
402.7248725891113,1005,False,1,2,[-1.58540919 -3.69700171  4.00000119],cruising,[ 0.50568378 -0.03156594 -0.11489306]
402.82525658607483,1000,False,2,4,[5.81653941 4.77610758 4.00000018],cruising,[-0.82138112 -0.19970136 -0.21083176]
402.82525658607483,1001,False,6,1,[8.83258589 8.77739534 1.92645973],entering,[-0.48080528  0.59740651 -0.20557775]
402.82525658607483,1002,False,5,3,[-0.55171606 -6.01049387  4.        ],exiting,[ 0.5677905  -0.59831228 -0.99408226]
402.82525658607483,1003,False,6,0,[2.85420698 8.61294694 1.49078237],fake_landed,[ 0.63925976  0.24903542 -0.34837281]
402.82525658607483,1004,False,4,5,[-7.33320729  6.02585527  4.00000001],exiting,[-0.62185191  0.08809385  0.93462812]
402.82525658607483,1005,False,1,2,[-1.78006673 -3.71848032  4.00000096],cruising,[ 0.50568378 -0.03156594 -0.11489306]
402.92675399780273,1000,False,2,4,[6.01405371 4.74467353 4.00000015],cruising,[-0.82138112 -0.19970136 -0.21083176]
402.92675399780273,1001,False,6,1,[8.80738384 8.66007219 2.00145973],entering,[-0.48080528  0.59740651 -0.20557775]
402.92675399780273,1002,False,5,3,[-0.53630452 -6.10929915  4.        ],exiting,[ 0.5677905  -0.59831228 -0.99408226]
402.92675399780273,1003,False,6,0,[2.86948537 8.60111066 1.41315201],fake_landed,[ 0.63925976  0.24903542 -0.34837281]
402.92675399780273,1004,False,4,5,[-7.39698837  6.10287458  4.        ],exiting,[-0.62185191  0.08809385  0.93462812]
402.92675399780273,1005,False,1,2,[-1.97238109 -3.72009666  4.00000075],cruising,[ 0.50568378 -0.03156594 -0.11489306]
403.0285587310791,1000,False,2,4,[6.2105744  4.70753033 4.00000013],cruising,[-0.82138112 -0.19970136 -0.21083176]
403.0285587310791,1001,False,6,1,[8.7783621  8.52311719 2.07645973],entering,[-0.48080528  0.59740651 -0.20557775]
403.0285587310791,1002,False,5,3,[-0.52089299 -6.20810444  4.        ],exiting,[ 0.5677905  -0.59831228 -0.99408226]
403.0285587310791,1003,False,6,0,[2.88094417 8.59223344 1.35492924],fake_landed,[ 0.63925976  0.24903542 -0.34837281]
403.0285587310791,1004,False,4,5,[-7.46076945  6.17989389  4.        ],exiting,[-0.62185191  0.08809385  0.93462812]
403.0285587310791,1005,False,1,2,[-2.15946229 -3.70240979  4.00000055],cruising,[ 0.50568378 -0.03156594 -0.11489306]
403.12842082977295,1000,False,2,4,[6.40572135 4.66373915 4.00000011],cruising,[-0.82138112 -0.19970136 -0.21083176]
403.12842082977295,1001,False,6,1,[8.74592445 8.36645606 2.15145973],entering,[-0.48080528  0.59740651 -0.20557775]
403.12842082977295,1002,False,5,3,[-0.50548145 -6.30690972  4.        ],exiting,[ 0.5677905  -0.59831228 -0.99408226]
403.12842082977295,1003,False,6,0,[2.88858337 8.5863153  1.31611406],fake_landed,[ 0.63925976  0.24903542 -0.34837281]
403.12842082977295,1004,False,4,5,[-7.52455053  6.25691319  4.        ],exiting,[-0.62185191  0.08809385  0.93462812]
403.12842082977295,1005,False,1,2,[-2.3389866  -3.66620555  4.00000036],cruising,[ 0.50568378 -0.03156594 -0.11489306]
403.2296121120453,1000,False,2,4,[6.59898064 4.61225275 4.00000009],cruising,[-0.82138112 -0.19970136 -0.21083176]
403.2296121120453,1001,False,6,1,[8.71041256 8.19003262 2.22645973],entering,[-0.48080528  0.59740651 -0.20557775]
403.2296121120453,1002,False,5,3,[-0.49006991 -6.40571501  4.        ],exiting,[ 0.5677905  -0.59831228 -0.99408226]
403.2296121120453,1003,False,6,0,[2.89240296 8.58335623 1.29670647],fake_landed,[ 0.63925976  0.24903542 -0.34837281]
403.2296121120453,1004,False,4,5,[-7.58833161  6.3339325   4.        ],exiting,[-0.62185191  0.08809385  0.93462812]
403.2296121120453,1005,False,1,2,[-2.50876073 -3.61253894  4.00000019],cruising,[ 0.50568378 -0.03156594 -0.11489306]
403.32727813720703,1000,False,2,4,[6.7896599  4.55190857 4.00000008],cruising,[-0.82138112 -0.19970136 -0.21083176]
403.32727813720703,1001,False,6,1,[8.6718639  7.99384107 2.30145973],entering,[-0.48080528  0.59740651 -0.20557775]
403.32727813720703,1002,False,5,3,[-0.47465837 -6.5045203   4.        ],exiting,[ 0.5677905  -0.59831228 -0.99408226]
403.32727813720703,1003,False,0,6,[2.89240296 8.58335623 1.29670647],waiting,[ 0.63925976  0.24903542 -0.34837281]
403.32727813720703,1004,False,4,5,[-7.65211269  6.41095181  4.        ],exiting,[-0.62185191  0.08809385  0.93462812]
403.32727813720703,1005,False,1,2,[-2.66678732 -3.54268606  4.00000003],cruising,[ 0.50568378 -0.03156594 -0.11489306]
403.4303297996521,1000,False,2,4,[6.97683238 4.48143543 4.00000007],cruising,[-0.82138112 -0.19970136 -0.21083176]
403.4303297996521,1001,False,6,1,[8.63330666 7.79759291 2.37645973],entering,[-0.48080528  0.59740651 -0.20557775]
403.4303297996521,1002,False,5,3,[-0.45924684 -6.60332558  4.        ],exiting,[ 0.5677905  -0.59831228 -0.99408226]
403.4303297996521,1003,False,0,6,[2.89240296 8.58335623 1.29670647],waiting,[ 0.63925976  0.24903542 -0.34837281]
403.4303297996521,1004,False,4,5,[-7.71589377  6.48797112  4.        ],exiting,[-0.62185191  0.08809385  0.93462812]
403.4303297996521,1005,False,1,2,[-2.81138517 -3.45801194  3.99999989],cruising,[ 0.50568378 -0.03156594 -0.11489306]
403.5282492637634,1000,False,2,4,[7.1592711  4.39948354 4.00000006],cruising,[-0.82138112 -0.19970136 -0.21083176]
403.5282492637634,1001,False,6,1,[8.59533392 7.60123082 2.45145973],entering,[-0.48080528  0.59740651 -0.20557775]
403.5282492637634,1002,False,5,3,[-0.4438353  -6.70213087  4.        ],exiting,[ 0.5677905  -0.59831228 -0.99408226]
403.5282492637634,1003,False,0,6,[2.89240296 8.58335623 1.29670647],waiting,[ 0.63925976  0.24903542 -0.34837281]
403.5282492637634,1004,False,4,5,[-7.77967485  6.56499043  4.        ],exiting,[-0.62185191  0.08809385  0.93462812]
403.5282492637634,1005,False,1,2,[-2.941097   -3.35998095  3.99999976],cruising,[ 0.50568378 -0.03156594 -0.11489306]
403.62771248817444,1000,False,2,4,[7.33538032 4.30469144 4.00000005],cruising,[-0.82138112 -0.19970136 -0.21083176]
403.62771248817444,1001,False,6,1,[8.5599523  7.40438534 2.52645973],entering,[-0.48080528  0.59740651 -0.20557775]
403.62771248817444,1002,False,5,3,[-0.42842376 -6.80093615  4.        ],exiting,[ 0.5677905  -0.59831228 -0.99408226]
403.62771248817444,1003,False,0,6,[2.89240296 8.58335623 1.29670647],waiting,[ 0.63925976  0.24903542 -0.34837281]
403.62771248817444,1004,False,4,5,[-7.84345593  6.64200974  4.        ],exiting,[-0.62185191  0.08809385  0.93462812]
403.62771248817444,1005,False,1,2,[-3.05461811 -3.25020855  3.99999965],cruising,[ 0.50568378 -0.03156594 -0.11489306]
403.7298400402069,1000,False,2,4,[7.50314093 4.19580444 4.00000004],cruising,[-0.82138112 -0.19970136 -0.21083176]
403.7298400402069,1001,False,6,1,[8.52576589 7.20732878 2.60145973],entering,[-0.48080528  0.59740651 -0.20557775]
403.7298400402069,1002,False,5,3,[-0.41301222 -6.89974144  4.        ],exiting,[ 0.5677905  -0.59831228 -0.99408226]
403.7298400402069,1003,False,0,6,[2.89240296 8.58335623 1.29670647],waiting,[ 0.63925976  0.24903542 -0.34837281]
403.7298400402069,1004,False,4,5,[-7.90723701  6.71902905  4.        ],exiting,[-0.62185191  0.08809385  0.93462812]
403.7298400402069,1005,False,1,2,[-3.15084609 -3.13038887  3.99999956],cruising,[ 0.50568378 -0.03156594 -0.11489306]
403.8263294696808,1000,False,2,4,[7.65887544 4.07093706 4.00000004],cruising,[-0.82138112 -0.19970136 -0.21083176]
403.8263294696808,1001,False,6,1,[8.49157947 7.01027221 2.67645973],entering,[-0.48080528  0.59740651 -0.20557775]
403.8263294696808,1002,False,5,3,[-0.39760069 -6.99854672  4.        ],exiting,[ 0.5677905  -0.59831228 -0.99408226]
403.8263294696808,1003,False,0,6,[2.89240296 8.58335623 1.29670647],waiting,[ 0.63925976  0.24903542 -0.34837281]
403.8263294696808,1004,False,4,5,[-7.97101809  6.79604835  4.        ],exiting,[-0.62185191  0.08809385  0.93462812]
403.8263294696808,1005,False,1,2,[-3.2291591  -3.00167799  3.99999949],cruising,[ 0.50568378 -0.03156594 -0.11489306]
403.9270021915436,1000,False,2,4,[7.80119343 3.93123738 4.00000003],cruising,[-0.82138112 -0.19970136 -0.21083176]
403.9270021915436,1001,False,6,1,[8.4588765  6.81296404 2.75145973],entering,[-0.48080528  0.59740651 -0.20557775]
403.9270021915436,1002,False,5,3,[-0.38218915 -7.09735201  4.        ],exiting,[ 0.5677905  -0.59831228 -0.99408226]
403.9270021915436,1003,False,0,6,[2.89240296 8.58335623 1.29670647],queued,[ 0.63925976  0.24903542 -0.34837281]
403.9270021915436,1004,False,4,5,[-8.03479917  6.87306766  4.        ],exiting,[-0.62185191  0.08809385  0.93462812]
403.9270021915436,1005,False,1,2,[-3.28919082 -2.86485571  3.99999944],cruising,[ 0.50568378 -0.03156594 -0.11489306]
404.02829790115356,1000,False,2,4,[7.92863247 3.77817293 4.00000002],cruising,[-0.82138112 -0.19970136 -0.21083176]
404.02829790115356,1001,False,6,1,[8.42972924 6.61509935 2.82645973],entering,[-0.48080528  0.59740651 -0.20557775]
404.02829790115356,1002,False,5,3,[-0.36677761 -7.1961573   4.        ],exiting,[ 0.5677905  -0.59831228 -0.99408226]
404.02829790115356,1003,False,0,6,[2.89240296 8.58335623 1.31670647],queued,[ 0.63925976  0.24903542 -0.34837281]
404.02829790115356,1004,False,4,5,[-8.09858025  6.95008697  4.        ],exiting,[-0.62185191  0.08809385  0.93462812]
404.02829790115356,1005,False,1,2,[-3.33076656 -2.72032781  3.99999941],cruising,[ 0.50568378 -0.03156594 -0.11489306]
404.1261966228485,1000,False,2,4,[8.03984311 3.61341922 4.00000002],cruising,[-0.82138112 -0.19970136 -0.21083176]
404.1261966228485,1001,False,6,1,[8.40058198 6.41723465 2.90145973],entering,[-0.48080528  0.59740651 -0.20557775]
404.1261966228485,1002,False,5,3,[-0.35136607 -7.29496258  4.        ],exiting,[ 0.5677905  -0.59831228 -0.99408226]
404.1261966228485,1003,False,0,6,[2.89240296 8.58335623 1.35670647],queued,[ 0.63925976  0.24903542 -0.34837281]
404.1261966228485,1004,False,4,5,[-8.16236133  7.02710628  4.        ],exiting,[-0.62185191  0.08809385  0.93462812]
404.1261966228485,1005,False,1,2,[-3.35381302 -2.56827222  3.99999939],cruising,[ 0.50568378 -0.03156594 -0.11489306]
404.22892665863037,1000,False,2,4,[8.13346756 3.43914049 4.00000002],cruising,[-0.82138112 -0.19970136 -0.21083176]
404.22892665863037,1001,False,6,1,[8.37395086 6.21901562 2.97645973],entering,[-0.48080528  0.59740651 -0.20557775]
404.22892665863037,1002,False,5,3,[-0.33595454 -7.39376787  4.        ],exiting,[ 0.5677905  -0.59831228 -0.99408226]
404.22892665863037,1003,False,0,6,[2.89240296 8.58335623 1.41670647],queued,[ 0.63925976  0.24903542 -0.34837281]
404.22892665863037,1004,False,4,5,[-8.22614241  7.10412559  4.        ],exiting,[-0.62185191  0.08809385  0.93462812]
404.22892665863037,1005,False,1,2,[-3.35833374 -2.40868027  3.9999994 ],cruising,[ 0.50568378 -0.03156594 -0.11489306]
404.32525658607483,1000,False,2,4,[8.20908192 3.25616484 4.00000001],cruising,[-0.82138112 -0.19970136 -0.21083176]
404.32525658607483,1001,False,6,1,[8.35045624 6.02040041 3.05145973],entering,[-0.48080528  0.59740651 -0.20557775]
404.32525658607483,1002,False,5,3,[-0.320543   -7.49257315  4.        ],exiting,[ 0.5677905  -0.59831228 -0.99408226]
404.32525658607483,1003,False,0,6,[2.89240296 8.58335623 1.49170647],queued,[ 0.63925976  0.24903542 -0.34837281]
404.32525658607483,1004,False,4,5,[-8.28992349  7.1811449   4.        ],exiting,[-0.62185191  0.08809385  0.93462812]
404.32525658607483,1005,False,1,2,[-3.34465317 -2.240799    3.99999943],cruising,[ 0.50568378 -0.03156594 -0.11489306]
404.42548751831055,1000,False,2,4,[8.26604335 3.06597333 4.00000001],cruising,[-0.82138112 -0.19970136 -0.21083176]
404.42548751831055,1001,False,6,1,[8.3281803  5.82164482 3.12645973],entering,[-0.48080528  0.59740651 -0.20557775]
404.42548751831055,1002,False,5,3,[-0.30513146 -7.59137844  4.        ],exiting,[ 0.5677905  -0.59831228 -0.99408226]
404.42548751831055,1003,False,0,6,[2.89240296 8.58335623 1.56670647],queued,[ 0.63925976  0.24903542 -0.34837281]
404.42548751831055,1004,False,4,5,[-8.35370456  7.25816421  4.        ],exiting,[-0.62185191  0.08809385  0.93462812]
404.42548751831055,1005,False,1,2,[-3.31381647 -2.06263826  3.99999949],cruising,[ 0.50568378 -0.03156594 -0.11489306]
404.619425535202,1000,False,2,4,[8.30387561 2.86994449 4.00000001],cruising,[-0.82138112 -0.19970136 -0.21083176]
404.619425535202,1001,False,6,1,[8.31078724 5.62240256 3.20145973],entering,[-0.48080528  0.59740651 -0.20557775]
404.619425535202,1002,False,5,3,[-0.28971992 -7.69018373  4.        ],exiting,[ 0.5677905  -0.59831228 -0.99408226]
404.619425535202,1003,False,0,6,[2.89240296 8.58335623 1.64170647],queued,[ 0.63925976  0.24903542 -0.34837281]
404.619425535202,1004,False,4,5,[-8.41748564  7.33518352  4.        ],landing,[-0.62185191  0.08809385  0.93462812]
404.619425535202,1005,False,1,2,[-3.27138853 -1.86817896  3.99999956],cruising,[ 0.50568378 -0.03156594 -0.11489306]
404.7225179672241,1000,False,2,4,[8.33291237 2.67206355 4.00000001],cruising,[-0.82138112 -0.19970136 -0.21083176]
404.7225179672241,1001,False,6,1,[8.29609916 5.42294264 3.27645973],entering,[-0.48080528  0.59740651 -0.20557775]
404.7225179672241,1002,False,5,3,[-0.27430838 -7.78898901  4.        ],landing,[ 0.5677905  -0.59831228 -0.99408226]
404.7225179672241,1003,False,0,6,[2.89240296 8.58335623 1.71670647],queued,[ 0.63925976  0.24903542 -0.34837281]
404.7225179672241,1004,False,4,5,[-8.47006115  7.40380827  3.98571831],landing,[-0.62185191  0.08809385  0.93462812]
404.7225179672241,1005,False,1,2,[-3.24466316 -1.66997262  3.99999963],cruising,[ 0.50568378 -0.03156594 -0.11489306]
404.82488346099854,1000,False,2,4,[8.36145144 2.47411022 4.00000001],cruising,[-0.82138112 -0.19970136 -0.21083176]
404.82488346099854,1001,False,6,1,[8.28498704 5.22325157 3.35145973],entering,[-0.48080528  0.59740651 -0.20557775]
404.82488346099854,1002,False,5,3,[-0.2642299  -7.87452182  3.98602145],landing,[ 0.5677905  -0.59831228 -0.99408226]
404.82488346099854,1003,False,0,6,[2.89240296 8.58335623 1.79170647],queued,[ 0.63925976  0.24903542 -0.34837281]
404.82488346099854,1004,False,4,5,[-8.51134785  7.46388029  3.95731524],landing,[-0.62185191  0.08809385  0.93462812]
404.82488346099854,1005,False,1,2,[-3.23436219 -1.47023807  3.99999969],cruising,[ 0.50568378 -0.03156594 -0.11489306]
404.9203884601593,1000,False,2,4,[8.3852022  2.27552547 4.00000001],cruising,[-0.82138112 -0.19970136 -0.21083176]
404.9203884601593,1001,False,6,1,[8.28001568 5.02331337 3.42645973],entering,[-0.48080528  0.59740651 -0.20557775]
404.9203884601593,1002,False,5,3,[-0.25947349 -7.94660727  3.95822827],landing,[ 0.5677905  -0.59831228 -0.99408226]
404.9203884601593,1003,False,0,6,[2.89240296 8.58335623 1.86670647],queued,[ 0.63925976  0.24903542 -0.34837281]
404.9203884601593,1004,False,4,5,[-8.54124811  7.51521162  3.9149856 ],landing,[-0.62185191  0.08809385  0.93462812]
404.9203884601593,1005,False,1,2,[-3.23990339 -1.27031484  3.99999973],cruising,[ 0.50568378 -0.03156594 -0.11489306]
405.01970863342285,1000,False,2,4,[8.40801601 2.07683091 4.        ],cruising,[-0.82138112 -0.19970136 -0.21083176]
405.01970863342285,1001,False,6,1,[8.28055679 4.8233141  3.50145973],entering,[-0.48080528  0.59740651 -0.20557775]
405.01970863342285,1002,False,5,3,[-0.26002512 -8.00504015  3.91681773],landing,[ 0.5677905  -0.59831228 -0.99408226]
405.01970863342285,1003,False,0,6,[2.89240296 8.58335623 1.94170647],queued,[ 0.63925976  0.24903542 -0.34837281]
405.01970863342285,1004,False,4,5,[-8.55962782  7.55753939  3.85900997],landing,[-0.62185191  0.08809385  0.93462812]
405.01970863342285,1005,False,1,2,[-3.25926404 -1.07125414  3.99999977],cruising,[ 0.50568378 -0.03156594 -0.11489306]
405.1198425292969,1000,False,2,4,[8.42639128 1.87767682 4.        ],cruising,[-0.82138112 -0.19970136 -0.21083176]
405.1198425292969,1001,False,6,1,[8.28522196 4.62336852 3.57624077],entering,[-0.48080528  0.59740651 -0.20557775]
405.1198425292969,1002,False,5,3,[-0.26586365 -8.04954223  3.86206624],landing,[ 0.5677905  -0.59831228 -0.99408226]
405.1198425292969,1003,False,0,6,[2.89240296 8.58335623 2.01670647],queued,[ 0.63925976  0.24903542 -0.34837281]
405.1198425292969,1004,False,4,5,[-8.56638561  7.59066099  3.78961132],landing,[-0.62185191  0.08809385  0.93462812]
405.1198425292969,1005,False,1,2,[-3.29217984 -0.87398135  3.99999981],cruising,[ 0.50568378 -0.03156594 -0.11489306]
405.2203254699707,1000,False,2,4,[8.44361573 1.67841991 4.        ],cruising,[-0.82138112 -0.19970136 -0.21083176]
405.2203254699707,1001,False,6,1,[8.29457885 4.42358751 3.63980466],entering,[-0.48080528  0.59740651 -0.20557775]
405.2203254699707,1002,False,5,3,[-0.27696907 -8.07987565  3.7942186 ],landing,[ 0.5677905  -0.59831228 -0.99408226]
405.2203254699707,1003,False,0,6,[2.89240296 8.58335623 2.09170647],queued,[ 0.63925976  0.24903542 -0.34837281]
405.2203254699707,1004,False,4,5,[-8.56142342  7.61437691  3.70701514],landing,[-0.62185191  0.08809385  0.93462812]
405.2203254699707,1005,False,1,2,[-3.33754084 -0.67919332  3.99999984],cruising,[ 0.50568378 -0.03156594 -0.11489306]
405.3326647281647,1000,False,2,4,[8.4567695  1.47885293 4.        ],cruising,[-0.82138112 -0.19970136 -0.21083176]
405.3326647281647,1001,False,6,1,[8.30683759 4.22396356 3.69383396],entering,[-0.48080528  0.59740651 -0.20557775]
405.3326647281647,1002,False,5,3,[-0.29332146 -8.09582421  3.71350453],landing,[ 0.5677905  -0.59831228 -0.99408226]
405.3326647281647,1003,False,0,6,[2.89240296 8.58335623 2.16670647],queued,[ 0.63925976  0.24903542 -0.34837281]
405.3326647281647,1004,False,4,5,[-8.54464383  7.6284852   3.61145582],landing,[-0.62185191  0.08809385  0.93462812]
405.3326647281647,1005,False,1,2,[-3.39437294 -0.48743797  3.99999986],cruising,[ 0.50568378 -0.03156594 -0.11489306]
405.4410843849182,1000,False,2,4,[8.46866098 1.27920676 4.        ],cruising,[-0.82138112 -0.19970136 -0.21083176]
405.4410843849182,1001,False,6,1,[8.31645746 4.02419505 3.73975887],entering,[-0.48080528  0.59740651 -0.20557775]
405.4410843849182,1002,False,5,3,[-0.31489909 -8.09717023  3.6201626 ],landing,[ 0.5677905  -0.59831228 -0.99408226]
405.4410843849182,1003,False,0,6,[2.89240296 8.58335623 2.24170647],queued,[ 0.63925976  0.24903542 -0.34837281]
405.4410843849182,1004,False,4,5,[-8.52609597  7.64113714  3.51400889],landing,[-0.62185191  0.08809385  0.93462812]
405.4410843849182,1005,False,1,2,[-3.46002374 -0.29852007  3.99999988],cruising,[ 0.50568378 -0.03156594 -0.11489306]
405.57319474220276,1000,False,2,4,[8.47900934 1.07947466 4.        ],cruising,[-0.82138112 -0.19970136 -0.21083176]
405.57319474220276,1001,False,6,1,[8.33130772 3.82474714 3.77879504],cruising,[-0.48080528  0.59740651 -0.20557775]
405.57319474220276,1002,False,5,3,[-0.338104   -8.09387899  3.52294789],landing,[ 0.5677905  -0.59831228 -0.99408226]
405.57319474220276,1003,False,0,6,[2.89240296 8.58335623 2.31670647],queued,[ 0.63925976  0.24903542 -0.34837281]
405.57319474220276,1004,False,4,5,[-8.50754811  7.65378909  3.41656195],landing,[-0.62185191  0.08809385  0.93462812]
405.57319474220276,1005,False,1,2,[-3.53594748 -0.11349147  3.9999999 ],cruising,[ 0.50568378 -0.03156594 -0.11489306]
405.6989035606384,1000,False,2,4,[8.48535504 0.87957536 4.        ],cruising,[-0.82138112 -0.19970136 -0.21083176]
405.6989035606384,1001,False,6,1,[8.34034732 3.62495153 3.81197578],cruising,[-0.48080528  0.59740651 -0.20557775]
405.6989035606384,1002,False,5,3,[-0.36130892 -8.09058776  3.42573318],landing,[ 0.5677905  -0.59831228 -0.99408226]
405.6989035606384,1003,False,0,6,[2.89240296 8.58335623 2.39170647],entering,[ 0.63925976  0.24903542 -0.34837281]
405.6989035606384,1004,False,4,5,[-8.48900026  7.66644103  3.31911501],landing,[-0.62185191  0.08809385  0.93462812]
405.6989035606384,1005,False,1,2,[-3.62247527  0.06682199  3.99999991],exiting,[ 0.50568378 -0.03156594 -0.11489306]
405.7920594215393,1000,False,2,4,[8.49022601 0.67963468 4.        ],cruising,[-0.82138112 -0.19970136 -0.21083176]
405.7920594215393,1001,False,6,1,[8.34775464 3.42508874 3.84017941],exiting,[-0.48080528  0.59740651 -0.20557775]
405.7920594215393,1002,False,5,3,[-0.38451384 -8.08729653  3.32851847],landing,[ 0.5677905  -0.59831228 -0.99408226]
405.7920594215393,1003,False,0,6,[2.88879288 8.56368474 2.46670647],entering,[ 0.63925976  0.24903542 -0.34837281]
405.7920594215393,1004,False,4,5,[-8.4704524   7.67909298  3.22166808],landing,[-0.62185191  0.08809385  0.93462812]
405.7920594215393,1005,False,1,2,[-3.70930337  0.22713769  3.99999993],exiting,[ 0.50568378 -0.03156594 -0.11489306]
405.8916082382202,1000,False,2,4,[8.49342589 0.47966028 4.        ],cruising,[-0.82138112 -0.19970136 -0.21083176]
405.8916082382202,1001,False,6,1,[8.34468026 3.24225908 3.86846757],exiting,[-0.48080528  0.59740651 -0.20557775]
405.8916082382202,1002,False,5,3,[-0.40771876 -8.08400529  3.23130377],landing,[ 0.5677905  -0.59831228 -0.99408226]
405.8916082382202,1003,False,0,6,[2.88159727 8.52433728 2.54170647],entering,[ 0.63925976  0.24903542 -0.34837281]
405.8916082382202,1004,False,4,5,[-8.45190455  7.69174492  3.12422114],landing,[-0.62185191  0.08809385  0.93462812]
405.8916082382202,1005,False,1,2,[-3.7962688   0.36745387  3.99999994],exiting,[ 0.50568378 -0.03156594 -0.11489306]
405.9915974140167,1000,False,2,4,[8.49275688 0.2796614  4.        ],cruising,[-0.82138112 -0.19970136 -0.21083176]
405.9915974140167,1001,False,6,1,[8.33120165 3.07650646 3.89640057],exiting,[-0.48080528  0.59740651 -0.20557775]
405.9915974140167,1002,False,5,3,[-0.43092367 -8.08071406  3.13408906],landing,[ 0.5677905  -0.59831228 -0.99408226]
405.9915974140167,1003,False,0,6,[2.8710624  8.46527056 2.61670647],entering,[ 0.63925976  0.24903542 -0.34837281]
405.9915974140167,1004,False,4,5,[-8.43335669  7.70439686  3.02677421],landing,[-0.62185191  0.08809385  0.93462812]
405.9915974140167,1005,False,1,2,[-3.88318994  0.4877701   3.99999996],exiting,[ 0.50568378 -0.03156594 -0.11489306]
406.09175086021423,1000,False,2,4,[8.49051438 0.07967397 4.        ],cruising,[-0.82138112 -0.19970136 -0.21083176]
406.09175086021423,1001,False,6,1,[8.3074267  2.92787843 3.92347685],exiting,[-0.48080528  0.59740651 -0.20557775]
406.09175086021423,1002,False,5,3,[-0.45412859 -8.07742283  3.03687435],landing,[ 0.5677905  -0.59831228 -0.99408226]
406.09175086021423,1003,False,0,6,[2.85736461 8.38645552 2.69170647],entering,[ 0.63925976  0.24903542 -0.34837281]
406.09175086021423,1004,False,4,5,[-8.41480883  7.71704881  2.92932727],landing,[-0.62185191  0.08809385  0.93462812]
406.09175086021423,1005,False,1,2,[-3.96986174  0.58808789  3.99999997],exiting,[ 0.50568378 -0.03156594 -0.11489306]
406.19178009033203,1000,False,2,4,[ 8.48652941 -0.12028632  4.        ],cruising,[-0.82138112 -0.19970136 -0.21083176]
406.19178009033203,1001,False,6,1,[8.27350312 2.79642381 3.94911107],exiting,[-0.48080528  0.59740651 -0.20557775]
406.19178009033203,1002,False,5,3,[-0.47733351 -8.07413159  2.93965964],landing,[ 0.5677905  -0.59831228 -0.99408226]
406.19178009033203,1003,False,0,6,[2.84074227 8.28785547 2.76670647],entering,[ 0.63925976  0.24903542 -0.34837281]
406.19178009033203,1004,False,4,5,[-8.39626098  7.72970075  2.83188034],landing,[-0.62185191  0.08809385  0.93462812]
406.19178009033203,1005,False,1,2,[-4.056046    0.66841161  3.99999999],exiting,[ 0.50568378 -0.03156594 -0.11489306]
406.29189443588257,1000,False,2,4,[ 8.48066582 -0.32020035  4.        ],cruising,[-0.82138112 -0.19970136 -0.21083176]
406.29189443588257,1001,False,6,1,[8.22963797 2.68218892 3.97258993],exiting,[-0.48080528  0.59740651 -0.20557775]
406.29189443588257,1002,False,5,3,[-0.50053843 -8.07084036  2.84244493],landing,[ 0.5677905  -0.59831228 -0.99408226]
406.29189443588257,1003,False,0,6,[2.82212262 8.16935539 2.84170647],entering,[ 0.63925976  0.24903542 -0.34837281]
406.29189443588257,1004,False,4,5,[-8.37771312  7.7423527   2.7344334 ],landing,[-0.62185191  0.08809385  0.93462812]
406.29189443588257,1005,False,1,2,[-4.14144909  0.7287506   4.        ],exiting,[ 0.50568378 -0.03156594 -0.11489306]
406.3920431137085,1000,False,2,4,[ 8.47077547 -0.51995565  4.        ],cruising,[-0.82138112 -0.19970136 -0.21083176]
406.3920431137085,1001,False,6,1,[8.1761535  2.58520909 3.99294918],exiting,[-0.48080528  0.59740651 -0.20557775]
406.3920431137085,1002,False,5,3,[-0.52374334 -8.06754913  2.74523022],landing,[ 0.5677905  -0.59831228 -0.99408226]
406.3920431137085,1003,False,0,6,[2.80268471 8.03087206 2.91670647],entering,[ 0.63925976  0.24903542 -0.34837281]
406.3920431137085,1004,False,4,5,[-8.35916526  7.75500464  2.63698646],landing,[-0.62185191  0.08809385  0.93462812]
406.3920431137085,1005,False,1,2,[-4.22566101  0.76912509  4.00000001],exiting,[ 0.50568378 -0.03156594 -0.11489306]
406.49215030670166,1000,False,2,4,[ 8.45912239 -0.71961588  4.        ],cruising,[-0.82138112 -0.19970136 -0.21083176]
406.49215030670166,1001,False,6,1,[8.11334719 2.50549335 4.00942842],exiting,[-0.48080528  0.59740651 -0.20557775]
406.49215030670166,1002,False,5,3,[-0.54694826 -8.06425789  2.64801551],landing,[ 0.5677905  -0.59831228 -0.99408226]
406.49215030670166,1003,False,0,6,[2.78420856 7.87241187 2.99170647],entering,[ 0.63925976  0.24903542 -0.34837281]
406.49215030670166,1004,False,4,5,[-8.34061741  7.76765658  2.53953953],landing,[-0.62185191  0.08809385  0.93462812]
406.49215030670166,1005,False,1,2,[-4.30842828  0.78955183  4.00000001],exiting,[ 0.50568378 -0.03156594 -0.11489306]
406.5943341255188,1000,False,2,4,[ 8.44554195 -0.91915427  4.        ],cruising,[-0.82138112 -0.19970136 -0.21083176]
406.5943341255188,1001,False,6,1,[8.04149628 2.4430409  4.0214161 ],exiting,[-0.48080528  0.59740651 -0.20557775]
406.5943341255188,1002,False,5,3,[-0.57015318 -8.06096666  2.5508008 ],landing,[ 0.5677905  -0.59831228 -0.99408226]
406.5943341255188,1003,False,0,6,[2.76829112 7.69411602 3.06670647],entering,[ 0.63925976  0.24903542 -0.34837281]
406.5943341255188,1004,False,4,5,[-8.32206955  7.78030853  2.44209259],landing,[-0.62185191  0.08809385  0.93462812]
406.5943341255188,1005,False,1,2,[-4.38949323  0.79005114  4.00000002],exiting,[ 0.50568378 -0.03156594 -0.11489306]
406.6970682144165,1000,False,2,4,[ 8.42988934 -1.11854082  4.        ],cruising,[-0.82138112 -0.19970136 -0.21083176]
406.6970682144165,1001,False,6,1,[7.9608888  2.39785119 4.0283719 ],exiting,[-0.48080528  0.59740651 -0.20557775]
406.6970682144165,1002,False,5,3,[-0.59335809 -8.05767543  2.4535861 ],landing,[ 0.5677905  -0.59831228 -0.99408226]
406.6970682144165,1003,False,0,6,[2.7625156  7.49858239 3.14170647],entering,[ 0.63925976  0.24903542 -0.34837281]
406.6970682144165,1004,False,4,5,[-8.30352169  7.79296047  2.34464566],landing,[-0.62185191  0.08809385  0.93462812]
406.6970682144165,1005,False,1,2,[-4.46859391  0.77064715  4.00000002],exiting,[ 0.50568378 -0.03156594 -0.11489306]
406.7999777793884,1000,False,2,4,[ 8.40982721 -1.31753206  4.        ],cruising,[-0.82138112 -0.19970136 -0.21083176]
406.7999777793884,1001,False,6,1,[7.8718104  2.36994483 4.02989359],exiting,[-0.48080528  0.59740651 -0.20557775]
406.7999777793884,1002,False,5,3,[-0.61656301 -8.05438419  2.35637139],landing,[ 0.5677905  -0.59831228 -0.99408226]
406.7999777793884,1003,False,0,6,[2.76754618 7.29864567 3.21670647],entering,[ 0.63925976  0.24903542 -0.34837281]
406.7999777793884,1004,False,4,5,[-8.28497384  7.80561242  2.24719872],landing,[-0.62185191  0.08809385  0.93462812]
406.7999777793884,1005,False,1,2,[-4.54546392  0.73136794  4.00000002],exiting,[ 0.50568378 -0.03156594 -0.11489306]
406.89300322532654,1000,False,2,4,[ 8.387743   -1.51630904  4.        ],cruising,[-0.82138112 -0.19970136 -0.21083176]
406.89300322532654,1001,False,6,1,[7.77451401 2.35942293 4.0259157 ],exiting,[-0.48080528  0.59740651 -0.20557775]
406.89300322532654,1002,False,5,3,[-0.63976793 -8.05109296  2.25915668],landing,[ 0.5677905  -0.59831228 -0.99408226]
406.89300322532654,1003,False,0,6,[2.78617026 7.0995147  3.29170647],entering,[ 0.63925976  0.24903542 -0.34837281]
406.89300322532654,1004,False,4,5,[-8.26642598  7.81826436  2.14975178],landing,[-0.62185191  0.08809385  0.93462812]
406.89300322532654,1005,False,1,2,[-4.6198322   0.67224582  4.00000002],exiting,[ 0.50568378 -0.03156594 -0.11489306]
406.9925277233124,1000,False,2,4,[ 8.36343078 -1.71482583  4.        ],cruising,[-0.82138112 -0.19970136 -0.21083176]
406.9925277233124,1001,False,6,1,[7.6746381  2.3545642  4.02093484],exiting,[-0.48080528  0.59740651 -0.20557775]
406.9925277233124,1002,False,5,3,[-0.66297285 -8.04780172  2.16194197],landing,[ 0.5677905  -0.59831228 -0.99408226]
406.9925277233124,1003,False,0,6,[2.82166203 6.90268906 3.36670647],entering,[ 0.63925976  0.24903542 -0.34837281]
406.9925277233124,1004,False,4,5,[-8.24787812  7.8309163   2.05230485],landing,[-0.62185191  0.08809385  0.93462812]
406.9925277233124,1005,False,1,2,[-4.69292028  0.6039953   4.00000002],exiting,[ 0.50568378 -0.03156594 -0.11489306]
407.09251737594604,1000,False,2,4,[ 8.33425995 -1.91268705  4.        ],cruising,[-0.82138112 -0.19970136 -0.21083176]
407.09251737594604,1001,False,6,1,[7.57476047 2.34970539 4.01687234],exiting,[-0.48080528  0.59740651 -0.20557775]
407.09251737594604,1002,False,5,3,[-0.68617776 -8.04451049  2.06472726],landing,[ 0.5677905  -0.59831228 -0.99408226]
407.09251737594604,1003,False,0,6,[2.8690944  6.70839502 3.44170647],entering,[ 0.63925976  0.24903542 -0.34837281]
407.09251737594604,1004,False,4,5,[-8.22933027  7.84356825  1.95485791],landing,[-0.62185191  0.08809385  0.93462812]
407.09251737594604,1005,False,1,2,[-4.76600836  0.53574479  4.00000001],exiting,[ 0.50568378 -0.03156594 -0.11489306]
407.19125294685364,1000,False,2,4,[ 8.30276723 -2.11019201  4.        ],cruising,[-0.82138112 -0.19970136 -0.21083176]
407.19125294685364,1001,False,6,1,[7.47488161 2.34484652 4.01356393],exiting,[-0.48080528  0.59740651 -0.20557775]
407.19125294685364,1002,False,5,3,[-0.70938268 -8.04121926  1.96751255],landing,[ 0.5677905  -0.59831228 -0.99408226]
407.19125294685364,1003,False,0,6,[2.93270606 6.51878079 3.51670647],entering,[ 0.63925976  0.24903542 -0.34837281]
407.19125294685364,1004,False,4,5,[-8.21078241  7.85622019  1.85741098],landing,[-0.62185191  0.08809385  0.93462812]
407.19125294685364,1005,False,1,2,[-4.83909644  0.46749428  4.00000001],exiting,[ 0.50568378 -0.03156594 -0.11489306]
407.3018727302551,1000,False,2,4,[ 8.26867285 -2.30726451  4.        ],cruising,[-0.82138112 -0.19970136 -0.21083176]
407.3018727302551,1001,False,6,1,[7.37500187 2.3399876  4.01087404],exiting,[-0.48080528  0.59740651 -0.20557775]
407.3018727302551,1002,False,5,3,[-0.7325876  -8.03792802  1.87029784],landing,[ 0.5677905  -0.59831228 -0.99408226]
407.3018727302551,1003,False,0,6,[3.0090266 6.3339155 3.5892005],entering,[ 0.63925976  0.24903542 -0.34837281]
407.3018727302551,1004,False,4,5,[-8.19223455  7.86887214  1.75996404],landing,[-0.62185191  0.08809385  0.93462812]
407.3018727302551,1005,False,1,2,[-4.91218452  0.39924377  4.00000001],exiting,[ 0.50568378 -0.03156594 -0.11489306]
407.403249502182,1000,False,2,4,[ 8.2287888  -2.50324732  4.        ],cruising,[-0.82138112 -0.19970136 -0.21083176]
407.403249502182,1001,False,6,1,[7.27512152 2.33512866 4.00869091],exiting,[-0.48080528  0.59740651 -0.20557775]
407.403249502182,1002,False,5,3,[-0.75579252 -8.03463679  1.77308313],landing,[ 0.5677905  -0.59831228 -0.99408226]
407.403249502182,1003,False,0,6,[3.1007859  6.1562373  3.65120689],entering,[ 0.63925976  0.24903542 -0.34837281]
407.403249502182,1004,False,4,5,[-8.1736867   7.88152408  1.6625171 ],landing,[-0.62185191  0.08809385  0.93462812]
407.403249502182,1005,False,1,2,[-4.9852726   0.33099326  4.00000001],exiting,[ 0.50568378 -0.03156594 -0.11489306]
407.4943289756775,1000,False,2,4,[ 8.18603707 -2.69862463  4.        ],cruising,[-0.82138112 -0.19970136 -0.21083176]
407.4943289756775,1001,False,6,1,[7.17524071 2.33026969 4.00692249],exiting,[-0.48080528  0.59740651 -0.20557775]
407.4943289756775,1002,False,5,3,[-0.77899743 -8.03134556  1.67586843],landing,[ 0.5677905  -0.59831228 -0.99408226]
407.4943289756775,1003,False,0,6,[3.20673682 5.98660711 3.70352586],entering,[ 0.63925976  0.24903542 -0.34837281]
407.4943289756775,1004,False,4,5,[-8.15513884  7.89417602  1.56507017],landing,[-0.62185191  0.08809385  0.93462812]
407.4943289756775,1005,False,1,2,[-5.05836068  0.26274274  4.00000001],exiting,[ 0.50568378 -0.03156594 -0.11489306]
407.6026647090912,1000,False,2,4,[ 8.18603707 -2.69862463  4.        ],cruising,[-0.82138112 -0.19970136 -0.21083176]
407.6026647090912,1001,False,6,1,[7.17524071 2.33026969 4.00692249],exiting,[-0.48080528  0.59740651 -0.20557775]
407.6026647090912,1002,False,5,3,[-0.77899743 -8.03134556  1.67586843],landing,[ 0.5677905  -0.59831228 -0.99408226]
407.6026647090912,1003,False,0,6,[3.20673682 5.98660711 3.70352586],entering,[ 0.63925976  0.24903542 -0.34837281]
407.6026647090912,1004,False,4,5,[-8.15513884  7.89417602  1.56507017],fake_landed,[-0.62185191  0.08809385  0.93462812]
407.6026647090912,1005,False,1,2,[-5.05836068  0.26274274  4.00000001],exiting,[ 0.50568378 -0.03156594 -0.11489306]
407.7071838378906,1000,False,2,4,[ 8.08729597 -3.08624583  4.        ],cruising,[-0.82138112 -0.19970136 -0.21083176]
407.7071838378906,1001,False,6,1,[6.97547848 2.32055172 4.00406348],exiting,[-0.48080528  0.59740651 -0.20557775]
407.7071838378906,1002,False,5,3,[-0.82540727 -8.02476309  1.48143901],fake_landed,[ 0.5677905  -0.59831228 -0.99408226]
407.7071838378906,1003,False,0,6,[3.44956648 5.66878606 3.79272471],entering,[ 0.63925976  0.24903542 -0.34837281]
407.7071838378906,1004,False,4,5,[-8.1217527   7.91694952  1.38966568],fake_landed,[-0.62185191  0.08809385  0.93462812]
407.7071838378906,1005,False,1,2,[-5.20453685  0.12624172  4.        ],exiting,[ 0.50568378 -0.03156594 -0.11489306]
407.8057267665863,1000,False,2,4,[ 8.02581141 -3.27656043  4.        ],cruising,[-0.82138112 -0.19970136 -0.21083176]
407.8057267665863,1001,False,6,1,[6.87559694 2.31569272 4.00319511],exiting,[-0.48080528  0.59740651 -0.20557775]
407.8057267665863,1002,False,5,3,[-0.8439712  -8.0221301   1.40366724],fake_landed,[ 0.5677905  -0.59831228 -0.99408226]
407.8057267665863,1003,False,0,6,[3.58505404 5.52291449 3.83058323],entering,[ 0.63925976  0.24903542 -0.34837281]
407.8057267665863,1004,False,4,5,[-8.11062398  7.92454069  1.33119752],fake_landed,[-0.62185191  0.08809385  0.93462812]
407.8057267665863,1005,False,1,2,[-5.27762493  0.05799121  4.        ],exiting,[ 0.50568378 -0.03156594 -0.11489306]
407.9097650051117,1000,False,2,4,[ 7.96024095 -3.46550623  4.        ],exiting,[-0.82138112 -0.19970136 -0.21083176]
407.9097650051117,1001,False,6,1,[6.77571529 2.31083371 4.00249847],exiting,[-0.48080528  0.59740651 -0.20557775]
407.9097650051117,1002,False,5,3,[-0.85789415 -8.02015536  1.34533842],fake_landed,[ 0.5677905  -0.59831228 -0.99408226]
407.9097650051117,1003,False,0,6,[3.73345841 5.39119332 3.86270396],cruising,[ 0.63925976  0.24903542 -0.34837281]
407.9097650051117,1004,False,4,5,[-8.10320484  7.92960147  1.29221875],fake_landed,[-0.62185191  0.08809385  0.93462812]
407.9097650051117,1005,False,1,2,[-5.35071301 -0.0102593   4.        ],exiting,[ 0.50568378 -0.03156594 -0.11489306]
408.00495743751526,1000,False,2,4,[ 7.90832822 -3.63984153  4.        ],exiting,[-0.82138112 -0.19970136 -0.21083176]
408.00495743751526,1001,False,6,1,[6.67583358 2.3059747  4.00194131],exiting,[-0.48080528  0.59740651 -0.20557775]
408.00495743751526,1002,False,5,3,[-0.86717612 -8.01883887  1.30645253],fake_landed,[ 0.5677905  -0.59831228 -0.99408226]
408.00495743751526,1003,False,0,6,[3.89361881 5.2748     3.88964275],cruising,[ 0.63925976  0.24903542 -0.34837281]
408.00495743751526,1004,False,4,5,[-8.09949527  7.93213186  1.27272936],fake_landed,[-0.62185191  0.08809385  0.93462812]
408.00495743751526,1005,False,1,2,[-5.42380109 -0.07850981  4.        ],exiting,[ 0.50568378 -0.03156594 -0.11489306]
408.11700773239136,1000,False,2,4,[ 7.87022041 -3.79970535  4.        ],exiting,[-0.82138112 -0.19970136 -0.21083176]
408.11700773239136,1001,False,6,1,[6.57595182 2.30111569 4.00149723],exiting,[-0.48080528  0.59740651 -0.20557775]
408.11700773239136,1002,False,5,3,[-0.8718171  -8.01818062  1.28700959],fake_landed,[ 0.5677905  -0.59831228 -0.99408226]
408.11700773239136,1003,False,0,6,[4.06418031 5.17485533 3.91197077],cruising,[ 0.63925976  0.24903542 -0.34837281]
408.11700773239136,1004,False,5,0,[-8.09949527  7.93213186  1.27272936],waiting,[-0.62185191  0.08809385  0.93462812]
408.11700773239136,1005,False,1,2,[-5.49688917 -0.14676033  4.        ],exiting,[ 0.50568378 -0.03156594 -0.11489306]
408.21078300476074,1000,False,2,4,[ 7.84609871 -3.94527269  4.        ],exiting,[-0.82138112 -0.19970136 -0.21083176]
408.21078300476074,1001,False,6,1,[6.47607002 2.29625667 4.00114466],exiting,[-0.48080528  0.59740651 -0.20557775]
408.21078300476074,1002,False,3,5,[-0.8718171  -8.01818062  1.28700959],waiting,[ 0.5677905  -0.59831228 -0.99408226]
408.21078300476074,1003,False,0,6,[4.24375665 5.09224998 3.93004665],cruising,[ 0.63925976  0.24903542 -0.34837281]
408.21078300476074,1004,False,5,0,[-8.09949527  7.93213186  1.27272936],waiting,[-0.62185191  0.08809385  0.93462812]
408.21078300476074,1005,False,1,2,[-5.56997725 -0.21501084  4.        ],exiting,[ 0.50568378 -0.03156594 -0.11489306]
408.30701303482056,1000,False,2,4,[ 7.83619467 -4.07677384  4.        ],exiting,[-0.82138112 -0.19970136 -0.21083176]
408.30701303482056,1001,False,6,1,[6.3761882  2.29139765 4.00086597],exiting,[-0.48080528  0.59740651 -0.20557775]
408.30701303482056,1002,False,3,5,[-0.8718171  -8.01818062  1.28700959],waiting,[ 0.5677905  -0.59831228 -0.99408226]
408.30701303482056,1003,False,0,6,[4.43101784 5.02765478 3.944051  ],cruising,[ 0.63925976  0.24903542 -0.34837281]
408.30701303482056,1004,False,5,0,[-8.09949527  7.93213186  1.27272936],queued,[-0.62185191  0.08809385  0.93462812]
408.30701303482056,1005,False,1,2,[-5.64306534 -0.28326135  4.        ],exiting,[ 0.50568378 -0.03156594 -0.11489306]
408.40380930900574,1000,False,2,4,[ 7.84068673 -4.19439147  4.        ],exiting,[-0.82138112 -0.19970136 -0.21083176]
408.40380930900574,1001,False,6,1,[6.27630636 2.28653863 4.00064678],exiting,[-0.48080528  0.59740651 -0.20557775]
408.40380930900574,1002,False,3,5,[-0.8718171  -8.01818062  1.28700959],waiting,[ 0.5677905  -0.59831228 -0.99408226]
408.40380930900574,1003,False,0,6,[4.62469054 4.98157219 3.95403343],cruising,[ 0.63925976  0.24903542 -0.34837281]
408.40380930900574,1004,False,5,0,[-8.09949527  7.93213186  1.29272936],queued,[-0.62185191  0.08809385  0.93462812]
408.40380930900574,1005,False,1,2,[-5.71615342 -0.35151186  4.        ],exiting,[ 0.50568378 -0.03156594 -0.11489306]
408.5082674026489,1000,False,2,4,[ 7.85975205 -4.29831164  4.        ],exiting,[-0.82138112 -0.19970136 -0.21083176]
408.5082674026489,1001,False,6,1,[6.1764245  2.28167962 4.00047541],exiting,[-0.48080528  0.59740651 -0.20557775]
408.5082674026489,1002,False,3,5,[-0.8718171  -8.01818062  1.28700959],waiting,[ 0.5677905  -0.59831228 -0.99408226]
408.5082674026489,1003,False,0,6,[4.82198058 4.94876005 3.96092841],cruising,[ 0.63925976  0.24903542 -0.34837281]
408.5082674026489,1004,False,5,0,[-8.09949527  7.93213186  1.33272936],queued,[-0.62185191  0.08809385  0.93462812]
408.5082674026489,1005,False,1,2,[-5.7892415  -0.41976237  4.        ],exiting,[ 0.50568378 -0.03156594 -0.11489306]
408.61356925964355,1000,False,2,4,[ 7.88733357 -4.39443271  4.        ],exiting,[-0.82138112 -0.19970136 -0.21083176]
408.61356925964355,1001,False,6,1,[6.07654264 2.2768206  4.00034234],exiting,[-0.48080528  0.59740651 -0.20557775]
408.61356925964355,1002,False,3,5,[-0.8718171  -8.01818062  1.28700959],waiting,[ 0.5677905  -0.59831228 -0.99408226]
408.61356925964355,1003,False,0,6,[5.0196583  4.91837055 3.96678915],cruising,[ 0.63925976  0.24903542 -0.34837281]
408.61356925964355,1004,False,5,0,[-8.09949527  7.93213186  1.39272936],queued,[-0.62185191  0.08809385  0.93462812]
408.61356925964355,1005,False,1,2,[-5.86232958 -0.48801288  4.        ],exiting,[ 0.50568378 -0.03156594 -0.11489306]
408.7040512561798,1000,False,2,4,[ 7.91491508 -4.49055378  4.        ],exiting,[-0.82138112 -0.19970136 -0.21083176]
408.7040512561798,1001,False,6,1,[5.97666078 2.27196158 4.00023988],exiting,[-0.48080528  0.59740651 -0.20557775]
408.7040512561798,1002,False,3,5,[-0.8718171  -8.01818062  1.28700959],queued,[ 0.5677905  -0.59831228 -0.99408226]
408.7040512561798,1003,False,0,6,[5.21764013 4.89002986 3.97177078],cruising,[ 0.63925976  0.24903542 -0.34837281]
408.7040512561798,1004,False,5,0,[-8.09949527  7.93213186  1.46772936],queued,[-0.62185191  0.08809385  0.93462812]
408.7040512561798,1005,False,1,2,[-5.93541766 -0.5562634   4.        ],exiting,[ 0.50568378 -0.03156594 -0.11489306]
408.8042583465576,1000,False,2,4,[ 7.94249659 -4.58667485  4.        ],exiting,[-0.82138112 -0.19970136 -0.21083176]
408.8042583465576,1001,False,6,1,[5.87677891 2.26710256 4.00016181],exiting,[-0.48080528  0.59740651 -0.20557775]
408.8042583465576,1002,False,3,5,[-0.8718171  -8.01818062  1.30700959],queued,[ 0.5677905  -0.59831228 -0.99408226]
408.8042583465576,1003,False,0,6,[5.41559538 4.86150413 3.97600516],cruising,[ 0.63925976  0.24903542 -0.34837281]
408.8042583465576,1004,False,5,0,[-8.09949527  7.93213186  1.54272936],queued,[-0.62185191  0.08809385  0.93462812]
408.8042583465576,1005,False,1,2,[-6.00850574 -0.62451391  4.        ],exiting,[ 0.50568378 -0.03156594 -0.11489306]
408.9033670425415,1000,False,2,4,[ 7.9700781  -4.68279592  4.        ],exiting,[-0.82138112 -0.19970136 -0.21083176]
408.9033670425415,1001,False,6,1,[5.77689703 2.26224354 4.0001031 ],exiting,[-0.48080528  0.59740651 -0.20557775]
408.9033670425415,1002,False,3,5,[-0.8718171  -8.01818062  1.34700959],queued,[ 0.5677905  -0.59831228 -0.99408226]
408.9033670425415,1003,False,0,6,[5.6133479  4.83160528 3.97960439],exiting,[ 0.63925976  0.24903542 -0.34837281]
408.9033670425415,1004,False,5,0,[-8.09949527  7.93213186  1.61772936],queued,[-0.62185191  0.08809385  0.93462812]
408.9033670425415,1005,False,1,2,[-6.08159382 -0.69276442  4.        ],exiting,[ 0.50568378 -0.03156594 -0.11489306]
409.0091004371643,1000,False,2,4,[ 7.99765961 -4.77891699  4.        ],exiting,[-0.82138112 -0.19970136 -0.21083176]
409.0091004371643,1001,False,6,1,[5.67701516 2.25738452 4.00005976],exiting,[-0.48080528  0.59740651 -0.20557775]
409.0091004371643,1002,False,3,5,[-0.8718171  -8.01818062  1.40700959],queued,[ 0.5677905  -0.59831228 -0.99408226]
409.0091004371643,1003,False,0,6,[5.79541289 4.81411212 3.9831876 ],exiting,[ 0.63925976  0.24903542 -0.34837281]
409.0091004371643,1004,False,5,0,[-8.09949527  7.93213186  1.69272936],queued,[-0.62185191  0.08809385  0.93462812]
409.0091004371643,1005,False,1,2,[-6.15468191 -0.76101493  4.        ],exiting,[ 0.50568378 -0.03156594 -0.11489306]
409.1157627105713,1000,False,2,4,[ 8.02524113 -4.87503806  4.        ],exiting,[-0.82138112 -0.19970136 -0.21083176]
409.1157627105713,1001,False,6,1,[5.57713328 2.2525255  4.00002865],landing,[-0.48080528  0.59740651 -0.20557775]
409.1157627105713,1002,False,3,5,[-0.8718171  -8.01818062  1.48200959],queued,[ 0.5677905  -0.59831228 -0.99408226]
409.1157627105713,1003,False,0,6,[5.96176502 4.80899236 3.9867005 ],exiting,[ 0.63925976  0.24903542 -0.34837281]
409.1157627105713,1004,False,5,0,[-8.09949527  7.93213186  1.76772936],queued,[-0.62185191  0.08809385  0.93462812]
409.1157627105713,1005,False,1,2,[-6.22776999 -0.82926544  4.        ],exiting,[ 0.50568378 -0.03156594 -0.11489306]
409.20311546325684,1000,False,2,4,[ 8.05282264 -4.97115913  4.        ],exiting,[-0.82138112 -0.19970136 -0.21083176]
409.20311546325684,1001,False,6,1,[5.4912932  2.24512026 3.98598524],landing,[-0.48080528  0.59740651 -0.20557775]
409.20311546325684,1002,False,3,5,[-0.8718171  -8.01818062  1.55700959],queued,[ 0.5677905  -0.59831228 -0.99408226]
409.20311546325684,1003,False,0,6,[6.11237199 4.81620435 3.99007962],exiting,[ 0.63925976  0.24903542 -0.34837281]
409.20311546325684,1004,False,5,0,[-8.09949527  7.93213186  1.84272936],queued,[-0.62185191  0.08809385  0.93462812]
409.20311546325684,1005,False,1,2,[-6.30085807 -0.89751595  4.        ],exiting,[ 0.50568378 -0.03156594 -0.11489306]
409.31362795829773,1000,False,2,4,[ 8.08040415 -5.0672802   4.        ],exiting,[-0.82138112 -0.19970136 -0.21083176]
409.31362795829773,1001,False,6,1,[5.41966445 2.23521473 3.95809312],landing,[-0.48080528  0.59740651 -0.20557775]
409.31362795829773,1002,False,3,5,[-0.8718171  -8.01818062  1.63200959],queued,[ 0.5677905  -0.59831228 -0.99408226]
409.31362795829773,1003,False,0,6,[6.24719222 4.83569373 3.99324793],exiting,[ 0.63925976  0.24903542 -0.34837281]
409.31362795829773,1004,False,5,0,[-8.09949527  7.93213186  1.91772936],queued,[-0.62185191  0.08809385  0.93462812]
409.31362795829773,1005,False,1,2,[-6.37394615 -0.96576647  4.        ],exiting,[ 0.50568378 -0.03156594 -0.11489306]
409.4097411632538,1000,False,2,4,[ 8.10798566 -5.16340127  4.        ],exiting,[-0.82138112 -0.19970136 -0.21083176]
409.4097411632538,1001,False,6,1,[5.36244595 2.22286397 3.91654942],landing,[-0.48080528  0.59740651 -0.20557775]
409.4097411632538,1002,False,3,5,[-0.8718171  -8.01818062  1.70700959],queued,[ 0.5677905  -0.59831228 -0.99408226]
409.4097411632538,1003,False,0,6,[6.36616892 4.86738497 3.99610412],exiting,[ 0.63925976  0.24903542 -0.34837281]
409.4097411632538,1004,False,5,0,[-8.09949527  7.93213186  1.99272936],queued,[-0.62185191  0.08809385  0.93462812]
409.4097411632538,1005,False,1,2,[-6.44703423 -1.03401698  4.        ],exiting,[ 0.50568378 -0.03156594 -0.11489306]
409.50313901901245,1000,False,2,4,[ 8.13556717 -5.25952234  4.        ],exiting,[-0.82138112 -0.19970136 -0.21083176]
409.50313901901245,1001,False,6,1,[5.31990778 2.20814494 3.86163115],landing,[-0.48080528  0.59740651 -0.20557775]
409.50313901901245,1002,False,3,5,[-0.8718171  -8.01818062  1.78200959],queued,[ 0.5677905  -0.59831228 -0.99408226]
409.50313901901245,1003,False,0,6,[6.46922672 4.91117548 3.99851747],exiting,[ 0.63925976  0.24903542 -0.34837281]
409.50313901901245,1004,False,5,0,[-8.09949527  7.93213186  2.06772936],queued,[-0.62185191  0.08809385  0.93462812]
409.50313901901245,1005,False,1,2,[-6.52012231 -1.10226749  4.        ],exiting,[ 0.50568378 -0.03156594 -0.11489306]
409.61035418510437,1000,False,2,4,[ 8.16314869 -5.35564341  4.        ],exiting,[-0.82138112 -0.19970136 -0.21083176]
409.61035418510437,1001,False,6,1,[5.29227774 2.19112458 3.7935808 ],landing,[-0.48080528  0.59740651 -0.20557775]
409.61035418510437,1002,False,3,5,[-0.8718171  -8.01818062  1.85700959],entering,[ 0.5677905  -0.59831228 -0.99408226]
409.61035418510437,1003,False,0,6,[6.55630902 4.96698663 4.00039448],exiting,[ 0.63925976  0.24903542 -0.34837281]
409.61035418510437,1004,False,5,0,[-8.09949527  7.93213186  2.14272936],queued,[-0.62185191  0.08809385  0.93462812]
409.61035418510437,1005,False,1,2,[-6.59321039 -1.170518    4.        ],exiting,[ 0.50568378 -0.03156594 -0.11489306]
409.7055010795593,1000,False,2,4,[ 8.1907302  -5.45176448  4.        ],exiting,[-0.82138112 -0.19970136 -0.21083176]
409.7055010795593,1001,False,6,1,[5.27976425 2.17186583 3.71262776],landing,[-0.48080528  0.59740651 -0.20557775]
409.7055010795593,1002,False,3,5,[-0.87830439 -7.99926198  1.93200959],entering,[ 0.5677905  -0.59831228 -0.99408226]
409.7055010795593,1003,False,0,6,[6.62735685 5.03473509 4.00164181],exiting,[ 0.63925976  0.24903542 -0.34837281]
409.7055010795593,1004,False,5,0,[-8.09949527  7.93213186  2.21772936],queued,[-0.62185191  0.08809385  0.93462812]
409.7055010795593,1005,False,1,2,[-6.66629848 -1.23876851  4.        ],exiting,[ 0.50568378 -0.03156594 -0.11489306]
409.80620670318604,1000,False,2,4,[ 8.21831171 -5.54788556  4.        ],exiting,[-0.82138112 -0.19970136 -0.21083176]
409.80620670318604,1001,False,6,1,[5.28257682 2.15043379 3.61901026],landing,[-0.48080528  0.59740651 -0.20557775]
409.80620670318604,1002,False,3,5,[-0.89127896 -7.96142469  2.00700959],entering,[ 0.5677905  -0.59831228 -0.99408226]
409.80620670318604,1003,False,0,6,[6.68230952 5.11433389 4.00217152],exiting,[ 0.63925976  0.24903542 -0.34837281]
409.80620670318604,1004,False,5,0,[-8.09949527  7.93213186  2.29272936],queued,[-0.62185191  0.08809385  0.93462812]
409.80620670318604,1005,False,1,2,[-6.73938656 -1.30701903  4.        ],exiting,[ 0.50568378 -0.03156594 -0.11489306]
409.9062340259552,1000,False,2,4,[ 8.24589322 -5.64400663  4.        ],exiting,[-0.82138112 -0.19970136 -0.21083176]
409.9062340259552,1001,False,6,1,[5.2899475  2.12838399 3.5217504 ],landing,[-0.48080528  0.59740651 -0.20557775]
409.9062340259552,1002,False,3,5,[-0.91074083 -7.90466876  2.08200959],entering,[ 0.5677905  -0.59831228 -0.99408226]
409.9062340259552,1003,False,0,6,[6.72110477 5.20569388 4.00191865],exiting,[ 0.63925976  0.24903542 -0.34837281]
409.9062340259552,1004,False,5,0,[-8.09949527  7.93213186  2.36772936],queued,[-0.62185191  0.08809385  0.93462812]
409.9062340259552,1005,False,1,2,[-6.81247464 -1.37526954  4.        ],exiting,[ 0.50568378 -0.03156594 -0.11489306]
410.0094699859619,1000,False,2,4,[ 8.27347474 -5.7401277   4.        ],exiting,[-0.82138112 -0.19970136 -0.21083176]
410.0094699859619,1001,False,6,1,[5.29731818 2.10633419 3.42449054],landing,[-0.48080528  0.59740651 -0.20557775]
410.0094699859619,1002,False,3,5,[-0.93668998 -7.82899418  2.15700959],entering,[ 0.5677905  -0.59831228 -0.99408226]
410.0094699859619,1003,False,0,6,[6.7573336  5.29890048 4.00158716],exiting,[ 0.63925976  0.24903542 -0.34837281]
410.0094699859619,1004,False,5,0,[-8.09949527  7.93213186  2.44272936],queued,[-0.62185191  0.08809385  0.93462812]
410.0094699859619,1005,False,1,2,[-6.88556272 -1.44352005  4.        ],exiting,[ 0.50568378 -0.03156594 -0.11489306]
410.11524653434753,1000,False,2,4,[ 8.30105625 -5.83624877  4.        ],exiting,[-0.82138112 -0.19970136 -0.21083176]
410.11524653434753,1001,False,6,1,[5.30468885 2.0842844  3.32723069],landing,[-0.48080528  0.59740651 -0.20557775]
410.11524653434753,1002,False,3,5,[-0.96912642 -7.73440096  2.23200959],entering,[ 0.5677905  -0.59831228 -0.99408226]
410.11524653434753,1003,False,0,6,[6.79356243 5.39210708 4.0013121 ],exiting,[ 0.63925976  0.24903542 -0.34837281]
410.11524653434753,1004,False,5,0,[-8.09949527  7.93213186  2.51772936],entering,[-0.62185191  0.08809385  0.93462812]
410.11524653434753,1005,False,1,2,[-6.9586508  -1.51177056  4.        ],landing,[ 0.50568378 -0.03156594 -0.11489306]
410.2134075164795,1000,False,2,4,[ 8.32863776 -5.93236984  4.        ],exiting,[-0.82138112 -0.19970136 -0.21083176]
410.2134075164795,1001,False,6,1,[5.31205953 2.0622346  3.22997083],landing,[-0.48080528  0.59740651 -0.20557775]
410.2134075164795,1002,False,3,5,[-1.00805014 -7.6208891   2.30700959],entering,[ 0.5677905  -0.59831228 -0.99408226]
410.2134075164795,1003,False,0,6,[6.82979126 5.48531369 4.00108397],exiting,[ 0.63925976  0.24903542 -0.34837281]
410.2134075164795,1004,False,5,0,[-8.08165036  7.92310085  2.59272936],entering,[-0.62185191  0.08809385  0.93462812]
410.2134075164795,1005,False,1,2,[-7.02364226 -1.56811527  3.98611849],landing,[ 0.50568378 -0.03156594 -0.11489306]
410.3055052757263,1000,False,2,4,[ 8.35621927 -6.02849091  4.        ],exiting,[-0.82138112 -0.19970136 -0.21083176]
410.3055052757263,1001,False,6,1,[5.31943021 2.0401848  3.13271098],landing,[-0.48080528  0.59740651 -0.20557775]
410.3055052757263,1002,False,3,5,[-1.05346116 -7.48845859  2.38200959],entering,[ 0.5677905  -0.59831228 -0.99408226]
410.3055052757263,1003,False,0,6,[6.86602009 5.57852029 4.00089488],exiting,[ 0.63925976  0.24903542 -0.34837281]
410.3055052757263,1004,False,5,0,[-8.0459469   7.90506583  2.66772936],entering,[-0.62185191  0.08809385  0.93462812]
410.3055052757263,1005,False,1,2,[-7.08038724 -1.61246593  3.9585206 ],landing,[ 0.50568378 -0.03156594 -0.11489306]
410.40767312049866,1000,False,2,4,[ 8.38380078 -6.12461198  4.        ],exiting,[-0.82138112 -0.19970136 -0.21083176]
410.40767312049866,1001,False,6,1,[5.32680088 2.018135   3.03545112],landing,[-0.48080528  0.59740651 -0.20557775]
410.40767312049866,1002,False,3,5,[-1.10535946 -7.33710943  2.45700959],entering,[ 0.5677905  -0.59831228 -0.99408226]
410.40767312049866,1003,False,0,6,[6.90224892 5.6717269  4.00073823],exiting,[ 0.63925976  0.24903542 -0.34837281]
410.40767312049866,1004,False,5,0,[-7.99235478  7.87808676  2.74272936],entering,[-0.62185191  0.08809385  0.93462812]
410.40767312049866,1005,False,1,2,[-7.12870982 -1.6447203   3.91740449],landing,[ 0.50568378 -0.03156594 -0.11489306]
410.50322437286377,1000,False,2,4,[ 8.4113823  -6.22073305  4.        ],exiting,[-0.82138112 -0.19970136 -0.21083176]
410.50322437286377,1001,False,6,1,[5.33417156 1.9960852  2.93819127],landing,[-0.48080528  0.59740651 -0.20557775]
410.50322437286377,1002,False,3,5,[-1.16374505 -7.16684164  2.53200959],entering,[ 0.5677905  -0.59831228 -0.99408226]
410.50322437286377,1003,False,0,6,[6.93847775 5.7649335  4.00060852],exiting,[ 0.63925976  0.24903542 -0.34837281]
410.50322437286377,1004,False,5,0,[-7.92081703  7.84227853  2.81772936],entering,[-0.62185191  0.08809385  0.93462812]
410.50322437286377,1005,False,1,2,[-7.16837224 -1.66474249  3.86304543],landing,[ 0.50568378 -0.03156594 -0.11489306]
410.60304403305054,1000,False,2,4,[ 8.43896381 -6.31685412  4.        ],exiting,[-0.82138112 -0.19970136 -0.21083176]
410.60304403305054,1001,False,6,1,[5.34154224 1.97403541 2.84093141],landing,[-0.48080528  0.59740651 -0.20557775]
410.60304403305054,1002,False,3,5,[-1.22986974 -6.97813187  2.60700959],entering,[ 0.5677905  -0.59831228 -0.99408226]
410.60304403305054,1003,False,0,6,[6.97470658 5.85814011 4.00050119],exiting,[ 0.63925976  0.24903542 -0.34837281]
410.60304403305054,1004,False,5,0,[-7.83128439  7.79774195  2.89272936],entering,[-0.62185191  0.08809385  0.93462812]
410.60304403305054,1005,False,1,2,[-7.19916364 -1.67241439  3.79569502],landing,[ 0.50568378 -0.03156594 -0.11489306]
410.7052116394043,1000,False,2,4,[ 8.46654532 -6.41297519  4.        ],exiting,[-0.82138112 -0.19970136 -0.21083176]
410.7052116394043,1001,False,6,1,[5.34891291 1.95198561 2.74367155],landing,[-0.48080528  0.59740651 -0.20557775]
410.7052116394043,1002,False,3,5,[-1.29601022 -6.78938485  2.68200959],entering,[ 0.5677905  -0.59831228 -0.99408226]
410.7052116394043,1003,False,0,6,[7.01093541 5.95134672 4.00041243],exiting,[ 0.63925976  0.24903542 -0.34837281]
410.7052116394043,1004,False,5,0,[-7.72373223  7.74452798  2.96772936],entering,[-0.62185191  0.08809385  0.93462812]
410.7052116394043,1005,False,1,2,[-7.22089554 -1.6676323   3.71558437],landing,[ 0.50568378 -0.03156594 -0.11489306]
410.8049817085266,1000,False,2,4,[ 8.49412683 -6.50909626  4.        ],exiting,[-0.82138112 -0.19970136 -0.21083176]
410.8049817085266,1001,False,6,1,[5.35628359 1.92993581 2.6464117 ],landing,[-0.48080528  0.59740651 -0.20557775]
410.8049817085266,1002,False,3,5,[-1.3621507  -6.60063783  2.75700959],entering,[ 0.5677905  -0.59831228 -0.99408226]
410.8049817085266,1003,False,0,6,[7.04716425 6.04455332 4.00033908],exiting,[ 0.63925976  0.24903542 -0.34837281]
410.8049817085266,1004,False,5,0,[-7.59814321  7.68267275  3.04272936],entering,[-0.62185191  0.08809385  0.93462812]
410.8049817085266,1005,False,1,2,[-7.23337726 -1.65029328  3.62295343],landing,[ 0.50568378 -0.03156594 -0.11489306]
410.90771198272705,1000,False,2,4,[ 8.52170834 -6.60521733  4.        ],exiting,[-0.82138112 -0.19970136 -0.21083176]
410.90771198272705,1001,False,6,1,[5.36365427 1.90788601 2.54915184],landing,[-0.48080528  0.59740651 -0.20557775]
410.90771198272705,1002,False,3,5,[-1.42898221 -6.41213438  2.83200959],entering,[ 0.5677905  -0.59831228 -0.99408226]
410.90771198272705,1003,False,0,6,[7.08339308 6.13775993 4.00027851],exiting,[ 0.63925976  0.24903542 -0.34837281]
410.90771198272705,1004,False,5,0,[-7.45407065  7.61317823  3.11772936],entering,[-0.62185191  0.08809385  0.93462812]
410.90771198272705,1005,False,1,2,[-7.24239187 -1.62830663  3.52581784],landing,[ 0.50568378 -0.03156594 -0.11489306]
411.0149841308594,1000,False,2,4,[ 8.54928986 -6.7013384   4.        ],exiting,[-0.82138112 -0.19970136 -0.21083176]
411.0149841308594,1001,False,6,1,[5.37102494 1.88583621 2.45189199],landing,[-0.48080528  0.59740651 -0.20557775]
411.0149841308594,1002,False,3,5,[-1.49644138 -6.22385464  2.90700959],entering,[ 0.5677905  -0.59831228 -0.99408226]
411.0149841308594,1003,False,0,6,[7.11962191 6.23096654 4.00022852],exiting,[ 0.63925976  0.24903542 -0.34837281]
411.0149841308594,1004,False,5,0,[-7.29128153  7.53663456  3.19272936],entering,[-0.62185191  0.08809385  0.93462812]
411.0149841308594,1005,False,1,2,[-7.25140648 -1.60631998  3.42868224],landing,[ 0.50568378 -0.03156594 -0.11489306]
411.11219787597656,1000,False,2,4,[ 8.57687137 -6.79745947  4.        ],exiting,[-0.82138112 -0.19970136 -0.21083176]
411.11219787597656,1001,False,6,1,[5.37839562 1.86378642 2.35463213],landing,[-0.48080528  0.59740651 -0.20557775]
411.11219787597656,1002,False,3,5,[-1.56390056 -6.03557491  2.98200959],entering,[ 0.5677905  -0.59831228 -0.99408226]
411.11219787597656,1003,False,0,6,[7.15585074 6.32417315 4.0001873 ],exiting,[ 0.63925976  0.24903542 -0.34837281]
411.11219787597656,1004,False,5,0,[-7.10900871  7.45557585  3.26772936],entering,[-0.62185191  0.08809385  0.93462812]
411.11219787597656,1005,False,1,2,[-7.26042109 -1.58433333  3.33154665],landing,[ 0.50568378 -0.03156594 -0.11489306]
411.2032907009125,1000,False,2,4,[ 8.60445288 -6.89358054  4.        ],exiting,[-0.82138112 -0.19970136 -0.21083176]
411.2032907009125,1001,False,6,1,[5.3857663  1.84173662 2.25737228],landing,[-0.48080528  0.59740651 -0.20557775]
411.2032907009125,1002,False,3,5,[-1.6326333  -5.84775635  3.05700959],entering,[ 0.5677905  -0.59831228 -0.99408226]
411.2032907009125,1003,False,0,6,[7.19207957 6.41737976 4.00015333],exiting,[ 0.63925976  0.24903542 -0.34837281]
411.2032907009125,1004,False,5,0,[-6.92521784  7.37670307  3.34272936],entering,[-0.62185191  0.08809385  0.93462812]
411.2032907009125,1005,False,1,2,[-7.2694357  -1.56234668  3.23441105],landing,[ 0.50568378 -0.03156594 -0.11489306]
411.31708788871765,1000,False,2,4,[ 8.63203439 -6.98970161  4.        ],exiting,[-0.82138112 -0.19970136 -0.21083176]
411.31708788871765,1001,False,6,1,[5.39313697 1.81968682 2.16011242],landing,[-0.48080528  0.59740651 -0.20557775]
411.31708788871765,1002,False,3,5,[-1.70136604 -5.65993779  3.13200959],entering,[ 0.5677905  -0.59831228 -0.99408226]
411.31708788871765,1003,False,0,6,[7.2283084  6.51058636 4.00012537],exiting,[ 0.63925976  0.24903542 -0.34837281]
411.31708788871765,1004,False,5,0,[-6.73929439  7.30299777  3.41772936],entering,[-0.62185191  0.08809385  0.93462812]
411.31708788871765,1005,False,1,2,[-7.27845032 -1.54036003  3.13727546],landing,[ 0.50568378 -0.03156594 -0.11489306]
411.40620946884155,1000,False,2,4,[ 8.65961591 -7.08582268  4.        ],landing,[-0.82138112 -0.19970136 -0.21083176]
411.40620946884155,1001,False,6,1,[5.40050765 1.79763702 2.06285256],landing,[-0.48080528  0.59740651 -0.20557775]
411.40620946884155,1002,False,3,5,[-1.77123757 -5.4725399   3.20700959],entering,[ 0.5677905  -0.59831228 -0.99408226]
411.40620946884155,1003,False,0,6,[7.26453723 6.60379297 4.00010237],exiting,[ 0.63925976  0.24903542 -0.34837281]
411.40620946884155,1004,False,5,0,[-6.55182218  7.2333259   3.49272936],entering,[-0.62185191  0.08809385  0.93462812]
411.40620946884155,1005,False,1,2,[-7.28746493 -1.51837338  3.04013986],landing,[ 0.50568378 -0.03156594 -0.11489306]
411.51722717285156,1000,False,2,4,[ 8.68027804 -7.16970021  3.98577967],landing,[-0.82138112 -0.19970136 -0.21083176]
411.51722717285156,1001,False,6,1,[5.40787833 1.77558722 1.96559271],landing,[-0.48080528  0.59740651 -0.20557775]
411.51722717285156,1002,False,3,5,[-1.84041892 -5.28488612  3.28200959],entering,[ 0.5677905  -0.59831228 -0.99408226]
411.51722717285156,1003,False,0,6,[7.30076607 6.69699958 4.00008348],exiting,[ 0.63925976  0.24903542 -0.34837281]
411.51722717285156,1004,False,5,0,[-6.3626493   7.16841349  3.56772936],entering,[-0.62185191  0.08809385  0.93462812]
411.51722717285156,1005,False,1,2,[-7.29647954 -1.49638673  2.94300426],landing,[ 0.50568378 -0.03156594 -0.11489306]
411.6045649051666,1000,False,2,4,[ 8.69400838 -7.24115652  3.95750005],landing,[-0.82138112 -0.19970136 -0.21083176]
411.6045649051666,1001,False,6,1,[5.415249   1.75353743 1.86833285],landing,[-0.48080528  0.59740651 -0.20557775]
411.6045649051666,1002,False,3,5,[-1.91131605 -5.09787383  3.35700959],entering,[ 0.5677905  -0.59831228 -0.99408226]
411.6045649051666,1003,False,0,6,[7.3369949  6.79020619 4.00006796],exiting,[ 0.63925976  0.24903542 -0.34837281]
411.6045649051666,1004,False,5,0,[-6.17142884  7.10980687  3.63256996],entering,[-0.62185191  0.08809385  0.93462812]
411.6045649051666,1005,False,1,2,[-7.30549415 -1.47440007  2.84586867],landing,[ 0.50568378 -0.03156594 -0.11489306]
411.71655321121216,1000,False,2,4,[ 8.7007934  -7.29998142  3.91535644],landing,[-0.82138112 -0.19970136 -0.21083176]
411.71655321121216,1001,False,6,1,[5.42261968 1.73148763 1.771073  ],landing,[-0.48080528  0.59740651 -0.20557775]
411.71655321121216,1002,False,3,5,[-1.98283085 -4.91109687  3.43200959],entering,[ 0.5677905  -0.59831228 -0.99408226]
411.71655321121216,1003,False,0,6,[7.37322373 6.88341279 4.00005524],exiting,[ 0.63925976  0.24903542 -0.34837281]
411.71655321121216,1004,False,5,0,[-5.97794615  7.0591665   3.68768446],entering,[-0.62185191  0.08809385  0.93462812]
411.71655321121216,1005,False,1,2,[-7.31450876 -1.45241342  2.74873307],landing,[ 0.50568378 -0.03156594 -0.11489306]
411.813494682312,1000,False,2,4,[ 8.70061648 -7.34588357  3.85962852],landing,[-0.82138112 -0.19970136 -0.21083176]
411.813494682312,1001,False,6,1,[5.42999036 1.70943783 1.67381314],landing,[-0.48080528  0.59740651 -0.20557775]
411.813494682312,1002,False,3,5,[-2.05460793 -4.72442054  3.50700959],entering,[ 0.5677905  -0.59831228 -0.99408226]
411.813494682312,1003,False,0,6,[7.40945256 6.9766194  4.00004483],exiting,[ 0.63925976  0.24903542 -0.34837281]
411.813494682312,1004,False,5,0,[-5.78238454  7.01726593  3.73453179],entering,[-0.62185191  0.08809385  0.93462812]
411.813494682312,1005,False,1,2,[-7.32352337 -1.43042677  2.65159748],landing,[ 0.50568378 -0.03156594 -0.11489306]
411.910138130188,1000,False,2,4,[ 8.69346639 -7.37863385  3.79054381],landing,[-0.82138112 -0.19970136 -0.21083176]
411.910138130188,1001,False,6,1,[5.43736103 1.68738803 1.57655329],landing,[-0.48080528  0.59740651 -0.20557775]
411.910138130188,1002,False,3,5,[-2.12627851 -4.5377033   3.58095815],entering,[ 0.5677905  -0.59831228 -0.99408226]
411.910138130188,1003,False,0,6,[7.44568139 7.06982601 4.0000363 ],exiting,[ 0.63925976  0.24903542 -0.34837281]
411.910138130188,1004,False,5,0,[-5.58519588  6.98384986  3.77435202],entering,[-0.62185191  0.08809385  0.93462812]
411.910138130188,1005,False,1,2,[-7.33253798 -1.40844012  2.55446188],landing,[ 0.50568378 -0.03156594 -0.11489306]
412.01207089424133,1000,False,2,4,[ 8.67933387 -7.39801111  3.7083287 ],landing,[-0.82138112 -0.19970136 -0.21083176]
412.01207089424133,1001,False,6,1,[5.44473171 1.66533823 1.47929343],fake_landed,[-0.48080528  0.59740651 -0.20557775]
412.01207089424133,1002,False,3,5,[-2.19584984 -4.35019376  3.64381443],entering,[ 0.5677905  -0.59831228 -0.99408226]
412.01207089424133,1003,False,0,6,[7.48191022 7.16303262 4.00002934],exiting,[ 0.63925976  0.24903542 -0.34837281]
412.01207089424133,1004,False,5,0,[-5.38627907  6.96306284  3.80819922],entering,[-0.62185191  0.08809385  0.93462812]
412.01207089424133,1005,False,1,2,[-7.3415526  -1.38645347  2.45732629],landing,[ 0.50568378 -0.03156594 -0.11489306]
412.11575746536255,1000,False,2,4,[ 8.65821129 -7.40379226  3.61321843],landing,[-0.82138112 -0.19970136 -0.21083176]
412.11575746536255,1001,False,6,1,[5.45062825 1.6476984  1.40148555],fake_landed,[-0.48080528  0.59740651 -0.20557775]
412.11575746536255,1002,False,3,5,[-2.2654302  -4.16268756  3.69724227],entering,[ 0.5677905  -0.59831228 -0.99408226]
412.11575746536255,1003,False,0,6,[7.51813906 7.25623923 4.00002366],exiting,[ 0.63925976  0.24903542 -0.34837281]
412.11575746536255,1004,False,5,0,[-5.18657152  6.95225099  3.83696934],entering,[-0.62185191  0.08809385  0.93462812]
412.11575746536255,1005,False,1,2,[-7.35056721 -1.36446682  2.36019069],landing,[ 0.50568378 -0.03156594 -0.11489306]
412.2073736190796,1000,False,2,4,[ 8.63581916 -7.40706521  3.51581268],landing,[-0.82138112 -0.19970136 -0.21083176]
412.2073736190796,1001,False,6,1,[5.45505066 1.63446852 1.34312963],fake_landed,[-0.48080528  0.59740651 -0.20557775]
412.2073736190796,1002,False,3,5,[-2.32726215 -3.97248554  3.74265593],entering,[ 0.5677905  -0.59831228 -0.99408226]
412.2073736190796,1003,False,0,6,[7.55436789 7.34944583 4.00001903],exiting,[ 0.63925976  0.24903542 -0.34837281]
412.2073736190796,1004,False,5,0,[-4.98657224  6.95171457  3.86142394],cruising,[-0.62185191  0.08809385  0.93462812]
412.2073736190796,1005,False,1,2,[-7.35958182 -1.34248017  2.26305509],landing,[ 0.50568378 -0.03156594 -0.11489306]
412.30665278434753,1000,False,2,4,[ 8.61342702 -7.41033817  3.41840693],landing,[-0.82138112 -0.19970136 -0.21083176]
412.30665278434753,1001,False,6,1,[5.45799893 1.6256486  1.30422569],fake_landed,[-0.48080528  0.59740651 -0.20557775]
412.30665278434753,1002,False,3,5,[-2.38796072 -3.78191879  3.78125754],entering,[ 0.5677905  -0.59831228 -0.99408226]
412.30665278434753,1003,False,0,6,[7.59059672 7.44265244 4.00001526],exiting,[ 0.63925976  0.24903542 -0.34837281]
412.30665278434753,1004,False,5,0,[-4.7867878   6.9609977   3.88221035],cruising,[-0.62185191  0.08809385  0.93462812]
412.30665278434753,1005,False,1,2,[-7.36859643 -1.32049351  2.1659195 ],landing,[ 0.50568378 -0.03156594 -0.11489306]
412.4127824306488,1000,False,2,4,[ 8.59103489 -7.41361112  3.32100118],landing,[-0.82138112 -0.19970136 -0.21083176]
412.4127824306488,1001,False,6,1,[5.45947306 1.62123864 1.28477372],fake_landed,[-0.48080528  0.59740651 -0.20557775]
412.4127824306488,1002,False,3,5,[-2.44865698 -3.59135132  3.81406891],cruising,[ 0.5677905  -0.59831228 -0.99408226]
412.4127824306488,1003,False,0,6,[7.62682555 7.53585905 4.00001221],exiting,[ 0.63925976  0.24903542 -0.34837281]
412.4127824306488,1004,False,5,0,[-4.58759447  6.97894256  3.89987879],cruising,[-0.62185191  0.08809385  0.93462812]
412.4127824306488,1005,False,1,2,[-7.37761104 -1.29850686  2.0687839 ],landing,[ 0.50568378 -0.03156594 -0.11489306]
412.5105767250061,1000,False,2,4,[ 8.56864276 -7.41688408  3.22359543],landing,[-0.82138112 -0.19970136 -0.21083176]
412.5105767250061,1001,False,6,1,[5.45947306 1.62123864 1.28477372],fake_landed,[-0.48080528  0.59740651 -0.20557775]
412.5105767250061,1002,False,3,5,[-2.50330225 -3.39896136  3.84195857],cruising,[ 0.5677905  -0.59831228 -0.99408226]
412.5105767250061,1003,False,0,6,[7.66305438 7.62906566 4.00000973],exiting,[ 0.63925976  0.24903542 -0.34837281]
412.5105767250061,1004,False,5,0,[-4.3891646   7.00395431  3.91489698],cruising,[-0.62185191  0.08809385  0.93462812]
412.5105767250061,1005,False,1,2,[-7.38662565 -1.27652021  1.97164831],landing,[ 0.50568378 -0.03156594 -0.11489306]
412.6107897758484,1000,False,2,4,[ 8.54625063 -7.42015703  3.12618968],landing,[-0.82138112 -0.19970136 -0.21083176]
412.6107897758484,1001,False,1,3,[5.45947306 1.62123864 1.28477372],waiting,[-0.48080528  0.59740651 -0.20557775]
412.6107897758484,1002,False,3,5,[-2.55308035 -3.20525503  3.86566478],cruising,[ 0.5677905  -0.59831228 -0.99408226]
412.6107897758484,1003,False,0,6,[7.69928321 7.72227227 4.00000773],exiting,[ 0.63925976  0.24903542 -0.34837281]
412.6107897758484,1004,False,5,0,[-4.19147629  7.03427478  3.92766243],cruising,[-0.62185191  0.08809385  0.93462812]
412.6107897758484,1005,False,1,2,[-7.39564026 -1.25453356  1.87451271],landing,[ 0.50568378 -0.03156594 -0.11489306]
412.70666766166687,1000,False,2,4,[ 8.5238585  -7.42342999  3.02878393],landing,[-0.82138112 -0.19970136 -0.21083176]
412.70666766166687,1001,False,1,3,[5.45947306 1.62123864 1.28477372],waiting,[-0.48080528  0.59740651 -0.20557775]
412.70666766166687,1002,False,3,5,[-2.5957804  -3.00986643  3.88581507],cruising,[ 0.5677905  -0.59831228 -0.99408226]
412.70666766166687,1003,False,0,6,[7.73551204 7.81547887 4.00000611],exiting,[ 0.63925976  0.24903542 -0.34837281]
412.70666766166687,1004,False,5,0,[-3.9943719   7.06818436  3.93851306],cruising,[-0.62185191  0.08809385  0.93462812]
412.70666766166687,1005,False,1,2,[-7.40465488 -1.23254691  1.77737712],landing,[ 0.50568378 -0.03156594 -0.11489306]
412.80725383758545,1000,False,2,4,[ 8.50146637 -7.42670295  2.93137818],landing,[-0.82138112 -0.19970136 -0.21083176]
412.80725383758545,1001,False,1,3,[5.45947306 1.62123864 1.28477372],waiting,[-0.48080528  0.59740651 -0.20557775]
412.80725383758545,1002,False,3,5,[-2.6379776  -2.81436862  3.90294281],cruising,[ 0.5677905  -0.59831228 -0.99408226]
412.80725383758545,1003,False,0,6,[7.77174088 7.90868548 4.00000481],exiting,[ 0.63925976  0.24903542 -0.34837281]
412.80725383758545,1004,False,5,0,[-3.79762534  7.10411197  3.9477361 ],cruising,[-0.62185191  0.08809385  0.93462812]
412.80725383758545,1005,False,1,2,[-7.41366949 -1.21056026  1.68024152],landing,[ 0.50568378 -0.03156594 -0.11489306]
412.9044761657715,1000,False,2,4,[ 8.47907423 -7.4299759   2.83397243],landing,[-0.82138112 -0.19970136 -0.21083176]
412.9044761657715,1001,False,1,3,[5.45947306 1.62123864 1.28477372],waiting,[-0.48080528  0.59740651 -0.20557775]
412.9044761657715,1002,False,3,5,[-2.67765076 -2.618343    3.91750139],cruising,[ 0.5677905  -0.59831228 -0.99408226]
412.9044761657715,1003,False,0,6,[7.80796971 8.00189209 4.00000377],exiting,[ 0.63925976  0.24903542 -0.34837281]
412.9044761657715,1004,False,5,0,[-3.60055657  7.13822792  3.95557569],cruising,[-0.62185191  0.08809385  0.93462812]
412.9044761657715,1005,False,1,2,[-7.4226841  -1.18857361  1.58310593],landing,[ 0.50568378 -0.03156594 -0.11489306]
413.00440549850464,1000,False,2,4,[ 8.4566821  -7.43324886  2.73656668],landing,[-0.82138112 -0.19970136 -0.21083176]
413.00440549850464,1001,False,1,3,[5.45947306 1.62123864 1.28477372],waiting,[-0.48080528  0.59740651 -0.20557775]
413.00440549850464,1002,False,3,5,[-2.71889442 -2.4226418   3.92987618],cruising,[ 0.5677905  -0.59831228 -0.99408226]
413.00440549850464,1003,False,0,6,[7.84419854 8.0950987  4.00000293],exiting,[ 0.63925976  0.24903542 -0.34837281]
413.00440549850464,1004,False,5,0,[-3.40346029  7.17218461  3.96223934],cruising,[-0.62185191  0.08809385  0.93462812]
413.00440549850464,1005,False,1,2,[-7.43169871 -1.16658695  1.48597033],fake_landed,[ 0.50568378 -0.03156594 -0.11489306]
413.116690158844,1000,False,2,4,[ 8.43428997 -7.43652181  2.63916093],landing,[-0.82138112 -0.19970136 -0.21083176]
413.116690158844,1001,False,1,3,[5.45947306 1.62123864 1.28477372],waiting,[-0.48080528  0.59740651 -0.20557775]
413.116690158844,1002,False,3,5,[-2.76191838 -2.22732427  3.94039475],cruising,[ 0.5677905  -0.59831228 -0.99408226]
413.116690158844,1003,False,0,6,[7.88042737 8.18830531 4.00000226],exiting,[ 0.63925976  0.24903542 -0.34837281]
413.116690158844,1004,False,5,0,[-3.20613727  7.20479789  3.96790344],cruising,[-0.62185191  0.08809385  0.93462812]
413.116690158844,1005,False,1,2,[-7.4389104  -1.14899763  1.40826185],fake_landed,[ 0.50568378 -0.03156594 -0.11489306]
413.2088041305542,1000,False,2,4,[ 8.41189784 -7.43979477  2.54175518],landing,[-0.82138112 -0.19970136 -0.21083176]
413.2088041305542,1001,False,1,3,[5.45947306 1.62123864 1.28477372],waiting,[-0.48080528  0.59740651 -0.20557775]
413.2088041305542,1002,False,3,5,[-2.80619719 -2.03228738  3.94933554],cruising,[ 0.5677905  -0.59831228 -0.99408226]
413.2088041305542,1003,False,0,6,[7.9166562  8.28151191 4.00000173],exiting,[ 0.63925976  0.24903542 -0.34837281]
413.2088041305542,1004,False,5,0,[-3.00804243  7.2323376   3.97271792],cruising,[-0.62185191  0.08809385  0.93462812]
413.2088041305542,1005,False,1,2,[-7.44431917 -1.13580564  1.3499805 ],fake_landed,[ 0.50568378 -0.03156594 -0.11489306]
413.3136873245239,1000,False,2,4,[ 8.38950571 -7.44306773  2.44434943],landing,[-0.82138112 -0.19970136 -0.21083176]
413.3136873245239,1001,False,1,3,[5.45947306 1.62123864 1.28477372],waiting,[-0.48080528  0.59740651 -0.20557775]
413.3136873245239,1002,False,3,5,[-2.85343763 -1.8379466   3.95693521],cruising,[ 0.5677905  -0.59831228 -0.99408226]
413.3136873245239,1003,False,0,6,[7.95288503 8.37471852 4.00000132],exiting,[ 0.63925976  0.24903542 -0.34837281]
413.3136873245239,1004,False,5,0,[-2.80954361  7.25679606  3.97681023],cruising,[-0.62185191  0.08809385  0.93462812]
413.3136873245239,1005,False,1,2,[-7.44792501 -1.12701098  1.31112626],fake_landed,[ 0.50568378 -0.03156594 -0.11489306]
413.4064829349518,1000,False,2,4,[ 8.36711358 -7.44634068  2.34694368],landing,[-0.82138112 -0.19970136 -0.21083176]
413.4064829349518,1001,False,1,3,[5.45947306 1.62123864 1.28477372],waiting,[-0.48080528  0.59740651 -0.20557775]
413.4064829349518,1002,False,3,5,[-2.90388878 -1.64441448  3.96339493],cruising,[ 0.5677905  -0.59831228 -0.99408226]
413.4064829349518,1003,False,0,6,[7.98911387 8.46792513 4.00000099],exiting,[ 0.63925976  0.24903542 -0.34837281]
413.4064829349518,1004,False,5,0,[-2.610283    7.27397775  3.9802887 ],cruising,[-0.62185191  0.08809385  0.93462812]
413.4064829349518,1005,False,1,2,[-7.44972793 -1.12261365  1.29169914],fake_landed,[ 0.50568378 -0.03156594 -0.11489306]
413.5152416229248,1000,False,2,4,[ 8.34472144 -7.44961364  2.24953793],landing,[-0.82138112 -0.19970136 -0.21083176]
413.5152416229248,1001,False,1,3,[5.45947306 1.62123864 1.28477372],queued,[-0.48080528  0.59740651 -0.20557775]
413.5152416229248,1002,False,3,5,[-2.95786638 -1.45183613  3.96888569],cruising,[ 0.5677905  -0.59831228 -0.99408226]
413.5152416229248,1003,False,0,6,[8.0253427  8.56113174 4.00000073],exiting,[ 0.63925976  0.24903542 -0.34837281]
413.5152416229248,1004,False,5,0,[-2.41064997  7.28608781  3.98324539],cruising,[-0.62185191  0.08809385  0.93462812]
413.5152416229248,1005,False,2,1,[-7.44972793 -1.12261365  1.29169914],waiting,[ 0.50568378 -0.03156594 -0.11489306]
413.60614371299744,1000,False,2,4,[ 8.32232931 -7.45288659  2.15213218],landing,[-0.82138112 -0.19970136 -0.21083176]
413.60614371299744,1001,False,1,3,[5.45947306 1.62123864 1.30477372],queued,[-0.48080528  0.59740651 -0.20557775]
413.60614371299744,1002,False,3,5,[-3.01573136 -1.26038994  3.97355283],cruising,[ 0.5677905  -0.59831228 -0.99408226]
413.60614371299744,1003,False,0,6,[8.06157153 8.65433835 4.00000053],exiting,[ 0.63925976  0.24903542 -0.34837281]
413.60614371299744,1004,False,5,0,[-2.21065695  7.28775861  3.98575858],cruising,[-0.62185191  0.08809385  0.93462812]
413.60614371299744,1005,False,2,1,[-7.44972793 -1.12261365  1.29169914],waiting,[ 0.50568378 -0.03156594 -0.11489306]
413.70387291908264,1000,False,2,4,[ 8.29993718 -7.45615955  2.05472643],landing,[-0.82138112 -0.19970136 -0.21083176]
413.70387291908264,1001,False,1,3,[5.45947306 1.62123864 1.34477372],queued,[-0.48080528  0.59740651 -0.20557775]
413.70387291908264,1002,False,3,5,[-3.07701643 -1.070011    3.97751991],cruising,[ 0.5677905  -0.59831228 -0.99408226]
413.70387291908264,1003,False,0,6,[8.09780036 8.74754495 4.00000037],exiting,[ 0.63925976  0.24903542 -0.34837281]
413.70387291908264,1004,False,5,0,[-2.01128171  7.27196264  3.9878948 ],cruising,[-0.62185191  0.08809385  0.93462812]
413.70387291908264,1005,False,2,1,[-7.44972793 -1.12261365  1.29169914],waiting,[ 0.50568378 -0.03156594 -0.11489306]
413.8043487071991,1000,False,2,4,[ 8.27754505 -7.45943251  1.95732068],landing,[-0.82138112 -0.19970136 -0.21083176]
413.8043487071991,1001,False,1,3,[5.45947306 1.62123864 1.40477372],queued,[-0.48080528  0.59740651 -0.20557775]
413.8043487071991,1002,False,3,5,[-3.14290807 -0.88117697  3.98089192],cruising,[ 0.5677905  -0.59831228 -0.99408226]
413.8043487071991,1003,False,0,6,[8.13402919 8.84075156 4.00000025],exiting,[ 0.63925976  0.24903542 -0.34837281]
413.8043487071991,1004,False,5,0,[-1.81431773  7.23724677  3.98971058],cruising,[-0.62185191  0.08809385  0.93462812]
413.8043487071991,1005,False,2,1,[-7.44972793 -1.12261365  1.29169914],queued,[ 0.50568378 -0.03156594 -0.11489306]
413.91714358329773,1000,False,2,4,[ 8.25515292 -7.46270546  1.85991493],landing,[-0.82138112 -0.19970136 -0.21083176]
413.91714358329773,1001,False,1,3,[5.45947306 1.62123864 1.47977372],queued,[-0.48080528  0.59740651 -0.20557775]
413.91714358329773,1002,False,3,5,[-3.2138449  -0.69417974  3.98375813],cruising,[ 0.5677905  -0.59831228 -0.99408226]
413.91714358329773,1003,False,0,6,[8.17025802 8.93395817 4.00000016],exiting,[ 0.63925976  0.24903542 -0.34837281]
413.91714358329773,1004,False,5,0,[-1.6209822   7.18604743  3.99125399],cruising,[-0.62185191  0.08809385  0.93462812]
413.91714358329773,1005,False,2,1,[-7.44972793 -1.12261365  1.31169914],queued,[ 0.50568378 -0.03156594 -0.11489306]
414.0042407512665,1000,False,2,4,[ 8.23276079 -7.46597842  1.76250918],landing,[-0.82138112 -0.19970136 -0.21083176]
414.0042407512665,1001,False,1,3,[5.45947306 1.62123864 1.55477372],queued,[-0.48080528  0.59740651 -0.20557775]
414.0042407512665,1002,False,3,5,[-3.29024451 -0.50934711  3.98619441],cruising,[ 0.5677905  -0.59831228 -0.99408226]
414.0042407512665,1003,False,0,6,[8.20648685 9.02716478 4.0000001 ],exiting,[ 0.63925976  0.24903542 -0.34837281]
414.0042407512665,1004,False,5,0,[-1.43187527  7.12094314  3.99256589],cruising,[-0.62185191  0.08809385  0.93462812]
414.0042407512665,1005,False,2,1,[-7.44972793 -1.12261365  1.35169914],queued,[ 0.50568378 -0.03156594 -0.11489306]
414.10647988319397,1000,False,2,4,[ 8.21036865 -7.46925137  1.66510343],landing,[-0.82138112 -0.19970136 -0.21083176]
414.10647988319397,1001,False,1,3,[5.45947306 1.62123864 1.62977372],queued,[-0.48080528  0.59740651 -0.20557775]
414.10647988319397,1002,False,3,5,[-3.37075889 -0.32626944  3.98826525],cruising,[ 0.5677905  -0.59831228 -0.99408226]
414.10647988319397,1003,False,0,6,[8.24271569 9.12037139 4.00000005],landing,[ 0.63925976  0.24903542 -0.34837281]
414.10647988319397,1004,False,5,0,[-1.24708658  7.04443731  3.99368101],cruising,[-0.62185191  0.08809385  0.93462812]
414.10647988319397,1005,False,2,1,[-7.44972793 -1.12261365  1.41169914],queued,[ 0.50568378 -0.03156594 -0.11489306]
414.20709705352783,1000,False,2,4,[ 8.18797652 -7.47252433  1.56769768],landing,[-0.82138112 -0.19970136 -0.21083176]
414.20709705352783,1001,False,1,3,[5.45947306 1.62123864 1.70477372],queued,[-0.48080528  0.59740651 -0.20557775]
414.20709705352783,1002,False,3,5,[-3.45768302 -0.14614671  3.99002546],cruising,[ 0.5677905  -0.59831228 -0.99408226]
414.20709705352783,1003,False,0,6,[8.2769799  9.19954174 3.98588888],landing,[ 0.63925976  0.24903542 -0.34837281]
414.20709705352783,1004,False,5,0,[-1.0649317   6.96185646  3.99462886],cruising,[-0.62185191  0.08809385  0.93462812]
414.20709705352783,1005,False,2,1,[-7.44972793 -1.12261365  1.48669914],queued,[ 0.50568378 -0.03156594 -0.11489306]
414.3037588596344,1000,False,2,4,[ 8.16558439 -7.47579728  1.47029193],fake_landed,[-0.82138112 -0.19970136 -0.21083176]
414.3037588596344,1001,False,1,3,[5.45947306 1.62123864 1.77977372],queued,[-0.48080528  0.59740651 -0.20557775]
414.3037588596344,1002,False,3,5,[-3.55142842  0.0305219   3.99152164],cruising,[ 0.5677905  -0.59831228 -0.99408226]
414.3037588596344,1003,False,0,6,[8.30918197 9.26452828 3.95782897],landing,[ 0.63925976  0.24903542 -0.34837281]
414.3037588596344,1004,False,5,0,[-0.8868097   6.87090288  3.99543453],cruising,[-0.62185191  0.08809385  0.93462812]
414.3037588596344,1005,False,2,1,[-7.44972793 -1.12261365  1.56169914],queued,[ 0.50568378 -0.03156594 -0.11489306]
414.4108431339264,1000,False,2,4,[ 8.14767068 -7.47841565  1.39236733],fake_landed,[-0.82138112 -0.19970136 -0.21083176]
414.4108431339264,1001,False,1,3,[5.45947306 1.62123864 1.85477372],queued,[-0.48080528  0.59740651 -0.20557775]
414.4108431339264,1002,False,3,5,[-3.65114299  0.20389146  3.9927934 ],cruising,[ 0.5677905  -0.59831228 -0.99408226]
414.4108431339264,1003,False,0,6,[8.33920601 9.31515778 3.91601656],landing,[ 0.63925976  0.24903542 -0.34837281]
414.4108431339264,1004,False,5,0,[-0.71203051  6.77368026  3.99611935],cruising,[-0.62185191  0.08809385  0.93462812]
414.4108431339264,1005,False,2,1,[-7.44972793 -1.12261365  1.63669914],queued,[ 0.50568378 -0.03156594 -0.11489306]
414.514386177063,1000,False,2,4,[ 8.13423541 -7.48037942  1.33392388],fake_landed,[-0.82138112 -0.19970136 -0.21083176]
414.514386177063,1001,False,1,3,[5.45947306 1.62123864 1.92977372],queued,[-0.48080528  0.59740651 -0.20557775]
414.514386177063,1002,False,3,5,[-3.75759938  0.3732049   3.99387439],cruising,[ 0.5677905  -0.59831228 -0.99408226]
414.514386177063,1003,False,0,6,[8.36689127 9.35119372 3.8607298 ],landing,[ 0.63925976  0.24903542 -0.34837281]
414.514386177063,1004,False,5,0,[-0.53892732  6.67350401  3.99670145],cruising,[-0.62185191  0.08809385  0.93462812]
414.514386177063,1005,False,2,1,[-7.44972793 -1.12261365  1.71169914],queued,[ 0.50568378 -0.03156594 -0.11489306]
414.618448972702,1000,False,2,4,[ 8.12527855 -7.4816886   1.29496158],fake_landed,[-0.82138112 -0.19970136 -0.21083176]
414.618448972702,1001,False,1,3,[5.45947306 1.62123864 2.00477372],queued,[-0.48080528  0.59740651 -0.20557775]
414.618448972702,1002,False,3,5,[-3.86716204  0.54052502  3.99479323],cruising,[ 0.5677905  -0.59831228 -0.99408226]
414.618448972702,1003,False,0,6,[8.39210464 9.37244365 3.79220432],landing,[ 0.63925976  0.24903542 -0.34837281]
414.618448972702,1004,False,5,0,[-0.36810559  6.56948507  3.99719623],cruising,[-0.62185191  0.08809385  0.93462812]
414.618448972702,1005,False,2,1,[-7.44972793 -1.12261365  1.78669914],queued,[ 0.50568378 -0.03156594 -0.11489306]
414.7075321674347,1000,False,2,4,[ 8.12080013 -7.4823432   1.27548043],fake_landed,[-0.82138112 -0.19970136 -0.21083176]
414.7075321674347,1001,False,1,3,[5.45947306 1.62123864 2.07977372],queued,[-0.48080528  0.59740651 -0.20557775]
414.7075321674347,1002,False,3,5,[-3.97917309  0.70621607  3.99557425],cruising,[ 0.5677905  -0.59831228 -0.99408226]
414.7075321674347,1003,False,0,6,[8.41471993 9.37872795 3.71066808],landing,[ 0.63925976  0.24903542 -0.34837281]
414.7075321674347,1004,False,5,0,[-0.19874865  6.46309791  3.9976168 ],cruising,[-0.62185191  0.08809385  0.93462812]
414.7075321674347,1005,False,2,1,[-7.44972793 -1.12261365  1.86169914],queued,[ 0.50568378 -0.03156594 -0.11489306]
414.8137540817261,1000,False,4,2,[ 8.12080013 -7.4823432   1.27548043],waiting,[-0.82138112 -0.19970136 -0.21083176]
414.8137540817261,1001,False,1,3,[5.45947306 1.62123864 2.15477372],queued,[-0.48080528  0.59740651 -0.20557775]
414.8137540817261,1002,False,3,5,[-4.09306783  0.87061798  3.99623811],cruising,[ 0.5677905  -0.59831228 -0.99408226]
414.8137540817261,1003,False,0,6,[8.43460854 9.36986656 3.6163579 ],landing,[ 0.63925976  0.24903542 -0.34837281]
414.8137540817261,1004,False,5,0,[-0.02983168  6.35601357  3.99797428],cruising,[-0.62185191  0.08809385  0.93462812]
414.8137540817261,1005,False,2,1,[-7.44972793 -1.12261365  1.93669914],queued,[ 0.50568378 -0.03156594 -0.11489306]
414.9057261943817,1000,False,4,2,[ 8.12080013 -7.4823432   1.27548043],waiting,[-0.82138112 -0.19970136 -0.21083176]
414.9057261943817,1001,False,1,3,[5.45947306 1.62123864 2.22977372],queued,[-0.48080528  0.59740651 -0.20557775]
414.9057261943817,1002,False,3,5,[-4.20836185  1.03404163  3.99680239],cruising,[ 0.5677905  -0.59831228 -0.99408226]
414.9057261943817,1003,False,0,6,[8.4538075  9.35730703 3.51902519],landing,[ 0.63925976  0.24903542 -0.34837281]
414.9057261943817,1004,False,5,0,[0.13888352 6.24861162 3.99827813],cruising,[-0.62185191  0.08809385  0.93462812]
414.9057261943817,1005,False,2,1,[-7.44972793 -1.12261365  2.01169914],queued,[ 0.50568378 -0.03156594 -0.11489306]
415.0082976818085,1000,False,4,2,[ 8.12080013 -7.4823432   1.27548043],waiting,[-0.82138112 -0.19970136 -0.21083176]
415.0082976818085,1001,False,1,3,[5.45947306 1.62123864 2.30477372],queued,[-0.48080528  0.59740651 -0.20557775]
415.0082976818085,1002,False,3,5,[-4.32463763  1.19676822  3.99728203],cruising,[ 0.5677905  -0.59831228 -0.99408226]
415.0082976818085,1003,False,0,6,[8.47300646 9.3447475  3.42169247],landing,[ 0.63925976  0.24903542 -0.34837281]
415.0082976818085,1004,False,5,0,[0.30767362 6.1413274  3.99853641],cruising,[-0.62185191  0.08809385  0.93462812]
415.0082976818085,1005,False,2,1,[-7.44972793 -1.12261365  2.08669914],queued,[ 0.50568378 -0.03156594 -0.11489306]
415.1061017513275,1000,False,4,2,[ 8.12080013 -7.4823432   1.27548043],waiting,[-0.82138112 -0.19970136 -0.21083176]
415.1061017513275,1001,False,1,3,[5.45947306 1.62123864 2.37977372],queued,[-0.48080528  0.59740651 -0.20557775]
415.1061017513275,1002,False,3,5,[-4.44153178  1.35905117  3.99768973],cruising,[ 0.5677905  -0.59831228 -0.99408226]
415.1061017513275,1003,False,0,6,[8.49220541 9.33218796 3.32435975],landing,[ 0.63925976  0.24903542 -0.34837281]
415.1061017513275,1004,False,5,0,[0.47697096 6.03484543 3.99875595],exiting,[-0.62185191  0.08809385  0.93462812]
415.1061017513275,1005,False,2,1,[-7.44972793 -1.12261365  2.16169914],entering,[ 0.50568378 -0.03156594 -0.11489306]
415.2043180465698,1000,False,4,2,[ 8.12080013 -7.4823432   1.27548043],waiting,[-0.82138112 -0.19970136 -0.21083176]
415.2043180465698,1001,False,1,3,[5.45947306 1.62123864 2.45477372],queued,[-0.48080528  0.59740651 -0.20557775]
415.2043180465698,1002,False,3,5,[-4.55872343  1.52111942  3.99803627],cruising,[ 0.5677905  -0.59831228 -0.99408226]
415.2043180465698,1003,False,0,6,[8.51140437 9.31962843 3.22702703],landing,[ 0.63925976  0.24903542 -0.34837281]
415.2043180465698,1004,False,5,0,[0.63597024 5.94550843 3.9989759 ],exiting,[-0.62185191  0.08809385  0.93462812]
415.2043180465698,1005,False,2,1,[-7.43664722 -1.10748438  2.23669914],entering,[ 0.50568378 -0.03156594 -0.11489306]
415.30339789390564,1000,False,4,2,[ 8.12080013 -7.4823432   1.27548043],waiting,[-0.82138112 -0.19970136 -0.21083176]
415.30339789390564,1001,False,1,3,[5.45947306 1.62123864 2.52977372],queued,[-0.48080528  0.59740651 -0.20557775]
415.30339789390564,1002,False,3,5,[-4.67589528  1.68320199  3.99833083],cruising,[ 0.5677905  -0.59831228 -0.99408226]
415.30339789390564,1003,False,0,6,[8.53060333 9.3070689  3.12969431],landing,[ 0.63925976  0.24903542 -0.34837281]
415.30339789390564,1004,False,5,0,[0.78451546 5.87322172 3.99919335],exiting,[-0.62185191  0.08809385  0.93462812]
415.30339789390564,1005,False,2,1,[-7.4105007  -1.07721295  2.31169914],entering,[ 0.50568378 -0.03156594 -0.11489306]
415.4065008163452,1000,False,4,2,[ 8.12080013 -7.4823432   1.27548043],waiting,[-0.82138112 -0.19970136 -0.21083176]
415.4065008163452,1001,False,1,3,[5.45947306 1.62123864 2.60477372],entering,[-0.48080528  0.59740651 -0.20557775]
415.4065008163452,1002,False,3,5,[-4.79295127  1.84536824  3.9985812 ],cruising,[ 0.5677905  -0.59831228 -0.99408226]
415.4065008163452,1003,False,0,6,[8.54980229 9.29450936 3.03236159],landing,[ 0.63925976  0.24903542 -0.34837281]
415.4065008163452,1004,False,5,0,[0.92243204 5.81787704 3.99940507],exiting,[-0.62185191  0.08809385  0.93462812]
415.4065008163452,1005,False,2,1,[-7.37132139 -1.03177095  2.38669914],entering,[ 0.50568378 -0.03156594 -0.11489306]
415.5037376880646,1000,False,4,2,[ 8.12080013 -7.4823432   1.27548043],waiting,[-0.82138112 -0.19970136 -0.21083176]
415.5037376880646,1001,False,1,3,[5.47916473 1.61774034 2.67977372],entering,[-0.48080528  0.59740651 -0.20557775]
415.5037376880646,1002,False,3,5,[-4.90960112  2.00782689  3.99879402],cruising,[ 0.5677905  -0.59831228 -0.99408226]
415.5037376880646,1003,False,0,6,[8.56900125 9.28194983 2.93502887],landing,[ 0.63925976  0.24903542 -0.34837281]
415.5037376880646,1004,False,5,0,[1.04952268 5.77934898 3.99960739],exiting,[-0.62185191  0.08809385  0.93462812]
415.5037376880646,1005,False,2,1,[-7.31917233 -0.97110445  2.46169914],entering,[ 0.50568378 -0.03156594 -0.11489306]
415.61691880226135,1000,False,4,2,[ 8.12080013 -7.4823432   1.27548043],waiting,[-0.82138112 -0.19970136 -0.21083176]
415.61691880226135,1001,False,1,3,[5.51854238 1.61071184 2.75477372],entering,[-0.48080528  0.59740651 -0.20557775]
415.61691880226135,1002,False,3,5,[-5.02557052  2.17077197  3.99897492],cruising,[ 0.5677905  -0.59831228 -0.99408226]
415.61691880226135,1003,False,0,6,[8.58820021 9.2693903  2.83769616],landing,[ 0.63925976  0.24903542 -0.34837281]
415.61691880226135,1004,False,5,0,[1.16555886 5.75748821 3.999796  ],exiting,[-0.62185191  0.08809385  0.93462812]
415.61691880226135,1005,False,2,1,[-7.25417707 -0.89510904  2.53669914],entering,[ 0.50568378 -0.03156594 -0.11489306]
415.70383191108704,1000,False,4,2,[ 8.12080013 -7.4823432   1.27548043],waiting,[-0.82138112 -0.19970136 -0.21083176]
415.70383191108704,1001,False,1,3,[5.5775932  1.60008248 2.82977372],entering,[-0.48080528  0.59740651 -0.20557775]
415.70383191108704,1002,False,3,5,[-5.14059062  2.33438852  3.99912868],cruising,[ 0.5677905  -0.59831228 -0.99408226]
415.70383191108704,1003,False,0,6,[8.60739917 9.25683076 2.74036344],landing,[ 0.63925976  0.24903542 -0.34837281]
415.70383191108704,1004,False,5,0,[1.27026084 5.75210578 3.99996557],exiting,[-0.62185191  0.08809385  0.93462812]
415.70383191108704,1005,False,2,1,[-7.17665329 -0.80352402  2.61169914],entering,[ 0.50568378 -0.03156594 -0.11489306]
415.8044695854187,1000,False,4,2,[ 8.12080013 -7.4823432   1.27548043],waiting,[-0.82138112 -0.19970136 -0.21083176]
415.8044695854187,1001,False,1,3,[5.65624286 1.58546746 2.90477372],entering,[-0.48080528  0.59740651 -0.20557775]
415.8044695854187,1002,False,3,5,[-5.25499592  2.49843555  3.99925938],cruising,[ 0.5677905  -0.59831228 -0.99408226]
415.8044695854187,1003,False,0,6,[8.62659813 9.24427123 2.64303072],landing,[ 0.63925976  0.24903542 -0.34837281]
415.8044695854187,1004,False,5,0,[1.36324109 5.7629283  4.00010867],exiting,[-0.62185191  0.08809385  0.93462812]
415.8044695854187,1005,False,2,1,[-7.08692516 -0.69609432  2.68669914],entering,[ 0.50568378 -0.03156594 -0.11489306]
415.9065260887146,1000,False,4,2,[ 8.12080013 -7.4823432   1.27548043],waiting,[-0.82138112 -0.19970136 -0.21083176]
415.9065260887146,1001,False,1,3,[5.75440973 1.56648451 2.97977372],entering,[-0.48080528  0.59740651 -0.20557775]
415.9065260887146,1002,False,3,5,[-5.36790485  2.66351606  3.99937047],cruising,[ 0.5677905  -0.59831228 -0.99408226]
415.9065260887146,1003,False,0,6,[8.64579709 9.2317117  2.545698  ],landing,[ 0.63925976  0.24903542 -0.34837281]
415.9065260887146,1004,False,5,0,[1.44426168 5.78978096 4.00022093],exiting,[-0.62185191  0.08809385  0.93462812]
415.9065260887146,1005,False,2,1,[-6.98554164 -0.57241187  2.76169914],entering,[ 0.50568378 -0.03156594 -0.11489306]
416.0184211730957,1000,False,4,2,[ 8.12080013 -7.4823432   1.27548043],waiting,[-0.82138112 -0.19970136 -0.21083176]
416.0184211730957,1001,False,1,3,[5.87195175 1.54254139 3.05477372],entering,[-0.48080528  0.59740651 -0.20557775]
416.0184211730957,1002,False,3,5,[-5.47900714  2.82981783  3.9994649 ],cruising,[ 0.5677905  -0.59831228 -0.99408226]
416.0184211730957,1003,False,0,6,[8.66499605 9.21915216 2.44836528],landing,[ 0.63925976  0.24903542 -0.34837281]
416.0184211730957,1004,False,5,0,[1.51308254 5.83248183 4.00029829],exiting,[-0.62185191  0.08809385  0.93462812]
416.0184211730957,1005,False,2,1,[-6.87367807 -0.43169508  2.83669914],entering,[ 0.50568378 -0.03156594 -0.11489306]
416.10713362693787,1000,False,4,2,[ 8.12080013 -7.4823432   1.27548043],waiting,[-0.82138112 -0.19970136 -0.21083176]
416.10713362693787,1001,False,1,3,[6.0086819  1.51295772 3.12977372],entering,[-0.48080528  0.59740651 -0.20557775]
416.10713362693787,1002,False,3,5,[-5.58795675  2.99753778  3.99954517],cruising,[ 0.5677905  -0.59831228 -0.99408226]
416.10713362693787,1003,False,0,6,[8.68419501 9.20659263 2.35103256],landing,[ 0.63925976  0.24903542 -0.34837281]
416.10713362693787,1004,False,5,0,[1.56946154 5.89084151 4.00033733],exiting,[-0.62185191  0.08809385  0.93462812]
416.10713362693787,1005,False,2,1,[-6.75398567 -0.27257423  2.91169914],entering,[ 0.50568378 -0.03156594 -0.11489306]
416.2070429325104,1000,False,4,2,[ 8.12080013 -7.4823432   1.27548043],waiting,[-0.82138112 -0.19970136 -0.21083176]
416.2070429325104,1001,False,1,3,[6.16392108 1.47579674 3.20477372],entering,[-0.48080528  0.59740651 -0.20557775]
416.2070429325104,1002,False,3,5,[-5.69435634  3.16688692  3.99961339],cruising,[ 0.5677905  -0.59831228 -0.99408226]
416.2070429325104,1003,False,0,6,[8.70339396 9.19403309 2.25369984],landing,[ 0.63925976  0.24903542 -0.34837281]
416.2070429325104,1004,False,5,0,[1.61315441 5.96466277 4.00033588],exiting,[-0.62185191  0.08809385  0.93462812]
416.2070429325104,1005,False,2,1,[-6.63719964 -0.11021345  2.98669914],entering,[ 0.50568378 -0.03156594 -0.11489306]
416.31294679641724,1000,False,4,2,[ 8.12080013 -7.4823432   1.27548043],queued,[-0.82138112 -0.19970136 -0.21083176]
416.31294679641724,1001,False,1,3,[6.33674295 1.42910428 3.27977372],entering,[-0.48080528  0.59740651 -0.20557775]
416.31294679641724,1002,False,3,5,[-5.79773822  3.33809494  3.99967138],cruising,[ 0.5677905  -0.59831228 -0.99408226]
416.31294679641724,1003,False,0,6,[8.72259292 9.18147356 2.15636713],landing,[ 0.63925976  0.24903542 -0.34837281]
416.31294679641724,1004,False,5,0,[1.64391465 6.05374004 4.00029481],exiting,[-0.62185191  0.08809385  0.93462812]
416.31294679641724,1005,False,2,1,[-6.52394568  0.05463054  3.06169914],entering,[ 0.50568378 -0.03156594 -0.11489306]
416.4066994190216,1000,False,4,2,[ 8.12080013 -7.4823432   1.29548043],queued,[-0.82138112 -0.19970136 -0.21083176]
416.4066994190216,1001,False,1,3,[6.52302276 1.36761709 3.35477372],entering,[-0.48080528  0.59740651 -0.20557775]
416.4066994190216,1002,False,3,5,[-5.89754021  3.51141419  3.99972068],cruising,[ 0.5677905  -0.59831228 -0.99408226]
416.4066994190216,1003,False,0,6,[8.74179188 9.16891403 2.05903441],landing,[ 0.63925976  0.24903542 -0.34837281]
416.4066994190216,1004,False,5,0,[1.66759553 6.15089566 4.00024017],exiting,[-0.62185191  0.08809385  0.93462812]
416.4066994190216,1005,False,2,1,[-6.41483923  0.2222485   3.13669914],entering,[ 0.50568378 -0.03156594 -0.11489306]
416.50643038749695,1000,False,4,2,[ 8.12080013 -7.4823432   1.33548043],queued,[-0.82138112 -0.19970136 -0.21083176]
416.50643038749695,1001,False,1,3,[6.70900694 1.29406517 3.42977372],entering,[-0.48080528  0.59740651 -0.20557775]
416.50643038749695,1002,False,3,5,[-5.993074    3.68712217  3.99976257],cruising,[ 0.5677905  -0.59831228 -0.99408226]
416.50643038749695,1003,False,0,6,[8.76099084 9.15635449 1.96170169],landing,[ 0.63925976  0.24903542 -0.34837281]
416.50643038749695,1004,False,5,0,[1.69127642 6.24805129 4.00019535],exiting,[-0.62185191  0.08809385  0.93462812]
416.50643038749695,1005,False,2,1,[-6.31041845  0.39282488  3.21169914],entering,[ 0.50568378 -0.03156594 -0.11489306]
416.6095173358917,1000,False,4,2,[ 8.12080013 -7.4823432   1.39548043],queued,[-0.82138112 -0.19970136 -0.21083176]
416.6095173358917,1001,False,1,3,[6.89186873 1.21306167 3.50477372],entering,[-0.48080528  0.59740651 -0.20557775]
416.6095173358917,1002,False,3,5,[-6.08348332  3.86552103  3.99979819],cruising,[ 0.5677905  -0.59831228 -0.99408226]
416.6095173358917,1003,False,0,6,[8.7801898  9.14379496 1.86436897],landing,[ 0.63925976  0.24903542 -0.34837281]
416.6095173358917,1004,False,5,0,[1.7149573  6.34520691 4.00015862],exiting,[-0.62185191  0.08809385  0.93462812]
416.6095173358917,1005,False,2,1,[-6.21138584  0.56658489  3.28669914],entering,[ 0.50568378 -0.03156594 -0.11489306]
416.71030735969543,1000,False,4,2,[ 8.12080013 -7.4823432   1.47048043],queued,[-0.82138112 -0.19970136 -0.21083176]
416.71030735969543,1001,False,1,3,[7.06970776 1.12155604 3.57905766],entering,[-0.48080528  0.59740651 -0.20557775]
416.71030735969543,1002,False,3,5,[-6.16768798  4.046931    3.99982846],cruising,[ 0.5677905  -0.59831228 -0.99408226]
416.71030735969543,1003,False,0,6,[8.79938876 9.13123543 1.76703625],landing,[ 0.63925976  0.24903542 -0.34837281]
416.71030735969543,1004,False,5,0,[1.73863819 6.44236254 4.00012856],exiting,[-0.62185191  0.08809385  0.93462812]
416.71030735969543,1005,False,2,1,[-6.11857325  0.74374534  3.36169914],entering,[ 0.50568378 -0.03156594 -0.11489306]
416.8034632205963,1000,False,4,2,[ 8.12080013 -7.4823432   1.54548043],queued,[-0.82138112 -0.19970136 -0.21083176]
416.8034632205963,1001,False,1,3,[7.24128147 1.01878221 3.64219901],entering,[-0.48080528  0.59740651 -0.20557775]
416.8034632205963,1002,False,3,5,[-6.24430883  4.23167202  3.99985419],cruising,[ 0.5677905  -0.59831228 -0.99408226]
416.8034632205963,1003,False,0,6,[8.81858772 9.11867589 1.66970353],landing,[ 0.63925976  0.24903542 -0.34837281]
416.8034632205963,1004,False,5,0,[1.76231907 6.53951817 4.00010398],exiting,[-0.62185191  0.08809385  0.93462812]
416.8034632205963,1005,False,2,1,[-6.03294865  0.92448943  3.43669914],entering,[ 0.50568378 -0.03156594 -0.11489306]
416.90685534477234,1000,False,4,2,[ 8.12080013 -7.4823432   1.62048043],queued,[-0.82138112 -0.19970136 -0.21083176]
416.90685534477234,1001,False,1,3,[7.40508146 0.9040235  3.69586916],entering,[-0.48080528  0.59740651 -0.20557775]
416.90685534477234,1002,False,3,5,[-6.31156864  4.42002307  3.99987606],cruising,[ 0.5677905  -0.59831228 -0.99408226]
416.90685534477234,1003,False,0,6,[8.83778668 9.10611636 1.57237082],landing,[ 0.63925976  0.24903542 -0.34837281]
416.90685534477234,1004,False,5,0,[1.78599996 6.63667379 4.00008392],exiting,[-0.62185191  0.08809385  0.93462812]
416.90685534477234,1005,False,2,1,[-5.95566667  1.10895486  3.51169914],entering,[ 0.50568378 -0.03156594 -0.11489306]
417.0125308036804,1000,False,4,2,[ 8.12080013 -7.4823432   1.69548043],queued,[-0.82138112 -0.19970136 -0.21083176]
417.0125308036804,1001,False,1,3,[7.56070141 0.77839535 3.74148879],entering,[-0.48080528  0.59740651 -0.20557775]
417.0125308036804,1002,False,3,5,[-6.3608908   4.61384599  3.99989465],exiting,[ 0.5677905  -0.59831228 -0.99408226]
417.0125308036804,1003,False,0,6,[8.85698564 9.09355683 1.4750381 ],fake_landed,[ 0.63925976  0.24903542 -0.34837281]
417.0125308036804,1004,False,5,0,[1.80968084 6.73382942 4.00006757],exiting,[-0.62185191  0.08809385  0.93462812]
417.0125308036804,1005,False,2,1,[-5.88807452  1.29718691  3.58494427],entering,[ 0.50568378 -0.03156594 -0.11489306]
417.10469698905945,1000,False,4,2,[ 8.12080013 -7.4823432   1.77048043],queued,[-0.82138112 -0.19970136 -0.21083176]
417.10469698905945,1001,False,1,3,[7.70482995 0.63973402 3.78026547],entering,[-0.48080528  0.59740651 -0.20557775]
417.10469698905945,1002,False,3,5,[-6.41215406  4.78776333  3.99991327],exiting,[ 0.5677905  -0.59831228 -0.99408226]
417.10469698905945,1003,False,0,6,[8.8723448  9.0835092  1.39717192],fake_landed,[ 0.63925976  0.24903542 -0.34837281]
417.10469698905945,1004,False,5,0,[1.83336173 6.83098504 4.00005426],exiting,[-0.62185191  0.08809385  0.93462812]
417.10469698905945,1005,False,2,1,[-5.83168747  1.48907359  3.64720263],entering,[ 0.50568378 -0.03156594 -0.11489306]
417.21796226501465,1000,False,4,2,[ 8.12080013 -7.4823432   1.84548043],queued,[-0.82138112 -0.19970136 -0.21083176]
417.21796226501465,1001,False,1,3,[7.83547579 0.48830198 3.81322565],entering,[-0.48080528  0.59740651 -0.20557775]
417.21796226501465,1002,False,3,5,[-6.46559459  4.94179954  3.99993136],exiting,[ 0.5677905  -0.59831228 -0.99408226]
417.21796226501465,1003,False,0,6,[8.88386418 9.07597348 1.33877229],fake_landed,[ 0.63925976  0.24903542 -0.34837281]
417.21796226501465,1004,False,5,0,[1.85704261 6.92814067 4.00004345],exiting,[-0.62185191  0.08809385  0.93462812]
417.21796226501465,1005,False,2,1,[-5.7881102   1.68426842  3.70012223],entering,[ 0.50568378 -0.03156594 -0.11489306]
417.3156089782715,1000,False,4,2,[ 8.12080013 -7.4823432   1.92048043],queued,[-0.82138112 -0.19970136 -0.21083176]
417.3156089782715,1001,False,1,3,[7.95092905 0.32499079 3.8412418 ],entering,[-0.48080528  0.59740651 -0.20557775]
417.3156089782715,1002,False,3,5,[-6.52152892  5.07599183  3.9999481 ],exiting,[ 0.5677905  -0.59831228 -0.99408226]
417.3156089782715,1003,False,0,6,[8.89154376 9.07094967 1.2998392 ],fake_landed,[ 0.63925976  0.24903542 -0.34837281]
417.3156089782715,1004,False,5,0,[1.8807235  7.0252963  4.00003468],exiting,[-0.62185191  0.08809385  0.93462812]
417.3156089782715,1005,False,2,1,[-5.75887956  1.88212082  3.7451039 ],entering,[ 0.50568378 -0.03156594 -0.11489306]
417.404736995697,1000,False,4,2,[ 8.12080013 -7.4823432   1.99548043],queued,[-0.82138112 -0.19970136 -0.21083176]
417.404736995697,1001,False,1,3,[8.05008649 0.15130198 3.86505553],cruising,[-0.48080528  0.59740651 -0.20557775]
417.404736995697,1002,False,3,5,[-6.58032504  5.19038993  3.99996233],exiting,[ 0.5677905  -0.59831228 -0.99408226]
417.404736995697,1003,False,0,6,[8.89538355 9.06843776 1.28037266],fake_landed,[ 0.63925976  0.24903542 -0.34837281]
417.404736995697,1004,False,5,0,[1.90440438 7.12245192 4.00002759],exiting,[-0.62185191  0.08809385  0.93462812]
417.404736995697,1005,False,2,1,[-5.74522328  2.08165404  3.78333831],entering,[ 0.50568378 -0.03156594 -0.11489306]
417.5058560371399,1000,False,4,2,[ 8.12080013 -7.4823432   2.07048043],queued,[-0.82138112 -0.19970136 -0.21083176]
417.5058560371399,1001,False,1,3,[ 8.13164813 -0.03126123  3.88545857],cruising,[-0.48080528  0.59740651 -0.20557775]
417.5058560371399,1002,False,3,5,[-6.64230386  5.28504289  3.99997279],exiting,[ 0.5677905  -0.59831228 -0.99408226]
417.5058560371399,1003,False,0,6,[8.89538355 9.06843776 1.28037266],fake_landed,[ 0.63925976  0.24903542 -0.34837281]
417.5058560371399,1004,False,5,0,[1.92808527 7.21960755 4.00002185],exiting,[-0.62185191  0.08809385  0.93462812]
417.5058560371399,1005,False,2,1,[-5.74692246  2.28164682  3.81583757],entering,[ 0.50568378 -0.03156594 -0.11489306]
417.6105797290802,1000,False,4,2,[ 8.12080013 -7.4823432   2.14548043],queued,[-0.82138112 -0.19970136 -0.21083176]
417.6105797290802,1001,False,1,3,[ 8.19646427 -0.22046711  3.90263978],cruising,[-0.48080528  0.59740651 -0.20557775]
417.6105797290802,1002,False,3,5,[-6.70766802  5.36072331  3.99997782],exiting,[ 0.5677905  -0.59831228 -0.99408226]
417.6105797290802,1003,False,6,4,[8.89538355 9.06843776 1.28037266],waiting,[ 0.63925976  0.24903542 -0.34837281]
417.6105797290802,1004,False,5,0,[1.95176615 7.31676317 4.00001724],exiting,[-0.62185191  0.08809385  0.93462812]
417.6105797290802,1005,False,2,1,[-5.7646287   2.4808615   3.84346193],cruising,[ 0.50568378 -0.03156594 -0.11489306]
417.70427441596985,1000,False,4,2,[ 8.12080013 -7.4823432   2.22048043],queued,[-0.82138112 -0.19970136 -0.21083176]
417.70427441596985,1001,False,1,3,[ 8.24676416 -0.4140386   3.91724382],cruising,[-0.48080528  0.59740651 -0.20557775]
417.70427441596985,1002,False,3,5,[-6.77303218  5.43640374  3.99998195],exiting,[ 0.5677905  -0.59831228 -0.99408226]
417.70427441596985,1003,False,6,4,[8.89538355 9.06843776 1.28037266],waiting,[ 0.63925976  0.24903542 -0.34837281]
417.70427441596985,1004,False,5,0,[1.97544704 7.4139188  4.00001352],exiting,[-0.62185191  0.08809385  0.93462812]
417.70427441596985,1005,False,2,1,[-5.79614982  2.67836193  3.86694264],cruising,[ 0.50568378 -0.03156594 -0.11489306]
417.80943179130554,1000,False,4,2,[ 8.12080013 -7.4823432   2.29548043],queued,[-0.82138112 -0.19970136 -0.21083176]
417.80943179130554,1001,False,1,3,[ 8.28411805 -0.61051936  3.92965724],cruising,[-0.48080528  0.59740651 -0.20557775]
417.80943179130554,1002,False,3,5,[-6.83839634  5.51208417  3.99998533],exiting,[ 0.5677905  -0.59831228 -0.99408226]
417.80943179130554,1003,False,6,4,[8.89538355 9.06843776 1.28037266],waiting,[ 0.63925976  0.24903542 -0.34837281]
417.80943179130554,1004,False,5,0,[1.99912792 7.51107443 4.00001055],exiting,[-0.62185191  0.08809385  0.93462812]
417.80943179130554,1005,False,2,1,[-5.84091517  2.87328772  3.88690125],cruising,[ 0.50568378 -0.03156594 -0.11489306]
417.90360856056213,1000,False,4,2,[ 8.12080013 -7.4823432   2.37048043],queued,[-0.82138112 -0.19970136 -0.21083176]
417.90360856056213,1001,False,1,3,[ 8.30814249 -0.80907118  3.94020866],cruising,[-0.48080528  0.59740651 -0.20557775]
417.90360856056213,1002,False,3,5,[-6.9037605   5.58776459  3.9999881 ],exiting,[ 0.5677905  -0.59831228 -0.99408226]
417.90360856056213,1003,False,6,4,[8.89538355 9.06843776 1.28037266],waiting,[ 0.63925976  0.24903542 -0.34837281]
417.90360856056213,1004,False,5,0,[2.02280881 7.60823005 4.00000817],exiting,[-0.62185191  0.08809385  0.93462812]
417.90360856056213,1005,False,2,1,[-5.89523683  3.06576929  3.90386606],cruising,[ 0.50568378 -0.03156594 -0.11489306]
418.0133652687073,1000,False,4,2,[ 8.12080013 -7.4823432   2.44548043],entering,[-0.82138112 -0.19970136 -0.21083176]
418.0133652687073,1001,False,1,3,[ 8.32268508 -1.00854176  3.94917736],cruising,[-0.48080528  0.59740651 -0.20557775]
418.0133652687073,1002,False,3,5,[-6.96912466  5.66344502  3.99999036],exiting,[ 0.5677905  -0.59831228 -0.99408226]
418.0133652687073,1003,False,6,4,[8.89538355 9.06843776 1.28037266],waiting,[ 0.63925976  0.24903542 -0.34837281]
418.0133652687073,1004,False,5,0,[2.04648969 7.70538568 4.00000628],exiting,[-0.62185191  0.08809385  0.93462812]
418.0133652687073,1005,False,2,1,[-5.9566767   3.25609833  3.91828615],cruising,[ 0.50568378 -0.03156594 -0.11489306]
418.10596466064453,1000,False,4,2,[ 8.10931014 -7.4659731   2.52048043],entering,[-0.82138112 -0.19970136 -0.21083176]
418.10596466064453,1001,False,1,3,[ 8.32902783 -1.20844116  3.95680075],cruising,[-0.48080528  0.59740651 -0.20557775]
418.10596466064453,1002,False,3,5,[-7.03448881  5.73912544  3.99999222],exiting,[ 0.5677905  -0.59831228 -0.99408226]
418.10596466064453,1003,False,6,4,[8.89538355 9.06843776 1.28037266],waiting,[ 0.63925976  0.24903542 -0.34837281]
418.10596466064453,1004,False,5,0,[2.07017058 7.80254131 4.00000478],exiting,[-0.62185191  0.08809385  0.93462812]
418.10596466064453,1005,False,2,1,[-6.02284395  3.44483597  3.93054323],cruising,[ 0.50568378 -0.03156594 -0.11489306]
418.21123790740967,1000,False,4,2,[ 8.08633016 -7.4332329   2.59548043],entering,[-0.82138112 -0.19970136 -0.21083176]
418.21123790740967,1001,False,1,3,[ 8.32823449 -1.40843959  3.96328064],cruising,[-0.48080528  0.59740651 -0.20557775]
418.21123790740967,1002,False,3,5,[-7.09985297  5.81480587  3.99999373],exiting,[ 0.5677905  -0.59831228 -0.99408226]
418.21123790740967,1003,False,6,4,[8.89538355 9.06843776 1.28037266],waiting,[ 0.63925976  0.24903542 -0.34837281]
418.21123790740967,1004,False,5,0,[2.09385146 7.89969693 4.0000036 ],exiting,[-0.62185191  0.08809385  0.93462812]
418.21123790740967,1005,False,2,1,[-6.09146248  3.63269628  3.94096174],cruising,[ 0.50568378 -0.03156594 -0.11489306]
418.30834126472473,1000,False,4,2,[ 8.05186019 -7.3841226   2.67048043],entering,[-0.82138112 -0.19970136 -0.21083176]
418.30834126472473,1001,False,1,3,[ 8.31885059 -1.60821932  3.96878855],cruising,[-0.48080528  0.59740651 -0.20557775]
418.30834126472473,1002,False,3,5,[-7.16521713  5.89048629  3.99999495],exiting,[ 0.5677905  -0.59831228 -0.99408226]
418.30834126472473,1003,False,6,4,[8.89538355 9.06843776 1.28037266],waiting,[ 0.63925976  0.24903542 -0.34837281]
418.30834126472473,1004,False,5,0,[2.11753235 7.99685256 4.00000268],exiting,[-0.62185191  0.08809385  0.93462812]
418.30834126472473,1005,False,2,1,[-6.16035552  3.8204561   3.94981748],cruising,[ 0.50568378 -0.03156594 -0.11489306]
418.40565156936646,1000,False,4,2,[ 8.00590023 -7.31864221  2.74548043],entering,[-0.82138112 -0.19970136 -0.21083176]
418.40565156936646,1001,False,1,3,[ 8.30414597 -1.80767803  3.97347026],cruising,[-0.48080528  0.59740651 -0.20557775]
418.40565156936646,1002,False,3,5,[-7.23058129  5.96616672  3.99999595],exiting,[ 0.5677905  -0.59831228 -0.99408226]
418.40565156936646,1003,False,6,4,[8.89538355 9.06843776 1.28037266],waiting,[ 0.63925976  0.24903542 -0.34837281]
418.40565156936646,1004,False,5,0,[2.14121323 8.09400818 4.00000195],exiting,[-0.62185191  0.08809385  0.93462812]
418.40565156936646,1005,False,2,1,[-6.22737515  4.00889274  3.95734486],cruising,[ 0.50568378 -0.03156594 -0.11489306]
418.51841020584106,1000,False,4,2,[ 7.94845028 -7.23679171  2.82048043],entering,[-0.82138112 -0.19970136 -0.21083176]
418.51841020584106,1001,False,1,3,[ 8.28454116 -2.00671484  3.97744972],cruising,[-0.48080528  0.59740651 -0.20557775]
418.51841020584106,1002,False,3,5,[-7.29594545  6.04184714  3.99999677],exiting,[ 0.5677905  -0.59831228 -0.99408226]
418.51841020584106,1003,False,6,4,[8.89538355 9.06843776 1.28037266],waiting,[ 0.63925976  0.24903542 -0.34837281]
418.51841020584106,1004,False,5,0,[2.16489412 8.19116381 4.00000139],exiting,[-0.62185191  0.08809385  0.93462812]
418.51841020584106,1005,False,2,1,[-6.29029588  4.19873737  3.96374313],cruising,[ 0.50568378 -0.03156594 -0.11489306]
418.6085014343262,1000,False,4,2,[ 7.87951034 -7.13857112  2.89548043],entering,[-0.82138112 -0.19970136 -0.21083176]
418.6085014343262,1001,False,1,3,[ 8.25767801 -2.20490255  3.98083227],cruising,[-0.48080528  0.59740651 -0.20557775]
418.6085014343262,1002,False,3,5,[-7.3613096   6.11752757  3.99999742],exiting,[ 0.5677905  -0.59831228 -0.99408226]
418.6085014343262,1003,False,6,4,[8.89538355 9.06843776 1.28037266],waiting,[ 0.63925976  0.24903542 -0.34837281]
418.6085014343262,1004,False,5,0,[2.188575   8.28831944 4.00000096],exiting,[-0.62185191  0.08809385  0.93462812]
418.6085014343262,1005,False,2,1,[-6.34668079  4.39062468  3.96918166],cruising,[ 0.50568378 -0.03156594 -0.11489306]
418.70908999443054,1000,False,4,2,[ 7.79916073 -7.02392435  2.97048043],entering,[-0.82138112 -0.19970136 -0.21083176]
418.70908999443054,1001,False,1,3,[ 8.22668494 -2.40248653  3.98370743],cruising,[-0.48080528  0.59740651 -0.20557775]
418.70908999443054,1002,False,3,5,[-7.42667376  6.193208    3.99999796],exiting,[ 0.5677905  -0.59831228 -0.99408226]
418.70908999443054,1003,False,6,4,[8.89538355 9.06843776 1.28037266],waiting,[ 0.63925976  0.24903542 -0.34837281]
418.70908999443054,1004,False,5,0,[2.21225589 8.38547506 4.00000064],exiting,[-0.62185191  0.08809385  0.93462812]
418.70908999443054,1005,False,2,1,[-6.3874991   4.58641504  3.97380441],cruising,[ 0.50568378 -0.03156594 -0.11489306]
418.80428743362427,1000,False,4,2,[ 7.70659901 -6.89343888  3.04548043],entering,[-0.82138112 -0.19970136 -0.21083176]
418.80428743362427,1001,False,1,3,[ 8.18860719 -2.59882829  3.98615131],cruising,[-0.48080528  0.59740651 -0.20557775]
418.80428743362427,1002,False,3,5,[-7.49203792  6.26888842  3.99999838],exiting,[ 0.5677905  -0.59831228 -0.99408226]
418.80428743362427,1003,False,6,4,[8.89538355 9.06843776 1.28037266],waiting,[ 0.63925976  0.24903542 -0.34837281]
418.80428743362427,1004,False,5,0,[2.23593677 8.48263069 4.00000039],exiting,[-0.62185191  0.08809385  0.93462812]
418.80428743362427,1005,False,2,1,[-6.41525995  4.78447901  3.97773375],cruising,[ 0.50568378 -0.03156594 -0.11489306]
418.917706489563,1000,False,4,2,[ 7.60113672 -6.74767024  3.12048043],entering,[-0.82138112 -0.19970136 -0.21083176]
418.917706489563,1001,False,1,3,[ 8.1465939  -2.79436571  3.98822862],cruising,[-0.48080528  0.59740651 -0.20557775]
418.917706489563,1002,False,3,5,[-7.55740208  6.34456885  3.99999873],exiting,[ 0.5677905  -0.59831228 -0.99408226]
418.917706489563,1003,False,6,4,[8.89538355 9.06843776 1.28037266],waiting,[ 0.63925976  0.24903542 -0.34837281]
418.917706489563,1004,False,5,0,[2.25961766 8.57978631 4.00000022],exiting,[-0.62185191  0.08809385  0.93462812]
418.917706489563,1005,False,2,1,[-6.42307345  4.98393027  3.98124074],cruising,[ 0.50568378 -0.03156594 -0.11489306]
419.01034331321716,1000,False,4,2,[ 7.4826926  -6.58668739  3.19548043],entering,[-0.82138112 -0.19970136 -0.21083176]
419.01034331321716,1001,False,1,3,[ 8.10041062 -2.98896043  3.98999432],cruising,[-0.48080528  0.59740651 -0.20557775]
419.01034331321716,1002,False,3,5,[-7.62276624  6.42024927  3.99999901],exiting,[ 0.5677905  -0.59831228 -0.99408226]
419.01034331321716,1003,False,6,4,[8.89538355 9.06843776 1.28037266],waiting,[ 0.63925976  0.24903542 -0.34837281]
419.01034331321716,1004,False,5,0,[2.28329854 8.67694194 4.00000009],landing,[-0.62185191  0.08809385  0.93462812]
419.01034331321716,1005,False,2,1,[-6.41093202  5.1820743   3.9844441 ],cruising,[ 0.50568378 -0.03156594 -0.11489306]
419.1034941673279,1000,False,4,2,[ 7.36374279 -6.4259051   3.27048043],entering,[-0.82138112 -0.19970136 -0.21083176]
419.1034941673279,1001,False,1,3,[ 8.04581774 -3.18136526  3.99149517],cruising,[-0.48080528  0.59740651 -0.20557775]
419.1034941673279,1002,False,3,5,[-7.6881304   6.4959297   3.99999923],exiting,[ 0.5677905  -0.59831228 -0.99408226]
419.1034941673279,1003,False,6,4,[8.89538355 9.06843776 1.28037266],waiting,[ 0.63925976  0.24903542 -0.34837281]
419.1034941673279,1004,False,5,0,[2.30667175 8.75961161 3.98621365],landing,[-0.62185191  0.08809385  0.93462812]
419.1034941673279,1005,False,2,1,[-6.37917006  5.37635007  3.98738084],cruising,[ 0.50568378 -0.03156594 -0.11489306]
419.2092936038971,1000,False,4,2,[ 7.24118743 -6.2678539   3.34548043],entering,[-0.82138112 -0.19970136 -0.21083176]
419.2092936038971,1001,False,1,3,[ 7.98240394 -3.37104575  3.9927709 ],cruising,[-0.48080528  0.59740651 -0.20557775]
419.2092936038971,1002,False,3,5,[-7.75349455  6.57161012  3.9999994 ],exiting,[ 0.5677905  -0.59831228 -0.99408226]
419.2092936038971,1003,False,6,4,[8.89538355 9.06843776 1.28037266],waiting,[ 0.63925976  0.24903542 -0.34837281]
419.2092936038971,1004,False,5,0,[2.32966073 8.82764071 3.95880716],landing,[-0.62185191  0.08809385  0.93462812]
419.2092936038971,1005,False,2,1,[-6.32841474  5.56436576  3.99006485],cruising,[ 0.50568378 -0.03156594 -0.11489306]
419.30559396743774,1000,False,4,2,[ 7.11960267 -6.10905482  3.42048043],entering,[-0.82138112 -0.19970136 -0.21083176]
419.30559396743774,1001,False,1,3,[ 7.91414071 -3.55903546  3.99385526],cruising,[-0.48080528  0.59740651 -0.20557775]
419.30559396743774,1002,False,3,5,[-7.81885871  6.64729055  3.99999954],exiting,[ 0.5677905  -0.59831228 -0.99408226]
419.30559396743774,1003,False,6,4,[8.89538355 9.06843776 1.28037266],waiting,[ 0.63925976  0.24903542 -0.34837281]
419.30559396743774,1004,False,5,0,[2.35217514 8.88084933 3.91797947],landing,[-0.62185191  0.08809385  0.93462812]
419.30559396743774,1005,False,2,1,[-6.25955428  5.74388776  3.99250162],cruising,[ 0.50568378 -0.03156594 -0.11489306]
419.40382194519043,1000,False,4,2,[ 6.99256986 -5.95457937  3.49548043],entering,[-0.82138112 -0.19970136 -0.21083176]
419.40382194519043,1001,False,1,3,[ 7.83465703 -3.74256296  3.99477697],cruising,[-0.48080528  0.59740651 -0.20557775]
419.40382194519043,1002,False,3,5,[-7.88422287  6.72297097  3.99999965],exiting,[ 0.5677905  -0.59831228 -0.99408226]
419.40382194519043,1003,False,6,4,[8.89538355 9.06843776 1.28037266],waiting,[ 0.63925976  0.24903542 -0.34837281]
419.40382194519043,1004,False,5,0,[2.37409252 8.9189981  3.86400476],landing,[-0.62185191  0.08809385  0.93462812]
419.40382194519043,1005,False,2,1,[-6.17362557  5.91298835  3.99467606],cruising,[ 0.50568378 -0.03156594 -0.11489306]
419.5184061527252,1000,False,4,2,[ 6.86435637 -5.80108246  3.57048043],entering,[-0.82138112 -0.19970136 -0.21083176]
419.5184061527252,1001,False,1,3,[ 7.7424948  -3.92006261  3.99556043],cruising,[-0.48080528  0.59740651 -0.20557775]
419.5184061527252,1002,False,3,5,[-7.94958703  6.7986514   3.99999974],exiting,[ 0.5677905  -0.59831228 -0.99408226]
419.5184061527252,1003,False,6,4,[8.89538355 9.06843776 1.28037266],waiting,[ 0.63925976  0.24903542 -0.34837281]
419.5184061527252,1004,False,5,0,[2.39529988 8.94187063 3.7971408 ],landing,[-0.62185191  0.08809385  0.93462812]
419.5184061527252,1005,False,2,1,[-6.07178689  6.06997259  3.99659114],cruising,[ 0.50568378 -0.03156594 -0.11489306]
419.6120710372925,1000,False,4,2,[ 6.73451459 -5.64896043  3.63490836],entering,[-0.82138112 -0.19970136 -0.21083176]
419.6120710372925,1001,False,1,3,[ 7.63561474 -4.08910891  3.99622636],cruising,[-0.48080528  0.59740651 -0.20557775]
419.6120710372925,1002,False,3,5,[-8.01495119  6.87433182  3.99999981],exiting,[ 0.5677905  -0.59831228 -0.99408226]
419.6120710372925,1003,False,6,4,[8.89538355 9.06843776 1.28037266],waiting,[ 0.63925976  0.24903542 -0.34837281]
419.6120710372925,1004,False,5,0,[2.41569705 8.94927883 3.71761991],landing,[-0.62185191  0.08809385  0.93462812]
419.6120710372925,1005,False,2,1,[-5.95493773  6.21374277  3.99823362],cruising,[ 0.50568378 -0.03156594 -0.11489306]
419.7143123149872,1000,False,4,2,[ 6.59774085 -5.50303941  3.68967211],entering,[-0.82138112 -0.19970136 -0.21083176]
419.7143123149872,1001,False,1,3,[ 7.51242043 -4.24658646  3.99679806],cruising,[-0.48080528  0.59740651 -0.20557775]
419.7143123149872,1002,False,3,5,[-8.08031535  6.95001225  3.99999986],exiting,[ 0.5677905  -0.59831228 -0.99408226]
419.7143123149872,1003,False,6,4,[8.89538355 9.06843776 1.28037266],queued,[ 0.63925976  0.24903542 -0.34837281]
419.7143123149872,1004,False,5,0,[2.43518168 8.94103409 3.6256832 ],landing,[-0.62185191  0.08809385  0.93462812]
419.7143123149872,1005,False,2,1,[-5.82396864  6.3433515   3.99959236],cruising,[ 0.50568378 -0.03156594 -0.11489306]
419.81288266181946,1000,False,4,2,[ 6.4562306  -5.361707    3.73622129],entering,[-0.82138112 -0.19970136 -0.21083176]
419.81288266181946,1001,False,1,3,[ 7.37490363 -4.39010461  3.99732817],cruising,[-0.48080528  0.59740651 -0.20557775]
419.81288266181946,1002,False,3,5,[-8.1456795   7.02569268  3.9999999 ],exiting,[ 0.5677905  -0.59831228 -0.99408226]
419.81288266181946,1003,False,6,4,[8.89538355 9.06843776 1.30037266],queued,[ 0.63925976  0.24903542 -0.34837281]
419.81288266181946,1004,False,5,0,[2.45424003 8.92615252 3.52865064],landing,[-0.62185191  0.08809385  0.93462812]
419.81288266181946,1005,False,2,1,[-5.67972626  6.4580025   4.00065765],cruising,[ 0.50568378 -0.03156594 -0.11489306]
419.9124264717102,1000,False,4,2,[ 6.31236537 -5.2227725   3.7757881 ],entering,[-0.82138112 -0.19970136 -0.21083176]
419.9124264717102,1001,False,1,3,[ 7.224852   -4.51803827  3.99781735],cruising,[-0.48080528  0.59740651 -0.20557775]
419.9124264717102,1002,False,3,5,[-8.21104366  7.1013731   3.99999993],exiting,[ 0.5677905  -0.59831228 -0.99408226]
419.9124264717102,1003,False,6,4,[8.89538355 9.06843776 1.34037266],queued,[ 0.63925976  0.24903542 -0.34837281]
419.9124264717102,1004,False,5,0,[2.47329838 8.91127096 3.43161807],landing,[-0.62185191  0.08809385  0.93462812]
419.9124264717102,1005,False,2,1,[-5.52297985  6.55704716  4.0014209 ],cruising,[ 0.50568378 -0.03156594 -0.11489306]
420.01070833206177,1000,False,4,2,[ 6.16159915 -5.09135886  3.80941988],entering,[-0.82138112 -0.19970136 -0.21083176]
420.01070833206177,1001,False,1,3,[ 7.06429335 -4.62895427  3.99826694],cruising,[-0.48080528  0.59740651 -0.20557775]
420.01070833206177,1002,False,3,5,[-8.27640782  7.17705353  3.99999996],exiting,[ 0.5677905  -0.59831228 -0.99408226]
420.01070833206177,1003,False,6,4,[8.89538355 9.06843776 1.40037266],queued,[ 0.63925976  0.24903542 -0.34837281]
420.01070833206177,1004,False,5,0,[2.49235673 8.89638939 3.33458551],landing,[-0.62185191  0.08809385  0.93462812]
420.01070833206177,1005,False,2,1,[-5.35441563  6.63995972  4.00187576],cruising,[ 0.50568378 -0.03156594 -0.11489306]
420.1083025932312,1000,False,4,2,[ 6.00381655 -4.96845788  3.8380069 ],cruising,[-0.82138112 -0.19970136 -0.21083176]
420.1083025932312,1001,False,1,3,[ 6.89566906 -4.72156878  3.99868058],cruising,[-0.48080528  0.59740651 -0.20557775]
420.1083025932312,1002,False,3,5,[-8.34177198  7.25273395  3.99999998],exiting,[ 0.5677905  -0.59831228 -0.99408226]
420.1083025932312,1003,False,6,4,[8.89538355 9.06843776 1.47537266],queued,[ 0.63925976  0.24903542 -0.34837281]
420.1083025932312,1004,False,5,0,[2.51141507 8.88150783 3.23755295],landing,[-0.62185191  0.08809385  0.93462812]
420.1083025932312,1005,False,2,1,[-5.17488608  6.70614887  4.00203216],cruising,[ 0.50568378 -0.03156594 -0.11489306]
420.21249866485596,1000,False,4,2,[ 5.84229729 -4.85051073  3.86230587],cruising,[-0.82138112 -0.19970136 -0.21083176]
420.21249866485596,1001,False,1,3,[ 6.72095314 -4.79513361  3.99905605],cruising,[-0.48080528  0.59740651 -0.20557775]
420.21249866485596,1002,False,3,5,[-8.40713614  7.32841438  3.99999999],landing,[ 0.5677905  -0.59831228 -0.99408226]
420.21249866485596,1003,False,6,4,[8.89538355 9.06843776 1.55037266],entering,[ 0.63925976  0.24903542 -0.34837281]
420.21249866485596,1004,False,5,0,[2.53047342 8.86662626 3.14052038],landing,[-0.62185191  0.08809385  0.93462812]
420.21249866485596,1005,False,2,1,[-4.98441108  6.75560187  4.00187507],cruising,[ 0.50568378 -0.03156594 -0.11489306]
420.3148727416992,1000,False,4,2,[ 5.67440229 -4.74183107  3.88295999],cruising,[-0.82138112 -0.19970136 -0.21083176]
420.3148727416992,1001,False,1,3,[ 6.54232721 -4.84908441  3.99939238],cruising,[-0.48080528  0.59740651 -0.20557775]
420.3148727416992,1002,False,3,5,[-8.46111432  7.39593142  3.98572699],landing,[ 0.5677905  -0.59831228 -0.99408226]
420.3148727416992,1003,False,6,4,[8.89115582 9.04888971 1.62537266],entering,[ 0.63925976  0.24903542 -0.34837281]
420.3148727416992,1004,False,5,0,[2.54953177 8.8517447  3.04348782],landing,[-0.62185191  0.08809385  0.93462812]
420.3148727416992,1005,False,2,1,[-4.78944669  6.80019879  4.00159381],cruising,[ 0.50568378 -0.03156594 -0.11489306]
420.4100732803345,1000,False,4,2,[ 5.50324935 -4.63835803  3.90051599],cruising,[-0.82138112 -0.19970136 -0.21083176]
420.4100732803345,1001,False,1,3,[ 6.36204653 -4.88310382  3.99968857],cruising,[-0.48080528  0.59740651 -0.20557775]
420.4100732803345,1002,False,3,5,[-8.50362016  7.45512868  3.95734136],landing,[ 0.5677905  -0.59831228 -0.99408226]
420.4100732803345,1003,False,6,4,[8.88270035 9.00979361 1.70037266],entering,[ 0.63925976  0.24903542 -0.34837281]
420.4100732803345,1004,False,5,0,[2.56859012 8.83686313 2.94645526],landing,[-0.62185191  0.08809385  0.93462812]
420.4100732803345,1005,False,2,1,[-4.59534382  6.84840748  4.00135474],cruising,[ 0.50568378 -0.03156594 -0.11489306]
420.5062267780304,1000,False,4,2,[ 5.32763245 -4.54265689  3.91543859],cruising,[-0.82138112 -0.19970136 -0.21083176]
420.5062267780304,1001,False,1,3,[ 6.18176065 -4.89712327  3.99994337],cruising,[-0.48080528  0.59740651 -0.20557775]
420.5062267780304,1002,False,3,5,[-8.53455234  7.50582033  3.91503794],landing,[ 0.5677905  -0.59831228 -0.99408226]
420.5062267780304,1003,False,6,4,[8.87001714 8.95114946 1.77537266],entering,[ 0.63925976  0.24903542 -0.34837281]
420.5062267780304,1004,False,5,0,[2.58764846 8.82198156 2.84942269],landing,[-0.62185191  0.08809385  0.93462812]
420.5062267780304,1005,False,2,1,[-4.40178857  6.89876979  4.00115153],cruising,[ 0.50568378 -0.03156594 -0.11489306]
420.60965299606323,1000,False,4,2,[ 5.15002779 -4.45069721  3.9281228 ],cruising,[-0.82138112 -0.19970136 -0.21083176]
420.60965299606323,1001,False,1,3,[ 6.00237044 -4.89116284  4.00015352],cruising,[-0.48080528  0.59740651 -0.20557775]
420.60965299606323,1002,False,3,5,[-8.55377168  7.5477466   3.85909715],landing,[ 0.5677905  -0.59831228 -0.99408226]
420.60965299606323,1003,False,6,4,[8.85310619 8.87295726 1.85037266],entering,[ 0.63925976  0.24903542 -0.34837281]
420.60965299606323,1004,False,5,0,[2.60670681 8.8071     2.75239013],landing,[-0.62185191  0.08809385  0.93462812]
420.60965299606323,1005,False,2,1,[-4.20846265  6.95000541  4.0009788 ],cruising,[ 0.50568378 -0.03156594 -0.11489306]
420.70510840415955,1000,False,4,2,[ 4.96969719 -4.36420517  3.93890438],cruising,[-0.82138112 -0.19970136 -0.21083176]
420.70510840415955,1001,False,1,3,[ 5.82505626 -4.8653105   4.00031787],cruising,[-0.48080528  0.59740651 -0.20557775]
420.70510840415955,1002,False,3,5,[-8.5611726   7.58070665  3.78974249],landing,[ 0.5677905  -0.59831228 -0.99408226]
420.70510840415955,1003,False,6,4,[8.83197369 8.77521568 1.92537266],entering,[ 0.63925976  0.24903542 -0.34837281]
420.70510840415955,1004,False,5,0,[2.62576516 8.79221843 2.65535756],landing,[-0.62185191  0.08809385  0.93462812]
420.70510840415955,1005,False,2,1,[-4.01444675  6.9985629   4.00083198],cruising,[ 0.50568378 -0.03156594 -0.11489306]
420.8112163543701,1000,False,4,2,[ 4.78837394 -4.27981394  3.94806872],cruising,[-0.82138112 -0.19970136 -0.21083176]
420.8112163543701,1001,False,1,3,[ 5.65032311 -4.81962546  4.00043298],cruising,[-0.48080528  0.59740651 -0.20557775]
420.8112163543701,1002,False,3,5,[-8.55665312  7.60450306  3.70719953],landing,[ 0.5677905  -0.59831228 -0.99408226]
420.8112163543701,1003,False,6,4,[8.80677875 8.65789103 2.00037266],entering,[ 0.63925976  0.24903542 -0.34837281]
420.8112163543701,1004,False,5,0,[2.6448235  8.77733687 2.558325  ],landing,[-0.62185191  0.08809385  0.93462812]
420.8112163543701,1005,False,2,1,[-3.82026755  7.04646321  4.00070718],cruising,[ 0.50568378 -0.03156594 -0.11489306]
420.9174358844757,1000,False,4,2,[ 4.60617792 -4.19732387  3.95585842],cruising,[-0.82138112 -0.19970136 -0.21083176]
420.9174358844757,1001,False,1,3,[ 5.47887435 -4.75421201  4.00049744],cruising,[-0.48080528  0.59740651 -0.20557775]
420.9174358844757,1002,False,3,5,[-8.54011185  7.618936    3.61170272],landing,[ 0.5677905  -0.59831228 -0.99408226]
420.9174358844757,1003,False,6,4,[8.77776712 8.52093393 2.07537266],entering,[ 0.63925976  0.24903542 -0.34837281]
420.9174358844757,1004,False,5,0,[2.66388185 8.7624553  2.46129244],landing,[-0.62185191  0.08809385  0.93462812]
420.9174358844757,1005,False,2,1,[-3.62570669  7.09278892  4.0006011 ],cruising,[ 0.50568378 -0.03156594 -0.11489306]
421.0116276741028,1000,False,4,2,[ 4.42268912 -4.11775089  3.96247965],cruising,[-0.82138112 -0.19970136 -0.21083176]
421.0116276741028,1001,False,1,3,[ 5.31045067 -4.66902875  4.00050597],cruising,[-0.48080528  0.59740651 -0.20557775]
421.0116276741028,1002,False,3,5,[-8.52172225  7.63191037  3.51426818],landing,[ 0.5677905  -0.59831228 -0.99408226]
421.0116276741028,1003,False,6,4,[8.745343   8.36427011 2.15037266],entering,[ 0.63925976  0.24903542 -0.34837281]
421.0116276741028,1004,False,5,0,[2.6829402  8.74757374 2.36425987],landing,[-0.62185191  0.08809385  0.93462812]
421.0116276741028,1005,False,2,1,[-3.43006718  7.13432422  4.00051094],cruising,[ 0.50568378 -0.03156594 -0.11489306]
421.1048233509064,1000,False,4,2,[ 4.23879933 -4.03910901  3.96810771],cruising,[-0.82138112 -0.19970136 -0.21083176]
421.1048233509064,1001,False,1,3,[ 5.14443057 -4.56399053  4.00045409],cruising,[-0.48080528  0.59740651 -0.20557775]
421.1048233509064,1002,False,3,5,[-8.50333266  7.64488474  3.41683365],landing,[ 0.5677905  -0.59831228 -0.99408226]
421.1048233509064,1003,False,6,4,[8.70984119 8.18784451 2.22537266],entering,[ 0.63925976  0.24903542 -0.34837281]
421.1048233509064,1004,False,5,0,[2.70199855 8.73269217 2.26722731],landing,[-0.62185191  0.08809385  0.93462812]
421.1048233509064,1005,False,2,1,[-3.23387176  7.17314895  4.0004343 ],cruising,[ 0.50568378 -0.03156594 -0.11489306]
421.20476245880127,1000,False,4,2,[ 4.0541501  -3.9622672   3.97289155],cruising,[-0.82138112 -0.19970136 -0.21083176]
421.20476245880127,1001,False,1,3,[ 4.97466761 -4.45825245  4.00038598],cruising,[-0.48080528  0.59740651 -0.20557775]
421.20476245880127,1002,False,3,5,[-8.48494307  7.65785911  3.31939911],landing,[ 0.5677905  -0.59831228 -0.99408226]
421.20476245880127,1003,False,6,4,[8.67129898 7.99165137 2.30037266],entering,[ 0.63925976  0.24903542 -0.34837281]
421.20476245880127,1004,False,5,0,[2.72105689 8.7178106  2.17019475],landing,[-0.62185191  0.08809385  0.93462812]
421.20476245880127,1005,False,2,1,[-3.03701623  7.20847457  4.00036915],cruising,[ 0.50568378 -0.03156594 -0.11489306]
421.30349373817444,1000,False,4,2,[ 3.86928968 -3.88593487  3.97695782],cruising,[-0.82138112 -0.19970136 -0.21083176]
421.30349373817444,1001,False,1,3,[ 4.80163565 -4.35795321  4.00032808],cruising,[-0.48080528  0.59740651 -0.20557775]
421.30349373817444,1002,False,3,5,[-8.46655348  7.67083348  3.22196458],landing,[ 0.5677905  -0.59831228 -0.99408226]
421.30349373817444,1003,False,6,4,[8.63274823 7.79540193 2.37537266],entering,[ 0.63925976  0.24903542 -0.34837281]
421.30349373817444,1004,False,5,0,[2.74011524 8.70292904 2.07316218],landing,[-0.62185191  0.08809385  0.93462812]
421.30349373817444,1005,False,2,1,[-2.83902195  7.23672815  4.00031378],cruising,[ 0.50568378 -0.03156594 -0.11489306]
421.4138078689575,1000,False,4,2,[ 3.68394617 -3.81078314  3.98041414],cruising,[-0.82138112 -0.19970136 -0.21083176]
421.4138078689575,1001,False,1,3,[ 4.6250662  -4.26402115  4.00027887],cruising,[-0.48080528  0.59740651 -0.20557775]
421.4138078689575,1002,False,3,5,[-8.44816388  7.68380785  3.12453004],landing,[ 0.5677905  -0.59831228 -0.99408226]
421.4138078689575,1003,False,6,4,[8.5948037  7.59903439 2.45037266],entering,[ 0.63925976  0.24903542 -0.34837281]
421.4138078689575,1004,False,5,0,[2.75917359 8.68804747 1.97612962],landing,[-0.62185191  0.08809385  0.93462812]
421.4138078689575,1005,False,2,1,[-2.6404059   7.26021572  4.00026671],cruising,[ 0.50568378 -0.03156594 -0.11489306]
421.50743770599365,1000,False,4,2,[ 3.49840861 -3.73611177  3.98335202],cruising,[-0.82138112 -0.19970136 -0.21083176]
421.50743770599365,1001,False,1,3,[ 4.44663385 -4.17367795  4.00023704],cruising,[-0.48080528  0.59740651 -0.20557775]
421.50743770599365,1002,False,3,5,[-8.42977429  7.69678222  3.02709551],landing,[ 0.5677905  -0.59831228 -0.99408226]
421.50743770599365,1003,False,6,4,[8.55945324 7.40218332 2.52537266],entering,[ 0.63925976  0.24903542 -0.34837281]
421.50743770599365,1004,False,5,0,[2.77823194 8.67316591 1.87909706],landing,[-0.62185191  0.08809385  0.93462812]
421.50743770599365,1005,False,2,1,[-2.44091946  7.27453908  4.00022671],cruising,[ 0.50568378 -0.03156594 -0.11489306]
421.6033778190613,1000,False,4,2,[ 3.3125098  -3.66234434  3.98584922],cruising,[-0.82138112 -0.19970136 -0.21083176]
421.6033778190613,1001,False,1,3,[ 4.26611064 -4.08758862  4.00020148],cruising,[-0.48080528  0.59740651 -0.20557775]
421.6033778190613,1002,False,3,5,[-8.4113847   7.7097566   2.92966097],landing,[ 0.5677905  -0.59831228 -0.99408226]
421.6033778190613,1003,False,6,4,[8.52527341 7.20512561 2.60037266],entering,[ 0.63925976  0.24903542 -0.34837281]
421.6033778190613,1004,False,5,0,[2.79729028 8.65828434 1.78206449],landing,[-0.62185191  0.08809385  0.93462812]
421.6033778190613,1005,False,2,1,[-2.24095519  7.27831966  4.0001927 ],cruising,[ 0.50568378 -0.03156594 -0.11489306]
421.7069847583771,1000,False,4,2,[ 3.12632143 -3.58931085  3.98797184],cruising,[-0.82138112 -0.19970136 -0.21083176]
421.7069847583771,1001,False,1,3,[ 4.0845512  -4.00370675  4.00017126],cruising,[-0.48080528  0.59740651 -0.20557775]
421.7069847583771,1002,False,3,5,[-8.39299511  7.72273097  2.83222644],landing,[ 0.5677905  -0.59831228 -0.99408226]
421.7069847583771,1003,False,6,4,[8.49109358 7.00806791 2.67537266],entering,[ 0.63925976  0.24903542 -0.34837281]
421.7069847583771,1004,False,5,0,[2.81634863 8.64340278 1.68503193],landing,[-0.62185191  0.08809385  0.93462812]
421.7069847583771,1005,False,2,1,[-2.04141681  7.26473897  4.0001638 ],cruising,[ 0.50568378 -0.03156594 -0.11489306]
421.81419801712036,1000,False,4,2,[ 2.93979532 -3.5171443   3.98977606],cruising,[-0.82138112 -0.19970136 -0.21083176]
421.81419801712036,1001,False,1,3,[ 3.90174129 -3.92258625  4.00014557],cruising,[-0.48080528  0.59740651 -0.20557775]
421.81419801712036,1002,False,3,5,[-8.37460552  7.73570534  2.73479191],landing,[ 0.5677905  -0.59831228 -0.99408226]
421.81419801712036,1003,False,6,4,[8.45843336 6.81075265 2.75037266],entering,[ 0.63925976  0.24903542 -0.34837281]
421.81419801712036,1004,False,5,0,[2.83540698 8.62852121 1.58799936],landing,[-0.62185191  0.08809385  0.93462812]
421.81419801712036,1005,False,2,1,[-1.84406108  7.23232427  4.00013923],cruising,[ 0.50568378 -0.03156594 -0.11489306]
421.90827107429504,1000,False,4,2,[ 2.75280023 -3.44620184  3.99130965],cruising,[-0.82138112 -0.19970136 -0.21083176]
421.90827107429504,1001,False,1,3,[ 3.7182996  -3.8429047   4.00012374],cruising,[-0.48080528  0.59740651 -0.20557775]
421.90827107429504,1002,False,3,5,[-8.35621592  7.74867971  2.63735737],landing,[ 0.5677905  -0.59831228 -0.99408226]
421.90827107429504,1003,False,6,4,[8.42929399 6.61288679 2.82537266],entering,[ 0.63925976  0.24903542 -0.34837281]
421.90827107429504,1004,False,5,0,[2.85446532 8.61363965 1.4909668 ],fake_landed,[-0.62185191  0.08809385  0.93462812]
421.90827107429504,1005,False,2,1,[-1.6488838   7.18866846  4.00011834],cruising,[ 0.50568378 -0.03156594 -0.11489306]
422.01497292518616,1000,False,4,2,[ 2.56518869 -3.37690601  3.9926132 ],cruising,[-0.82138112 -0.19970136 -0.21083176]
422.01497292518616,1001,False,1,3,[ 3.53406366 -3.76507723  4.00010518],cruising,[-0.48080528  0.59740651 -0.20557775]
422.01497292518616,1002,False,3,5,[-8.33782633  7.76165408  2.53992284],landing,[ 0.5677905  -0.59831228 -0.99408226]
422.01497292518616,1003,False,6,4,[8.40015462 6.41502094 2.90037266],entering,[ 0.63925976  0.24903542 -0.34837281]
422.01497292518616,1004,False,5,0,[2.869712   8.60173439 1.41334075],fake_landed,[-0.62185191  0.08809385  0.93462812]
422.01497292518616,1005,False,2,1,[-1.45795631  7.12911432  4.00010059],cruising,[ 0.50568378 -0.03156594 -0.11489306]
422.11071252822876,1000,False,4,2,[ 2.37713665 -3.30881467  3.99372122],cruising,[-0.82138112 -0.19970136 -0.21083176]
422.11071252822876,1001,False,1,3,[ 3.34933693 -3.68842191  4.0000894 ],cruising,[-0.48080528  0.59740651 -0.20557775]
422.11071252822876,1002,False,3,5,[-8.31943674  7.77462845  2.4424883 ],landing,[ 0.5677905  -0.59831228 -0.99408226]
422.11071252822876,1003,False,6,4,[8.37358487 6.21679367 2.97537266],entering,[ 0.63925976  0.24903542 -0.34837281]
422.11071252822876,1004,False,5,0,[2.88114701 8.59280545 1.35512121],fake_landed,[-0.62185191  0.08809385  0.93462812]
422.11071252822876,1005,False,2,1,[-1.27158397  7.05655159  4.0000855 ],cruising,[ 0.50568378 -0.03156594 -0.11489306]
422.20787048339844,1000,False,4,2,[ 2.18818287 -3.24326721  3.99466304],cruising,[-0.82138112 -0.19970136 -0.21083176]
422.20787048339844,1001,False,1,3,[ 3.16405875 -3.61310927  4.00007599],cruising,[-0.48080528  0.59740651 -0.20557775]
422.20787048339844,1002,False,3,5,[-8.30104715  7.78760282  2.34505377],landing,[ 0.5677905  -0.59831228 -0.99408226]
422.20787048339844,1003,False,6,4,[8.35009881 6.01817745 3.05037266],entering,[ 0.63925976  0.24903542 -0.34837281]
422.20787048339844,1004,False,5,0,[2.88877035 8.58685283 1.31630819],fake_landed,[-0.62185191  0.08809385  0.93462812]
422.20787048339844,1005,False,2,1,[-1.08958795  6.97362122  4.00007268],cruising,[ 0.50568378 -0.03156594 -0.11489306]
422.31360507011414,1000,False,4,2,[ 1.99815197 -3.18091133  3.99546358],cruising,[-0.82138112 -0.19970136 -0.21083176]
422.31360507011414,1001,False,1,3,[ 2.97824284 -3.53913327  4.00006459],cruising,[-0.48080528  0.59740651 -0.20557775]
422.31360507011414,1002,False,3,5,[-8.28265755  7.8005772   2.24761923],landing,[ 0.5677905  -0.59831228 -0.99408226]
422.31360507011414,1003,False,6,4,[8.3279022  5.81941299 3.12537266],entering,[ 0.63925976  0.24903542 -0.34837281]
422.31360507011414,1004,False,5,0,[2.89258202 8.58387651 1.29690167],fake_landed,[-0.62185191  0.08809385  0.93462812]
422.31360507011414,1005,False,2,1,[-0.91148043  6.88263928  4.00006178],cruising,[ 0.50568378 -0.03156594 -0.11489306]
422.40576577186584,1000,False,4,2,[ 1.80747089 -3.1205729   3.99614405],cruising,[-0.82138112 -0.19970136 -0.21083176]
422.40576577186584,1001,False,1,3,[ 2.79180789 -3.46673154  4.0000549 ],cruising,[-0.48080528  0.59740651 -0.20557775]
422.40576577186584,1002,False,3,5,[-8.26426796  7.81355157  2.1501847 ],landing,[ 0.5677905  -0.59831228 -0.99408226]
422.40576577186584,1003,False,6,4,[8.3105172  5.62017002 3.20037266],entering,[ 0.63925976  0.24903542 -0.34837281]
422.40576577186584,1004,False,5,0,[2.89258202 8.58387651 1.29690167],fake_landed,[-0.62185191  0.08809385  0.93462812]
422.40576577186584,1005,False,2,1,[-0.73548068  6.78764408  4.00005251],cruising,[ 0.50568378 -0.03156594 -0.11489306]
422.50442242622375,1000,False,4,2,[ 1.61530328 -3.0651508   3.99672244],cruising,[-0.82138112 -0.19970136 -0.21083176]
422.50442242622375,1001,False,1,3,[ 2.60487388 -3.39562827  4.00004667],cruising,[-0.48080528  0.59740651 -0.20557775]
422.50442242622375,1002,False,3,5,[-8.24587837  7.82652594  2.05275016],landing,[ 0.5677905  -0.59831228 -0.99408226]
422.50442242622375,1003,False,6,4,[8.29593311 5.42070246 3.27537266],entering,[ 0.63925976  0.24903542 -0.34837281]
422.50442242622375,1004,False,0,6,[2.89258202 8.58387651 1.29690167],waiting,[-0.62185191  0.08809385  0.93462812]
422.50442242622375,1005,False,2,1,[-0.56248746  6.68727802  4.00004463],cruising,[ 0.50568378 -0.03156594 -0.11489306]
422.60639476776123,1000,False,4,2,[ 1.42145896 -3.01591278  3.99721407],cruising,[-0.82138112 -0.19970136 -0.21083176]
422.60639476776123,1001,False,1,3,[ 2.4171375  -3.32667138  4.00003967],cruising,[-0.48080528  0.59740651 -0.20557775]
422.60639476776123,1002,False,3,5,[-8.22748878  7.83950031  1.95531563],landing,[ 0.5677905  -0.59831228 -0.99408226]
422.60639476776123,1003,False,6,4,[8.28233036 5.22116559 3.35037266],entering,[ 0.63925976  0.24903542 -0.34837281]
422.60639476776123,1004,False,0,6,[2.89258202 8.58387651 1.29690167],queued,[-0.62185191  0.08809385  0.93462812]
422.60639476776123,1005,False,2,1,[-0.39168251  6.58323154  4.00003794],cruising,[ 0.50568378 -0.03156594 -0.11489306]
422.7029254436493,1000,False,4,2,[ 1.22577338 -2.97459507  3.99763196],cruising,[-0.82138112 -0.19970136 -0.21083176]
422.7029254436493,1001,False,1,3,[ 2.22845651 -3.26034279  4.00003372],cruising,[-0.48080528  0.59740651 -0.20557775]
422.7029254436493,1002,False,3,5,[-8.20909918  7.85247468  1.85788109],landing,[ 0.5677905  -0.59831228 -0.99408226]
422.7029254436493,1003,False,6,4,[8.27768202 5.02121961 3.42537266],entering,[ 0.63925976  0.24903542 -0.34837281]
422.7029254436493,1004,False,0,6,[2.89258202 8.58387651 1.31690167],queued,[-0.62185191  0.08809385  0.93462812]
422.7029254436493,1005,False,2,1,[-0.22177412  6.47772732  4.00003225],cruising,[ 0.50568378 -0.03156594 -0.11489306]
422.8109335899353,1000,False,4,2,[ 1.0273628  -2.94943083  3.99798717],cruising,[-0.82138112 -0.19970136 -0.21083176]
422.8109335899353,1001,False,1,3,[ 2.03916862 -3.19576652  4.00002866],cruising,[-0.48080528  0.59740651 -0.20557775]
422.8109335899353,1002,False,3,5,[-8.19070959  7.86544905  1.76044656],landing,[ 0.5677905  -0.59831228 -0.99408226]
422.8109335899353,1003,False,6,4,[8.27848514 4.82122123 3.50037266],entering,[ 0.63925976  0.24903542 -0.34837281]
422.8109335899353,1004,False,0,6,[2.89258202 8.58387651 1.35690167],queued,[-0.62185191  0.08809385  0.93462812]
422.8109335899353,1005,False,2,1,[-0.05291133  6.37055757  4.00002741],cruising,[ 0.50568378 -0.03156594 -0.11489306]
422.9097583293915,1000,False,4,2,[ 0.82765953 -2.93854022  3.99828909],cruising,[-0.82138112 -0.19970136 -0.21083176]
422.9097583293915,1001,False,1,3,[ 1.84860285 -3.13506489  4.00002436],cruising,[-0.48080528  0.59740651 -0.20557775]
422.9097583293915,1002,False,3,5,[-8.17232     7.87842342  1.66301202],landing,[ 0.5677905  -0.59831228 -0.99408226]
422.9097583293915,1003,False,6,4,[8.28344096 4.62128264 3.57531676],entering,[ 0.63925976  0.24903542 -0.34837281]
422.9097583293915,1004,False,0,6,[2.89258202 8.58387651 1.41690167],queued,[-0.62185191  0.08809385  0.93462812]
422.9097583293915,1005,False,2,1,[0.11577555 6.26311113 4.0000233 ],cruising,[ 0.50568378 -0.03156594 -0.11489306]
423.01349449157715,1000,False,4,2,[ 0.62772165 -2.94352444  3.99854573],cruising,[-0.82138112 -0.19970136 -0.21083176]
423.01349449157715,1001,False,1,3,[ 1.65657561 -3.07915836  4.00002071],cruising,[-0.48080528  0.59740651 -0.20557775]
423.01349449157715,1002,False,3,5,[-8.15393041  7.8913978   1.56557749],landing,[ 0.5677905  -0.59831228 -0.99408226]
423.01349449157715,1003,False,6,4,[8.29308921 4.42151549 3.63901925],entering,[ 0.63925976  0.24903542 -0.34837281]
423.01349449157715,1004,False,0,6,[2.89258202 8.58387651 1.49190167],queued,[-0.62185191  0.08809385  0.93462812]
423.01349449157715,1005,False,2,1,[0.28454897 6.15580069 4.0000198 ],cruising,[ 0.50568378 -0.03156594 -0.11489306]
423.10920691490173,1000,False,4,2,[ 0.42871557 -2.9634388   3.99876387],cruising,[-0.82138112 -0.19970136 -0.21083176]
423.10920691490173,1001,False,1,3,[ 1.4628948  -3.02928107  4.0000176 ],cruising,[-0.48080528  0.59740651 -0.20557775]
423.10920691490173,1002,False,3,5,[-8.13554081  7.90437217  1.46814295],fake_landed,[ 0.5677905  -0.59831228 -0.99408226]
423.10920691490173,1003,False,6,4,[8.30561998 4.22190843 3.69316636],entering,[ 0.63925976  0.24903542 -0.34837281]
423.10920691490173,1004,False,0,6,[2.89258202 8.58387651 1.56690167],queued,[-0.62185191  0.08809385  0.93462812]
423.10920691490173,1005,False,2,1,[0.45382665 6.04928746 4.00001683],cruising,[ 0.50568378 -0.03156594 -0.11489306]
423.2181587219238,1000,False,4,2,[ 0.23166042 -2.99763337  3.99894929],cruising,[-0.82138112 -0.19970136 -0.21083176]
423.2181587219238,1001,False,1,3,[ 1.26738783 -2.98712632  4.00001496],cruising,[-0.48080528  0.59740651 -0.20557775]
423.2181587219238,1002,False,3,5,[-8.12082914  7.91475166  1.39019532],fake_landed,[ 0.5677905  -0.59831228 -0.99408226]
423.2181587219238,1003,False,6,4,[8.31556097 4.02215564 3.73919141],entering,[ 0.63925976  0.24903542 -0.34837281]
423.2181587219238,1004,False,0,6,[2.89258202 8.58387651 1.64190167],queued,[-0.62185191  0.08809385  0.93462812]
423.2181587219238,1005,False,2,1,[0.62387038 5.94400152 4.00001431],cruising,[ 0.50568378 -0.03156594 -0.11489306]
423.31634759902954,1000,False,4,2,[ 0.03740001 -3.04520326  3.9991069 ],cruising,[-0.82138112 -0.19970136 -0.21083176]
423.31634759902954,1001,False,1,3,[ 1.06997429 -2.95506551  4.00001272],cruising,[-0.48080528  0.59740651 -0.20557775]
423.31634759902954,1002,False,3,5,[-8.10979538  7.92253629  1.3317346 ],fake_landed,[ 0.5677905  -0.59831228 -0.99408226]
423.31634759902954,1003,False,6,4,[8.33068297 3.82272815 3.77831269],cruising,[ 0.63925976  0.24903542 -0.34837281]
423.31634759902954,1004,False,0,6,[2.89258202 8.58387651 1.71690167],queued,[-0.62185191  0.08809385  0.93462812]
423.31634759902954,1005,False,2,1,[0.7954445  5.84122836 4.00001216],cruising,[ 0.50568378 -0.03156594 -0.11489306]
423.40847063064575,1000,False,4,2,[-0.1522852  -3.10860293  3.99924086],cruising,[-0.82138112 -0.19970136 -0.21083176]
423.40847063064575,1001,False,1,3,[ 0.87038462 -2.94288597  4.0000108 ],cruising,[-0.48080528  0.59740651 -0.20557775]
423.40847063064575,1002,False,3,5,[-8.10243955  7.92772604  1.29276079],fake_landed,[ 0.5677905  -0.59831228 -0.99408226]
423.40847063064575,1003,False,6,4,[8.33997917 3.62294431 3.81156579],cruising,[ 0.63925976  0.24903542 -0.34837281]
423.40847063064575,1004,False,0,6,[2.89258202 8.58387651 1.79190167],queued,[-0.62185191  0.08809385  0.93462812]
423.40847063064575,1005,False,2,1,[0.96836204 5.74073197 4.00001034],cruising,[ 0.50568378 -0.03156594 -0.11489306]
423.5110890865326,1000,False,4,2,[-0.33853402 -3.18148212  3.99935473],cruising,[-0.82138112 -0.19970136 -0.21083176]
423.5110890865326,1001,False,1,3,[ 0.6703861  -2.94211515  4.00000918],cruising,[-0.48080528  0.59740651 -0.20557775]
423.5110890865326,1002,False,3,5,[-8.09876163  7.93032091  1.27327388],fake_landed,[ 0.5677905  -0.59831228 -0.99408226]
423.5110890865326,1003,False,6,4,[8.34759201 3.42308925 3.83983092],cruising,[ 0.63925976  0.24903542 -0.34837281]
423.5110890865326,1004,False,0,6,[2.89258202 8.58387651 1.86690167],queued,[-0.62185191  0.08809385  0.93462812]
423.5110890865326,1005,False,2,1,[1.14363969 5.64441091 4.00000879],cruising,[ 0.50568378 -0.03156594 -0.11489306]
423.616060256958,1000,False,4,2,[-0.52046956 -3.26454511  3.99945152],cruising,[-0.82138112 -0.19970136 -0.21083176]
423.616060256958,1001,False,1,3,[ 0.47093719 -2.95695193  4.0000078 ],cruising,[-0.48080528  0.59740651 -0.20557775]
423.616060256958,1002,False,5,0,[-8.09876163  7.93032091  1.27327388],waiting,[ 0.5677905  -0.59831228 -0.99408226]
423.616060256958,1003,False,6,4,[8.36124962 3.22355612 3.86385628],cruising,[ 0.63925976  0.24903542 -0.34837281]
423.616060256958,1004,False,0,6,[2.89258202 8.58387651 1.94190167],queued,[-0.62185191  0.08809385  0.93462812]
423.616060256958,1005,False,2,1,[1.32071139 5.55142913 4.00000747],cruising,[ 0.50568378 -0.03156594 -0.11489306]
423.70605540275574,1000,False,4,2,[-0.69942546 -3.35384678  3.99953379],cruising,[-0.82138112 -0.19970136 -0.21083176]
423.70605540275574,1001,False,1,3,[ 0.27316215 -2.98670144  4.00000663],cruising,[-0.48080528  0.59740651 -0.20557775]
423.70605540275574,1002,False,5,0,[-8.09876163  7.93032091  1.27327388],waiting,[ 0.5677905  -0.59831228 -0.99408226]
423.70605540275574,1003,False,6,4,[8.37348254 3.02393058 3.88427784],cruising,[ 0.63925976  0.24903542 -0.34837281]
423.70605540275574,1004,False,0,6,[2.89258202 8.58387651 2.01690167],queued,[-0.62185191  0.08809385  0.93462812]
423.70605540275574,1005,False,2,1,[1.49979283 5.46237948 4.00000635],cruising,[ 0.50568378 -0.03156594 -0.11489306]
423.8054549694061,1000,False,4,2,[-0.87735334 -3.4451795   3.99960372],cruising,[-0.82138112 -0.19970136 -0.21083176]
423.8054549694061,1001,False,1,3,[ 0.07900446 -3.03468886  4.00000564],cruising,[-0.48080528  0.59740651 -0.20557775]
423.8054549694061,1002,False,5,0,[-8.09876163  7.93032091  1.27327388],waiting,[ 0.5677905  -0.59831228 -0.99408226]
423.8054549694061,1003,False,6,4,[8.38506818 2.82426643 3.90163617],cruising,[ 0.63925976  0.24903542 -0.34837281]
423.8054549694061,1004,False,0,6,[2.89258202 8.58387651 2.09190167],queued,[-0.62185191  0.08809385  0.93462812]
423.8054549694061,1005,False,2,1,[1.68210036 5.38013617 4.0000054 ],cruising,[ 0.50568378 -0.03156594 -0.11489306]
423.91331005096436,1000,False,4,2,[-1.05671858 -3.53365612  3.99966317],cruising,[-0.82138112 -0.19970136 -0.21083176]
423.91331005096436,1001,False,1,3,[-0.1119254  -3.09423537  4.00000479],exiting,[-0.48080528  0.59740651 -0.20557775]
423.91331005096436,1002,False,5,0,[-8.09876163  7.93032091  1.27327388],waiting,[ 0.5677905  -0.59831228 -0.99408226]
423.91331005096436,1003,False,6,4,[8.40014096 2.62483521 3.91639074],cruising,[ 0.63925976  0.24903542 -0.34837281]
423.91331005096436,1004,False,0,6,[2.89258202 8.58387651 2.16690167],queued,[-0.62185191  0.08809385  0.93462812]
423.91331005096436,1005,False,2,1,[1.86660144 5.30293932 4.00000459],cruising,[ 0.50568378 -0.03156594 -0.11489306]
424.0052525997162,1000,False,4,2,[-1.24154601 -3.6100683   3.99971369],cruising,[-0.82138112 -0.19970136 -0.21083176]
424.0052525997162,1001,False,1,3,[-0.28330207 -3.15798575  4.00000395],exiting,[-0.48080528  0.59740651 -0.20557775]
424.0052525997162,1002,False,5,0,[-8.09876163  7.93032091  1.27327388],waiting,[ 0.5677905  -0.59831228 -0.99408226]
424.0052525997162,1003,False,6,4,[8.41343852 2.42527777 3.92893213],cruising,[ 0.63925976  0.24903542 -0.34837281]
424.0052525997162,1004,False,0,6,[2.89258202 8.58387651 2.24190167],queued,[-0.62185191  0.08809385  0.93462812]
424.0052525997162,1005,False,2,1,[2.05340364 5.23149049 4.0000039 ],cruising,[ 0.50568378 -0.03156594 -0.11489306]
424.1114709377289,1000,False,4,2,[-1.43277958 -3.66753422  3.99975847],cruising,[-0.82138112 -0.19970136 -0.21083176]
424.1114709377289,1001,False,1,3,[-0.43511268 -3.22587972  4.00000312],exiting,[-0.48080528  0.59740651 -0.20557775]
424.1114709377289,1002,False,5,0,[-8.09876163  7.93032091  1.27327388],waiting,[ 0.5677905  -0.59831228 -0.99408226]
424.1114709377289,1003,False,6,4,[8.42843685 2.22584093 3.93959231],cruising,[ 0.63925976  0.24903542 -0.34837281]
424.1114709377289,1004,False,0,6,[2.89258202 8.58387651 2.31690167],queued,[-0.62185191  0.08809385  0.93462812]
424.1114709377289,1005,False,2,1,[2.24254738 5.16649322 4.00000331],cruising,[ 0.50568378 -0.03156594 -0.11489306]
424.205406665802,1000,False,4,2,[-1.62717017 -3.70525087  3.99980019],cruising,[-0.82138112 -0.19970136 -0.21083176]
424.205406665802,1001,False,1,3,[-0.56734164 -3.29784297  4.00000232],exiting,[-0.48080528  0.59740651 -0.20557775]
424.205406665802,1002,False,5,0,[-8.09876163  7.93032091  1.27327388],waiting,[ 0.5677905  -0.59831228 -0.99408226]
424.205406665802,1003,False,6,4,[8.44093122 2.02623159 3.94865346],cruising,[ 0.63925976  0.24903542 -0.34837281]
424.205406665802,1004,False,0,6,[2.89258202 8.58387651 2.39190167],entering,[-0.62185191  0.08809385  0.93462812]
424.205406665802,1005,False,2,1,[2.43628706 5.11684508 4.00000282],cruising,[ 0.50568378 -0.03156594 -0.11489306]
424.3165192604065,1000,False,4,2,[-1.82153466 -3.72296754  3.99983942],cruising,[-0.82138112 -0.19970136 -0.21083176]
424.3165192604065,1001,False,1,3,[-0.67996985 -3.37378248  4.00000157],exiting,[-0.48080528  0.59740651 -0.20557775]
424.3165192604065,1002,False,5,0,[-8.09876163  7.93032091  1.27327388],waiting,[ 0.5677905  -0.59831228 -0.99408226]
424.3165192604065,1003,False,6,4,[8.45395138 1.82665585 3.95635544],cruising,[ 0.63925976  0.24903542 -0.34837281]
424.3165192604065,1004,False,0,6,[2.88897112 8.56420518 2.46690167],entering,[-0.62185191  0.08809385  0.93462812]
424.3165192604065,1005,False,2,1,[2.63202172 5.07576051 4.00000239],cruising,[ 0.50568378 -0.03156594 -0.11489306]
424.4057242870331,1000,False,4,2,[-2.01286724 -3.72091535  3.99987631],cruising,[-0.82138112 -0.19970136 -0.21083176]
424.4057242870331,1001,False,1,3,[-0.77297281 -3.45357551  4.00000089],exiting,[-0.48080528  0.59740651 -0.20557775]
424.4057242870331,1002,False,5,0,[-8.09876163  7.93032091  1.27327388],waiting,[ 0.5677905  -0.59831228 -0.99408226]
424.4057242870331,1003,False,6,4,[8.46410353 1.62691368 3.96290213],cruising,[ 0.63925976  0.24903542 -0.34837281]
424.4057242870331,1004,False,0,6,[2.88177387 8.52485802 2.54190167],entering,[-0.62185191  0.08809385  0.93462812]
424.4057242870331,1005,False,2,1,[2.82913368 5.04189495 4.00000204],cruising,[ 0.50568378 -0.03156594 -0.11489306]
424.51025199890137,1000,False,4,2,[-2.19853318 -3.69968274  3.99991088],cruising,[-0.82138112 -0.19970136 -0.21083176]
424.51025199890137,1001,False,1,3,[-0.84631623 -3.53704309  4.00000031],exiting,[-0.48080528  0.59740651 -0.20557775]
424.51025199890137,1002,False,5,0,[-8.09876163  7.93032091  1.27327388],waiting,[ 0.5677905  -0.59831228 -0.99408226]
424.51025199890137,1003,False,6,4,[8.47404277 1.42716081 3.96846681],cruising,[ 0.63925976  0.24903542 -0.34837281]
424.51025199890137,1004,False,0,6,[2.87123653 8.46579174 2.61690167],entering,[-0.62185191  0.08809385  0.93462812]
424.51025199890137,1005,False,2,1,[3.02717759 5.01399135 4.00000173],cruising,[ 0.50568378 -0.03156594 -0.11489306]
424.6036901473999,1000,False,4,2,[-2.37613376 -3.66014848  3.99994306],cruising,[-0.82138112 -0.19970136 -0.21083176]
424.6036901473999,1001,False,1,3,[-0.89997676 -3.62405805  3.99999984],exiting,[-0.48080528  0.59740651 -0.20557775]
424.6036901473999,1002,False,5,0,[-8.09876163  7.93032091  1.27327388],waiting,[ 0.5677905  -0.59831228 -0.99408226]
424.6036901473999,1003,False,6,4,[8.48325603 1.22737313 3.97319679],cruising,[ 0.63925976  0.24903542 -0.34837281]
424.6036901473999,1004,False,0,6,[2.85753538 8.38697728 2.69190167],entering,[-0.62185191  0.08809385  0.93462812]
424.6036901473999,1005,False,2,1,[3.22584048 4.99090331 4.00000147],cruising,[ 0.50568378 -0.03156594 -0.11489306]
424.71441626548767,1000,False,4,2,[-2.54348652 -3.60343917  3.99997279],cruising,[-0.82138112 -0.19970136 -0.21083176]
424.71441626548767,1001,False,1,3,[-0.93393084 -3.71448713  3.99999952],exiting,[-0.48080528  0.59740651 -0.20557775]
424.71441626548767,1002,False,5,0,[-8.09876163  7.93032091  1.27327388],waiting,[ 0.5677905  -0.59831228 -0.99408226]
424.71441626548767,1003,False,6,4,[8.48902699 1.02745641 3.97721727],cruising,[ 0.63925976  0.24903542 -0.34837281]
424.71441626548767,1004,False,0,6,[2.84090875 8.28837795 2.76690167],entering,[-0.62185191  0.08809385  0.93462812]
424.71441626548767,1005,False,2,1,[3.42490676 4.97160005 4.00000125],cruising,[ 0.50568378 -0.03156594 -0.11489306]
424.80804467201233,1000,False,4,2,[-2.69874833 -3.53079849  3.99999994],cruising,[-0.82138112 -0.19970136 -0.21083176]
424.80804467201233,1001,False,1,3,[-0.94815505 -3.80819211  3.99999936],exiting,[-0.48080528  0.59740651 -0.20557775]
424.80804467201233,1002,False,5,0,[-8.09876163  7.93032091  1.27327388],queued,[ 0.5677905  -0.59831228 -0.99408226]
424.80804467201233,1003,False,6,4,[8.49383631 0.82751424 3.98063468],cruising,[ 0.63925976  0.24903542 -0.34837281]
424.80804467201233,1004,False,0,6,[2.82228374 8.1698787  2.84190167],entering,[-0.62185191  0.08809385  0.93462812]
424.80804467201233,1005,False,2,1,[3.62422995 4.95516028 4.00000106],cruising,[ 0.50568378 -0.03156594 -0.11489306]
424.914897441864,1000,False,4,2,[-2.84030075 -3.44359577  4.00002437],cruising,[-0.82138112 -0.19970136 -0.21083176]
424.914897441864,1001,False,1,3,[-0.94262631 -3.90503104  3.99999937],exiting,[-0.48080528  0.59740651 -0.20557775]
424.914897441864,1002,False,5,0,[-8.09876163  7.93032091  1.29327388],queued,[ 0.5677905  -0.59831228 -0.99408226]
424.914897441864,1003,False,6,4,[8.49737434 0.62754554 3.98353948],cruising,[ 0.63925976  0.24903542 -0.34837281]
424.914897441864,1004,False,0,6,[2.80283923 8.03139625 2.91690167],entering,[-0.62185191  0.08809385  0.93462812]
424.914897441864,1005,False,2,1,[3.82371087 4.9407602  4.0000009 ],cruising,[ 0.50568378 -0.03156594 -0.11489306]
425.0080473423004,1000,False,4,2,[-2.966688   -3.34335398  4.00004595],cruising,[-0.82138112 -0.19970136 -0.21083176]
425.0080473423004,1001,False,1,3,[-0.92571509 -4.00359071  3.99999948],exiting,[-0.48080528  0.59740651 -0.20557775]
425.0080473423004,1002,False,5,0,[-8.09876163  7.93032091  1.33327388],queued,[ 0.5677905  -0.59831228 -0.99408226]
425.0080473423004,1003,False,6,4,[8.49730872 0.42754555 3.98600856],cruising,[ 0.63925976  0.24903542 -0.34837281]
425.0080473423004,1004,False,0,6,[2.78435495 7.87293686 2.99190167],entering,[-0.62185191  0.08809385  0.93462812]
425.0080473423004,1005,False,2,1,[4.02328127 4.92765848 4.00000077],cruising,[ 0.50568378 -0.03156594 -0.11489306]
425.11772179603577,1000,False,4,2,[-3.07667813 -3.23166079  4.0000645 ],cruising,[-0.82138112 -0.19970136 -0.21083176]
425.11772179603577,1001,False,1,3,[-0.90880386 -4.10215039  3.99999957],exiting,[-0.48080528  0.59740651 -0.20557775]
425.11772179603577,1002,False,5,0,[-8.09876163  7.93032091  1.39327388],queued,[ 0.5677905  -0.59831228 -0.99408226]
425.11772179603577,1003,False,6,4,[8.49593011 0.2275503  3.98810727],cruising,[ 0.63925976  0.24903542 -0.34837281]
425.11772179603577,1004,False,0,6,[2.76842737 7.69464156 3.06690167],entering,[-0.62185191  0.08809385  0.93462812]
425.11772179603577,1005,False,2,1,[4.22286655 4.91478541 4.00000065],cruising,[ 0.50568378 -0.03156594 -0.11489306]
425.2029082775116,1000,False,4,2,[-3.16918268 -3.11025912  4.00007984],cruising,[-0.82138112 -0.19970136 -0.21083176]
425.2029082775116,1001,False,1,3,[-0.89189263 -4.20071007  3.99999965],exiting,[-0.48080528  0.59740651 -0.20557775]
425.2029082775116,1002,False,5,0,[-8.09876163  7.93032091  1.46827388],queued,[ 0.5677905  -0.59831228 -0.99408226]
425.2029082775116,1003,False,6,4,[8.49301631 0.02757152 3.98989118],cruising,[ 0.63925976  0.24903542 -0.34837281]
425.2029082775116,1004,False,0,6,[2.76263939 7.49910711 3.14190167],entering,[-0.62185191  0.08809385  0.93462812]
425.2029082775116,1005,False,2,1,[4.42247767 4.90231949 4.00000055],cruising,[ 0.50568378 -0.03156594 -0.11489306]
425.3175730705261,1000,False,4,2,[-3.24366152 -2.98019294  4.00009185],cruising,[-0.82138112 -0.19970136 -0.21083176]
425.3175730705261,1001,False,1,3,[-0.87498141 -4.29926975  3.99999971],exiting,[-0.48080528  0.59740651 -0.20557775]
425.3175730705261,1002,False,5,0,[-8.09876163  7.93032091  1.54327388],queued,[ 0.5677905  -0.59831228 -0.99408226]
425.3175730705261,1003,False,6,4,[ 8.48839124 -0.17237499  3.9914075 ],cruising,[ 0.63925976  0.24903542 -0.34837281]
425.3175730705261,1004,False,0,6,[2.76765428 7.29917    3.21690167],entering,[-0.62185191  0.08809385  0.93462812]
425.3175730705261,1005,False,2,1,[4.62207056 4.88956501 4.00000047],cruising,[ 0.50568378 -0.03156594 -0.11489306]
425.40819239616394,1000,False,4,2,[-3.29985532 -2.84202385  4.00010038],cruising,[-0.82138112 -0.19970136 -0.21083176]
425.40819239616394,1001,False,1,3,[-0.85807018 -4.39782943  3.99999976],exiting,[-0.48080528  0.59740651 -0.20557775]
425.40819239616394,1002,False,5,0,[-8.09876163  7.93032091  1.61827388],queued,[ 0.5677905  -0.59831228 -0.99408226]
425.40819239616394,1003,False,6,4,[ 8.47986234 -0.37219305  3.99269638],cruising,[ 0.63925976  0.24903542 -0.34837281]
425.40819239616394,1004,False,0,6,[2.7862605  7.10003735 3.29190167],entering,[-0.62185191  0.08809385  0.93462812]
425.40819239616394,1005,False,2,1,[4.8216013 4.8758725 4.0000004],cruising,[ 0.50568378 -0.03156594 -0.11489306]
425.50468158721924,1000,False,4,2,[-3.33760087 -2.69613064  4.00010534],cruising,[-0.82138112 -0.19970136 -0.21083176]
425.50468158721924,1001,False,1,3,[-0.84115895 -4.49638911  3.9999998 ],exiting,[-0.48080528  0.59740651 -0.20557775]
425.50468158721924,1002,False,5,0,[-8.09876163  7.93032091  1.69327388],queued,[ 0.5677905  -0.59831228 -0.99408226]
425.50468158721924,1003,False,6,4,[ 8.46969845 -0.57193462  3.99379192],cruising,[ 0.63925976  0.24903542 -0.34837281]
425.50468158721924,1004,False,0,6,[2.82173198 6.90320805 3.36690167],entering,[-0.62185191  0.08809385  0.93462812]
425.50468158721924,1005,False,2,1,[5.02101871 4.86061802 4.00000034],cruising,[ 0.50568378 -0.03156594 -0.11489306]
425.6141846179962,1000,False,4,2,[-3.35677758 -2.54280788  4.00010664],cruising,[-0.82138112 -0.19970136 -0.21083176]
425.6141846179962,1001,False,1,3,[-0.82424773 -4.59494879  3.99999984],exiting,[-0.48080528  0.59740651 -0.20557775]
425.6141846179962,1002,False,5,0,[-8.09876163  7.93032091  1.76827388],queued,[ 0.5677905  -0.59831228 -0.99408226]
425.6141846179962,1003,False,6,4,[ 8.45771938 -0.77157556  3.99472313],cruising,[ 0.63925976  0.24903542 -0.34837281]
425.6141846179962,1004,False,0,6,[2.86914134 6.70890841 3.44190167],entering,[-0.62185191  0.08809385  0.93462812]
425.6141846179962,1005,False,2,1,[5.22034766 4.84424835 4.00000029],cruising,[ 0.50568378 -0.03156594 -0.11489306]
425.7070393562317,1000,False,4,2,[-3.35749266 -2.38179303  4.00010419],cruising,[-0.82138112 -0.19970136 -0.21083176]
425.7070393562317,1001,False,1,3,[-0.8073365  -4.69350847  3.99999987],exiting,[-0.48080528  0.59740651 -0.20557775]
425.7070393562317,1002,False,5,0,[-8.09876163  7.93032091  1.84327388],queued,[ 0.5677905  -0.59831228 -0.99408226]
425.7070393562317,1003,False,6,4,[ 8.44377058 -0.97108854  3.99551466],cruising,[ 0.63925976  0.24903542 -0.34837281]
425.7070393562317,1004,False,0,6,[2.93272708 6.51928548 3.51690167],entering,[-0.62185191  0.08809385  0.93462812]
425.7070393562317,1005,False,2,1,[5.41943497 4.82516316 4.00000025],cruising,[ 0.50568378 -0.03156594 -0.11489306]
425.8161416053772,1000,False,4,2,[-3.34014878 -2.21218319  4.00009789],cruising,[-0.82138112 -0.19970136 -0.21083176]
425.8161416053772,1001,False,1,3,[-0.79042528 -4.79206815  3.99999989],exiting,[-0.48080528  0.59740651 -0.20557775]
425.8161416053772,1002,False,5,0,[-8.09876163  7.93032091  1.91827388],queued,[ 0.5677905  -0.59831228 -0.99408226]
425.8161416053772,1003,False,6,4,[ 8.42553592 -1.17025555  3.99618746],cruising,[ 0.63925976  0.24903542 -0.34837281]
425.8161416053772,1004,False,0,6,[3.00901859 6.33440821 3.58936642],entering,[-0.62185191  0.08809385  0.93462812]
425.8161416053772,1005,False,2,1,[5.61816849 4.80269118 4.00000021],cruising,[ 0.50568378 -0.03156594 -0.11489306]
425.90813302993774,1000,False,4,2,[-3.30602039 -2.03169767  4.00008767],cruising,[-0.82138112 -0.19970136 -0.21083176]
425.90813302993774,1001,False,1,3,[-0.77351405 -4.89062783  3.99999991],exiting,[-0.48080528  0.59740651 -0.20557775]
425.90813302993774,1002,False,5,0,[-8.09876163  7.93032091  1.99327388],queued,[ 0.5677905  -0.59831228 -0.99408226]
425.90813302993774,1003,False,6,4,[ 8.40538267 -1.36923757  3.99675934],cruising,[ 0.63925976  0.24903542 -0.34837281]
425.90813302993774,1004,False,0,6,[3.10075069 6.15671571 3.65134462],entering,[-0.62185191  0.08809385  0.93462812]
425.90813302993774,1005,False,2,1,[5.81639592 4.7761227  4.00000018],cruising,[ 0.50568378 -0.03156594 -0.11489306]
426.0098557472229,1000,False,4,2,[-3.26561209 -1.83582228  4.00007452],cruising,[-0.82138112 -0.19970136 -0.21083176]
426.0098557472229,1001,False,1,3,[-0.75660282 -4.98918751  3.99999993],exiting,[-0.48080528  0.59740651 -0.20557775]
426.0098557472229,1002,False,5,0,[-8.09876163  7.93032091  2.06827388],queued,[ 0.5677905  -0.59831228 -0.99408226]
426.0098557472229,1003,False,6,4,[ 8.38310769 -1.56799327  3.99724544],cruising,[ 0.63925976  0.24903542 -0.34837281]
426.0098557472229,1004,False,0,6,[3.20666683 5.9870638  3.70364293],entering,[-0.62185191  0.08809385  0.93462812]
426.0098557472229,1005,False,2,1,[6.01391045 4.74469009 4.00000015],cruising,[ 0.50568378 -0.03156594 -0.11489306]
426.10417675971985,1000,False,4,2,[-3.24173823 -1.6372523   4.00006334],cruising,[-0.82138112 -0.19970136 -0.21083176]
426.10417675971985,1001,False,1,3,[-0.7396916  -5.08774719  3.99999994],exiting,[-0.48080528  0.59740651 -0.20557775]
426.10417675971985,1002,False,5,0,[-8.09876163  7.93032091  2.14327388],queued,[ 0.5677905  -0.59831228 -0.99408226]
426.10417675971985,1003,False,6,4,[ 8.35615897 -1.76616937  3.99765863],cruising,[ 0.63925976  0.24903542 -0.34837281]
426.10417675971985,1004,False,0,6,[3.32779248 5.82795032 3.74835096],entering,[-0.62185191  0.08809385  0.93462812]
426.10417675971985,1005,False,2,1,[6.21043152 4.70754885 4.00000013],cruising,[ 0.50568378 -0.03156594 -0.11489306]
426.2150297164917,1000,False,4,2,[-3.23387804 -1.43740681  4.00005384],cruising,[-0.82138112 -0.19970136 -0.21083176]
426.2150297164917,1001,False,1,3,[-0.72278037 -5.18630687  3.99999995],exiting,[-0.48080528  0.59740651 -0.20557775]
426.2150297164917,1002,False,5,0,[-8.09876163  7.93032091  2.21827388],queued,[ 0.5677905  -0.59831228 -0.99408226]
426.2150297164917,1003,False,6,4,[ 8.32701416 -1.96403442  3.99800983],cruising,[ 0.63925976  0.24903542 -0.34837281]
426.2150297164917,1004,False,0,6,[3.463104   5.68067238 3.78609831],entering,[-0.62185191  0.08809385  0.93462812]
426.2150297164917,1005,False,2,1,[6.40557903 4.66376019 4.00000011],cruising,[ 0.50568378 -0.03156594 -0.11489306]
426.3116383552551,1000,False,4,2,[-3.24160702 -1.23755621  4.00004576],cruising,[-0.82138112 -0.19970136 -0.21083176]
426.3116383552551,1001,False,1,3,[-0.70586914 -5.28486655  3.99999996],exiting,[-0.48080528  0.59740651 -0.20557775]
426.3116383552551,1002,False,5,0,[-8.09876163  7.93032091  2.29327388],queued,[ 0.5677905  -0.59831228 -0.99408226]
426.3116383552551,1003,False,6,4,[ 8.29540779 -2.16152122  3.99830836],cruising,[ 0.63925976  0.24903542 -0.34837281]
426.3116383552551,1004,False,0,6,[3.6119192  5.54711453 3.81842263],entering,[-0.62185191  0.08809385  0.93462812]
426.3116383552551,1005,False,2,1,[6.59883914 4.61227688 4.00000009],cruising,[ 0.50568378 -0.03156594 -0.11489306]
426.4168725013733,1000,False,4,2,[-3.26388331 -1.03880067  4.0000389 ],cruising,[-0.82138112 -0.19970136 -0.21083176]
426.4168725013733,1001,False,1,3,[-0.68895792 -5.38342623  3.99999997],exiting,[-0.48080528  0.59740651 -0.20557775]
426.4168725013733,1002,False,5,0,[-8.09876163  7.93032091  2.36827388],queued,[ 0.5677905  -0.59831228 -0.99408226]
426.4168725013733,1003,False,6,4,[ 8.2583142  -2.35805129  3.9985621 ],cruising,[ 0.63925976  0.24903542 -0.34837281]
426.4168725013733,1004,False,0,6,[3.77297395 5.42854009 3.84567831],cruising,[-0.62185191  0.08809385  0.93462812]
426.4168725013733,1005,False,2,1,[6.78951957 4.55193639 4.00000008],cruising,[ 0.50568378 -0.03156594 -0.11489306]
426.5193557739258,1000,False,4,2,[-3.29953428 -0.84200379  4.00003306],cruising,[-0.82138112 -0.19970136 -0.21083176]
426.5193557739258,1001,False,1,3,[-0.67204669 -5.48198591  3.99999997],exiting,[-0.48080528  0.59740651 -0.20557775]
426.5193557739258,1002,False,5,0,[-8.09876163  7.93032091  2.44327388],queued,[ 0.5677905  -0.59831228 -0.99408226]
426.5193557739258,1003,False,6,4,[ 8.21853269 -2.55405494  3.99877779],cruising,[ 0.63925976  0.24903542 -0.34837281]
426.5193557739258,1004,False,0,6,[3.94452184 5.32572315 3.86882657],cruising,[-0.62185191  0.08809385  0.93462812]
426.5193557739258,1005,False,2,1,[6.97669367 4.48146756 4.00000007],cruising,[ 0.50568378 -0.03156594 -0.11489306]
426.616783618927,1000,False,4,2,[-3.34595229 -0.64746493  4.0000281 ],cruising,[-0.82138112 -0.19970136 -0.21083176]
426.616783618927,1001,False,1,3,[-0.65513546 -5.58054559  3.99999998],exiting,[-0.48080528  0.59740651 -0.20557775]
426.616783618927,1002,False,5,0,[-8.09876163  7.93032091  2.51827388],entering,[ 0.5677905  -0.59831228 -0.99408226]
426.616783618927,1003,False,6,4,[ 8.17256372 -2.7487004   3.99896112],cruising,[ 0.63925976  0.24903542 -0.34837281]
426.616783618927,1004,False,0,6,[4.12389044 5.23725336 3.88850258],cruising,[-0.62185191  0.08809385  0.93462812]
426.616783618927,1005,False,2,1,[7.1591346  4.39952059 4.00000006],cruising,[ 0.50568378 -0.03156594 -0.11489306]
426.7146315574646,1000,False,4,2,[-3.40378139 -0.4560079   4.00002389],cruising,[-0.82138112 -0.19970136 -0.21083176]
426.7146315574646,1001,False,1,3,[-0.63822424 -5.67910527  3.99999998],exiting,[-0.48080528  0.59740651 -0.20557775]
426.7146315574646,1002,False,5,0,[-8.08091522  7.92129286  2.59327388],entering,[ 0.5677905  -0.59831228 -0.99408226]
426.7146315574646,1003,False,6,4,[ 8.12344196 -2.9425742   3.99911695],cruising,[ 0.63925976  0.24903542 -0.34837281]
426.7146315574646,1004,False,0,6,[4.30936659 5.16242958 3.90522719],cruising,[-0.62185191  0.08809385  0.93462812]
426.7146315574646,1005,False,2,1,[7.33524678 4.30473398 4.00000005],cruising,[ 0.50568378 -0.03156594 -0.11489306]
426.8066415786743,1000,False,4,2,[-3.47224849 -0.26809235  4.0000203 ],cruising,[-0.82138112 -0.19970136 -0.21083176]
426.8066415786743,1001,False,1,3,[-0.62131301 -5.77766495  3.99999999],exiting,[-0.48080528  0.59740651 -0.20557775]
426.8066415786743,1002,False,5,0,[-8.04520875  7.9032638   2.66827388],entering,[ 0.5677905  -0.59831228 -0.99408226]
426.8066415786743,1003,False,6,4,[ 8.06693179 -3.13442467  3.99924941],cruising,[ 0.63925976  0.24903542 -0.34837281]
426.8066415786743,1004,False,0,6,[4.49908146 5.09911871 3.91944311],cruising,[-0.62185191  0.08809385  0.93462812]
426.8066415786743,1005,False,2,1,[7.50301127 4.19585297 4.00000004],cruising,[ 0.50568378 -0.03156594 -0.11489306]
426.91450905799866,1000,False,4,2,[-3.54868435 -0.08327471  4.00001726],cruising,[-0.82138112 -0.19970136 -0.21083176]
426.91450905799866,1001,False,1,3,[-0.60440178 -5.87622463  3.99999999],exiting,[-0.48080528  0.59740651 -0.20557775]
426.91450905799866,1002,False,5,0,[-7.9916121   7.87629374  2.74327388],entering,[ 0.5677905  -0.59831228 -0.99408226]
426.91450905799866,1003,False,6,4,[ 8.00652364 -3.32508367  3.999362  ],exiting,[ 0.63925976  0.24903542 -0.34837281]
426.91450905799866,1004,False,0,6,[4.69162483 5.04501648 3.93152665],cruising,[-0.62185191  0.08809385  0.93462812]
426.91450905799866,1005,False,2,1,[7.65875032 4.07099107 4.00000003],cruising,[ 0.50568378 -0.03156594 -0.11489306]
427.0046923160553,1000,False,4,2,[-3.63585306  0.09672978  4.00001467],exiting,[-0.82138112 -0.19970136 -0.21083176]
427.0046923160553,1001,False,1,3,[-0.58749056 -5.9747843   3.99999999],exiting,[-0.48080528  0.59740651 -0.20557775]
427.0046923160553,1002,False,5,0,[-7.92006824  7.84049772  2.81827388],entering,[ 0.5677905  -0.59831228 -0.99408226]
427.0046923160553,1003,False,6,4,[ 7.95902778 -3.5004694   3.99947444],exiting,[ 0.63925976  0.24903542 -0.34837281]
427.0046923160553,1004,False,0,6,[4.88612092 4.99841957 3.94179765],cruising,[-0.62185191  0.08809385  0.93462812]
427.0046923160553,1005,False,2,1,[7.80107346 3.93129632 4.00000003],cruising,[ 0.50568378 -0.03156594 -0.11489306]
427.1071922779083,1000,False,4,2,[-3.72323077  0.25673536  4.00001208],exiting,[-0.82138112 -0.19970136 -0.21083176]
427.1071922779083,1001,False,1,3,[-0.57057933 -6.07334398  3.99999999],exiting,[-0.48080528  0.59740651 -0.20557775]
427.1071922779083,1002,False,5,0,[-7.8305253   7.79598199  2.89327388],entering,[ 0.5677905  -0.59831228 -0.99408226]
427.1071922779083,1003,False,6,4,[ 7.92460033 -3.66071524  3.99958368],exiting,[ 0.63925976  0.24903542 -0.34837281]
427.1071922779083,1004,False,0,6,[5.08175923 4.95687861 3.950528  ],cruising,[-0.62185191  0.08809385  0.93462812]
427.1071922779083,1005,False,2,1,[7.92851823 3.77823617 4.00000002],cruising,[ 0.50568378 -0.03156594 -0.11489306]
427.2183451652527,1000,False,4,2,[-3.81065371  0.39674099  4.00000953],exiting,[-0.82138112 -0.19970136 -0.21083176]
427.2183451652527,1001,False,1,3,[-0.55366811 -6.17190366  3.99999999],exiting,[-0.48080528  0.59740651 -0.20557775]
427.2183451652527,1002,False,5,0,[-7.72295744  7.74280011  2.96827388],entering,[ 0.5677905  -0.59831228 -0.99408226]
427.2183451652527,1003,False,6,4,[ 7.90343864 -3.80599378  3.9996853 ],exiting,[ 0.63925976  0.24903542 -0.34837281]
427.2183451652527,1004,False,0,6,[5.2780364  4.91846933 3.9579488 ],cruising,[-0.62185191  0.08809385  0.93462812]
427.2183451652527,1005,False,2,1,[8.0397351  3.61348604 4.00000002],cruising,[ 0.50568378 -0.03156594 -0.11489306]
427.3113965988159,1000,False,4,2,[-3.89793961  0.51674709  4.00000704],exiting,[-0.82138112 -0.19970136 -0.21083176]
427.3113965988159,1001,False,1,3,[-0.53675688 -6.27046334  4.        ],exiting,[-0.48080528  0.59740651 -0.20557775]
427.3113965988159,1002,False,5,0,[-7.59735199  7.68097848  3.04327388],entering,[ 0.5677905  -0.59831228 -0.99408226]
427.3113965988159,1003,False,6,4,[ 7.8957862  -3.93652445  3.99977291],exiting,[ 0.63925976  0.24903542 -0.34837281]
427.3113965988159,1004,False,0,6,[5.47458509 4.88147456 3.96425648],cruising,[-0.62185191  0.08809385  0.93462812]
427.3113965988159,1005,False,2,1,[8.13336624 3.43921006 4.00000002],cruising,[ 0.50568378 -0.03156594 -0.11489306]
427.4088661670685,1000,False,4,2,[-3.98488287  0.61675612  4.00000467],exiting,[-0.82138112 -0.19970136 -0.21083176]
427.4088661670685,1001,False,1,3,[-0.51984565 -6.36902302  4.        ],exiting,[-0.48080528  0.59740651 -0.20557775]
427.4088661670685,1002,False,5,0,[-7.45326188  7.61152027  3.11827388],entering,[ 0.5677905  -0.59831228 -0.99408226]
427.4088661670685,1003,False,6,4,[ 7.90183807 -4.05248833  3.99984007],exiting,[ 0.63925976  0.24903542 -0.34837281]
427.4088661670685,1004,False,0,6,[5.67143718 4.8461298  3.96961801],exiting,[-0.62185191  0.08809385  0.93462812]
427.4088661670685,1005,False,2,1,[8.20898773 3.25623624 4.00000001],exiting,[ 0.50568378 -0.03156594 -0.11489306]
427.51974725723267,1000,False,4,2,[-4.07124494  0.6967736   4.00000246],exiting,[-0.82138112 -0.19970136 -0.21083176]
427.51974725723267,1001,False,1,3,[-0.50293443 -6.4675827   4.        ],exiting,[-0.48080528  0.59740651 -0.20557775]
427.51974725723267,1002,False,5,0,[-7.29044622  7.53503684  3.19327388],entering,[ 0.5677905  -0.59831228 -0.99408226]
427.51974725723267,1003,False,6,4,[ 7.92178987 -4.15407197  3.99987822],exiting,[ 0.63925976  0.24903542 -0.34837281]
427.51974725723267,1004,False,0,6,[5.85291549 4.82357746 3.97495663],exiting,[-0.62185191  0.08809385  0.93462812]
427.51974725723267,1005,False,2,1,[8.26607302 3.08077304 4.00000001],exiting,[ 0.50568378 -0.03156594 -0.11489306]
427.6077847480774,1000,False,4,2,[-4.15673225  0.75681022  4.00000047],exiting,[-0.82138112 -0.19970136 -0.21083176]
427.6077847480774,1001,False,1,3,[-0.4860232  -6.56614238  4.        ],exiting,[-0.48080528  0.59740651 -0.20557775]
427.6077847480774,1002,False,5,0,[-7.10814872  7.45403035  3.26827388],entering,[ 0.5677905  -0.59831228 -0.99408226]
427.6077847480774,1003,False,6,4,[ 7.94636081 -4.25100633  3.9999003 ],exiting,[ 0.63925976  0.24903542 -0.34837281]
427.6077847480774,1004,False,0,6,[6.01898785 4.81377841 3.98019316],exiting,[-0.62185191  0.08809385  0.93462812]
427.6077847480774,1005,False,2,1,[8.30708373 2.91720974 4.00000001],exiting,[ 0.50568378 -0.03156594 -0.11489306]
427.7100932598114,1000,False,4,2,[-4.24093311  0.79688826  3.99999879],exiting,[-0.82138112 -0.19970136 -0.21083176]
427.7100932598114,1001,False,1,3,[-0.46911197 -6.66470206  4.        ],exiting,[-0.48080528  0.59740651 -0.20557775]
427.7100932598114,1002,False,5,0,[-6.92431942  7.37524717  3.34327388],entering,[ 0.5677905  -0.59831228 -0.99408226]
427.7100932598114,1003,False,6,4,[ 7.97093174 -4.34794068  3.99991849],exiting,[ 0.63925976  0.24903542 -0.34837281]
427.7100932598114,1004,False,0,6,[6.16961466 4.81668358 3.9852355 ],exiting,[-0.62185191  0.08809385  0.93462812]
427.7100932598114,1005,False,2,1,[8.3331923  2.76698535 4.00000001],exiting,[ 0.50568378 -0.03156594 -0.11489306]
427.80980110168457,1000,False,4,2,[-4.32359389  0.81702568  3.99999747],exiting,[-0.82138112 -0.19970136 -0.21083176]
427.80980110168457,1001,False,1,3,[-0.45220075 -6.76326174  4.        ],exiting,[-0.48080528  0.59740651 -0.20557775]
427.80980110168457,1002,False,5,0,[-6.73835964  7.30163357  3.41827388],entering,[ 0.5677905  -0.59831228 -0.99408226]
427.80980110168457,1003,False,6,4,[ 7.99550267 -4.44487504  3.99993344],exiting,[ 0.63925976  0.24903542 -0.34837281]
427.80980110168457,1004,False,0,6,[6.30474643 4.83223038 3.98997274],exiting,[-0.62185191  0.08809385  0.93462812]
427.80980110168457,1005,False,2,1,[8.34506418 2.6308079  4.        ],exiting,[ 0.50568378 -0.03156594 -0.11489306]
427.91484546661377,1000,False,4,2,[-4.40445689  0.81724406  3.99999656],exiting,[-0.82138112 -0.19970136 -0.21083176]
427.91484546661377,1001,False,1,3,[-0.43528952 -6.86182142  4.        ],exiting,[-0.48080528  0.59740651 -0.20557775]
427.91484546661377,1002,False,5,0,[-6.5508579   7.23204122  3.49327388],entering,[ 0.5677905  -0.59831228 -0.99408226]
427.91484546661377,1003,False,6,4,[ 8.0200736  -4.5418094   3.99994573],exiting,[ 0.63925976  0.24903542 -0.34837281]
427.91484546661377,1004,False,0,6,[6.42431792 4.8603341  3.99426128],exiting,[-0.62185191  0.08809385  0.93462812]
427.91484546661377,1005,False,2,1,[8.3431793  2.50914774 4.        ],exiting,[ 0.50568378 -0.03156594 -0.11489306]
428.0120267868042,1000,False,4,2,[-4.48326019  0.79756879  3.99999609],exiting,[-0.82138112 -0.19970136 -0.21083176]
428.0120267868042,1001,False,1,3,[-0.41837829 -6.9603811   4.        ],exiting,[-0.48080528  0.59740651 -0.20557775]
428.0120267868042,1002,False,5,0,[-6.36165353  7.16722064  3.56827388],entering,[ 0.5677905  -0.59831228 -0.99408226]
428.0120267868042,1003,False,6,4,[ 8.04464453 -4.63874375  3.99995582],exiting,[ 0.63925976  0.24903542 -0.34837281]
428.0120267868042,1004,False,0,6,[6.52823965 4.90087448 3.99790603],exiting,[-0.62185191  0.08809385  0.93462812]
428.0120267868042,1005,False,2,1,[8.32797069 2.40240328 4.        ],exiting,[ 0.50568378 -0.03156594 -0.11489306]
428.104927778244,1000,False,4,2,[-4.55973748  0.75802923  3.9999961 ],exiting,[-0.82138112 -0.19970136 -0.21083176]
428.104927778244,1001,False,1,3,[-0.40146707 -7.05894078  4.        ],exiting,[-0.48080528  0.59740651 -0.20557775]
428.104927778244,1002,False,5,0,[-6.17040073  7.10871964  3.6330328 ],entering,[ 0.5677905  -0.59831228 -0.99408226]
428.104927778244,1003,False,6,4,[ 8.06921546 -4.73567811  3.99996409],exiting,[ 0.63925976  0.24903542 -0.34837281]
428.104927778244,1004,False,0,6,[6.61644769 4.9537629  4.00077226],exiting,[-0.62185191  0.08809385  0.93462812]
428.104927778244,1005,False,2,1,[8.2999408  2.31100856 4.        ],exiting,[ 0.50568378 -0.03156594 -0.11489306]
428.2126817703247,1000,False,4,2,[-4.6336178   0.698659    3.99999658],exiting,[-0.82138112 -0.19970136 -0.21083176]
428.2126817703247,1001,False,1,3,[-0.38455584 -7.15750046  4.        ],exiting,[-0.48080528  0.59740651 -0.20557775]
428.2126817703247,1002,False,5,0,[-5.9768866   7.05819956  3.68807788],entering,[ 0.5677905  -0.59831228 -0.99408226]
428.2126817703247,1003,False,6,4,[ 8.09378639 -4.83261246  3.99997086],exiting,[ 0.63925976  0.24903542 -0.34837281]
428.2126817703247,1004,False,0,6,[6.68887608 5.01890569 4.00272598],exiting,[-0.62185191  0.08809385  0.93462812]
428.2126817703247,1005,False,2,1,[8.25934546 2.23517372 4.        ],exiting,[ 0.50568378 -0.03156594 -0.11489306]
428.3053824901581,1000,False,4,2,[-4.70611871  0.62978507  3.9999972 ],exiting,[-0.82138112 -0.19970136 -0.21083176]
428.3053824901581,1001,False,1,3,[-0.36764462 -7.25606014  4.        ],exiting,[-0.48080528  0.59740651 -0.20557775]
428.3053824901581,1002,False,5,0,[-5.78130314  7.01640108  3.7348662 ],entering,[ 0.5677905  -0.59831228 -0.99408226]
428.3053824901581,1003,False,6,4,[ 8.11835732 -4.92954682  3.9999764 ],exiting,[ 0.63925976  0.24903542 -0.34837281]
428.3053824901581,1004,False,0,6,[6.74545727 5.09620531 4.00364135],exiting,[-0.62185191  0.08809385  0.93462812]
428.3053824901581,1005,False,2,1,[8.20644896 2.17510851 4.        ],exiting,[ 0.50568378 -0.03156594 -0.11489306]
428.4070851802826,1000,False,4,2,[-4.77861962  0.56091114  3.9999977 ],exiting,[-0.82138112 -0.19970136 -0.21083176]
428.4070851802826,1001,False,1,3,[-0.35073339 -7.35461982  4.        ],exiting,[-0.48080528  0.59740651 -0.20557775]
428.4070851802826,1002,False,5,0,[-5.58408949  6.98313283  3.77463627],entering,[ 0.5677905  -0.59831228 -0.99408226]
428.4070851802826,1003,False,6,4,[ 8.14292825 -5.02648118  3.99998093],exiting,[ 0.63925976  0.24903542 -0.34837281]
428.4070851802826,1004,False,0,6,[6.78612182 5.18556204 4.00342261],exiting,[-0.62185191  0.08809385  0.93462812]
428.4070851802826,1005,False,2,1,[8.14152445 2.13102226 3.99999999],exiting,[ 0.50568378 -0.03156594 -0.11489306]
428.5166347026825,1000,False,4,2,[-4.85112053  0.49203721  3.99999812],exiting,[-0.82138112 -0.19970136 -0.21083176]
428.5166347026825,1001,False,1,3,[-0.33382216 -7.4531795   4.        ],exiting,[-0.48080528  0.59740651 -0.20557775]
428.5166347026825,1002,False,5,0,[-5.38516238  6.96244461  3.80844083],entering,[ 0.5677905  -0.59831228 -0.99408226]
428.5166347026825,1003,False,6,4,[ 8.16749918 -5.12341553  3.99998462],exiting,[ 0.63925976  0.24903542 -0.34837281]
428.5166347026825,1004,False,0,6,[6.82090371 5.27931818 4.0028312 ],exiting,[-0.62185191  0.08809385  0.93462812]
428.5166347026825,1005,False,2,1,[8.06485472 2.10312395 3.99999999],exiting,[ 0.50568378 -0.03156594 -0.11489306]
428.6199052333832,1000,False,4,2,[-4.92362143  0.42316328  3.99999846],exiting,[-0.82138112 -0.19970136 -0.21083176]
428.6199052333832,1001,False,1,3,[-0.31691094 -7.55173918  4.        ],exiting,[-0.48080528  0.59740651 -0.20557775]
428.6199052333832,1002,False,5,0,[-5.18544618  6.95179381  3.8371747 ],entering,[ 0.5677905  -0.59831228 -0.99408226]
428.6199052333832,1003,False,6,4,[ 8.19207011 -5.22034989  3.99998763],exiting,[ 0.63925976  0.24903542 -0.34837281]
428.6199052333832,1004,False,0,6,[6.85568561 5.37307433 4.00234047],exiting,[-0.62185191  0.08809385  0.93462812]
428.6199052333832,1005,False,2,1,[7.97673304 2.09162239 4.        ],exiting,[ 0.50568378 -0.03156594 -0.11489306]
428.70515990257263,1000,False,4,2,[-4.99612234  0.35428934  3.99999875],exiting,[-0.82138112 -0.19970136 -0.21083176]
428.70515990257263,1001,False,1,3,[-0.29999971 -7.65029886  4.        ],exiting,[-0.48080528  0.59740651 -0.20557775]
428.70515990257263,1002,False,5,0,[-4.98544655  6.95140945  3.8615985 ],cruising,[ 0.5677905  -0.59831228 -0.99408226]
428.70515990257263,1003,False,6,4,[ 8.21664104 -5.31728424  3.99999008],exiting,[ 0.63925976  0.24903542 -0.34837281]
428.70515990257263,1004,False,0,6,[6.89046751 5.46683048 4.0019335 ],exiting,[-0.62185191  0.08809385  0.93462812]
428.70515990257263,1005,False,2,1,[7.87746428 2.09672632 4.        ],exiting,[ 0.50568378 -0.03156594 -0.11489306]
428.81323432922363,1000,False,4,2,[-5.06862325  0.28541541  3.99999898],exiting,[-0.82138112 -0.19970136 -0.21083176]
428.81323432922363,1001,False,1,3,[-0.28308848 -7.74885854  4.        ],landing,[-0.48080528  0.59740651 -0.20557775]
428.81323432922363,1002,False,5,0,[-4.78566848  6.96082872  3.88235872],cruising,[ 0.5677905  -0.59831228 -0.99408226]
428.81323432922363,1003,False,6,4,[ 8.24121197 -5.4142186   3.99999207],exiting,[ 0.63925976  0.24903542 -0.34837281]
428.81323432922363,1004,False,0,6,[6.92524941 5.56058664 4.00159616],exiting,[-0.62185191  0.08809385  0.93462812]
428.81323432922363,1005,False,2,1,[7.77764223 2.10268929 4.        ],exiting,[ 0.50568378 -0.03156594 -0.11489306]
428.90489864349365,1000,False,4,2,[-5.14112416  0.21654148  3.99999917],exiting,[-0.82138112 -0.19970136 -0.21083176]
428.90489864349365,1001,False,1,3,[-0.27171231 -7.83429321  3.98596086],landing,[-0.48080528  0.59740651 -0.20557775]
428.90489864349365,1002,False,5,0,[-4.58648561  6.97888938  3.90000492],cruising,[ 0.5677905  -0.59831228 -0.99408226]
428.90489864349365,1003,False,6,4,[ 8.26578291 -5.51115296  3.99999368],exiting,[ 0.63925976  0.24903542 -0.34837281]
428.90489864349365,1004,False,0,6,[6.96003131 5.6543428  4.0013167 ],exiting,[-0.62185191  0.08809385  0.93462812]
428.90489864349365,1005,False,2,1,[7.67782017 2.10865227 4.        ],exiting,[ 0.50568378 -0.03156594 -0.11489306]
429.01875829696655,1000,False,4,2,[-5.21362506  0.14766755  3.99999932],exiting,[-0.82138112 -0.19970136 -0.21083176]
429.01875829696655,1001,False,1,3,[-0.26586317 -7.90642708  3.95804582],landing,[-0.48080528  0.59740651 -0.20557775]
429.01875829696655,1002,False,5,0,[-4.38806762  7.00399517  3.91500418],cruising,[ 0.5677905  -0.59831228 -0.99408226]
429.01875829696655,1003,False,6,4,[ 8.29035384 -5.60808731  3.99999498],exiting,[ 0.63925976  0.24903542 -0.34837281]
429.01875829696655,1004,False,0,6,[6.99481321 5.74809896 4.00108532],exiting,[-0.62185191  0.08809385  0.93462812]
429.01875829696655,1005,False,2,1,[7.57799811 2.11461524 4.        ],exiting,[ 0.50568378 -0.03156594 -0.11489306]
429.1104531288147,1000,False,4,2,[-5.28612597  0.07879362  3.99999945],exiting,[-0.82138112 -0.19970136 -0.21083176]
429.1104531288147,1001,False,1,3,[-0.2655305  -7.96505347  3.91645174],landing,[-0.48080528  0.59740651 -0.20557775]
429.1104531288147,1002,False,5,0,[-4.19039055  7.03438884  3.92775355],cruising,[ 0.5677905  -0.59831228 -0.99408226]
429.1104531288147,1003,False,6,4,[ 8.31492477 -5.70502167  3.99999603],exiting,[ 0.63925976  0.24903542 -0.34837281]
429.1104531288147,1004,False,0,6,[7.02959511 5.84185513 4.00089386],exiting,[-0.62185191  0.08809385  0.93462812]
429.1104531288147,1005,False,2,1,[7.47817606 2.12057821 4.        ],exiting,[ 0.50568378 -0.03156594 -0.11489306]
429.21729946136475,1000,False,4,2,[-5.35862688  0.00991969  3.99999956],exiting,[-0.82138112 -0.19970136 -0.21083176]
429.21729946136475,1001,False,1,3,[-0.27069781 -8.00989071  3.86145579],landing,[-0.48080528  0.59740651 -0.20557775]
429.21729946136475,1002,False,5,0,[-3.99329557  7.06835308  3.93859052],cruising,[ 0.5677905  -0.59831228 -0.99408226]
429.21729946136475,1003,False,6,4,[ 8.3394957  -5.80195602  3.99999688],exiting,[ 0.63925976  0.24903542 -0.34837281]
429.21729946136475,1004,False,0,6,[7.06437702 5.93561129 4.00073553],exiting,[-0.62185191  0.08809385  0.93462812]
429.21729946136475,1005,False,2,1,[7.378354   2.12654119 4.        ],exiting,[ 0.50568378 -0.03156594 -0.11489306]
429.3065390586853,1000,False,4,2,[-5.43112778 -0.05895424  3.99999964],exiting,[-0.82138112 -0.19970136 -0.21083176]
429.3065390586853,1001,False,1,3,[-0.28134931 -8.04070264  3.79329876],landing,[-0.48080528  0.59740651 -0.20557775]
429.3065390586853,1002,False,5,0,[-3.79655613  7.10431961  3.94780194],cruising,[ 0.5677905  -0.59831228 -0.99408226]
429.3065390586853,1003,False,6,4,[ 8.36406663 -5.89889038  3.99999755],exiting,[ 0.63925976  0.24903542 -0.34837281]
429.3065390586853,1004,False,0,6,[7.09915892 6.02936746 4.0006047 ],exiting,[-0.62185191  0.08809385  0.93462812]
429.3065390586853,1005,False,2,1,[7.27853194 2.13250416 4.        ],exiting,[ 0.50568378 -0.03156594 -0.11489306]
429.4053280353546,1000,False,4,2,[-5.50362869 -0.12782818  3.99999971],exiting,[-0.82138112 -0.19970136 -0.21083176]
429.4053280353546,1001,False,1,3,[-0.29746881 -8.05727164  3.7122096 ],landing,[-0.48080528  0.59740651 -0.20557775]
429.4053280353546,1002,False,5,0,[-3.59949138  7.13845881  3.95563165],cruising,[ 0.5677905  -0.59831228 -0.99408226]
429.4053280353546,1003,False,6,4,[ 8.38863756 -5.99582474  3.9999981 ],exiting,[ 0.63925976  0.24903542 -0.34837281]
429.4053280353546,1004,False,0,6,[7.13394082 6.12312363 4.00049665],exiting,[-0.62185191  0.08809385  0.93462812]
429.4053280353546,1005,False,2,1,[7.17870989 2.13846713 4.        ],exiting,[ 0.50568378 -0.03156594 -0.11489306]
429.50673270225525,1000,False,4,2,[-5.5761296  -0.19670211  3.99999977],exiting,[-0.82138112 -0.19970136 -0.21083176]
429.50673270225525,1001,False,1,3,[-0.3190383  -8.05937853  3.61842615],landing,[-0.48080528  0.59740651 -0.20557775]
429.50673270225525,1002,False,5,0,[-3.40239736  7.17242859  3.9622869 ],cruising,[ 0.5677905  -0.59831228 -0.99408226]
429.50673270225525,1003,False,6,4,[ 8.41320849 -6.09275909  3.99999853],exiting,[ 0.63925976  0.24903542 -0.34837281]
429.50673270225525,1004,False,0,6,[7.16872273 6.21687979 4.00040749],exiting,[-0.62185191  0.08809385  0.93462812]
429.50673270225525,1005,False,2,1,[7.07888783 2.14443011 4.        ],exiting,[ 0.50568378 -0.03156594 -0.11489306]
429.60673570632935,1000,False,4,2,[-5.64863051 -0.26557604  3.99999981],exiting,[-0.82138112 -0.19970136 -0.21083176]
429.60673570632935,1001,False,1,3,[-0.34213156 -8.05736484  3.52115002],landing,[-0.48080528  0.59740651 -0.20557775]
429.60673570632935,1002,False,5,0,[-3.20507513  7.20504669  3.96794387],cruising,[ 0.5677905  -0.59831228 -0.99408226]
429.60673570632935,1003,False,6,4,[ 8.43777942 -6.18969345  3.99999887],exiting,[ 0.63925976  0.24903542 -0.34837281]
429.60673570632935,1004,False,0,6,[7.20350463 6.31063596 4.00033396],exiting,[-0.62185191  0.08809385  0.93462812]
429.60673570632935,1005,False,2,1,[6.97906577 2.15039308 4.        ],exiting,[ 0.50568378 -0.03156594 -0.11489306]
429.7141008377075,1000,False,4,2,[-5.72113141 -0.33444997  3.99999985],exiting,[-0.82138112 -0.19970136 -0.21083176]
429.7141008377075,1001,False,1,3,[-0.36522483 -8.05535116  3.42387389],landing,[-0.48080528  0.59740651 -0.20557775]
429.7141008377075,1002,False,5,0,[-3.0069796   7.23258141  3.97275229],cruising,[ 0.5677905  -0.59831228 -0.99408226]
429.7141008377075,1003,False,6,4,[ 8.46235035 -6.2866278   3.99999915],exiting,[ 0.63925976  0.24903542 -0.34837281]
429.7141008377075,1004,False,0,6,[7.23828654 6.40439213 4.00027339],exiting,[-0.62185191  0.08809385  0.93462812]
429.7141008377075,1005,False,2,1,[6.87924372 2.15635605 4.        ],exiting,[ 0.50568378 -0.03156594 -0.11489306]
429.8056378364563,1000,False,4,2,[-5.79363232 -0.4033239   3.99999988],exiting,[-0.82138112 -0.19970136 -0.21083176]
429.8056378364563,1001,False,1,3,[-0.38831809 -8.05333747  3.32659775],landing,[-0.48080528  0.59740651 -0.20557775]
429.8056378364563,1002,False,5,0,[-2.80847952  7.25702968  3.97683944],cruising,[ 0.5677905  -0.59831228 -0.99408226]
429.8056378364563,1003,False,6,4,[ 8.48692128 -6.38356216  3.99999936],exiting,[ 0.63925976  0.24903542 -0.34837281]
429.8056378364563,1004,False,0,6,[7.27306844 6.4981483  4.00022352],exiting,[-0.62185191  0.08809385  0.93462812]
429.8056378364563,1005,False,2,1,[6.77942166 2.16231903 4.        ],exiting,[ 0.50568378 -0.03156594 -0.11489306]
429.91272473335266,1000,False,4,2,[-5.86613323 -0.47219783  3.99999991],exiting,[-0.82138112 -0.19970136 -0.21083176]
429.91272473335266,1001,False,1,3,[-0.41141135 -8.05132378  3.22932162],landing,[-0.48080528  0.59740651 -0.20557775]
429.91272473335266,1002,False,5,0,[-2.60921735  7.27419317  3.98031353],cruising,[ 0.5677905  -0.59831228 -0.99408226]
429.91272473335266,1003,False,6,4,[ 8.51149221 -6.48049652  3.99999953],exiting,[ 0.63925976  0.24903542 -0.34837281]
429.91272473335266,1004,False,0,6,[7.30785035 6.59190447 4.00018251],exiting,[-0.62185191  0.08809385  0.93462812]
429.91272473335266,1005,False,2,1,[6.67959961 2.168282   4.        ],exiting,[ 0.50568378 -0.03156594 -0.11489306]
430.00537633895874,1000,False,4,2,[-5.93863414 -0.54107176  3.99999993],exiting,[-0.82138112 -0.19970136 -0.21083176]
430.00537633895874,1001,False,1,3,[-0.43450462 -8.04931009  3.13204548],landing,[-0.48080528  0.59740651 -0.20557775]
430.00537633895874,1002,False,5,0,[-2.409583    7.28628143  3.9832665 ],cruising,[ 0.5677905  -0.59831228 -0.99408226]
430.00537633895874,1003,False,6,4,[ 8.53606314 -6.57743087  3.99999966],exiting,[ 0.63925976  0.24903542 -0.34837281]
430.00537633895874,1004,False,0,6,[7.34263225 6.68566063 4.00014881],exiting,[-0.62185191  0.08809385  0.93462812]
430.00537633895874,1005,False,2,1,[6.57977755 2.17424497 4.        ],exiting,[ 0.50568378 -0.03156594 -0.11489306]
430.1051058769226,1000,False,4,2,[-6.01113504 -0.6099457   3.99999994],exiting,[-0.82138112 -0.19970136 -0.21083176]
430.1051058769226,1001,False,1,3,[-0.45759788 -8.04729641  3.03476935],landing,[-0.48080528  0.59740651 -0.20557775]
430.1051058769226,1002,False,5,0,[-2.20958973  7.28792258  3.98577652],cruising,[ 0.5677905  -0.59831228 -0.99408226]
430.1051058769226,1003,False,6,4,[ 8.56063407 -6.67436523  3.99999976],exiting,[ 0.63925976  0.24903542 -0.34837281]
430.1051058769226,1004,False,0,6,[7.37741416 6.7794168  4.00012115],exiting,[-0.62185191  0.08809385  0.93462812]
430.1051058769226,1005,False,2,1,[6.47995549 2.18020795 4.        ],exiting,[ 0.50568378 -0.03156594 -0.11489306]
430.2183167934418,1000,False,4,2,[-6.08363595 -0.67881963  3.99999995],exiting,[-0.82138112 -0.19970136 -0.21083176]
430.2183167934418,1001,False,1,3,[-0.48069115 -8.04528272  2.93749322],landing,[-0.48080528  0.59740651 -0.20557775]
430.2183167934418,1002,False,5,0,[-2.01021788  7.27208383  3.98791004],cruising,[ 0.5677905  -0.59831228 -0.99408226]
430.2183167934418,1003,False,6,4,[ 8.58520501 -6.77129958  3.99999984],exiting,[ 0.63925976  0.24903542 -0.34837281]
430.2183167934418,1004,False,0,6,[7.41219606 6.87317297 4.00009847],exiting,[-0.62185191  0.08809385  0.93462812]
430.2183167934418,1005,False,2,1,[6.38013344 2.18617092 4.        ],exiting,[ 0.50568378 -0.03156594 -0.11489306]
430.30536246299744,1000,False,4,2,[-6.15613686 -0.74769356  3.99999996],exiting,[-0.82138112 -0.19970136 -0.21083176]
430.30536246299744,1001,False,1,3,[-0.50378441 -8.04326903  2.84021708],landing,[-0.48080528  0.59740651 -0.20557775]
430.30536246299744,1002,False,5,0,[-1.81326338  7.23731424  3.98972354],cruising,[ 0.5677905  -0.59831228 -0.99408226]
430.30536246299744,1003,False,6,4,[ 8.60977594 -6.86823394  3.99999989],exiting,[ 0.63925976  0.24903542 -0.34837281]
430.30536246299744,1004,False,0,6,[7.44697796 6.96692914 4.00007989],exiting,[-0.62185191  0.08809385  0.93462812]
430.30536246299744,1005,False,2,1,[6.28031138 2.1921339  4.        ],exiting,[ 0.50568378 -0.03156594 -0.11489306]
430.40964007377625,1000,False,4,2,[-6.22863777 -0.81656749  3.99999997],exiting,[-0.82138112 -0.19970136 -0.21083176]
430.40964007377625,1001,False,1,3,[-0.52687767 -8.04125534  2.74294095],landing,[-0.48080528  0.59740651 -0.20557775]
430.40964007377625,1002,False,5,0,[-1.61994356  7.18605559  3.99126501],cruising,[ 0.5677905  -0.59831228 -0.99408226]
430.40964007377625,1003,False,6,4,[ 8.63434687 -6.9651683   3.99999994],exiting,[ 0.63925976  0.24903542 -0.34837281]
430.40964007377625,1004,False,0,6,[7.48175987 7.06068531 4.00006469],exiting,[-0.62185191  0.08809385  0.93462812]
430.40964007377625,1005,False,2,1,[6.18048932 2.19809687 4.        ],exiting,[ 0.50568378 -0.03156594 -0.11489306]
430.5189836025238,1000,False,4,2,[-6.30113867 -0.88544142  3.99999998],exiting,[-0.82138112 -0.19970136 -0.21083176]
430.5189836025238,1001,False,1,3,[-0.54997094 -8.03924166  2.64566481],landing,[-0.48080528  0.59740651 -0.20557775]
430.5189836025238,1002,False,5,0,[-1.43085753  7.12089065  3.99257526],cruising,[ 0.5677905  -0.59831228 -0.99408226]
430.5189836025238,1003,False,6,4,[ 8.6589178  -7.06210265  3.99999997],landing,[ 0.63925976  0.24903542 -0.34837281]
430.5189836025238,1004,False,0,6,[7.51654177 7.15444148 4.00005228],exiting,[-0.62185191  0.08809385  0.93462812]
430.5189836025238,1005,False,2,1,[6.08066727 2.20405984 4.        ],exiting,[ 0.50568378 -0.03156594 -0.11489306]
430.6138651371002,1000,False,4,2,[-6.37363958 -0.95431535  3.99999998],exiting,[-0.82138112 -0.19970136 -0.21083176]
430.6138651371002,1001,False,1,3,[-0.5730642  -8.03722797  2.54838868],landing,[-0.48080528  0.59740651 -0.20557775]
430.6138651371002,1002,False,5,0,[-1.2460933   7.04432578  3.99368897],cruising,[ 0.5677905  -0.59831228 -0.99408226]
430.6138651371002,1003,False,6,4,[ 8.67696679 -7.14668512  3.98568584],landing,[ 0.63925976  0.24903542 -0.34837281]
430.6138651371002,1004,False,0,6,[7.55132368 7.24819764 4.00004215],exiting,[-0.62185191  0.08809385  0.93462812]
430.6138651371002,1005,False,2,1,[5.98084521 2.21002282 4.        ],exiting,[ 0.50568378 -0.03156594 -0.11489306]
430.71571707725525,1000,False,4,2,[-6.44614049 -1.02318929  3.99999999],exiting,[-0.82138112 -0.19970136 -0.21083176]
430.71571707725525,1001,False,1,3,[-0.59615746 -8.03521428  2.45111255],landing,[-0.48080528  0.59740651 -0.20557775]
430.71571707725525,1002,False,5,0,[-1.06396237  6.96169208  3.99463562],cruising,[ 0.5677905  -0.59831228 -0.99408226]
430.71571707725525,1003,False,6,4,[ 8.68848634 -7.21873677  3.95721738],landing,[ 0.63925976  0.24903542 -0.34837281]
430.71571707725525,1004,False,0,6,[7.58610558 7.34195381 4.0000339 ],exiting,[-0.62185191  0.08809385  0.93462812]
430.71571707725525,1005,False,2,1,[5.88102315 2.21598579 4.        ],exiting,[ 0.50568378 -0.03156594 -0.11489306]
430.82004857063293,1000,False,4,2,[-6.51864139 -1.09206322  3.99999999],exiting,[-0.82138112 -0.19970136 -0.21083176]
430.82004857063293,1001,False,1,3,[-0.61925073 -8.03320059  2.35383641],landing,[-0.48080528  0.59740651 -0.20557775]
430.82004857063293,1002,False,5,0,[-0.88586555  6.87068922  3.99544028],cruising,[ 0.5677905  -0.59831228 -0.99408226]
430.82004857063293,1003,False,6,4,[ 8.69346871 -7.27804529  3.91478905],landing,[ 0.63925976  0.24903542 -0.34837281]
430.82004857063293,1004,False,0,6,[7.62088749 7.43570998 4.00002719],exiting,[-0.62185191  0.08809385  0.93462812]
430.82004857063293,1005,False,2,1,[5.7812011  2.22194876 4.        ],exiting,[ 0.50568378 -0.03156594 -0.11489306]
430.9082407951355,1000,False,4,2,[-6.5911423  -1.16093715  3.99999999],exiting,[-0.82138112 -0.19970136 -0.21083176]
430.9082407951355,1001,False,1,3,[-0.64234399 -8.03118691  2.25656028],landing,[-0.48080528  0.59740651 -0.20557775]
430.9082407951355,1002,False,5,0,[-0.71111132  6.77342177  3.99612424],cruising,[ 0.5677905  -0.59831228 -0.99408226]
430.9082407951355,1003,False,6,4,[ 8.69190523 -7.32431383  3.85868189],landing,[ 0.63925976  0.24903542 -0.34837281]
430.9082407951355,1004,False,0,6,[7.65566939 7.52946615 4.00002174],exiting,[-0.62185191  0.08809385  0.93462812]
430.9082407951355,1005,False,2,1,[5.68137904 2.22791174 4.        ],exiting,[ 0.50568378 -0.03156594 -0.11489306]
431.0171115398407,1000,False,4,2,[-6.66364321 -1.22981108  4.        ],exiting,[-0.82138112 -0.19970136 -0.21083176]
431.0171115398407,1001,False,1,3,[-0.66543726 -8.02917322  2.15928414],landing,[-0.48080528  0.59740651 -0.20557775]
431.0171115398407,1002,False,5,0,[-0.53803048  6.67320688  3.9967056 ],cruising,[ 0.5677905  -0.59831228 -0.99408226]
431.0171115398407,1003,False,6,4,[ 8.68379108 -7.35731759  3.7891161 ],landing,[ 0.63925976  0.24903542 -0.34837281]
431.0171115398407,1004,False,0,6,[7.6904513  7.62322232 4.00001733],exiting,[-0.62185191  0.08809385  0.93462812]
431.0171115398407,1005,False,2,1,[5.58155699 2.23387471 4.        ],landing,[ 0.50568378 -0.03156594 -0.11489306]
431.11538553237915,1000,False,4,2,[-6.73614412 -1.29868501  4.        ],exiting,[-0.82138112 -0.19970136 -0.21083176]
431.11538553237915,1001,False,1,3,[-0.68853052 -8.02715953  2.06200801],landing,[-0.48080528  0.59740651 -0.20557775]
431.11538553237915,1002,False,5,0,[-0.3672296   6.56915372  3.99719976],cruising,[ 0.5677905  -0.59831228 -0.99408226]
431.11538553237915,1003,False,6,4,[ 8.66912306 -7.37683375  3.7063166 ],landing,[ 0.63925976  0.24903542 -0.34837281]
431.11538553237915,1004,False,0,6,[7.7252332  7.71697849 4.00001376],exiting,[-0.62185191  0.08809385  0.93462812]
431.11538553237915,1005,False,2,1,[5.49558428 2.23585781 3.98613075],landing,[ 0.50568378 -0.03156594 -0.11489306]
431.2052552700043,1000,False,4,2,[-6.80864502 -1.36755894  4.        ],exiting,[-0.82138112 -0.19970136 -0.21083176]
431.2052552700043,1001,False,1,3,[-0.71162378 -8.02514584  1.96473188],landing,[-0.48080528  0.59740651 -0.20557775]
431.2052552700043,1002,False,5,0,[-0.19789129  6.46273691  3.9976198 ],cruising,[ 0.5677905  -0.59831228 -0.99408226]
431.2052552700043,1003,False,6,4,[ 8.6478996  -7.38263756  3.61051718],landing,[ 0.63925976  0.24903542 -0.34837281]
431.2052552700043,1004,False,0,6,[7.7600151  7.81073465 4.00001088],exiting,[-0.62185191  0.08809385  0.93462812]
431.2052552700043,1005,False,2,1,[5.42363242 2.23388839 3.95855772],landing,[ 0.50568378 -0.03156594 -0.11489306]
431.3177514076233,1000,False,4,2,[-6.88114593 -1.43643287  4.        ],exiting,[-0.82138112 -0.19970136 -0.21083176]
431.3177514076233,1001,False,1,3,[-0.73471705 -8.02313216  1.86745574],landing,[-0.48080528  0.59740651 -0.20557775]
431.3177514076233,1002,False,5,0,[-0.02898993  6.35562795  3.99797683],cruising,[ 0.5677905  -0.59831228 -0.99408226]
431.3177514076233,1003,False,6,4,[ 8.62582706 -7.38663584  3.51306557],landing,[ 0.63925976  0.24903542 -0.34837281]
431.3177514076233,1004,False,0,6,[7.79479701 7.90449082 4.00000856],exiting,[-0.62185191  0.08809385  0.93462812]
431.3177514076233,1005,False,2,1,[5.36590178 2.2279996  3.91747932],landing,[ 0.50568378 -0.03156594 -0.11489306]
431.41093921661377,1000,False,4,2,[-6.95364684 -1.50530681  4.        ],landing,[-0.82138112 -0.19970136 -0.21083176]
431.41093921661377,1001,False,1,3,[-0.75781031 -8.02111847  1.77017961],landing,[-0.48080528  0.59740651 -0.20557775]
431.41093921661377,1002,False,5,0,[0.13957172 6.24798516 3.9982803 ],cruising,[ 0.5677905  -0.59831228 -0.99408226]
431.41093921661377,1003,False,6,4,[ 8.60375453 -7.39063413  3.41561395],landing,[ 0.63925976  0.24903542 -0.34837281]
431.41093921661377,1004,False,0,6,[7.82957891 7.99824699 4.0000067 ],exiting,[-0.62185191  0.08809385  0.93462812]
431.41093921661377,1005,False,2,1,[5.32266132 2.21823792 3.86317081],landing,[ 0.50568378 -0.03156594 -0.11489306]
431.5187249183655,1000,False,4,2,[-7.01815415 -1.56221053  3.98611416],landing,[-0.82138112 -0.19970136 -0.21083176]
431.5187249183655,1001,False,1,3,[-0.78090357 -8.01910478  1.67290347],landing,[-0.48080528  0.59740651 -0.20557775]
431.5187249183655,1002,False,5,0,[0.30838094 6.14073104 3.99853826],cruising,[ 0.5677905  -0.59831228 -0.99408226]
431.5187249183655,1003,False,6,4,[ 8.581682   -7.39463241  3.31816234],landing,[ 0.63925976  0.24903542 -0.34837281]
431.5187249183655,1004,False,0,6,[7.86436082 8.09200316 4.00000521],exiting,[-0.62185191  0.08809385  0.93462812]
431.5187249183655,1005,False,2,1,[5.2941493  2.20464664 3.79588512],landing,[ 0.50568378 -0.03156594 -0.11489306]
431.61240124702454,1000,False,4,2,[-7.07451877 -1.60705445  3.95850762],landing,[-0.82138112 -0.19970136 -0.21083176]
431.61240124702454,1001,False,1,3,[-0.80399684 -8.01709109  1.57562734],landing,[-0.48080528  0.59740651 -0.20557775]
431.61240124702454,1002,False,5,0,[0.47769351 6.03427327 3.99875752],exiting,[ 0.5677905  -0.59831228 -0.99408226]
431.61240124702454,1003,False,6,4,[ 8.55960946 -7.3986307   3.22071073],landing,[ 0.63925976  0.24903542 -0.34837281]
431.61240124702454,1004,False,0,6,[7.89914272 8.18575933 4.00000403],exiting,[-0.62185191  0.08809385  0.93462812]
431.61240124702454,1005,False,2,1,[5.2805767  2.18726575 3.71585375],landing,[ 0.50568378 -0.03156594 -0.11489306]
431.708114862442,1000,False,4,2,[-7.12256563 -1.6397347   3.9173785 ],landing,[-0.82138112 -0.19970136 -0.21083176]
431.708114862442,1001,False,1,3,[-0.8270901  -8.01507741  1.47835121],fake_landed,[-0.48080528  0.59740651 -0.20557775]
431.708114862442,1002,False,5,0,[0.63670511 5.94495874 3.99897719],exiting,[ 0.5677905  -0.59831228 -0.99408226]
431.708114862442,1003,False,6,4,[ 8.53753693 -7.40262898  3.12325911],landing,[ 0.63925976  0.24903542 -0.34837281]
431.708114862442,1004,False,0,6,[7.93392463 8.2795155  4.00000308],exiting,[-0.62185191  0.08809385  0.93462812]
431.708114862442,1005,False,2,1,[5.28215573 2.16613721 3.62331705],landing,[ 0.50568378 -0.03156594 -0.11489306]
431.8186116218567,1000,False,4,2,[-7.16205803 -1.66011322  3.86300217],landing,[-0.82138112 -0.19970136 -0.21083176]
431.8186116218567,1001,False,1,3,[-0.84556471 -8.01346646  1.4005303 ],fake_landed,[-0.48080528  0.59740651 -0.20557775]
431.8186116218567,1002,False,5,0,[0.78525976 5.87269272 3.99919437],exiting,[ 0.5677905  -0.59831228 -0.99408226]
431.8186116218567,1003,False,6,4,[ 8.5154644  -7.40662726  3.0258075 ],landing,[ 0.63925976  0.24903542 -0.34837281]
431.8186116218567,1004,False,0,6,[7.96870653 8.37327166 4.00000234],exiting,[-0.62185191  0.08809385  0.93462812]
431.8186116218567,1005,False,2,1,[5.28952142 2.14361399 3.52616536],landing,[ 0.50568378 -0.03156594 -0.11489306]
431.9178433418274,1000,False,4,2,[-7.19278627 -1.66807003  3.79563004],landing,[-0.82138112 -0.19970136 -0.21083176]
431.9178433418274,1001,False,1,3,[-0.85942067 -8.01225824  1.34216462],fake_landed,[-0.48080528  0.59740651 -0.20557775]
431.9178433418274,1002,False,5,0,[0.92318287 5.8173669  3.99940582],exiting,[ 0.5677905  -0.59831228 -0.99408226]
431.9178433418274,1003,False,6,4,[ 8.49339186 -7.41062555  2.92835589],landing,[ 0.63925976  0.24903542 -0.34837281]
431.9178433418274,1004,False,0,6,[8.00348844 8.46702783 4.00000175],exiting,[-0.62185191  0.08809385  0.93462812]
431.9178433418274,1005,False,2,1,[5.2968871  2.12109077 3.42901366],landing,[ 0.50568378 -0.03156594 -0.11489306]
432.0138702392578,1000,False,4,2,[-7.21456274 -1.66349975  3.71549322],landing,[-0.82138112 -0.19970136 -0.21083176]
432.0138702392578,1001,False,1,3,[-0.86865798 -8.01145277  1.30325417],fake_landed,[-0.48080528  0.59740651 -0.20557775]
432.0138702392578,1002,False,5,0,[1.05027715 5.77885585 3.99960789],exiting,[ 0.5677905  -0.59831228 -0.99408226]
432.0138702392578,1003,False,6,4,[ 8.47131933 -7.41462383  2.83090427],landing,[ 0.63925976  0.24903542 -0.34837281]
432.0138702392578,1004,False,0,6,[8.03827034 8.560784   4.00000129],exiting,[-0.62185191  0.08809385  0.93462812]
432.0138702392578,1005,False,2,1,[5.30425278 2.09856755 3.33186197],landing,[ 0.50568378 -0.03156594 -0.11489306]
432.11058282852173,1000,False,4,2,[-7.22719762 -1.64629768  3.62283164],landing,[-0.82138112 -0.19970136 -0.21083176]
432.11058282852173,1001,False,1,3,[-0.87327663 -8.01105003  1.28379894],fake_landed,[-0.48080528  0.59740651 -0.20557775]
432.11058282852173,1002,False,5,0,[1.16631411 5.75701019 3.99979626],exiting,[ 0.5677905  -0.59831228 -0.99408226]
432.11058282852173,1003,False,6,4,[ 8.4492468  -7.41862211  2.73345266],landing,[ 0.63925976  0.24903542 -0.34837281]
432.11058282852173,1004,False,0,6,[8.07305225 8.65454017 4.00000093],exiting,[-0.62185191  0.08809385  0.93462812]
432.11058282852173,1005,False,2,1,[5.31161846 2.07604433 3.23471028],landing,[ 0.50568378 -0.03156594 -0.11489306]
432.2048125267029,1000,False,4,2,[-7.23642251 -1.62444294  3.52568602],landing,[-0.82138112 -0.19970136 -0.21083176]
432.2048125267029,1001,False,1,3,[-0.87327663 -8.01105003  1.28379894],fake_landed,[-0.48080528  0.59740651 -0.20557775]
432.2048125267029,1002,False,5,0,[1.27101403 5.75164092 3.99996562],exiting,[ 0.5677905  -0.59831228 -0.99408226]
432.2048125267029,1003,False,6,4,[ 8.42717426 -7.4226204   2.63600104],landing,[ 0.63925976  0.24903542 -0.34837281]
432.2048125267029,1004,False,0,6,[8.10783415 8.74829634 4.00000066],exiting,[-0.62185191  0.08809385  0.93462812]
432.2048125267029,1005,False,2,1,[5.31898414 2.0535211  3.13755859],landing,[ 0.50568378 -0.03156594 -0.11489306]
432.30928802490234,1000,False,4,2,[-7.2456474 -1.6025882  3.4285404],landing,[-0.82138112 -0.19970136 -0.21083176]
432.30928802490234,1001,False,3,5,[-0.87327663 -8.01105003  1.28379894],waiting,[-0.48080528  0.59740651 -0.20557775]
432.30928802490234,1002,False,5,0,[1.3639894  5.76247455 4.00010855],exiting,[ 0.5677905  -0.59831228 -0.99408226]
432.30928802490234,1003,False,6,4,[ 8.40510173 -7.42661868  2.53854943],landing,[ 0.63925976  0.24903542 -0.34837281]
432.30928802490234,1004,False,0,6,[8.14261605 8.84205251 4.00000045],exiting,[-0.62185191  0.08809385  0.93462812]
432.30928802490234,1005,False,2,1,[5.32634983 2.03099788 3.0404069 ],landing,[ 0.50568378 -0.03156594 -0.11489306]
432.4124777317047,1000,False,4,2,[-7.25487229 -1.58073346  3.33139478],landing,[-0.82138112 -0.19970136 -0.21083176]
432.4124777317047,1001,False,3,5,[-0.87327663 -8.01105003  1.28379894],waiting,[-0.48080528  0.59740651 -0.20557775]
432.4124777317047,1002,False,5,0,[1.44500232 5.78933625 4.00022067],exiting,[ 0.5677905  -0.59831228 -0.99408226]
432.4124777317047,1003,False,6,4,[ 8.3830292  -7.43061696  2.44109782],landing,[ 0.63925976  0.24903542 -0.34837281]
432.4124777317047,1004,False,0,6,[8.17739796 8.93580868 4.00000029],exiting,[-0.62185191  0.08809385  0.93462812]
432.4124777317047,1005,False,2,1,[5.33371551 2.00847466 2.9432552 ],landing,[ 0.50568378 -0.03156594 -0.11489306]
432.50588941574097,1000,False,4,2,[-7.26409718 -1.55887872  3.23424916],landing,[-0.82138112 -0.19970136 -0.21083176]
432.50588941574097,1001,False,3,5,[-0.87327663 -8.01105003  1.28379894],waiting,[-0.48080528  0.59740651 -0.20557775]
432.50588941574097,1002,False,5,0,[1.51381276 5.83204403 4.00029794],exiting,[ 0.5677905  -0.59831228 -0.99408226]
432.50588941574097,1003,False,6,4,[ 8.36095666 -7.43461525  2.3436462 ],landing,[ 0.63925976  0.24903542 -0.34837281]
432.50588941574097,1004,False,0,6,[8.21217986 9.02956484 4.00000017],exiting,[-0.62185191  0.08809385  0.93462812]
432.50588941574097,1005,False,2,1,[5.34108119 1.98595144 2.84610351],landing,[ 0.50568378 -0.03156594 -0.11489306]
432.60576820373535,1000,False,4,2,[-7.27332207 -1.53702398  3.13710354],landing,[-0.82138112 -0.19970136 -0.21083176]
432.60576820373535,1001,False,3,5,[-0.87327663 -8.01105003  1.28379894],waiting,[-0.48080528  0.59740651 -0.20557775]
432.60576820373535,1002,False,5,0,[1.57017862 5.89040846 4.00033694],exiting,[ 0.5677905  -0.59831228 -0.99408226]
432.60576820373535,1003,False,6,4,[ 8.33888413 -7.43861353  2.24619459],landing,[ 0.63925976  0.24903542 -0.34837281]
432.60576820373535,1004,False,0,6,[8.24696177 9.12332101 4.00000009],landing,[-0.62185191  0.08809385  0.93462812]
432.60576820373535,1005,False,2,1,[5.34844687 1.96342822 2.74895182],landing,[ 0.50568378 -0.03156594 -0.11489306]
432.7163734436035,1000,False,4,2,[-7.28254696 -1.51516924  3.03995791],landing,[-0.82138112 -0.19970136 -0.21083176]
432.7163734436035,1001,False,3,5,[-0.87327663 -8.01105003  1.28379894],waiting,[-0.48080528  0.59740651 -0.20557775]
432.7163734436035,1002,False,5,0,[1.61385566 5.96423228 4.00033551],exiting,[ 0.5677905  -0.59831228 -0.99408226]
432.7163734436035,1003,False,6,4,[ 8.3168116  -7.44261182  2.14874298],landing,[ 0.63925976  0.24903542 -0.34837281]
432.7163734436035,1004,False,0,6,[8.27997563 9.20298335 3.9859203 ],landing,[-0.62185191  0.08809385  0.93462812]
432.7163734436035,1005,False,2,1,[5.35581255 1.940905   2.65180013],landing,[ 0.50568378 -0.03156594 -0.11489306]
432.81968688964844,1000,False,4,2,[-7.29177185 -1.4933145   2.94281229],landing,[-0.82138112 -0.19970136 -0.21083176]
432.81968688964844,1001,False,3,5,[-0.87327663 -8.01105003  1.28379894],queued,[-0.48080528  0.59740651 -0.20557775]
432.81968688964844,1002,False,5,0,[1.64459744 6.05330986 4.0002945 ],exiting,[ 0.5677905  -0.59831228 -0.99408226]
432.81968688964844,1003,False,6,4,[ 8.29473906 -7.4466101   2.05129136],landing,[ 0.63925976  0.24903542 -0.34837281]
432.81968688964844,1004,False,0,6,[8.31112631 9.26840323 3.95792358],landing,[-0.62185191  0.08809385  0.93462812]
432.81968688964844,1005,False,2,1,[5.36317823 1.91838177 2.55464844],landing,[ 0.50568378 -0.03156594 -0.11489306]
432.9044575691223,1000,False,4,2,[-7.30099674 -1.47145976  2.84566667],landing,[-0.82138112 -0.19970136 -0.21083176]
432.9044575691223,1001,False,3,5,[-0.87327663 -8.01105003  1.30379894],queued,[-0.48080528  0.59740651 -0.20557775]
432.9044575691223,1002,False,5,0,[1.66825206 6.15047188 4.00023992],exiting,[ 0.5677905  -0.59831228 -0.99408226]
432.9044575691223,1003,False,6,4,[ 8.27266653 -7.45060838  1.95383975],landing,[ 0.63925976  0.24903542 -0.34837281]
432.9044575691223,1004,False,0,6,[8.34030082 9.31940627 3.91620647],landing,[-0.62185191  0.08809385  0.93462812]
432.9044575691223,1005,False,2,1,[5.37054392 1.89585855 2.45749675],landing,[ 0.50568378 -0.03156594 -0.11489306]
433.0124182701111,1000,False,4,2,[-7.31022163 -1.44960502  2.74852105],landing,[-0.82138112 -0.19970136 -0.21083176]
433.0124182701111,1001,False,3,5,[-0.87327663 -8.01105003  1.34379894],queued,[-0.48080528  0.59740651 -0.20557775]
433.0124182701111,1002,False,5,0,[1.69190667 6.2476339  4.00019514],exiting,[ 0.5677905  -0.59831228 -0.99408226]
433.0124182701111,1003,False,6,4,[ 8.25059399 -7.45460667  1.85638814],landing,[ 0.63925976  0.24903542 -0.34837281]
433.0124182701111,1004,False,0,6,[8.3673428  9.35575506 3.86104668],landing,[-0.62185191  0.08809385  0.93462812]
433.0124182701111,1005,False,2,1,[5.3779096  1.87333533 2.36034505],landing,[ 0.50568378 -0.03156594 -0.11489306]
433.10976696014404,1000,False,4,2,[-7.31944652 -1.42775027  2.65137543],landing,[-0.82138112 -0.19970136 -0.21083176]
433.10976696014404,1001,False,3,5,[-0.87327663 -8.01105003  1.40379894],queued,[-0.48080528  0.59740651 -0.20557775]
433.10976696014404,1002,False,5,0,[1.71556129 6.34479593 4.00015845],exiting,[ 0.5677905  -0.59831228 -0.99408226]
433.10976696014404,1003,False,6,4,[ 8.22852146 -7.45860495  1.75893652],landing,[ 0.63925976  0.24903542 -0.34837281]
433.10976696014404,1004,False,0,6,[8.3921213  9.3772542  3.79268217],landing,[-0.62185191  0.08809385  0.93462812]
433.10976696014404,1005,False,2,1,[5.38527528 1.85081211 2.26319336],landing,[ 0.50568378 -0.03156594 -0.11489306]
433.2150914669037,1000,False,4,2,[-7.32867141 -1.40589553  2.55422981],landing,[-0.82138112 -0.19970136 -0.21083176]
433.2150914669037,1001,False,3,5,[-0.87327663 -8.01105003  1.47879894],queued,[-0.48080528  0.59740651 -0.20557775]
433.2150914669037,1002,False,5,0,[1.73921591 6.44195795 4.00012842],exiting,[ 0.5677905  -0.59831228 -0.99408226]
433.2150914669037,1003,False,6,4,[ 8.20644893 -7.46260323  1.66148491],landing,[ 0.63925976  0.24903542 -0.34837281]
433.2150914669037,1004,False,0,6,[8.41451304 9.38372275 3.71134136],landing,[-0.62185191  0.08809385  0.93462812]
433.2150914669037,1005,False,2,1,[5.39264096 1.82828889 2.16604167],landing,[ 0.50568378 -0.03156594 -0.11489306]
433.3109939098358,1000,False,4,2,[-7.3378963  -1.38404079  2.45708419],landing,[-0.82138112 -0.19970136 -0.21083176]
433.3109939098358,1001,False,3,5,[-0.87327663 -8.01105003  1.55379894],queued,[-0.48080528  0.59740651 -0.20557775]
433.3109939098358,1002,False,5,0,[1.76287053 6.53911998 4.00010388],exiting,[ 0.5677905  -0.59831228 -0.99408226]
433.3109939098358,1003,False,6,4,[ 8.18437639 -7.46660152  1.56403329],landing,[ 0.63925976  0.24903542 -0.34837281]
433.3109939098358,1004,False,0,6,[8.43439239 9.37497927 3.61726155],landing,[-0.62185191  0.08809385  0.93462812]
433.3109939098358,1005,False,2,1,[5.40000664 1.80576566 2.06888998],landing,[ 0.50568378 -0.03156594 -0.11489306]
433.4049639701843,1000,False,4,2,[-7.34712119 -1.36218605  2.35993857],landing,[-0.82138112 -0.19970136 -0.21083176]
433.4049639701843,1001,False,3,5,[-0.87327663 -8.01105003  1.62879894],queued,[-0.48080528  0.59740651 -0.20557775]
433.4049639701843,1002,False,5,0,[1.78652514 6.636282   4.00008384],exiting,[ 0.5677905  -0.59831228 -0.99408226]
433.4049639701843,1003,False,6,4,[ 8.16230386 -7.4705998   1.46658168],fake_landed,[ 0.63925976  0.24903542 -0.34837281]
433.4049639701843,1004,False,0,6,[8.45358847 9.3622529  3.51994993],landing,[-0.62185191  0.08809385  0.93462812]
433.4049639701843,1005,False,2,1,[5.40737232 1.78324244 1.97173829],landing,[ 0.50568378 -0.03156594 -0.11489306]
433.51549553871155,1000,False,4,2,[-7.35634608 -1.34033131  2.26279294],landing,[-0.82138112 -0.19970136 -0.21083176]
433.51549553871155,1001,False,3,5,[-0.87327663 -8.01105003  1.70379894],queued,[-0.48080528  0.59740651 -0.20557775]
433.51549553871155,1002,False,5,0,[1.81017976 6.73344403 4.0000675 ],exiting,[ 0.5677905  -0.59831228 -0.99408226]
433.51549553871155,1003,False,6,4,[ 8.14464583 -7.47379843  1.38862039],fake_landed,[ 0.63925976  0.24903542 -0.34837281]
433.51549553871155,1004,False,0,6,[8.47278455 9.34952653 3.42263832],landing,[-0.62185191  0.08809385  0.93462812]
433.51549553871155,1005,False,2,1,[5.41473801 1.76071922 1.8745866 ],landing,[ 0.50568378 -0.03156594 -0.11489306]
433.6105422973633,1000,False,4,2,[-7.36557097 -1.31847657  2.16564732],landing,[-0.82138112 -0.19970136 -0.21083176]
433.6105422973633,1001,False,3,5,[-0.87327663 -8.01105003  1.77879894],queued,[-0.48080528  0.59740651 -0.20557775]
433.6105422973633,1002,False,5,0,[1.83383438 6.83060605 4.00005421],exiting,[ 0.5677905  -0.59831228 -0.99408226]
433.6105422973633,1003,False,6,4,[ 8.13140231 -7.4761974   1.33014942],fake_landed,[ 0.63925976  0.24903542 -0.34837281]
433.6105422973633,1004,False,0,6,[8.49198063 9.33680015 3.32532671],landing,[-0.62185191  0.08809385  0.93462812]
433.6105422973633,1005,False,2,1,[5.42210369 1.738196   1.7774349 ],landing,[ 0.50568378 -0.03156594 -0.11489306]
433.713228225708,1000,False,4,2,[-7.37479586 -1.29662183  2.0685017 ],landing,[-0.82138112 -0.19970136 -0.21083176]
433.713228225708,1001,False,3,5,[-0.87327663 -8.01105003  1.85379894],entering,[-0.48080528  0.59740651 -0.20557775]
433.713228225708,1002,False,5,0,[1.857489   6.92776808 4.00004341],exiting,[ 0.5677905  -0.59831228 -0.99408226]
433.713228225708,1003,False,6,4,[ 8.1225733  -7.47779671  1.29116878],fake_landed,[ 0.63925976  0.24903542 -0.34837281]
433.713228225708,1004,False,0,6,[8.51117672 9.32407378 3.2280151 ],landing,[-0.62185191  0.08809385  0.93462812]
433.713228225708,1005,False,2,1,[5.42946937 1.71567278 1.68028321],landing,[ 0.50568378 -0.03156594 -0.11489306]
433.8181052207947,1000,False,4,2,[-7.38402075 -1.27476709  1.97135608],landing,[-0.82138112 -0.19970136 -0.21083176]
433.8181052207947,1001,False,3,5,[-0.87976783 -7.99213273  1.92879894],entering,[-0.48080528  0.59740651 -0.20557775]
433.8181052207947,1002,False,5,0,[1.88114361 7.0249301  4.00003465],exiting,[ 0.5677905  -0.59831228 -0.99408226]
433.8181052207947,1003,False,6,4,[ 8.11815879 -7.47859637  1.27167845],fake_landed,[ 0.63925976  0.24903542 -0.34837281]
433.8181052207947,1004,False,0,6,[8.5303728  9.31134741 3.13070349],landing,[-0.62185191  0.08809385  0.93462812]
433.8181052207947,1005,False,2,1,[5.43683505 1.69314956 1.58313152],landing,[ 0.50568378 -0.03156594 -0.11489306]
433.9118263721466,1000,False,4,2,[-7.39324564 -1.25291235  1.87421046],landing,[-0.82138112 -0.19970136 -0.21083176]
433.9118263721466,1001,False,3,5,[-0.89275023 -7.95429812  2.00379894],entering,[-0.48080528  0.59740651 -0.20557775]
433.9118263721466,1002,False,5,0,[1.90479823 7.12209213 4.00002756],exiting,[ 0.5677905  -0.59831228 -0.99408226]
433.9118263721466,1003,False,4,3,[ 8.11815879 -7.47859637  1.27167845],waiting,[ 0.63925976  0.24903542 -0.34837281]
433.9118263721466,1004,False,0,6,[8.54956888 9.29862104 3.03339187],landing,[-0.62185191  0.08809385  0.93462812]
433.9118263721466,1005,False,2,1,[5.44420073 1.67062633 1.48597983],fake_landed,[ 0.50568378 -0.03156594 -0.11489306]
434.0125398635864,1000,False,4,2,[-7.40247053 -1.23105761  1.77706484],landing,[-0.82138112 -0.19970136 -0.21083176]
434.0125398635864,1001,False,3,5,[-0.91222382 -7.89754622  2.07879894],entering,[-0.48080528  0.59740651 -0.20557775]
434.0125398635864,1002,False,5,0,[1.92845285 7.21925415 4.00002183],exiting,[ 0.5677905  -0.59831228 -0.99408226]
434.0125398635864,1003,False,4,3,[ 8.11815879 -7.47859637  1.27167845],waiting,[ 0.63925976  0.24903542 -0.34837281]
434.0125398635864,1004,False,0,6,[8.56876496 9.28589467 2.93608026],landing,[-0.62185191  0.08809385  0.93462812]
434.0125398635864,1005,False,2,1,[5.45009328 1.65260776 1.40825847],fake_landed,[ 0.50568378 -0.03156594 -0.11489306]
434.1063861846924,1000,False,4,2,[-7.41169542 -1.20920287  1.67991922],landing,[-0.82138112 -0.19970136 -0.21083176]
434.1063861846924,1001,False,3,5,[-0.93818862 -7.82187701  2.15379894],entering,[-0.48080528  0.59740651 -0.20557775]
434.1063861846924,1002,False,5,0,[1.95210747 7.31641618 4.00001722],exiting,[ 0.5677905  -0.59831228 -0.99408226]
434.1063861846924,1003,False,4,3,[ 8.11815879 -7.47859637  1.27167845],waiting,[ 0.63925976  0.24903542 -0.34837281]
434.1063861846924,1004,False,0,6,[8.58796105 9.27316829 2.83876865],landing,[-0.62185191  0.08809385  0.93462812]
434.1063861846924,1005,False,2,1,[5.45451269 1.63909382 1.34996746],fake_landed,[ 0.50568378 -0.03156594 -0.11489306]
434.2084903717041,1000,False,4,2,[-7.42092031 -1.18734813  1.5827736 ],landing,[-0.82138112 -0.19970136 -0.21083176]
434.2084903717041,1001,False,3,5,[-0.97064462 -7.72729049  2.22879894],entering,[-0.48080528  0.59740651 -0.20557775]
434.2084903717041,1002,False,5,0,[1.97576208 7.4135782  4.00001351],exiting,[ 0.5677905  -0.59831228 -0.99408226]
434.2084903717041,1003,False,4,3,[ 8.11815879 -7.47859637  1.27167845],waiting,[ 0.63925976  0.24903542 -0.34837281]
434.2084903717041,1004,False,0,6,[8.60715713 9.26044192 2.74145704],landing,[-0.62185191  0.08809385  0.93462812]
434.2084903717041,1005,False,2,1,[5.45745896 1.63008453 1.31110678],fake_landed,[ 0.50568378 -0.03156594 -0.11489306]
434.3172142505646,1000,False,4,2,[-7.43014521 -1.16549339  1.48562798],fake_landed,[-0.82138112 -0.19970136 -0.21083176]
434.3172142505646,1001,False,3,5,[-1.00959182 -7.61378668  2.30379894],entering,[-0.48080528  0.59740651 -0.20557775]
434.3172142505646,1002,False,5,0,[1.9994167  7.51074023 4.00001054],exiting,[ 0.5677905  -0.59831228 -0.99408226]
434.3172142505646,1003,False,4,3,[ 8.11815879 -7.47859637  1.27167845],waiting,[ 0.63925976  0.24903542 -0.34837281]
434.3172142505646,1004,False,0,6,[8.62635321 9.24771555 2.64414542],landing,[-0.62185191  0.08809385  0.93462812]
434.3172142505646,1005,False,2,1,[5.4589321  1.62557989 1.29167644],fake_landed,[ 0.50568378 -0.03156594 -0.11489306]
434.40747022628784,1000,False,4,2,[-7.43752512 -1.1480096   1.40791148],fake_landed,[-0.82138112 -0.19970136 -0.21083176]
434.40747022628784,1001,False,3,5,[-1.05503021 -7.48136556  2.37879894],entering,[-0.48080528  0.59740651 -0.20557775]
434.40747022628784,1002,False,5,0,[2.02307132 7.60790225 4.00000817],exiting,[ 0.5677905  -0.59831228 -0.99408226]
434.40747022628784,1003,False,4,3,[ 8.11815879 -7.47859637  1.27167845],waiting,[ 0.63925976  0.24903542 -0.34837281]
434.40747022628784,1004,False,0,6,[8.64554929 9.23498918 2.54683381],landing,[-0.62185191  0.08809385  0.93462812]
434.40747022628784,1005,False,2,1,[5.4589321  1.62557989 1.29167644],fake_landed,[ 0.50568378 -0.03156594 -0.11489306]
434.5147211551666,1000,False,4,2,[-7.44306005 -1.13489676  1.34962411],fake_landed,[-0.82138112 -0.19970136 -0.21083176]
434.5147211551666,1001,False,3,5,[-1.10695981 -7.33002714  2.45379894],entering,[-0.48080528  0.59740651 -0.20557775]
434.5147211551666,1002,False,5,0,[2.04672594 7.70506428 4.00000628],exiting,[ 0.5677905  -0.59831228 -0.99408226]
434.5147211551666,1003,False,4,3,[ 8.11815879 -7.47859637  1.27167845],waiting,[ 0.63925976  0.24903542 -0.34837281]
434.5147211551666,1004,False,0,6,[8.66474537 9.2222628  2.4495222 ],landing,[-0.62185191  0.08809385  0.93462812]
434.5147211551666,1005,False,1,4,[5.4589321  1.62557989 1.29167644],waiting,[ 0.50568378 -0.03156594 -0.11489306]
434.6159625053406,1000,False,4,2,[-7.44675001 -1.12615486  1.31076586],fake_landed,[-0.82138112 -0.19970136 -0.21083176]
434.6159625053406,1001,False,3,5,[-1.1653806  -7.15977142  2.52879894],entering,[-0.48080528  0.59740651 -0.20557775]
434.6159625053406,1002,False,5,0,[2.07038055 7.8022263  4.00000478],exiting,[ 0.5677905  -0.59831228 -0.99408226]
434.6159625053406,1003,False,4,3,[ 8.11815879 -7.47859637  1.27167845],waiting,[ 0.63925976  0.24903542 -0.34837281]
434.6159625053406,1004,False,0,6,[8.68394146 9.20953643 2.35221059],landing,[-0.62185191  0.08809385  0.93462812]
434.6159625053406,1005,False,1,4,[5.4589321  1.62557989 1.29167644],waiting,[ 0.50568378 -0.03156594 -0.11489306]
434.7060844898224,1000,False,4,2,[-7.44859499 -1.12178391  1.29133673],fake_landed,[-0.82138112 -0.19970136 -0.21083176]
434.7060844898224,1001,False,3,5,[-1.23154623 -6.97107614  2.60379894],entering,[-0.48080528  0.59740651 -0.20557775]
434.7060844898224,1002,False,5,0,[2.09403517 7.89938833 4.0000036 ],exiting,[ 0.5677905  -0.59831228 -0.99408226]
434.7060844898224,1003,False,4,3,[ 8.11815879 -7.47859637  1.27167845],queued,[ 0.63925976  0.24903542 -0.34837281]
434.7060844898224,1004,False,0,6,[8.70313754 9.19681006 2.25489898],landing,[-0.62185191  0.08809385  0.93462812]
434.7060844898224,1005,False,1,4,[5.4589321  1.62557989 1.29167644],waiting,[ 0.50568378 -0.03156594 -0.11489306]
434.8100574016571,1000,False,4,2,[-7.44859499 -1.12178391  1.29133673],fake_landed,[-0.82138112 -0.19970136 -0.21083176]
434.8100574016571,1001,False,3,5,[-1.29772771 -6.78234349  2.67879894],entering,[-0.48080528  0.59740651 -0.20557775]
434.8100574016571,1002,False,5,0,[2.11768979 7.99655035 4.00000267],exiting,[ 0.5677905  -0.59831228 -0.99408226]
434.8100574016571,1003,False,4,3,[ 8.11815879 -7.47859637  1.29167845],queued,[ 0.63925976  0.24903542 -0.34837281]
434.8100574016571,1004,False,0,6,[8.72233362 9.18408369 2.15758736],landing,[-0.62185191  0.08809385  0.93462812]
434.8100574016571,1005,False,1,4,[5.4589321  1.62557989 1.29167644],waiting,[ 0.50568378 -0.03156594 -0.11489306]
434.9178445339203,1000,False,2,1,[-7.44859499 -1.12178391  1.29133673],waiting,[-0.82138112 -0.19970136 -0.21083176]
434.9178445339203,1001,False,3,5,[-1.36390918 -6.59361084  2.75379894],entering,[-0.48080528  0.59740651 -0.20557775]
434.9178445339203,1002,False,5,0,[2.14134441 8.09371237 4.00000195],exiting,[ 0.5677905  -0.59831228 -0.99408226]
434.9178445339203,1003,False,4,3,[ 8.11815879 -7.47859637  1.33167845],queued,[ 0.63925976  0.24903542 -0.34837281]
434.9178445339203,1004,False,0,6,[8.7415297  9.17135732 2.06027575],landing,[-0.62185191  0.08809385  0.93462812]
434.9178445339203,1005,False,1,4,[5.4589321  1.62557989 1.29167644],waiting,[ 0.50568378 -0.03156594 -0.11489306]
435.01265692710876,1000,False,2,1,[-7.44859499 -1.12178391  1.29133673],waiting,[-0.82138112 -0.19970136 -0.21083176]
435.01265692710876,1001,False,3,5,[-1.43087187 -6.40515395  2.82879894],entering,[-0.48080528  0.59740651 -0.20557775]
435.01265692710876,1002,False,5,0,[2.16499902 8.1908744  4.00000139],exiting,[ 0.5677905  -0.59831228 -0.99408226]
435.01265692710876,1003,False,4,3,[ 8.11815879 -7.47859637  1.39167845],queued,[ 0.63925976  0.24903542 -0.34837281]
435.01265692710876,1004,False,0,6,[8.76072579 9.15863094 1.96296414],landing,[-0.62185191  0.08809385  0.93462812]
435.01265692710876,1005,False,1,4,[5.4589321  1.62557989 1.29167644],waiting,[ 0.50568378 -0.03156594 -0.11489306]
435.11788296699524,1000,False,2,1,[-7.44859499 -1.12178391  1.29133673],waiting,[-0.82138112 -0.19970136 -0.21083176]
435.11788296699524,1001,False,3,5,[-1.49836827 -6.21688756  2.90379894],entering,[-0.48080528  0.59740651 -0.20557775]
435.11788296699524,1002,False,5,0,[2.18865364 8.28803642 4.00000096],exiting,[ 0.5677905  -0.59831228 -0.99408226]
435.11788296699524,1003,False,4,3,[ 8.11815879 -7.47859637  1.46667845],queued,[ 0.63925976  0.24903542 -0.34837281]
435.11788296699524,1004,False,0,6,[8.77992187 9.14590457 1.86565253],landing,[-0.62185191  0.08809385  0.93462812]
435.11788296699524,1005,False,1,4,[5.4589321  1.62557989 1.29167644],waiting,[ 0.50568378 -0.03156594 -0.11489306]
435.2180280685425,1000,False,2,1,[-7.44859499 -1.12178391  1.29133673],waiting,[-0.82138112 -0.19970136 -0.21083176]
435.2180280685425,1001,False,3,5,[-1.56586467 -6.02862116  2.97879894],entering,[-0.48080528  0.59740651 -0.20557775]
435.2180280685425,1002,False,5,0,[2.21230826 8.38519845 4.00000064],exiting,[ 0.5677905  -0.59831228 -0.99408226]
435.2180280685425,1003,False,4,3,[ 8.11815879 -7.47859637  1.54167845],queued,[ 0.63925976  0.24903542 -0.34837281]
435.2180280685425,1004,False,0,6,[8.79911795 9.1331782  1.76834091],landing,[-0.62185191  0.08809385  0.93462812]
435.2180280685425,1005,False,1,4,[5.4589321  1.62557989 1.29167644],waiting,[ 0.50568378 -0.03156594 -0.11489306]
435.3162326812744,1000,False,2,1,[-7.44859499 -1.12178391  1.29133673],queued,[-0.82138112 -0.19970136 -0.21083176]
435.3162326812744,1001,False,3,5,[-1.6346373  -5.84081721  3.05379894],entering,[-0.48080528  0.59740651 -0.20557775]
435.3162326812744,1002,False,5,0,[2.23596288 8.48236047 4.00000039],exiting,[ 0.5677905  -0.59831228 -0.99408226]
435.3162326812744,1003,False,4,3,[ 8.11815879 -7.47859637  1.61667845],queued,[ 0.63925976  0.24903542 -0.34837281]
435.3162326812744,1004,False,0,6,[8.81831403 9.12045183 1.6710293 ],landing,[-0.62185191  0.08809385  0.93462812]
435.3162326812744,1005,False,1,4,[5.4589321  1.62557989 1.29167644],waiting,[ 0.50568378 -0.03156594 -0.11489306]
435.40840244293213,1000,False,2,1,[-7.44859499 -1.12178391  1.31133673],queued,[-0.82138112 -0.19970136 -0.21083176]
435.40840244293213,1001,False,3,5,[-1.70340993 -5.65301325  3.12879894],entering,[-0.48080528  0.59740651 -0.20557775]
435.40840244293213,1002,False,5,0,[2.25961749 8.5795225  4.00000022],exiting,[ 0.5677905  -0.59831228 -0.99408226]
435.40840244293213,1003,False,4,3,[ 8.11815879 -7.47859637  1.69167845],queued,[ 0.63925976  0.24903542 -0.34837281]
435.40840244293213,1004,False,0,6,[8.83751012 9.10772546 1.57371769],landing,[-0.62185191  0.08809385  0.93462812]
435.40840244293213,1005,False,1,4,[5.4589321  1.62557989 1.29167644],waiting,[ 0.50568378 -0.03156594 -0.11489306]
435.5101914405823,1000,False,2,1,[-7.44859499 -1.12178391  1.35133673],queued,[-0.82138112 -0.19970136 -0.21083176]
435.5101914405823,1001,False,3,5,[-1.77332389 -5.46563119  3.20379894],entering,[-0.48080528  0.59740651 -0.20557775]
435.5101914405823,1002,False,5,0,[2.28327211 8.67668452 4.00000009],landing,[ 0.5677905  -0.59831228 -0.99408226]
435.5101914405823,1003,False,4,3,[ 8.11815879 -7.47859637  1.76667845],queued,[ 0.63925976  0.24903542 -0.34837281]
435.5101914405823,1004,False,0,6,[8.8567062  9.09499908 1.47640608],fake_landed,[-0.62185191  0.08809385  0.93462812]
435.5101914405823,1005,False,1,4,[5.4589321  1.62557989 1.29167644],queued,[ 0.50568378 -0.03156594 -0.11489306]
435.6143684387207,1000,False,2,1,[-7.44859499 -1.12178391  1.41133673],queued,[-0.82138112 -0.19970136 -0.21083176]
435.6143684387207,1001,False,3,5,[-1.84277748 -5.278078    3.27879894],entering,[-0.48080528  0.59740651 -0.20557775]
435.6143684387207,1002,False,5,0,[2.30662288 8.75936065 3.9862135 ],landing,[ 0.5677905  -0.59831228 -0.99408226]
435.6143684387207,1003,False,4,3,[ 8.11815879 -7.47859637  1.84167845],queued,[ 0.63925976  0.24903542 -0.34837281]
435.6143684387207,1004,False,0,6,[8.87206306 9.08481799 1.39855679],fake_landed,[-0.62185191  0.08809385  0.93462812]
435.6143684387207,1005,False,1,4,[5.4589321  1.62557989 1.31167644],queued,[ 0.50568378 -0.03156594 -0.11489306]
435.71077585220337,1000,False,2,1,[-7.44859499 -1.12178391  1.48633673],queued,[-0.82138112 -0.19970136 -0.21083176]
435.71077585220337,1001,False,3,5,[-1.91369522 -5.09107352  3.35379894],entering,[-0.48080528  0.59740651 -0.20557775]
435.71077585220337,1002,False,5,0,[2.3295933  8.82739625 3.95880671],landing,[ 0.5677905  -0.59831228 -0.99408226]
435.71077585220337,1003,False,4,3,[ 8.11815879 -7.47859637  1.91667845],queued,[ 0.63925976  0.24903542 -0.34837281]
435.71077585220337,1004,False,0,6,[8.88358071 9.07718216 1.34016982],fake_landed,[-0.62185191  0.08809385  0.93462812]
435.71077585220337,1005,False,1,4,[5.4589321  1.62557989 1.35167644],queued,[ 0.50568378 -0.03156594 -0.11489306]
435.8090238571167,1000,False,2,1,[-7.44859499 -1.12178391  1.56133673],queued,[-0.82138112 -0.19970136 -0.21083176]
435.8090238571167,1001,False,3,5,[-1.98523242 -4.90430514  3.42879894],entering,[-0.48080528  0.59740651 -0.20557775]
435.8090238571167,1002,False,5,0,[2.35209306 8.88061139 3.91797856],landing,[ 0.5677905  -0.59831228 -0.99408226]
435.8090238571167,1003,False,4,3,[ 8.11815879 -7.47859637  1.99167845],queued,[ 0.63925976  0.24903542 -0.34837281]
435.8090238571167,1004,False,0,6,[8.89125915 9.07209161 1.30124518],fake_landed,[-0.62185191  0.08809385  0.93462812]
435.8090238571167,1005,False,1,4,[5.4589321  1.62557989 1.41167644],queued,[ 0.50568378 -0.03156594 -0.11489306]
435.9137980937958,1000,False,2,1,[-7.44859499 -1.12178391  1.63633673],queued,[-0.82138112 -0.19970136 -0.21083176]
435.9137980937958,1001,False,3,5,[-2.05703217 -4.71763753  3.50379894],entering,[-0.48080528  0.59740651 -0.20557775]
435.9137980937958,1002,False,5,0,[2.3739998  8.91876663 3.86400326],landing,[ 0.5677905  -0.59831228 -0.99408226]
435.9137980937958,1003,False,4,3,[ 8.11815879 -7.47859637  2.06667845],queued,[ 0.63925976  0.24903542 -0.34837281]
435.9137980937958,1004,False,0,6,[8.89509836 9.06954634 1.28178285],fake_landed,[-0.62185191  0.08809385  0.93462812]
435.9137980937958,1005,False,1,4,[5.4589321  1.62557989 1.48667644],queued,[ 0.50568378 -0.03156594 -0.11489306]
436.01195669174194,1000,False,2,1,[-7.44859499 -1.12178391  1.71133673],queued,[-0.82138112 -0.19970136 -0.21083176]
436.01195669174194,1001,False,3,5,[-2.12872391 -4.53092841  3.5782291 ],entering,[-0.48080528  0.59740651 -0.20557775]
436.01195669174194,1002,False,5,0,[2.39520055 8.94164559 3.79713855],landing,[ 0.5677905  -0.59831228 -0.99408226]
436.01195669174194,1003,False,4,3,[ 8.11815879 -7.47859637  2.14167845],queued,[ 0.63925976  0.24903542 -0.34837281]
436.01195669174194,1004,False,6,2,[8.89509836 9.06954634 1.28178285],waiting,[-0.62185191  0.08809385  0.93462812]
436.01195669174194,1005,False,1,4,[5.4589321  1.62557989 1.56167644],queued,[ 0.50568378 -0.03156594 -0.11489306]
436.1129250526428,1000,False,2,1,[-7.44859499 -1.12178391  1.78633673],queued,[-0.82138112 -0.19970136 -0.21083176]
436.1129250526428,1001,False,3,5,[-2.19877901 -4.34359907  3.64149473],entering,[-0.48080528  0.59740651 -0.20557775]
436.1129250526428,1002,False,5,0,[2.41559523 8.94906013 3.71761675],landing,[ 0.5677905  -0.59831228 -0.99408226]
436.1129250526428,1003,False,4,3,[ 8.11815879 -7.47859637  2.21667845],queued,[ 0.63925976  0.24903542 -0.34837281]
436.1129250526428,1004,False,6,2,[8.89509836 9.06954634 1.28178285],waiting,[-0.62185191  0.08809385  0.93462812]
436.1129250526428,1005,False,1,4,[5.4589321  1.62557989 1.63667644],queued,[ 0.50568378 -0.03156594 -0.11489306]
436.2167191505432,1000,False,2,1,[-7.44859499 -1.12178391  1.86133673],queued,[-0.82138112 -0.19970136 -0.21083176]
436.2167191505432,1001,False,3,5,[-2.26346444 -4.15434845  3.69527052],entering,[-0.48080528  0.59740651 -0.20557775]
436.2167191505432,1002,False,5,0,[2.43508153 8.9408216  3.62567899],landing,[ 0.5677905  -0.59831228 -0.99408226]
436.2167191505432,1003,False,4,3,[ 8.11815879 -7.47859637  2.29167845],queued,[ 0.63925976  0.24903542 -0.34837281]
436.2167191505432,1004,False,6,2,[8.89509836 9.06954634 1.28178285],waiting,[-0.62185191  0.08809385  0.93462812]
436.2167191505432,1005,False,1,4,[5.4589321  1.62557989 1.71167644],queued,[ 0.50568378 -0.03156594 -0.11489306]
436.30575799942017,1000,False,2,1,[-7.44859499 -1.12178391  1.93633673],queued,[-0.82138112 -0.19970136 -0.21083176]
436.30575799942017,1001,False,3,5,[-2.32598932 -3.96437309  3.74097994],entering,[-0.48080528  0.59740651 -0.20557775]
436.30575799942017,1002,False,5,0,[2.45414336 8.92594712 3.52864602],landing,[ 0.5677905  -0.59831228 -0.99408226]
436.30575799942017,1003,False,4,3,[ 8.11815879 -7.47859637  2.36667845],queued,[ 0.63925976  0.24903542 -0.34837281]
436.30575799942017,1004,False,6,2,[8.89509836 9.06954634 1.28178285],waiting,[-0.62185191  0.08809385  0.93462812]
436.30575799942017,1005,False,1,4,[5.4589321  1.62557989 1.78667644],queued,[ 0.50568378 -0.03156594 -0.11489306]
436.4184832572937,1000,False,2,1,[-7.44859499 -1.12178391  2.01133673],queued,[-0.82138112 -0.19970136 -0.21083176]
436.4184832572937,1001,False,3,5,[-2.38767255 -3.77412278  3.77983295],entering,[-0.48080528  0.59740651 -0.20557775]
436.4184832572937,1002,False,5,0,[2.4732052  8.91107264 3.43161305],landing,[ 0.5677905  -0.59831228 -0.99408226]
436.4184832572937,1003,False,4,3,[ 8.11815879 -7.47859637  2.44167845],entering,[ 0.63925976  0.24903542 -0.34837281]
436.4184832572937,1004,False,6,2,[8.89509836 9.06954634 1.28178285],waiting,[-0.62185191  0.08809385  0.93462812]
436.4184832572937,1005,False,1,4,[5.4589321  1.62557989 1.86167644],queued,[ 0.50568378 -0.03156594 -0.11489306]
436.5057077407837,1000,False,2,1,[-7.44859499 -1.12178391  2.08633673],queued,[-0.82138112 -0.19970136 -0.21083176]
436.5057077407837,1001,False,3,5,[-2.44883255 -3.58370363  3.81285801],cruising,[-0.48080528  0.59740651 -0.20557775]
436.5057077407837,1002,False,5,0,[2.49226703 8.89619816 3.33458009],landing,[ 0.5677905  -0.59831228 -0.99408226]
436.5057077407837,1003,False,4,3,[ 8.10666885 -7.46222624  2.51667845],entering,[ 0.63925976  0.24903542 -0.34837281]
436.5057077407837,1004,False,6,2,[8.89509836 9.06954634 1.28178285],waiting,[-0.62185191  0.08809385  0.93462812]
436.5057077407837,1005,False,1,4,[5.4589321  1.62557989 1.93667644],queued,[ 0.50568378 -0.03156594 -0.11489306]
436.60537815093994,1000,False,2,1,[-7.44859499 -1.12178391  2.16133673],entering,[-0.82138112 -0.19970136 -0.21083176]
436.60537815093994,1001,False,3,5,[-2.50410703 -3.3914935   3.84092931],cruising,[-0.48080528  0.59740651 -0.20557775]
436.60537815093994,1002,False,5,0,[2.51132886 8.88132368 3.23754712],landing,[ 0.5677905  -0.59831228 -0.99408226]
436.60537815093994,1003,False,4,3,[ 8.08368896 -7.42948597  2.59167845],entering,[ 0.63925976  0.24903542 -0.34837281]
436.60537815093994,1004,False,6,2,[8.89509836 9.06954634 1.28178285],waiting,[-0.62185191  0.08809385  0.93462812]
436.60537815093994,1005,False,1,4,[5.4589321  1.62557989 2.01167644],queued,[ 0.50568378 -0.03156594 -0.11489306]
436.706591129303,1000,False,2,1,[-7.43551554 -1.10665354  2.23633673],entering,[-0.82138112 -0.19970136 -0.21083176]
436.706591129303,1001,False,3,5,[-2.54968355 -3.19675578  3.86478991],cruising,[-0.48080528  0.59740651 -0.20557775]
436.706591129303,1002,False,5,0,[2.5303907  8.8664492  3.14051416],landing,[ 0.5677905  -0.59831228 -0.99408226]
436.706591129303,1003,False,4,3,[ 8.04921913 -7.38037558  2.66667845],entering,[ 0.63925976  0.24903542 -0.34837281]
436.706591129303,1004,False,6,2,[8.89509836 9.06954634 1.28178285],waiting,[-0.62185191  0.08809385  0.93462812]
436.706591129303,1005,False,1,4,[5.4589321  1.62557989 2.08667644],queued,[ 0.50568378 -0.03156594 -0.11489306]
436.8131773471832,1000,False,2,1,[-7.40937156 -1.07637992  2.31133673],entering,[-0.82138112 -0.19970136 -0.21083176]
436.8131773471832,1001,False,3,5,[-2.59372675 -3.00166555  3.88507143],cruising,[-0.48080528  0.59740651 -0.20557775]
436.8131773471832,1002,False,5,0,[2.54945253 8.85157472 3.04348119],landing,[ 0.5677905  -0.59831228 -0.99408226]
436.8131773471832,1003,False,4,3,[ 8.00325936 -7.31489506  2.74167845],entering,[ 0.63925976  0.24903542 -0.34837281]
436.8131773471832,1004,False,6,2,[8.89509836 9.06954634 1.28178285],waiting,[-0.62185191  0.08809385  0.93462812]
436.8131773471832,1005,False,1,4,[5.4589321  1.62557989 2.16167644],queued,[ 0.50568378 -0.03156594 -0.11489306]
436.90799045562744,1000,False,2,1,[-7.37019609 -1.03093461  2.38633673],entering,[-0.82138112 -0.19970136 -0.21083176]
436.90799045562744,1001,False,3,5,[-2.63699342 -2.80640164  3.90231071],cruising,[-0.48080528  0.59740651 -0.20557775]
436.90799045562744,1002,False,5,0,[2.56851436 8.83670024 2.94644823],landing,[ 0.5677905  -0.59831228 -0.99408226]
436.90799045562744,1003,False,4,3,[ 7.94580964 -7.2330444   2.81667845],entering,[ 0.63925976  0.24903542 -0.34837281]
436.90799045562744,1004,False,6,2,[8.89509836 9.06954634 1.28178285],waiting,[-0.62185191  0.08809385  0.93462812]
436.90799045562744,1005,False,1,4,[5.4589321  1.62557989 2.23667644],queued,[ 0.50568378 -0.03156594 -0.11489306]
437.01348519325256,1000,False,2,1,[-7.31805221 -0.97026366  2.46133673],entering,[-0.82138112 -0.19970136 -0.21083176]
437.01348519325256,1001,False,3,5,[-2.67747745 -2.61054189  3.9169641 ],cruising,[-0.48080528  0.59740651 -0.20557775]
437.01348519325256,1002,False,5,0,[2.5875762  8.82182577 2.84941526],landing,[ 0.5677905  -0.59831228 -0.99408226]
437.01348519325256,1003,False,4,3,[ 7.87686998 -7.13482361  2.89167845],entering,[ 0.63925976  0.24903542 -0.34837281]
437.01348519325256,1004,False,6,2,[8.89509836 9.06954634 1.28178285],waiting,[-0.62185191  0.08809385  0.93462812]
437.01348519325256,1005,False,1,4,[5.4589321  1.62557989 2.31167644],queued,[ 0.50568378 -0.03156594 -0.11489306]
437.1101288795471,1000,False,2,1,[-7.25306358 -0.89426258  2.53633673],entering,[-0.82138112 -0.19970136 -0.21083176]
437.1101288795471,1001,False,3,5,[-2.71933657 -2.4149714   3.92941949],cruising,[-0.48080528  0.59740651 -0.20557775]
437.1101288795471,1002,False,5,0,[2.60663803 8.80695129 2.7523823 ],landing,[ 0.5677905  -0.59831228 -0.99408226]
437.1101288795471,1003,False,4,3,[ 7.79650135 -7.02019006  2.96667845],entering,[ 0.63925976  0.24903542 -0.34837281]
437.1101288795471,1004,False,6,2,[8.89509836 9.06954634 1.28178285],waiting,[-0.62185191  0.08809385  0.93462812]
437.1101288795471,1005,False,1,4,[5.4589321  1.62557989 2.38667644],queued,[ 0.50568378 -0.03156594 -0.11489306]
437.21859550476074,1000,False,2,1,[-7.17554807 -0.80267058  2.61133673],entering,[-0.82138112 -0.19970136 -0.21083176]
437.21859550476074,1001,False,3,5,[-2.76282144 -2.21975597  3.94000657],cruising,[-0.48080528  0.59740651 -0.20557775]
437.21859550476074,1002,False,5,0,[2.62569987 8.79207681 2.65534933],landing,[ 0.5677905  -0.59831228 -0.99408226]
437.21859550476074,1003,False,4,3,[ 7.70389985 -6.88973384  3.04167845],entering,[ 0.63925976  0.24903542 -0.34837281]
437.21859550476074,1004,False,6,2,[8.89509836 9.06954634 1.28178285],waiting,[-0.62185191  0.08809385  0.93462812]
437.21859550476074,1005,False,1,4,[5.4589321  1.62557989 2.46167644],queued,[ 0.50568378 -0.03156594 -0.11489306]
437.3093807697296,1000,False,2,1,[-7.0858301  -0.69523243  2.68633673],entering,[-0.82138112 -0.19970136 -0.21083176]
437.3093807697296,1001,False,3,5,[-2.80743804 -2.02479608  3.94900558],cruising,[-0.48080528  0.59740651 -0.20557775]
437.3093807697296,1002,False,5,0,[2.6447617  8.77720233 2.55831637],landing,[ 0.5677905  -0.59831228 -0.99408226]
437.3093807697296,1003,False,4,3,[ 7.59841601 -6.74397909  3.11667845],entering,[ 0.63925976  0.24903542 -0.34837281]
437.3093807697296,1004,False,6,2,[8.89509836 9.06954634 1.28178285],waiting,[-0.62185191  0.08809385  0.93462812]
437.3093807697296,1005,False,1,4,[5.4589321  1.62557989 2.53667644],queued,[ 0.50568378 -0.03156594 -0.11489306]
437.40520882606506,1000,False,2,1,[-6.98445911 -0.57153984  2.76133673],entering,[-0.82138112 -0.19970136 -0.21083176]
437.40520882606506,1001,False,3,5,[-2.85493463 -1.83051774  3.95665474],cruising,[-0.48080528  0.59740651 -0.20557775]
437.40520882606506,1002,False,5,0,[2.66382353 8.76232785 2.4612834 ],landing,[ 0.5677905  -0.59831228 -0.99408226]
437.40520882606506,1003,False,4,3,[ 7.47996977 -6.58299357  3.19167845],entering,[ 0.63925976  0.24903542 -0.34837281]
437.40520882606506,1004,False,6,2,[8.89509836 9.06954634 1.28178285],waiting,[-0.62185191  0.08809385  0.93462812]
437.40520882606506,1005,False,1,4,[5.4589321  1.62557989 2.61167644],entering,[ 0.50568378 -0.03156594 -0.11489306]
437.5112452507019,1000,False,2,1,[-6.87261134 -0.4308109   2.83633673],entering,[-0.82138112 -0.19970136 -0.21083176]
437.5112452507019,1001,False,3,5,[-2.90558473 -1.63703759  3.96315653],cruising,[-0.48080528  0.59740651 -0.20557775]
437.5112452507019,1002,False,5,0,[2.68288537 8.74745337 2.36425044],landing,[ 0.5677905  -0.59831228 -0.99408226]
437.5112452507019,1003,False,4,3,[ 7.36090592 -6.42229572  3.26667845],entering,[ 0.63925976  0.24903542 -0.34837281]
437.5112452507019,1004,False,6,2,[8.89509836 9.06954634 1.28178285],waiting,[-0.62185191  0.08809385  0.93462812]
437.5112452507019,1005,False,1,4,[5.47862375 1.62208147 2.68667644],entering,[ 0.50568378 -0.03156594 -0.11489306]
437.61490845680237,1000,False,2,1,[-6.75294025 -0.27167556  2.91133673],entering,[-0.82138112 -0.19970136 -0.21083176]
437.61490845680237,1001,False,3,5,[-2.95972339 -1.44450446  3.96868305],cruising,[-0.48080528  0.59740651 -0.20557775]
437.61490845680237,1002,False,5,0,[2.7019472  8.73257889 2.26721747],landing,[ 0.5677905  -0.59831228 -0.99408226]
437.61490845680237,1003,False,4,3,[ 7.23835272 -6.26424284  3.34167845],entering,[ 0.63925976  0.24903542 -0.34837281]
437.61490845680237,1004,False,6,2,[8.89509836 9.06954634 1.28178285],waiting,[-0.62185191  0.08809385  0.93462812]
437.61490845680237,1005,False,1,4,[5.51800135 1.61505275 2.76167644],entering,[ 0.50568378 -0.03156594 -0.11489306]
437.71737456321716,1000,False,2,1,[-6.63617811 -0.1092976   2.98633673],entering,[-0.82138112 -0.19970136 -0.21083176]
437.71737456321716,1001,False,3,5,[-3.01772652 -1.25310008  3.97338059],cruising,[-0.48080528  0.59740651 -0.20557775]
437.71737456321716,1002,False,5,0,[2.72100903 8.71770441 2.1701845 ],landing,[ 0.5677905  -0.59831228 -0.99408226]
437.71737456321716,1003,False,4,3,[ 7.11662271 -6.10555508  3.41667845],entering,[ 0.63925976  0.24903542 -0.34837281]
437.71737456321716,1004,False,6,2,[8.89509836 9.06954634 1.28178285],waiting,[-0.62185191  0.08809385  0.93462812]
437.71737456321716,1005,False,1,4,[5.57705211 1.60442303 2.83667644],entering,[ 0.50568378 -0.03156594 -0.11489306]
437.8066334724426,1000,False,2,1,[-6.5229514   0.05556511  3.06133673],entering,[-0.82138112 -0.19970136 -0.21083176]
437.8066334724426,1001,False,3,5,[-3.07999339 -1.06304     3.97737351],cruising,[-0.48080528  0.59740651 -0.20557775]
437.8066334724426,1002,False,5,0,[2.74007087 8.70282993 2.07315154],landing,[ 0.5677905  -0.59831228 -0.99408226]
437.8066334724426,1003,False,4,3,[ 6.98959635 -5.95107432  3.49167845],entering,[ 0.63925976  0.24903542 -0.34837281]
437.8066334724426,1004,False,6,2,[8.89509836 9.06954634 1.28178285],waiting,[-0.62185191  0.08809385  0.93462812]
437.8066334724426,1005,False,1,4,[5.65570171 1.58980765 2.91167644],entering,[ 0.50568378 -0.03156594 -0.11489306]
437.9149498939514,1000,False,2,1,[-6.41387625  0.22320344  3.13633673],entering,[-0.82138112 -0.19970136 -0.21083176]
437.9149498939514,1001,False,3,5,[-3.1458222  -0.87418405  3.98076748],cruising,[-0.48080528  0.59740651 -0.20557775]
437.9149498939514,1002,False,5,0,[2.7591327  8.68795545 1.97611857],landing,[ 0.5677905  -0.59831228 -0.99408226]
437.9149498939514,1003,False,4,3,[ 6.86119989 -5.79773043  3.56667845],entering,[ 0.63925976  0.24903542 -0.34837281]
437.9149498939514,1004,False,6,2,[8.89509836 9.06954634 1.28178285],waiting,[-0.62185191  0.08809385  0.93462812]
437.9149498939514,1005,False,1,4,[5.75386852 1.57082439 2.98667644],entering,[ 0.50568378 -0.03156594 -0.11489306]
438.0110762119293,1000,False,2,1,[-6.3094916   0.39380193  3.21133673],entering,[-0.82138112 -0.19970136 -0.21083176]
438.0110762119293,1001,False,3,5,[-3.21673843 -0.687179    3.98365236],cruising,[-0.48080528  0.59740651 -0.20557775]
438.0110762119293,1002,False,5,0,[2.77819453 8.67308097 1.87908561],landing,[ 0.5677905  -0.59831228 -0.99408226]
438.0110762119293,1003,False,4,3,[ 6.73115901 -5.64577857  3.63167669],entering,[ 0.63925976  0.24903542 -0.34837281]
438.0110762119293,1004,False,6,2,[8.89509836 9.06954634 1.28178285],waiting,[-0.62185191  0.08809385  0.93462812]
438.0110762119293,1005,False,1,4,[5.8714105  1.54688102 3.06167644],entering,[ 0.50568378 -0.03156594 -0.11489306]
438.1082122325897,1000,False,2,1,[-6.21050091  0.56758583  3.28633673],entering,[-0.82138112 -0.19970136 -0.21083176]
438.1082122325897,1001,False,3,5,[-3.29315625 -0.5023539   3.9861045 ],cruising,[-0.48080528  0.59740651 -0.20557775]
438.1082122325897,1002,False,5,0,[2.79725637 8.6582065  1.78205264],landing,[ 0.5677905  -0.59831228 -0.99408226]
438.1082122325897,1003,False,4,3,[ 6.59441244 -5.49983208  3.68692518],entering,[ 0.63925976  0.24903542 -0.34837281]
438.1082122325897,1004,False,6,2,[8.89509836 9.06954634 1.28178285],waiting,[-0.62185191  0.08809385  0.93462812]
438.1082122325897,1005,False,1,4,[6.00814064 1.51729718 3.13667644],entering,[ 0.50568378 -0.03156594 -0.11489306]
438.20954871177673,1000,False,2,1,[-6.11773717  0.74477186  3.36133673],entering,[-0.82138112 -0.19970136 -0.21083176]
438.20954871177673,1001,False,3,5,[-3.37546042 -0.32007383  3.98818883],cruising,[-0.48080528  0.59740651 -0.20557775]
438.20954871177673,1002,False,5,0,[2.8163182  8.64333202 1.68501968],landing,[ 0.5677905  -0.59831228 -0.99408226]
438.20954871177673,1003,False,4,3,[ 6.45291083 -5.35849103  3.73388641],entering,[ 0.63925976  0.24903542 -0.34837281]
438.20954871177673,1004,False,6,2,[8.89509836 9.06954634 1.28178285],waiting,[-0.62185191  0.08809385  0.93462812]
438.20954871177673,1005,False,1,4,[6.16338003 1.48013659 3.21167644],entering,[ 0.50568378 -0.03156594 -0.11489306]
438.30669045448303,1000,False,2,1,[-6.03216962  0.92554297  3.43633673],entering,[-0.82138112 -0.19970136 -0.21083176]
438.30669045448303,1001,False,3,5,[-3.46209649 -0.13981238  3.9899605 ],cruising,[-0.48080528  0.59740651 -0.20557775]
438.30669045448303,1002,False,5,0,[2.83538004 8.62845754 1.58798671],landing,[ 0.5677905  -0.59831228 -0.99408226]
438.30669045448303,1003,False,4,3,[ 6.3087954  -5.21981608  3.77380344],entering,[ 0.63925976  0.24903542 -0.34837281]
438.30669045448303,1004,False,6,2,[8.89509836 9.06954634 1.28178285],queued,[-0.62185191  0.08809385  0.93462812]
438.30669045448303,1005,False,1,4,[6.33620244 1.4334451  3.28667644],entering,[ 0.50568378 -0.03156594 -0.11489306]
438.4053404331207,1000,False,2,1,[-5.95495432  1.11003632  3.51133673],entering,[-0.82138112 -0.19970136 -0.21083176]
438.4053404331207,1001,False,3,5,[-3.55566771  0.03694855  3.99146643],cruising,[-0.48080528  0.59740651 -0.20557775]
438.4053404331207,1002,False,5,0,[2.85444187 8.61358306 1.49095375],fake_landed,[ 0.5677905  -0.59831228 -0.99408226]
438.4053404331207,1003,False,4,3,[ 6.15779196 -5.08867508  3.80773293],entering,[ 0.63925976  0.24903542 -0.34837281]
438.4053404331207,1004,False,6,2,[8.89509836 9.06954634 1.30178285],queued,[-0.62185191  0.08809385  0.93462812]
438.4053404331207,1005,False,1,4,[6.52248432 1.3719603  3.36167644],entering,[ 0.50568378 -0.03156594 -0.11489306]
438.5116271972656,1000,False,2,1,[-5.88743981  1.29829623  3.58463622],entering,[-0.82138112 -0.19970136 -0.21083176]
438.5116271972656,1001,False,3,5,[-3.65529078  0.21037071  3.99274646],cruising,[-0.48080528  0.59740651 -0.20557775]
438.5116271972656,1002,False,5,0,[2.86969134 8.60168348 1.41332737],fake_landed,[ 0.5677905  -0.59831228 -0.99408226]
438.5116271972656,1003,False,4,3,[ 5.99979741 -4.96604669  3.83657299],cruising,[ 0.63925976  0.24903542 -0.34837281]
438.5116271972656,1004,False,6,2,[8.89509836 9.06954634 1.34178285],queued,[-0.62185191  0.08809385  0.93462812]
438.5116271972656,1005,False,1,4,[6.70935065 1.30067934 3.43667644],entering,[ 0.50568378 -0.03156594 -0.11489306]
438.6178114414215,1000,False,2,1,[-5.83114238  1.49020922  3.64694079],entering,[-0.82138112 -0.19970136 -0.21083176]
438.6178114414215,1001,False,3,5,[-3.76172652  0.37969712  3.99383449],cruising,[-0.48080528  0.59740651 -0.20557775]
438.6178114414215,1002,False,5,0,[2.88112844 8.59275879 1.3551076 ],fake_landed,[ 0.5677905  -0.59831228 -0.99408226]
438.6178114414215,1003,False,4,3,[ 5.83810397 -4.84833844  3.86108704],cruising,[ 0.63925976  0.24903542 -0.34837281]
438.6178114414215,1004,False,6,2,[8.89509836 9.06954634 1.40178285],queued,[-0.62185191  0.08809385  0.93462812]
438.6178114414215,1005,False,1,4,[6.89219449 1.21963533 3.51167644],entering,[ 0.50568378 -0.03156594 -0.11489306]
438.70688581466675,1000,False,2,1,[-5.78766685  1.68542674  3.69989967],entering,[-0.82138112 -0.19970136 -0.21083176]
438.70688581466675,1001,False,3,5,[-3.87129809  0.5470114   3.99475932],cruising,[-0.48080528  0.59740651 -0.20557775]
438.70688581466675,1002,False,5,0,[2.88875317 8.586809   1.31629441],fake_landed,[ 0.5677905  -0.59831228 -0.99408226]
438.70688581466675,1003,False,4,3,[ 5.6700708  -4.73987253  3.88192398],cruising,[ 0.63925976  0.24903542 -0.34837281]
438.70688581466675,1004,False,6,2,[8.89509836 9.06954634 1.47678285],queued,[-0.62185191  0.08809385  0.93462812]
438.70688581466675,1005,False,1,4,[7.07001228 1.12808845 3.58492498],entering,[ 0.50568378 -0.03156594 -0.11489306]
438.8189034461975,1000,False,2,1,[-5.75854877  1.88329573  3.74491472],entering,[-0.82138112 -0.19970136 -0.21083176]
438.8189034461975,1001,False,3,5,[-3.98333594  0.71268434  3.99554542],cruising,[-0.48080528  0.59740651 -0.20557775]
438.8189034461975,1002,False,5,0,[2.89256554 8.5838341  1.29688782],fake_landed,[ 0.5677905  -0.59831228 -0.99408226]
438.8189034461975,1003,False,4,3,[ 5.49881883 -4.63656347  3.89963539],cruising,[ 0.63925976  0.24903542 -0.34837281]
438.8189034461975,1004,False,6,2,[8.89509836 9.06954634 1.55178285],entering,[-0.62185191  0.08809385  0.93462812]
438.8189034461975,1005,False,1,4,[7.2415613  1.02527339 3.64718623],entering,[ 0.50568378 -0.03156594 -0.11489306]
438.91084837913513,1000,False,2,1,[-5.74501259  2.08283713  3.78317751],entering,[-0.82138112 -0.19970136 -0.21083176]
438.91084837913513,1001,False,3,5,[-4.09726721  0.87706094  3.99621361],cruising,[-0.48080528  0.59740651 -0.20557775]
438.91084837913513,1002,False,0,6,[2.89256554 8.5838341  1.29688782],waiting,[ 0.5677905  -0.59831228 -0.99408226]
438.91084837913513,1003,False,4,3,[ 5.32313089 -4.54099282  3.91469008],cruising,[ 0.63925976  0.24903542 -0.34837281]
438.91084837913513,1004,False,6,2,[8.89087261 9.04999786 1.62678285],entering,[-0.62185191  0.08809385  0.93462812]
438.91084837913513,1005,False,1,4,[7.40533327 0.9104747  3.7001083 ],entering,[ 0.50568378 -0.03156594 -0.11489306]
439.0112941265106,1000,False,2,1,[-5.74683361  2.28282884  3.81570089],entering,[-0.82138112 -0.19970136 -0.21083176]
439.0112941265106,1001,False,3,5,[-4.21260181  1.04045594  3.99678157],cruising,[-0.48080528  0.59740651 -0.20557775]
439.0112941265106,1002,False,0,6,[2.89256554 8.5838341  1.29688782],waiting,[ 0.5677905  -0.59831228 -0.99408226]
439.0112941265106,1003,False,4,3,[ 5.1454821  -4.4491184   3.92748657],cruising,[ 0.63925976  0.24903542 -0.34837281]
439.0112941265106,1004,False,6,2,[8.88242111 9.0109009  1.70178285],entering,[-0.62185191  0.08809385  0.93462812]
439.0112941265106,1005,False,1,4,[7.56091889 0.78480403 3.74509205],entering,[ 0.50568378 -0.03156594 -0.11489306]
439.1132164001465,1000,False,2,1,[-5.76465766  2.48203302  3.84334575],cruising,[-0.82138112 -0.19970136 -0.21083176]
439.1132164001465,1001,False,3,5,[-4.32891827  1.20315346  3.99726433],cruising,[-0.48080528  0.59740651 -0.20557775]
439.1132164001465,1002,False,0,6,[2.89256554 8.5838341  1.29688782],waiting,[ 0.5677905  -0.59831228 -0.99408226]
439.1132164001465,1003,False,4,3,[ 4.96512286 -4.36268609  3.93836358],cruising,[ 0.63925976  0.24903542 -0.34837281]
439.1132164001465,1004,False,6,2,[8.86974386 8.95225547 1.77678285],entering,[-0.62185191  0.08809385  0.93462812]
439.1132164001465,1005,False,1,4,[7.70501108 0.64610493 3.78332824],entering,[ 0.50568378 -0.03156594 -0.11489306]
439.21179938316345,1000,False,2,1,[-5.79628583  2.67951633  3.86684389],cruising,[-0.82138112 -0.19970136 -0.21083176]
439.21179938316345,1001,False,3,5,[-4.44585042  1.36540903  3.99767468],cruising,[-0.48080528  0.59740651 -0.20557775]
439.21179938316345,1002,False,0,6,[2.89256554 8.5838341  1.29688782],waiting,[ 0.5677905  -0.59831228 -0.99408226]
439.21179938316345,1003,False,4,3,[ 4.7837863  -4.27832347  3.94760904],cruising,[ 0.63925976  0.24903542 -0.34837281]
439.21179938316345,1004,False,6,2,[8.85284085 8.87406155 1.85178285],entering,[-0.62185191  0.08809385  0.93462812]
439.21179938316345,1005,False,1,4,[7.83562108 0.49464197 3.81582901],entering,[ 0.50568378 -0.03156594 -0.11489306]
439.3104634284973,1000,False,2,1,[-5.84114444  2.87442068  3.88681731],cruising,[-0.82138112 -0.19970136 -0.21083176]
439.3104634284973,1001,False,3,5,[-4.56307549  1.52745312  3.99802348],cruising,[-0.48080528  0.59740651 -0.20557775]
439.3104634284973,1002,False,0,6,[2.89256554 8.5838341  1.29688782],waiting,[ 0.5677905  -0.59831228 -0.99408226]
439.3104634284973,1003,False,4,3,[ 4.60158741 -4.19583976  3.95546769],cruising,[ 0.63925976  0.24903542 -0.34837281]
439.3104634284973,1004,False,6,2,[8.83171497 8.77631854 1.92678285],entering,[-0.62185191  0.08809385  0.93462812]
439.3104634284973,1005,False,1,4,[7.95104245 0.33130825 3.84345466],entering,[ 0.50568378 -0.03156594 -0.11489306]
439.4088132381439,1000,False,2,1,[-5.89554259  3.06688065  3.90379471],cruising,[-0.82138112 -0.19970136 -0.21083176]
439.4088132381439,1001,False,3,5,[-4.68027455  1.689516    3.99831996],cruising,[-0.48080528  0.59740651 -0.20557775]
439.4088132381439,1002,False,0,6,[2.89256554 8.5838341  1.29688782],waiting,[ 0.5677905  -0.59831228 -0.99408226]
439.4088132381439,1003,False,4,3,[ 4.41809953 -4.11626465  3.96214753],cruising,[ 0.63925976  0.24903542 -0.34837281]
439.4088132381439,1004,False,6,2,[8.80652384 8.65899303 2.00178285],entering,[-0.62185191  0.08809385  0.93462812]
439.4088132381439,1005,False,1,4,[8.05017565 0.1576056  3.86693646],cruising,[ 0.50568378 -0.03156594 -0.11489306]
439.5124521255493,1000,False,2,1,[-5.9570423   3.25719036  3.9182255 ],cruising,[-0.82138112 -0.19970136 -0.21083176]
439.5124521255493,1001,False,3,5,[-4.79735195  1.8516668   3.99857196],cruising,[-0.48080528  0.59740651 -0.20557775]
439.5124521255493,1002,False,0,6,[2.89256554 8.5838341  1.29688782],waiting,[ 0.5677905  -0.59831228 -0.99408226]
439.5124521255493,1003,False,4,3,[ 4.23421576 -4.0376087   3.9678254 ],cruising,[ 0.63925976  0.24903542 -0.34837281]
439.5124521255493,1004,False,6,2,[8.77751311 8.52203565 2.07678285],entering,[-0.62185191  0.08809385  0.93462812]
439.5124521255493,1005,False,1,4,[ 8.13170582 -0.02497333  3.88704996],cruising,[ 0.50568378 -0.03156594 -0.11489306]
439.61064195632935,1000,False,2,1,[-6.02325398  3.44591242  3.93049168],cruising,[-0.82138112 -0.19970136 -0.21083176]
439.61064195632935,1001,False,3,5,[-4.91401637  2.01411499  3.99878617],cruising,[-0.48080528  0.59740651 -0.20557775]
439.61064195632935,1002,False,0,6,[2.89256554 8.5838341  1.29688782],waiting,[ 0.5677905  -0.59831228 -0.99408226]
439.61064195632935,1003,False,4,3,[ 4.04957335 -3.96075052  3.97265159],cruising,[ 0.63925976  0.24903542 -0.34837281]
439.61064195632935,1004,False,6,2,[8.74508682 8.36537208 2.15178285],entering,[-0.62185191  0.08809385  0.93462812]
439.61064195632935,1005,False,1,4,[ 8.19653446 -0.21417493  3.90399247],cruising,[ 0.50568378 -0.03156594 -0.11489306]
439.7191231250763,1000,False,2,1,[-6.09190311  3.63376155  3.94091793],cruising,[-0.82138112 -0.19970136 -0.21083176]
439.7191231250763,1001,False,3,5,[-5.02999269  2.17705514  3.99896824],cruising,[-0.48080528  0.59740651 -0.20557775]
439.7191231250763,1002,False,0,6,[2.89256554 8.5838341  1.29688782],waiting,[ 0.5677905  -0.59831228 -0.99408226]
439.7191231250763,1003,False,4,3,[ 3.86472176 -3.8843968   3.97675385],cruising,[ 0.63925976  0.24903542 -0.34837281]
439.7191231250763,1004,False,6,2,[8.70959436 8.18894494 2.22678285],entering,[-0.62185191  0.08809385  0.93462812]
439.7191231250763,1005,False,1,4,[ 8.24685714 -0.4077405   3.9183936 ],cruising,[ 0.50568378 -0.03156594 -0.11489306]
439.8077187538147,1000,False,2,1,[-6.16081443  3.82151466  3.94978024],cruising,[-0.82138112 -0.19970136 -0.21083176]
439.8077187538147,1001,False,3,5,[-5.14501131  2.34067273  3.99912301],cruising,[-0.48080528  0.59740651 -0.20557775]
439.8077187538147,1002,False,0,6,[2.89256554 8.5838341  1.29688782],waiting,[ 0.5677905  -0.59831228 -0.99408226]
439.8077187538147,1003,False,4,3,[ 3.67938644 -3.80922485  3.98024078],cruising,[ 0.63925976  0.24903542 -0.34837281]
439.8077187538147,1004,False,6,2,[8.67107347 7.99274842 2.30178285],entering,[-0.62185191  0.08809385  0.93462812]
439.8077187538147,1005,False,1,4,[ 8.2842428  -0.60421521  3.93063456],cruising,[ 0.50568378 -0.03156594 -0.11489306]
439.9056990146637,1000,False,2,1,[-6.22784122  4.00994876  3.9573132 ],cruising,[-0.82138112 -0.19970136 -0.21083176]
439.9056990146637,1001,False,3,5,[-5.25941107  2.50472363  3.99925456],cruising,[-0.48080528  0.59740651 -0.20557775]
439.9056990146637,1002,False,0,6,[2.89256554 8.5838341  1.29688782],queued,[ 0.5677905  -0.59831228 -0.99408226]
439.9056990146637,1003,False,4,3,[ 3.49385721 -3.73453279  3.98320466],cruising,[ 0.63925976  0.24903542 -0.34837281]
439.9056990146637,1004,False,6,2,[8.63254395 7.79649482 2.37678285],entering,[-0.62185191  0.08809385  0.93462812]
439.9056990146637,1005,False,1,4,[ 8.31033104 -0.80250642  3.94103938],cruising,[ 0.50568378 -0.03156594 -0.11489306]
440.0164477825165,1000,False,2,1,[-6.29075871  4.19979446  3.96371622],cruising,[-0.82138112 -0.19970136 -0.21083176]
440.0164477825165,1001,False,3,5,[-5.37230489  2.66981447  3.99936637],cruising,[-0.48080528  0.59740651 -0.20557775]
440.0164477825165,1002,False,0,6,[2.89256554 8.5838341  1.31688782],queued,[ 0.5677905  -0.59831228 -0.99408226]
440.0164477825165,1003,False,4,3,[ 3.30796547 -3.66074755  3.98572396],cruising,[ 0.63925976  0.24903542 -0.34837281]
440.0164477825165,1004,False,6,2,[8.59458797 7.60012949 2.45178285],entering,[-0.62185191  0.08809385  0.93462812]
440.0164477825165,1005,False,1,4,[ 8.32452146 -1.00200236  3.94988347],cruising,[ 0.50568378 -0.03156594 -0.11489306]
440.10437512397766,1000,False,2,1,[-6.34713026  4.3916857   3.96915879],cruising,[-0.82138112 -0.19970136 -0.21083176]
440.10437512397766,1001,False,3,5,[-5.48338171  2.83613326  3.99946142],cruising,[-0.48080528  0.59740651 -0.20557775]
440.10437512397766,1002,False,0,6,[2.89256554 8.5838341  1.35688782],queued,[ 0.5677905  -0.59831228 -0.99408226]
440.10437512397766,1003,False,4,3,[ 3.12178305 -3.58769891  3.98786537],cruising,[ 0.63925976  0.24903542 -0.34837281]
440.10437512397766,1004,False,6,2,[8.55922486 7.40328069 2.52678285],entering,[-0.62185191  0.08809385  0.93462812]
440.10437512397766,1005,False,1,4,[ 8.33059546 -1.20191011  3.95740095],cruising,[ 0.50568378 -0.03156594 -0.11489306]
440.2112579345703,1000,False,2,1,[-6.38791734  4.58748257  3.97378497],cruising,[-0.82138112 -0.19970136 -0.21083176]
440.2112579345703,1001,False,3,5,[-5.59229453  3.00387711  3.9995422 ],cruising,[-0.48080528  0.59740651 -0.20557775]
440.2112579345703,1002,False,0,6,[2.89256554 8.5838341  1.41688782],queued,[ 0.5677905  -0.59831228 -0.99408226]
440.2112579345703,1003,False,4,3,[ 2.93526142 -3.51552079  3.98968556],cruising,[ 0.63925976  0.24903542 -0.34837281]
440.2112579345703,1004,False,6,2,[8.52506857 7.2062189  2.60178285],entering,[-0.62185191  0.08809385  0.93462812]
440.2112579345703,1005,False,1,4,[ 8.32960241 -1.40190764  3.96379081],cruising,[ 0.50568378 -0.03156594 -0.11489306]
440.30490946769714,1000,False,2,1,[-6.41563614  4.78555242  3.97771722],cruising,[-0.82138112 -0.19970136 -0.21083176]
440.30490946769714,1001,False,3,5,[-5.69864481  3.1732572   3.99961087],cruising,[-0.48080528  0.59740651 -0.20557775]
440.30490946769714,1002,False,0,6,[2.89256554 8.5838341  1.49188782],queued,[ 0.5677905  -0.59831228 -0.99408226]
440.30490946769714,1003,False,4,3,[ 2.74826874 -3.44457193  3.99123273],cruising,[ 0.63925976  0.24903542 -0.34837281]
440.30490946769714,1004,False,6,2,[8.49091227 7.00915711 2.67678285],entering,[-0.62185191  0.08809385  0.93462812]
440.30490946769714,1005,False,1,4,[ 8.32009076 -1.60168134  3.96922219],cruising,[ 0.50568378 -0.03156594 -0.11489306]
440.40444135665894,1000,False,2,1,[-6.42340722  4.9850042   3.98122716],cruising,[-0.82138112 -0.19970136 -0.21083176]
440.40444135665894,1001,False,3,5,[-5.80196342  3.34450341  3.99966924],cruising,[-0.48080528  0.59740651 -0.20557775]
440.40444135665894,1002,False,0,6,[2.89256554 8.5838341  1.56688782],queued,[ 0.5677905  -0.59831228 -0.99408226]
440.40444135665894,1003,False,4,3,[ 2.56065703 -3.37527659  3.99254782],cruising,[ 0.63925976  0.24903542 -0.34837281]
440.40444135665894,1004,False,6,2,[8.45823471 6.81184473 2.75178285],entering,[-0.62185191  0.08809385  0.93462812]
440.40444135665894,1005,False,1,4,[ 8.30530114 -1.80113375  3.97383886],cruising,[ 0.50568378 -0.03156594 -0.11489306]
440.5052402019501,1000,False,2,1,[-6.41122377  5.18314264  3.9844334 ],cruising,[-0.82138112 -0.19970136 -0.21083176]
440.5052402019501,1001,False,3,5,[-5.9016863   3.51786819  3.99971886],cruising,[-0.48080528  0.59740651 -0.20557775]
440.5052402019501,1002,False,0,6,[2.89256554 8.5838341  1.64188782],queued,[ 0.5677905  -0.59831228 -0.99408226]
440.5052402019501,1003,False,4,3,[ 2.37260343 -3.30718955  3.99366565],cruising,[ 0.63925976  0.24903542 -0.34837281]
440.5052402019501,1004,False,6,2,[8.42911949 6.61397532 2.82678285],entering,[-0.62185191  0.08809385  0.93462812]
440.5052402019501,1005,False,1,4,[ 8.28564582 -2.00016558  3.97776303],cruising,[ 0.50568378 -0.03156594 -0.11489306]
440.60494017601013,1000,False,2,1,[-6.37942104  5.3774065   3.98737292],cruising,[-0.82138112 -0.19970136 -0.21083176]
440.60494017601013,1001,False,3,5,[-5.99712278  3.69362905  3.99976103],cruising,[-0.48080528  0.59740651 -0.20557775]
440.60494017601013,1002,False,0,6,[2.89256554 8.5838341  1.71688782],queued,[ 0.5677905  -0.59831228 -0.99408226]
440.60494017601013,1003,False,4,3,[ 2.18364487 -3.24165587  3.9946158 ],cruising,[ 0.63925976  0.24903542 -0.34837281]
440.60494017601013,1004,False,6,2,[8.40000428 6.41610591 2.90178285],entering,[-0.62185191  0.08809385  0.93462812]
440.60494017601013,1005,False,1,4,[ 8.25877805 -2.19835267  3.98109857],cruising,[ 0.50568378 -0.03156594 -0.11489306]
440.7047393321991,1000,False,2,1,[-6.32862702  5.565404    3.99005959],cruising,[-0.82138112 -0.19970136 -0.21083176]
440.7047393321991,1001,False,3,5,[-6.08741359  3.87208792  3.99979687],cruising,[-0.48080528  0.59740651 -0.20557775]
440.7047393321991,1002,False,0,6,[2.89256554 8.5838341  1.79188782],queued,[ 0.5677905  -0.59831228 -0.99408226]
440.7047393321991,1003,False,4,3,[ 1.99360571 -3.17932517  3.99542343],cruising,[ 0.63925976  0.24903542 -0.34837281]
440.7047393321991,1004,False,6,2,[8.37340952 6.21788199 2.97678285],entering,[-0.62185191  0.08809385  0.93462812]
440.7047393321991,1005,False,1,4,[ 8.22780005 -2.39593902  3.98393379],cruising,[ 0.50568378 -0.03156594 -0.11489306]
440.8056299686432,1000,False,2,1,[-6.25973067  5.74490184  3.99249888],cruising,[-0.82138112 -0.19970136 -0.21083176]
440.8056299686432,1001,False,3,5,[-6.17147473  4.05356444  3.99982734],cruising,[-0.48080528  0.59740651 -0.20557775]
440.8056299686432,1002,False,0,6,[2.89256554 8.5838341  1.86688782],queued,[ 0.5677905  -0.59831228 -0.99408226]
440.8056299686432,1003,False,4,3,[ 1.80229571 -3.1210115   3.99610991],cruising,[ 0.63925976  0.24903542 -0.34837281]
440.8056299686432,1004,False,6,2,[8.34994866 6.01926279 3.05178285],entering,[-0.62185191  0.08809385  0.93462812]
440.8056299686432,1005,False,1,4,[ 8.19270941 -2.59283657  3.98634372],cruising,[ 0.50568378 -0.03156594 -0.11489306]
440.90472316741943,1000,False,2,1,[-6.17376924  5.91397307  3.9946757 ],cruising,[-0.82138112 -0.19970136 -0.21083176]
440.90472316741943,1001,False,3,5,[-6.24792222  4.23837727  3.99985324],cruising,[-0.48080528  0.59740651 -0.20557775]
440.90472316741943,1002,False,0,6,[2.89256554 8.5838341  1.94188782],queued,[ 0.5677905  -0.59831228 -0.99408226]
440.90472316741943,1003,False,4,3,[ 1.61023726 -3.0652123   3.99669343],cruising,[ 0.63925976  0.24903542 -0.34837281]
440.90472316741943,1004,False,6,2,[8.32771981 5.82050193 3.12678285],entering,[-0.62185191  0.08809385  0.93462812]
440.90472316741943,1005,False,1,4,[ 8.15014624 -2.78825504  3.98839216],cruising,[ 0.50568378 -0.03156594 -0.11489306]
441.0042715072632,1000,False,2,1,[-6.07190359  6.07092041  3.99659295],cruising,[-0.82138112 -0.19970136 -0.21083176]
441.0042715072632,1001,False,3,5,[-6.31497279  4.4268029   3.99987526],cruising,[-0.48080528  0.59740651 -0.20557775]
441.0042715072632,1002,False,0,6,[2.89256554 8.5838341  2.01688782],queued,[ 0.5677905  -0.59831228 -0.99408226]
441.0042715072632,1003,False,4,3,[ 1.41646228 -3.0157021   3.99718941],cruising,[ 0.63925976  0.24903542 -0.34837281]
441.0042715072632,1004,False,6,2,[8.31036164 5.62125662 3.20178285],entering,[-0.62185191  0.08809385  0.93462812]
441.0042715072632,1005,False,1,4,[ 8.10355381 -2.9827522   3.99013334],cruising,[ 0.50568378 -0.03156594 -0.11489306]
441.10763144493103,1000,False,2,1,[-5.95503323  6.21464716  3.99823737],cruising,[-0.82138112 -0.19970136 -0.21083176]
441.10763144493103,1001,False,3,5,[-6.36399225  4.6207026   3.99989397],exiting,[-0.48080528  0.59740651 -0.20557775]
441.10763144493103,1002,False,0,6,[2.89256554 8.5838341  2.09188782],queued,[ 0.5677905  -0.59831228 -0.99408226]
441.10763144493103,1003,False,4,3,[ 1.21994135 -2.97856019  3.997611  ],cruising,[ 0.63925976  0.24903542 -0.34837281]
441.10763144493103,1004,False,6,2,[8.29573528 5.42179217 3.27678285],entering,[-0.62185191  0.08809385  0.93462812]
441.10763144493103,1005,False,1,4,[ 8.0486922  -3.17508057  3.99161334],cruising,[ 0.50568378 -0.03156594 -0.11489306]
441.2042911052704,1000,False,2,1,[-5.82404853  6.34420688  3.99959777],cruising,[-0.82138112 -0.19970136 -0.21083176]
441.2042911052704,1001,False,3,5,[-6.41500971  4.79470235  3.99991271],exiting,[-0.48080528  0.59740651 -0.20557775]
441.2042911052704,1002,False,0,6,[2.89256554 8.5838341  2.16688782],queued,[ 0.5677905  -0.59831228 -0.99408226]
441.2042911052704,1003,False,4,3,[ 1.0216588  -2.95240622  3.99796935],cruising,[ 0.63925976  0.24903542 -0.34837281]
441.2042911052704,1004,False,6,2,[8.28465772 5.22209918 3.35178285],entering,[-0.62185191  0.08809385  0.93462812]
441.2042911052704,1005,False,1,4,[ 7.98512726 -3.36471047  3.99287134],exiting,[ 0.50568378 -0.03156594 -0.11489306]
441.3054702281952,1000,False,2,1,[-5.67979584  6.45880418  4.00066441],cruising,[-0.82138112 -0.19970136 -0.21083176]
441.3054702281952,1001,False,3,5,[-6.46826174  4.94882732  3.99993092],exiting,[-0.48080528  0.59740651 -0.20557775]
441.3054702281952,1002,False,0,6,[2.89256554 8.5838341  2.24188782],queued,[ 0.5677905  -0.59831228 -0.99408226]
441.3054702281952,1003,False,4,3,[ 0.82199557 -2.94080466  3.99827395],cruising,[ 0.63925976  0.24903542 -0.34837281]
441.3054702281952,1004,False,6,2,[8.27972363 5.02216006 3.42678285],entering,[-0.62185191  0.08809385  0.93462812]
441.3054702281952,1005,False,1,4,[ 7.93490859 -3.53944483  3.99412802],exiting,[ 0.50568378 -0.03156594 -0.11489306]
441.4047374725342,1000,False,2,1,[-5.52304395  6.55779126  4.00142867],cruising,[-0.82138112 -0.19970136 -0.21083176]
441.4047374725342,1001,False,3,5,[-6.52406504  5.08311568  3.99994777],exiting,[-0.48080528  0.59740651 -0.20557775]
441.4047374725342,1002,False,0,6,[2.89256554 8.5838341  2.31688782],queued,[ 0.5677905  -0.59831228 -0.99408226]
441.4047374725342,1003,False,4,3,[ 0.62204641 -2.94531381  3.99853286],cruising,[ 0.63925976  0.24903542 -0.34837281]
441.4047374725342,1004,False,6,2,[8.28032267 4.82216095 3.50178285],entering,[-0.62185191  0.08809385  0.93462812]
441.4047374725342,1005,False,1,4,[ 7.89818637 -3.69941963  3.99534987],exiting,[ 0.50568378 -0.03156594 -0.11489306]
441.50514578819275,1000,False,2,1,[-5.35448089  6.64064141  4.00188427],cruising,[-0.82138112 -0.19970136 -0.21083176]
441.50514578819275,1001,False,3,5,[-6.5827886   5.19761839  3.99996211],exiting,[-0.48080528  0.59740651 -0.20557775]
441.50514578819275,1002,False,0,6,[2.89256554 8.5838341  2.39188782],entering,[ 0.5677905  -0.59831228 -0.99408226]
441.50514578819275,1003,False,4,3,[ 0.42301184 -2.96494131  3.99875293],cruising,[ 0.63925976  0.24903542 -0.34837281]
441.50514578819275,1004,False,6,2,[8.28508796 4.62221773 3.57651543],entering,[-0.62185191  0.08809385  0.93462812]
441.50514578819275,1005,False,1,4,[ 7.87514777 -3.84480841  3.9964893 ],exiting,[ 0.50568378 -0.03156594 -0.11489306]
441.6047308444977,1000,False,2,1,[-5.17495485  6.70676661  4.00204094],cruising,[-0.82138112 -0.19970136 -0.21083176]
441.6047308444977,1001,False,3,5,[-6.64475361  5.29238553  3.99997266],exiting,[-0.48080528  0.59740651 -0.20557775]
441.6047308444977,1002,False,0,6,[2.88895471 8.56416275 2.46688782],entering,[ 0.5677905  -0.59831228 -0.99408226]
441.6047308444977,1003,False,4,3,[ 0.22593254 -2.99899641  3.99893999],cruising,[ 0.63925976  0.24903542 -0.34837281]
441.6047308444977,1004,False,6,2,[8.29447397 4.42243809 3.64003811],entering,[-0.62185191  0.08809385  0.93462812]
441.6047308444977,1005,False,1,4,[ 7.86602798 -3.97583602  3.99747617],exiting,[ 0.50568378 -0.03156594 -0.11489306]
441.7059769630432,1000,False,2,1,[-4.98448441  6.75615498  4.00188358],cruising,[-0.82138112 -0.19970136 -0.21083176]
441.7059769630432,1001,False,3,5,[-6.71019543  5.36799881  3.99997772],exiting,[-0.48080528  0.59740651 -0.20557775]
441.7059769630432,1002,False,0,6,[2.88175759 8.52481557 2.54188782],entering,[ 0.5677905  -0.59831228 -0.99408226]
441.7059769630432,1003,False,4,3,[ 0.03166513 -3.0465377   3.99909899],cruising,[ 0.63925976  0.24903542 -0.34837281]
441.7059769630432,1004,False,6,2,[8.30676221 4.22281595 3.69403239],entering,[-0.62185191  0.08809385  0.93462812]
441.7059769630432,1005,False,1,4,[ 7.8710114  -4.0926844   3.99824163],exiting,[ 0.50568378 -0.03156594 -0.11489306]
441.8055429458618,1000,False,2,1,[-4.789497    6.80065116  4.00160104],cruising,[-0.82138112 -0.19970136 -0.21083176]
441.8055429458618,1001,False,3,5,[-6.77563725  5.44361209  3.99998186],exiting,[-0.48080528  0.59740651 -0.20557775]
441.8055429458618,1002,False,0,6,[2.87122045 8.46574925 2.61688782],entering,[ 0.5677905  -0.59831228 -0.99408226]
441.8055429458618,1003,False,4,3,[-0.15799593 -3.11000962  3.99923414],exiting,[ 0.63925976  0.24903542 -0.34837281]
441.8055429458618,1004,False,6,2,[8.31648999 4.02305267 3.73992754],entering,[-0.62185191  0.08809385  0.93462812]
441.8055429458618,1005,False,1,4,[ 7.89028167 -4.19554031  3.99869657],exiting,[ 0.50568378 -0.03156594 -0.11489306]
441.9131314754486,1000,False,2,1,[-4.59537333  6.848776    4.00136088],cruising,[-0.82138112 -0.19970136 -0.21083176]
441.9131314754486,1001,False,3,5,[-6.84107906  5.51922537  3.99998526],exiting,[-0.48080528  0.59740651 -0.20557775]
441.9131314754486,1002,False,0,6,[2.85751958 8.38693475 2.69188782],entering,[ 0.5677905  -0.59831228 -0.99408226]
441.9131314754486,1003,False,4,3,[-0.32802513 -3.17730127  3.99936884],exiting,[ 0.63925976  0.24903542 -0.34837281]
441.9131314754486,1004,False,6,2,[8.33142954 3.82361142 3.77893841],cruising,[-0.62185191  0.08809385  0.93462812]
441.9131314754486,1005,False,1,4,[ 7.91610155 -4.29214948  3.99893338],exiting,[ 0.50568378 -0.03156594 -0.11489306]
442.0048806667328,1000,False,2,1,[-4.40180017  6.8990695   4.00115675],cruising,[-0.82138112 -0.19970136 -0.21083176]
442.0048806667328,1001,False,3,5,[-6.90652088  5.59483865  3.99998805],exiting,[-0.48080528  0.59740651 -0.20557775]
442.0048806667328,1002,False,0,6,[2.84089331 8.28833535 2.76688782],entering,[ 0.5677905  -0.59831228 -0.99408226]
442.0048806667328,1003,False,4,3,[-0.47841132 -3.24835483  3.99950109],exiting,[ 0.63925976  0.24903542 -0.34837281]
442.0048806667328,1004,False,6,2,[8.34054067 3.62381906 3.81209764],cruising,[-0.62185191  0.08809385  0.93462812]
442.0048806667328,1005,False,1,4,[ 7.94192143 -4.38875865  3.99912827],exiting,[ 0.50568378 -0.03156594 -0.11489306]
442.11530900001526,1000,False,2,1,[-4.20845943  6.95024913  4.00098324],cruising,[-0.82138112 -0.19970136 -0.21083176]
442.11530900001526,1001,False,3,5,[-6.9719627   5.67045193  3.99999032],exiting,[-0.48080528  0.59740651 -0.20557775]
442.11530900001526,1002,False,0,6,[2.82226875 8.16983603 2.84188782],entering,[ 0.5677905  -0.59831228 -0.99408226]
442.11530900001526,1003,False,4,3,[-0.60914087 -3.32309842  3.99962859],exiting,[ 0.63925976  0.24903542 -0.34837281]
442.11530900001526,1004,False,6,2,[8.34799611 3.42395807 3.840283  ],cruising,[-0.62185191  0.08809385  0.93462812]
442.11530900001526,1005,False,1,4,[ 7.96774131 -4.48536783  3.99928852],exiting,[ 0.50568378 -0.03156594 -0.11489306]
442.20663619041443,1000,False,2,1,[-4.0144321   6.99876094  4.00083575],cruising,[-0.82138112 -0.19970136 -0.21083176]
442.20663619041443,1001,False,3,5,[-7.03740452  5.74606521  3.99999218],exiting,[-0.48080528  0.59740651 -0.20557775]
442.20663619041443,1002,False,0,6,[2.80282478 8.03135351 2.91688782],entering,[ 0.5677905  -0.59831228 -0.99408226]
442.20663619041443,1003,False,4,3,[-0.72019699 -3.40144151  3.99974856],exiting,[ 0.63925976  0.24903542 -0.34837281]
442.20663619041443,1004,False,6,2,[8.36152194 3.22441596 3.86424055],cruising,[-0.62185191  0.08809385  0.93462812]
442.20663619041443,1005,False,1,4,[ 7.99356119 -4.58197701  3.99942015],exiting,[ 0.50568378 -0.03156594 -0.11489306]
442.3066475391388,1000,False,2,1,[-3.82024381  7.04662438  4.00071039],cruising,[-0.82138112 -0.19970136 -0.21083176]
442.3066475391388,1001,False,3,5,[-7.10284634  5.82167849  3.9999937 ],exiting,[-0.48080528  0.59740651 -0.20557775]
442.3066475391388,1002,False,0,6,[2.78434118 7.87289406 2.99188782],entering,[ 0.5677905  -0.59831228 -0.99408226]
442.3066475391388,1003,False,4,3,[-0.81155805 -3.48326369  3.99985746],exiting,[ 0.63925976  0.24903542 -0.34837281]
442.3066475391388,1004,False,6,2,[8.37365229 3.02478417 3.88460447],cruising,[-0.62185191  0.08809385  0.93462812]
442.3066475391388,1005,False,1,4,[ 8.01938107 -4.67858619  3.99952817],exiting,[ 0.50568378 -0.03156594 -0.11489306]
442.4048011302948,1000,False,2,1,[-3.62567587  7.09292037  4.00060383],cruising,[-0.82138112 -0.19970136 -0.21083176]
442.4048011302948,1001,False,3,5,[-7.16828816  5.89729177  3.99999494],exiting,[-0.48080528  0.59740651 -0.20557775]
442.4048011302948,1002,False,0,6,[2.76841443 7.69459871 3.06688782],entering,[ 0.5677905  -0.59831228 -0.99408226]
442.4048011302948,1003,False,4,3,[-0.88319412 -3.56839114  3.99995034],exiting,[ 0.63925976  0.24903542 -0.34837281]
442.4048011302948,1004,False,6,2,[8.38516071 2.82511555 3.9019138 ],cruising,[-0.62185191  0.08809385  0.93462812]
442.4048011302948,1005,False,1,4,[ 8.04520095 -4.77519537  3.99961671],exiting,[ 0.50568378 -0.03156594 -0.11489306]
442.50463223457336,1000,False,2,1,[-3.43003122  7.13443146  4.00051326],cruising,[-0.82138112 -0.19970136 -0.21083176]
442.50463223457336,1001,False,3,5,[-7.23372998  5.97290505  3.99999594],exiting,[-0.48080528  0.59740651 -0.20557775]
442.50463223457336,1002,False,0,6,[2.76262749 7.49906433 3.14188782],entering,[ 0.5677905  -0.59831228 -0.99408226]
442.50463223457336,1003,False,4,3,[-0.93508469 -3.65669898  4.00002386],exiting,[ 0.63925976  0.24903542 -0.34837281]
442.50463223457336,1004,False,6,2,[8.40017418 2.62567986 3.91662673],cruising,[-0.62185191  0.08809385  0.93462812]
442.50463223457336,1005,False,1,4,[ 8.07102083 -4.87180455  3.9996892 ],exiting,[ 0.50568378 -0.03156594 -0.11489306]
442.6069402694702,1000,False,2,1,[-3.23383194  7.17323663  4.00043627],cruising,[-0.82138112 -0.19970136 -0.21083176]
442.6069402694702,1001,False,3,5,[-7.2991718   6.04851834  3.99999676],exiting,[-0.48080528  0.59740651 -0.20557775]
442.6069402694702,1002,False,0,6,[2.76764368 7.29912725 3.21688782],entering,[ 0.5677905  -0.59831228 -0.99408226]
442.6069402694702,1003,False,4,3,[-0.9672091  -3.74805614  4.00007469],exiting,[ 0.63925976  0.24903542 -0.34837281]
442.6069402694702,1004,False,6,2,[8.41343037 2.42611966 3.92913272],cruising,[-0.62185191  0.08809385  0.93462812]
442.6069402694702,1005,False,1,4,[ 8.09684071 -4.96841373  3.99974847],exiting,[ 0.50568378 -0.03156594 -0.11489306]
442.7046182155609,1000,False,2,1,[-3.03697357  7.20854641  4.00037083],cruising,[-0.82138112 -0.19970136 -0.21083176]
442.7046182155609,1001,False,3,5,[-7.36461362  6.12413162  3.99999742],exiting,[-0.48080528  0.59740651 -0.20557775]
442.7046182155609,1002,False,0,6,[2.78625137 7.09999474 3.29188782],entering,[ 0.5677905  -0.59831228 -0.99408226]
442.7046182155609,1003,False,4,3,[-0.97954684 -3.84232658  4.00009975],exiting,[ 0.63925976  0.24903542 -0.34837281]
442.7046182155609,1004,False,6,2,[8.42839855 2.22668056 3.93976281],cruising,[-0.62185191  0.08809385  0.93462812]
442.7046182155609,1005,False,1,4,[ 8.12266059 -5.06502291  3.99979688],exiting,[ 0.50568378 -0.03156594 -0.11489306]
442.8184018135071,1000,False,2,1,[-2.83897742  7.2367869   4.0003152 ],cruising,[-0.82138112 -0.19970136 -0.21083176]
442.8184018135071,1001,False,3,5,[-7.43005544  6.1997449   3.99999795],exiting,[-0.48080528  0.59740651 -0.20557775]
442.8184018135071,1002,False,0,6,[2.82172452 6.90316574 3.36688782],entering,[ 0.5677905  -0.59831228 -0.99408226]
442.8184018135071,1003,False,4,3,[-0.97207785 -3.93937055  4.00009666],exiting,[ 0.63925976  0.24903542 -0.34837281]
442.8184018135071,1004,False,6,2,[8.44087437 2.02707005 3.94879839],cruising,[-0.62185191  0.08809385  0.93462812]
442.8184018135071,1005,False,1,4,[ 8.14848047 -5.16163209  3.99983635],exiting,[ 0.50568378 -0.03156594 -0.11489306]
442.9066746234894,1000,False,2,1,[-2.64036011  7.26026378  4.00026792],cruising,[-0.82138112 -0.19970136 -0.21083176]
442.9066746234894,1001,False,3,5,[-7.49549726  6.27535818  3.99999838],exiting,[-0.48080528  0.59740651 -0.20557775]
442.9066746234894,1002,False,0,6,[2.86913577 6.70886656 3.44188782],entering,[ 0.5677905  -0.59831228 -0.99408226]
442.9066746234894,1003,False,4,3,[-0.95431642 -4.03778056  4.00007977],exiting,[ 0.63925976  0.24903542 -0.34837281]
442.9066746234894,1004,False,6,2,[8.45388231 1.82749352 3.95647863],cruising,[-0.62185191  0.08809385  0.93462812]
442.9066746234894,1005,False,1,4,[ 8.17430035 -5.25824127  3.99986849],exiting,[ 0.50568378 -0.03156594 -0.11489306]
443.0102937221527,1000,False,2,1,[-2.44087302  7.27457812  4.00022773],cruising,[-0.82138112 -0.19970136 -0.21083176]
443.0102937221527,1001,False,3,5,[-7.56093908  6.35097146  3.99999873],exiting,[-0.48080528  0.59740651 -0.20557775]
443.0102937221527,1002,False,0,6,[2.93272364 6.51924435 3.51688782],entering,[ 0.5677905  -0.59831228 -0.99408226]
443.0102937221527,1003,False,4,3,[-0.93655498 -4.13619058  4.00006577],exiting,[ 0.63925976  0.24903542 -0.34837281]
443.0102937221527,1004,False,6,2,[8.46402951 1.6277511  3.96300684],cruising,[-0.62185191  0.08809385  0.93462812]
443.0102937221527,1005,False,1,4,[ 8.20012023 -5.35485045  3.99989461],exiting,[ 0.50568378 -0.03156594 -0.11489306]
443.1114375591278,1000,False,2,1,[-2.24090861  7.278351    4.00019357],cruising,[-0.82138112 -0.19970136 -0.21083176]
443.1114375591278,1001,False,3,5,[-7.6263809   6.42658474  3.999999  ],exiting,[-0.48080528  0.59740651 -0.20557775]
443.1114375591278,1002,False,0,6,[3.00901755 6.33436806 3.58935464],entering,[ 0.5677905  -0.59831228 -0.99408226]
443.1114375591278,1003,False,4,3,[-0.91879354 -4.2346006   4.00005419],exiting,[ 0.63925976  0.24903542 -0.34837281]
443.1114375591278,1004,False,6,2,[8.47396704 1.42799814 3.96855581],cruising,[-0.62185191  0.08809385  0.93462812]
443.1114375591278,1005,False,1,4,[ 8.22594012 -5.45145963  3.99991581],exiting,[ 0.50568378 -0.03156594 -0.11489306]
443.20800161361694,1000,False,2,1,[-2.0413707   7.26476338  4.00016454],cruising,[-0.82138112 -0.19970136 -0.21083176]
443.20800161361694,1001,False,3,5,[-7.69182272  6.50219802  3.99999923],exiting,[-0.48080528  0.59740651 -0.20557775]
443.20800161361694,1002,False,0,6,[3.10075189 6.15667674 3.65133486],entering,[ 0.5677905  -0.59831228 -0.99408226]
443.20800161361694,1003,False,4,3,[-0.90103211 -4.33301061  4.00004461],exiting,[ 0.63925976  0.24903542 -0.34837281]
443.20800161361694,1004,False,6,2,[8.48318109 1.2282105  3.97327244],cruising,[-0.62185191  0.08809385  0.93462812]
443.20800161361694,1005,False,1,4,[ 8.25176    -5.54806881  3.99993297],exiting,[ 0.50568378 -0.03156594 -0.11489306]
443.33355951309204,1000,False,2,1,[-1.84401599  7.23234241  4.00013986],cruising,[-0.82138112 -0.19970136 -0.21083176]
443.33355951309204,1001,False,3,5,[-7.75726454  6.5778113   3.9999994 ],exiting,[-0.48080528  0.59740651 -0.20557775]
443.33355951309204,1002,False,0,6,[3.20667089 5.98702661 3.70363463],entering,[ 0.5677905  -0.59831228 -0.99408226]
443.33355951309204,1003,False,4,3,[-0.88327067 -4.43142063  4.00003669],exiting,[ 0.63925976  0.24903542 -0.34837281]
443.33355951309204,1004,False,6,2,[8.48895675 1.02829391 3.97728157],cruising,[-0.62185191  0.08809385  0.93462812]
443.33355951309204,1005,False,1,4,[ 8.27757988 -5.64467799  3.99994684],exiting,[ 0.50568378 -0.03156594 -0.11489306]
443.44329047203064,1000,False,2,1,[-1.64883992  7.18868122  4.00011888],cruising,[-0.82138112 -0.19970136 -0.21083176]
443.44329047203064,1001,False,3,5,[-7.82270636  6.65342458  3.99999954],exiting,[-0.48080528  0.59740651 -0.20557775]
443.44329047203064,1002,False,0,6,[3.32779918 5.82791517 3.74834408],entering,[ 0.5677905  -0.59831228 -0.99408226]
443.44329047203064,1003,False,4,3,[-0.86550924 -4.52983065  4.00003015],exiting,[ 0.63925976  0.24903542 -0.34837281]
443.44329047203064,1004,False,6,2,[8.49377173 0.82835188 3.98068934],cruising,[-0.62185191  0.08809385  0.93462812]
443.44329047203064,1005,False,1,4,[ 8.30339976 -5.74128717  3.99995803],exiting,[ 0.50568378 -0.03156594 -0.11489306]
443.54288387298584,1000,False,2,1,[-1.45791392  7.12912229  4.00010105],cruising,[-0.82138112 -0.19970136 -0.21083176]
443.54288387298584,1001,False,3,5,[-7.88814818  6.72903786  3.99999965],exiting,[-0.48080528  0.59740651 -0.20557775]
443.54288387298584,1002,False,0,6,[3.4631137  5.68063999 3.78609246],entering,[ 0.5677905  -0.59831228 -0.99408226]
443.54288387298584,1003,False,4,3,[-0.8477478  -4.62824067  4.00002475],exiting,[ 0.63925976  0.24903542 -0.34837281]
443.54288387298584,1004,False,6,2,[8.49731614 0.62838329 3.98358594],cruising,[-0.62185191  0.08809385  0.93462812]
443.54288387298584,1005,False,1,4,[ 8.32921964 -5.83789635  3.99996702],exiting,[ 0.50568378 -0.03156594 -0.11489306]
443.64349722862244,1000,False,2,1,[-1.27154322  7.05655536  4.00008589],cruising,[-0.82138112 -0.19970136 -0.21083176]
443.64349722862244,1001,False,3,5,[-7.95359     6.80465114  3.99999974],exiting,[-0.48080528  0.59740651 -0.20557775]
443.64349722862244,1002,False,0,6,[3.61193161 5.54708517 3.81841773],entering,[ 0.5677905  -0.59831228 -0.99408226]
443.64349722862244,1003,False,4,3,[-0.82998637 -4.72665068  4.0000203 ],exiting,[ 0.63925976  0.24903542 -0.34837281]
443.64349722862244,1004,False,6,2,[8.49725923 0.4283833  3.98604805],cruising,[-0.62185191  0.08809385  0.93462812]
443.64349722862244,1005,False,1,4,[ 8.35503952 -5.93450553  3.99997423],exiting,[ 0.50568378 -0.03156594 -0.11489306]
443.7425923347473,1000,False,2,1,[-1.08954885  6.97362135  4.00007301],cruising,[-0.82138112 -0.19970136 -0.21083176]
443.7425923347473,1001,False,3,5,[-8.01903182  6.88026442  3.99999981],exiting,[-0.48080528  0.59740651 -0.20557775]
443.7425923347473,1002,False,0,6,[3.77298873 5.42851398 3.84567422],cruising,[ 0.5677905  -0.59831228 -0.99408226]
443.7425923347473,1003,False,4,3,[-0.81222493 -4.8250607   4.00001662],exiting,[ 0.63925976  0.24903542 -0.34837281]
443.7425923347473,1004,False,6,2,[8.49588932 0.22838799 3.98814084],cruising,[-0.62185191  0.08809385  0.93462812]
443.7425923347473,1005,False,1,4,[ 8.3808594  -6.03111471  3.99998   ],exiting,[ 0.50568378 -0.03156594 -0.11489306]
443.8432881832123,1000,False,2,1,[-0.91144293  6.88263629  4.00006206],cruising,[-0.82138112 -0.19970136 -0.21083176]
443.8432881832123,1001,False,3,5,[-8.08447364  6.95587771  3.99999986],exiting,[-0.48080528  0.59740651 -0.20557775]
443.8432881832123,1002,False,0,6,[3.94453877 5.32570064 3.86882309],cruising,[ 0.5677905  -0.59831228 -0.99408226]
443.8432881832123,1003,False,4,3,[-0.7944635  -4.92347072  4.0000136 ],exiting,[ 0.63925976  0.24903542 -0.34837281]
443.8432881832123,1004,False,6,2,[8.49298416 0.02840909 3.98991971],cruising,[-0.62185191  0.08809385  0.93462812]
443.8432881832123,1005,False,1,4,[ 8.40667928 -6.12772389  3.99998459],exiting,[ 0.50568378 -0.03156594 -0.11489306]
443.93427777290344,1000,False,2,1,[-0.73544459  6.78763847  4.00005275],cruising,[-0.82138112 -0.19970136 -0.21083176]
443.93427777290344,1001,False,3,5,[-8.14991546  7.03149099  3.9999999 ],exiting,[-0.48080528  0.59740651 -0.20557775]
443.93427777290344,1002,False,0,6,[4.12390907 5.23723428 3.88849962],cruising,[ 0.5677905  -0.59831228 -0.99408226]
443.93427777290344,1003,False,4,3,[-0.77670206 -5.02188073  4.00001111],exiting,[ 0.63925976  0.24903542 -0.34837281]
443.93427777290344,1004,False,6,2,[ 8.48836769 -0.17153762  3.99143176],cruising,[-0.62185191  0.08809385  0.93462812]
443.93427777290344,1005,False,1,4,[ 8.43249916 -6.22433307  3.99998823],exiting,[ 0.50568378 -0.03156594 -0.11489306]
444.0381500720978,1000,False,2,1,[-0.56245267  6.68727017  4.00004484],cruising,[-0.82138112 -0.19970136 -0.21083176]
444.0381500720978,1001,False,3,5,[-8.21535728  7.10710427  3.99999994],exiting,[-0.48080528  0.59740651 -0.20557775]
444.0381500720978,1002,False,0,6,[4.30938648 5.16241362 3.90522468],cruising,[ 0.5677905  -0.59831228 -0.99408226]
444.0381500720978,1003,False,4,3,[-0.75894062 -5.12029075  4.00000907],exiting,[ 0.63925976  0.24903542 -0.34837281]
444.0381500720978,1004,False,6,2,[ 8.47984909 -0.37135612  3.99271699],cruising,[-0.62185191  0.08809385  0.93462812]
444.0381500720978,1005,False,1,4,[ 8.45831904 -6.32094225  3.99999111],exiting,[ 0.50568378 -0.03156594 -0.11489306]
444.14041900634766,1000,False,2,1,[-0.39164888  6.58322179  4.00003811],cruising,[-0.82138112 -0.19970136 -0.21083176]
444.14041900634766,1001,False,3,5,[-8.2807991   7.18271755  3.99999996],exiting,[-0.48080528  0.59740651 -0.20557775]
444.14041900634766,1002,False,0,6,[4.49910226 5.09910547 3.91944098],cruising,[ 0.5677905  -0.59831228 -0.99408226]
444.14041900634766,1003,False,4,3,[-0.74117919 -5.21870077  4.00000739],exiting,[ 0.63925976  0.24903542 -0.34837281]
444.14041900634766,1004,False,6,2,[ 8.46969509 -0.5710982   3.99380944],cruising,[-0.62185191  0.08809385  0.93462812]
444.14041900634766,1005,False,1,4,[ 8.48413892 -6.41755143  3.99999338],exiting,[ 0.50568378 -0.03156594 -0.11489306]
444.24221563339233,1000,False,2,1,[-0.22174147  6.47771601  4.00003239],cruising,[-0.82138112 -0.19970136 -0.21083176]
444.24221563339233,1001,False,3,5,[-8.34624092  7.25833083  3.99999998],exiting,[-0.48080528  0.59740651 -0.20557775]
444.24221563339233,1002,False,0,6,[4.69164627 5.04500552 3.93152483],cruising,[ 0.5677905  -0.59831228 -0.99408226]
444.24221563339233,1003,False,4,3,[-0.72341775 -5.31711078  4.00000601],exiting,[ 0.63925976  0.24903542 -0.34837281]
444.24221563339233,1004,False,6,2,[ 8.4577256  -0.77073971  3.99473803],cruising,[-0.62185191  0.08809385  0.93462812]
444.24221563339233,1005,False,1,4,[ 8.5099588  -6.51416061  3.99999514],exiting,[ 0.50568378 -0.03156594 -0.11489306]
444.3443920612335,1000,False,2,1,[-0.0528795   6.37054494  4.00002753],cruising,[-0.82138112 -0.19970136 -0.21083176]
444.3443920612335,1001,False,3,5,[-8.41168274  7.33394411  3.99999999],landing,[-0.48080528  0.59740651 -0.20557775]
444.3443920612335,1002,False,0,6,[4.8861428  4.99841047 3.94179611],cruising,[ 0.5677905  -0.59831228 -0.99408226]
444.3443920612335,1003,False,4,3,[-0.70565632 -5.4155208   4.00000488],exiting,[ 0.63925976  0.24903542 -0.34837281]
444.3443920612335,1004,False,6,2,[ 8.44378614 -0.97025334  3.99552732],cruising,[-0.62185191  0.08809385  0.93462812]
444.3443920612335,1005,False,1,4,[ 8.53577868 -6.61076979  3.99999651],exiting,[ 0.50568378 -0.03156594 -0.11489306]
444.4442653656006,1000,False,2,1,[0.1158067  6.26309745 4.0000234 ],cruising,[-0.82138112 -0.19970136 -0.21083176]
444.4442653656006,1001,False,3,5,[-8.4657214   7.40139044  3.98574276],landing,[-0.48080528  0.59740651 -0.20557775]
444.4442653656006,1002,False,0,6,[5.08178143 4.95687099 3.95052669],cruising,[ 0.5677905  -0.59831228 -0.99408226]
444.4442653656006,1003,False,4,3,[-0.68789488 -5.51393082  4.00000396],exiting,[ 0.63925976  0.24903542 -0.34837281]
444.4442653656006,1004,False,6,2,[ 8.42556249 -1.16942136  3.99619822],cruising,[-0.62185191  0.08809385  0.93462812]
444.4442653656006,1005,False,1,4,[ 8.56159857 -6.70737897  3.99999757],exiting,[ 0.50568378 -0.03156594 -0.11489306]
444.5436100959778,1000,False,2,1,[0.28457959 6.15578616 4.00001989],cruising,[-0.82138112 -0.19970136 -0.21083176]
444.5436100959778,1001,False,3,5,[-8.50827054  7.46051361  3.95738887],landing,[-0.48080528  0.59740651 -0.20557775]
444.5436100959778,1002,False,0,6,[5.27805882 4.91846286 3.95794769],cruising,[ 0.5677905  -0.59831228 -0.99408226]
444.5436100959778,1003,False,4,3,[-0.67013345 -5.61234083  4.0000032 ],exiting,[ 0.63925976  0.24903542 -0.34837281]
444.5436100959778,1004,False,6,2,[ 8.40541978 -1.36840445  3.99676849],cruising,[-0.62185191  0.08809385  0.93462812]
444.5436100959778,1005,False,1,4,[ 8.58741845 -6.80398815  3.99999837],exiting,[ 0.50568378 -0.03156594 -0.11489306]
444.6438148021698,1000,False,2,1,[0.45385685 6.04927227 4.00001691],cruising,[-0.82138112 -0.19970136 -0.21083176]
444.6438148021698,1001,False,3,5,[-8.53922888  7.51112812  3.91513333],landing,[-0.48080528  0.59740651 -0.20557775]
444.6438148021698,1002,False,0,6,[5.47460767 4.88146894 3.96425553],cruising,[ 0.5677905  -0.59831228 -0.99408226]
444.6438148021698,1003,False,4,3,[-0.65237201 -5.71075085  4.00000258],exiting,[ 0.63925976  0.24903542 -0.34837281]
444.6438148021698,1004,False,6,2,[ 8.38315504 -1.56716129  3.99725322],cruising,[-0.62185191  0.08809385  0.93462812]
444.6438148021698,1005,False,1,4,[ 8.61323833 -6.90059733  3.99999897],exiting,[ 0.50568378 -0.03156594 -0.11489306]
444.73597049713135,1000,False,2,1,[0.62390028 5.94398583 4.00001437],cruising,[-0.82138112 -0.19970136 -0.21083176]
444.73597049713135,1001,False,3,5,[-8.55845754  7.55297504  3.85925632],landing,[-0.48080528  0.59740651 -0.20557775]
444.73597049713135,1002,False,0,6,[5.67145988 4.84612482 3.9696172 ],exiting,[ 0.5677905  -0.59831228 -0.99408226]
444.73597049713135,1003,False,4,3,[-0.63461058 -5.80916087  4.00000208],exiting,[ 0.63925976  0.24903542 -0.34837281]
444.73597049713135,1004,False,6,2,[ 8.35621834 -1.76533903  3.99766523],cruising,[-0.62185191  0.08809385  0.93462812]
444.73597049713135,1005,False,1,4,[ 8.63905821 -6.99720651  3.99999941],exiting,[ 0.50568378 -0.03156594 -0.11489306]
444.84280920028687,1000,False,2,1,[0.7954742  5.84121236 4.00001222],cruising,[-0.82138112 -0.19970136 -0.21083176]
444.84280920028687,1001,False,3,5,[-8.56585048  7.58585292  3.7899826 ],landing,[-0.48080528  0.59740651 -0.20557775]
444.84280920028687,1002,False,0,6,[5.85293826 4.82357306 3.97495597],exiting,[ 0.5677905  -0.59831228 -0.99408226]
444.84280920028687,1003,False,4,3,[-0.61684914 -5.90757088  4.00000167],exiting,[ 0.63925976  0.24903542 -0.34837281]
444.84280920028687,1004,False,6,2,[ 8.3270851  -1.96320578  3.99801545],cruising,[-0.62185191  0.08809385  0.93462812]
444.84280920028687,1005,False,1,4,[ 8.66487809 -7.09381569  3.99999973],landing,[ 0.50568378 -0.03156594 -0.11489306]
444.9440519809723,1000,False,2,1,[0.96839163 5.74071578 4.00001038],cruising,[-0.82138112 -0.19970136 -0.21083176]
444.9440519809723,1001,False,3,5,[-8.56130573  7.60956459  3.707538  ],landing,[-0.48080528  0.59740651 -0.20557775]
444.9440519809723,1002,False,0,6,[6.01901065 4.81377455 3.98019263],exiting,[ 0.5677905  -0.59831228 -0.99408226]
444.9440519809723,1003,False,4,3,[-0.5990877  -6.0059809   4.00000134],exiting,[ 0.63925976  0.24903542 -0.34837281]
444.9440519809723,1004,False,6,2,[ 8.29548999 -2.16069439  3.99831313],cruising,[-0.62185191  0.08809385  0.93462812]
444.9440519809723,1005,False,1,4,[ 8.68400835 -7.17806596  3.98576958],landing,[ 0.50568378 -0.03156594 -0.11489306]
445.0471923351288,1000,False,2,1,[1.14366927 5.6443947  4.00000883],cruising,[-0.82138112 -0.19970136 -0.21083176]
445.0471923351288,1001,False,3,5,[-8.54472195  7.6239105   3.61215724],landing,[-0.48080528  0.59740651 -0.20557775]
445.0471923351288,1002,False,0,6,[6.16963744 4.81668019 3.98523511],exiting,[ 0.5677905  -0.59831228 -0.99408226]
445.0471923351288,1003,False,4,3,[-0.58132627 -6.10439092  4.00000107],exiting,[ 0.63925976  0.24903542 -0.34837281]
445.0471923351288,1004,False,6,2,[ 8.2584098  -2.35722698  3.99856616],cruising,[-0.62185191  0.08809385  0.93462812]
445.0471923351288,1005,False,1,4,[ 8.69643974 -7.24977933  3.9574699 ],landing,[ 0.50568378 -0.03156594 -0.11489306]
445.14239859580994,1000,False,2,1,[1.32074103 5.55141302 4.0000075 ],cruising,[-0.82138112 -0.19970136 -0.21083176]
445.14239859580994,1001,False,3,5,[-8.52617951  7.63671265  3.5147289 ],landing,[-0.48080528  0.59740651 -0.20557775]
445.14239859580994,1002,False,0,6,[6.30476916 4.83222743 3.98997248],exiting,[ 0.5677905  -0.59831228 -0.99408226]
445.14239859580994,1003,False,4,3,[-0.56356483 -6.20280093  4.00000085],exiting,[ 0.63925976  0.24903542 -0.34837281]
445.14239859580994,1004,False,6,2,[ 8.21864128 -2.55323327  3.99878124],cruising,[-0.62185191  0.08809385  0.93462812]
445.14239859580994,1005,False,1,4,[ 8.70216243 -7.30874525  3.91529595],landing,[ 0.50568378 -0.03156594 -0.11489306]
445.23447704315186,1000,False,2,1,[1.49982257 5.46236359 4.00000638],cruising,[-0.82138112 -0.19970136 -0.21083176]
445.23447704315186,1001,False,3,5,[-8.50763708  7.64951481  3.41730055],landing,[-0.48080528  0.59740651 -0.20557775]
445.23447704315186,1002,False,0,6,[6.42434055 4.86033152 3.99426113],exiting,[ 0.5677905  -0.59831228 -0.99408226]
445.23447704315186,1003,False,4,3,[-0.5458034  -6.30121095  4.00000067],exiting,[ 0.63925976  0.24903542 -0.34837281]
445.23447704315186,1004,False,6,2,[ 8.17268771 -2.74788236  3.99896405],cruising,[-0.62185191  0.08809385  0.93462812]
445.23447704315186,1005,False,1,4,[ 8.70116496 -7.35467159  3.85952755],landing,[ 0.50568378 -0.03156594 -0.11489306]
445.33988094329834,1000,False,2,1,[1.68213028 5.38012067 4.00000542],cruising,[-0.82138112 -0.19970136 -0.21083176]
445.33988094329834,1001,False,3,5,[-8.48909465  7.66231696  3.3198722 ],landing,[-0.48080528  0.59740651 -0.20557775]
445.33988094329834,1002,False,0,6,[6.52826214 4.90087223 3.99790598],exiting,[ 0.5677905  -0.59831228 -0.99408226]
445.33988094329834,1003,False,4,3,[-0.52804196 -6.39962097  4.00000053],exiting,[ 0.63925976  0.24903542 -0.34837281]
445.33988094329834,1004,False,6,2,[ 8.12358089 -2.94175995  3.99911944],cruising,[-0.62185191  0.08809385  0.93462812]
445.33988094329834,1005,False,1,4,[ 8.69344015 -7.38732952  3.79039157],landing,[ 0.50568378 -0.03156594 -0.11489306]
445.4480848312378,1000,False,2,1,[1.86663156 5.30292431 4.00000461],cruising,[-0.82138112 -0.19970136 -0.21083176]
445.4480848312378,1001,False,3,5,[-8.47055221  7.67511912  3.22244385],landing,[-0.48080528  0.59740651 -0.20557775]
445.4480848312378,1002,False,0,6,[6.61647    4.95376091 4.00077229],exiting,[ 0.5677905  -0.59831228 -0.99408226]
445.4480848312378,1003,False,4,3,[-0.51028053 -6.49803098  4.00000042],exiting,[ 0.63925976  0.24903542 -0.34837281]
445.4480848312378,1004,False,6,2,[ 8.06708854 -3.13361567  3.99925153],cruising,[-0.62185191  0.08809385  0.93462812]
445.4480848312378,1005,False,1,4,[ 8.67898265 -7.40649759  3.70811426],landing,[ 0.50568378 -0.03156594 -0.11489306]
445.54617738723755,1000,False,2,1,[2.05343399 5.23147606 4.00000392],cruising,[-0.82138112 -0.19970136 -0.21083176]
445.54617738723755,1001,False,3,5,[-8.45200978  7.68792127  3.1250155 ],landing,[-0.48080528  0.59740651 -0.20557775]
445.54617738723755,1002,False,0,6,[6.68889816 5.01890392 4.00272606],exiting,[ 0.5677905  -0.59831228 -0.99408226]
445.54617738723755,1003,False,4,3,[-0.49251909 -6.596441    4.00000033],exiting,[ 0.63925976  0.24903542 -0.34837281]
445.54617738723755,1004,False,6,2,[ 8.00669775 -3.32428017  3.9993638 ],cruising,[-0.62185191  0.08809385  0.93462812]
445.54617738723755,1005,False,1,4,[ 8.65778876 -7.41195246  3.61293078],landing,[ 0.50568378 -0.03156594 -0.11489306]
445.6381804943085,1000,False,2,1,[2.24257797 5.16647947 4.00000333],cruising,[-0.82138112 -0.19970136 -0.21083176]
445.6381804943085,1001,False,3,5,[-8.43346735  7.70072343  3.02758715],landing,[-0.48080528  0.59740651 -0.20557775]
445.6381804943085,1002,False,0,6,[6.74547909 5.09620369 4.00364146],exiting,[ 0.5677905  -0.59831228 -0.99408226]
445.6381804943085,1003,False,4,3,[-0.47475766 -6.69485102  4.00000025],exiting,[ 0.63925976  0.24903542 -0.34837281]
445.6381804943085,1004,False,6,2,[ 7.93702345 -3.51175148  3.99945923],cruising,[-0.62185191  0.08809385  0.93462812]
445.6381804943085,1005,False,1,4,[ 8.6354062  -7.41494845  3.51551392],landing,[ 0.50568378 -0.03156594 -0.11489306]
445.7463767528534,1000,False,2,1,[2.43631791 5.11683239 4.00000283],cruising,[-0.82138112 -0.19970136 -0.21083176]
445.7463767528534,1001,False,3,5,[-8.41492491  7.71352558  2.93015881],landing,[-0.48080528  0.59740651 -0.20557775]
445.7463767528534,1002,False,0,6,[6.78614332 5.18556052 4.00342272],exiting,[ 0.5677905  -0.59831228 -0.99408226]
445.7463767528534,1003,False,4,3,[-0.45699622 -6.79326104  4.00000019],exiting,[ 0.63925976  0.24903542 -0.34837281]
445.7463767528534,1004,False,6,2,[ 7.85699818 -3.69504347  3.99954034],cruising,[-0.62185191  0.08809385  0.93462812]
445.7463767528534,1005,False,1,4,[ 8.61302364 -7.41794445  3.41809706],landing,[ 0.50568378 -0.03156594 -0.11489306]
445.8419439792633,1000,False,2,1,[2.63205281 5.07574895 4.00000241],cruising,[-0.82138112 -0.19970136 -0.21083176]
445.8419439792633,1001,False,3,5,[-8.39638248  7.72632773  2.83273046],landing,[-0.48080528  0.59740651 -0.20557775]
445.8419439792633,1002,False,0,6,[6.82092477 5.27931682 4.00283129],exiting,[ 0.5677905  -0.59831228 -0.99408226]
445.8419439792633,1003,False,4,3,[-0.43923478 -6.89167105  4.00000015],exiting,[ 0.63925976  0.24903542 -0.34837281]
445.8419439792633,1004,False,6,2,[ 7.76505945 -3.87265898  3.99960929],cruising,[-0.62185191  0.08809385  0.93462812]
445.8419439792633,1005,False,1,4,[ 8.59064108 -7.42094044  3.3206802 ],landing,[ 0.50568378 -0.03156594 -0.11489306]
445.9486243724823,1000,False,2,1,[2.82916497 5.04188455 4.00000204],cruising,[-0.82138112 -0.19970136 -0.21083176]
445.9486243724823,1001,False,3,5,[-8.37784005  7.73912989  2.73530211],landing,[-0.48080528  0.59740651 -0.20557775]
445.9486243724823,1002,False,0,6,[6.85570623 5.37307313 4.00234055],exiting,[ 0.5677905  -0.59831228 -0.99408226]
445.9486243724823,1003,False,4,3,[-0.42147335 -6.99008107  4.00000011],exiting,[ 0.63925976  0.24903542 -0.34837281]
445.9486243724823,1004,False,6,2,[ 7.65908826 -4.04227652  3.9996679 ],cruising,[-0.62185191  0.08809385  0.93462812]
445.9486243724823,1005,False,1,4,[ 8.56825852 -7.42393643  3.22326333],landing,[ 0.50568378 -0.03156594 -0.11489306]
446.0340647697449,1000,False,2,1,[3.02720903 5.01398206 4.00000174],cruising,[-0.82138112 -0.19970136 -0.21083176]
446.0340647697449,1001,False,3,5,[-8.35929761  7.75193204  2.63787376],landing,[-0.48080528  0.59740651 -0.20557775]
446.0340647697449,1002,False,0,6,[6.89048768 5.46682945 4.00193356],exiting,[ 0.5677905  -0.59831228 -0.99408226]
446.0340647697449,1003,False,4,3,[-0.40371191 -7.08849109  4.00000008],exiting,[ 0.63925976  0.24903542 -0.34837281]
446.0340647697449,1004,False,6,2,[ 7.53671648 -4.20044763  3.99971787],cruising,[-0.62185191  0.08809385  0.93462812]
446.0340647697449,1005,False,1,4,[ 8.54587596 -7.42693242  3.12584647],landing,[ 0.50568378 -0.03156594 -0.11489306]
446.14267897605896,1000,False,2,1,[3.22587204 4.99089509 4.00000148],cruising,[-0.82138112 -0.19970136 -0.21083176]
446.14267897605896,1001,False,3,5,[-8.34075518  7.7647342   2.54044541],landing,[-0.48080528  0.59740651 -0.20557775]
446.14267897605896,1002,False,0,6,[6.92526914 5.56058577 4.00159621],exiting,[ 0.5677905  -0.59831228 -0.99408226]
446.14267897605896,1003,False,4,3,[-0.38595048 -7.1869011   4.00000006],exiting,[ 0.63925976  0.24903542 -0.34837281]
446.14267897605896,1004,False,6,2,[ 7.39936637 -4.34536545  3.99976208],cruising,[-0.62185191  0.08809385  0.93462812]
446.14267897605896,1005,False,1,4,[ 8.5234934  -7.42992841  3.02842961],landing,[ 0.50568378 -0.03156594 -0.11489306]
446.23783898353577,1000,False,2,1,[3.42493842 4.9715928  4.00000126],cruising,[-0.82138112 -0.19970136 -0.21083176]
446.23783898353577,1001,False,3,5,[-8.32221275  7.77753635  2.44301707],landing,[-0.48080528  0.59740651 -0.20557775]
446.23783898353577,1002,False,0,6,[6.9600506  5.6543421  4.00131674],exiting,[ 0.5677905  -0.59831228 -0.99408226]
446.23783898353577,1003,False,4,3,[-0.36818904 -7.28531112  4.00000004],exiting,[ 0.63925976  0.24903542 -0.34837281]
446.23783898353577,1004,False,6,2,[ 7.24947137 -4.47470683  3.99980327],cruising,[-0.62185191  0.08809385  0.93462812]
446.23783898353577,1005,False,1,4,[ 8.50111084 -7.4329244   2.93101275],landing,[ 0.50568378 -0.03156594 -0.11489306]
446.34104204177856,1000,False,2,1,[3.62426168 4.95515391 4.00000107],cruising,[-0.82138112 -0.19970136 -0.21083176]
446.34104204177856,1001,False,3,5,[-8.30367031  7.79033851  2.34558872],landing,[-0.48080528  0.59740651 -0.20557775]
446.34104204177856,1002,False,0,6,[6.99483206 5.74809842 4.00108535],exiting,[ 0.5677905  -0.59831228 -0.99408226]
446.34104204177856,1003,False,4,3,[-0.35042761 -7.38372114  4.00000003],exiting,[ 0.63925976  0.24903542 -0.34837281]
446.34104204177856,1004,False,6,2,[ 7.08893607 -4.5871135   3.99984145],cruising,[-0.62185191  0.08809385  0.93462812]
446.34104204177856,1005,False,1,4,[ 8.47872829 -7.43592039  2.83359588],landing,[ 0.50568378 -0.03156594 -0.11489306]
446.4340262413025,1000,False,2,1,[3.82374266 4.94075461 4.00000091],cruising,[-0.82138112 -0.19970136 -0.21083176]
446.4340262413025,1001,False,3,5,[-8.28512788  7.80314066  2.24816037],landing,[-0.48080528  0.59740651 -0.20557775]
446.4340262413025,1002,False,0,6,[7.02961352 5.84185475 4.00089389],exiting,[ 0.5677905  -0.59831228 -0.99408226]
446.4340262413025,1003,False,4,3,[-0.33266617 -7.48213115  4.00000002],exiting,[ 0.63925976  0.24903542 -0.34837281]
446.4340262413025,1004,False,6,2,[ 6.91981423 -4.6814572   3.99987656],cruising,[-0.62185191  0.08809385  0.93462812]
446.4340262413025,1005,False,1,4,[ 8.45634573 -7.43891638  2.73617902],landing,[ 0.50568378 -0.03156594 -0.11489306]
446.54467368125916,1000,False,2,1,[4.0233131  4.92765355 4.00000077],cruising,[-0.82138112 -0.19970136 -0.21083176]
446.54467368125916,1001,False,3,5,[-8.26658545  7.81594281  2.15073202],landing,[-0.48080528  0.59740651 -0.20557775]
446.54467368125916,1002,False,0,6,[7.06439499 5.93561108 4.00073556],exiting,[ 0.5677905  -0.59831228 -0.99408226]
446.54467368125916,1003,False,4,3,[-0.31490474 -7.58054117  4.00000001],exiting,[ 0.63925976  0.24903542 -0.34837281]
446.54467368125916,1004,False,6,2,[ 6.7442531  -4.75686586  3.99990855],cruising,[-0.62185191  0.08809385  0.93462812]
446.54467368125916,1005,False,1,4,[ 8.43396317 -7.44191237  2.63876216],landing,[ 0.50568378 -0.03156594 -0.11489306]
446.64820981025696,1000,False,2,1,[4.22289842 4.91478104 4.00000066],cruising,[-0.82138112 -0.19970136 -0.21083176]
446.64820981025696,1001,False,3,5,[-8.24804302  7.82874497  2.05330367],landing,[-0.48080528  0.59740651 -0.20557775]
446.64820981025696,1002,False,0,6,[7.09917645 6.02936741 4.00060471],exiting,[ 0.5677905  -0.59831228 -0.99408226]
446.64820981025696,1003,False,4,3,[-0.2971433  -7.67895119  4.00000001],exiting,[ 0.63925976  0.24903542 -0.34837281]
446.64820981025696,1004,False,6,2,[ 6.56444064 -4.81273159  3.99993735],cruising,[-0.62185191  0.08809385  0.93462812]
446.64820981025696,1005,False,1,4,[ 8.41158061 -7.44490836  2.5413453 ],landing,[ 0.50568378 -0.03156594 -0.11489306]
446.74395632743835,1000,False,2,1,[4.42250957 4.90231557 4.00000056],cruising,[-0.82138112 -0.19970136 -0.21083176]
446.74395632743835,1001,False,3,5,[-8.22950058  7.84154712  1.95587533],landing,[-0.48080528  0.59740651 -0.20557775]
446.74395632743835,1002,False,0,6,[7.13395791 6.12312374 4.00049666],exiting,[ 0.5677905  -0.59831228 -0.99408226]
446.74395632743835,1003,False,4,3,[-0.27938186 -7.7773612   4.        ],landing,[ 0.63925976  0.24903542 -0.34837281]
446.74395632743835,1004,False,6,2,[ 6.38258785 -4.84870167  3.99996286],cruising,[-0.62185191  0.08809385  0.93462812]
446.74395632743835,1005,False,1,4,[ 8.38919805 -7.44790435  2.44392843],landing,[ 0.50568378 -0.03156594 -0.11489306]
446.8461904525757,1000,False,2,1,[4.62210249 4.88956144 4.00000047],cruising,[-0.82138112 -0.19970136 -0.21083176]
446.8461904525757,1001,False,3,5,[-8.21095815  7.85434928  1.85844698],landing,[-0.48080528  0.59740651 -0.20557775]
446.8461904525757,1002,False,0,6,[7.16873937 6.21688007 4.0004075 ],exiting,[ 0.5677905  -0.59831228 -0.99408226]
446.8461904525757,1003,False,4,3,[-0.26726441 -7.86261681  3.98603193],landing,[ 0.63925976  0.24903542 -0.34837281]
446.8461904525757,1004,False,6,2,[ 6.20008091 -4.86468245  3.99998477],cruising,[-0.62185191  0.08809385  0.93462812]
446.8461904525757,1005,False,1,4,[ 8.36681549 -7.45090035  2.34651157],landing,[ 0.50568378 -0.03156594 -0.11489306]
446.947074174881,1000,False,2,1,[4.82163324 4.8758692  4.0000004 ],cruising,[-0.82138112 -0.19970136 -0.21083176]
446.947074174881,1001,False,3,5,[-8.19241572  7.86715143  1.76101863],landing,[-0.48080528  0.59740651 -0.20557775]
446.947074174881,1002,False,0,6,[7.20352083 6.31063641 4.00033398],exiting,[ 0.5677905  -0.59831228 -0.99408226]
446.947074174881,1003,False,4,3,[-0.26078411 -7.93454305  3.95825985],landing,[ 0.63925976  0.24903542 -0.34837281]
446.947074174881,1004,False,6,2,[ 6.01837855 -4.86067942  4.00000301],cruising,[-0.62185191  0.08809385  0.93462812]
446.947074174881,1005,False,1,4,[ 8.34443293 -7.45389634  2.24909471],landing,[ 0.50568378 -0.03156594 -0.11489306]
447.04248809814453,1000,False,2,1,[5.02105066 4.86061488 4.00000034],cruising,[-0.82138112 -0.19970136 -0.21083176]
447.04248809814453,1001,False,3,5,[-8.17387328  7.87995359  1.66359028],landing,[-0.48080528  0.59740651 -0.20557775]
447.04248809814453,1002,False,0,6,[7.23830229 6.40439274 4.0002734 ],exiting,[ 0.5677905  -0.59831228 -0.99408226]
447.04248809814453,1003,False,4,3,[-0.2599318  -7.99293469  3.91688115],landing,[ 0.63925976  0.24903542 -0.34837281]
447.04248809814453,1004,False,6,2,[ 5.83867153 -4.83677617  4.00001746],cruising,[-0.62185191  0.08809385  0.93462812]
447.04248809814453,1005,False,1,4,[ 8.32205037 -7.45689233  2.15167785],landing,[ 0.50568378 -0.03156594 -0.11489306]
447.1382899284363,1000,False,2,1,[5.22037963 4.8442453  4.00000029],cruising,[-0.82138112 -0.19970136 -0.21083176]
447.1382899284363,1001,False,3,5,[-8.15533085  7.89275574  1.56616193],landing,[-0.48080528  0.59740651 -0.20557775]
447.1382899284363,1002,False,0,6,[7.27308376 6.49814907 4.00022353],exiting,[ 0.5677905  -0.59831228 -0.99408226]
447.1382899284363,1003,False,4,3,[-0.26469299 -8.03751364  3.8621721 ],landing,[ 0.63925976  0.24903542 -0.34837281]
447.1382899284363,1004,False,6,2,[ 5.6614963  -4.79303381  4.00002783],cruising,[-0.62185191  0.08809385  0.93462812]
447.1382899284363,1005,False,1,4,[ 8.29966781 -7.45988832  2.05426098],landing,[ 0.50568378 -0.03156594 -0.11489306]
447.23953104019165,1000,False,2,1,[5.41946693 4.82516012 4.00000025],cruising,[-0.82138112 -0.19970136 -0.21083176]
447.23953104019165,1001,False,3,5,[-8.13678842  7.9055579   1.46873358],fake_landed,[-0.48080528  0.59740651 -0.20557775]
447.23953104019165,1002,False,0,6,[7.30786522 6.5919054  4.00018252],exiting,[ 0.5677905  -0.59831228 -0.99408226]
447.23953104019165,1003,False,4,3,[-0.27505327 -8.06804128  3.79437828],landing,[ 0.63925976  0.24903542 -0.34837281]
447.23953104019165,1004,False,6,2,[ 5.48758712 -4.72955994  4.00003397],cruising,[-0.62185191  0.08809385  0.93462812]
447.23953104019165,1005,False,1,4,[ 8.27728526 -7.46288431  1.95684412],landing,[ 0.50568378 -0.03156594 -0.11489306]
447.33634996414185,1000,False,2,1,[5.61820044 4.80268803 4.00000021],cruising,[-0.82138112 -0.19970136 -0.21083176]
447.33634996414185,1001,False,3,5,[-8.12195447  7.91579962  1.39079091],fake_landed,[-0.48080528  0.59740651 -0.20557775]
447.33634996414185,1002,False,0,6,[7.34264668 6.68566174 4.00014882],exiting,[ 0.5677905  -0.59831228 -0.99408226]
447.33634996414185,1003,False,4,3,[-0.29099787 -8.08430122  3.71372959],landing,[ 0.63925976  0.24903542 -0.34837281]
447.33634996414185,1004,False,6,2,[ 5.31674367 -4.64632243  4.00003541],cruising,[-0.62185191  0.08809385  0.93462812]
447.33634996414185,1005,False,1,4,[ 8.2549027  -7.4658803   1.85942726],landing,[ 0.50568378 -0.03156594 -0.11489306]
447.4405732154846,1000,False,2,1,[5.81642784 4.77611934 4.00000018],cruising,[-0.82138112 -0.19970136 -0.21083176]
447.4405732154846,1001,False,3,5,[-8.11082901  7.92348091  1.3323339 ],fake_landed,[-0.48080528  0.59740651 -0.20557775]
447.4405732154846,1002,False,0,6,[7.37742814 6.77941807 4.00012115],exiting,[ 0.5677905  -0.59831228 -0.99408226]
447.4405732154846,1003,False,4,3,[-0.31251024 -8.08607553  3.62046477],landing,[ 0.63925976  0.24903542 -0.34837281]
447.4405732154846,1004,False,6,2,[ 5.14843716 -4.54324648  4.0000317 ],cruising,[-0.62185191  0.08809385  0.93462812]
447.4405732154846,1005,False,1,4,[ 8.23252014 -7.46887629  1.7620104 ],landing,[ 0.50568378 -0.03156594 -0.11489306]
447.5349247455597,1000,False,2,1,[6.01394232 4.7446864  4.00000015],cruising,[-0.82138112 -0.19970136 -0.21083176]
447.5349247455597,1001,False,3,5,[-8.10341204  7.92860177  1.29336256],fake_landed,[-0.48080528  0.59740651 -0.20557775]
447.5349247455597,1002,False,0,6,[7.41220961 6.8731744  4.00009847],exiting,[ 0.5677905  -0.59831228 -0.99408226]
447.5349247455597,1003,False,4,3,[-0.33579209 -8.08316058  3.52325644],landing,[ 0.63925976  0.24903542 -0.34837281]
447.5349247455597,1004,False,6,2,[ 4.97654997 -4.4409978   4.00002694],cruising,[-0.62185191  0.08809385  0.93462812]
447.5349247455597,1005,False,1,4,[ 8.21013758 -7.47187228  1.66459353],landing,[ 0.50568378 -0.03156594 -0.11489306]
447.6360070705414,1000,False,2,1,[6.21046331 4.70754473 4.00000013],cruising,[-0.82138112 -0.19970136 -0.21083176]
447.6360070705414,1001,False,3,5,[-8.09970355  7.9311622   1.27387689],fake_landed,[-0.48080528  0.59740651 -0.20557775]
447.6360070705414,1002,False,0,6,[7.44699107 6.96693073 4.00007989],exiting,[ 0.5677905  -0.59831228 -0.99408226]
447.6360070705414,1003,False,4,3,[-0.35907394 -8.08024564  3.42604812],landing,[ 0.63925976  0.24903542 -0.34837281]
447.6360070705414,1004,False,6,2,[ 4.80183672 -4.34365674  4.0000229 ],cruising,[-0.62185191  0.08809385  0.93462812]
447.6360070705414,1005,False,1,4,[ 8.18775502 -7.47486827  1.56717667],landing,[ 0.50568378 -0.03156594 -0.11489306]
447.73559832572937,1000,False,2,1,[6.4056107  4.66375551 4.00000011],cruising,[-0.82138112 -0.19970136 -0.21083176]
447.73559832572937,1001,False,3,5,[-8.09970355  7.9311622   1.27387689],fake_landed,[-0.48080528  0.59740651 -0.20557775]
447.73559832572937,1002,False,0,6,[7.48177253 7.06068707 4.0000647 ],exiting,[ 0.5677905  -0.59831228 -0.99408226]
447.73559832572937,1003,False,4,3,[-0.38235579 -8.07733069  3.32883979],landing,[ 0.63925976  0.24903542 -0.34837281]
447.73559832572937,1004,False,6,2,[ 4.623976   -4.25219329  4.00001947],cruising,[-0.62185191  0.08809385  0.93462812]
447.73559832572937,1005,False,1,4,[ 8.16537246 -7.47786426  1.46975981],fake_landed,[ 0.50568378 -0.03156594 -0.11489306]
447.83429980278015,1000,False,2,1,[6.59887062 4.61227151 4.00000009],cruising,[-0.82138112 -0.19970136 -0.21083176]
447.83429980278015,1001,False,5,0,[-8.09970355  7.9311622   1.27387689],waiting,[-0.48080528  0.59740651 -0.20557775]
447.83429980278015,1002,False,0,6,[7.51655399 7.1544434  4.00005228],exiting,[ 0.5677905  -0.59831228 -0.99408226]
447.83429980278015,1003,False,4,3,[-0.40563764 -8.07441574  3.23163147],landing,[ 0.63925976  0.24903542 -0.34837281]
447.83429980278015,1004,False,6,2,[ 4.44454266 -4.16385488  4.00001655],cruising,[-0.62185191  0.08809385  0.93462812]
447.83429980278015,1005,False,1,4,[ 8.14746641 -7.48026106  1.39182632],fake_landed,[ 0.50568378 -0.03156594 -0.11489306]
447.94297671318054,1000,False,2,1,[6.78955079 4.5519302  4.00000008],cruising,[-0.82138112 -0.19970136 -0.21083176]
447.94297671318054,1001,False,5,0,[-8.09970355  7.9311622   1.27387689],waiting,[-0.48080528  0.59740651 -0.20557775]
447.94297671318054,1002,False,0,6,[7.55133545 7.24819973 4.00004215],exiting,[ 0.5677905  -0.59831228 -0.99408226]
447.94297671318054,1003,False,4,3,[-0.42891949 -8.07150079  3.13442314],landing,[ 0.63925976  0.24903542 -0.34837281]
447.94297671318054,1004,False,6,2,[ 4.26325519 -4.07938682  4.00001407],cruising,[-0.62185191  0.08809385  0.93462812]
447.94297671318054,1005,False,1,4,[ 8.13403688 -7.48205865  1.3333762 ],fake_landed,[ 0.50568378 -0.03156594 -0.11489306]
448.03790950775146,1000,False,2,1,[6.97672453 4.48146041 4.00000007],cruising,[-0.82138112 -0.19970136 -0.21083176]
448.03790950775146,1001,False,5,0,[-8.09970355  7.9311622   1.27387689],waiting,[-0.48080528  0.59740651 -0.20557775]
448.03790950775146,1002,False,0,6,[7.58611692 7.34195606 4.0000339 ],exiting,[ 0.5677905  -0.59831228 -0.99408226]
448.03790950775146,1003,False,4,3,[-0.45220134 -8.06858584  3.03721481],landing,[ 0.63925976  0.24903542 -0.34837281]
448.03790950775146,1004,False,6,2,[ 4.08110569 -3.99679407  4.00001196],cruising,[-0.62185191  0.08809385  0.93462812]
448.03790950775146,1005,False,1,4,[ 8.12508386 -7.48325705  1.29440946],fake_landed,[ 0.50568378 -0.03156594 -0.11489306]
448.1408622264862,1000,False,2,1,[7.15916497 4.39951235 4.00000006],cruising,[-0.82138112 -0.19970136 -0.21083176]
448.1408622264862,1001,False,5,0,[-8.09970355  7.9311622   1.27387689],waiting,[-0.48080528  0.59740651 -0.20557775]
448.1408622264862,1002,False,0,6,[7.62089838 7.43571239 4.00002719],exiting,[ 0.5677905  -0.59831228 -0.99408226]
448.1408622264862,1003,False,4,3,[-0.47548319 -8.06567089  2.94000649],landing,[ 0.63925976  0.24903542 -0.34837281]
448.1408622264862,1004,False,6,2,[ 3.8978435  -3.91670058  4.00001016],cruising,[-0.62185191  0.08809385  0.93462812]
448.1408622264862,1005,False,1,4,[ 8.12060734 -7.48385625  1.27492608],fake_landed,[ 0.50568378 -0.03156594 -0.11489306]
448.23902130126953,1000,False,2,1,[7.33527649 4.30472452 4.00000005],cruising,[-0.82138112 -0.19970136 -0.21083176]
448.23902130126953,1001,False,5,0,[-8.09970355  7.9311622   1.27387689],waiting,[-0.48080528  0.59740651 -0.20557775]
448.23902130126953,1002,False,0,6,[7.65567984 7.52946873 4.00002174],exiting,[ 0.5677905  -0.59831228 -0.99408226]
448.23902130126953,1003,False,4,3,[-0.49876504 -8.06275594  2.84279816],landing,[ 0.63925976  0.24903542 -0.34837281]
448.23902130126953,1004,False,6,2,[ 3.71405244 -3.83782823  4.00000864],cruising,[-0.62185191  0.08809385  0.93462812]
448.23902130126953,1005,False,4,5,[ 8.12060734 -7.48385625  1.27492608],waiting,[ 0.50568378 -0.03156594 -0.11489306]
448.34033155441284,1000,False,2,1,[7.50304012 4.19584217 4.00000004],cruising,[-0.82138112 -0.19970136 -0.21083176]
448.34033155441284,1001,False,5,0,[-8.09970355  7.9311622   1.27387689],waiting,[-0.48080528  0.59740651 -0.20557775]
448.34033155441284,1002,False,0,6,[7.6904613  7.62322506 4.00001733],exiting,[ 0.5677905  -0.59831228 -0.99408226]
448.34033155441284,1003,False,4,3,[-0.52204688 -8.05984099  2.74558984],landing,[ 0.63925976  0.24903542 -0.34837281]
448.34033155441284,1004,False,6,2,[ 3.52954719 -3.76064135  4.00000734],cruising,[-0.62185191  0.08809385  0.93462812]
448.34033155441284,1005,False,4,5,[ 8.12060734 -7.48385625  1.27492608],waiting,[ 0.50568378 -0.03156594 -0.11489306]
448.43890142440796,1000,False,2,1,[7.65877816 4.07097905 4.00000003],cruising,[-0.82138112 -0.19970136 -0.21083176]
448.43890142440796,1001,False,5,0,[-8.09970355  7.9311622   1.27387689],waiting,[-0.48080528  0.59740651 -0.20557775]
448.43890142440796,1002,False,0,6,[7.72524277 7.71698139 4.00001376],exiting,[ 0.5677905  -0.59831228 -0.99408226]
448.43890142440796,1003,False,4,3,[-0.54532873 -8.05692604  2.64838151],landing,[ 0.63925976  0.24903542 -0.34837281]
448.43890142440796,1004,False,6,2,[ 3.34461208 -3.68449015  4.00000624],cruising,[-0.62185191  0.08809385  0.93462812]
448.43890142440796,1005,False,4,5,[ 8.12060734 -7.48385625  1.27492608],waiting,[ 0.50568378 -0.03156594 -0.11489306]
448.54305839538574,1000,False,2,1,[7.80110015 3.93128321 4.00000003],cruising,[-0.82138112 -0.19970136 -0.21083176]
448.54305839538574,1001,False,5,0,[-8.09970355  7.9311622   1.27387689],waiting,[-0.48080528  0.59740651 -0.20557775]
448.54305839538574,1002,False,0,6,[7.76002423 7.81073772 4.00001088],exiting,[ 0.5677905  -0.59831228 -0.99408226]
448.54305839538574,1003,False,4,3,[-0.56861058 -8.05401109  2.55117319],landing,[ 0.63925976  0.24903542 -0.34837281]
448.54305839538574,1004,False,6,2,[ 3.15917236 -3.60957614  4.0000053 ],cruising,[-0.62185191  0.08809385  0.93462812]
448.54305839538574,1005,False,4,5,[ 8.12060734 -7.48385625  1.27492608],waiting,[ 0.50568378 -0.03156594 -0.11489306]
448.6367154121399,1000,False,2,1,[7.92854364 3.7782221  4.00000002],cruising,[-0.82138112 -0.19970136 -0.21083176]
448.6367154121399,1001,False,5,0,[-8.09970355  7.9311622   1.27387689],waiting,[-0.48080528  0.59740651 -0.20557775]
448.6367154121399,1002,False,0,6,[7.79480569 7.90449406 4.00000856],exiting,[ 0.5677905  -0.59831228 -0.99408226]
448.6367154121399,1003,False,4,3,[-0.59189243 -8.05109615  2.45396486],landing,[ 0.63925976  0.24903542 -0.34837281]
448.6367154121399,1004,False,6,2,[ 2.97323075 -3.53591666  4.00000451],cruising,[-0.62185191  0.08809385  0.93462812]
448.6367154121399,1005,False,4,5,[ 8.12060734 -7.48385625  1.27492608],waiting,[ 0.50568378 -0.03156594 -0.11489306]
448.74447894096375,1000,False,2,1,[8.03975913 3.61347118 4.00000002],cruising,[-0.82138112 -0.19970136 -0.21083176]
448.74447894096375,1001,False,5,0,[-8.09970355  7.9311622   1.27387689],waiting,[-0.48080528  0.59740651 -0.20557775]
448.74447894096375,1002,False,0,6,[7.82958715 7.99825039 4.0000067 ],exiting,[ 0.5677905  -0.59831228 -0.99408226]
448.74447894096375,1003,False,4,3,[-0.61517428 -8.0481812   2.35675653],landing,[ 0.63925976  0.24903542 -0.34837281]
448.74447894096375,1004,False,6,2,[ 2.78669724 -3.46376927  4.00000383],cruising,[-0.62185191  0.08809385  0.93462812]
448.74447894096375,1005,False,4,5,[ 8.12060734 -7.48385625  1.27492608],waiting,[ 0.50568378 -0.03156594 -0.11489306]
448.83699893951416,1000,False,2,1,[8.13338878 3.43919458 4.00000002],cruising,[-0.82138112 -0.19970136 -0.21083176]
448.83699893951416,1001,False,5,0,[-8.09970355  7.9311622   1.27387689],waiting,[-0.48080528  0.59740651 -0.20557775]
448.83699893951416,1002,False,0,6,[7.86436861 8.09200672 4.00000521],exiting,[ 0.5677905  -0.59831228 -0.99408226]
448.83699893951416,1003,False,4,3,[-0.63845613 -8.04526625  2.25954821],landing,[ 0.63925976  0.24903542 -0.34837281]
448.83699893951416,1004,False,6,2,[ 2.5996856  -3.39287042  4.00000326],cruising,[-0.62185191  0.08809385  0.93462812]
448.83699893951416,1005,False,4,5,[ 8.12060734 -7.48385625  1.27492608],waiting,[ 0.50568378 -0.03156594 -0.11489306]
448.93439197540283,1000,False,2,1,[8.20900868 3.25622036 4.00000001],exiting,[-0.82138112 -0.19970136 -0.21083176]
448.93439197540283,1001,False,5,0,[-8.09970355  7.9311622   1.27387689],waiting,[-0.48080528  0.59740651 -0.20557775]
448.93439197540283,1002,False,0,6,[7.89915008 8.18576305 4.00000403],exiting,[ 0.5677905  -0.59831228 -0.99408226]
448.93439197540283,1003,False,4,3,[-0.66173798 -8.0423513   2.16233988],landing,[ 0.63925976  0.24903542 -0.34837281]
448.93439197540283,1004,False,6,2,[ 2.41188661 -3.32408424  4.00000277],cruising,[-0.62185191  0.08809385  0.93462812]
448.93439197540283,1005,False,4,5,[ 8.12060734 -7.48385625  1.27492608],waiting,[ 0.50568378 -0.03156594 -0.11489306]
449.0348081588745,1000,False,2,1,[8.26609226 3.08075643 4.00000001],exiting,[-0.82138112 -0.19970136 -0.21083176]
449.0348081588745,1001,False,5,0,[-8.09970355  7.9311622   1.27387689],waiting,[-0.48080528  0.59740651 -0.20557775]
449.0348081588745,1002,False,0,6,[7.93393154 8.27951939 4.00000308],exiting,[ 0.5677905  -0.59831228 -0.99408226]
449.0348081588745,1003,False,4,3,[-0.68501983 -8.03943635  2.06513156],landing,[ 0.63925976  0.24903542 -0.34837281]
449.0348081588745,1004,False,6,2,[ 2.22315363 -3.25790369  4.00000235],cruising,[-0.62185191  0.08809385  0.93462812]
449.0348081588745,1005,False,4,5,[ 8.12060734 -7.48385625  1.27492608],waiting,[ 0.50568378 -0.03156594 -0.11489306]
449.13625049591064,1000,False,2,1,[8.30710121 2.91719236 4.00000001],exiting,[-0.82138112 -0.19970136 -0.21083176]
449.13625049591064,1001,False,5,0,[-8.09970355  7.9311622   1.27387689],waiting,[-0.48080528  0.59740651 -0.20557775]
449.13625049591064,1002,False,0,6,[7.968713   8.37327572 4.00000234],exiting,[ 0.5677905  -0.59831228 -0.99408226]
449.13625049591064,1003,False,4,3,[-0.70830168 -8.0365214   1.96792323],landing,[ 0.63925976  0.24903542 -0.34837281]
449.13625049591064,1004,False,6,2,[ 2.03382305 -3.19345269  4.000002  ],cruising,[-0.62185191  0.08809385  0.93462812]
449.13625049591064,1005,False,4,5,[ 8.12060734 -7.48385625  1.27492608],waiting,[ 0.50568378 -0.03156594 -0.11489306]
449.23934984207153,1000,False,2,1,[8.33320809 2.76696727 4.00000001],exiting,[-0.82138112 -0.19970136 -0.21083176]
449.23934984207153,1001,False,5,0,[-8.09970355  7.9311622   1.27387689],waiting,[-0.48080528  0.59740651 -0.20557775]
449.23934984207153,1002,False,0,6,[8.00349446 8.46703205 4.00000175],exiting,[ 0.5677905  -0.59831228 -0.99408226]
449.23934984207153,1003,False,4,3,[-0.73158353 -8.03360645  1.87071491],landing,[ 0.63925976  0.24903542 -0.34837281]
449.23934984207153,1004,False,6,2,[ 1.84321929 -3.13287048  4.0000017 ],cruising,[-0.62185191  0.08809385  0.93462812]
449.23934984207153,1005,False,4,5,[ 8.12060734 -7.48385625  1.27492608],waiting,[ 0.50568378 -0.03156594 -0.11489306]
449.3434648513794,1000,False,2,1,[8.3450784  2.63078923 4.        ],exiting,[-0.82138112 -0.19970136 -0.21083176]
449.3434648513794,1001,False,5,0,[-8.09970355  7.9311622   1.27387689],waiting,[-0.48080528  0.59740651 -0.20557775]
449.3434648513794,1002,False,0,6,[8.03827593 8.56078838 4.00000129],exiting,[ 0.5677905  -0.59831228 -0.99408226]
449.3434648513794,1003,False,4,3,[-0.75486538 -8.0306915   1.77350658],landing,[ 0.63925976  0.24903542 -0.34837281]
449.3434648513794,1004,False,6,2,[ 1.65115686 -3.07708495  4.00000145],cruising,[-0.62185191  0.08809385  0.93462812]
449.3434648513794,1005,False,4,5,[ 8.12060734 -7.48385625  1.27492608],waiting,[ 0.50568378 -0.03156594 -0.11489306]
449.43543004989624,1000,False,2,1,[8.3431921  2.50912863 4.        ],exiting,[-0.82138112 -0.19970136 -0.21083176]
449.43543004989624,1001,False,5,0,[-8.09970355  7.9311622   1.27387689],waiting,[-0.48080528  0.59740651 -0.20557775]
449.43543004989624,1002,False,0,6,[8.07305739 8.65454472 4.00000093],exiting,[ 0.5677905  -0.59831228 -0.99408226]
449.43543004989624,1003,False,4,3,[-0.77814723 -8.02777655  1.67629826],landing,[ 0.63925976  0.24903542 -0.34837281]
449.43543004989624,1004,False,6,2,[ 1.45744262 -3.02733768  4.00000123],cruising,[-0.62185191  0.08809385  0.93462812]
449.43543004989624,1005,False,4,5,[ 8.12060734 -7.48385625  1.27492608],waiting,[ 0.50568378 -0.03156594 -0.11489306]
449.5348722934723,1000,False,2,1,[8.32798223 2.40238388 4.        ],exiting,[-0.82138112 -0.19970136 -0.21083176]
449.5348722934723,1001,False,5,0,[-8.09970355  7.9311622   1.27387689],waiting,[-0.48080528  0.59740651 -0.20557775]
449.5348722934723,1002,False,0,6,[8.10783885 8.74830105 4.00000066],exiting,[ 0.5677905  -0.59831228 -0.99408226]
449.5348722934723,1003,False,4,3,[-0.80142908 -8.0248616   1.57908993],landing,[ 0.63925976  0.24903542 -0.34837281]
449.5348722934723,1004,False,6,2,[ 1.26190399 -2.98532998  4.00000104],cruising,[-0.62185191  0.08809385  0.93462812]
449.5348722934723,1005,False,4,5,[ 8.12060734 -7.48385625  1.27492608],waiting,[ 0.50568378 -0.03156594 -0.11489306]
449.63664293289185,1000,False,2,1,[8.29995126 2.31098902 4.        ],exiting,[-0.82138112 -0.19970136 -0.21083176]
449.63664293289185,1001,False,5,0,[-8.09970355  7.9311622   1.27387689],waiting,[-0.48080528  0.59740651 -0.20557775]
449.63664293289185,1002,False,0,6,[8.14262031 8.84205738 4.00000045],exiting,[ 0.5677905  -0.59831228 -0.99408226]
449.63664293289185,1003,False,4,3,[-0.82471093 -8.02194666  1.4818816 ],fake_landed,[ 0.63925976  0.24903542 -0.34837281]
449.63664293289185,1004,False,6,2,[ 1.06446238 -2.95344254  4.00000089],cruising,[-0.62185191  0.08809385  0.93462812]
449.63664293289185,1005,False,4,5,[ 8.12060734 -7.48385625  1.27492608],waiting,[ 0.50568378 -0.03156594 -0.11489306]
449.73785638809204,1000,False,2,1,[8.25935503 2.23515418 4.        ],exiting,[-0.82138112 -0.19970136 -0.21083176]
449.73785638809204,1001,False,5,0,[-8.09970355  7.9311622   1.27387689],waiting,[-0.48080528  0.59740651 -0.20557775]
449.73785638809204,1002,False,0,6,[8.17740177 8.93581371 4.00000029],exiting,[ 0.5677905  -0.59831228 -0.99408226]
449.73785638809204,1003,False,4,3,[-0.84333641 -8.0196147   1.40411494],fake_landed,[ 0.63925976  0.24903542 -0.34837281]
449.73785638809204,1004,False,6,2,[ 0.86486597 -2.94143869  4.00000075],cruising,[-0.62185191  0.08809385  0.93462812]
449.73785638809204,1005,False,4,5,[ 8.12060734 -7.48385625  1.27492608],waiting,[ 0.50568378 -0.03156594 -0.11489306]
449.8401756286621,1000,False,2,1,[8.20645782 2.17508912 4.        ],exiting,[-0.82138112 -0.19970136 -0.21083176]
449.8401756286621,1001,False,5,0,[-8.09970355  7.9311622   1.27387689],waiting,[-0.48080528  0.59740651 -0.20557775]
449.8401756286621,1002,False,0,6,[8.21218324 9.02957005 4.00000017],exiting,[ 0.5677905  -0.59831228 -0.99408226]
449.8401756286621,1003,False,4,3,[-0.85730552 -8.01786573  1.34578995],fake_landed,[ 0.63925976  0.24903542 -0.34837281]
449.8401756286621,1004,False,6,2,[ 0.66491383 -2.94581424  4.00000064],cruising,[-0.62185191  0.08809385  0.93462812]
449.8401756286621,1005,False,4,5,[ 8.12060734 -7.48385625  1.27492608],waiting,[ 0.50568378 -0.03156594 -0.11489306]
449.9376826286316,1000,False,2,1,[8.14153279 2.13100316 3.99999999],exiting,[-0.82138112 -0.19970136 -0.21083176]
449.9376826286316,1001,False,5,0,[-8.09970355  7.9311622   1.27387689],waiting,[-0.48080528  0.59740651 -0.20557775]
449.9376826286316,1002,False,0,6,[8.2469647  9.12332638 4.00000009],landing,[ 0.5677905  -0.59831228 -0.99408226]
449.9376826286316,1003,False,4,3,[-0.86661826 -8.01669975  1.30690662],fake_landed,[ 0.63925976  0.24903542 -0.34837281]
449.9376826286316,1004,False,6,2,[ 0.46541281 -2.95993311  4.00000054],cruising,[-0.62185191  0.08809385  0.93462812]
449.9376826286316,1005,False,4,5,[ 8.12060734 -7.48385625  1.27492608],waiting,[ 0.50568378 -0.03156594 -0.11489306]
450.0728323459625,1000,False,2,1,[8.06486272 2.10310528 3.99999999],exiting,[-0.82138112 -0.19970136 -0.21083176]
450.0728323459625,1001,False,5,0,[-8.09970355  7.9311622   1.27387689],queued,[-0.48080528  0.59740651 -0.20557775]
450.0728323459625,1002,False,0,6,[8.27997818 9.20298886 3.98592032],landing,[ 0.5677905  -0.59831228 -0.99408226]
450.0728323459625,1003,False,4,3,[-0.87127463 -8.01611676  1.28746495],fake_landed,[ 0.63925976  0.24903542 -0.34837281]
450.0728323459625,1004,False,6,2,[ 0.26756657 -2.98920536  4.00000046],cruising,[-0.62185191  0.08809385  0.93462812]
450.0728323459625,1005,False,4,5,[ 8.12060734 -7.48385625  1.27492608],waiting,[ 0.50568378 -0.03156594 -0.11489306]
450.24717831611633,1000,False,2,1,[7.97674089 2.09160427 4.        ],exiting,[-0.82138112 -0.19970136 -0.21083176]
450.24717831611633,1001,False,5,0,[-8.09970355  7.9311622   1.29387689],queued,[-0.48080528  0.59740651 -0.20557775]
450.24717831611633,1002,False,0,6,[8.31112852 9.26840885 3.95792364],landing,[ 0.5677905  -0.59831228 -0.99408226]
450.24717831611633,1003,False,3,4,[-0.87127463 -8.01611676  1.28746495],waiting,[ 0.63925976  0.24903542 -0.34837281]
450.24717831611633,1004,False,6,2,[ 0.07334444 -3.03693129  4.00000039],cruising,[-0.62185191  0.08809385  0.93462812]
450.24717831611633,1005,False,4,5,[ 8.12060734 -7.48385625  1.27492608],waiting,[ 0.50568378 -0.03156594 -0.11489306]
450.35347628593445,1000,False,2,1,[7.87747216 2.09670887 4.        ],exiting,[-0.82138112 -0.19970136 -0.21083176]
450.35347628593445,1001,False,5,0,[-8.09970355  7.9311622   1.33387689],queued,[-0.48080528  0.59740651 -0.20557775]
450.35347628593445,1002,False,0,6,[8.34030275 9.31941197 3.91620658],landing,[ 0.5677905  -0.59831228 -0.99408226]
450.35347628593445,1003,False,3,4,[-0.87127463 -8.01611676  1.28746495],waiting,[ 0.63925976  0.24903542 -0.34837281]
450.35347628593445,1004,False,6,2,[-0.11762559 -3.09634886  4.00000033],cruising,[-0.62185191  0.08809385  0.93462812]
450.35347628593445,1005,False,4,5,[ 8.12060734 -7.48385625  1.27492608],waiting,[ 0.50568378 -0.03156594 -0.11489306]
450.47042989730835,1000,False,2,1,[7.77765014 2.10267253 4.        ],exiting,[-0.82138112 -0.19970136 -0.21083176]
450.47042989730835,1001,False,5,0,[-8.09970355  7.9311622   1.39387689],queued,[-0.48080528  0.59740651 -0.20557775]
450.47042989730835,1002,False,0,6,[8.36734451 9.35576082 3.86104687],landing,[ 0.5677905  -0.59831228 -0.99408226]
450.47042989730835,1003,False,3,4,[-0.87127463 -8.01611676  1.28746495],waiting,[ 0.63925976  0.24903542 -0.34837281]
450.47042989730835,1004,False,6,2,[-0.30505343 -3.16614     4.00000028],cruising,[-0.62185191  0.08809385  0.93462812]
450.47042989730835,1005,False,4,5,[ 8.12060734 -7.48385625  1.27492608],waiting,[ 0.50568378 -0.03156594 -0.11489306]
450.5715355873108,1000,False,2,1,[7.67782813 2.10863619 4.        ],exiting,[-0.82138112 -0.19970136 -0.21083176]
450.5715355873108,1001,False,5,0,[-8.09970355  7.9311622   1.46887689],queued,[-0.48080528  0.59740651 -0.20557775]
450.5715355873108,1002,False,0,6,[8.39212285 9.37726    3.79268246],landing,[ 0.5677905  -0.59831228 -0.99408226]
450.5715355873108,1003,False,3,4,[-0.87127463 -8.01611676  1.28746495],waiting,[ 0.63925976  0.24903542 -0.34837281]
450.5715355873108,1004,False,6,2,[-0.48787828 -3.24722683  4.00000024],cruising,[-0.62185191  0.08809385  0.93462812]
450.5715355873108,1005,False,4,5,[ 8.12060734 -7.48385625  1.27492608],queued,[ 0.50568378 -0.03156594 -0.11489306]
450.67221450805664,1000,False,2,1,[7.57800611 2.11459984 4.        ],exiting,[-0.82138112 -0.19970136 -0.21083176]
450.67221450805664,1001,False,5,0,[-8.09970355  7.9311622   1.54387689],queued,[-0.48080528  0.59740651 -0.20557775]
450.67221450805664,1002,False,0,6,[8.41451449 9.38372855 3.71134177],landing,[ 0.5677905  -0.59831228 -0.99408226]
450.67221450805664,1003,False,3,4,[-0.87127463 -8.01611676  1.28746495],waiting,[ 0.63925976  0.24903542 -0.34837281]
450.67221450805664,1004,False,6,2,[-0.66728968 -3.3356098   4.00000021],cruising,[-0.62185191  0.08809385  0.93462812]
450.67221450805664,1005,False,4,5,[ 8.12060734 -7.48385625  1.29492608],queued,[ 0.50568378 -0.03156594 -0.11489306]
450.7723853588104,1000,False,2,1,[7.4781841 2.1205635 4.       ],exiting,[-0.82138112 -0.19970136 -0.21083176]
450.7723853588104,1001,False,5,0,[-8.09970355  7.9311622   1.61887689],queued,[-0.48080528  0.59740651 -0.20557775]
450.7723853588104,1002,False,0,6,[8.4343938  9.37498505 3.6172621 ],landing,[ 0.5677905  -0.59831228 -0.99408226]
450.7723853588104,1003,False,3,4,[-0.87127463 -8.01611676  1.28746495],waiting,[ 0.63925976  0.24903542 -0.34837281]
450.7723853588104,1004,False,6,2,[-0.84512917 -3.42711453  4.00000017],cruising,[-0.62185191  0.08809385  0.93462812]
450.7723853588104,1005,False,4,5,[ 8.12060734 -7.48385625  1.33492608],queued,[ 0.50568378 -0.03156594 -0.11489306]
450.87253189086914,1000,False,2,1,[7.37836208 2.12652716 4.        ],exiting,[-0.82138112 -0.19970136 -0.21083176]
450.87253189086914,1001,False,5,0,[-8.09970355  7.9311622   1.69387689],queued,[-0.48080528  0.59740651 -0.20557775]
450.87253189086914,1002,False,0,6,[8.45358982 9.36225848 3.5199505 ],landing,[ 0.5677905  -0.59831228 -0.99408226]
450.87253189086914,1003,False,3,4,[-0.87127463 -8.01611676  1.28746495],waiting,[ 0.63925976  0.24903542 -0.34837281]
450.87253189086914,1004,False,6,2,[-1.02425089 -3.51608312  4.00000015],cruising,[-0.62185191  0.08809385  0.93462812]
450.87253189086914,1005,False,4,5,[ 8.12060734 -7.48385625  1.39492608],queued,[ 0.50568378 -0.03156594 -0.11489306]
450.9720046520233,1000,False,2,1,[7.27854007 2.13249082 4.        ],exiting,[-0.82138112 -0.19970136 -0.21083176]
450.9720046520233,1001,False,5,0,[-8.09970355  7.9311622   1.76887689],queued,[-0.48080528  0.59740651 -0.20557775]
450.9720046520233,1002,False,0,6,[8.47278585 9.34953192 3.4226389 ],landing,[ 0.5677905  -0.59831228 -0.99408226]
450.9720046520233,1003,False,3,4,[-0.87127463 -8.01611676  1.28746495],waiting,[ 0.63925976  0.24903542 -0.34837281]
450.9720046520233,1004,False,6,2,[-1.20751322 -3.5961763   4.00000013],cruising,[-0.62185191  0.08809385  0.93462812]
450.9720046520233,1005,False,4,5,[ 8.12060734 -7.48385625  1.46992608],queued,[ 0.50568378 -0.03156594 -0.11489306]
451.07214546203613,1000,False,2,1,[7.17871805 2.13845447 4.        ],exiting,[-0.82138112 -0.19970136 -0.21083176]
451.07214546203613,1001,False,5,0,[-8.09970355  7.9311622   1.84387689],queued,[-0.48080528  0.59740651 -0.20557775]
451.07214546203613,1002,False,0,6,[8.49198188 9.33680536 3.3253273 ],landing,[ 0.5677905  -0.59831228 -0.99408226]
451.07214546203613,1003,False,3,4,[-0.87127463 -8.01611676  1.28746495],waiting,[ 0.63925976  0.24903542 -0.34837281]
451.07214546203613,1004,False,6,2,[-1.39768728 -3.65750175  4.00000011],cruising,[-0.62185191  0.08809385  0.93462812]
451.07214546203613,1005,False,4,5,[ 8.12060734 -7.48385625  1.54492608],queued,[ 0.50568378 -0.03156594 -0.11489306]
451.173983335495,1000,False,2,1,[7.07889604 2.14441813 4.        ],exiting,[-0.82138112 -0.19970136 -0.21083176]
451.173983335495,1001,False,5,0,[-8.09970355  7.9311622   1.91887689],queued,[-0.48080528  0.59740651 -0.20557775]
451.173983335495,1002,False,0,6,[8.51117791 9.32407879 3.22801571],landing,[ 0.5677905  -0.59831228 -0.99408226]
451.173983335495,1003,False,3,4,[-0.87127463 -8.01611676  1.28746495],waiting,[ 0.63925976  0.24903542 -0.34837281]
451.173983335495,1004,False,6,2,[-1.59162101 -3.69918375  4.00000009],cruising,[-0.62185191  0.08809385  0.93462812]
451.173983335495,1005,False,4,5,[ 8.12060734 -7.48385625  1.61992608],queued,[ 0.50568378 -0.03156594 -0.11489306]
451.2725443840027,1000,False,2,1,[6.97907402 2.15038179 4.        ],exiting,[-0.82138112 -0.19970136 -0.21083176]
451.2725443840027,1001,False,5,0,[-8.09970355  7.9311622   1.99387689],queued,[-0.48080528  0.59740651 -0.20557775]
451.2725443840027,1002,False,0,6,[8.53037394 9.31135223 3.13070411],landing,[ 0.5677905  -0.59831228 -0.99408226]
451.2725443840027,1003,False,3,4,[-0.87127463 -8.01611676  1.28746495],waiting,[ 0.63925976  0.24903542 -0.34837281]
451.2725443840027,1004,False,6,2,[-1.78619976 -3.72087616  4.00000007],cruising,[-0.62185191  0.08809385  0.93462812]
451.2725443840027,1005,False,4,5,[ 8.12060734 -7.48385625  1.69492608],queued,[ 0.50568378 -0.03156594 -0.11489306]
451.3720443248749,1000,False,2,1,[6.879252   2.15634544 4.        ],exiting,[-0.82138112 -0.19970136 -0.21083176]
451.3720443248749,1001,False,5,0,[-8.09970355  7.9311622   2.06887689],queued,[-0.48080528  0.59740651 -0.20557775]
451.3720443248749,1002,False,0,6,[8.54956996 9.29862566 3.03339251],landing,[ 0.5677905  -0.59831228 -0.99408226]
451.3720443248749,1003,False,3,4,[-0.87127463 -8.01611676  1.28746495],waiting,[ 0.63925976  0.24903542 -0.34837281]
451.3720443248749,1004,False,6,2,[-1.97842233 -3.72270784  4.00000006],cruising,[-0.62185191  0.08809385  0.93462812]
451.3720443248749,1005,False,4,5,[ 8.12060734 -7.48385625  1.76992608],queued,[ 0.50568378 -0.03156594 -0.11489306]
451.47194957733154,1000,False,2,1,[6.77942999 2.1623091  4.        ],exiting,[-0.82138112 -0.19970136 -0.21083176]
451.47194957733154,1001,False,5,0,[-8.09970355  7.9311622   2.14387689],queued,[-0.48080528  0.59740651 -0.20557775]
451.47194957733154,1002,False,0,6,[8.56876599 9.2858991  2.93608091],landing,[ 0.5677905  -0.59831228 -0.99408226]
451.47194957733154,1003,False,3,4,[-0.87127463 -8.01611676  1.28746495],waiting,[ 0.63925976  0.24903542 -0.34837281]
451.47194957733154,1004,False,6,2,[-2.16538943 -3.70524237  4.00000004],cruising,[-0.62185191  0.08809385  0.93462812]
451.47194957733154,1005,False,4,5,[ 8.12060734 -7.48385625  1.84492608],queued,[ 0.50568378 -0.03156594 -0.11489306]
451.57792019844055,1000,False,2,1,[6.67960797 2.16827276 4.        ],exiting,[-0.82138112 -0.19970136 -0.21083176]
451.57792019844055,1001,False,5,0,[-8.09970355  7.9311622   2.21887689],queued,[-0.48080528  0.59740651 -0.20557775]
451.57792019844055,1002,False,0,6,[8.58796202 9.27317254 2.83876931],landing,[ 0.5677905  -0.59831228 -0.99408226]
451.57792019844055,1003,False,3,4,[-0.87127463 -8.01611676  1.28746495],waiting,[ 0.63925976  0.24903542 -0.34837281]
451.57792019844055,1004,False,6,2,[-2.34477355 -3.66927018  4.00000003],cruising,[-0.62185191  0.08809385  0.93462812]
451.57792019844055,1005,False,4,5,[ 8.12060734 -7.48385625  1.91992608],queued,[ 0.50568378 -0.03156594 -0.11489306]
451.67574191093445,1000,False,2,1,[6.57978596 2.17423642 4.        ],exiting,[-0.82138112 -0.19970136 -0.21083176]
451.67574191093445,1001,False,5,0,[-8.09970355  7.9311622   2.29387689],queued,[-0.48080528  0.59740651 -0.20557775]
451.67574191093445,1002,False,0,6,[8.60715805 9.26044597 2.74145772],landing,[ 0.5677905  -0.59831228 -0.99408226]
451.67574191093445,1003,False,3,4,[-0.87127463 -8.01611676  1.28746495],waiting,[ 0.63925976  0.24903542 -0.34837281]
451.67574191093445,1004,False,6,2,[-2.51438622 -3.61584753  4.00000001],cruising,[-0.62185191  0.08809385  0.93462812]
451.67574191093445,1005,False,4,5,[ 8.12060734 -7.48385625  1.99492608],queued,[ 0.50568378 -0.03156594 -0.11489306]
451.77329540252686,1000,False,2,1,[6.47996394 2.18020007 4.        ],exiting,[-0.82138112 -0.19970136 -0.21083176]
451.77329540252686,1001,False,5,0,[-8.09970355  7.9311622   2.36887689],queued,[-0.48080528  0.59740651 -0.20557775]
451.77329540252686,1002,False,0,6,[8.62635408 9.24771941 2.64414612],landing,[ 0.5677905  -0.59831228 -0.99408226]
451.77329540252686,1003,False,3,4,[-0.87127463 -8.01611676  1.28746495],waiting,[ 0.63925976  0.24903542 -0.34837281]
451.77329540252686,1004,False,6,2,[-2.67223443 -3.54625091  4.        ],cruising,[-0.62185191  0.08809385  0.93462812]
451.77329540252686,1005,False,4,5,[ 8.12060734 -7.48385625  2.06992608],queued,[ 0.50568378 -0.03156594 -0.11489306]
451.88134002685547,1000,False,2,1,[6.38014193 2.18616373 4.        ],exiting,[-0.82138112 -0.19970136 -0.21083176]
451.88134002685547,1001,False,5,0,[-8.09970355  7.9311622   2.44387689],queued,[-0.48080528  0.59740651 -0.20557775]
451.88134002685547,1002,False,0,6,[8.6455501  9.23499285 2.54683452],landing,[ 0.5677905  -0.59831228 -0.99408226]
451.88134002685547,1003,False,3,4,[-0.87127463 -8.01611676  1.28746495],queued,[ 0.63925976  0.24903542 -0.34837281]
451.88134002685547,1004,False,6,2,[-2.81664111 -3.46184464  3.99999999],cruising,[-0.62185191  0.08809385  0.93462812]
451.88134002685547,1005,False,4,5,[ 8.12060734 -7.48385625  2.14492608],queued,[ 0.50568378 -0.03156594 -0.11489306]
451.9726457595825,1000,False,2,1,[6.28031991 2.19212739 4.        ],exiting,[-0.82138112 -0.19970136 -0.21083176]
451.9726457595825,1001,False,5,0,[-8.09970355  7.9311622   2.51887689],entering,[-0.48080528  0.59740651 -0.20557775]
451.9726457595825,1002,False,0,6,[8.66474613 9.22226628 2.44952292],landing,[ 0.5677905  -0.59831228 -0.99408226]
451.9726457595825,1003,False,3,4,[-0.87127463 -8.01611676  1.30746495],queued,[ 0.63925976  0.24903542 -0.34837281]
451.9726457595825,1004,False,6,2,[-2.94615348 -3.36409075  3.99999998],cruising,[-0.62185191  0.08809385  0.93462812]
451.9726457595825,1005,False,4,5,[ 8.12060734 -7.48385625  2.21992608],queued,[ 0.50568378 -0.03156594 -0.11489306]
452.0721912384033,1000,False,2,1,[6.1804979  2.19809104 4.        ],exiting,[-0.82138112 -0.19970136 -0.21083176]
452.0721912384033,1001,False,5,0,[-8.0818582   7.92213206  2.59387689],entering,[-0.48080528  0.59740651 -0.20557775]
452.0721912384033,1002,False,0,6,[8.68394216 9.20953972 2.35221132],landing,[ 0.5677905  -0.59831228 -0.99408226]
452.0721912384033,1003,False,3,4,[-0.87127463 -8.01611676  1.34746495],queued,[ 0.63925976  0.24903542 -0.34837281]
452.0721912384033,1004,False,6,2,[-3.05947031 -3.25460208  3.99999997],cruising,[-0.62185191  0.08809385  0.93462812]
452.0721912384033,1005,False,4,5,[ 8.12060734 -7.48385625  2.29492608],queued,[ 0.50568378 -0.03156594 -0.11489306]
452.17468190193176,1000,False,2,1,[6.08067588 2.2040547  4.        ],exiting,[-0.82138112 -0.19970136 -0.21083176]
452.17468190193176,1001,False,5,0,[-8.04615385  7.9040988   2.66887689],entering,[-0.48080528  0.59740651 -0.20557775]
452.17468190193176,1002,False,0,6,[8.70313819 9.19681315 2.25489973],landing,[ 0.5677905  -0.59831228 -0.99408226]
452.17468190193176,1003,False,3,4,[-0.87127463 -8.01611676  1.40746495],queued,[ 0.63925976  0.24903542 -0.34837281]
452.17468190193176,1004,False,6,2,[-3.15549258 -3.13506862  3.99999997],cruising,[-0.62185191  0.08809385  0.93462812]
452.17468190193176,1005,False,4,5,[ 8.12060734 -7.48385625  2.36992608],queued,[ 0.50568378 -0.03156594 -0.11489306]
452.2783148288727,1000,False,2,1,[5.98085386 2.21001836 4.        ],exiting,[-0.82138112 -0.19970136 -0.21083176]
452.2783148288727,1001,False,5,0,[-7.9925604   7.87712238  2.74387689],entering,[-0.48080528  0.59740651 -0.20557775]
452.2783148288727,1002,False,0,6,[8.72233422 9.18408659 2.15758813],landing,[ 0.5677905  -0.59831228 -0.99408226]
452.2783148288727,1003,False,3,4,[-0.87127463 -8.01611676  1.48246495],queued,[ 0.63925976  0.24903542 -0.34837281]
452.2783148288727,1004,False,6,2,[-3.23359994 -3.00664382  3.99999996],cruising,[-0.62185191  0.08809385  0.93462812]
452.2783148288727,1005,False,4,5,[ 8.12060734 -7.48385625  2.44492608],entering,[ 0.50568378 -0.03156594 -0.11489306]
452.3726246356964,1000,False,2,1,[5.88103185 2.21598202 4.        ],exiting,[-0.82138112 -0.19970136 -0.21083176]
452.3726246356964,1001,False,5,0,[-7.92102085  7.84131774  2.81887689],entering,[-0.48080528  0.59740651 -0.20557775]
452.3726246356964,1002,False,0,6,[8.74153024 9.17136003 2.06027653],landing,[ 0.5677905  -0.59831228 -0.99408226]
452.3726246356964,1003,False,3,4,[-0.87127463 -8.01611676  1.55746495],queued,[ 0.63925976  0.24903542 -0.34837281]
452.3726246356964,1004,False,6,2,[-3.29341884 -2.8701238   3.99999996],cruising,[-0.62185191  0.08809385  0.93462812]
452.3726246356964,1005,False,4,5,[ 8.1091224  -7.46748261  2.51992608],entering,[ 0.50568378 -0.03156594 -0.11489306]
452.48158073425293,1000,False,2,1,[5.78120983 2.22194567 4.        ],exiting,[-0.82138112 -0.19970136 -0.21083176]
452.48158073425293,1001,False,5,0,[-7.83148313  7.79679153  2.89387689],entering,[-0.48080528  0.59740651 -0.20557775]
452.48158073425293,1002,False,0,6,[8.76072627 9.15863346 1.96296493],landing,[ 0.5677905  -0.59831228 -0.99408226]
452.48158073425293,1003,False,3,4,[-0.87127463 -8.01611676  1.63246495],queued,[ 0.63925976  0.24903542 -0.34837281]
452.48158073425293,1004,False,6,2,[-3.33477574 -2.72591261  3.99999996],cruising,[-0.62185191  0.08809385  0.93462812]
452.48158073425293,1005,False,4,5,[ 8.08615252 -7.43473532  2.59492608],entering,[ 0.50568378 -0.03156594 -0.11489306]
452.57899713516235,1000,False,2,1,[5.68138782 2.22790933 4.        ],exiting,[-0.82138112 -0.19970136 -0.21083176]
452.57899713516235,1001,False,5,0,[-7.72392129  7.74359749  2.96887689],entering,[-0.48080528  0.59740651 -0.20557775]
452.57899713516235,1002,False,0,6,[8.7799223  9.1459069  1.86565334],landing,[ 0.5677905  -0.59831228 -0.99408226]
452.57899713516235,1003,False,3,4,[-0.87127463 -8.01611676  1.70746495],queued,[ 0.63925976  0.24903542 -0.34837281]
452.57899713516235,1004,False,6,2,[-3.35759784 -2.57418732  3.99999995],cruising,[-0.62185191  0.08809385  0.93462812]
452.57899713516235,1005,False,4,5,[ 8.05169769 -7.3856144   2.66992608],entering,[ 0.50568378 -0.03156594 -0.11489306]
452.6720633506775,1000,False,2,1,[5.5815658  2.23387299 4.        ],landing,[-0.82138112 -0.19970136 -0.21083176]
452.6720633506775,1001,False,5,0,[-7.5983236   7.68176006  3.04387689],entering,[-0.48080528  0.59740651 -0.20557775]
452.6720633506775,1002,False,0,6,[8.79911833 9.13318033 1.76834174],landing,[ 0.5677905  -0.59831228 -0.99408226]
452.6720633506775,1003,False,3,4,[-0.87127463 -8.01611676  1.78246495],queued,[ 0.63925976  0.24903542 -0.34837281]
452.6720633506775,1004,False,6,2,[-3.36188857 -2.41493954  3.99999996],cruising,[-0.62185191  0.08809385  0.93462812]
452.6720633506775,1005,False,4,5,[ 8.00575793 -7.32011984  2.74492608],entering,[ 0.50568378 -0.03156594 -0.11489306]
452.7802927494049,1000,False,2,1,[5.4955931  2.23585667 3.98613074],landing,[-0.82138112 -0.19970136 -0.21083176]
452.7802927494049,1001,False,5,0,[-7.45424313  7.61228151  3.11887689],entering,[-0.48080528  0.59740651 -0.20557775]
452.7802927494049,1002,False,0,6,[8.81831436 9.12045377 1.67103014],landing,[ 0.5677905  -0.59831228 -0.99408226]
452.7802927494049,1003,False,3,4,[-0.87127463 -8.01611676  1.85746495],entering,[ 0.63925976  0.24903542 -0.34837281]
452.7802927494049,1004,False,6,2,[-3.34796945 -2.24742122  3.99999996],cruising,[-0.62185191  0.08809385  0.93462812]
452.7802927494049,1005,False,4,5,[ 7.94833322 -7.23825163  2.81992608],entering,[ 0.50568378 -0.03156594 -0.11489306]
452.87352657318115,1000,False,2,1,[5.42364121 2.23388776 3.95855769],landing,[-0.82138112 -0.19970136 -0.21083176]
452.87352657318115,1001,False,5,0,[-7.29143705  7.53577792  3.19387689],entering,[-0.48080528  0.59740651 -0.20557775]
452.87352657318115,1002,False,0,6,[8.83751038 9.10772721 1.57371854],landing,[ 0.5677905  -0.59831228 -0.99408226]
452.87352657318115,1003,False,3,4,[-0.87776687 -7.99719981  1.93246495],entering,[ 0.63925976  0.24903542 -0.34837281]
452.87352657318115,1004,False,6,2,[-3.3168707  -2.06966279  3.99999996],cruising,[-0.62185191  0.08809385  0.93462812]
452.87352657318115,1005,False,4,5,[ 7.87942357 -7.14000979  2.89492608],entering,[ 0.50568378 -0.03156594 -0.11489306]
452.9791684150696,1000,False,2,1,[5.36591051 2.22799936 3.91747926],landing,[-0.82138112 -0.19970136 -0.21083176]
452.9791684150696,1001,False,5,0,[-7.10915299  7.45473463  3.26887689],entering,[-0.48080528  0.59740651 -0.20557775]
452.9791684150696,1002,False,0,6,[8.85670641 9.09500064 1.47640694],fake_landed,[ 0.5677905  -0.59831228 -0.99408226]
452.9791684150696,1003,False,3,4,[-0.89075136 -7.95936592  2.00746495],entering,[ 0.63925976  0.24903542 -0.34837281]
452.9791684150696,1004,False,6,2,[-3.27396921 -1.87575829  3.99999997],cruising,[-0.62185191  0.08809385  0.93462812]
452.9791684150696,1005,False,4,5,[ 7.79910265 -7.02534287  2.96992608],entering,[ 0.50568378 -0.03156594 -0.11489306]
453.0777819156647,1000,False,2,1,[5.32266995 2.218238   3.86317072],landing,[-0.82138112 -0.19970136 -0.21083176]
453.0777819156647,1001,False,5,0,[-6.92533263  7.37593059  3.34387689],entering,[-0.48080528  0.59740651 -0.20557775]
453.0777819156647,1002,False,0,6,[8.87206323 9.08481939 1.39855767],fake_landed,[ 0.5677905  -0.59831228 -0.99408226]
453.0777819156647,1003,False,3,4,[-0.91022809 -7.90261509  2.08246495],entering,[ 0.63925976  0.24903542 -0.34837281]
453.0777819156647,1004,False,6,2,[-3.24643078 -1.67766327  3.99999997],cruising,[-0.62185191  0.08809385  0.93462812]
453.0777819156647,1005,False,4,5,[ 7.70656873 -6.89483795  3.04492608],entering,[ 0.50568378 -0.03156594 -0.11489306]
453.17241525650024,1000,False,2,1,[5.29415779 2.20464692 3.79588498],landing,[-0.82138112 -0.19970136 -0.21083176]
453.17241525650024,1001,False,5,0,[-6.73938218  7.30229346  3.41887689],entering,[-0.48080528  0.59740651 -0.20557775]
453.17241525650024,1002,False,0,6,[8.88358085 9.07718345 1.34017071],fake_landed,[ 0.5677905  -0.59831228 -0.99408226]
453.17241525650024,1003,False,3,4,[-0.93619706 -7.82694732  2.15746495],entering,[ 0.63925976  0.24903542 -0.34837281]
453.17241525650024,1004,False,6,2,[-3.23537653 -1.477969    3.99999998],cruising,[-0.62185191  0.08809385  0.93462812]
453.17241525650024,1005,False,4,5,[ 7.60114541 -6.74904043  3.11992608],entering,[ 0.50568378 -0.03156594 -0.11489306]
453.27279114723206,1000,False,2,1,[5.28058504 2.18726613 3.71585356],landing,[-0.82138112 -0.19970136 -0.21083176]
453.27279114723206,1001,False,5,0,[-6.55190129  7.23264495  3.49387689],entering,[-0.48080528  0.59740651 -0.20557775]
453.27279114723206,1002,False,0,6,[8.89125926 9.07209283 1.30124607],fake_landed,[ 0.5677905  -0.59831228 -0.99408226]
453.27279114723206,1003,False,3,4,[-0.96865828 -7.7323626   2.23246495],entering,[ 0.63925976  0.24903542 -0.34837281]
453.27279114723206,1004,False,6,2,[-3.24024409 -1.27802824  3.99999998],cruising,[-0.62185191  0.08809385  0.93462812]
453.27279114723206,1005,False,4,5,[ 7.48275193 -6.58801875  3.19492608],entering,[ 0.50568378 -0.03156594 -0.11489306]
453.3722813129425,1000,False,2,1,[5.28216387 2.16613761 3.6233168 ],landing,[-0.82138112 -0.19970136 -0.21083176]
453.3722813129425,1001,False,5,0,[-6.36271894  7.16776013  3.56887689],entering,[-0.48080528  0.59740651 -0.20557775]
453.3722813129425,1002,False,0,6,[8.89509847 9.06954752 1.28178375],fake_landed,[ 0.5677905  -0.59831228 -0.99408226]
453.3722813129425,1003,False,3,4,[-1.00761174 -7.61886093  2.30746495],entering,[ 0.63925976  0.24903542 -0.34837281]
453.3722813129425,1004,False,6,2,[-3.2590228  -1.07891179  3.99999998],cruising,[-0.62185191  0.08809385  0.93462812]
453.3722813129425,1005,False,4,5,[ 7.3638376  -6.42721023  3.26992608],entering,[ 0.50568378 -0.03156594 -0.11489306]
453.4772894382477,1000,False,2,1,[5.28952928 2.14361437 3.52616509],landing,[-0.82138112 -0.19970136 -0.21083176]
453.4772894382477,1001,False,5,0,[-6.17148854  7.10918594  3.63354536],entering,[-0.48080528  0.59740651 -0.20557775]
453.4772894382477,1002,False,0,6,[8.89509847 9.06954752 1.28178375],fake_landed,[ 0.5677905  -0.59831228 -0.99408226]
453.4772894382477,1003,False,3,4,[-1.05305744 -7.48644232  2.38246495],entering,[ 0.63925976  0.24903542 -0.34837281]
453.4772894382477,1004,False,6,2,[-3.29143635 -0.88155586  3.99999999],cruising,[-0.62185191  0.08809385  0.93462812]
453.4772894382477,1005,False,4,5,[ 7.24133427 -6.26911869  3.34492608],entering,[ 0.50568378 -0.03156594 -0.11489306]
453.574098110199,1000,False,2,1,[5.29689469 2.12109112 3.42901338],landing,[-0.82138112 -0.19970136 -0.21083176]
453.574098110199,1001,False,5,0,[-5.97799598  7.05858329  3.68851355],entering,[-0.48080528  0.59740651 -0.20557775]
453.574098110199,1002,False,6,3,[8.89509847 9.06954752 1.28178375],waiting,[ 0.5677905  -0.59831228 -0.99408226]
453.574098110199,1003,False,3,4,[-1.10499539 -7.33510677  2.45746495],entering,[ 0.63925976  0.24903542 -0.34837281]
453.574098110199,1004,False,6,2,[-3.33636281 -0.68666714  3.99999999],cruising,[-0.62185191  0.08809385  0.93462812]
453.574098110199,1005,False,4,5,[ 7.11979513 -6.11028469  3.41992608],entering,[ 0.50568378 -0.03156594 -0.11489306]
453.6726236343384,1000,False,2,1,[5.3042601  2.09856788 3.33186167],landing,[-0.82138112 -0.19970136 -0.21083176]
453.6726236343384,1001,False,5,0,[-5.78241685  7.01676459  3.73523652],entering,[-0.48080528  0.59740651 -0.20557775]
453.6726236343384,1002,False,6,3,[8.89509847 9.06954752 1.28178375],waiting,[ 0.5677905  -0.59831228 -0.99408226]
453.6726236343384,1003,False,3,4,[-1.16342558 -7.16485427  2.53246495],entering,[ 0.63925976  0.24903542 -0.34837281]
453.6726236343384,1004,False,6,2,[-3.39114821 -0.49431704  3.99999999],cruising,[-0.62185191  0.08809385  0.93462812]
453.6726236343384,1005,False,4,5,[ 6.99281404 -5.95576672  3.49492608],entering,[ 0.50568378 -0.03156594 -0.11489306]
453.773606300354,1000,False,2,1,[5.3116255  2.07604464 3.23470997],landing,[-0.82138112 -0.19970136 -0.21083176]
453.773606300354,1001,False,5,0,[-5.58522051  6.98339388  3.77495104],entering,[-0.48080528  0.59740651 -0.20557775]
453.773606300354,1002,False,6,3,[8.89509847 9.06954752 1.28178375],waiting,[ 0.5677905  -0.59831228 -0.99408226]
453.773606300354,1003,False,3,4,[-1.22959966 -6.97616181  2.60746495],entering,[ 0.63925976  0.24903542 -0.34837281]
453.773606300354,1004,False,6,2,[-3.45680897 -0.30540261  3.99999999],cruising,[-0.62185191  0.08809385  0.93462812]
453.773606300354,1005,False,4,5,[ 6.86465803 -5.80222182  3.56992608],entering,[ 0.50568378 -0.03156594 -0.11489306]
453.8850498199463,1000,False,2,1,[5.31899091 2.0535214  3.13755826],landing,[-0.82138112 -0.19970136 -0.21083176]
453.8850498199463,1001,False,5,0,[-5.38629584  6.96268212  3.80870839],entering,[-0.48080528  0.59740651 -0.20557775]
453.8850498199463,1002,False,6,3,[8.89509847 9.06954752 1.28178375],waiting,[ 0.5677905  -0.59831228 -0.99408226]
453.8850498199463,1003,False,3,4,[-1.29578953 -6.78743211  2.68246495],entering,[ 0.63925976  0.24903542 -0.34837281]
453.8850498199463,1004,False,6,2,[-3.53269456 -0.12035835  3.99999999],cruising,[-0.62185191  0.08809385  0.93462812]
453.8850498199463,1005,False,4,5,[ 6.73488056 -5.65004492  3.63443717],entering,[ 0.50568378 -0.03156594 -0.11489306]
453.97268414497375,1000,False,2,1,[5.32635632 2.03099816 3.04040655],landing,[-0.82138112 -0.19970136 -0.21083176]
453.97268414497375,1001,False,5,0,[-5.18658574  6.95191758  3.83740213],entering,[-0.48080528  0.59740651 -0.20557775]
453.97268414497375,1002,False,6,3,[8.89509847 9.06954752 1.28178375],waiting,[ 0.5677905  -0.59831228 -0.99408226]
453.97268414497375,1003,False,3,4,[-1.36197939 -6.5987024   2.75746495],entering,[ 0.63925976  0.24903542 -0.34837281]
453.97268414497375,1004,False,6,2,[-3.61624179  0.06135533  3.99999999],exiting,[-0.62185191  0.08809385  0.93462812]
453.97268414497375,1005,False,4,5,[ 6.59815401 -5.50407969  3.6892716 ],entering,[ 0.50568378 -0.03156594 -0.11489306]
454.0741968154907,1000,False,2,1,[5.33372173 2.00847492 2.94325484],landing,[-0.82138112 -0.19970136 -0.21083176]
454.0741968154907,1001,False,5,0,[-4.98658634  6.95142783  3.86179181],cruising,[-0.48080528  0.59740651 -0.20557775]
454.0741968154907,1002,False,6,3,[8.89509847 9.06954752 1.28178375],waiting,[ 0.5677905  -0.59831228 -0.99408226]
454.0741968154907,1003,False,3,4,[-1.42884661 -6.41021162  2.83246495],entering,[ 0.63925976  0.24903542 -0.34837281]
454.0741968154907,1004,False,6,2,[-3.70035977  0.22307716  3.99999999],exiting,[-0.62185191  0.08809385  0.93462812]
454.0741968154907,1005,False,4,5,[ 6.45668991 -5.36270108  3.73588086],entering,[ 0.50568378 -0.03156594 -0.11489306]
454.1841502189636,1000,False,2,1,[5.34108714 1.98595168 2.84610313],landing,[-0.82138112 -0.19970136 -0.21083176]
454.1841502189636,1001,False,5,0,[-4.78680395  6.96075485  3.88252304],cruising,[-0.48080528  0.59740651 -0.20557775]
454.1841502189636,1002,False,6,3,[8.89509847 9.06954752 1.28178375],queued,[ 0.5677905  -0.59831228 -0.99408226]
454.1841502189636,1003,False,3,4,[-1.49635589 -6.22194984  2.90746495],entering,[ 0.63925976  0.24903542 -0.34837281]
454.1841502189636,1004,False,6,2,[-3.78488335  0.3648031   4.        ],exiting,[-0.62185191  0.08809385  0.93462812]
454.1841502189636,1005,False,4,5,[ 6.31290367 -5.22368484  3.77549873],entering,[ 0.50568378 -0.03156594 -0.11489306]
454.2853002548218,1000,False,2,1,[5.34845255 1.96342844 2.74895142],landing,[-0.82138112 -0.19970136 -0.21083176]
454.2853002548218,1001,False,5,0,[-4.58761418  6.97873922  3.90014458],cruising,[-0.48080528  0.59740651 -0.20557775]
454.2853002548218,1002,False,6,3,[8.89509847 9.06954752 1.30178375],queued,[ 0.5677905  -0.59831228 -0.99408226]
454.2853002548218,1003,False,3,4,[-1.56386518 -6.03368806  2.98246495],entering,[ 0.63925976  0.24903542 -0.34837281]
454.2853002548218,1004,False,6,2,[-3.86962903  0.48653027  4.        ],exiting,[-0.62185191  0.08809385  0.93462812]
454.2853002548218,1005,False,4,5,[ 6.16221402 -5.0921834   3.80917392],entering,[ 0.50568378 -0.03156594 -0.11489306]
454.37214159965515,1000,False,2,1,[5.35581796 1.9409052  2.65179972],landing,[-0.82138112 -0.19970136 -0.21083176]
454.37214159965515,1001,False,5,0,[-4.38918864  7.00378531  3.91512289],cruising,[-0.48080528  0.59740651 -0.20557775]
454.37214159965515,1002,False,6,3,[8.89509847 9.06954752 1.34178375],queued,[ 0.5677905  -0.59831228 -0.99408226]
454.37214159965515,1003,False,3,4,[-1.63264768 -5.84588773  3.05746495],entering,[ 0.63925976  0.24903542 -0.34837281]
454.37214159965515,1004,False,6,2,[-3.95439016  0.58825745  4.        ],exiting,[-0.62185191  0.08809385  0.93462812]
454.37214159965515,1005,False,4,5,[ 6.00450151 -4.96919248  3.83779783],entering,[ 0.50568378 -0.03156594 -0.11489306]
454.47209787368774,1000,False,2,1,[5.36318336 1.91838196 2.55464801],landing,[-0.82138112 -0.19970136 -0.21083176]
454.47209787368774,1001,False,5,0,[-4.19150479  7.03413484  3.92785446],cruising,[-0.48080528  0.59740651 -0.20557775]
454.47209787368774,1002,False,6,3,[8.89509847 9.06954752 1.40178375],queued,[ 0.5677905  -0.59831228 -0.99408226]
454.47209787368774,1003,False,3,4,[-1.70143018 -5.65808739  3.13246495],entering,[ 0.63925976  0.24903542 -0.34837281]
454.47209787368774,1004,False,6,2,[-4.03892749  0.66998588  4.        ],exiting,[-0.62185191  0.08809385  0.93462812]
454.47209787368774,1005,False,4,5,[ 5.84304305 -4.85116213  3.86212816],cruising,[ 0.50568378 -0.03156594 -0.11489306]
454.57654571533203,1000,False,2,1,[5.37054877 1.89585872 2.4574963 ],landing,[-0.82138112 -0.19970136 -0.21083176]
454.57654571533203,1001,False,5,0,[-3.99440456  7.0680686   3.93867629],cruising,[-0.48080528  0.59740651 -0.20557775]
454.57654571533203,1002,False,6,3,[8.89509847 9.06954752 1.47678375],queued,[ 0.5677905  -0.59831228 -0.99408226]
454.57654571533203,1003,False,3,4,[-1.77135095 -5.47070786  3.20746495],entering,[ 0.63925976  0.24903542 -0.34837281]
454.57654571533203,1004,False,6,2,[-4.12294733  0.73172101  4.        ],exiting,[-0.62185191  0.08809385  0.93462812]
454.57654571533203,1005,False,4,5,[ 5.67519782 -4.74240561  3.88280893],cruising,[ 0.50568378 -0.03156594 -0.11489306]
454.6761803627014,1000,False,2,1,[5.37791418 1.87333548 2.36034459],landing,[-0.82138112 -0.19970136 -0.21083176]
454.6761803627014,1001,False,5,0,[-3.79766165  7.10401613  3.94787485],cruising,[-0.48080528  0.59740651 -0.20557775]
454.6761803627014,1002,False,6,3,[8.89509847 9.06954752 1.55178375],entering,[ 0.5677905  -0.59831228 -0.99408226]
454.6761803627014,1003,False,3,4,[-1.84060655 -5.28308147  3.28246495],entering,[ 0.63925976  0.24903542 -0.34837281]
454.6761803627014,1004,False,6,2,[-4.20603426  0.7734779   4.        ],exiting,[-0.62185191  0.08809385  0.93462812]
454.6761803627014,1005,False,4,5,[ 5.50408344 -4.63886882  3.90038759],cruising,[ 0.50568378 -0.03156594 -0.11489306]
454.7768223285675,1000,False,2,1,[5.38527959 1.85081223 2.26319288],landing,[-0.82138112 -0.19970136 -0.21083176]
454.7768223285675,1001,False,5,0,[-3.60059573  7.13814859  3.95569362],cruising,[-0.48080528  0.59740651 -0.20557775]
454.7768223285675,1002,False,6,3,[8.89087272 9.04999904 1.62678375],entering,[ 0.5677905  -0.59831228 -0.99408226]
454.7768223285675,1003,False,3,4,[-1.91154955 -5.09608658  3.35746495],entering,[ 0.63925976  0.24903542 -0.34837281]
454.7768223285675,1004,False,6,2,[-4.28793403  0.79527006  4.        ],exiting,[-0.62185191  0.08809385  0.93462812]
454.7768223285675,1005,False,4,5,[ 5.32849563 -4.54311433  3.91532945],cruising,[ 0.50568378 -0.03156594 -0.11489306]
454.876895904541,1000,False,2,1,[5.392645   1.82828899 2.16604118],landing,[-0.82138112 -0.19970136 -0.21083176]
454.876895904541,1001,False,5,0,[-3.40350178  7.17211877  3.96233958],cruising,[-0.48080528  0.59740651 -0.20557775]
454.876895904541,1002,False,6,3,[8.88242122 9.01090208 1.70178375],entering,[ 0.5677905  -0.59831228 -0.99408226]
454.876895904541,1003,False,3,4,[-1.98310917 -4.90932678  3.43246495],entering,[ 0.63925976  0.24903542 -0.34837281]
454.876895904541,1004,False,6,2,[-4.36838831  0.79711453  4.        ],exiting,[-0.62185191  0.08809385  0.93462812]
454.876895904541,1005,False,4,5,[ 5.15091173 -4.45111456  3.92803004],cruising,[ 0.50568378 -0.03156594 -0.11489306]
454.9846761226654,1000,False,2,1,[5.40001041 1.80576575 2.06888947],landing,[-0.82138112 -0.19970136 -0.21083176]
454.9846761226654,1001,False,5,0,[-3.20618058  7.2047431   3.96798864],cruising,[-0.48080528  0.59740651 -0.20557775]
454.9846761226654,1002,False,6,3,[8.86974397 8.95225664 1.77678375],entering,[ 0.5677905  -0.59831228 -0.99408226]
454.9846761226654,1003,False,3,4,[-2.05492956 -4.72266711  3.50746495],entering,[ 0.63925976  0.24903542 -0.34837281]
454.9846761226654,1004,False,6,2,[-4.44713465  0.77903206  4.        ],exiting,[-0.62185191  0.08809385  0.93462812]
454.9846761226654,1005,False,4,5,[ 4.97059605 -4.36459141  3.93882553],cruising,[ 0.50568378 -0.03156594 -0.11489306]
455.0730745792389,1000,False,2,1,[5.40737582 1.78324251 1.97173776],landing,[-0.82138112 -0.19970136 -0.21083176]
455.0730745792389,1001,False,5,0,[-3.00808703  7.23229206  3.97279034],cruising,[-0.48080528  0.59740651 -0.20557775]
455.0730745792389,1002,False,6,3,[8.85284096 8.87406272 1.85178375],entering,[ 0.5677905  -0.59831228 -0.99408226]
455.0730745792389,1003,False,3,4,[-2.12664145 -4.53596574  3.58134521],entering,[ 0.63925976  0.24903542 -0.34837281]
455.0730745792389,1004,False,6,2,[-4.52390618  0.74104732  4.        ],exiting,[-0.62185191  0.08809385  0.93462812]
455.0730745792389,1005,False,4,5,[ 4.78928271 -4.28017889  3.9480017 ],cruising,[ 0.50568378 -0.03156594 -0.11489306]
455.1752278804779,1000,False,2,1,[5.41474122 1.76071927 1.87458605],landing,[-0.82138112 -0.19970136 -0.21083176]
455.1752278804779,1001,False,5,0,[-2.80958915  7.25675816  3.97687179],cruising,[-0.48080528  0.59740651 -0.20557775]
455.1752278804779,1002,False,6,3,[8.83171508 8.77631971 1.92678375],entering,[ 0.5677905  -0.59831228 -0.99408226]
455.1752278804779,1003,False,3,4,[-2.19634572 -4.34850557  3.64414343],entering,[ 0.63925976  0.24903542 -0.34837281]
455.1752278804779,1004,False,6,2,[-4.5984313   0.68318914  4.        ],exiting,[-0.62185191  0.08809385  0.93462812]
455.1752278804779,1005,False,4,5,[ 4.60709294 -4.19767502  3.95580145],cruising,[ 0.50568378 -0.03156594 -0.11489306]
455.27967715263367,1000,False,2,1,[5.42210663 1.73819603 1.77743434],landing,[-0.82138112 -0.19970136 -0.21083176]
455.27967715263367,1001,False,5,0,[-2.61032911  7.2739464   3.98034102],cruising,[-0.48080528  0.59740651 -0.20557775]
455.27967715263367,1002,False,6,3,[8.80652395 8.65899421 2.00178375],entering,[ 0.5677905  -0.59831228 -0.99408226]
455.27967715263367,1003,False,3,4,[-2.26594409 -4.16100606  3.69752191],entering,[ 0.63925976  0.24903542 -0.34837281]
455.27967715263367,1004,False,6,2,[-4.67165315  0.61508216  4.        ],exiting,[-0.62185191  0.08809385  0.93462812]
455.27967715263367,1005,False,4,5,[ 4.42360831 -4.11809243  3.96243123],cruising,[ 0.50568378 -0.03156594 -0.11489306]
455.37758207321167,1000,False,2,1,[5.42947204 1.71567279 1.68028264],landing,[-0.82138112 -0.19970136 -0.21083176]
455.37758207321167,1001,False,5,0,[-2.41069641  7.28606199  3.98328987],cruising,[-0.48080528  0.59740651 -0.20557775]
455.37758207321167,1002,False,6,3,[8.77751322 8.52203683 2.07678375],entering,[ 0.5677905  -0.59831228 -0.99408226]
455.37758207321167,1003,False,3,4,[-2.32778088 -3.97080561  3.74289363],entering,[ 0.63925976  0.24903542 -0.34837281]
455.37758207321167,1004,False,6,2,[-4.744875    0.54697518  4.        ],exiting,[-0.62185191  0.08809385  0.93462812]
455.37758207321167,1005,False,4,5,[ 4.23972072 -4.03944539  3.96806654],cruising,[ 0.50568378 -0.03156594 -0.11489306]
455.4791417121887,1000,False,2,1,[5.43683745 1.69314955 1.58313093],landing,[-0.82138112 -0.19970136 -0.21083176]
455.4791417121887,1001,False,5,0,[-2.21070343  7.28773772  3.98579639],cruising,[-0.48080528  0.59740651 -0.20557775]
455.4791417121887,1002,False,6,3,[8.74508693 8.36537326 2.15178375],entering,[ 0.5677905  -0.59831228 -0.99408226]
455.4791417121887,1003,False,3,4,[-2.38861651 -3.78028257  3.78145958],entering,[ 0.63925976  0.24903542 -0.34837281]
455.4791417121887,1004,False,6,2,[-4.81809685  0.4788682   4.        ],exiting,[-0.62185191  0.08809385  0.93462812]
455.4791417121887,1005,False,4,5,[ 4.05507277 -3.96260053  3.97285656],cruising,[ 0.50568378 -0.03156594 -0.11489306]
455.5842754840851,1000,False,2,1,[5.44420286 1.67062631 1.48597922],fake_landed,[-0.82138112 -0.19970136 -0.21083176]
455.5842754840851,1001,False,5,0,[-2.01132782  7.27194648  3.98792693],cruising,[-0.48080528  0.59740651 -0.20557775]
455.5842754840851,1002,False,6,3,[8.70959447 8.18894612 2.22678375],entering,[ 0.5677905  -0.59831228 -0.99408226]
455.5842754840851,1003,False,3,4,[-2.44929035 -3.58970795  3.81424065],cruising,[ 0.63925976  0.24903542 -0.34837281]
455.5842754840851,1004,False,6,2,[-4.8913187   0.41076123  4.        ],exiting,[-0.62185191  0.08809385  0.93462812]
455.5842754840851,1005,False,4,5,[ 3.87021265 -3.88626747  3.97692808],cruising,[ 0.50568378 -0.03156594 -0.11489306]
455.6738348007202,1000,False,2,1,[5.45009519 1.65260772 1.40825785],fake_landed,[-0.82138112 -0.19970136 -0.21083176]
455.6738348007202,1001,False,5,0,[-1.81436303  7.23723518  3.98973789],cruising,[-0.48080528  0.59740651 -0.20557775]
455.6738348007202,1002,False,6,3,[8.67107358 7.9927496  2.30178375],entering,[ 0.5677905  -0.59831228 -0.99408226]
455.6738348007202,1003,False,3,4,[-2.50403589 -3.39734651  3.84210455],cruising,[ 0.63925976  0.24903542 -0.34837281]
455.6738348007202,1004,False,6,2,[-4.96454056  0.34265425  4.        ],exiting,[-0.62185191  0.08809385  0.93462812]
455.6738348007202,1005,False,4,5,[ 3.6848691  -3.81111584  3.98038887],cruising,[ 0.50568378 -0.03156594 -0.11489306]
455.7759566307068,1000,False,2,1,[5.45451443 1.63909377 1.34996683],fake_landed,[-0.82138112 -0.19970136 -0.21083176]
455.7759566307068,1001,False,5,0,[-1.62102637  7.1860401   3.99127721],cruising,[-0.48080528  0.59740651 -0.20557775]
455.7759566307068,1002,False,6,3,[8.63254406 7.79649599 2.37678375],entering,[ 0.5677905  -0.59831228 -0.99408226]
455.7759566307068,1003,False,3,4,[-2.55375527 -3.2036251   3.86578887],cruising,[ 0.63925976  0.24903542 -0.34837281]
455.7759566307068,1004,False,6,2,[-5.03776241  0.27454727  4.        ],exiting,[-0.62185191  0.08809385  0.93462812]
455.7759566307068,1005,False,4,5,[ 3.49933112 -3.73644549  3.98333054],cruising,[ 0.50568378 -0.03156594 -0.11489306]
455.881192445755,1000,False,2,1,[5.45746059 1.63008447 1.31110615],fake_landed,[-0.82138112 -0.19970136 -0.21083176]
455.881192445755,1001,False,5,0,[-1.4319181   7.12093972  3.99258563],cruising,[-0.48080528  0.59740651 -0.20557775]
455.881192445755,1002,False,6,3,[8.59458807 7.60013066 2.45178375],entering,[ 0.5677905  -0.59831228 -0.99408226]
455.881192445755,1003,False,3,4,[-2.59650121 -3.00824653  3.88592054],cruising,[ 0.63925976  0.24903542 -0.34837281]
455.881192445755,1004,False,6,2,[-5.11098426  0.20644029  4.        ],exiting,[-0.62185191  0.08809385  0.93462812]
455.881192445755,1005,False,4,5,[ 3.31343188 -3.66267918  3.98583096],cruising,[ 0.50568378 -0.03156594 -0.11489306]
455.9745659828186,1000,False,2,1,[5.45893368 1.62557983 1.2916758 ],fake_landed,[-0.82138112 -0.19970136 -0.21083176]
455.9745659828186,1001,False,5,0,[-1.24712796  7.04443739  3.99369778],cruising,[-0.48080528  0.59740651 -0.20557775]
455.9745659828186,1002,False,6,3,[8.55922494 7.40328187 2.52678375],entering,[ 0.5677905  -0.59831228 -0.99408226]
455.9745659828186,1003,False,3,4,[-2.63871793 -2.81275293  3.90303246],cruising,[ 0.63925976  0.24903542 -0.34837281]
455.9745659828186,1004,False,6,2,[-5.18420611  0.13833331  4.        ],exiting,[-0.62185191  0.08809385  0.93462812]
455.9745659828186,1005,False,4,5,[ 3.12724308 -3.58964677  3.98795631],cruising,[ 0.50568378 -0.03156594 -0.11489306]
456.07459139823914,1000,False,2,1,[5.45893368 1.62557983 1.2916758 ],fake_landed,[-0.82138112 -0.19970136 -0.21083176]
456.07459139823914,1001,False,5,0,[-1.06497171  6.96185955  3.99464312],cruising,[-0.48080528  0.59740651 -0.20557775]
456.07459139823914,1002,False,6,3,[8.52506866 7.20622008 2.60178375],entering,[ 0.5677905  -0.59831228 -0.99408226]
456.07459139823914,1003,False,3,4,[-2.67838688 -2.61672647  3.91757759],cruising,[ 0.63925976  0.24903542 -0.34837281]
456.07459139823914,1004,False,6,2,[-5.25742796  0.07022634  4.        ],exiting,[-0.62185191  0.08809385  0.93462812]
456.07459139823914,1005,False,4,5,[ 2.94071667 -3.517481    3.98976287],cruising,[ 0.50568378 -0.03156594 -0.11489306]
456.17887353897095,1000,False,1,6,[5.45893368 1.62557983 1.2916758 ],waiting,[-0.82138112 -0.19970136 -0.21083176]
456.17887353897095,1001,False,5,0,[-0.88684835  6.87090863  3.99544665],cruising,[-0.48080528  0.59740651 -0.20557775]
456.17887353897095,1002,False,6,3,[8.49091237 7.00915829 2.67678375],entering,[ 0.5677905  -0.59831228 -0.99408226]
456.17887353897095,1003,False,3,4,[-2.7196156  -2.42102212  3.92994095],cruising,[ 0.63925976  0.24903542 -0.34837281]
456.17887353897095,1004,False,6,2,[-5.33064981e+00  2.11935668e-03  4.00000000e+00],exiting,[-0.62185191  0.08809385  0.93462812]
456.17887353897095,1005,False,4,5,[ 2.75372155 -3.44653858  3.99129844],cruising,[ 0.50568378 -0.03156594 -0.11489306]
456.2741379737854,1000,False,1,6,[5.45893368 1.62557983 1.2916758 ],waiting,[-0.82138112 -0.19970136 -0.21083176]
456.2741379737854,1001,False,5,0,[-0.71206788  6.77368834  3.99612965],cruising,[-0.48080528  0.59740651 -0.20557775]
456.2741379737854,1002,False,6,3,[8.45823479 6.81184591 2.75178375],entering,[ 0.5677905  -0.59831228 -0.99408226]
456.2741379737854,1003,False,3,4,[-2.76261889 -2.22570004  3.94044981],cruising,[ 0.63925976  0.24903542 -0.34837281]
456.2741379737854,1004,False,6,2,[-5.40387166 -0.06598762  4.        ],exiting,[-0.62185191  0.08809385  0.93462812]
456.2741379737854,1005,False,4,5,[ 2.56611042 -3.37724166  3.99260367],cruising,[ 0.50568378 -0.03156594 -0.11489306]
456.3844470977783,1000,False,1,6,[5.45893368 1.62557983 1.2916758 ],waiting,[-0.82138112 -0.19970136 -0.21083176]
456.3844470977783,1001,False,5,0,[-0.53896354  6.67351404  3.9967102 ],cruising,[-0.48080528  0.59740651 -0.20557775]
456.3844470977783,1002,False,6,3,[8.42911958 6.6139765  2.82678375],entering,[ 0.5677905  -0.59831228 -0.99408226]
456.3844470977783,1003,False,3,4,[-2.80687369 -2.0306577   3.94938234],cruising,[ 0.63925976  0.24903542 -0.34837281]
456.3844470977783,1004,False,6,2,[-5.47709351 -0.1340946   4.        ],exiting,[-0.62185191  0.08809385  0.93462812]
456.3844470977783,1005,False,4,5,[ 2.37805898 -3.30914867  3.99371312],cruising,[ 0.50568378 -0.03156594 -0.11489306]
456.4836151599884,1000,False,1,6,[5.45893368 1.62557983 1.2916758 ],waiting,[-0.82138112 -0.19970136 -0.21083176]
456.4836151599884,1001,False,5,0,[-0.36814079  6.56949679  3.99720367],cruising,[-0.48080528  0.59740651 -0.20557775]
456.4836151599884,1002,False,6,3,[8.40000436 6.41610708 2.90178375],entering,[ 0.5677905  -0.59831228 -0.99408226]
456.4836151599884,1003,False,3,4,[-2.85409209 -1.83631156  3.95697499],cruising,[ 0.63925976  0.24903542 -0.34837281]
456.4836151599884,1004,False,6,2,[-5.55031537 -0.20220158  4.        ],exiting,[-0.62185191  0.08809385  0.93462812]
456.4836151599884,1005,False,4,5,[ 2.18910639 -3.24359777  3.99465615],cruising,[ 0.50568378 -0.03156594 -0.11489306]
456.5856611728668,1000,False,1,6,[5.45893368 1.62557983 1.2916758 ],waiting,[-0.82138112 -0.19970136 -0.21083176]
456.5856611728668,1001,False,5,0,[-0.19878295  6.46311107  3.99762312],cruising,[-0.48080528  0.59740651 -0.20557775]
456.5856611728668,1002,False,6,3,[8.37340958 6.21788318 2.97678375],entering,[ 0.5677905  -0.59831228 -0.99408226]
456.5856611728668,1003,False,3,4,[-2.90452488 -1.64277465  3.96342874],cruising,[ 0.63925976  0.24903542 -0.34837281]
456.5856611728668,1004,False,6,2,[-5.62353722 -0.27030856  4.        ],exiting,[-0.62185191  0.08809385  0.93462812]
456.5856611728668,1005,False,4,5,[ 1.99907734 -3.18123627  3.99545773],cruising,[ 0.50568378 -0.03156594 -0.11489306]
456.68566274642944,1000,False,1,6,[5.45893368 1.62557983 1.2916758 ],waiting,[-0.82138112 -0.19970136 -0.21083176]
456.68566274642944,1001,False,5,0,[-0.02986524  6.3560279   3.99797965],cruising,[-0.48080528  0.59740651 -0.20557775]
456.68566274642944,1002,False,6,3,[8.34994872 6.01926397 3.05178375],entering,[ 0.5677905  -0.59831228 -0.99408226]
456.68566274642944,1003,False,3,4,[-2.95848892 -1.45019251  3.96891443],cruising,[ 0.63925976  0.24903542 -0.34837281]
456.68566274642944,1004,False,6,2,[-5.69675907 -0.33841553  4.        ],exiting,[-0.62185191  0.08809385  0.93462812]
456.68566274642944,1005,False,4,5,[ 1.80839824 -3.12089159  3.99613907],cruising,[ 0.50568378 -0.03156594 -0.11489306]
456.77371072769165,1000,False,1,6,[5.45893368 1.62557983 1.2916758 ],waiting,[-0.82138112 -0.19970136 -0.21083176]
456.77371072769165,1001,False,5,0,[0.13885058 6.24862691 3.99828271],cruising,[-0.48080528  0.59740651 -0.20557775]
456.77371072769165,1002,False,6,3,[8.32771984 5.82050312 3.12678375],entering,[ 0.5677905  -0.59831228 -0.99408226]
456.77371072769165,1003,False,3,4,[-3.01634586 -1.25874389  3.97357726],cruising,[ 0.63925976  0.24903542 -0.34837281]
456.77371072769165,1004,False,6,2,[-5.76998092 -0.40652251  4.        ],exiting,[-0.62185191  0.08809385  0.93462812]
456.77371072769165,1005,False,4,5,[ 1.61623333 -3.06546012  3.99671821],cruising,[ 0.50568378 -0.03156594 -0.11489306]
456.8824768066406,1000,False,1,6,[5.45893368 1.62557983 1.2916758 ],waiting,[-0.82138112 -0.19970136 -0.21083176]
456.8824768066406,1001,False,5,0,[0.30764117 6.14134347 3.9985403 ],cruising,[-0.48080528  0.59740651 -0.20557775]
456.8824768066406,1002,False,6,3,[8.31036168 5.62125781 3.20178375],entering,[ 0.5677905  -0.59831228 -0.99408226]
456.8824768066406,1003,False,3,4,[-3.07762725 -1.06836376  3.97754067],cruising,[ 0.63925976  0.24903542 -0.34837281]
456.8824768066406,1004,False,6,2,[-5.84320277 -0.47462949  4.        ],exiting,[-0.62185191  0.08809385  0.93462812]
456.8824768066406,1005,False,4,5,[ 1.42239236 -3.01620894  3.99721048],cruising,[ 0.50568378 -0.03156594 -0.11489306]
456.98825669288635,1000,False,1,6,[5.45893368 1.62557983 1.2916758 ],waiting,[-0.82138112 -0.19970136 -0.21083176]
456.98825669288635,1001,False,5,0,[0.47693889 6.03486209 3.99875925],exiting,[-0.48080528  0.59740651 -0.20557775]
456.98825669288635,1002,False,6,3,[8.29573526 5.42179336 3.27678375],entering,[ 0.5677905  -0.59831228 -0.99408226]
456.98825669288635,1003,False,3,4,[-3.14352121 -0.87953054  3.98090957],cruising,[ 0.63925976  0.24903542 -0.34837281]
456.98825669288635,1004,False,6,2,[-5.91642462 -0.54273647  4.        ],exiting,[-0.62185191  0.08809385  0.93462812]
456.98825669288635,1005,False,4,5,[ 1.22671055 -2.97487337  3.99762891],cruising,[ 0.50568378 -0.03156594 -0.11489306]
457.07388615608215,1000,False,1,6,[5.45893368 1.62557983 1.2916758 ],waiting,[-0.82138112 -0.19970136 -0.21083176]
457.07388615608215,1001,False,5,0,[0.63593853 5.94552568 3.99897862],exiting,[-0.48080528  0.59740651 -0.20557775]
457.07388615608215,1002,False,6,3,[8.28465771 5.22210037 3.35178375],entering,[ 0.5677905  -0.59831228 -0.99408226]
457.07388615608215,1003,False,3,4,[-3.21446648 -0.69253651  3.98377314],cruising,[ 0.63925976  0.24903542 -0.34837281]
457.07388615608215,1004,False,6,2,[-5.98964647 -0.61084345  4.        ],exiting,[-0.62185191  0.08809385  0.93462812]
457.07388615608215,1005,False,4,5,[ 1.02830373 -2.94967947  3.99798457],cruising,[ 0.50568378 -0.03156594 -0.11489306]
457.1850323677063,1000,False,1,6,[5.45893368 1.62557983 1.2916758 ],waiting,[-0.82138112 -0.19970136 -0.21083176]
457.1850323677063,1001,False,5,0,[0.78448411 5.87323956 3.99919549],exiting,[-0.48080528  0.59740651 -0.20557775]
457.1850323677063,1002,False,6,3,[8.27972362 5.02216124 3.42678375],entering,[ 0.5677905  -0.59831228 -0.99408226]
457.1850323677063,1003,False,3,4,[-3.29088064 -0.5077099   3.98620717],cruising,[ 0.63925976  0.24903542 -0.34837281]
457.1850323677063,1004,False,6,2,[-6.06286832 -0.67895043  4.        ],exiting,[-0.62185191  0.08809385  0.93462812]
457.1850323677063,1005,False,4,5,[ 0.8286025  -2.93875158  3.99828688],cruising,[ 0.50568378 -0.03156594 -0.11489306]
457.2833595275879,1000,False,1,6,[5.45893368 1.62557983 1.2916758 ],waiting,[-0.82138112 -0.19970136 -0.21083176]
457.2833595275879,1001,False,5,0,[0.92240103 5.81789546 3.99940665],exiting,[-0.48080528  0.59740651 -0.20557775]
457.2833595275879,1002,False,6,3,[8.28032266 4.82216214 3.50178375],entering,[ 0.5677905  -0.59831228 -0.99408226]
457.2833595275879,1003,False,3,4,[-3.37141241 -0.32463987  3.98827609],cruising,[ 0.63925976  0.24903542 -0.34837281]
457.2833595275879,1004,False,6,2,[-6.13609018 -0.7470574   4.        ],exiting,[-0.62185191  0.08809385  0.93462812]
457.2833595275879,1005,False,4,5,[ 0.62866351 -2.94369144  3.99854385],cruising,[ 0.50568378 -0.03156594 -0.11489306]
457.3805170059204,1000,False,1,6,[5.45893368 1.62557983 1.2916758 ],waiting,[-0.82138112 -0.19970136 -0.21083176]
457.3805170059204,1001,False,5,0,[1.04949201 5.77936797 3.99960843],exiting,[-0.48080528  0.59740651 -0.20557775]
457.3805170059204,1002,False,6,3,[8.28508787 4.62221892 3.57651619],entering,[ 0.5677905  -0.59831228 -0.99408226]
457.3805170059204,1003,False,3,4,[-3.45836    -0.14452847  3.99003468],cruising,[ 0.63925976  0.24903542 -0.34837281]
457.3805170059204,1004,False,6,2,[-6.20931203 -0.81516438  4.        ],exiting,[-0.62185191  0.08809385  0.93462812]
457.3805170059204,1005,False,4,5,[ 0.42965253 -2.96355678  3.99876227],cruising,[ 0.50568378 -0.03156594 -0.11489306]
457.4807496070862,1000,False,1,6,[5.45893368 1.62557983 1.2916758 ],waiting,[-0.82138112 -0.19970136 -0.21083176]
457.4807496070862,1001,False,5,0,[1.16552852 5.75750778 3.99979654],exiting,[-0.48080528  0.59740651 -0.20557775]
457.4807496070862,1002,False,6,3,[8.29447389 4.42243928 3.64003876],entering,[ 0.5677905  -0.59831228 -0.99408226]
457.4807496070862,1003,False,3,4,[-3.55213479  0.03212455  3.99152948],cruising,[ 0.63925976  0.24903542 -0.34837281]
457.4807496070862,1004,False,6,2,[-6.28253388 -0.88327136  4.        ],exiting,[-0.62185191  0.08809385  0.93462812]
457.4807496070862,1005,False,4,5,[ 0.23258841 -2.99769961  3.99894793],cruising,[ 0.50568378 -0.03156594 -0.11489306]
457.58844351768494,1000,False,1,6,[5.45893368 1.62557983 1.2916758 ],waiting,[-0.82138112 -0.19970136 -0.21083176]
457.58844351768494,1001,False,5,0,[1.27023084 5.75212592 3.99996566],exiting,[-0.48080528  0.59740651 -0.20557775]
457.58844351768494,1002,False,6,3,[8.30676213 4.22281714 3.69403294],entering,[ 0.5677905  -0.59831228 -0.99408226]
457.58844351768494,1003,False,3,4,[-3.65188203  0.20547532  3.99280005],cruising,[ 0.63925976  0.24903542 -0.34837281]
457.58844351768494,1004,False,6,2,[-6.35575573 -0.95137834  4.        ],exiting,[-0.62185191  0.08809385  0.93462812]
457.58844351768494,1005,False,4,5,[ 0.03831514 -3.04521691  3.99910574],cruising,[ 0.50568378 -0.03156594 -0.11489306]
457.68356013298035,1000,False,1,6,[5.45893368 1.62557983 1.2916758 ],waiting,[-0.82138112 -0.19970136 -0.21083176]
457.68356013298035,1001,False,5,0,[1.36321142 5.76294901 4.00010838],exiting,[-0.48080528  0.59740651 -0.20557775]
457.68356013298035,1002,False,6,3,[8.31648981 4.02305385 3.739928  ],entering,[ 0.5677905  -0.59831228 -0.99408226]
457.68356013298035,1003,False,3,4,[-3.75837491  0.37476579  3.99388005],cruising,[ 0.63925976  0.24903542 -0.34837281]
457.68356013298035,1004,False,6,2,[-6.42897758 -1.01948532  4.        ],exiting,[-0.62185191  0.08809385  0.93462812]
457.68356013298035,1005,False,4,5,[-0.15138836 -3.10856185  3.99923988],cruising,[ 0.50568378 -0.03156594 -0.11489306]
457.7787780761719,1000,False,1,6,[5.45893368 1.62557983 1.2916758 ],waiting,[-0.82138112 -0.19970136 -0.21083176]
457.7787780761719,1001,False,5,0,[1.44423235 5.78980225 4.00022034],exiting,[-0.48080528  0.59740651 -0.20557775]
457.7787780761719,1002,False,6,3,[8.33142938 3.82361261 3.7789388 ],cruising,[ 0.5677905  -0.59831228 -0.99408226]
457.7787780761719,1003,False,3,4,[-3.86797171  0.54206355  3.99479804],cruising,[ 0.63925976  0.24903542 -0.34837281]
457.7787780761719,1004,False,6,2,[-6.50219943 -1.0875923   4.        ],exiting,[-0.62185191  0.08809385  0.93462812]
457.7787780761719,1005,False,4,5,[-0.33765723 -3.18138978  3.9993539 ],cruising,[ 0.50568378 -0.03156594 -0.11489306]
457.88344407081604,1000,False,1,6,[5.45893368 1.62557983 1.2916758 ],waiting,[-0.82138112 -0.19970136 -0.21083176]
457.88344407081604,1001,False,5,0,[1.51305355 5.83250369 4.0002975 ],exiting,[-0.48080528  0.59740651 -0.20557775]
457.88344407081604,1002,False,6,3,[8.34054044 3.62382024 3.81209798],cruising,[ 0.5677905  -0.59831228 -0.99408226]
457.88344407081604,1003,False,3,4,[-3.98001393  0.70773353  3.99557833],cruising,[ 0.63925976  0.24903542 -0.34837281]
457.88344407081604,1004,False,6,2,[-6.57542128 -1.15569927  4.        ],exiting,[-0.62185191  0.08809385  0.93462812]
457.88344407081604,1005,False,4,5,[-0.51961496 -3.26440416  3.99945081],cruising,[ 0.50568378 -0.03156594 -0.11489306]
457.97750520706177,1000,False,1,6,[5.45893368 1.62557983 1.2916758 ],waiting,[-0.82138112 -0.19970136 -0.21083176]
457.97750520706177,1001,False,5,0,[1.5694329  5.89086396 4.00033643],exiting,[-0.48080528  0.59740651 -0.20557775]
457.97750520706177,1002,False,6,3,[8.34799583 3.42395925 3.84028328],cruising,[ 0.5677905  -0.59831228 -0.99408226]
457.97750520706177,1003,False,3,4,[-4.09393659  0.8721161   3.99624158],cruising,[ 0.63925976  0.24903542 -0.34837281]
457.97750520706177,1004,False,6,2,[-6.64864313 -1.22380625  4.        ],exiting,[-0.62185191  0.08809385  0.93462812]
457.97750520706177,1005,False,4,5,[-0.69859261 -3.35366221  3.99953319],cruising,[ 0.50568378 -0.03156594 -0.11489306]
458.07465076446533,1000,False,1,6,[5.45893368 1.62557983 1.2916758 ],waiting,[-0.82138112 -0.19970136 -0.21083176]
458.07465076446533,1001,False,5,0,[1.61312613 5.96468581 4.00033499],exiting,[-0.48080528  0.59740651 -0.20557775]
458.07465076446533,1002,False,6,3,[8.36152163 3.22441714 3.86424079],cruising,[ 0.5677905  -0.59831228 -0.99408226]
458.07465076446533,1003,False,3,4,[-4.20925521  1.03552239  3.99680535],cruising,[ 0.63925976  0.24903542 -0.34837281]
458.07465076446533,1004,False,6,2,[-6.72186499 -1.29191323  4.        ],exiting,[-0.62185191  0.08809385  0.93462812]
458.07465076446533,1005,False,4,5,[-0.87653931 -3.44495827  3.99960321],cruising,[ 0.50568378 -0.03156594 -0.11489306]
458.1775453090668,1000,False,1,6,[5.45893368 1.62557983 1.2916758 ],waiting,[-0.82138112 -0.19970136 -0.21083176]
458.1775453090668,1001,False,5,0,[1.64388672 6.05376367 4.00029402],exiting,[-0.48080528  0.59740651 -0.20557775]
458.1775453090668,1002,False,6,3,[8.37365197 3.02478534 3.88460467],cruising,[ 0.5677905  -0.59831228 -0.99408226]
458.1775453090668,1003,False,3,4,[-4.3255523   1.19823375  3.99728454],cruising,[ 0.63925976  0.24903542 -0.34837281]
458.1775453090668,1004,False,6,2,[-6.79508684 -1.36002021  4.        ],exiting,[-0.62185191  0.08809385  0.93462812]
458.1775453090668,1005,False,4,5,[-1.05591817 -3.53340728  3.99966273],cruising,[ 0.50568378 -0.03156594 -0.11489306]
458.2787444591522,1000,False,1,6,[5.45893368 1.62557983 1.2916758 ],waiting,[-0.82138112 -0.19970136 -0.21083176]
458.2787444591522,1001,False,5,0,[1.66756873 6.15091902 4.00023953],exiting,[-0.48080528  0.59740651 -0.20557775]
458.2787444591522,1002,False,6,3,[8.3851604  2.82511673 3.90191397],cruising,[ 0.5677905  -0.59831228 -0.99408226]
458.2787444591522,1003,False,3,4,[-4.44246458  1.36050364  3.99769186],cruising,[ 0.63925976  0.24903542 -0.34837281]
458.2787444591522,1004,False,6,2,[-6.86830869 -1.42812719  4.        ],exiting,[-0.62185191  0.08809385  0.93462812]
458.2787444591522,1005,False,4,5,[-1.2407511  -3.60980616  3.99971332],cruising,[ 0.50568378 -0.03156594 -0.11489306]
458.3758897781372,1000,False,1,6,[5.45893368 1.62557983 1.2916758 ],waiting,[-0.82138112 -0.19970136 -0.21083176]
458.3758897781372,1001,False,5,0,[1.69125074 6.24807437 4.00019483],exiting,[-0.48080528  0.59740651 -0.20557775]
458.3758897781372,1002,False,6,3,[8.40017387 2.62568103 3.91662688],cruising,[ 0.5677905  -0.59831228 -0.99408226]
458.3758897781372,1003,False,3,4,[-4.5596713   1.52256099  3.99803808],cruising,[ 0.63925976  0.24903542 -0.34837281]
458.3758897781372,1004,False,6,2,[-6.94153054 -1.49623417  4.        ],landing,[-0.62185191  0.08809385  0.93462812]
458.3758897781372,1005,False,4,5,[-1.43198993 -3.66725869  3.99975815],cruising,[ 0.50568378 -0.03156594 -0.11489306]
458.47565245628357,1000,False,1,6,[5.45893368 1.62557983 1.2916758 ],waiting,[-0.82138112 -0.19970136 -0.21083176]
458.47565245628357,1001,False,5,0,[1.71493275 6.34522972 4.0001582 ],exiting,[-0.48080528  0.59740651 -0.20557775]
458.47565245628357,1002,False,6,3,[8.41343007 2.42612084 3.92913284],cruising,[ 0.5677905  -0.59831228 -0.99408226]
458.47565245628357,1003,False,3,4,[-4.67685524  1.68463481  3.99833237],cruising,[ 0.63925976  0.24903542 -0.34837281]
458.47565245628357,1004,False,6,2,[-7.00667928 -1.55247804  3.98606832],landing,[-0.62185191  0.08809385  0.93462812]
458.47565245628357,1005,False,4,5,[-1.62638645 -3.70496206  3.99979992],cruising,[ 0.50568378 -0.03156594 -0.11489306]
458.580340385437,1000,False,1,6,[5.45893368 1.62557983 1.2916758 ],queued,[-0.82138112 -0.19970136 -0.21083176]
458.580340385437,1001,False,5,0,[1.73861476 6.44238508 4.00012821],exiting,[-0.48080528  0.59740651 -0.20557775]
458.580340385437,1002,False,6,3,[8.42839827 2.22668174 3.93976292],cruising,[ 0.5677905  -0.59831228 -0.99408226]
458.580340385437,1003,False,3,4,[-4.79392077  1.84679419  3.99858252],cruising,[ 0.63925976  0.24903542 -0.34837281]
458.580340385437,1004,False,6,2,[-7.06360445 -1.59677031  3.95836958],landing,[-0.62185191  0.08809385  0.93462812]
458.580340385437,1005,False,4,5,[-1.82075876 -3.72266545  3.99983919],cruising,[ 0.50568378 -0.03156594 -0.11489306]
458.67505717277527,1000,False,1,6,[5.45893368 1.62557983 1.3116758 ],queued,[-0.82138112 -0.19970136 -0.21083176]
458.67505717277527,1001,False,5,0,[1.76229677 6.53954043 4.00010371],exiting,[-0.48080528  0.59740651 -0.20557775]
458.67505717277527,1002,False,6,3,[8.4408741  2.02707124 3.94879848],cruising,[ 0.5677905  -0.59831228 -0.99408226]
458.67505717277527,1003,False,3,4,[-4.91057763  2.0092478   3.99879514],cruising,[ 0.63925976  0.24903542 -0.34837281]
458.67505717277527,1004,False,6,2,[-7.11212915 -1.62900824  3.91710158],landing,[-0.62185191  0.08809385  0.93462812]
458.67505717277527,1005,False,4,5,[-2.01210196 -3.72059956  3.99987613],cruising,[ 0.50568378 -0.03156594 -0.11489306]
458.7747645378113,1000,False,1,6,[5.45893368 1.62557983 1.3516758 ],queued,[-0.82138112 -0.19970136 -0.21083176]
458.7747645378113,1001,False,5,0,[1.78597877 6.63669578 4.0000837 ],exiting,[-0.48080528  0.59740651 -0.20557775]
458.7747645378113,1002,False,6,3,[8.45388207 1.8274947  3.95647871],cruising,[ 0.5677905  -0.59831228 -0.99408226]
458.7747645378113,1003,False,3,4,[-5.02655156  2.17218966  3.99897587],cruising,[ 0.63925976  0.24903542 -0.34837281]
458.7747645378113,1004,False,6,2,[-7.15201335 -1.64905481  3.86254024],landing,[-0.62185191  0.08809385  0.93462812]
458.7747645378113,1005,False,4,5,[-2.19778176 -3.69935228  3.99991073],cruising,[ 0.50568378 -0.03156594 -0.11489306]
458.8740839958191,1000,False,1,6,[5.45893368 1.62557983 1.4116758 ],queued,[-0.82138112 -0.19970136 -0.21083176]
458.8740839958191,1001,False,5,0,[1.80966078 6.73385113 4.00006739],exiting,[-0.48080528  0.59740651 -0.20557775]
458.8740839958191,1002,False,6,3,[8.46402929 1.62775228 3.9630069 ],cruising,[ 0.5677905  -0.59831228 -0.99408226]
458.8740839958191,1003,False,3,4,[-5.14157368  2.33580479  3.99912949],cruising,[ 0.63925976  0.24903542 -0.34837281]
458.8740839958191,1004,False,6,2,[-7.18304739 -1.65679264  3.794934  ],landing,[-0.62185191  0.08809385  0.93462812]
458.8740839958191,1005,False,4,5,[-2.37539949 -3.65980191  3.99994295],cruising,[ 0.50568378 -0.03156594 -0.11489306]
458.9744017124176,1000,False,1,6,[5.45893368 1.62557983 1.4866758 ],queued,[-0.82138112 -0.19970136 -0.21083176]
458.9744017124176,1001,False,5,0,[1.83334279 6.83100648 4.00005412],exiting,[-0.48080528  0.59740651 -0.20557775]
458.9744017124176,1002,False,6,3,[8.47396684 1.42799932 3.96855587],cruising,[ 0.5677905  -0.59831228 -0.99408226]
458.9744017124176,1003,False,3,4,[-5.2559796   2.49985139  3.99926006],cruising,[ 0.63925976  0.24903542 -0.34837281]
458.9744017124176,1004,False,6,2,[-7.20504189 -1.65211762  3.71451339],landing,[-0.62185191  0.08809385  0.93462812]
458.9744017124176,1005,False,4,5,[-2.54277245 -3.60307467  3.99997271],cruising,[ 0.50568378 -0.03156594 -0.11489306]
459.078396320343,1000,False,1,6,[5.45893368 1.62557983 1.5616758 ],queued,[-0.82138112 -0.19970136 -0.21083176]
459.078396320343,1001,False,5,0,[1.8570248  6.92816184 4.00004334],exiting,[-0.48080528  0.59740651 -0.20557775]
459.078396320343,1002,False,6,3,[8.48318092 1.22821168 3.97327249],cruising,[ 0.5677905  -0.59831228 -0.99408226]
459.078396320343,1003,False,3,4,[-5.36888661  2.6649332   3.99937105],cruising,[ 0.63925976  0.24903542 -0.34837281]
459.078396320343,1004,False,6,2,[-7.21780526 -1.63492637  3.62151781],landing,[-0.62185191  0.08809385  0.93462812]
459.078396320343,1005,False,4,5,[-2.6980571  -3.53041405  3.99999988],cruising,[ 0.50568378 -0.03156594 -0.11489306]
459.17951345443726,1000,False,1,6,[5.45893368 1.62557983 1.6366758 ],queued,[-0.82138112 -0.19970136 -0.21083176]
459.17951345443726,1001,False,5,0,[1.88070681 7.02531719 4.00003459],exiting,[-0.48080528  0.59740651 -0.20557775]
459.17951345443726,1002,False,6,3,[8.48895659 1.0282951  3.97728161],cruising,[ 0.5677905  -0.59831228 -0.99408226]
459.17951345443726,1003,False,3,4,[-5.47998437  2.83123801  3.9994654 ],cruising,[ 0.63925976  0.24903542 -0.34837281]
459.17951345443726,1004,False,6,2,[-7.22735699 -1.61343538  3.52432264],landing,[-0.62185191  0.08809385  0.93462812]
459.17951345443726,1005,False,4,5,[-2.83963466 -3.44318923  4.00002434],cruising,[ 0.50568378 -0.03156594 -0.11489306]
459.2797646522522,1000,False,1,6,[5.45893368 1.62557983 1.7116758 ],queued,[-0.82138112 -0.19970136 -0.21083176]
459.2797646522522,1001,False,5,0,[1.90438882 7.12247254 4.00002751],exiting,[-0.48080528  0.59740651 -0.20557775]
459.2797646522522,1002,False,6,3,[8.49377159 0.82835307 3.98068937],cruising,[ 0.5677905  -0.59831228 -0.99408226]
459.2797646522522,1003,False,3,4,[-5.58892667  2.99896271  3.99954559],cruising,[ 0.63925976  0.24903542 -0.34837281]
459.2797646522522,1004,False,6,2,[-7.23690872 -1.59194438  3.42712746],landing,[-0.62185191  0.08809385  0.93462812]
459.2797646522522,1005,False,4,5,[-2.96604871 -3.34292341  4.00004593],cruising,[ 0.50568378 -0.03156594 -0.11489306]
459.37505769729614,1000,False,1,6,[5.45893368 1.62557983 1.7866758 ],queued,[-0.82138112 -0.19970136 -0.21083176]
459.37505769729614,1001,False,5,0,[1.92807083 7.21962789 4.00002179],exiting,[-0.48080528  0.59740651 -0.20557775]
459.37505769729614,1002,False,6,3,[8.49731602 0.62838448 3.98358597],cruising,[ 0.5677905  -0.59831228 -0.99408226]
459.37505769729614,1003,False,3,4,[-5.69531594  3.16831832  3.99961375],cruising,[ 0.63925976  0.24903542 -0.34837281]
459.37505769729614,1004,False,6,2,[-7.24646045 -1.57045338  3.32993229],landing,[-0.62185191  0.08809385  0.93462812]
459.37505769729614,1005,False,4,5,[-3.07606673 -3.23120463  4.00006451],cruising,[ 0.50568378 -0.03156594 -0.11489306]
459.48921060562134,1000,False,1,6,[5.45893368 1.62557983 1.8616758 ],queued,[-0.82138112 -0.19970136 -0.21083176]
459.48921060562134,1001,False,5,0,[1.95175283 7.31678325 4.00001719],exiting,[-0.48080528  0.59740651 -0.20557775]
459.48921060562134,1002,False,6,3,[8.49725913 0.42838448 3.98604807],cruising,[ 0.5677905  -0.59831228 -0.99408226]
459.48921060562134,1003,False,3,4,[-5.79868423  3.33953455  3.99967169],cruising,[ 0.63925976  0.24903542 -0.34837281]
459.48921060562134,1004,False,6,2,[-7.25601219 -1.54896239  3.23273712],landing,[-0.62185191  0.08809385  0.93462812]
459.48921060562134,1005,False,4,5,[-3.16859957 -3.10977665  4.00007986],cruising,[ 0.50568378 -0.03156594 -0.11489306]
459.5742576122284,1000,False,1,6,[5.45893368 1.62557983 1.9366758 ],queued,[-0.82138112 -0.19970136 -0.21083176]
459.5742576122284,1001,False,5,0,[1.97543484 7.4139386  4.00001349],exiting,[-0.48080528  0.59740651 -0.20557775]
459.5742576122284,1002,False,6,3,[8.49588924 0.22838918 3.98814086],cruising,[ 0.5677905  -0.59831228 -0.99408226]
459.5742576122284,1003,False,3,4,[-5.89846894  3.51286375  3.99972093],cruising,[ 0.63925976  0.24903542 -0.34837281]
459.5742576122284,1004,False,6,2,[-7.26556392 -1.52747139  3.13554195],landing,[-0.62185191  0.08809385  0.93462812]
459.5742576122284,1005,False,4,5,[-3.2431079  -2.97968166  4.00009188],cruising,[ 0.50568378 -0.03156594 -0.11489306]
459.6763153076172,1000,False,1,6,[5.45893368 1.62557983 2.0116758 ],queued,[-0.82138112 -0.19970136 -0.21083176]
459.6763153076172,1001,False,5,0,[1.99911685 7.51109395 4.00001052],exiting,[-0.48080528  0.59740651 -0.20557775]
459.6763153076172,1002,False,6,3,[8.4929841  0.02841028 3.98991973],cruising,[ 0.5677905  -0.59831228 -0.99408226]
459.6763153076172,1003,False,3,4,[-5.99398128  3.68858339  3.99976279],cruising,[ 0.63925976  0.24903542 -0.34837281]
459.6763153076172,1004,False,6,2,[-7.27511565 -1.5059804   3.03834678],landing,[-0.62185191  0.08809385  0.93462812]
459.6763153076172,1005,False,4,5,[-3.29933218 -2.84148153  4.00010042],cruising,[ 0.50568378 -0.03156594 -0.11489306]
459.77500677108765,1000,False,1,6,[5.45893368 1.62557983 2.0866758 ],queued,[-0.82138112 -0.19970136 -0.21083176]
459.77500677108765,1001,False,5,0,[2.02279886 7.6082493  4.00000815],exiting,[-0.48080528  0.59740651 -0.20557775]
459.77500677108765,1002,False,6,3,[ 8.48836764 -0.17153644  3.99143177],cruising,[ 0.5677905  -0.59831228 -0.99408226]
459.77500677108765,1003,False,3,4,[-6.08436432  3.86699557  3.99979837],cruising,[ 0.63925976  0.24903542 -0.34837281]
459.77500677108765,1004,False,6,2,[-7.28466738 -1.4844894   2.9411516 ],landing,[-0.62185191  0.08809385  0.93462812]
459.77500677108765,1005,False,4,5,[-3.33710904 -2.69555529  4.00010538],cruising,[ 0.50568378 -0.03156594 -0.11489306]
459.8741683959961,1000,False,1,6,[5.45893368 1.62557983 2.1616758 ],queued,[-0.82138112 -0.19970136 -0.21083176]
459.8741683959961,1001,False,5,0,[2.04648087 7.70540465 4.00000627],exiting,[-0.48080528  0.59740651 -0.20557775]
459.8741683959961,1002,False,6,3,[ 8.47984906 -0.37135494  3.99271701],cruising,[ 0.5677905  -0.59831228 -0.99408226]
459.8741683959961,1003,False,3,4,[-6.16853701  4.04842037  3.99982862],cruising,[ 0.63925976  0.24903542 -0.34837281]
459.8741683959961,1004,False,6,2,[-7.29421911 -1.4629984   2.84395643],landing,[-0.62185191  0.08809385  0.93462812]
459.8741683959961,1005,False,4,5,[-3.3563178  -2.54219766  4.00010668],cruising,[ 0.50568378 -0.03156594 -0.11489306]
459.9747166633606,1000,False,1,6,[5.45893368 1.62557983 2.2366758 ],queued,[-0.82138112 -0.19970136 -0.21083176]
459.9747166633606,1001,False,5,0,[2.07016288 7.80256001 4.00000477],exiting,[-0.48080528  0.59740651 -0.20557775]
459.9747166633606,1002,False,6,3,[ 8.46969507 -0.57109702  3.99380946],cruising,[ 0.5677905  -0.59831228 -0.99408226]
459.9747166633606,1003,False,3,4,[-6.24511915  4.23317744  3.99985433],cruising,[ 0.63925976  0.24903542 -0.34837281]
459.9747166633606,1004,False,6,2,[-7.30377084 -1.44150741  2.74676126],landing,[-0.62185191  0.08809385  0.93462812]
459.9747166633606,1005,False,4,5,[-3.35706571 -2.38114606  4.00010423],cruising,[ 0.50568378 -0.03156594 -0.11489306]
460.0762577056885,1000,False,1,6,[5.45893368 1.62557983 2.3116758 ],queued,[-0.82138112 -0.19970136 -0.21083176]
460.0762577056885,1001,False,5,0,[2.09384488 7.89971536 4.00000359],exiting,[-0.48080528  0.59740651 -0.20557775]
460.0762577056885,1002,False,6,3,[ 8.4577256  -0.77073852  3.99473804],cruising,[ 0.5677905  -0.59831228 -0.99408226]
460.0762577056885,1003,False,3,4,[-6.31233217  4.4215452   3.99987618],cruising,[ 0.63925976  0.24903542 -0.34837281]
460.0762577056885,1004,False,6,2,[-7.31332257 -1.42001641  2.64956609],landing,[-0.62185191  0.08809385  0.93462812]
460.0762577056885,1005,False,4,5,[-3.33975579 -2.21149709  4.00009793],cruising,[ 0.50568378 -0.03156594 -0.11489306]
460.1775949001312,1000,False,1,6,[5.45893368 1.62557983 2.3866758 ],queued,[-0.82138112 -0.19970136 -0.21083176]
460.1775949001312,1001,False,5,0,[2.11752689 7.99687071 4.00000267],exiting,[-0.48080528  0.59740651 -0.20557775]
460.1775949001312,1002,False,6,3,[ 8.44378615 -0.97025216  3.99552733],cruising,[ 0.5677905  -0.59831228 -0.99408226]
460.1775949001312,1003,False,3,4,[-6.36158652  4.61538536  3.99989475],cruising,[ 0.63925976  0.24903542 -0.34837281]
460.1775949001312,1004,False,6,2,[-7.3228743  -1.39852542  2.55237091],landing,[-0.62185191  0.08809385  0.93462812]
460.1775949001312,1005,False,4,5,[-3.30566449 -2.03096762  4.00008769],cruising,[ 0.50568378 -0.03156594 -0.11489306]
460.2750232219696,1000,False,1,6,[5.45893368 1.62557983 2.4616758 ],queued,[-0.82138112 -0.19970136 -0.21083176]
460.2750232219696,1001,False,5,0,[2.1412089  8.09402606 4.00000195],exiting,[-0.48080528  0.59740651 -0.20557775]
460.2750232219696,1002,False,6,3,[ 8.42556252 -1.16942018  3.99619823],cruising,[ 0.5677905  -0.59831228 -0.99408226]
460.2750232219696,1003,False,3,4,[-6.39119884  4.81299256  3.99991098],cruising,[ 0.63925976  0.24903542 -0.34837281]
460.2750232219696,1004,False,6,2,[-7.33242604 -1.37703442  2.45517574],landing,[-0.62185191  0.08809385  0.93462812]
460.2750232219696,1005,False,4,5,[-3.26534364 -1.83507421  4.00007454],cruising,[ 0.50568378 -0.03156594 -0.11489306]
460.37491106987,1000,False,1,6,[5.45893368 1.62557983 2.5366758 ],queued,[-0.82138112 -0.19970136 -0.21083176]
460.37491106987,1001,False,5,0,[2.16489091 8.19118142 4.00000139],exiting,[-0.48080528  0.59740651 -0.20557775]
460.37491106987,1002,False,6,3,[ 8.40541983 -1.36840327  3.9967685 ],cruising,[ 0.5677905  -0.59831228 -0.99408226]
460.37491106987,1003,False,3,4,[-6.40090185  5.01250219  3.99992485],cruising,[ 0.63925976  0.24903542 -0.34837281]
460.37491106987,1004,False,6,2,[-7.34197777 -1.35554342  2.35798057],landing,[-0.62185191  0.08809385  0.93462812]
460.37491106987,1005,False,4,5,[-3.24155375 -1.63649415  4.00006336],cruising,[ 0.50568378 -0.03156594 -0.11489306]
460.482470035553,1000,False,1,6,[5.45893368 1.62557983 2.6116758 ],entering,[-0.82138112 -0.19970136 -0.21083176]
460.482470035553,1001,False,5,0,[2.18857292 8.28833677 4.00000096],exiting,[-0.48080528  0.59740651 -0.20557775]
460.482470035553,1002,False,6,3,[ 8.3831551  -1.56716012  3.99725322],cruising,[ 0.5677905  -0.59831228 -0.99408226]
460.482470035553,1003,False,3,4,[-6.3906714   5.21038167  3.99993774],cruising,[ 0.63925976  0.24903542 -0.34837281]
460.482470035553,1004,False,6,2,[-7.3515295  -1.33405243  2.2607854 ],landing,[-0.62185191  0.08809385  0.93462812]
460.482470035553,1005,False,4,5,[-3.23377048 -1.43664565  4.00005385],cruising,[ 0.50568378 -0.03156594 -0.11489306]
460.57433676719666,1000,False,1,6,[5.47862532 1.6220814  2.6866758 ],entering,[-0.82138112 -0.19970136 -0.21083176]
460.57433676719666,1001,False,5,0,[2.21225493 8.38549212 4.00000063],exiting,[-0.48080528  0.59740651 -0.20557775]
460.57433676719666,1002,False,6,3,[ 8.35621843 -1.76533785  3.99766524],cruising,[ 0.5677905  -0.59831228 -0.99408226]
460.57433676719666,1003,False,3,4,[-6.36084139  5.40427904  3.9999497 ],cruising,[ 0.63925976  0.24903542 -0.34837281]
460.57433676719666,1004,False,6,2,[-7.36108123 -1.31256143  2.16359022],landing,[-0.62185191  0.08809385  0.93462812]
460.57433676719666,1005,False,4,5,[-3.24156769 -1.2367977   4.00004577],cruising,[ 0.50568378 -0.03156594 -0.11489306]
460.67752265930176,1000,False,1,6,[5.51800293 1.61505267 2.7616758 ],entering,[-0.82138112 -0.19970136 -0.21083176]
460.67752265930176,1001,False,5,0,[2.23593693 8.48264747 4.00000039],exiting,[-0.48080528  0.59740651 -0.20557775]
460.67752265930176,1002,False,6,3,[ 8.3270852  -1.96320461  3.99801545],cruising,[ 0.5677905  -0.59831228 -0.99408226]
460.67752265930176,1003,False,3,4,[-6.31192628  5.59219655  3.99996062],cruising,[ 0.63925976  0.24903542 -0.34837281]
460.67752265930176,1004,False,6,2,[-7.37063296 -1.29107043  2.06639505],landing,[-0.62185191  0.08809385  0.93462812]
460.67752265930176,1005,False,4,5,[-3.2639032  -1.0380488   4.00003891],cruising,[ 0.50568378 -0.03156594 -0.11489306]
460.7742054462433,1000,False,1,6,[5.57705369 1.60442295 2.8366758 ],entering,[-0.82138112 -0.19970136 -0.21083176]
460.7742054462433,1001,False,5,0,[2.25961894 8.57980282 4.00000021],exiting,[-0.48080528  0.59740651 -0.20557775]
460.7742054462433,1002,False,6,3,[ 8.2954901  -2.16069322  3.99831314],cruising,[ 0.5677905  -0.59831228 -0.99408226]
460.7742054462433,1003,False,3,4,[-6.24477854  5.77189387  3.99997052],cruising,[ 0.63925976  0.24903542 -0.34837281]
460.7742054462433,1004,False,6,2,[-7.38018469 -1.26957944  1.96919988],landing,[-0.62185191  0.08809385  0.93462812]
460.7742054462433,1005,False,4,5,[-3.29960513 -0.84126117  4.00003307],cruising,[ 0.50568378 -0.03156594 -0.11489306]
460.8742768764496,1000,False,1,6,[5.65570328 1.58980755 2.9116758 ],entering,[-0.82138112 -0.19970136 -0.21083176]
460.8742768764496,1001,False,5,0,[2.28330095 8.67695818 4.00000009],landing,[-0.48080528  0.59740651 -0.20557775]
460.8742768764496,1002,False,6,3,[ 8.25840993 -2.35722581  3.99856616],cruising,[ 0.5677905  -0.59831228 -0.99408226]
460.8742768764496,1003,False,3,4,[-6.16049945  5.94127051  3.99997941],cruising,[ 0.63925976  0.24903542 -0.34837281]
460.8742768764496,1004,False,6,2,[-7.38973642 -1.24808844  1.87200471],landing,[-0.62185191  0.08809385  0.93462812]
460.8742768764496,1005,False,4,5,[-3.34606615 -0.64673258  4.00002811],cruising,[ 0.50568378 -0.03156594 -0.11489306]
460.9779167175293,1000,False,1,6,[5.75387009 1.57082428 2.9866758 ],entering,[-0.82138112 -0.19970136 -0.21083176]
460.9779167175293,1001,False,5,0,[2.30667511 8.75962756 3.98621367],landing,[-0.48080528  0.59740651 -0.20557775]
460.9779167175293,1002,False,6,3,[ 8.21864143 -2.55323211  3.99878124],cruising,[ 0.5677905  -0.59831228 -0.99408226]
460.9779167175293,1003,False,3,4,[-6.06029616  6.09854673  3.99998724],cruising,[ 0.63925976  0.24903542 -0.34837281]
460.9779167175293,1004,False,6,2,[-7.39928815 -1.22659745  1.77480954],landing,[-0.62185191  0.08809385  0.93462812]
460.9779167175293,1005,False,4,5,[-3.40393283 -0.4552869   4.00002389],cruising,[ 0.50568378 -0.03156594 -0.11489306]
461.0783648490906,1000,False,1,6,[5.87141207 1.54688089 3.0616758 ],entering,[-0.82138112 -0.19970136 -0.21083176]
461.0783648490906,1001,False,5,0,[2.32966488 8.82765636 3.95880721],landing,[-0.48080528  0.59740651 -0.20557775]
461.0783648490906,1002,False,6,3,[ 8.17268789 -2.74788121  3.99896405],cruising,[ 0.5677905  -0.59831228 -0.99408226]
461.0783648490906,1003,False,3,4,[-5.94508647  6.24260146  3.99999396],cruising,[ 0.63925976  0.24903542 -0.34837281]
461.0783648490906,1004,False,6,2,[-7.40883988 -1.20510645  1.67761436],landing,[-0.62185191  0.08809385  0.93462812]
461.0783648490906,1005,False,4,5,[-3.47243344 -0.26738356  4.00002031],cruising,[ 0.50568378 -0.03156594 -0.11489306]
461.1742000579834,1000,False,1,6,[6.0081422  1.51729702 3.1366758 ],entering,[-0.82138112 -0.19970136 -0.21083176]
461.1742000579834,1001,False,5,0,[2.35217989 8.88086467 3.91797957],landing,[-0.48080528  0.59740651 -0.20557775]
461.1742000579834,1002,False,6,3,[ 8.12358109 -2.9417588   3.99911945],cruising,[ 0.5677905  -0.59831228 -0.99408226]
461.1742000579834,1003,False,3,4,[-5.81577747  6.37247134  3.99999953],cruising,[ 0.63925976  0.24903542 -0.34837281]
461.1742000579834,1004,False,6,2,[-7.41839162 -1.18361545  1.58041919],landing,[-0.62185191  0.08809385  0.93462812]
461.1742000579834,1005,False,4,5,[-3.54889847 -0.08257798  4.00001726],cruising,[ 0.50568378 -0.03156594 -0.11489306]
461.2747390270233,1000,False,1,6,[6.16338159 1.4801364  3.2116758 ],entering,[-0.82138112 -0.19970136 -0.21083176]
461.2747390270233,1001,False,5,0,[2.37409771 8.91901312 3.86400493],landing,[-0.48080528  0.59740651 -0.20557775]
461.2747390270233,1002,False,6,3,[ 8.06708876 -3.13361452  3.99925153],cruising,[ 0.5677905  -0.59831228 -0.99408226]
461.2747390270233,1003,False,3,4,[-5.67351358  6.48710408  4.00000396],cruising,[ 0.63925976  0.24903542 -0.34837281]
461.2747390270233,1004,False,6,2,[-7.42794335 -1.16212446  1.48322402],fake_landed,[-0.62185191  0.08809385  0.93462812]
461.2747390270233,1005,False,4,5,[-3.63609509  0.09741299  4.00001467],cruising,[ 0.50568378 -0.03156594 -0.11489306]
461.381219625473,1000,False,1,6,[6.33620398 1.43344488 3.2866758 ],entering,[-0.82138112 -0.19970136 -0.21083176]
461.381219625473,1001,False,5,0,[2.39530533 8.94188533 3.79714107],landing,[-0.48080528  0.59740651 -0.20557775]
461.381219625473,1002,False,6,3,[ 8.00669799 -3.32427903  3.9993638 ],cruising,[ 0.5677905  -0.59831228 -0.99408226]
461.381219625473,1003,False,3,4,[-5.51903105  6.58590316  4.00000721],cruising,[ 0.63925976  0.24903542 -0.34837281]
461.381219625473,1004,False,6,2,[-7.43558473 -1.14493166  1.40546788],fake_landed,[-0.62185191  0.08809385  0.93462812]
461.381219625473,1005,False,4,5,[-3.73093828  0.2734947   4.00001247],cruising,[ 0.50568378 -0.03156594 -0.11489306]
461.480521440506,1000,False,1,6,[6.52248584 1.37196004 3.3616758 ],entering,[-0.82138112 -0.19970136 -0.21083176]
461.480521440506,1001,False,5,0,[2.41570257 8.9492932  3.71762028],landing,[-0.48080528  0.59740651 -0.20557775]
461.480521440506,1002,False,6,3,[ 7.93702373 -3.51175035  3.99945923],cruising,[ 0.5677905  -0.59831228 -0.99408226]
461.480521440506,1003,False,3,4,[-5.35294729  6.66841079  4.00000925],cruising,[ 0.63925976  0.24903542 -0.34837281]
461.480521440506,1004,False,6,2,[-7.44131577 -1.13203706  1.34715078],fake_landed,[-0.62185191  0.08809385  0.93462812]
461.480521440506,1005,False,4,5,[-3.83350175  0.44519425  4.0000106 ],cruising,[ 0.50568378 -0.03156594 -0.11489306]
461.5812041759491,1000,False,1,6,[6.70935215 1.30067902 3.4366758 ],entering,[-0.82138112 -0.19970136 -0.21083176]
461.5812041759491,1001,False,5,0,[2.4351871  8.94104812 3.6256837 ],landing,[-0.48080528  0.59740651 -0.20557775]
461.5812041759491,1002,False,6,3,[ 7.85699849 -3.69504236  3.99954035],cruising,[ 0.5677905  -0.59831228 -0.99408226]
461.5812041759491,1003,False,3,4,[-5.17569683  6.73432611  4.00001003],cruising,[ 0.63925976  0.24903542 -0.34837281]
461.5812041759491,1004,False,6,2,[-7.44513646 -1.12344066  1.30827271],fake_landed,[-0.62185191  0.08809385  0.93462812]
461.5812041759491,1005,False,4,5,[-3.94005135  0.61444903  4.00000901],cruising,[ 0.50568378 -0.03156594 -0.11489306]
461.6748368740082,1000,False,1,6,[6.89219596 1.21963494 3.5116758 ],entering,[-0.82138112 -0.19970136 -0.21083176]
461.6748368740082,1001,False,5,0,[2.45424526 8.92616609 3.52865117],landing,[-0.48080528  0.59740651 -0.20557775]
461.6748368740082,1002,False,6,3,[ 7.7650598  -3.87265789  3.99960929],cruising,[ 0.5677905  -0.59831228 -0.99408226]
461.6748368740082,1003,False,3,4,[-4.98736411  6.78359259  4.0000095 ],cruising,[ 0.63925976  0.24903542 -0.34837281]
461.6748368740082,1004,False,6,2,[-7.44704681 -1.11914247  1.28883367],fake_landed,[-0.62185191  0.08809385  0.93462812]
461.6748368740082,1005,False,4,5,[-4.04970115  0.78171206  4.00000766],cruising,[ 0.50568378 -0.03156594 -0.11489306]
461.7748577594757,1000,False,1,6,[7.07001371 1.12808798 3.58492443],entering,[-0.82138112 -0.19970136 -0.21083176]
461.7748577594757,1001,False,5,0,[2.47330341 8.91128406 3.43161864],landing,[-0.48080528  0.59740651 -0.20557775]
461.7748577594757,1002,False,6,3,[ 7.65908865 -4.04227545  3.9996679 ],cruising,[ 0.5677905  -0.59831228 -0.99408226]
461.7748577594757,1003,False,3,4,[-4.79132091  6.82317879  4.00000807],cruising,[ 0.63925976  0.24903542 -0.34837281]
461.7748577594757,1004,False,2,1,[-7.44704681 -1.11914247  1.28883367],waiting,[-0.62185191  0.08809385  0.93462812]
461.7748577594757,1005,False,4,5,[-4.16171597  0.94740057  4.00000651],cruising,[ 0.50568378 -0.03156594 -0.11489306]
461.8742561340332,1000,False,1,6,[7.24156268 1.02527284 3.64718577],entering,[-0.82138112 -0.19970136 -0.21083176]
461.8742561340332,1001,False,5,0,[2.49236157 8.89640203 3.33458611],landing,[-0.48080528  0.59740651 -0.20557775]
461.8742561340332,1002,False,6,3,[ 7.53671692 -4.2004466   3.99971787],cruising,[ 0.5677905  -0.59831228 -0.99408226]
461.8742561340332,1003,False,3,4,[-4.59622441  6.86719419  4.00000686],cruising,[ 0.63925976  0.24903542 -0.34837281]
461.8742561340332,1004,False,2,1,[-7.44704681 -1.11914247  1.28883367],waiting,[-0.62185191  0.08809385  0.93462812]
461.8742561340332,1005,False,4,5,[-4.27548306  1.11189083  4.00000553],cruising,[ 0.50568378 -0.03156594 -0.11489306]
461.9760015010834,1000,False,1,6,[7.40533459 0.91047407 3.7001079 ],entering,[-0.82138112 -0.19970136 -0.21083176]
461.9760015010834,1001,False,5,0,[2.51141972 8.88152    3.23755358],landing,[-0.48080528  0.59740651 -0.20557775]
461.9760015010834,1002,False,6,3,[ 7.39936685 -4.34536446  3.99976208],cruising,[ 0.5677905  -0.59831228 -0.99408226]
461.9760015010834,1003,False,3,4,[-4.401803    6.91410172  4.00000583],cruising,[ 0.63925976  0.24903542 -0.34837281]
461.9760015010834,1004,False,2,1,[-7.44704681 -1.11914247  1.28883367],waiting,[-0.62185191  0.08809385  0.93462812]
461.9760015010834,1005,False,4,5,[-4.39048746  1.27551843  4.0000047 ],cruising,[ 0.50568378 -0.03156594 -0.11489306]
462.0802540779114,1000,False,1,6,[7.56092013 0.7848033  3.74509172],entering,[-0.82138112 -0.19970136 -0.21083176]
462.0802540779114,1001,False,5,0,[2.53047787 8.86663797 3.14052105],landing,[-0.48080528  0.59740651 -0.20557775]
462.0802540779114,1002,False,6,3,[ 7.24947188 -4.47470588  3.99980327],cruising,[ 0.5677905  -0.59831228 -0.99408226]
462.0802540779114,1003,False,3,4,[-4.207148    6.96003023  4.00000496],cruising,[ 0.63925976  0.24903542 -0.34837281]
462.0802540779114,1004,False,2,1,[-7.44704681 -1.11914247  1.28883367],queued,[-0.62185191  0.08809385  0.93462812]
462.0802540779114,1005,False,4,5,[-4.50629093  1.43858147  4.000004  ],cruising,[ 0.50568378 -0.03156594 -0.11489306]
462.1819989681244,1000,False,1,6,[7.70501223 0.64610411 3.78332796],entering,[-0.82138112 -0.19970136 -0.21083176]
462.1819989681244,1001,False,5,0,[2.54953603 8.85175594 3.04348852],landing,[-0.48080528  0.59740651 -0.20557775]
462.1819989681244,1002,False,6,3,[ 7.08893661 -4.58711261  3.99984145],cruising,[ 0.5677905  -0.59831228 -0.99408226]
462.1819989681244,1003,False,3,4,[-4.01269143  7.00679179  4.00000421],cruising,[ 0.63925976  0.24903542 -0.34837281]
462.1819989681244,1004,False,2,1,[-7.44704681 -1.11914247  1.30883367],queued,[-0.62185191  0.08809385  0.93462812]
462.1819989681244,1005,False,4,5,[-4.62241332  1.60141755  4.0000034 ],cruising,[ 0.50568378 -0.03156594 -0.11489306]
462.2808713912964,1000,False,1,6,[7.83562212 0.49464106 3.81582877],entering,[-0.82138112 -0.19970136 -0.21083176]
462.2808713912964,1001,False,5,0,[2.56859418 8.8368739  2.94645599],landing,[-0.48080528  0.59740651 -0.20557775]
462.2808713912964,1002,False,6,3,[ 6.91981478 -4.68145636  3.99987656],cruising,[ 0.5677905  -0.59831228 -0.99408226]
462.2808713912964,1003,False,3,4,[-3.81815878  7.05323584  4.00000358],cruising,[ 0.63925976  0.24903542 -0.34837281]
462.2808713912964,1004,False,2,1,[-7.44704681 -1.11914247  1.34883367],queued,[-0.62185191  0.08809385  0.93462812]
462.2808713912964,1005,False,4,5,[-4.73878336  1.76407675  4.00000289],cruising,[ 0.50568378 -0.03156594 -0.11489306]
462.37455105781555,1000,False,1,6,[7.95104338 0.33130724 3.84345445],entering,[-0.82138112 -0.19970136 -0.21083176]
462.37455105781555,1001,False,5,0,[2.58765234 8.82199187 2.84942346],landing,[-0.48080528  0.59740651 -0.20557775]
462.37455105781555,1002,False,6,3,[ 6.74425366 -4.75686507  3.99990855],cruising,[ 0.5677905  -0.59831228 -0.99408226]
462.37455105781555,1003,False,3,4,[-3.62332059  7.09838093  4.00000304],cruising,[ 0.63925976  0.24903542 -0.34837281]
462.37455105781555,1004,False,2,1,[-7.44704681 -1.11914247  1.40883367],queued,[-0.62185191  0.08809385  0.93462812]
462.37455105781555,1005,False,4,5,[-4.85505295  1.92680776  4.00000246],cruising,[ 0.50568378 -0.03156594 -0.11489306]
462.48224401474,1000,False,1,6,[8.05017645 0.15760452 3.86693628],cruising,[-0.82138112 -0.19970136 -0.21083176]
462.48224401474,1001,False,5,0,[2.60671049 8.80710984 2.75239093],landing,[-0.48080528  0.59740651 -0.20557775]
462.48224401474,1002,False,6,3,[ 6.56444121 -4.81273086  3.99993735],cruising,[ 0.5677905  -0.59831228 -0.99408226]
462.48224401474,1003,False,3,4,[-3.42747744  7.13894521  4.00000259],cruising,[ 0.63925976  0.24903542 -0.34837281]
462.48224401474,1004,False,2,1,[-7.44704681 -1.11914247  1.48383367],queued,[-0.62185191  0.08809385  0.93462812]
462.48224401474,1005,False,4,5,[-4.97090567  2.08983582  4.00000209],cruising,[ 0.50568378 -0.03156594 -0.11489306]
462.5778024196625,1000,False,1,6,[ 8.13170649 -0.02497446  3.88704982],cruising,[-0.82138112 -0.19970136 -0.21083176]
462.5778024196625,1001,False,5,0,[2.62576865 8.79222781 2.6553584 ],landing,[-0.48080528  0.59740651 -0.20557775]
462.5778024196625,1002,False,6,3,[ 6.38258842 -4.84870099  3.99996286],cruising,[ 0.5677905  -0.59831228 -0.99408226]
462.5778024196625,1003,False,3,4,[-3.23112724  7.17697936  4.0000022 ],cruising,[ 0.63925976  0.24903542 -0.34837281]
462.5778024196625,1004,False,2,1,[-7.44704681 -1.11914247  1.55883367],queued,[-0.62185191  0.08809385  0.93462812]
462.5778024196625,1005,False,4,5,[-5.08604344  2.25336959  4.00000177],cruising,[ 0.50568378 -0.03156594 -0.11489306]
462.68554401397705,1000,False,1,6,[ 8.196535   -0.21417611  3.90399234],cruising,[-0.82138112 -0.19970136 -0.21083176]
462.68554401397705,1001,False,5,0,[2.6448268  8.77734578 2.55832587],landing,[-0.48080528  0.59740651 -0.20557775]
462.68554401397705,1002,False,6,3,[ 6.20008147 -4.86468182  3.99998477],cruising,[ 0.5677905  -0.59831228 -0.99408226]
462.68554401397705,1003,False,3,4,[-3.03415674  7.21165821  4.00000187],cruising,[ 0.63925976  0.24903542 -0.34837281]
462.68554401397705,1004,False,2,1,[-7.44704681 -1.11914247  1.63383367],queued,[-0.62185191  0.08809385  0.93462812]
462.68554401397705,1005,False,4,5,[-5.20071493  2.41723066  4.00000151],cruising,[ 0.50568378 -0.03156594 -0.11489306]
462.7876136302948,1000,False,1,6,[ 8.24685758 -0.4077417   3.91839349],cruising,[-0.82138112 -0.19970136 -0.21083176]
462.7876136302948,1001,False,5,0,[2.66388496 8.76246375 2.46129334],landing,[-0.48080528  0.59740651 -0.20557775]
462.7876136302948,1002,False,6,3,[ 6.01837909 -4.86067885  4.00000301],cruising,[ 0.5677905  -0.59831228 -0.99408226]
462.7876136302948,1003,False,3,4,[-2.83608564  7.23936815  4.00000159],cruising,[ 0.63925976  0.24903542 -0.34837281]
462.7876136302948,1004,False,2,1,[-7.44704681 -1.11914247  1.70883367],queued,[-0.62185191  0.08809385  0.93462812]
462.7876136302948,1005,False,4,5,[-5.31410977  2.58197777  4.00000128],cruising,[ 0.50568378 -0.03156594 -0.11489306]
462.8832006454468,1000,False,1,6,[ 8.28424314 -0.60421643  3.93063447],cruising,[-0.82138112 -0.19970136 -0.21083176]
462.8832006454468,1001,False,5,0,[2.68294311 8.74758171 2.36426081],landing,[-0.48080528  0.59740651 -0.20557775]
462.8832006454468,1002,False,6,3,[ 5.83867205 -4.83677566  4.00001746],cruising,[ 0.5677905  -0.59831228 -0.99408226]
462.8832006454468,1003,False,3,4,[-2.63741673  7.26240425  4.00000135],cruising,[ 0.63925976  0.24903542 -0.34837281]
462.8832006454468,1004,False,2,1,[-7.44704681 -1.11914247  1.78383367],queued,[-0.62185191  0.08809385  0.93462812]
462.8832006454468,1005,False,4,5,[-5.42591433  2.74780822  4.00000109],cruising,[ 0.50568378 -0.03156594 -0.11489306]
462.9783146381378,1000,False,1,6,[ 8.3103313  -0.80250765  3.9410393 ],cruising,[-0.82138112 -0.19970136 -0.21083176]
462.9783146381378,1001,False,5,0,[2.70200127 8.73269968 2.26722828],landing,[-0.48080528  0.59740651 -0.20557775]
462.9783146381378,1002,False,6,3,[ 5.66149678 -4.79303336  4.00002783],cruising,[ 0.5677905  -0.59831228 -0.99408226]
462.9783146381378,1003,False,3,4,[-2.4379026   7.27633671  4.00000115],cruising,[ 0.63925976  0.24903542 -0.34837281]
462.9783146381378,1004,False,2,1,[-7.44704681 -1.11914247  1.85883367],queued,[-0.62185191  0.08809385  0.93462812]
462.9783146381378,1005,False,4,5,[-5.53578938  2.91492337  4.00000093],cruising,[ 0.50568378 -0.03156594 -0.11489306]
463.07599210739136,1000,False,1,6,[ 8.32452165 -1.0020036   3.9498834 ],cruising,[-0.82138112 -0.19970136 -0.21083176]
463.07599210739136,1001,False,5,0,[2.72105942 8.71781765 2.17019575],landing,[-0.48080528  0.59740651 -0.20557775]
463.07599210739136,1002,False,6,3,[ 5.48758756 -4.72955954  4.00003397],cruising,[ 0.5677905  -0.59831228 -0.99408226]
463.07599210739136,1003,False,3,4,[-2.2379321   7.27977149  4.00000098],cruising,[ 0.63925976  0.24903542 -0.34837281]
463.07599210739136,1004,False,2,1,[-7.44704681 -1.11914247  1.93383367],queued,[-0.62185191  0.08809385  0.93462812]
463.07599210739136,1005,False,4,5,[-5.64335508  3.08353423  4.00000079],cruising,[ 0.50568378 -0.03156594 -0.11489306]
463.18269443511963,1000,False,1,6,[ 8.33059559 -1.20191135  3.95740089],cruising,[-0.82138112 -0.19970136 -0.21083176]
463.18269443511963,1001,False,5,0,[2.74011758 8.70293562 2.07316322],landing,[-0.48080528  0.59740651 -0.20557775]
463.18269443511963,1002,False,6,3,[ 5.31674407 -4.64632208  4.00003541],cruising,[ 0.5677905  -0.59831228 -0.99408226]
463.18269443511963,1003,False,3,4,[-2.0384163   7.26586294  4.00000083],cruising,[ 0.63925976  0.24903542 -0.34837281]
463.18269443511963,1004,False,2,1,[-7.44704681 -1.11914247  2.00883367],queued,[-0.62185191  0.08809385  0.93462812]
463.18269443511963,1005,False,4,5,[-5.74817336  3.25386664  4.00000067],cruising,[ 0.50568378 -0.03156594 -0.11489306]
463.2876036167145,1000,False,1,6,[ 8.32960249 -1.40190888  3.96379076],cruising,[-0.82138112 -0.19970136 -0.21083176]
463.2876036167145,1001,False,5,0,[2.75917573 8.68805359 1.97613069],landing,[-0.48080528  0.59740651 -0.20557775]
463.2876036167145,1002,False,6,3,[ 5.14843752 -4.54324619  4.0000317 ],cruising,[ 0.5677905  -0.59831228 -0.99408226]
463.2876036167145,1003,False,3,4,[-1.84111214  7.2331358   4.00000071],cruising,[ 0.63925976  0.24903542 -0.34837281]
463.2876036167145,1004,False,2,1,[-7.44704681 -1.11914247  2.08383367],queued,[-0.62185191  0.08809385  0.93462812]
463.2876036167145,1005,False,4,5,[-5.84972602  3.42616596  4.00000057],cruising,[ 0.50568378 -0.03156594 -0.11489306]
463.37435126304626,1000,False,1,6,[ 8.32009079 -1.60168257  3.96922215],cruising,[-0.82138112 -0.19970136 -0.21083176]
463.37435126304626,1001,False,5,0,[2.77823388 8.67317156 1.87909816],landing,[-0.48080528  0.59740651 -0.20557775]
463.37435126304626,1002,False,6,3,[ 4.97655029 -4.44099757  4.00002694],cruising,[ 0.5677905  -0.59831228 -0.99408226]
463.37435126304626,1003,False,3,4,[-1.64726189  7.18392116  4.0000006 ],cruising,[ 0.63925976  0.24903542 -0.34837281]
463.37435126304626,1004,False,2,1,[-7.44704681 -1.11914247  2.15883367],entering,[-0.62185191  0.08809385  0.93462812]
463.37435126304626,1005,False,4,5,[-5.94738681  3.60070069  4.00000048],cruising,[ 0.50568378 -0.03156594 -0.11489306]
463.47666335105896,1000,False,1,6,[ 8.30530113 -1.80113499  3.97383882],cruising,[-0.82138112 -0.19970136 -0.21083176]
463.47666335105896,1001,False,5,0,[2.79729204 8.65828953 1.78206563],landing,[-0.48080528  0.59740651 -0.20557775]
463.47666335105896,1002,False,6,3,[ 4.80183701 -4.34365657  4.0000229 ],cruising,[ 0.5677905  -0.59831228 -0.99408226]
463.47666335105896,1003,False,3,4,[-1.456077    7.12519859  4.00000051],cruising,[ 0.63925976  0.24903542 -0.34837281]
463.47666335105896,1004,False,2,1,[-7.43396988 -1.10400992  2.23383367],entering,[-0.62185191  0.08809385  0.93462812]
463.47666335105896,1005,False,4,5,[-6.04038481  3.77776387  4.00000041],cruising,[ 0.50568378 -0.03156594 -0.11489306]
463.5772228240967,1000,False,1,6,[ 8.28564577 -2.00016681  3.977763  ],cruising,[-0.82138112 -0.19970136 -0.21083176]
463.5772228240967,1001,False,5,0,[2.81635019 8.64340749 1.6850331 ],landing,[-0.48080528  0.59740651 -0.20557775]
463.5772228240967,1002,False,6,3,[ 4.62397627 -4.25219316  4.00001947],cruising,[ 0.5677905  -0.59831228 -0.99408226]
463.5772228240967,1003,False,3,4,[-1.26947124  7.05323827  4.00000043],cruising,[ 0.63925976  0.24903542 -0.34837281]
463.5772228240967,1004,False,2,1,[-7.40783095 -1.07373194  2.30883367],entering,[-0.62185191  0.08809385  0.93462812]
463.5772228240967,1005,False,4,5,[-6.12775583  3.95767025  4.00000035],cruising,[ 0.50568378 -0.03156594 -0.11489306]
463.68544721603394,1000,False,1,6,[ 8.25877798 -2.1983539   3.98109855],cruising,[-0.82138112 -0.19970136 -0.21083176]
463.68544721603394,1001,False,5,0,[2.83540835 8.62852546 1.58800057],landing,[-0.48080528  0.59740651 -0.20557775]
463.68544721603394,1002,False,6,3,[ 4.4445429  -4.16385478  4.00001655],cruising,[ 0.5677905  -0.59831228 -0.99408226]
463.68544721603394,1003,False,3,4,[-1.08727966  6.97073838  4.00000037],cruising,[ 0.63925976  0.24903542 -0.34837281]
463.68544721603394,1004,False,2,1,[-7.36866312 -1.02828005  2.38383367],entering,[-0.62185191  0.08809385  0.93462812]
463.68544721603394,1005,False,4,5,[-6.20827728  4.14074481  4.0000003 ],cruising,[ 0.50568378 -0.03156594 -0.11489306]
463.78806710243225,1000,False,1,6,[ 8.22779995 -2.39594024  3.98393377],cruising,[-0.82138112 -0.19970136 -0.21083176]
463.78806710243225,1001,False,5,0,[2.8544665  8.61364343 1.49096804],fake_landed,[-0.48080528  0.59740651 -0.20557775]
463.78806710243225,1002,False,6,3,[ 4.26325542 -4.07938676  4.00001407],cruising,[ 0.5677905  -0.59831228 -0.99408226]
463.78806710243225,1003,False,3,4,[-0.90901721  6.8800604   4.00000031],cruising,[ 0.63925976  0.24903542 -0.34837281]
463.78806710243225,1004,False,2,1,[-7.31652956 -0.96760022  2.45883367],entering,[-0.62185191  0.08809385  0.93462812]
463.78806710243225,1005,False,4,5,[-6.2803816   4.32729499  4.00000025],cruising,[ 0.50568378 -0.03156594 -0.11489306]
463.8847870826721,1000,False,1,6,[ 8.19270928 -2.59283779  3.9863437 ],cruising,[-0.82138112 -0.19970136 -0.21083176]
463.8847870826721,1001,False,5,0,[2.86971303 8.60173781 1.41334202],fake_landed,[-0.48080528  0.59740651 -0.20557775]
463.8847870826721,1002,False,6,3,[ 4.08110591 -3.99679403  4.00001196],cruising,[ 0.5677905  -0.59831228 -0.99408226]
463.8847870826721,1003,False,3,4,[-0.73289833  6.78528623  4.00000027],cruising,[ 0.63925976  0.24903542 -0.34837281]
463.8847870826721,1004,False,2,1,[-7.25155412 -0.89158788  2.53383367],entering,[-0.62185191  0.08809385  0.93462812]
463.8847870826721,1005,False,4,5,[-6.33646941  4.51926935  4.00000021],exiting,[ 0.50568378 -0.03156594 -0.11489306]
463.9752266407013,1000,False,1,6,[ 8.15014608 -2.78825625  3.98839215],cruising,[-0.82138112 -0.19970136 -0.21083176]
463.9752266407013,1001,False,5,0,[2.88114792 8.59280859 1.3551225 ],fake_landed,[-0.48080528  0.59740651 -0.20557775]
463.9752266407013,1002,False,6,3,[ 3.89784371 -3.91670057  4.00001016],cruising,[ 0.5677905  -0.59831228 -0.99408226]
463.9752266407013,1003,False,3,4,[-0.55981721  6.68507183  4.00000023],cruising,[ 0.63925976  0.24903542 -0.34837281]
463.9752266407013,1004,False,2,1,[-7.17405507 -0.79998197  2.60883367],entering,[-0.62185191  0.08809385  0.93462812]
463.9752266407013,1005,False,4,5,[-6.39319152  4.69125378  4.00000018],exiting,[ 0.50568378 -0.03156594 -0.11489306]
464.07841086387634,1000,False,1,6,[ 8.10355362 -2.9827534   3.99013332],cruising,[-0.82138112 -0.19970136 -0.21083176]
464.07841086387634,1001,False,5,0,[2.88877118 8.58685577 1.31630949],fake_landed,[-0.48080528  0.59740651 -0.20557775]
464.07841086387634,1002,False,6,3,[ 3.71405265 -3.83782823  4.00000864],cruising,[ 0.5677905  -0.59831228 -0.99408226]
464.07841086387634,1003,False,3,4,[-0.38894939  6.58112864  4.00000019],cruising,[ 0.63925976  0.24903542 -0.34837281]
464.07841086387634,1004,False,2,1,[-7.08435737 -0.692527    2.68383367],entering,[-0.62185191  0.08809385  0.93462812]
464.07841086387634,1005,False,4,5,[-6.45077641  4.84325683  4.00000014],exiting,[ 0.50568378 -0.03156594 -0.11489306]
464.18312311172485,1000,False,1,6,[ 8.04869198 -3.17508177  3.99161333],cruising,[-0.82138112 -0.19970136 -0.21083176]
464.18312311172485,1001,False,5,0,[2.89258281 8.58387937 1.29690298],fake_landed,[-0.48080528  0.59740651 -0.20557775]
464.18312311172485,1002,False,6,3,[ 3.52954739 -3.76064137  4.00000734],cruising,[ 0.5677905  -0.59831228 -0.99408226]
464.18312311172485,1003,False,3,4,[-0.21899526  6.47569812  4.00000016],cruising,[ 0.63925976  0.24903542 -0.34837281]
464.18312311172485,1004,False,2,1,[-6.98301134 -0.56881422  2.75883367],entering,[-0.62185191  0.08809385  0.93462812]
464.18312311172485,1005,False,4,5,[-6.50953912  4.97529459  4.00000011],exiting,[ 0.50568378 -0.03156594 -0.11489306]
464.2842447757721,1000,False,1,6,[ 7.98512701 -3.36471166  3.99287133],cruising,[-0.82138112 -0.19970136 -0.21083176]
464.2842447757721,1001,False,5,0,[2.89258281 8.58387937 1.29690298],fake_landed,[-0.48080528  0.59740651 -0.20557775]
464.2842447757721,1002,False,6,3,[ 3.34461228 -3.68449018  4.00000624],cruising,[ 0.5677905  -0.59831228 -0.99408226]
464.2842447757721,1003,False,3,4,[-0.05010063  6.36857855  4.00000014],cruising,[ 0.63925976  0.24903542 -0.34837281]
464.2842447757721,1004,False,2,1,[-6.87119506 -0.42806107  2.83383367],entering,[-0.62185191  0.08809385  0.93462812]
464.2842447757721,1005,False,4,5,[-6.5698276   5.08739063  4.00000008],exiting,[ 0.50568378 -0.03156594 -0.11489306]
464.37584471702576,1000,False,1,6,[ 7.91677787 -3.55267015  3.99394063],cruising,[-0.82138112 -0.19970136 -0.21083176]
464.37584471702576,1001,False,0,2,[2.89258281 8.58387937 1.29690298],waiting,[-0.48080528  0.59740651 -0.20557775]
464.37584471702576,1002,False,6,3,[ 3.15917255 -3.60957617  4.0000053 ],cruising,[ 0.5677905  -0.59831228 -0.99408226]
464.37584471702576,1003,False,3,4,[0.11860964 6.26116885 4.00000012],cruising,[ 0.63925976  0.24903542 -0.34837281]
464.37584471702576,1004,False,2,1,[-6.75156646 -0.26889685  2.90883367],entering,[-0.62185191  0.08809385  0.93462812]
464.37584471702576,1005,False,4,5,[-6.63195938  5.1795718   4.00000006],exiting,[ 0.50568378 -0.03156594 -0.11489306]
464.48305892944336,1000,False,1,6,[ 7.83729999 -3.73620016  3.99484953],cruising,[-0.82138112 -0.19970136 -0.21083176]
464.48305892944336,1001,False,0,2,[2.89258281 8.58387937 1.29690298],waiting,[-0.48080528  0.59740651 -0.20557775]
464.48305892944336,1002,False,6,3,[ 2.97323094 -3.5359167   4.00000451],cruising,[ 0.5677905  -0.59831228 -0.99408226]
464.48305892944336,1003,False,3,4,[0.28740081 6.15388632 4.0000001 ],cruising,[ 0.63925976  0.24903542 -0.34837281]
464.48305892944336,1004,False,2,1,[-6.63485197 -0.10648464  2.98383367],entering,[-0.62185191  0.08809385  0.93462812]
464.48305892944336,1005,False,4,5,[-6.69574897  5.25658405  4.00000005],exiting,[ 0.50568378 -0.03156594 -0.11489306]
464.58263540267944,1000,False,1,6,[ 7.7452258  -3.91374549  3.9956221 ],cruising,[-0.82138112 -0.19970136 -0.21083176]
464.58263540267944,1001,False,0,2,[2.89258281 8.58387937 1.29690298],waiting,[-0.48080528  0.59740651 -0.20557775]
464.58263540267944,1002,False,6,3,[ 2.78669742 -3.46376931  4.00000383],cruising,[ 0.5677905  -0.59831228 -0.99408226]
464.58263540267944,1003,False,3,4,[0.45669324 6.04739653 4.00000009],cruising,[ 0.63925976  0.24903542 -0.34837281]
464.58263540267944,1004,False,2,1,[-6.52167965  0.05841541  3.05883367],entering,[-0.62185191  0.08809385  0.93462812]
464.58263540267944,1005,False,4,5,[-6.75953856  5.33359631  4.00000004],exiting,[ 0.50568378 -0.03156594 -0.11489306]
464.68634819984436,1000,False,1,6,[ 7.63850865 -4.08289469  3.99627879],cruising,[-0.82138112 -0.19970136 -0.21083176]
464.68634819984436,1001,False,0,2,[2.89258281 8.58387937 1.29690298],waiting,[-0.48080528  0.59740651 -0.20557775]
464.68634819984436,1002,False,6,3,[ 2.59968578 -3.39287046  4.00000326],cruising,[ 0.5677905  -0.59831228 -0.99408226]
464.68634819984436,1003,False,3,4,[0.6267503  5.94213213 4.00000007],cruising,[ 0.63925976  0.24903542 -0.34837281]
464.68634819984436,1004,False,2,1,[-6.41266697  0.22609437  3.13383367],entering,[-0.62185191  0.08809385  0.93462812]
464.68634819984436,1005,False,4,5,[-6.82332815  5.41060857  4.00000003],exiting,[ 0.50568378 -0.03156594 -0.11489306]
464.7894070148468,1000,False,1,6,[ 7.51546324 -4.24049489  3.99684211],cruising,[-0.82138112 -0.19970136 -0.21083176]
464.7894070148468,1001,False,0,2,[2.89258281 8.58387937 1.29690298],waiting,[-0.48080528  0.59740651 -0.20557775]
464.7894070148468,1002,False,6,3,[ 2.41188679 -3.32408429  4.00000277],cruising,[ 0.5677905  -0.59831228 -0.99408226]
464.7894070148468,1003,False,3,4,[0.79833919 5.83938363 4.00000006],cruising,[ 0.63925976  0.24903542 -0.34837281]
464.7894070148468,1004,False,2,1,[-6.30835444  0.39673697  3.20883367],entering,[-0.62185191  0.08809385  0.93462812]
464.7894070148468,1005,False,4,5,[-6.88711775  5.48762083  4.00000003],exiting,[ 0.50568378 -0.03156594 -0.11489306]
464.8876762390137,1000,False,1,6,[ 7.3780731  -4.38415856  3.99736437],cruising,[-0.82138112 -0.19970136 -0.21083176]
464.8876762390137,1001,False,0,2,[2.89258281 8.58387937 1.29690298],waiting,[-0.48080528  0.59740651 -0.20557775]
464.8876762390137,1002,False,6,3,[ 2.22315381 -3.25790375  4.00000235],cruising,[ 0.5677905  -0.59831228 -0.99408226]
464.8876762390137,1003,False,3,4,[0.97127222 5.7389139  4.00000005],cruising,[ 0.63925976  0.24903542 -0.34837281]
464.8876762390137,1004,False,2,1,[-6.20944744  0.57056851  3.28383367],entering,[-0.62185191  0.08809385  0.93462812]
464.8876762390137,1005,False,4,5,[-6.95090734  5.56463309  4.00000002],exiting,[ 0.50568378 -0.03156594 -0.11489306]
464.9742941856384,1000,False,1,6,[ 7.22812088 -4.51225969  3.99784616],cruising,[-0.82138112 -0.19970136 -0.21083176]
464.9742941856384,1001,False,0,2,[2.89258281 8.58387937 1.29690298],waiting,[-0.48080528  0.59740651 -0.20557775]
464.9742941856384,1002,False,6,3,[ 2.03382324 -3.19345274  4.000002  ],cruising,[ 0.5677905  -0.59831228 -0.99408226]
464.9742941856384,1003,False,3,4,[1.14656913 5.6426279  4.00000004],cruising,[ 0.63925976  0.24903542 -0.34837281]
464.9742941856384,1004,False,2,1,[-6.1167812   0.74780555  3.35883367],entering,[-0.62185191  0.08809385  0.93462812]
464.9742941856384,1005,False,4,5,[-7.01469693  5.64164534  4.00000002],exiting,[ 0.50568378 -0.03156594 -0.11489306]
465.08367586135864,1000,False,1,6,[ 7.0676289  -4.62336341  3.9982888 ],cruising,[-0.82138112 -0.19970136 -0.21083176]
465.08367586135864,1001,False,0,2,[2.89258281 8.58387937 1.29690298],waiting,[-0.48080528  0.59740651 -0.20557775]
465.08367586135864,1002,False,6,3,[ 1.84321947 -3.13287053  4.0000017 ],cruising,[ 0.5677905  -0.59831228 -0.99408226]
465.08367586135864,1003,False,3,4,[1.32366144 5.54968538 4.00000004],cruising,[ 0.63925976  0.24903542 -0.34837281]
465.08367586135864,1004,False,2,1,[-6.03132752  0.92863052  3.43383367],entering,[-0.62185191  0.08809385  0.93462812]
465.08367586135864,1005,False,4,5,[-7.07848652  5.7186576   4.00000001],exiting,[ 0.50568378 -0.03156594 -0.11489306]
465.17984914779663,1000,False,1,6,[ 6.898761   -4.71630557  3.9986933 ],cruising,[-0.82138112 -0.19970136 -0.21083176]
465.17984914779663,1001,False,0,2,[2.89258281 8.58387937 1.29690298],waiting,[-0.48080528  0.59740651 -0.20557775]
465.17984914779663,1002,False,6,3,[ 1.65115705 -3.077085    4.00000145],cruising,[ 0.5677905  -0.59831228 -0.99408226]
465.17984914779663,1003,False,3,4,[1.50276496 5.46068014 4.00000003],cruising,[ 0.63925976  0.24903542 -0.34837281]
465.17984914779663,1004,False,2,1,[-5.95424519  1.11317947  3.50883367],entering,[-0.62185191  0.08809385  0.93462812]
465.17984914779663,1005,False,4,5,[-7.14227611  5.79566986  4.00000001],exiting,[ 0.50568378 -0.03156594 -0.11489306]
465.2868378162384,1000,False,1,6,[ 6.72373675 -4.79021886  3.99905996],cruising,[-0.82138112 -0.19970136 -0.21083176]
465.2868378162384,1001,False,0,2,[2.89258281 8.58387937 1.29690298],waiting,[-0.48080528  0.59740651 -0.20557775]
465.2868378162384,1002,False,6,3,[ 1.4574428  -3.02733773  4.00000123],cruising,[ 0.5677905  -0.59831228 -0.99408226]
465.2868378162384,1003,False,3,4,[1.68509899 5.37849559 4.00000003],cruising,[ 0.63925976  0.24903542 -0.34837281]
465.2868378162384,1004,False,2,1,[-5.88688541  1.30149479  3.58250862],entering,[-0.62185191  0.08809385  0.93462812]
465.2868378162384,1005,False,4,5,[-7.20606571  5.87268212  4.00000001],exiting,[ 0.50568378 -0.03156594 -0.11489306]
465.3849792480469,1000,False,1,6,[ 6.54480273 -4.84451806  3.99938852],cruising,[-0.82138112 -0.19970136 -0.21083176]
465.3849792480469,1001,False,0,2,[2.89258281 8.58387937 1.29690298],waiting,[-0.48080528  0.59740651 -0.20557775]
465.3849792480469,1002,False,6,3,[ 1.26190418 -2.98533003  4.00000104],cruising,[ 0.5677905  -0.59831228 -0.99408226]
465.3849792480469,1003,False,3,4,[1.86962709 5.30136336 4.00000002],cruising,[ 0.63925976  0.24903542 -0.34837281]
465.3849792480469,1004,False,2,1,[-5.83076634  1.49346002  3.64513233],entering,[-0.62185191  0.08809385  0.93462812]
465.3849792480469,1005,False,4,5,[-7.2698553   5.94969438  4.00000001],exiting,[ 0.50568378 -0.03156594 -0.11489306]
465.47593545913696,1000,False,1,6,[ 6.36422219 -4.87888519  3.99967816],cruising,[-0.82138112 -0.19970136 -0.21083176]
465.47593545913696,1001,False,0,2,[2.89258281 8.58387937 1.29690298],waiting,[-0.48080528  0.59740651 -0.20557775]
465.47593545913696,1002,False,6,3,[ 1.06446256 -2.95344259  4.00000089],cruising,[ 0.5677905  -0.59831228 -0.99408226]
465.47593545913696,1003,False,3,4,[2.05645651 5.22998574 4.00000002],cruising,[ 0.63925976  0.24903542 -0.34837281]
465.47593545913696,1004,False,2,1,[-5.78749299  1.68872245  3.69836248],entering,[-0.62185191  0.08809385  0.93462812]
465.47593545913696,1005,False,4,5,[-7.33364489  6.02670664  4.00000001],exiting,[ 0.50568378 -0.03156594 -0.11489306]
465.57562279701233,1000,False,1,6,[ 6.18362958 -4.89325236  3.99992764],cruising,[-0.82138112 -0.19970136 -0.21083176]
465.57562279701233,1001,False,0,2,[2.89258281 8.58387937 1.29690298],waiting,[-0.48080528  0.59740651 -0.20557775]
465.57562279701233,1002,False,6,3,[ 0.86486615 -2.94143873  4.00000075],cruising,[ 0.5677905  -0.59831228 -0.99408226]
465.57562279701233,1003,False,3,4,[2.24562718 5.16506688 4.00000002],cruising,[ 0.63925976  0.24903542 -0.34837281]
465.57562279701233,1004,False,2,1,[-5.75859816  1.88662417  3.74360811],entering,[-0.62185191  0.08809385  0.93462812]
465.57562279701233,1005,False,4,5,[-7.39743448  6.10371889  4.        ],exiting,[ 0.50568378 -0.03156594 -0.11489306]
465.6811809539795,1000,False,1,6,[ 6.00392819 -4.88763945  4.00013374],cruising,[-0.82138112 -0.19970136 -0.21083176]
465.6811809539795,1001,False,0,2,[2.89258281 8.58387937 1.29690298],waiting,[-0.48080528  0.59740651 -0.20557775]
465.6811809539795,1002,False,6,3,[ 0.66491402 -2.94581427  4.00000064],cruising,[ 0.5677905  -0.59831228 -0.99408226]
465.6811809539795,1003,False,3,4,[2.43939608 5.11553291 4.00000001],cruising,[ 0.63925976  0.24903542 -0.34837281]
465.6811809539795,1004,False,2,1,[-5.74529953  2.08618154  3.78206689],entering,[-0.62185191  0.08809385  0.93462812]
465.6811809539795,1005,False,4,5,[-7.46122408  6.18073115  4.        ],exiting,[ 0.50568378 -0.03156594 -0.11489306]
465.7883048057556,1000,False,1,6,[ 5.82629965 -4.8621343   4.00029533],cruising,[-0.82138112 -0.19970136 -0.21083176]
465.7883048057556,1001,False,0,2,[2.89258281 8.58387937 1.29690298],waiting,[-0.48080528  0.59740651 -0.20557775]
465.7883048057556,1002,False,6,3,[ 0.465413   -2.95993313  4.00000054],cruising,[ 0.5677905  -0.59831228 -0.99408226]
465.7883048057556,1003,False,3,4,[2.63515611 5.07456938 4.00000001],cruising,[ 0.63925976  0.24903542 -0.34837281]
465.7883048057556,1004,False,2,1,[-5.74736     2.28617093  3.81475686],entering,[-0.62185191  0.08809385  0.93462812]
465.7883048057556,1005,False,4,5,[-7.52501367  6.25774341  4.        ],exiting,[ 0.50568378 -0.03156594 -0.11489306]
465.87456464767456,1000,False,1,6,[ 5.65125388 -4.81679667  4.00040904],cruising,[-0.82138112 -0.19970136 -0.21083176]
465.87456464767456,1001,False,0,2,[2.89258281 8.58387937 1.29690298],waiting,[-0.48080528  0.59740651 -0.20557775]
465.87456464767456,1002,False,6,3,[ 0.26756675 -2.98920537  4.00000046],cruising,[ 0.5677905  -0.59831228 -0.99408226]
465.87456464767456,1003,False,3,4,[2.83228889 5.04082523 4.00000001],cruising,[ 0.63925976  0.24903542 -0.34837281]
465.87456464767456,1004,False,2,1,[-5.76541451  2.48535435  3.84254333],cruising,[-0.62185191  0.08809385  0.93462812]
465.87456464767456,1005,False,4,5,[-7.58880326  6.33475567  4.        ],exiting,[ 0.50568378 -0.03156594 -0.11489306]
465.97726249694824,1000,False,1,6,[ 5.47949889 -4.75173169  4.00047343],cruising,[-0.82138112 -0.19970136 -0.21083176]
465.97726249694824,1001,False,0,2,[2.89258281 8.58387937 1.29690298],waiting,[-0.48080528  0.59740651 -0.20557775]
465.97726249694824,1002,False,6,3,[ 0.07334462 -3.03693129  4.00000039],cruising,[ 0.5677905  -0.59831228 -0.99408226]
465.97726249694824,1003,False,3,4,[3.03034928 5.01303889 4.00000001],cruising,[ 0.63925976  0.24903542 -0.34837281]
465.97726249694824,1004,False,2,1,[-5.79724958  2.68280441  3.86616183],cruising,[-0.62185191  0.08809385  0.93462812]
465.97726249694824,1005,False,4,5,[-7.65259285  6.41176793  4.        ],exiting,[ 0.50568378 -0.03156594 -0.11489306]
466.0849964618683,1000,False,1,6,[ 5.31078743 -4.66689972  4.00048336],cruising,[-0.82138112 -0.19970136 -0.21083176]
466.0849964618683,1001,False,0,2,[2.89258281 8.58387937 1.29690298],waiting,[-0.48080528  0.59740651 -0.20557775]
466.0849964618683,1002,False,6,3,[-0.11762541 -3.09634885  4.00000033],exiting,[ 0.5677905  -0.59831228 -0.99408226]
466.0849964618683,1003,False,3,4,[3.22902493 4.99006095 4.00000001],cruising,[ 0.63925976  0.24903542 -0.34837281]
466.0849964618683,1004,False,2,1,[-5.84228692  2.87766754  3.88623756],cruising,[-0.62185191  0.08809385  0.93462812]
466.0849964618683,1005,False,4,5,[-7.71638245  6.48878018  4.        ],exiting,[ 0.50568378 -0.03156594 -0.11489306]
466.18259477615356,1000,False,1,6,[ 5.14452195 -4.56221798  4.00043436],cruising,[-0.82138112 -0.19970136 -0.21083176]
466.18259477615356,1001,False,0,2,[2.89258281 8.58387937 1.29690298],queued,[-0.48080528  0.59740651 -0.20557775]
466.18259477615356,1002,False,6,3,[-0.28904436 -3.15998008  4.00000028],exiting,[ 0.5677905  -0.59831228 -0.99408226]
466.18259477615356,1003,False,3,4,[3.42810098 4.97085868 4.00000001],cruising,[ 0.63925976  0.24903542 -0.34837281]
466.18259477615356,1004,False,2,1,[-5.89682811  3.07008703  3.90330192],cruising,[-0.62185191  0.08809385  0.93462812]
466.18259477615356,1005,False,4,5,[-7.78017204  6.56579244  4.        ],exiting,[ 0.50568378 -0.03156594 -0.11489306]
466.279892206192,1000,False,1,6,[ 4.97458243 -4.45676392  4.00036921],cruising,[-0.82138112 -0.19970136 -0.21083176]
466.279892206192,1001,False,0,2,[2.89258281 8.58387937 1.31690298],queued,[-0.48080528  0.59740651 -0.20557775]
466.279892206192,1002,False,6,3,[-0.44089921 -3.22776419  4.00000022],exiting,[ 0.5677905  -0.59831228 -0.99408226]
466.279892206192,1003,False,3,4,[3.62743164 4.95450969 4.00000001],cruising,[ 0.63925976  0.24903542 -0.34837281]
466.279892206192,1004,False,2,1,[-5.95843534  3.26036196  3.91780663],cruising,[-0.62185191  0.08809385  0.93462812]
466.279892206192,1005,False,4,5,[-7.84396163  6.6428047   4.        ],exiting,[ 0.50568378 -0.03156594 -0.11489306]
466.3829755783081,1000,False,1,6,[ 4.80141098 -4.35670569  4.00031383],cruising,[-0.82138112 -0.19970136 -0.21083176]
466.3829755783081,1001,False,0,2,[2.89258281 8.58387937 1.35690298],queued,[-0.48080528  0.59740651 -0.20557775]
466.3829755783081,1002,False,6,3,[-0.57317424 -3.29962634  4.00000016],exiting,[ 0.5677905  -0.59831228 -0.99408226]
466.3829755783081,1003,False,3,4,[3.82691831 4.94018955 4.        ],cruising,[ 0.63925976  0.24903542 -0.34837281]
466.3829755783081,1004,False,2,1,[-6.02472129  3.44905794  3.93013564],cruising,[-0.62185191  0.08809385  0.93462812]
466.3829755783081,1005,False,4,5,[-7.90775122  6.71981696  4.        ],exiting,[ 0.50568378 -0.03156594 -0.11489306]
466.48970437049866,1000,False,1,6,[ 4.62473452 -4.26297507  4.00026675],cruising,[-0.82138112 -0.19970136 -0.21083176]
466.48970437049866,1001,False,0,2,[2.89258281 8.58387937 1.41690298],queued,[-0.48080528  0.59740651 -0.20557775]
466.48970437049866,1002,False,6,3,[-0.68585019 -3.37547295  4.00000011],exiting,[ 0.5677905  -0.59831228 -0.99408226]
466.48970437049866,1003,False,3,4,[4.02649322 4.92715667 4.        ],cruising,[ 0.63925976  0.24903542 -0.34837281]
466.48970437049866,1004,False,2,1,[-6.09341437  3.636891    3.94061529],cruising,[-0.62185191  0.08809385  0.93462812]
466.48970437049866,1005,False,4,5,[-7.97154082  6.79682922  4.        ],exiting,[ 0.50568378 -0.03156594 -0.11489306]
466.58019828796387,1000,False,1,6,[ 4.44621961 -4.1727951   4.00022674],cruising,[-0.82138112 -0.19970136 -0.21083176]
466.58019828796387,1001,False,0,2,[2.89258281 8.58387937 1.49190298],queued,[-0.48080528  0.59740651 -0.20557775]
466.58019828796387,1002,False,6,3,[-0.77890238 -3.45518067  4.00000006],exiting,[ 0.5677905  -0.59831228 -0.99408226]
466.58019828796387,1003,False,3,4,[4.22608213 4.91433994 4.        ],cruising,[ 0.63925976  0.24903542 -0.34837281]
466.58019828796387,1004,False,2,1,[-6.16234194  3.82463815  3.949523  ],cruising,[-0.62185191  0.08809385  0.93462812]
466.58019828796387,1005,False,4,5,[-8.03533041  6.87384147  4.        ],exiting,[ 0.50568378 -0.03156594 -0.11489306]
466.6763370037079,1000,False,1,6,[ 4.26563355 -4.08683769  4.00019273],cruising,[-0.82138112 -0.19970136 -0.21083176]
466.6763370037079,1001,False,0,2,[2.89258281 8.58387937 1.56690298],queued,[-0.48080528  0.59740651 -0.20557775]
466.6763370037079,1002,False,6,3,[-0.85229622 -3.53856933  4.00000002],exiting,[ 0.5677905  -0.59831228 -0.99408226]
466.6763370037079,1003,False,3,4,[4.42569616 4.9019207  4.        ],cruising,[ 0.63925976  0.24903542 -0.34837281]
466.6763370037079,1004,False,2,1,[-6.22935911  4.01307567  3.95709455],cruising,[-0.62185191  0.08809385  0.93462812]
466.6763370037079,1005,False,4,5,[-8.09912     6.95085373  4.        ],exiting,[ 0.50568378 -0.03156594 -0.11489306]
466.77441596984863,1000,False,1,6,[ 4.0840259  -4.00306025  4.00016382],cruising,[-0.82138112 -0.19970136 -0.21083176]
466.77441596984863,1001,False,0,2,[2.89258281 8.58387937 1.64190298],queued,[-0.48080528  0.59740651 -0.20557775]
466.77441596984863,1002,False,6,3,[-0.90600821 -3.62551115  3.99999999],exiting,[ 0.5677905  -0.59831228 -0.99408226]
466.77441596984863,1003,False,3,4,[4.6252914  4.88920303 4.        ],cruising,[ 0.63925976  0.24903542 -0.34837281]
466.77441596984863,1004,False,2,1,[-6.29224188  4.20293287  3.96353037],cruising,[-0.62185191  0.08809385  0.93462812]
466.77441596984863,1005,False,4,5,[-8.16290959  7.02786599  4.        ],exiting,[ 0.50568378 -0.03156594 -0.11489306]
466.8802704811096,1000,False,1,6,[ 3.90117917 -3.92202277  4.00013925],cruising,[-0.82138112 -0.19970136 -0.21083176]
466.8802704811096,1001,False,0,2,[2.89258281 8.58387937 1.71690298],queued,[-0.48080528  0.59740651 -0.20557775]
466.8802704811096,1002,False,6,3,[-0.94001466 -3.71587223  3.99999997],exiting,[ 0.5677905  -0.59831228 -0.99408226]
466.8802704811096,1003,False,3,4,[4.82482398 4.87553733 4.        ],cruising,[ 0.63925976  0.24903542 -0.34837281]
466.8802704811096,1004,False,2,1,[-6.34855326  4.39484178  3.96900081],cruising,[-0.62185191  0.08809385  0.93462812]
466.8802704811096,1005,False,4,5,[-8.22669919  7.10487825  4.        ],exiting,[ 0.50568378 -0.03156594 -0.11489306]
466.9823911190033,1000,False,1,6,[ 3.71770923 -3.8424063   4.00011836],cruising,[-0.82138112 -0.19970136 -0.21083176]
466.9823911190033,1001,False,0,2,[2.89258281 8.58387937 1.79190298],queued,[-0.48080528  0.59740651 -0.20557775]
466.9823911190033,1002,False,6,3,[-0.95429197 -3.80951374  3.99999996],exiting,[ 0.5677905  -0.59831228 -0.99408226]
466.9823911190033,1003,False,3,4,[5.02424266 4.86029953 4.        ],cruising,[ 0.63925976  0.24903542 -0.34837281]
466.9823911190033,1004,False,2,1,[-6.38923045  4.59066151  3.97365069],cruising,[-0.62185191  0.08809385  0.93462812]
466.9823911190033,1005,False,4,5,[-8.29048878  7.18189051  4.        ],exiting,[ 0.50568378 -0.03156594 -0.11489306]
467.0794734954834,1000,False,1,6,[ 3.53345158 -3.76463022  4.00010061],cruising,[-0.82138112 -0.19970136 -0.21083176]
467.0794734954834,1001,False,0,2,[2.89258281 8.58387937 1.86690298],queued,[-0.48080528  0.59740651 -0.20557775]
467.0794734954834,1002,False,6,3,[-0.94881696 -3.90629306  3.99999996],exiting,[ 0.5677905  -0.59831228 -0.99408226]
467.0794734954834,1003,False,3,4,[5.22357244 4.84393993 4.        ],cruising,[ 0.63925976  0.24903542 -0.34837281]
467.0794734954834,1004,False,2,1,[-6.41681028  4.78875076  3.97760309],cruising,[-0.62185191  0.08809385  0.93462812]
467.0794734954834,1005,False,4,5,[-8.35427837  7.25890277  4.        ],exiting,[ 0.50568378 -0.03156594 -0.11489306]
467.1858072280884,1000,False,1,6,[ 3.34870816 -3.68801516  4.00008552],cruising,[-0.82138112 -0.19970136 -0.21083176]
467.1858072280884,1001,False,0,2,[2.89258281 8.58387937 1.94190298],queued,[-0.48080528  0.59740651 -0.20557775]
467.1858072280884,1002,False,6,3,[-0.93175259 -4.00482634  3.99999996],exiting,[ 0.5677905  -0.59831228 -0.99408226]
467.1858072280884,1003,False,3,4,[5.42265975 4.82485477 4.        ],cruising,[ 0.63925976  0.24903542 -0.34837281]
467.1858072280884,1004,False,2,1,[-6.42444122  4.98820469  3.98113199],cruising,[-0.62185191  0.08809385  0.93462812]
467.1858072280884,1005,False,4,5,[-8.41806796  7.33591502  4.        ],landing,[ 0.50568378 -0.03156594 -0.11489306]
467.2895812988281,1000,False,1,6,[ 3.16341705 -3.61273431  4.00007269],cruising,[-0.82138112 -0.19970136 -0.21083176]
467.2895812988281,1001,False,0,2,[2.89258281 8.58387937 2.01690298],queued,[-0.48080528  0.59740651 -0.20557775]
467.2895812988281,1002,False,6,3,[-0.91468823 -4.10335962  3.99999997],exiting,[ 0.5677905  -0.59831228 -0.99408226]
467.2895812988281,1003,False,3,4,[5.6213921  4.80237244 4.        ],cruising,[ 0.63925976  0.24903542 -0.34837281]
467.2895812988281,1004,False,2,1,[-6.41211895  5.1863259   3.98435608],cruising,[-0.62185191  0.08809385  0.93462812]
467.2895812988281,1005,False,4,5,[-8.47064997  7.40453198  3.98572033],landing,[ 0.50568378 -0.03156594 -0.11489306]
467.38470339775085,1000,False,1,6,[ 2.97759109 -3.53878358  4.00006178],cruising,[-0.82138112 -0.19970136 -0.21083176]
467.38470339775085,1001,False,0,2,[2.89258281 8.58387937 2.09190298],queued,[-0.48080528  0.59740651 -0.20557775]
467.38470339775085,1002,False,6,3,[-0.89762386 -4.2018929   3.99999998],exiting,[ 0.5677905  -0.59831228 -0.99408226]
467.38470339775085,1003,False,3,4,[5.8196167  4.77578287 4.        ],cruising,[ 0.63925976  0.24903542 -0.34837281]
467.38470339775085,1004,False,2,1,[-6.38018134  5.38055261  3.98731238],cruising,[-0.62185191  0.08809385  0.93462812]
467.38470339775085,1005,False,4,5,[-8.51194114  7.46459549  3.95732133],landing,[ 0.50568378 -0.03156594 -0.11489306]
467.47490072250366,1000,False,1,6,[ 2.79114819 -3.46640231  4.00005252],cruising,[-0.82138112 -0.19970136 -0.21083176]
467.47490072250366,1001,False,0,2,[2.89258281 8.58387937 2.16690298],queued,[-0.48080528  0.59740651 -0.20557775]
467.47490072250366,1002,False,6,3,[-0.8805595  -4.30042619  3.99999998],exiting,[ 0.5677905  -0.59831228 -0.99408226]
467.47490072250366,1003,False,3,4,[6.0171261  4.74431797 4.        ],cruising,[ 0.63925976  0.24903542 -0.34837281]
467.47490072250366,1004,False,2,1,[-6.329259    5.56849318  3.99001474],cruising,[-0.62185191  0.08809385  0.93462812]
467.47490072250366,1005,False,4,5,[-8.54184387  7.51591762  3.91499783],landing,[ 0.50568378 -0.03156594 -0.11489306]
467.57958579063416,1000,False,1,6,[ 2.60420788 -3.39531562  4.00004464],cruising,[-0.82138112 -0.19970136 -0.21083176]
467.57958579063416,1001,False,0,2,[2.89258281 8.58387937 2.24190298],queued,[-0.48080528  0.59740651 -0.20557775]
467.57958579063416,1002,False,6,3,[-0.86349513 -4.39895947  3.99999998],exiting,[ 0.5677905  -0.59831228 -0.99408226]
467.57958579063416,1003,False,3,4,[6.21363883 4.7071327  4.        ],cruising,[ 0.63925976  0.24903542 -0.34837281]
467.57958579063416,1004,False,2,1,[-6.26024315  5.74791537  3.99246859],cruising,[-0.62185191  0.08809385  0.93462812]
467.57958579063416,1005,False,4,5,[-8.56022408  7.55823561  3.85903038],landing,[ 0.50568378 -0.03156594 -0.11489306]
467.67941403388977,1000,False,1,6,[ 2.41646628 -3.32637295  4.00003794],cruising,[-0.82138112 -0.19970136 -0.21083176]
467.67941403388977,1001,False,0,2,[2.89258281 8.58387937 2.31690298],queued,[-0.48080528  0.59740651 -0.20557775]
467.67941403388977,1002,False,6,3,[-0.84643076 -4.49749275  3.99999999],exiting,[ 0.5677905  -0.59831228 -0.99408226]
467.67941403388977,1003,False,3,4,[6.40877369 4.66328766 4.        ],cruising,[ 0.63925976  0.24903542 -0.34837281]
467.67941403388977,1004,False,2,1,[-6.17417225  5.91689457  3.99465873],cruising,[-0.62185191  0.08809385  0.93462812]
467.67941403388977,1005,False,4,5,[-8.56698036  7.59134679  3.78964212],landing,[ 0.50568378 -0.03156594 -0.11489306]
467.78691363334656,1000,False,1,6,[ 2.22778076 -3.26005723  4.00003225],cruising,[-0.82138112 -0.19970136 -0.21083176]
467.78691363334656,1001,False,0,2,[2.89258281 8.58387937 2.39190298],entering,[-0.48080528  0.59740651 -0.20557775]
467.78691363334656,1002,False,6,3,[-0.8293664  -4.59602603  3.99999999],exiting,[ 0.5677905  -0.59831228 -0.99408226]
467.78691363334656,1003,False,3,4,[6.60201531 4.61173501 4.        ],cruising,[ 0.63925976  0.24903542 -0.34837281]
467.78691363334656,1004,False,2,1,[-6.07221451  6.07372717  3.99658794],cruising,[-0.62185191  0.08809385  0.93462812]
467.78691363334656,1005,False,4,5,[-8.56201463  7.61505164  3.70705855],landing,[ 0.50568378 -0.03156594 -0.11489306]
467.8796577453613,1000,False,1,6,[ 2.03848904 -3.19549216  4.00002741],cruising,[-0.82138112 -0.19970136 -0.21083176]
467.8796577453613,1001,False,0,2,[2.88897191 8.56420803 2.46690298],entering,[-0.48080528  0.59740651 -0.20557775]
467.8796577453613,1002,False,6,3,[-0.81230203 -4.69455931  3.99999999],exiting,[ 0.5677905  -0.59831228 -0.99408226]
467.8796577453613,1003,False,3,4,[6.79266951 4.55131169 4.        ],cruising,[ 0.63925976  0.24903542 -0.34837281]
467.8796577453613,1004,False,2,1,[-5.95526941  6.21731952  3.9982428 ],cruising,[-0.62185191  0.08809385  0.93462812]
467.8796577453613,1005,False,4,5,[-8.5452295   7.62914828  3.61151413],landing,[ 0.50568378 -0.03156594 -0.11489306]
467.97475004196167,1000,False,1,6,[ 1.84791964 -3.13480194  4.0000233 ],cruising,[-0.82138112 -0.19970136 -0.21083176]
467.97475004196167,1001,False,0,2,[2.88177465 8.52486088 2.54190298],entering,[-0.48080528  0.59740651 -0.20557775]
467.97475004196167,1002,False,6,3,[-0.79523767 -4.79309259  3.99999999],exiting,[ 0.5677905  -0.59831228 -0.99408226]
467.97475004196167,1003,False,3,4,[6.97980718 4.48074617 4.        ],cruising,[ 0.63925976  0.24903542 -0.34837281]
467.97475004196167,1004,False,2,1,[-5.82422685  6.34672808  3.99961198],cruising,[-0.62185191  0.08809385  0.93462812]
467.97475004196167,1005,False,4,5,[-8.52666222  7.64177729  3.51406792],landing,[ 0.50568378 -0.03156594 -0.11489306]
468.07894706726074,1000,False,1,6,[ 1.65588881 -3.07890775  4.00001981],cruising,[-0.82138112 -0.19970136 -0.21083176]
468.07894706726074,1001,False,0,2,[2.87123729 8.4657946  2.61690298],entering,[-0.48080528  0.59740651 -0.20557775]
468.07894706726074,1002,False,6,3,[-0.7781733  -4.89162587  3.99999999],exiting,[ 0.5677905  -0.59831228 -0.99408226]
468.07894706726074,1003,False,3,4,[7.16219847 4.39868878 4.        ],cruising,[ 0.63925976  0.24903542 -0.34837281]
468.07894706726074,1004,False,2,1,[-5.67993224  6.46116014  4.00068561],cruising,[-0.62185191  0.08809385  0.93462812]
468.07894706726074,1005,False,4,5,[-8.50809493  7.6544063   3.41662171],landing,[ 0.50568378 -0.03156594 -0.11489306]
468.18256521224976,1000,False,1,6,[ 1.46220438 -3.02904454  4.00001684],cruising,[-0.82138112 -0.19970136 -0.21083176]
468.18256521224976,1001,False,0,2,[2.85753613 8.38698015 2.69190298],entering,[-0.48080528  0.59740651 -0.20557775]
468.18256521224976,1002,False,6,3,[-0.76110894 -4.99015915  3.99999999],exiting,[ 0.5677905  -0.59831228 -0.99408226]
468.18256521224976,1003,False,3,4,[7.33824423 4.30377888 4.        ],cruising,[ 0.63925976  0.24903542 -0.34837281]
468.18256521224976,1004,False,2,1,[-5.52315298  6.55997039  4.00145495],cruising,[-0.62185191  0.08809385  0.93462812]
468.18256521224976,1005,False,4,5,[-8.48952765  7.66703532  3.3191755 ],landing,[ 0.50568378 -0.03156594 -0.11489306]
468.2822935581207,1000,False,1,6,[ 1.2666938  -2.98690649  4.00001431],cruising,[-0.82138112 -0.19970136 -0.21083176]
468.2822935581207,1001,False,0,2,[2.84090948 8.28838081 2.76690298],entering,[-0.48080528  0.59740651 -0.20557775]
468.2822935581207,1002,False,6,3,[-0.74404457 -5.08869243  4.        ],exiting,[ 0.5677905  -0.59831228 -0.99408226]
468.2822935581207,1003,False,3,4,[7.50592157 4.19476368 4.        ],cruising,[ 0.63925976  0.24903542 -0.34837281]
468.2822935581207,1004,False,2,1,[-5.35488745  6.64241061  4.00192776],cruising,[-0.62185191  0.08809385  0.93462812]
468.2822935581207,1005,False,4,5,[-8.47096036  7.67966433  3.22172929],landing,[ 0.50568378 -0.03156594 -0.11489306]
468.3753821849823,1000,False,1,6,[ 1.06927695 -2.95486609  4.00001216],cruising,[-0.82138112 -0.19970136 -0.21083176]
468.3753821849823,1001,False,0,2,[2.82228444 8.16988157 2.84190298],entering,[-0.48080528  0.59740651 -0.20557775]
468.3753821849823,1002,False,6,3,[-0.7269802  -5.18722571  4.        ],exiting,[ 0.5677905  -0.59831228 -0.99408226]
468.3753821849823,1003,False,3,4,[7.66155873 4.0697787  4.        ],cruising,[ 0.63925976  0.24903542 -0.34837281]
468.3753821849823,1004,False,2,1,[-5.17553911  6.70820522  4.00209279],cruising,[-0.62185191  0.08809385  0.93462812]
468.3753821849823,1005,False,4,5,[-8.45239308  7.69229334  3.12428308],landing,[ 0.50568378 -0.03156594 -0.11489306]
468.47549867630005,1000,False,1,6,[ 0.86968653 -2.94270723  4.00001033],cruising,[-0.82138112 -0.19970136 -0.21083176]
468.47549867630005,1001,False,0,2,[2.80283989 8.03139912 2.91690298],entering,[-0.48080528  0.59740651 -0.20557775]
468.47549867630005,1002,False,6,3,[-0.70991584 -5.28575899  4.        ],exiting,[ 0.5677905  -0.59831228 -0.99408226]
468.47549867630005,1003,False,3,4,[7.80376609 3.92997344 4.        ],cruising,[ 0.63925976  0.24903542 -0.34837281]
468.47549867630005,1004,False,2,1,[-4.9851208   6.75734597  4.00193391],cruising,[-0.62185191  0.08809385  0.93462812]
468.47549867630005,1005,False,4,5,[-8.43382579  7.70492235  3.02683686],landing,[ 0.50568378 -0.03156594 -0.11489306]
468.57510256767273,1000,False,1,6,[ 0.66968789 -2.94197038  4.00000878],cruising,[-0.82138112 -0.19970136 -0.21083176]
468.57510256767273,1001,False,0,2,[2.78435557 7.87293974 2.99190298],entering,[-0.48080528  0.59740651 -0.20557775]
468.57510256767273,1002,False,6,3,[-0.69285147 -5.38429227  4.        ],exiting,[ 0.5677905  -0.59831228 -0.99408226]
468.57510256767273,1003,False,3,4,[7.93108239 3.77681692 4.        ],cruising,[ 0.63925976  0.24903542 -0.34837281]
468.57510256767273,1004,False,2,1,[-4.79007446  6.80158312  4.00164383],cruising,[-0.62185191  0.08809385  0.93462812]
468.57510256767273,1005,False,4,5,[-8.41525851  7.71755136  2.92939065],landing,[ 0.50568378 -0.03156594 -0.11489306]
468.6843910217285,1000,False,1,6,[ 0.47024175 -2.9568445   4.00000746],cruising,[-0.82138112 -0.19970136 -0.21083176]
468.6843910217285,1001,False,0,2,[2.76842793 7.69464444 3.06690298],entering,[-0.48080528  0.59740651 -0.20557775]
468.6843910217285,1002,False,6,3,[-0.67578711 -5.48282555  4.        ],exiting,[ 0.5677905  -0.59831228 -0.99408226]
468.6843910217285,1003,False,3,4,[8.04215936 3.61198632 4.        ],cruising,[ 0.63925976  0.24903542 -0.34837281]
468.6843910217285,1004,False,2,1,[-4.59589813  6.84949506  4.00139725],cruising,[-0.62185191  0.08809385  0.93462812]
468.6843910217285,1005,False,4,5,[-8.39669122  7.73018037  2.83194444],landing,[ 0.50568378 -0.03156594 -0.11489306]
468.7784593105316,1000,False,1,6,[ 0.27247264 -2.98663338  4.00000634],cruising,[-0.82138112 -0.19970136 -0.21083176]
468.7784593105316,1001,False,0,2,[2.76263988 7.49910999 3.14190298],entering,[-0.48080528  0.59740651 -0.20557775]
468.7784593105316,1002,False,6,3,[-0.65872274 -5.58135884  4.        ],exiting,[ 0.5677905  -0.59831228 -0.99408226]
468.7784593105316,1003,False,3,4,[8.13564041 3.43764867 4.        ],cruising,[ 0.63925976  0.24903542 -0.34837281]
468.7784593105316,1004,False,2,1,[-4.40228035  6.89961648  4.00118767],cruising,[-0.62185191  0.08809385  0.93462812]
468.7784593105316,1005,False,4,5,[-8.37812394  7.74280938  2.73449823],landing,[ 0.50568378 -0.03156594 -0.11489306]
468.8759515285492,1000,False,1,6,[ 0.07832553 -3.03466359  4.00000539],cruising,[-0.82138112 -0.19970136 -0.21083176]
468.8759515285492,1001,False,0,2,[2.76765469 7.29917287 3.21690298],entering,[-0.48080528  0.59740651 -0.20557775]
468.8759515285492,1002,False,6,3,[-0.64165837 -5.67989212  4.        ],exiting,[ 0.5677905  -0.59831228 -0.99408226]
468.8759515285492,1003,False,3,4,[8.21089592 3.25507517 4.        ],cruising,[ 0.63925976  0.24903542 -0.34837281]
468.8759515285492,1004,False,2,1,[-4.20890328  6.95065869  4.00100952],cruising,[-0.62185191  0.08809385  0.93462812]
468.8759515285492,1005,False,4,5,[-8.35955665  7.7554384   2.63705202],landing,[ 0.50568378 -0.03156594 -0.11489306]
468.97813296318054,1000,False,1,6,[-0.11259144 -3.09425142  4.00000458],cruising,[-0.82138112 -0.19970136 -0.21083176]
468.97813296318054,1001,False,0,2,[2.78626081 7.10004022 3.29190298],entering,[-0.48080528  0.59740651 -0.20557775]
468.97813296318054,1002,False,6,3,[-0.62459401 -5.7784254   4.        ],exiting,[ 0.5677905  -0.59831228 -0.99408226]
468.97813296318054,1003,False,3,4,[8.26760095 3.06502639 4.        ],cruising,[ 0.63925976  0.24903542 -0.34837281]
468.97813296318054,1004,False,2,1,[-4.01484887  6.99906205  4.00085809],cruising,[-0.62185191  0.08809385  0.93462812]
468.97813296318054,1005,False,4,5,[-8.34098937  7.76806741  2.53960581],landing,[ 0.50568378 -0.03156594 -0.11489306]
469.07882928848267,1000,False,1,6,[-0.29999188 -3.1641161   4.00000389],cruising,[-0.82138112 -0.19970136 -0.21083176]
469.07882928848267,1001,False,0,2,[2.82173218 6.9032109  3.36690298],entering,[-0.48080528  0.59740651 -0.20557775]
469.07882928848267,1002,False,6,3,[-0.60752964 -5.87695868  4.        ],exiting,[ 0.5677905  -0.59831228 -0.99408226]
469.07882928848267,1003,False,3,4,[8.3052228  2.86899162 4.        ],cruising,[ 0.63925976  0.24903542 -0.34837281]
469.07882928848267,1004,False,2,1,[-3.82063962  7.04684039  4.00072938],cruising,[-0.62185191  0.08809385  0.93462812]
469.07882928848267,1005,False,4,5,[-8.32242208  7.78069642  2.4421596 ],landing,[ 0.50568378 -0.03156594 -0.11489306]
469.1802055835724,1000,False,1,6,[-0.48281918 -3.24519742  4.00000331],cruising,[-0.82138112 -0.19970136 -0.21083176]
469.1802055835724,1001,False,0,2,[2.86914142 6.70891122 3.44190298],entering,[-0.48080528  0.59740651 -0.20557775]
469.1802055835724,1002,False,6,3,[-0.59046528 -5.97549196  4.        ],exiting,[ 0.5677905  -0.59831228 -0.99408226]
469.1802055835724,1003,False,3,4,[8.33403646 2.67107807 4.        ],cruising,[ 0.63925976  0.24903542 -0.34837281]
469.1802055835724,1004,False,2,1,[-3.62605593  7.09307012  4.00061997],cruising,[-0.62185191  0.08809385  0.93462812]
469.1802055835724,1005,False,4,5,[-8.3038548   7.79332543  2.34471339],landing,[ 0.50568378 -0.03156594 -0.11489306]
469.27880024909973,1000,False,1,6,[-0.66225388 -3.33353308  4.00000281],cruising,[-0.82138112 -0.19970136 -0.21083176]
469.27880024909973,1001,False,0,2,[2.93272702 6.51928825 3.51690298],entering,[-0.48080528  0.59740651 -0.20557775]
469.27880024909973,1002,False,6,3,[-0.57340091 -6.07402524  4.        ],exiting,[ 0.5677905  -0.59831228 -0.99408226]
469.27880024909973,1003,False,3,4,[8.3623931  2.47309853 4.        ],cruising,[ 0.63925976  0.24903542 -0.34837281]
469.27880024909973,1004,False,2,1,[-3.43040059  7.13453079  4.00052697],cruising,[-0.62185191  0.08809385  0.93462812]
469.27880024909973,1005,False,4,5,[-8.28528751  7.80595444  2.24726718],landing,[ 0.50568378 -0.03156594 -0.11489306]
469.38288402557373,1000,False,1,6,[-0.84012346 -3.42497929  4.00000239],cruising,[-0.82138112 -0.19970136 -0.21083176]
469.38288402557373,1001,False,0,2,[3.00901838 6.33441092 3.58936753],entering,[-0.48080528  0.59740651 -0.20557775]
469.38288402557373,1002,False,6,3,[-0.55633654 -6.17255852  4.        ],exiting,[ 0.5677905  -0.59831228 -0.99408226]
469.38288402557373,1003,False,3,4,[8.38598996 2.27449543 4.        ],cruising,[ 0.63925976  0.24903542 -0.34837281]
469.38288402557373,1004,False,2,1,[-3.23419373  7.17329762  4.00044793],cruising,[-0.62185191  0.08809385  0.93462812]
469.38288402557373,1005,False,4,5,[-8.26672022  7.81858345  2.14982097],landing,[ 0.50568378 -0.03156594 -0.11489306]
469.484619140625,1000,False,1,6,[-1.0187992  -3.51484019  4.00000203],cruising,[-0.82138112 -0.19970136 -0.21083176]
469.484619140625,1001,False,0,2,[3.10075033 6.15671834 3.65134554],entering,[-0.48080528  0.59740651 -0.20557775]
469.484619140625,1002,False,6,3,[-0.53927218 -6.2710918   4.        ],exiting,[ 0.5677905  -0.59831228 -0.99408226]
469.484619140625,1003,False,3,4,[8.40867786 2.07578645 4.        ],cruising,[ 0.63925976  0.24903542 -0.34837281]
469.484619140625,1004,False,2,1,[-3.03733022  7.20857874  4.00038074],cruising,[-0.62185191  0.08809385  0.93462812]
469.484619140625,1005,False,4,5,[-8.24815294  7.83121246  2.05237476],landing,[ 0.50568378 -0.03156594 -0.11489306]
469.5872411727905,1000,False,1,6,[-1.20214327 -3.59474609  4.00000173],cruising,[-0.82138112 -0.19970136 -0.21083176]
469.5872411727905,1001,False,0,2,[3.20666628 5.98706631 3.70364371],entering,[-0.48080528  0.59740651 -0.20557775]
469.5872411727905,1002,False,6,3,[-0.52220781 -6.36962508  4.        ],exiting,[ 0.5677905  -0.59831228 -0.99408226]
469.5872411727905,1003,False,3,4,[8.42694619 1.87662253 4.        ],cruising,[ 0.63925976  0.24903542 -0.34837281]
469.5872411727905,1004,False,2,1,[-2.83933123  7.23679934  4.00032363],cruising,[-0.62185191  0.08809385  0.93462812]
469.5872411727905,1005,False,4,5,[-8.22958565  7.84384148  1.95492855],landing,[ 0.50568378 -0.03156594 -0.11489306]
469.6751456260681,1000,False,1,6,[-1.3923876  -3.65588004  4.00000146],cruising,[-0.82138112 -0.19970136 -0.21083176]
469.6751456260681,1001,False,0,2,[3.32779176 5.8279527  3.74835161],entering,[-0.48080528  0.59740651 -0.20557775]
469.6751456260681,1002,False,6,3,[-0.50514345 -6.46815836  4.        ],exiting,[ 0.5677905  -0.59831228 -0.99408226]
469.6751456260681,1003,False,3,4,[8.44408275 1.67735804 4.        ],cruising,[ 0.63925976  0.24903542 -0.34837281]
469.6751456260681,1004,False,2,1,[-2.64071231  7.26026254  4.00027508],cruising,[-0.62185191  0.08809385  0.93462812]
469.6751456260681,1005,False,4,5,[-8.21101837  7.85647049  1.85748234],landing,[ 0.50568378 -0.03156594 -0.11489306]
469.7763636112213,1000,False,1,6,[-1.58638646 -3.69736955  4.00000121],cruising,[-0.82138112 -0.19970136 -0.21083176]
469.7763636112213,1001,False,0,2,[3.46310307 5.68067457 3.78609887],entering,[-0.48080528  0.59740651 -0.20557775]
469.7763636112213,1002,False,6,3,[-0.48807908 -6.56669164  4.        ],exiting,[ 0.5677905  -0.59831228 -0.99408226]
469.7763636112213,1003,False,3,4,[8.45716095 1.47778609 4.        ],cruising,[ 0.63925976  0.24903542 -0.34837281]
469.7763636112213,1004,False,2,1,[-2.44122469  7.27456954  4.00023382],cruising,[-0.62185191  0.08809385  0.93462812]
469.7763636112213,1005,False,4,5,[-8.19245108  7.8690995   1.76003613],landing,[ 0.50568378 -0.03156594 -0.11489306]
469.87544465065,1000,False,1,6,[-1.78103344 -3.71886957  4.00000098],cruising,[-0.82138112 -0.19970136 -0.21083176]
469.87544465065,1001,False,0,2,[3.6119181  5.54711652 3.8184231 ],entering,[-0.48080528  0.59740651 -0.20557775]
469.87544465065,1002,False,6,3,[-0.47101472 -6.66522492  4.        ],exiting,[ 0.5677905  -0.59831228 -0.99408226]
469.87544465065,1003,False,3,4,[8.46898985 1.27813621 4.        ],cruising,[ 0.63925976  0.24903542 -0.34837281]
469.87544465065,1004,False,2,1,[-2.24126024  7.27834061  4.00019875],cruising,[-0.62185191  0.08809385  0.93462812]
469.87544465065,1005,False,4,5,[-8.1738838   7.88172851  1.66258991],landing,[ 0.50568378 -0.03156594 -0.11489306]
469.98295187950134,1000,False,1,6,[-1.97333422 -3.72050769  4.00000076],cruising,[-0.82138112 -0.19970136 -0.21083176]
469.98295187950134,1001,False,0,2,[3.77297269 5.42854186 3.8456787 ],cruising,[-0.48080528  0.59740651 -0.20557775]
469.98295187950134,1002,False,6,3,[-0.45395035 -6.7637582   4.        ],exiting,[ 0.5677905  -0.59831228 -0.99408226]
469.98295187950134,1003,False,3,4,[8.47928605 1.07840141 4.        ],cruising,[ 0.63925976  0.24903542 -0.34837281]
469.98295187950134,1004,False,2,1,[-2.041722    7.26475798  4.00016894],cruising,[-0.62185191  0.08809385  0.93462812]
469.98295187950134,1005,False,4,5,[-8.15531651  7.89435752  1.5651437 ],landing,[ 0.50568378 -0.03156594 -0.11489306]
470.08253383636475,1000,False,1,6,[-2.16039749 -3.70284377  4.00000056],cruising,[-0.82138112 -0.19970136 -0.21083176]
470.08253383636475,1001,False,0,2,[3.94452043 5.32572469 3.8688269 ],cruising,[-0.48080528  0.59740651 -0.20557775]
470.08253383636475,1002,False,6,3,[-0.43688598 -6.86229149  4.        ],exiting,[ 0.5677905  -0.59831228 -0.99408226]
470.08253383636475,1003,False,3,4,[8.48558538 0.87850064 4.        ],cruising,[ 0.63925976  0.24903542 -0.34837281]
470.08253383636475,1004,False,2,1,[-1.84436553  7.23234771  4.0001436 ],cruising,[-0.62185191  0.08809385  0.93462812]
470.08253383636475,1005,False,4,5,[-8.13674923  7.90698653  1.46769749],fake_landed,[ 0.50568378 -0.03156594 -0.11489306]
470.1871473789215,1000,False,1,6,[-2.339899   -3.66666446  4.00000037],cruising,[-0.82138112 -0.19970136 -0.21083176]
470.1871473789215,1001,False,0,2,[4.12388892 5.23725467 3.88850286],cruising,[-0.48080528  0.59740651 -0.20557775]
470.1871473789215,1002,False,6,3,[-0.41982162 -6.96082477  4.        ],exiting,[ 0.5677905  -0.59831228 -0.99408226]
470.1871473789215,1003,False,3,4,[8.49041724 0.67855901 4.        ],cruising,[ 0.63925976  0.24903542 -0.34837281]
470.1871473789215,1004,False,2,1,[-1.64918668  7.18869894  4.00012206],cruising,[-0.62185191  0.08809385  0.93462812]
470.1871473789215,1005,False,4,5,[-8.1218954   7.91708974  1.38974052],fake_landed,[ 0.50568378 -0.03156594 -0.11489306]
470.280415058136,1000,False,1,6,[-2.50964632 -3.61302502  4.00000019],cruising,[-0.82138112 -0.19970136 -0.21083176]
470.280415058136,1001,False,0,2,[4.30936498 5.16243068 3.90522743],cruising,[-0.48080528  0.59740651 -0.20557775]
470.280415058136,1002,False,6,3,[-0.40275725 -7.05935805  4.        ],exiting,[ 0.5677905  -0.59831228 -0.99408226]
470.280415058136,1003,False,3,4,[8.49358382 0.47858408 4.        ],cruising,[ 0.63925976  0.24903542 -0.34837281]
470.280415058136,1004,False,2,1,[-1.45825603  7.12915494  4.00010375],cruising,[-0.62185191  0.08809385  0.93462812]
470.280415058136,1005,False,4,5,[-8.11075503  7.92466715  1.3312728 ],fake_landed,[ 0.50568378 -0.03156594 -0.11489306]
470.37555742263794,1000,False,1,6,[-2.66764286 -3.54320168  4.00000003],cruising,[-0.82138112 -0.19970136 -0.21083176]
470.37555742263794,1001,False,0,2,[4.4990798  5.09911962 3.91944332],cruising,[-0.48080528  0.59740651 -0.20557775]
470.37555742263794,1002,False,6,3,[-0.38569289 -7.15789133  4.        ],exiting,[ 0.5677905  -0.59831228 -0.99408226]
470.37555742263794,1003,False,3,4,[8.49288383 0.27858531 4.        ],cruising,[ 0.63925976  0.24903542 -0.34837281]
470.37555742263794,1004,False,2,1,[-1.27187911  7.05660397  4.00008819],cruising,[-0.62185191  0.08809385  0.93462812]
470.37555742263794,1005,False,4,5,[-8.10332811  7.92971875  1.29229431],fake_landed,[ 0.50568378 -0.03156594 -0.11489306]
470.4756519794464,1000,False,1,6,[-2.81220812 -3.4585594   3.99999989],cruising,[-0.82138112 -0.19970136 -0.21083176]
470.4756519794464,1001,False,0,2,[4.69162312 5.04501724 3.93152682],cruising,[-0.48080528  0.59740651 -0.20557775]
470.4756519794464,1002,False,6,3,[-0.36862852 -7.25642461  4.        ],exiting,[ 0.5677905  -0.59831228 -0.99408226]
470.4756519794464,1003,False,3,4,[8.49061458 0.07859818 4.        ],cruising,[ 0.63925976  0.24903542 -0.34837281]
470.4756519794464,1004,False,2,1,[-1.08987748  6.97368589  4.00007496],cruising,[-0.62185191  0.08809385  0.93462812]
470.4756519794464,1005,False,4,5,[-8.09961466  7.93224456  1.27280507],fake_landed,[ 0.50568378 -0.03156594 -0.11489306]
470.5843725204468,1000,False,1,6,[-2.94188552 -3.36056229  3.99999976],cruising,[-0.82138112 -0.19970136 -0.21083176]
470.5843725204468,1001,False,0,2,[4.88611918 4.9984202  3.9417978 ],cruising,[-0.48080528  0.59740651 -0.20557775]
470.5843725204468,1002,False,6,3,[-0.35156415 -7.35495789  4.        ],exiting,[ 0.5677905  -0.59831228 -0.99408226]
470.5843725204468,1003,False,3,4,[ 8.4866062  -0.12136164  4.        ],cruising,[ 0.63925976  0.24903542 -0.34837281]
470.5843725204468,1004,False,2,1,[-0.91176379  6.88271605  4.00006371],cruising,[-0.62185191  0.08809385  0.93462812]
470.5843725204468,1005,False,5,0,[-8.09961466  7.93224456  1.27280507],waiting,[ 0.50568378 -0.03156594 -0.11489306]
470.6874485015869,1000,False,1,6,[-3.055371   -3.25082542  3.99999964],cruising,[-0.82138112 -0.19970136 -0.21083176]
470.6874485015869,1001,False,0,2,[5.08175747 4.95687914 3.95052813],cruising,[-0.48080528  0.59740651 -0.20557775]
470.6874485015869,1002,False,6,3,[-0.33449979 -7.45349117  4.        ],exiting,[ 0.5677905  -0.59831228 -0.99408226]
470.6874485015869,1003,False,3,4,[ 8.48072187 -0.32127506  4.        ],cruising,[ 0.63925976  0.24903542 -0.34837281]
470.6874485015869,1004,False,2,1,[-0.73575818  6.7877317   4.00005416],cruising,[-0.62185191  0.08809385  0.93462812]
470.6874485015869,1005,False,5,0,[-8.09961466  7.93224456  1.27280507],waiting,[ 0.50568378 -0.03156594 -0.11489306]
470.7878179550171,1000,False,1,6,[-3.15156275 -3.13104232  3.99999955],cruising,[-0.82138112 -0.19970136 -0.21083176]
470.7878179550171,1001,False,0,2,[5.27803462 4.91846978 3.95794891],cruising,[-0.48080528  0.59740651 -0.20557775]
470.7878179550171,1002,False,6,3,[-0.31743542 -7.55202445  4.        ],exiting,[ 0.5677905  -0.59831228 -0.99408226]
470.7878179550171,1003,False,3,4,[ 8.47081064 -0.52102933  4.        ],cruising,[ 0.63925976  0.24903542 -0.34837281]
470.7878179550171,1004,False,2,1,[-0.56275909  6.68737576  4.00004603],cruising,[-0.62185191  0.08809385  0.93462812]
470.7878179550171,1005,False,5,0,[-8.09961466  7.93224456  1.27280507],waiting,[ 0.50568378 -0.03156594 -0.11489306]
470.8778347969055,1000,False,1,6,[-3.22983917 -3.00236872  3.99999948],cruising,[-0.82138112 -0.19970136 -0.21083176]
470.8778347969055,1001,False,0,2,[5.4745833  4.88147496 3.96425657],cruising,[-0.48080528  0.59740651 -0.20557775]
470.8778347969055,1002,False,6,3,[-0.30037106 -7.65055773  4.        ],exiting,[ 0.5677905  -0.59831228 -0.99408226]
470.8778347969055,1003,False,3,4,[ 8.45913881 -0.72068846  4.        ],cruising,[ 0.63925976  0.24903542 -0.34837281]
470.8778347969055,1004,False,2,1,[-0.39194856  6.58333844  4.00003913],cruising,[-0.62185191  0.08809385  0.93462812]
470.8778347969055,1005,False,5,0,[-8.09961466  7.93224456  1.27280507],waiting,[ 0.50568378 -0.03156594 -0.11489306]
470.98302698135376,1000,False,1,6,[-3.2898331  -2.86558644  3.99999942],cruising,[-0.82138112 -0.19970136 -0.21083176]
470.98302698135376,1001,False,0,2,[5.67143539 4.84613016 3.96961809],cruising,[-0.48080528  0.59740651 -0.20557775]
470.98302698135376,1002,False,6,3,[-0.28330669 -7.74909101  4.        ],landing,[ 0.5677905  -0.59831228 -0.99408226]
470.98302698135376,1003,False,3,4,[ 8.44554127 -0.92022569  4.        ],cruising,[ 0.63925976  0.24903542 -0.34837281]
470.98302698135376,1004,False,2,1,[-0.22203531  6.47784206  4.00003326],cruising,[-0.62185191  0.08809385  0.93462812]
470.98302698135376,1005,False,5,0,[-8.09961466  7.93224456  1.27280507],waiting,[ 0.50568378 -0.03156594 -0.11489306]
471.0847613811493,1000,False,1,6,[-3.33137006 -2.72110092  3.99999939],cruising,[-0.82138112 -0.19970136 -0.21083176]
471.0847613811493,1001,False,0,2,[5.86799881 4.80921371 3.97417537],cruising,[-0.48080528  0.59740651 -0.20557775]
471.0847613811493,1002,False,6,3,[-0.2717974  -7.83450488  3.98596354],landing,[ 0.5677905  -0.59831228 -0.99408226]
471.0847613811493,1003,False,3,4,[ 8.42987285 -1.119611    4.        ],cruising,[ 0.63925976  0.24903542 -0.34837281]
471.0847613811493,1004,False,2,1,[-0.05316822  6.37067908  4.00002827],cruising,[-0.62185191  0.08809385  0.93462812]
471.0847613811493,1005,False,5,0,[-8.09961466  7.93224456  1.27280507],waiting,[ 0.50568378 -0.03156594 -0.11489306]
471.18636298179626,1000,False,1,6,[-3.35437686 -2.56908988  3.99999938],cruising,[-0.82138112 -0.19970136 -0.21083176]
471.18636298179626,1001,False,0,2,[6.0639966  4.76940337 3.97804907],cruising,[-0.48080528  0.59740651 -0.20557775]
471.18636298179626,1002,False,6,3,[-0.26583544 -7.90662354  3.95805392],landing,[ 0.5677905  -0.59831228 -0.99408226]
471.18636298179626,1003,False,3,4,[ 8.40979353 -1.3186005   4.        ],cruising,[ 0.63925976  0.24903542 -0.34837281]
471.18636298179626,1004,False,2,1,[0.11552222 6.26323823 4.00002403],cruising,[-0.62185191  0.08809385  0.93462812]
471.18636298179626,1005,False,5,0,[-8.09961466  7.93224456  1.27280507],waiting,[ 0.50568378 -0.03156594 -0.11489306]
471.2885718345642,1000,False,1,6,[-3.35885705 -2.4095446   3.99999939],cruising,[-0.82138112 -0.19970136 -0.21083176]
471.2885718345642,1001,False,0,2,[6.25909859 4.72541229 3.98134171],cruising,[-0.48080528  0.59740651 -0.20557775]
471.2885718345642,1002,False,6,3,[-0.26541054 -7.96524038  3.91646798],landing,[ 0.5677905  -0.59831228 -0.99408226]
471.2885718345642,1003,False,3,4,[ 8.3876933 -1.5173757  4.       ],cruising,[ 0.63925976  0.24903542 -0.34837281]
471.2885718345642,1004,False,2,1,[0.28429851 6.1559323  4.00002043],cruising,[-0.62185191  0.08809385  0.93462812]
471.2885718345642,1005,False,5,0,[-8.09961466  7.93224456  1.27280507],waiting,[ 0.50568378 -0.03156594 -0.11489306]
471.3770978450775,1000,False,1,6,[-3.34513477 -2.24171259  3.99999942],cruising,[-0.82138112 -0.19970136 -0.21083176]
471.3770978450775,1001,False,0,2,[6.45288568 4.67594954 3.98414045],cruising,[-0.48080528  0.59740651 -0.20557775]
471.3770978450775,1002,False,6,3,[-0.27050664 -8.01007384  3.8614829 ],landing,[ 0.5677905  -0.59831228 -0.99408226]
471.3770978450775,1003,False,3,4,[ 8.36336594 -1.71589063  4.        ],cruising,[ 0.63925976  0.24903542 -0.34837281]
471.3770978450775,1004,False,2,1,[0.45357837 6.04942254 4.00001736],cruising,[-0.62185191  0.08809385  0.93462812]
471.3770978450775,1005,False,5,0,[-8.09961466  7.93224456  1.27280507],waiting,[ 0.50568378 -0.03156594 -0.11489306]
471.48937821388245,1000,False,1,6,[-3.31425339 -2.06360607  3.99999948],cruising,[-0.82138112 -0.19970136 -0.21083176]
471.48937821388245,1001,False,0,2,[6.64480928 4.61968827 3.98651938],cruising,[-0.48080528  0.59740651 -0.20557775]
471.48937821388245,1002,False,6,3,[-0.28110831 -8.04088764  3.79333963],landing,[ 0.5677905  -0.59831228 -0.99408226]
471.48937821388245,1003,False,3,4,[ 8.33417796 -1.91374933  4.        ],cruising,[ 0.63925976  0.24903542 -0.34837281]
471.48937821388245,1004,False,2,1,[0.62362365 5.9441391  4.00001476],cruising,[-0.62185191  0.08809385  0.93462812]
471.48937821388245,1005,False,5,0,[-8.09961466  7.93224456  1.27280507],queued,[ 0.50568378 -0.03156594 -0.11489306]
471.574666261673,1000,False,1,6,[-3.27175402 -1.86922005  3.99999955],cruising,[-0.82138112 -0.19970136 -0.21083176]
471.574666261673,1001,False,0,2,[6.8341425  4.55524501 3.98854148],cruising,[-0.48080528  0.59740651 -0.20557775]
471.574666261673,1002,False,6,3,[-0.29719966 -8.05746419  3.71226717],landing,[ 0.5677905  -0.59831228 -0.99408226]
471.574666261673,1003,False,3,4,[ 8.30266897 -2.11125169  4.        ],cruising,[ 0.63925976  0.24903542 -0.34837281]
471.574666261673,1004,False,2,1,[0.7951986  5.84136733 4.00001254],cruising,[-0.62185191  0.08809385  0.93462812]
471.574666261673,1005,False,5,0,[-8.09961466  7.93224456  1.29280507],queued,[ 0.50568378 -0.03156594 -0.11489306]
471.68386030197144,1000,False,1,6,[-3.24491501 -1.67102906  3.99999962],cruising,[-0.82138112 -0.19970136 -0.21083176]
471.68386030197144,1001,False,0,2,[7.01992143 4.4811762  3.99026025],cruising,[-0.48080528  0.59740651 -0.20557775]
471.68386030197144,1002,False,6,3,[-0.31876302 -8.05958433  3.61850339],landing,[ 0.5677905  -0.59831228 -0.99408226]
471.68386030197144,1003,False,3,4,[ 8.2685589  -2.30832148  4.        ],cruising,[ 0.63925976  0.24903542 -0.34837281]
471.68386030197144,1004,False,2,1,[0.96811645 5.74087146 4.00001066],cruising,[-0.62185191  0.08809385  0.93462812]
471.68386030197144,1005,False,5,0,[-8.09961466  7.93224456  1.33280507],queued,[ 0.50568378 -0.03156594 -0.11489306]
471.78763341903687,1000,False,1,6,[-3.23450888 -1.47129996  3.99999968],cruising,[-0.82138112 -0.19970136 -0.21083176]
471.78763341903687,1001,False,0,2,[7.20087789 4.39600132 3.99172122],cruising,[-0.48080528  0.59740651 -0.20557775]
471.78763341903687,1002,False,6,3,[-0.3418645  -8.05756376  3.52122935],landing,[ 0.5677905  -0.59831228 -0.99408226]
471.78763341903687,1003,False,3,4,[ 8.22865645 -2.50430055  4.        ],cruising,[ 0.63925976  0.24903542 -0.34837281]
471.78763341903687,1004,False,2,1,[1.1433937  5.64454969 4.00000906],cruising,[-0.62185191  0.08809385  0.93462812]
471.78763341903687,1005,False,5,0,[-8.09961466  7.93224456  1.39280507],queued,[ 0.50568378 -0.03156594 -0.11489306]
471.88271927833557,1000,False,1,6,[-3.23995615 -1.27137416  3.99999973],cruising,[-0.82138112 -0.19970136 -0.21083176]
471.88271927833557,1001,False,0,2,[7.37537078 4.29826581 3.99296303],cruising,[-0.48080528  0.59740651 -0.20557775]
471.88271927833557,1002,False,6,3,[-0.36496598 -8.05554319  3.42395531],landing,[ 0.5677905  -0.59831228 -0.99408226]
471.88271927833557,1003,False,3,4,[ 8.18588698 -2.69967397  4.        ],cruising,[ 0.63925976  0.24903542 -0.34837281]
471.88271927833557,1004,False,2,1,[1.32046462 5.55156641 4.0000077 ],cruising,[-0.62185191  0.08809385  0.93462812]
471.88271927833557,1005,False,5,0,[-8.09961466  7.93224456  1.46780507],queued,[ 0.50568378 -0.03156594 -0.11489306]
471.9881296157837,1000,False,1,6,[-3.25923574 -1.07230559  3.99999977],cruising,[-0.82138112 -0.19970136 -0.21083176]
471.9881296157837,1001,False,0,2,[7.53902989 4.1837194  3.99405427],cruising,[-0.48080528  0.59740651 -0.20557775]
471.9881296157837,1002,False,6,3,[-0.38806746 -8.05352262  3.32668127],landing,[ 0.5677905  -0.59831228 -0.99408226]
471.9881296157837,1003,False,3,4,[ 8.1364955  -2.89347923  4.        ],cruising,[ 0.63925976  0.24903542 -0.34837281]
471.9881296157837,1004,False,2,1,[1.49954492 5.46251449 4.00000655],cruising,[-0.62185191  0.08809385  0.93462812]
471.9881296157837,1005,False,5,0,[-8.09961466  7.93224456  1.54280507],queued,[ 0.50568378 -0.03156594 -0.11489306]
472.0807149410248,1000,False,1,6,[-3.29208166 -0.87502116  3.9999998 ],cruising,[-0.82138112 -0.19970136 -0.21083176]
472.0807149410248,1001,False,0,2,[7.69043446 4.05336799 3.99497615],cruising,[-0.48080528  0.59740651 -0.20557775]
472.0807149410248,1002,False,6,3,[-0.41116894 -8.05150205  3.22940723],landing,[ 0.5677905  -0.59831228 -0.99408226]
472.0807149410248,1003,False,3,4,[ 8.08370882 -3.08638741  4.        ],cruising,[ 0.63925976  0.24903542 -0.34837281]
472.0807149410248,1004,False,2,1,[1.68185078 5.38026745 4.00000557],cruising,[-0.62185191  0.08809385  0.93462812]
472.0807149410248,1005,False,5,0,[-8.09961466  7.93224456  1.61780507],queued,[ 0.50568378 -0.03156594 -0.11489306]
472.18449211120605,1000,False,1,6,[-3.33738229 -0.68021907  3.99999983],cruising,[-0.82138112 -0.19970136 -0.21083176]
472.18449211120605,1001,False,0,2,[7.8280259  3.90855359 3.99575859],cruising,[-0.48080528  0.59740651 -0.20557775]
472.18449211120605,1002,False,6,3,[-0.43427042 -8.04948149  3.13213319],landing,[ 0.5677905  -0.59831228 -0.99408226]
472.18449211120605,1003,False,3,4,[ 8.02290172 -3.27691955  4.        ],cruising,[ 0.63925976  0.24903542 -0.34837281]
472.18449211120605,1004,False,2,1,[1.86635    5.30306616 4.00000473],cruising,[-0.62185191  0.08809385  0.93462812]
472.18449211120605,1005,False,5,0,[-8.09961466  7.93224456  1.69280507],queued,[ 0.50568378 -0.03156594 -0.11489306]
472.27688670158386,1000,False,1,6,[-3.39416157 -0.48844808  3.99999986],cruising,[-0.82138112 -0.19970136 -0.21083176]
472.27688670158386,1001,False,0,2,[7.94997564 3.75127602 3.9964627 ],cruising,[-0.48080528  0.59740651 -0.20557775]
472.27688670158386,1002,False,6,3,[-0.4573719  -8.04746092  3.03485915],landing,[ 0.5677905  -0.59831228 -0.99408226]
472.27688670158386,1003,False,3,4,[ 7.95785723 -3.46604706  4.        ],exiting,[ 0.63925976  0.24903542 -0.34837281]
472.27688670158386,1004,False,2,1,[2.05315023 5.23161216 4.00000402],cruising,[-0.62185191  0.08809385  0.93462812]
472.27688670158386,1005,False,5,0,[-8.09961466  7.93224456  1.76780507],queued,[ 0.50568378 -0.03156594 -0.11489306]
472.3840546607971,1000,False,1,6,[-3.45976705 -0.29951444  3.99999988],cruising,[-0.82138112 -0.19970136 -0.21083176]
472.3840546607971,1001,False,0,2,[8.0551814  3.58306078 3.99708338],cruising,[-0.48080528  0.59740651 -0.20557775]
472.3840546607971,1002,False,6,3,[-0.48047338 -8.04544035  2.93758511],landing,[ 0.5677905  -0.59831228 -0.99408226]
472.3840546607971,1003,False,3,4,[ 7.90641492 -3.64051235  4.        ],exiting,[ 0.63925976  0.24903542 -0.34837281]
472.3840546607971,1004,False,2,1,[2.24229194 5.166609   4.00000342],cruising,[-0.62185191  0.08809385  0.93462812]
472.3840546607971,1005,False,5,0,[-8.09961466  7.93224456  1.84280507],queued,[ 0.50568378 -0.03156594 -0.11489306]
472.4766409397125,1000,False,1,6,[-3.53564936 -0.11446883  3.9999999 ],cruising,[-0.82138112 -0.19970136 -0.21083176]
472.4766409397125,1001,False,0,2,[8.14275214 3.40541166 3.99761678],cruising,[-0.48080528  0.59740651 -0.20557775]
472.4766409397125,1002,False,6,3,[-0.50357486 -8.04341978  2.84031107],landing,[ 0.5677905  -0.59831228 -0.99408226]
472.4766409397125,1003,False,3,4,[ 7.8687229  -3.80045422  4.        ],exiting,[ 0.63925976  0.24903542 -0.34837281]
472.4766409397125,1004,False,2,1,[2.43602932 5.11695189 4.00000291],cruising,[-0.62185191  0.08809385  0.93462812]
472.4766409397125,1005,False,5,0,[-8.09961466  7.93224456  1.91780507],queued,[ 0.50568378 -0.03156594 -0.11489306]
472.58434772491455,1000,False,1,6,[-3.62213757  0.06586361  3.99999991],cruising,[-0.82138112 -0.19970136 -0.21083176]
472.58434772491455,1001,False,0,2,[8.21200729 3.21972945 3.9980576 ],cruising,[-0.48080528  0.59740651 -0.20557775]
472.58434772491455,1002,False,6,3,[-0.52667634 -8.04139921  2.74303703],landing,[ 0.5677905  -0.59831228 -0.99408226]
472.58434772491455,1003,False,3,4,[ 7.84496372 -3.94604772  4.        ],exiting,[ 0.63925976  0.24903542 -0.34837281]
472.58434772491455,1004,False,2,1,[2.63176196 5.07585768 4.00000247],cruising,[-0.62185191  0.08809385  0.93462812]
472.58434772491455,1005,False,5,0,[-8.09961466  7.93224456  1.99280507],queued,[ 0.50568378 -0.03156594 -0.11489306]
472.6769132614136,1000,False,1,6,[-3.71625046  0.24233673  3.99999993],cruising,[-0.82138112 -0.19970136 -0.21083176]
472.6769132614136,1001,False,0,2,[8.26242605 3.02732559 3.99839848],cruising,[-0.48080528  0.59740651 -0.20557775]
472.6769132614136,1002,False,6,3,[-0.54977782 -8.03937864  2.64576299],landing,[ 0.5677905  -0.59831228 -0.99408226]
472.6769132614136,1003,False,3,4,[ 7.83537035 -4.0775228   4.        ],exiting,[ 0.63925976  0.24903542 -0.34837281]
472.6769132614136,1004,False,2,1,[2.82887224 5.04198237 4.0000021 ],cruising,[-0.62185191  0.08809385  0.93462812]
472.6769132614136,1005,False,5,0,[-8.09961466  7.93224456  2.06780507],queued,[ 0.50568378 -0.03156594 -0.11489306]
472.7754924297333,1000,False,1,6,[-3.81639368  0.41545905  3.99999994],cruising,[-0.82138112 -0.19970136 -0.21083176]
472.7754924297333,1001,False,0,2,[8.30018505 2.83092229 3.99863871],cruising,[-0.48080528  0.59740651 -0.20557775]
472.7754924297333,1002,False,6,3,[-0.5728793  -8.03735807  2.54848895],landing,[ 0.5677905  -0.59831228 -0.99408226]
472.7754924297333,1003,False,3,4,[ 7.84012264 -4.19506223  4.        ],exiting,[ 0.63925976  0.24903542 -0.34837281]
472.7754924297333,1004,False,2,1,[3.02691481 5.0140693  4.00000178],cruising,[-0.62185191  0.08809385  0.93462812]
472.7754924297333,1005,False,5,0,[-8.09961466  7.93224456  2.14280507],queued,[ 0.50568378 -0.03156594 -0.11489306]
472.87968277931213,1000,False,1,6,[-3.92125849  0.58576281  3.99999995],cruising,[-0.82138112 -0.19970136 -0.21083176]
472.87968277931213,1001,False,0,2,[8.33186428 2.63344716 3.9988429 ],cruising,[-0.48080528  0.59740651 -0.20557775]
472.87968277931213,1002,False,6,3,[-0.59598078 -8.0353375   2.45121491],landing,[ 0.5677905  -0.59831228 -0.99408226]
472.87968277931213,1003,False,3,4,[ 7.85939923 -4.29885231  4.        ],exiting,[ 0.63925976  0.24903542 -0.34837281]
472.87968277931213,1004,False,2,1,[3.22557666 4.99097234 4.00000152],cruising,[-0.62185191  0.08809385  0.93462812]
472.87968277931213,1005,False,5,0,[-8.09961466  7.93224456  2.21780507],queued,[ 0.50568378 -0.03156594 -0.11489306]
472.97757387161255,1000,False,1,6,[-4.0308245   0.75308074  3.99999995],cruising,[-0.82138112 -0.19970136 -0.21083176]
472.97757387161255,1001,False,0,2,[8.35863723 2.43524724 3.99901647],cruising,[-0.48080528  0.59740651 -0.20557775]
472.97757387161255,1002,False,6,3,[-0.61908226 -8.03331694  2.35394087],landing,[ 0.5677905  -0.59831228 -0.99408226]
472.97757387161255,1003,False,3,4,[ 7.88699605 -4.39496898  4.        ],exiting,[ 0.63925976  0.24903542 -0.34837281]
472.97757387161255,1004,False,2,1,[3.42464215 4.97166087 4.00000129],cruising,[-0.62185191  0.08809385  0.93462812]
472.97757387161255,1005,False,5,0,[-8.09961466  7.93224456  2.29280507],queued,[ 0.50568378 -0.03156594 -0.11489306]
473.08527970314026,1000,False,1,6,[-4.14271222  0.9188551   3.99999996],cruising,[-0.82138112 -0.19970136 -0.21083176]
473.08527970314026,1001,False,0,2,[8.38443547 2.23691809 3.999164  ],cruising,[-0.48080528  0.59740651 -0.20557775]
473.08527970314026,1002,False,6,3,[-0.64218374 -8.03129637  2.25666683],landing,[ 0.5677905  -0.59831228 -0.99408226]
473.08527970314026,1003,False,3,4,[ 7.91459288 -4.49108566  4.        ],exiting,[ 0.63925976  0.24903542 -0.34837281]
473.08527970314026,1004,False,2,1,[3.62396473 4.95521371 4.0000011 ],cruising,[-0.62185191  0.08809385  0.93462812]
473.08527970314026,1005,False,5,0,[-8.09961466  7.93224456  2.36780507],queued,[ 0.50568378 -0.03156594 -0.11489306]
473.1743516921997,1000,False,1,6,[-4.25633338  1.0834462   3.99999997],cruising,[-0.82138112 -0.19970136 -0.21083176]
473.1743516921997,1001,False,0,2,[8.40563813 2.03804515 3.9992894 ],cruising,[-0.48080528  0.59740651 -0.20557775]
473.1743516921997,1002,False,6,3,[-0.66528522 -8.0292758   2.15939279],landing,[ 0.5677905  -0.59831228 -0.99408226]
473.1743516921997,1003,False,3,4,[ 7.9421897  -4.58720233  4.        ],exiting,[ 0.63925976  0.24903542 -0.34837281]
473.1743516921997,1004,False,2,1,[3.82344518 4.9408071  4.00000093],cruising,[-0.62185191  0.08809385  0.93462812]
473.1743516921997,1005,False,5,0,[-8.09961466  7.93224456  2.44280507],queued,[ 0.50568378 -0.03156594 -0.11489306]
473.28606128692627,1000,False,1,6,[-4.3707781   1.24746573  3.99999997],cruising,[-0.82138112 -0.19970136 -0.21083176]
473.28606128692627,1001,False,0,2,[8.42561402 1.83904524 3.99939599],cruising,[-0.48080528  0.59740651 -0.20557775]
473.28606128692627,1002,False,6,3,[-0.6883867  -8.02725523  2.06211875],landing,[ 0.5677905  -0.59831228 -0.99408226]
473.28606128692627,1003,False,3,4,[ 7.96978653 -4.68331901  4.        ],exiting,[ 0.63925976  0.24903542 -0.34837281]
473.28606128692627,1004,False,2,1,[4.02301521 4.92769975 4.00000079],cruising,[-0.62185191  0.08809385  0.93462812]
473.28606128692627,1005,False,5,0,[-8.09961466  7.93224456  2.51780507],entering,[ 0.50568378 -0.03156594 -0.11489306]
473.3841276168823,1000,False,1,6,[-4.48628395  1.41073973  3.99999998],cruising,[-0.82138112 -0.19970136 -0.21083176]
473.3841276168823,1001,False,0,2,[8.44399511 1.63989169 3.99948659],cruising,[-0.48080528  0.59740651 -0.20557775]
473.3841276168823,1002,False,6,3,[-0.71148818 -8.02523466  1.96484471],landing,[ 0.5677905  -0.59831228 -0.99408226]
473.3841276168823,1003,False,3,4,[ 7.99738335 -4.77943568  4.        ],exiting,[ 0.63925976  0.24903542 -0.34837281]
473.3841276168823,1004,False,2,1,[4.22260019 4.91482208 4.00000067],cruising,[-0.62185191  0.08809385  0.93462812]
473.3841276168823,1005,False,5,0,[-8.08176988  7.92321327  2.59280507],entering,[ 0.50568378 -0.03156594 -0.11489306]
473.47804021835327,1000,False,1,6,[-4.60241147  1.57357216  3.99999998],cruising,[-0.82138112 -0.19970136 -0.21083176]
473.47804021835327,1001,False,0,2,[8.45785774 1.4403727  3.9995636 ],cruising,[-0.48080528  0.59740651 -0.20557775]
473.47804021835327,1002,False,6,3,[-0.73458966 -8.02321409  1.86757067],landing,[ 0.5677905  -0.59831228 -0.99408226]
473.47804021835327,1003,False,3,4,[ 8.02498018 -4.87555236  4.        ],exiting,[ 0.63925976  0.24903542 -0.34837281]
473.47804021835327,1004,False,2,1,[4.42221108 4.90235234 4.00000057],cruising,[-0.62185191  0.08809385  0.93462812]
473.47804021835327,1005,False,5,0,[-8.0460667   7.90517771  2.66780507],entering,[ 0.50568378 -0.03156594 -0.11489306]
473.58486104011536,1000,False,1,6,[-4.71878086  1.73623182  3.99999998],cruising,[-0.82138112 -0.19970136 -0.21083176]
473.58486104011536,1001,False,0,2,[8.47021205 1.24075464 3.99962906],cruising,[-0.48080528  0.59740651 -0.20557775]
473.58486104011536,1002,False,6,3,[-0.75769114 -8.02119352  1.77029663],landing,[ 0.5677905  -0.59831228 -0.99408226]
473.58486104011536,1003,False,3,4,[ 8.052577   -4.97166903  4.        ],exiting,[ 0.63925976  0.24903542 -0.34837281]
473.58486104011536,1004,False,2,1,[4.62180378 4.88959485 4.00000049],cruising,[-0.62185191  0.08809385  0.93462812]
473.58486104011536,1005,False,5,0,[-7.992475    7.87819781  2.74280507],entering,[ 0.50568378 -0.03156594 -0.11489306]
473.67756509780884,1000,False,1,6,[-4.83505549  1.89895923  3.99999999],cruising,[-0.82138112 -0.19970136 -0.21083176]
473.67756509780884,1001,False,0,2,[8.47853749 1.04092799 3.9996847 ],cruising,[-0.48080528  0.59740651 -0.20557775]
473.67756509780884,1002,False,6,3,[-0.78079262 -8.01917295  1.67302259],landing,[ 0.5677905  -0.59831228 -0.99408226]
473.67756509780884,1003,False,3,4,[ 8.08017383 -5.06778571  4.        ],exiting,[ 0.63925976  0.24903542 -0.34837281]
473.67756509780884,1004,False,2,1,[4.82133436 4.87590015 4.00000041],cruising,[-0.62185191  0.08809385  0.93462812]
473.67756509780884,1005,False,5,0,[-7.92093781  7.84238846  2.81780507],entering,[ 0.50568378 -0.03156594 -0.11489306]
473.7825598716736,1000,False,1,6,[-4.95092784  2.06197334  3.99999999],cruising,[-0.82138112 -0.19970136 -0.21083176]
473.7825598716736,1001,False,0,2,[8.48539893 0.84104573 3.999732  ],cruising,[-0.48080528  0.59740651 -0.20557775]
473.7825598716736,1002,False,6,3,[-0.8038941  -8.01715238  1.57574855],landing,[ 0.5677905  -0.59831228 -0.99408226]
473.7825598716736,1003,False,3,4,[ 8.10777066 -5.16390238  4.        ],exiting,[ 0.63925976  0.24903542 -0.34837281]
473.7825598716736,1004,False,2,1,[5.02075166 4.86064431 4.00000035],cruising,[-0.62185191  0.08809385  0.93462812]
473.7825598716736,1005,False,5,0,[-7.83140586  7.79785049  2.89280507],entering,[ 0.50568378 -0.03156594 -0.11489306]
473.88267707824707,1000,False,1,6,[-5.06649507  2.22520389  3.99999999],cruising,[-0.82138112 -0.19970136 -0.21083176]
473.88267707824707,1001,False,0,2,[8.49059046 0.64111312 3.9997722 ],cruising,[-0.48080528  0.59740651 -0.20557775]
473.88267707824707,1002,False,6,3,[-0.82699558 -8.01513182  1.47847451],fake_landed,[ 0.5677905  -0.59831228 -0.99408226]
473.88267707824707,1003,False,3,4,[ 8.13536748 -5.26001906  4.        ],exiting,[ 0.63925976  0.24903542 -0.34837281]
473.88267707824707,1004,False,2,1,[5.22008056 4.84427382 4.0000003 ],cruising,[-0.62185191  0.08809385  0.93462812]
473.88267707824707,1005,False,5,0,[-7.72385452  7.74463487  2.96780507],entering,[ 0.50568378 -0.03156594 -0.11489306]
473.9773759841919,1000,False,1,6,[-5.18113446  2.38908742  3.99999999],cruising,[-0.82138112 -0.19970136 -0.21083176]
473.9773759841919,1001,False,0,2,[8.49395836 0.44114148 3.99980637],cruising,[-0.48080528  0.59740651 -0.20557775]
473.9773759841919,1002,False,6,3,[-0.84547676 -8.01351536  1.40065528],fake_landed,[ 0.5677905  -0.59831228 -0.99408226]
473.9773759841919,1003,False,3,4,[ 8.16296431 -5.35613573  4.        ],exiting,[ 0.63925976  0.24903542 -0.34837281]
473.9773759841919,1004,False,2,1,[5.41916786 4.82518865 4.00000025],cruising,[-0.62185191  0.08809385  0.93462812]
473.9773759841919,1005,False,5,0,[-7.59826654  7.68277752  3.04280507],entering,[ 0.50568378 -0.03156594 -0.11489306]
474.08195662498474,1000,False,1,6,[-5.29454581  2.55382316  3.99999999],cruising,[-0.82138112 -0.19970136 -0.21083176]
474.08195662498474,1001,False,0,2,[8.49325559 0.24114271 3.99983541],cruising,[-0.48080528  0.59740651 -0.20557775]
474.08195662498474,1002,False,6,3,[-0.85933765 -8.01230302  1.34229085],fake_landed,[ 0.5677905  -0.59831228 -0.99408226]
474.08195662498474,1003,False,3,4,[ 8.19056113 -5.45225241  4.        ],exiting,[ 0.63925976  0.24903542 -0.34837281]
474.08195662498474,1004,False,2,1,[5.61790148 4.80271754 4.00000022],cruising,[-0.62185191  0.08809385  0.93462812]
474.08195662498474,1005,False,5,0,[-7.45419525  7.61328032  3.11780507],entering,[ 0.50568378 -0.03156594 -0.11489306]
474.1894226074219,1000,False,1,6,[-5.40641729  2.71960848  3.99999999],cruising,[-0.82138112 -0.19970136 -0.21083176]
474.1894226074219,1001,False,0,2,[8.49090463 0.04115653 3.9998601 ],cruising,[-0.48080528  0.59740651 -0.20557775]
474.1894226074219,1002,False,6,3,[-0.86857824 -8.01149479  1.30338123],fake_landed,[ 0.5677905  -0.59831228 -0.99408226]
474.1894226074219,1003,False,3,4,[ 8.21815796 -5.54836908  4.        ],exiting,[ 0.63925976  0.24903542 -0.34837281]
474.1894226074219,1004,False,2,1,[5.81612915 4.77615081 4.00000018],cruising,[-0.62185191  0.08809385  0.93462812]
474.1894226074219,1005,False,5,0,[-7.29140744  7.53673386  3.19280507],entering,[ 0.50568378 -0.03156594 -0.11489306]
474.2789497375488,1000,False,1,6,[-5.51641227  2.88664472  3.99999999],cruising,[-0.82138112 -0.19970136 -0.21083176]
474.2789497375488,1001,False,0,2,[ 8.48675278 -0.15880037  3.99988109],cruising,[-0.48080528  0.59740651 -0.20557775]
474.2789497375488,1002,False,6,3,[-0.87319854 -8.01109068  1.28392643],fake_landed,[ 0.5677905  -0.59831228 -0.99408226]
474.2789497375488,1003,False,3,4,[ 8.24575478 -5.64448576  4.        ],exiting,[ 0.63925976  0.24903542 -0.34837281]
474.2789497375488,1004,False,2,1,[6.01364411 4.74472088 4.00000016],cruising,[-0.62185191  0.08809385  0.93462812]
474.2789497375488,1005,False,5,0,[-7.10913641  7.45567037  3.26780507],entering,[ 0.50568378 -0.03156594 -0.11489306]
474.38051557540894,1000,False,1,6,[-5.62531946  3.05439222  4.        ],cruising,[-0.82138112 -0.19970136 -0.21083176]
474.38051557540894,1001,False,0,2,[ 8.47865433 -0.35863634  3.99989892],cruising,[-0.48080528  0.59740651 -0.20557775]
474.38051557540894,1002,False,6,3,[-0.87319854 -8.01109068  1.28392643],fake_landed,[ 0.5677905  -0.59831228 -0.99408226]
474.38051557540894,1003,False,3,4,[ 8.27335161 -5.74060243  4.        ],exiting,[ 0.63925976  0.24903542 -0.34837281]
474.38051557540894,1004,False,2,1,[6.21016586 4.7075833  4.00000013],cruising,[-0.62185191  0.08809385  0.93462812]
474.38051557540894,1005,False,5,0,[-6.92534683  7.37679456  3.34280507],entering,[ 0.50568378 -0.03156594 -0.11489306]
474.4884169101715,1000,False,1,6,[-5.73150841  3.22387351  4.        ],cruising,[-0.82138112 -0.19970136 -0.21083176]
474.4884169101715,1001,False,0,2,[ 8.4688588  -0.55839632  3.99991408],cruising,[-0.48080528  0.59740651 -0.20557775]
474.4884169101715,1002,False,3,5,[-0.87319854 -8.01109068  1.28392643],waiting,[ 0.5677905  -0.59831228 -0.99408226]
474.4884169101715,1003,False,3,4,[ 8.30094843 -5.83671911  4.        ],exiting,[ 0.63925976  0.24903542 -0.34837281]
474.4884169101715,1004,False,2,1,[6.40531443 4.66379931 4.00000011],cruising,[-0.62185191  0.08809385  0.93462812]
474.4884169101715,1005,False,5,0,[-6.73942471  7.3030859   3.41780507],entering,[ 0.50568378 -0.03156594 -0.11489306]
474.57718324661255,1000,False,1,6,[-5.83451008  3.39531054  4.        ],cruising,[-0.82138112 -0.19970136 -0.21083176]
474.57718324661255,1001,False,0,2,[ 8.45719914 -0.75805616  3.99992697],cruising,[-0.48080528  0.59740651 -0.20557775]
474.57718324661255,1002,False,3,5,[-0.87319854 -8.01109068  1.28392643],waiting,[ 0.5677905  -0.59831228 -0.99408226]
474.57718324661255,1003,False,3,4,[ 8.32854526 -5.93283578  4.        ],exiting,[ 0.63925976  0.24903542 -0.34837281]
474.57718324661255,1004,False,2,1,[6.59857606 4.61232174 4.0000001 ],cruising,[-0.62185191  0.08809385  0.93462812]
474.57718324661255,1005,False,5,0,[-6.55195522  7.23340673  3.49280507],entering,[ 0.50568378 -0.03156594 -0.11489306]
474.6827778816223,1000,False,1,6,[-5.93375501  3.56894937  4.        ],cruising,[-0.82138112 -0.19970136 -0.21083176]
474.6827778816223,1001,False,0,2,[ 8.44353129 -0.95758859  3.99993793],cruising,[-0.48080528  0.59740651 -0.20557775]
474.6827778816223,1002,False,3,5,[-0.87319854 -8.01109068  1.28392643],waiting,[ 0.5677905  -0.59831228 -0.99408226]
474.6827778816223,1003,False,3,4,[ 8.35614208 -6.02895246  4.        ],exiting,[ 0.63925976  0.24903542 -0.34837281]
474.6827778816223,1004,False,2,1,[6.78925867 4.55198813 4.00000008],cruising,[-0.62185191  0.08809385  0.93462812]
474.6827778816223,1005,False,5,0,[-6.3627852   7.16848597  3.56780507],entering,[ 0.50568378 -0.03156594 -0.11489306]
474.78553009033203,1000,False,1,6,[-6.02854125  3.74506175  4.        ],cruising,[-0.82138112 -0.19970136 -0.21083176]
474.78553009033203,1001,False,0,2,[ 8.42557682 -1.15678105  3.99994724],cruising,[-0.48080528  0.59740651 -0.20557775]
474.78553009033203,1002,False,3,5,[-0.87319854 -8.01109068  1.28392643],waiting,[ 0.5677905  -0.59831228 -0.99408226]
474.78553009033203,1003,False,3,4,[ 8.38373891 -6.12506913  4.        ],exiting,[ 0.63925976  0.24903542 -0.34837281]
474.78553009033203,1004,False,2,1,[6.97643578 4.4815273  4.00000007],cruising,[-0.62185191  0.08809385  0.93462812]
474.78553009033203,1005,False,5,0,[-6.17156766  7.10986983  3.63263431],entering,[ 0.50568378 -0.03156594 -0.11489306]
474.87964129447937,1000,False,1,6,[-6.11799167  3.92394333  4.        ],cruising,[-0.82138112 -0.19970136 -0.21083176]
474.87964129447937,1001,False,0,2,[ 8.40567478 -1.35578836  3.99995515],cruising,[-0.48080528  0.59740651 -0.20557775]
474.87964129447937,1002,False,3,5,[-0.87319854 -8.01109068  1.28392643],waiting,[ 0.5677905  -0.59831228 -0.99408226]
474.87964129447937,1003,False,3,4,[ 8.41133573 -6.22118581  4.        ],exiting,[ 0.63925976  0.24903542 -0.34837281]
474.87964129447937,1004,False,2,1,[7.15888082 4.39958949 4.00000006],cruising,[-0.62185191  0.08809385  0.93462812]
474.87964129447937,1005,False,5,0,[-5.97808778  7.05921871  3.68773916],entering,[ 0.50568378 -0.03156594 -0.11489306]
474.9767379760742,1000,False,1,6,[-6.20099676  4.1059053   4.        ],cruising,[-0.82138112 -0.19970136 -0.21083176]
474.9767379760742,1001,False,0,2,[ 8.38362877 -1.55456958  3.99996188],cruising,[-0.48080528  0.59740651 -0.20557775]
474.9767379760742,1002,False,3,5,[-0.87319854 -8.01109068  1.28392643],queued,[ 0.5677905  -0.59831228 -0.99408226]
474.9767379760742,1003,False,3,4,[ 8.43893256 -6.31730249  4.        ],exiting,[ 0.63925976  0.24903542 -0.34837281]
474.9767379760742,1004,False,2,1,[7.3349985  4.30481309 4.00000005],cruising,[-0.62185191  0.08809385  0.93462812]
474.9767379760742,1005,False,5,0,[-5.78252682  7.01731512  3.73457829],entering,[ 0.50568378 -0.03156594 -0.11489306]
475.07498002052307,1000,False,1,6,[-6.27189846  4.29291585  4.        ],cruising,[-0.82138112 -0.19970136 -0.21083176]
475.07498002052307,1001,False,0,2,[ 8.35692422 -1.75277873  3.9999676 ],cruising,[-0.48080528  0.59740651 -0.20557775]
475.07498002052307,1002,False,3,5,[-0.87319854 -8.01109068  1.30392643],queued,[ 0.5677905  -0.59831228 -0.99408226]
475.07498002052307,1003,False,3,4,[ 8.46652938 -6.41341916  4.        ],exiting,[ 0.63925976  0.24903542 -0.34837281]
475.07498002052307,1004,False,2,1,[7.50277021 4.1959432  4.00000004],cruising,[-0.62185191  0.08809385  0.93462812]
475.07498002052307,1005,False,5,0,[-5.58534042  6.98388572  3.77439155],entering,[ 0.50568378 -0.03156594 -0.11489306]
475.17663979530334,1000,False,1,6,[-6.33294866  4.48337024  4.        ],cruising,[-0.82138112 -0.19970136 -0.21083176]
475.17663979530334,1001,False,0,2,[ 8.32800542 -1.95067694  3.99997246],cruising,[-0.48080528  0.59740651 -0.20557775]
475.17663979530334,1002,False,3,5,[-0.87319854 -8.01109068  1.34392643],queued,[ 0.5677905  -0.59831228 -0.99408226]
475.17663979530334,1003,False,3,4,[ 8.49412621 -6.50953584  4.        ],exiting,[ 0.63925976  0.24903542 -0.34837281]
475.17663979530334,1004,False,2,1,[7.65851769 4.07109149 4.00000004],cruising,[-0.62185191  0.08809385  0.93462812]
475.17663979530334,1005,False,5,0,[-5.38642396  6.96309529  3.80823281],entering,[ 0.50568378 -0.03156594 -0.11489306]
475.27421045303345,1000,False,1,6,[-6.3746714   4.67896757  4.        ],cruising,[-0.82138112 -0.19970136 -0.21083176]
475.27421045303345,1001,False,0,2,[ 8.29661183 -2.14819768  3.99997659],cruising,[-0.48080528  0.59740651 -0.20557775]
475.27421045303345,1002,False,3,5,[-0.87319854 -8.01109068  1.40392643],queued,[ 0.5677905  -0.59831228 -0.99408226]
475.27421045303345,1003,False,3,4,[ 8.52172303 -6.60565251  4.        ],exiting,[ 0.63925976  0.24903542 -0.34837281]
475.27421045303345,1004,False,2,1,[7.80085042 3.93140591 4.00000003],cruising,[-0.62185191  0.08809385  0.93462812]
475.27421045303345,1005,False,5,0,[-5.18671722  6.95226865  3.83699789],entering,[ 0.50568378 -0.03156594 -0.11489306]
475.38291120529175,1000,False,1,6,[-6.39996184  4.87736211  4.        ],cruising,[-0.82138112 -0.19970136 -0.21083176]
475.38291120529175,1001,False,0,2,[ 8.25975871 -2.34477298  3.9999801 ],cruising,[-0.48080528  0.59740651 -0.20557775]
475.38291120529175,1002,False,3,5,[-0.87319854 -8.01109068  1.47892643],queued,[ 0.5677905  -0.59831228 -0.99408226]
475.38291120529175,1003,False,3,4,[ 8.54931986 -6.70176919  4.        ],exiting,[ 0.63925976  0.24903542 -0.34837281]
475.38291120529175,1004,False,2,1,[7.92830582 3.77835374 4.00000003],cruising,[-0.62185191  0.08809385  0.93462812]
475.38291120529175,1005,False,5,0,[-4.98671797  6.9517185   3.86144821],cruising,[ 0.50568378 -0.03156594 -0.11489306]
475.4748103618622,1000,False,1,6,[-6.40527275  5.0766615   4.        ],cruising,[-0.82138112 -0.19970136 -0.21083176]
475.4748103618622,1001,False,0,2,[ 8.22020573 -2.54082287  3.99998309],cruising,[-0.48080528  0.59740651 -0.20557775]
475.4748103618622,1002,False,3,5,[-0.87319854 -8.01109068  1.55392643],queued,[ 0.5677905  -0.59831228 -0.99408226]
475.4748103618622,1003,False,3,4,[ 8.57691668 -6.79788586  4.        ],exiting,[ 0.63925976  0.24903542 -0.34837281]
475.4748103618622,1004,False,2,1,[8.03953428 3.61361029 4.00000002],cruising,[-0.62185191  0.08809385  0.93462812]
475.4748103618622,1005,False,5,0,[-4.78693297  6.96098959  3.88223098],cruising,[ 0.50568378 -0.03156594 -0.11489306]
475.5879306793213,1000,False,1,6,[-6.39071428  5.27367883  4.        ],cruising,[-0.82138112 -0.19970136 -0.21083176]
475.5879306793213,1001,False,0,2,[ 8.17449989 -2.73553029  3.99998562],cruising,[-0.48080528  0.59740651 -0.20557775]
475.5879306793213,1002,False,3,5,[-0.87319854 -8.01109068  1.62892643],queued,[ 0.5677905  -0.59831228 -0.99408226]
475.5879306793213,1003,False,3,4,[ 8.60451351 -6.89400254  4.        ],exiting,[ 0.63925976  0.24903542 -0.34837281]
475.5879306793213,1004,False,2,1,[8.13317785 3.43933942 4.00000002],cruising,[-0.62185191  0.08809385  0.93462812]
475.5879306793213,1005,False,5,0,[-4.58773875  6.97892447  3.89989633],cruising,[ 0.50568378 -0.03156594 -0.11489306]
475.6755108833313,1000,False,1,6,[-6.35663382  5.4663497   4.        ],cruising,[-0.82138112 -0.19970136 -0.21083176]
475.6755108833313,1001,False,0,2,[ 8.1256306  -2.92946788  3.99998778],cruising,[-0.48080528  0.59740651 -0.20557775]
475.6755108833313,1002,False,3,5,[-0.87319854 -8.01109068  1.70392643],queued,[ 0.5677905  -0.59831228 -0.99408226]
475.6755108833313,1003,False,3,4,[ 8.63211033 -6.99011921  4.        ],exiting,[ 0.63925976  0.24903542 -0.34837281]
475.6755108833313,1004,False,2,1,[8.2088126  3.25636899 4.00000001],exiting,[-0.62185191  0.08809385  0.93462812]
475.6755108833313,1005,False,5,0,[-4.38930789  7.0039284   3.91491188],cruising,[ 0.50568378 -0.03156594 -0.11489306]
475.7798149585724,1000,False,1,6,[-6.30370549  5.65233043  4.        ],cruising,[-0.82138112 -0.19970136 -0.21083176]
475.7798149585724,1001,False,0,2,[ 8.06941651 -3.12140531  3.99998961],cruising,[-0.48080528  0.59740651 -0.20557775]
475.7798149585724,1002,False,3,5,[-0.87319854 -8.01109068  1.77892643],queued,[ 0.5677905  -0.59831228 -0.99408226]
475.7798149585724,1003,False,3,4,[ 8.65970716 -7.08623589  4.        ],landing,[ 0.63925976  0.24903542 -0.34837281]
475.7798149585724,1004,False,2,1,[8.26591223 3.08091182 4.00000001],exiting,[-0.62185191  0.08809385  0.93462812]
475.7798149585724,1005,False,5,0,[-4.19161869  7.03424306  3.9276751 ],cruising,[ 0.50568378 -0.03156594 -0.11489306]
475.8745014667511,1000,False,1,6,[-6.2328696   5.82940504  4.        ],cruising,[-0.82138112 -0.19970136 -0.21083176]
475.8745014667511,1001,False,0,2,[ 8.00929503 -3.31215491  3.99999117],cruising,[-0.48080528  0.59740651 -0.20557775]
475.8745014667511,1002,False,3,5,[-0.87319854 -8.01109068  1.85392643],entering,[ 0.5677905  -0.59831228 -0.99408226]
475.8745014667511,1003,False,3,4,[ 8.68038253 -7.17010893  3.98578076],landing,[ 0.63925976  0.24903542 -0.34837281]
475.8745014667511,1004,False,2,1,[8.30693758 2.91735497 4.00000001],exiting,[-0.62185191  0.08809385  0.93462812]
475.8745014667511,1005,False,5,0,[-3.9945136   7.0681486   3.93852383],cruising,[ 0.50568378 -0.03156594 -0.11489306]
475.97461581230164,1000,False,1,6,[-6.14520526  5.99567208  4.        ],cruising,[-0.82138112 -0.19970136 -0.21083176]
475.97461581230164,1001,False,0,2,[ 7.93994163 -3.49974517  3.99999249],cruising,[-0.48080528  0.59740651 -0.20557775]
475.97461581230164,1002,False,3,5,[-0.87968999 -7.99217346  1.92892643],entering,[ 0.5677905  -0.59831228 -0.99408226]
475.97461581230164,1003,False,3,4,[ 8.69412403 -7.24156067  3.95750332],landing,[ 0.63925976  0.24903542 -0.34837281]
475.97461581230164,1004,False,2,1,[8.33306029 2.76713646 4.00000001],exiting,[-0.62185191  0.08809385  0.93462812]
475.97461581230164,1005,False,5,0,[-3.79776659  7.10407368  3.94774526],cruising,[ 0.50568378 -0.03156594 -0.11489306]
476.0837137699127,1000,False,1,6,[-6.0420297   6.14931367  4.        ],cruising,[-0.82138112 -0.19970136 -0.21083176]
476.0837137699127,1001,False,0,2,[ 7.8602923  -3.68320084  3.99999362],cruising,[-0.48080528  0.59740651 -0.20557775]
476.0837137699127,1002,False,3,5,[-0.8926729  -7.95433903  2.00392643],entering,[ 0.5677905  -0.59831228 -0.99408226]
476.0837137699127,1003,False,3,4,[ 8.70091808 -7.30038096  3.91536301],landing,[ 0.63925976  0.24903542 -0.34837281]
476.0837137699127,1004,False,2,1,[8.34494534 2.63096391 4.        ],exiting,[-0.62185191  0.08809385  0.93462812]
476.0837137699127,1005,False,5,0,[-3.60069765  7.13818867  3.95558347],cruising,[ 0.50568378 -0.03156594 -0.11489306]
476.1748251914978,1000,False,1,6,[-5.92424589  6.28929513  4.        ],cruising,[-0.82138112 -0.19970136 -0.21083176]
476.1748251914978,1001,False,0,2,[ 7.77487557 -3.86404326  3.99999458],cruising,[-0.48080528  0.59740651 -0.20557775]
476.1748251914978,1002,False,3,5,[-0.91214726 -7.89758739  2.07892643],entering,[ 0.5677905  -0.59831228 -0.99408226]
476.1748251914978,1003,False,3,4,[ 8.70074805 -7.34627849  3.85963947],landing,[ 0.63925976  0.24903542 -0.34837281]
476.1748251914978,1004,False,2,1,[8.34307239 2.50930746 4.        ],exiting,[-0.62185191  0.08809385  0.93462812]
476.1748251914978,1005,False,5,0,[-3.40360136  7.17214534  3.96224595],cruising,[ 0.50568378 -0.03156594 -0.11489306]
476.27644896507263,1000,False,1,6,[-5.79273243  6.41473367  4.        ],cruising,[-0.82138112 -0.19970136 -0.21083176]
476.27644896507263,1001,False,0,2,[ 7.67532588 -4.03750755  3.99999539],cruising,[-0.48080528  0.59740651 -0.20557775]
476.27644896507263,1002,False,3,5,[-0.93811308 -7.82191853  2.15392643],entering,[ 0.5677905  -0.59831228 -0.99408226]
476.27644896507263,1003,False,3,4,[ 8.69360267 -7.37902413  3.79056034],landing,[ 0.63925976  0.24903542 -0.34837281]
476.27644896507263,1004,False,2,1,[8.32787426 2.40256544 4.        ],exiting,[-0.62185191  0.08809385  0.93462812]
476.27644896507263,1005,False,5,0,[-3.20627847  7.20475935  3.96790906],cruising,[ 0.50568378 -0.03156594 -0.11489306]
476.3791377544403,1000,False,1,6,[-5.6483103   6.52489589  4.        ],cruising,[-0.82138112 -0.19970136 -0.21083176]
476.3791377544403,1001,False,0,2,[ 7.55922395 -4.19974585  3.99999612],cruising,[-0.48080528  0.59740651 -0.20557775]
476.3791377544403,1002,False,3,5,[-0.97057035 -7.72733245  2.22892643],entering,[ 0.5677905  -0.59831228 -0.99408226]
476.3791377544403,1003,False,3,4,[ 8.67947266 -7.39839671  3.70835198],landing,[ 0.63925976  0.24903542 -0.34837281]
476.3791377544403,1004,False,2,1,[8.29985334 2.31117189 4.        ],exiting,[-0.62185191  0.08809385  0.93462812]
476.3791377544403,1005,False,5,0,[-3.00818387  7.23230084  3.9727227 ],cruising,[ 0.50568378 -0.03156594 -0.11489306]
476.4752948284149,1000,False,1,6,[-5.49170968  6.61919353  4.        ],cruising,[-0.82138112 -0.19970136 -0.21083176]
476.4752948284149,1001,False,0,2,[ 7.42784233 -4.34907943  3.99999677],cruising,[-0.48080528  0.59740651 -0.20557775]
476.4752948284149,1002,False,3,5,[-1.00951907 -7.61382916  2.30392643],entering,[ 0.5677905  -0.59831228 -0.99408226]
476.4752948284149,1003,False,3,4,[ 8.65835035 -7.40417318  3.61324969],landing,[ 0.63925976  0.24903542 -0.34837281]
476.4752948284149,1004,False,2,1,[8.25926545 2.23533699 4.        ],exiting,[-0.62185191  0.08809385  0.93462812]
476.4752948284149,1005,False,5,0,[-2.80968532  7.25676153  3.97681429],cruising,[ 0.50568378 -0.03156594 -0.11489306]
476.5758526325226,1000,False,1,6,[-5.3235279   6.69718545  4.        ],cruising,[-0.82138112 -0.19970136 -0.21083176]
476.5758526325226,1001,False,0,2,[ 7.28305067 -4.48357487  3.99999736],cruising,[-0.48080528  0.59740651 -0.20557775]
476.5758526325226,1002,False,3,5,[-1.05495925 -7.48140866  2.37892643],entering,[ 0.5677905  -0.59831228 -0.99408226]
476.5758526325226,1003,False,3,4,[ 8.63595386 -7.40743312  3.51584451],landing,[ 0.63925976  0.24903542 -0.34837281]
476.5758526325226,1004,False,2,1,[8.20637486 2.17527052 4.        ],exiting,[-0.62185191  0.08809385  0.93462812]
476.5758526325226,1005,False,5,0,[-2.61042499  7.27394636  3.98029215],cruising,[ 0.50568378 -0.03156594 -0.11489306]
476.68401551246643,1000,False,1,6,[-5.14415357  6.75860248  4.        ],cruising,[-0.82138112 -0.19970136 -0.21083176]
476.68401551246643,1001,False,0,2,[ 7.12722946 -4.60138651  3.99999791],cruising,[-0.48080528  0.59740651 -0.20557775]
476.68401551246643,1002,False,3,5,[-1.10689088 -7.33007094  2.45392643],entering,[ 0.5677905  -0.59831228 -0.99408226]
476.68401551246643,1003,False,3,4,[ 8.61355737 -7.41069306  3.41843932],landing,[ 0.63925976  0.24903542 -0.34837281]
476.68401551246643,1004,False,2,1,[8.14145474 2.13118186 3.99999999],exiting,[-0.62185191  0.08809385  0.93462812]
476.68401551246643,1005,False,5,0,[-2.41079217  7.28605988  3.98324833],cruising,[ 0.50568378 -0.03156594 -0.11489306]
476.774316072464,1000,False,1,6,[-4.95354234  6.80347466  4.        ],cruising,[-0.82138112 -0.19970136 -0.21083176]
476.774316072464,1001,False,0,2,[ 6.96253505 -4.70127424  3.9999984 ],cruising,[-0.48080528  0.59740651 -0.20557775]
476.774316072464,1002,False,3,5,[-1.16531396 -7.159816    2.52892643],entering,[ 0.5677905  -0.59831228 -0.99408226]
476.774316072464,1003,False,3,4,[ 8.59116089 -7.41395301  3.32103414],landing,[ 0.63925976  0.24903542 -0.34837281]
476.774316072464,1004,False,2,1,[8.06478784 2.10328003 3.99999999],exiting,[-0.62185191  0.08809385  0.93462812]
476.774316072464,1005,False,5,0,[-2.21079918  7.28773508  3.98576108],cruising,[ 0.50568378 -0.03156594 -0.11489306]
476.88976788520813,1000,False,1,6,[-4.75741854  6.84265954  4.        ],cruising,[-0.82138112 -0.19970136 -0.21083176]
476.88976788520813,1001,False,0,2,[ 6.79113441 -4.78231983  3.99999886],cruising,[-0.48080528  0.59740651 -0.20557775]
476.88976788520813,1002,False,3,5,[-1.23148208 -6.97112158  2.60392643],entering,[ 0.5677905  -0.59831228 -0.99408226]
476.88976788520813,1003,False,3,4,[ 8.5687644  -7.41721295  3.22362895],landing,[ 0.63925976  0.24903542 -0.34837281]
476.88976788520813,1004,False,2,1,[7.97666746 2.09177385 4.        ],exiting,[-0.62185191  0.08809385  0.93462812]
476.88976788520813,1005,False,5,0,[-2.01142346  7.27194515  3.98789692],cruising,[ 0.50568378 -0.03156594 -0.11489306]
476.97433972358704,1000,False,1,6,[-4.56161544  6.88341667  4.        ],cruising,[-0.82138112 -0.19970136 -0.21083176]
476.97433972358704,1001,False,0,2,[ 6.61521558 -4.84388246  3.99999927],cruising,[-0.48080528  0.59740651 -0.20557775]
476.97433972358704,1002,False,3,5,[-1.29766604 -6.7823898   2.67892643],entering,[ 0.5677905  -0.59831228 -0.99408226]
476.97433972358704,1003,False,3,4,[ 8.54636791 -7.42047289  3.12622377],landing,[ 0.63925976  0.24903542 -0.34837281]
476.97433972358704,1004,False,2,1,[7.87739843 2.09687212 4.        ],exiting,[-0.62185191  0.08809385  0.93462812]
476.97433972358704,1005,False,5,0,[-1.81445817  7.23723672  3.98971238],cruising,[ 0.50568378 -0.03156594 -0.11489306]
477.0846691131592,1000,False,1,6,[-4.36655055  6.92757196  4.        ],cruising,[-0.82138112 -0.19970136 -0.21083176]
477.0846691131592,1001,False,0,2,[ 6.43680774 -4.88560057  3.99999963],cruising,[-0.48080528  0.59740651 -0.20557775]
477.0846691131592,1002,False,3,5,[-1.36384999 -6.59365803  2.75392643],entering,[ 0.5677905  -0.59831228 -0.99408226]
477.0846691131592,1003,False,3,4,[ 8.52397142 -7.42373283  3.02881858],landing,[ 0.63925976  0.24903542 -0.34837281]
477.0846691131592,1004,False,2,1,[7.77757603 2.10282938 4.        ],exiting,[-0.62185191  0.08809385  0.93462812]
477.0846691131592,1005,False,5,0,[-1.6211205   7.18604549  3.99125552],cruising,[ 0.50568378 -0.03156594 -0.11489306]
477.1797308921814,1000,False,1,6,[-4.17192777  6.97363683  4.        ],cruising,[-0.82138112 -0.19970136 -0.21083176]
477.1797308921814,1001,False,0,2,[ 6.25765188 -4.90733267  3.99999994],cruising,[-0.48080528  0.59740651 -0.20557775]
477.1797308921814,1002,False,3,5,[-1.43081177 -6.40520082  2.82892643],entering,[ 0.5677905  -0.59831228 -0.99408226]
477.1797308921814,1003,False,3,4,[ 8.50157493 -7.42699278  2.9314134 ],landing,[ 0.63925976  0.24903542 -0.34837281]
477.1797308921814,1004,False,2,1,[7.67775364 2.10878664 4.        ],exiting,[-0.62185191  0.08809385  0.93462812]
477.1797308921814,1005,False,5,0,[-1.43201073  7.12094944  3.99256719],cruising,[ 0.50568378 -0.03156594 -0.11489306]
477.2779257297516,1000,False,1,6,[-3.97745182  7.02031771  4.        ],cruising,[-0.82138112 -0.19970136 -0.21083176]
477.2779257297516,1001,False,0,2,[ 6.07878073 -4.9090668   4.0000002 ],cruising,[-0.48080528  0.59740651 -0.20557775]
477.2779257297516,1002,False,3,5,[-1.49831081 -6.21693536  2.90392643],entering,[ 0.5677905  -0.59831228 -0.99408226]
477.2779257297516,1003,False,3,4,[ 8.47917845 -7.43025272  2.83400821],landing,[ 0.63925976  0.24903542 -0.34837281]
477.2779257297516,1004,False,2,1,[7.57793124 2.1147439  4.        ],exiting,[-0.62185191  0.08809385  0.93462812]
477.2779257297516,1005,False,5,0,[-1.24721874  7.04445159  3.99368211],cruising,[ 0.50568378 -0.03156594 -0.11489306]
477.3849630355835,1000,False,1,6,[-3.7828591   7.06650942  4.        ],cruising,[-0.82138112 -0.19970136 -0.21083176]
477.3849630355835,1001,False,0,2,[ 5.9014576  -4.89086093  4.0000004 ],cruising,[-0.48080528  0.59740651 -0.20557775]
477.3849630355835,1002,False,3,5,[-1.56580984 -6.02866991  2.97892643],entering,[ 0.5677905  -0.59831228 -0.99408226]
477.3849630355835,1003,False,3,4,[ 8.45678196 -7.43351266  2.73660303],landing,[ 0.63925976  0.24903542 -0.34837281]
477.3849630355835,1004,False,2,1,[7.47810884 2.12070116 4.        ],exiting,[-0.62185191  0.08809385  0.93462812]
477.3849630355835,1005,False,5,0,[-1.06506062  6.96187787  3.9946298 ],cruising,[ 0.50568378 -0.03156594 -0.11489306]
477.48003697395325,1000,False,1,6,[-3.58738914  7.10883551  4.        ],cruising,[-0.82138112 -0.19970136 -0.21083176]
477.48003697395325,1001,False,0,2,[ 5.72671225 -4.85282187  4.00000055],cruising,[-0.48080528  0.59740651 -0.20557775]
477.48003697395325,1002,False,3,5,[-1.63458501 -5.84086689  3.05392643],entering,[ 0.5677905  -0.59831228 -0.99408226]
477.48003697395325,1003,False,3,4,[ 8.43438547 -7.4367726   2.63919784],landing,[ 0.63925976  0.24903542 -0.34837281]
477.48003697395325,1004,False,2,1,[7.37828644 2.12665843 4.        ],exiting,[-0.62185191  0.08809385  0.93462812]
477.48003697395325,1005,False,5,0,[-0.88693524  6.87093092  3.99543533],cruising,[ 0.50568378 -0.03156594 -0.11489306]
477.5787181854248,1000,False,1,6,[-3.39152858  7.14931563  4.        ],cruising,[-0.82138112 -0.19970136 -0.21083176]
477.5787181854248,1001,False,0,2,[ 5.55487603 -4.79499553  4.00000064],cruising,[-0.48080528  0.59740651 -0.20557775]
477.5787181854248,1002,False,3,5,[-1.70336018 -5.65306387  3.12892643],entering,[ 0.5677905  -0.59831228 -0.99408226]
477.5787181854248,1003,False,3,4,[ 8.41198898 -7.44003255  2.54179266],landing,[ 0.63925976  0.24903542 -0.34837281]
477.5787181854248,1004,False,2,1,[7.27846405 2.13261569 4.        ],exiting,[-0.62185191  0.08809385  0.93462812]
477.5787181854248,1005,False,5,0,[-0.7121527   6.77371433  3.99612003],cruising,[ 0.50568378 -0.03156594 -0.11489306]
477.6742649078369,1000,False,1,6,[-3.19512827  7.18709018  4.        ],cruising,[-0.82138112 -0.19970136 -0.21083176]
477.6742649078369,1001,False,0,2,[ 5.38641449 -4.71745595  4.00000067],cruising,[-0.48080528  0.59740651 -0.20557775]
477.6742649078369,1002,False,3,5,[-1.77327657 -5.46568271  3.20392643],entering,[ 0.5677905  -0.59831228 -0.99408226]
477.6742649078369,1003,False,3,4,[ 8.38959249 -7.44329249  2.44438747],landing,[ 0.63925976  0.24903542 -0.34837281]
477.6742649078369,1004,False,2,1,[7.17864165 2.13857295 4.        ],exiting,[-0.62185191  0.08809385  0.93462812]
477.6742649078369,1005,False,5,0,[-0.5390465   6.67354325  3.99670202],cruising,[ 0.50568378 -0.03156594 -0.11489306]
477.7743761539459,1000,False,1,6,[-2.99763976  7.21868589  4.        ],cruising,[-0.82138112 -0.19970136 -0.21083176]
477.7743761539459,1001,False,0,2,[ 5.22050065 -4.6200793   4.00000063],cruising,[-0.48080528  0.59740651 -0.20557775]
477.7743761539459,1002,False,3,5,[-1.84272829 -5.27812882  3.27892643],entering,[ 0.5677905  -0.59831228 -0.99408226]
477.7743761539459,1003,False,3,4,[ 8.36719601 -7.44655243  2.34698229],landing,[ 0.63925976  0.24903542 -0.34837281]
477.7743761539459,1004,False,2,1,[7.07881925 2.14453021 4.        ],exiting,[-0.62185191  0.08809385  0.93462812]
477.7743761539459,1005,False,5,0,[-0.36822199  6.56952891  3.99719672],cruising,[ 0.50568378 -0.03156594 -0.11489306]
477.8754880428314,1000,False,1,6,[-2.79955827  7.2463214   4.        ],cruising,[-0.82138112 -0.19970136 -0.21083176]
477.8754880428314,1001,False,0,2,[ 5.05293624 -4.51089063  4.00000053],cruising,[-0.48080528  0.59740651 -0.20557775]
477.8754880428314,1002,False,3,5,[-1.9136488  -5.0911254   3.35392643],entering,[ 0.5677905  -0.59831228 -0.99408226]
477.8754880428314,1003,False,3,4,[ 8.34479952 -7.44981237  2.2495771 ],landing,[ 0.63925976  0.24903542 -0.34837281]
477.8754880428314,1004,False,2,1,[6.97899685 2.15048747 4.        ],exiting,[-0.62185191  0.08809385  0.93462812]
477.8754880428314,1005,False,5,0,[-0.19886256  6.46314572  3.99761721],cruising,[ 0.50568378 -0.03156594 -0.11489306]
477.97871470451355,1000,False,1,6,[-2.60052395  7.26595154  4.        ],cruising,[-0.82138112 -0.19970136 -0.21083176]
477.97871470451355,1001,False,0,2,[ 4.8817148  -4.40753096  4.00000045],cruising,[-0.48080528  0.59740651 -0.20557775]
477.97871470451355,1002,False,3,5,[-1.98518865 -4.90435803  3.42892643],entering,[ 0.5677905  -0.59831228 -0.99408226]
477.97871470451355,1003,False,3,4,[ 8.32240303 -7.45307232  2.15217192],landing,[ 0.63925976  0.24903542 -0.34837281]
477.97871470451355,1004,False,2,1,[6.87917446 2.15644473 4.        ],exiting,[-0.62185191  0.08809385  0.93462812]
477.97871470451355,1005,False,5,0,[-0.0299435   6.35606466  3.99797463],cruising,[ 0.50568378 -0.03156594 -0.11489306]
478.0755114555359,1000,False,1,6,[-2.40101395  7.27994295  4.        ],cruising,[-0.82138112 -0.19970136 -0.21083176]
478.0755114555359,1001,False,0,2,[ 4.70745247 -4.30938495  4.00000038],cruising,[-0.48080528  0.59740651 -0.20557775]
478.0755114555359,1002,False,3,5,[-2.05699093 -4.71769139  3.50392643],entering,[ 0.5677905  -0.59831228 -0.99408226]
478.0755114555359,1003,False,3,4,[ 8.30000654 -7.45633226  2.05476673],landing,[ 0.63925976  0.24903542 -0.34837281]
478.0755114555359,1004,False,2,1,[6.77935206 2.16240199 4.        ],exiting,[-0.62185191  0.08809385  0.93462812]
478.0755114555359,1005,False,5,0,[0.13877343 6.24866542 3.99827844],cruising,[ 0.50568378 -0.03156594 -0.11489306]
478.19207787513733,1000,False,1,6,[-2.20103731  7.28299925  4.        ],cruising,[-0.82138112 -0.19970136 -0.21083176]
478.19207787513733,1001,False,0,2,[ 4.52998501 -4.21716076  4.00000033],cruising,[-0.48080528  0.59740651 -0.20557775]
478.19207787513733,1002,False,3,5,[-2.1286851  -4.53098321  3.57833746],entering,[ 0.5677905  -0.59831228 -0.99408226]
478.19207787513733,1003,False,3,4,[ 8.27761005 -7.4595922   1.95736155],landing,[ 0.63925976  0.24903542 -0.34837281]
478.19207787513733,1004,False,2,1,[6.67952966 2.16835925 4.        ],exiting,[-0.62185191  0.08809385  0.93462812]
478.19207787513733,1005,False,5,0,[0.30756491 6.14138337 3.99853667],cruising,[ 0.50568378 -0.03156594 -0.11489306]
478.27502846717834,1000,False,1,6,[-2.0015915   7.26812066  4.        ],cruising,[-0.82138112 -0.19970136 -0.21083176]
478.27502846717834,1001,False,0,2,[ 4.35080376 -4.12831214  4.00000028],cruising,[-0.48080528  0.59740651 -0.20557775]
478.27502846717834,1002,False,3,5,[-2.19873693 -4.34365264  3.64158684],entering,[ 0.5677905  -0.59831228 -0.99408226]
478.27502846717834,1003,False,3,4,[ 8.25521356 -7.46285214  1.85995636],landing,[ 0.63925976  0.24903542 -0.34837281]
478.27502846717834,1004,False,2,1,[6.57970726 2.17431651 4.        ],exiting,[-0.62185191  0.08809385  0.93462812]
478.27502846717834,1005,False,5,0,[0.47686331 6.03490308 3.99875617],exiting,[ 0.50568378 -0.03156594 -0.11489306]
478.3756775856018,1000,False,1,6,[-1.80453608  7.23392768  4.        ],cruising,[-0.82138112 -0.19970136 -0.21083176]
478.3756775856018,1001,False,0,2,[ 4.16973892 -4.0433679   4.00000024],cruising,[-0.48080528  0.59740651 -0.20557775]
478.3756775856018,1002,False,3,5,[-2.26341944 -4.15440103  3.69534882],entering,[ 0.5677905  -0.59831228 -0.99408226]
478.3756775856018,1003,False,3,4,[ 8.23281708 -7.46611209  1.76255118],landing,[ 0.63925976  0.24903542 -0.34837281]
478.3756775856018,1004,False,2,1,[6.47988487 2.18027377 4.        ],exiting,[-0.62185191  0.08809385  0.93462812]
478.3756775856018,1005,False,5,0,[0.63586363 5.94556775 3.99897608],exiting,[ 0.50568378 -0.03156594 -0.11489306]
478.4824905395508,1000,False,1,6,[-1.61113963  7.18295894  4.        ],cruising,[-0.82138112 -0.19970136 -0.21083176]
478.4824905395508,1001,False,0,2,[ 3.98770681 -3.96051676  4.0000002 ],cruising,[-0.48080528  0.59740651 -0.20557775]
478.4824905395508,1002,False,3,5,[-2.32594842 -3.96442702  3.74104649],entering,[ 0.5677905  -0.59831228 -0.99408226]
478.4824905395508,1003,False,3,4,[ 8.21042059 -7.46937203  1.66514599],landing,[ 0.63925976  0.24903542 -0.34837281]
478.4824905395508,1004,False,2,1,[6.38006247 2.18623103 4.        ],exiting,[-0.62185191  0.08809385  0.93462812]
478.4824905395508,1005,False,5,0,[0.78440988 5.87328271 3.99919349],exiting,[ 0.50568378 -0.03156594 -0.11489306]
478.58768105506897,1000,False,1,6,[-1.42202364  7.11788097  4.        ],cruising,[-0.82138112 -0.19970136 -0.21083176]
478.58768105506897,1001,False,0,2,[ 3.80454199 -3.88020082  4.00000017],cruising,[-0.48080528  0.59740651 -0.20557775]
478.58768105506897,1002,False,3,5,[-2.3876293  -3.77417595  3.77988952],entering,[ 0.5677905  -0.59831228 -0.99408226]
478.58768105506897,1003,False,3,4,[ 8.1880241  -7.47263197  1.5677408 ],landing,[ 0.63925976  0.24903542 -0.34837281]
478.58768105506897,1004,False,2,1,[6.28024007 2.19218829 4.        ],exiting,[-0.62185191  0.08809385  0.93462812]
478.58768105506897,1005,False,5,0,[0.9223275  5.81793969 3.99940518],exiting,[ 0.50568378 -0.03156594 -0.11489306]
478.6763205528259,1000,False,1,6,[-1.23727953  7.04126757  4.        ],cruising,[-0.82138112 -0.19970136 -0.21083176]
478.6763205528259,1001,False,0,2,[ 3.62076041 -3.8013064   4.00000015],cruising,[-0.48080528  0.59740651 -0.20557775]
478.6763205528259,1002,False,3,5,[-2.44879367 -3.5837582   3.81290609],cruising,[ 0.5677905  -0.59831228 -0.99408226]
478.6763205528259,1003,False,3,4,[ 8.16562761 -7.47589191  1.47033562],fake_landed,[ 0.63925976  0.24903542 -0.34837281]
478.6763205528259,1004,False,2,1,[6.18041767 2.19814555 4.        ],exiting,[-0.62185191  0.08809385  0.93462812]
478.6763205528259,1005,False,5,0,[1.04941918 5.7794133  3.99960746],exiting,[ 0.50568378 -0.03156594 -0.11489306]
478.7867865562439,1000,False,1,6,[-1.05661968  6.95546536  4.        ],cruising,[-0.82138112 -0.19970136 -0.21083176]
478.7867865562439,1001,False,0,2,[ 3.43624566 -3.72414223  4.00000012],cruising,[-0.48080528  0.59740651 -0.20557775]
478.7867865562439,1002,False,3,5,[-2.50407223 -3.39154925  3.84097018],cruising,[ 0.5677905  -0.59831228 -0.99408226]
478.7867865562439,1003,False,3,4,[ 8.14771042 -7.47849987  1.39241147],fake_landed,[ 0.63925976  0.24903542 -0.34837281]
478.7867865562439,1004,False,2,1,[6.08059528 2.20410281 4.        ],exiting,[-0.62185191  0.08809385  0.93462812]
478.7867865562439,1005,False,5,0,[1.16545641 5.75755421 3.99979603],exiting,[ 0.50568378 -0.03156594 -0.11489306]
478.877343416214,1000,False,1,6,[-0.87828393  6.8649316   4.        ],cruising,[-0.82138112 -0.19970136 -0.21083176]
478.877343416214,1001,False,0,2,[ 3.25122009 -3.64821111  4.0000001 ],cruising,[-0.48080528  0.59740651 -0.20557775]
478.877343416214,1002,False,3,5,[-2.54964821 -3.1968114   3.86482465],cruising,[ 0.5677905  -0.59831228 -0.99408226]
478.877343416214,1003,False,3,4,[ 8.13427253 -7.48045583  1.33396836],fake_landed,[ 0.63925976  0.24903542 -0.34837281]
478.877343416214,1004,False,2,1,[5.98077288 2.21006007 4.        ],exiting,[-0.62185191  0.08809385  0.93462812]
478.877343416214,1005,False,5,0,[1.27015946 5.75217347 3.99996557],exiting,[ 0.50568378 -0.03156594 -0.11489306]
478.9747865200043,1000,False,1,6,[-0.70336411  6.76796224  4.        ],cruising,[-0.82138112 -0.19970136 -0.21083176]
478.9747865200043,1001,False,0,2,[ 3.06565054 -3.57361927  4.00000009],cruising,[-0.48080528  0.59740651 -0.20557775]
478.9747865200043,1002,False,3,5,[-2.59369181 -3.00172126  3.88510095],cruising,[ 0.5677905  -0.59831228 -0.99408226]
478.9747865200043,1003,False,3,4,[ 8.12531393 -7.48175981  1.29500629],fake_landed,[ 0.63925976  0.24903542 -0.34837281]
478.9747865200043,1004,False,2,1,[5.88095048 2.21601733 4.        ],exiting,[-0.62185191  0.08809385  0.93462812]
478.9747865200043,1005,False,5,0,[1.36314081 5.7629977  4.00010865],exiting,[ 0.50568378 -0.03156594 -0.11489306]
479.08316564559937,1000,False,1,6,[-0.53108628  6.66637313  4.        ],cruising,[-0.82138112 -0.19970136 -0.21083176]
479.08316564559937,1001,False,0,2,[ 2.87951825 -3.50044296  4.00000008],cruising,[-0.48080528  0.59740651 -0.20557775]
479.08316564559937,1002,False,3,5,[-2.63695954 -2.80645758  3.90233581],cruising,[ 0.5677905  -0.59831228 -0.99408226]
479.08316564559937,1003,False,3,4,[ 8.12083464 -7.4824118   1.27552525],fake_landed,[ 0.63925976  0.24903542 -0.34837281]
479.08316564559937,1004,False,2,1,[5.78112808 2.22197459 4.        ],exiting,[-0.62185191  0.08809385  0.93462812]
479.08316564559937,1005,False,5,0,[1.44416254 5.78985211 4.00022089],exiting,[ 0.50568378 -0.03156594 -0.11489306]
479.18375849723816,1000,False,1,6,[-0.36001865  6.5627591   4.        ],cruising,[-0.82138112 -0.19970136 -0.21083176]
479.18375849723816,1001,False,0,2,[ 2.69271689 -3.42899193  4.00000006],cruising,[-0.48080528  0.59740651 -0.20557775]
479.18375849723816,1002,False,3,5,[-2.6774452  -2.61059817  3.91698544],cruising,[ 0.5677905  -0.59831228 -0.99408226]
479.18375849723816,1003,False,4,3,[ 8.12083464 -7.4824118   1.27552525],waiting,[ 0.63925976  0.24903542 -0.34837281]
479.18375849723816,1004,False,2,1,[5.68130569 2.22793185 4.        ],exiting,[-0.62185191  0.08809385  0.93462812]
479.18375849723816,1005,False,5,0,[1.51298458 5.83255474 4.00029823],exiting,[ 0.50568378 -0.03156594 -0.11489306]
479.2773177623749,1000,False,1,6,[-0.19048284  6.45665723  4.        ],cruising,[-0.82138112 -0.19970136 -0.21083176]
479.2773177623749,1001,False,0,2,[ 2.50540607 -3.35888732  4.00000005],cruising,[-0.48080528  0.59740651 -0.20557775]
479.2773177623749,1002,False,3,5,[-2.71930606 -2.41502805  3.92943762],cruising,[ 0.5677905  -0.59831228 -0.99408226]
479.2773177623749,1003,False,4,3,[ 8.12083464 -7.4824118   1.27552525],waiting,[ 0.63925976  0.24903542 -0.34837281]
479.2773177623749,1004,False,2,1,[5.58148329 2.23388911 4.        ],landing,[-0.62185191  0.08809385  0.93462812]
479.2773177623749,1005,False,5,0,[1.5693648  5.89091622 4.00033725],exiting,[ 0.50568378 -0.03156594 -0.11489306]
479.38202929496765,1000,False,1,6,[-0.0214325   6.34978354  4.        ],cruising,[-0.82138112 -0.19970136 -0.21083176]
479.38202929496765,1001,False,0,2,[ 2.31721771 -3.29117363  4.00000005],cruising,[-0.48080528  0.59740651 -0.20557775]
479.38202929496765,1002,False,3,5,[-2.76279265 -2.219813    3.94002198],cruising,[ 0.5677905  -0.59831228 -0.99408226]
479.38202929496765,1003,False,4,3,[ 8.12083464 -7.4824118   1.27552525],waiting,[ 0.63925976  0.24903542 -0.34837281]
479.38202929496765,1004,False,2,1,[5.49551054 2.23586726 3.98613083],landing,[-0.62185191  0.08809385  0.93462812]
479.38202929496765,1005,False,5,0,[1.61305892 5.96473932 4.00033581],exiting,[ 0.50568378 -0.03156594 -0.11489306]
479.48871755599976,1000,False,1,6,[0.14724099 6.24231609 4.        ],cruising,[-0.82138112 -0.19970136 -0.21083176]
479.48871755599976,1001,False,0,2,[ 2.12845151 -3.22508791  4.00000004],cruising,[-0.48080528  0.59740651 -0.20557775]
479.48871755599976,1002,False,3,5,[-2.80741089 -2.02485349  3.94901868],cruising,[ 0.5677905  -0.59831228 -0.99408226]
479.48871755599976,1003,False,4,3,[ 8.12083464 -7.4824118   1.27552525],waiting,[ 0.63925976  0.24903542 -0.34837281]
479.48871755599976,1004,False,2,1,[5.42355892 2.23389369 3.95855794],landing,[-0.62185191  0.08809385  0.93462812]
479.48871755599976,1005,False,5,0,[1.64382046 6.05381845 4.00029474],exiting,[ 0.50568378 -0.03156594 -0.11489306]
479.58415961265564,1000,False,1,6,[0.31613769 6.13519978 4.        ],cruising,[-0.82138112 -0.19970136 -0.21083176]
479.58415961265564,1001,False,0,2,[ 1.93850064 -3.16248868  4.00000003],cruising,[-0.48080528  0.59740651 -0.20557775]
479.58415961265564,1002,False,3,5,[-2.85490888 -1.83057549  3.95666588],cruising,[ 0.5677905  -0.59831228 -0.99408226]
479.58415961265564,1003,False,4,3,[ 8.12083464 -7.4824118   1.27552525],waiting,[ 0.63925976  0.24903542 -0.34837281]
479.58415961265564,1004,False,2,1,[5.36582882 2.22800153 3.91747976],landing,[-0.62185191  0.08809385  0.93462812]
479.58415961265564,1005,False,5,0,[1.66750512 6.15097316 4.00024011],exiting,[ 0.50568378 -0.03156594 -0.11489306]
479.67925477027893,1000,False,1,6,[0.48552116 6.02885486 4.        ],cruising,[-0.82138112 -0.19970136 -0.21083176]
479.67925477027893,1001,False,0,2,[ 1.74718692 -3.1041872   4.00000003],cruising,[-0.48080528  0.59740651 -0.20557775]
479.67925477027893,1002,False,3,5,[-2.90556014 -1.63709564  3.963166  ],cruising,[ 0.5677905  -0.59831228 -0.99408226]
479.67925477027893,1003,False,4,3,[ 8.12083464 -7.4824118   1.27552525],waiting,[ 0.63925976  0.24903542 -0.34837281]
479.67925477027893,1004,False,2,1,[5.32258918 2.2182373  3.86317154],landing,[-0.62185191  0.08809385  0.93462812]
479.67925477027893,1005,False,5,0,[1.69118979 6.24812786 4.0001953 ],exiting,[ 0.50568378 -0.03156594 -0.11489306]
479.7869894504547,1000,False,1,6,[0.65603365 5.9243298  4.        ],cruising,[-0.82138112 -0.19970136 -0.21083176]
479.7869894504547,1001,False,0,2,[ 1.55431882 -3.05125426  4.00000002],cruising,[-0.48080528  0.59740651 -0.20557775]
479.7869894504547,1002,False,3,5,[-2.95969968 -1.44456276  3.9686911 ],cruising,[ 0.5677905  -0.59831228 -0.99408226]
479.7869894504547,1003,False,4,3,[ 8.12083464 -7.4824118   1.27552525],waiting,[ 0.63925976  0.24903542 -0.34837281]
479.7869894504547,1004,False,2,1,[5.29407826 2.20464428 3.79588623],landing,[-0.62185191  0.08809385  0.93462812]
479.7869894504547,1005,False,5,0,[1.71487445 6.34528256 4.00015858],exiting,[ 0.50568378 -0.03156594 -0.11489306]
479.87642765045166,1000,False,1,6,[0.8276608  5.82164523 4.        ],cruising,[-0.82138112 -0.19970136 -0.21083176]
479.87642765045166,1001,False,0,2,[ 1.35970775 -3.00513991  4.00000002],cruising,[-0.48080528  0.59740651 -0.20557775]
479.87642765045166,1002,False,3,5,[-3.01770339 -1.25315856  3.97338743],cruising,[ 0.5677905  -0.59831228 -0.99408226]
479.87642765045166,1003,False,4,3,[ 8.12083464 -7.4824118   1.27552525],waiting,[ 0.63925976  0.24903542 -0.34837281]
479.87642765045166,1004,False,2,1,[5.28050705 2.1872625  3.71585531],landing,[-0.62185191  0.08809385  0.93462812]
479.87642765045166,1005,False,5,0,[1.73855911 6.44243727 4.00012853],exiting,[ 0.50568378 -0.03156594 -0.11489306]
479.97610235214233,1000,False,1,6,[1.00132918 5.722452   4.        ],cruising,[-0.82138112 -0.19970136 -0.21083176]
479.97610235214233,1001,False,0,2,[ 1.16321438 -2.96785246  4.00000002],cruising,[-0.48080528  0.59740651 -0.20557775]
479.97610235214233,1002,False,3,5,[-3.07997059 -1.06309858  3.97737932],cruising,[ 0.5677905  -0.59831228 -0.99408226]
479.97610235214233,1003,False,4,3,[ 8.12083464 -7.4824118   1.27552525],waiting,[ 0.63925976  0.24903542 -0.34837281]
479.97610235214233,1004,False,2,1,[5.28208773 2.16613393 3.62331913],landing,[-0.62185191  0.08809385  0.93462812]
479.97610235214233,1005,False,5,0,[1.76224378 6.53959197 4.00010396],exiting,[ 0.50568378 -0.03156594 -0.11489306]
480.0772035121918,1000,False,1,6,[1.1766199  5.62615475 4.        ],cruising,[-0.82138112 -0.19970136 -0.21083176]
480.0772035121918,1001,False,0,2,[ 0.96412938 -2.94874328  4.00000001],cruising,[-0.48080528  0.59740651 -0.20557775]
480.0772035121918,1002,False,3,5,[-3.14579952 -0.87424268  3.98077242],cruising,[ 0.5677905  -0.59831228 -0.99408226]
480.0772035121918,1003,False,4,3,[ 8.12083464 -7.4824118   1.27552525],waiting,[ 0.63925976  0.24903542 -0.34837281]
480.0772035121918,1004,False,2,1,[5.2894557  2.14361087 3.52616758],landing,[-0.62185191  0.08809385  0.93462812]
480.0772035121918,1005,False,5,0,[1.78592844 6.63674668 4.0000839 ],exiting,[ 0.50568378 -0.03156594 -0.11489306]
480.18494153022766,1000,False,1,6,[1.35376667 5.53331606 4.        ],cruising,[-0.82138112 -0.19970136 -0.21083176]
480.18494153022766,1001,False,0,2,[ 0.76422706 -2.94249319  4.00000001],cruising,[-0.48080528  0.59740651 -0.20557775]
480.18494153022766,1002,False,3,5,[-3.2167156  -0.68723757  3.98365656],cruising,[ 0.5677905  -0.59831228 -0.99408226]
480.18494153022766,1003,False,4,3,[ 8.12083464 -7.4824118   1.27552525],waiting,[ 0.63925976  0.24903542 -0.34837281]
480.18494153022766,1004,False,2,1,[5.29682367 2.12108781 3.42901602],landing,[-0.62185191  0.08809385  0.93462812]
480.18494153022766,1005,False,5,0,[1.80961311 6.73390138 4.00006756],exiting,[ 0.50568378 -0.03156594 -0.11489306]
480.2891345024109,1000,False,1,6,[1.53396252 5.44654361 4.        ],cruising,[-0.82138112 -0.19970136 -0.21083176]
480.2891345024109,1001,False,0,2,[ 0.56443734 -2.95166205  4.00000001],cruising,[-0.48080528  0.59740651 -0.20557775]
480.2891345024109,1002,False,3,5,[-3.29313302 -0.50241231  3.98610807],cruising,[ 0.5677905  -0.59831228 -0.99408226]
480.2891345024109,1003,False,4,3,[ 8.12083464 -7.4824118   1.27552525],waiting,[ 0.63925976  0.24903542 -0.34837281]
480.2891345024109,1004,False,2,1,[5.30419163 2.09856474 3.33186447],landing,[-0.62185191  0.08809385  0.93462812]
480.2891345024109,1005,False,5,0,[1.83329777 6.83105609 4.00005425],exiting,[ 0.50568378 -0.03156594 -0.11489306]
480.3887553215027,1000,False,1,6,[1.71628424 5.36433176 4.        ],cruising,[-0.82138112 -0.19970136 -0.21083176]
480.3887553215027,1001,False,0,2,[ 0.36588798 -2.97570682  4.00000001],cruising,[-0.48080528  0.59740651 -0.20557775]
480.3887553215027,1002,False,3,5,[-3.37543655 -0.32013195  3.98819186],cruising,[ 0.5677905  -0.59831228 -0.99408226]
480.3887553215027,1003,False,4,3,[ 8.12083464 -7.4824118   1.27552525],waiting,[ 0.63925976  0.24903542 -0.34837281]
480.3887553215027,1004,False,2,1,[5.3115596  2.07604168 3.23471291],landing,[-0.62185191  0.08809385  0.93462812]
480.3887553215027,1005,False,5,0,[1.85698243 6.92821079 4.00004344],exiting,[ 0.50568378 -0.03156594 -0.11489306]
480.4757385253906,1000,False,1,6,[1.9008773  5.28735512 4.        ],cruising,[-0.82138112 -0.19970136 -0.21083176]
480.4757385253906,1001,False,0,2,[ 0.16956423 -3.01387732  4.00000001],cruising,[-0.48080528  0.59740651 -0.20557775]
480.4757385253906,1002,False,3,5,[-3.46207188 -0.13987014  3.98996308],cruising,[ 0.5677905  -0.59831228 -0.99408226]
480.4757385253906,1003,False,4,3,[ 8.12083464 -7.4824118   1.27552525],waiting,[ 0.63925976  0.24903542 -0.34837281]
480.4757385253906,1004,False,2,1,[5.31892756 2.05351862 3.13756135],landing,[-0.62185191  0.08809385  0.93462812]
480.4757385253906,1005,False,5,0,[1.8806671  7.0253655  4.00003467],exiting,[ 0.50568378 -0.03156594 -0.11489306]
480.57554841041565,1000,False,1,6,[2.08892391 5.21924878 4.        ],cruising,[-0.82138112 -0.19970136 -0.21083176]
480.57554841041565,1001,False,0,2,[-0.02375023 -3.06515615  4.00000001],cruising,[-0.48080528  0.59740651 -0.20557775]
480.57554841041565,1002,False,3,5,[-3.55564213  0.0368913   3.99146862],cruising,[ 0.5677905  -0.59831228 -0.99408226]
480.57554841041565,1003,False,4,3,[ 8.12083464 -7.4824118   1.27552525],waiting,[ 0.63925976  0.24903542 -0.34837281]
480.57554841041565,1004,False,2,1,[5.32629553 2.03099555 3.0404098 ],landing,[-0.62185191  0.08809385  0.93462812]
480.57554841041565,1005,False,5,0,[1.90435176 7.1225202  4.00002758],exiting,[ 0.50568378 -0.03156594 -0.11489306]
480.6794111728668,1000,False,1,6,[2.27951059 5.15861283 4.        ],cruising,[-0.82138112 -0.19970136 -0.21083176]
480.6794111728668,1001,False,0,2,[-0.21234412 -3.13173202  4.00000001],cruising,[-0.48080528  0.59740651 -0.20557775]
480.6794111728668,1002,False,3,5,[-3.65526408  0.2103141   3.99274833],cruising,[ 0.5677905  -0.59831228 -0.99408226]
480.6794111728668,1003,False,4,3,[ 8.12083464 -7.4824118   1.27552525],waiting,[ 0.63925976  0.24903542 -0.34837281]
480.6794111728668,1004,False,2,1,[5.33366349 2.00847249 2.94325824],landing,[-0.62185191  0.08809385  0.93462812]
480.6794111728668,1005,False,5,0,[1.92803642 7.21967491 4.00002185],exiting,[ 0.50568378 -0.03156594 -0.11489306]
480.7875955104828,1000,False,1,6,[2.47313654 5.10852302 4.        ],cruising,[-0.82138112 -0.19970136 -0.21083176]
480.7875955104828,1001,False,0,2,[-0.39751639 -3.20730471  4.        ],cruising,[-0.48080528  0.59740651 -0.20557775]
480.7875955104828,1002,False,3,5,[-3.76169856  0.3796413   3.99383608],cruising,[ 0.5677905  -0.59831228 -0.99408226]
480.7875955104828,1003,False,4,3,[ 8.12083464 -7.4824118   1.27552525],waiting,[ 0.63925976  0.24903542 -0.34837281]
480.7875955104828,1004,False,2,1,[5.34103146 1.98594943 2.84610669],landing,[-0.62185191  0.08809385  0.93462812]
480.7875955104828,1005,False,5,0,[1.95172109 7.31682961 4.00001723],exiting,[ 0.50568378 -0.03156594 -0.11489306]
480.8899495601654,1000,False,1,6,[2.66886826 5.06742444 4.        ],cruising,[-0.82138112 -0.19970136 -0.21083176]
480.8899495601654,1001,False,0,2,[-0.57856974 -3.29227341  4.        ],cruising,[-0.48080528  0.59740651 -0.20557775]
480.8899495601654,1002,False,3,5,[-3.87126895  0.54695637  3.99476067],cruising,[ 0.5677905  -0.59831228 -0.99408226]
480.8899495601654,1003,False,4,3,[ 8.12083464 -7.4824118   1.27552525],waiting,[ 0.63925976  0.24903542 -0.34837281]
480.8899495601654,1004,False,2,1,[5.34839942 1.96342636 2.74895513],landing,[-0.62185191  0.08809385  0.93462812]
480.8899495601654,1005,False,5,0,[1.97540575 7.41398432 4.00001352],exiting,[ 0.50568378 -0.03156594 -0.11489306]
480.9743218421936,1000,False,1,6,[2.86602732 5.03383418 4.        ],cruising,[-0.82138112 -0.19970136 -0.21083176]
480.9743218421936,1001,False,0,2,[-0.75703141 -3.38255871  4.        ],cruising,[-0.48080528  0.59740651 -0.20557775]
480.9743218421936,1002,False,3,5,[-3.9833057   0.71263004  3.99554657],cruising,[ 0.5677905  -0.59831228 -0.99408226]
480.9743218421936,1003,False,4,3,[ 8.12083464 -7.4824118   1.27552525],waiting,[ 0.63925976  0.24903542 -0.34837281]
480.9743218421936,1004,False,2,1,[5.35576739 1.9409033  2.65180358],landing,[-0.62185191  0.08809385  0.93462812]
480.9743218421936,1005,False,5,0,[1.99909042 7.51113902 4.00001055],exiting,[ 0.50568378 -0.03156594 -0.11489306]
481.0758364200592,1000,False,1,6,[3.06413521 5.00638852 4.        ],cruising,[-0.82138112 -0.19970136 -0.21083176]
481.0758364200592,1001,False,0,2,[-0.93503197 -3.47374972  4.        ],cruising,[-0.48080528  0.59740651 -0.20557775]
481.0758364200592,1002,False,3,5,[-4.09723599  0.87700731  3.99621458],cruising,[ 0.5677905  -0.59831228 -0.99408226]
481.0758364200592,1003,False,4,3,[ 8.12083464 -7.4824118   1.27552525],waiting,[ 0.63925976  0.24903542 -0.34837281]
481.0758364200592,1004,False,2,1,[5.36313535 1.91838024 2.55465202],landing,[-0.62185191  0.08809385  0.93462812]
481.0758364200592,1005,False,5,0,[2.02277508 7.60829373 4.00000817],exiting,[ 0.50568378 -0.03156594 -0.11489306]
481.17629647254944,1000,False,1,6,[3.2628624  4.98386069 4.        ],cruising,[-0.82138112 -0.19970136 -0.21083176]
481.17629647254944,1001,False,0,2,[-1.11597888 -3.55894487  4.        ],cruising,[-0.48080528  0.59740651 -0.20557775]
481.17629647254944,1002,False,3,5,[-4.21256974  1.04040293  3.99678239],cruising,[ 0.5677905  -0.59831228 -0.99408226]
481.17629647254944,1003,False,4,3,[ 8.12083464 -7.4824118   1.27552525],waiting,[ 0.63925976  0.24903542 -0.34837281]
481.17629647254944,1004,False,2,1,[5.37050332 1.89585718 2.45750047],landing,[-0.62185191  0.08809385  0.93462812]
481.17629647254944,1005,False,5,0,[2.04645974 7.70544843 4.00000628],exiting,[ 0.50568378 -0.03156594 -0.11489306]
481.289009809494,1000,False,1,6,[3.46198624 4.96516045 4.        ],cruising,[-0.82138112 -0.19970136 -0.21083176]
481.289009809494,1001,False,0,2,[-1.30382567 -3.62760042  4.        ],cruising,[-0.48080528  0.59740651 -0.20557775]
481.289009809494,1002,False,3,5,[-4.32888544  1.20310099  3.99726504],cruising,[ 0.5677905  -0.59831228 -0.99408226]
481.289009809494,1003,False,4,3,[ 8.12083464 -7.4824118   1.27552525],waiting,[ 0.63925976  0.24903542 -0.34837281]
481.289009809494,1004,False,2,1,[5.37787128 1.87333411 2.36034891],landing,[-0.62185191  0.08809385  0.93462812]
481.289009809494,1005,False,5,0,[2.07014441 7.80260314 4.00000478],exiting,[ 0.50568378 -0.03156594 -0.11489306]
481.38861083984375,1000,False,1,6,[3.6613582  4.94932315 4.        ],cruising,[-0.82138112 -0.19970136 -0.21083176]
481.38861083984375,1001,False,0,2,[-1.49700879 -3.67698102  4.        ],cruising,[-0.48080528  0.59740651 -0.20557775]
481.38861083984375,1002,False,3,5,[-4.44581696  1.36535702  3.99767528],cruising,[ 0.5677905  -0.59831228 -0.99408226]
481.38861083984375,1003,False,4,3,[ 8.12083464 -7.4824118   1.27552525],waiting,[ 0.63925976  0.24903542 -0.34837281]
481.38861083984375,1004,False,2,1,[5.38523925 1.85081105 2.26319736],landing,[-0.62185191  0.08809385  0.93462812]
481.38861083984375,1005,False,5,0,[2.09382907 7.89975784 4.0000036 ],exiting,[ 0.50568378 -0.03156594 -0.11489306]
481.476744890213,1000,False,1,6,[3.86087949 4.93549374 4.        ],cruising,[-0.82138112 -0.19970136 -0.21083176]
481.476744890213,1001,False,0,2,[-1.69252077 -3.70649767  4.        ],cruising,[-0.48080528  0.59740651 -0.20557775]
481.476744890213,1002,False,3,5,[-4.56304149  1.52740148  3.99802399],cruising,[ 0.5677905  -0.59831228 -0.99408226]
481.476744890213,1003,False,4,3,[ 8.12083464 -7.4824118   1.27552525],waiting,[ 0.63925976  0.24903542 -0.34837281]
481.476744890213,1004,False,2,1,[5.39260721 1.82828799 2.1660458 ],landing,[-0.62185191  0.08809385  0.93462812]
481.476744890213,1005,False,5,0,[2.11751374 7.99691255 4.00000267],exiting,[ 0.50568378 -0.03156594 -0.11489306]
481.589152097702,1000,False,1,6,[4.06048313 4.92290852 4.        ],cruising,[-0.82138112 -0.19970136 -0.21083176]
481.589152097702,1001,False,0,2,[-1.88709759 -3.71603619  4.        ],cruising,[-0.48080528  0.59740651 -0.20557775]
481.589152097702,1002,False,3,5,[-4.68024013  1.68946468  3.99832039],cruising,[ 0.5677905  -0.59831228 -0.99408226]
481.589152097702,1003,False,4,3,[ 8.12083464 -7.4824118   1.27552525],queued,[ 0.63925976  0.24903542 -0.34837281]
481.589152097702,1004,False,2,1,[5.39997518 1.80576492 2.06889424],landing,[-0.62185191  0.08809385  0.93462812]
481.589152097702,1005,False,5,0,[2.1411984  8.09406725 4.00000195],exiting,[ 0.50568378 -0.03156594 -0.11489306]
481.67395091056824,1000,False,1,6,[4.26012089 4.9108766  4.        ],cruising,[-0.82138112 -0.19970136 -0.21083176]
481.67395091056824,1001,False,0,2,[-2.07771482 -3.7059706   4.        ],cruising,[-0.48080528  0.59740651 -0.20557775]
481.67395091056824,1002,False,3,5,[-4.79731719  1.85161572  3.99857233],cruising,[ 0.5677905  -0.59831228 -0.99408226]
481.67395091056824,1003,False,4,3,[ 8.12083464 -7.4824118   1.29552525],queued,[ 0.63925976  0.24903542 -0.34837281]
481.67395091056824,1004,False,2,1,[5.40734314 1.78324186 1.97174269],landing,[-0.62185191  0.08809385  0.93462812]
481.67395091056824,1005,False,5,0,[2.16488306 8.19122196 4.00000139],exiting,[ 0.50568378 -0.03156594 -0.11489306]
481.7782826423645,1000,False,1,6,[4.45975363 4.89876178 4.        ],cruising,[-0.82138112 -0.19970136 -0.21083176]
481.7782826423645,1001,False,0,2,[-2.26176846 -3.67701269  4.        ],cruising,[-0.48080528  0.59740651 -0.20557775]
481.7782826423645,1002,False,3,5,[-4.91398137  2.01406409  3.99878648],cruising,[ 0.5677905  -0.59831228 -0.99408226]
481.7782826423645,1003,False,4,3,[ 8.12083464 -7.4824118   1.33552525],queued,[ 0.63925976  0.24903542 -0.34837281]
481.7782826423645,1004,False,2,1,[5.41471111 1.7607188  1.87459113],landing,[-0.62185191  0.08809385  0.93462812]
481.7782826423645,1005,False,5,0,[2.18856773 8.28837666 4.00000096],exiting,[ 0.50568378 -0.03156594 -0.11489306]
481.8840627670288,1000,False,1,6,[4.65935949 4.88621186 4.        ],cruising,[-0.82138112 -0.19970136 -0.21083176]
481.8840627670288,1001,False,0,2,[-2.43691273 -3.63014884  4.        ],cruising,[-0.48080528  0.59740651 -0.20557775]
481.8840627670288,1002,False,3,5,[-5.02995753  2.17700435  3.99896851],cruising,[ 0.5677905  -0.59831228 -0.99408226]
481.8840627670288,1003,False,4,3,[ 8.12083464 -7.4824118   1.39552525],queued,[ 0.63925976  0.24903542 -0.34837281]
481.8840627670288,1004,False,2,1,[5.42207907 1.73819574 1.77743958],landing,[-0.62185191  0.08809385  0.93462812]
481.8840627670288,1005,False,5,0,[2.21225239 8.38553137 4.00000064],exiting,[ 0.50568378 -0.03156594 -0.11489306]
481.9802918434143,1000,False,1,6,[4.85889947 4.8726547  4.        ],cruising,[-0.82138112 -0.19970136 -0.21083176]
481.9802918434143,1001,False,0,2,[-2.60103907 -3.56659351  4.        ],cruising,[-0.48080528  0.59740651 -0.20557775]
481.9802918434143,1002,False,3,5,[-5.14497608  2.34062199  3.99912323],cruising,[ 0.5677905  -0.59831228 -0.99408226]
481.9802918434143,1003,False,4,3,[ 8.12083464 -7.4824118   1.47052525],queued,[ 0.63925976  0.24903542 -0.34837281]
481.9802918434143,1004,False,2,1,[5.42944704 1.71567267 1.68028802],landing,[-0.62185191  0.08809385  0.93462812]
481.9802918434143,1005,False,5,0,[2.23593705 8.48268607 4.00000039],exiting,[ 0.50568378 -0.03156594 -0.11489306]
482.08508586883545,1000,False,1,6,[5.05832107 4.85745521 4.        ],cruising,[-0.82138112 -0.19970136 -0.21083176]
482.08508586883545,1001,False,0,2,[-2.75237884 -3.48765951  4.        ],cruising,[-0.48080528  0.59740651 -0.20557775]
482.08508586883545,1002,False,3,5,[-5.25937582  2.5046729   3.99925475],cruising,[ 0.5677905  -0.59831228 -0.99408226]
482.08508586883545,1003,False,4,3,[ 8.12083464 -7.4824118   1.54552525],queued,[ 0.63925976  0.24903542 -0.34837281]
482.08508586883545,1004,False,2,1,[5.436815   1.69314961 1.58313647],landing,[-0.62185191  0.08809385  0.93462812]
482.08508586883545,1005,False,5,0,[2.25962172 8.57984078 4.00000021],exiting,[ 0.50568378 -0.03156594 -0.11489306]
482.1749963760376,1000,False,1,6,[5.25755669 4.83998614 4.        ],cruising,[-0.82138112 -0.19970136 -0.21083176]
482.1749963760376,1001,False,0,2,[-2.88938766 -3.39477473  4.        ],cruising,[-0.48080528  0.59740651 -0.20557775]
482.1749963760376,1002,False,3,5,[-5.3722697   2.6697637   3.99936654],cruising,[ 0.5677905  -0.59831228 -0.99408226]
482.1749963760376,1003,False,4,3,[ 8.12083464 -7.4824118   1.62052525],queued,[ 0.63925976  0.24903542 -0.34837281]
482.1749963760376,1004,False,2,1,[5.44418297 1.67062655 1.48598491],fake_landed,[-0.62185191  0.08809385  0.93462812]
482.1749963760376,1005,False,5,0,[2.28330638 8.67699548 4.00000009],landing,[ 0.50568378 -0.03156594 -0.11489306]
482.28047013282776,1000,False,1,6,[5.45651587 4.81960863 4.        ],cruising,[-0.82138112 -0.19970136 -0.21083176]
482.28047013282776,1001,False,0,2,[-3.01069484 -3.28950213  4.        ],cruising,[-0.48080528  0.59740651 -0.20557775]
482.28047013282776,1002,False,3,5,[-5.48334669  2.83608237  3.99946156],cruising,[ 0.5677905  -0.59831228 -0.99408226]
482.28047013282776,1003,False,4,3,[ 8.12083464 -7.4824118   1.69552525],queued,[ 0.63925976  0.24903542 -0.34837281]
482.28047013282776,1004,False,2,1,[5.45007734 1.6526081  1.40826367],fake_landed,[-0.62185191  0.08809385  0.93462812]
482.28047013282776,1005,False,5,0,[2.3066828  8.75966419 3.98621371],landing,[ 0.50568378 -0.03156594 -0.11489306]
482.38981223106384,1000,False,1,6,[5.65528281 4.79743424 4.        ],exiting,[-0.82138112 -0.19970136 -0.21083176]
482.38981223106384,1001,False,0,2,[-3.11514306 -3.17346963  4.        ],cruising,[-0.48080528  0.59740651 -0.20557775]
482.38981223106384,1002,False,3,5,[-5.59225977  3.00382605  3.99954232],cruising,[ 0.5677905  -0.59831228 -0.99408226]
482.38981223106384,1003,False,4,3,[ 8.12083464 -7.4824118   1.77052525],queued,[ 0.63925976  0.24903542 -0.34837281]
482.38981223106384,1004,False,2,1,[5.45449812 1.63909426 1.34997273],fake_landed,[-0.62185191  0.08809385  0.93462812]
482.38981223106384,1005,False,5,0,[2.32967442 8.82769228 3.95880733],landing,[ 0.50568378 -0.03156594 -0.11489306]
482.4837136268616,1000,False,1,6,[5.83791153 4.78707331 4.        ],exiting,[-0.82138112 -0.19970136 -0.21083176]
482.4837136268616,1001,False,0,2,[-3.20173233 -3.04843391  4.        ],cruising,[-0.48080528  0.59740651 -0.20557775]
482.4837136268616,1002,False,3,5,[-5.69861042  3.17320592  3.99961097],cruising,[ 0.5677905  -0.59831228 -0.99408226]
482.4837136268616,1003,False,4,3,[ 8.12083464 -7.4824118   1.84552525],queued,[ 0.63925976  0.24903542 -0.34837281]
482.4837136268616,1004,False,2,1,[5.45744531 1.63008503 1.31111211],fake_landed,[-0.62185191  0.08809385  0.93462812]
482.4837136268616,1005,False,5,0,[2.35219088 8.88089988 3.91797981],landing,[ 0.50568378 -0.03156594 -0.11489306]
482.57697796821594,1000,False,1,6,[6.00438235 4.78849891 4.        ],exiting,[-0.82138112 -0.19970136 -0.21083176]
482.57697796821594,1001,False,0,2,[-3.27014716 -2.91505016  4.        ],cruising,[-0.48080528  0.59740651 -0.20557775]
482.57697796821594,1002,False,3,5,[-5.80192952  3.34445183  3.99966933],cruising,[ 0.5677905  -0.59831228 -0.99408226]
482.57697796821594,1003,False,4,3,[ 8.12083464 -7.4824118   1.92052525],queued,[ 0.63925976  0.24903542 -0.34837281]
482.57697796821594,1004,False,2,1,[5.4589189  1.62558042 1.2916818 ],fake_landed,[-0.62185191  0.08809385  0.93462812]
482.57697796821594,1005,False,5,0,[2.37410973 8.91904758 3.86400533],landing,[ 0.50568378 -0.03156594 -0.11489306]
482.67884159088135,1000,False,1,6,[6.15466914 4.80167514 4.        ],exiting,[-0.82138112 -0.19970136 -0.21083176]
482.67884159088135,1001,False,0,2,[-3.32016783 -2.77381433  4.        ],cruising,[-0.48080528  0.59740651 -0.20557775]
482.67884159088135,1002,False,3,5,[-5.90165302  3.51781626  3.99971893],cruising,[ 0.5677905  -0.59831228 -0.99408226]
482.67884159088135,1003,False,4,3,[ 8.12083464 -7.4824118   1.99552525],queued,[ 0.63925976  0.24903542 -0.34837281]
482.67884159088135,1004,False,1,4,[5.4589189  1.62558042 1.2916818 ],waiting,[-0.62185191  0.08809385  0.93462812]
482.67884159088135,1005,False,5,0,[2.39531796 8.94191903 3.79714166],landing,[ 0.50568378 -0.03156594 -0.11489306]
482.7882409095764,1000,False,1,6,[6.28873714 4.82655396 4.        ],exiting,[-0.82138112 -0.19970136 -0.21083176]
482.7882409095764,1001,False,0,2,[-3.35165202 -2.62506859  4.        ],cruising,[-0.48080528  0.59740651 -0.20557775]
482.7882409095764,1002,False,3,5,[-5.99709027  3.6935767   3.99976109],cruising,[ 0.5677905  -0.59831228 -0.99408226]
482.7882409095764,1003,False,4,3,[ 8.12083464 -7.4824118   2.07052525],queued,[ 0.63925976  0.24903542 -0.34837281]
482.7882409095764,1004,False,1,4,[5.4589189  1.62558042 1.2916818 ],waiting,[-0.62185191  0.08809385  0.93462812]
482.7882409095764,1005,False,5,0,[2.41571539 8.94932614 3.71762111],landing,[ 0.50568378 -0.03156594 -0.11489306]
482.87602162361145,1000,False,1,6,[6.4065371  4.86306683 4.        ],exiting,[-0.82138112 -0.19970136 -0.21083176]
482.87602162361145,1001,False,0,2,[-3.36455272 -2.46893002  4.        ],cruising,[-0.48080528  0.59740651 -0.20557775]
482.87602162361145,1002,False,3,5,[-6.08738203  3.87203509  3.99979693],cruising,[ 0.5677905  -0.59831228 -0.99408226]
482.87602162361145,1003,False,4,3,[ 8.12083464 -7.4824118   2.14552525],queued,[ 0.63925976  0.24903542 -0.34837281]
482.87602162361145,1004,False,1,4,[5.4589189  1.62558042 1.2916818 ],waiting,[-0.62185191  0.08809385  0.93462812]
482.87602162361145,1005,False,5,0,[2.43519968 8.94108028 3.62568481],landing,[ 0.50568378 -0.03156594 -0.11489306]
482.9829478263855,1000,False,1,6,[6.50800524 4.91112403 4.        ],exiting,[-0.82138112 -0.19970136 -0.21083176]
482.9829478263855,1001,False,0,2,[-3.35905353 -2.30495281  4.        ],cruising,[-0.48080528  0.59740651 -0.20557775]
482.9829478263855,1002,False,3,5,[-6.17144431  4.05351107  3.99982739],cruising,[ 0.5677905  -0.59831228 -0.99408226]
482.9829478263855,1003,False,4,3,[ 8.12083464 -7.4824118   2.22052525],queued,[ 0.63925976  0.24903542 -0.34837281]
482.9829478263855,1004,False,1,4,[5.4589189  1.62558042 1.2916818 ],waiting,[-0.62185191  0.08809385  0.93462812]
482.9829478263855,1005,False,5,0,[2.45425738 8.92619718 3.52865236],landing,[ 0.50568378 -0.03156594 -0.11489306]
483.08827805519104,1000,False,1,6,[6.59309138 4.97065425 4.        ],exiting,[-0.82138112 -0.19970136 -0.21083176]
483.08827805519104,1001,False,0,2,[-3.33575078 -2.13186336  4.        ],cruising,[-0.48080528  0.59740651 -0.20557775]
483.08827805519104,1002,False,3,5,[-6.24789318  4.23832333  3.99985328],cruising,[ 0.5677905  -0.59831228 -0.99408226]
483.08827805519104,1003,False,4,3,[ 8.12083464 -7.4824118   2.29552525],queued,[ 0.63925976  0.24903542 -0.34837281]
483.08827805519104,1004,False,1,4,[5.4589189  1.62558042 1.2916818 ],waiting,[-0.62185191  0.08809385  0.93462812]
483.08827805519104,1005,False,5,0,[2.47331509 8.91131408 3.4316199 ],landing,[ 0.50568378 -0.03156594 -0.11489306]
483.17699694633484,1000,False,1,6,[6.66174272 5.04158171 4.        ],exiting,[-0.82138112 -0.19970136 -0.21083176]
483.17699694633484,1001,False,0,2,[-3.29684932 -1.9462567   4.        ],cruising,[-0.48080528  0.59740651 -0.20557775]
483.17699694633484,1002,False,3,5,[-6.31494543  4.42674837  3.99987529],cruising,[ 0.5677905  -0.59831228 -0.99408226]
483.17699694633484,1003,False,4,3,[ 8.12083464 -7.4824118   2.37052525],queued,[ 0.63925976  0.24903542 -0.34837281]
483.17699694633484,1004,False,1,4,[5.4589189  1.62558042 1.2916818 ],waiting,[-0.62185191  0.08809385  0.93462812]
483.17699694633484,1005,False,5,0,[2.4923728  8.89643098 3.33458745],landing,[ 0.50568378 -0.03156594 -0.11489306]
483.2890045642853,1000,False,1,6,[6.71390456 5.12382716 4.        ],exiting,[-0.82138112 -0.19970136 -0.21083176]
483.2890045642853,1001,False,0,2,[-3.26203852 -1.74930948  4.        ],cruising,[-0.48080528  0.59740651 -0.20557775]
483.2890045642853,1002,False,3,5,[-6.36396732  4.62064745  3.99989399],exiting,[ 0.5677905  -0.59831228 -0.99408226]
483.2890045642853,1003,False,4,3,[ 8.12083464 -7.4824118   2.44552525],entering,[ 0.63925976  0.24903542 -0.34837281]
483.2890045642853,1004,False,1,4,[5.4589189  1.62558042 1.2916818 ],waiting,[-0.62185191  0.08809385  0.93462812]
483.2890045642853,1005,False,5,0,[2.51143051 8.88154788 3.23755499],landing,[ 0.50568378 -0.03156594 -0.11489306]
483.3887848854065,1000,False,1,6,[6.7496544  5.21721853 4.        ],exiting,[-0.82138112 -0.19970136 -0.21083176]
483.3887848854065,1001,False,0,2,[-3.24384954 -1.55013829  4.        ],cruising,[-0.48080528  0.59740651 -0.20557775]
483.3887848854065,1002,False,3,5,[-6.41498675  4.79464654  3.99991273],exiting,[ 0.5677905  -0.59831228 -0.99408226]
483.3887848854065,1003,False,4,3,[ 8.1093447  -7.46604166  2.52052525],entering,[ 0.63925976  0.24903542 -0.34837281]
483.3887848854065,1004,False,1,4,[5.4589189  1.62558042 1.2916818 ],waiting,[-0.62185191  0.08809385  0.93462812]
483.3887848854065,1005,False,5,0,[2.53048822 8.86666478 3.14052254],landing,[ 0.50568378 -0.03156594 -0.11489306]
483.48304200172424,1000,False,1,6,[6.78540423 5.31060991 4.        ],exiting,[-0.82138112 -0.19970136 -0.21083176]
483.48304200172424,1001,False,0,2,[-3.24200898 -1.35014676  4.        ],cruising,[-0.48080528  0.59740651 -0.20557775]
483.48304200172424,1002,False,3,5,[-6.4682403   4.9487708   3.99993094],exiting,[ 0.5677905  -0.59831228 -0.99408226]
483.48304200172424,1003,False,4,3,[ 8.08636483 -7.43330139  2.59552525],entering,[ 0.63925976  0.24903542 -0.34837281]
483.48304200172424,1004,False,1,4,[5.4589189  1.62558042 1.2916818 ],waiting,[-0.62185191  0.08809385  0.93462812]
483.48304200172424,1005,False,5,0,[2.54954592 8.85178169 3.04349009],landing,[ 0.50568378 -0.03156594 -0.11489306]
483.5857832431793,1000,False,1,6,[6.82115407 5.40400129 4.        ],exiting,[-0.82138112 -0.19970136 -0.21083176]
483.5857832431793,1001,False,0,2,[-3.25475036 -1.15055303  4.        ],cruising,[-0.48080528  0.59740651 -0.20557775]
483.5857832431793,1002,False,3,5,[-6.52404465  5.08305839  3.99994778],exiting,[ 0.5677905  -0.59831228 -0.99408226]
483.5857832431793,1003,False,4,3,[ 8.05189503 -7.38419097  2.67052525],entering,[ 0.63925976  0.24903542 -0.34837281]
483.5857832431793,1004,False,1,4,[5.4589189  1.62558042 1.2916818 ],waiting,[-0.62185191  0.08809385  0.93462812]
483.5857832431793,1005,False,5,0,[2.56860363 8.83689859 2.94645763],landing,[ 0.50568378 -0.03156594 -0.11489306]
483.6822955608368,1000,False,1,6,[6.8569039  5.49739266 4.        ],exiting,[-0.82138112 -0.19970136 -0.21083176]
483.6822955608368,1001,False,0,2,[-3.28170977 -0.95237839  4.        ],cruising,[-0.48080528  0.59740651 -0.20557775]
483.6822955608368,1002,False,3,5,[-6.5827688   5.19756026  3.99996212],exiting,[ 0.5677905  -0.59831228 -0.99408226]
483.6822955608368,1003,False,4,3,[ 8.00593529 -7.31871042  2.74552525],entering,[ 0.63925976  0.24903542 -0.34837281]
483.6822955608368,1004,False,1,4,[5.4589189  1.62558042 1.2916818 ],waiting,[-0.62185191  0.08809385  0.93462812]
483.6822955608368,1005,False,5,0,[2.58766134 8.82201549 2.84942518],landing,[ 0.50568378 -0.03156594 -0.11489306]
483.78695487976074,1000,False,1,6,[6.89265374 5.59078404 4.        ],exiting,[-0.82138112 -0.19970136 -0.21083176]
483.78695487976074,1001,False,0,2,[-3.32172543 -0.7564224   4.        ],cruising,[-0.48080528  0.59740651 -0.20557775]
483.78695487976074,1002,False,3,5,[-6.64473392  5.29232648  3.99997267],exiting,[ 0.5677905  -0.59831228 -0.99408226]
483.78695487976074,1003,False,4,3,[ 7.94848561 -7.23685974  2.82052525],entering,[ 0.63925976  0.24903542 -0.34837281]
483.78695487976074,1004,False,1,4,[5.4589189  1.62558042 1.2916818 ],queued,[-0.62185191  0.08809385  0.93462812]
483.78695487976074,1005,False,5,0,[2.60671905 8.80713239 2.75239272],landing,[ 0.50568378 -0.03156594 -0.11489306]
483.8748126029968,1000,False,1,6,[6.92840357 5.68417542 4.        ],exiting,[-0.82138112 -0.19970136 -0.21083176]
483.8748126029968,1001,False,0,2,[-3.37373131 -0.56330226  4.        ],cruising,[-0.48080528  0.59740651 -0.20557775]
483.8748126029968,1002,False,3,5,[-6.71017511  5.3679403   3.99997772],exiting,[ 0.5677905  -0.59831228 -0.99408226]
483.8748126029968,1003,False,4,3,[ 7.879546   -7.13863891  2.89552525],entering,[ 0.63925976  0.24903542 -0.34837281]
483.8748126029968,1004,False,1,4,[5.4589189  1.62558042 1.3116818 ],queued,[-0.62185191  0.08809385  0.93462812]
483.8748126029968,1005,False,5,0,[2.62577676 8.79224929 2.65536027],landing,[ 0.50568378 -0.03156594 -0.11489306]
483.9812009334564,1000,False,1,6,[6.96415341 5.77756679 4.        ],exiting,[-0.82138112 -0.19970136 -0.21083176]
483.9812009334564,1001,False,0,2,[-3.43504768 -0.3729334   4.        ],cruising,[-0.48080528  0.59740651 -0.20557775]
483.9812009334564,1002,False,3,5,[-6.77561631  5.44355412  3.99998187],exiting,[ 0.5677905  -0.59831228 -0.99408226]
483.9812009334564,1003,False,4,3,[ 7.79919697 -7.02399174  2.97052525],entering,[ 0.63925976  0.24903542 -0.34837281]
483.9812009334564,1004,False,1,4,[5.4589189  1.62558042 1.3516818 ],queued,[-0.62185191  0.08809385  0.93462812]
483.9812009334564,1005,False,5,0,[2.64483446 8.77736619 2.55832782],landing,[ 0.50568378 -0.03156594 -0.11489306]
484.11926674842834,1000,False,1,6,[6.99990324 5.87095817 4.        ],exiting,[-0.82138112 -0.19970136 -0.21083176]
484.11926674842834,1001,False,0,2,[-3.50694021 -0.18630151  4.        ],cruising,[-0.48080528  0.59740651 -0.20557775]
484.11926674842834,1002,False,3,5,[-6.8410575   5.51916795  3.99998527],exiting,[ 0.5677905  -0.59831228 -0.99408226]
484.11926674842834,1003,False,4,3,[ 7.70663611 -6.89350565  3.04552525],entering,[ 0.63925976  0.24903542 -0.34837281]
484.11926674842834,1004,False,1,4,[5.4589189  1.62558042 1.4116818 ],queued,[-0.62185191  0.08809385  0.93462812]
484.11926674842834,1005,False,5,0,[2.66389217 8.76248309 2.46129536],landing,[ 0.50568378 -0.03156594 -0.11489306]
484.21916699409485,1000,False,1,6,[7.03565308 5.96434955 4.        ],exiting,[-0.82138112 -0.19970136 -0.21083176]
484.21916699409485,1001,False,0,2,[-3.58894925e+00 -3.88846723e-03  4.00000000e+00],exiting,[-0.48080528  0.59740651 -0.20557775]
484.21916699409485,1002,False,3,5,[-6.90649869  5.59478177  3.99998805],exiting,[ 0.5677905  -0.59831228 -0.99408226]
484.21916699409485,1003,False,4,3,[ 7.60117454 -6.7477365   3.12052525],entering,[ 0.63925976  0.24903542 -0.34837281]
484.21916699409485,1004,False,1,4,[5.4589189  1.62558042 1.4866818 ],queued,[-0.62185191  0.08809385  0.93462812]
484.21916699409485,1005,False,5,0,[2.68294988 8.74759999 2.36426291],landing,[ 0.50568378 -0.03156594 -0.11489306]
484.31889152526855,1000,False,1,6,[7.07140291 6.05774093 4.        ],exiting,[-0.82138112 -0.19970136 -0.21083176]
484.31889152526855,1001,False,0,2,[-3.67173861  0.15853981  4.        ],exiting,[-0.48080528  0.59740651 -0.20557775]
484.31889152526855,1002,False,3,5,[-6.97193989  5.67039559  3.99999033],exiting,[ 0.5677905  -0.59831228 -0.99408226]
484.31889152526855,1003,False,4,3,[ 7.48273101 -6.58675326  3.19552525],entering,[ 0.63925976  0.24903542 -0.34837281]
484.31889152526855,1004,False,1,4,[5.4589189  1.62558042 1.5616818 ],queued,[-0.62185191  0.08809385  0.93462812]
484.31889152526855,1005,False,5,0,[2.70200759 8.73271689 2.26723045],landing,[ 0.50568378 -0.03156594 -0.11489306]
484.4223864078522,1000,False,1,6,[7.10715275 6.1511323  4.        ],exiting,[-0.82138112 -0.19970136 -0.21083176]
484.4223864078522,1001,False,0,2,[-3.75514465  0.30097759  4.        ],exiting,[-0.48080528  0.59740651 -0.20557775]
484.4223864078522,1002,False,3,5,[-7.03738108  5.74600941  3.99999219],exiting,[ 0.5677905  -0.59831228 -0.99408226]
484.4223864078522,1003,False,4,3,[ 7.36378318 -6.42596951  3.27052525],entering,[ 0.63925976  0.24903542 -0.34837281]
484.4223864078522,1004,False,1,4,[5.4589189  1.62558042 1.6366818 ],queued,[-0.62185191  0.08809385  0.93462812]
484.4223864078522,1005,False,5,0,[2.7210653  8.71783379 2.170198  ],landing,[ 0.50568378 -0.03156594 -0.11489306]
484.52030515670776,1000,False,1,6,[7.14290258 6.24452368 4.        ],exiting,[-0.82138112 -0.19970136 -0.21083176]
484.52030515670776,1001,False,0,2,[-3.83898519  0.42342009  4.        ],exiting,[-0.48080528  0.59740651 -0.20557775]
484.52030515670776,1002,False,3,5,[-7.10282227  5.82162324  3.9999937 ],exiting,[ 0.5677905  -0.59831228 -0.99408226]
484.52030515670776,1003,False,4,3,[ 7.24122836 -6.26791789  3.34552525],entering,[ 0.63925976  0.24903542 -0.34837281]
484.52030515670776,1004,False,1,4,[5.4589189  1.62558042 1.7116818 ],queued,[-0.62185191  0.08809385  0.93462812]
484.52030515670776,1005,False,5,0,[2.740123   8.70295069 2.07316555],landing,[ 0.50568378 -0.03156594 -0.11489306]
484.62954449653625,1000,False,1,6,[7.17865242 6.33791506 4.        ],exiting,[-0.82138112 -0.19970136 -0.21083176]
484.62954449653625,1001,False,0,2,[-3.92305463  0.5258639   4.        ],exiting,[-0.48080528  0.59740651 -0.20557775]
484.62954449653625,1002,False,3,5,[-7.16826347  5.89723706  3.99999494],exiting,[ 0.5677905  -0.59831228 -0.99408226]
484.62954449653625,1003,False,4,3,[ 7.11964611 -6.10911689  3.42052525],entering,[ 0.63925976  0.24903542 -0.34837281]
484.62954449653625,1004,False,1,4,[5.4589189  1.62558042 1.7866818 ],queued,[-0.62185191  0.08809385  0.93462812]
484.62954449653625,1005,False,5,0,[2.75918071 8.6880676  1.97613309],landing,[ 0.50568378 -0.03156594 -0.11489306]
484.7202892303467,1000,False,1,6,[7.21440225 6.43130643 4.        ],exiting,[-0.82138112 -0.19970136 -0.21083176]
484.7202892303467,1001,False,0,2,[-4.00711432  0.60830772  4.        ],exiting,[-0.48080528  0.59740651 -0.20557775]
484.7202892303467,1002,False,3,5,[-7.23370466  5.97285088  3.99999594],exiting,[ 0.5677905  -0.59831228 -0.99408226]
484.7202892303467,1003,False,4,3,[ 6.99261378 -5.95464104  3.49552525],entering,[ 0.63925976  0.24903542 -0.34837281]
484.7202892303467,1004,False,1,4,[5.4589189  1.62558042 1.8616818 ],queued,[-0.62185191  0.08809385  0.93462812]
484.7202892303467,1005,False,5,0,[2.77823842 8.6731845  1.87910064],landing,[ 0.50568378 -0.03156594 -0.11489306]
484.8206744194031,1000,False,1,6,[7.25015209 6.52469781 4.        ],exiting,[-0.82138112 -0.19970136 -0.21083176]
484.8206744194031,1001,False,0,2,[-4.09087042  0.67075383  4.        ],exiting,[-0.48080528  0.59740651 -0.20557775]
484.8206744194031,1002,False,3,5,[-7.29914585  6.0484647   3.99999676],exiting,[ 0.5677905  -0.59831228 -0.99408226]
484.8206744194031,1003,False,4,3,[ 6.86440346 -5.80114149  3.57052525],entering,[ 0.63925976  0.24903542 -0.34837281]
484.8206744194031,1004,False,1,4,[5.4589189  1.62558042 1.9366818 ],queued,[-0.62185191  0.08809385  0.93462812]
484.8206744194031,1005,False,5,0,[2.79729613 8.6583014  1.78206818],landing,[ 0.50568378 -0.03156594 -0.11489306]
484.92104601860046,1000,False,1,6,[7.28590192 6.61808919 4.        ],exiting,[-0.82138112 -0.19970136 -0.21083176]
484.92104601860046,1001,False,0,2,[-4.17391081  0.71321276  4.        ],exiting,[-0.48080528  0.59740651 -0.20557775]
484.92104601860046,1002,False,3,5,[-7.36458705  6.12407853  3.99999742],exiting,[ 0.5677905  -0.59831228 -0.99408226]
484.92104601860046,1003,False,4,3,[ 6.73456514 -5.6490165   3.63494646],entering,[ 0.63925976  0.24903542 -0.34837281]
484.92104601860046,1004,False,1,4,[5.4589189  1.62558042 2.0116818 ],queued,[-0.62185191  0.08809385  0.93462812]
484.92104601860046,1005,False,5,0,[2.81635384 8.6434183  1.68503573],landing,[ 0.50568378 -0.03156594 -0.11489306]
485.0214509963989,1000,False,1,6,[7.32165176 6.71148056 4.        ],exiting,[-0.82138112 -0.19970136 -0.21083176]
485.0214509963989,1001,False,0,2,[-4.2559814   0.73569522  4.        ],exiting,[-0.48080528  0.59740651 -0.20557775]
485.0214509963989,1002,False,3,5,[-7.43002824  6.19969235  3.99999795],exiting,[ 0.5677905  -0.59831228 -0.99408226]
485.0214509963989,1003,False,4,3,[ 6.59779154 -5.50309535  3.68970449],entering,[ 0.63925976  0.24903542 -0.34837281]
485.0214509963989,1004,False,1,4,[5.4589189  1.62558042 2.0866818 ],queued,[-0.62185191  0.08809385  0.93462812]
485.0214509963989,1005,False,5,0,[2.83541154 8.6285352  1.58800328],landing,[ 0.50568378 -0.03156594 -0.11489306]
485.1195135116577,1000,False,1,6,[7.35740159 6.80487194 4.        ],exiting,[-0.82138112 -0.19970136 -0.21083176]
485.1195135116577,1001,False,0,2,[-4.33682388  0.73821542  4.        ],exiting,[-0.48080528  0.59740651 -0.20557775]
485.1195135116577,1002,False,3,5,[-7.49546943  6.27530617  3.99999838],exiting,[ 0.5677905  -0.59831228 -0.99408226]
485.1195135116577,1003,False,4,3,[ 6.45628169 -5.36176255  3.73624882],entering,[ 0.63925976  0.24903542 -0.34837281]
485.1195135116577,1004,False,1,4,[5.4589189  1.62558042 2.1616818 ],queued,[-0.62185191  0.08809385  0.93462812]
485.1195135116577,1005,False,5,0,[2.85446925 8.6136521  1.49097082],fake_landed,[ 0.50568378 -0.03156594 -0.11489306]
485.22034192085266,1000,False,1,6,[7.39315143 6.89826332 4.        ],exiting,[-0.82138112 -0.19970136 -0.21083176]
485.22034192085266,1001,False,0,2,[-4.41617566  0.72079125  4.        ],exiting,[-0.48080528  0.59740651 -0.20557775]
485.22034192085266,1002,False,3,5,[-7.56091063  6.35091999  3.99999873],exiting,[ 0.5677905  -0.59831228 -0.99408226]
485.22034192085266,1003,False,4,3,[ 6.31242079 -5.22282355  3.7758115 ],entering,[ 0.63925976  0.24903542 -0.34837281]
485.22034192085266,1004,False,1,4,[5.4589189  1.62558042 2.2366818 ],queued,[-0.62185191  0.08809385  0.93462812]
485.22034192085266,1005,False,5,0,[2.86971542 8.60174562 1.41334486],fake_landed,[ 0.50568378 -0.03156594 -0.11489306]
485.3195450305939,1000,False,1,6,[7.42890126 6.9916547  4.        ],exiting,[-0.82138112 -0.19970136 -0.21083176]
485.3195450305939,1001,False,0,2,[-4.49376961  0.68344447  4.        ],exiting,[-0.48080528  0.59740651 -0.20557775]
485.3195450305939,1002,False,3,5,[-7.62635182  6.42653382  3.999999  ],exiting,[ 0.5677905  -0.59831228 -0.99408226]
485.3195450305939,1003,False,4,3,[ 6.1616587  -5.09140517  3.80943977],entering,[ 0.63925976  0.24903542 -0.34837281]
485.3195450305939,1004,False,1,4,[5.4589189  1.62558042 2.3116818 ],queued,[-0.62185191  0.08809385  0.93462812]
485.3195450305939,1005,False,5,0,[2.88115004 8.59281576 1.35512539],fake_landed,[ 0.50568378 -0.03156594 -0.11489306]
485.4272232055664,1000,False,1,6,[7.4646511  7.08504607 4.        ],exiting,[-0.82138112 -0.19970136 -0.21083176]
485.4272232055664,1001,False,0,2,[-4.56933384  0.62620097  4.        ],exiting,[-0.48080528  0.59740651 -0.20557775]
485.4272232055664,1002,False,3,5,[-7.69179302  6.50214764  3.99999923],exiting,[ 0.5677905  -0.59831228 -0.99408226]
485.4272232055664,1003,False,4,3,[ 6.00387982 -4.96849942  3.83802381],cruising,[ 0.63925976  0.24903542 -0.34837281]
485.4272232055664,1004,False,1,4,[5.4589189  1.62558042 2.3866818 ],queued,[-0.62185191  0.08809385  0.93462812]
485.4272232055664,1005,False,5,0,[2.88877313 8.58686252 1.31631241],fake_landed,[ 0.50568378 -0.03156594 -0.11489306]
485.51834774017334,1000,False,1,6,[7.50040093 7.17843745 4.        ],exiting,[-0.82138112 -0.19970136 -0.21083176]
485.51834774017334,1001,False,0,2,[-4.64379422  0.5594503   4.        ],exiting,[-0.48080528  0.59740651 -0.20557775]
485.51834774017334,1002,False,3,5,[-7.75723421  6.57776146  3.9999994 ],exiting,[ 0.5677905  -0.59831228 -0.99408226]
485.51834774017334,1003,False,4,3,[ 5.84236365 -4.85054805  3.86232023],cruising,[ 0.63925976  0.24903542 -0.34837281]
485.51834774017334,1004,False,1,4,[5.4589189  1.62558042 2.4616818 ],queued,[-0.62185191  0.08809385  0.93462812]
485.51834774017334,1005,False,5,0,[2.89258467 8.5838859  1.29690591],fake_landed,[ 0.50568378 -0.03156594 -0.11489306]
485.62392258644104,1000,False,1,6,[7.53615077 7.27182883 4.        ],exiting,[-0.82138112 -0.19970136 -0.21083176]
485.62392258644104,1001,False,0,2,[-4.71825461  0.49269964  4.        ],exiting,[-0.48080528  0.59740651 -0.20557775]
485.62392258644104,1002,False,3,5,[-7.8226754   6.65337529  3.99999954],exiting,[ 0.5677905  -0.59831228 -0.99408226]
485.62392258644104,1003,False,4,3,[ 5.67447111 -4.74186458  3.8829722 ],cruising,[ 0.63925976  0.24903542 -0.34837281]
485.62392258644104,1004,False,1,4,[5.4589189  1.62558042 2.5366818 ],queued,[-0.62185191  0.08809385  0.93462812]
485.62392258644104,1005,False,0,1,[2.89258467 8.5838859  1.29690591],waiting,[ 0.50568378 -0.03156594 -0.11489306]
485.7188937664032,1000,False,1,6,[7.5719006 7.3652202 4.       ],exiting,[-0.82138112 -0.19970136 -0.21083176]
485.7188937664032,1001,False,0,2,[-4.79271499  0.42594898  4.        ],exiting,[-0.48080528  0.59740651 -0.20557775]
485.7188937664032,1002,False,3,5,[-7.8881166   6.72898911  3.99999965],exiting,[ 0.5677905  -0.59831228 -0.99408226]
485.7188937664032,1003,False,4,3,[ 5.50331997 -4.63838856  3.90052637],cruising,[ 0.63925976  0.24903542 -0.34837281]
485.7188937664032,1004,False,1,4,[5.4589189  1.62558042 2.6116818 ],entering,[-0.62185191  0.08809385  0.93462812]
485.7188937664032,1005,False,0,1,[2.89258467 8.5838859  1.29690591],waiting,[ 0.50568378 -0.03156594 -0.11489306]
485.8187167644501,1000,False,1,6,[7.60765044 7.45861158 4.        ],exiting,[-0.82138112 -0.19970136 -0.21083176]
485.8187167644501,1001,False,0,2,[-4.86717538  0.35919832  4.        ],exiting,[-0.48080528  0.59740651 -0.20557775]
485.8187167644501,1002,False,3,5,[-7.95355779  6.80460293  3.99999974],exiting,[ 0.5677905  -0.59831228 -0.99408226]
485.8187167644501,1003,False,4,3,[ 5.32770438 -4.54268502  3.91544741],cruising,[ 0.63925976  0.24903542 -0.34837281]
485.8187167644501,1004,False,1,4,[5.47861055 1.62208203 2.6866818 ],entering,[-0.62185191  0.08809385  0.93462812]
485.8187167644501,1005,False,0,1,[2.89258467 8.5838859  1.29690591],waiting,[ 0.50568378 -0.03156594 -0.11489306]
485.92936062812805,1000,False,1,6,[7.64340027 7.55200296 4.        ],exiting,[-0.82138112 -0.19970136 -0.21083176]
485.92936062812805,1001,False,0,2,[-4.94163577  0.29244766  4.        ],exiting,[-0.48080528  0.59740651 -0.20557775]
485.92936062812805,1002,False,3,5,[-8.01899898  6.88021675  3.99999981],exiting,[ 0.5677905  -0.59831228 -0.99408226]
485.92936062812805,1003,False,4,3,[ 5.15010056 -4.45072371  3.9281303 ],cruising,[ 0.63925976  0.24903542 -0.34837281]
485.92936062812805,1004,False,1,4,[5.51798817 1.61505336 2.7616818 ],entering,[-0.62185191  0.08809385  0.93462812]
485.92936062812805,1005,False,0,1,[2.89258467 8.5838859  1.29690591],waiting,[ 0.50568378 -0.03156594 -0.11489306]
486.0191488265991,1000,False,1,6,[7.67915011 7.64539433 4.        ],exiting,[-0.82138112 -0.19970136 -0.21083176]
486.0191488265991,1001,False,0,2,[-5.01609615  0.22569699  4.        ],exiting,[-0.48080528  0.59740651 -0.20557775]
486.0191488265991,1002,False,3,5,[-8.08444018  6.95583058  3.99999986],exiting,[ 0.5677905  -0.59831228 -0.99408226]
486.0191488265991,1003,False,4,3,[ 4.96977052 -4.3642305   3.93891076],cruising,[ 0.63925976  0.24903542 -0.34837281]
486.0191488265991,1004,False,1,4,[5.57703894 1.60442372 2.8366818 ],entering,[-0.62185191  0.08809385  0.93462812]
486.0191488265991,1005,False,0,1,[2.89258467 8.5838859  1.29690591],waiting,[ 0.50568378 -0.03156594 -0.11489306]
486.132360458374,1000,False,1,6,[7.71489994 7.73878571 4.        ],exiting,[-0.82138112 -0.19970136 -0.21083176]
486.132360458374,1001,False,0,2,[-5.09055654  0.15894633  4.        ],exiting,[-0.48080528  0.59740651 -0.20557775]
486.132360458374,1002,False,3,5,[-8.14988137  7.0314444   3.9999999 ],exiting,[ 0.5677905  -0.59831228 -0.99408226]
486.132360458374,1003,False,4,3,[ 4.78844757 -4.27983864  3.94807414],cruising,[ 0.63925976  0.24903542 -0.34837281]
486.132360458374,1004,False,1,4,[5.65568856 1.58980844 2.9116818 ],entering,[-0.62185191  0.08809385  0.93462812]
486.132360458374,1005,False,0,1,[2.89258467 8.5838859  1.29690591],waiting,[ 0.50568378 -0.03156594 -0.11489306]
486.23052740097046,1000,False,1,6,[7.75064978 7.83217709 4.        ],exiting,[-0.82138112 -0.19970136 -0.21083176]
486.23052740097046,1001,False,0,2,[-5.16501693  0.09219567  4.        ],exiting,[-0.48080528  0.59740651 -0.20557775]
486.23052740097046,1002,False,3,5,[-8.21532256  7.10705822  3.99999994],exiting,[ 0.5677905  -0.59831228 -0.99408226]
486.23052740097046,1003,False,4,3,[ 4.60625166 -4.19734832  3.95586302],cruising,[ 0.63925976  0.24903542 -0.34837281]
486.23052740097046,1004,False,1,4,[5.7538554  1.57082532 2.9866818 ],entering,[-0.62185191  0.08809385  0.93462812]
486.23052740097046,1005,False,0,1,[2.89258467 8.5838859  1.29690591],waiting,[ 0.50568378 -0.03156594 -0.11489306]
486.32371711730957,1000,False,1,6,[7.78639961 7.92556846 4.        ],exiting,[-0.82138112 -0.19970136 -0.21083176]
486.32371711730957,1001,False,0,2,[-5.23947731  0.02544501  4.        ],exiting,[-0.48080528  0.59740651 -0.20557775]
486.32371711730957,1002,False,3,5,[-8.28076376  7.18267204  3.99999996],exiting,[ 0.5677905  -0.59831228 -0.99408226]
486.32371711730957,1003,False,4,3,[ 4.42276289 -4.11777527  3.96248357],cruising,[ 0.63925976  0.24903542 -0.34837281]
486.32371711730957,1004,False,1,4,[5.87139742 1.54688211 3.0616818 ],entering,[-0.62185191  0.08809385  0.93462812]
486.32371711730957,1005,False,0,1,[2.89258467 8.5838859  1.29690591],waiting,[ 0.50568378 -0.03156594 -0.11489306]
486.4324154853821,1000,False,1,6,[7.82214945 8.01895984 4.        ],exiting,[-0.82138112 -0.19970136 -0.21083176]
486.4324154853821,1001,False,0,2,[-5.3139377  -0.04130565  4.        ],exiting,[-0.48080528  0.59740651 -0.20557775]
486.4324154853821,1002,False,3,5,[-8.34620495  7.25828587  3.99999998],exiting,[ 0.5677905  -0.59831228 -0.99408226]
486.4324154853821,1003,False,4,3,[ 4.23887304 -4.03913353  3.96811103],cruising,[ 0.63925976  0.24903542 -0.34837281]
486.4324154853821,1004,False,1,4,[6.00812759 1.51729848 3.1366818 ],entering,[-0.62185191  0.08809385  0.93462812]
486.4324154853821,1005,False,0,1,[2.89258467 8.5838859  1.29690591],waiting,[ 0.50568378 -0.03156594 -0.11489306]
486.5294315814972,1000,False,1,6,[7.85789928 8.11235122 4.        ],exiting,[-0.82138112 -0.19970136 -0.21083176]
486.5294315814972,1001,False,0,2,[-5.38839809 -0.10805632  4.        ],exiting,[-0.48080528  0.59740651 -0.20557775]
486.5294315814972,1002,False,3,5,[-8.41164614  7.33389969  3.99999999],landing,[ 0.5677905  -0.59831228 -0.99408226]
486.5294315814972,1003,False,4,3,[ 4.05422374 -3.96229191  3.97289438],cruising,[ 0.63925976  0.24903542 -0.34837281]
486.5294315814972,1004,False,1,4,[6.16336706 1.48013814 3.2116818 ],entering,[-0.62185191  0.08809385  0.93462812]
486.5294315814972,1005,False,0,1,[2.89258467 8.5838859  1.29690591],waiting,[ 0.50568378 -0.03156594 -0.11489306]
486.62056016921997,1000,False,1,6,[7.89364912 8.2057426  4.        ],exiting,[-0.82138112 -0.19970136 -0.21083176]
486.62056016921997,1001,False,0,2,[-5.46285847 -0.17480698  4.        ],exiting,[-0.48080528  0.59740651 -0.20557775]
486.62056016921997,1002,False,3,5,[-8.46568432  7.40134659  3.98574263],landing,[ 0.5677905  -0.59831228 -0.99408226]
486.62056016921997,1003,False,4,3,[ 3.8693632  -3.88595986  3.97696022],cruising,[ 0.63925976  0.24903542 -0.34837281]
486.62056016921997,1004,False,1,4,[6.33618956 1.43344697 3.2866818 ],entering,[-0.62185191  0.08809385  0.93462812]
486.62056016921997,1005,False,0,1,[2.89258467 8.5838859  1.29690591],waiting,[ 0.50568378 -0.03156594 -0.11489306]
486.7189214229584,1000,False,1,6,[7.92939895 8.29913397 4.        ],exiting,[-0.82138112 -0.19970136 -0.21083176]
486.7189214229584,1001,False,0,2,[-5.53731886 -0.24155764  4.        ],exiting,[-0.48080528  0.59740651 -0.20557775]
486.7189214229584,1002,False,3,5,[-8.50823311  7.46047036  3.95738849],landing,[ 0.5677905  -0.59831228 -0.99408226]
486.7189214229584,1003,False,4,3,[ 3.68401957 -3.81080841  3.98041619],cruising,[ 0.63925976  0.24903542 -0.34837281]
486.7189214229584,1004,False,1,4,[6.52247161 1.37196255 3.3616818 ],entering,[-0.62185191  0.08809385  0.93462812]
486.7189214229584,1005,False,0,1,[2.89258467 8.5838859  1.29690591],waiting,[ 0.50568378 -0.03156594 -0.11489306]
486.8241693973541,1000,False,1,6,[7.96514879 8.39252535 4.        ],exiting,[-0.82138112 -0.19970136 -0.21083176]
486.8241693973541,1001,False,0,2,[-5.61177924 -0.3083083   4.        ],exiting,[-0.48080528  0.59740651 -0.20557775]
486.8241693973541,1002,False,3,5,[-8.53919124  7.51108548  3.91513256],landing,[ 0.5677905  -0.59831228 -0.99408226]
486.8241693973541,1003,False,4,3,[ 3.49848189 -3.73613734  3.98335376],cruising,[ 0.63925976  0.24903542 -0.34837281]
486.8241693973541,1004,False,1,4,[6.70933813 1.30068207 3.4366818 ],entering,[-0.62185191  0.08809385  0.93462812]
486.8241693973541,1005,False,0,1,[2.89258467 8.5838859  1.29690591],waiting,[ 0.50568378 -0.03156594 -0.11489306]
486.91933941841125,1000,False,1,6,[8.00089862 8.48591673 4.        ],exiting,[-0.82138112 -0.19970136 -0.21083176]
486.91933941841125,1001,False,0,2,[-5.68623963 -0.37505896  4.        ],exiting,[-0.48080528  0.59740651 -0.20557775]
486.91933941841125,1002,False,3,5,[-8.55841982  7.55293305  3.85925504],landing,[ 0.5677905  -0.59831228 -0.99408226]
486.91933941841125,1003,False,4,3,[ 3.31258298 -3.66237018  3.9858507 ],cruising,[ 0.63925976  0.24903542 -0.34837281]
486.91933941841125,1004,False,1,4,[6.89218221 1.21963861 3.5116818 ],entering,[-0.62185191  0.08809385  0.93462812]
486.91933941841125,1005,False,0,1,[2.89258467 8.5838859  1.29690591],queued,[ 0.50568378 -0.03156594 -0.11489306]
487.019248008728,1000,False,1,6,[8.03664846 8.5793081  4.        ],exiting,[-0.82138112 -0.19970136 -0.21083176]
487.019248008728,1001,False,0,2,[-5.76070002 -0.44180963  4.        ],exiting,[-0.48080528  0.59740651 -0.20557775]
487.019248008728,1002,False,3,5,[-8.56581283  7.58581158  3.78998067],landing,[ 0.5677905  -0.59831228 -0.99408226]
487.019248008728,1003,False,4,3,[ 3.12639452 -3.5893369   3.98797309],cruising,[ 0.63925976  0.24903542 -0.34837281]
487.019248008728,1004,False,1,4,[7.07000031 1.12809233 3.58492953],entering,[-0.62185191  0.08809385  0.93462812]
487.019248008728,1005,False,0,1,[2.89258467 8.5838859  1.31690591],queued,[ 0.50568378 -0.03156594 -0.11489306]
487.1193504333496,1000,False,1,6,[8.07239829 8.67269948 4.        ],exiting,[-0.82138112 -0.19970136 -0.21083176]
487.1193504333496,1001,False,0,2,[-5.8351604  -0.50856029  4.        ],exiting,[-0.48080528  0.59740651 -0.20557775]
487.1193504333496,1002,False,3,5,[-8.56126828  7.60952394  3.70753528],landing,[ 0.5677905  -0.59831228 -0.99408226]
487.1193504333496,1003,False,4,3,[ 2.93986835 -3.51717053  3.98977713],cruising,[ 0.63925976  0.24903542 -0.34837281]
487.1193504333496,1004,False,1,4,[7.24154973 1.02527795 3.6471901 ],entering,[-0.62185191  0.08809385  0.93462812]
487.1193504333496,1005,False,0,1,[2.89258467 8.5838859  1.35690591],queued,[ 0.50568378 -0.03156594 -0.11489306]
487.2184634208679,1000,False,1,6,[8.10814813 8.76609086 4.        ],exiting,[-0.82138112 -0.19970136 -0.21083176]
487.2184634208679,1001,False,0,2,[-5.90962079 -0.57531095  4.        ],exiting,[-0.48080528  0.59740651 -0.20557775]
487.2184634208679,1002,False,3,5,[-8.54468484  7.62387055  3.61215359],landing,[ 0.5677905  -0.59831228 -0.99408226]
487.2184634208679,1003,False,4,3,[ 2.75287322 -3.44622815  3.99131056],cruising,[ 0.63925976  0.24903542 -0.34837281]
487.2184634208679,1004,False,1,4,[7.40532223 0.91048    3.70011159],entering,[-0.62185191  0.08809385  0.93462812]
487.2184634208679,1005,False,0,1,[2.89258467 8.5838859  1.41690591],queued,[ 0.50568378 -0.03156594 -0.11489306]
487.32564663887024,1000,False,1,6,[8.14389796 8.85948223 4.        ],exiting,[-0.82138112 -0.19970136 -0.21083176]
487.32564663887024,1001,False,0,2,[-5.98408118 -0.64206161  4.        ],exiting,[-0.48080528  0.59740651 -0.20557775]
487.32564663887024,1002,False,3,5,[-8.52614363  7.63667408  3.51472519],landing,[ 0.5677905  -0.59831228 -0.99408226]
487.32564663887024,1003,False,4,3,[ 2.56526169 -3.3769323   3.99261397],cruising,[ 0.63925976  0.24903542 -0.34837281]
487.32564663887024,1004,False,1,4,[7.56090847 0.78481011 3.74509485],entering,[-0.62185191  0.08809385  0.93462812]
487.32564663887024,1005,False,0,1,[2.89258467 8.5838859  1.49190591],queued,[ 0.50568378 -0.03156594 -0.11489306]
487.4290897846222,1000,False,1,6,[8.1796478  8.95287361 4.        ],exiting,[-0.82138112 -0.19970136 -0.21083176]
487.4290897846222,1001,False,0,2,[-6.05854156 -0.70881227  4.        ],exiting,[-0.48080528  0.59740651 -0.20557775]
487.4290897846222,1002,False,3,5,[-8.50760243  7.64947762  3.41729679],landing,[ 0.5677905  -0.59831228 -0.99408226]
487.4290897846222,1003,False,4,3,[ 2.37720968 -3.30884089  3.99372188],cruising,[ 0.63925976  0.24903542 -0.34837281]
487.4290897846222,1004,False,1,4,[7.70500144 0.64611182 3.78333062],entering,[-0.62185191  0.08809385  0.93462812]
487.4290897846222,1005,False,0,1,[2.89258467 8.5838859  1.56690591],queued,[ 0.50568378 -0.03156594 -0.11489306]
487.5234205722809,1000,False,1,6,[8.21539763 9.04626499 4.        ],exiting,[-0.82138112 -0.19970136 -0.21083176]
487.5234205722809,1001,False,0,2,[-6.13300195 -0.77556294  4.        ],exiting,[-0.48080528  0.59740651 -0.20557775]
487.5234205722809,1002,False,3,5,[-8.48906123  7.66228116  3.31986838],landing,[ 0.5677905  -0.59831228 -0.99408226]
487.5234205722809,1003,False,4,3,[ 2.18825598 -3.2432932   3.9946636 ],cruising,[ 0.63925976  0.24903542 -0.34837281]
487.5234205722809,1004,False,1,4,[7.83561234 0.49464964 3.81583103],entering,[-0.62185191  0.08809385  0.93462812]
487.5234205722809,1005,False,0,1,[2.89258467 8.5838859  1.64190591],queued,[ 0.50568378 -0.03156594 -0.11489306]
487.6231653690338,1000,False,1,6,[8.25114747 9.13965637 4.        ],landing,[-0.82138112 -0.19970136 -0.21083176]
487.6231653690338,1001,False,0,2,[-6.20746233 -0.8423136   4.        ],exiting,[-0.48080528  0.59740651 -0.20557775]
487.6231653690338,1002,False,3,5,[-8.47052002  7.6750847   3.22243998],landing,[ 0.5677905  -0.59831228 -0.99408226]
487.6231653690338,1003,False,4,3,[ 1.99822521 -3.18093691  3.99546406],cruising,[ 0.63925976  0.24903542 -0.34837281]
487.6231653690338,1004,False,1,4,[7.95103473 0.33131662 3.84345637],entering,[-0.62185191  0.08809385  0.93462812]
487.6231653690338,1005,False,0,1,[2.89258467 8.5838859  1.71690591],queued,[ 0.50568378 -0.03156594 -0.11489306]
487.72522735595703,1000,False,1,6,[8.28497414 9.21895571 3.98593884],landing,[-0.82138112 -0.19970136 -0.21083176]
487.72522735595703,1001,False,0,2,[-6.28192272 -0.90906426  4.        ],exiting,[-0.48080528  0.59740651 -0.20557775]
487.72522735595703,1002,False,3,5,[-8.45197882  7.68788823  3.12501158],landing,[ 0.5677905  -0.59831228 -0.99408226]
487.72522735595703,1003,False,4,3,[ 1.80754428 -3.12059801  3.99614445],cruising,[ 0.63925976  0.24903542 -0.34837281]
487.72522735595703,1004,False,1,4,[8.05016898 0.15761458 3.86693792],cruising,[-0.62185191  0.08809385  0.93462812]
487.72522735595703,1005,False,0,1,[2.89258467 8.5838859  1.79190591],queued,[ 0.50568378 -0.03156594 -0.11489306]
487.8244254589081,1000,False,1,6,[8.316781   9.28401563 3.95797952],landing,[-0.82138112 -0.19970136 -0.21083176]
487.8244254589081,1001,False,0,2,[-6.35638311 -0.97581492  4.        ],exiting,[-0.48080528  0.59740651 -0.20557775]
487.8244254589081,1002,False,3,5,[-8.43343762  7.70069177  3.02758318],landing,[ 0.5677905  -0.59831228 -0.99408226]
487.8244254589081,1003,False,4,3,[ 1.61537688 -3.06517519  3.99672278],cruising,[ 0.63925976  0.24903542 -0.34837281]
487.8244254589081,1004,False,1,4,[ 8.13170027 -0.02496384  3.88705121],cruising,[-0.62185191  0.08809385  0.93462812]
487.8244254589081,1005,False,0,1,[2.89258467 8.5838859  1.86690591],queued,[ 0.50568378 -0.03156594 -0.11489306]
487.91855478286743,1000,False,1,6,[8.34645335 9.33466332 3.91631868],landing,[-0.82138112 -0.19970136 -0.21083176]
487.91855478286743,1001,False,0,2,[-6.43084349 -1.04256558  4.        ],exiting,[-0.48080528  0.59740651 -0.20557775]
487.91855478286743,1002,False,3,5,[-8.41489641  7.71349531  2.93015478],landing,[ 0.5677905  -0.59831228 -0.99408226]
487.91855478286743,1003,False,4,3,[ 1.42153282 -3.01593615  3.99721436],cruising,[ 0.63925976  0.24903542 -0.34837281]
487.91855478286743,1004,False,1,4,[ 8.19652991 -0.21416511  3.90399353],cruising,[-0.62185191  0.08809385  0.93462812]
487.91855478286743,1005,False,0,1,[2.89258467 8.5838859  1.94190591],queued,[ 0.50568378 -0.03156594 -0.11489306]
488.01889395713806,1000,False,1,6,[8.37383277 9.3706639  3.86123381],landing,[-0.82138112 -0.19970136 -0.21083176]
488.01889395713806,1001,False,0,2,[-6.50530388 -1.10931625  4.        ],exiting,[-0.48080528  0.59740651 -0.20557775]
488.01889395713806,1002,False,3,5,[-8.39635521  7.72629885  2.83272638],landing,[ 0.5677905  -0.59831228 -0.99408226]
488.01889395713806,1003,False,4,3,[ 1.22584754 -2.97461704  3.99763221],cruising,[ 0.63925976  0.24903542 -0.34837281]
488.01889395713806,1004,False,1,4,[ 8.2468535  -0.40773043  3.9183945 ],cruising,[-0.62185191  0.08809385  0.93462812]
488.01889395713806,1005,False,0,1,[2.89258467 8.5838859  2.01690591],queued,[ 0.50568378 -0.03156594 -0.11489306]
488.13029861450195,1000,False,1,6,[8.39878576 9.39182288 3.79296412],landing,[-0.82138112 -0.19970136 -0.21083176]
488.13029861450195,1001,False,0,2,[-6.57976427 -1.17606691  4.        ],exiting,[-0.48080528  0.59740651 -0.20557775]
488.13029861450195,1002,False,3,5,[-8.377814    7.73910238  2.73529798],landing,[ 0.5677905  -0.59831228 -0.99408226]
488.13029861450195,1003,False,4,3,[ 1.02743725 -2.94945046  3.99798738],cruising,[ 0.63925976  0.24903542 -0.34837281]
488.13029861450195,1004,False,1,4,[ 8.28423995 -0.604205    3.93063532],cruising,[-0.62185191  0.08809385  0.93462812]
488.13029861450195,1005,False,0,1,[2.89258467 8.5838859  2.09190591],queued,[ 0.50568378 -0.03156594 -0.11489306]
488.2309582233429,1000,False,1,6,[8.42118724 9.39796096 3.71173827],landing,[-0.82138112 -0.19970136 -0.21083176]
488.2309582233429,1001,False,0,2,[-6.65422465 -1.24281757  4.        ],exiting,[-0.48080528  0.59740651 -0.20557775]
488.2309582233429,1002,False,3,5,[-8.3592728   7.75190592  2.63786958],landing,[ 0.5677905  -0.59831228 -0.99408226]
488.2309582233429,1003,False,4,3,[ 0.82773414 -2.93855691  3.99828927],cruising,[ 0.63925976  0.24903542 -0.34837281]
488.2309582233429,1004,False,1,4,[ 8.31032887 -0.80249612  3.94104003],cruising,[-0.62185191  0.08809385  0.93462812]
488.2309582233429,1005,False,0,1,[2.89258467 8.5838859  2.16690591],queued,[ 0.50568378 -0.03156594 -0.11489306]
488.321435213089,1000,False,1,6,[8.44090976 9.38889839 3.61779379],landing,[-0.82138112 -0.19970136 -0.21083176]
488.321435213089,1001,False,0,2,[-6.72868504 -1.30956823  4.        ],exiting,[-0.48080528  0.59740651 -0.20557775]
488.321435213089,1002,False,3,5,[-8.3407316   7.76470946  2.54044118],landing,[ 0.5677905  -0.59831228 -0.99408226]
488.321435213089,1003,False,4,3,[ 0.62779617 -2.94353763  3.99854588],cruising,[ 0.63925976  0.24903542 -0.34837281]
488.321435213089,1004,False,1,4,[ 8.32451988 -1.00199202  3.94988402],cruising,[-0.62185191  0.08809385  0.93462812]
488.321435213089,1005,False,0,1,[2.89258467 8.5838859  2.24190591],queued,[ 0.50568378 -0.03156594 -0.11489306]
488.422660112381,1000,False,1,6,[8.45987771 9.37570444 3.52049972],landing,[-0.82138112 -0.19970136 -0.21083176]
488.422660112381,1001,False,0,2,[-6.80314542 -1.37631889  4.        ],exiting,[-0.48080528  0.59740651 -0.20557775]
488.422660112381,1002,False,3,5,[-8.32219039  7.777513    2.44301278],landing,[ 0.5677905  -0.59831228 -0.99408226]
488.422660112381,1003,False,4,3,[ 0.4287897  -2.96344811  3.998764  ],cruising,[ 0.63925976  0.24903542 -0.34837281]
488.422660112381,1004,False,1,4,[ 8.33059438 -1.20189975  3.95740142],cruising,[-0.62185191  0.08809385  0.93462812]
488.422660112381,1005,False,0,1,[2.89258467 8.5838859  2.31690591],queued,[ 0.50568378 -0.03156594 -0.11489306]
488.5187785625458,1000,False,1,6,[8.47884566 9.3625105  3.42320564],landing,[-0.82138112 -0.19970136 -0.21083176]
488.5187785625458,1001,False,0,2,[-6.87760581 -1.44306956  4.        ],exiting,[-0.48080528  0.59740651 -0.20557775]
488.5187785625458,1002,False,3,5,[-8.30364919  7.79031654  2.34558438],landing,[ 0.5677905  -0.59831228 -0.99408226]
488.5187785625458,1003,False,4,3,[ 0.23173385 -2.99763859  3.9989494 ],cruising,[ 0.63925976  0.24903542 -0.34837281]
488.5187785625458,1004,False,1,4,[ 8.32960176 -1.40189728  3.96379121],cruising,[-0.62185191  0.08809385  0.93462812]
488.5187785625458,1005,False,0,1,[2.89258467 8.5838859  2.39190591],entering,[ 0.50568378 -0.03156594 -0.11489306]
488.62183022499084,1000,False,1,6,[8.49781361 9.34931656 3.32591157],landing,[-0.82138112 -0.19970136 -0.21083176]
488.62183022499084,1001,False,0,2,[-6.9520662  -1.50982022  4.        ],landing,[-0.48080528  0.59740651 -0.20557775]
488.62183022499084,1002,False,3,5,[-8.28510799  7.80312007  2.24815598],landing,[ 0.5677905  -0.59831228 -0.99408226]
488.62183022499084,1003,False,4,3,[ 0.03747242 -3.04520432  3.99910699],cruising,[ 0.63925976  0.24903542 -0.34837281]
488.62183022499084,1004,False,1,4,[ 8.32009049 -1.601671    3.96922252],cruising,[-0.62185191  0.08809385  0.93462812]
488.62183022499084,1005,False,0,1,[2.88897376 8.56421457 2.46690591],entering,[ 0.50568378 -0.03156594 -0.11489306]
488.7259798049927,1000,False,1,6,[8.51678156 9.33612261 3.22861749],landing,[-0.82138112 -0.19970136 -0.21083176]
488.7259798049927,1001,False,0,2,[-7.01823521 -1.5648495   3.98607656],landing,[-0.48080528  0.59740651 -0.20557775]
488.7259798049927,1002,False,3,5,[-8.26656678  7.81592361  2.15072758],landing,[ 0.5677905  -0.59831228 -0.99408226]
488.7259798049927,1003,False,4,3,[-0.15221424 -3.10859967  3.99924094],exiting,[ 0.63925976  0.24903542 -0.34837281]
488.7259798049927,1004,False,1,4,[ 8.3053012  -1.80112344  3.97383915],cruising,[-0.62185191  0.08809385  0.93462812]
488.7259798049927,1005,False,0,1,[2.88177648 8.52486742 2.54190591],entering,[ 0.50568378 -0.03156594 -0.11489306]
488.83168482780457,1000,False,1,6,[8.53574951 9.32292867 3.13132342],landing,[-0.82138112 -0.19970136 -0.21083176]
488.83168482780457,1001,False,0,2,[-7.0759608  -1.60807181  3.95839433],landing,[-0.48080528  0.59740651 -0.20557775]
488.83168482780457,1002,False,3,5,[-8.24802558  7.82872715  2.05329918],landing,[ 0.5677905  -0.59831228 -0.99408226]
488.83168482780457,1003,False,4,3,[-0.32227087 -3.17582407  3.99937444],exiting,[ 0.63925976  0.24903542 -0.34837281]
488.83168482780457,1004,False,1,4,[ 8.28564616 -2.00015529  3.97776327],cruising,[-0.62185191  0.08809385  0.93462812]
488.83168482780457,1005,False,0,1,[2.87123909 8.46580114 2.61690591],entering,[ 0.50568378 -0.03156594 -0.11489306]
488.91930651664734,1000,False,1,6,[8.55471746 9.30973473 3.03402935],landing,[-0.82138112 -0.19970136 -0.21083176]
488.91930651664734,1001,False,0,2,[-7.12506427 -1.63938787  3.91715111],landing,[-0.48080528  0.59740651 -0.20557775]
488.91930651664734,1002,False,3,5,[-8.22948438  7.84153069  1.95587078],landing,[ 0.5677905  -0.59831228 -0.99408226]
488.91930651664734,1003,False,4,3,[-0.47268631 -3.24681993  3.99950552],exiting,[ 0.63925976  0.24903542 -0.34837281]
488.91930651664734,1004,False,1,4,[ 8.25877867 -2.19834242  3.98109878],cruising,[-0.62185191  0.08809385  0.93462812]
488.91930651664734,1005,False,0,1,[2.85753788 8.3869867  2.69190591],entering,[ 0.50568378 -0.03156594 -0.11489306]
489.0267698764801,1000,False,1,6,[8.57368541 9.29654078 2.93673527],landing,[-0.82138112 -0.19970136 -0.21083176]
489.0267698764801,1001,False,0,2,[-7.16530334 -1.65866544  3.86262269],landing,[-0.48080528  0.59740651 -0.20557775]
489.0267698764801,1002,False,3,5,[-8.21094317  7.85433422  1.85844238],landing,[ 0.5677905  -0.59831228 -0.99408226]
489.0267698764801,1003,False,4,3,[-0.60344696 -3.32151562  3.99963188],exiting,[ 0.63925976  0.24903542 -0.34837281]
489.0267698764801,1004,False,1,4,[ 8.22780092 -2.39592881  3.98393397],cruising,[-0.62185191  0.08809385  0.93462812]
489.0267698764801,1005,False,0,1,[2.84091118 8.28838737 2.76690591],entering,[ 0.50568378 -0.03156594 -0.11489306]
489.12958574295044,1000,False,1,6,[8.59265335 9.28334684 2.8394412 ],landing,[-0.82138112 -0.19970136 -0.21083176]
489.12958574295044,1001,False,0,2,[-7.19646595 -1.66579105  3.79505785],landing,[-0.48080528  0.59740651 -0.20557775]
489.12958574295044,1002,False,3,5,[-8.19240197  7.86713776  1.76101398],landing,[ 0.5677905  -0.59831228 -0.99408226]
489.12958574295044,1003,False,4,3,[-0.71453602 -3.39982089  3.99975077],exiting,[ 0.63925976  0.24903542 -0.34837281]
489.12958574295044,1004,False,1,4,[ 8.19271051 -2.5928264   3.98634387],cruising,[-0.62185191  0.08809385  0.93462812]
489.12958574295044,1005,False,0,1,[2.82228607 8.16988814 2.84190591],entering,[ 0.50568378 -0.03156594 -0.11489306]
489.2186403274536,1000,False,1,6,[8.6116213  9.2701529  2.74214713],landing,[-0.82138112 -0.19970136 -0.21083176]
489.2186403274536,1001,False,0,2,[-7.2183609  -1.66066429  3.71468716],landing,[-0.48080528  0.59740651 -0.20557775]
489.2186403274536,1002,False,3,5,[-8.17386077  7.8799413   1.66358558],landing,[ 0.5677905  -0.59831228 -0.99408226]
489.2186403274536,1003,False,4,3,[-0.80593186 -3.48161564  3.99985869],exiting,[ 0.63925976  0.24903542 -0.34837281]
489.2186403274536,1004,False,1,4,[ 8.15014757 -2.78824492  3.98839229],cruising,[-0.62185191  0.08809385  0.93462812]
489.2186403274536,1005,False,0,1,[2.80284144 8.0314057  2.91690591],entering,[ 0.50568378 -0.03156594 -0.11489306]
489.3187515735626,1000,False,1,6,[8.63058925 9.25695895 2.64485305],landing,[-0.82138112 -0.19970136 -0.21083176]
489.3187515735626,1001,False,0,2,[-7.23079475 -1.64318551  3.62175003],landing,[-0.48080528  0.59740651 -0.20557775]
489.3187515735626,1002,False,3,5,[-8.15531956  7.89274484  1.56615718],landing,[ 0.5677905  -0.59831228 -0.99408226]
489.3187515735626,1003,False,4,3,[-0.87760455 -3.56672661  3.99995072],exiting,[ 0.63925976  0.24903542 -0.34837281]
489.3187515735626,1004,False,1,4,[ 8.10355537 -2.98274213  3.99013345],cruising,[-0.62185191  0.08809385  0.93462812]
489.3187515735626,1005,False,0,1,[2.78435703 7.87294633 2.99190591],entering,[ 0.50568378 -0.03156594 -0.11489306]
489.42793822288513,1000,False,1,6,[8.6495572  9.24376501 2.54755898],landing,[-0.82138112 -0.19970136 -0.21083176]
489.42793822288513,1001,False,0,2,[-7.23990435 -1.62142086  3.52457331],landing,[-0.48080528  0.59740651 -0.20557775]
489.42793822288513,1002,False,3,5,[-8.13677836  7.90554837  1.46872878],fake_landed,[ 0.5677905  -0.59831228 -0.99408226]
489.42793822288513,1003,False,4,3,[-0.92953356 -3.65502924  4.00002354],exiting,[ 0.63925976  0.24903542 -0.34837281]
489.42793822288513,1004,False,1,4,[ 8.04869401 -3.17507058  3.99161343],cruising,[-0.62185191  0.08809385  0.93462812]
489.42793822288513,1005,False,0,1,[2.76842926 7.69465104 3.06690591],entering,[ 0.50568378 -0.03156594 -0.11489306]
489.52648091316223,1000,False,1,6,[8.66852515 9.23057107 2.45026491],landing,[-0.82138112 -0.19970136 -0.21083176]
489.52648091316223,1001,False,0,2,[-7.24901395 -1.5996562   3.42739659],landing,[-0.48080528  0.59740651 -0.20557775]
489.52648091316223,1002,False,3,5,[-8.1219454   7.9157912   1.39078606],fake_landed,[ 0.5677905  -0.59831228 -0.99408226]
489.52648091316223,1003,False,4,3,[-0.96169819 -3.74639278  4.00007388],exiting,[ 0.63925976  0.24903542 -0.34837281]
489.52648091316223,1004,False,1,4,[ 7.98512935 -3.36470057  3.99287142],exiting,[-0.62185191  0.08809385  0.93462812]
489.52648091316223,1005,False,0,1,[2.76264106 7.49911658 3.14190591],entering,[ 0.50568378 -0.03156594 -0.11489306]
489.622435092926,1000,False,1,6,[8.6874931  9.21737712 2.35297083],landing,[-0.82138112 -0.19970136 -0.21083176]
489.622435092926,1001,False,0,2,[-7.25812354 -1.57789154  3.33021987],landing,[-0.48080528  0.59740651 -0.20557775]
489.622435092926,1002,False,3,5,[-8.11082067  7.92347333  1.33232902],fake_landed,[ 0.5677905  -0.59831228 -0.99408226]
489.622435092926,1003,False,4,3,[-0.97407792 -3.8406815   4.00009865],exiting,[ 0.63925976  0.24903542 -0.34837281]
489.622435092926,1004,False,1,4,[ 7.93491092 -3.53943499  3.99412809],exiting,[-0.62185191  0.08809385  0.93462812]
489.622435092926,1005,False,0,1,[2.76765568 7.29917945 3.21690591],entering,[ 0.50568378 -0.03156594 -0.11489306]
489.71904969215393,1000,False,1,6,[8.70646105 9.20418318 2.25567676],landing,[-0.82138112 -0.19970136 -0.21083176]
489.71904969215393,1001,False,0,2,[-7.26723314 -1.55612688  3.23304315],landing,[-0.48080528  0.59740651 -0.20557775]
489.71904969215393,1002,False,3,5,[-8.10340419  7.92859474  1.29335766],fake_landed,[ 0.5677905  -0.59831228 -0.99408226]
489.71904969215393,1003,False,4,3,[-0.96665263 -3.93775596  4.00009551],exiting,[ 0.63925976  0.24903542 -0.34837281]
489.71904969215393,1004,False,1,4,[ 7.8981889  -3.69940981  3.99534992],exiting,[-0.62185191  0.08809385  0.93462812]
489.71904969215393,1005,False,0,1,[2.78626158 7.10004678 3.29190591],entering,[ 0.50568378 -0.03156594 -0.11489306]
489.8196635246277,1000,False,1,6,[8.725429   9.19098924 2.15838268],landing,[-0.82138112 -0.19970136 -0.21083176]
489.8196635246277,1001,False,0,2,[-7.27634273 -1.53436222  3.13586643],landing,[-0.48080528  0.59740651 -0.20557775]
489.8196635246277,1002,False,3,5,[-8.09969595  7.93115545  1.27387198],fake_landed,[ 0.5677905  -0.59831228 -0.99408226]
489.8196635246277,1003,False,4,3,[-0.94902839 -4.03619064  4.00007881],exiting,[ 0.63925976  0.24903542 -0.34837281]
489.8196635246277,1004,False,1,4,[ 7.87515047 -3.84479858  3.99648934],exiting,[-0.62185191  0.08809385  0.93462812]
489.8196635246277,1005,False,0,1,[2.8217327  6.90321742 3.36690591],entering,[ 0.50568378 -0.03156594 -0.11489306]
489.9193820953369,1000,False,1,6,[8.74439695 9.1777953  2.06108861],landing,[-0.82138112 -0.19970136 -0.21083176]
489.9193820953369,1001,False,0,2,[-7.28545233 -1.51259756  3.03868971],landing,[-0.48080528  0.59740651 -0.20557775]
489.9193820953369,1002,False,3,5,[-8.09969595  7.93115545  1.27387198],fake_landed,[ 0.5677905  -0.59831228 -0.99408226]
489.9193820953369,1003,False,4,3,[-0.93140415 -4.13462532  4.00006499],exiting,[ 0.63925976  0.24903542 -0.34837281]
489.9193820953369,1004,False,1,4,[ 7.8660308  -3.97582613  3.99747619],exiting,[-0.62185191  0.08809385  0.93462812]
489.9193820953369,1005,False,0,1,[2.86914165 6.70891767 3.44190591],entering,[ 0.50568378 -0.03156594 -0.11489306]
490.02810621261597,1000,False,1,6,[8.7633649  9.16460135 1.96379454],landing,[-0.82138112 -0.19970136 -0.21083176]
490.02810621261597,1001,False,0,2,[-7.29456193 -1.4908329   2.94151299],landing,[-0.48080528  0.59740651 -0.20557775]
490.02810621261597,1002,False,5,0,[-8.09969595  7.93115545  1.27387198],waiting,[ 0.5677905  -0.59831228 -0.99408226]
490.02810621261597,1003,False,4,3,[-0.91377991 -4.23306     4.00005355],exiting,[ 0.63925976  0.24903542 -0.34837281]
490.02810621261597,1004,False,1,4,[ 7.8710143  -4.09267443  3.99824165],exiting,[-0.62185191  0.08809385  0.93462812]
490.02810621261597,1005,False,0,1,[2.93272693 6.51929459 3.51690591],entering,[ 0.50568378 -0.03156594 -0.11489306]
490.1317641735077,1000,False,1,6,[8.78233285 9.15140741 1.86650046],landing,[-0.82138112 -0.19970136 -0.21083176]
490.1317641735077,1001,False,0,2,[-7.30367152 -1.46906825  2.84433627],landing,[-0.48080528  0.59740651 -0.20557775]
490.1317641735077,1002,False,5,0,[-8.09969595  7.93115545  1.27387198],waiting,[ 0.5677905  -0.59831228 -0.99408226]
490.1317641735077,1003,False,4,3,[-0.89615568 -4.33149468  4.00004408],exiting,[ 0.63925976  0.24903542 -0.34837281]
490.1317641735077,1004,False,1,4,[ 7.89028463 -4.1955302   3.99869657],exiting,[-0.62185191  0.08809385  0.93462812]
490.1317641735077,1005,False,0,1,[3.00901793 6.33441711 3.58937003],entering,[ 0.50568378 -0.03156594 -0.11489306]
490.22224593162537,1000,False,1,6,[8.8013008  9.13821347 1.76920639],landing,[-0.82138112 -0.19970136 -0.21083176]
490.22224593162537,1001,False,0,2,[-7.31278112 -1.44730359  2.74715955],landing,[-0.48080528  0.59740651 -0.20557775]
490.22224593162537,1002,False,5,0,[-8.09969595  7.93115545  1.27387198],waiting,[ 0.5677905  -0.59831228 -0.99408226]
490.22224593162537,1003,False,4,3,[-0.87853144 -4.42992936  4.00003626],exiting,[ 0.63925976  0.24903542 -0.34837281]
490.22224593162537,1004,False,1,4,[ 7.91610434 -4.29213942  3.99893339],exiting,[-0.62185191  0.08809385  0.93462812]
490.22224593162537,1005,False,0,1,[3.10074954 6.15672435 3.65134762],entering,[ 0.50568378 -0.03156594 -0.11489306]
490.32178568840027,1000,False,1,6,[8.82026874 9.12501952 1.67191232],landing,[-0.82138112 -0.19970136 -0.21083176]
490.32178568840027,1001,False,0,2,[-7.32189071 -1.42553893  2.64998283],landing,[-0.48080528  0.59740651 -0.20557775]
490.32178568840027,1002,False,5,0,[-8.09969595  7.93115545  1.27387198],waiting,[ 0.5677905  -0.59831228 -0.99408226]
490.32178568840027,1003,False,4,3,[-0.8609072  -4.52836404  4.00002979],exiting,[ 0.63925976  0.24903542 -0.34837281]
490.32178568840027,1004,False,1,4,[ 7.94192405 -4.38874864  3.99912828],exiting,[-0.62185191  0.08809385  0.93462812]
490.32178568840027,1005,False,0,1,[3.20666506 5.98707205 3.70364548],entering,[ 0.50568378 -0.03156594 -0.11489306]
490.42432045936584,1000,False,1,6,[8.83923669 9.11182558 1.57461824],landing,[-0.82138112 -0.19970136 -0.21083176]
490.42432045936584,1001,False,0,2,[-7.33100031 -1.40377427  2.55280611],landing,[-0.48080528  0.59740651 -0.20557775]
490.42432045936584,1002,False,5,0,[-8.09969595  7.93115545  1.27387198],waiting,[ 0.5677905  -0.59831228 -0.99408226]
490.42432045936584,1003,False,4,3,[-0.84328296 -4.62679872  4.00002446],exiting,[ 0.63925976  0.24903542 -0.34837281]
490.42432045936584,1004,False,1,4,[ 7.96774376 -4.48535786  3.99928853],exiting,[-0.62185191  0.08809385  0.93462812]
490.42432045936584,1005,False,0,1,[3.32779014 5.82795814 3.74835308],entering,[ 0.50568378 -0.03156594 -0.11489306]
490.5257058143616,1000,False,1,6,[8.85820464 9.09863164 1.47732417],fake_landed,[-0.82138112 -0.19970136 -0.21083176]
490.5257058143616,1001,False,0,2,[-7.34010991 -1.38200961  2.45562939],landing,[-0.48080528  0.59740651 -0.20557775]
490.5257058143616,1002,False,5,0,[-8.09969595  7.93115545  1.27387198],waiting,[ 0.5677905  -0.59831228 -0.99408226]
490.5257058143616,1003,False,4,3,[-0.82565872 -4.7252334   4.00002005],exiting,[ 0.63925976  0.24903542 -0.34837281]
490.5257058143616,1004,False,1,4,[ 7.99356347 -4.58196708  3.99942016],exiting,[-0.62185191  0.08809385  0.93462812]
490.5257058143616,1005,False,0,1,[3.46310099 5.68067958 3.78610012],entering,[ 0.50568378 -0.03156594 -0.11489306]
490.6222276687622,1000,False,1,6,[8.873379   9.08807648 1.39948891],fake_landed,[-0.82138112 -0.19970136 -0.21083176]
490.6222276687622,1001,False,0,2,[-7.3492195  -1.36024495  2.35845267],landing,[-0.48080528  0.59740651 -0.20557775]
490.6222276687622,1002,False,5,0,[-8.09969595  7.93115545  1.27387198],waiting,[ 0.5677905  -0.59831228 -0.99408226]
490.6222276687622,1003,False,4,3,[-0.80803448 -4.82366808  4.00001643],exiting,[ 0.63925976  0.24903542 -0.34837281]
490.6222276687622,1004,False,1,4,[ 8.01938319 -4.67857631  3.99952817],exiting,[-0.62185191  0.08809385  0.93462812]
490.6222276687622,1005,False,0,1,[3.61191561 5.54712107 3.81842415],entering,[ 0.50568378 -0.03156594 -0.11489306]
490.72146677970886,1000,False,1,6,[8.88475977 9.08016012 1.34111247],fake_landed,[-0.82138112 -0.19970136 -0.21083176]
490.72146677970886,1001,False,0,2,[-7.3583291  -1.3384803   2.26127595],landing,[-0.48080528  0.59740651 -0.20557775]
490.72146677970886,1002,False,5,0,[-8.09969595  7.93115545  1.27387198],waiting,[ 0.5677905  -0.59831228 -0.99408226]
490.72146677970886,1003,False,4,3,[-0.79041024 -4.92210276  4.00001344],exiting,[ 0.63925976  0.24903542 -0.34837281]
490.72146677970886,1004,False,1,4,[ 8.0452029  -4.77518553  3.99961671],exiting,[-0.62185191  0.08809385  0.93462812]
490.72146677970886,1005,False,0,1,[3.77296984 5.42854592 3.84567958],cruising,[ 0.50568378 -0.03156594 -0.11489306]
490.8356223106384,1000,False,1,6,[8.89234695 9.07488254 1.30219484],fake_landed,[-0.82138112 -0.19970136 -0.21083176]
490.8356223106384,1001,False,0,2,[-7.36743869 -1.31671564  2.16409923],landing,[-0.48080528  0.59740651 -0.20557775]
490.8356223106384,1002,False,5,0,[-8.09969595  7.93115545  1.27387198],queued,[ 0.5677905  -0.59831228 -0.99408226]
490.8356223106384,1003,False,4,3,[-0.772786   -5.02053744  4.00001098],exiting,[ 0.63925976  0.24903542 -0.34837281]
490.8356223106384,1004,False,1,4,[ 8.07102261 -4.87179475  3.9996892 ],exiting,[-0.62185191  0.08809385  0.93462812]
490.8356223106384,1005,False,0,1,[3.94451725 5.3257282  3.86882765],cruising,[ 0.50568378 -0.03156594 -0.11489306]
490.92773628234863,1000,False,1,6,[8.89614054 9.07224375 1.28273602],fake_landed,[-0.82138112 -0.19970136 -0.21083176]
490.92773628234863,1001,False,0,2,[-7.37654829 -1.29495098  2.06692251],landing,[-0.48080528  0.59740651 -0.20557775]
490.92773628234863,1002,False,5,0,[-8.09969595  7.93115545  1.29387198],queued,[ 0.5677905  -0.59831228 -0.99408226]
490.92773628234863,1003,False,4,3,[-0.75516176 -5.11897212  4.00000896],exiting,[ 0.63925976  0.24903542 -0.34837281]
490.92773628234863,1004,False,1,4,[ 8.09684233 -4.96840398  3.99974847],exiting,[-0.62185191  0.08809385  0.93462812]
490.92773628234863,1005,False,0,1,[4.12388548 5.23725765 3.8885035 ],cruising,[ 0.50568378 -0.03156594 -0.11489306]
491.02215790748596,1000,False,1,6,[8.89614054 9.07224375 1.28273602],fake_landed,[-0.82138112 -0.19970136 -0.21083176]
491.02215790748596,1001,False,0,2,[-7.38565789 -1.27318632  1.96974579],landing,[-0.48080528  0.59740651 -0.20557775]
491.02215790748596,1002,False,5,0,[-8.09969595  7.93115545  1.33387198],queued,[ 0.5677905  -0.59831228 -0.99408226]
491.02215790748596,1003,False,4,3,[-0.73753752 -5.2174068   4.0000073 ],exiting,[ 0.63925976  0.24903542 -0.34837281]
491.02215790748596,1004,False,1,4,[ 8.12266204 -5.0650132   3.99979688],exiting,[-0.62185191  0.08809385  0.93462812]
491.02215790748596,1005,False,0,1,[4.30936135 5.16243317 3.90522797],cruising,[ 0.50568378 -0.03156594 -0.11489306]
491.12310552597046,1000,False,6,5,[8.89614054 9.07224375 1.28273602],waiting,[-0.82138112 -0.19970136 -0.21083176]
491.12310552597046,1001,False,0,2,[-7.39476748 -1.25142166  1.87256907],landing,[-0.48080528  0.59740651 -0.20557775]
491.12310552597046,1002,False,5,0,[-8.09969595  7.93115545  1.39387198],queued,[ 0.5677905  -0.59831228 -0.99408226]
491.12310552597046,1003,False,4,3,[-0.71991328 -5.31584148  4.00000594],exiting,[ 0.63925976  0.24903542 -0.34837281]
491.12310552597046,1004,False,1,4,[ 8.14848175 -5.16162243  3.99983635],exiting,[-0.62185191  0.08809385  0.93462812]
491.12310552597046,1005,False,0,1,[4.49907602 5.0991217  3.91944378],cruising,[ 0.50568378 -0.03156594 -0.11489306]
491.2224762439728,1000,False,6,5,[8.89614054 9.07224375 1.28273602],waiting,[-0.82138112 -0.19970136 -0.21083176]
491.2224762439728,1001,False,0,2,[-7.40387708 -1.229657    1.77539235],landing,[-0.48080528  0.59740651 -0.20557775]
491.2224762439728,1002,False,5,0,[-8.09969595  7.93115545  1.46887198],queued,[ 0.5677905  -0.59831228 -0.99408226]
491.2224762439728,1003,False,4,3,[-0.70228905 -5.41427616  4.00000482],exiting,[ 0.63925976  0.24903542 -0.34837281]
491.2224762439728,1004,False,1,4,[ 8.17430147 -5.25823165  3.99986849],exiting,[-0.62185191  0.08809385  0.93462812]
491.2224762439728,1005,False,0,1,[4.69161925 5.04501897 3.93152721],cruising,[ 0.50568378 -0.03156594 -0.11489306]
491.3220908641815,1000,False,6,5,[8.89614054 9.07224375 1.28273602],waiting,[-0.82138112 -0.19970136 -0.21083176]
491.3220908641815,1001,False,0,2,[-7.41298668 -1.20789235  1.67821563],landing,[-0.48080528  0.59740651 -0.20557775]
491.3220908641815,1002,False,5,0,[-8.09969595  7.93115545  1.54387198],queued,[ 0.5677905  -0.59831228 -0.99408226]
491.3220908641815,1003,False,4,3,[-0.68466481 -5.51271084  4.00000391],exiting,[ 0.63925976  0.24903542 -0.34837281]
491.3220908641815,1004,False,1,4,[ 8.20012118 -5.35484088  3.99989461],exiting,[-0.62185191  0.08809385  0.93462812]
491.3220908641815,1005,False,0,1,[4.88611524 4.99842165 3.94179813],cruising,[ 0.50568378 -0.03156594 -0.11489306]
491.4215543270111,1000,False,6,5,[8.89614054 9.07224375 1.28273602],waiting,[-0.82138112 -0.19970136 -0.21083176]
491.4215543270111,1001,False,0,2,[-7.42209627 -1.18612769  1.58103891],landing,[-0.48080528  0.59740651 -0.20557775]
491.4215543270111,1002,False,5,0,[-8.09969595  7.93115545  1.61887198],queued,[ 0.5677905  -0.59831228 -0.99408226]
491.4215543270111,1003,False,4,3,[-0.66704057 -5.61114552  4.00000316],exiting,[ 0.63925976  0.24903542 -0.34837281]
491.4215543270111,1004,False,1,4,[ 8.22594089 -5.4514501   3.99991581],exiting,[-0.62185191  0.08809385  0.93462812]
491.4215543270111,1005,False,0,1,[5.08175348 4.95688035 3.95052841],cruising,[ 0.50568378 -0.03156594 -0.11489306]
491.5250024795532,1000,False,6,5,[8.89614054 9.07224375 1.28273602],waiting,[-0.82138112 -0.19970136 -0.21083176]
491.5250024795532,1001,False,0,2,[-7.43120587 -1.16436303  1.48386219],fake_landed,[-0.48080528  0.59740651 -0.20557775]
491.5250024795532,1002,False,5,0,[-8.09969595  7.93115545  1.69387198],queued,[ 0.5677905  -0.59831228 -0.99408226]
491.5250024795532,1003,False,4,3,[-0.64941633 -5.7095802   4.00000255],exiting,[ 0.63925976  0.24903542 -0.34837281]
491.5250024795532,1004,False,1,4,[ 8.25176061 -5.54805933  3.99993297],exiting,[-0.62185191  0.08809385  0.93462812]
491.5250024795532,1005,False,0,1,[5.2780306  4.91847082 3.95794915],cruising,[ 0.50568378 -0.03156594 -0.11489306]
491.62307929992676,1000,False,6,5,[8.89614054 9.07224375 1.28273602],waiting,[-0.82138112 -0.19970136 -0.21083176]
491.62307929992676,1001,False,0,2,[-7.43849354 -1.1469513   1.40612082],fake_landed,[-0.48080528  0.59740651 -0.20557775]
491.62307929992676,1002,False,5,0,[-8.09969595  7.93115545  1.76887198],queued,[ 0.5677905  -0.59831228 -0.99408226]
491.62307929992676,1003,False,4,3,[-0.63179209 -5.80801488  4.00000206],exiting,[ 0.63925976  0.24903542 -0.34837281]
491.62307929992676,1004,False,1,4,[ 8.27758032 -5.64466855  3.99994684],exiting,[-0.62185191  0.08809385  0.93462812]
491.62307929992676,1005,False,0,1,[5.47457925 4.88147588 3.96425678],cruising,[ 0.50568378 -0.03156594 -0.11489306]
491.72625756263733,1000,False,6,5,[8.89614054 9.07224375 1.28273602],waiting,[-0.82138112 -0.19970136 -0.21083176]
491.72625756263733,1001,False,0,2,[-7.4439593  -1.13389251  1.34781479],fake_landed,[-0.48080528  0.59740651 -0.20557775]
491.72625756263733,1002,False,5,0,[-8.09969595  7.93115545  1.84387198],queued,[ 0.5677905  -0.59831228 -0.99408226]
491.72625756263733,1003,False,4,3,[-0.61416785 -5.90644956  4.00000165],exiting,[ 0.63925976  0.24903542 -0.34837281]
491.72625756263733,1004,False,1,4,[ 8.30340004 -5.74127778  3.99995803],exiting,[-0.62185191  0.08809385  0.93462812]
491.72625756263733,1005,False,0,1,[5.67143133 4.84613098 3.96961826],cruising,[ 0.50568378 -0.03156594 -0.11489306]
491.82496452331543,1000,False,6,5,[8.89614054 9.07224375 1.28273602],waiting,[-0.82138112 -0.19970136 -0.21083176]
491.82496452331543,1001,False,0,2,[-7.44760314 -1.12518664  1.3089441 ],fake_landed,[-0.48080528  0.59740651 -0.20557775]
491.82496452331543,1002,False,5,0,[-8.09969595  7.93115545  1.91887198],queued,[ 0.5677905  -0.59831228 -0.99408226]
491.82496452331543,1003,False,4,3,[-0.59654361 -6.00488424  4.00000132],exiting,[ 0.63925976  0.24903542 -0.34837281]
491.82496452331543,1004,False,1,4,[ 8.32921975 -5.837887    3.99996702],exiting,[-0.62185191  0.08809385  0.93462812]
491.82496452331543,1005,False,0,1,[5.86799473 4.80921447 3.97417552],cruising,[ 0.50568378 -0.03156594 -0.11489306]
491.92232394218445,1000,False,6,5,[8.89614054 9.07224375 1.28273602],waiting,[-0.82138112 -0.19970136 -0.21083176]
491.92232394218445,1001,False,0,2,[-7.44942506 -1.12083371  1.28950875],fake_landed,[-0.48080528  0.59740651 -0.20557775]
491.92232394218445,1002,False,5,0,[-8.09969595  7.93115545  1.99387198],queued,[ 0.5677905  -0.59831228 -0.99408226]
491.92232394218445,1003,False,4,3,[-0.57891937 -6.10331892  4.00000106],exiting,[ 0.63925976  0.24903542 -0.34837281]
491.92232394218445,1004,False,1,4,[ 8.35503946 -5.93449623  3.99997423],exiting,[-0.62185191  0.08809385  0.93462812]
491.92232394218445,1005,False,0,1,[6.06399252 4.7694041  3.97804919],cruising,[ 0.50568378 -0.03156594 -0.11489306]
492.0222680568695,1000,False,6,5,[8.89614054 9.07224375 1.28273602],waiting,[-0.82138112 -0.19970136 -0.21083176]
492.0222680568695,1001,False,0,2,[-7.44942506 -1.12083371  1.28950875],fake_landed,[-0.48080528  0.59740651 -0.20557775]
492.0222680568695,1002,False,5,0,[-8.09969595  7.93115545  2.06887198],queued,[ 0.5677905  -0.59831228 -0.99408226]
492.0222680568695,1003,False,4,3,[-0.56129513 -6.2017536   4.00000084],exiting,[ 0.63925976  0.24903542 -0.34837281]
492.0222680568695,1004,False,1,4,[ 8.38085918 -6.03110545  3.99998   ],exiting,[-0.62185191  0.08809385  0.93462812]
492.0222680568695,1005,False,0,1,[6.25909451 4.72541302 3.98134181],cruising,[ 0.50568378 -0.03156594 -0.11489306]
492.13354110717773,1000,False,6,5,[8.89614054 9.07224375 1.28273602],waiting,[-0.82138112 -0.19970136 -0.21083176]
492.13354110717773,1001,False,2,6,[-7.44942506 -1.12083371  1.28950875],waiting,[-0.48080528  0.59740651 -0.20557775]
492.13354110717773,1002,False,5,0,[-8.09969595  7.93115545  2.14387198],queued,[ 0.5677905  -0.59831228 -0.99408226]
492.13354110717773,1003,False,4,3,[-0.54367089 -6.30018828  4.00000067],exiting,[ 0.63925976  0.24903542 -0.34837281]
492.13354110717773,1004,False,1,4,[ 8.40667889 -6.12771468  3.99998459],exiting,[-0.62185191  0.08809385  0.93462812]
492.13354110717773,1005,False,0,1,[6.45288161 4.67595031 3.98414054],cruising,[ 0.50568378 -0.03156594 -0.11489306]
492.22834491729736,1000,False,6,5,[8.89614054 9.07224375 1.28273602],waiting,[-0.82138112 -0.19970136 -0.21083176]
492.22834491729736,1001,False,2,6,[-7.44942506 -1.12083371  1.28950875],waiting,[-0.48080528  0.59740651 -0.20557775]
492.22834491729736,1002,False,5,0,[-8.09969595  7.93115545  2.21887198],queued,[ 0.5677905  -0.59831228 -0.99408226]
492.22834491729736,1003,False,4,3,[-0.52604666 -6.39862296  4.00000052],exiting,[ 0.63925976  0.24903542 -0.34837281]
492.22834491729736,1004,False,1,4,[ 8.4324986  -6.2243239   3.99998823],exiting,[-0.62185191  0.08809385  0.93462812]
492.22834491729736,1005,False,0,1,[6.64480523 4.61968909 3.98651946],cruising,[ 0.50568378 -0.03156594 -0.11489306]
492.3320641517639,1000,False,6,5,[8.89614054 9.07224375 1.28273602],queued,[-0.82138112 -0.19970136 -0.21083176]
492.3320641517639,1001,False,2,6,[-7.44942506 -1.12083371  1.28950875],waiting,[-0.48080528  0.59740651 -0.20557775]
492.3320641517639,1002,False,5,0,[-8.09969595  7.93115545  2.29387198],queued,[ 0.5677905  -0.59831228 -0.99408226]
492.3320641517639,1003,False,4,3,[-0.50842242 -6.49705764  4.00000041],exiting,[ 0.63925976  0.24903542 -0.34837281]
492.3320641517639,1004,False,1,4,[ 8.45831832 -6.32093313  3.99999111],exiting,[-0.62185191  0.08809385  0.93462812]
492.3320641517639,1005,False,0,1,[6.83413847 4.55524592 3.98854154],cruising,[ 0.50568378 -0.03156594 -0.11489306]
492.4260296821594,1000,False,6,5,[8.89614054 9.07224375 1.30273602],queued,[-0.82138112 -0.19970136 -0.21083176]
492.4260296821594,1001,False,2,6,[-7.44942506 -1.12083371  1.28950875],waiting,[-0.48080528  0.59740651 -0.20557775]
492.4260296821594,1002,False,5,0,[-8.09969595  7.93115545  2.36887198],queued,[ 0.5677905  -0.59831228 -0.99408226]
492.4260296821594,1003,False,4,3,[-0.49079818 -6.59549232  4.00000032],exiting,[ 0.63925976  0.24903542 -0.34837281]
492.4260296821594,1004,False,1,4,[ 8.48413803 -6.41754235  3.99999338],exiting,[-0.62185191  0.08809385  0.93462812]
492.4260296821594,1005,False,0,1,[7.01991744 4.48117721 3.99026031],cruising,[ 0.50568378 -0.03156594 -0.11489306]
492.52211022377014,1000,False,6,5,[8.89614054 9.07224375 1.34273602],queued,[-0.82138112 -0.19970136 -0.21083176]
492.52211022377014,1001,False,2,6,[-7.44942506 -1.12083371  1.28950875],waiting,[-0.48080528  0.59740651 -0.20557775]
492.52211022377014,1002,False,5,0,[-8.09969595  7.93115545  2.44387198],queued,[ 0.5677905  -0.59831228 -0.99408226]
492.52211022377014,1003,False,4,3,[-0.47317394 -6.693927    4.00000025],exiting,[ 0.63925976  0.24903542 -0.34837281]
492.52211022377014,1004,False,1,4,[ 8.50995774 -6.51415158  3.99999514],exiting,[-0.62185191  0.08809385  0.93462812]
492.52211022377014,1005,False,0,1,[7.20087396 4.39600246 3.99172126],cruising,[ 0.50568378 -0.03156594 -0.11489306]
492.6262958049774,1000,False,6,5,[8.89614054 9.07224375 1.40273602],queued,[-0.82138112 -0.19970136 -0.21083176]
492.6262958049774,1001,False,2,6,[-7.44942506 -1.12083371  1.28950875],waiting,[-0.48080528  0.59740651 -0.20557775]
492.6262958049774,1002,False,5,0,[-8.09969595  7.93115545  2.51887198],entering,[ 0.5677905  -0.59831228 -0.99408226]
492.6262958049774,1003,False,4,3,[-0.4555497  -6.79236168  4.00000019],exiting,[ 0.63925976  0.24903542 -0.34837281]
492.6262958049774,1004,False,1,4,[ 8.53577746 -6.6107608   3.99999651],exiting,[-0.62185191  0.08809385  0.93462812]
492.6262958049774,1005,False,0,1,[7.37536693 4.29826709 3.99296307],cruising,[ 0.50568378 -0.03156594 -0.11489306]
492.73151206970215,1000,False,6,5,[8.89614054 9.07224375 1.47773602],queued,[-0.82138112 -0.19970136 -0.21083176]
492.73151206970215,1001,False,2,6,[-7.44942506 -1.12083371  1.28950875],waiting,[-0.48080528  0.59740651 -0.20557775]
492.73151206970215,1002,False,5,0,[-8.08185059  7.92212533  2.59387198],entering,[ 0.5677905  -0.59831228 -0.99408226]
492.73151206970215,1003,False,4,3,[-0.43792546 -6.89079636  4.00000015],exiting,[ 0.63925976  0.24903542 -0.34837281]
492.73151206970215,1004,False,1,4,[ 8.56159717 -6.70737003  3.99999757],exiting,[-0.62185191  0.08809385  0.93462812]
492.73151206970215,1005,False,0,1,[7.53902614 4.18372081 3.99405431],cruising,[ 0.50568378 -0.03156594 -0.11489306]
492.83177638053894,1000,False,6,5,[8.89614054 9.07224375 1.55273602],entering,[-0.82138112 -0.19970136 -0.21083176]
492.83177638053894,1001,False,2,6,[-7.44942506 -1.12083371  1.28950875],queued,[-0.48080528  0.59740651 -0.20557775]
492.83177638053894,1002,False,5,0,[-8.04614622  7.9040921   2.66887198],entering,[ 0.5677905  -0.59831228 -0.99408226]
492.83177638053894,1003,False,4,3,[-0.42030122 -6.98923104  4.00000011],exiting,[ 0.63925976  0.24903542 -0.34837281]
492.83177638053894,1004,False,1,4,[ 8.58741689 -6.80397925  3.99999837],exiting,[-0.62185191  0.08809385  0.93462812]
492.83177638053894,1005,False,0,1,[7.69043082 4.05336953 3.99497618],cruising,[ 0.50568378 -0.03156594 -0.11489306]
492.9220886230469,1000,False,6,5,[8.89191306 9.05269565 1.62773602],entering,[-0.82138112 -0.19970136 -0.21083176]
492.9220886230469,1001,False,2,6,[-7.44942506 -1.12083371  1.30950875],queued,[-0.48080528  0.59740651 -0.20557775]
492.9220886230469,1002,False,5,0,[-7.99255275  7.87711572  2.74387198],entering,[ 0.5677905  -0.59831228 -0.99408226]
492.9220886230469,1003,False,4,3,[-0.40267698 -7.08766572  4.00000008],exiting,[ 0.63925976  0.24903542 -0.34837281]
492.9220886230469,1004,False,1,4,[ 8.6132366  -6.90058848  3.99999897],exiting,[-0.62185191  0.08809385  0.93462812]
492.9220886230469,1005,False,0,1,[7.8280224  3.90855524 3.99575861],cruising,[ 0.50568378 -0.03156594 -0.11489306]
493.0216977596283,1000,False,6,5,[8.88345808 9.01359944 1.70273602],entering,[-0.82138112 -0.19970136 -0.21083176]
493.0216977596283,1001,False,2,6,[-7.44942506 -1.12083371  1.34950875],queued,[-0.48080528  0.59740651 -0.20557775]
493.0216977596283,1002,False,5,0,[-7.92101317  7.84131115  2.81887198],entering,[ 0.5677905  -0.59831228 -0.99408226]
493.0216977596283,1003,False,4,3,[-0.38505274 -7.1861004   4.00000006],exiting,[ 0.63925976  0.24903542 -0.34837281]
493.0216977596283,1004,False,1,4,[ 8.63905631 -6.9971977   3.99999941],exiting,[-0.62185191  0.08809385  0.93462812]
493.0216977596283,1005,False,0,1,[7.94997227 3.75127776 3.99646272],cruising,[ 0.50568378 -0.03156594 -0.11489306]
493.12186336517334,1000,False,6,5,[8.87077563 8.95495513 1.77773602],entering,[-0.82138112 -0.19970136 -0.21083176]
493.12186336517334,1001,False,2,6,[-7.44942506 -1.12083371  1.40950875],queued,[-0.48080528  0.59740651 -0.20557775]
493.12186336517334,1002,False,5,0,[-7.8314754   7.79678503  2.89387198],entering,[ 0.5677905  -0.59831228 -0.99408226]
493.12186336517334,1003,False,4,3,[-0.3674285  -7.28453508  4.00000004],exiting,[ 0.63925976  0.24903542 -0.34837281]
493.12186336517334,1004,False,1,4,[ 8.66487603 -7.09380693  3.99999973],landing,[-0.62185191  0.08809385  0.93462812]
493.12186336517334,1005,False,0,1,[8.0551782  3.58306259 3.9970834 ],cruising,[ 0.50568378 -0.03156594 -0.11489306]
493.22136783599854,1000,False,6,5,[8.85386568 8.87676271 1.85273602],entering,[-0.82138112 -0.19970136 -0.21083176]
493.22136783599854,1001,False,2,6,[-7.44942506 -1.12083371  1.48450875],queued,[-0.48080528  0.59740651 -0.20557775]
493.22136783599854,1002,False,5,0,[-7.72391351  7.74359109  2.96887198],entering,[ 0.5677905  -0.59831228 -0.99408226]
493.22136783599854,1003,False,4,3,[-0.34980427 -7.38296976  4.00000003],exiting,[ 0.63925976  0.24903542 -0.34837281]
493.22136783599854,1004,False,1,4,[ 8.68400615 -7.17805725  3.98576956],landing,[-0.62185191  0.08809385  0.93462812]
493.22136783599854,1005,False,0,1,[8.1427491  3.40541351 3.99761679],cruising,[ 0.50568378 -0.03156594 -0.11489306]
493.3216218948364,1000,False,6,5,[8.83273048 8.77902171 1.92773602],entering,[-0.82138112 -0.19970136 -0.21083176]
493.3216218948364,1001,False,2,6,[-7.44942506 -1.12083371  1.55950875],queued,[-0.48080528  0.59740651 -0.20557775]
493.3216218948364,1002,False,5,0,[-7.59831577  7.68175378  3.04387198],entering,[ 0.5677905  -0.59831228 -0.99408226]
493.3216218948364,1003,False,4,3,[-0.33218003 -7.48140443  4.00000002],exiting,[ 0.63925976  0.24903542 -0.34837281]
493.3216218948364,1004,False,1,4,[ 8.69643741 -7.24977069  3.95746984],landing,[-0.62185191  0.08809385  0.93462812]
493.3216218948364,1005,False,0,1,[8.21200443 3.21973133 3.9980576 ],exiting,[ 0.50568378 -0.03156594 -0.11489306]
493.4223973751068,1000,False,6,5,[8.80752721 8.66169881 2.00273602],entering,[-0.82138112 -0.19970136 -0.21083176]
493.4223973751068,1001,False,2,6,[-7.44942506 -1.12083371  1.63450875],queued,[-0.48080528  0.59740651 -0.20557775]
493.4223973751068,1002,False,5,0,[-7.45423522  7.6122754   3.11887198],entering,[ 0.5677905  -0.59831228 -0.99408226]
493.4223973751068,1003,False,4,3,[-0.31455579 -7.57983911  4.00000001],exiting,[ 0.63925976  0.24903542 -0.34837281]
493.4223973751068,1004,False,1,4,[ 8.70216001 -7.30873668  3.91529583],landing,[-0.62185191  0.08809385  0.93462812]
493.4223973751068,1005,False,0,1,[8.26309803 3.04242473 3.9984607 ],exiting,[ 0.50568378 -0.03156594 -0.11489306]
493.5220904350281,1000,False,6,5,[8.77850123 8.52474464 2.07773602],entering,[-0.82138112 -0.19970136 -0.21083176]
493.5220904350281,1001,False,2,6,[-7.44942506 -1.12083371  1.70950875],queued,[-0.48080528  0.59740651 -0.20557775]
493.5220904350281,1002,False,5,0,[-7.29142905  7.53577197  3.19387198],entering,[ 0.5677905  -0.59831228 -0.99408226]
493.5220904350281,1003,False,4,3,[-0.29693155 -7.67827379  4.00000001],exiting,[ 0.63925976  0.24903542 -0.34837281]
493.5220904350281,1004,False,1,4,[ 8.70116246 -7.35466311  3.85952734],landing,[-0.62185191  0.08809385  0.93462812]
493.5220904350281,1005,False,0,1,[8.2985689  2.87760532 3.99884326],exiting,[ 0.50568378 -0.03156594 -0.11489306]
493.62276554107666,1000,False,6,5,[8.74605606 8.3680849  2.15273602],entering,[-0.82138112 -0.19970136 -0.21083176]
493.62276554107666,1001,False,2,6,[-7.44942506 -1.12083371  1.78450875],queued,[-0.48080528  0.59740651 -0.20557775]
493.62276554107666,1002,False,5,0,[-7.10914489  7.45472898  3.26887198],entering,[ 0.5677905  -0.59831228 -0.99408226]
493.62276554107666,1003,False,4,3,[-0.27930731 -7.77670847  4.        ],landing,[ 0.63925976  0.24903542 -0.34837281]
493.62276554107666,1004,False,1,4,[ 8.6934376  -7.38732114  3.79039126],landing,[-0.62185191  0.08809385  0.93462812]
493.62276554107666,1005,False,0,1,[8.31957507 2.72659794 3.99920712],exiting,[ 0.50568378 -0.03156594 -0.11489306]
493.72546887397766,1000,False,6,5,[8.71054459 8.19166162 2.22773602],entering,[-0.82138112 -0.19970136 -0.21083176]
493.72546887397766,1001,False,2,6,[-7.44942506 -1.12083371  1.85950875],queued,[-0.48080528  0.59740651 -0.20557775]
493.72546887397766,1002,False,5,0,[-6.92532446  7.37592511  3.34387198],entering,[ 0.5677905  -0.59831228 -0.99408226]
493.72546887397766,1003,False,4,3,[-0.26730909 -7.86198461  3.98602858],landing,[ 0.63925976  0.24903542 -0.34837281]
493.72546887397766,1004,False,1,4,[ 8.67898008 -7.40648932  3.70811382],landing,[-0.62185191  0.08809385  0.93462812]
493.72546887397766,1005,False,0,1,[8.3267699  2.59005591 3.99954916],exiting,[ 0.50568378 -0.03156594 -0.11489306]
493.8309395313263,1000,False,6,5,[8.67200461 7.99546896 2.30273602],entering,[-0.82138112 -0.19970136 -0.21083176]
493.8309395313263,1001,False,2,6,[-7.44942506 -1.12083371  1.93450875],queued,[-0.48080528  0.59740651 -0.20557775]
493.8309395313263,1002,False,5,0,[-6.73937393  7.30228816  3.41887198],entering,[ 0.5677905  -0.59831228 -0.99408226]
493.8309395313263,1003,False,4,3,[-0.26092984 -7.9339272   3.95824977],landing,[ 0.63925976  0.24903542 -0.34837281]
493.8309395313263,1004,False,1,4,[ 8.65778618 -7.41194431  3.61293019],landing,[-0.62185191  0.08809385  0.93462812]
493.8309395313263,1005,False,0,1,[8.32062783 2.46841778 3.9998637 ],exiting,[ 0.50568378 -0.03156594 -0.11489306]
493.92236399650574,1000,False,6,5,[8.63345599 7.79921911 2.37773602],entering,[-0.82138112 -0.19970136 -0.21083176]
493.92236399650574,1001,False,2,6,[-7.44942506 -1.12083371  2.00950875],queued,[-0.48080528  0.59740651 -0.20557775]
493.92236399650574,1002,False,5,0,[-6.55189287  7.2326401   3.49387198],entering,[ 0.5677905  -0.59831228 -0.99408226]
493.92236399650574,1003,False,4,3,[-0.26016012 -7.99233097  3.91686092],landing,[ 0.63925976  0.24903542 -0.34837281]
493.92236399650574,1004,False,1,4,[ 8.6354037  -7.41494058  3.51551332],landing,[-0.62185191  0.08809385  0.93462812]
493.92236399650574,1005,False,0,1,[8.30158258 2.36206057 4.0001428 ],exiting,[ 0.50568378 -0.03156594 -0.11489306]
494.0222256183624,1000,False,6,5,[8.59546377 7.60286079 2.45273602],entering,[-0.82138112 -0.19970136 -0.21083176]
494.0222256183624,1001,False,2,6,[-7.44942506 -1.12083371  2.08450875],queued,[-0.48080528  0.59740651 -0.20557775]
494.0222256183624,1002,False,5,0,[-6.36271035  7.16775579  3.56887198],entering,[ 0.5677905  -0.59831228 -0.99408226]
494.0222256183624,1003,False,4,3,[-0.26498507 -8.03691765  3.86213835],landing,[ 0.63925976  0.24903542 -0.34837281]
494.0222256183624,1004,False,1,4,[ 8.61302123 -7.41793685  3.41809645],landing,[-0.62185191  0.08809385  0.93462812]
494.0222256183624,1005,False,0,1,[8.27013349 2.2713923  4.00037506],exiting,[ 0.50568378 -0.03156594 -0.11489306]
494.12264585494995,1000,False,6,5,[8.56006064 7.40601918 2.52773602],entering,[-0.82138112 -0.19970136 -0.21083176]
494.12264585494995,1001,False,2,6,[-7.44942506 -1.12083371  2.15950875],entering,[-0.48080528  0.59740651 -0.20557775]
494.12264585494995,1002,False,5,0,[-6.17147977  7.10918219  3.63354118],entering,[ 0.5677905  -0.59831228 -0.99408226]
494.12264585494995,1003,False,4,3,[-0.27538997 -8.06744877  3.79432742],landing,[ 0.63925976  0.24903542 -0.34837281]
494.12264585494995,1004,False,1,4,[ 8.59063875 -7.42093312  3.32067957],landing,[-0.62185191  0.08809385  0.93462812]
494.12264585494995,1005,False,0,1,[8.22654256 2.19661657 4.00055389],exiting,[ 0.50568378 -0.03156594 -0.11489306]
494.222775220871,1000,False,6,5,[8.52588406 7.20896091 2.60273602],entering,[-0.82138112 -0.19970136 -0.21083176]
494.222775220871,1001,False,2,6,[-7.4363455  -1.10570344  2.23450875],entering,[-0.48080528  0.59740651 -0.20557775]
494.222775220871,1002,False,5,0,[-5.97798704  7.05858021  3.68851   ],entering,[ 0.5677905  -0.59831228 -0.99408226]
494.222775220871,1003,False,4,3,[-0.29135978 -8.08370787  3.71365798],landing,[ 0.63925976  0.24903542 -0.34837281]
494.222775220871,1004,False,1,4,[ 8.56825627 -7.42392938  3.2232627 ],landing,[-0.62185191  0.08809385  0.93462812]
494.222775220871,1005,False,0,1,[8.1710807  2.13793672 4.00067345],exiting,[ 0.50568378 -0.03156594 -0.11489306]
494.3286843299866,1000,False,6,5,[8.49170748 7.01190264 2.67773602],entering,[-0.82138112 -0.19970136 -0.21083176]
494.3286843299866,1001,False,2,6,[-7.41020129 -1.07543002  2.30950875],entering,[-0.48080528  0.59740651 -0.20557775]
494.3286843299866,1002,False,5,0,[-5.78240787  7.01676167  3.7352335 ],entering,[ 0.5677905  -0.59831228 -0.99408226]
494.3286843299866,1003,False,4,3,[-0.31287764 -8.08547701  3.62036871],landing,[ 0.63925976  0.24903542 -0.34837281]
494.3286843299866,1004,False,1,4,[ 8.54587379 -7.42692565  3.12584583],landing,[-0.62185191  0.08809385  0.93462812]
494.3286843299866,1005,False,0,1,[8.10402804 2.09555563 4.00072916],exiting,[ 0.50568378 -0.03156594 -0.11489306]
494.43577122688293,1000,False,6,5,[8.45897499 6.81459936 2.75273602],entering,[-0.82138112 -0.19970136 -0.21083176]
494.43577122688293,1001,False,2,6,[-7.37102547 -1.02998501  2.38450875],entering,[-0.48080528  0.59740651 -0.20557775]
494.43577122688293,1002,False,5,0,[-5.58521139  6.98339179  3.77494848],entering,[ 0.5677905  -0.59831228 -0.99408226]
494.43577122688293,1003,False,4,3,[-0.3361486  -8.08258214  3.52315717],landing,[ 0.63925976  0.24903542 -0.34837281]
494.43577122688293,1004,False,1,4,[ 8.52349131 -7.42992192  3.02842896],landing,[-0.62185191  0.08809385  0.93462812]
494.43577122688293,1005,False,0,1,[8.02567467 2.06967574 4.00071869],exiting,[ 0.50568378 -0.03156594 -0.11489306]
494.52216958999634,1000,False,6,5,[8.42983729 6.61673326 2.82773602],entering,[-0.82138112 -0.19970136 -0.21083176]
494.52216958999634,1001,False,2,6,[-7.31888113 -0.96931445  2.45950875],entering,[-0.48080528  0.59740651 -0.20557775]
494.52216958999634,1002,False,5,0,[-5.38628671  6.96268022  3.80870621],entering,[ 0.5677905  -0.59831228 -0.99408226]
494.52216958999634,1003,False,4,3,[-0.35941955 -8.07968727  3.42594564],landing,[ 0.63925976  0.24903542 -0.34837281]
494.52216958999634,1004,False,1,4,[ 8.50110883 -7.43291819  2.93101208],landing,[-0.62185191  0.08809385  0.93462812]
494.52216958999634,1005,False,0,1,[7.93632142 2.06049909 4.00064418],exiting,[ 0.50568378 -0.03156594 -0.11489306]
494.62225890159607,1000,False,6,5,[8.40069959 6.41886716 2.90273602],entering,[-0.82138112 -0.19970136 -0.21083176]
494.62225890159607,1001,False,2,6,[-7.2538919  -0.89331389  2.53450875],entering,[-0.48080528  0.59740651 -0.20557775]
494.62225890159607,1002,False,5,0,[-5.18657656  6.95191659  3.83740028],entering,[ 0.5677905  -0.59831228 -0.99408226]
494.62225890159607,1003,False,4,3,[-0.38269051 -8.07679239  3.32873411],landing,[ 0.63925976  0.24903542 -0.34837281]
494.62225890159607,1004,False,1,4,[ 8.47872636 -7.43591446  2.83359521],landing,[-0.62185191  0.08809385  0.93462812]
494.62225890159607,1005,False,0,1,[7.83658444 2.06774712 4.00052215],exiting,[ 0.50568378 -0.03156594 -0.11489306]
494.72976326942444,1000,False,6,5,[8.37402605 6.22065383 2.97773602],entering,[-0.82138112 -0.19970136 -0.21083176]
494.72976326942444,1001,False,2,6,[-7.17637565 -0.80172251  2.60950875],entering,[-0.48080528  0.59740651 -0.20557775]
494.72976326942444,1002,False,5,0,[-4.98657715  6.95142769  3.86179023],cruising,[ 0.5677905  -0.59831228 -0.99408226]
494.72976326942444,1003,False,4,3,[-0.40596146 -8.07389752  3.23152257],landing,[ 0.63925976  0.24903542 -0.34837281]
494.72976326942444,1004,False,1,4,[ 8.45634388 -7.43891073  2.73617834],landing,[-0.62185191  0.08809385  0.93462812]
494.72976326942444,1005,False,0,1,[7.73684746 2.07499514 4.00042239],exiting,[ 0.50568378 -0.03156594 -0.11489306]
494.8345594406128,1000,False,6,5,[8.35054126 6.02203746 3.05273602],entering,[-0.82138112 -0.19970136 -0.21083176]
494.8345594406128,1001,False,2,6,[-7.08665678 -0.69428512  2.68450875],entering,[-0.48080528  0.59740651 -0.20557775]
494.8345594406128,1002,False,5,0,[-4.78679479  6.96075545  3.8825217 ],cruising,[ 0.5677905  -0.59831228 -0.99408226]
494.8345594406128,1003,False,4,3,[-0.42923241 -8.07100265  3.13431104],landing,[ 0.63925976  0.24903542 -0.34837281]
494.8345594406128,1004,False,1,4,[ 8.4339614  -7.441907    2.63876147],landing,[-0.62185191  0.08809385  0.93462812]
494.8345594406128,1005,False,0,1,[7.63711048 2.08224317 4.00034094],exiting,[ 0.50568378 -0.03156594 -0.11489306]
494.925776720047,1000,False,6,5,[8.32821055 5.82328802 3.12773602],entering,[-0.82138112 -0.19970136 -0.21083176]
494.925776720047,1001,False,2,6,[-6.98528468 -0.57059342  2.75950875],entering,[-0.48080528  0.59740651 -0.20557775]
494.925776720047,1002,False,5,0,[-4.58760508  6.97874044  3.90014344],cruising,[ 0.5677905  -0.59831228 -0.99408226]
494.925776720047,1003,False,4,3,[-0.45250337 -8.06810778  3.0370995 ],landing,[ 0.63925976  0.24903542 -0.34837281]
494.925776720047,1004,False,1,4,[ 8.41157892 -7.44490327  2.54134459],landing,[-0.62185191  0.08809385  0.93462812]
494.925776720047,1005,False,0,1,[7.53737349 2.08949119 4.00027455],exiting,[ 0.50568378 -0.03156594 -0.11489306]
495.0277142524719,1000,False,6,5,[8.31082842 5.6240448  3.20273602],entering,[-0.82138112 -0.19970136 -0.21083176]
495.0277142524719,1001,False,2,6,[-6.87343552 -0.42986555  2.83450875],entering,[-0.48080528  0.59740651 -0.20557775]
495.0277142524719,1002,False,5,0,[-4.3891796   7.003787    3.91512193],cruising,[ 0.5677905  -0.59831228 -0.99408226]
495.0277142524719,1003,False,4,3,[-0.47577432 -8.0652129   2.93988797],landing,[ 0.63925976  0.24903542 -0.34837281]
495.0277142524719,1004,False,1,4,[ 8.38919644 -7.44789954  2.44392772],landing,[-0.62185191  0.08809385  0.93462812]
495.0277142524719,1005,False,0,1,[7.43763651 2.09673922 4.00022051],exiting,[ 0.50568378 -0.03156594 -0.11489306]
495.1330051422119,1000,False,6,5,[8.29606856 5.42459017 3.27773602],entering,[-0.82138112 -0.19970136 -0.21083176]
495.1330051422119,1001,False,2,6,[-6.75376258 -0.27073148  2.90950875],entering,[-0.48080528  0.59740651 -0.20557775]
495.1330051422119,1002,False,5,0,[-4.19149581  7.03413689  3.92785364],cruising,[ 0.5677905  -0.59831228 -0.99408226]
495.1330051422119,1003,False,4,3,[-0.49904528 -8.06231803  2.84267643],landing,[ 0.63925976  0.24903542 -0.34837281]
495.1330051422119,1004,False,1,4,[ 8.36681397 -7.45089581  2.34651085],landing,[-0.62185191  0.08809385  0.93462812]
495.1330051422119,1005,False,0,1,[7.33789952 2.10398724 4.0001766 ],exiting,[ 0.50568378 -0.03156594 -0.11489306]
495.2246525287628,1000,False,6,5,[8.28497051 5.22489833 3.35273602],entering,[-0.82138112 -0.19970136 -0.21083176]
495.2246525287628,1001,False,2,6,[-6.63699839 -0.108355    2.98450875],entering,[-0.48080528  0.59740651 -0.20557775]
495.2246525287628,1002,False,5,0,[-3.99439562  7.0680709   3.93867559],cruising,[ 0.5677905  -0.59831228 -0.99408226]
495.2246525287628,1003,False,4,3,[-0.52231623 -8.05942316  2.7454649 ],landing,[ 0.63925976  0.24903542 -0.34837281]
495.2246525287628,1004,False,1,4,[ 8.34443149 -7.45389208  2.24909398],landing,[-0.62185191  0.08809385  0.93462812]
495.2246525287628,1005,False,0,1,[7.23816254 2.11123527 4.00014099],exiting,[ 0.50568378 -0.03156594 -0.11489306]
495.3356206417084,1000,False,6,5,[8.28000626 5.02495995 3.42773602],entering,[-0.82138112 -0.19970136 -0.21083176]
495.3356206417084,1001,False,2,6,[-6.52376934  0.05650611  3.05950875],entering,[-0.48080528  0.59740651 -0.20557775]
495.3356206417084,1002,False,5,0,[-3.79765273  7.10401858  3.94787425],cruising,[ 0.5677905  -0.59831228 -0.99408226]
495.3356206417084,1003,False,4,3,[-0.54558719 -8.05652829  2.64825337],landing,[ 0.63925976  0.24903542 -0.34837281]
495.3356206417084,1004,False,1,4,[ 8.32204901 -7.45688835  2.1516771 ],landing,[-0.62185191  0.08809385  0.93462812]
495.3356206417084,1005,False,0,1,[7.13842555 2.11848329 4.00011216],exiting,[ 0.50568378 -0.03156594 -0.11489306]
495.42345571517944,1000,False,6,5,[8.28044018 4.82496042 3.50273602],entering,[-0.82138112 -0.19970136 -0.21083176]
495.42345571517944,1001,False,2,6,[-6.41469152  0.2241427   3.13450875],entering,[-0.48080528  0.59740651 -0.20557775]
495.42345571517944,1002,False,5,0,[-3.60058682  7.13815109  3.95569312],cruising,[ 0.5677905  -0.59831228 -0.99408226]
495.42345571517944,1003,False,4,3,[-0.56885814 -8.05363341  2.55104183],landing,[ 0.63925976  0.24903542 -0.34837281]
495.42345571517944,1004,False,1,4,[ 8.29966653 -7.45988462  2.05426023],landing,[-0.62185191  0.08809385  0.93462812]
495.42345571517944,1005,False,0,1,[7.03868857 2.12573132 4.00008887],exiting,[ 0.50568378 -0.03156594 -0.11489306]
495.52212476730347,1000,False,6,5,[8.28499229 4.62501223 3.57732562],entering,[-0.82138112 -0.19970136 -0.21083176]
495.52212476730347,1001,False,2,6,[-6.31030379  0.39473931  3.20950875],entering,[-0.48080528  0.59740651 -0.20557775]
495.52212476730347,1002,False,5,0,[-3.40349287  7.17212127  3.96233915],cruising,[ 0.5677905  -0.59831228 -0.99408226]
495.52212476730347,1003,False,4,3,[-0.59212909 -8.05073854  2.4538303 ],landing,[ 0.63925976  0.24903542 -0.34837281]
495.52212476730347,1004,False,1,4,[ 8.27728405 -7.46288089  1.95684336],landing,[-0.62185191  0.08809385  0.93462812]
495.52212476730347,1005,False,0,1,[6.93895159 2.13297934 4.00007011],exiting,[ 0.50568378 -0.03156594 -0.11489306]
495.6268672943115,1000,False,6,5,[8.29437279 4.42523233 3.64072678],entering,[-0.82138112 -0.19970136 -0.21083176]
495.6268672943115,1001,False,2,6,[-6.21130952  0.56852117  3.28450875],entering,[-0.48080528  0.59740651 -0.20557775]
495.6268672943115,1002,False,5,0,[-3.20617167  7.20474555  3.96798828],cruising,[ 0.5677905  -0.59831228 -0.99408226]
495.6268672943115,1003,False,4,3,[-0.61540005 -8.04784367  2.35661876],landing,[ 0.63925976  0.24903542 -0.34837281]
495.6268672943115,1004,False,1,4,[ 8.25490157 -7.46587716  1.85942649],landing,[-0.62185191  0.08809385  0.93462812]
495.6268672943115,1005,False,0,1,[6.8392146  2.14022737 4.00005502],exiting,[ 0.50568378 -0.03156594 -0.11489306]
495.72401785850525,1000,False,6,5,[8.30664915 4.22560946 3.69461776],entering,[-0.82138112 -0.19970136 -0.21083176]
495.72401785850525,1001,False,2,6,[-6.11854161  0.74570501  3.35950875],entering,[-0.48080528  0.59740651 -0.20557775]
495.72401785850525,1002,False,5,0,[-3.0080781   7.23229439  3.97279003],cruising,[ 0.5677905  -0.59831228 -0.99408226]
495.72401785850525,1003,False,4,3,[-0.638671   -8.0449488   2.25940723],landing,[ 0.63925976  0.24903542 -0.34837281]
495.72401785850525,1004,False,1,4,[ 8.2325191  -7.46887343  1.76200961],landing,[-0.62185191  0.08809385  0.93462812]
495.72401785850525,1005,False,0,1,[6.73947762 2.14747539 4.00004294],exiting,[ 0.50568378 -0.03156594 -0.11489306]
495.83509492874146,1000,False,6,5,[8.3161493  4.02583522 3.7404251 ],entering,[-0.82138112 -0.19970136 -0.21083176]
495.83509492874146,1001,False,2,6,[-6.03296915  0.9264738   3.43450875],entering,[-0.48080528  0.59740651 -0.20557775]
495.83509492874146,1002,False,5,0,[-2.8095802   7.25676035  3.97687153],cruising,[ 0.5677905  -0.59831228 -0.99408226]
495.83509492874146,1003,False,4,3,[-0.66194196 -8.04205392  2.16219569],landing,[ 0.63925976  0.24903542 -0.34837281]
495.83509492874146,1004,False,1,4,[ 8.21013662 -7.4718697   1.66459274],landing,[-0.62185191  0.08809385  0.93462812]
495.83509492874146,1005,False,0,1,[6.63974063 2.15472342 4.00003328],exiting,[ 0.50568378 -0.03156594 -0.11489306]
495.92982745170593,1000,False,6,5,[8.33089718 3.82637971 3.77936133],cruising,[-0.82138112 -0.19970136 -0.21083176]
495.92982745170593,1001,False,2,6,[-5.95574803  1.11096472  3.50950875],entering,[-0.48080528  0.59740651 -0.20557775]
495.92982745170593,1002,False,5,0,[-2.61032014  7.27394839  3.9803408 ],cruising,[ 0.5677905  -0.59831228 -0.99408226]
495.92982745170593,1003,False,4,3,[-0.68521291 -8.03915905  2.06498416],landing,[ 0.63925976  0.24903542 -0.34837281]
495.92982745170593,1004,False,1,4,[ 8.18775414 -7.47486597  1.56717587],landing,[-0.62185191  0.08809385  0.93462812]
495.92982745170593,1005,False,0,1,[6.54000365 2.16197144 4.0000256 ],exiting,[ 0.50568378 -0.03156594 -0.11489306]
496.0222337245941,1000,False,6,5,[8.33987019 3.6265811  3.81245713],cruising,[-0.82138112 -0.19970136 -0.21083176]
496.0222337245941,1001,False,2,6,[-5.88822662  1.29922215  3.58308244],entering,[-0.48080528  0.59740651 -0.20557775]
496.0222337245941,1002,False,5,0,[-2.41068743  7.28606376  3.98328968],cruising,[ 0.5677905  -0.59831228 -0.99408226]
496.0222337245941,1003,False,4,3,[-0.70848386 -8.03626418  1.96777262],landing,[ 0.63925976  0.24903542 -0.34837281]
496.0222337245941,1004,False,1,4,[ 8.16537166 -7.47786223  1.469759  ],fake_landed,[-0.62185191  0.08809385  0.93462812]
496.0222337245941,1005,False,0,1,[6.44026666 2.16921947 4.0000195 ],exiting,[ 0.50568378 -0.03156594 -0.11489306]
496.1218957901001,1000,False,6,5,[8.34724189 3.426717   3.84058856],cruising,[-0.82138112 -0.19970136 -0.21083176]
496.1218957901001,1001,False,2,6,[-5.83192103  1.49113275  3.64562007],entering,[-0.48080528  0.59740651 -0.20557775]
496.1218957901001,1002,False,5,0,[-2.21069445  7.28773921  3.98579623],cruising,[ 0.5677905  -0.59831228 -0.99408226]
496.1218957901001,1003,False,4,3,[-0.73175482 -8.03336931  1.87056109],landing,[ 0.63925976  0.24903542 -0.34837281]
496.1218957901001,1004,False,1,4,[ 8.14746568 -7.48025925  1.3918255 ],fake_landed,[-0.62185191  0.08809385  0.93462812]
496.1218957901001,1005,False,0,1,[6.34052968 2.17646749 4.00001469],exiting,[ 0.50568378 -0.03156594 -0.11489306]
496.2214677333832,1000,False,6,5,[8.36071343 3.22717122 3.86450028],cruising,[-0.82138112 -0.19970136 -0.21083176]
496.2214677333832,1001,False,2,6,[-5.78843596  1.68634814  3.69877706],entering,[-0.48080528  0.59740651 -0.20557775]
496.2214677333832,1002,False,5,0,[-2.01131887  7.27194759  3.98792679],cruising,[ 0.5677905  -0.59831228 -0.99408226]
496.2214677333832,1003,False,4,3,[-0.75502577 -8.03047443  1.77334956],landing,[ 0.63925976  0.24903542 -0.34837281]
496.2214677333832,1004,False,1,4,[ 8.13403619 -7.48205701  1.33337537],fake_landed,[-0.62185191  0.08809385  0.93462812]
496.2214677333832,1005,False,0,1,[6.24079269 2.18371552 4.00001092],exiting,[ 0.50568378 -0.03156594 -0.11489306]
496.32937455177307,1000,False,6,5,[8.37283065 3.02753863 3.88482524],cruising,[-0.82138112 -0.19970136 -0.21083176]
496.32937455177307,1001,False,2,6,[-5.75930694  1.88421552  3.7439605 ],entering,[-0.48080528  0.59740651 -0.20557775]
496.32937455177307,1002,False,5,0,[-1.81435417  7.23723582  3.98973777],cruising,[ 0.5677905  -0.59831228 -0.99408226]
496.32937455177307,1003,False,4,3,[-0.77829673 -8.02757956  1.67613802],landing,[ 0.63925976  0.24903542 -0.34837281]
496.32937455177307,1004,False,1,4,[ 8.1250832  -7.48325552  1.29440863],fake_landed,[-0.62185191  0.08809385  0.93462812]
496.32937455177307,1005,False,0,1,[6.14105571 2.19096355 4.00000797],exiting,[ 0.50568378 -0.03156594 -0.11489306]
496.4324824810028,1000,False,6,5,[8.3843561  2.82787099 3.90210145],cruising,[-0.82138112 -0.19970136 -0.21083176]
496.4324824810028,1001,False,2,6,[-5.74575854  2.0837561   3.78236643],entering,[-0.48080528  0.59740651 -0.20557775]
496.4324824810028,1002,False,5,0,[-1.62101764  7.18604022  3.99127711],cruising,[ 0.5677905  -0.59831228 -0.99408226]
496.4324824810028,1003,False,4,3,[-0.80156768 -8.02468469  1.57892649],landing,[ 0.63925976  0.24903542 -0.34837281]
496.4324824810028,1004,False,1,4,[ 8.12060671 -7.48385477  1.27492525],fake_landed,[-0.62185191  0.08809385  0.93462812]
496.4324824810028,1005,False,0,1,[6.04131872 2.19821157 4.00000569],exiting,[ 0.50568378 -0.03156594 -0.11489306]
496.52258825302124,1000,False,6,5,[8.39939588 2.62843728 3.91678623],cruising,[-0.82138112 -0.19970136 -0.21083176]
496.52258825302124,1001,False,2,6,[-5.74756571  2.28374793  3.81501146],entering,[-0.48080528  0.59740651 -0.20557775]
496.52258825302124,1002,False,5,0,[-1.43190954  7.12093932  3.99258554],cruising,[ 0.5677905  -0.59831228 -0.99408226]
496.52258825302124,1003,False,4,3,[-0.82483863 -8.02178982  1.48171495],fake_landed,[ 0.63925976  0.24903542 -0.34837281]
496.52258825302124,1004,False,4,2,[ 8.12060671 -7.48385477  1.27492525],waiting,[-0.62185191  0.08809385  0.93462812]
496.52258825302124,1005,False,0,1,[5.94158174 2.2054596  4.00000394],exiting,[ 0.50568378 -0.03156594 -0.11489306]
496.62986850738525,1000,False,6,5,[8.41269582 2.42888    3.9292683 ],cruising,[-0.82138112 -0.19970136 -0.21083176]
496.62986850738525,1001,False,2,6,[-5.76537539  2.48295339  3.84275974],cruising,[-0.48080528  0.59740651 -0.20557775]
496.62986850738525,1002,False,5,0,[-1.24711962  7.04443649  3.99369771],cruising,[ 0.5677905  -0.59831228 -0.99408226]
496.62986850738525,1003,False,4,3,[-0.8434554  -8.01947392  1.40394573],fake_landed,[ 0.63925976  0.24903542 -0.34837281]
496.62986850738525,1004,False,4,2,[ 8.12060671 -7.48385477  1.27492525],waiting,[-0.62185191  0.08809385  0.93462812]
496.62986850738525,1005,False,0,1,[5.84184475 2.21270762 4.00000262],exiting,[ 0.50568378 -0.03156594 -0.11489306]
496.73388409614563,1000,False,6,5,[8.4277092  2.2294443  3.93987805],cruising,[-0.82138112 -0.19970136 -0.21083176]
496.73388409614563,1001,False,2,6,[-5.79698805  2.68043919  3.86634578],cruising,[-0.48080528  0.59740651 -0.20557775]
496.73388409614563,1002,False,5,0,[-1.06496357  6.9618582   3.99464305],cruising,[ 0.5677905  -0.59831228 -0.99408226]
496.73388409614563,1003,False,4,3,[-0.85741797 -8.017737    1.3456188 ],fake_landed,[ 0.63925976  0.24903542 -0.34837281]
496.73388409614563,1004,False,4,2,[ 8.12060671 -7.48385477  1.27492525],waiting,[-0.62185191  0.08809385  0.93462812]
496.73388409614563,1005,False,0,1,[5.74210777 2.21995565 4.00000162],exiting,[ 0.50568378 -0.03156594 -0.11489306]
496.8264219760895,1000,False,6,5,[8.44023968 2.02983721 3.94889635],cruising,[-0.82138112 -0.19970136 -0.21083176]
496.8264219760895,1001,False,2,6,[-5.84183166  2.87534699  3.88639392],cruising,[-0.48080528  0.59740651 -0.20557775]
496.8264219760895,1002,False,5,0,[-0.88684043  6.87090686  3.9954466 ],cruising,[ 0.5677905  -0.59831228 -0.99408226]
496.8264219760895,1003,False,4,3,[-0.86672635 -8.01657905  1.30673419],fake_landed,[ 0.63925976  0.24903542 -0.34837281]
496.8264219760895,1004,False,4,2,[ 8.12060671 -7.48385477  1.27492525],queued,[-0.62185191  0.08809385  0.93462812]
496.8264219760895,1005,False,0,1,[5.64237078 2.22720367 4.0000009 ],exiting,[ 0.50568378 -0.03156594 -0.11489306]
496.9216272830963,1000,False,6,5,[8.45329964 1.83026408 3.95656189],cruising,[-0.82138112 -0.19970136 -0.21083176]
496.9216272830963,1001,False,2,6,[-5.89621391  3.06781146  3.90343483],cruising,[-0.48080528  0.59740651 -0.20557775]
496.9216272830963,1002,False,5,0,[-0.71206016  6.77368619  3.99612961],cruising,[ 0.5677905  -0.59831228 -0.99408226]
496.9216272830963,1003,False,4,3,[-0.87138054 -8.01600007  1.28729188],fake_landed,[ 0.63925976  0.24903542 -0.34837281]
496.9216272830963,1004,False,4,2,[ 8.12060671 -7.48385477  1.29492525],queued,[-0.62185191  0.08809385  0.93462812]
496.9216272830963,1005,False,0,1,[5.5426338  2.2344517  4.00000038],landing,[ 0.50568378 -0.03156594 -0.11489306]
497.0260982513428,1000,False,6,5,[8.46350403 1.63052457 3.96307761],cruising,[-0.82138112 -0.19970136 -0.21083176]
497.0260982513428,1001,False,2,6,[-5.95769668  3.25812664  3.9179196 ],cruising,[-0.48080528  0.59740651 -0.20557775]
497.0260982513428,1002,False,5,0,[-0.53895602  6.67351156  3.99671017],cruising,[ 0.5677905  -0.59831228 -0.99408226]
497.0260982513428,1003,False,3,4,[-0.87138054 -8.01600007  1.28729188],waiting,[ 0.63925976  0.24903542 -0.34837281]
497.0260982513428,1004,False,4,2,[ 8.12060671 -7.48385477  1.33492525],queued,[-0.62185191  0.08809385  0.93462812]
497.0260982513428,1005,False,0,1,[5.45679852 2.23756428 3.98622886],landing,[ 0.50568378 -0.03156594 -0.11489306]
497.1281433105469,1000,False,6,5,[8.4734943  1.43077424 3.96861597],cruising,[-0.82138112 -0.19970136 -0.21083176]
497.1281433105469,1001,False,2,6,[-6.02389008  3.4468551   3.93023166],cruising,[-0.48080528  0.59740651 -0.20557775]
497.1281433105469,1002,False,5,0,[-0.36813344  6.56949403  3.99720364],cruising,[ 0.5677905  -0.59831228 -0.99408226]
497.1281433105469,1003,False,3,4,[-0.87138054 -8.01600007  1.28729188],waiting,[ 0.63925976  0.24903542 -0.34837281]
497.1281433105469,1004,False,4,2,[ 8.12060671 -7.48385477  1.39492525],queued,[-0.62185191  0.08809385  0.93462812]
497.1281433105469,1005,False,0,1,[5.38503535 2.23656681 3.9588528 ],landing,[ 0.50568378 -0.03156594 -0.11489306]
497.2215347290039,1000,False,6,5,[8.48275723 1.23098886 3.97332357],cruising,[-0.82138112 -0.19970136 -0.21083176]
497.2215347290039,1001,False,2,6,[-6.09251922  3.63471154  3.94069691],cruising,[-0.48080528  0.59740651 -0.20557775]
497.2215347290039,1002,False,5,0,[-0.19877576  6.46310805  3.99762309],cruising,[ 0.5677905  -0.59831228 -0.99408226]
497.2215347290039,1003,False,3,4,[-0.87138054 -8.01600007  1.28729188],waiting,[ 0.63925976  0.24903542 -0.34837281]
497.2215347290039,1004,False,4,2,[ 8.12060671 -7.48385477  1.46992525],queued,[-0.62185191  0.08809385  0.93462812]
497.2215347290039,1005,False,0,1,[5.32754283 2.23149004 3.91807124],landing,[ 0.50568378 -0.03156594 -0.11489306]
497.3217599391937,1000,False,6,5,[8.48858513 1.03107379 3.97732504],cruising,[-0.82138112 -0.19970136 -0.21083176]
497.3217599391937,1001,False,2,6,[-6.16140828  3.82247282  3.94959238],cruising,[-0.48080528  0.59740651 -0.20557775]
497.3217599391937,1002,False,5,0,[-0.02985818  6.35602468  3.99797963],cruising,[ 0.5677905  -0.59831228 -0.99408226]
497.3217599391937,1003,False,3,4,[-0.87138054 -8.01600007  1.28729188],waiting,[ 0.63925976  0.24903542 -0.34837281]
497.3217599391937,1004,False,4,2,[ 8.12060671 -7.48385477  1.54492525],queued,[-0.62185191  0.08809385  0.93462812]
497.3217599391937,1005,False,0,1,[5.28458554 2.22237692 3.86415822],landing,[ 0.50568378 -0.03156594 -0.11489306]
497.4228620529175,1000,False,6,5,[8.49344791 0.83113291 3.98072628],cruising,[-0.82138112 -0.19970136 -0.21083176]
497.4228620529175,1001,False,2,6,[-6.22840992  4.01091586  3.95715352],cruising,[-0.48080528  0.59740651 -0.20557775]
497.4228620529175,1002,False,5,0,[0.13885753 6.24862352 3.99828269],cruising,[ 0.5677905  -0.59831228 -0.99408226]
497.4228620529175,1003,False,3,4,[-0.87138054 -8.01600007  1.28729188],waiting,[ 0.63925976  0.24903542 -0.34837281]
497.4228620529175,1004,False,4,2,[ 8.12060671 -7.48385477  1.61992525],queued,[-0.62185191  0.08809385  0.93462812]
497.4228620529175,1005,False,0,1,[5.25640444 2.20926869 3.79737261],landing,[ 0.50568378 -0.03156594 -0.11489306]
497.52199816703796,1000,False,6,5,[8.49703642 0.63116511 3.98361734],cruising,[-0.82138112 -0.19970136 -0.21083176]
497.52199816703796,1001,False,2,6,[-6.29129858  4.20077111  3.96358049],cruising,[-0.48080528  0.59740651 -0.20557775]
497.52199816703796,1002,False,5,0,[0.30764803 6.14133993 3.99854028],cruising,[ 0.5677905  -0.59831228 -0.99408226]
497.52199816703796,1003,False,3,4,[-0.87138054 -8.01600007  1.28729188],waiting,[ 0.63925976  0.24903542 -0.34837281]
497.52199816703796,1004,False,4,2,[ 8.12060671 -7.48385477  1.69492525],queued,[-0.62185191  0.08809385  0.93462812]
497.52199816703796,1005,False,0,1,[5.24320892 2.19220291 3.71794699],landing,[ 0.50568378 -0.03156594 -0.11489306]
497.6243579387665,1000,False,6,5,[8.49702661 0.43116511 3.98607474],cruising,[-0.82138112 -0.19970136 -0.21083176]
497.6243579387665,1001,False,2,6,[-6.34763668  4.39267218  3.96904342],cruising,[-0.48080528  0.59740651 -0.20557775]
497.6243579387665,1002,False,5,0,[0.47694568 6.03485846 3.99875924],exiting,[ 0.5677905  -0.59831228 -0.99408226]
497.6243579387665,1003,False,3,4,[-0.87138054 -8.01600007  1.28729188],waiting,[ 0.63925976  0.24903542 -0.34837281]
497.6243579387665,1004,False,4,2,[ 8.12060671 -7.48385477  1.76992525],queued,[-0.62185191  0.08809385  0.93462812]
497.6243579387665,1005,False,0,1,[5.24520952 2.17121907 3.62612272],landing,[ 0.50568378 -0.03156594 -0.11489306]
497.72243642807007,1000,False,6,5,[8.4956999  0.23116951 3.98816353],cruising,[-0.82138112 -0.19970136 -0.21083176]
497.72243642807007,1001,False,2,6,[-6.38837724  4.58847873  3.97368691],cruising,[-0.48080528  0.59740651 -0.20557775]
497.72243642807007,1002,False,5,0,[0.63594526 5.94552194 3.9989786 ],exiting,[ 0.5677905  -0.59831228 -0.99408226]
497.72243642807007,1003,False,3,4,[-0.87138054 -8.01600007  1.28729188],waiting,[ 0.63925976  0.24903542 -0.34837281]
497.72243642807007,1004,False,4,2,[ 8.12060671 -7.48385477  1.84492525],queued,[-0.62185191  0.08809385  0.93462812]
497.72243642807007,1005,False,0,1,[5.25380459 2.14857624 3.5290999 ],landing,[ 0.50568378 -0.03156594 -0.11489306]
497.82476329803467,1000,False,6,5,[8.49283478 0.03119003 3.989939  ],cruising,[-0.82138112 -0.19970136 -0.21083176]
497.82476329803467,1001,False,2,6,[-6.41604265  4.78655605  3.97763387],cruising,[-0.48080528  0.59740651 -0.20557775]
497.82476329803467,1002,False,5,0,[0.78449077 5.87323571 3.99919548],exiting,[ 0.5677905  -0.59831228 -0.99408226]
497.82476329803467,1003,False,3,4,[-0.87138054 -8.01600007  1.28729188],waiting,[ 0.63925976  0.24903542 -0.34837281]
497.82476329803467,1004,False,4,2,[ 8.12060671 -7.48385477  1.91992525],queued,[-0.62185191  0.08809385  0.93462812]
497.82476329803467,1005,False,0,1,[5.26239967 2.1259334  3.43207708],landing,[ 0.50568378 -0.03156594 -0.11489306]
497.9281051158905,1000,False,6,5,[ 8.4882558  -0.16875754  3.99144815],cruising,[-0.82138112 -0.19970136 -0.21083176]
497.9281051158905,1001,False,2,6,[-6.42375992  4.98600899  3.98115722],cruising,[-0.48080528  0.59740651 -0.20557775]
497.9281051158905,1002,False,5,0,[0.92240763 5.8178915  3.99940665],exiting,[ 0.5677905  -0.59831228 -0.99408226]
497.9281051158905,1003,False,3,4,[-0.87138054 -8.01600007  1.28729188],waiting,[ 0.63925976  0.24903542 -0.34837281]
497.9281051158905,1004,False,4,2,[ 8.12060671 -7.48385477  1.99492525],queued,[-0.62185191  0.08809385  0.93462812]
497.9281051158905,1005,False,0,1,[5.27099474 2.10329057 3.33505427],landing,[ 0.50568378 -0.03156594 -0.11489306]
498.0228397846222,1000,False,6,5,[ 8.47977845 -0.3685778   3.99273093],cruising,[-0.82138112 -0.19970136 -0.21083176]
498.0228397846222,1001,False,2,6,[-6.41152315  5.18414167  3.98437586],cruising,[-0.48080528  0.59740651 -0.20557775]
498.0228397846222,1002,False,5,0,[1.04949855 5.77936391 3.99960843],exiting,[ 0.5677905  -0.59831228 -0.99408226]
498.0228397846222,1003,False,3,4,[-0.87138054 -8.01600007  1.28729188],waiting,[ 0.63925976  0.24903542 -0.34837281]
498.0228397846222,1004,False,4,2,[ 8.12060671 -7.48385477  2.06992525],queued,[-0.62185191  0.08809385  0.93462812]
498.0228397846222,1005,False,0,1,[5.27958982 2.08064774 3.23803145],landing,[ 0.50568378 -0.03156594 -0.11489306]
498.1230638027191,1000,False,6,5,[ 8.46966286 -0.56832182  3.99382129],cruising,[-0.82138112 -0.19970136 -0.21083176]
498.1230638027191,1001,False,2,6,[-6.37966849  5.37839272  3.98732687],cruising,[-0.48080528  0.59740651 -0.20557775]
498.1230638027191,1002,False,5,0,[1.16553499 5.75750361 3.99979654],exiting,[ 0.5677905  -0.59831228 -0.99408226]
498.1230638027191,1003,False,3,4,[-0.87138054 -8.01600007  1.28729188],waiting,[ 0.63925976  0.24903542 -0.34837281]
498.1230638027191,1004,False,4,2,[ 8.12060671 -7.48385477  2.14492525],queued,[-0.62185191  0.08809385  0.93462812]
498.1230638027191,1005,False,0,1,[5.28818489 2.05800491 3.14100864],landing,[ 0.50568378 -0.03156594 -0.11489306]
498.2219383716583,1000,False,6,5,[ 8.45772957 -0.7679655   3.99474809],cruising,[-0.82138112 -0.19970136 -0.21083176]
498.2219383716583,1001,False,2,6,[-6.32882485  5.56637047  3.99002414],cruising,[-0.48080528  0.59740651 -0.20557775]
498.2219383716583,1002,False,5,0,[1.27023724 5.75212165 3.99996566],exiting,[ 0.5677905  -0.59831228 -0.99408226]
498.2219383716583,1003,False,3,4,[-0.87138054 -8.01600007  1.28729188],waiting,[ 0.63925976  0.24903542 -0.34837281]
498.2219383716583,1004,False,4,2,[ 8.12060671 -7.48385477  2.21992525],queued,[-0.62185191  0.08809385  0.93462812]
498.2219383716583,1005,False,0,1,[5.29677997 2.03536207 3.04398582],landing,[ 0.50568378 -0.03156594 -0.11489306]
498.3221797943115,1000,False,6,5,[ 8.44382461 -0.96748154  3.99553588],cruising,[-0.82138112 -0.19970136 -0.21083176]
498.3221797943115,1001,False,2,6,[-6.25988196  5.745842    3.99247314],cruising,[-0.48080528  0.59740651 -0.20557775]
498.3221797943115,1002,False,5,0,[1.36321775 5.76294463 4.00010838],exiting,[ 0.5677905  -0.59831228 -0.99408226]
498.3221797943115,1003,False,3,4,[-0.87138054 -8.01600007  1.28729188],waiting,[ 0.63925976  0.24903542 -0.34837281]
498.3221797943115,1004,False,4,2,[ 8.12060671 -7.48385477  2.29492525],queued,[-0.62185191  0.08809385  0.93462812]
498.3221797943115,1005,False,0,1,[5.30537504 2.01271924 2.946963  ],landing,[ 0.50568378 -0.03156594 -0.11489306]
498.42438316345215,1000,False,6,5,[ 8.42564022 -1.16665314  3.9962055 ],cruising,[-0.82138112 -0.19970136 -0.21083176]
498.42438316345215,1001,False,2,6,[-6.17387754  5.91488115  3.99465871],cruising,[-0.48080528  0.59740651 -0.20557775]
498.42438316345215,1002,False,5,0,[1.44423861 5.78979776 4.00022035],exiting,[ 0.5677905  -0.59831228 -0.99408226]
498.42438316345215,1003,False,3,4,[-0.87138054 -8.01600007  1.28729188],waiting,[ 0.63925976  0.24903542 -0.34837281]
498.42438316345215,1004,False,4,2,[ 8.12060671 -7.48385477  2.36992525],queued,[-0.62185191  0.08809385  0.93462812]
498.42438316345215,1005,False,0,1,[5.31397012 1.99007641 2.84994019],landing,[ 0.50568378 -0.03156594 -0.11489306]
498.52449202537537,1000,False,6,5,[ 8.4055347  -1.36564     3.99677467],cruising,[-0.82138112 -0.19970136 -0.21083176]
498.52449202537537,1001,False,2,6,[-6.07197451  6.07178909  3.99658372],cruising,[-0.48080528  0.59740651 -0.20557775]
498.52449202537537,1002,False,5,0,[1.51305974 5.83249909 4.0002975 ],exiting,[ 0.5677905  -0.59831228 -0.99408226]
498.52449202537537,1003,False,3,4,[-0.87138054 -8.01600007  1.28729188],waiting,[ 0.63925976  0.24903542 -0.34837281]
498.52449202537537,1004,False,4,2,[ 8.12060671 -7.48385477  2.44492525],entering,[-0.62185191  0.08809385  0.93462812]
498.52449202537537,1005,False,0,1,[5.32256519 1.96743358 2.75291737],landing,[ 0.50568378 -0.03156594 -0.11489306]
498.6252701282501,1000,False,6,5,[ 8.38330563 -1.56440083  3.99725847],cruising,[-0.82138112 -0.19970136 -0.21083176]
498.6252701282501,1001,False,2,6,[-5.95507237  6.21547011  3.99823484],cruising,[-0.48080528  0.59740651 -0.20557775]
498.6252701282501,1002,False,5,0,[1.56943901 5.89085924 4.00033643],exiting,[ 0.5677905  -0.59831228 -0.99408226]
498.6252701282501,1003,False,3,4,[-0.87138054 -8.01600007  1.28729188],waiting,[ 0.63925976  0.24903542 -0.34837281]
498.6252701282501,1004,False,4,2,[ 8.10912176 -7.46748113  2.51992525],entering,[-0.62185191  0.08809385  0.93462812]
498.6252701282501,1005,False,0,1,[5.33116027 1.94479075 2.65589456],landing,[ 0.50568378 -0.03156594 -0.11489306]
498.7348003387451,1000,False,6,5,[ 8.35641018 -1.76258417  3.9976697 ],cruising,[-0.82138112 -0.19970136 -0.21083176]
498.7348003387451,1001,False,2,6,[-5.82406131  6.34497872  3.99960079],cruising,[-0.48080528  0.59740651 -0.20557775]
498.7348003387451,1002,False,5,0,[1.61313215 5.96468098 4.00033499],exiting,[ 0.5677905  -0.59831228 -0.99408226]
498.7348003387451,1003,False,3,4,[-0.87138054 -8.01600007  1.28729188],waiting,[ 0.63925976  0.24903542 -0.34837281]
498.7348003387451,1004,False,4,2,[ 8.08615188 -7.43473385  2.59492525],entering,[-0.62185191  0.08809385  0.93462812]
498.7348003387451,1005,False,0,1,[5.33975534 1.92214791 2.55887174],landing,[ 0.50568378 -0.03156594 -0.11489306]
498.8234145641327,1000,False,6,5,[ 8.32731635 -1.96045672  3.99801925],cruising,[-0.82138112 -0.19970136 -0.21083176]
498.8234145641327,1001,False,2,6,[-5.67978737  6.45952039  4.0006718 ],cruising,[-0.48080528  0.59740651 -0.20557775]
498.8234145641327,1002,False,5,0,[1.64389267 6.05375872 4.00029403],exiting,[ 0.5677905  -0.59831228 -0.99408226]
498.8234145641327,1003,False,3,4,[-0.87138054 -8.01600007  1.28729188],queued,[ 0.63925976  0.24903542 -0.34837281]
498.8234145641327,1004,False,4,2,[ 8.05169705 -7.38561293  2.66992525],entering,[-0.62185191  0.08809385  0.93462812]
498.8234145641327,1005,False,0,1,[5.34835042 1.89950508 2.46184892],landing,[ 0.50568378 -0.03156594 -0.11489306]
498.92775893211365,1000,False,6,5,[ 8.29575944 -2.15795144  3.99831636],cruising,[-0.82138112 -0.19970136 -0.21083176]
498.92775893211365,1001,False,2,6,[-5.52301889  6.55844815  4.00143916],cruising,[-0.48080528  0.59740651 -0.20557775]
498.92775893211365,1002,False,5,0,[1.66757444 6.15091413 4.00023953],exiting,[ 0.5677905  -0.59831228 -0.99408226]
498.92775893211365,1003,False,3,4,[-0.87138054 -8.01600007  1.30729188],queued,[ 0.63925976  0.24903542 -0.34837281]
498.92775893211365,1004,False,4,2,[ 8.00575727 -7.32011838  2.74492525],entering,[-0.62185191  0.08809385  0.93462812]
498.92775893211365,1005,False,0,1,[5.35694549 1.87686225 2.36482611],landing,[ 0.50568378 -0.03156594 -0.11489306]
499.02152824401855,1000,False,6,5,[ 8.25872437 -2.35449254  3.99856891],cruising,[-0.82138112 -0.19970136 -0.21083176]
499.02152824401855,1001,False,2,6,[-5.35444589  6.64123412  4.00189667],cruising,[-0.48080528  0.59740651 -0.20557775]
499.02152824401855,1002,False,5,0,[1.69125621 6.24806954 4.00019483],exiting,[ 0.5677905  -0.59831228 -0.99408226]
499.02152824401855,1003,False,3,4,[-0.87138054 -8.01600007  1.34729188],queued,[ 0.63925976  0.24903542 -0.34837281]
499.02152824401855,1004,False,4,2,[ 7.94833256 -7.23825018  2.81992525],entering,[-0.62185191  0.08809385  0.93462812]
499.02152824401855,1005,False,0,1,[5.36554057 1.85421942 2.26780329],landing,[ 0.50568378 -0.03156594 -0.11489306]
499.12392568588257,1000,False,6,5,[ 8.21899946 -2.55050767  3.99878357],cruising,[-0.82138112 -0.19970136 -0.21083176]
499.12392568588257,1001,False,2,6,[-5.17491214  6.70729372  4.00205389],cruising,[-0.48080528  0.59740651 -0.20557775]
499.12392568588257,1002,False,5,0,[1.71493798 6.34522495 4.0001582 ],exiting,[ 0.5677905  -0.59831228 -0.99408226]
499.12392568588257,1003,False,3,4,[-0.87138054 -8.01600007  1.40729188],queued,[ 0.63925976  0.24903542 -0.34837281]
499.12392568588257,1004,False,4,2,[ 7.8794229  -7.14000834  2.89492525],entering,[-0.62185191  0.08809385  0.93462812]
499.12392568588257,1005,False,0,1,[5.37413564 1.83157658 2.17078048],landing,[ 0.50568378 -0.03156594 -0.11489306]
499.22865080833435,1000,False,6,5,[ 8.17309738 -2.74516891  3.99896603],cruising,[-0.82138112 -0.19970136 -0.21083176]
499.22865080833435,1001,False,2,6,[-4.98443461  6.75661611  4.0018956 ],cruising,[-0.48080528  0.59740651 -0.20557775]
499.22865080833435,1002,False,5,0,[1.73861975 6.44238036 4.00012822],exiting,[ 0.5677905  -0.59831228 -0.99408226]
499.22865080833435,1003,False,3,4,[-0.87138054 -8.01600007  1.48229188],queued,[ 0.63925976  0.24903542 -0.34837281]
499.22865080833435,1004,False,4,2,[ 7.79910197 -7.02534143  2.96992525],entering,[-0.62185191  0.08809385  0.93462812]
499.22865080833435,1005,False,0,1,[5.38273072 1.80893375 2.07375766],landing,[ 0.50568378 -0.03156594 -0.11489306]
499.3320982456207,1000,False,6,5,[ 8.12404044 -2.93905913  3.99912113],cruising,[-0.82138112 -0.19970136 -0.21083176]
499.3320982456207,1001,False,2,6,[-4.78943029  6.80103811  4.00161126],cruising,[-0.48080528  0.59740651 -0.20557775]
499.3320982456207,1002,False,5,0,[1.76230152 6.53953577 4.00010371],exiting,[ 0.5677905  -0.59831228 -0.99408226]
499.3320982456207,1003,False,3,4,[-0.87138054 -8.01600007  1.55729188],queued,[ 0.63925976  0.24903542 -0.34837281]
499.3320982456207,1004,False,4,2,[ 7.70656802 -6.89483652  3.04492525],entering,[-0.62185191  0.08809385  0.93462812]
499.3320982456207,1005,False,0,1,[5.39132579 1.78629092 1.97673484],landing,[ 0.50568378 -0.03156594 -0.11489306]
499.4225549697876,1000,False,6,5,[ 8.06760744 -3.1309323   3.99925296],cruising,[-0.82138112 -0.19970136 -0.21083176]
499.4225549697876,1001,False,2,6,[-4.59529115  6.84910053  4.00136957],cruising,[-0.48080528  0.59740651 -0.20557775]
499.4225549697876,1002,False,5,0,[1.78598329 6.63669118 4.0000837 ],exiting,[ 0.5677905  -0.59831228 -0.99408226]
499.4225549697876,1003,False,3,4,[-0.87138054 -8.01600007  1.63229188],queued,[ 0.63925976  0.24903542 -0.34837281]
499.4225549697876,1004,False,4,2,[ 7.60114469 -6.74903901  3.11992525],entering,[-0.62185191  0.08809385  0.93462812]
499.4225549697876,1005,False,0,1,[5.39992087 1.76364809 1.87971203],landing,[ 0.50568378 -0.03156594 -0.11489306]
499.52147793769836,1000,False,6,5,[ 8.00727442 -3.3216151   3.99936502],cruising,[-0.82138112 -0.19970136 -0.21083176]
499.52147793769836,1001,False,2,6,[-4.40170454  6.89934218  4.00116413],cruising,[-0.48080528  0.59740651 -0.20557775]
499.52147793769836,1002,False,5,0,[1.80966506 6.73384659 4.00006739],exiting,[ 0.5677905  -0.59831228 -0.99408226]
499.52147793769836,1003,False,3,4,[-0.87138054 -8.01600007  1.70729188],queued,[ 0.63925976  0.24903542 -0.34837281]
499.52147793769836,1004,False,4,2,[ 7.48275119 -6.58801735  3.19492525],entering,[-0.62185191  0.08809385  0.93462812]
499.52147793769836,1005,False,0,1,[5.40851594 1.74100526 1.78268921],landing,[ 0.50568378 -0.03156594 -0.11489306]
499.6320481300354,1000,False,6,5,[ 7.93766956 -3.5091122   3.99946026],cruising,[-0.82138112 -0.19970136 -0.21083176]
499.6320481300354,1001,False,2,6,[-4.20835247  6.95047904  4.00098951],cruising,[-0.48080528  0.59740651 -0.20557775]
499.6320481300354,1002,False,5,0,[1.83334683 6.831002   4.00005412],exiting,[ 0.5677905  -0.59831228 -0.99408226]
499.6320481300354,1003,False,3,4,[-0.87138054 -8.01600007  1.78229188],queued,[ 0.63925976  0.24903542 -0.34837281]
499.6320481300354,1004,False,4,2,[ 7.36383682 -6.42720886  3.26992525],entering,[-0.62185191  0.08809385  0.93462812]
499.6320481300354,1005,False,0,1,[5.41711102 1.71836242 1.68566639],landing,[ 0.50568378 -0.03156594 -0.11489306]
499.7302551269531,1000,False,6,5,[ 7.85772608 -3.69243988  3.99954122],cruising,[-0.82138112 -0.19970136 -0.21083176]
499.7302551269531,1001,False,2,6,[-4.0143162   6.99895507  4.00084109],cruising,[-0.48080528  0.59740651 -0.20557775]
499.7302551269531,1002,False,5,0,[1.8570286  6.92815741 4.00004334],exiting,[ 0.5677905  -0.59831228 -0.99408226]
499.7302551269531,1003,False,3,4,[-0.87138054 -8.01600007  1.85729188],entering,[ 0.63925976  0.24903542 -0.34837281]
499.7302551269531,1004,False,4,2,[ 7.24133347 -6.26911733  3.34492525],entering,[-0.62185191  0.08809385  0.93462812]
499.7302551269531,1005,False,0,1,[5.42570609 1.69571959 1.58864358],landing,[ 0.50568378 -0.03156594 -0.11489306]
499.8219964504242,1000,False,6,5,[ 7.76588241 -3.87010457  3.99961004],cruising,[-0.82138112 -0.19970136 -0.21083176]
499.8219964504242,1001,False,2,6,[-3.82012067  7.04678909  4.00071492],cruising,[-0.48080528  0.59740651 -0.20557775]
499.8219964504242,1002,False,5,0,[1.88071037 7.02531282 4.00003459],exiting,[ 0.5677905  -0.59831228 -0.99408226]
499.8219964504242,1003,False,3,4,[-0.87787253 -7.99708304  1.93229188],entering,[ 0.63925976  0.24903542 -0.34837281]
499.8219964504242,1004,False,4,2,[ 7.11979428 -6.11028337  3.41992525],entering,[-0.62185191  0.08809385  0.93462812]
499.8219964504242,1005,False,0,1,[5.43430117 1.67307676 1.49162076],fake_landed,[ 0.50568378 -0.03156594 -0.11489306]
499.9220173358917,1000,False,6,5,[ 7.66002025 -4.03979017  3.99966853],cruising,[-0.82138112 -0.19970136 -0.21083176]
499.9220173358917,1001,False,2,6,[-3.62554696  7.09306081  4.00060768],cruising,[-0.48080528  0.59740651 -0.20557775]
499.9220173358917,1002,False,5,0,[1.90439214 7.12246823 4.00002751],exiting,[ 0.5677905  -0.59831228 -0.99408226]
499.9220173358917,1003,False,3,4,[-0.89085649 -7.95924897  2.00729188],entering,[ 0.63925976  0.24903542 -0.34837281]
499.9220173358917,1004,False,4,2,[ 6.99281318 -5.95576542  3.49492525],entering,[-0.62185191  0.08809385  0.93462812]
499.9220173358917,1005,False,0,1,[5.44117723 1.65496249 1.41400251],fake_landed,[ 0.50568378 -0.03156594 -0.11489306]
500.02188992500305,1000,False,6,5,[ 7.5377494  -4.19804098  3.99971839],cruising,[-0.82138112 -0.19970136 -0.21083176]
500.02188992500305,1001,False,2,6,[-3.42989794  7.13455131  4.00051653],cruising,[-0.48080528  0.59740651 -0.20557775]
500.02188992500305,1002,False,5,0,[1.92807391 7.21962364 4.0000218 ],exiting,[ 0.5677905  -0.59831228 -0.99408226]
500.02188992500305,1003,False,3,4,[-0.91033244 -7.90249787  2.08229188],entering,[ 0.63925976  0.24903542 -0.34837281]
500.02188992500305,1004,False,4,2,[ 6.8646571  -5.80222057  3.56992525],entering,[-0.62185191  0.08809385  0.93462812]
500.02188992500305,1005,False,0,1,[5.44633427 1.64137679 1.35578882],fake_landed,[ 0.50568378 -0.03156594 -0.11489306]
500.13210439682007,1000,False,6,5,[ 7.40049021 -4.34304981  3.99976251],cruising,[-0.82138112 -0.19970136 -0.21083176]
500.13210439682007,1001,False,2,6,[-3.23369526  7.17333931  4.00043905],cruising,[-0.48080528  0.59740651 -0.20557775]
500.13210439682007,1002,False,5,0,[1.95175568 7.31677905 4.00001719],exiting,[ 0.5677905  -0.59831228 -0.99408226]
500.13210439682007,1003,False,3,4,[-0.93630037 -7.82682973  2.15729188],entering,[ 0.63925976  0.24903542 -0.34837281]
500.13210439682007,1004,False,4,2,[ 6.73487956 -5.65004374  3.63443646],entering,[-0.62185191  0.08809385  0.93462812]
500.13210439682007,1005,False,0,1,[5.4497723  1.63231966 1.31697969],fake_landed,[ 0.50568378 -0.03156594 -0.11489306]
500.23229718208313,1000,False,6,5,[ 7.25067269 -4.47249303  3.99980361],cruising,[-0.82138112 -0.19970136 -0.21083176]
500.23229718208313,1001,False,2,6,[-3.03683429  7.20863461  4.00037319],cruising,[-0.48080528  0.59740651 -0.20557775]
500.23229718208313,1002,False,5,0,[1.97543745 7.41393446 4.00001349],exiting,[ 0.5677905  -0.59831228 -0.99408226]
500.23229718208313,1003,False,3,4,[-0.96876028 -7.73224457  2.23229188],entering,[ 0.63925976  0.24903542 -0.34837281]
500.23229718208313,1004,False,4,2,[ 6.598153   -5.50407851  3.68927099],entering,[-0.62185191  0.08809385  0.93462812]
500.23229718208313,1005,False,0,1,[5.45149132 1.62779109 1.29757513],fake_landed,[ 0.50568378 -0.03156594 -0.11489306]
500.3218295574188,1000,False,6,5,[ 7.09019883 -4.58501164  3.9998417 ],cruising,[-0.82138112 -0.19970136 -0.21083176]
500.3218295574188,1001,False,2,6,[-2.83883631  7.23686228  4.00031722],cruising,[-0.48080528  0.59740651 -0.20557775]
500.3218295574188,1002,False,5,0,[1.99911922 7.51108987 4.00001052],exiting,[ 0.5677905  -0.59831228 -0.99408226]
500.3218295574188,1003,False,3,4,[-1.00771217 -7.61874236  2.30729188],entering,[ 0.63925976  0.24903542 -0.34837281]
500.3218295574188,1004,False,4,2,[ 6.45668889 -5.36269991  3.73588035],entering,[-0.62185191  0.08809385  0.93462812]
500.3218295574188,1005,False,0,1,[5.45149132 1.62779109 1.29757513],fake_landed,[ 0.50568378 -0.03156594 -0.11489306]
500.4267463684082,1000,False,6,5,[ 6.92112116 -4.67947549  3.99987672],cruising,[-0.82138112 -0.19970136 -0.21083176]
500.4267463684082,1001,False,2,6,[-2.64021769  7.26032806  4.00026963],cruising,[-0.48080528  0.59740651 -0.20557775]
500.4267463684082,1002,False,5,0,[2.02280099 7.60824528 4.00000815],exiting,[ 0.5677905  -0.59831228 -0.99408226]
500.4267463684082,1003,False,3,4,[-1.05315605 -7.48632313  2.38229188],entering,[ 0.63925976  0.24903542 -0.34837281]
500.4267463684082,1004,False,4,2,[ 6.31290255 -5.22368376  3.77549829],entering,[-0.62185191  0.08809385  0.93462812]
500.4267463684082,1005,False,1,3,[5.45149132 1.62779109 1.29757513],waiting,[ 0.50568378 -0.03156594 -0.11489306]
500.5218939781189,1000,False,6,5,[ 6.74558651 -4.75501033  3.99990863],cruising,[-0.82138112 -0.19970136 -0.21083176]
500.5218939781189,1001,False,2,6,[-2.44072986  7.27463211  4.00022919],cruising,[-0.48080528  0.59740651 -0.20557775]
500.5218939781189,1002,False,5,0,[2.04648276 7.70540069 4.00000627],exiting,[ 0.5677905  -0.59831228 -0.99408226]
500.5218939781189,1003,False,3,4,[-1.10509191 -7.33498686  2.45729188],entering,[ 0.63925976  0.24903542 -0.34837281]
500.5218939781189,1004,False,4,2,[ 6.16221281 -5.09218243  3.80917355],entering,[-0.62185191  0.08809385  0.93462812]
500.5218939781189,1005,False,1,3,[5.45149132 1.62779109 1.29757513],waiting,[ 0.50568378 -0.03156594 -0.11489306]
500.62399220466614,1000,False,6,5,[ 6.56578309 -4.81100604  3.99993736],cruising,[-0.82138112 -0.19970136 -0.21083176]
500.62399220466614,1001,False,2,6,[-2.24076526  7.27839513  4.00019481],cruising,[-0.48080528  0.59740651 -0.20557775]
500.62399220466614,1002,False,5,0,[2.07016453 7.8025561  4.00000477],exiting,[ 0.5677905  -0.59831228 -0.99408226]
500.62399220466614,1003,False,3,4,[-1.16351975 -7.16473356  2.53229188],entering,[ 0.63925976  0.24903542 -0.34837281]
500.62399220466614,1004,False,4,2,[ 6.00450023 -4.96919161  3.83779752],entering,[-0.62185191  0.08809385  0.93462812]
500.62399220466614,1005,False,1,3,[5.45149132 1.62779109 1.29757513],waiting,[ 0.50568378 -0.03156594 -0.11489306]
500.7251811027527,1000,False,6,5,[ 6.38392278 -4.8471078   3.9999628 ],cruising,[-0.82138112 -0.19970136 -0.21083176]
500.7251811027527,1001,False,2,6,[-2.04122806  7.26479714  4.00016559],cruising,[-0.48080528  0.59740651 -0.20557775]
500.7251811027527,1002,False,5,0,[2.0938463  7.89971151 4.00000359],exiting,[ 0.5677905  -0.59831228 -0.99408226]
500.7251811027527,1003,False,3,4,[-1.22969131 -6.97604022  2.60729188],entering,[ 0.63925976  0.24903542 -0.34837281]
500.7251811027527,1004,False,4,2,[ 5.8430417  -4.85116135  3.86212789],cruising,[-0.62185191  0.08809385  0.93462812]
500.7251811027527,1005,False,1,3,[5.45149132 1.62779109 1.29757513],waiting,[ 0.50568378 -0.03156594 -0.11489306]
500.83172702789307,1000,False,6,5,[ 6.2013882  -4.86322093  3.99998466],cruising,[-0.82138112 -0.19970136 -0.21083176]
500.83172702789307,1001,False,2,6,[-1.84387513  7.23236535  4.00014075],cruising,[-0.48080528  0.59740651 -0.20557775]
500.83172702789307,1002,False,5,0,[2.11752807 7.99686692 4.00000267],exiting,[ 0.5677905  -0.59831228 -0.99408226]
500.83172702789307,1003,False,3,4,[-1.29587865 -6.78730963  2.68229188],entering,[ 0.63925976  0.24903542 -0.34837281]
500.83172702789307,1004,False,4,2,[ 5.67519642 -4.74240491  3.88280871],cruising,[-0.62185191  0.08809385  0.93462812]
500.83172702789307,1005,False,1,3,[5.45149132 1.62779109 1.29757513],waiting,[ 0.50568378 -0.03156594 -0.11489306]
500.9275395870209,1000,False,6,5,[ 6.01963987 -4.85934952  4.00000285],cruising,[-0.82138112 -0.19970136 -0.21083176]
500.9275395870209,1001,False,2,6,[-1.64870131  7.18869411  4.00011964],cruising,[-0.48080528  0.59740651 -0.20557775]
500.9275395870209,1002,False,5,0,[2.14120984 8.09402233 4.00000195],exiting,[ 0.5677905  -0.59831228 -0.99408226]
500.9275395870209,1003,False,3,4,[-1.362066   -6.59857904  2.75729188],entering,[ 0.63925976  0.24903542 -0.34837281]
500.9275395870209,1004,False,4,2,[ 5.504082   -4.63886818  3.9003874 ],cruising,[-0.62185191  0.08809385  0.93462812]
500.9275395870209,1005,False,1,3,[5.45149132 1.62779109 1.29757513],waiting,[ 0.50568378 -0.03156594 -0.11489306]
501.0216884613037,1000,False,6,5,[ 5.83987046 -4.83557626  4.00001726],cruising,[-0.82138112 -0.19970136 -0.21083176]
501.0216884613037,1001,False,2,6,[-1.45777838  7.12912536  4.00010169],cruising,[-0.48080528  0.59740651 -0.20557775]
501.0216884613037,1002,False,5,0,[2.16489161 8.19117774 4.00000139],exiting,[ 0.5677905  -0.59831228 -0.99408226]
501.0216884613037,1003,False,3,4,[-1.42893555 -6.41008908  2.83229188],entering,[ 0.63925976  0.24903542 -0.34837281]
501.0216884613037,1004,False,4,2,[ 5.32849416 -4.54311374  3.91532929],cruising,[-0.62185191  0.08809385  0.93462812]
501.0216884613037,1005,False,1,3,[5.45149132 1.62779109 1.29757513],waiting,[ 0.50568378 -0.03156594 -0.11489306]
501.12893056869507,1000,False,6,5,[ 5.66261874 -4.7919621   4.0000276 ],cruising,[-0.82138112 -0.19970136 -0.21083176]
501.12893056869507,1001,False,2,6,[-1.27141128  7.05654915  4.00008644],cruising,[-0.48080528  0.59740651 -0.20557775]
501.12893056869507,1002,False,5,0,[2.18857338 8.28833316 4.00000096],exiting,[ 0.5677905  -0.59831228 -0.99408226]
501.12893056869507,1003,False,3,4,[-1.4964421  -6.22182633  2.90729188],entering,[ 0.63925976  0.24903542 -0.34837281]
501.12893056869507,1004,False,4,2,[ 5.15091024 -4.45111401  3.9280299 ],cruising,[-0.62185191  0.08809385  0.93462812]
501.12893056869507,1005,False,1,3,[5.45149132 1.62779109 1.29757513],waiting,[ 0.50568378 -0.03156594 -0.11489306]
501.2315022945404,1000,False,6,5,[ 5.4886212  -4.72861445  4.00003373],cruising,[-0.82138112 -0.19970136 -0.21083176]
501.2315022945404,1001,False,2,6,[-1.0894208   6.97360661  4.00007347],cruising,[-0.48080528  0.59740651 -0.20557775]
501.2315022945404,1002,False,5,0,[2.21225515 8.38548857 4.00000063],exiting,[ 0.5677905  -0.59831228 -0.99408226]
501.2315022945404,1003,False,3,4,[-1.56394865 -6.03356357  2.98229188],entering,[ 0.63925976  0.24903542 -0.34837281]
501.2315022945404,1004,False,4,2,[ 4.97059455 -4.36459088  3.93882541],cruising,[-0.62185191  0.08809385  0.93462812]
501.2315022945404,1005,False,1,3,[5.45149132 1.62779109 1.29757513],waiting,[ 0.50568378 -0.03156594 -0.11489306]
501.3297562599182,1000,False,6,5,[ 5.31768085 -4.64550185  4.00003517],cruising,[-0.82138112 -0.19970136 -0.21083176]
501.3297562599182,1001,False,2,6,[-0.91131881  6.88261386  4.00006245],cruising,[-0.48080528  0.59740651 -0.20557775]
501.3297562599182,1002,False,5,0,[2.23593692 8.48264398 4.00000039],exiting,[ 0.5677905  -0.59831228 -0.99408226]
501.3297562599182,1003,False,3,4,[-1.63272856 -5.84576228  3.05729188],entering,[ 0.63925976  0.24903542 -0.34837281]
501.3297562599182,1004,False,4,2,[ 4.78928121 -4.28017838  3.9480016 ],cruising,[-0.62185191  0.08809385  0.93462812]
501.3297562599182,1005,False,1,3,[5.45149132 1.62779109 1.29757513],waiting,[ 0.50568378 -0.03156594 -0.11489306]
501.4248421192169,1000,False,6,5,[ 5.14927419 -4.54255039  4.00003148],cruising,[-0.82138112 -0.19970136 -0.21083176]
501.4248421192169,1001,False,2,6,[-0.73532404  6.78760944  4.00005308],cruising,[-0.48080528  0.59740651 -0.20557775]
501.4248421192169,1002,False,5,0,[2.25961869 8.57979939 4.00000021],exiting,[ 0.5677905  -0.59831228 -0.99408226]
501.4248421192169,1003,False,3,4,[-1.70150846 -5.65796099  3.13229188],entering,[ 0.63925976  0.24903542 -0.34837281]
501.4248421192169,1004,False,4,2,[ 4.60709144 -4.19767452  3.95580136],cruising,[-0.62185191  0.08809385  0.93462812]
501.4248421192169,1005,False,1,3,[5.45149132 1.62779109 1.29757513],waiting,[ 0.50568378 -0.03156594 -0.11489306]
501.52166986465454,1000,False,6,5,[ 4.9772981  -4.4404513   4.00002676],cruising,[-0.82138112 -0.19970136 -0.21083176]
501.52166986465454,1001,False,2,6,[-0.56233551  6.6872353   4.00004512],cruising,[-0.48080528  0.59740651 -0.20557775]
501.52166986465454,1002,False,5,0,[2.28330046 8.6769548  4.00000009],landing,[ 0.5677905  -0.59831228 -0.99408226]
501.52166986465454,1003,False,3,4,[-1.77142678 -5.47058055  3.20729188],entering,[ 0.63925976  0.24903542 -0.34837281]
501.52166986465454,1004,False,4,2,[ 4.4236068  -4.11809192  3.96243116],cruising,[-0.62185191  0.08809385  0.93462812]
501.52166986465454,1005,False,1,3,[5.45149132 1.62779109 1.29757513],waiting,[ 0.50568378 -0.03156594 -0.11489306]
501.62321734428406,1000,False,6,5,[ 4.80251314 -4.34323907  4.00002275],cruising,[-0.82138112 -0.19970136 -0.21083176]
501.62321734428406,1001,False,2,6,[-0.39153482  6.58318183  4.00003835],cruising,[-0.48080528  0.59740651 -0.20557775]
501.62321734428406,1002,False,5,0,[2.30667442 8.75962424 3.98621367],landing,[ 0.5677905  -0.59831228 -0.99408226]
501.62321734428406,1003,False,3,4,[-1.8406872  -5.28295594  3.28229188],entering,[ 0.63925976  0.24903542 -0.34837281]
501.62321734428406,1004,False,4,2,[ 4.23971922 -4.03944489  3.96806648],cruising,[-0.62185191  0.08809385  0.93462812]
501.62321734428406,1005,False,1,3,[5.45149132 1.62779109 1.29757513],waiting,[ 0.50568378 -0.03156594 -0.11489306]
501.724219083786,1000,False,6,5,[ 4.62459678 -4.25188389  4.00001933],cruising,[-0.82138112 -0.19970136 -0.21083176]
501.724219083786,1001,False,2,6,[-0.22163004  6.4776718   4.0000326 ],cruising,[-0.48080528  0.59740651 -0.20557775]
501.724219083786,1002,False,5,0,[2.32966401 8.8276531  3.9588072 ],landing,[ 0.5677905  -0.59831228 -0.99408226]
501.724219083786,1003,False,3,4,[-1.91162716 -5.09595989  3.35729188],entering,[ 0.63925976  0.24903542 -0.34837281]
501.724219083786,1004,False,4,2,[ 4.05507127 -3.96260002  3.97285651],cruising,[-0.62185191  0.08809385  0.93462812]
501.724219083786,1005,False,1,3,[5.45149132 1.62779109 1.29757513],waiting,[ 0.50568378 -0.03156594 -0.11489306]
501.8273274898529,1000,False,6,5,[ 4.44511924 -4.16363531  4.00001643],cruising,[-0.82138112 -0.19970136 -0.21083176]
501.8273274898529,1001,False,2,6,[-0.05277037  6.37049713  4.00002771],cruising,[-0.48080528  0.59740651 -0.20557775]
501.8273274898529,1002,False,5,0,[2.3521789  8.88086148 3.91797955],landing,[ 0.5677905  -0.59831228 -0.99408226]
501.8273274898529,1003,False,3,4,[-1.98318388 -4.90919899  3.43229188],entering,[ 0.63925976  0.24903542 -0.34837281]
501.8273274898529,1004,False,4,2,[ 3.87021114 -3.88626696  3.97692803],cruising,[-0.62185191  0.08809385  0.93462812]
501.8273274898529,1005,False,1,3,[5.45149132 1.62779109 1.29757513],waiting,[ 0.50568378 -0.03156594 -0.11489306]
501.92366194725037,1000,False,6,5,[ 4.26379757 -4.07924069  4.00001397],cruising,[-0.82138112 -0.19970136 -0.21083176]
501.92366194725037,1001,False,2,6,[0.11591396 6.26304668 4.00002355],cruising,[-0.48080528  0.59740651 -0.20557775]
501.92366194725037,1002,False,5,0,[2.37409663 8.91901    3.8640049 ],landing,[ 0.5677905  -0.59831228 -0.99408226]
501.92366194725037,1003,False,3,4,[-2.05500152 -4.72253826  3.50729188],entering,[ 0.63925976  0.24903542 -0.34837281]
501.92366194725037,1004,False,4,2,[ 3.6848676  -3.81111532  3.98038883],cruising,[-0.62185191  0.08809385  0.93462812]
501.92366194725037,1005,False,1,3,[5.45149132 1.62779109 1.29757513],waiting,[ 0.50568378 -0.03156594 -0.11489306]
502.0216906070709,1000,False,6,5,[ 4.08162093 -3.99670784  4.00001187],cruising,[-0.82138112 -0.19970136 -0.21083176]
502.0216906070709,1001,False,2,6,[0.28468534 6.15573302 4.00002002],cruising,[-0.48080528  0.59740651 -0.20557775]
502.0216906070709,1002,False,5,0,[2.39530418 8.94188227 3.79714101],landing,[ 0.5677905  -0.59831228 -0.99408226]
502.0216906070709,1003,False,3,4,[-2.12671078 -4.53583587  3.5811981 ],entering,[ 0.63925976  0.24903542 -0.34837281]
502.0216906070709,1004,False,4,2,[ 3.49932962 -3.73644497  3.9833305 ],cruising,[-0.62185191  0.08809385  0.93462812]
502.0216906070709,1005,False,1,3,[5.45149132 1.62779109 1.29757513],waiting,[ 0.50568378 -0.03156594 -0.11489306]
502.1360411643982,1000,False,6,5,[ 3.89833761 -3.91666269  4.00001009],cruising,[-0.82138112 -0.19970136 -0.21083176]
502.1360411643982,1001,False,2,6,[0.45396145 6.04921731 4.00001702],cruising,[-0.48080528  0.59740651 -0.20557775]
502.1360411643982,1002,False,5,0,[2.41570141 8.94929022 3.71762021],landing,[ 0.5677905  -0.59831228 -0.99408226]
502.1360411643982,1003,False,3,4,[-2.19642353 -4.34837886  3.64401839],entering,[ 0.63925976  0.24903542 -0.34837281]
502.1360411643982,1004,False,4,2,[ 3.31343038 -3.66267865  3.98583093],cruising,[-0.62185191  0.08809385  0.93462812]
502.1360411643982,1005,False,1,3,[5.45149132 1.62779109 1.29757513],queued,[ 0.50568378 -0.03156594 -0.11489306]
502.22176718711853,1000,False,6,5,[ 3.71452977 -3.83782945  4.00000858],cruising,[-0.82138112 -0.19970136 -0.21083176]
502.22176718711853,1001,False,2,6,[0.62400404 5.94392952 4.00001446],cruising,[-0.48080528  0.59740651 -0.20557775]
502.22176718711853,1002,False,5,0,[2.43518597 8.94104521 3.6256836 ],landing,[ 0.5677905  -0.59831228 -0.99408226]
502.22176718711853,1003,False,3,4,[-2.26601766 -4.16087777  3.69741563],entering,[ 0.63925976  0.24903542 -0.34837281]
502.22176718711853,1004,False,4,2,[ 3.12724159 -3.58964623  3.98795629],cruising,[-0.62185191  0.08809385  0.93462812]
502.22176718711853,1005,False,1,3,[5.45149132 1.62779109 1.31757513],queued,[ 0.50568378 -0.03156594 -0.11489306]
502.3301465511322,1000,False,6,5,[ 3.53001141 -3.76067393  4.00000729],cruising,[-0.82138112 -0.19970136 -0.21083176]
502.3301465511322,1001,False,2,6,[0.79557747 5.84115522 4.0000123 ],cruising,[-0.48080528  0.59740651 -0.20557775]
502.3301465511322,1002,False,5,0,[2.45424416 8.92616327 3.52865106],landing,[ 0.5677905  -0.59831228 -0.99408226]
502.3301465511322,1003,False,3,4,[-2.32784974 -3.97067579  3.74280328],entering,[ 0.63925976  0.24903542 -0.34837281]
502.3301465511322,1004,False,4,2,[ 2.94071518 -3.51748046  3.98976285],cruising,[-0.62185191  0.08809385  0.93462812]
502.3301465511322,1005,False,1,3,[5.45149132 1.62779109 1.35757513],queued,[ 0.50568378 -0.03156594 -0.11489306]
502.42318391799927,1000,False,6,5,[ 3.34506594 -3.68454791  4.0000062 ],cruising,[-0.82138112 -0.19970136 -0.21083176]
502.42318391799927,1001,False,2,6,[0.96849466 5.74065823 4.00001045],cruising,[-0.48080528  0.59740651 -0.20557775]
502.42318391799927,1002,False,5,0,[2.47330236 8.91128134 3.43161852],landing,[ 0.5677905  -0.59831228 -0.99408226]
502.42318391799927,1003,False,3,4,[-2.38869353 -3.78015536  3.78138279],entering,[ 0.63925976  0.24903542 -0.34837281]
502.42318391799927,1004,False,4,2,[ 2.75372006 -3.44653804  3.99129842],cruising,[-0.62185191  0.08809385  0.93462812]
502.42318391799927,1005,False,1,3,[5.45149132 1.62779109 1.41757513],queued,[ 0.50568378 -0.03156594 -0.11489306]
502.52166962623596,1000,False,6,5,[ 3.15961811 -3.60965396  4.00000527],cruising,[-0.82138112 -0.19970136 -0.21083176]
502.52166962623596,1001,False,2,6,[1.14377238 5.6443373  4.00000888],cruising,[-0.48080528  0.59740651 -0.20557775]
502.52166962623596,1002,False,5,0,[2.49236055 8.8963994  3.33458599],landing,[ 0.5677905  -0.59831228 -0.99408226]
502.52166962623596,1003,False,3,4,[-2.44936128 -3.58957881  3.81417537],cruising,[ 0.63925976  0.24903542 -0.34837281]
502.52166962623596,1004,False,4,2,[ 2.56610893 -3.37724112  3.99260366],cruising,[-0.62185191  0.08809385  0.93462812]
502.52166962623596,1005,False,1,3,[5.45149132 1.62779109 1.49257513],queued,[ 0.50568378 -0.03156594 -0.11489306]
502.6234362125397,1000,False,6,5,[ 2.97367021 -3.53601036  4.00000448],cruising,[-0.82138112 -0.19970136 -0.21083176]
502.6234362125397,1001,False,2,6,[1.3208444  5.55135611 4.00000755],cruising,[-0.48080528  0.59740651 -0.20557775]
502.6234362125397,1002,False,5,0,[2.51141875 8.88151747 3.23755345],landing,[ 0.5677905  -0.59831228 -0.99408226]
502.6234362125397,1003,False,3,4,[-2.50411209 -3.39721886  3.84204907],cruising,[ 0.63925976  0.24903542 -0.34837281]
502.6234362125397,1004,False,4,2,[ 2.37805749 -3.30914813  3.99371311],cruising,[-0.62185191  0.08809385  0.93462812]
502.6234362125397,1005,False,1,3,[5.45149132 1.62779109 1.56757513],queued,[ 0.50568378 -0.03156594 -0.11489306]
502.72595286369324,1000,False,6,5,[ 2.78713193 -3.46387529  4.00000381],cruising,[-0.82138112 -0.19970136 -0.21083176]
502.72595286369324,1001,False,2,6,[1.49992636 5.46230753 4.00000642],cruising,[-0.48080528  0.59740651 -0.20557775]
502.72595286369324,1002,False,5,0,[2.53047694 8.86663553 3.14052091],landing,[ 0.5677905  -0.59831228 -0.99408226]
502.72595286369324,1003,False,3,4,[-2.55382347 -3.2034954   3.86574171],cruising,[ 0.63925976  0.24903542 -0.34837281]
502.72595286369324,1004,False,4,2,[ 2.1891049  -3.24359724  3.99465614],cruising,[-0.62185191  0.08809385  0.93462812]
502.72595286369324,1005,False,1,3,[5.45149132 1.62779109 1.64257513],queued,[ 0.50568378 -0.03156594 -0.11489306]
502.82957196235657,1000,False,6,5,[ 2.60011667 -3.39298598  4.00000324],cruising,[-0.82138112 -0.19970136 -0.21083176]
502.82957196235657,1001,False,2,6,[1.68223474 5.38006609 4.00000546],cruising,[-0.48080528  0.59740651 -0.20557775]
502.82957196235657,1002,False,5,0,[2.54953514 8.8517536  3.04348838],landing,[ 0.5677905  -0.59831228 -0.99408226]
502.82957196235657,1003,False,3,4,[-2.59657074 -3.00811712  3.88588045],cruising,[ 0.63925976  0.24903542 -0.34837281]
502.82957196235657,1004,False,4,2,[ 1.99907584 -3.18123575  3.99545772],cruising,[-0.62185191  0.08809385  0.93462812]
502.82957196235657,1005,False,1,3,[5.45149132 1.62779109 1.71757513],queued,[ 0.50568378 -0.03156594 -0.11489306]
502.9225363731384,1000,False,6,5,[ 2.41231515 -3.32420672  4.00000275],cruising,[-0.82138112 -0.19970136 -0.21083176]
502.9225363731384,1001,False,2,6,[1.86673677 5.30287153 4.00000464],cruising,[-0.48080528  0.59740651 -0.20557775]
502.9225363731384,1002,False,5,0,[2.56859333 8.83687167 2.94645584],landing,[ 0.5677905  -0.59831228 -0.99408226]
502.9225363731384,1003,False,3,4,[-2.63878699 -2.81262342  3.90299838],cruising,[ 0.63925976  0.24903542 -0.34837281]
502.9225363731384,1004,False,4,2,[ 1.80839673 -3.12089107  3.99613906],cruising,[-0.62185191  0.08809385  0.93462812]
502.9225363731384,1005,False,1,3,[5.45149132 1.62779109 1.79257513],queued,[ 0.50568378 -0.03156594 -0.11489306]
503.0219156742096,1000,False,6,5,[ 2.22358058 -3.25803071  4.00000234],cruising,[-0.82138112 -0.19970136 -0.21083176]
503.0219156742096,1001,False,2,6,[2.05354001 5.23142538 4.00000394],cruising,[-0.48080528  0.59740651 -0.20557775]
503.0219156742096,1002,False,5,0,[2.58765153 8.82198973 2.8494233 ],landing,[ 0.5677905  -0.59831228 -0.99408226]
503.0219156742096,1003,False,3,4,[-2.67845386 -2.61659654  3.91754863],cruising,[ 0.63925976  0.24903542 -0.34837281]
503.0219156742096,1004,False,4,2,[ 1.61623182 -3.06545962  3.9967182 ],cruising,[-0.62185191  0.08809385  0.93462812]
503.0219156742096,1005,False,1,3,[5.45149132 1.62779109 1.86757513],queued,[ 0.50568378 -0.03156594 -0.11489306]
503.13082814216614,1000,False,6,5,[ 2.03424899 -3.1935827   4.00000199],cruising,[-0.82138112 -0.19970136 -0.21083176]
503.13082814216614,1001,False,2,6,[2.24268482 5.16643122 4.00000335],cruising,[-0.48080528  0.59740651 -0.20557775]
503.13082814216614,1002,False,5,0,[2.60670972 8.8071078  2.75239077],landing,[ 0.5677905  -0.59831228 -0.99408226]
503.13082814216614,1003,False,3,4,[-2.71967993 -2.42089163  3.92991633],cruising,[ 0.63925976  0.24903542 -0.34837281]
503.13082814216614,1004,False,4,2,[ 1.42239085 -3.01620846  3.99721047],cruising,[-0.62185191  0.08809385  0.93462812]
503.13082814216614,1005,False,1,3,[5.45149132 1.62779109 1.94257513],queued,[ 0.50568378 -0.03156594 -0.11489306]
503.2269425392151,1000,False,6,5,[ 1.84364495 -3.13300134  4.00000169],cruising,[-0.82138112 -0.19970136 -0.21083176]
503.2269425392151,1001,False,2,6,[2.43642572 5.11678785 4.00000285],cruising,[-0.48080528  0.59740651 -0.20557775]
503.2269425392151,1002,False,5,0,[2.62576792 8.79222586 2.65535823],landing,[ 0.5677905  -0.59831228 -0.99408226]
503.2269425392151,1003,False,3,4,[-2.7626804  -2.22556892  3.94042888],cruising,[ 0.63925976  0.24903542 -0.34837281]
503.2269425392151,1004,False,4,2,[ 1.22670903 -2.97487292  3.9976289 ],cruising,[-0.62185191  0.08809385  0.93462812]
503.2269425392151,1005,False,1,3,[5.45149132 1.62779109 2.01757513],queued,[ 0.50568378 -0.03156594 -0.11489306]
503.3295307159424,1000,False,6,5,[ 1.6515829  -3.0772145   4.00000144],cruising,[-0.82138112 -0.19970136 -0.21083176]
503.3295307159424,1001,False,2,6,[2.63216146 5.07570842 4.00000242],cruising,[-0.48080528  0.59740651 -0.20557775]
503.3295307159424,1002,False,5,0,[2.64482611 8.77734393 2.55832569],landing,[ 0.5677905  -0.59831228 -0.99408226]
503.3295307159424,1003,False,3,4,[-2.80693231 -2.03052593  3.94936455],cruising,[ 0.63925976  0.24903542 -0.34837281]
503.3295307159424,1004,False,4,2,[ 1.0283022  -2.94967907  3.99798457],cruising,[-0.62185191  0.08809385  0.93462812]
503.3295307159424,1005,False,1,3,[5.45149132 1.62779109 2.09257513],queued,[ 0.50568378 -0.03156594 -0.11489306]
503.42421555519104,1000,False,6,5,[ 1.45786959 -3.0274636   4.00000122],cruising,[-0.82138112 -0.19970136 -0.21083176]
503.42421555519104,1001,False,2,6,[2.82927431 5.04184807 4.00000206],cruising,[-0.48080528  0.59740651 -0.20557775]
503.42421555519104,1002,False,5,0,[2.66388431 8.76246199 2.46129315],landing,[ 0.5677905  -0.59831228 -0.99408226]
503.42421555519104,1003,False,3,4,[-2.85414818 -1.83617917  3.95695987],cruising,[ 0.63925976  0.24903542 -0.34837281]
503.42421555519104,1004,False,4,2,[ 0.82860097 -2.93875124  3.99828688],cruising,[-0.62185191  0.08809385  0.93462812]
503.42421555519104,1005,False,1,3,[5.45149132 1.62779109 2.16757513],queued,[ 0.50568378 -0.03156594 -0.11489306]
503.52852964401245,1000,False,6,5,[ 1.26233231 -2.98544964  4.00000104],cruising,[-0.82138112 -0.19970136 -0.21083176]
503.52852964401245,1001,False,2,6,[3.02731893 5.01394953 4.00000175],cruising,[-0.48080528  0.59740651 -0.20557775]
503.52852964401245,1002,False,5,0,[2.6829425  8.74758006 2.36426062],landing,[ 0.5677905  -0.59831228 -0.99408226]
503.52852964401245,1003,False,3,4,[-2.90457889 -1.64264173  3.96341589],cruising,[ 0.63925976  0.24903542 -0.34837281]
503.52852964401245,1004,False,4,2,[ 0.62866198 -2.94369117  3.99854385],cruising,[-0.62185191  0.08809385  0.93462812]
503.52852964401245,1005,False,1,3,[5.45149132 1.62779109 2.24257513],queued,[ 0.50568378 -0.03156594 -0.11489306]
503.6261684894562,1000,False,6,5,[ 1.0648922  -2.95355288  4.00000088],cruising,[-0.82138112 -0.19970136 -0.21083176]
503.6261684894562,1001,False,2,6,[3.22598237 4.99086627 4.00000149],cruising,[-0.48080528  0.59740651 -0.20557775]
503.6261684894562,1002,False,5,0,[2.7020007  8.73269812 2.26722808],landing,[ 0.5677905  -0.59831228 -0.99408226]
503.6261684894562,1003,False,3,4,[-2.95854137 -1.45005914  3.9689035 ],cruising,[ 0.63925976  0.24903542 -0.34837281]
503.6261684894562,1004,False,4,2,[ 0.42965102 -2.96355659  3.99876227],cruising,[-0.62185191  0.08809385  0.93462812]
503.6261684894562,1005,False,1,3,[5.45149132 1.62779109 2.31757513],queued,[ 0.50568378 -0.03156594 -0.11489306]
503.7313048839569,1000,False,6,5,[ 0.86529601 -2.94153956  4.00000075],cruising,[-0.82138112 -0.19970136 -0.21083176]
503.7313048839569,1001,False,2,6,[3.42504908 4.9715674  4.00000126],cruising,[-0.48080528  0.59740651 -0.20557775]
503.7313048839569,1002,False,5,0,[2.72105889 8.71781619 2.17019554],landing,[ 0.5677905  -0.59831228 -0.99408226]
503.7313048839569,1003,False,3,4,[-3.01639729 -1.25861021  3.97356798],cruising,[ 0.63925976  0.24903542 -0.34837281]
503.7313048839569,1004,False,4,2,[ 0.23258691 -2.9976995   3.99894793],cruising,[-0.62185191  0.08809385  0.93462812]
503.7313048839569,1005,False,1,3,[5.45149132 1.62779109 2.39257513],queued,[ 0.50568378 -0.03156594 -0.11489306]
503.8339066505432,1000,False,6,5,[ 0.66534342 -2.94589394  4.00000064],cruising,[-0.82138112 -0.19970136 -0.21083176]
503.8339066505432,1001,False,2,6,[3.6243726  4.9551316  4.00000107],cruising,[-0.48080528  0.59740651 -0.20557775]
503.8339066505432,1002,False,5,0,[2.74011709 8.70293425 2.07316301],landing,[ 0.5677905  -0.59831228 -0.99408226]
503.8339066505432,1003,False,3,4,[-3.07767809 -1.0682299   3.97753278],cruising,[ 0.63925976  0.24903542 -0.34837281]
503.8339066505432,1004,False,4,2,[ 0.03831366 -3.04521689  3.99910574],cruising,[-0.62185191  0.08809385  0.93462812]
503.8339066505432,1005,False,1,3,[5.45149132 1.62779109 2.46757513],queued,[ 0.50568378 -0.03156594 -0.11489306]
503.92391753196716,1000,False,6,5,[ 0.46584091 -2.95999178  4.00000054],cruising,[-0.82138112 -0.19970136 -0.21083176]
503.92391753196716,1001,False,2,6,[3.82385377 4.94073502 4.00000091],cruising,[-0.48080528  0.59740651 -0.20557775]
503.92391753196716,1002,False,5,0,[2.75917528 8.68805232 1.97613047],landing,[ 0.5677905  -0.59831228 -0.99408226]
503.92391753196716,1003,False,3,4,[-3.14357201 -0.87939667  3.98090286],cruising,[ 0.63925976  0.24903542 -0.34837281]
503.92391753196716,1004,False,4,2,[-0.15138981 -3.10856192  3.99923988],cruising,[-0.62185191  0.08809385  0.93462812]
503.92391753196716,1005,False,1,3,[5.45149132 1.62779109 2.54257513],queued,[ 0.50568378 -0.03156594 -0.11489306]
504.0215587615967,1000,False,6,5,[ 0.26799131 -2.98924132  4.00000046],cruising,[-0.82138112 -0.19970136 -0.21083176]
504.0215587615967,1001,False,2,6,[4.02342437 4.92763631 4.00000078],cruising,[-0.48080528  0.59740651 -0.20557775]
504.0215587615967,1002,False,5,0,[2.77823347 8.67317038 1.87909793],landing,[ 0.5677905  -0.59831228 -0.99408226]
504.0215587615967,1003,False,3,4,[-3.2145178  -0.69240283  3.98376743],cruising,[ 0.63925976  0.24903542 -0.34837281]
504.0215587615967,1004,False,4,2,[-0.33765865 -3.18138993  3.9993539 ],cruising,[-0.62185191  0.08809385  0.93462812]
504.0215587615967,1005,False,1,3,[5.45149132 1.62779109 2.61757513],entering,[ 0.50568378 -0.03156594 -0.11489306]
504.1320722103119,1000,False,6,5,[ 0.07376299 -3.03694206  4.00000039],cruising,[-0.82138112 -0.19970136 -0.21083176]
504.1320722103119,1001,False,2,6,[4.22300981 4.91476572 4.00000066],cruising,[-0.48080528  0.59740651 -0.20557775]
504.1320722103119,1002,False,5,0,[2.79729167 8.65828845 1.7820654 ],landing,[ 0.5677905  -0.59831228 -0.99408226]
504.1320722103119,1003,False,3,4,[-3.29093301 -0.50757665  3.98620232],cruising,[ 0.63925976  0.24903542 -0.34837281]
504.1320722103119,1004,False,4,2,[-0.51961634 -3.26440439  3.99945081],cruising,[-0.62185191  0.08809385  0.93462812]
504.1320722103119,1005,False,1,3,[5.47118542 1.62430653 2.69257513],entering,[ 0.50568378 -0.03156594 -0.11489306]
504.22301602363586,1000,False,6,5,[-0.11721467 -3.09633509  4.00000033],cruising,[-0.82138112 -0.19970136 -0.21083176]
504.22301602363586,1001,False,2,6,[4.42262106 4.90230184 4.00000056],cruising,[-0.48080528  0.59740651 -0.20557775]
504.22301602363586,1002,False,5,0,[2.81634986 8.64340651 1.68503286],landing,[ 0.5677905  -0.59831228 -0.99408226]
504.22301602363586,1003,False,3,4,[-3.37146609 -0.3245072   3.98827197],cruising,[ 0.63925976  0.24903542 -0.34837281]
504.22301602363586,1004,False,4,2,[-0.69859396 -3.35366251  3.99953319],cruising,[-0.62185191  0.08809385  0.93462812]
504.22301602363586,1005,False,1,3,[5.51056799 1.61730563 2.76757513],entering,[ 0.50568378 -0.03156594 -0.11489306]
504.32810258865356,1000,False,6,5,[-0.30465128 -3.16610269  4.00000028],cruising,[-0.82138112 -0.19970136 -0.21083176]
504.32810258865356,1001,False,2,6,[4.62221406 4.88954898 4.00000048],cruising,[-0.48080528  0.59740651 -0.20557775]
504.32810258865356,1002,False,5,0,[2.83540806 8.62852458 1.58800032],landing,[ 0.5677905  -0.59831228 -0.99408226]
504.32810258865356,1003,False,3,4,[-3.45841551 -0.14439669  3.99003118],cruising,[ 0.63925976  0.24903542 -0.34837281]
504.32810258865356,1004,False,4,2,[-0.87654063 -3.44495863  3.99960321],cruising,[-0.62185191  0.08809385  0.93462812]
504.32810258865356,1005,False,1,3,[5.56962631 1.60671801 2.84257513],entering,[ 0.50568378 -0.03156594 -0.11489306]
504.43719363212585,1000,False,6,5,[-0.48748605 -3.24716714  4.00000024],cruising,[-0.82138112 -0.19970136 -0.21083176]
504.43719363212585,1001,False,2,6,[4.82174488 4.87585764 4.00000041],cruising,[-0.48080528  0.59740651 -0.20557775]
504.43719363212585,1002,False,5,0,[2.85446625 8.61364265 1.49096779],fake_landed,[ 0.5677905  -0.59831228 -0.99408226]
504.43719363212585,1003,False,3,4,[-3.55219263  0.0322551   3.9915265 ],cruising,[ 0.63925976  0.24903542 -0.34837281]
504.43719363212585,1004,False,4,2,[-1.05591946 -3.53340768  3.99966273],cruising,[-0.62185191  0.08809385  0.93462812]
504.43719363212585,1005,False,1,3,[5.64828648 1.59215957 2.91757513],entering,[ 0.50568378 -0.03156594 -0.11489306]
504.5222764015198,1000,False,6,5,[-0.6669075  -3.33552972  4.0000002 ],cruising,[-0.82138112 -0.19970136 -0.21083176]
504.5222764015198,1001,False,2,6,[5.02116233 4.86060389 4.00000034],cruising,[-0.48080528  0.59740651 -0.20557775]
504.5222764015198,1002,False,5,0,[2.86971281 8.6017371  1.41334176],fake_landed,[ 0.5677905  -0.59831228 -0.99408226]
504.5222764015198,1003,False,3,4,[-3.65194248  0.20560436  3.99279752],cruising,[ 0.63925976  0.24903542 -0.34837281]
504.5222764015198,1004,False,4,2,[-1.24075238 -3.60980658  3.99971332],cruising,[-0.62185191  0.08809385  0.93462812]
504.5222764015198,1005,False,1,3,[5.74646744 1.57324923 2.99257513],entering,[ 0.50568378 -0.03156594 -0.11489306]
504.6226472854614,1000,False,6,5,[-0.84475598 -3.42701697  4.00000017],cruising,[-0.82138112 -0.19970136 -0.21083176]
504.6226472854614,1001,False,2,6,[5.22049133 4.84423465 4.00000029],cruising,[-0.48080528  0.59740651 -0.20557775]
504.6226472854614,1002,False,5,0,[2.88114773 8.59280794 1.35512223],fake_landed,[ 0.5677905  -0.59831228 -0.99408226]
504.6226472854614,1003,False,3,4,[-3.7584383   0.37489299  3.9938779 ],cruising,[ 0.63925976  0.24903542 -0.34837281]
504.6226472854614,1004,False,4,2,[-1.43199121 -3.66725913  3.99975815],cruising,[-0.62185191  0.08809385  0.93462812]
504.6226472854614,1005,False,1,3,[5.86402822 1.549397   3.06757513],entering,[ 0.50568378 -0.03156594 -0.11489306]
504.73645091056824,1000,False,6,5,[-1.0238843  -3.51597227  4.00000015],cruising,[-0.82138112 -0.19970136 -0.21083176]
504.73645091056824,1001,False,2,6,[5.41957864 4.82514946 4.00000025],cruising,[-0.48080528  0.59740651 -0.20557775]
504.73645091056824,1002,False,5,0,[2.88877101 8.58685516 1.31630922],fake_landed,[ 0.5677905  -0.59831228 -0.99408226]
504.73645091056824,1003,False,3,4,[-3.86803786  0.54218895  3.99479621],cruising,[ 0.63925976  0.24903542 -0.34837281]
504.73645091056824,1004,False,4,2,[-1.62638772 -3.70496253  3.99979992],cruising,[-0.62185191  0.08809385  0.93462812]
504.73645091056824,1005,False,1,3,[6.00078334 1.51992537 3.14257513],entering,[ 0.50568378 -0.03156594 -0.11489306]
504.82406854629517,1000,False,6,5,[-1.20715002 -3.59605769  4.00000013],cruising,[-0.82138112 -0.19970136 -0.21083176]
504.82406854629517,1001,False,2,6,[5.6183121  4.80267701 4.00000021],exiting,[-0.48080528  0.59740651 -0.20557775]
504.82406854629517,1002,False,5,0,[2.89258264 8.58387878 1.29690271],fake_landed,[ 0.5677905  -0.59831228 -0.99408226]
504.82406854629517,1003,False,3,4,[-3.98008259  0.70785723  3.99557678],cruising,[ 0.63925976  0.24903542 -0.34837281]
504.82406854629517,1004,False,4,2,[-1.82076002 -3.72266594  3.99983919],cruising,[-0.62185191  0.08809385  0.93462812]
504.82406854629517,1005,False,1,3,[6.1560582  1.48290264 3.21757513],entering,[ 0.50568378 -0.03156594 -0.11489306]
504.92985558509827,1000,False,6,5,[-1.39732716 -3.65737527  4.00000011],cruising,[-0.82138112 -0.19970136 -0.21083176]
504.92985558509827,1001,False,2,6,[5.80092823 4.79204651 4.00000017],exiting,[-0.48080528  0.59740651 -0.20557775]
504.92985558509827,1002,False,5,0,[2.89258264 8.58387878 1.29690271],fake_landed,[ 0.5677905  -0.59831228 -0.99408226]
504.92985558509827,1003,False,3,4,[-4.09400751  0.87223822  3.99624026],cruising,[ 0.63925976  0.24903542 -0.34837281]
504.92985558509827,1004,False,4,2,[-2.0121032  -3.72060008  3.99987613],cruising,[-0.62185191  0.08809385  0.93462812]
504.92985558509827,1005,False,1,3,[6.32893388 1.43638196 3.29257513],entering,[ 0.50568378 -0.03156594 -0.11489306]
505.02452874183655,1000,False,6,5,[-1.59126408 -3.69904942  4.00000009],cruising,[-0.82138112 -0.19970136 -0.21083176]
505.02452874183655,1001,False,2,6,[5.96740819 4.79323226 4.00000014],exiting,[-0.48080528  0.59740651 -0.20557775]
505.02452874183655,1002,False,0,1,[2.89258264 8.58387878 1.29690271],waiting,[ 0.5677905  -0.59831228 -0.99408226]
505.02452874183655,1003,False,3,4,[-4.20932812  1.03564311  3.99680422],cruising,[ 0.63925976  0.24903542 -0.34837281]
505.02452874183655,1004,False,4,2,[-2.19778298 -3.69935281  3.99991073],cruising,[-0.62185191  0.08809385  0.93462812]
505.02452874183655,1005,False,1,3,[6.51530823 1.37510372 3.36757513],entering,[ 0.50568378 -0.03156594 -0.11489306]
505.129376411438,1000,False,6,5,[-1.78584669 -3.720734    4.00000007],cruising,[-0.82138112 -0.19970136 -0.21083176]
505.129376411438,1001,False,2,6,[6.11772674 4.80619973 4.0000001 ],exiting,[-0.48080528  0.59740651 -0.20557775]
505.129376411438,1002,False,0,1,[2.89258264 8.58387878 1.29690271],waiting,[ 0.5677905  -0.59831228 -0.99408226]
505.129376411438,1003,False,3,4,[-4.32562694  1.19835323  3.99728359],cruising,[ 0.63925976  0.24903542 -0.34837281]
505.129376411438,1004,False,4,2,[-2.37540068 -3.65980247  3.99994295],cruising,[-0.62185191  0.08809385  0.93462812]
505.129376411438,1005,False,1,3,[6.70227583 1.30408879 3.44257513],entering,[ 0.50568378 -0.03156594 -0.11489306]
505.2264561653137,1000,False,6,5,[-1.97807422 -3.72255772  4.00000006],cruising,[-0.82138112 -0.19970136 -0.21083176]
505.2264561653137,1001,False,2,6,[6.25185013 4.83090248 4.00000007],exiting,[-0.48080528  0.59740651 -0.20557775]
505.2264561653137,1002,False,0,1,[2.89258264 8.58387878 1.29690271],queued,[ 0.5677905  -0.59831228 -0.99408226]
505.2264561653137,1003,False,3,4,[-4.44254069  1.36062207  3.99769105],cruising,[ 0.63925976  0.24903542 -0.34837281]
505.2264561653137,1004,False,4,2,[-2.54277361 -3.60307526  3.99997271],cruising,[-0.62185191  0.08809385  0.93462812]
505.2264561653137,1005,False,1,3,[6.88525259 1.22334536 3.51757513],entering,[ 0.50568378 -0.03156594 -0.11489306]
505.33552956581116,1000,False,6,5,[-2.16504787 -3.70508386  4.00000004],cruising,[-0.82138112 -0.19970136 -0.21083176]
505.33552956581116,1001,False,2,6,[6.36973023 4.8672738  4.00000004],exiting,[-0.48080528  0.59740651 -0.20557775]
505.33552956581116,1002,False,0,1,[2.89258264 8.58387878 1.31690271],queued,[ 0.5677905  -0.59831228 -0.99408226]
505.33552956581116,1003,False,3,4,[-4.55974863  1.52267853  3.99803739],cruising,[ 0.63925976  0.24903542 -0.34837281]
505.33552956581116,1004,False,4,2,[-2.69805822 -3.53041467  3.99999988],cruising,[-0.62185191  0.08809385  0.93462812]
505.33552956581116,1005,False,1,3,[7.0632438  1.13213609 3.58993886],entering,[ 0.50568378 -0.03156594 -0.11489306]
505.4241647720337,1000,False,6,5,[-2.34444034 -3.66910255  4.00000003],cruising,[-0.82138112 -0.19970136 -0.21083176]
505.4241647720337,1001,False,2,6,[6.47130511 4.91522698 4.00000002],exiting,[-0.48080528  0.59740651 -0.20557775]
505.4241647720337,1002,False,0,1,[2.89258264 8.58387878 1.35690271],queued,[ 0.5677905  -0.59831228 -0.99408226]
505.4241647720337,1003,False,3,4,[-4.67693355  1.68475165  3.99833178],cruising,[ 0.63925976  0.24903542 -0.34837281]
505.4241647720337,1004,False,4,2,[-2.83963574 -3.44318989  4.00002434],cruising,[-0.62185191  0.08809385  0.93462812]
505.4241647720337,1005,False,1,3,[7.23501714 1.02969625 3.65144803],entering,[ 0.50568378 -0.03156594 -0.11489306]
505.52276825904846,1000,False,6,5,[-2.51406283 -3.61566995  4.00000001],cruising,[-0.82138112 -0.19970136 -0.21083176]
505.52276825904846,1001,False,2,6,[6.55652562 4.97469255 4.        ],exiting,[-0.48080528  0.59740651 -0.20557775]
505.52276825904846,1002,False,0,1,[2.89258264 8.58387878 1.41690271],queued,[ 0.5677905  -0.59831228 -0.99408226]
505.52276825904846,1003,False,3,4,[-4.79399985  1.84691046  3.99858202],cruising,[ 0.63925976  0.24903542 -0.34837281]
505.52276825904846,1004,False,4,2,[-2.96604974 -3.34292411  4.00004593],cruising,[-0.62185191  0.08809385  0.93462812]
505.52276825904846,1005,False,1,3,[7.40032863 0.91712579 3.70373083],entering,[ 0.50568378 -0.03156594 -0.11489306]
505.62267112731934,1000,False,6,5,[-2.67192204 -3.54606252  4.        ],cruising,[-0.82138112 -0.19970136 -0.21083176]
505.62267112731934,1001,False,2,6,[6.62534001 5.0455966  3.99999998],exiting,[-0.48080528  0.59740651 -0.20557775]
505.62267112731934,1002,False,0,1,[2.89258264 8.58387878 1.49190271],queued,[ 0.5677905  -0.59831228 -0.99408226]
505.62267112731934,1003,False,3,4,[-4.91065728  2.00936367  3.99879471],cruising,[ 0.63925976  0.24903542 -0.34837281]
505.62267112731934,1004,False,4,2,[-3.07606772 -3.23120536  4.00006451],cruising,[-0.62185191  0.08809385  0.93462812]
505.62267112731934,1005,False,1,3,[7.556187   0.79179355 3.7481712 ],entering,[ 0.50568378 -0.03156594 -0.11489306]
505.7338535785675,1000,False,6,5,[-2.81634065 -3.46164461  3.99999999],cruising,[-0.82138112 -0.19970136 -0.21083176]
505.7338535785675,1001,False,2,6,[6.67769463 5.12786183 3.99999998],exiting,[-0.48080528  0.59740651 -0.20557775]
505.7338535785675,1002,False,0,1,[2.89258264 8.58387878 1.56690271],queued,[ 0.5677905  -0.59831228 -0.99408226]
505.7338535785675,1003,False,3,4,[-5.02663157  2.17230527  3.99897551],cruising,[ 0.63925976  0.24903542 -0.34837281]
505.7338535785675,1004,False,4,2,[-3.16860051 -3.10977743  4.00007986],cruising,[-0.62185191  0.08809385  0.93462812]
505.7338535785675,1005,False,1,3,[7.70061556 0.65344474 3.78594552],entering,[ 0.50568378 -0.03156594 -0.11489306]
505.8314275741577,1000,False,6,5,[-2.94586561 -3.36387832  3.99999998],cruising,[-0.82138112 -0.19970136 -0.21083176]
505.8314275741577,1001,False,2,6,[6.71417852 5.2209689  3.99999998],exiting,[-0.48080528  0.59740651 -0.20557775]
505.8314275741577,1002,False,0,1,[2.89258264 8.58387878 1.64190271],queued,[ 0.5677905  -0.59831228 -0.99408226]
505.8314275741577,1003,False,3,4,[-5.14165385  2.33592029  3.99912918],cruising,[ 0.63925976  0.24903542 -0.34837281]
505.8314275741577,1004,False,4,2,[-3.2431088  -2.97968249  4.00009188],cruising,[-0.62185191  0.08809385  0.93462812]
505.8314275741577,1005,False,1,3,[7.83162448 0.50232671 3.81805369],entering,[ 0.50568378 -0.03156594 -0.11489306]
505.92884516716003,1000,False,6,5,[-3.05919548 -3.25437665  3.99999997],cruising,[-0.82138112 -0.19970136 -0.21083176]
505.92884516716003,1001,False,2,6,[6.7506624  5.31407597 3.99999999],exiting,[-0.48080528  0.59740651 -0.20557775]
505.92884516716003,1002,False,0,1,[2.89258264 8.58387878 1.71690271],queued,[ 0.5677905  -0.59831228 -0.99408226]
505.92884516716003,1003,False,3,4,[-5.25605983  2.49996685  3.9992598 ],cruising,[ 0.63925976  0.24903542 -0.34837281]
505.92884516716003,1004,False,4,2,[-3.29933302 -2.84148241  4.00010042],cruising,[-0.62185191  0.08809385  0.93462812]
505.92884516716003,1005,False,1,3,[7.94749641 0.3393123  3.84534564],entering,[ 0.50568378 -0.03156594 -0.11489306]
506.021954536438,1000,False,6,5,[-3.155231   -3.1348298   3.99999997],cruising,[-0.82138112 -0.19970136 -0.21083176]
506.021954536438,1001,False,2,6,[6.78714628 5.40718303 3.99999999],exiting,[-0.48080528  0.59740651 -0.20557775]
506.021954536438,1002,False,0,1,[2.89258264 8.58387878 1.79190271],queued,[ 0.5677905  -0.59831228 -0.99408226]
506.021954536438,1003,False,3,4,[-5.36896669  2.66504877  3.99937083],cruising,[ 0.63925976  0.24903542 -0.34837281]
506.021954536438,1004,False,4,2,[-3.33710984 -2.69555622  4.00010538],cruising,[-0.62185191  0.08809385  0.93462812]
506.021954536438,1005,False,1,3,[8.04711091 0.16588522 3.86854379],cruising,[ 0.50568378 -0.03156594 -0.11489306]
506.12821793556213,1000,False,6,5,[-3.23335174 -3.00639137  3.99999996],cruising,[-0.82138112 -0.19970136 -0.21083176]
506.12821793556213,1001,False,2,6,[6.82363016 5.5002901  3.99999999],exiting,[-0.48080528  0.59740651 -0.20557775]
506.12821793556213,1002,False,0,1,[2.89258264 8.58387878 1.86690271],queued,[ 0.5677905  -0.59831228 -0.99408226]
506.12821793556213,1003,False,3,4,[-5.48006407  2.83135382  3.99946521],cruising,[ 0.63925976  0.24903542 -0.34837281]
506.12821793556213,1004,False,4,2,[-3.35631854 -2.54219864  4.00010668],cruising,[-0.62185191  0.08809385  0.93462812]
506.12821793556213,1005,False,1,3,[ 8.12914078 -0.01646975  3.88841422],cruising,[ 0.50568378 -0.03156594 -0.11489306]
506.2230396270752,1000,False,6,5,[-3.29318445 -2.86985674  3.99999996],cruising,[-0.82138112 -0.19970136 -0.21083176]
506.2230396270752,1001,False,2,6,[6.86011405 5.59339717 3.99999999],exiting,[-0.48080528  0.59740651 -0.20557775]
506.2230396270752,1002,False,0,1,[2.89258264 8.58387878 1.94190271],queued,[ 0.5677905  -0.59831228 -0.99408226]
506.2230396270752,1003,False,3,4,[-5.58900577  2.99907891  3.99954543],cruising,[ 0.63925976  0.24903542 -0.34837281]
506.2230396270752,1004,False,4,2,[-3.3570664  -2.38114711  4.00010423],cruising,[-0.62185191  0.08809385  0.93462812]
506.2230396270752,1005,False,1,3,[ 8.19444868 -0.20550646  3.90515209],cruising,[ 0.50568378 -0.03156594 -0.11489306]
506.32243609428406,1000,False,6,5,[-3.33455551 -2.72563009  3.99999996],cruising,[-0.82138112 -0.19970136 -0.21083176]
506.32243609428406,1001,False,2,6,[6.89659793 5.68650424 3.99999999],exiting,[-0.48080528  0.59740651 -0.20557775]
506.32243609428406,1002,False,0,1,[2.89258264 8.58387878 2.01690271],queued,[ 0.5677905  -0.59831228 -0.99408226]
506.32243609428406,1003,False,3,4,[-5.6953942   3.16843505  3.99961361],cruising,[ 0.63925976  0.24903542 -0.34837281]
506.32243609428406,1004,False,4,2,[-3.33975643 -2.2114982   4.00009793],cruising,[-0.62185191  0.08809385  0.93462812]
506.32243609428406,1005,False,1,3,[ 8.24521071 -0.39895727  3.91937928],cruising,[ 0.50568378 -0.03156594 -0.11489306]
506.42242908477783,1000,False,6,5,[-3.3573921  -2.57388856  3.99999995],cruising,[-0.82138112 -0.19970136 -0.21083176]
506.42242908477783,1001,False,2,6,[6.93308181 5.77961131 3.99999999],exiting,[-0.48080528  0.59740651 -0.20557775]
506.42242908477783,1002,False,0,1,[2.89258264 8.58387878 2.09190271],queued,[ 0.5677905  -0.59831228 -0.99408226]
506.42242908477783,1003,False,3,4,[-5.79876138  3.33965195  3.99967157],cruising,[ 0.63925976  0.24903542 -0.34837281]
506.42242908477783,1004,False,4,2,[-3.30566507 -2.0309688   4.00008769],cruising,[-0.62185191  0.08809385  0.93462812]
506.42242908477783,1005,False,1,3,[ 8.28298773 -0.59535711  3.93147238],cruising,[ 0.50568378 -0.03156594 -0.11489306]
506.5220286846161,1000,False,6,5,[-3.36169762 -2.41462377  3.99999996],cruising,[-0.82138112 -0.19970136 -0.21083176]
506.5220286846161,1001,False,2,6,[6.9695657  5.87271838 4.        ],exiting,[-0.48080528  0.59740651 -0.20557775]
506.5220286846161,1002,False,0,1,[2.89258264 8.58387878 2.16690271],queued,[ 0.5677905  -0.59831228 -0.99408226]
506.5220286846161,1003,False,3,4,[-5.89854468  3.51298196  3.99972084],cruising,[ 0.63925976  0.24903542 -0.34837281]
506.5220286846161,1004,False,4,2,[-3.26534408 -1.83507542  4.00007454],cruising,[-0.62185191  0.08809385  0.93462812]
506.5220286846161,1005,False,1,3,[ 8.30941861 -0.79360294  3.94175153],cruising,[ 0.50568378 -0.03156594 -0.11489306]
506.62873101234436,1000,False,6,5,[-3.34779373 -2.24708751  3.99999996],cruising,[-0.82138112 -0.19970136 -0.21083176]
506.62873101234436,1001,False,2,6,[7.00604958 5.96582545 4.        ],exiting,[-0.48080528  0.59740651 -0.20557775]
506.62873101234436,1002,False,0,1,[2.89258264 8.58387878 2.24190271],queued,[ 0.5677905  -0.59831228 -0.99408226]
506.62873101234436,1003,False,3,4,[-5.99405527  3.68870256  3.99976271],cruising,[ 0.63925976  0.24903542 -0.34837281]
506.62873101234436,1004,False,4,2,[-3.24155405 -1.63649537  4.00006336],cruising,[-0.62185191  0.08809385  0.93462812]
506.62873101234436,1005,False,1,3,[ 8.3239257  -0.99307611  3.9504888 ],cruising,[ 0.50568378 -0.03156594 -0.11489306]
506.72652196884155,1000,False,6,5,[-3.31671125 -2.06930936  3.99999996],cruising,[-0.82138112 -0.19970136 -0.21083176]
506.72652196884155,1001,False,2,6,[7.04253346 6.05893252 4.        ],exiting,[-0.48080528  0.59740651 -0.20557775]
506.72652196884155,1002,False,0,1,[2.89258264 8.58387878 2.31690271],queued,[ 0.5677905  -0.59831228 -0.99408226]
506.72652196884155,1003,False,3,4,[-6.08443616  3.86711582  3.9997983 ],cruising,[ 0.63925976  0.24903542 -0.34837281]
506.72652196884155,1004,False,4,2,[-3.23377065 -1.43664688  4.00005385],cruising,[-0.62185191  0.08809385  0.93462812]
506.72652196884155,1005,False,1,3,[ 8.33027366 -1.19297534  3.95791548],cruising,[ 0.50568378 -0.03156594 -0.11489306]
506.83671283721924,1000,False,6,5,[-3.27383529 -1.87537837  3.99999997],cruising,[-0.82138112 -0.19970136 -0.21083176]
506.83671283721924,1001,False,2,6,[7.07901734 6.15203959 4.        ],exiting,[-0.48080528  0.59740651 -0.20557775]
506.83671283721924,1002,False,0,1,[2.89258264 8.58387878 2.39190271],entering,[ 0.5677905  -0.59831228 -0.99408226]
506.83671283721924,1003,False,3,4,[-6.16860625  4.04854183  3.99982856],cruising,[ 0.63925976  0.24903542 -0.34837281]
506.83671283721924,1004,False,4,2,[-3.24156776 -1.23679893  4.00004577],cruising,[-0.62185191  0.08809385  0.93462812]
506.83671283721924,1005,False,1,3,[ 8.32951915 -1.39297392  3.96422816],cruising,[ 0.50568378 -0.03156594 -0.11489306]
506.92182517051697,1000,False,6,5,[-3.24633825 -1.67727761  3.99999997],cruising,[-0.82138112 -0.19970136 -0.21083176]
506.92182517051697,1001,False,2,6,[7.11550123 6.24514666 4.        ],exiting,[-0.48080528  0.59740651 -0.20557775]
506.92182517051697,1002,False,0,1,[2.88897175 8.56420744 2.46690271],entering,[ 0.5677905  -0.59831228 -0.99408226]
506.92182517051697,1003,False,3,4,[-6.24518524  4.23330021  3.99985427],cruising,[ 0.63925976  0.24903542 -0.34837281]
506.92182517051697,1004,False,4,2,[-3.26390317 -1.03805002  4.00003891],cruising,[-0.62185191  0.08809385  0.93462812]
506.92182517051697,1005,False,1,3,[ 8.32023815 -1.59275846  3.96959393],cruising,[ 0.50568378 -0.03156594 -0.11489306]
507.0222125053406,1000,False,6,5,[-3.23532237 -1.47758122  3.99999998],cruising,[-0.82138112 -0.19970136 -0.21083176]
507.0222125053406,1001,False,2,6,[7.15198511 6.33825373 4.        ],exiting,[-0.48080528  0.59740651 -0.20557775]
507.0222125053406,1002,False,0,1,[2.88177449 8.52486028 2.54190271],entering,[ 0.5677905  -0.59831228 -0.99408226]
507.0222125053406,1003,False,3,4,[-6.31239443  4.42166933  3.99987613],cruising,[ 0.63925976  0.24903542 -0.34837281]
507.0222125053406,1004,False,4,2,[-3.29960501 -0.84126237  4.00003307],cruising,[-0.62185191  0.08809385  0.93462812]
507.0222125053406,1005,False,1,3,[ 8.30565266 -1.79222591  3.97415484],cruising,[ 0.50568378 -0.03156594 -0.11489306]
507.1223759651184,1000,False,6,5,[-3.24022427 -1.2776413   3.99999998],cruising,[-0.82138112 -0.19970136 -0.21083176]
507.1223759651184,1001,False,2,6,[7.18846899 6.43136079 4.        ],exiting,[-0.48080528  0.59740651 -0.20557775]
507.1223759651184,1002,False,0,1,[2.87123713 8.465794   2.61690271],entering,[ 0.5677905  -0.59831228 -0.99408226]
507.1223759651184,1003,False,3,4,[-6.36164326  4.6155109   3.99989471],cruising,[ 0.63925976  0.24903542 -0.34837281]
507.1223759651184,1004,False,4,2,[-3.34606597 -0.64673376  4.00002811],cruising,[-0.62185191  0.08809385  0.93462812]
507.1223759651184,1005,False,1,3,[ 8.28618088 -1.99127577  3.97803162],cruising,[ 0.50568378 -0.03156594 -0.11489306]
507.22240924835205,1000,False,6,5,[-3.25903266 -1.07852765  3.99999998],cruising,[-0.82138112 -0.19970136 -0.21083176]
507.22240924835205,1001,False,2,6,[7.22495287 6.52446786 4.        ],exiting,[-0.48080528  0.59740651 -0.20557775]
507.22240924835205,1002,False,0,1,[2.85753597 8.38697955 2.69190271],entering,[ 0.5677905  -0.59831228 -0.99408226]
507.22240924835205,1003,False,3,4,[-6.39124992  4.81311884  3.99991094],cruising,[ 0.63925976  0.24903542 -0.34837281]
507.22240924835205,1004,False,4,2,[-3.40393258 -0.45528807  4.00002389],cruising,[-0.62185191  0.08809385  0.93462812]
507.22240924835205,1005,False,1,3,[ 8.25950469 -2.18948874  3.98132687],cruising,[ 0.50568378 -0.03156594 -0.11489306]
507.3227231502533,1000,False,6,5,[-3.29147181 -0.88117593  3.99999999],cruising,[-0.82138112 -0.19970136 -0.21083176]
507.3227231502533,1001,False,2,6,[7.26143676 6.61757493 4.        ],exiting,[-0.48080528  0.59740651 -0.20557775]
507.3227231502533,1002,False,0,1,[2.84090933 8.28838022 2.76690271],entering,[ 0.5677905  -0.59831228 -0.99408226]
507.3227231502533,1003,False,3,4,[-6.4009472   5.01262849  3.99992482],cruising,[ 0.63925976  0.24903542 -0.34837281]
507.3227231502533,1004,False,4,2,[-3.47243314 -0.2673847   4.00002031],cruising,[-0.62185191  0.08809385  0.93462812]
507.3227231502533,1005,False,1,3,[ 8.22870264 -2.38710259  3.98412784],cruising,[ 0.50568378 -0.03156594 -0.11489306]
507.4221193790436,1000,False,6,5,[-3.33642041 -0.68629231  3.99999999],cruising,[-0.82138112 -0.19970136 -0.21083176]
507.4221193790436,1001,False,2,6,[7.29792064 6.710682   4.        ],exiting,[-0.48080528  0.59740651 -0.20557775]
507.4221193790436,1002,False,0,1,[2.82228429 8.16988097 2.84190271],entering,[ 0.5677905  -0.59831228 -0.99408226]
507.4221193790436,1003,False,3,4,[-6.39071109  5.21050722  3.99993772],cruising,[ 0.63925976  0.24903542 -0.34837281]
507.4221193790436,1004,False,4,2,[-3.54889812 -0.08257911  4.00001726],cruising,[-0.62185191  0.08809385  0.93462812]
507.4221193790436,1005,False,1,3,[ 8.19377665 -2.58402942  3.98650867],cruising,[ 0.50568378 -0.03156594 -0.11489306]
507.52324986457825,1000,False,6,5,[-3.39122458 -0.49394757  3.99999999],cruising,[-0.82138112 -0.19970136 -0.21083176]
507.52324986457825,1001,False,2,6,[7.33440452 6.80378907 4.        ],exiting,[-0.48080528  0.59740651 -0.20557775]
507.52324986457825,1002,False,0,1,[2.80283975 8.03139852 2.91690271],entering,[ 0.5677905  -0.59831228 -0.99408226]
507.52324986457825,1003,False,3,4,[-6.3608756   5.40440296  3.99994968],cruising,[ 0.63925976  0.24903542 -0.34837281]
507.52324986457825,1004,False,4,2,[-3.6360947   0.09741188  4.00001467],exiting,[-0.62185191  0.08809385  0.93462812]
507.52324986457825,1005,False,1,3,[ 8.15139857 -2.77948811  3.98853237],cruising,[ 0.50568378 -0.03156594 -0.11489306]
507.6246726512909,1000,False,6,5,[-3.45690209 -0.30503895  3.99999999],cruising,[-0.82138112 -0.19970136 -0.21083176]
507.6246726512909,1001,False,2,6,[7.3708884  6.89689614 4.        ],exiting,[-0.48080528  0.59740651 -0.20557775]
507.6246726512909,1002,False,0,1,[2.78435544 7.87293914 2.99190271],entering,[ 0.5677905  -0.59831228 -0.99408226]
507.6246726512909,1003,False,3,4,[-6.3119553   5.59231788  3.9999606 ],cruising,[ 0.63925976  0.24903542 -0.34837281]
507.6246726512909,1004,False,4,2,[-3.72349705  0.25740393  4.00001209],exiting,[-0.62185191  0.08809385  0.93462812]
507.6246726512909,1005,False,1,3,[ 8.10498198 -2.97402731  3.99025251],cruising,[ 0.50568378 -0.03156594 -0.11489306]
507.7245228290558,1000,False,6,5,[-3.53280297 -0.12000096  3.99999999],cruising,[-0.82138112 -0.19970136 -0.21083176]
507.7245228290558,1001,False,2,6,[7.40737229 6.99000321 4.        ],exiting,[-0.48080528  0.59740651 -0.20557775]
507.7245228290558,1002,False,0,1,[2.76842781 7.69464385 3.06690271],entering,[ 0.5677905  -0.59831228 -0.99408226]
507.7245228290558,1003,False,3,4,[-6.24480275  5.77201179  3.99997051],cruising,[ 0.63925976  0.24903542 -0.34837281]
507.7245228290558,1004,False,4,2,[-3.81094139  0.39739602  4.00000953],exiting,[-0.62185191  0.08809385  0.93462812]
507.7245228290558,1005,False,1,3,[ 8.05032357 -3.16641353  3.99171463],cruising,[ 0.50568378 -0.03156594 -0.11489306]
507.82253074645996,1000,False,6,5,[-3.61636376  0.06170648  3.99999999],cruising,[-0.82138112 -0.19970136 -0.21083176]
507.82253074645996,1001,False,2,6,[7.44385617 7.08311028 4.        ],exiting,[-0.48080528  0.59740651 -0.20557775]
507.82253074645996,1002,False,0,1,[2.76263978 7.49910939 3.14190271],entering,[ 0.5677905  -0.59831228 -0.99408226]
507.82253074645996,1003,False,3,4,[-6.16051928  5.94138429  3.9999794 ],cruising,[ 0.63925976  0.24903542 -0.34837281]
507.82253074645996,1004,False,4,2,[-3.89824547  0.51738861  4.00000704],exiting,[-0.62185191  0.08809385  0.93462812]
507.82253074645996,1005,False,1,3,[ 7.98699132 -3.35612127  3.99295744],cruising,[ 0.50568378 -0.03156594 -0.11489306]
507.9331021308899,1000,False,6,5,[-3.71100746  0.23789549  3.99999999],cruising,[-0.82138112 -0.19970136 -0.21083176]
507.9331021308899,1001,False,2,6,[7.48034005 7.17621735 4.        ],exiting,[-0.48080528  0.59740651 -0.20557775]
507.9331021308899,1002,False,0,1,[2.7676546  7.29917227 3.21690271],entering,[ 0.5677905  -0.59831228 -0.99408226]
507.9331021308899,1003,False,3,4,[-6.06031226  6.09865552  3.99998724],cruising,[ 0.63925976  0.24903542 -0.34837281]
507.9331021308899,1004,False,4,2,[-3.98520366  0.61738418  4.00000467],exiting,[-0.62185191  0.08809385  0.93462812]
507.9331021308899,1005,False,1,3,[ 7.91886561 -3.54416086  3.99401382],cruising,[ 0.50568378 -0.03156594 -0.11489306]
508.025022983551,1000,False,6,5,[-3.8115355   0.41079464  4.        ],cruising,[-0.82138112 -0.19970136 -0.21083176]
508.025022983551,1001,False,2,6,[7.51682393 7.26932442 4.        ],exiting,[-0.48080528  0.59740651 -0.20557775]
508.025022983551,1002,False,0,1,[2.78626075 7.10003963 3.29190271],entering,[ 0.5677905  -0.59831228 -0.99408226]
508.025022983551,1003,False,3,4,[-5.9450995   6.24270452  3.99999396],cruising,[ 0.63925976  0.24903542 -0.34837281]
508.025022983551,1004,False,4,2,[-4.07157745  0.6973883   4.00000246],exiting,[-0.62185191  0.08809385  0.93462812]
508.025022983551,1005,False,1,3,[ 7.83965103 -3.72780467  3.99491175],cruising,[ 0.50568378 -0.03156594 -0.11489306]
508.13612389564514,1000,False,6,5,[-3.916678   0.5809271  4.       ],cruising,[-0.82138112 -0.19970136 -0.21083176]
508.13612389564514,1001,False,2,6,[7.55330782 7.36243148 4.        ],exiting,[-0.48080528  0.59740651 -0.20557775]
508.13612389564514,1002,False,0,1,[2.82173214 6.90321031 3.36690271],entering,[ 0.5677905  -0.59831228 -0.99408226]
508.13612389564514,1003,False,3,4,[-5.81578807  6.37256804  3.99999953],cruising,[ 0.63925976  0.24903542 -0.34837281]
508.13612389564514,1004,False,4,2,[-4.15707327  0.75741169  4.00000047],exiting,[-0.62185191  0.08809385  0.93462812]
508.13612389564514,1005,False,1,3,[ 7.74788271 -3.90550829  3.99567499],cruising,[ 0.50568378 -0.03156594 -0.11489306]
508.22312784194946,1000,False,6,5,[-4.02643545  0.74811951  4.        ],cruising,[-0.82138112 -0.19970136 -0.21083176]
508.22312784194946,1001,False,2,6,[7.5897917  7.45553855 4.        ],exiting,[-0.48080528  0.59740651 -0.20557775]
508.22312784194946,1002,False,0,1,[2.8691414  6.70891064 3.44190271],entering,[ 0.5677905  -0.59831228 -0.99408226]
508.22312784194946,1003,False,3,4,[-5.67352236  6.48719389  4.00000396],cruising,[ 0.63925976  0.24903542 -0.34837281]
508.22312784194946,1004,False,4,2,[-4.24127941  0.79747671  3.99999879],exiting,[-0.62185191  0.08809385  0.93462812]
508.22312784194946,1005,False,1,3,[ 7.64151583 -4.07487796  3.99632374],cruising,[ 0.50568378 -0.03156594 -0.11489306]
508.32206201553345,1000,False,6,5,[-4.13846125  0.91380059  4.        ],cruising,[-0.82138112 -0.19970136 -0.21083176]
508.32206201553345,1001,False,2,6,[7.62627558 7.54864562 4.        ],exiting,[-0.48080528  0.59740651 -0.20557775]
508.32206201553345,1002,False,0,1,[2.93272703 6.51928768 3.51690271],entering,[ 0.5677905  -0.59831228 -0.99408226]
508.32206201553345,1003,False,3,4,[-5.51903858  6.58598564  4.00000722],cruising,[ 0.63925976  0.24903542 -0.34837281]
508.32206201553345,1004,False,4,2,[-4.32394228  0.81760137  3.99999747],exiting,[-0.62185191  0.08809385  0.93462812]
508.32206201553345,1005,False,1,3,[ 7.51879436 -4.23273593  3.99687988],cruising,[ 0.50568378 -0.03156594 -0.11489306]
508.4300787448883,1000,False,6,5,[-4.25158874  1.0787314   4.        ],cruising,[-0.82138112 -0.19970136 -0.21083176]
508.4300787448883,1001,False,2,6,[7.66275946 7.64175269 4.        ],exiting,[-0.48080528  0.59740651 -0.20557775]
508.4300787448883,1002,False,0,1,[3.00901842 6.33441036 3.5893673 ],entering,[ 0.5677905  -0.59831228 -0.99408226]
508.4300787448883,1003,False,3,4,[-5.35295405  6.66848559  4.00000925],cruising,[ 0.63925976  0.24903542 -0.34837281]
508.4300787448883,1004,False,4,2,[-4.40480416  0.81780727  3.99999656],exiting,[-0.62185191  0.08809385  0.93462812]
508.4300787448883,1005,False,1,3,[ 7.38169024 -4.3766965   3.99739538],cruising,[ 0.50568378 -0.03156594 -0.11489306]
508.5213325023651,1000,False,6,5,[-4.36623223  1.24261205  4.        ],cruising,[-0.82138112 -0.19970136 -0.21083176]
508.5213325023651,1001,False,2,6,[7.69924335 7.73485976 4.        ],exiting,[-0.48080528  0.59740651 -0.20557775]
508.5213325023651,1002,False,0,1,[3.1007504  6.15671779 3.65134536],entering,[ 0.5677905  -0.59831228 -0.99408226]
508.5213325023651,1003,False,3,4,[-5.17570322  6.73439297  4.00001003],cruising,[ 0.63925976  0.24903542 -0.34837281]
508.5213325023651,1004,False,4,2,[-4.48360315  0.79811985  3.99999609],exiting,[-0.62185191  0.08809385  0.93462812]
508.5213325023651,1005,False,1,3,[ 7.23197974 -4.50513041  3.99787078],cruising,[ 0.50568378 -0.03156594 -0.11489306]
508.6228632926941,1000,False,6,5,[-4.48188928  1.40577898  4.        ],cruising,[-0.82138112 -0.19970136 -0.21083176]
508.6228632926941,1001,False,2,6,[7.73572723 7.82796683 4.        ],exiting,[-0.48080528  0.59740651 -0.20557775]
508.6228632926941,1002,False,0,1,[3.20666639 5.98706579 3.70364355],entering,[ 0.5677905  -0.59831228 -0.99408226]
508.6228632926941,1003,False,3,4,[-4.98737034  6.78365137  4.0000095 ],cruising,[ 0.63925976  0.24903542 -0.34837281]
508.6228632926941,1004,False,4,2,[-4.56007295  0.75856852  3.9999961 ],exiting,[-0.62185191  0.08809385  0.93462812]
508.6228632926941,1005,False,1,3,[ 7.0716807  -4.61659724  3.99830742],cruising,[ 0.50568378 -0.03156594 -0.11489306]
508.7231752872467,1000,False,6,5,[-4.59813298  1.56852849  4.        ],cruising,[-0.82138112 -0.19970136 -0.21083176]
508.7231752872467,1001,False,2,6,[7.77221111 7.9210739  4.        ],exiting,[-0.48080528  0.59740651 -0.20557775]
508.7231752872467,1002,False,0,1,[3.3277919  5.82795221 3.74835148],entering,[ 0.5677905  -0.59831228 -0.99408226]
508.7231752872467,1003,False,3,4,[-4.79132503  6.82322709  4.00000808],cruising,[ 0.63925976  0.24903542 -0.34837281]
508.7231752872467,1004,False,4,2,[-4.63394261  0.69918693  3.99999658],exiting,[-0.62185191  0.08809385  0.93462812]
508.7231752872467,1005,False,1,3,[ 6.90294861 -4.70992897  3.99870627],cruising,[ 0.50568378 -0.03156594 -0.11489306]
508.8320150375366,1000,False,6,5,[-4.71459316  1.73112316  4.        ],cruising,[-0.82138112 -0.19970136 -0.21083176]
508.8320150375366,1001,False,2,6,[7.808695   8.01418097 4.        ],exiting,[-0.48080528  0.59740651 -0.20557775]
508.8320150375366,1002,False,0,1,[3.46310326 5.68067411 3.78609876],entering,[ 0.5677905  -0.59831228 -0.99408226]
508.8320150375366,1003,False,3,4,[-4.59622655  6.86723368  4.00000687],cruising,[ 0.63925976  0.24903542 -0.34837281]
508.8320150375366,1004,False,4,2,[-4.70643106  0.63029988  3.9999972 ],exiting,[-0.62185191  0.08809385  0.93462812]
508.8320150375366,1005,False,1,3,[ 6.72800672 -4.7842492   3.99906772],cruising,[ 0.50568378 -0.03156594 -0.11489306]
508.92507791519165,1000,False,6,5,[-4.83094062  1.89379851  4.        ],cruising,[-0.82138112 -0.19970136 -0.21083176]
508.92507791519165,1001,False,2,6,[7.84517888 8.10728804 4.        ],exiting,[-0.48080528  0.59740651 -0.20557775]
508.92507791519165,1002,False,0,1,[3.61191832 5.54711611 3.81842301],entering,[ 0.5677905  -0.59831228 -0.99408226]
508.92507791519165,1003,False,3,4,[-4.40180338  6.91413393  4.00000584],cruising,[ 0.63925976  0.24903542 -0.34837281]
508.92507791519165,1004,False,4,2,[-4.77891951  0.56141284  3.9999977 ],exiting,[-0.62185191  0.08809385  0.93462812]
508.92507791519165,1005,False,1,3,[ 6.54910374 -4.83896564  3.99939156],cruising,[ 0.50568378 -0.03156594 -0.11489306]
509.02526211738586,1000,False,6,5,[-4.9468736  2.0567695  4.       ],cruising,[-0.82138112 -0.19970136 -0.21083176]
509.02526211738586,1001,False,2,6,[7.88166276 8.20039511 4.        ],exiting,[-0.48080528  0.59740651 -0.20557775]
509.02526211738586,1002,False,0,1,[3.77297295 5.42854149 3.84567862],cruising,[ 0.5677905  -0.59831228 -0.99408226]
509.02526211738586,1003,False,3,4,[-4.20714696  6.96005644  4.00000496],cruising,[ 0.63925976  0.24903542 -0.34837281]
509.02526211738586,1004,False,4,2,[-4.85140796  0.4925258   3.99999812],exiting,[-0.62185191  0.08809385  0.93462812]
509.02526211738586,1005,False,1,3,[ 6.36850639 -4.87375402  3.99967701],cruising,[ 0.50568378 -0.03156594 -0.11489306]
509.1279628276825,1000,False,6,5,[-5.06249104  2.2199645   4.        ],cruising,[-0.82138112 -0.19970136 -0.21083176]
509.1279628276825,1001,False,2,6,[7.91814664 8.29350218 4.        ],exiting,[-0.48080528  0.59740651 -0.20557775]
509.1279628276825,1002,False,0,1,[3.94452072 5.32572437 3.86882683],cruising,[ 0.5677905  -0.59831228 -0.99408226]
509.1279628276825,1003,False,3,4,[-4.01268922  7.00681314  4.00000422],cruising,[ 0.63925976  0.24903542 -0.34837281]
509.1279628276825,1004,False,4,2,[-4.92389641  0.42363875  3.99999846],exiting,[-0.62185191  0.08809385  0.93462812]
509.1279628276825,1005,False,1,3,[ 6.18782938 -4.88854261  3.99992286],cruising,[ 0.50568378 -0.03156594 -0.11489306]
509.2219250202179,1000,False,6,5,[-5.17717622  2.38381598  4.        ],cruising,[-0.82138112 -0.19970136 -0.21083176]
509.2219250202179,1001,False,2,6,[7.95463053 8.38660924 4.        ],exiting,[-0.48080528  0.59740651 -0.20557775]
509.2219250202179,1002,False,0,1,[4.12388923 5.2372544  3.88850281],cruising,[ 0.5677905  -0.59831228 -0.99408226]
509.2219250202179,1003,False,3,4,[-3.81815564  7.05325325  4.00000358],cruising,[ 0.63925976  0.24903542 -0.34837281]
509.2219250202179,1004,False,4,2,[-4.99638486  0.35475171  3.99999875],exiting,[-0.62185191  0.08809385  0.93462812]
509.2219250202179,1005,False,1,3,[ 6.00798328 -4.8833485   4.00012598],cruising,[ 0.50568378 -0.03156594 -0.11489306]
509.32790970802307,1000,False,6,5,[-5.29063202  2.54852112  4.        ],cruising,[-0.82138112 -0.19970136 -0.21083176]
509.32790970802307,1001,False,2,6,[7.99111441 8.47971631 4.        ],exiting,[-0.48080528  0.59740651 -0.20557775]
509.32790970802307,1002,False,0,1,[4.30936532 5.16243045 3.90522738],cruising,[ 0.5677905  -0.59831228 -0.99408226]
509.32790970802307,1003,False,3,4,[-3.62331671  7.09839516  4.00000305],cruising,[ 0.63925976  0.24903542 -0.34837281]
509.32790970802307,1004,False,4,2,[-5.06887331  0.28586466  3.99999898],exiting,[-0.62185191  0.08809385  0.93462812]
509.32790970802307,1005,False,1,3,[ 5.8301559  -4.85825658  4.00028526],cruising,[ 0.50568378 -0.03156594 -0.11489306]
509.42268204689026,1000,False,6,5,[-5.40254915  2.71427562  4.        ],cruising,[-0.82138112 -0.19970136 -0.21083176]
509.42268204689026,1001,False,2,6,[8.02759829 8.57282338 4.        ],exiting,[-0.48080528  0.59740651 -0.20557775]
509.42268204689026,1002,False,0,1,[4.49908014 5.09911943 3.91944328],cruising,[ 0.5677905  -0.59831228 -0.99408226]
509.42268204689026,1003,False,3,4,[-3.42747303  7.13895685  4.00000259],cruising,[ 0.63925976  0.24903542 -0.34837281]
509.42268204689026,1004,False,4,2,[-5.14136175  0.21697762  3.99999917],exiting,[-0.62185191  0.08809385  0.93462812]
509.42268204689026,1005,False,1,3,[ 5.65486453 -4.81332616  4.00039739],cruising,[ 0.50568378 -0.03156594 -0.11489306]
509.5222418308258,1000,False,6,5,[-5.51259327  2.88127949  4.        ],cruising,[-0.82138112 -0.19970136 -0.21083176]
509.5222418308258,1001,False,2,6,[8.06408217 8.66593045 4.        ],exiting,[-0.48080528  0.59740651 -0.20557775]
509.5222418308258,1002,False,0,1,[4.69162348 5.04501708 3.93152679],cruising,[ 0.5677905  -0.59831228 -0.99408226]
509.5222418308258,1003,False,3,4,[-3.23112241  7.17698891  4.0000022 ],cruising,[ 0.63925976  0.24903542 -0.34837281]
509.5222418308258,1004,False,4,2,[-5.2138502   0.14809058  3.99999932],exiting,[-0.62185191  0.08809385  0.93462812]
509.5222418308258,1005,False,1,3,[ 5.48282418 -4.74866179  4.000461  ],cruising,[ 0.50568378 -0.03156594 -0.11489306]
509.6308512687683,1000,False,6,5,[-5.62154685  3.04899686  4.        ],cruising,[-0.82138112 -0.19970136 -0.21083176]
509.6308512687683,1001,False,2,6,[8.10056606 8.75903752 4.        ],exiting,[-0.48080528  0.59740651 -0.20557775]
509.6308512687683,1002,False,0,1,[4.88611954 4.99842007 3.94179777],cruising,[ 0.5677905  -0.59831228 -0.99408226]
509.6308512687683,1003,False,3,4,[-3.03415161  7.21166605  4.00000187],cruising,[ 0.63925976  0.24903542 -0.34837281]
509.6308512687683,1004,False,4,2,[-5.28633865  0.07920353  3.99999945],exiting,[-0.62185191  0.08809385  0.93462812]
509.6308512687683,1005,False,1,3,[ 5.31379759 -4.66422587  4.00047102],cruising,[ 0.50568378 -0.03156594 -0.11489306]
509.72520637512207,1000,False,6,5,[-5.72778993  3.21844423  4.        ],cruising,[-0.82138112 -0.19970136 -0.21083176]
509.72520637512207,1001,False,2,6,[8.13704994 8.85214459 4.        ],exiting,[-0.48080528  0.59740651 -0.20557775]
509.72520637512207,1002,False,0,1,[5.08175783 4.95687903 3.9505281 ],cruising,[ 0.5677905  -0.59831228 -0.99408226]
509.72520637512207,1003,False,3,4,[-2.83608032  7.23937458  4.00000159],cruising,[ 0.63925976  0.24903542 -0.34837281]
509.72520637512207,1004,False,4,2,[-5.3588271   0.01031649  3.99999956],exiting,[-0.62185191  0.08809385  0.93462812]
509.72520637512207,1005,False,1,3,[ 5.14720279 -4.55993842  4.00042313],cruising,[ 0.50568378 -0.03156594 -0.11489306]
509.82907152175903,1000,False,6,5,[-5.83085535  3.38984294  4.        ],cruising,[-0.82138112 -0.19970136 -0.21083176]
509.82907152175903,1001,False,2,6,[8.17353382 8.94525166 4.        ],exiting,[-0.48080528  0.59740651 -0.20557775]
509.82907152175903,1002,False,0,1,[5.27803499 4.91846969 3.95794889],cruising,[ 0.5677905  -0.59831228 -0.99408226]
509.82907152175903,1003,False,3,4,[-2.63741127  7.26240953  4.00000135],cruising,[ 0.63925976  0.24903542 -0.34837281]
509.82907152175903,1004,False,4,2,[-5.43131555 -0.05857055  3.99999964],exiting,[-0.62185191  0.08809385  0.93462812]
509.82907152175903,1005,False,1,3,[ 4.97696812 -4.45496148  4.00035966],cruising,[ 0.50568378 -0.03156594 -0.11489306]
509.9283809661865,1000,False,6,5,[-5.93017574  3.56343862  4.        ],cruising,[-0.82138112 -0.19970136 -0.21083176]
509.9283809661865,1001,False,2,6,[8.2100177  9.03835873 4.        ],exiting,[-0.48080528  0.59740651 -0.20557775]
509.9283809661865,1002,False,0,1,[5.47458367 4.88147488 3.96425655],cruising,[ 0.5677905  -0.59831228 -0.99408226]
509.9283809661865,1003,False,3,4,[-2.43789708  7.276341    4.00000115],cruising,[ 0.63925976  0.24903542 -0.34837281]
509.9283809661865,1004,False,4,2,[-5.503804   -0.1274576   3.99999971],exiting,[-0.62185191  0.08809385  0.93462812]
509.9283809661865,1005,False,1,3,[ 4.80355786 -4.35531771  4.00030571],cruising,[ 0.50568378 -0.03156594 -0.11489306]
510.0224928855896,1000,False,6,5,[-6.02505158  3.73950274  4.        ],cruising,[-0.82138112 -0.19970136 -0.21083176]
510.0224928855896,1001,False,2,6,[8.24650159 9.1314658  4.        ],landing,[-0.48080528  0.59740651 -0.20557775]
510.0224928855896,1002,False,0,1,[5.67143576 4.84613009 3.96961807],cruising,[ 0.5677905  -0.59831228 -0.99408226]
510.0224928855896,1003,False,3,4,[-2.23792656  7.27977494  4.00000098],cruising,[ 0.63925976  0.24903542 -0.34837281]
510.0224928855896,1004,False,4,2,[-5.57629245 -0.19634464  3.99999977],exiting,[-0.62185191  0.08809385  0.93462812]
510.0224928855896,1005,False,1,3,[ 4.62669582 -4.26193774  4.00025985],cruising,[ 0.50568378 -0.03156594 -0.11489306]
510.1333546638489,1000,False,6,5,[-6.1146086   3.91833098  4.        ],cruising,[-0.82138112 -0.19970136 -0.21083176]
510.1333546638489,1001,False,2,6,[8.28097092 9.2105241  3.98590838],landing,[-0.48080528  0.59740651 -0.20557775]
510.1333546638489,1002,False,0,1,[5.86799918 4.80921364 3.97417536],cruising,[ 0.5677905  -0.59831228 -0.99408226]
510.1333546638489,1003,False,3,4,[-2.03841082  7.26586562  4.00000083],cruising,[ 0.63925976  0.24903542 -0.34837281]
510.1333546638489,1004,False,4,2,[-5.6487809  -0.26523169  3.99999981],exiting,[-0.62185191  0.08809385  0.93462812]
510.1333546638489,1005,False,1,3,[ 4.44803368 -4.17204982  4.00022087],cruising,[ 0.50568378 -0.03156594 -0.11489306]
510.2224085330963,1000,False,6,5,[-6.19774082  4.1002349   4.        ],cruising,[-0.82138112 -0.19970136 -0.21083176]
510.2224085330963,1001,False,2,6,[8.31332781 9.2753866  3.95788777],landing,[-0.48080528  0.59740651 -0.20557775]
510.2224085330963,1002,False,0,1,[6.06399697 4.7694033  3.97804906],cruising,[ 0.5677905  -0.59831228 -0.99408226]
510.2224085330963,1003,False,3,4,[-1.84110677  7.23313778  4.00000071],cruising,[ 0.63925976  0.24903542 -0.34837281]
510.2224085330963,1004,False,4,2,[-5.72126935 -0.33411873  3.99999985],exiting,[-0.62185191  0.08809385  0.93462812]
510.2224085330963,1005,False,1,3,[ 4.26733385 -4.08633184  4.00018774],cruising,[ 0.50568378 -0.03156594 -0.11489306]
510.3316721916199,1000,False,6,5,[-6.26882421  4.28717647  4.        ],cruising,[-0.82138112 -0.19970136 -0.21083176]
510.3316721916199,1001,False,2,6,[8.34345601 9.32588078 3.91613456],landing,[-0.48080528  0.59740651 -0.20557775]
510.3316721916199,1002,False,0,1,[6.25909896 4.72541222 3.9813417 ],cruising,[ 0.5677905  -0.59831228 -0.99408226]
510.3316721916199,1003,False,3,4,[-1.64725668  7.18392251  4.0000006 ],cruising,[ 0.63925976  0.24903542 -0.34837281]
510.3316721916199,1004,False,4,2,[-5.79375779 -0.40300577  3.99999988],exiting,[-0.62185191  0.08809385  0.93462812]
510.3316721916199,1005,False,1,3,[ 4.08563611 -4.00274996  4.00015958],cruising,[ 0.50568378 -0.03156594 -0.11489306]
510.42908668518066,1000,False,6,5,[-6.33008597  4.47756291  4.        ],exiting,[-0.82138112 -0.19970136 -0.21083176]
510.42908668518066,1001,False,2,6,[8.37119455 9.36177153 3.86092663],landing,[-0.48080528  0.59740651 -0.20557775]
510.42908668518066,1002,False,0,1,[6.45288605 4.67594947 3.98414044],cruising,[ 0.5677905  -0.59831228 -0.99408226]
510.42908668518066,1003,False,3,4,[-1.45607196  7.12519941  4.00000051],cruising,[ 0.63925976  0.24903542 -0.34837281]
510.42908668518066,1004,False,4,2,[-5.86624624 -0.47189282  3.99999991],exiting,[-0.62185191  0.08809385  0.93462812]
510.42908668518066,1005,False,1,3,[ 3.90271944 -3.92187047  4.00013564],cruising,[ 0.50568378 -0.03156594 -0.11489306]
510.52388095855713,1000,False,6,5,[-6.39097283  4.64795287  4.        ],exiting,[-0.82138112 -0.19970136 -0.21083176]
510.52388095855713,1001,False,2,6,[8.39640925 9.38286623 3.79250102],landing,[-0.48080528  0.59740651 -0.20557775]
510.52388095855713,1002,False,0,1,[6.64480965 4.61968819 3.98651938],cruising,[ 0.5677905  -0.59831228 -0.99408226]
510.52388095855713,1003,False,3,4,[-1.26946638  7.05323861  4.00000043],cruising,[ 0.63925976  0.24903542 -0.34837281]
510.52388095855713,1004,False,4,2,[-5.93873469 -0.54077986  3.99999993],exiting,[-0.62185191  0.08809385  0.93462812]
510.52388095855713,1005,False,1,3,[ 3.71919407 -3.84238185  4.0001153 ],cruising,[ 0.50568378 -0.03156594 -0.11489306]
510.6366021633148,1000,False,6,5,[-6.4517054   4.79834342  4.        ],exiting,[-0.82138112 -0.19970136 -0.21083176]
510.6366021633148,1001,False,2,6,[8.41897349 9.38898599 3.71108595],landing,[-0.48080528  0.59740651 -0.20557775]
510.6366021633148,1002,False,0,1,[6.83414287 4.55524493 3.98854147],cruising,[ 0.5677905  -0.59831228 -0.99408226]
510.6366021633148,1003,False,3,4,[-1.08727499  6.97073831  4.00000037],cruising,[ 0.63925976  0.24903542 -0.34837281]
510.6366021633148,1004,False,4,2,[-6.01122314 -0.6096669   3.99999994],exiting,[-0.62185191  0.08809385  0.93462812]
510.6366021633148,1005,False,1,3,[ 3.5348932  -3.76470825  4.000098  ],cruising,[ 0.50568378 -0.03156594 -0.11489306]
510.7291898727417,1000,False,6,5,[-6.51259423  4.92873458  4.        ],exiting,[-0.82138112 -0.19970136 -0.21083176]
510.7291898727417,1001,False,2,6,[8.43875825 9.37995147 3.61691853],landing,[-0.48080528  0.59740651 -0.20557775]
510.7291898727417,1002,False,0,1,[7.01992179 4.48117611 3.99026025],cruising,[ 0.5677905  -0.59831228 -0.99408226]
510.7291898727417,1003,False,3,4,[-0.90901272  6.88005996  4.00000031],cruising,[ 0.63925976  0.24903542 -0.34837281]
510.7291898727417,1004,False,4,2,[-6.08371159 -0.67855395  3.99999995],exiting,[-0.62185191  0.08809385  0.93462812]
510.7291898727417,1005,False,1,3,[ 3.35011565 -3.68817552  4.0000833 ],cruising,[ 0.50568378 -0.03156594 -0.11489306]
510.8295238018036,1000,False,6,5,[-6.573969    5.03913164  4.        ],exiting,[-0.82138112 -0.19970136 -0.21083176]
510.8295238018036,1001,False,2,6,[8.4578096  9.36705402 3.519601  ],landing,[-0.48080528  0.59740651 -0.20557775]
510.8295238018036,1002,False,0,1,[7.20087825 4.39600122 3.99172121],cruising,[ 0.5677905  -0.59831228 -0.99408226]
510.8295238018036,1003,False,3,4,[-0.73289401  6.7852855   4.00000027],cruising,[ 0.63925976  0.24903542 -0.34837281]
510.8295238018036,1004,False,4,2,[-6.15620004 -0.74744099  3.99999996],exiting,[-0.62185191  0.08809385  0.93462812]
510.8295238018036,1005,False,1,3,[ 3.16479791 -3.61296027  4.00007081],cruising,[ 0.50568378 -0.03156594 -0.11489306]
510.92168831825256,1000,False,6,5,[-6.63614094  5.1295446   4.        ],exiting,[-0.82138112 -0.19970136 -0.21083176]
510.92168831825256,1001,False,2,6,[8.47686095 9.35415657 3.42228347],landing,[-0.48080528  0.59740651 -0.20557775]
510.92168831825256,1002,False,0,1,[7.37537113 4.29826569 3.99296303],cruising,[ 0.5677905  -0.59831228 -0.99408226]
510.92168831825256,1003,False,3,4,[-0.55981303  6.68507084  4.00000023],cruising,[ 0.63925976  0.24903542 -0.34837281]
510.92168831825256,1004,False,4,2,[-6.22868849 -0.81632803  3.99999997],exiting,[-0.62185191  0.08809385  0.93462812]
510.92168831825256,1005,False,1,3,[ 2.9789513  -3.53906143  4.00006019],cruising,[ 0.50568378 -0.03156594 -0.11489306]
511.0218651294708,1000,False,6,5,[-6.69902413  5.20729873  4.        ],exiting,[-0.82138112 -0.19970136 -0.21083176]
511.0218651294708,1001,False,2,6,[8.49591229 9.34125912 3.32496594],landing,[-0.48080528  0.59740651 -0.20557775]
511.0218651294708,1002,False,0,1,[7.53903023 4.18371927 3.99405427],cruising,[ 0.5677905  -0.59831228 -0.99408226]
511.0218651294708,1003,False,3,4,[-0.38894535  6.58112743  4.00000019],cruising,[ 0.63925976  0.24903542 -0.34837281]
511.0218651294708,1004,False,4,2,[-6.30117694 -0.88521508  3.99999998],exiting,[-0.62185191  0.08809385  0.93462812]
511.0218651294708,1005,False,1,3,[ 2.79249274 -3.46672053  4.00005116],cruising,[ 0.50568378 -0.03156594 -0.11489306]
511.1252818107605,1000,False,6,5,[-6.76190732  5.28505285  4.        ],exiting,[-0.82138112 -0.19970136 -0.21083176]
511.1252818107605,1001,False,2,6,[8.51496364 9.32836167 3.2276484 ],landing,[-0.48080528  0.59740651 -0.20557775]
511.1252818107605,1002,False,0,1,[7.69043479 4.05336785 3.99497615],cruising,[ 0.5677905  -0.59831228 -0.99408226]
511.1252818107605,1003,False,3,4,[-0.21899133  6.47569673  4.00000016],cruising,[ 0.63925976  0.24903542 -0.34837281]
511.1252818107605,1004,False,4,2,[-6.37366538 -0.95410212  3.99999998],exiting,[-0.62185191  0.08809385  0.93462812]
511.1252818107605,1005,False,1,3,[ 2.60554053 -3.39566513  4.00004348],cruising,[ 0.50568378 -0.03156594 -0.11489306]
511.22189927101135,1000,False,6,5,[-6.82479052  5.36280698  4.        ],exiting,[-0.82138112 -0.19970136 -0.21083176]
511.22189927101135,1001,False,2,6,[8.53401499 9.31546422 3.13033087],landing,[-0.48080528  0.59740651 -0.20557775]
511.22189927101135,1002,False,0,1,[7.82802622 3.90855344 3.99575859],cruising,[ 0.5677905  -0.59831228 -0.99408226]
511.22189927101135,1003,False,3,4,[-0.05009679  6.368577    4.00000014],cruising,[ 0.63925976  0.24903542 -0.34837281]
511.22189927101135,1004,False,4,2,[-6.44615383 -1.02298917  3.99999999],exiting,[-0.62185191  0.08809385  0.93462812]
511.22189927101135,1005,False,1,3,[ 2.41779055 -3.32674529  4.00003696],cruising,[ 0.50568378 -0.03156594 -0.11489306]
511.330589056015,1000,False,6,5,[-6.88767371  5.4405611   4.        ],exiting,[-0.82138112 -0.19970136 -0.21083176]
511.330589056015,1001,False,2,6,[8.55306634 9.30256677 3.03301334],landing,[-0.48080528  0.59740651 -0.20557775]
511.330589056015,1002,False,0,1,[7.94997594 3.75127587 3.9964627 ],cruising,[ 0.5677905  -0.59831228 -0.99408226]
511.330589056015,1003,False,3,4,[0.1186134  6.26116717 4.00000012],cruising,[ 0.63925976  0.24903542 -0.34837281]
511.330589056015,1004,False,4,2,[-6.51864228 -1.09187621  3.99999999],exiting,[-0.62185191  0.08809385  0.93462812]
511.330589056015,1005,False,1,3,[ 2.22909969 -3.26044475  4.00003142],cruising,[ 0.50568378 -0.03156594 -0.11489306]
511.42189621925354,1000,False,6,5,[-6.9505569   5.51831523  4.        ],exiting,[-0.82138112 -0.19970136 -0.21083176]
511.42189621925354,1001,False,2,6,[8.57211768 9.28966932 2.93569581],landing,[-0.48080528  0.59740651 -0.20557775]
511.42189621925354,1002,False,0,1,[8.05518169 3.58306062 3.99708338],cruising,[ 0.5677905  -0.59831228 -0.99408226]
511.42189621925354,1003,False,3,4,[0.28740451 6.15388455 4.0000001 ],cruising,[ 0.63925976  0.24903542 -0.34837281]
511.42189621925354,1004,False,4,2,[-6.59113073 -1.16076325  3.99999999],exiting,[-0.62185191  0.08809385  0.93462812]
511.42189621925354,1005,False,1,3,[ 2.03980452 -3.19588983  4.0000267 ],cruising,[ 0.50568378 -0.03156594 -0.11489306]
511.5221083164215,1000,False,6,5,[-7.01344009  5.59606935  4.        ],exiting,[-0.82138112 -0.19970136 -0.21083176]
511.5221083164215,1001,False,2,6,[8.59116903 9.27677187 2.83837828],landing,[-0.48080528  0.59740651 -0.20557775]
511.5221083164215,1002,False,0,1,[8.14275242 3.40541149 3.99761678],cruising,[ 0.5677905  -0.59831228 -0.99408226]
511.5221083164215,1003,False,3,4,[0.45669688 6.04739468 4.00000009],cruising,[ 0.63925976  0.24903542 -0.34837281]
511.5221083164215,1004,False,4,2,[-6.66361918 -1.2296503   4.        ],exiting,[-0.62185191  0.08809385  0.93462812]
511.5221083164215,1005,False,1,3,[ 1.84923404 -3.13520298  4.0000227 ],cruising,[ 0.50568378 -0.03156594 -0.11489306]
511.6330647468567,1000,False,6,5,[-7.07632329  5.67382348  4.        ],exiting,[-0.82138112 -0.19970136 -0.21083176]
511.6330647468567,1001,False,2,6,[8.61022038 9.26387442 2.74106075],landing,[-0.48080528  0.59740651 -0.20557775]
511.6330647468567,1002,False,0,1,[8.21200755 3.21972928 3.9980576 ],exiting,[ 0.5677905  -0.59831228 -0.99408226]
511.6330647468567,1003,False,3,4,[0.62675391 5.94213023 4.00000007],cruising,[ 0.63925976  0.24903542 -0.34837281]
511.6330647468567,1004,False,4,2,[-6.73610763 -1.29853734  4.        ],exiting,[-0.62185191  0.08809385  0.93462812]
511.6330647468567,1005,False,1,3,[ 1.65720422 -3.07930534  4.00001929],cruising,[ 0.50568378 -0.03156594 -0.11489306]
511.72362899780273,1000,False,6,5,[-7.13920648  5.75157761  4.        ],exiting,[-0.82138112 -0.19970136 -0.21083176]
511.72362899780273,1001,False,2,6,[8.62927173 9.25097697 2.64374322],landing,[-0.48080528  0.59740651 -0.20557775]
511.72362899780273,1002,False,0,1,[8.26310093 3.04242259 3.9984607 ],exiting,[ 0.5677905  -0.59831228 -0.99408226]
511.72362899780273,1003,False,3,4,[0.79834278 5.83938169 4.00000006],cruising,[ 0.63925976  0.24903542 -0.34837281]
511.72362899780273,1004,False,4,2,[-6.80859608 -1.36742438  4.        ],exiting,[-0.62185191  0.08809385  0.93462812]
511.72362899780273,1005,False,1,3,[ 1.46352255 -3.02943138  4.0000164 ],cruising,[ 0.50568378 -0.03156594 -0.11489306]
511.83000087738037,1000,False,6,5,[-7.20208967  5.82933173  4.        ],exiting,[-0.82138112 -0.19970136 -0.21083176]
511.83000087738037,1001,False,2,6,[8.64832307 9.23807952 2.54642568],landing,[-0.48080528  0.59740651 -0.20557775]
511.83000087738037,1002,False,0,1,[8.29857157 2.87760308 3.99884326],exiting,[ 0.5677905  -0.59831228 -0.99408226]
511.83000087738037,1003,False,3,4,[0.97127579 5.73891194 4.00000005],cruising,[ 0.63925976  0.24903542 -0.34837281]
511.83000087738037,1004,False,4,2,[-6.88108453 -1.43631143  4.        ],exiting,[-0.62185191  0.08809385  0.93462812]
511.83000087738037,1005,False,1,3,[ 1.26801606 -2.98727441  4.00001394],cruising,[ 0.50568378 -0.03156594 -0.11489306]
511.93737530708313,1000,False,6,5,[-7.26497286  5.90708586  4.        ],exiting,[-0.82138112 -0.19970136 -0.21083176]
511.93737530708313,1001,False,2,6,[8.66737442 9.22518207 2.44910815],landing,[-0.48080528  0.59740651 -0.20557775]
511.93737530708313,1002,False,0,1,[8.31957752 2.72659561 3.99920712],exiting,[ 0.5677905  -0.59831228 -0.99408226]
511.93737530708313,1003,False,3,4,[1.14657271 5.64262594 4.00000004],cruising,[ 0.63925976  0.24903542 -0.34837281]
511.93737530708313,1004,False,4,2,[-6.95357297 -1.50519847  4.        ],landing,[-0.62185191  0.08809385  0.93462812]
511.93737530708313,1005,False,1,3,[ 1.07060383 -2.95520553  4.00001185],cruising,[ 0.50568378 -0.03156594 -0.11489306]
512.0281670093536,1000,False,6,5,[-7.32785606  5.98483998  4.        ],exiting,[-0.82138112 -0.19970136 -0.21083176]
512.0281670093536,1001,False,2,6,[8.68642577 9.21228462 2.35179062],landing,[-0.48080528  0.59740651 -0.20557775]
512.0281670093536,1002,False,0,1,[8.32677214 2.5900535  3.99954916],exiting,[ 0.5677905  -0.59831228 -0.99408226]
512.0281670093536,1003,False,3,4,[1.32366502 5.54968343 4.00000004],cruising,[ 0.63925976  0.24903542 -0.34837281]
512.0281670093536,1004,False,4,2,[-7.01806993 -1.56211391  3.98611416],landing,[-0.62185191  0.08809385  0.93462812]
512.0281670093536,1005,False,1,3,[ 0.8710141  -2.94301776  4.00001006],cruising,[ 0.50568378 -0.03156594 -0.11489306]
512.1228568553925,1000,False,6,5,[-7.39073925  6.06259411  4.        ],exiting,[-0.82138112 -0.19970136 -0.21083176]
512.1228568553925,1001,False,2,6,[8.70547712 9.19938717 2.25447309],landing,[-0.48080528  0.59740651 -0.20557775]
512.1228568553925,1002,False,0,1,[8.32062989 2.46841531 3.9998637 ],exiting,[ 0.5677905  -0.59831228 -0.99408226]
512.1228568553925,1003,False,3,4,[1.50276855 5.46067822 4.00000003],cruising,[ 0.63925976  0.24903542 -0.34837281]
512.1228568553925,1004,False,4,2,[-7.07442631 -1.60696812  3.9585076 ],landing,[-0.62185191  0.08809385  0.93462812]
512.1228568553925,1005,False,1,3,[ 0.67101568 -2.94222249  4.00000855],cruising,[ 0.50568378 -0.03156594 -0.11489306]
512.2264597415924,1000,False,6,5,[-7.45362244  6.14034824  4.        ],exiting,[-0.82138112 -0.19970136 -0.21083176]
512.2264597415924,1001,False,2,6,[8.72452846 9.18648972 2.15715556],landing,[-0.48080528  0.59740651 -0.20557775]
512.2264597415924,1002,False,0,1,[8.30158447 2.36205806 4.00014281],exiting,[ 0.5677905  -0.59831228 -0.99408226]
512.2264597415924,1003,False,3,4,[1.6851026  5.37849371 4.00000003],cruising,[ 0.63925976  0.24903542 -0.34837281]
512.2264597415924,1004,False,4,2,[-7.12246706 -1.63965721  3.91737847],landing,[-0.62185191  0.08809385  0.93462812]
512.2264597415924,1005,False,1,3,[ 0.47156462 -2.95703045  4.00000727],cruising,[ 0.50568378 -0.03156594 -0.11489306]
512.3227033615112,1000,False,6,5,[-7.51650563  6.21810236  4.        ],exiting,[-0.82138112 -0.19970136 -0.21083176]
512.3227033615112,1001,False,2,6,[8.74357981 9.17359227 2.05983803],landing,[-0.48080528  0.59740651 -0.20557775]
512.3227033615112,1002,False,0,1,[8.27013524 2.27138977 4.00037506],exiting,[ 0.5677905  -0.59831228 -0.99408226]
512.3227033615112,1003,False,3,4,[1.86963073 5.30136154 4.00000002],cruising,[ 0.63925976  0.24903542 -0.34837281]
512.3227033615112,1004,False,4,2,[-7.16195553 -1.66004306  3.86300212],landing,[-0.62185191  0.08809385  0.93462812]
512.3227033615112,1005,False,1,3,[ 0.27378481 -2.98674822  4.00000618],cruising,[ 0.50568378 -0.03156594 -0.11489306]
512.4252142906189,1000,False,6,5,[-7.57938883  6.29585649  4.        ],exiting,[-0.82138112 -0.19970136 -0.21083176]
512.4252142906189,1001,False,2,6,[8.76263116 9.16069482 1.9625205 ],landing,[-0.48080528  0.59740651 -0.20557775]
512.4252142906189,1002,False,0,1,[8.2265442  2.19661405 4.00055389],exiting,[ 0.5677905  -0.59831228 -0.99408226]
512.4252142906189,1003,False,3,4,[2.05646018 5.22998399 4.00000002],cruising,[ 0.63925976  0.24903542 -0.34837281]
512.4252142906189,1004,False,4,2,[-7.19268201 -1.66800567  3.79562998],landing,[-0.62185191  0.08809385  0.93462812]
512.4252142906189,1005,False,1,3,[ 0.0796183  -3.03469991  4.00000525],cruising,[ 0.50568378 -0.03156594 -0.11489306]
512.5218276977539,1000,False,6,5,[-7.64227202  6.37361061  4.        ],exiting,[-0.82138112 -0.19970136 -0.21083176]
512.5218276977539,1001,False,2,6,[8.78168251 9.14779737 1.86520296],landing,[-0.48080528  0.59740651 -0.20557775]
512.5218276977539,1002,False,0,1,[8.17108224 2.13793421 4.00067345],exiting,[ 0.5677905  -0.59831228 -0.99408226]
512.5218276977539,1003,False,3,4,[2.24563088 5.16506523 4.00000002],cruising,[ 0.63925976  0.24903542 -0.34837281]
512.5218276977539,1004,False,4,2,[-7.21445893 -1.6634396   3.71549314],landing,[-0.62185191  0.08809385  0.93462812]
512.5218276977539,1005,False,1,3,[-0.11132251 -3.09421135  4.00000446],exiting,[ 0.50568378 -0.03156594 -0.11489306]
512.626651763916,1000,False,6,5,[-7.70515521  6.45136474  4.        ],exiting,[-0.82138112 -0.19970136 -0.21083176]
512.626651763916,1001,False,2,6,[8.80073386 9.13489991 1.76788543],landing,[-0.48080528  0.59740651 -0.20557775]
512.626651763916,1002,False,0,1,[8.10402952 2.09555316 4.00072917],exiting,[ 0.5677905  -0.59831228 -0.99408226]
512.626651763916,1003,False,3,4,[2.43939981 5.11553138 4.00000001],cruising,[ 0.63925976  0.24903542 -0.34837281]
512.626651763916,1004,False,4,2,[-7.22709648 -1.64624015  3.62283154],landing,[-0.62185191  0.08809385  0.93462812]
512.626651763916,1005,False,1,3,[-0.28271086 -3.15793013  4.00000368],exiting,[ 0.50568378 -0.03156594 -0.11489306]
512.7270216941833,1000,False,6,5,[-7.7680384   6.52911886  4.        ],exiting,[-0.82138112 -0.19970136 -0.21083176]
512.7270216941833,1001,False,2,6,[8.8197852  9.12200246 1.6705679 ],landing,[-0.48080528  0.59740651 -0.20557775]
512.7270216941833,1002,False,0,1,[8.02567612 2.06967331 4.00071869],exiting,[ 0.5677905  -0.59831228 -0.99408226]
512.7270216941833,1003,False,3,4,[2.63515987 5.07456798 4.00000001],cruising,[ 0.63925976  0.24903542 -0.34837281]
512.7270216941833,1004,False,4,2,[-7.2363248  -1.62438733  3.52568581],landing,[-0.62185191  0.08809385  0.93462812]
512.7270216941833,1005,False,1,3,[-0.43453389 -3.22579598  4.00000291],exiting,[ 0.50568378 -0.03156594 -0.11489306]
512.8251054286957,1000,False,6,5,[-7.8309216   6.60687299  4.        ],exiting,[-0.82138112 -0.19970136 -0.21083176]
512.8251054286957,1001,False,2,6,[8.83883655 9.10910501 1.57325037],landing,[-0.48080528  0.59740651 -0.20557775]
512.8251054286957,1002,False,0,1,[7.93632285 2.06049674 4.00064419],exiting,[ 0.5677905  -0.59831228 -0.99408226]
512.8251054286957,1003,False,3,4,[2.83229267 5.04082397 4.00000001],cruising,[ 0.63925976  0.24903542 -0.34837281]
512.8251054286957,1004,False,4,2,[-7.24555312 -1.60253451  3.42854008],landing,[-0.62185191  0.08809385  0.93462812]
512.8251054286957,1005,False,1,3,[-0.56677599 -3.29773456  4.00000216],exiting,[ 0.50568378 -0.03156594 -0.11489306]
512.9292323589325,1000,False,6,5,[-7.89380479  6.68462712  4.        ],exiting,[-0.82138112 -0.19970136 -0.21083176]
512.9292323589325,1001,False,2,6,[8.8578879  9.09620756 1.47593284],fake_landed,[-0.48080528  0.59740651 -0.20557775]
512.9292323589325,1002,False,0,1,[7.83658588 2.06774485 4.00052215],exiting,[ 0.5677905  -0.59831228 -0.99408226]
512.9292323589325,1003,False,3,4,[3.03035308 5.01303777 4.00000001],cruising,[ 0.63925976  0.24903542 -0.34837281]
512.9292323589325,1004,False,4,2,[-7.25478145 -1.58068169  3.33139435],landing,[-0.62185191  0.08809385  0.93462812]
512.9292323589325,1005,False,1,3,[-0.67941804 -3.37365286  4.00000146],exiting,[ 0.50568378 -0.03156594 -0.11489306]
513.0260107517242,1000,False,6,5,[-7.95668798  6.76238124  4.        ],exiting,[-0.82138112 -0.19970136 -0.21083176]
513.0260107517242,1001,False,2,6,[8.87312898 9.0858896  1.39807881],fake_landed,[-0.48080528  0.59740651 -0.20557775]
513.0260107517242,1002,False,0,1,[7.7368489  2.07499296 4.00042239],exiting,[ 0.5677905  -0.59831228 -0.99408226]
513.0260107517242,1003,False,3,4,[3.22902875 4.99005995 4.00000001],cruising,[ 0.63925976  0.24903542 -0.34837281]
513.0260107517242,1004,False,4,2,[-7.26400977 -1.55882887  3.23424863],landing,[-0.62185191  0.08809385  0.93462812]
513.0260107517242,1005,False,1,3,[-0.77243552 -3.45342811  4.00000083],exiting,[ 0.50568378 -0.03156594 -0.11489306]
513.133570432663,1000,False,6,5,[-8.01957117  6.84013537  4.        ],exiting,[-0.82138112 -0.19970136 -0.21083176]
513.133570432663,1001,False,2,6,[8.88455979 9.07815113 1.33968829],fake_landed,[-0.48080528  0.59740651 -0.20557775]
513.133570432663,1002,False,0,1,[7.63711192 2.08224108 4.00034095],exiting,[ 0.5677905  -0.59831228 -0.99408226]
513.133570432663,1003,False,3,4,[3.42810481 4.97085781 4.00000001],cruising,[ 0.63925976  0.24903542 -0.34837281]
513.133570432663,1004,False,4,2,[-7.27323809 -1.53697605  3.1371029 ],landing,[-0.62185191  0.08809385  0.93462812]
513.133570432663,1005,False,1,3,[-0.84579409 -3.53688131  4.00000029],exiting,[ 0.50568378 -0.03156594 -0.11489306]
513.2361490726471,1000,False,6,5,[-8.08245437  6.91788949  4.        ],exiting,[-0.82138112 -0.19970136 -0.21083176]
513.2361490726471,1001,False,2,6,[8.89218032 9.07299215 1.30076128],fake_landed,[-0.48080528  0.59740651 -0.20557775]
513.2361490726471,1002,False,0,1,[7.53737495 2.08948919 4.00027455],exiting,[ 0.5677905  -0.59831228 -0.99408226]
513.2361490726471,1003,False,3,4,[3.62743547 4.95450892 4.00000001],cruising,[ 0.63925976  0.24903542 -0.34837281]
513.2361490726471,1004,False,4,2,[-7.28246641 -1.51512323  3.03995717],landing,[-0.62185191  0.08809385  0.93462812]
513.2361490726471,1005,False,1,3,[-0.89947038 -3.6238853   3.99999985],exiting,[ 0.50568378 -0.03156594 -0.11489306]
513.3290338516235,1000,False,6,5,[-8.14533756  6.99564362  4.        ],exiting,[-0.82138112 -0.19970136 -0.21083176]
513.3290338516235,1001,False,2,6,[8.89599059 9.07041266 1.28129778],fake_landed,[-0.48080528  0.59740651 -0.20557775]
513.3290338516235,1002,False,0,1,[7.43763797 2.0967373  4.00022051],exiting,[ 0.5677905  -0.59831228 -0.99408226]
513.3290338516235,1003,False,3,4,[3.82692216 4.94018887 4.        ],cruising,[ 0.63925976  0.24903542 -0.34837281]
513.3290338516235,1004,False,4,2,[-7.29169473 -1.49327041  2.94281144],landing,[-0.62185191  0.08809385  0.93462812]
513.3290338516235,1005,False,1,3,[-0.93344082 -3.71430679  3.99999955],exiting,[ 0.50568378 -0.03156594 -0.11489306]
513.425140619278,1000,False,6,5,[-8.20822075  7.07339775  4.        ],exiting,[-0.82138112 -0.19970136 -0.21083176]
513.425140619278,1001,False,2,6,[8.89599059 9.07041266 1.28129778],fake_landed,[-0.48080528  0.59740651 -0.20557775]
513.425140619278,1002,False,0,1,[7.33790099 2.10398542 4.0001766 ],exiting,[ 0.5677905  -0.59831228 -0.99408226]
513.425140619278,1003,False,3,4,[4.02649707 4.92715607 4.        ],cruising,[ 0.63925976  0.24903542 -0.34837281]
513.425140619278,1004,False,4,2,[-7.30092305 -1.47141759  2.84566572],landing,[-0.62185191  0.08809385  0.93462812]
513.425140619278,1005,False,1,3,[-0.94768194 -3.80800756  3.9999994 ],exiting,[ 0.50568378 -0.03156594 -0.11489306]
513.5352237224579,1000,False,6,5,[-8.27110395  7.15115187  4.        ],exiting,[-0.82138112 -0.19970136 -0.21083176]
513.5352237224579,1001,False,6,0,[8.89599059 9.07041266 1.28129778],waiting,[-0.48080528  0.59740651 -0.20557775]
513.5352237224579,1002,False,0,1,[7.23816401 2.11123353 4.00014099],exiting,[ 0.5677905  -0.59831228 -0.99408226]
513.5352237224579,1003,False,3,4,[4.22608598 4.91433941 4.        ],cruising,[ 0.63925976  0.24903542 -0.34837281]
513.5352237224579,1004,False,4,2,[-7.31015137 -1.44956477  2.74851999],landing,[-0.62185191  0.08809385  0.93462812]
513.5352237224579,1005,False,1,3,[-0.94217065 -3.90484563  3.99999942],exiting,[ 0.50568378 -0.03156594 -0.11489306]
513.6314830780029,1000,False,6,5,[-8.33398714  7.228906    4.        ],exiting,[-0.82138112 -0.19970136 -0.21083176]
513.6314830780029,1001,False,6,0,[8.89599059 9.07041266 1.28129778],waiting,[-0.48080528  0.59740651 -0.20557775]
513.6314830780029,1002,False,0,1,[7.13842703 2.11848164 4.00011216],exiting,[ 0.5677905  -0.59831228 -0.99408226]
513.6314830780029,1003,False,3,4,[4.42570002 4.90192023 4.        ],cruising,[ 0.63925976  0.24903542 -0.34837281]
513.6314830780029,1004,False,4,2,[-7.31937969 -1.42771195  2.65137426],landing,[-0.62185191  0.08809385  0.93462812]
513.6314830780029,1005,False,1,3,[-0.92527108 -4.00340731  3.99999952],exiting,[ 0.50568378 -0.03156594 -0.11489306]
513.736590385437,1000,False,6,5,[-8.39687033  7.30666012  4.        ],landing,[-0.82138112 -0.19970136 -0.21083176]
513.736590385437,1001,False,6,0,[8.89599059 9.07041266 1.28129778],waiting,[-0.48080528  0.59740651 -0.20557775]
513.736590385437,1002,False,0,1,[7.03869006 2.12572976 4.00008887],exiting,[ 0.5677905  -0.59831228 -0.99408226]
513.736590385437,1003,False,3,4,[4.62529526 4.8892026  4.        ],cruising,[ 0.63925976  0.24903542 -0.34837281]
513.736590385437,1004,False,4,2,[-7.32860801 -1.40585913  2.55422853],landing,[-0.62185191  0.08809385  0.93462812]
513.736590385437,1005,False,1,3,[-0.9083715  -4.10196899  3.9999996 ],exiting,[ 0.50568378 -0.03156594 -0.11489306]
513.832019329071,1000,False,6,5,[-8.44869427  7.37597463  3.98563109],landing,[-0.82138112 -0.19970136 -0.21083176]
513.832019329071,1001,False,6,0,[8.89599059 9.07041266 1.28129778],waiting,[-0.48080528  0.59740651 -0.20557775]
513.832019329071,1002,False,0,1,[6.93895308 2.13297787 4.00007011],exiting,[ 0.5677905  -0.59831228 -0.99408226]
513.832019329071,1003,False,3,4,[4.82482784 4.87553693 4.        ],cruising,[ 0.63925976  0.24903542 -0.34837281]
513.832019329071,1004,False,4,2,[-7.33783633 -1.38400631  2.45708281],landing,[-0.62185191  0.08809385  0.93462812]
513.832019329071,1005,False,1,3,[-0.89147193 -4.20053067  3.99999967],exiting,[ 0.50568378 -0.03156594 -0.11489306]
513.9323871135712,1000,False,6,5,[-8.48937668  7.43668983  3.95705237],landing,[-0.82138112 -0.19970136 -0.21083176]
513.9323871135712,1001,False,6,0,[8.89599059 9.07041266 1.28129778],waiting,[-0.48080528  0.59740651 -0.20557775]
513.9323871135712,1002,False,0,1,[6.8392161  2.14022598 4.00005503],exiting,[ 0.5677905  -0.59831228 -0.99408226]
513.9323871135712,1003,False,3,4,[5.02424652 4.86029915 4.        ],cruising,[ 0.63925976  0.24903542 -0.34837281]
513.9323871135712,1004,False,4,2,[-7.34706465 -1.36215349  2.35993708],landing,[-0.62185191  0.08809385  0.93462812]
513.9323871135712,1005,False,1,3,[-0.87457235 -4.29909234  3.99999973],exiting,[ 0.50568378 -0.03156594 -0.11489306]
514.0219035148621,1000,False,6,5,[-8.51882081  7.48861543  3.91445782],landing,[-0.82138112 -0.19970136 -0.21083176]
514.0219035148621,1001,False,6,0,[8.89599059 9.07041266 1.28129778],waiting,[-0.48080528  0.59740651 -0.20557775]
514.0219035148621,1002,False,0,1,[6.73947912 2.1474741  4.00004294],exiting,[ 0.5677905  -0.59831228 -0.99408226]
514.0219035148621,1003,False,3,4,[5.22357631 4.84393957 4.        ],cruising,[ 0.63925976  0.24903542 -0.34837281]
514.0219035148621,1004,False,4,2,[-7.35629297 -1.34030067  2.26279135],landing,[-0.62185191  0.08809385  0.93462812]
514.0219035148621,1005,False,1,3,[-0.85767278 -4.39765402  3.99999978],exiting,[ 0.50568378 -0.03156594 -0.11489306]
514.1219117641449,1000,False,6,5,[-8.53689281  7.53148336  3.85812888],landing,[-0.82138112 -0.19970136 -0.21083176]
514.1219117641449,1001,False,6,0,[8.89599059 9.07041266 1.28129778],waiting,[-0.48080528  0.59740651 -0.20557775]
514.1219117641449,1002,False,0,1,[6.63974214 2.15472221 4.00003328],exiting,[ 0.5677905  -0.59831228 -0.99408226]
514.1219117641449,1003,False,3,4,[5.42266362 4.8248544  4.        ],cruising,[ 0.63925976  0.24903542 -0.34837281]
514.1219117641449,1004,False,4,2,[-7.36552129 -1.31844785  2.16564562],landing,[-0.62185191  0.08809385  0.93462812]
514.1219117641449,1005,False,1,3,[-0.8407732  -4.4962157   3.99999982],exiting,[ 0.50568378 -0.03156594 -0.11489306]
514.235758304596,1000,False,6,5,[-8.5434948   7.5650938   3.78828188],landing,[-0.82138112 -0.19970136 -0.21083176]
514.235758304596,1001,False,6,0,[8.89599059 9.07041266 1.28129778],waiting,[-0.48080528  0.59740651 -0.20557775]
514.235758304596,1002,False,0,1,[6.54000517 2.16197033 4.0000256 ],exiting,[ 0.5677905  -0.59831228 -0.99408226]
514.235758304596,1003,False,3,4,[5.62139596 4.80237206 4.        ],cruising,[ 0.63925976  0.24903542 -0.34837281]
514.235758304596,1004,False,4,2,[-7.37474961 -1.29659503  2.0684999 ],landing,[-0.62185191  0.08809385  0.93462812]
514.235758304596,1005,False,1,3,[-0.82387363 -4.59477738  3.99999985],exiting,[ 0.50568378 -0.03156594 -0.11489306]
514.3222889900208,1000,False,6,5,[-8.5385298   7.5892452   3.70514086],landing,[-0.82138112 -0.19970136 -0.21083176]
514.3222889900208,1001,False,6,0,[8.89599059 9.07041266 1.28129778],waiting,[-0.48080528  0.59740651 -0.20557775]
514.3222889900208,1002,False,0,1,[6.44026819 2.16921844 4.0000195 ],exiting,[ 0.5677905  -0.59831228 -0.99408226]
514.3222889900208,1003,False,3,4,[5.81962056 4.77578247 4.        ],cruising,[ 0.63925976  0.24903542 -0.34837281]
514.3222889900208,1004,False,4,2,[-7.38397793 -1.27474221  1.97135417],landing,[-0.62185191  0.08809385  0.93462812]
514.3222889900208,1005,False,1,3,[-0.80697406 -4.69333906  3.99999988],exiting,[ 0.50568378 -0.03156594 -0.11489306]
514.4327778816223,1000,False,6,5,[-8.52190145  7.60373357  3.60893874],landing,[-0.82138112 -0.19970136 -0.21083176]
514.4327778816223,1001,False,6,0,[8.89599059 9.07041266 1.28129778],waiting,[-0.48080528  0.59740651 -0.20557775]
514.4327778816223,1002,False,0,1,[6.34053121 2.17646655 4.00001469],exiting,[ 0.5677905  -0.59831228 -0.99408226]
514.4327778816223,1003,False,3,4,[6.01712995 4.74431752 4.        ],cruising,[ 0.63925976  0.24903542 -0.34837281]
514.4327778816223,1004,False,4,2,[-7.39320626 -1.25288939  1.87420844],landing,[-0.62185191  0.08809385  0.93462812]
514.4327778816223,1005,False,1,3,[-0.79007448 -4.79190073  3.9999999 ],exiting,[ 0.50568378 -0.03156594 -0.11489306]
514.5214126110077,1000,False,6,5,[-8.5041078   7.61724383  3.51146639],landing,[-0.82138112 -0.19970136 -0.21083176]
514.5214126110077,1001,False,6,0,[8.89599059 9.07041266 1.28129778],waiting,[-0.48080528  0.59740651 -0.20557775]
514.5214126110077,1002,False,0,1,[6.24079423 2.18371467 4.00001092],exiting,[ 0.5677905  -0.59831228 -0.99408226]
514.5214126110077,1003,False,3,4,[6.21364268 4.70713221 4.        ],cruising,[ 0.63925976  0.24903542 -0.34837281]
514.5214126110077,1004,False,4,2,[-7.40243458 -1.23103657  1.77706271],landing,[-0.62185191  0.08809385  0.93462812]
514.5214126110077,1005,False,1,3,[-0.77317491 -4.89046241  3.99999992],exiting,[ 0.50568378 -0.03156594 -0.11489306]
514.6264889240265,1000,False,6,5,[-8.48631415  7.6307541   3.41399404],landing,[-0.82138112 -0.19970136 -0.21083176]
514.6264889240265,1001,False,6,0,[8.89599059 9.07041266 1.28129778],waiting,[-0.48080528  0.59740651 -0.20557775]
514.6264889240265,1002,False,0,1,[6.14105725 2.19096278 4.00000797],exiting,[ 0.5677905  -0.59831228 -0.99408226]
514.6264889240265,1003,False,3,4,[6.40877752 4.6632871  4.        ],cruising,[ 0.63925976  0.24903542 -0.34837281]
514.6264889240265,1004,False,4,2,[-7.4116629  -1.20918376  1.67991699],landing,[-0.62185191  0.08809385  0.93462812]
514.6264889240265,1005,False,1,3,[-0.75627533 -4.98902409  3.99999993],exiting,[ 0.50568378 -0.03156594 -0.11489306]
514.7312917709351,1000,False,6,5,[-8.4685205   7.64426436  3.31652169],landing,[-0.82138112 -0.19970136 -0.21083176]
514.7312917709351,1001,False,6,0,[8.89599059 9.07041266 1.28129778],waiting,[-0.48080528  0.59740651 -0.20557775]
514.7312917709351,1002,False,0,1,[6.04132027 2.19821089 4.00000569],exiting,[ 0.5677905  -0.59831228 -0.99408226]
514.7312917709351,1003,False,3,4,[6.60201912 4.61173436 4.        ],cruising,[ 0.63925976  0.24903542 -0.34837281]
514.7312917709351,1004,False,4,2,[-7.42089122 -1.18733094  1.58277126],landing,[-0.62185191  0.08809385  0.93462812]
514.7312917709351,1005,False,1,3,[-0.73937576 -5.08758577  3.99999995],exiting,[ 0.50568378 -0.03156594 -0.11489306]
514.8348433971405,1000,False,6,5,[-8.45072684  7.65777463  3.21904934],landing,[-0.82138112 -0.19970136 -0.21083176]
514.8348433971405,1001,False,6,0,[8.89599059 9.07041266 1.28129778],waiting,[-0.48080528  0.59740651 -0.20557775]
514.8348433971405,1002,False,0,1,[5.9415833  2.20545901 4.00000394],exiting,[ 0.5677905  -0.59831228 -0.99408226]
514.8348433971405,1003,False,3,4,[6.79267328 4.55131094 4.        ],cruising,[ 0.63925976  0.24903542 -0.34837281]
514.8348433971405,1004,False,4,2,[-7.43011954 -1.16547812  1.48562553],fake_landed,[-0.62185191  0.08809385  0.93462812]
514.8348433971405,1005,False,1,3,[-0.72247618 -5.18614745  3.99999996],exiting,[ 0.50568378 -0.03156594 -0.11489306]
514.9219620227814,1000,False,6,5,[-8.43293319  7.67128489  3.12157699],landing,[-0.82138112 -0.19970136 -0.21083176]
514.9219620227814,1001,False,6,0,[8.89599059 9.07041266 1.28129778],waiting,[-0.48080528  0.59740651 -0.20557775]
514.9219620227814,1002,False,0,1,[5.84184632 2.21270712 4.00000262],exiting,[ 0.5677905  -0.59831228 -0.99408226]
514.9219620227814,1003,False,3,4,[6.97981091 4.48074531 4.        ],cruising,[ 0.63925976  0.24903542 -0.34837281]
514.9219620227814,1004,False,4,2,[-7.43750219 -1.14799586  1.40790895],fake_landed,[-0.62185191  0.08809385  0.93462812]
514.9219620227814,1005,False,1,3,[-0.70557661 -5.28470912  3.99999996],exiting,[ 0.50568378 -0.03156594 -0.11489306]
515.0223333835602,1000,False,6,5,[-8.41513954  7.68479516  3.02410465],landing,[-0.82138112 -0.19970136 -0.21083176]
515.0223333835602,1001,False,6,0,[8.89599059 9.07041266 1.28129778],queued,[-0.48080528  0.59740651 -0.20557775]
515.0223333835602,1002,False,0,1,[5.74210934 2.21995523 4.00000162],exiting,[ 0.5677905  -0.59831228 -0.99408226]
515.0223333835602,1003,False,3,4,[7.16220214 4.39868779 4.        ],cruising,[ 0.63925976  0.24903542 -0.34837281]
515.0223333835602,1004,False,4,2,[-7.44303919 -1.13488417  1.34962151],fake_landed,[-0.62185191  0.08809385  0.93462812]
515.0223333835602,1005,False,1,3,[-0.68867704 -5.3832708   3.99999997],exiting,[ 0.50568378 -0.03156594 -0.11489306]
515.132493019104,1000,False,6,5,[-8.39734589  7.69830542  2.9266323 ],landing,[-0.82138112 -0.19970136 -0.21083176]
515.132493019104,1001,False,6,0,[8.89599059 9.07041266 1.30129778],queued,[-0.48080528  0.59740651 -0.20557775]
515.132493019104,1002,False,0,1,[5.64237236 2.22720335 4.0000009 ],exiting,[ 0.5677905  -0.59831228 -0.99408226]
515.132493019104,1003,False,3,4,[7.33824782 4.30377773 4.        ],cruising,[ 0.63925976  0.24903542 -0.34837281]
515.132493019104,1004,False,4,2,[-7.44673052 -1.12614304  1.31076322],fake_landed,[-0.62185191  0.08809385  0.93462812]
515.132493019104,1005,False,1,3,[-0.67177746 -5.48183248  3.99999998],exiting,[ 0.50568378 -0.03156594 -0.11489306]
515.2215168476105,1000,False,6,5,[-8.37955224  7.71181569  2.82915995],landing,[-0.82138112 -0.19970136 -0.21083176]
515.2215168476105,1001,False,6,0,[8.89599059 9.07041266 1.34129778],queued,[-0.48080528  0.59740651 -0.20557775]
515.2215168476105,1002,False,0,1,[5.54263538 2.23445146 4.00000038],landing,[ 0.5677905  -0.59831228 -0.99408226]
515.2215168476105,1003,False,3,4,[7.50592505 4.19476238 4.        ],cruising,[ 0.63925976  0.24903542 -0.34837281]
515.2215168476105,1004,False,4,2,[-7.44857618 -1.12177248  1.29133408],fake_landed,[-0.62185191  0.08809385  0.93462812]
515.2215168476105,1005,False,1,3,[-0.65487789 -5.58039416  3.99999998],exiting,[ 0.50568378 -0.03156594 -0.11489306]
515.3222138881683,1000,False,6,5,[-8.36175859  7.72532595  2.7316876 ],landing,[-0.82138112 -0.19970136 -0.21083176]
515.3222138881683,1001,False,6,0,[8.89599059 9.07041266 1.40129778],queued,[-0.48080528  0.59740651 -0.20557775]
515.3222138881683,1002,False,0,1,[5.45680011 2.23756412 3.98622886],landing,[ 0.5677905  -0.59831228 -0.99408226]
515.3222138881683,1003,False,3,4,[7.66156209 4.06977725 4.        ],cruising,[ 0.63925976  0.24903542 -0.34837281]
515.3222138881683,1004,False,4,2,[-7.44857618 -1.12177248  1.29133408],fake_landed,[-0.62185191  0.08809385  0.93462812]
515.3222138881683,1005,False,1,3,[-0.63797831 -5.67895584  3.99999998],exiting,[ 0.50568378 -0.03156594 -0.11489306]
515.4349083900452,1000,False,6,5,[-8.34396493  7.73883622  2.63421525],landing,[-0.82138112 -0.19970136 -0.21083176]
515.4349083900452,1001,False,6,0,[8.89599059 9.07041266 1.47629778],queued,[-0.48080528  0.59740651 -0.20557775]
515.4349083900452,1002,False,0,1,[5.38503693 2.23656672 3.9588528 ],landing,[ 0.5677905  -0.59831228 -0.99408226]
515.4349083900452,1003,False,3,4,[7.80376932 3.92997185 4.        ],cruising,[ 0.63925976  0.24903542 -0.34837281]
515.4349083900452,1004,False,2,6,[-7.44857618 -1.12177248  1.29133408],waiting,[-0.62185191  0.08809385  0.93462812]
515.4349083900452,1005,False,1,3,[-0.62107874 -5.77751751  3.99999999],exiting,[ 0.50568378 -0.03156594 -0.11489306]
515.5221586227417,1000,False,6,5,[-8.32617128  7.75234648  2.5367429 ],landing,[-0.82138112 -0.19970136 -0.21083176]
515.5221586227417,1001,False,6,0,[8.89599059 9.07041266 1.55129778],entering,[-0.48080528  0.59740651 -0.20557775]
515.5221586227417,1002,False,0,1,[5.3275444  2.23148999 3.91807123],landing,[ 0.5677905  -0.59831228 -0.99408226]
515.5221586227417,1003,False,3,4,[7.93108546 3.77681522 4.        ],cruising,[ 0.63925976  0.24903542 -0.34837281]
515.5221586227417,1004,False,2,6,[-7.44857618 -1.12177248  1.29133408],waiting,[-0.62185191  0.08809385  0.93462812]
515.5221586227417,1005,False,1,3,[-0.60417916 -5.87607919  3.99999999],exiting,[ 0.50568378 -0.03156594 -0.11489306]
515.6217803955078,1000,False,6,5,[-8.30837763  7.76585675  2.43927056],landing,[-0.82138112 -0.19970136 -0.21083176]
515.6217803955078,1001,False,6,0,[8.89176218 9.05086476 1.62629778],entering,[-0.48080528  0.59740651 -0.20557775]
515.6217803955078,1002,False,0,1,[5.28458709 2.22237691 3.8641582 ],landing,[ 0.5677905  -0.59831228 -0.99408226]
515.6217803955078,1003,False,3,4,[8.04216226 3.61198452 4.        ],cruising,[ 0.63925976  0.24903542 -0.34837281]
515.6217803955078,1004,False,2,6,[-7.44857618 -1.12177248  1.29133408],waiting,[-0.62185191  0.08809385  0.93462812]
515.6217803955078,1005,False,1,3,[-0.58727959 -5.97464087  3.99999999],exiting,[ 0.50568378 -0.03156594 -0.11489306]
515.7221140861511,1000,False,6,5,[-8.29058398  7.77936701  2.34179821],landing,[-0.82138112 -0.19970136 -0.21083176]
515.7221140861511,1001,False,6,0,[8.88330535 9.01176896 1.70129778],entering,[-0.48080528  0.59740651 -0.20557775]
515.7221140861511,1002,False,0,1,[5.25640597 2.20926871 3.79737258],landing,[ 0.5677905  -0.59831228 -0.99408226]
515.7221140861511,1003,False,3,4,[8.13564314 3.4376468  4.        ],cruising,[ 0.63925976  0.24903542 -0.34837281]
515.7221140861511,1004,False,2,6,[-7.44857618 -1.12177248  1.29133408],waiting,[-0.62185191  0.08809385  0.93462812]
515.7221140861511,1005,False,1,3,[-0.57038001 -6.07320255  3.99999999],exiting,[ 0.50568378 -0.03156594 -0.11489306]
515.8279831409454,1000,False,6,5,[-8.27279033  7.79287728  2.24432586],landing,[-0.82138112 -0.19970136 -0.21083176]
515.8279831409454,1001,False,6,0,[8.8706201  8.95312525 1.77629778],entering,[-0.48080528  0.59740651 -0.20557775]
515.8279831409454,1002,False,0,1,[5.24321042 2.19220295 3.71794695],landing,[ 0.5677905  -0.59831228 -0.99408226]
515.8279831409454,1003,False,3,4,[8.21089846 3.25507325 4.        ],cruising,[ 0.63925976  0.24903542 -0.34837281]
515.8279831409454,1004,False,2,6,[-7.44857618 -1.12177248  1.29133408],waiting,[-0.62185191  0.08809385  0.93462812]
515.8279831409454,1005,False,1,3,[-0.55348044 -6.17176423  3.99999999],exiting,[ 0.50568378 -0.03156594 -0.11489306]
515.9353868961334,1000,False,6,5,[-8.25499668  7.80638754  2.14685351],landing,[-0.82138112 -0.19970136 -0.21083176]
515.9353868961334,1001,False,6,0,[8.85370643 8.87493364 1.85129778],entering,[-0.48080528  0.59740651 -0.20557775]
515.9353868961334,1002,False,0,1,[5.24521099 2.1712191  3.62612266],landing,[ 0.5677905  -0.59831228 -0.99408226]
515.9353868961334,1003,False,3,4,[8.26760329 3.06502443 4.        ],cruising,[ 0.63925976  0.24903542 -0.34837281]
515.9353868961334,1004,False,2,6,[-7.44857618 -1.12177248  1.29133408],waiting,[-0.62185191  0.08809385  0.93462812]
515.9353868961334,1005,False,1,3,[-0.53658087 -6.27032591  4.        ],exiting,[ 0.50568378 -0.03156594 -0.11489306]
516.0274512767792,1000,False,6,5,[-8.23720302  7.81989781  2.04938116],landing,[-0.82138112 -0.19970136 -0.21083176]
516.0274512767792,1001,False,6,0,[8.8325694  8.77719303 1.92629778],entering,[-0.48080528  0.59740651 -0.20557775]
516.0274512767792,1002,False,0,1,[5.25380602 2.14857627 3.52909984],landing,[ 0.5677905  -0.59831228 -0.99408226]
516.0274512767792,1003,False,3,4,[8.30522493 2.86898965 4.        ],cruising,[ 0.63925976  0.24903542 -0.34837281]
516.0274512767792,1004,False,2,6,[-7.44857618 -1.12177248  1.29133408],waiting,[-0.62185191  0.08809385  0.93462812]
516.0274512767792,1005,False,1,3,[-0.51968129 -6.36888758  4.        ],exiting,[ 0.50568378 -0.03156594 -0.11489306]
516.1313080787659,1000,False,6,5,[-8.21940937  7.83340807  1.95190881],landing,[-0.82138112 -0.19970136 -0.21083176]
516.1313080787659,1001,False,6,0,[8.80736749 8.65986987 2.00129778],entering,[-0.48080528  0.59740651 -0.20557775]
516.1313080787659,1002,False,0,1,[5.26240104 2.12593343 3.43207702],landing,[ 0.5677905  -0.59831228 -0.99408226]
516.1313080787659,1003,False,3,4,[8.33403826 2.67107605 4.        ],cruising,[ 0.63925976  0.24903542 -0.34837281]
516.1313080787659,1004,False,2,6,[-7.44857618 -1.12177248  1.29133408],waiting,[-0.62185191  0.08809385  0.93462812]
516.1313080787659,1005,False,1,3,[-0.50278172 -6.46744926  4.        ],exiting,[ 0.50568378 -0.03156594 -0.11489306]
516.221836566925,1000,False,6,5,[-8.20161572  7.84691834  1.85443646],landing,[-0.82138112 -0.19970136 -0.21083176]
516.221836566925,1001,False,6,0,[8.77834625 8.52291477 2.07629778],entering,[-0.48080528  0.59740651 -0.20557775]
516.221836566925,1002,False,0,1,[5.27099607 2.1032906  3.3350542 ],landing,[ 0.5677905  -0.59831228 -0.99408226]
516.221836566925,1003,False,3,4,[8.36239463 2.47309647 4.        ],cruising,[ 0.63925976  0.24903542 -0.34837281]
516.221836566925,1004,False,2,6,[-7.44857618 -1.12177248  1.29133408],waiting,[-0.62185191  0.08809385  0.93462812]
516.221836566925,1005,False,1,3,[-0.48588214 -6.56601094  4.        ],exiting,[ 0.50568378 -0.03156594 -0.11489306]
516.3336734771729,1000,False,6,5,[-8.18382207  7.8604286   1.75696412],landing,[-0.82138112 -0.19970136 -0.21083176]
516.3336734771729,1001,False,6,0,[8.74590953 8.36625347 2.15129778],entering,[-0.48080528  0.59740651 -0.20557775]
516.3336734771729,1002,False,0,1,[5.2795911  2.08064776 3.23803138],landing,[ 0.5677905  -0.59831228 -0.99408226]
516.3336734771729,1003,False,3,4,[8.38599126 2.27449335 4.        ],cruising,[ 0.63925976  0.24903542 -0.34837281]
516.3336734771729,1004,False,2,6,[-7.44857618 -1.12177248  1.29133408],waiting,[-0.62185191  0.08809385  0.93462812]
516.3336734771729,1005,False,1,3,[-0.46898257 -6.66457262  4.        ],exiting,[ 0.50568378 -0.03156594 -0.11489306]
516.4263269901276,1000,False,6,5,[-8.16602842  7.87393887  1.65949177],landing,[-0.82138112 -0.19970136 -0.21083176]
516.4263269901276,1001,False,6,0,[8.71039755 8.18983001 2.22629778],entering,[-0.48080528  0.59740651 -0.20557775]
516.4263269901276,1002,False,0,1,[5.28818612 2.05800493 3.14100856],landing,[ 0.5677905  -0.59831228 -0.99408226]
516.4263269901276,1003,False,3,4,[8.40867896 2.07578434 4.        ],cruising,[ 0.63925976  0.24903542 -0.34837281]
516.4263269901276,1004,False,2,6,[-7.44857618 -1.12177248  1.29133408],waiting,[-0.62185191  0.08809385  0.93462812]
516.4263269901276,1005,False,1,3,[-0.45208299 -6.7631343   4.        ],exiting,[ 0.50568378 -0.03156594 -0.11489306]
516.521969795227,1000,False,6,5,[-8.14823477  7.88744913  1.56201942],landing,[-0.82138112 -0.19970136 -0.21083176]
516.521969795227,1001,False,6,0,[8.67184774 7.9936386  2.30129778],entering,[-0.48080528  0.59740651 -0.20557775]
516.521969795227,1002,False,0,1,[5.29678115 2.03536209 3.04398574],landing,[ 0.5677905  -0.59831228 -0.99408226]
516.521969795227,1003,False,3,4,[8.42694712 1.8766204  4.        ],cruising,[ 0.63925976  0.24903542 -0.34837281]
516.521969795227,1004,False,2,6,[-7.44857618 -1.12177248  1.29133408],waiting,[-0.62185191  0.08809385  0.93462812]
516.521969795227,1005,False,1,3,[-0.43518342 -6.86169597  4.        ],exiting,[ 0.50568378 -0.03156594 -0.11489306]
516.636214017868,1000,False,6,5,[-8.13044111  7.9009594   1.46454707],fake_landed,[-0.82138112 -0.19970136 -0.21083176]
516.636214017868,1001,False,6,0,[8.63328937 7.79739067 2.37629778],entering,[-0.48080528  0.59740651 -0.20557775]
516.636214017868,1002,False,0,1,[5.30537617 2.01271926 2.94696292],landing,[ 0.5677905  -0.59831228 -0.99408226]
516.636214017868,1003,False,3,4,[8.44408355 1.6773559  4.        ],cruising,[ 0.63925976  0.24903542 -0.34837281]
516.636214017868,1004,False,2,6,[-7.44857618 -1.12177248  1.29133408],waiting,[-0.62185191  0.08809385  0.93462812]
516.636214017868,1005,False,1,3,[-0.41828385 -6.96025765  4.        ],exiting,[ 0.50568378 -0.03156594 -0.11489306]
516.7223472595215,1000,False,6,5,[-8.11620619  7.91176761  1.38656919],fake_landed,[-0.82138112 -0.19970136 -0.21083176]
516.7223472595215,1001,False,6,0,[8.59531904 7.60102811 2.45129778],entering,[-0.48080528  0.59740651 -0.20557775]
516.7223472595215,1002,False,0,1,[5.3139712  1.99007642 2.8499401 ],landing,[ 0.5677905  -0.59831228 -0.99408226]
516.7223472595215,1003,False,3,4,[8.45716162 1.47778395 4.        ],cruising,[ 0.63925976  0.24903542 -0.34837281]
516.7223472595215,1004,False,2,6,[-7.44857618 -1.12177248  1.29133408],waiting,[-0.62185191  0.08809385  0.93462812]
516.7223472595215,1005,False,1,3,[-0.40138427 -7.05881933  4.        ],exiting,[ 0.50568378 -0.03156594 -0.11489306]
516.8337440490723,1000,False,6,5,[-8.10553     7.91987377  1.32808578],fake_landed,[-0.82138112 -0.19970136 -0.21083176]
516.8337440490723,1001,False,6,0,[8.55994009 7.40418216 2.52629778],entering,[-0.48080528  0.59740651 -0.20557775]
516.8337440490723,1002,False,0,1,[5.32256622 1.96743359 2.75291728],landing,[ 0.5677905  -0.59831228 -0.99408226]
516.8337440490723,1003,False,3,4,[8.46899042 1.27813405 4.        ],cruising,[ 0.63925976  0.24903542 -0.34837281]
516.8337440490723,1004,False,2,6,[-7.44857618 -1.12177248  1.29133408],waiting,[-0.62185191  0.08809385  0.93462812]
516.8337440490723,1005,False,1,3,[-0.3844847  -7.15738101  4.        ],exiting,[ 0.50568378 -0.03156594 -0.11489306]
516.9234321117401,1000,False,6,5,[-8.09841254  7.92527787  1.28909684],fake_landed,[-0.82138112 -0.19970136 -0.21083176]
516.9234321117401,1001,False,6,0,[8.52575238 7.20712582 2.60129778],entering,[-0.48080528  0.59740651 -0.20557775]
516.9234321117401,1002,False,0,1,[5.33116125 1.94479075 2.65589446],landing,[ 0.5677905  -0.59831228 -0.99408226]
516.9234321117401,1003,False,3,4,[8.47928653 1.07839926 4.        ],cruising,[ 0.63925976  0.24903542 -0.34837281]
516.9234321117401,1004,False,2,6,[-7.44857618 -1.12177248  1.29133408],waiting,[-0.62185191  0.08809385  0.93462812]
516.9234321117401,1005,False,1,3,[-0.36758512 -7.25594269  4.        ],exiting,[ 0.50568378 -0.03156594 -0.11489306]
517.0214154720306,1000,False,6,5,[-8.09485381  7.92797993  1.26960237],fake_landed,[-0.82138112 -0.19970136 -0.21083176]
517.0214154720306,1001,False,6,0,[8.49156468 7.01006948 2.67629778],entering,[-0.48080528  0.59740651 -0.20557775]
517.0214154720306,1002,False,0,1,[5.33975627 1.92214792 2.55887164],landing,[ 0.5677905  -0.59831228 -0.99408226]
517.0214154720306,1003,False,3,4,[8.48558579 0.87849848 4.        ],cruising,[ 0.63925976  0.24903542 -0.34837281]
517.0214154720306,1004,False,2,6,[-7.44857618 -1.12177248  1.29133408],waiting,[-0.62185191  0.08809385  0.93462812]
517.0214154720306,1005,False,1,3,[-0.35068555 -7.35450436  4.        ],exiting,[ 0.50568378 -0.03156594 -0.11489306]
517.1220643520355,1000,False,6,5,[-8.09485381  7.92797993  1.26960237],fake_landed,[-0.82138112 -0.19970136 -0.21083176]
517.1220643520355,1001,False,6,0,[8.45886536 6.8127607  2.75129778],entering,[-0.48080528  0.59740651 -0.20557775]
517.1220643520355,1002,False,0,1,[5.3483513  1.89950509 2.46184882],landing,[ 0.5677905  -0.59831228 -0.99408226]
517.1220643520355,1003,False,3,4,[8.49041758 0.67855686 4.        ],cruising,[ 0.63925976  0.24903542 -0.34837281]
517.1220643520355,1004,False,2,6,[-7.44857618 -1.12177248  1.29133408],waiting,[-0.62185191  0.08809385  0.93462812]
517.1220643520355,1005,False,1,3,[-0.33378597 -7.45306604  4.        ],exiting,[ 0.50568378 -0.03156594 -0.11489306]
517.2283866405487,1000,False,5,2,[-8.09485381  7.92797993  1.26960237],waiting,[-0.82138112 -0.19970136 -0.21083176]
517.2283866405487,1001,False,6,0,[8.42971684 6.61489619 2.82629778],entering,[-0.48080528  0.59740651 -0.20557775]
517.2283866405487,1002,False,0,1,[5.35694633 1.87686225 2.364826  ],landing,[ 0.5677905  -0.59831228 -0.99408226]
517.2283866405487,1003,False,3,4,[8.4935841  0.47858192 4.        ],cruising,[ 0.63925976  0.24903542 -0.34837281]
517.2283866405487,1004,False,2,6,[-7.44857618 -1.12177248  1.29133408],waiting,[-0.62185191  0.08809385  0.93462812]
517.2283866405487,1005,False,1,3,[-0.3168864  -7.55162772  4.        ],exiting,[ 0.50568378 -0.03156594 -0.11489306]
517.3249008655548,1000,False,5,2,[-8.09485381  7.92797993  1.26960237],waiting,[-0.82138112 -0.19970136 -0.21083176]
517.3249008655548,1001,False,6,0,[8.40056831 6.41703168 2.90129778],entering,[-0.48080528  0.59740651 -0.20557775]
517.3249008655548,1002,False,0,1,[5.36554135 1.85421942 2.26780318],landing,[ 0.5677905  -0.59831228 -0.99408226]
517.3249008655548,1003,False,3,4,[8.49288406 0.27858315 4.        ],cruising,[ 0.63925976  0.24903542 -0.34837281]
517.3249008655548,1004,False,2,6,[-7.44857618 -1.12177248  1.29133408],waiting,[-0.62185191  0.08809385  0.93462812]
517.3249008655548,1005,False,1,3,[-0.29998682 -7.6501894   4.        ],exiting,[ 0.50568378 -0.03156594 -0.11489306]
517.4263474941254,1000,False,5,2,[-8.09485381  7.92797993  1.26960237],waiting,[-0.82138112 -0.19970136 -0.21083176]
517.4263474941254,1001,False,6,0,[8.37394246 6.21881195 2.97629778],entering,[-0.48080528  0.59740651 -0.20557775]
517.4263474941254,1002,False,0,1,[5.37413638 1.83157658 2.17078036],landing,[ 0.5677905  -0.59831228 -0.99408226]
517.4263474941254,1003,False,3,4,[8.49061476 0.07859602 4.        ],cruising,[ 0.63925976  0.24903542 -0.34837281]
517.4263474941254,1004,False,2,6,[-7.44857618 -1.12177248  1.29133408],waiting,[-0.62185191  0.08809385  0.93462812]
517.4263474941254,1005,False,1,3,[-0.28308725 -7.74875108  4.        ],landing,[ 0.50568378 -0.03156594 -0.11489306]
517.5277345180511,1000,False,5,2,[-8.09485381  7.92797993  1.26960237],queued,[-0.82138112 -0.19970136 -0.21083176]
517.5277345180511,1001,False,6,0,[8.35044654 6.02019689 3.05129778],entering,[-0.48080528  0.59740651 -0.20557775]
517.5277345180511,1002,False,0,1,[5.3827314  1.80893375 2.07375754],landing,[ 0.5677905  -0.59831228 -0.99408226]
517.5277345180511,1003,False,3,4,[ 8.48660634 -0.1213638   4.        ],cruising,[ 0.63925976  0.24903542 -0.34837281]
517.5277345180511,1004,False,2,6,[-7.44857618 -1.12177248  1.29133408],queued,[-0.62185191  0.08809385  0.93462812]
517.5277345180511,1005,False,1,3,[-0.27172121 -7.83418753  3.98596047],landing,[ 0.50568378 -0.03156594 -0.11489306]
517.6230504512787,1000,False,5,2,[-8.09485381  7.92797993  1.28960237],queued,[-0.82138112 -0.19970136 -0.21083176]
517.6230504512787,1001,False,6,0,[8.3281774  5.82144054 3.12629778],entering,[-0.48080528  0.59740651 -0.20557775]
517.6230504512787,1002,False,0,1,[5.39132643 1.78629091 1.97673472],landing,[ 0.5677905  -0.59831228 -0.99408226]
517.6230504512787,1003,False,3,4,[ 8.48072197 -0.32127722  4.        ],cruising,[ 0.63925976  0.24903542 -0.34837281]
517.6230504512787,1004,False,2,6,[-7.44857618 -1.12177248  1.31133408],queued,[-0.62185191  0.08809385  0.93462812]
517.6230504512787,1005,False,1,3,[-0.26588067 -7.90632295  3.95804465],landing,[ 0.50568378 -0.03156594 -0.11489306]
517.735319852829,1000,False,5,2,[-8.09485381  7.92797993  1.32960237],queued,[-0.82138112 -0.19970136 -0.21083176]
517.735319852829,1001,False,6,0,[8.31078289 5.6221984  3.20129778],entering,[-0.48080528  0.59740651 -0.20557775]
517.735319852829,1002,False,0,1,[5.39992145 1.76364808 1.8797119 ],landing,[ 0.5677905  -0.59831228 -0.99408226]
517.735319852829,1003,False,3,4,[ 8.4708107  -0.52103149  4.        ],cruising,[ 0.63925976  0.24903542 -0.34837281]
517.735319852829,1004,False,2,6,[-7.44857618 -1.12177248  1.35133408],queued,[-0.62185191  0.08809385  0.93462812]
517.735319852829,1005,False,1,3,[-0.26555505 -7.96495065  3.91644939],landing,[ 0.50568378 -0.03156594 -0.11489306]
517.8224794864655,1000,False,5,2,[-8.09485381  7.92797993  1.38960237],queued,[-0.82138112 -0.19970136 -0.21083176]
517.8224794864655,1001,False,6,0,[8.29610372 5.42273782 3.27629778],entering,[-0.48080528  0.59740651 -0.20557775]
517.8224794864655,1002,False,0,1,[5.40851648 1.74100524 1.78268908],landing,[ 0.5677905  -0.59831228 -0.99408226]
517.8224794864655,1003,False,3,4,[ 8.45913883 -0.72069061  4.        ],cruising,[ 0.63925976  0.24903542 -0.34837281]
517.8224794864655,1004,False,2,6,[-7.44857618 -1.12177248  1.41133408],queued,[-0.62185191  0.08809385  0.93462812]
517.8224794864655,1005,False,1,3,[-0.27072782 -8.00978895  3.86145187],landing,[ 0.50568378 -0.03156594 -0.11489306]
517.9213945865631,1000,False,5,2,[-8.09485381  7.92797993  1.46460237],queued,[-0.82138112 -0.19970136 -0.21083176]
517.9213945865631,1001,False,6,0,[8.28498976 5.22304686 3.35129778],entering,[-0.48080528  0.59740651 -0.20557775]
517.9213945865631,1002,False,0,1,[5.41711151 1.71836241 1.68566626],landing,[ 0.5677905  -0.59831228 -0.99408226]
517.9213945865631,1003,False,3,4,[ 8.44554126 -0.92022784  4.        ],cruising,[ 0.63925976  0.24903542 -0.34837281]
517.9213945865631,1004,False,2,6,[-7.44857618 -1.12177248  1.48633408],queued,[-0.62185191  0.08809385  0.93462812]
517.9213945865631,1005,False,1,3,[-0.28138317 -8.04060171  3.79329285],landing,[ 0.50568378 -0.03156594 -0.11489306]
518.0218586921692,1000,False,5,2,[-8.09485381  7.92797993  1.53960237],queued,[-0.82138112 -0.19970136 -0.21083176]
518.0218586921692,1001,False,6,0,[8.28001744 5.02310868 3.42629778],entering,[-0.48080528  0.59740651 -0.20557775]
518.0218586921692,1002,False,0,1,[5.42570653 1.69571957 1.58864344],landing,[ 0.5677905  -0.59831228 -0.99408226]
518.0218586921692,1003,False,3,4,[ 8.42987281 -1.11961315  4.        ],cruising,[ 0.63925976  0.24903542 -0.34837281]
518.0218586921692,1004,False,2,6,[-7.44857618 -1.12177248  1.56133408],queued,[-0.62185191  0.08809385  0.93462812]
518.0218586921692,1005,False,1,3,[-0.29750488 -8.05717129  3.71220128],landing,[ 0.50568378 -0.03156594 -0.11489306]
518.1221816539764,1000,False,5,2,[-8.09485381  7.92797993  1.61460237],queued,[-0.82138112 -0.19970136 -0.21083176]
518.1221816539764,1001,False,6,0,[8.28057184 4.82310945 3.50129778],entering,[-0.48080528  0.59740651 -0.20557775]
518.1221816539764,1002,False,0,1,[5.43430156 1.67307674 1.49162062],fake_landed,[ 0.5677905  -0.59831228 -0.99408226]
518.1221816539764,1003,False,3,4,[ 8.40979346 -1.31860264  4.        ],cruising,[ 0.63925976  0.24903542 -0.34837281]
518.1221816539764,1004,False,2,6,[-7.44857618 -1.12177248  1.63633408],queued,[-0.62185191  0.08809385  0.93462812]
518.1221816539764,1005,False,1,3,[-0.31907491 -8.05927851  3.61841499],landing,[ 0.50568378 -0.03156594 -0.11489306]
518.2331712245941,1000,False,5,2,[-8.09485381  7.92797993  1.68960237],queued,[-0.82138112 -0.19970136 -0.21083176]
518.2331712245941,1001,False,6,0,[8.28525105 4.62316419 3.57610311],entering,[-0.48080528  0.59740651 -0.20557775]
518.2331712245941,1002,False,0,1,[5.44117758 1.65496247 1.41400236],fake_landed,[ 0.5677905  -0.59831228 -0.99408226]
518.2331712245941,1003,False,3,4,[ 8.3876932  -1.51737784  4.        ],cruising,[ 0.63925976  0.24903542 -0.34837281]
518.2331712245941,1004,False,2,6,[-7.44857618 -1.12177248  1.71133408],queued,[-0.62185191  0.08809385  0.93462812]
518.2331712245941,1005,False,1,3,[-0.3421671  -8.0572682   3.52113853],landing,[ 0.50568378 -0.03156594 -0.11489306]
518.3332602977753,1000,False,5,2,[-8.09485381  7.92797993  1.76460237],queued,[-0.82138112 -0.19970136 -0.21083176]
518.3332602977753,1001,False,6,0,[8.29460492 4.42338305 3.63968764],entering,[-0.48080528  0.59740651 -0.20557775]
518.3332602977753,1002,False,0,1,[5.44633459 1.64137677 1.35578867],fake_landed,[ 0.5677905  -0.59831228 -0.99408226]
518.3332602977753,1003,False,3,4,[ 8.3633658  -1.71589277  4.        ],cruising,[ 0.63925976  0.24903542 -0.34837281]
518.3332602977753,1004,False,2,6,[-7.44857618 -1.12177248  1.78633408],queued,[-0.62185191  0.08809385  0.93462812]
518.3332602977753,1005,False,1,3,[-0.36525929 -8.05525789  3.42386207],landing,[ 0.50568378 -0.03156594 -0.11489306]
518.4221851825714,1000,False,5,2,[-8.09485381  7.92797993  1.83960237],queued,[-0.82138112 -0.19970136 -0.21083176]
518.4221851825714,1001,False,6,0,[8.30686138 4.22375896 3.6937345 ],entering,[-0.48080528  0.59740651 -0.20557775]
518.4221851825714,1002,False,0,1,[5.4497726  1.63231964 1.31697954],fake_landed,[ 0.5677905  -0.59831228 -0.99408226]
518.4221851825714,1003,False,3,4,[ 8.3341778  -1.91375146  4.        ],cruising,[ 0.63925976  0.24903542 -0.34837281]
518.4221851825714,1004,False,2,6,[-7.44857618 -1.12177248  1.86133408],queued,[-0.62185191  0.08809385  0.93462812]
518.4221851825714,1005,False,1,3,[-0.38835148 -8.05324758  3.32658561],landing,[ 0.50568378 -0.03156594 -0.11489306]
518.5223245620728,1000,False,5,2,[-8.09485381  7.92797993  1.91460237],queued,[-0.82138112 -0.19970136 -0.21083176]
518.5223245620728,1001,False,6,0,[8.31649609 4.02399116 3.73967432],entering,[-0.48080528  0.59740651 -0.20557775]
518.5223245620728,1002,False,0,1,[5.45149161 1.62779107 1.29757498],fake_landed,[ 0.5677905  -0.59831228 -0.99408226]
518.5223245620728,1003,False,3,4,[ 8.30266877 -2.11125382  4.        ],cruising,[ 0.63925976  0.24903542 -0.34837281]
518.5223245620728,1004,False,2,6,[-7.44857618 -1.12177248  1.93633408],queued,[-0.62185191  0.08809385  0.93462812]
518.5223245620728,1005,False,1,3,[-0.41144367 -8.05123727  3.22930915],landing,[ 0.50568378 -0.03156594 -0.11489306]
518.6309652328491,1000,False,5,2,[-8.09485381  7.92797993  1.98960237],queued,[-0.82138112 -0.19970136 -0.21083176]
518.6309652328491,1001,False,6,0,[8.33135904 3.82454419 3.77872317],cruising,[-0.48080528  0.59740651 -0.20557775]
518.6309652328491,1002,False,1,5,[5.45149161 1.62779107 1.29757498],waiting,[ 0.5677905  -0.59831228 -0.99408226]
518.6309652328491,1003,False,3,4,[ 8.26855867 -2.3083236   4.        ],cruising,[ 0.63925976  0.24903542 -0.34837281]
518.6309652328491,1004,False,2,6,[-7.44857618 -1.12177248  2.01133408],queued,[-0.62185191  0.08809385  0.93462812]
518.6309652328491,1005,False,1,3,[-0.43453586 -8.04922696  3.13203269],landing,[ 0.50568378 -0.03156594 -0.11489306]
518.7252864837646,1000,False,5,2,[-8.09485381  7.92797993  2.06460237],queued,[-0.82138112 -0.19970136 -0.21083176]
518.7252864837646,1001,False,6,0,[8.34040688 3.62474896 3.8119147 ],cruising,[-0.48080528  0.59740651 -0.20557775]
518.7252864837646,1002,False,1,5,[5.45149161 1.62779107 1.29757498],waiting,[ 0.5677905  -0.59831228 -0.99408226]
518.7252864837646,1003,False,3,4,[ 8.22865619 -2.50430266  4.        ],cruising,[ 0.63925976  0.24903542 -0.34837281]
518.7252864837646,1004,False,2,6,[-7.44857618 -1.12177248  2.08633408],queued,[-0.62185191  0.08809385  0.93462812]
518.7252864837646,1005,False,1,3,[-0.45762805 -8.04721665  3.03475623],landing,[ 0.50568378 -0.03156594 -0.11489306]
518.83247590065,1000,False,5,2,[-8.09485381  7.92797993  2.13960237],queued,[-0.82138112 -0.19970136 -0.21083176]
518.83247590065,1001,False,6,0,[8.34781858 3.42488634 3.84012749],cruising,[-0.48080528  0.59740651 -0.20557775]
518.83247590065,1002,False,1,5,[5.45149161 1.62779107 1.29757498],waiting,[ 0.5677905  -0.59831228 -0.99408226]
518.83247590065,1003,False,3,4,[ 8.18588668 -2.69967607  4.        ],cruising,[ 0.63925976  0.24903542 -0.34837281]
518.83247590065,1004,False,2,6,[-7.44857618 -1.12177248  2.16133408],entering,[-0.62185191  0.08809385  0.93462812]
518.83247590065,1005,False,1,3,[-0.48072024 -8.04520634  2.93747977],landing,[ 0.50568378 -0.03156594 -0.11489306]
518.9280800819397,1000,False,5,2,[-8.09485381  7.92797993  2.21460237],queued,[-0.82138112 -0.19970136 -0.21083176]
518.9280800819397,1001,False,6,0,[8.36131252 3.22534207 3.86410837],cruising,[-0.48080528  0.59740651 -0.20557775]
518.9280800819397,1002,False,1,5,[5.45149161 1.62779107 1.29757498],waiting,[ 0.5677905  -0.59831228 -0.99408226]
518.9280800819397,1003,False,3,4,[ 8.13649516 -2.89348133  4.        ],cruising,[ 0.63925976  0.24903542 -0.34837281]
518.9280800819397,1004,False,2,6,[-7.43549675 -1.10664209  2.23633408],entering,[-0.62185191  0.08809385  0.93462812]
518.9280800819397,1005,False,1,3,[-0.50381243 -8.04319603  2.84020331],landing,[ 0.50568378 -0.03156594 -0.11489306]
519.0224244594574,1000,False,5,2,[-8.09485381  7.92797993  2.28960237],queued,[-0.82138112 -0.19970136 -0.21083176]
519.0224244594574,1001,False,6,0,[8.37342676 3.0257093  3.88449211],cruising,[-0.48080528  0.59740651 -0.20557775]
519.0224244594574,1002,False,1,5,[5.45149161 1.62779107 1.29757498],waiting,[ 0.5677905  -0.59831228 -0.99408226]
519.0224244594574,1003,False,3,4,[ 8.08370844 -3.0863895   4.        ],cruising,[ 0.63925976  0.24903542 -0.34837281]
519.0224244594574,1004,False,2,6,[-7.40935281 -1.07636844  2.31133408],entering,[-0.62185191  0.08809385  0.93462812]
519.0224244594574,1005,False,1,3,[-0.52690461 -8.04118572  2.74292686],landing,[ 0.50568378 -0.03156594 -0.11489306]
519.1219630241394,1000,False,5,2,[-8.09485381  7.92797993  2.36460237],queued,[-0.82138112 -0.19970136 -0.21083176]
519.1219630241394,1001,False,6,0,[8.3849311  2.82604044 3.9018183 ],cruising,[-0.48080528  0.59740651 -0.20557775]
519.1219630241394,1002,False,1,5,[5.45149161 1.62779107 1.29757498],waiting,[ 0.5677905  -0.59831228 -0.99408226]
519.1219630241394,1003,False,3,4,[ 8.02290129 -3.27692162  4.        ],cruising,[ 0.63925976  0.24903542 -0.34837281]
519.1219630241394,1004,False,2,6,[-7.3701774  -1.03092308  2.38633408],entering,[-0.62185191  0.08809385  0.93462812]
519.1219630241394,1005,False,1,3,[-0.5499968  -8.03917541  2.6456504 ],landing,[ 0.50568378 -0.03156594 -0.11489306]
519.2346594333649,1000,False,5,2,[-8.09485381  7.92797993  2.43960237],queued,[-0.82138112 -0.19970136 -0.21083176]
519.2346594333649,1001,False,6,0,[8.39994539 2.62660481 3.91654555],cruising,[-0.48080528  0.59740651 -0.20557775]
519.2346594333649,1002,False,1,5,[5.45149161 1.62779107 1.29757498],waiting,[ 0.5677905  -0.59831228 -0.99408226]
519.2346594333649,1003,False,3,4,[ 7.95785675 -3.46604912  4.        ],exiting,[ 0.63925976  0.24903542 -0.34837281]
519.2346594333649,1004,False,2,6,[-7.3180336  -0.97025205  2.46133408],entering,[-0.62185191  0.08809385  0.93462812]
519.2346594333649,1005,False,1,3,[-0.57308899 -8.0371651   2.54837394],landing,[ 0.50568378 -0.03156594 -0.11489306]
519.3285622596741,1000,False,5,2,[-8.09485381  7.92797993  2.51460237],entering,[-0.82138112 -0.19970136 -0.21083176]
519.3285622596741,1001,False,6,0,[8.41320974 2.42704515 3.92906372],cruising,[-0.48080528  0.59740651 -0.20557775]
519.3285622596741,1002,False,1,5,[5.45149161 1.62779107 1.29757498],waiting,[ 0.5677905  -0.59831228 -0.99408226]
519.3285622596741,1003,False,3,4,[ 7.90641439 -3.64051439  4.        ],exiting,[ 0.63925976  0.24903542 -0.34837281]
519.3285622596741,1004,False,2,6,[-7.25304508 -0.89425089  2.53633408],entering,[-0.62185191  0.08809385  0.93462812]
519.3285622596741,1005,False,1,3,[-0.59618118 -8.03515479  2.45109748],landing,[ 0.50568378 -0.03156594 -0.11489306]
519.4222302436829,1000,False,5,2,[-8.07700368  7.91895925  2.58960237],entering,[-0.82138112 -0.19970136 -0.21083176]
519.4222302436829,1001,False,6,0,[8.42818786 2.2276068  3.93970416],cruising,[-0.48080528  0.59740651 -0.20557775]
519.4222302436829,1002,False,1,5,[5.45149161 1.62779107 1.29757498],waiting,[ 0.5677905  -0.59831228 -0.99408226]
519.4222302436829,1003,False,3,4,[ 7.86872235 -3.80045626  4.        ],exiting,[ 0.63925976  0.24903542 -0.34837281]
519.4222302436829,1004,False,2,6,[-7.17552969 -0.80265877  2.61133408],entering,[-0.62185191  0.08809385  0.93462812]
519.4222302436829,1005,False,1,3,[-0.61927337 -8.03314448  2.35382102],landing,[ 0.50568378 -0.03156594 -0.11489306]
519.5291097164154,1000,False,5,2,[-8.04128973  7.90094499  2.66460237],entering,[-0.82138112 -0.19970136 -0.21083176]
519.5291097164154,1001,False,6,0,[8.44067781 2.02799718 3.94874854],cruising,[-0.48080528  0.59740651 -0.20557775]
519.5291097164154,1002,False,1,5,[5.45149161 1.62779107 1.29757498],waiting,[ 0.5677905  -0.59831228 -0.99408226]
519.5291097164154,1003,False,3,4,[ 7.84496314 -3.94604976  4.        ],exiting,[ 0.63925976  0.24903542 -0.34837281]
519.5291097164154,1004,False,2,6,[-7.08581189 -0.69522049  2.68633408],entering,[-0.62185191  0.08809385  0.93462812]
519.5291097164154,1005,False,1,3,[-0.64236556 -8.03113417  2.25654456],landing,[ 0.50568378 -0.03156594 -0.11489306]
519.6243023872375,1000,False,5,2,[-7.98768181  7.87399734  2.73960237],entering,[-0.82138112 -0.19970136 -0.21083176]
519.6243023872375,1001,False,6,0,[8.45369986 1.82842157 3.95643626],cruising,[-0.48080528  0.59740651 -0.20557775]
519.6243023872375,1002,False,1,5,[5.45149161 1.62779107 1.29757498],waiting,[ 0.5677905  -0.59831228 -0.99408226]
519.6243023872375,1003,False,3,4,[ 7.83536975 -4.07752485  4.        ],exiting,[ 0.63925976  0.24903542 -0.34837281]
519.6243023872375,1004,False,2,6,[-6.98444109 -0.57152774  2.76133408],entering,[-0.62185191  0.08809385  0.93462812]
519.6243023872375,1005,False,1,3,[-0.66545775 -8.02912386  2.1592681 ],landing,[ 0.50568378 -0.03156594 -0.11489306]
519.7234885692596,1000,False,5,2,[-7.91612278  7.83823166  2.81460237],entering,[-0.82138112 -0.19970136 -0.21083176]
519.7234885692596,1001,False,6,0,[8.46386358 1.62867999 3.96297082],cruising,[-0.48080528  0.59740651 -0.20557775]
519.7234885692596,1002,False,1,5,[5.45149161 1.62779107 1.29757498],waiting,[ 0.5677905  -0.59831228 -0.99408226]
519.7234885692596,1003,False,3,4,[ 7.84012202 -4.1950643   4.        ],exiting,[ 0.63925976  0.24903542 -0.34837281]
519.7234885692596,1004,False,2,6,[-6.87259357 -0.43079862  2.83633408],entering,[-0.62185191  0.08809385  0.93462812]
519.7234885692596,1005,False,1,3,[-0.68854994 -8.02711355  2.06199164],landing,[ 0.50568378 -0.03156594 -0.11489306]
519.8245832920074,1000,False,5,2,[-7.82656441  7.79374683  2.88960237],entering,[-0.82138112 -0.19970136 -0.21083176]
519.8245832920074,1001,False,6,0,[8.47381667 1.4289278  3.9685252 ],cruising,[-0.48080528  0.59740651 -0.20557775]
519.8245832920074,1002,False,1,5,[5.45149161 1.62779107 1.29757498],waiting,[ 0.5677905  -0.59831228 -0.99408226]
519.8245832920074,1003,False,3,4,[ 7.85939861 -4.2988544   4.        ],exiting,[ 0.63925976  0.24903542 -0.34837281]
519.8245832920074,1004,False,2,6,[-6.75292281 -0.27166305  2.91133408],entering,[-0.62185191  0.08809385  0.93462812]
519.8245832920074,1005,False,1,3,[-0.71164213 -8.02510324  1.96471518],landing,[ 0.50568378 -0.03156594 -0.11489306]
519.9250495433807,1000,False,5,2,[-7.71898251  7.74059294  2.96460237],entering,[-0.82138112 -0.19970136 -0.21083176]
519.9250495433807,1001,False,6,0,[8.48304544 1.22914084 3.97324642],cruising,[-0.48080528  0.59740651 -0.20557775]
519.9250495433807,1002,False,1,5,[5.45149161 1.62779107 1.29757498],waiting,[ 0.5677905  -0.59831228 -0.99408226]
519.9250495433807,1003,False,3,4,[ 7.88699547 -4.39497107  4.        ],exiting,[ 0.63925976  0.24903542 -0.34837281]
519.9250495433807,1004,False,2,6,[-6.63616104 -0.10928482  2.98633408],entering,[-0.62185191  0.08809385  0.93462812]
519.9250495433807,1005,False,1,3,[-0.73473432 -8.02309293  1.86743873],landing,[ 0.50568378 -0.03156594 -0.11489306]
520.0217800140381,1000,False,5,2,[-7.59335515  7.67881575  3.03960237],entering,[-0.82138112 -0.19970136 -0.21083176]
520.0217800140381,1001,False,6,0,[8.48883727 1.02922472 3.97725945],cruising,[-0.48080528  0.59740651 -0.20557775]
520.0217800140381,1002,False,1,5,[5.45149161 1.62779107 1.29757498],waiting,[ 0.5677905  -0.59831228 -0.99408226]
520.0217800140381,1003,False,3,4,[ 7.91459233 -4.49108773  4.        ],exiting,[ 0.63925976  0.24903542 -0.34837281]
520.0217800140381,1004,False,2,6,[-6.52293476  0.05557818  3.06133408],entering,[-0.62185191  0.08809385  0.93462812]
520.0217800140381,1005,False,1,3,[-0.75782651 -8.02108262  1.77016227],landing,[ 0.50568378 -0.03156594 -0.11489306]
520.1348724365234,1000,False,5,2,[-7.44923499  7.60942169  3.11460237],entering,[-0.82138112 -0.19970136 -0.21083176]
520.1348724365234,1001,False,6,0,[8.49366722 0.82928305 3.98067054],cruising,[-0.48080528  0.59740651 -0.20557775]
520.1348724365234,1002,False,1,5,[5.45149161 1.62779107 1.29757498],waiting,[ 0.5677905  -0.59831228 -0.99408226]
520.1348724365234,1003,False,3,4,[ 7.94218919 -4.58720439  4.        ],exiting,[ 0.63925976  0.24903542 -0.34837281]
520.1348724365234,1004,False,2,6,[-6.4138601   0.22321683  3.13633408],entering,[-0.62185191  0.08809385  0.93462812]
520.1348724365234,1005,False,1,3,[-0.78091869 -8.01907231  1.67288581],landing,[ 0.50568378 -0.03156594 -0.11489306]
520.2331488132477,1000,False,5,2,[-7.28639858  7.5329777   3.18960237],entering,[-0.82138112 -0.19970136 -0.21083176]
520.2331488132477,1001,False,6,0,[8.49722557 0.62931471 3.98356996],cruising,[-0.48080528  0.59740651 -0.20557775]
520.2331488132477,1002,False,1,5,[5.45149161 1.62779107 1.29757498],queued,[ 0.5677905  -0.59831228 -0.99408226]
520.2331488132477,1003,False,3,4,[ 7.96978606 -4.68332106  4.        ],exiting,[ 0.63925976  0.24903542 -0.34837281]
520.2331488132477,1004,False,2,6,[-6.30947602  0.39381567  3.21133408],entering,[-0.62185191  0.08809385  0.93462812]
520.2331488132477,1005,False,1,3,[-0.80401088 -8.017062    1.57560935],landing,[ 0.50568378 -0.03156594 -0.11489306]
520.321638584137,1000,False,5,2,[-7.10405965  7.45210068  3.26460237],entering,[-0.82138112 -0.19970136 -0.21083176]
520.321638584137,1001,False,6,0,[8.49718379 0.42931471 3.98603446],cruising,[-0.48080528  0.59740651 -0.20557775]
520.321638584137,1002,False,1,5,[5.45149161 1.62779107 1.31757498],queued,[ 0.5677905  -0.59831228 -0.99408226]
520.321638584137,1003,False,3,4,[ 7.99738292 -4.77943772  4.        ],exiting,[ 0.63925976  0.24903542 -0.34837281]
520.321638584137,1004,False,2,6,[-6.21048598  0.56759994  3.28633408],entering,[-0.62185191  0.08809385  0.93462812]
520.321638584137,1005,False,1,3,[-0.82710307 -8.01505169  1.47833289],fake_landed,[ 0.50568378 -0.03156594 -0.11489306]
520.4280827045441,1000,False,5,2,[-6.92022455  7.37333103  3.33960237],entering,[-0.82138112 -0.19970136 -0.21083176]
520.4280827045441,1001,False,6,0,[8.49582783 0.22931931 3.98812929],cruising,[-0.48080528  0.59740651 -0.20557775]
520.4280827045441,1002,False,1,5,[5.45149161 1.62779107 1.35757498],queued,[ 0.5677905  -0.59831228 -0.99408226]
520.4280827045441,1003,False,3,4,[ 8.02497978 -4.87555439  4.        ],exiting,[ 0.63925976  0.24903542 -0.34837281]
520.4280827045441,1004,False,2,6,[-6.117723    0.74478637  3.36133408],entering,[-0.62185191  0.08809385  0.93462812]
520.4280827045441,1005,False,1,3,[-0.84557682 -8.01344344  1.40051172],fake_landed,[ 0.50568378 -0.03156594 -0.11489306]
520.5224571228027,1000,False,5,2,[-6.73425501  7.2997421   3.41460237],entering,[-0.82138112 -0.19970136 -0.21083176]
520.5224571228027,1001,False,6,0,[8.49293567 0.02934022 3.9899099 ],cruising,[-0.48080528  0.59740651 -0.20557775]
520.5224571228027,1002,False,1,5,[5.45149161 1.62779107 1.41757498],queued,[ 0.5677905  -0.59831228 -0.99408226]
520.5224571228027,1003,False,3,4,[ 8.05257664 -4.97167105  4.        ],exiting,[ 0.63925976  0.24903542 -0.34837281]
520.5224571228027,1004,False,2,6,[-6.03215635  0.9255579   3.43633408],entering,[-0.62185191  0.08809385  0.93462812]
520.5224571228027,1005,False,1,3,[-0.85943214 -8.01223725  1.34214585],fake_landed,[ 0.50568378 -0.03156594 -0.11489306]
520.6294798851013,1000,False,5,2,[-6.54667993  7.23034767  3.48960237],entering,[-0.82138112 -0.19970136 -0.21083176]
520.6294798851013,1001,False,6,0,[ 8.48833143 -0.17060678  3.99142341],cruising,[-0.48080528  0.59740651 -0.20557775]
520.6294798851013,1002,False,1,5,[5.45149161 1.62779107 1.49257498],queued,[ 0.5677905  -0.59831228 -0.99408226]
520.6294798851013,1003,False,3,4,[ 8.0801735  -5.06778772  4.        ],exiting,[ 0.63925976  0.24903542 -0.34837281]
520.6294798851013,1004,False,2,6,[-5.95494209  1.11005169  3.51133408],entering,[-0.62185191  0.08809385  0.93462812]
520.6294798851013,1005,False,1,3,[-0.86866901 -8.01143313  1.30323526],fake_landed,[ 0.50568378 -0.03156594 -0.11489306]
520.7221210002899,1000,False,5,2,[-6.35739846  7.16575258  3.56460237],entering,[-0.82138112 -0.19970136 -0.21083176]
520.7221210002899,1001,False,6,0,[ 8.47982639 -0.37042585  3.9927099 ],cruising,[-0.48080528  0.59740651 -0.20557775]
520.7221210002899,1002,False,1,5,[5.45149161 1.62779107 1.56757498],queued,[ 0.5677905  -0.59831228 -0.99408226]
520.7221210002899,1003,False,3,4,[ 8.10777037 -5.16390438  4.        ],exiting,[ 0.63925976  0.24903542 -0.34837281]
520.7221210002899,1004,False,2,6,[-5.88742879  1.29831203  3.58463397],entering,[-0.62185191  0.08809385  0.93462812]
520.7221210002899,1005,False,1,3,[-0.87328745 -8.01103107  1.28377997],fake_landed,[ 0.50568378 -0.03156594 -0.11489306]
520.823805809021,1000,False,5,2,[-6.16606758  7.10750745  3.62991202],entering,[-0.82138112 -0.19970136 -0.21083176]
520.823805809021,1001,False,6,0,[ 8.46968505 -0.57016857  3.99380342],cruising,[-0.48080528  0.59740651 -0.20557775]
520.823805809021,1002,False,1,5,[5.45149161 1.62779107 1.64257498],queued,[ 0.5677905  -0.59831228 -0.99408226]
520.823805809021,1003,False,3,4,[ 8.13536723 -5.26002105  4.        ],exiting,[ 0.63925976  0.24903542 -0.34837281]
520.823805809021,1004,False,2,6,[-5.83113276  1.49022544  3.64693887],entering,[-0.62185191  0.08809385  0.93462812]
520.823805809021,1005,False,3,1,[-0.87328745 -8.01103107  1.28377997],waiting,[ 0.50568378 -0.03156594 -0.11489306]
520.922646522522,1000,False,5,2,[-5.97247864  7.05727477  3.68542522],entering,[-0.82138112 -0.19970136 -0.21083176]
520.922646522522,1001,False,6,0,[ 8.45772752 -0.7698108   3.9947329 ],cruising,[-0.48080528  0.59740651 -0.20557775]
520.922646522522,1002,False,1,5,[5.45149161 1.62779107 1.71757498],queued,[ 0.5677905  -0.59831228 -0.99408226]
520.922646522522,1003,False,3,4,[ 8.16296409 -5.35613771  4.        ],exiting,[ 0.63925976  0.24903542 -0.34837281]
520.922646522522,1004,False,2,6,[-5.78765882  1.68544331  3.69989804],entering,[-0.62185191  0.08809385  0.93462812]
520.922646522522,1005,False,3,1,[-0.87328745 -8.01103107  1.28377997],waiting,[ 0.50568378 -0.03156594 -0.11489306]
521.0219049453735,1000,False,5,2,[-5.7768957   7.0154739   3.73261143],entering,[-0.82138112 -0.19970136 -0.21083176]
521.0219049453735,1001,False,6,0,[ 8.44379949 -0.96932523  3.99552297],cruising,[-0.48080528  0.59740651 -0.20557775]
521.0219049453735,1002,False,1,5,[5.45149161 1.62779107 1.79257498],queued,[ 0.5677905  -0.59831228 -0.99408226]
521.0219049453735,1003,False,3,4,[ 8.19056095 -5.45225438  4.        ],exiting,[ 0.63925976  0.24903542 -0.34837281]
521.0219049453735,1004,False,2,6,[-5.75854251  1.88331256  3.74491333],entering,[-0.62185191  0.08809385  0.93462812]
521.0219049453735,1005,False,3,1,[-0.87328745 -8.01103107  1.28377997],waiting,[ 0.50568378 -0.03156594 -0.11489306]
521.1246490478516,1000,False,5,2,[-5.579622    6.98256362  3.77271972],entering,[-0.82138112 -0.19970136 -0.21083176]
521.1246490478516,1001,False,6,0,[ 8.42558889 -1.16849444  3.99619452],cruising,[-0.48080528  0.59740651 -0.20557775]
521.1246490478516,1002,False,1,5,[5.45149161 1.62779107 1.86757498],queued,[ 0.5677905  -0.59831228 -0.99408226]
521.1246490478516,1003,False,3,4,[ 8.21815781 -5.54837104  4.        ],exiting,[ 0.63925976  0.24903542 -0.34837281]
521.1246490478516,1004,False,2,6,[-5.74500821  2.08285409  3.78317633],entering,[-0.62185191  0.08809385  0.93462812]
521.1246490478516,1005,False,3,1,[-0.87328745 -8.01103107  1.28377997],waiting,[ 0.50568378 -0.03156594 -0.11489306]
521.2332792282104,1000,False,5,2,[-5.38069309  6.96189265  3.80681176],entering,[-0.82138112 -0.19970136 -0.21083176]
521.2332792282104,1001,False,6,0,[ 8.40545856 -1.36747879  3.99676534],cruising,[-0.48080528  0.59740651 -0.20557775]
521.2332792282104,1002,False,1,5,[5.45149161 1.62779107 1.94257498],queued,[ 0.5677905  -0.59831228 -0.99408226]
521.2332792282104,1003,False,3,4,[ 8.24575468 -5.6444877   4.        ],exiting,[ 0.63925976  0.24903542 -0.34837281]
521.2332792282104,1004,False,2,6,[-5.74683114  2.28284578  3.81569988],entering,[-0.62185191  0.08809385  0.93462812]
521.2332792282104,1005,False,3,1,[-0.87328745 -8.01103107  1.28377997],queued,[ 0.50568378 -0.03156594 -0.11489306]
521.3222851753235,1000,False,5,2,[-5.18095595  6.95164203  3.83579   ],entering,[-0.82138112 -0.19970136 -0.21083176]
521.3222851753235,1001,False,6,0,[ 8.3832057  -1.56623696  3.99725054],cruising,[-0.48080528  0.59740651 -0.20557775]
521.3222851753235,1002,False,1,5,[5.45149161 1.62779107 2.01757498],queued,[ 0.5677905  -0.59831228 -0.99408226]
521.3222851753235,1003,False,3,4,[ 8.27335154 -5.74060437  4.        ],exiting,[ 0.63925976  0.24903542 -0.34837281]
521.3222851753235,1004,False,2,6,[-5.76465704  2.48204979  3.8433449 ],cruising,[-0.62185191  0.08809385  0.93462812]
521.3222851753235,1005,False,3,1,[-0.87328745 -8.01103107  1.30377997],queued,[ 0.50568378 -0.03156594 -0.11489306]
521.4330062866211,1000,False,5,2,[-4.98095595  6.95162525  3.8604215 ],cruising,[-0.82138112 -0.19970136 -0.21083176]
521.4330062866211,1001,False,6,0,[ 8.35628276 -1.76441656  3.99766296],cruising,[-0.48080528  0.59740651 -0.20557775]
521.4330062866211,1002,False,1,5,[5.45149161 1.62779107 2.09257498],queued,[ 0.5677905  -0.59831228 -0.99408226]
521.4330062866211,1003,False,3,4,[ 8.3009484  -5.83672103  4.        ],exiting,[ 0.63925976  0.24903542 -0.34837281]
521.4330062866211,1004,False,2,6,[-5.79628689  2.67953284  3.86684317],cruising,[-0.62185191  0.08809385  0.93462812]
521.4330062866211,1005,False,3,1,[-0.87328745 -8.01103107  1.34377997],queued,[ 0.50568378 -0.03156594 -0.11489306]
521.5219035148621,1000,False,5,2,[-4.78119315  6.96136298  3.88135827],cruising,[-0.82138112 -0.19970136 -0.21083176]
521.5219035148621,1001,False,6,0,[ 8.32716268 -1.96228526  3.99801352],cruising,[-0.48080528  0.59740651 -0.20557775]
521.5219035148621,1002,False,1,5,[5.45149161 1.62779107 2.16757498],queued,[ 0.5677905  -0.59831228 -0.99408226]
521.5219035148621,1003,False,3,4,[ 8.32854526 -5.9328377   4.        ],exiting,[ 0.63925976  0.24903542 -0.34837281]
521.5219035148621,1004,False,2,6,[-5.84114696  2.87443685  3.88681669],cruising,[-0.62185191  0.08809385  0.93462812]
521.5219035148621,1005,False,3,1,[-0.87328745 -8.01103107  1.40377997],queued,[ 0.50568378 -0.03156594 -0.11489306]
521.6266384124756,1000,False,5,2,[-4.58203403  6.97968364  3.89915453],cruising,[-0.82138112 -0.19970136 -0.21083176]
521.6266384124756,1001,False,6,0,[ 8.29558033 -2.1597759   3.99831149],cruising,[-0.48080528  0.59740651 -0.20557775]
521.6266384124756,1002,False,1,5,[5.45149161 1.62779107 2.24257498],queued,[ 0.5677905  -0.59831228 -0.99408226]
521.6266384124756,1003,False,3,4,[ 8.35614212 -6.02895436  4.        ],exiting,[ 0.63925976  0.24903542 -0.34837281]
521.6266384124756,1004,False,2,6,[-5.89554632  3.06689648  3.90379419],cruising,[-0.62185191  0.08809385  0.93462812]
521.6266384124756,1005,False,3,1,[-0.87328745 -8.01103107  1.47877997],queued,[ 0.50568378 -0.03156594 -0.11489306]
521.729017496109,1000,False,5,2,[-4.38364144  7.00498938  3.91428135],cruising,[-0.82138112 -0.19970136 -0.21083176]
521.729017496109,1001,False,6,0,[ 8.25851523 -2.35631134  3.99856477],cruising,[-0.48080528  0.59740651 -0.20557775]
521.729017496109,1002,False,1,5,[5.45149161 1.62779107 2.31757498],queued,[ 0.5677905  -0.59831228 -0.99408226]
521.729017496109,1003,False,3,4,[ 8.38373899 -6.12507103  4.        ],exiting,[ 0.63925976  0.24903542 -0.34837281]
521.729017496109,1004,False,2,6,[-5.95704699  3.25720588  3.91822506],cruising,[-0.62185191  0.08809385  0.93462812]
521.729017496109,1005,False,3,1,[-0.87328745 -8.01103107  1.55377997],queued,[ 0.50568378 -0.03156594 -0.11489306]
521.8292140960693,1000,False,5,2,[-4.18598658  7.03552712  3.92713915],cruising,[-0.82138112 -0.19970136 -0.21083176]
521.8292140960693,1001,False,6,0,[ 8.21876129 -2.55232059  3.99878005],cruising,[-0.48080528  0.59740651 -0.20557775]
521.8292140960693,1002,False,1,5,[5.45149161 1.62779107 2.39257498],queued,[ 0.5677905  -0.59831228 -0.99408226]
521.8292140960693,1003,False,3,4,[ 8.41133585 -6.22118769  4.        ],exiting,[ 0.63925976  0.24903542 -0.34837281]
521.8292140960693,1004,False,2,6,[-6.02325938  3.44592768  3.9304913 ],cruising,[-0.62185191  0.08809385  0.93462812]
521.8292140960693,1005,False,3,1,[-0.87328745 -8.01103107  1.62877997],queued,[ 0.50568378 -0.03156594 -0.11489306]
521.9235746860504,1000,False,5,2,[-3.98890805  7.06958671  3.93806828],cruising,[-0.82138112 -0.19970136 -0.21083176]
521.9235746860504,1001,False,6,0,[ 8.17282495 -2.74697375  3.99896304],cruising,[-0.48080528  0.59740651 -0.20557775]
521.9235746860504,1002,False,1,5,[5.45149161 1.62779107 2.46757498],queued,[ 0.5677905  -0.59831228 -0.99408226]
521.9235746860504,1003,False,3,4,[ 8.43893271 -6.31730436  4.        ],exiting,[ 0.63925976  0.24903542 -0.34837281]
521.9235746860504,1004,False,2,6,[-6.09190902  3.63377663  3.94091761],cruising,[-0.62185191  0.08809385  0.93462812]
521.9235746860504,1005,False,3,1,[-0.87328745 -8.01103107  1.70377997],queued,[ 0.50568378 -0.03156594 -0.11489306]
522.0226602554321,1000,False,5,2,[-3.79217853  7.10560744  3.94735804],cruising,[-0.82138112 -0.19970136 -0.21083176]
522.0226602554321,1001,False,6,0,[ 8.12373482 -2.94085556  3.99911859],cruising,[-0.48080528  0.59740651 -0.20557775]
522.0226602554321,1002,False,1,5,[5.45149161 1.62779107 2.54257498],queued,[ 0.5677905  -0.59831228 -0.99408226]
522.0226602554321,1003,False,3,4,[ 8.46652957 -6.41342102  4.        ],exiting,[ 0.63925976  0.24903542 -0.34837281]
522.0226602554321,1004,False,2,6,[-6.16082066  3.82152962  3.94977996],cruising,[-0.62185191  0.08809385  0.93462812]
522.0226602554321,1005,False,3,1,[-0.87328745 -8.01103107  1.77877997],queued,[ 0.50568378 -0.03156594 -0.11489306]
522.1225159168243,1000,False,5,2,[-3.59511549  7.13975654  3.95525433],cruising,[-0.82138112 -0.19970136 -0.21083176]
522.1225159168243,1001,False,6,0,[ 8.06726233 -3.13271712  3.9992508 ],cruising,[-0.48080528  0.59740651 -0.20557775]
522.1225159168243,1002,False,1,5,[5.45149161 1.62779107 2.61757498],entering,[ 0.5677905  -0.59831228 -0.99408226]
522.1225159168243,1003,False,3,4,[ 8.49412643 -6.50953769  4.        ],exiting,[ 0.63925976  0.24903542 -0.34837281]
522.1225159168243,1004,False,2,6,[-6.22784759  4.00996367  3.95731297],cruising,[-0.62185191  0.08809385  0.93462812]
522.1225159168243,1005,False,3,1,[-0.87328745 -8.01103107  1.85377997],entering,[ 0.50568378 -0.03156594 -0.11489306]
522.2216124534607,1000,False,5,2,[-3.39801887  7.17371124  3.96196618],cruising,[-0.82138112 -0.19970136 -0.21083176]
522.2216124534607,1001,False,6,0,[ 8.00689088 -3.32338775  3.99936318],cruising,[-0.48080528  0.59740651 -0.20557775]
522.2216124534607,1002,False,1,5,[5.47118571 1.6243065  2.69257498],entering,[ 0.5677905  -0.59831228 -0.99408226]
522.2216124534607,1003,False,3,4,[ 8.5217233  -6.60565435  4.        ],exiting,[ 0.63925976  0.24903542 -0.34837281]
522.2216124534607,1004,False,2,6,[-6.29076507  4.19980937  3.96371602],cruising,[-0.62185191  0.08809385  0.93462812]
522.2216124534607,1005,False,3,1,[-0.87977863 -7.99211376  1.92877997],entering,[ 0.50568378 -0.03156594 -0.11489306]
522.3297970294952,1000,False,5,2,[-3.20069077  7.20629378  3.96767125],cruising,[-0.82138112 -0.19970136 -0.21083176]
522.3297970294952,1001,False,6,0,[ 7.93723983 -3.5108677   3.9994587 ],cruising,[-0.48080528  0.59740651 -0.20557775]
522.3297970294952,1002,False,1,5,[5.51056828 1.6173056  2.76757498],entering,[ 0.5677905  -0.59831228 -0.99408226]
522.3297970294952,1003,False,3,4,[ 8.54932016 -6.70177101  4.        ],exiting,[ 0.63925976  0.24903542 -0.34837281]
522.3297970294952,1004,False,2,6,[-6.34713647  4.39170066  3.96915862],cruising,[-0.62185191  0.08809385  0.93462812]
522.3297970294952,1005,False,3,1,[-0.892761   -7.95427914  2.00377997],entering,[ 0.50568378 -0.03156594 -0.11489306]
522.4235842227936,1000,False,5,2,[-3.0025862   7.23376335  3.97252057],cruising,[-0.82138112 -0.19970136 -0.21083176]
522.4235842227936,1001,False,6,0,[ 7.85724194 -3.69417165  3.9995399 ],cruising,[-0.48080528  0.59740651 -0.20557775]
522.4235842227936,1002,False,1,5,[5.5696266  1.60671798 2.84257498],entering,[ 0.5677905  -0.59831228 -0.99408226]
522.4235842227936,1003,False,3,4,[ 8.57691702 -6.79788768  4.        ],exiting,[ 0.63925976  0.24903542 -0.34837281]
522.4235842227936,1004,False,2,6,[-6.38792313  4.58749762  3.97378483],cruising,[-0.62185191  0.08809385  0.93462812]
522.4235842227936,1005,False,3,1,[-0.91223454 -7.89752722  2.07877997],entering,[ 0.50568378 -0.03156594 -0.11489306]
522.5221347808838,1000,False,5,2,[-2.80407656  7.2581339   3.97664248],cruising,[-0.82138112 -0.19970136 -0.21083176]
522.5221347808838,1001,False,6,0,[ 7.76533503 -3.87180363  3.99960891],cruising,[-0.48080528  0.59740651 -0.20557775]
522.5221347808838,1002,False,1,5,[5.64828677 1.59215954 2.91757498],entering,[ 0.5677905  -0.59831228 -0.99408226]
522.5221347808838,1003,False,3,4,[ 8.60451388 -6.89400434  4.        ],exiting,[ 0.63925976  0.24903542 -0.34837281]
522.5221347808838,1004,False,2,6,[-6.41564136  4.78556755  3.9777171 ],cruising,[-0.62185191  0.08809385  0.93462812]
522.5221347808838,1005,False,3,1,[-0.93819927 -7.82185799  2.15377997],entering,[ 0.50568378 -0.03156594 -0.11489306]
522.6220173835754,1000,False,5,2,[-2.60480548  7.27519365  3.98014611],cruising,[-0.82138112 -0.19970136 -0.21083176]
522.6220173835754,1001,False,6,0,[ 7.65940034 -4.04144396  3.99966758],cruising,[-0.48080528  0.59740651 -0.20557775]
522.6220173835754,1002,False,1,5,[5.74646773 1.5732492  2.99257498],entering,[ 0.5677905  -0.59831228 -0.99408226]
522.6220173835754,1003,False,3,4,[ 8.63211075 -6.99012101  4.        ],exiting,[ 0.63925976  0.24903542 -0.34837281]
522.6220173835754,1004,False,2,6,[-6.42341186  4.98501934  3.98122706],cruising,[-0.62185191  0.08809385  0.93462812]
522.6220173835754,1005,False,3,1,[-0.97065519 -7.72727144  2.22877997],entering,[ 0.50568378 -0.03156594 -0.11489306]
522.7233526706696,1000,False,5,2,[-2.40516432  7.28716903  3.98312419],cruising,[-0.82138112 -0.19970136 -0.21083176]
522.7233526706696,1001,False,6,0,[ 7.53706235 -4.19964176  3.99971759],cruising,[-0.48080528  0.59740651 -0.20557775]
522.7233526706696,1002,False,1,5,[5.86402851 1.54939696 3.06757498],entering,[ 0.5677905  -0.59831228 -0.99408226]
522.7233526706696,1003,False,3,4,[ 8.65970761 -7.08623767  4.        ],landing,[ 0.63925976  0.24903542 -0.34837281]
522.7233526706696,1004,False,2,6,[-6.41122785  5.1831577   3.98443332],cruising,[-0.62185191  0.08809385  0.93462812]
522.7233526706696,1005,False,3,1,[-1.00960228 -7.61376759  2.30377997],entering,[ 0.50568378 -0.03156594 -0.11489306]
522.8361570835114,1000,False,5,2,[-2.20516995  7.28866947  3.98565556],cruising,[-0.82138112 -0.19970136 -0.21083176]
522.8361570835114,1001,False,6,0,[ 7.39974268 -4.34459007  3.99976184],cruising,[-0.48080528  0.59740651 -0.20557775]
522.8361570835114,1002,False,1,5,[6.00078363 1.51992533 3.14257498],entering,[ 0.5677905  -0.59831228 -0.99408226]
522.8361570835114,1003,False,3,4,[ 8.68038301 -7.1701107   3.98578076],landing,[ 0.63925976  0.24903542 -0.34837281]
522.8361570835114,1004,False,2,6,[-6.37942456  5.37742139  3.98737287],cruising,[-0.62185191  0.08809385  0.93462812]
522.8361570835114,1005,False,3,1,[-1.05504055 -7.48134644  2.37877997],entering,[ 0.50568378 -0.03156594 -0.11489306]
522.9247813224792,1000,False,5,2,[-2.00581339  7.27263942  3.98780723],cruising,[-0.82138112 -0.19970136 -0.21083176]
522.9247813224792,1001,False,6,0,[ 7.24987361 -4.47396555  3.99980307],cruising,[-0.48080528  0.59740651 -0.20557775]
522.9247813224792,1002,False,1,5,[6.15605848 1.48290259 3.21757498],entering,[ 0.5677905  -0.59831228 -0.99408226]
522.9247813224792,1003,False,3,4,[ 8.69412453 -7.24156243  3.95750333],landing,[ 0.63925976  0.24903542 -0.34837281]
522.9247813224792,1004,False,2,6,[-6.32863001  5.56541864  3.99005956],cruising,[-0.62185191  0.08809385  0.93462812]
522.9247813224792,1005,False,3,1,[-1.10697001 -7.33000797  2.45377997],entering,[ 0.50568378 -0.03156594 -0.11489306]
523.0216817855835,1000,False,5,2,[-1.80890024  7.2376364   3.98963614],cruising,[-0.82138112 -0.19970136 -0.21083176]
523.0216817855835,1001,False,6,0,[ 7.08935888 -4.58640971  3.99984128],cruising,[-0.48080528  0.59740651 -0.20557775]
523.0216817855835,1002,False,1,5,[6.32893416 1.43638191 3.29257498],entering,[ 0.5677905  -0.59831228 -0.99408226]
523.0216817855835,1003,False,3,4,[ 8.70091861 -7.3003827   3.91536304],landing,[ 0.63925976  0.24903542 -0.34837281]
523.0216817855835,1004,False,2,6,[-6.25973318  5.74491614  3.99249888],cruising,[-0.62185191  0.08809385  0.93462812]
523.0216817855835,1005,False,3,1,[-1.16539065 -7.1597522   2.52877997],entering,[ 0.50568378 -0.03156594 -0.11489306]
523.122665643692,1000,False,5,2,[-1.6156479   7.18612394  3.99119072],cruising,[-0.82138112 -0.19970136 -0.21083176]
523.122665643692,1001,False,6,0,[ 6.92025182 -4.68079364  3.99987641],cruising,[-0.48080528  0.59740651 -0.20557775]
523.122665643692,1002,False,1,5,[6.51530852 1.37510366 3.36757498],entering,[ 0.5677905  -0.59831228 -0.99408226]
523.122665643692,1003,False,3,4,[ 8.70074859 -7.34628022  3.85963952],landing,[ 0.63925976  0.24903542 -0.34837281]
523.122665643692,1004,False,2,6,[-6.1737713   5.91398696  3.99467572],cruising,[-0.62185191  0.08809385  0.93462812]
523.122665643692,1005,False,3,1,[-1.23155612 -6.97105685  2.60377997],entering,[ 0.50568378 -0.03156594 -0.11489306]
523.2273833751678,1000,False,5,2,[-1.42665075  7.12070165  3.99251211],cruising,[-0.82138112 -0.19970136 -0.21083176]
523.2273833751678,1001,False,6,0,[ 6.74469955 -4.75624455  3.99990843],cruising,[-0.48080528  0.59740651 -0.20557775]
523.2273833751678,1002,False,1,5,[6.7022761  1.30408872 3.44257498],entering,[ 0.5677905  -0.59831228 -0.99408226]
523.2273833751678,1003,False,3,4,[ 8.69360322 -7.37902583  3.7905604 ],landing,[ 0.63925976  0.24903542 -0.34837281]
523.2273833751678,1004,False,2,6,[-6.07190529  6.0709338   3.99659299],cruising,[-0.62185191  0.08809385  0.93462812]
523.2273833751678,1005,False,3,1,[-1.29773744 -6.78232415  2.67877997],entering,[ 0.50568378 -0.03156594 -0.11489306]
523.3219697475433,1000,False,5,2,[-1.24198991  7.04388775  3.9936353 ],cruising,[-0.82138112 -0.19970136 -0.21083176]
523.3219697475433,1001,False,6,0,[ 6.5648901  -4.8121538   3.99993725],cruising,[-0.48080528  0.59740651 -0.20557775]
523.3219697475433,1002,False,1,5,[6.88525287 1.22334527 3.51757498],entering,[ 0.5677905  -0.59831228 -0.99408226]
523.3219697475433,1003,False,3,4,[ 8.67947322 -7.39839839  3.70835207],landing,[ 0.63925976  0.24903542 -0.34837281]
523.3219697475433,1004,False,2,6,[-5.95503465  6.21465994  3.99823744],cruising,[-0.62185191  0.08809385  0.93462812]
523.3219697475433,1005,False,3,1,[-1.36391875 -6.59359145  2.75377997],entering,[ 0.50568378 -0.03156594 -0.11489306]
523.4294621944427,1000,False,5,2,[-1.05995998  6.96103184  3.99459   ],cruising,[-0.82138112 -0.19970136 -0.21083176]
523.4294621944427,1001,False,6,0,[ 6.38303478 -4.84816796  3.99996278],cruising,[-0.48080528  0.59740651 -0.20557775]
523.4294621944427,1002,False,1,5,[7.06324406 1.13213599 3.58993873],entering,[ 0.5677905  -0.59831228 -0.99408226]
523.4294621944427,1003,False,3,4,[ 8.65835091 -7.40417484  3.61324982],landing,[ 0.63925976  0.24903542 -0.34837281]
523.4294621944427,1004,False,2,6,[-5.82404975  6.34421898  3.99959785],cruising,[-0.62185191  0.08809385  0.93462812]
523.4294621944427,1005,False,3,1,[-1.4308818  -6.40513469  2.82877997],entering,[ 0.50568378 -0.03156594 -0.11489306]
523.5217461585999,1000,False,5,2,[-0.88196884  6.86982243  3.9954015 ],cruising,[-0.82138112 -0.19970136 -0.21083176]
523.5217461585999,1001,False,6,0,[ 6.20051858 -4.86419305  3.99998471],cruising,[-0.48080528  0.59740651 -0.20557775]
523.5217461585999,1002,False,1,5,[7.23501739 1.02969614 3.65144792],entering,[ 0.5677905  -0.59831228 -0.99408226]
523.5217461585999,1003,False,3,4,[ 8.6359544  -7.40743472  3.51584463],landing,[ 0.63925976  0.24903542 -0.34837281]
523.5217461585999,1004,False,2,6,[-5.67979693  6.45881553  4.0006645 ],cruising,[-0.62185191  0.08809385  0.93462812]
523.5217461585999,1005,False,3,1,[-1.49837802 -6.21686822  2.90377997],entering,[ 0.50568378 -0.03156594 -0.11489306]
523.6308207511902,1000,False,5,2,[-0.70731906  6.77236755  3.99609128],cruising,[-0.82138112 -0.19970136 -0.21083176]
523.6308207511902,1001,False,6,0,[ 6.01880082 -4.86023408  4.00000296],cruising,[-0.48080528  0.59740651 -0.20557775]
523.6308207511902,1002,False,1,5,[7.40032888 0.91712566 3.70373074],entering,[ 0.5677905  -0.59831228 -0.99408226]
523.6308207511902,1003,False,3,4,[ 8.6135579  -7.41069461  3.41843945],landing,[ 0.63925976  0.24903542 -0.34837281]
523.6308207511902,1004,False,2,6,[-5.52304498  6.55780181  4.00142877],cruising,[-0.62185191  0.08809385  0.93462812]
523.6308207511902,1005,False,3,1,[-1.56587423 -6.02860176  2.97877997],entering,[ 0.50568378 -0.03156594 -0.11489306]
523.7232513427734,1000,False,5,2,[-0.53433169  6.6719914   3.99667759],cruising,[-0.82138112 -0.19970136 -0.21083176]
523.7232513427734,1001,False,6,0,[ 5.8390729  -4.83637435  4.00001742],cruising,[-0.48080528  0.59740651 -0.20557775]
523.7232513427734,1002,False,1,5,[7.55618723 0.79179341 3.74817112],entering,[ 0.5677905  -0.59831228 -0.99408226]
523.7232513427734,1003,False,3,4,[ 8.59116139 -7.41395449  3.32103427],landing,[ 0.63925976  0.24903542 -0.34837281]
523.7232513427734,1004,False,2,6,[-5.35448196  6.64065108  4.00188438],cruising,[-0.62185191  0.08809385  0.93462812]
523.7232513427734,1005,False,3,1,[-1.63464669 -5.84079775  3.05377997],entering,[ 0.50568378 -0.03156594 -0.11489306]
523.8328065872192,1000,False,5,2,[-0.3636178   6.5677956   3.99717595],cruising,[-0.82138112 -0.19970136 -0.21083176]
523.8328065872192,1001,False,6,0,[ 5.66187205 -4.79267491  4.0000278 ],cruising,[-0.48080528  0.59740651 -0.20557775]
523.8328065872192,1002,False,1,5,[7.70061577 0.65344458 3.78594546],entering,[ 0.5677905  -0.59831228 -0.99408226]
523.8328065872192,1003,False,3,4,[ 8.56876489 -7.41721438  3.22362908],landing,[ 0.63925976  0.24903542 -0.34837281]
523.8328065872192,1004,False,2,6,[-5.17495598  6.70677539  4.00204105],cruising,[-0.62185191  0.08809385  0.93462812]
523.8328065872192,1005,False,3,1,[-1.70341916 -5.65299373  3.12877997],entering,[ 0.50568378 -0.03156594 -0.11489306]
523.9335162639618,1000,False,5,2,[-0.19435712  6.46125536  3.99759956],cruising,[-0.82138112 -0.19970136 -0.21083176]
523.9335162639618,1001,False,6,0,[ 5.48793327 -4.72924329  4.00003395],cruising,[-0.48080528  0.59740651 -0.20557775]
523.9335162639618,1002,False,1,5,[7.83162468 0.50232652 3.81805364],entering,[ 0.5677905  -0.59831228 -0.99408226]
523.9335162639618,1003,False,3,4,[ 8.54636838 -7.42047427  3.1262239 ],landing,[ 0.63925976  0.24903542 -0.34837281]
523.9335162639618,1004,False,2,6,[-4.98448562  6.75616286  4.00188369],cruising,[-0.62185191  0.08809385  0.93462812]
523.9335162639618,1005,False,3,1,[-1.77333296 -5.46561161  3.20377997],entering,[ 0.50568378 -0.03156594 -0.11489306]
524.0367486476898,1000,False,5,2,[-0.02552077  6.35404394  3.99795962],cruising,[-0.82138112 -0.19970136 -0.21083176]
524.0367486476898,1001,False,6,0,[ 5.31705737 -4.6460476   4.00003538],cruising,[-0.48080528  0.59740651 -0.20557775]
524.0367486476898,1002,False,1,5,[7.94749658 0.3393121  3.84534559],entering,[ 0.5677905  -0.59831228 -0.99408226]
524.0367486476898,1003,False,3,4,[ 8.52397188 -7.42373415  3.02881872],landing,[ 0.63925976  0.24903542 -0.34837281]
524.0367486476898,1004,False,2,6,[-4.78949788  6.80065759  4.00160114],cruising,[-0.62185191  0.08809385  0.93462812]
524.0367486476898,1005,False,3,1,[-1.84278731 -5.2780587   3.27877997],entering,[ 0.50568378 -0.03156594 -0.11489306]
524.1291873455048,1000,False,5,2,[0.14298667 6.24631631 3.99826568],cruising,[-0.82138112 -0.19970136 -0.21083176]
524.1291873455048,1001,False,6,0,[ 5.14871731 -4.54301332  4.00003168],cruising,[-0.48080528  0.59740651 -0.20557775]
524.1291873455048,1002,False,1,5,[8.04711106 0.16588501 3.86854375],cruising,[ 0.5677905  -0.59831228 -0.99408226]
524.1291873455048,1003,False,3,4,[ 8.50157537 -7.42699404  2.93141353],landing,[ 0.63925976  0.24903542 -0.34837281]
524.1291873455048,1004,False,2,6,[-4.59537391  6.84878123  4.00136097],cruising,[-0.62185191  0.08809385  0.93462812]
524.1291873455048,1005,False,3,1,[-1.91370482 -5.09105413  3.35377997],entering,[ 0.50568378 -0.03156594 -0.11489306]
524.2280836105347,1000,False,5,2,[0.31175299 6.13899469 3.99852583],cruising,[-0.82138112 -0.19970136 -0.21083176]
524.2280836105347,1001,False,6,0,[ 4.97680034 -4.44081471  4.00002693],cruising,[-0.48080528  0.59740651 -0.20557775]
524.2280836105347,1002,False,1,5,[ 8.12914091 -0.01646997  3.88841419],cruising,[ 0.5677905  -0.59831228 -0.99408226]
524.2280836105347,1003,False,3,4,[ 8.47917886 -7.43025392  2.83400835],landing,[ 0.63925976  0.24903542 -0.34837281]
524.2280836105347,1004,False,2,6,[-4.4018005   6.89907373  4.00115682],cruising,[-0.62185191  0.08809385  0.93462812]
524.2280836105347,1005,False,3,1,[-1.9852418  -4.90428567  3.42877997],entering,[ 0.50568378 -0.03156594 -0.11489306]
524.3229253292084,1000,False,5,2,[0.48103282 6.03248488 3.99874695],cruising,[-0.82138112 -0.19970136 -0.21083176]
524.3229253292084,1001,False,6,0,[ 4.80206307 -4.34351679  4.00002289],cruising,[-0.48080528  0.59740651 -0.20557775]
524.3229253292084,1002,False,1,5,[ 8.19444878 -0.20550669  3.90515206],cruising,[ 0.5677905  -0.59831228 -0.99408226]
524.3229253292084,1003,False,3,4,[ 8.45678236 -7.43351381  2.73660317],landing,[ 0.63925976  0.24903542 -0.34837281]
524.3229253292084,1004,False,2,6,[-4.20845954  6.95025256  4.0009833 ],cruising,[-0.62185191  0.08809385  0.93462812]
524.3229253292084,1005,False,3,1,[-2.05704134 -4.71761798  3.50377997],entering,[ 0.50568378 -0.03156594 -0.11489306]
524.4239737987518,1000,False,5,2,[0.65145969 5.92782028 3.99893491],cruising,[-0.82138112 -0.19970136 -0.21083176]
524.4239737987518,1001,False,6,0,[ 4.62418371 -4.25208959  4.00001945],cruising,[-0.48080528  0.59740651 -0.20557775]
524.4239737987518,1002,False,1,5,[ 8.24521079 -0.39895751  3.91937925],cruising,[ 0.5677905  -0.59831228 -0.99408226]
524.4239737987518,1003,False,3,4,[ 8.43438585 -7.4367737   2.63919799],landing,[ 0.63925976  0.24903542 -0.34837281]
524.4239737987518,1004,False,2,6,[-4.01443204  6.99876371  4.0008358 ],cruising,[-0.62185191  0.08809385  0.93462812]
524.4239737987518,1005,False,3,1,[-2.12873289 -4.53090879  3.57821298],entering,[ 0.50568378 -0.03156594 -0.11489306]
524.5223097801208,1000,False,5,2,[0.82301502 5.82501576 3.99909467],cruising,[-0.82138112 -0.19970136 -0.21083176]
524.5223097801208,1001,False,6,0,[ 4.44473556 -4.16378127  4.00001654],cruising,[-0.48080528  0.59740651 -0.20557775]
524.5223097801208,1002,False,1,5,[ 8.28298779 -0.59535735  3.93147236],cruising,[ 0.5677905  -0.59831228 -0.99408226]
524.5223097801208,1003,False,3,4,[ 8.41198935 -7.44003358  2.5417928 ],landing,[ 0.63925976  0.24903542 -0.34837281]
524.5223097801208,1004,False,2,6,[-3.82024363  7.04662663  4.00071043],cruising,[-0.62185191  0.08809385  0.93462812]
524.5223097801208,1005,False,3,1,[-2.19878933 -4.34357995  3.64148103],entering,[ 0.50568378 -0.03156594 -0.11489306]
524.6306955814362,1000,False,5,2,[0.99661794 5.72570802 3.99923047],cruising,[-0.82138112 -0.19970136 -0.21083176]
524.6306955814362,1001,False,6,0,[ 4.26343663 -4.0793378   4.00001406],cruising,[-0.48080528  0.59740651 -0.20557775]
524.6306955814362,1002,False,1,5,[ 8.30941866 -0.79360318  3.94175151],cruising,[ 0.5677905  -0.59831228 -0.99408226]
524.6306955814362,1003,False,3,4,[ 8.38959284 -7.44329347  2.44438762],landing,[ 0.63925976  0.24903542 -0.34837281]
524.6306955814362,1004,False,2,6,[-3.62567559  7.09292219  4.00060387],cruising,[-0.62185191  0.08809385  0.93462812]
524.6306955814362,1005,False,3,1,[-2.26347603 -4.15432977  3.69525888],entering,[ 0.50568378 -0.03156594 -0.11489306]
524.7219483852386,1000,False,5,2,[1.17184974 5.62930358 3.9993459 ],cruising,[-0.82138112 -0.19970136 -0.21083176]
524.7219483852386,1001,False,6,0,[ 4.08127804 -3.99676511  4.00001195],cruising,[-0.48080528  0.59740651 -0.20557775]
524.7219483852386,1002,False,1,5,[ 8.32392573 -0.99307635  3.95048878],cruising,[ 0.5677905  -0.59831228 -0.99408226]
524.7219483852386,1003,False,3,4,[ 8.36719634 -7.44655335  2.34698244],landing,[ 0.63925976  0.24903542 -0.34837281]
524.7219483852386,1004,False,2,6,[-3.43003087  7.13443294  4.00051329],cruising,[-0.62185191  0.08809385  0.93462812]
524.7219483852386,1005,False,3,1,[-2.32600011 -3.96435414  3.74097004],entering,[ 0.50568378 -0.03156594 -0.11489306]
524.8253984451294,1000,False,5,2,[1.3489418  5.53636057 3.99944402],cruising,[-0.82138112 -0.19970136 -0.21083176]
524.8253984451294,1001,False,6,0,[ 3.89800877 -3.91668782  4.00001016],cruising,[-0.48080528  0.59740651 -0.20557775]
524.8253984451294,1002,False,1,5,[ 8.33027369 -1.19297558  3.95791546],cruising,[ 0.5677905  -0.59831228 -0.99408226]
524.8253984451294,1003,False,3,4,[ 8.34479983 -7.44981324  2.24957725],landing,[ 0.63925976  0.24903542 -0.34837281]
524.8253984451294,1004,False,2,6,[-3.23383153  7.17323784  4.00043629],cruising,[-0.62185191  0.08809385  0.93462812]
524.8253984451294,1005,False,3,1,[-2.38768447 -3.7741042   3.77982454],entering,[ 0.50568378 -0.03156594 -0.11489306]
524.9292023181915,1000,False,5,2,[1.52908099 5.44947056 3.99952741],cruising,[-0.82138112 -0.19970136 -0.21083176]
524.9292023181915,1001,False,6,0,[ 3.71421209 -3.83782856  4.00000863],cruising,[-0.48080528  0.59740651 -0.20557775]
524.9292023181915,1002,False,1,5,[ 8.32951916 -1.39297416  3.96422814],cruising,[ 0.5677905  -0.59831228 -0.99408226]
524.9292023181915,1003,False,3,4,[ 8.32240332 -7.45307312  2.15217207],landing,[ 0.63925976  0.24903542 -0.34837281]
524.9292023181915,1004,False,2,6,[-3.03697312  7.20854739  4.00037085],cruising,[-0.62185191  0.08809385  0.93462812]
524.9292023181915,1005,False,3,1,[-2.44884348 -3.58368472  3.81285086],cruising,[ 0.50568378 -0.03156594 -0.11489306]
525.0237877368927,1000,False,5,2,[1.71134849 5.36713857 3.9995983 ],cruising,[-0.82138112 -0.19970136 -0.21083176]
525.0237877368927,1001,False,6,0,[ 3.52970245 -3.76065218  4.00000734],cruising,[-0.48080528  0.59740651 -0.20557775]
525.0237877368927,1002,False,1,5,[ 8.32023815 -1.5927587   3.96959392],cruising,[ 0.5677905  -0.59831228 -0.99408226]
525.0237877368927,1003,False,3,4,[ 8.30000682 -7.45633301  2.05476689],landing,[ 0.63925976  0.24903542 -0.34837281]
525.0237877368927,1004,False,2,6,[-2.83897694  7.2367877   4.00031522],cruising,[-0.62185191  0.08809385  0.93462812]
525.0237877368927,1005,False,3,1,[-2.50411699 -3.39147432  3.84092323],cruising,[ 0.50568378 -0.03156594 -0.11489306]
525.1239743232727,1000,False,5,2,[1.89588922 5.29003657 3.99965856],cruising,[-0.82138112 -0.19970136 -0.21083176]
525.1239743232727,1001,False,6,0,[ 3.34476387 -3.68450942  4.00000624],cruising,[-0.48080528  0.59740651 -0.20557775]
525.1239743232727,1002,False,1,5,[ 8.30565265 -1.79222615  3.97415483],cruising,[ 0.5677905  -0.59831228 -0.99408226]
525.1239743232727,1003,False,3,4,[ 8.27761031 -7.4595929   1.9573617 ],landing,[ 0.63925976  0.24903542 -0.34837281]
525.1239743232727,1004,False,2,6,[-2.64035961  7.26026443  4.00026794],cruising,[-0.62185191  0.08809385  0.93462812]
525.1239743232727,1005,False,3,1,[-2.54969398 -3.19673671  3.86478474],cruising,[ 0.50568378 -0.03156594 -0.11489306]
525.2225315570831,1000,False,5,2,[2.08388115 5.22177946 3.99970977],cruising,[-0.82138112 -0.19970136 -0.21083176]
525.2225315570831,1001,False,6,0,[ 3.15932143 -3.60960212  4.0000053 ],cruising,[-0.48080528  0.59740651 -0.20557775]
525.2225315570831,1002,False,1,5,[ 8.28618087 -1.99127602  3.97803161],cruising,[ 0.5677905  -0.59831228 -0.99408226]
525.2225315570831,1003,False,3,4,[ 8.25521381 -7.46285278  1.85995652],landing,[ 0.63925976  0.24903542 -0.34837281]
525.2225315570831,1004,False,2,6,[-2.44087251  7.27457865  4.00022775],cruising,[-0.62185191  0.08809385  0.93462812]
525.2225315570831,1005,False,3,1,[-2.59373732 -3.00164651  3.88506703],cruising,[ 0.50568378 -0.03156594 -0.11489306]
525.3214292526245,1000,False,5,2,[2.27441553 5.16097937 3.99975331],cruising,[-0.82138112 -0.19970136 -0.21083176]
525.3214292526245,1001,False,6,0,[ 2.97337772 -3.53594796  4.00000451],cruising,[-0.48080528  0.59740651 -0.20557775]
525.3214292526245,1002,False,1,5,[ 8.25950467 -2.18948898  3.98132687],cruising,[ 0.5677905  -0.59831228 -0.99408226]
525.3214292526245,1003,False,3,4,[ 8.2328173  -7.46611267  1.76255134],landing,[ 0.63925976  0.24903542 -0.34837281]
525.3214292526245,1004,False,2,6,[-2.2409081   7.27835142  4.00019359],cruising,[-0.62185191  0.08809385  0.93462812]
525.3214292526245,1005,False,3,1,[-2.63700387 -2.80638257  3.90230698],cruising,[ 0.50568378 -0.03156594 -0.11489306]
525.4221796989441,1000,False,5,2,[2.46799221 5.11069946 3.99979031],cruising,[-0.82138112 -0.19970136 -0.21083176]
525.4221796989441,1001,False,6,0,[ 2.7868426  -3.4638047   4.00000383],cruising,[-0.48080528  0.59740651 -0.20557775]
525.4221796989441,1002,False,1,5,[ 8.22870262 -2.38710283  3.98412784],cruising,[ 0.5677905  -0.59831228 -0.99408226]
525.4221796989441,1003,False,3,4,[ 8.2104208  -7.46937255  1.66514616],landing,[ 0.63925976  0.24903542 -0.34837281]
525.4221796989441,1004,False,2,6,[-2.0413702   7.26476371  4.00016455],cruising,[-0.62185191  0.08809385  0.93462812]
525.4221796989441,1005,False,3,1,[-2.67748754 -2.61052275  3.91696093],cruising,[ 0.50568378 -0.03156594 -0.11489306]
525.5219140052795,1000,False,5,2,[2.66368156 5.06939959 3.99982176],cruising,[-0.82138112 -0.19970136 -0.21083176]
525.5219140052795,1001,False,6,0,[ 2.59982976 -3.39290904  4.00000326],cruising,[-0.48080528  0.59740651 -0.20557775]
525.5219140052795,1002,False,1,5,[ 8.19377663 -2.58402966  3.98650866],cruising,[ 0.5677905  -0.59831228 -0.99408226]
525.5219140052795,1003,False,3,4,[ 8.18802429 -7.47263244  1.56774097],landing,[ 0.63925976  0.24903542 -0.34837281]
525.5219140052795,1004,False,2,6,[-1.8440155   7.23234266  4.00013987],cruising,[-0.62185191  0.08809385  0.93462812]
525.5219140052795,1005,False,3,1,[-2.71934623 -2.41495217  3.92941679],cruising,[ 0.50568378 -0.03156594 -0.11489306]
525.6312527656555,1000,False,5,2,[2.86080614 5.03560758 3.9998485 ],cruising,[-0.82138112 -0.19970136 -0.21083176]
525.6312527656555,1001,False,6,0,[ 2.41202991 -3.32412518  4.00000277],cruising,[-0.48080528  0.59740651 -0.20557775]
525.6312527656555,1002,False,1,5,[ 8.15139854 -2.77948835  3.98853236],cruising,[ 0.5677905  -0.59831228 -0.99408226]
525.6312527656555,1003,False,3,4,[ 8.16562778 -7.47589233  1.47033579],fake_landed,[ 0.63925976  0.24903542 -0.34837281]
525.6312527656555,1004,False,2,6,[-1.64883945  7.18868139  4.00011889],cruising,[-0.62185191  0.08809385  0.93462812]
525.6312527656555,1005,False,3,1,[-2.76283065 -2.21973664  3.94000427],cruising,[ 0.50568378 -0.03156594 -0.11489306]
525.7223608493805,1000,False,5,2,[3.05888695 5.00796717 3.99987122],cruising,[-0.82138112 -0.19970136 -0.21083176]
525.7223608493805,1001,False,6,0,[ 2.22329641 -3.25794615  4.00000235],cruising,[-0.48080528  0.59740651 -0.20557775]
525.7223608493805,1002,False,1,5,[ 8.10498195 -2.97402754  3.99025251],cruising,[ 0.5677905  -0.59831228 -0.99408226]
525.7223608493805,1003,False,3,4,[ 8.14771058 -7.47850023  1.39241164],fake_landed,[ 0.63925976  0.24903542 -0.34837281]
525.7223608493805,1004,False,2,6,[-1.45791347  7.12912241  4.00010105],cruising,[-0.62185191  0.08809385  0.93462812]
525.7223608493805,1005,False,3,1,[-2.80744679 -2.02477664  3.94900363],cruising,[ 0.50568378 -0.03156594 -0.11489306]
525.824479341507,1000,False,5,2,[3.25759334 4.98525661 3.99989054],cruising,[-0.82138112 -0.19970136 -0.21083176]
525.824479341507,1001,False,6,0,[ 2.03396549 -3.19349615  4.000002  ],cruising,[-0.48080528  0.59740651 -0.20557775]
525.824479341507,1002,False,1,5,[ 8.05032352 -3.16641376  3.99171463],cruising,[ 0.5677905  -0.59831228 -0.99408226]
525.824479341507,1003,False,3,4,[ 8.13427268 -7.48045617  1.33396853],fake_landed,[ 0.63925976  0.24903542 -0.34837281]
525.824479341507,1004,False,2,6,[-1.27154278  7.05655543  4.0000859 ],cruising,[-0.62185191  0.08809385  0.93462812]
525.824479341507,1005,False,3,1,[-2.85494299 -1.8304982   3.95665309],cruising,[ 0.50568378 -0.03156594 -0.11489306]
525.921811580658,1000,False,5,2,[3.45670136 4.96638878 3.99990696],cruising,[-0.82138112 -0.19970136 -0.21083176]
525.921811580658,1001,False,6,0,[ 1.84336163 -3.13291423  4.0000017 ],cruising,[-0.48080528  0.59740651 -0.20557775]
525.921811580658,1002,False,1,5,[ 7.98699127 -3.3561215   3.99295744],cruising,[ 0.5677905  -0.59831228 -0.99408226]
525.921811580658,1003,False,3,4,[ 8.12531407 -7.48176012  1.29500646],fake_landed,[ 0.63925976  0.24903542 -0.34837281]
525.921811580658,1004,False,2,6,[-1.08954844  6.97362138  4.00007301],cruising,[-0.62185191  0.08809385  0.93462812]
525.921811580658,1005,False,3,1,[-2.90559277 -1.63701797  3.96315512],cruising,[ 0.50568378 -0.03156594 -0.11489306]
526.0223190784454,1000,False,5,2,[3.65606131 4.95040092 3.99992092],cruising,[-0.82138112 -0.19970136 -0.21083176]
526.0223190784454,1001,False,6,0,[ 1.65129933 -3.07712826  4.00000144],cruising,[-0.48080528  0.59740651 -0.20557775]
526.0223190784454,1002,False,1,5,[ 7.91886556 -3.54416109  3.99401382],cruising,[ 0.5677905  -0.59831228 -0.99408226]
526.0223190784454,1003,False,3,4,[ 8.12083477 -7.4824121   1.27552542],fake_landed,[ 0.63925976  0.24903542 -0.34837281]
526.0223190784454,1004,False,2,6,[-0.91144254  6.88263627  4.00006206],cruising,[-0.62185191  0.08809385  0.93462812]
526.0223190784454,1005,False,3,1,[-2.95973119 -1.44448478  3.96868186],cruising,[ 0.50568378 -0.03156594 -0.11489306]
526.1254334449768,1000,False,5,2,[3.85557337 4.93643895 3.99993278],cruising,[-0.82138112 -0.19970136 -0.21083176]
526.1254334449768,1001,False,6,0,[ 1.4575854  -3.02737978  4.00000123],cruising,[-0.48080528  0.59740651 -0.20557775]
526.1254334449768,1002,False,1,5,[ 7.83965097 -3.7278049   3.99491175],cruising,[ 0.5677905  -0.59831228 -0.99408226]
526.1254334449768,1003,False,3,4,[ 8.12083477 -7.4824121   1.27552542],fake_landed,[ 0.63925976  0.24903542 -0.34837281]
526.1254334449768,1004,False,2,6,[-0.73544422  6.78763842  4.00005275],cruising,[-0.62185191  0.08809385  0.93462812]
526.1254334449768,1005,False,3,1,[-3.01773415 -1.25308034  3.97337958],cruising,[ 0.50568378 -0.03156594 -0.11489306]
526.2219977378845,1000,False,5,2,[4.05516978 4.92373958 3.99994286],cruising,[-0.82138112 -0.19970136 -0.21083176]
526.2219977378845,1001,False,6,0,[ 1.26204722 -2.98536999  4.00000104],cruising,[-0.48080528  0.59740651 -0.20557775]
526.2219977378845,1002,False,1,5,[ 7.74788264 -3.90550851  3.99567499],cruising,[ 0.5677905  -0.59831228 -0.99408226]
526.2219977378845,1003,False,4,3,[ 8.12083477 -7.4824121   1.27552542],waiting,[ 0.63925976  0.24903542 -0.34837281]
526.2219977378845,1004,False,2,6,[-0.56245231  6.6872701   4.00004484],cruising,[-0.62185191  0.08809385  0.93462812]
526.2219977378845,1005,False,3,1,[-3.08000095 -1.06302023  3.97737264],cruising,[ 0.50568378 -0.03156594 -0.11489306]
526.3224291801453,1000,False,5,2,[4.25480175 4.91161199 3.99995143],cruising,[-0.82138112 -0.19970136 -0.21083176]
526.3224291801453,1001,False,6,0,[ 1.06460611 -2.95347943  4.00000089],cruising,[-0.48080528  0.59740651 -0.20557775]
526.3224291801453,1002,False,1,5,[ 7.64151574 -4.07487818  3.99632374],cruising,[ 0.5677905  -0.59831228 -0.99408226]
526.3224291801453,1003,False,4,3,[ 8.12083477 -7.4824121   1.27552542],waiting,[ 0.63925976  0.24903542 -0.34837281]
526.3224291801453,1004,False,2,6,[-0.39164854  6.5832217   4.00003811],cruising,[-0.62185191  0.08809385  0.93462812]
526.3224291801453,1005,False,3,1,[-3.14582975 -0.87416429  3.98076674],cruising,[ 0.50568378 -0.03156594 -0.11489306]
526.4277694225311,1000,False,5,2,[4.45442539 4.89934818 3.99995872],cruising,[-0.82138112 -0.19970136 -0.21083176]
526.4277694225311,1001,False,6,0,[ 0.86500977 -2.94147242  4.00000075],cruising,[-0.48080528  0.59740651 -0.20557775]
526.4277694225311,1002,False,1,5,[ 7.51879427 -4.23273614  3.99687988],cruising,[ 0.5677905  -0.59831228 -0.99408226]
526.4277694225311,1003,False,4,3,[ 8.12083477 -7.4824121   1.27552542],waiting,[ 0.63925976  0.24903542 -0.34837281]
526.4277694225311,1004,False,2,6,[-0.22174113  6.4777159   4.0000324 ],cruising,[-0.62185191  0.08809385  0.93462812]
526.4277694225311,1005,False,3,1,[-3.21674604 -0.68715926  3.98365173],cruising,[ 0.50568378 -0.03156594 -0.11489306]
526.5346217155457,1000,False,5,2,[4.65402838 4.88675273 3.99996491],cruising,[-0.82138112 -0.19970136 -0.21083176]
526.5346217155457,1001,False,6,0,[ 0.66505749 -2.94584089  4.00000064],cruising,[-0.48080528  0.59740651 -0.20557775]
526.5346217155457,1002,False,1,5,[ 7.38169014 -4.37669671  3.99739538],cruising,[ 0.5677905  -0.59831228 -0.99408226]
526.5346217155457,1003,False,4,3,[ 8.12083477 -7.4824121   1.27552542],waiting,[ 0.63925976  0.24903542 -0.34837281]
526.5346217155457,1004,False,2,6,[-0.05287917  6.37054482  4.00002754],cruising,[-0.62185191  0.08809385  0.93462812]
526.5346217155457,1005,False,3,1,[-3.29316402 -0.50233423  3.98610397],cruising,[ 0.50568378 -0.03156594 -0.11489306]
526.636815071106,1000,False,5,2,[4.85356617 4.87316337 3.99997017],cruising,[-0.82138112 -0.19970136 -0.21083176]
526.636815071106,1001,False,6,0,[ 0.46555597 -2.95995273  4.00000054],cruising,[-0.48080528  0.59740651 -0.20557775]
526.636815071106,1002,False,1,5,[ 7.23197964 -4.5051306   3.99787078],cruising,[ 0.5677905  -0.59831228 -0.99408226]
526.636815071106,1003,False,4,3,[ 8.12083477 -7.4824121   1.27552542],waiting,[ 0.63925976  0.24903542 -0.34837281]
526.636815071106,1004,False,2,6,[0.11580702 6.26309731 4.00002341],cruising,[-0.62185191  0.08809385  0.93462812]
526.636815071106,1005,False,3,1,[-3.3754684  -0.32005426  3.98818838],cruising,[ 0.50568378 -0.03156594 -0.11489306]
526.7289516925812,1000,False,5,2,[5.0529864  4.85794589 3.99997465],cruising,[-0.82138112 -0.19970136 -0.21083176]
526.7289516925812,1001,False,6,0,[ 0.2677086  -2.98921738  4.00000046],cruising,[-0.48080528  0.59740651 -0.20557775]
526.7289516925812,1002,False,1,5,[ 7.07168059 -4.61659743  3.99830742],cruising,[ 0.5677905  -0.59831228 -0.99408226]
526.7289516925812,1003,False,4,3,[ 8.12083477 -7.4824121   1.27552542],waiting,[ 0.63925976  0.24903542 -0.34837281]
526.7289516925812,1004,False,2,6,[0.2845799  6.15578601 4.00001989],cruising,[-0.62185191  0.08809385  0.93462812]
526.7289516925812,1005,False,3,1,[-3.46210474 -0.13979293  3.98996012],cruising,[ 0.50568378 -0.03156594 -0.11489306]
526.831155538559,1000,False,5,2,[5.25222176 4.84047379 3.99997845],cruising,[-0.82138112 -0.19970136 -0.21083176]
526.831155538559,1001,False,6,0,[ 0.0734844  -3.03693489  4.00000039],cruising,[-0.48080528  0.59740651 -0.20557775]
526.831155538559,1002,False,1,5,[ 6.9029485  -4.70992914  3.99870627],cruising,[ 0.5677905  -0.59831228 -0.99408226]
526.831155538559,1003,False,4,3,[ 8.12083477 -7.4824121   1.27552542],waiting,[ 0.63925976  0.24903542 -0.34837281]
526.831155538559,1004,False,2,6,[0.45385716 6.04927212 4.00001691],cruising,[-0.62185191  0.08809385  0.93462812]
526.831155538559,1005,False,3,1,[-3.5556763   0.03696782  3.9914661 ],cruising,[ 0.50568378 -0.03156594 -0.11489306]
526.9341275691986,1000,False,5,2,[5.45132351 4.82153991 3.99998168],cruising,[-0.82138112 -0.19970136 -0.21083176]
526.9341275691986,1001,False,6,0,[-0.11748818 -3.09634425  4.00000033],cruising,[-0.48080528  0.59740651 -0.20557775]
526.9341275691986,1002,False,1,5,[ 6.72800661 -4.78424936  3.99906772],cruising,[ 0.5677905  -0.59831228 -0.99408226]
526.9341275691986,1003,False,4,3,[ 8.12083477 -7.4824121   1.27552542],waiting,[ 0.63925976  0.24903542 -0.34837281]
526.9341275691986,1004,False,2,6,[0.62390058 5.94398568 4.00001437],cruising,[-0.62185191  0.08809385  0.93462812]
526.9341275691986,1005,False,3,1,[-3.65529974  0.21038976  3.99274619],cruising,[ 0.50568378 -0.03156594 -0.11489306]
527.0214552879333,1000,False,5,2,[5.65005891 4.79908461 3.99998443],cruising,[-0.82138112 -0.19970136 -0.21083176]
527.0214552879333,1001,False,6,0,[-0.30491901 -3.16612737  4.00000028],cruising,[-0.48080528  0.59740651 -0.20557775]
527.0214552879333,1002,False,1,5,[ 6.54910362 -4.83896579  3.99939156],cruising,[ 0.5677905  -0.59831228 -0.99408226]
527.0214552879333,1003,False,4,3,[ 8.12083477 -7.4824121   1.27552542],waiting,[ 0.63925976  0.24903542 -0.34837281]
527.0214552879333,1004,False,2,6,[0.79547451 5.8412122  4.00001222],cruising,[-0.62185191  0.08809385  0.93462812]
527.0214552879333,1005,False,3,1,[-3.76173591  0.3797159   3.99383426],cruising,[ 0.50568378 -0.03156594 -0.11489306]
527.1339859962463,1000,False,5,2,[5.84827089 4.77240108 3.99998677],cruising,[-0.82138112 -0.19970136 -0.21083176]
527.1339859962463,1001,False,6,0,[-0.48774717 -3.24720675  4.00000024],cruising,[-0.48080528  0.59740651 -0.20557775]
527.1339859962463,1002,False,1,5,[ 6.36850628 -4.87375416  3.99967701],cruising,[ 0.5677905  -0.59831228 -0.99408226]
527.1339859962463,1003,False,4,3,[ 8.12083477 -7.4824121   1.27552542],queued,[ 0.63925976  0.24903542 -0.34837281]
527.1339859962463,1004,False,2,6,[0.96839194 5.74071562 4.00001039],cruising,[-0.62185191  0.08809385  0.93462812]
527.1339859962463,1005,False,3,1,[-3.87130789  0.54702993  3.99475912],cruising,[ 0.50568378 -0.03156594 -0.11489306]
527.2279570102692,1000,False,5,2,[6.04574611 4.74072239 3.99998875],cruising,[-0.82138112 -0.19970136 -0.21083176]
527.2279570102692,1001,False,6,0,[-0.66716191 -3.33558292  4.00000021],cruising,[-0.48080528  0.59740651 -0.20557775]
527.2279570102692,1002,False,1,5,[ 6.18782927 -4.88854273  3.99992286],cruising,[ 0.5677905  -0.59831228 -0.99408226]
527.2279570102692,1003,False,4,3,[ 8.12083477 -7.4824121   1.29552542],queued,[ 0.63925976  0.24903542 -0.34837281]
527.2279570102692,1004,False,2,6,[1.14366957 5.64439454 4.00000883],cruising,[-0.62185191  0.08809385  0.93462812]
527.2279570102692,1005,False,3,1,[-3.9833461   0.71270261  3.99554525],cruising,[ 0.50568378 -0.03156594 -0.11489306]
527.3214738368988,1000,False,5,2,[6.2421953  4.70320286 3.99999044],cruising,[-0.82138112 -0.19970136 -0.21083176]
527.3214738368988,1001,False,6,0,[-0.8450044  -3.42708183  4.00000017],cruising,[-0.48080528  0.59740651 -0.20557775]
527.3214738368988,1002,False,1,5,[ 6.00798317 -4.88334862  4.00012598],cruising,[ 0.5677905  -0.59831228 -0.99408226]
527.3214738368988,1003,False,4,3,[ 8.12083477 -7.4824121   1.33552542],queued,[ 0.63925976  0.24903542 -0.34837281]
527.3214738368988,1004,False,2,6,[1.32074133 5.55141286 4.0000075 ],cruising,[-0.62185191  0.08809385  0.93462812]
527.3214738368988,1005,False,3,1,[-4.0972777   0.87707898  3.99621346],cruising,[ 0.50568378 -0.03156594 -0.11489306]
527.4266936779022,1000,False,5,2,[6.43722695 4.65890099 3.99999187],cruising,[-0.82138112 -0.19970136 -0.21083176]
527.4266936779022,1001,False,6,0,[-1.02412832 -3.51604599  4.00000015],cruising,[-0.48080528  0.59740651 -0.20557775]
527.4266936779022,1002,False,1,5,[ 5.83015579 -4.85825669  4.00028526],cruising,[ 0.5677905  -0.59831228 -0.99408226]
527.4266936779022,1003,False,4,3,[ 8.12083477 -7.4824121   1.39552542],queued,[ 0.63925976  0.24903542 -0.34837281]
527.4266936779022,1004,False,2,6,[1.49982287 5.46236342 4.00000638],cruising,[-0.62185191  0.08809385  0.93462812]
527.4266936779022,1005,False,3,1,[-4.2126126   1.04047378  3.99678144],cruising,[ 0.50568378 -0.03156594 -0.11489306]
527.5215861797333,1000,False,5,2,[6.63031229 4.60676606 3.99999309],cruising,[-0.82138112 -0.19970136 -0.21083176]
527.5215861797333,1001,False,6,0,[-1.20739178 -3.59613659  4.00000013],cruising,[-0.48080528  0.59740651 -0.20557775]
527.5215861797333,1002,False,1,5,[ 5.65486443 -4.81332625  4.00039739],cruising,[ 0.5677905  -0.59831228 -0.99408226]
527.5215861797333,1003,False,4,3,[ 8.12083477 -7.4824121   1.47052542],queued,[ 0.63925976  0.24903542 -0.34837281]
527.5215861797333,1004,False,2,6,[1.68213059 5.38012051 4.00000542],cruising,[-0.62185191  0.08809385  0.93462812]
527.5215861797333,1005,False,3,1,[-4.3289293   1.20317112  3.99726423],cruising,[ 0.50568378 -0.03156594 -0.11489306]
527.6314446926117,1000,False,5,2,[6.82073985 4.54563223 3.99999413],cruising,[-0.82138112 -0.19970136 -0.21083176]
527.6314446926117,1001,False,6,0,[-1.39756686 -3.65745942  4.00000011],cruising,[-0.48080528  0.59740651 -0.20557775]
527.6314446926117,1002,False,1,5,[ 5.48282409 -4.74866187  4.000461  ],cruising,[ 0.5677905  -0.59831228 -0.99408226]
527.6314446926117,1003,False,4,3,[ 8.12083477 -7.4824121   1.54552542],queued,[ 0.63925976  0.24903542 -0.34837281]
527.6314446926117,1004,False,2,6,[1.86663187 5.30292416 4.00000461],cruising,[-0.62185191  0.08809385  0.93462812]
527.6314446926117,1005,False,3,1,[-4.44586168  1.36542654  3.99767459],cruising,[ 0.50568378 -0.03156594 -0.11489306]
527.7276306152344,1000,False,5,2,[7.00755862 4.47422674 3.99999501],cruising,[-0.82138112 -0.19970136 -0.21083176]
527.7276306152344,1001,False,6,0,[-1.59150166 -3.69913881  4.00000009],cruising,[-0.48080528  0.59740651 -0.20557775]
527.7276306152344,1002,False,1,5,[ 5.3137975  -4.66422594  4.00047102],cruising,[ 0.5677905  -0.59831228 -0.99408226]
527.7276306152344,1003,False,4,3,[ 8.12083477 -7.4824121   1.62052542],queued,[ 0.63925976  0.24903542 -0.34837281]
527.7276306152344,1004,False,2,6,[2.0534343  5.23147591 4.00000392],cruising,[-0.62185191  0.08809385  0.93462812]
527.7276306152344,1005,False,3,1,[-4.56308692  1.52747049  3.9980234 ],cruising,[ 0.50568378 -0.03156594 -0.11489306]
527.8303635120392,1000,False,5,2,[7.18951174 4.39120226 3.99999576],cruising,[-0.82138112 -0.19970136 -0.21083176]
527.8303635120392,1001,False,6,0,[-1.7860817  -3.72082861  4.00000007],cruising,[-0.48080528  0.59740651 -0.20557775]
527.8303635120392,1002,False,1,5,[ 5.14720271 -4.55993848  4.00042313],cruising,[ 0.5677905  -0.59831228 -0.99408226]
527.8303635120392,1003,False,4,3,[ 8.12083477 -7.4824121   1.69552542],queued,[ 0.63925976  0.24903542 -0.34837281]
527.8303635120392,1004,False,2,6,[2.24257828 5.16647933 4.00000333],cruising,[-0.62185191  0.08809385  0.93462812]
527.8303635120392,1005,False,3,1,[-4.68028613  1.68953327  3.99831989],cruising,[ 0.50568378 -0.03156594 -0.11489306]
527.9259700775146,1000,False,5,2,[7.36496805 4.29520704 3.99999639],cruising,[-0.82138112 -0.19970136 -0.21083176]
527.9259700775146,1001,False,6,0,[-1.97830593 -3.72265764  4.00000006],cruising,[-0.48080528  0.59740651 -0.20557775]
527.9259700775146,1002,False,1,5,[ 4.97696805 -4.45496153  4.00035966],cruising,[ 0.5677905  -0.59831228 -0.99408226]
527.9259700775146,1003,False,4,3,[ 8.12083477 -7.4824121   1.77052542],queued,[ 0.63925976  0.24903542 -0.34837281]
527.9259700775146,1004,False,2,6,[2.43631823 5.11683226 4.00000283],cruising,[-0.62185191  0.08809385  0.93462812]
527.9259700775146,1005,False,3,1,[-4.79736364  1.85168399  3.99857191],cruising,[ 0.50568378 -0.03156594 -0.11489306]
528.021731376648,1000,False,5,2,[7.52974806 4.1822998  3.99999695],cruising,[-0.82138112 -0.19970136 -0.21083176]
528.021731376648,1001,False,6,0,[-2.16527521 -3.70518938  4.00000004],cruising,[-0.48080528  0.59740651 -0.20557775]
528.021731376648,1002,False,1,5,[ 4.8035578  -4.35531775  4.00030571],cruising,[ 0.5677905  -0.59831228 -0.99408226]
528.021731376648,1003,False,4,3,[ 8.12083477 -7.4824121   1.84552542],queued,[ 0.63925976  0.24903542 -0.34837281]
528.021731376648,1004,False,2,6,[2.63205313 5.07574883 4.00000241],cruising,[-0.62185191  0.08809385  0.93462812]
528.021731376648,1005,False,3,1,[-4.91402815  2.01413212  3.99878612],cruising,[ 0.50568378 -0.03156594 -0.11489306]
528.1295461654663,1000,False,5,2,[7.68241405 4.05347871 3.99999743],cruising,[-0.82138112 -0.19970136 -0.21083176]
528.1295461654663,1001,False,6,0,[-2.34466212 -3.66921415  4.00000003],cruising,[-0.48080528  0.59740651 -0.20557775]
528.1295461654663,1002,False,1,5,[ 4.62669577 -4.26193777  4.00025985],cruising,[ 0.5677905  -0.59831228 -0.99408226]
528.1295461654663,1003,False,4,3,[ 8.12083477 -7.4824121   1.92052542],queued,[ 0.63925976  0.24903542 -0.34837281]
528.1295461654663,1004,False,2,6,[2.82916529 5.04188444 4.00000204],cruising,[-0.62185191  0.08809385  0.93462812]
528.1295461654663,1005,False,3,1,[-5.03000452  2.17707223  3.9989682 ],cruising,[ 0.50568378 -0.03156594 -0.11489306]
528.2245991230011,1000,False,5,2,[7.82139585 3.91007191 3.99999783],cruising,[-0.82138112 -0.19970136 -0.21083176]
528.2245991230011,1001,False,6,0,[-2.51427808 -3.61578819  4.00000001],cruising,[-0.48080528  0.59740651 -0.20557775]
528.2245991230011,1002,False,1,5,[ 4.44803363 -4.17204984  4.00022087],cruising,[ 0.5677905  -0.59831228 -0.99408226]
528.2245991230011,1003,False,4,3,[ 8.12083477 -7.4824121   1.99552542],queued,[ 0.63925976  0.24903542 -0.34837281]
528.2245991230011,1004,False,2,6,[3.02720936 5.01398197 4.00000174],cruising,[-0.62185191  0.08809385  0.93462812]
528.2245991230011,1005,False,3,1,[-5.14502317  2.34068981  3.99912297],cruising,[ 0.50568378 -0.03156594 -0.11489306]
528.3235795497894,1000,False,5,2,[7.94522368 3.75361302 3.99999818],cruising,[-0.82138112 -0.19970136 -0.21083176]
528.3235795497894,1001,False,6,0,[-2.67212997 -3.54618796  4.        ],cruising,[-0.48080528  0.59740651 -0.20557775]
528.3235795497894,1002,False,1,5,[ 4.2673338  -4.08633185  4.00018774],cruising,[ 0.5677905  -0.59831228 -0.99408226]
528.3235795497894,1003,False,4,3,[ 8.12083477 -7.4824121   2.07052542],queued,[ 0.63925976  0.24903542 -0.34837281]
528.3235795497894,1004,False,2,6,[3.22587237 4.990895   4.00000148],cruising,[-0.62185191  0.08809385  0.93462812]
528.3235795497894,1005,False,3,1,[-5.25942293  2.50474069  3.99925453],cruising,[ 0.50568378 -0.03156594 -0.11489306]
528.4218873977661,1000,False,5,2,[8.05224344 3.58631491 3.99999849],cruising,[-0.82138112 -0.19970136 -0.21083176]
528.4218873977661,1001,False,6,0,[-2.81654065 -3.46177781  3.99999999],cruising,[-0.48080528  0.59740651 -0.20557775]
528.4218873977661,1002,False,1,5,[ 4.08563606 -4.00274996  4.00015958],cruising,[ 0.5677905  -0.59831228 -0.99408226]
528.4218873977661,1003,False,4,3,[ 8.12083477 -7.4824121   2.14552542],queued,[ 0.63925976  0.24903542 -0.34837281]
528.4218873977661,1004,False,2,6,[3.42493874 4.97159272 4.00000126],cruising,[-0.62185191  0.08809385  0.93462812]
528.4218873977661,1005,False,3,1,[-5.37231672  2.66983155  3.99936635],cruising,[ 0.50568378 -0.03156594 -0.11489306]
528.52205991745,1000,False,5,2,[8.14162609 3.40958638 3.99999876],cruising,[-0.82138112 -0.19970136 -0.21083176]
528.52205991745,1001,False,6,0,[-2.94605722 -3.36401979  3.99999998],cruising,[-0.48080528  0.59740651 -0.20557775]
528.52205991745,1002,False,1,5,[ 3.90271939 -3.92187047  4.00013564],cruising,[ 0.5677905  -0.59831228 -0.99408226]
528.52205991745,1003,False,4,3,[ 8.12083477 -7.4824121   2.22052542],queued,[ 0.63925976  0.24903542 -0.34837281]
528.52205991745,1004,False,2,6,[3.62426201 4.95515384 4.00000107],cruising,[-0.62185191  0.08809385  0.93462812]
528.52205991745,1005,False,3,1,[-5.48339349  2.83615038  3.9994614 ],cruising,[ 0.50568378 -0.03156594 -0.11489306]
528.6309580802917,1000,False,5,2,[8.21271341 3.22477821 3.99999899],cruising,[-0.82138112 -0.19970136 -0.21083176]
528.6309580802917,1001,False,6,0,[-3.05937842 -3.25452678  3.99999997],cruising,[-0.48080528  0.59740651 -0.20557775]
528.6309580802917,1002,False,1,5,[ 3.71919403 -3.84238185  4.0001153 ],cruising,[ 0.5677905  -0.59831228 -0.99408226]
528.6309580802917,1003,False,4,3,[ 8.12083477 -7.4824121   2.29552542],queued,[ 0.63925976  0.24903542 -0.34837281]
528.6309580802917,1004,False,2,6,[3.82374298 4.94075455 4.00000091],cruising,[-0.62185191  0.08809385  0.93462812]
528.6309580802917,1005,False,3,1,[-5.59230622  3.00389428  3.99954219],cruising,[ 0.50568378 -0.03156594 -0.11489306]
528.7223048210144,1000,False,5,2,[8.26499435 3.03316415 3.99999917],cruising,[-0.82138112 -0.19970136 -0.21083176]
528.7223048210144,1001,False,6,0,[-3.15540513 -3.13498885  3.99999997],cruising,[-0.48080528  0.59740651 -0.20557775]
528.7223048210144,1002,False,1,5,[ 3.53489316 -3.76470825  4.000098  ],cruising,[ 0.5677905  -0.59831228 -0.99408226]
528.7223048210144,1003,False,4,3,[ 8.12083477 -7.4824121   2.37052542],queued,[ 0.63925976  0.24903542 -0.34837281]
528.7223048210144,1004,False,2,6,[4.02331343 4.9276535  4.00000077],cruising,[-0.62185191  0.08809385  0.93462812]
528.7223048210144,1005,False,3,1,[-5.69865638  3.17327446  3.99961086],cruising,[ 0.50568378 -0.03156594 -0.11489306]
528.823404788971,1000,False,5,2,[8.3019154 2.8366016 3.9999993],cruising,[-0.82138112 -0.19970136 -0.21083176]
528.823404788971,1001,False,6,0,[-3.23351696 -3.0065595   3.99999996],cruising,[-0.48080528  0.59740651 -0.20557775]
528.823404788971,1002,False,1,5,[ 3.35011561 -3.68817551  4.0000833 ],cruising,[ 0.5677905  -0.59831228 -0.99408226]
528.823404788971,1003,False,4,3,[ 8.12083477 -7.4824121   2.44552542],entering,[ 0.63925976  0.24903542 -0.34837281]
528.823404788971,1004,False,2,6,[4.22289874 4.91478099 4.00000066],cruising,[-0.62185191  0.08809385  0.93462812]
528.823404788971,1005,False,3,1,[-5.80197483  3.34452077  3.99966923],cruising,[ 0.50568378 -0.03156594 -0.11489306]
528.9228744506836,1000,False,5,2,[8.33297117 2.63902747 3.9999994 ],cruising,[-0.82138112 -0.19970136 -0.21083176]
528.9228744506836,1001,False,6,0,[-3.29334049 -2.8700346   3.99999996],cruising,[-0.48080528  0.59740651 -0.20557775]
528.9228744506836,1002,False,1,5,[ 3.16479787 -3.61296026  4.00007081],cruising,[ 0.5677905  -0.59831228 -0.99408226]
528.9228744506836,1003,False,4,3,[ 8.10934484 -7.46604196  2.52052542],entering,[ 0.63925976  0.24903542 -0.34837281]
528.9228744506836,1004,False,2,6,[4.4225099  4.90231553 4.00000056],cruising,[-0.62185191  0.08809385  0.93462812]
528.9228744506836,1005,False,3,1,[-5.9016975   3.51788567  3.99971885],cruising,[ 0.50568378 -0.03156594 -0.11489306]
529.0224990844727,1000,False,5,2,[8.35928875 2.44076656 3.99999949],cruising,[-0.82138112 -0.19970136 -0.21083176]
529.0224990844727,1001,False,6,0,[-3.33470213 -2.72581825  3.99999996],cruising,[-0.48080528  0.59740651 -0.20557775]
529.0224990844727,1002,False,1,5,[ 2.97895126 -3.53906142  4.00006019],cruising,[ 0.5677905  -0.59831228 -0.99408226]
529.0224990844727,1003,False,4,3,[ 8.08636497 -7.43330168  2.59552542],entering,[ 0.63925976  0.24903542 -0.34837281]
529.0224990844727,1004,False,2,6,[4.62210281 4.88956141 4.00000047],cruising,[-0.62185191  0.08809385  0.93462812]
529.0224990844727,1005,False,3,1,[-5.99713371  3.69364667  3.99976102],cruising,[ 0.50568378 -0.03156594 -0.11489306]
529.1328151226044,1000,False,5,2,[8.38474481 2.24239321 3.99999957],cruising,[-0.82138112 -0.19970136 -0.21083176]
529.1328151226044,1001,False,6,0,[-3.35752908 -2.57408754  3.99999995],cruising,[-0.48080528  0.59740651 -0.20557775]
529.1328151226044,1002,False,1,5,[ 2.79249271 -3.46672052  4.00005116],cruising,[ 0.5677905  -0.59831228 -0.99408226]
529.1328151226044,1003,False,4,3,[ 8.05189517 -7.38419127  2.67052542],entering,[ 0.63925976  0.24903542 -0.34837281]
529.1328151226044,1004,False,2,6,[4.82163357 4.87586916 4.0000004 ],cruising,[-0.62185191  0.08809385  0.93462812]
529.1328151226044,1005,False,3,1,[-6.08742421  3.8721057   3.99979687],cruising,[ 0.50568378 -0.03156594 -0.11489306]
529.2220578193665,1000,False,5,2,[8.40571101 2.0434952  3.99999963],cruising,[-0.82138112 -0.19970136 -0.21083176]
529.2220578193665,1001,False,6,0,[-3.36182476 -2.41483408  3.99999996],cruising,[-0.48080528  0.59740651 -0.20557775]
529.2220578193665,1002,False,1,5,[ 2.60554049 -3.39566512  4.00004348],cruising,[ 0.5677905  -0.59831228 -0.99408226]
529.2220578193665,1003,False,4,3,[ 8.00593543 -7.31871072  2.74552542],entering,[ 0.63925976  0.24903542 -0.34837281]
529.2220578193665,1004,False,2,6,[5.02105099 4.86061484 4.00000034],cruising,[-0.62185191  0.08809385  0.93462812]
529.2220578193665,1005,False,3,1,[-6.17148497  4.05358239  3.99982734],cruising,[ 0.50568378 -0.03156594 -0.11489306]
529.3219709396362,1000,False,5,2,[8.425516   1.84447821 3.99999969],cruising,[-0.82138112 -0.19970136 -0.21083176]
529.3219709396362,1001,False,6,0,[-3.34791074 -2.24730977  3.99999996],cruising,[-0.48080528  0.59740651 -0.20557775]
529.3219709396362,1002,False,1,5,[ 2.41779051 -3.32674528  4.00003696],cruising,[ 0.5677905  -0.59831228 -0.99408226]
529.3219709396362,1003,False,4,3,[ 7.94848575 -7.23686003  2.82052542],entering,[ 0.63925976  0.24903542 -0.34837281]
529.3219709396362,1004,False,2,6,[5.22037995 4.84424527 4.00000029],cruising,[-0.62185191  0.08809385  0.93462812]
529.3219709396362,1005,False,3,1,[-6.24793199  4.23839541  3.99985324],cruising,[ 0.50568378 -0.03156594 -0.11489306]
529.4295666217804,1000,False,5,2,[8.44377741 1.64531365 3.99999974],cruising,[-0.82138112 -0.19970136 -0.21083176]
529.4295666217804,1001,False,6,0,[-3.31681743 -2.06954475  3.99999996],cruising,[-0.48080528  0.59740651 -0.20557775]
529.4295666217804,1002,False,1,5,[ 2.22909966 -3.26044474  4.00003142],cruising,[ 0.5677905  -0.59831228 -0.99408226]
529.4295666217804,1003,False,4,3,[ 7.87954615 -7.13863921  2.89552542],entering,[ 0.63925976  0.24903542 -0.34837281]
529.4295666217804,1004,False,2,6,[5.41946726 4.82516008 4.00000025],cruising,[-0.62185191  0.08809385  0.93462812]
529.4295666217804,1005,False,3,1,[-6.31498199  4.42682125  3.99987525],cruising,[ 0.50568378 -0.03156594 -0.11489306]
529.5217134952545,1000,False,5,2,[8.45757452 1.44579012 3.99999978],cruising,[-0.82138112 -0.19970136 -0.21083176]
529.5217134952545,1001,False,6,0,[-3.27392447 -1.87563141  3.99999997],cruising,[-0.48080528  0.59740651 -0.20557775]
529.5217134952545,1002,False,1,5,[ 2.03980448 -3.19588982  4.0000267 ],cruising,[ 0.5677905  -0.59831228 -0.99408226]
529.5217134952545,1003,False,4,3,[ 7.79919712 -7.02399203  2.97052542],entering,[ 0.63925976  0.24903542 -0.34837281]
529.5217134952545,1004,False,2,6,[5.61820076 4.802688   4.00000021],exiting,[-0.62185191  0.08809385  0.93462812]
529.5217134952545,1005,False,3,1,[-6.36400064  4.62072115  3.99989396],cruising,[ 0.50568378 -0.03156594 -0.11489306]
529.6345570087433,1000,False,5,2,[8.46989081 1.2461697  3.99999981],cruising,[-0.82138112 -0.19970136 -0.21083176]
529.6345570087433,1001,False,6,0,[-3.24639986 -1.67753448  3.99999997],cruising,[-0.48080528  0.59740651 -0.20557775]
529.6345570087433,1002,False,1,5,[ 1.84923401 -3.13520297  4.0000227 ],cruising,[ 0.5677905  -0.59831228 -0.99408226]
529.6345570087433,1003,False,4,3,[ 7.70663626 -6.89350594  3.04552542],entering,[ 0.63925976  0.24903542 -0.34837281]
529.6345570087433,1004,False,2,6,[5.80081693 4.79205785 4.00000017],exiting,[-0.62185191  0.08809385  0.93462812]
529.6345570087433,1005,False,3,1,[-6.39337188  4.81836001  3.99991032],cruising,[ 0.50568378 -0.03156594 -0.11489306]
529.7240641117096,1000,False,5,2,[8.47821243 1.0463429  3.99999984],cruising,[-0.82138112 -0.19970136 -0.21083176]
529.7240641117096,1001,False,6,0,[-3.23535843 -1.47783949  3.99999998],cruising,[-0.48080528  0.59740651 -0.20557775]
529.7240641117096,1002,False,1,5,[ 1.65720418 -3.07930532  4.00001929],cruising,[ 0.5677905  -0.59831228 -0.99408226]
529.7240641117096,1003,False,4,3,[ 7.60117469 -6.74773679  3.12052542],entering,[ 0.63925976  0.24903542 -0.34837281]
529.7240641117096,1004,False,2,6,[5.96729691 4.79324394 4.00000014],exiting,[-0.62185191  0.08809385  0.93462812]
529.7240641117096,1005,False,3,1,[-6.40278444  5.01728368  3.99992503],cruising,[ 0.50568378 -0.03156594 -0.11489306]
529.8281350135803,1000,False,5,2,[8.48508342 0.84646096 3.99999986],cruising,[-0.82138112 -0.19970136 -0.21083176]
529.8281350135803,1001,False,6,0,[-3.24023746 -1.27789901  3.99999998],cruising,[-0.48080528  0.59740651 -0.20557775]
529.8281350135803,1002,False,1,5,[ 1.46352252 -3.02943137  4.0000164 ],cruising,[ 0.5677905  -0.59831228 -0.99408226]
529.8281350135803,1003,False,4,3,[ 7.48273117 -6.58675354  3.19552542],entering,[ 0.63925976  0.24903542 -0.34837281]
529.8281350135803,1004,False,2,6,[6.11761549 4.80621176 4.0000001 ],exiting,[-0.62185191  0.08809385  0.93462812]
529.8281350135803,1005,False,3,1,[-6.39225041  5.21474665  3.9999385 ],cruising,[ 0.50568378 -0.03156594 -0.11489306]
529.9223177433014,1000,False,5,2,[8.49029477 0.64652887 3.99999988],cruising,[-0.82138112 -0.19970136 -0.21083176]
529.9223177433014,1001,False,6,0,[-3.25902609 -1.0787835   3.99999998],cruising,[-0.48080528  0.59740651 -0.20557775]
529.9223177433014,1002,False,1,5,[ 1.26801602 -2.9872744   4.00001394],cruising,[ 0.5677905  -0.59831228 -0.99408226]
529.9223177433014,1003,False,4,3,[ 7.36378334 -6.42596979  3.27052542],entering,[ 0.63925976  0.24903542 -0.34837281]
529.9223177433014,1004,False,2,6,[6.25173891 4.83091485 4.00000007],exiting,[-0.62185191  0.08809385  0.93462812]
529.9223177433014,1005,False,3,1,[-6.36211557  5.40823364  3.99995083],cruising,[ 0.50568378 -0.03156594 -0.11489306]
530.0222826004028,1000,False,5,2,[8.49369034 0.4465577  3.9999999 ],cruising,[-0.82138112 -0.19970136 -0.21083176]
530.0222826004028,1001,False,6,0,[-3.29144818 -0.88142898  3.99999999],cruising,[-0.48080528  0.59740651 -0.20557775]
530.0222826004028,1002,False,1,5,[ 1.07060379 -2.95520552  4.00001185],cruising,[ 0.5677905  -0.59831228 -0.99408226]
530.0222826004028,1003,False,4,3,[ 7.24122852 -6.26791816  3.34552542],entering,[ 0.63925976  0.24903542 -0.34837281]
530.0222826004028,1004,False,2,6,[6.36961905 4.86728653 4.00000004],exiting,[-0.62185191  0.08809385  0.93462812]
530.0222826004028,1005,False,3,1,[-6.31294415  5.59558805  3.999962  ],cruising,[ 0.50568378 -0.03156594 -0.11489306]
530.1234381198883,1000,False,5,2,[8.49303287 0.24655878 3.99999992],cruising,[-0.82138112 -0.19970136 -0.21083176]
530.1234381198883,1001,False,6,0,[-3.33638204 -0.68654196  3.99999999],cruising,[-0.48080528  0.59740651 -0.20557775]
530.1234381198883,1002,False,1,5,[ 0.87101406 -2.94301775  4.00001006],cruising,[ 0.5677905  -0.59831228 -0.99408226]
530.1234381198883,1003,False,4,3,[ 7.11964629 -6.10911715  3.42052542],entering,[ 0.63925976  0.24903542 -0.34837281]
530.1234381198883,1004,False,2,6,[6.47119398 4.91524009 4.00000002],exiting,[-0.62185191  0.08809385  0.93462812]
530.1234381198883,1005,False,3,1,[-6.245639    5.77450637  3.99997205],cruising,[ 0.50568378 -0.03156594 -0.11489306]
530.2319328784943,1000,False,5,2,[8.4907292  0.04657205 3.99999993],cruising,[-0.82138112 -0.19970136 -0.21083176]
530.2319328784943,1001,False,6,0,[-3.39117371 -0.49419365  3.99999999],cruising,[-0.48080528  0.59740651 -0.20557775]
530.2319328784943,1002,False,1,5,[ 0.67101564 -2.94222248  4.00000855],cruising,[ 0.5677905  -0.59831228 -0.99408226]
530.2319328784943,1003,False,4,3,[ 6.99261396 -5.95464131  3.49552542],entering,[ 0.63925976  0.24903542 -0.34837281]
530.2319328784943,1004,False,2,6,[6.55641457 4.97470607 4.        ],exiting,[-0.62185191  0.08809385  0.93462812]
530.2319328784943,1005,False,3,1,[-6.16135241  5.94285914  3.99998102],cruising,[ 0.50568378 -0.03156594 -0.11489306]
530.3221685886383,1000,False,5,2,[ 8.48662612 -0.15338586  3.99999994],cruising,[-0.82138112 -0.19970136 -0.21083176]
530.3221685886383,1001,False,6,0,[-3.45684006 -0.30528116  3.99999999],cruising,[-0.48080528  0.59740651 -0.20557775]
530.3221685886383,1002,False,1,5,[ 0.47156458 -2.95703044  4.00000727],cruising,[ 0.5677905  -0.59831228 -0.99408226]
530.3221685886383,1003,False,4,3,[ 6.86440365 -5.80114174  3.57052542],entering,[ 0.63925976  0.24903542 -0.34837281]
530.3221685886383,1004,False,2,6,[6.62522906 5.04561057 3.99999999],exiting,[-0.62185191  0.08809385  0.93462812]
530.3221685886383,1005,False,3,1,[-6.06106541  6.09921245  3.99998887],cruising,[ 0.50568378 -0.03156594 -0.11489306]
530.4233629703522,1000,False,5,2,[ 8.47858888 -0.3532243   3.99999995],cruising,[-0.82138112 -0.19970136 -0.21083176]
530.4233629703522,1001,False,6,0,[-3.53273076 -0.120239    3.99999999],cruising,[-0.48080528  0.59740651 -0.20557775]
530.4233629703522,1002,False,1,5,[ 0.27378477 -2.98674822  4.00000618],cruising,[ 0.5677905  -0.59831228 -0.99408226]
530.4233629703522,1003,False,4,3,[ 6.73456535 -5.64901674  3.63494661],entering,[ 0.63925976  0.24903542 -0.34837281]
530.4233629703522,1004,False,2,6,[6.67758381 5.12787629 3.99999998],exiting,[-0.62185191  0.08809385  0.93462812]
530.4233629703522,1005,False,3,1,[-5.9457021   6.24242404  3.99999555],cruising,[ 0.50568378 -0.03156594 -0.11489306]
530.5214607715607,1000,False,5,2,[ 8.46885307 -0.5529872   3.99999996],cruising,[-0.82138112 -0.19970136 -0.21083176]
530.5214607715607,1001,False,6,0,[-3.61628252  0.0614726   3.99999999],cruising,[-0.48080528  0.59740651 -0.20557775]
530.5214607715607,1002,False,1,5,[ 0.07961826 -3.03469991  4.00000525],cruising,[ 0.5677905  -0.59831228 -0.99408226]
530.5214607715607,1003,False,4,3,[ 6.59779175 -5.50309559  3.68970462],entering,[ 0.63925976  0.24903542 -0.34837281]
530.5214607715607,1004,False,2,6,[6.71406995 5.22098248 3.99999998],exiting,[-0.62185191  0.08809385  0.93462812]
530.5214607715607,1005,False,3,1,[-5.81617391  6.37151628  4.00000104],cruising,[ 0.50568378 -0.03156594 -0.11489306]
530.6251344680786,1000,False,5,2,[ 8.45725201 -0.75265045  3.99999996],cruising,[-0.82138112 -0.19970136 -0.21083176]
530.6251344680786,1001,False,6,0,[-3.71091727  0.23766642  3.99999999],cruising,[-0.48080528  0.59740651 -0.20557775]
530.6251344680786,1002,False,1,5,[-0.11132254 -3.09421135  4.00000446],cruising,[ 0.5677905  -0.59831228 -0.99408226]
530.6251344680786,1003,False,4,3,[ 6.4562819  -5.36176278  3.73624893],entering,[ 0.63925976  0.24903542 -0.34837281]
530.6251344680786,1004,False,2,6,[6.75055609 5.31408866 3.99999999],exiting,[-0.62185191  0.08809385  0.93462812]
530.6251344680786,1005,False,3,1,[-5.67337858  6.48564246  4.0000053 ],cruising,[ 0.50568378 -0.03156594 -0.11489306]
530.727329492569,1000,False,5,2,[ 8.44364195 -0.95218683  3.99999997],cruising,[-0.82138112 -0.19970136 -0.21083176]
530.727329492569,1001,False,6,0,[-3.81143735  0.4105702   4.        ],cruising,[-0.48080528  0.59740651 -0.20557775]
530.727329492569,1002,False,1,5,[-0.29874996 -3.16400362  4.00000379],cruising,[ 0.5677905  -0.59831228 -0.99408226]
530.727329492569,1003,False,4,3,[ 6.31242103 -5.22282377  3.77581159],entering,[ 0.63925976  0.24903542 -0.34837281]
530.727329492569,1004,False,2,6,[6.78704222 5.40719485 3.99999999],exiting,[-0.62185191  0.08809385  0.93462812]
530.727329492569,1005,False,3,1,[-5.51836778  6.58393253  4.00000836],cruising,[ 0.50568378 -0.03156594 -0.11489306]
530.8248383998871,1000,False,5,2,[ 8.42575657 -1.15138551  3.99999997],cruising,[-0.82138112 -0.19970136 -0.21083176]
530.8248383998871,1001,False,6,0,[-3.91657285  0.58070698  4.        ],cruising,[-0.48080528  0.59740651 -0.20557775]
530.8248383998871,1002,False,1,5,[-0.48160811 -3.24501534  4.00000323],cruising,[ 0.5677905  -0.59831228 -0.99408226]
530.8248383998871,1003,False,4,3,[ 6.16165895 -5.09140537  3.80943985],entering,[ 0.63925976  0.24903542 -0.34837281]
530.8248383998871,1004,False,2,6,[6.82352836 5.50030103 3.99999999],exiting,[-0.62185191  0.08809385  0.93462812]
530.8248383998871,1005,False,3,1,[-5.35175282  6.66593323  4.0000102 ],cruising,[ 0.50568378 -0.03156594 -0.11489306]
530.9289491176605,1000,False,5,2,[ 8.40592114 -1.35039947  3.99999998],cruising,[-0.82138112 -0.19970136 -0.21083176]
530.9289491176605,1001,False,6,0,[-4.025284    0.74858159  4.        ],cruising,[-0.48080528  0.59740651 -0.20557775]
530.9289491176605,1002,False,1,5,[-0.66107399 -3.33328763  4.00000274],cruising,[ 0.5677905  -0.59831228 -0.99408226]
530.9289491176605,1003,False,4,3,[ 6.00388008 -4.9684996   3.83802387],cruising,[ 0.63925976  0.24903542 -0.34837281]
530.9289491176605,1004,False,2,6,[6.8600145  5.59340722 3.99999999],exiting,[-0.62185191  0.08809385  0.93462812]
530.9289491176605,1005,False,3,1,[-5.17395826  6.73135031  4.00001077],cruising,[ 0.50568378 -0.03156594 -0.11489306]
531.0225818157196,1000,False,5,2,[ 8.38394003 -1.54918788  3.99999998],cruising,[-0.82138112 -0.19970136 -0.21083176]
531.0225818157196,1001,False,6,0,[-4.13752021  0.91412021  4.        ],cruising,[-0.48080528  0.59740651 -0.20557775]
531.0225818157196,1002,False,1,5,[-0.83897146 -3.42467958  4.00000233],cruising,[ 0.5677905  -0.59831228 -0.99408226]
531.0225818157196,1003,False,4,3,[ 5.84236393 -4.85054821  3.86232029],cruising,[ 0.63925976  0.24903542 -0.34837281]
531.0225818157196,1004,False,2,6,[6.89650063 5.6865134  3.99999999],exiting,[-0.62185191  0.08809385  0.93462812]
531.0225818157196,1005,False,3,1,[-4.98504324  6.78014406  4.00001003],cruising,[ 0.50568378 -0.03156594 -0.11489306]
531.12184715271,1000,False,5,2,[ 8.35731226 -1.74740735  3.99999998],cruising,[-0.82138112 -0.19970136 -0.21083176]
531.12184715271,1001,False,6,0,[-4.250813    1.07893752  4.        ],cruising,[-0.48080528  0.59740651 -0.20557775]
531.12184715271,1002,False,1,5,[-1.01766849 -3.51449814  4.00000198],cruising,[ 0.5677905  -0.59831228 -0.99408226]
531.12184715271,1003,False,4,3,[ 5.6744714  -4.74186472  3.88297225],cruising,[ 0.63925976  0.24903542 -0.34837281]
531.12184715271,1004,False,2,6,[6.93298677 5.77961959 3.99999999],exiting,[-0.62185191  0.08809385  0.93462812]
531.12184715271,1005,False,3,1,[-4.78916049  6.82051666  4.00000853],cruising,[ 0.50568378 -0.03156594 -0.11489306]
531.2354719638824,1000,False,5,2,[ 8.32846745 -1.94531636  3.99999999],cruising,[-0.82138112 -0.19970136 -0.21083176]
531.2354719638824,1001,False,6,0,[-4.36558594  1.24272754  4.        ],cruising,[-0.48080528  0.59740651 -0.20557775]
531.2354719638824,1002,False,1,5,[-1.20102297 -3.59438013  4.00000168],cruising,[ 0.5677905  -0.59831228 -0.99408226]
531.2354719638824,1003,False,4,3,[ 5.50332027 -4.63838869  3.90052641],cruising,[ 0.63925976  0.24903542 -0.34837281]
531.2354719638824,1004,False,2,6,[6.96947291 5.87272578 4.        ],exiting,[-0.62185191  0.08809385  0.93462812]
531.2354719638824,1005,False,3,1,[-4.59421154  6.86518104  4.00000725],cruising,[ 0.50568378 -0.03156594 -0.11489306]
531.3327326774597,1000,False,5,2,[ 8.29714609 -2.14284857  3.99999999],cruising,[-0.82138112 -0.19970136 -0.21083176]
531.3327326774597,1001,False,6,0,[-4.4813446  1.4058224  4.       ],cruising,[-0.48080528  0.59740651 -0.20557775]
531.3327326774597,1002,False,1,5,[-1.39127675 -3.65548981  4.00000142],cruising,[ 0.5677905  -0.59831228 -0.99408226]
531.3327326774597,1003,False,4,3,[ 5.32770469 -4.54268514  3.91544745],cruising,[ 0.63925976  0.24903542 -0.34837281]
531.3327326774597,1004,False,2,6,[7.00595905 5.96583196 4.        ],exiting,[-0.62185191  0.08809385  0.93462812]
531.3327326774597,1005,False,3,1,[-4.39991751  6.91261345  4.00000616],cruising,[ 0.50568378 -0.03156594 -0.11489306]
531.4214844703674,1000,False,5,2,[ 8.26037919 -2.33944001  3.99999999],cruising,[-0.82138112 -0.19970136 -0.21083176]
531.4214844703674,1001,False,6,0,[-4.59766825  1.56851477  4.        ],cruising,[-0.48080528  0.59740651 -0.20557775]
531.4214844703674,1002,False,1,5,[-1.58528545 -3.69695513  4.00000118],cruising,[ 0.5677905  -0.59831228 -0.99408226]
531.4214844703674,1003,False,4,3,[ 5.15010087 -4.45072382  3.92813033],cruising,[ 0.63925976  0.24903542 -0.34837281]
531.4214844703674,1004,False,2,6,[7.04244518 6.05893815 4.        ],exiting,[-0.62185191  0.08809385  0.93462812]
531.4214844703674,1005,False,3,1,[-4.20536125  6.95895848  4.00000524],cruising,[ 0.50568378 -0.03156594 -0.11489306]
531.5225450992584,1000,False,5,2,[ 8.22090987 -2.53550677  3.99999999],cruising,[-0.82138112 -0.19970136 -0.21083176]
531.5225450992584,1001,False,6,0,[-4.71419148  1.73106426  4.        ],cruising,[-0.48080528  0.59740651 -0.20557775]
531.5225450992584,1002,False,1,5,[-1.77994432 -3.71843103  4.00000096],cruising,[ 0.5677905  -0.59831228 -0.99408226]
531.5225450992584,1003,False,4,3,[ 4.96977083 -4.36423061  3.93891078],cruising,[ 0.63925976  0.24903542 -0.34837281]
531.5225450992584,1004,False,2,6,[7.07893132 6.15204433 4.        ],exiting,[-0.62185191  0.08809385  0.93462812]
531.5225450992584,1005,False,3,1,[-4.01098382  7.0060479   4.00000445],cruising,[ 0.50568378 -0.03156594 -0.11489306]
531.6218371391296,1000,False,5,2,[ 8.17838261 -2.73093305  3.99999999],cruising,[-0.82138112 -0.19970136 -0.21083176]
531.6218371391296,1001,False,6,0,[-4.83058883  1.89370391  4.        ],cruising,[-0.48080528  0.59740651 -0.20557775]
531.6218371391296,1002,False,1,5,[-1.9722604  -3.72004462  4.00000074],cruising,[ 0.5677905  -0.59831228 -0.99408226]
531.6218371391296,1003,False,4,3,[ 4.78844788 -4.27983874  3.94807416],cruising,[ 0.63925976  0.24903542 -0.34837281]
531.6218371391296,1004,False,2,6,[7.11541746 6.24515052 4.        ],exiting,[-0.62185191  0.08809385  0.93462812]
531.6218371391296,1005,False,3,1,[-3.81651228  7.05274716  4.00000378],cruising,[ 0.50568378 -0.03156594 -0.11489306]
531.7350785732269,1000,False,5,2,[ 8.12896727 -2.92473224  3.99999999],cruising,[-0.82138112 -0.19970136 -0.21083176]
531.7350785732269,1001,False,6,0,[-4.94656143  2.05664672  4.        ],cruising,[-0.48080528  0.59740651 -0.20557775]
531.7350785732269,1002,False,1,5,[-2.15934387 -3.70235484  4.00000055],cruising,[ 0.5677905  -0.59831228 -0.99408226]
531.7350785732269,1003,False,4,3,[ 4.60625197 -4.19734843  3.95586304],cruising,[ 0.63925976  0.24903542 -0.34837281]
531.7350785732269,1004,False,2,6,[7.15190359 6.3382567  4.        ],exiting,[-0.62185191  0.08809385  0.93462812]
531.7350785732269,1005,False,3,1,[-3.62171969  7.09808861  4.00000322],cruising,[ 0.50568378 -0.03156594 -0.11489306]
531.8312458992004,1000,False,5,2,[ 8.07604531 -3.11760335  3.99999999],cruising,[-0.82138112 -0.19970136 -0.21083176]
531.8312458992004,1001,False,6,0,[-5.06221029  2.21981945  4.        ],cruising,[-0.48080528  0.59740651 -0.20557775]
531.8312458992004,1002,False,1,5,[-2.33887106 -3.66614743  4.00000036],cruising,[ 0.5677905  -0.59831228 -0.99408226]
531.8312458992004,1003,False,4,3,[ 4.4227632  -4.11777537  3.96248358],cruising,[ 0.63925976  0.24903542 -0.34837281]
531.8312458992004,1004,False,2,6,[7.18838973 6.43136289 4.        ],exiting,[-0.62185191  0.08809385  0.93462812]
531.8312458992004,1005,False,3,1,[-3.42590678  7.1387986   4.00000273],cruising,[ 0.50568378 -0.03156594 -0.11489306]
531.9244258403778,1000,False,5,2,[ 8.01487798 -3.30802015  4.        ],cruising,[-0.82138112 -0.19970136 -0.21083176]
531.9244258403778,1001,False,6,0,[-5.17692067  2.3836533   4.        ],cruising,[-0.48080528  0.59740651 -0.20557775]
531.9244258403778,1002,False,1,5,[-2.50864859 -3.61247738  4.00000019],cruising,[ 0.5677905  -0.59831228 -0.99408226]
531.9244258403778,1003,False,4,3,[ 4.23887335 -4.03913363  3.96811105],cruising,[ 0.63925976  0.24903542 -0.34837281]
531.9244258403778,1004,False,2,6,[7.22487587 6.52446908 4.        ],exiting,[-0.62185191  0.08809385  0.93462812]
531.9244258403778,1005,False,3,1,[-3.22957756  7.17694093  4.00000232],cruising,[ 0.50568378 -0.03156594 -0.11489306]
532.0218029022217,1000,False,5,2,[ 7.9447634  -3.49532724  4.        ],cruising,[-0.82138112 -0.19970136 -0.21083176]
532.0218029022217,1001,False,6,0,[-5.29039681  2.54834442  4.        ],cruising,[-0.48080528  0.59740651 -0.20557775]
532.0218029022217,1002,False,1,5,[-2.66667899 -3.54262076  4.00000003],cruising,[ 0.5677905  -0.59831228 -0.99408226]
532.0218029022217,1003,False,4,3,[ 4.05422405 -3.96229202  3.97289439],cruising,[ 0.63925976  0.24903542 -0.34837281]
532.0218029022217,1004,False,2,6,[7.26136201 6.61757526 4.        ],exiting,[-0.62185191  0.08809385  0.93462812]
532.0218029022217,1005,False,3,1,[-3.0326208   7.2116977   4.00000198],cruising,[ 0.50568378 -0.03156594 -0.11489306]
532.1219849586487,1000,False,5,2,[ 7.86458715 -3.67855324  4.        ],cruising,[-0.82138112 -0.19970136 -0.21083176]
532.1219849586487,1001,False,6,0,[-5.40233055  2.7140877   4.        ],cruising,[-0.48080528  0.59740651 -0.20557775]
532.1219849586487,1002,False,1,5,[-2.81128097 -3.45794261  3.99999989],cruising,[ 0.5677905  -0.59831228 -0.99408226]
532.1219849586487,1003,False,4,3,[ 3.86936351 -3.88595997  3.97696023],cruising,[ 0.63925976  0.24903542 -0.34837281]
532.1219849586487,1004,False,2,6,[7.29784814 6.71068145 4.        ],exiting,[-0.62185191  0.08809385  0.93462812]
532.1219849586487,1005,False,3,1,[-2.83455659  7.23945682  4.00000168],cruising,[ 0.50568378 -0.03156594 -0.11489306]
532.2318773269653,1000,False,5,2,[ 7.77879521 -3.85921797  4.        ],cruising,[-0.82138112 -0.19970136 -0.21083176]
532.2318773269653,1001,False,6,0,[-5.51238844  2.8810825   4.        ],cruising,[-0.48080528  0.59740651 -0.20557775]
532.2318773269653,1002,False,1,5,[-2.94099715 -3.35990733  3.99999976],cruising,[ 0.5677905  -0.59831228 -0.99408226]
532.2318773269653,1003,False,4,3,[ 3.68401988 -3.81080852  3.9804162 ],cruising,[ 0.63925976  0.24903542 -0.34837281]
532.2318773269653,1004,False,2,6,[7.33433428 6.80378763 4.        ],exiting,[-0.62185191  0.08809385  0.93462812]
532.2318773269653,1005,False,3,1,[-2.63589112  7.26252268  4.00000143],cruising,[ 0.50568378 -0.03156594 -0.11489306]
532.329264163971,1000,False,5,2,[ 7.67904054 -4.03256446  4.        ],cruising,[-0.82138112 -0.19970136 -0.21083176]
532.329264163971,1001,False,6,0,[-5.62135325  3.04879258  4.        ],cruising,[-0.48080528  0.59740651 -0.20557775]
532.329264163971,1002,False,1,5,[-3.05452277 -3.25013044  3.99999965],cruising,[ 0.5677905  -0.59831228 -0.99408226]
532.329264163971,1003,False,4,3,[ 3.4984822  -3.73613745  3.98335377],cruising,[ 0.63925976  0.24903542 -0.34837281]
532.329264163971,1004,False,2,6,[7.37082042 6.89689382 4.        ],exiting,[-0.62185191  0.08809385  0.93462812]
532.329264163971,1005,False,3,1,[-2.43637758  7.27646345  4.00000121],cruising,[ 0.50568378 -0.03156594 -0.11489306]
532.4268846511841,1000,False,5,2,[ 7.56274042 -4.19467495  4.        ],cruising,[-0.82138112 -0.19970136 -0.21083176]
532.4268846511841,1001,False,6,0,[-5.727606    3.21823387  4.        ],cruising,[-0.48080528  0.59740651 -0.20557775]
532.4268846511841,1002,False,1,5,[-3.15075534 -3.13030612  3.99999956],cruising,[ 0.5677905  -0.59831228 -0.99408226]
532.4268846511841,1003,False,4,3,[ 3.31258329 -3.66237029  3.9858507 ],cruising,[ 0.63925976  0.24903542 -0.34837281]
532.4268846511841,1004,False,2,6,[7.40730655 6.99       4.        ],exiting,[-0.62185191  0.08809385  0.93462812]
532.4268846511841,1005,False,3,1,[-2.23640689  7.27988727  4.00000103],cruising,[ 0.50568378 -0.03156594 -0.11489306]
532.5219717025757,1000,False,5,2,[ 7.43116369 -4.34387711  4.        ],cruising,[-0.82138112 -0.19970136 -0.21083176]
532.5219717025757,1001,False,6,0,[-5.83068002  3.38962742  4.        ],cruising,[-0.48080528  0.59740651 -0.20557775]
532.5219717025757,1002,False,1,5,[-3.22907298 -3.00159051  3.99999949],cruising,[ 0.5677905  -0.59831228 -0.99408226]
532.5219717025757,1003,False,4,3,[ 3.12639483 -3.58933701  3.9879731 ],cruising,[ 0.63925976  0.24903542 -0.34837281]
532.5219717025757,1004,False,2,6,[7.44379269 7.08310619 4.        ],exiting,[-0.62185191  0.08809385  0.93462812]
532.5219717025757,1005,False,3,1,[-2.03689363  7.2659423   4.00000088],cruising,[ 0.50568378 -0.03156594 -0.11489306]
532.6221704483032,1000,False,5,2,[ 7.28617849 -4.47823969  4.        ],cruising,[-0.82138112 -0.19970136 -0.21083176]
532.6221704483032,1001,False,6,0,[-5.93000832  3.56321857  4.        ],cruising,[-0.48080528  0.59740651 -0.20557775]
532.6221704483032,1002,False,1,5,[-3.28910948 -2.86476317  3.99999944],cruising,[ 0.5677905  -0.59831228 -0.99408226]
532.6221704483032,1003,False,4,3,[ 2.93986866 -3.51717064  3.98977713],cruising,[ 0.63925976  0.24903542 -0.34837281]
532.6221704483032,1004,False,2,6,[7.48027883 7.17621237 4.        ],exiting,[-0.62185191  0.08809385  0.93462812]
532.6221704483032,1005,False,3,1,[-1.83959906  7.23315736  4.00000075],cruising,[ 0.50568378 -0.03156594 -0.11489306]
532.734174489975,1000,False,5,2,[ 7.13016283 -4.59591908  4.        ],cruising,[-0.82138112 -0.19970136 -0.21083176]
532.734174489975,1001,False,6,0,[-6.0248917   3.73927863  4.        ],cruising,[-0.48080528  0.59740651 -0.20557775]
532.734174489975,1002,False,1,5,[-3.33069013 -2.72022991  3.99999941],cruising,[ 0.5677905  -0.59831228 -0.99408226]
532.734174489975,1003,False,4,3,[ 2.75287353 -3.44622826  3.99131056],cruising,[ 0.63925976  0.24903542 -0.34837281]
532.734174489975,1004,False,2,6,[7.51676497 7.26931856 4.        ],exiting,[-0.62185191  0.08809385  0.93462812]
532.734174489975,1005,False,3,1,[-1.64576671  7.18387228  4.00000063],cruising,[ 0.50568378 -0.03156594 -0.11489306]
532.8304526805878,1000,False,5,2,[ 6.96526763 -4.6956777   4.        ],cruising,[-0.82138112 -0.19970136 -0.21083176]
532.8304526805878,1001,False,6,0,[-6.11445623  3.91810311  4.        ],cruising,[-0.48080528  0.59740651 -0.20557775]
532.8304526805878,1002,False,1,5,[-3.35374162 -2.56816866  3.9999994 ],cruising,[ 0.5677905  -0.59831228 -0.99408226]
532.8304526805878,1003,False,4,3,[ 2.565262   -3.37693241  3.99261398],cruising,[ 0.63925976  0.24903542 -0.34837281]
532.8304526805878,1004,False,2,6,[7.5532511  7.36242475 4.        ],exiting,[-0.62185191  0.08809385  0.93462812]
532.8304526805878,1005,False,3,1,[-1.45460328  7.1250799   4.00000054],cruising,[ 0.50568378 -0.03156594 -0.11489306]
532.9315330982208,1000,False,5,2,[ 6.7936569  -4.77659748  4.        ],cruising,[-0.82138112 -0.19970136 -0.21083176]
532.9315330982208,1001,False,6,0,[-6.1975962   4.10000348  4.        ],cruising,[-0.48080528  0.59740651 -0.20557775]
532.9315330982208,1002,False,1,5,[-3.35826747 -2.4085708   3.99999941],cruising,[ 0.5677905  -0.59831228 -0.99408226]
532.9315330982208,1003,False,4,3,[ 2.37720999 -3.308841    3.99372188],cruising,[ 0.63925976  0.24903542 -0.34837281]
532.9315330982208,1004,False,2,6,[7.58973724 7.45553093 4.        ],exiting,[-0.62185191  0.08809385  0.93462812]
532.9315330982208,1005,False,3,1,[-1.26802564  7.05304669  4.00000046],cruising,[ 0.50568378 -0.03156594 -0.11489306]
533.0230944156647,1000,False,5,2,[ 6.61731659 -4.83808454  4.        ],cruising,[-0.82138112 -0.19970136 -0.21083176]
533.0230944156647,1001,False,6,0,[-6.26868914  4.28694142  4.        ],cruising,[-0.48080528  0.59740651 -0.20557775]
533.0230944156647,1002,False,1,5,[-3.34459217 -2.24068329  3.99999944],cruising,[ 0.5677905  -0.59831228 -0.99408226]
533.0230944156647,1003,False,4,3,[ 2.18825629 -3.24329331  3.9946636 ],cruising,[ 0.63925976  0.24903542 -0.34837281]
533.0230944156647,1004,False,2,6,[7.62622338 7.54863712 4.        ],exiting,[-0.62185191  0.08809385  0.93462812]
533.0230944156647,1005,False,3,1,[-1.08586658  6.97047504  4.00000039],cruising,[ 0.50568378 -0.03156594 -0.11489306]
533.1305966377258,1000,False,5,2,[ 6.43850553 -4.8797248   4.        ],cruising,[-0.82138112 -0.19970136 -0.21083176]
533.1305966377258,1001,False,6,0,[-6.3299613   4.47732452  4.        ],cruising,[-0.48080528  0.59740651 -0.20557775]
533.1305966377258,1002,False,1,5,[-3.31376113 -2.06251569  3.99999949],cruising,[ 0.5677905  -0.59831228 -0.99408226]
533.1305966377258,1003,False,4,3,[ 1.99822552 -3.18093702  3.99546406],cruising,[ 0.63925976  0.24903542 -0.34837281]
533.1305966377258,1004,False,2,6,[7.66270951 7.6417433  4.        ],exiting,[-0.62185191  0.08809385  0.93462812]
533.1305966377258,1005,False,3,1,[-0.90763868  6.87972916  4.00000033],cruising,[ 0.50568378 -0.03156594 -0.11489306]
533.2221965789795,1000,False,5,2,[ 6.25893501 -4.90137948  4.        ],cruising,[-0.82138112 -0.19970136 -0.21083176]
533.2221965789795,1001,False,6,0,[-6.37195022  4.67286717  4.        ],cruising,[-0.48080528  0.59740651 -0.20557775]
533.2221965789795,1002,False,1,5,[-3.27134226 -1.86804709  3.99999957],cruising,[ 0.5677905  -0.59831228 -0.99408226]
533.2221965789795,1003,False,4,3,[ 1.80754459 -3.12059811  3.99614445],cruising,[ 0.63925976  0.24903542 -0.34837281]
533.2221965789795,1004,False,2,6,[7.69919565 7.73484949 4.        ],exiting,[-0.62185191  0.08809385  0.93462812]
533.2221965789795,1005,False,3,1,[-0.731552    6.78489519  4.00000028],cruising,[ 0.50568378 -0.03156594 -0.11489306]
533.3349165916443,1000,False,5,2,[ 6.0796327  -4.90303596  4.        ],cruising,[-0.82138112 -0.19970136 -0.21083176]
533.3349165916443,1001,False,6,0,[-6.39760954  4.87121434  4.        ],cruising,[-0.48080528  0.59740651 -0.20557775]
533.3349165916443,1002,False,1,5,[-3.24463128 -1.66983881  3.99999963],cruising,[ 0.5677905  -0.59831228 -0.99408226]
533.3349165916443,1003,False,4,3,[ 1.61537719 -3.06517529  3.99672278],cruising,[ 0.63925976  0.24903542 -0.34837281]
533.3349165916443,1004,False,2,6,[7.73568179 7.82795567 4.        ],exiting,[-0.62185191  0.08809385  0.93462812]
533.3349165916443,1005,False,3,1,[-0.5585025   6.6846262   4.00000024],cruising,[ 0.50568378 -0.03156594 -0.11489306]
533.4223785400391,1000,False,5,2,[ 5.90186997 -4.88475179  4.        ],cruising,[-0.82138112 -0.19970136 -0.21083176]
533.4223785400391,1001,False,6,0,[-6.40329133  5.07050923  4.        ],cruising,[-0.48080528  0.59740651 -0.20557775]
533.4223785400391,1002,False,1,5,[-3.23434363 -1.47010358  3.99999969],cruising,[ 0.5677905  -0.59831228 -0.99408226]
533.4223785400391,1003,False,4,3,[ 1.42153314 -3.01593625  3.99721437],cruising,[ 0.63925976  0.24903542 -0.34837281]
533.4223785400391,1004,False,2,6,[7.77216792 7.92106186 4.        ],exiting,[-0.62185191  0.08809385  0.93462812]
533.4223785400391,1005,False,3,1,[-0.38766426  6.58063439  4.0000002 ],cruising,[ 0.50568378 -0.03156594 -0.11489306]
533.5220940113068,1000,False,5,2,[ 5.7266783  -4.84663356  4.        ],cruising,[-0.82138112 -0.19970136 -0.21083176]
533.5220940113068,1001,False,6,0,[-6.38905652  5.26797953  4.        ],cruising,[-0.48080528  0.59740651 -0.20557775]
533.5220940113068,1002,False,1,5,[-3.23989673 -1.27018068  3.99999973],cruising,[ 0.5677905  -0.59831228 -0.99408226]
533.5220940113068,1003,False,4,3,[ 1.22584785 -2.97461713  3.99763221],cruising,[ 0.63925976  0.24903542 -0.34837281]
533.5220940113068,1004,False,2,6,[7.80865406 8.01416805 4.        ],exiting,[-0.62185191  0.08809385  0.93462812]
533.5220940113068,1005,False,3,1,[-0.2177357   6.47516267  4.00000017],cruising,[ 0.50568378 -0.03156594 -0.11489306]
533.6219890117645,1000,False,5,2,[ 5.55438973 -4.78872716  4.        ],cruising,[-0.82138112 -0.19970136 -0.21083176]
533.6219890117645,1001,False,6,0,[-6.35529744  5.46111363  4.        ],cruising,[-0.48080528  0.59740651 -0.20557775]
533.6219890117645,1002,False,1,5,[-3.25926764 -1.07112097  3.99999977],cruising,[ 0.5677905  -0.59831228 -0.99408226]
533.6219890117645,1003,False,4,3,[ 1.02743756 -2.94945055  3.99798738],cruising,[ 0.63925976  0.24903542 -0.34837281]
533.6219890117645,1004,False,2,6,[7.8451402  8.10727423 4.        ],exiting,[-0.62185191  0.08809385  0.93462812]
533.6219890117645,1005,False,3,1,[-0.04886352  6.36800771  4.00000015],cruising,[ 0.50568378 -0.03156594 -0.11489306]
533.7224187850952,1000,False,5,2,[ 5.38547177 -4.71110682  4.        ],cruising,[-0.82138112 -0.19970136 -0.21083176]
533.7224187850952,1001,False,6,0,[-6.30269709  5.64753903  4.        ],cruising,[-0.48080528  0.59740651 -0.20557775]
533.7224187850952,1002,False,1,5,[-3.29219228 -0.87384967  3.99999981],cruising,[ 0.5677905  -0.59831228 -0.99408226]
533.7224187850952,1003,False,4,3,[ 0.82773446 -2.93855698  3.99828927],cruising,[ 0.63925976  0.24903542 -0.34837281]
533.7224187850952,1004,False,2,6,[7.88162634 8.20038042 4.        ],exiting,[-0.62185191  0.08809385  0.93462812]
533.7224187850952,1005,False,3,1,[0.11982824 6.26056893 4.00000012],cruising,[ 0.50568378 -0.03156594 -0.11489306]
533.8230628967285,1000,False,5,2,[ 5.21907997 -4.61364667  4.        ],cruising,[-0.82138112 -0.19970136 -0.21083176]
533.8230628967285,1001,False,6,0,[-6.23219165  5.82505332  4.        ],cruising,[-0.48080528  0.59740651 -0.20557775]
533.8230628967285,1002,False,1,5,[-3.33756093 -0.67906341  3.99999984],cruising,[ 0.5677905  -0.59831228 -0.99408226]
533.8230628967285,1003,False,4,3,[ 0.62779648 -2.94353768  3.99854588],cruising,[ 0.63925976  0.24903542 -0.34837281]
533.8230628967285,1004,False,2,6,[7.91811247 8.2934866  4.        ],exiting,[-0.62185191  0.08809385  0.93462812]
533.8230628967285,1005,False,3,1,[0.28860452 6.15326298 4.00000011],cruising,[ 0.50568378 -0.03156594 -0.11489306]
533.9297680854797,1000,False,5,2,[ 5.05223298 -4.50336483  4.        ],cruising,[-0.82138112 -0.19970136 -0.21083176]
533.9297680854797,1001,False,6,0,[-6.1448531   5.99176731  4.        ],cruising,[-0.48080528  0.59740651 -0.20557775]
533.9297680854797,1002,False,1,5,[-3.39439972 -0.48731005  3.99999986],cruising,[ 0.5677905  -0.59831228 -0.99408226]
533.9297680854797,1003,False,4,3,[ 0.42879002 -2.96344815  3.998764  ],cruising,[ 0.63925976  0.24903542 -0.34837281]
533.9297680854797,1004,False,2,6,[7.95459861 8.38659279 4.        ],exiting,[-0.62185191  0.08809385  0.93462812]
533.9297680854797,1005,False,3,1,[0.45788559 6.04675515 4.00000009],cruising,[ 0.50568378 -0.03156594 -0.11489306]
534.0290610790253,1000,False,5,2,[ 4.88030232 -4.40118926  4.        ],cruising,[-0.82138112 -0.19970136 -0.21083176]
534.0290610790253,1001,False,6,0,[-6.04176423  6.14615542  4.        ],cruising,[-0.48080528  0.59740651 -0.20557775]
534.0290610790253,1002,False,1,5,[-3.46005626 -0.29839414  3.99999988],cruising,[ 0.5677905  -0.59831228 -0.99408226]
534.0290610790253,1003,False,4,3,[ 0.23173416 -2.99763861  3.9989494 ],cruising,[ 0.63925976  0.24903542 -0.34837281]
534.0290610790253,1004,False,2,6,[7.99108475 8.47969897 4.        ],exiting,[-0.62185191  0.08809385  0.93462812]
534.0290610790253,1005,False,3,1,[0.62793451 5.94147759 4.00000008],cruising,[ 0.50568378 -0.03156594 -0.11489306]
534.1227111816406,1000,False,5,2,[ 4.70548662 -4.30403232  4.        ],cruising,[-0.82138112 -0.19970136 -0.21083176]
534.1227111816406,1001,False,6,0,[-5.92410372  6.28684436  4.        ],cruising,[-0.48080528  0.59740651 -0.20557775]
534.1227111816406,1002,False,1,5,[-3.53598524 -0.11336769  3.9999999 ],cruising,[ 0.5677905  -0.59831228 -0.99408226]
534.1227111816406,1003,False,4,3,[ 0.03747273 -3.04520433  3.99910699],cruising,[ 0.63925976  0.24903542 -0.34837281]
534.1227111816406,1004,False,2,6,[8.02757088 8.57280516 4.        ],exiting,[-0.62185191  0.08809385  0.93462812]
534.1227111816406,1005,False,3,1,[0.79951888 5.83872155 4.00000007],cruising,[ 0.50568378 -0.03156594 -0.11489306]
534.2303853034973,1000,False,5,2,[ 4.52759699 -4.21262509  4.        ],cruising,[-0.82138112 -0.19970136 -0.21083176]
534.2303853034973,1001,False,6,0,[-5.79274779  6.41295814  4.        ],cruising,[-0.48080528  0.59740651 -0.20557775]
534.2303853034973,1002,False,1,5,[-3.62251805  0.06694336  3.99999991],cruising,[ 0.5677905  -0.59831228 -0.99408226]
534.2303853034973,1003,False,4,3,[-0.15221394 -3.10859965  3.99924094],exiting,[ 0.63925976  0.24903542 -0.34837281]
534.2303853034973,1004,False,2,6,[8.06405702 8.66591134 4.        ],exiting,[-0.62185191  0.08809385  0.93462812]
534.2303853034973,1005,False,3,1,[0.97245003 5.73824858 4.00000006],cruising,[ 0.50568378 -0.03156594 -0.11489306]
534.3348650932312,1000,False,5,2,[ 4.34809219 -4.12443197  4.        ],cruising,[-0.82138112 -0.19970136 -0.21083176]
534.3348650932312,1001,False,6,0,[-5.64851667  6.52376735  4.        ],cruising,[-0.48080528  0.59740651 -0.20557775]
534.3348650932312,1002,False,1,5,[-3.71667146  0.24339487  3.99999993],cruising,[ 0.5677905  -0.59831228 -0.99408226]
534.3348650932312,1003,False,4,3,[-0.32227058 -3.17582404  3.99937444],exiting,[ 0.63925976  0.24903542 -0.34837281]
534.3348650932312,1004,False,2,6,[8.10054316 8.75901753 4.        ],exiting,[-0.62185191  0.08809385  0.93462812]
534.3348650932312,1005,False,3,1,[1.1477485  5.64196541 4.00000005],cruising,[ 0.50568378 -0.03156594 -0.11489306]
534.4275598526001,1000,False,5,2,[ 4.16678147 -4.04001384  4.        ],cruising,[-0.82138112 -0.19970136 -0.21083176]
534.4275598526001,1001,False,6,0,[-5.49214159  6.61868555  4.        ],cruising,[-0.48080528  0.59740651 -0.20557775]
534.4275598526001,1002,False,1,5,[-3.81685082  0.41649627  3.99999994],cruising,[ 0.5677905  -0.59831228 -0.99408226]
534.4275598526001,1003,False,4,3,[-0.47268603 -3.24681988  3.99950552],exiting,[ 0.63925976  0.24903542 -0.34837281]
534.4275598526001,1004,False,2,6,[8.1370293  8.85212372 4.        ],exiting,[-0.62185191  0.08809385  0.93462812]
534.4275598526001,1005,False,3,1,[1.32484433 5.54902959 4.00000004],cruising,[ 0.50568378 -0.03156594 -0.11489306]
534.535430431366,1000,False,5,2,[ 3.98456157 -3.95757655  4.        ],cruising,[-0.82138112 -0.19970136 -0.21083176]
534.535430431366,1001,False,6,0,[-5.32422341  6.69727107  4.        ],cruising,[-0.48080528  0.59740651 -0.20557775]
534.535430431366,1002,False,1,5,[-3.92174745  0.58678043  3.99999995],cruising,[ 0.5677905  -0.59831228 -0.99408226]
534.535430431366,1003,False,4,3,[-0.60344668 -3.32151556  3.99963188],exiting,[ 0.63925976  0.24903542 -0.34837281]
534.535430431366,1004,False,2,6,[8.17351543 8.9452299  4.        ],exiting,[-0.62185191  0.08809385  0.93462812]
534.535430431366,1005,False,3,1,[1.50395306 5.46003487 4.00000003],cruising,[ 0.50568378 -0.03156594 -0.11489306]
534.625275850296,1000,False,5,2,[ 3.8012534  -3.87758833  4.        ],cruising,[-0.82138112 -0.19970136 -0.21083176]
534.625275850296,1001,False,6,0,[-5.14515928  6.75925032  4.        ],cruising,[-0.48080528  0.59740651 -0.20557775]
534.625275850296,1002,False,1,5,[-4.0313423   0.75407947  3.99999996],cruising,[ 0.5677905  -0.59831228 -0.99408226]
534.625275850296,1003,False,4,3,[-0.71453575 -3.39982082  3.99975077],exiting,[ 0.63925976  0.24903542 -0.34837281]
534.625275850296,1004,False,2,6,[8.21000157 9.03833609 4.        ],exiting,[-0.62185191  0.08809385  0.93462812]
534.625275850296,1005,False,3,1,[1.68629501 5.37786788 4.00000003],cruising,[ 0.50568378 -0.03156594 -0.11489306]
534.7225270271301,1000,False,5,2,[ 3.61736218 -3.79894978  4.        ],cruising,[-0.82138112 -0.19970136 -0.21083176]
534.7225270271301,1001,False,6,0,[-4.95493109  6.80463548  4.        ],cruising,[-0.48080528  0.59740651 -0.20557775]
534.7225270271301,1002,False,1,5,[-4.1432546   0.91983724  3.99999996],cruising,[ 0.5677905  -0.59831228 -0.99408226]
534.7225270271301,1003,False,4,3,[-0.80593159 -3.48161556  3.99985869],exiting,[ 0.63925976  0.24903542 -0.34837281]
534.7225270271301,1004,False,2,6,[8.24648771 9.13144227 4.        ],landing,[-0.62185191  0.08809385  0.93462812]
534.7225270271301,1005,False,3,1,[1.8708319  5.30075668 4.00000002],cruising,[ 0.50568378 -0.03156594 -0.11489306]
534.8218224048615,1000,False,5,2,[ 3.43276321 -3.72198734  4.        ],cruising,[-0.82138112 -0.19970136 -0.21083176]
534.8218224048615,1001,False,6,0,[-4.75874416  6.84350303  4.        ],cruising,[-0.48080528  0.59740651 -0.20557775]
534.8218224048615,1002,False,1,5,[-4.25689655  1.08441399  3.99999997],cruising,[ 0.5677905  -0.59831228 -0.99408226]
534.8218224048615,1003,False,4,3,[-0.87760429 -3.56672653  3.99995072],exiting,[ 0.63925976  0.24903542 -0.34837281]
534.8218224048615,1004,False,2,6,[8.28095901 9.21049982 3.98590829],landing,[-0.62185191  0.08809385  0.93462812]
534.8218224048615,1005,False,3,1,[2.0576707  5.2294036  4.00000002],cruising,[ 0.50568378 -0.03156594 -0.11489306]
534.9304873943329,1000,False,5,2,[ 3.2476728  -3.64621438  4.        ],cruising,[-0.82138112 -0.19970136 -0.21083176]
534.9304873943329,1001,False,6,0,[-4.56288753  6.88400219  4.        ],cruising,[-0.48080528  0.59740651 -0.20557775]
534.9304873943329,1002,False,1,5,[-4.37135823  1.24842169  3.99999997],cruising,[ 0.5677905  -0.59831228 -0.99408226]
534.9304873943329,1003,False,4,3,[-0.92953331 -3.65502915  4.00002354],exiting,[ 0.63925976  0.24903542 -0.34837281]
534.9304873943329,1004,False,2,6,[8.31331759 9.2753617  3.9578875 ],landing,[-0.62185191  0.08809385  0.93462812]
534.9304873943329,1005,False,3,1,[2.24826789 5.1688007  4.00000002],cruising,[ 0.50568378 -0.03156594 -0.11489306]
535.0385749340057,1000,False,5,2,[ 3.06205295 -3.5717478   4.        ],cruising,[-0.82138112 -0.19970136 -0.21083176]
535.0385749340057,1001,False,6,0,[-4.36777607  6.92795121  4.        ],cruising,[-0.48080528  0.59740651 -0.20557775]
535.0385749340057,1002,False,1,5,[-4.48687828  1.41168564  3.99999998],cruising,[ 0.5677905  -0.59831228 -0.99408226]
535.0385749340057,1003,False,4,3,[-0.96169796 -3.74639268  4.00007388],exiting,[ 0.63925976  0.24903542 -0.34837281]
535.0385749340057,1004,False,2,6,[8.34344718 9.3258554  3.91613401],landing,[-0.62185191  0.08809385  0.93462812]
535.0385749340057,1005,False,3,1,[2.44181127 5.11839275 4.00000002],cruising,[ 0.50568378 -0.03156594 -0.11489306]
535.1252686977386,1000,False,5,2,[ 2.87588117 -3.49867202  4.        ],cruising,[-0.82138112 -0.19970136 -0.21083176]
535.1252686977386,1001,False,6,0,[-4.17311507  6.97385432  4.        ],cruising,[-0.48080528  0.59740651 -0.20557775]
535.1252686977386,1002,False,1,5,[-4.60301749  1.57450973  3.99999998],cruising,[ 0.5677905  -0.59831228 -0.99408226]
535.1252686977386,1003,False,4,3,[-0.97407769 -3.8406814   4.00009865],exiting,[ 0.63925976  0.24903542 -0.34837281]
535.1252686977386,1004,False,2,6,[8.37118682 9.36174579 3.86092572],landing,[-0.62185191  0.08809385  0.93462812]
535.1252686977386,1005,False,3,1,[2.63742714 5.07674624 4.00000001],cruising,[ 0.50568378 -0.03156594 -0.11489306]
535.2312574386597,1000,False,5,2,[ 2.68904801 -3.42730417  4.        ],cruising,[-0.82138112 -0.19970136 -0.21083176]
535.2312574386597,1001,False,6,0,[-3.97860924  7.02041053  4.        ],cruising,[-0.48080528  0.59740651 -0.20557775]
535.2312574386597,1002,False,1,5,[-4.71939626  1.73716268  3.99999998],cruising,[ 0.5677905  -0.59831228 -0.99408226]
535.2312574386597,1003,False,4,3,[-0.96665241 -3.93775586  4.00009551],exiting,[ 0.63925976  0.24903542 -0.34837281]
535.2312574386597,1004,False,2,6,[8.39640232 9.38284028 3.79249965],landing,[-0.62185191  0.08809385  0.93462812]
535.2312574386597,1005,False,3,1,[2.83446847 5.04247213 4.00000001],cruising,[ 0.50568378 -0.03156594 -0.11489306]
535.3221061229706,1000,False,5,2,[ 2.50171156 -3.35726809  4.        ],cruising,[-0.82138112 -0.19970136 -0.21083176]
535.3221061229706,1001,False,6,0,[-3.78399414  7.06650788  4.        ],cruising,[-0.48080528  0.59740651 -0.20557775]
535.3221061229706,1002,False,1,5,[-4.83567812  1.89988492  3.99999999],cruising,[ 0.5677905  -0.59831228 -0.99408226]
535.3221061229706,1003,False,4,3,[-0.94902818 -4.03619054  4.00007881],exiting,[ 0.63925976  0.24903542 -0.34837281]
535.3221061229706,1004,False,2,6,[8.41896704 9.38895996 3.71108402],landing,[-0.62185191  0.08809385  0.93462812]
535.3221061229706,1005,False,3,1,[3.03247107 5.01427691 4.00000001],cruising,[ 0.50568378 -0.03156594 -0.11489306]
535.4228332042694,1000,False,5,2,[ 2.31350104 -3.28961602  4.        ],cruising,[-0.82138112 -0.19970136 -0.21083176]
535.4228332042694,1001,False,6,0,[-3.58850962  7.10876661  4.        ],cruising,[-0.48080528  0.59740651 -0.20557775]
535.4228332042694,1002,False,1,5,[-4.95155568  2.06289533  3.99999999],cruising,[ 0.5677905  -0.59831228 -0.99408226]
535.4228332042694,1003,False,4,3,[-0.93140394 -4.13462522  4.00006499],exiting,[ 0.63925976  0.24903542 -0.34837281]
535.4228332042694,1004,False,2,6,[8.43875198 9.3799255  3.61691594],landing,[-0.62185191  0.08809385  0.93462812]
535.4228332042694,1005,False,3,1,[3.23111015 4.99098494 4.00000001],cruising,[ 0.50568378 -0.03156594 -0.11489306]
535.5214295387268,1000,False,5,2,[ 2.12426556 -3.22488634  4.        ],cruising,[-0.82138112 -0.19970136 -0.21083176]
535.5214295387268,1001,False,6,0,[-3.39263913  7.14919867  4.        ],cruising,[-0.48080528  0.59740651 -0.20557775]
535.5214295387268,1002,False,1,5,[-5.06712666  2.22612323  3.99999999],cruising,[ 0.5677905  -0.59831228 -0.99408226]
535.5214295387268,1003,False,4,3,[-0.91377971 -4.23305991  4.00005355],exiting,[ 0.63925976  0.24903542 -0.34837281]
535.5214295387268,1004,False,2,6,[8.45780357 9.36702891 3.51959834],landing,[-0.62185191  0.08809385  0.93462812]
535.5214295387268,1005,False,3,1,[3.43016287 4.97154237 4.00000001],cruising,[ 0.50568378 -0.03156594 -0.11489306]
535.6226024627686,1000,False,5,2,[ 1.93438745 -3.16206674  4.        ],cruising,[-0.82138112 -0.19970136 -0.21083176]
535.6226024627686,1001,False,6,0,[-3.19623256  7.1869407   4.        ],cruising,[-0.48080528  0.59740651 -0.20557775]
535.6226024627686,1002,False,1,5,[-5.18176801  2.39000539  3.99999999],cruising,[ 0.5677905  -0.59831228 -0.99408226]
535.6226024627686,1003,False,4,3,[-0.89615548 -4.33149459  4.00004408],exiting,[ 0.63925976  0.24903542 -0.34837281]
535.6226024627686,1004,False,2,6,[8.47685516 9.35413232 3.42228074],landing,[-0.62185191  0.08809385  0.93462812]
535.6226024627686,1005,False,3,1,[3.62947839 4.95500987 4.00000001],cruising,[ 0.50568378 -0.03156594 -0.11489306]
535.734274148941,1000,False,5,2,[ 1.74312241 -3.10360577  4.        ],cruising,[-0.82138112 -0.19970136 -0.21083176]
535.734274148941,1001,False,6,0,[-2.99874135  7.21851949  4.        ],cruising,[-0.48080528  0.59740651 -0.20557775]
535.734274148941,1002,False,1,5,[-5.29517955  2.554741    3.99999999],cruising,[ 0.5677905  -0.59831228 -0.99408226]
535.734274148941,1003,False,4,3,[-0.87853124 -4.42992927  4.00003626],exiting,[ 0.63925976  0.24903542 -0.34837281]
535.734274148941,1004,False,2,6,[8.49590675 9.34123574 3.32496314],landing,[-0.62185191  0.08809385  0.93462812]
535.734274148941,1005,False,3,1,[3.82895496 4.94054964 4.        ],cruising,[ 0.50568378 -0.03156594 -0.11489306]
535.8232755661011,1000,False,5,2,[ 1.5502835  -3.05056657  4.        ],cruising,[-0.82138112 -0.19970136 -0.21083176]
535.8232755661011,1001,False,6,0,[-2.80065887  7.24614793  4.        ],cruising,[-0.48080528  0.59740651 -0.20557775]
535.8232755661011,1002,False,1,5,[-5.40704943  2.7205274   3.99999999],cruising,[ 0.5677905  -0.59831228 -0.99408226]
535.8232755661011,1003,False,4,3,[-0.86090701 -4.52836395  4.00002979],exiting,[ 0.63925976  0.24903542 -0.34837281]
535.8232755661011,1004,False,2,6,[8.51495834 9.32833915 3.22764554],landing,[-0.62185191  0.08809385  0.93462812]
535.8232755661011,1005,False,3,1,[4.02852283 4.92740953 4.        ],cruising,[ 0.50568378 -0.03156594 -0.11489306]
535.9235637187958,1000,False,5,2,[ 1.35568611 -3.00439453  4.        ],cruising,[-0.82138112 -0.19970136 -0.21083176]
535.9235637187958,1001,False,6,0,[-2.60162502  7.26578279  4.        ],cruising,[-0.48080528  0.59740651 -0.20557775]
535.9235637187958,1002,False,1,5,[-5.51704097  2.8875659   3.99999999],cruising,[ 0.5677905  -0.59831228 -0.99408226]
535.9235637187958,1003,False,4,3,[-0.84328278 -4.62679863  4.00002446],exiting,[ 0.63925976  0.24903542 -0.34837281]
535.9235637187958,1004,False,2,6,[8.53400993 9.31544256 3.13032795],landing,[-0.62185191  0.08809385  0.93462812]
535.9235637187958,1005,False,3,1,[4.22810636 4.91450927 4.        ],cruising,[ 0.50568378 -0.03156594 -0.11489306]
536.0226490497589,1000,False,5,2,[ 1.15919482 -2.96709615  4.        ],cruising,[-0.82138112 -0.19970136 -0.21083176]
536.0226490497589,1001,False,6,0,[-2.40211581  7.27978554  4.        ],cruising,[-0.48080528  0.59740651 -0.20557775]
536.0226490497589,1002,False,1,5,[-5.62594417  3.05531599  4.        ],cruising,[ 0.5677905  -0.59831228 -0.99408226]
536.0226490497589,1003,False,4,3,[-0.82565854 -4.72523331  4.00002005],exiting,[ 0.63925976  0.24903542 -0.34837281]
536.0226490497589,1004,False,2,6,[8.55306152 9.30254597 3.03301035],landing,[-0.62185191  0.08809385  0.93462812]
536.0226490497589,1005,False,3,1,[4.42771636 4.90202538 4.        ],cruising,[ 0.50568378 -0.03156594 -0.11489306]
536.129497051239,1000,False,5,2,[ 0.96010358 -2.94805197  4.        ],cruising,[-0.82138112 -0.19970136 -0.21083176]
536.129497051239,1001,False,6,0,[-2.2021395   7.28286355  4.        ],cruising,[-0.48080528  0.59740651 -0.20557775]
536.129497051239,1002,False,1,5,[-5.73212704  3.22480108  4.        ],cruising,[ 0.5677905  -0.59831228 -0.99408226]
536.129497051239,1003,False,4,3,[-0.80803431 -4.82366799  4.00001643],exiting,[ 0.63925976  0.24903542 -0.34837281]
536.129497051239,1004,False,2,6,[8.57211311 9.28964938 2.93569275],landing,[-0.62185191  0.08809385  0.93462812]
536.129497051239,1005,False,3,1,[4.62730834 4.8892566  4.        ],cruising,[ 0.50568378 -0.03156594 -0.11489306]
536.236189365387,1000,False,5,2,[ 0.76019804 -2.94190584  4.        ],cruising,[-0.82138112 -0.19970136 -0.21083176]
536.236189365387,1001,False,6,0,[-2.00269093  7.26802214  4.        ],cruising,[-0.48080528  0.59740651 -0.20557775]
536.236189365387,1002,False,1,5,[-5.83512038  3.39624312  4.        ],cruising,[ 0.5677905  -0.59831228 -0.99408226]
536.236189365387,1003,False,4,3,[-0.79041008 -4.92210267  4.00001344],exiting,[ 0.63925976  0.24903542 -0.34837281]
536.236189365387,1004,False,2,6,[8.59116471 9.27675279 2.83837515],landing,[-0.62185191  0.08809385  0.93462812]
536.236189365387,1005,False,3,1,[4.82683805 4.87554913 4.        ],cruising,[ 0.50568378 -0.03156594 -0.11489306]
536.3267939090729,1000,False,5,2,[ 0.56041497 -2.95121835  4.        ],cruising,[-0.82138112 -0.19970136 -0.21083176]
536.3267939090729,1001,False,6,0,[-1.80562682  7.23387925  4.        ],cruising,[-0.48080528  0.59740651 -0.20557775]
536.3267939090729,1002,False,1,5,[-5.9343545   3.56988813  4.        ],cruising,[ 0.5677905  -0.59831228 -0.99408226]
536.3267939090729,1003,False,4,3,[-0.77278584 -5.02053735  4.00001098],exiting,[ 0.63925976  0.24903542 -0.34837281]
536.3267939090729,1004,False,2,6,[8.6102163  9.2638562  2.74105756],landing,[-0.62185191  0.08809385  0.93462812]
536.3267939090729,1005,False,3,1,[5.02625399 4.86027557 4.        ],cruising,[ 0.50568378 -0.03156594 -0.11489306]
536.4246068000793,1000,False,5,2,[ 0.36188658 -2.97543569  4.        ],cruising,[-0.82138112 -0.19970136 -0.21083176]
536.4246068000793,1001,False,6,0,[-1.61221531  7.18296766  4.        ],cruising,[-0.48080528  0.59740651 -0.20557775]
536.4246068000793,1002,False,1,5,[-6.02912714  3.74600783  4.        ],cruising,[ 0.5677905  -0.59831228 -0.99408226]
536.4246068000793,1003,False,4,3,[-0.75516161 -5.11897203  4.00000896],exiting,[ 0.63925976  0.24903542 -0.34837281]
536.4246068000793,1004,False,2,6,[8.62926789 9.25095961 2.64373996],landing,[-0.62185191  0.08809385  0.93462812]
536.4246068000793,1005,False,3,1,[5.2255813  4.84388582 4.        ],cruising,[ 0.50568378 -0.03156594 -0.11489306]
536.5216262340546,1000,False,5,2,[ 0.16560007 -3.01379723  4.        ],cruising,[-0.82138112 -0.19970136 -0.21083176]
536.5216262340546,1001,False,6,0,[-1.42307884  7.11794927  4.        ],cruising,[-0.48080528  0.59740651 -0.20557775]
536.5216262340546,1002,False,1,5,[-6.11856075  3.92489782  4.        ],cruising,[ 0.5677905  -0.59831228 -0.99408226]
536.5216262340546,1003,False,4,3,[-0.73753738 -5.21740671  4.0000073 ],exiting,[ 0.63925976  0.24903542 -0.34837281]
536.5216262340546,1004,False,2,6,[8.64831948 9.23806302 2.54642236],landing,[-0.62185191  0.08809385  0.93462812]
536.5216262340546,1005,False,3,1,[5.42466586 4.82477195 4.        ],cruising,[ 0.50568378 -0.03156594 -0.11489306]
536.6261825561523,1000,False,5,2,[-0.02766127 -3.06527588  4.        ],cruising,[-0.82138112 -0.19970136 -0.21083176]
536.6261825561523,1001,False,6,0,[-1.2383104   7.04139455  4.        ],cruising,[-0.48080528  0.59740651 -0.20557775]
536.6261825561523,1002,False,1,5,[-6.20154529  4.10686915  4.        ],cruising,[ 0.5677905  -0.59831228 -0.99408226]
536.6261825561523,1003,False,4,3,[-0.71991314 -5.31584139  4.00000594],exiting,[ 0.63925976  0.24903542 -0.34837281]
536.6261825561523,1004,False,2,6,[8.66737107 9.22516643 2.44910476],landing,[-0.62185191  0.08809385  0.93462812]
536.6261825561523,1005,False,3,1,[5.62339491 4.80226057 4.        ],cruising,[ 0.50568378 -0.03156594 -0.11489306]
536.7303054332733,1000,False,5,2,[-0.21618006 -3.13206411  4.        ],cruising,[-0.82138112 -0.19970136 -0.21083176]
536.7303054332733,1001,False,6,0,[-1.05762415  6.95564796  4.        ],cruising,[-0.48080528  0.59740651 -0.20557775]
536.7303054332733,1002,False,1,5,[-6.27241701  4.29389107  4.        ],cruising,[ 0.5677905  -0.59831228 -0.99408226]
536.7303054332733,1003,False,4,3,[-0.70228891 -5.41427608  4.00000482],exiting,[ 0.63925976  0.24903542 -0.34837281]
536.7303054332733,1004,False,2,6,[8.68642266 9.21226984 2.35178716],landing,[-0.62185191  0.08809385  0.93462812]
536.7303054332733,1005,False,3,1,[5.82161538 4.77564012 4.        ],cruising,[ 0.50568378 -0.03156594 -0.11489306]
536.8284912109375,1000,False,5,2,[-0.40127037 -3.20783729  4.        ],cruising,[-0.82138112 -0.19970136 -0.21083176]
536.8284912109375,1001,False,6,0,[-0.87926349  6.86516327  4.        ],cruising,[-0.48080528  0.59740651 -0.20557775]
536.8284912109375,1002,False,1,5,[-6.33343197  4.48435675  4.        ],exiting,[ 0.5677905  -0.59831228 -0.99408226]
536.8284912109375,1003,False,4,3,[-0.68466468 -5.51271076  4.00000391],exiting,[ 0.63925976  0.24903542 -0.34837281]
536.8284912109375,1004,False,2,6,[8.70547425 9.19937325 2.25446957],landing,[-0.62185191  0.08809385  0.93462812]
536.8284912109375,1005,False,3,1,[6.01911935 4.74414122 4.        ],cruising,[ 0.50568378 -0.03156594 -0.11489306]
536.9329636096954,1000,False,5,2,[-0.5822341  -3.29299673  4.        ],cruising,[-0.82138112 -0.19970136 -0.21083176]
536.9329636096954,1001,False,6,0,[-0.70431877  6.76823885  4.        ],cruising,[-0.48080528  0.59740651 -0.20557775]
536.9329636096954,1002,False,1,5,[-6.39412252  4.65482506  4.        ],exiting,[ 0.5677905  -0.59831228 -0.99408226]
536.9329636096954,1003,False,4,3,[-0.66704044 -5.61114544  4.00000316],exiting,[ 0.63925976  0.24903542 -0.34837281]
536.9329636096954,1004,False,2,6,[8.72452584 9.18647666 2.15715197],landing,[-0.62185191  0.08809385  0.93462812]
536.9329636096954,1005,False,3,1,[6.21562485 4.70691772 4.        ],cruising,[ 0.50568378 -0.03156594 -0.11489306]
537.0224266052246,1000,False,5,2,[-0.76060949 -3.38345237  4.        ],cruising,[-0.82138112 -0.19970136 -0.21083176]
537.0224266052246,1001,False,6,0,[-0.53201721  6.66668998  4.        ],cruising,[-0.48080528  0.59740651 -0.20557775]
537.0224266052246,1002,False,1,5,[-6.45471012  4.80529364  4.        ],exiting,[ 0.5677905  -0.59831228 -0.99408226]
537.0224266052246,1003,False,4,3,[-0.64941621 -5.70958012  4.00000255],exiting,[ 0.63925976  0.24903542 -0.34837281]
537.0224266052246,1004,False,2,6,[8.74357743 9.17358007 2.05983437],landing,[-0.62185191  0.08809385  0.93462812]
537.0224266052246,1005,False,3,1,[6.41074993 4.66302922 4.        ],cruising,[ 0.50568378 -0.03156594 -0.11489306]
537.1308236122131,1000,False,5,2,[-0.93853793 -3.474784    4.        ],cruising,[-0.82138112 -0.19970136 -0.21083176]
537.1308236122131,1001,False,6,0,[-0.36092883  6.56311022  4.        ],cruising,[-0.48080528  0.59740651 -0.20557775]
537.1308236122131,1002,False,1,5,[-6.51550616  4.9357633   4.        ],exiting,[ 0.5677905  -0.59831228 -0.99408226]
537.1308236122131,1003,False,4,3,[-0.63179198 -5.8080148   4.00000206],exiting,[ 0.63925976  0.24903542 -0.34837281]
537.1308236122131,1004,False,2,6,[8.76262902 9.16068349 1.96251677],landing,[-0.62185191  0.08809385  0.93462812]
537.1308236122131,1005,False,3,1,[6.60397833 4.61142703 4.        ],cruising,[ 0.50568378 -0.03156594 -0.11489306]
537.2220077514648,1000,False,5,2,[-1.11944019 -3.56007393  4.        ],cruising,[-0.82138112 -0.19970136 -0.21083176]
537.2220077514648,1001,False,6,0,[-0.19137437  6.45703815  4.        ],cruising,[-0.48080528  0.59740651 -0.20557775]
537.2220077514648,1002,False,1,5,[-6.57684198  5.04624024  4.        ],exiting,[ 0.5677905  -0.59831228 -0.99408226]
537.2220077514648,1003,False,4,3,[-0.61416774 -5.90644948  4.00000165],exiting,[ 0.63925976  0.24903542 -0.34837281]
537.2220077514648,1004,False,2,6,[8.78168061 9.1477869  1.86519917],landing,[-0.62185191  0.08809385  0.93462812]
537.2220077514648,1005,False,3,1,[6.79461466 4.55094736 4.        ],cruising,[ 0.50568378 -0.03156594 -0.11489306]
537.3253147602081,1000,False,5,2,[-1.30727939 -3.62875025  4.        ],cruising,[-0.82138112 -0.19970136 -0.21083176]
537.3253147602081,1001,False,6,0,[-0.02230837  6.35018925  4.        ],cruising,[-0.48080528  0.59740651 -0.20557775]
537.3253147602081,1002,False,1,5,[-6.63902982  5.13673535  4.        ],exiting,[ 0.5677905  -0.59831228 -0.99408226]
537.3253147602081,1003,False,4,3,[-0.59654351 -6.00488416  4.00000132],exiting,[ 0.63925976  0.24903542 -0.34837281]
537.3253147602081,1004,False,2,6,[8.8007322  9.13489031 1.76788158],landing,[-0.62185191  0.08809385  0.93462812]
537.3253147602081,1005,False,3,1,[6.98172832 4.48031819 4.        ],cruising,[ 0.50568378 -0.03156594 -0.11489306]
537.4220802783966,1000,False,5,2,[-1.50045146 -3.67815067  4.        ],cruising,[-0.82138112 -0.19970136 -0.21083176]
537.4220802783966,1001,False,6,0,[0.14637822 6.24274236 4.        ],cruising,[-0.48080528  0.59740651 -0.20557775]
537.4220802783966,1002,False,1,5,[-6.70197213  5.21444163  4.        ],exiting,[ 0.5677905  -0.59831228 -0.99408226]
537.4220802783966,1003,False,4,3,[-0.57891928 -6.10331884  4.00000106],exiting,[ 0.63925976  0.24903542 -0.34837281]
537.4220802783966,1004,False,2,6,[8.81978379 9.12199372 1.67056398],landing,[-0.62185191  0.08809385  0.93462812]
537.4220802783966,1005,False,3,1,[7.1640876  4.39818968 4.        ],cruising,[ 0.50568378 -0.03156594 -0.11489306]
537.5216934680939,1000,False,5,2,[-1.69557157 -3.70764618  4.        ],cruising,[-0.82138112 -0.19970136 -0.21083176]
537.5216934680939,1001,False,6,0,[0.3152853  6.13564242 4.        ],cruising,[-0.48080528  0.59740651 -0.20557775]
537.5216934680939,1002,False,1,5,[-6.76491444  5.29214791  4.        ],exiting,[ 0.5677905  -0.59831228 -0.99408226]
537.5216934680939,1003,False,4,3,[-0.56129504 -6.20175352  4.00000084],exiting,[ 0.63925976  0.24903542 -0.34837281]
537.5216934680939,1004,False,2,6,[8.83883539 9.10909713 1.57324638],landing,[-0.62185191  0.08809385  0.93462812]
537.5216934680939,1005,False,3,1,[7.34009114 4.30320151 4.        ],cruising,[ 0.50568378 -0.03156594 -0.11489306]
537.6223435401917,1000,False,5,2,[-1.88970257 -3.71716617  4.        ],cruising,[-0.82138112 -0.19970136 -0.21083176]
537.6223435401917,1001,False,6,0,[0.48467668 6.0293101  4.        ],exiting,[-0.48080528  0.59740651 -0.20557775]
537.6223435401917,1002,False,1,5,[-6.82785674  5.36985419  4.        ],exiting,[ 0.5677905  -0.59831228 -0.99408226]
537.6223435401917,1003,False,4,3,[-0.54367081 -6.3001882   4.00000067],exiting,[ 0.63925976  0.24903542 -0.34837281]
537.6223435401917,1004,False,2,6,[8.85788698 9.09620054 1.47592878],fake_landed,[-0.62185191  0.08809385  0.93462812]
537.6223435401917,1005,False,3,1,[7.50771364 4.19410201 4.        ],cruising,[ 0.50568378 -0.03156594 -0.11489306]
537.7273967266083,1000,False,5,2,[-2.07988019 -3.70708078  4.        ],cruising,[-0.82138112 -0.19970136 -0.21083176]
537.7273967266083,1001,False,6,0,[0.64374829 5.9401097  4.        ],exiting,[-0.48080528  0.59740651 -0.20557775]
537.7273967266083,1002,False,1,5,[-6.89079905  5.44756046  4.        ],exiting,[ 0.5677905  -0.59831228 -0.99408226]
537.7273967266083,1003,False,4,3,[-0.52604658 -6.39862288  4.00000052],exiting,[ 0.63925976  0.24903542 -0.34837281]
537.7273967266083,1004,False,2,6,[8.87312825 9.08588327 1.3980747 ],fake_landed,[-0.62185191  0.08809385  0.93462812]
537.7273967266083,1005,False,3,1,[7.66328675 4.06903967 4.        ],cruising,[ 0.50568378 -0.03156594 -0.11489306]
537.8359017372131,1000,False,5,2,[-2.26351228 -3.67809682  4.        ],cruising,[-0.82138112 -0.19970136 -0.21083176]
537.8359017372131,1001,False,6,0,[0.79234393 5.86794614 4.        ],exiting,[-0.48080528  0.59740651 -0.20557775]
537.8359017372131,1002,False,1,5,[-6.95374136  5.52526674  4.        ],exiting,[ 0.5677905  -0.59831228 -0.99408226]
537.8359017372131,1003,False,4,3,[-0.50842234 -6.49705757  4.00000041],exiting,[ 0.63925976  0.24903542 -0.34837281]
537.8359017372131,1004,False,2,6,[8.8845592  9.07814531 1.33968414],fake_landed,[-0.62185191  0.08809385  0.93462812]
537.8359017372131,1005,False,3,1,[7.80542141 3.9291649  4.        ],cruising,[ 0.50568378 -0.03156594 -0.11489306]
537.9218728542328,1000,False,5,2,[-2.43825214 -3.63119839  4.        ],cruising,[-0.82138112 -0.19970136 -0.21083176]
537.9218728542328,1001,False,6,0,[0.93028888 5.81271074 4.        ],exiting,[-0.48080528  0.59740651 -0.20557775]
537.9218728542328,1002,False,1,5,[-7.01668367  5.60297302  4.        ],exiting,[ 0.5677905  -0.59831228 -0.99408226]
537.9218728542328,1003,False,4,3,[-0.49079811 -6.59549225  4.00000032],exiting,[ 0.63925976  0.24903542 -0.34837281]
537.9218728542328,1004,False,2,6,[8.89217984 9.07298668 1.30075711],fake_landed,[-0.62185191  0.08809385  0.93462812]
537.9218728542328,1005,False,3,1,[7.93265708 3.77594772 4.        ],cruising,[ 0.50568378 -0.03156594 -0.11489306]
538.0218064785004,1000,False,5,2,[-2.60198721 -3.56759982  4.        ],cruising,[-0.82138112 -0.19970136 -0.21083176]
538.0218064785004,1001,False,6,0,[1.05738578 5.77427772 4.        ],exiting,[-0.48080528  0.59740651 -0.20557775]
538.0218064785004,1002,False,1,5,[-7.07962597  5.6806793   4.        ],exiting,[ 0.5677905  -0.59831228 -0.99408226]
538.0218064785004,1003,False,4,3,[-0.47317388 -6.69392693  4.00000025],exiting,[ 0.63925976  0.24903542 -0.34837281]
538.0218064785004,1004,False,2,6,[8.89599016 9.07040736 1.28129359],fake_landed,[-0.62185191  0.08809385  0.93462812]
538.0218064785004,1005,False,3,1,[8.04364631 3.61106634 4.        ],cruising,[ 0.50568378 -0.03156594 -0.11489306]
538.1225426197052,1000,False,5,2,[-2.75294476 -3.48861506  4.        ],cruising,[-0.82138112 -0.19970136 -0.21083176]
538.1225426197052,1001,False,6,0,[1.17340614 5.75249733 4.        ],exiting,[-0.48080528  0.59740651 -0.20557775]
538.1225426197052,1002,False,1,5,[-7.14256828  5.75838558  4.        ],exiting,[ 0.5677905  -0.59831228 -0.99408226]
538.1225426197052,1003,False,4,3,[-0.45554964 -6.79236161  4.00000019],exiting,[ 0.63925976  0.24903542 -0.34837281]
538.1225426197052,1004,False,6,4,[8.89599016 9.07040736 1.28129359],waiting,[-0.62185191  0.08809385  0.93462812]
538.1225426197052,1005,False,3,1,[8.13703333 3.43668961 4.        ],cruising,[ 0.50568378 -0.03156594 -0.11489306]
538.2239208221436,1000,False,5,2,[-2.88957733 -3.3956734   4.        ],cruising,[-0.82138112 -0.19970136 -0.21083176]
538.2239208221436,1001,False,6,0,[1.27807047 5.74718027 4.        ],exiting,[-0.48080528  0.59740651 -0.20557775]
538.2239208221436,1002,False,1,5,[-7.20551059  5.83609186  4.        ],exiting,[ 0.5677905  -0.59831228 -0.99408226]
538.2239208221436,1003,False,4,3,[-0.43792541 -6.89079629  4.00000015],exiting,[ 0.63925976  0.24903542 -0.34837281]
538.2239208221436,1004,False,6,4,[8.89599016 9.07040736 1.28129359],waiting,[-0.62185191  0.08809385  0.93462812]
538.2239208221436,1005,False,3,1,[8.21218955 3.25408862 4.        ],exiting,[ 0.50568378 -0.03156594 -0.11489306]
538.3313002586365,1000,False,5,2,[-3.01051035 -3.29034125  4.        ],cruising,[-0.82138112 -0.19970136 -0.21083176]
538.3313002586365,1001,False,6,0,[1.37099096 5.75805214 4.        ],exiting,[-0.48080528  0.59740651 -0.20557775]
538.3313002586365,1002,False,1,5,[-7.2684529   5.91379814  4.        ],exiting,[ 0.5677905  -0.59831228 -0.99408226]
538.3313002586365,1003,False,4,3,[-0.42030118 -6.98923097  4.00000011],exiting,[ 0.63925976  0.24903542 -0.34837281]
538.3313002586365,1004,False,6,4,[8.89599016 9.07040736 1.28129359],waiting,[-0.62185191  0.08809385  0.93462812]
538.3313002586365,1005,False,3,1,[8.26830965 3.07762161 4.        ],exiting,[ 0.50568378 -0.03156594 -0.11489306]
538.4230222702026,1000,False,5,2,[-3.11458325 -3.17425103  4.        ],cruising,[-0.82138112 -0.19970136 -0.21083176]
538.4230222702026,1001,False,6,0,[1.45192983 5.78493779 4.        ],exiting,[-0.48080528  0.59740651 -0.20557775]
538.4230222702026,1002,False,1,5,[-7.33139521  5.99150442  4.        ],exiting,[ 0.5677905  -0.59831228 -0.99408226]
538.4230222702026,1003,False,4,3,[-0.40267694 -7.08766565  4.00000008],exiting,[ 0.63925976  0.24903542 -0.34837281]
538.4230222702026,1004,False,6,4,[8.89599016 9.07040736 1.28129359],waiting,[-0.62185191  0.08809385  0.93462812]
538.4230222702026,1005,False,3,1,[8.30793176 2.91246019 4.        ],exiting,[ 0.50568378 -0.03156594 -0.11489306]
538.5218262672424,1000,False,5,2,[-3.20080406 -3.04914399  4.        ],cruising,[-0.82138112 -0.19970136 -0.21083176]
538.5218262672424,1001,False,6,0,[1.52064723 5.82765492 4.        ],exiting,[-0.48080528  0.59740651 -0.20557775]
538.5218262672424,1002,False,1,5,[-7.39433751  6.0692107   4.        ],exiting,[ 0.5677905  -0.59831228 -0.99408226]
538.5218262672424,1003,False,4,3,[-0.38505271 -7.18610033  4.00000006],exiting,[ 0.63925976  0.24903542 -0.34837281]
538.5218262672424,1004,False,6,4,[8.89599016 9.07040736 1.28129359],waiting,[-0.62185191  0.08809385  0.93462812]
538.5218262672424,1005,False,3,1,[8.3324952  2.76046072 4.        ],exiting,[ 0.50568378 -0.03156594 -0.11489306]
538.622955083847,1000,False,5,2,[-3.26885747 -2.9156736   4.        ],cruising,[-0.82138112 -0.19970136 -0.21083176]
538.622955083847,1001,False,6,0,[1.57690129 5.88601382 4.        ],exiting,[-0.48080528  0.59740651 -0.20557775]
538.622955083847,1002,False,1,5,[-7.45727982  6.14691698  4.        ],exiting,[ 0.5677905  -0.59831228 -0.99408226]
538.622955083847,1003,False,4,3,[-0.36742848 -7.28453501  4.00000004],exiting,[ 0.63925976  0.24903542 -0.34837281]
538.622955083847,1004,False,6,4,[8.89599016 9.07040736 1.28129359],waiting,[-0.62185191  0.08809385  0.93462812]
538.622955083847,1005,False,3,1,[8.34284302 2.6225295  4.        ],exiting,[ 0.50568378 -0.03156594 -0.11489306]
538.722243309021,1000,False,5,2,[-3.31852429 -2.77433345  4.        ],cruising,[-0.82138112 -0.19970136 -0.21083176]
538.722243309021,1001,False,6,0,[1.620448   5.95981692 4.        ],exiting,[-0.48080528  0.59740651 -0.20557775]
538.722243309021,1002,False,1,5,[-7.52022213  6.22462326  4.        ],exiting,[ 0.5677905  -0.59831228 -0.99408226]
538.722243309021,1003,False,4,3,[-0.34980425 -7.38296969  4.00000003],exiting,[ 0.63925976  0.24903542 -0.34837281]
538.722243309021,1004,False,6,4,[8.89599016 9.07040736 1.28129359],queued,[-0.62185191  0.08809385  0.93462812]
538.722243309021,1005,False,3,1,[8.33956713 2.49924049 4.        ],exiting,[ 0.50568378 -0.03156594 -0.11489306]
538.8215951919556,1000,False,5,2,[-3.3496677  -2.62545119  4.        ],cruising,[-0.82138112 -0.19970136 -0.21083176]
538.8215951919556,1001,False,6,0,[1.65104118 6.04885832 4.        ],exiting,[-0.48080528  0.59740651 -0.20557775]
538.8215951919556,1002,False,1,5,[-7.58316444  6.30232954  4.        ],exiting,[ 0.5677905  -0.59831228 -0.99408226]
538.8215951919556,1003,False,4,3,[-0.33218001 -7.48140437  4.00000002],exiting,[ 0.63925976  0.24903542 -0.34837281]
538.8215951919556,1004,False,6,4,[8.89599016 9.07040736 1.30129359],queued,[-0.62185191  0.08809385  0.93462812]
538.8215951919556,1005,False,3,1,[8.3231762  2.39105102 4.        ],exiting,[ 0.50568378 -0.03156594 -0.11489306]
538.9248912334442,1000,False,5,2,[-3.36223737 -2.46915164  4.        ],cruising,[-0.82138112 -0.19970136 -0.21083176]
538.9248912334442,1001,False,6,0,[1.6744449  6.14608109 4.        ],exiting,[-0.48080528  0.59740651 -0.20557775]
538.9248912334442,1002,False,1,5,[-7.64610674  6.38003582  4.        ],exiting,[ 0.5677905  -0.59831228 -0.99408226]
538.9248912334442,1003,False,4,3,[-0.31455578 -7.57983906  4.00000001],exiting,[ 0.63925976  0.24903542 -0.34837281]
538.9248912334442,1004,False,6,4,[8.89599016 9.07040736 1.34129359],queued,[-0.62185191  0.08809385  0.93462812]
538.9248912334442,1005,False,3,1,[8.29420397 2.29840861 4.        ],exiting,[ 0.50568378 -0.03156594 -0.11489306]
539.0222015380859,1000,False,5,2,[-3.35642235 -2.30497786  4.        ],cruising,[-0.82138112 -0.19970136 -0.21083176]
539.0222015380859,1001,False,6,0,[1.69784863 6.24330385 4.        ],exiting,[-0.48080528  0.59740651 -0.20557775]
539.0222015380859,1002,False,1,5,[-7.70904905  6.4577421   4.        ],exiting,[ 0.5677905  -0.59831228 -0.99408226]
539.0222015380859,1003,False,4,3,[-0.29693155 -7.67827374  4.00000001],exiting,[ 0.63925976  0.24903542 -0.34837281]
539.0222015380859,1004,False,6,4,[8.89599016 9.07040736 1.40129359],queued,[-0.62185191  0.08809385  0.93462812]
539.0222015380859,1005,False,3,1,[8.25290829 2.22151841 4.        ],exiting,[ 0.50568378 -0.03156594 -0.11489306]
539.1330721378326,1000,False,5,2,[-3.33283531 -2.13163049  4.        ],cruising,[-0.82138112 -0.19970136 -0.21083176]
539.1330721378326,1001,False,6,0,[1.72125235 6.34052661 4.        ],exiting,[-0.48080528  0.59740651 -0.20557775]
539.1330721378326,1002,False,1,5,[-7.77199136  6.53544838  4.        ],exiting,[ 0.5677905  -0.59831228 -0.99408226]
539.1330721378326,1003,False,4,3,[-0.27930731 -7.77670842  4.        ],landing,[ 0.63925976  0.24903542 -0.34837281]
539.1330721378326,1004,False,6,4,[8.89599016 9.07040736 1.47629359],queued,[-0.62185191  0.08809385  0.93462812]
539.1330721378326,1005,False,3,1,[8.19955566 2.16058535 4.        ],exiting,[ 0.50568378 -0.03156594 -0.11489306]
539.2248795032501,1000,False,5,2,[-3.29376945 -1.94561795  4.        ],cruising,[-0.82138112 -0.19970136 -0.21083176]
539.2248795032501,1001,False,6,0,[1.74465608 6.43774938 4.        ],exiting,[-0.48080528  0.59740651 -0.20557775]
539.2248795032501,1002,False,1,5,[-7.83493367  6.61315466  4.        ],exiting,[ 0.5677905  -0.59831228 -0.99408226]
539.2248795032501,1003,False,4,3,[-0.2673091  -7.86198455  3.98602858],landing,[ 0.63925976  0.24903542 -0.34837281]
539.2248795032501,1004,False,6,4,[8.89599016 9.07040736 1.55129359],entering,[-0.62185191  0.08809385  0.93462812]
539.2248795032501,1005,False,3,1,[8.13442165 2.11581394 4.        ],exiting,[ 0.50568378 -0.03156594 -0.11489306]
539.3222239017487,1000,False,5,2,[-3.25945429 -1.74858377  4.        ],cruising,[-0.82138112 -0.19970136 -0.21083176]
539.3222239017487,1001,False,6,0,[1.7680598  6.53497214 4.        ],exiting,[-0.48080528  0.59740651 -0.20557775]
539.3222239017487,1002,False,1,5,[-7.89787598  6.69086094  4.        ],exiting,[ 0.5677905  -0.59831228 -0.99408226]
539.3222239017487,1003,False,4,3,[-0.26092985 -7.93392715  3.95824977],landing,[ 0.63925976  0.24903542 -0.34837281]
539.3222239017487,1004,False,6,4,[8.89176174 9.05085946 1.62629359],entering,[-0.62185191  0.08809385  0.93462812]
539.3222239017487,1005,False,3,1,[8.05779147 2.08740829 4.        ],exiting,[ 0.50568378 -0.03156594 -0.11489306]
539.4309403896332,1000,False,5,2,[-3.24173188 -1.54937053  4.        ],cruising,[-0.82138112 -0.19970136 -0.21083176]
539.4309403896332,1001,False,6,0,[1.79146353 6.6321949  4.        ],exiting,[-0.48080528  0.59740651 -0.20557775]
539.4309403896332,1002,False,1,5,[-7.96081828  6.76856722  4.        ],exiting,[ 0.5677905  -0.59831228 -0.99408226]
539.4309403896332,1003,False,4,3,[-0.26016013 -7.99233091  3.91686092],landing,[ 0.63925976  0.24903542 -0.34837281]
539.4309403896332,1004,False,6,4,[8.8833049  9.01176365 1.70129359],entering,[-0.62185191  0.08809385  0.93462812]
539.4309403896332,1005,False,3,1,[7.96996084 2.07557219 4.        ],exiting,[ 0.50568378 -0.03156594 -0.11489306]
539.5226395130157,1000,False,5,2,[-3.2403095  -1.34937559  4.        ],cruising,[-0.82138112 -0.19970136 -0.21083176]
539.5226395130157,1001,False,6,0,[1.81486725 6.72941766 4.        ],exiting,[-0.48080528  0.59740651 -0.20557775]
539.5226395130157,1002,False,1,5,[-8.02376059  6.8462735   4.        ],exiting,[ 0.5677905  -0.59831228 -0.99408226]
539.5226395130157,1003,False,4,3,[-0.26498509 -8.0369176   3.86213834],landing,[ 0.63925976  0.24903542 -0.34837281]
539.5226395130157,1004,False,6,4,[8.87061964 8.95311995 1.77629359],entering,[-0.62185191  0.08809385  0.93462812]
539.5226395130157,1005,False,3,1,[7.87123694 2.08050918 4.        ],exiting,[ 0.50568378 -0.03156594 -0.11489306]
539.6333992481232,1000,False,5,2,[-3.25341052 -1.14980514  4.        ],cruising,[-0.82138112 -0.19970136 -0.21083176]
539.6333992481232,1001,False,6,0,[1.83827098 6.82664043 4.        ],exiting,[-0.48080528  0.59740651 -0.20557775]
539.6333992481232,1002,False,1,5,[-8.0867029   6.92397978  4.        ],exiting,[ 0.5677905  -0.59831228 -0.99408226]
539.6333992481232,1003,False,4,3,[-0.27538999 -8.06744872  3.79432742],landing,[ 0.63925976  0.24903542 -0.34837281]
539.6333992481232,1004,False,6,4,[8.85370597 8.87492834 1.85129359],entering,[-0.62185191  0.08809385  0.93462812]
539.6333992481232,1005,False,3,1,[7.77145712 2.08714148 4.        ],exiting,[ 0.50568378 -0.03156594 -0.11489306]
539.7307586669922,1000,False,5,2,[-3.28066991 -0.95167153  4.        ],cruising,[-0.82138112 -0.19970136 -0.21083176]
539.7307586669922,1001,False,6,0,[1.86167471 6.92386319 4.        ],exiting,[-0.48080528  0.59740651 -0.20557775]
539.7307586669922,1002,False,1,5,[-8.14964521  7.00168606  4.        ],exiting,[ 0.5677905  -0.59831228 -0.99408226]
539.7307586669922,1003,False,4,3,[-0.2913598  -8.08370782  3.71365797],landing,[ 0.63925976  0.24903542 -0.34837281]
539.7307586669922,1004,False,6,4,[8.83256893 8.77718774 1.92629359],entering,[-0.62185191  0.08809385  0.93462812]
539.7307586669922,1005,False,3,1,[7.6716773  2.09377378 4.        ],exiting,[ 0.50568378 -0.03156594 -0.11489306]
539.8354458808899,1000,False,5,2,[-3.32093023 -0.75576567  4.        ],cruising,[-0.82138112 -0.19970136 -0.21083176]
539.8354458808899,1001,False,6,0,[1.88507843 7.02108595 4.        ],exiting,[-0.48080528  0.59740651 -0.20557775]
539.8354458808899,1002,False,1,5,[-8.21258751  7.07939234  4.        ],exiting,[ 0.5677905  -0.59831228 -0.99408226]
539.8354458808899,1003,False,4,3,[-0.31287766 -8.08547696  3.6203687 ],landing,[ 0.63925976  0.24903542 -0.34837281]
539.8354458808899,1004,False,6,4,[8.80736702 8.65986457 2.00129359],entering,[-0.62185191  0.08809385  0.93462812]
539.8354458808899,1005,False,3,1,[7.57189748 2.10040607 4.        ],exiting,[ 0.50568378 -0.03156594 -0.11489306]
539.9235048294067,1000,False,5,2,[-3.37313276 -0.5626986   4.        ],cruising,[-0.82138112 -0.19970136 -0.21083176]
539.9235048294067,1001,False,6,0,[1.90848216 7.11830872 4.        ],exiting,[-0.48080528  0.59740651 -0.20557775]
539.9235048294067,1002,False,1,5,[-8.27552982  7.15709862  4.        ],exiting,[ 0.5677905  -0.59831228 -0.99408226]
539.9235048294067,1003,False,4,3,[-0.33614862 -8.08258209  3.52315717],landing,[ 0.63925976  0.24903542 -0.34837281]
539.9235048294067,1004,False,6,4,[8.7783458  8.52290947 2.07629359],entering,[-0.62185191  0.08809385  0.93462812]
539.9235048294067,1005,False,3,1,[7.47211766 2.10703837 4.        ],exiting,[ 0.50568378 -0.03156594 -0.11489306]
540.022910118103,1000,False,5,2,[-3.43460577 -0.37238026  4.        ],cruising,[-0.82138112 -0.19970136 -0.21083176]
540.022910118103,1001,False,6,0,[1.93188588 7.21553148 4.        ],exiting,[-0.48080528  0.59740651 -0.20557775]
540.022910118103,1002,False,1,5,[-8.33847213  7.2348049   4.        ],exiting,[ 0.5677905  -0.59831228 -0.99408226]
540.022910118103,1003,False,4,3,[-0.35941957 -8.07968722  3.42594563],landing,[ 0.63925976  0.24903542 -0.34837281]
540.022910118103,1004,False,6,4,[8.7459091  8.36624816 2.15129359],entering,[-0.62185191  0.08809385  0.93462812]
540.022910118103,1005,False,3,1,[7.37233784 2.11367067 4.        ],exiting,[ 0.50568378 -0.03156594 -0.11489306]
540.1357753276825,1000,False,5,2,[-3.50662266 -0.18579632  4.        ],cruising,[-0.82138112 -0.19970136 -0.21083176]
540.1357753276825,1001,False,6,0,[1.95528961 7.31275424 4.        ],exiting,[-0.48080528  0.59740651 -0.20557775]
540.1357753276825,1002,False,1,5,[-8.40141444  7.31251118  4.        ],landing,[ 0.5677905  -0.59831228 -0.99408226]
540.1357753276825,1003,False,4,3,[-0.38269053 -8.07679235  3.3287341 ],landing,[ 0.63925976  0.24903542 -0.34837281]
540.1357753276825,1004,False,6,4,[8.71039712 8.1898247  2.22629359],entering,[-0.62185191  0.08809385  0.93462812]
540.1357753276825,1005,False,3,1,[7.27255802 2.12030297 4.        ],exiting,[ 0.50568378 -0.03156594 -0.11489306]
540.2248961925507,1000,False,5,2,[-3.58873029e+00 -3.42763377e-03  4.00000000e+00],exiting,[-0.82138112 -0.19970136 -0.21083176]
540.2248961925507,1001,False,6,0,[1.97869333 7.40997701 4.        ],exiting,[-0.48080528  0.59740651 -0.20557775]
540.2248961925507,1002,False,1,5,[-8.45328263  7.38177058  3.9856468 ],landing,[ 0.5677905  -0.59831228 -0.99408226]
540.2248961925507,1003,False,4,3,[-0.40596148 -8.07389748  3.23152256],landing,[ 0.63925976  0.24903542 -0.34837281]
540.2248961925507,1004,False,6,4,[8.67184729 7.9936333  2.30129359],entering,[-0.62185191  0.08809385  0.93462812]
540.2248961925507,1005,False,3,1,[7.1727782  2.12693526 4.        ],exiting,[ 0.50568378 -0.03156594 -0.11489306]
540.3276951313019,1000,False,5,2,[-3.67160929  0.15895593  4.        ],exiting,[-0.82138112 -0.19970136 -0.21083176]
540.3276951313019,1001,False,6,0,[2.00209706 7.50719977 4.        ],exiting,[-0.48080528  0.59740651 -0.20557775]
540.3276951313019,1002,False,1,5,[-8.49399446  7.44242359  3.95709975],landing,[ 0.5677905  -0.59831228 -0.99408226]
540.3276951313019,1003,False,4,3,[-0.42923243 -8.0710026   3.13431103],landing,[ 0.63925976  0.24903542 -0.34837281]
540.3276951313019,1004,False,6,4,[8.63328889 7.79738537 2.37629359],entering,[-0.62185191  0.08809385  0.93462812]
540.3276951313019,1005,False,3,1,[7.07299837 2.13356756 4.        ],exiting,[ 0.50568378 -0.03156594 -0.11489306]
540.4250237941742,1000,False,5,2,[-3.7550961   0.30134873  4.        ],exiting,[-0.82138112 -0.19970136 -0.21083176]
540.4250237941742,1001,False,6,0,[2.02550078 7.60442253 4.        ],exiting,[-0.48080528  0.59740651 -0.20557775]
540.4250237941742,1002,False,1,5,[-8.52345328  7.49428019  3.91455295],landing,[ 0.5677905  -0.59831228 -0.99408226]
540.4250237941742,1003,False,4,3,[-0.45250339 -8.06810773  3.0370995 ],landing,[ 0.63925976  0.24903542 -0.34837281]
540.4250237941742,1004,False,6,4,[8.59531862 7.6010228  2.45129359],entering,[-0.62185191  0.08809385  0.93462812]
540.4250237941742,1005,False,3,1,[6.97321855 2.14019986 4.        ],exiting,[ 0.50568378 -0.03156594 -0.11489306]
540.5221331119537,1000,False,5,2,[-3.83900862  0.42374607  4.        ],exiting,[-0.82138112 -0.19970136 -0.21083176]
540.5221331119537,1001,False,6,0,[2.04890451 7.70164529 4.        ],exiting,[-0.48080528  0.59740651 -0.20557775]
540.5221331119537,1002,False,1,5,[-8.54152536  7.5370728   3.85828805],landing,[ 0.5677905  -0.59831228 -0.99408226]
540.5221331119537,1003,False,4,3,[-0.47577434 -8.06521286  2.93988796],landing,[ 0.63925976  0.24903542 -0.34837281]
540.5221331119537,1004,False,6,4,[8.55993974 7.40417684 2.52629359],entering,[-0.62185191  0.08809385  0.93462812]
540.5221331119537,1005,False,3,1,[6.87343873 2.14683216 4.        ],exiting,[ 0.50568378 -0.03156594 -0.11489306]
540.621680021286,1000,False,5,2,[-3.92314131  0.52614461  4.        ],exiting,[-0.82138112 -0.19970136 -0.21083176]
540.621680021286,1001,False,6,0,[2.07230823 7.79886806 4.        ],exiting,[-0.48080528  0.59740651 -0.20557775]
540.621680021286,1002,False,1,5,[-8.54811266  7.57060133  3.78852216],landing,[ 0.5677905  -0.59831228 -0.99408226]
540.621680021286,1003,False,4,3,[-0.49904529 -8.06231799  2.84267643],landing,[ 0.63925976  0.24903542 -0.34837281]
540.621680021286,1004,False,6,4,[8.525752   7.2071205  2.60129359],entering,[-0.62185191  0.08809385  0.93462812]
540.621680021286,1005,False,3,1,[6.77365891 2.15346445 4.        ],exiting,[ 0.50568378 -0.03156594 -0.11489306]
540.7237553596497,1000,False,5,2,[-4.00725562  0.60854317  4.        ],exiting,[-0.82138112 -0.19970136 -0.21083176]
540.7237553596497,1001,False,6,0,[2.09571196 7.89609082 4.        ],exiting,[-0.48080528  0.59740651 -0.20557775]
540.7237553596497,1002,False,1,5,[-8.54311826  7.59466445  3.7054796 ],landing,[ 0.5677905  -0.59831228 -0.99408226]
540.7237553596497,1003,False,4,3,[-0.52231625 -8.05942312  2.74546489],landing,[ 0.63925976  0.24903542 -0.34837281]
540.7237553596497,1004,False,6,4,[8.49156426 7.01006417 2.67629359],entering,[-0.62185191  0.08809385  0.93462812]
540.7237553596497,1005,False,3,1,[6.67387909 2.16009675 4.        ],exiting,[ 0.50568378 -0.03156594 -0.11489306]
540.8294882774353,1000,False,5,2,[-4.09105774  0.67094416  4.        ],exiting,[-0.82138112 -0.19970136 -0.21083176]
540.8294882774353,1001,False,6,0,[2.11911569 7.99331358 4.        ],exiting,[-0.48080528  0.59740651 -0.20557775]
540.8294882774353,1002,False,1,5,[-8.52644586  7.60905843  3.60939356],landing,[ 0.5677905  -0.59831228 -0.99408226]
540.8294882774353,1003,False,4,3,[-0.5455872  -8.05652825  2.64825336],landing,[ 0.63925976  0.24903542 -0.34837281]
540.8294882774353,1004,False,6,4,[8.45886504 6.81275537 2.75129359],entering,[-0.62185191  0.08809385  0.93462812]
540.8294882774353,1005,False,3,1,[6.57409927 2.16672905 4.        ],exiting,[ 0.50568378 -0.03156594 -0.11489306]
540.9365859031677,1000,False,5,2,[-4.17413575  0.71335826  4.        ],exiting,[-0.82138112 -0.19970136 -0.21083176]
540.9365859031677,1001,False,6,0,[2.14251941 8.09053635 4.        ],exiting,[-0.48080528  0.59740651 -0.20557775]
540.9365859031677,1002,False,1,5,[-8.50850058  7.62238469  3.51192368],landing,[ 0.5677905  -0.59831228 -0.99408226]
540.9365859031677,1003,False,4,3,[-0.56885815 -8.05363338  2.55104182],landing,[ 0.63925976  0.24903542 -0.34837281]
540.9365859031677,1004,False,6,4,[8.42971649 6.61489087 2.82629359],entering,[-0.62185191  0.08809385  0.93462812]
540.9365859031677,1005,False,3,1,[6.47431945 2.17336135 4.        ],exiting,[ 0.50568378 -0.03156594 -0.11489306]
541.0219826698303,1000,False,5,2,[-4.25623566  0.7357963   4.        ],exiting,[-0.82138112 -0.19970136 -0.21083176]
541.0219826698303,1001,False,6,0,[2.16592314 8.18775911 4.        ],exiting,[-0.48080528  0.59740651 -0.20557775]
541.0219826698303,1002,False,1,5,[-8.4905553   7.63571095  3.41445379],landing,[ 0.5677905  -0.59831228 -0.99408226]
541.0219826698303,1003,False,4,3,[-0.59212911 -8.05073851  2.45383029],landing,[ 0.63925976  0.24903542 -0.34837281]
541.0219826698303,1004,False,6,4,[8.40056793 6.41702637 2.90129359],entering,[-0.62185191  0.08809385  0.93462812]
541.0219826698303,1005,False,3,1,[6.37453963 2.17999364 4.        ],exiting,[ 0.50568378 -0.03156594 -0.11489306]
541.129563331604,1000,False,5,2,[-4.3370992   0.73827259  4.        ],exiting,[-0.82138112 -0.19970136 -0.21083176]
541.129563331604,1001,False,6,0,[2.18932686 8.28498187 4.        ],exiting,[-0.48080528  0.59740651 -0.20557775]
541.129563331604,1002,False,1,5,[-8.47261003  7.64903722  3.31698391],landing,[ 0.5677905  -0.59831228 -0.99408226]
541.129563331604,1003,False,4,3,[-0.61540006 -8.04784364  2.35661875],landing,[ 0.63925976  0.24903542 -0.34837281]
541.129563331604,1004,False,6,4,[8.37394221 6.21880661 2.97629359],entering,[-0.62185191  0.08809385  0.93462812]
541.129563331604,1005,False,3,1,[6.27475981 2.18662594 4.        ],exiting,[ 0.50568378 -0.03156594 -0.11489306]
541.2239410877228,1000,False,5,2,[-4.41646383  0.72080512  4.        ],exiting,[-0.82138112 -0.19970136 -0.21083176]
541.2239410877228,1001,False,6,0,[2.21273059 8.38220463 4.        ],exiting,[-0.48080528  0.59740651 -0.20557775]
541.2239410877228,1002,False,1,5,[-8.45466475  7.66236348  3.21951403],landing,[ 0.5677905  -0.59831228 -0.99408226]
541.2239410877228,1003,False,4,3,[-0.63867101 -8.04494877  2.25940722],landing,[ 0.63925976  0.24903542 -0.34837281]
541.2239410877228,1004,False,6,4,[8.35044626 6.02019156 3.05129359],entering,[-0.62185191  0.08809385  0.93462812]
541.2239410877228,1005,False,3,1,[6.17497999 2.19325824 4.        ],exiting,[ 0.50568378 -0.03156594 -0.11489306]
541.324471950531,1000,False,5,2,[-4.49406247  0.68341577  4.        ],exiting,[-0.82138112 -0.19970136 -0.21083176]
541.324471950531,1001,False,6,0,[2.23613431 8.4794274  4.        ],exiting,[-0.48080528  0.59740651 -0.20557775]
541.324471950531,1002,False,1,5,[-8.43671947  7.67568974  3.12204415],landing,[ 0.5677905  -0.59831228 -0.99408226]
541.324471950531,1003,False,4,3,[-0.66194197 -8.0420539   2.16219568],landing,[ 0.63925976  0.24903542 -0.34837281]
541.324471950531,1004,False,6,4,[8.3281773  5.82143519 3.12629359],entering,[-0.62185191  0.08809385  0.93462812]
541.324471950531,1005,False,3,1,[6.07520017 2.19989054 4.        ],exiting,[ 0.50568378 -0.03156594 -0.11489306]
541.4309861660004,1000,False,5,2,[-4.56962329  0.62613052  4.        ],exiting,[-0.82138112 -0.19970136 -0.21083176]
541.4309861660004,1001,False,6,0,[2.25953804 8.57665016 4.        ],exiting,[-0.48080528  0.59740651 -0.20557775]
541.4309861660004,1002,False,1,5,[-8.41877419  7.689016    3.02457427],landing,[ 0.5677905  -0.59831228 -0.99408226]
541.4309861660004,1003,False,4,3,[-0.68521292 -8.03915903  2.06498415],landing,[ 0.63925976  0.24903542 -0.34837281]
541.4309861660004,1004,False,6,4,[8.31078276 5.62219305 3.20129359],entering,[-0.62185191  0.08809385  0.93462812]
541.4309861660004,1005,False,3,1,[5.97542035 2.20652283 4.        ],exiting,[ 0.50568378 -0.03156594 -0.11489306]
541.5222675800323,1000,False,5,2,[-4.64408087  0.55937673  4.        ],exiting,[-0.82138112 -0.19970136 -0.21083176]
541.5222675800323,1001,False,6,0,[2.28294176 8.67387292 4.        ],landing,[-0.48080528  0.59740651 -0.20557775]
541.5222675800323,1002,False,1,5,[-8.40082891  7.70234227  2.92710439],landing,[ 0.5677905  -0.59831228 -0.99408226]
541.5222675800323,1003,False,4,3,[-0.70848387 -8.03626416  1.96777262],landing,[ 0.63925976  0.24903542 -0.34837281]
541.5222675800323,1004,False,6,4,[8.29610383 5.42273246 3.27629359],entering,[-0.62185191  0.08809385  0.93462812]
541.5222675800323,1005,False,3,1,[5.87564053 2.21315513 4.        ],exiting,[ 0.50568378 -0.03156594 -0.11489306]
541.6288492679596,1000,False,5,2,[-4.71853846  0.49262294  4.        ],exiting,[-0.82138112 -0.19970136 -0.21083176]
541.6288492679596,1001,False,6,0,[2.30607855 8.75661115 3.98621134],landing,[-0.48080528  0.59740651 -0.20557775]
541.6288492679596,1002,False,1,5,[-8.38288363  7.71566853  2.82963451],landing,[ 0.5677905  -0.59831228 -0.99408226]
541.6288492679596,1003,False,4,3,[-0.73175483 -8.03336929  1.87056108],landing,[ 0.63925976  0.24903542 -0.34837281]
541.6288492679596,1004,False,6,4,[8.28498982 5.2230415  3.35129359],entering,[-0.62185191  0.08809385  0.93462812]
541.6288492679596,1005,False,3,1,[5.77586071 2.21978743 4.        ],exiting,[ 0.50568378 -0.03156594 -0.11489306]
541.7218599319458,1000,False,5,2,[-4.79299604  0.42586915  4.        ],exiting,[-0.82138112 -0.19970136 -0.21083176]
541.7218599319458,1001,False,6,0,[2.32887229 8.82470999 3.95880026],landing,[-0.48080528  0.59740651 -0.20557775]
541.7218599319458,1002,False,1,5,[-8.36493835  7.72899479  2.73216463],landing,[ 0.5677905  -0.59831228 -0.99408226]
541.7218599319458,1003,False,4,3,[-0.75502578 -8.03047441  1.77334955],landing,[ 0.63925976  0.24903542 -0.34837281]
541.7218599319458,1004,False,6,4,[8.28001747 5.02310332 3.42629359],entering,[-0.62185191  0.08809385  0.93462812]
541.7218599319458,1005,False,3,1,[5.67608088 2.22641973 4.        ],exiting,[ 0.50568378 -0.03156594 -0.11489306]
541.8347771167755,1000,False,5,2,[-4.86745362  0.35911536  4.        ],exiting,[-0.82138112 -0.19970136 -0.21083176]
541.8347771167755,1001,False,6,0,[2.35123318 8.87798922 3.91796563],landing,[-0.48080528  0.59740651 -0.20557775]
541.8347771167755,1002,False,1,5,[-8.34699307  7.74232105  2.63469475],landing,[ 0.5677905  -0.59831228 -0.99408226]
541.8347771167755,1003,False,4,3,[-0.77829673 -8.02757954  1.67613801],landing,[ 0.63925976  0.24903542 -0.34837281]
541.8347771167755,1004,False,6,4,[8.28057222 4.82310409 3.50129359],entering,[-0.62185191  0.08809385  0.93462812]
541.8347771167755,1005,False,3,1,[5.57630106 2.23305203 4.        ],landing,[ 0.50568378 -0.03156594 -0.11489306]
541.9222974777222,1000,False,5,2,[-4.9419112   0.29236157  4.        ],exiting,[-0.82138112 -0.19970136 -0.21083176]
541.9222974777222,1001,False,6,0,[2.37303944 8.91620898 3.86398165],landing,[-0.48080528  0.59740651 -0.20557775]
541.9222974777222,1002,False,1,5,[-8.32904779  7.75564731  2.53722487],landing,[ 0.5677905  -0.59831228 -0.99408226]
541.9222974777222,1003,False,4,3,[-0.80156769 -8.02468467  1.57892648],landing,[ 0.63925976  0.24903542 -0.34837281]
541.9222974777222,1004,False,6,4,[8.2852518  4.62315884 3.57609955],entering,[-0.62185191  0.08809385  0.93462812]
541.9222974777222,1005,False,3,1,[5.49036572 2.23561872 3.98615076],landing,[ 0.50568378 -0.03156594 -0.11489306]
542.0218508243561,1000,False,5,2,[-5.01636878  0.22560778  4.        ],exiting,[-0.82138112 -0.19970136 -0.21083176]
542.0218508243561,1001,False,6,0,[2.39417875 8.93915262 3.79710601],landing,[-0.48080528  0.59740651 -0.20557775]
542.0218508243561,1002,False,1,5,[-8.31110251  7.76897358  2.43975499],landing,[ 0.5677905  -0.59831228 -0.99408226]
542.0218508243561,1003,False,4,3,[-0.82483864 -8.0217898   1.48171494],fake_landed,[ 0.63925976  0.24903542 -0.34837281]
542.0218508243561,1004,False,6,4,[8.29460559 4.42337769 3.63968462],entering,[-0.62185191  0.08809385  0.93462812]
542.0218508243561,1005,False,3,1,[5.41844622 2.23414605 3.95861797],landing,[ 0.50568378 -0.03156594 -0.11489306]
542.1292128562927,1000,False,5,2,[-5.09082637  0.15885399  4.        ],exiting,[-0.82138112 -0.19970136 -0.21083176]
542.1292128562927,1001,False,6,0,[2.4145515  8.94663169 3.71757101],landing,[-0.48080528  0.59740651 -0.20557775]
542.1292128562927,1002,False,1,5,[-8.29315723  7.78229984  2.3422851 ],landing,[ 0.5677905  -0.59831228 -0.99408226]
542.1292128562927,1003,False,4,3,[-0.8434554  -8.01947391  1.40394572],fake_landed,[ 0.63925976  0.24903542 -0.34837281]
542.1292128562927,1004,False,6,4,[8.306862   4.2237536  3.69373192],entering,[-0.62185191  0.08809385  0.93462812]
542.1292128562927,1005,False,3,1,[5.36074272 2.22866581 3.9176002 ],landing,[ 0.50568378 -0.03156594 -0.11489306]
542.2216210365295,1000,False,5,2,[-5.16528395  0.0921002   4.        ],exiting,[-0.82138112 -0.19970136 -0.21083176]
542.2216210365295,1001,False,6,0,[2.43405589 8.93845724 3.62561775],landing,[-0.48080528  0.59740651 -0.20557775]
542.2216210365295,1002,False,1,5,[-8.27521195  7.7956261   2.24481522],landing,[ 0.5677905  -0.59831228 -0.99408226]
542.2216210365295,1003,False,4,3,[-0.85741798 -8.01773698  1.34561879],fake_landed,[ 0.63925976  0.24903542 -0.34837281]
542.2216210365295,1004,False,6,4,[8.3164971  4.02398582 3.73967213],entering,[-0.62185191  0.08809385  0.93462812]
542.2216210365295,1005,False,3,1,[5.31752343 2.21922264 3.86337247],landing,[ 0.50568378 -0.03156594 -0.11489306]
542.3245003223419,1000,False,5,2,[-5.23974153  0.02534641  4.        ],exiting,[-0.82138112 -0.19970136 -0.21083176]
542.3245003223419,1001,False,6,0,[2.45315371 8.92366147 3.52857983],landing,[-0.48080528  0.59740651 -0.20557775]
542.3245003223419,1002,False,1,5,[-8.25726668  7.80895236  2.14734534],landing,[ 0.5677905  -0.59831228 -0.99408226]
542.3245003223419,1003,False,4,3,[-0.86672636 -8.01657904  1.30673418],fake_landed,[ 0.63925976  0.24903542 -0.34837281]
542.3245003223419,1004,False,6,4,[8.33136038 3.82453888 3.77872131],cruising,[-0.62185191  0.08809385  0.93462812]
542.3245003223419,1005,False,3,1,[5.28902739 2.20585839 3.79618902],landing,[ 0.50568378 -0.03156594 -0.11489306]
542.423995256424,1000,False,5,2,[-5.31419911 -0.04140738  4.        ],exiting,[-0.82138112 -0.19970136 -0.21083176]
542.423995256424,1001,False,6,0,[2.47225154 8.9088657  3.4315419 ],landing,[-0.48080528  0.59740651 -0.20557775]
542.423995256424,1002,False,1,5,[-8.2393214   7.82227863  2.04987546],landing,[ 0.5677905  -0.59831228 -0.99408226]
542.423995256424,1003,False,4,3,[-0.87138055 -8.01600006  1.28729187],fake_landed,[ 0.63925976  0.24903542 -0.34837281]
542.423995256424,1004,False,6,4,[8.34040844 3.62474365 3.81191312],cruising,[-0.62185191  0.08809385  0.93462812]
542.423995256424,1005,False,3,1,[5.27546543 2.18861166 3.71628158],landing,[ 0.50568378 -0.03156594 -0.11489306]
542.5250544548035,1000,False,5,2,[-5.38865669 -0.10816117  4.        ],exiting,[-0.82138112 -0.19970136 -0.21083176]
542.5250544548035,1001,False,6,0,[2.49134936 8.89406993 3.33450398],landing,[-0.48080528  0.59740651 -0.20557775]
542.5250544548035,1002,False,1,5,[-8.22137612  7.83560489  1.95240558],landing,[ 0.5677905  -0.59831228 -0.99408226]
542.5250544548035,1003,False,3,6,[-0.87138055 -8.01600006  1.28729187],waiting,[ 0.63925976  0.24903542 -0.34837281]
542.5250544548035,1004,False,6,4,[8.34782026 3.42488103 3.84012615],cruising,[-0.62185191  0.08809385  0.93462812]
542.5250544548035,1005,False,3,1,[5.27704958 2.16752303 3.62389076],landing,[ 0.50568378 -0.03156594 -0.11489306]
542.627578496933,1000,False,5,2,[-5.46311428 -0.17491496  4.        ],exiting,[-0.82138112 -0.19970136 -0.21083176]
542.627578496933,1001,False,6,0,[2.51044718 8.87927416 3.23746606],landing,[-0.48080528  0.59740651 -0.20557775]
542.627578496933,1002,False,1,5,[-8.20343084  7.84893115  1.8549357 ],landing,[ 0.5677905  -0.59831228 -0.99408226]
542.627578496933,1003,False,3,6,[-0.87138055 -8.01600006  1.28729187],waiting,[ 0.63925976  0.24903542 -0.34837281]
542.627578496933,1004,False,6,4,[8.36131426 3.22533677 3.86410723],cruising,[-0.62185191  0.08809385  0.93462812]
542.627578496933,1005,False,3,1,[5.28458473 2.14496248 3.52676073],landing,[ 0.50568378 -0.03156594 -0.11489306]
542.7217168807983,1000,False,5,2,[-5.53757186 -0.24166875  4.        ],exiting,[-0.82138112 -0.19970136 -0.21083176]
542.7217168807983,1001,False,6,0,[2.52954501 8.86447838 3.14042814],landing,[-0.48080528  0.59740651 -0.20557775]
542.7217168807983,1002,False,1,5,[-8.18548556  7.86225741  1.75746582],landing,[ 0.5677905  -0.59831228 -0.99408226]
542.7217168807983,1003,False,3,6,[-0.87138055 -8.01600006  1.28729187],waiting,[ 0.63925976  0.24903542 -0.34837281]
542.7217168807983,1004,False,6,4,[8.37342848 3.025704   3.88449114],cruising,[-0.62185191  0.08809385  0.93462812]
542.7217168807983,1005,False,3,1,[5.29211987 2.12240194 3.42963069],landing,[ 0.50568378 -0.03156594 -0.11489306]
542.8294386863708,1000,False,5,2,[-5.61202944 -0.30842254  4.        ],exiting,[-0.82138112 -0.19970136 -0.21083176]
542.8294386863708,1001,False,6,0,[2.54864283 8.84968261 3.04339022],landing,[-0.48080528  0.59740651 -0.20557775]
542.8294386863708,1002,False,1,5,[-8.16754028  7.87558367  1.65999594],landing,[ 0.5677905  -0.59831228 -0.99408226]
542.8294386863708,1003,False,3,6,[-0.87138055 -8.01600006  1.28729187],waiting,[ 0.63925976  0.24903542 -0.34837281]
542.8294386863708,1004,False,6,4,[8.38493276 2.82603514 3.90181747],cruising,[-0.62185191  0.08809385  0.93462812]
542.8294386863708,1005,False,3,1,[5.29965502 2.0998414  3.33250066],landing,[ 0.50568378 -0.03156594 -0.11489306]
542.9250349998474,1000,False,5,2,[-5.68648702 -0.37517633  4.        ],exiting,[-0.82138112 -0.19970136 -0.21083176]
542.9250349998474,1001,False,6,0,[2.56774066 8.83488684 2.94635229],landing,[-0.48080528  0.59740651 -0.20557775]
542.9250349998474,1002,False,1,5,[-8.149595    7.88890994  1.56252606],landing,[ 0.5677905  -0.59831228 -0.99408226]
542.9250349998474,1003,False,3,6,[-0.87138055 -8.01600006  1.28729187],waiting,[ 0.63925976  0.24903542 -0.34837281]
542.9250349998474,1004,False,6,4,[8.39994698 2.62659951 3.91654485],cruising,[-0.62185191  0.08809385  0.93462812]
542.9250349998474,1005,False,3,1,[5.30719016 2.07728086 3.23537063],landing,[ 0.50568378 -0.03156594 -0.11489306]
543.0218591690063,1000,False,5,2,[-5.76094461 -0.44193012  4.        ],exiting,[-0.82138112 -0.19970136 -0.21083176]
543.0218591690063,1001,False,6,0,[2.58683848 8.82009107 2.84931437],landing,[-0.48080528  0.59740651 -0.20557775]
543.0218591690063,1002,False,1,5,[-8.13164972  7.9022362   1.46505618],fake_landed,[ 0.5677905  -0.59831228 -0.99408226]
543.0218591690063,1003,False,3,6,[-0.87138055 -8.01600006  1.28729187],waiting,[ 0.63925976  0.24903542 -0.34837281]
543.0218591690063,1004,False,6,4,[8.41321123 2.42703984 3.92906312],cruising,[-0.62185191  0.08809385  0.93462812]
543.0218591690063,1005,False,3,1,[5.31472531 2.05472031 3.13824059],landing,[ 0.50568378 -0.03156594 -0.11489306]
543.1216597557068,1000,False,5,2,[-5.83540219 -0.50868391  4.        ],exiting,[-0.82138112 -0.19970136 -0.21083176]
543.1216597557068,1001,False,6,0,[2.6059363  8.8052953  2.75227645],landing,[-0.48080528  0.59740651 -0.20557775]
543.1216597557068,1002,False,1,5,[-8.1172935   7.91289721  1.38708027],fake_landed,[ 0.5677905  -0.59831228 -0.99408226]
543.1216597557068,1003,False,3,6,[-0.87138055 -8.01600006  1.28729187],waiting,[ 0.63925976  0.24903542 -0.34837281]
543.1216597557068,1004,False,6,4,[8.42818924 2.22760148 3.93970365],cruising,[-0.62185191  0.08809385  0.93462812]
543.1216597557068,1005,False,3,1,[5.32226045 2.03215977 3.04111056],landing,[ 0.50568378 -0.03156594 -0.11489306]
543.2227535247803,1000,False,5,2,[-5.90985977 -0.5754377   4.        ],exiting,[-0.82138112 -0.19970136 -0.21083176]
543.2227535247803,1001,False,6,0,[2.62503413 8.79049953 2.65523853],landing,[-0.48080528  0.59740651 -0.20557775]
543.2227535247803,1002,False,1,5,[-8.10652633  7.92089297  1.32859834],fake_landed,[ 0.5677905  -0.59831228 -0.99408226]
543.2227535247803,1003,False,3,6,[-0.87138055 -8.01600006  1.28729187],waiting,[ 0.63925976  0.24903542 -0.34837281]
543.2227535247803,1004,False,6,4,[8.44067908 2.02799185 3.94874811],cruising,[-0.62185191  0.08809385  0.93462812]
543.2227535247803,1005,False,3,1,[5.32979559 2.00959923 2.94398052],landing,[ 0.50568378 -0.03156594 -0.11489306]
543.3221304416656,1000,False,5,2,[-5.98431735 -0.64219149  4.        ],exiting,[-0.82138112 -0.19970136 -0.21083176]
543.3221304416656,1001,False,6,0,[2.64413195 8.77570376 2.55820061],landing,[-0.48080528  0.59740651 -0.20557775]
543.3221304416656,1002,False,1,5,[-8.09934822  7.92622347  1.28961039],fake_landed,[ 0.5677905  -0.59831228 -0.99408226]
543.3221304416656,1003,False,3,6,[-0.87138055 -8.01600006  1.28729187],waiting,[ 0.63925976  0.24903542 -0.34837281]
543.3221304416656,1004,False,6,4,[8.45370102 1.82841623 3.95643589],cruising,[-0.62185191  0.08809385  0.93462812]
543.3221304416656,1005,False,3,1,[5.33733074 1.98703869 2.84685049],landing,[ 0.50568378 -0.03156594 -0.11489306]
543.4318506717682,1000,False,5,2,[-6.05877493 -0.70894528  4.        ],exiting,[-0.82138112 -0.19970136 -0.21083176]
543.4318506717682,1001,False,6,0,[2.66322977 8.76090799 2.46116268],landing,[-0.48080528  0.59740651 -0.20557775]
543.4318506717682,1002,False,1,5,[-8.09575916  7.92888872  1.27011641],fake_landed,[ 0.5677905  -0.59831228 -0.99408226]
543.4318506717682,1003,False,3,6,[-0.87138055 -8.01600006  1.28729187],waiting,[ 0.63925976  0.24903542 -0.34837281]
543.4318506717682,1004,False,6,4,[8.46386462 1.62867464 3.96297051],cruising,[-0.62185191  0.08809385  0.93462812]
543.4318506717682,1005,False,3,1,[5.34486588 1.96447814 2.74972046],landing,[ 0.50568378 -0.03156594 -0.11489306]
543.5261662006378,1000,False,5,2,[-6.13323252 -0.77569907  4.        ],exiting,[-0.82138112 -0.19970136 -0.21083176]
543.5261662006378,1001,False,6,0,[2.6823276  8.74611222 2.36412476],landing,[-0.48080528  0.59740651 -0.20557775]
543.5261662006378,1002,False,5,3,[-8.09575916  7.92888872  1.27011641],waiting,[ 0.5677905  -0.59831228 -0.99408226]
543.5261662006378,1003,False,3,6,[-0.87138055 -8.01600006  1.28729187],waiting,[ 0.63925976  0.24903542 -0.34837281]
543.5261662006378,1004,False,6,4,[8.47381761 1.42892245 3.96852493],cruising,[-0.62185191  0.08809385  0.93462812]
543.5261662006378,1005,False,3,1,[5.35240103 1.9419176  2.65259042],landing,[ 0.50568378 -0.03156594 -0.11489306]
543.6297299861908,1000,False,5,2,[-6.2076901  -0.84245286  4.        ],exiting,[-0.82138112 -0.19970136 -0.21083176]
543.6297299861908,1001,False,6,0,[2.70142542 8.73131645 2.26708684],landing,[-0.48080528  0.59740651 -0.20557775]
543.6297299861908,1002,False,5,3,[-8.09575916  7.92888872  1.27011641],waiting,[ 0.5677905  -0.59831228 -0.99408226]
543.6297299861908,1003,False,3,6,[-0.87138055 -8.01600006  1.28729187],waiting,[ 0.63925976  0.24903542 -0.34837281]
543.6297299861908,1004,False,6,4,[8.48304627 1.22913549 3.97324619],cruising,[-0.62185191  0.08809385  0.93462812]
543.6297299861908,1005,False,3,1,[5.35993617 1.91935706 2.55546039],landing,[ 0.50568378 -0.03156594 -0.11489306]
543.7277734279633,1000,False,5,2,[-6.28214768 -0.90920665  4.        ],exiting,[-0.82138112 -0.19970136 -0.21083176]
543.7277734279633,1001,False,6,0,[2.72052324 8.71652068 2.17004892],landing,[-0.48080528  0.59740651 -0.20557775]
543.7277734279633,1002,False,5,3,[-8.09575916  7.92888872  1.27011641],waiting,[ 0.5677905  -0.59831228 -0.99408226]
543.7277734279633,1003,False,3,6,[-0.87138055 -8.01600006  1.28729187],waiting,[ 0.63925976  0.24903542 -0.34837281]
543.7277734279633,1004,False,6,4,[8.488838   1.02921936 3.97725926],cruising,[-0.62185191  0.08809385  0.93462812]
543.7277734279633,1005,False,3,1,[5.36747132 1.89679652 2.45833035],landing,[ 0.50568378 -0.03156594 -0.11489306]
543.8227317333221,1000,False,5,2,[-6.35660526 -0.97596044  4.        ],exiting,[-0.82138112 -0.19970136 -0.21083176]
543.8227317333221,1001,False,6,0,[2.73962107 8.70172491 2.073011  ],landing,[-0.48080528  0.59740651 -0.20557775]
543.8227317333221,1002,False,5,3,[-8.09575916  7.92888872  1.27011641],waiting,[ 0.5677905  -0.59831228 -0.99408226]
543.8227317333221,1003,False,3,6,[-0.87138055 -8.01600006  1.28729187],waiting,[ 0.63925976  0.24903542 -0.34837281]
543.8227317333221,1004,False,6,4,[8.49366785 0.82927769 3.98067037],cruising,[-0.62185191  0.08809385  0.93462812]
543.8227317333221,1005,False,3,1,[5.37500646 1.87423598 2.36120032],landing,[ 0.50568378 -0.03156594 -0.11489306]
543.9285340309143,1000,False,5,2,[-6.43106284 -1.04271423  4.        ],exiting,[-0.82138112 -0.19970136 -0.21083176]
543.9285340309143,1001,False,6,0,[2.75871889 8.68692914 1.97597307],landing,[-0.48080528  0.59740651 -0.20557775]
543.9285340309143,1002,False,5,3,[-8.09575916  7.92888872  1.27011641],waiting,[ 0.5677905  -0.59831228 -0.99408226]
543.9285340309143,1003,False,3,6,[-0.87138055 -8.01600006  1.28729187],queued,[ 0.63925976  0.24903542 -0.34837281]
543.9285340309143,1004,False,6,4,[8.49722612 0.62930935 3.98356982],cruising,[-0.62185191  0.08809385  0.93462812]
543.9285340309143,1005,False,3,1,[5.3825416  1.85167543 2.26407029],landing,[ 0.50568378 -0.03156594 -0.11489306]
544.0223162174225,1000,False,5,2,[-6.50552043 -1.10946802  4.        ],exiting,[-0.82138112 -0.19970136 -0.21083176]
544.0223162174225,1001,False,6,0,[2.77781671 8.67213337 1.87893515],landing,[-0.48080528  0.59740651 -0.20557775]
544.0223162174225,1002,False,5,3,[-8.09575916  7.92888872  1.27011641],queued,[ 0.5677905  -0.59831228 -0.99408226]
544.0223162174225,1003,False,3,6,[-0.87138055 -8.01600006  1.30729187],queued,[ 0.63925976  0.24903542 -0.34837281]
544.0223162174225,1004,False,6,4,[8.49718424 0.42930935 3.98603434],cruising,[-0.62185191  0.08809385  0.93462812]
544.0223162174225,1005,False,3,1,[5.39007675 1.82911489 2.16694025],landing,[ 0.50568378 -0.03156594 -0.11489306]
544.1215541362762,1000,False,5,2,[-6.57997801 -1.17622181  4.        ],exiting,[-0.82138112 -0.19970136 -0.21083176]
544.1215541362762,1001,False,6,0,[2.79691454 8.6573376  1.78189723],landing,[-0.48080528  0.59740651 -0.20557775]
544.1215541362762,1002,False,5,3,[-8.09575916  7.92888872  1.29011641],queued,[ 0.5677905  -0.59831228 -0.99408226]
544.1215541362762,1003,False,3,6,[-0.87138055 -8.01600006  1.34729187],queued,[ 0.63925976  0.24903542 -0.34837281]
544.1215541362762,1004,False,6,4,[8.4958282  0.22931395 3.98812919],cruising,[-0.62185191  0.08809385  0.93462812]
544.1215541362762,1005,False,3,1,[5.39761189 1.80655435 2.06981022],landing,[ 0.50568378 -0.03156594 -0.11489306]
544.2220764160156,1000,False,5,2,[-6.65443559 -1.2429756   4.        ],exiting,[-0.82138112 -0.19970136 -0.21083176]
544.2220764160156,1001,False,6,0,[2.81601236 8.64254183 1.68485931],landing,[-0.48080528  0.59740651 -0.20557775]
544.2220764160156,1002,False,5,3,[-8.09575916  7.92888872  1.33011641],queued,[ 0.5677905  -0.59831228 -0.99408226]
544.2220764160156,1003,False,3,6,[-0.87138055 -8.01600006  1.40729187],queued,[ 0.63925976  0.24903542 -0.34837281]
544.2220764160156,1004,False,6,4,[8.49293597 0.02933486 3.98990981],cruising,[-0.62185191  0.08809385  0.93462812]
544.2220764160156,1005,False,3,1,[5.40514704 1.78399381 1.97268018],landing,[ 0.50568378 -0.03156594 -0.11489306]
544.3213269710541,1000,False,5,2,[-6.72889317 -1.30972939  4.        ],exiting,[-0.82138112 -0.19970136 -0.21083176]
544.3213269710541,1001,False,6,0,[2.83511019 8.62774606 1.58782138],landing,[-0.48080528  0.59740651 -0.20557775]
544.3213269710541,1002,False,5,3,[-8.09575916  7.92888872  1.39011641],queued,[ 0.5677905  -0.59831228 -0.99408226]
544.3213269710541,1003,False,3,6,[-0.87138055 -8.01600006  1.48229187],queued,[ 0.63925976  0.24903542 -0.34837281]
544.3213269710541,1004,False,6,4,[ 8.48833165 -0.17061213  3.99142334],cruising,[-0.62185191  0.08809385  0.93462812]
544.3213269710541,1005,False,3,1,[5.41268218 1.76143326 1.87555015],landing,[ 0.50568378 -0.03156594 -0.11489306]
544.4225730895996,1000,False,5,2,[-6.80335076 -1.37648318  4.        ],exiting,[-0.82138112 -0.19970136 -0.21083176]
544.4225730895996,1001,False,6,0,[2.85420801 8.61295029 1.49078346],fake_landed,[-0.48080528  0.59740651 -0.20557775]
544.4225730895996,1002,False,5,3,[-8.09575916  7.92888872  1.46511641],queued,[ 0.5677905  -0.59831228 -0.99408226]
544.4225730895996,1003,False,3,6,[-0.87138055 -8.01600006  1.55729187],queued,[ 0.63925976  0.24903542 -0.34837281]
544.4225730895996,1004,False,6,4,[ 8.47982653 -0.37043121  3.99270984],cruising,[-0.62185191  0.08809385  0.93462812]
544.4225730895996,1005,False,3,1,[5.42021733 1.73887272 1.77842011],landing,[ 0.50568378 -0.03156594 -0.11489306]
544.5319998264313,1000,False,5,2,[-6.87780834 -1.44323697  4.        ],exiting,[-0.82138112 -0.19970136 -0.21083176]
544.5319998264313,1001,False,6,0,[2.86948627 8.60111368 1.41315313],fake_landed,[-0.48080528  0.59740651 -0.20557775]
544.5319998264313,1002,False,5,3,[-8.09575916  7.92888872  1.54011641],queued,[ 0.5677905  -0.59831228 -0.99408226]
544.5319998264313,1003,False,3,6,[-0.87138055 -8.01600006  1.63229187],queued,[ 0.63925976  0.24903542 -0.34837281]
544.5319998264313,1004,False,6,4,[ 8.46968511 -0.57017392  3.99380336],cruising,[-0.62185191  0.08809385  0.93462812]
544.5319998264313,1005,False,3,1,[5.42775247 1.71631218 1.68129008],landing,[ 0.50568378 -0.03156594 -0.11489306]
544.6231505870819,1000,False,5,2,[-6.95226592 -1.50999076  4.        ],landing,[-0.82138112 -0.19970136 -0.21083176]
544.6231505870819,1001,False,6,0,[2.88094496 8.59223622 1.35493037],fake_landed,[-0.48080528  0.59740651 -0.20557775]
544.6231505870819,1002,False,5,3,[-8.09575916  7.92888872  1.61511641],queued,[ 0.5677905  -0.59831228 -0.99408226]
544.6231505870819,1003,False,3,6,[-0.87138055 -8.01600006  1.70729187],queued,[ 0.63925976  0.24903542 -0.34837281]
544.6231505870819,1004,False,6,4,[ 8.45772752 -0.76981614  3.99473286],cruising,[-0.62185191  0.08809385  0.93462812]
544.6231505870819,1005,False,3,1,[5.43528761 1.69375164 1.58416005],landing,[ 0.50568378 -0.03156594 -0.11489306]
544.7358226776123,1000,False,5,2,[-7.01843205 -1.56502251  3.98607716],landing,[-0.82138112 -0.19970136 -0.21083176]
544.7358226776123,1001,False,6,0,[2.88858409 8.58631791 1.3161152 ],fake_landed,[-0.48080528  0.59740651 -0.20557775]
544.7358226776123,1002,False,5,3,[-8.09575916  7.92888872  1.69011641],queued,[ 0.5677905  -0.59831228 -0.99408226]
544.7358226776123,1003,False,3,6,[-0.87138055 -8.01600006  1.78229187],queued,[ 0.63925976  0.24903542 -0.34837281]
544.7358226776123,1004,False,6,4,[ 8.44379942 -0.96933057  3.99552293],cruising,[-0.62185191  0.08809385  0.93462812]
544.7358226776123,1005,False,3,1,[5.44282276 1.67119109 1.48703001],fake_landed,[ 0.50568378 -0.03156594 -0.11489306]
544.8275921344757,1000,False,5,2,[-7.07615469 -1.60824664  3.95839613],landing,[-0.82138112 -0.19970136 -0.21083176]
544.8275921344757,1001,False,6,0,[2.89240366 8.58335875 1.29670762],fake_landed,[-0.48080528  0.59740651 -0.20557775]
544.8275921344757,1002,False,5,3,[-8.09575916  7.92888872  1.76511641],queued,[ 0.5677905  -0.59831228 -0.99408226]
544.8275921344757,1003,False,3,6,[-0.87138055 -8.01600006  1.85729187],entering,[ 0.63925976  0.24903542 -0.34837281]
544.8275921344757,1004,False,6,4,[ 8.42558874 -1.16849977  3.99619449],cruising,[-0.62185191  0.08809385  0.93462812]
544.8275921344757,1005,False,3,1,[5.44885087 1.65314266 1.40932598],fake_landed,[ 0.50568378 -0.03156594 -0.11489306]
544.9297044277191,1000,False,5,2,[-7.12525515 -1.63956387  3.91715472],landing,[-0.82138112 -0.19970136 -0.21083176]
544.9297044277191,1001,False,0,5,[2.89240366 8.58335875 1.29670762],waiting,[-0.48080528  0.59740651 -0.20557775]
544.9297044277191,1002,False,5,3,[-8.09575916  7.92888872  1.84011641],queued,[ 0.5677905  -0.59831228 -0.99408226]
544.9297044277191,1003,False,3,6,[-0.87787253 -7.99708303  1.93229187],entering,[ 0.63925976  0.24903542 -0.34837281]
544.9297044277191,1004,False,6,4,[ 8.40545833 -1.36748411  3.99676532],cruising,[-0.62185191  0.08809385  0.93462812]
544.9297044277191,1005,False,3,1,[5.45337196 1.63960633 1.35104796],fake_landed,[ 0.50568378 -0.03156594 -0.11489306]
545.0286967754364,1000,False,5,2,[-7.16549119 -1.65884196  3.86262871],landing,[-0.82138112 -0.19970136 -0.21083176]
545.0286967754364,1001,False,0,5,[2.89240366 8.58335875 1.29670762],waiting,[-0.48080528  0.59740651 -0.20557775]
545.0286967754364,1002,False,5,3,[-8.09575916  7.92888872  1.91511641],queued,[ 0.5677905  -0.59831228 -0.99408226]
545.0286967754364,1003,False,3,6,[-0.8908565  -7.95924896  2.00729187],entering,[ 0.63925976  0.24903542 -0.34837281]
545.0286967754364,1004,False,6,4,[ 8.38320541 -1.56624227  3.99725052],cruising,[-0.62185191  0.08809385  0.93462812]
545.0286967754364,1005,False,3,1,[5.45638602 1.63058212 1.31219595],fake_landed,[ 0.50568378 -0.03156594 -0.11489306]
545.1220703125,1000,False,5,2,[-7.19665074 -1.66596743  3.79506692],landing,[-0.82138112 -0.19970136 -0.21083176]
545.1220703125,1001,False,0,5,[2.89240366 8.58335875 1.29670762],waiting,[-0.48080528  0.59740651 -0.20557775]
545.1220703125,1002,False,5,3,[-8.09575916  7.92888872  1.99011641],queued,[ 0.5677905  -0.59831228 -0.99408226]
545.1220703125,1003,False,3,6,[-0.91033244 -7.90249786  2.08229187],entering,[ 0.63925976  0.24903542 -0.34837281]
545.1220703125,1004,False,6,4,[ 8.3562824  -1.76442187  3.99766294],cruising,[-0.62185191  0.08809385  0.93462812]
545.1220703125,1005,False,3,1,[5.45789305 1.62607001 1.29276994],fake_landed,[ 0.50568378 -0.03156594 -0.11489306]
545.2223303318024,1000,False,5,2,[-7.21854259 -1.66083988  3.71469993],landing,[-0.82138112 -0.19970136 -0.21083176]
545.2223303318024,1001,False,0,5,[2.89240366 8.58335875 1.29670762],waiting,[-0.48080528  0.59740651 -0.20557775]
545.2223303318024,1002,False,5,3,[-8.09575916  7.92888872  2.06511641],queued,[ 0.5677905  -0.59831228 -0.99408226]
545.2223303318024,1003,False,3,6,[-0.93630037 -7.82682972  2.15729187],entering,[ 0.63925976  0.24903542 -0.34837281]
545.2223303318024,1004,False,6,4,[ 8.32716223 -1.96229055  3.9980135 ],cruising,[-0.62185191  0.08809385  0.93462812]
545.2223303318024,1005,False,3,1,[5.45789305 1.62607001 1.29276994],fake_landed,[ 0.50568378 -0.03156594 -0.11489306]
545.3253638744354,1000,False,5,2,[-7.23097334 -1.64335966  3.62176715],landing,[-0.82138112 -0.19970136 -0.21083176]
545.3253638744354,1001,False,0,5,[2.89240366 8.58335875 1.29670762],waiting,[-0.48080528  0.59740651 -0.20557775]
545.3253638744354,1002,False,5,3,[-8.09575916  7.92888872  2.14011641],queued,[ 0.5677905  -0.59831228 -0.99408226]
545.3253638744354,1003,False,3,6,[-0.96876029 -7.73224456  2.23229187],entering,[ 0.63925976  0.24903542 -0.34837281]
545.3253638744354,1004,False,6,4,[ 8.29557981 -2.15978119  3.99831148],cruising,[-0.62185191  0.08809385  0.93462812]
545.3253638744354,1005,False,1,0,[5.45789305 1.62607001 1.29276994],waiting,[ 0.50568378 -0.03156594 -0.11489306]
545.4216713905334,1000,False,5,2,[-7.24007677 -1.62158939  3.52459111],landing,[-0.82138112 -0.19970136 -0.21083176]
545.4216713905334,1001,False,0,5,[2.89240366 8.58335875 1.29670762],waiting,[-0.48080528  0.59740651 -0.20557775]
545.4216713905334,1002,False,5,3,[-8.09575916  7.92888872  2.21511641],queued,[ 0.5677905  -0.59831228 -0.99408226]
545.4216713905334,1003,False,3,6,[-1.00771218 -7.61874235  2.30729187],entering,[ 0.63925976  0.24903542 -0.34837281]
545.4216713905334,1004,False,6,4,[ 8.25851462 -2.35631661  3.99856475],cruising,[-0.62185191  0.08809385  0.93462812]
545.4216713905334,1005,False,1,0,[5.45789305 1.62607001 1.29276994],waiting,[ 0.50568378 -0.03156594 -0.11489306]
545.5212414264679,1000,False,5,2,[-7.24918021 -1.59981912  3.42741507],landing,[-0.82138112 -0.19970136 -0.21083176]
545.5212414264679,1001,False,0,5,[2.89240366 8.58335875 1.29670762],waiting,[-0.48080528  0.59740651 -0.20557775]
545.5212414264679,1002,False,5,3,[-8.09575916  7.92888872  2.29011641],queued,[ 0.5677905  -0.59831228 -0.99408226]
545.5212414264679,1003,False,3,6,[-1.05315606 -7.48632312  2.38229187],entering,[ 0.63925976  0.24903542 -0.34837281]
545.5212414264679,1004,False,6,4,[ 8.2187606  -2.55232584  3.99878004],cruising,[-0.62185191  0.08809385  0.93462812]
545.5212414264679,1005,False,1,0,[5.45789305 1.62607001 1.29276994],waiting,[ 0.50568378 -0.03156594 -0.11489306]
545.634833574295,1000,False,5,2,[-7.25828364 -1.57804885  3.33023903],landing,[-0.82138112 -0.19970136 -0.21083176]
545.634833574295,1001,False,0,5,[2.89240366 8.58335875 1.29670762],waiting,[-0.48080528  0.59740651 -0.20557775]
545.634833574295,1002,False,5,3,[-8.09575916  7.92888872  2.36511641],queued,[ 0.5677905  -0.59831228 -0.99408226]
545.634833574295,1003,False,3,6,[-1.10509192 -7.33498685  2.45729187],entering,[ 0.63925976  0.24903542 -0.34837281]
545.634833574295,1004,False,6,4,[ 8.17282416 -2.74697897  3.99896303],cruising,[-0.62185191  0.08809385  0.93462812]
545.634833574295,1005,False,1,0,[5.45789305 1.62607001 1.29276994],waiting,[ 0.50568378 -0.03156594 -0.11489306]
545.7274169921875,1000,False,5,2,[-7.26738708 -1.55627858  3.23306298],landing,[-0.82138112 -0.19970136 -0.21083176]
545.7274169921875,1001,False,0,5,[2.89240366 8.58335875 1.29670762],queued,[-0.48080528  0.59740651 -0.20557775]
545.7274169921875,1002,False,5,3,[-8.09575916  7.92888872  2.44011641],queued,[ 0.5677905  -0.59831228 -0.99408226]
545.7274169921875,1003,False,3,6,[-1.16351976 -7.16473354  2.53229187],entering,[ 0.63925976  0.24903542 -0.34837281]
545.7274169921875,1004,False,6,4,[ 8.12373394 -2.94086077  3.99911858],cruising,[-0.62185191  0.08809385  0.93462812]
545.7274169921875,1005,False,1,0,[5.45789305 1.62607001 1.29276994],waiting,[ 0.50568378 -0.03156594 -0.11489306]
545.8223679065704,1000,False,5,2,[-7.27649051 -1.53450831  3.13588694],landing,[-0.82138112 -0.19970136 -0.21083176]
545.8223679065704,1001,False,0,5,[2.89240366 8.58335875 1.31670762],queued,[-0.48080528  0.59740651 -0.20557775]
545.8223679065704,1002,False,5,3,[-8.09575916  7.92888872  2.51511641],entering,[ 0.5677905  -0.59831228 -0.99408226]
545.8223679065704,1003,False,3,6,[-1.22969131 -6.97604021  2.60729187],entering,[ 0.63925976  0.24903542 -0.34837281]
545.8223679065704,1004,False,6,4,[ 8.06726133 -3.13272229  3.99925079],cruising,[-0.62185191  0.08809385  0.93462812]
545.8223679065704,1005,False,1,0,[5.45789305 1.62607001 1.29276994],waiting,[ 0.50568378 -0.03156594 -0.11489306]
545.9219064712524,1000,False,5,2,[-7.28559395 -1.51273804  3.0387109 ],landing,[-0.82138112 -0.19970136 -0.21083176]
545.9219064712524,1001,False,0,5,[2.89240366 8.58335875 1.35670762],queued,[-0.48080528  0.59740651 -0.20557775]
545.9219064712524,1002,False,5,3,[-8.07791011  7.91986591  2.59011641],entering,[ 0.5677905  -0.59831228 -0.99408226]
545.9219064712524,1003,False,3,6,[-1.29587866 -6.78730962  2.68229187],entering,[ 0.63925976  0.24903542 -0.34837281]
545.9219064712524,1004,False,6,4,[ 8.00688977 -3.32339288  3.99936317],exiting,[-0.62185191  0.08809385  0.93462812]
545.9219064712524,1005,False,1,0,[5.45789305 1.62607001 1.29276994],waiting,[ 0.50568378 -0.03156594 -0.11489306]
546.0222289562225,1000,False,5,2,[-7.29469738 -1.49096777  2.94153486],landing,[-0.82138112 -0.19970136 -0.21083176]
546.0222289562225,1001,False,0,5,[2.89240366 8.58335875 1.41670762],queued,[-0.48080528  0.59740651 -0.20557775]
546.0222289562225,1002,False,5,3,[-8.04219832  7.90184737  2.66511641],entering,[ 0.5677905  -0.59831228 -0.99408226]
546.0222289562225,1003,False,3,6,[-1.36206601 -6.59857903  2.75729187],entering,[ 0.63925976  0.24903542 -0.34837281]
546.0222289562225,1004,False,6,4,[ 7.95942468 -3.49878529  3.99947541],exiting,[-0.62185191  0.08809385  0.93462812]
546.0222289562225,1005,False,1,0,[5.45789305 1.62607001 1.29276994],waiting,[ 0.50568378 -0.03156594 -0.11489306]
546.1271679401398,1000,False,5,2,[-7.30380082 -1.4691975   2.84435882],landing,[-0.82138112 -0.19970136 -0.21083176]
546.1271679401398,1001,False,0,5,[2.89240366 8.58335875 1.49170762],queued,[-0.48080528  0.59740651 -0.20557775]
546.1271679401398,1002,False,5,3,[-7.98859367  7.87489323  2.74011641],entering,[ 0.5677905  -0.59831228 -0.99408226]
546.1271679401398,1003,False,3,6,[-1.42893556 -6.41008907  2.83229187],entering,[ 0.63925976  0.24903542 -0.34837281]
546.1271679401398,1004,False,6,4,[ 7.92502222 -3.65903281  3.99958445],exiting,[-0.62185191  0.08809385  0.93462812]
546.1271679401398,1005,False,1,0,[5.45789305 1.62607001 1.29276994],waiting,[ 0.50568378 -0.03156594 -0.11489306]
546.2326805591583,1000,False,5,2,[-7.31290425 -1.44742723  2.74718278],landing,[-0.82138112 -0.19970136 -0.21083176]
546.2326805591583,1001,False,0,5,[2.89240366 8.58335875 1.56670762],queued,[-0.48080528  0.59740651 -0.20557775]
546.2326805591583,1002,False,5,3,[-7.91703903  7.83911876  2.81511641],entering,[ 0.5677905  -0.59831228 -0.99408226]
546.2326805591583,1003,False,3,6,[-1.49644211 -6.22182632  2.90729187],entering,[ 0.63925976  0.24903542 -0.34837281]
546.2326805591583,1004,False,6,4,[ 7.90387982 -3.80430799  3.99968587],exiting,[-0.62185191  0.08809385  0.93462812]
546.2326805591583,1005,False,1,0,[5.45789305 1.62607001 1.29276994],waiting,[ 0.50568378 -0.03156594 -0.11489306]
546.3227937221527,1000,False,5,2,[-7.32200769 -1.42565696  2.65000674],landing,[-0.82138112 -0.19970136 -0.21083176]
546.3227937221527,1001,False,0,5,[2.89240366 8.58335875 1.64170762],queued,[-0.48080528  0.59740651 -0.20557775]
546.3227937221527,1002,False,5,3,[-7.82748621  7.79462273  2.89011641],entering,[ 0.5677905  -0.59831228 -0.99408226]
546.3227937221527,1003,False,3,6,[-1.56394865 -6.03356356  2.98229187],entering,[ 0.63925976  0.24903542 -0.34837281]
546.3227937221527,1004,False,6,4,[ 7.896241   -3.9348301   3.99977331],exiting,[-0.62185191  0.08809385  0.93462812]
546.3227937221527,1005,False,1,0,[5.45789305 1.62607001 1.29276994],waiting,[ 0.50568378 -0.03156594 -0.11489306]
546.4300439357758,1000,False,5,2,[-7.33111112 -1.40388669  2.5528307 ],landing,[-0.82138112 -0.19970136 -0.21083176]
546.4300439357758,1001,False,0,5,[2.89240366 8.58335875 1.71670762],queued,[-0.48080528  0.59740651 -0.20557775]
546.4300439357758,1002,False,5,3,[-7.71991106  7.74145517  2.96511641],entering,[ 0.5677905  -0.59831228 -0.99408226]
546.4300439357758,1003,False,3,6,[-1.63272856 -5.84576227  3.05729187],entering,[ 0.63925976  0.24903542 -0.34837281]
546.4300439357758,1004,False,6,4,[ 7.90230091 -4.05078018  3.99984032],exiting,[-0.62185191  0.08809385  0.93462812]
546.4300439357758,1005,False,1,0,[5.45789305 1.62607001 1.29276994],waiting,[ 0.50568378 -0.03156594 -0.11489306]
546.5215520858765,1000,False,5,2,[-7.34021456 -1.38211642  2.45565466],landing,[-0.82138112 -0.19970136 -0.21083176]
546.5215520858765,1001,False,0,5,[2.89240366 8.58335875 1.79170762],queued,[-0.48080528  0.59740651 -0.20557775]
546.5215520858765,1002,False,5,3,[-7.59429208  7.6796609   3.04011641],entering,[ 0.5677905  -0.59831228 -0.99408226]
546.5215520858765,1003,False,3,6,[-1.70150847 -5.65796098  3.13229187],entering,[ 0.63925976  0.24903542 -0.34837281]
546.5215520858765,1004,False,6,4,[ 7.92225527 -4.15234472  3.99987835],exiting,[-0.62185191  0.08809385  0.93462812]
546.5215520858765,1005,False,1,0,[5.45789305 1.62607001 1.29276994],waiting,[ 0.50568378 -0.03156594 -0.11489306]
546.6303067207336,1000,False,5,2,[-7.34931799 -1.36034616  2.35847862],landing,[-0.82138112 -0.19970136 -0.21083176]
546.6303067207336,1001,False,0,5,[2.89240366 8.58335875 1.86670762],queued,[-0.48080528  0.59740651 -0.20557775]
546.6303067207336,1002,False,5,3,[-7.45018208  7.61024546  3.11511641],entering,[ 0.5677905  -0.59831228 -0.99408226]
546.6303067207336,1003,False,3,6,[-1.77142679 -5.47058054  3.20729187],entering,[ 0.63925976  0.24903542 -0.34837281]
546.6303067207336,1004,False,6,4,[ 7.94679959 -4.24928581  3.99990041],exiting,[-0.62185191  0.08809385  0.93462812]
546.6303067207336,1005,False,1,0,[5.45789305 1.62607001 1.29276994],waiting,[ 0.50568378 -0.03156594 -0.11489306]
546.7295243740082,1000,False,5,2,[-7.35842143 -1.33857589  2.26130258],landing,[-0.82138112 -0.19970136 -0.21083176]
546.7295243740082,1001,False,0,5,[2.89240366 8.58335875 1.94170762],queued,[-0.48080528  0.59740651 -0.20557775]
546.7295243740082,1002,False,5,3,[-7.28735654  7.53377817  3.19011641],entering,[ 0.5677905  -0.59831228 -0.99408226]
546.7295243740082,1003,False,3,6,[-1.84068721 -5.28295593  3.28229187],entering,[ 0.63925976  0.24903542 -0.34837281]
546.7295243740082,1004,False,6,4,[ 7.97134392 -4.34622691  3.99991857],exiting,[-0.62185191  0.08809385  0.93462812]
546.7295243740082,1005,False,1,0,[5.45789305 1.62607001 1.29276994],waiting,[ 0.50568378 -0.03156594 -0.11489306]
546.8291923999786,1000,False,5,2,[-7.36752487 -1.31680562  2.16412654],landing,[-0.82138112 -0.19970136 -0.21083176]
546.8291923999786,1001,False,0,5,[2.89240366 8.58335875 2.01670762],queued,[-0.48080528  0.59740651 -0.20557775]
546.8291923999786,1002,False,5,3,[-7.10503172  7.45286363  3.26511641],entering,[ 0.5677905  -0.59831228 -0.99408226]
546.8291923999786,1003,False,3,6,[-1.91162716 -5.09595988  3.35729187],entering,[ 0.63925976  0.24903542 -0.34837281]
546.8291923999786,1004,False,6,4,[ 7.99588824 -4.44316801  3.99993351],exiting,[-0.62185191  0.08809385  0.93462812]
546.8291923999786,1005,False,1,0,[5.45789305 1.62607001 1.29276994],waiting,[ 0.50568378 -0.03156594 -0.11489306]
546.9297015666962,1000,False,5,2,[-7.3766283  -1.29503535  2.0669505 ],landing,[-0.82138112 -0.19970136 -0.21083176]
546.9297015666962,1001,False,0,5,[2.89240366 8.58335875 2.09170762],queued,[-0.48080528  0.59740651 -0.20557775]
546.9297015666962,1002,False,5,3,[-6.92120795  7.37406754  3.34011641],entering,[ 0.5677905  -0.59831228 -0.99408226]
546.9297015666962,1003,False,3,6,[-1.98318389 -4.90919898  3.43229187],entering,[ 0.63925976  0.24903542 -0.34837281]
546.9297015666962,1004,False,6,4,[ 8.02043257 -4.5401091   3.99994579],exiting,[-0.62185191  0.08809385  0.93462812]
546.9297015666962,1005,False,1,0,[5.45789305 1.62607001 1.29276994],queued,[ 0.50568378 -0.03156594 -0.11489306]
547.0214335918427,1000,False,5,2,[-7.38573174 -1.27326508  1.96977446],landing,[-0.82138112 -0.19970136 -0.21083176]
547.0214335918427,1001,False,0,5,[2.89240366 8.58335875 2.16670762],queued,[-0.48080528  0.59740651 -0.20557775]
547.0214335918427,1002,False,5,3,[-6.7352499   7.30044959  3.41511641],entering,[ 0.5677905  -0.59831228 -0.99408226]
547.0214335918427,1003,False,3,6,[-2.05500153 -4.72253825  3.50729187],entering,[ 0.63925976  0.24903542 -0.34837281]
547.0214335918427,1004,False,6,4,[ 8.04497689 -4.6370502   3.99995586],exiting,[-0.62185191  0.08809385  0.93462812]
547.0214335918427,1005,False,1,0,[5.45789305 1.62607001 1.31276994],queued,[ 0.50568378 -0.03156594 -0.11489306]
547.1305050849915,1000,False,5,2,[-7.39483517 -1.25149481  1.87259842],landing,[-0.82138112 -0.19970136 -0.21083176]
547.1305050849915,1001,False,0,5,[2.89240366 8.58335875 2.24170762],queued,[-0.48080528  0.59740651 -0.20557775]
547.1305050849915,1002,False,5,3,[-6.54769602  7.23099785  3.49011641],entering,[ 0.5677905  -0.59831228 -0.99408226]
547.1305050849915,1003,False,3,6,[-2.12671078 -4.53583586  3.58119809],entering,[ 0.63925976  0.24903542 -0.34837281]
547.1305050849915,1004,False,6,4,[ 8.06952121 -4.73399129  3.99996412],exiting,[-0.62185191  0.08809385  0.93462812]
547.1305050849915,1005,False,1,0,[5.45789305 1.62607001 1.35276994],queued,[ 0.50568378 -0.03156594 -0.11489306]
547.2216804027557,1000,False,5,2,[-7.40393861 -1.22972454  1.77542238],landing,[-0.82138112 -0.19970136 -0.21083176]
547.2216804027557,1001,False,0,5,[2.89240366 8.58335875 2.31670762],queued,[-0.48080528  0.59740651 -0.20557775]
547.2216804027557,1002,False,5,3,[-6.35843696  7.16633715  3.56511641],entering,[ 0.5677905  -0.59831228 -0.99408226]
547.2216804027557,1003,False,3,6,[-2.19642354 -4.34837885  3.64401838],entering,[ 0.63925976  0.24903542 -0.34837281]
547.2216804027557,1004,False,6,4,[ 8.09406554 -4.83093239  3.99997089],exiting,[-0.62185191  0.08809385  0.93462812]
547.2216804027557,1005,False,1,0,[5.45789305 1.62607001 1.41276994],queued,[ 0.50568378 -0.03156594 -0.11489306]
547.322901725769,1000,False,5,2,[-7.41304204 -1.20795427  1.67824634],landing,[-0.82138112 -0.19970136 -0.21083176]
547.322901725769,1001,False,0,5,[2.89240366 8.58335875 2.39170762],entering,[-0.48080528  0.59740651 -0.20557775]
547.322901725769,1002,False,5,3,[-6.16712888  7.10801719  3.63034895],entering,[ 0.5677905  -0.59831228 -0.99408226]
547.322901725769,1003,False,3,6,[-2.26601767 -4.16087776  3.69741562],entering,[ 0.63925976  0.24903542 -0.34837281]
547.322901725769,1004,False,6,4,[ 8.11860986 -4.92787349  3.99997643],exiting,[-0.62185191  0.08809385  0.93462812]
547.322901725769,1005,False,1,0,[5.45789305 1.62607001 1.48776994],queued,[ 0.50568378 -0.03156594 -0.11489306]
547.4231181144714,1000,False,5,2,[-7.42214548 -1.186184    1.5810703 ],landing,[-0.82138112 -0.19970136 -0.21083176]
547.4231181144714,1001,False,0,5,[2.88879357 8.56368727 2.46670762],entering,[-0.48080528  0.59740651 -0.20557775]
547.4231181144714,1002,False,5,3,[-5.97356187  7.05770004  3.68579661],entering,[ 0.5677905  -0.59831228 -0.99408226]
547.4231181144714,1003,False,3,6,[-2.32784975 -3.97067578  3.74280328],entering,[ 0.63925976  0.24903542 -0.34837281]
547.4231181144714,1004,False,6,4,[ 8.14315418 -5.02481458  3.99998095],exiting,[-0.62185191  0.08809385  0.93462812]
547.4231181144714,1005,False,1,0,[5.45789305 1.62607001 1.56276994],queued,[ 0.50568378 -0.03156594 -0.11489306]
547.5216145515442,1000,False,5,2,[-7.43124891 -1.16441373  1.48389426],fake_landed,[-0.82138112 -0.19970136 -0.21083176]
547.5216145515442,1001,False,0,5,[2.88159795 8.52433981 2.54170762],entering,[-0.48080528  0.59740651 -0.20557775]
547.5216145515442,1002,False,5,3,[-5.77798466  7.01587237  3.73292712],entering,[ 0.5677905  -0.59831228 -0.99408226]
547.5216145515442,1003,False,3,6,[-2.38869354 -3.78015535  3.78138279],entering,[ 0.63925976  0.24903542 -0.34837281]
547.5216145515442,1004,False,6,4,[ 8.16769851 -5.12175568  3.99998464],exiting,[-0.62185191  0.08809385  0.93462812]
547.5216145515442,1005,False,1,0,[5.45789305 1.62607001 1.63776994],queued,[ 0.50568378 -0.03156594 -0.11489306]
547.6232516765594,1000,False,5,2,[-7.43853166 -1.14699752  1.40615342],fake_landed,[-0.82138112 -0.19970136 -0.21083176]
547.6232516765594,1001,False,0,5,[2.87106307 8.46527309 2.61670762],entering,[-0.48080528  0.59740651 -0.20557775]
547.6232516765594,1002,False,5,3,[-5.58072844  6.98285746  3.77298805],entering,[ 0.5677905  -0.59831228 -0.99408226]
547.6232516765594,1003,False,3,6,[-2.44936129 -3.58957879  3.81417537],cruising,[ 0.63925976  0.24903542 -0.34837281]
547.6232516765594,1004,False,6,4,[ 8.19224283 -5.21869678  3.99998764],exiting,[-0.62185191  0.08809385  0.93462812]
547.6232516765594,1005,False,1,0,[5.45789305 1.62607001 1.71276994],queued,[ 0.50568378 -0.03156594 -0.11489306]
547.7332708835602,1000,False,5,2,[-7.44399372 -1.13393536  1.3478478 ],fake_landed,[-0.82138112 -0.19970136 -0.21083176]
547.7332708835602,1001,False,0,5,[2.85736526 8.38645806 2.69170762],entering,[-0.48080528  0.59740651 -0.20557775]
547.7332708835602,1002,False,5,3,[-5.3818026   6.96215702  3.80703984],entering,[ 0.5677905  -0.59831228 -0.99408226]
547.7332708835602,1003,False,3,6,[-2.50411209 -3.39721885  3.84204906],cruising,[ 0.63925976  0.24903542 -0.34837281]
547.7332708835602,1004,False,6,4,[ 8.21678716 -5.31563787  3.99999009],exiting,[-0.62185191  0.08809385  0.93462812]
547.7332708835602,1005,False,1,0,[5.45789305 1.62607001 1.78776994],queued,[ 0.50568378 -0.03156594 -0.11489306]
547.8318893909454,1000,False,5,2,[-7.44763509 -1.12522725  1.30897738],fake_landed,[-0.82138112 -0.19970136 -0.21083176]
547.8318893909454,1001,False,0,5,[2.84074291 8.287858   2.76670762],entering,[-0.48080528  0.59740651 -0.20557775]
547.8318893909454,1002,False,5,3,[-5.18207143  6.95179068  3.83598387],entering,[ 0.5677905  -0.59831228 -0.99408226]
547.8318893909454,1003,False,3,6,[-2.55382347 -3.20349539  3.8657417 ],cruising,[ 0.63925976  0.24903542 -0.34837281]
547.8318893909454,1004,False,6,4,[ 8.24133148 -5.41257897  3.99999207],exiting,[-0.62185191  0.08809385  0.93462812]
547.8318893909454,1005,False,1,0,[5.45789305 1.62607001 1.86276994],queued,[ 0.50568378 -0.03156594 -0.11489306]
547.9231843948364,1000,False,5,2,[-7.44945578 -1.12087319  1.28954217],fake_landed,[-0.82138112 -0.19970136 -0.21083176]
547.9231843948364,1001,False,0,5,[2.82212323 8.16935793 2.84170762],entering,[-0.48080528  0.59740651 -0.20557775]
547.9231843948364,1002,False,5,3,[-4.98207147  6.95166659  3.86058629],cruising,[ 0.5677905  -0.59831228 -0.99408226]
547.9231843948364,1003,False,3,6,[-2.59657075 -3.00811711  3.88588045],cruising,[ 0.63925976  0.24903542 -0.34837281]
547.9231843948364,1004,False,6,4,[ 8.2658758  -5.50952007  3.99999368],exiting,[-0.62185191  0.08809385  0.93462812]
547.9231843948364,1005,False,1,0,[5.45789305 1.62607001 1.93776994],queued,[ 0.50568378 -0.03156594 -0.11489306]
548.0216288566589,1000,False,2,1,[-7.44945578 -1.12087319  1.28954217],waiting,[-0.82138112 -0.19970136 -0.21083176]
548.0216288566589,1001,False,0,5,[2.80268528 8.0308746  2.91670762],entering,[-0.48080528  0.59740651 -0.20557775]
548.0216288566589,1002,False,5,3,[-4.7823041   6.96131024  3.88149834],cruising,[ 0.5677905  -0.59831228 -0.99408226]
548.0216288566589,1003,False,3,6,[-2.638787   -2.81262341  3.90299838],cruising,[ 0.63925976  0.24903542 -0.34837281]
548.0216288566589,1004,False,6,4,[ 8.29042013 -5.60646116  3.99999498],exiting,[-0.62185191  0.08809385  0.93462812]
548.0216288566589,1005,False,1,0,[5.45789305 1.62607001 2.01276994],queued,[ 0.50568378 -0.03156594 -0.11489306]
548.1334044933319,1000,False,2,1,[-7.44945578 -1.12087319  1.28954217],waiting,[-0.82138112 -0.19970136 -0.21083176]
548.1334044933319,1001,False,0,5,[2.7842091  7.87241442 2.99170762],entering,[-0.48080528  0.59740651 -0.20557775]
548.1334044933319,1002,False,5,3,[-4.58313783  6.97955292  3.89927359],cruising,[ 0.5677905  -0.59831228 -0.99408226]
548.1334044933319,1003,False,3,6,[-2.67845387 -2.61659653  3.91754862],cruising,[ 0.63925976  0.24903542 -0.34837281]
548.1334044933319,1004,False,6,4,[ 8.31496445 -5.70340226  3.99999603],exiting,[-0.62185191  0.08809385  0.93462812]
548.1334044933319,1005,False,1,0,[5.45789305 1.62607001 2.08776994],queued,[ 0.50568378 -0.03156594 -0.11489306]
548.2349653244019,1000,False,2,1,[-7.44945578 -1.12087319  1.28954217],waiting,[-0.82138112 -0.19970136 -0.21083176]
548.2349653244019,1001,False,0,5,[2.76829161 7.69411857 3.06670762],entering,[-0.48080528  0.59740651 -0.20557775]
548.2349653244019,1002,False,5,3,[-4.38473744  7.0047974   3.91438255],cruising,[ 0.5677905  -0.59831228 -0.99408226]
548.2349653244019,1003,False,3,6,[-2.71967994 -2.42089162  3.92991633],cruising,[ 0.63925976  0.24903542 -0.34837281]
548.2349653244019,1004,False,6,4,[ 8.33950878 -5.80034335  3.99999688],exiting,[-0.62185191  0.08809385  0.93462812]
548.2349653244019,1005,False,1,0,[5.45789305 1.62607001 2.16276994],queued,[ 0.50568378 -0.03156594 -0.11489306]
548.3270757198334,1000,False,2,1,[-7.44945578 -1.12087319  1.28954217],queued,[-0.82138112 -0.19970136 -0.21083176]
548.3270757198334,1001,False,0,5,[2.76251603 7.49858494 3.14170762],entering,[-0.48080528  0.59740651 -0.20557775]
548.3270757198334,1002,False,5,3,[-4.18707553  7.03528957  3.92722517],cruising,[ 0.5677905  -0.59831228 -0.99408226]
548.3270757198334,1003,False,3,6,[-2.7626804  -2.22556891  3.94042888],cruising,[ 0.63925976  0.24903542 -0.34837281]
548.3270757198334,1004,False,6,4,[ 8.3640531  -5.89728445  3.99999755],exiting,[-0.62185191  0.08809385  0.93462812]
548.3270757198334,1005,False,1,0,[5.45789305 1.62607001 2.23776994],queued,[ 0.50568378 -0.03156594 -0.11489306]
548.4221296310425,1000,False,2,1,[-7.44945578 -1.12087319  1.30954217],queued,[-0.82138112 -0.19970136 -0.21083176]
548.4221296310425,1001,False,0,5,[2.76754654 7.29864822 3.21670762],entering,[-0.48080528  0.59740651 -0.20557775]
548.4221296310425,1002,False,5,3,[-3.98999152  7.06931736  3.93814139],cruising,[ 0.5677905  -0.59831228 -0.99408226]
548.4221296310425,1003,False,3,6,[-2.80693232 -2.03052592  3.94936455],cruising,[ 0.63925976  0.24903542 -0.34837281]
548.4221296310425,1004,False,6,4,[ 8.38859742 -5.99422555  3.9999981 ],exiting,[-0.62185191  0.08809385  0.93462812]
548.4221296310425,1005,False,1,0,[5.45789305 1.62607001 2.31276994],queued,[ 0.50568378 -0.03156594 -0.11489306]
548.5220420360565,1000,False,2,1,[-7.44945578 -1.12087319  1.34954217],queued,[-0.82138112 -0.19970136 -0.21083176]
548.5220420360565,1001,False,0,5,[2.78617053 7.09951724 3.29170762],entering,[-0.48080528  0.59740651 -0.20557775]
548.5220420360565,1002,False,5,3,[-3.79325836  7.10531824  3.94742019],cruising,[ 0.5677905  -0.59831228 -0.99408226]
548.5220420360565,1003,False,3,6,[-2.85414819 -1.83617916  3.95695987],cruising,[ 0.63925976  0.24903542 -0.34837281]
548.5220420360565,1004,False,6,4,[ 8.41314175 -6.09116664  3.99999853],exiting,[-0.62185191  0.08809385  0.93462812]
548.5220420360565,1005,False,1,0,[5.45789305 1.62607001 2.38776994],queued,[ 0.50568378 -0.03156594 -0.11489306]
548.6286339759827,1000,False,2,1,[-7.44945578 -1.12087319  1.40954217],queued,[-0.82138112 -0.19970136 -0.21083176]
548.6286339759827,1001,False,0,5,[2.82166221 6.90269157 3.36670762],entering,[-0.48080528  0.59740651 -0.20557775]
548.6286339759827,1002,False,5,3,[-3.59619394  7.13945935  3.95530716],cruising,[ 0.5677905  -0.59831228 -0.99408226]
548.6286339759827,1003,False,3,6,[-2.9045789  -1.64264172  3.96341589],cruising,[ 0.63925976  0.24903542 -0.34837281]
548.6286339759827,1004,False,6,4,[ 8.43768607 -6.18810774  3.99999887],exiting,[-0.62185191  0.08809385  0.93462812]
548.6286339759827,1005,False,1,0,[5.45789305 1.62607001 2.46276994],queued,[ 0.50568378 -0.03156594 -0.11489306]
548.7305023670197,1000,False,2,1,[-7.44945578 -1.12087319  1.48454217],queued,[-0.82138112 -0.19970136 -0.21083176]
548.7305023670197,1001,False,0,5,[2.86909446 6.70839752 3.44170762],entering,[-0.48080528  0.59740651 -0.20557775]
548.7305023670197,1002,False,5,3,[-3.39909719  7.1734133   3.96201108],cruising,[ 0.5677905  -0.59831228 -0.99408226]
548.7305023670197,1003,False,3,6,[-2.95854137 -1.45005913  3.9689035 ],cruising,[ 0.63925976  0.24903542 -0.34837281]
548.7305023670197,1004,False,6,4,[ 8.4622304  -6.28504884  3.99999915],exiting,[-0.62185191  0.08809385  0.93462812]
548.7305023670197,1005,False,1,0,[5.45789305 1.62607001 2.53776994],queued,[ 0.50568378 -0.03156594 -0.11489306]
548.8229715824127,1000,False,2,1,[-7.44945578 -1.12087319  1.55954217],queued,[-0.82138112 -0.19970136 -0.21083176]
548.8229715824127,1001,False,0,5,[2.932706   6.51878324 3.51670762],entering,[-0.48080528  0.59740651 -0.20557775]
548.8229715824127,1002,False,5,3,[-3.20176995  7.20600101  3.96770942],cruising,[ 0.5677905  -0.59831228 -0.99408226]
548.8229715824127,1003,False,3,6,[-3.0163973  -1.2586102   3.97356798],cruising,[ 0.63925976  0.24903542 -0.34837281]
548.8229715824127,1004,False,6,4,[ 8.48677472 -6.38198993  3.99999936],exiting,[-0.62185191  0.08809385  0.93462812]
548.8229715824127,1005,False,1,0,[5.45789305 1.62607001 2.61276994],entering,[ 0.50568378 -0.03156594 -0.11489306]
548.9221224784851,1000,False,2,1,[-7.44945578 -1.12087319  1.63454217],queued,[-0.82138112 -0.19970136 -0.21083176]
548.9221224784851,1001,False,0,5,[3.0090264  6.3339179  3.58920148],entering,[-0.48080528  0.59740651 -0.20557775]
548.9221224784851,1002,False,5,3,[-3.0036672   7.23348374  3.97255301],cruising,[ 0.5677905  -0.59831228 -0.99408226]
548.9221224784851,1003,False,3,6,[-3.07767809 -1.06822989  3.97753278],cruising,[ 0.63925976  0.24903542 -0.34837281]
548.9221224784851,1004,False,6,4,[ 8.51131904 -6.47893103  3.99999953],exiting,[-0.62185191  0.08809385  0.93462812]
548.9221224784851,1005,False,1,0,[5.47758503 1.62257348 2.68776994],entering,[ 0.50568378 -0.03156594 -0.11489306]
549.021684885025,1000,False,2,1,[-7.44945578 -1.12087319  1.70954217],queued,[-0.82138112 -0.19970136 -0.21083176]
549.021684885025,1001,False,0,5,[3.10078557 6.15623963 3.65120771],entering,[-0.48080528  0.59740651 -0.20557775]
549.021684885025,1002,False,5,3,[-2.80515963  7.25787113  3.97667006],cruising,[ 0.5677905  -0.59831228 -0.99408226]
549.021684885025,1003,False,3,6,[-3.14357202 -0.87939666  3.98090286],cruising,[ 0.63925976  0.24903542 -0.34837281]
549.021684885025,1004,False,6,4,[ 8.53586337 -6.57587213  3.99999966],exiting,[-0.62185191  0.08809385  0.93462812]
549.021684885025,1005,False,1,0,[5.51696332 1.61554855 2.76276994],entering,[ 0.50568378 -0.03156594 -0.11489306]
549.1220223903656,1000,False,2,1,[-7.44945578 -1.12087319  1.78454217],queued,[-0.82138112 -0.19970136 -0.21083176]
549.1220223903656,1001,False,0,5,[3.20673632 5.98660933 3.70352655],entering,[-0.48080528  0.59740651 -0.20557775]
549.1220223903656,1002,False,5,3,[-2.60589057  7.27495457  3.98016955],cruising,[ 0.5677905  -0.59831228 -0.99408226]
549.1220223903656,1003,False,3,6,[-3.21451781 -0.69240282  3.98376743],cruising,[ 0.63925976  0.24903542 -0.34837281]
549.1220223903656,1004,False,6,4,[ 8.56040769 -6.67281322  3.99999976],exiting,[-0.62185191  0.08809385  0.93462812]
549.1220223903656,1005,False,1,0,[5.57601511 1.60492458 2.83776994],entering,[ 0.50568378 -0.03156594 -0.11489306]
549.2343697547913,1000,False,2,1,[-7.44945578 -1.12087319  1.85954217],queued,[-0.82138112 -0.19970136 -0.21083176]
549.2343697547913,1001,False,0,5,[3.32789398 5.82752052 3.74825416],entering,[-0.48080528  0.59740651 -0.20557775]
549.2343697547913,1002,False,5,3,[-2.406251    7.28695625  3.98314412],cruising,[ 0.5677905  -0.59831228 -0.99408226]
549.2343697547913,1003,False,3,6,[-3.29093302 -0.50757664  3.98620232],cruising,[ 0.63925976  0.24903542 -0.34837281]
549.2343697547913,1004,False,6,4,[ 8.58495202 -6.76975432  3.99999984],exiting,[-0.62185191  0.08809385  0.93462812]
549.2343697547913,1005,False,1,0,[5.65466615 1.59031696 2.91276994],entering,[ 0.50568378 -0.03156594 -0.11489306]
549.3217022418976,1000,False,2,1,[-7.44945578 -1.12087319  1.93454217],queued,[-0.82138112 -0.19970136 -0.21083176]
549.3217022418976,1001,False,0,5,[3.46324208 5.68027619 3.78601604],entering,[-0.48080528  0.59740651 -0.20557775]
549.3217022418976,1002,False,5,3,[-2.20625688  7.28849014  3.9856725 ],cruising,[ 0.5677905  -0.59831228 -0.99408226]
549.3217022418976,1003,False,3,6,[-3.37146609 -0.32450719  3.98827197],cruising,[ 0.63925976  0.24903542 -0.34837281]
549.3217022418976,1004,False,6,4,[ 8.60949634 -6.86669541  3.99999989],exiting,[-0.62185191  0.08809385  0.93462812]
549.3217022418976,1005,False,1,0,[5.7528349  1.57134366 2.98776994],entering,[ 0.50568378 -0.03156594 -0.11489306]
549.4257705211639,1000,False,2,1,[-7.44945578 -1.12087319  2.00954217],queued,[-0.82138112 -0.19970136 -0.21083176]
549.4257705211639,1001,False,0,5,[3.61209011 5.54675514 3.81835356],entering,[-0.48080528  0.59740651 -0.20557775]
549.4257705211639,1002,False,5,3,[-2.00689662  7.27250623  3.98782162],cruising,[ 0.5677905  -0.59831228 -0.99408226]
549.4257705211639,1003,False,3,6,[-3.45841551 -0.14439667  3.99003118],cruising,[ 0.63925976  0.24903542 -0.34837281]
549.4257705211639,1004,False,6,4,[ 8.63404066 -6.96363651  3.99999994],exiting,[-0.62185191  0.08809385  0.93462812]
549.4257705211639,1005,False,1,0,[5.87037945 1.54741275 3.06276994],entering,[ 0.50568378 -0.03156594 -0.11489306]
549.5221436023712,1000,False,2,1,[-7.44945578 -1.12087319  2.08454217],queued,[-0.82138112 -0.19970136 -0.21083176]
549.5221436023712,1001,False,0,5,[3.77317367 5.42822015 3.8456206 ],cruising,[-0.48080528  0.59740651 -0.20557775]
549.5221436023712,1002,False,5,3,[-1.8099734   7.23755991  3.98964838],cruising,[ 0.5677905  -0.59831228 -0.99408226]
549.5221436023712,1003,False,3,6,[-3.55219263  0.03225511  3.9915265 ],cruising,[ 0.63925976  0.24903542 -0.34837281]
549.5221436023712,1004,False,6,4,[ 8.65858499 -7.06057761  3.99999997],landing,[-0.62185191  0.08809385  0.93462812]
549.5221436023712,1005,False,1,0,[6.00711301 1.51784424 3.13776994],entering,[ 0.50568378 -0.03156594 -0.11489306]
549.6261250972748,1000,False,2,1,[-7.44945578 -1.12087319  2.15954217],entering,[-0.82138112 -0.19970136 -0.21083176]
549.6261250972748,1001,False,0,5,[3.94474781 5.32544703 3.86877751],cruising,[-0.48080528  0.59740651 -0.20557775]
549.6261250972748,1002,False,5,3,[-1.61670457  7.18610932  3.99120112],cruising,[ 0.5677905  -0.59831228 -0.99408226]
549.6261250972748,1003,False,3,6,[-3.65194249  0.20560437  3.99279752],cruising,[ 0.63925976  0.24903542 -0.34837281]
549.6261250972748,1004,False,6,4,[ 8.67661102 -7.14516895  3.98568234],landing,[-0.62185191  0.08809385  0.93462812]
549.6261250972748,1005,False,1,0,[6.16235727 1.48070252 3.21276994],entering,[ 0.50568378 -0.03156594 -0.11489306]
549.7293343544006,1000,False,2,1,[-7.43637618 -1.10574296  2.23454217],entering,[-0.82138112 -0.19970136 -0.21083176]
549.7293343544006,1001,False,0,5,[4.12413706 5.23701911 3.88846088],cruising,[-0.48080528  0.59740651 -0.20557775]
549.7293343544006,1002,False,5,3,[-1.42768567  7.1207499   3.99252095],cruising,[ 0.5677905  -0.59831228 -0.99408226]
549.7293343544006,1003,False,3,6,[-3.75843831  0.374893    3.9938779 ],cruising,[ 0.63925976  0.24903542 -0.34837281]
549.7293343544006,1004,False,6,4,[ 8.68811129 -7.21723156  3.95720683],landing,[-0.62185191  0.08809385  0.93462812]
549.7293343544006,1005,False,1,0,[6.335187   1.43403444 3.28776994],entering,[ 0.50568378 -0.03156594 -0.11489306]
549.8292465209961,1000,False,2,1,[-7.41023188 -1.07546961  2.30954217],entering,[-0.82138112 -0.19970136 -0.21083176]
549.8292465209961,1001,False,0,5,[4.30962859 5.16223347 3.90519175],cruising,[-0.48080528  0.59740651 -0.20557775]
549.8292465209961,1002,False,5,3,[-1.2429995   7.04399694  3.99364281],cruising,[ 0.5677905  -0.59831228 -0.99408226]
549.8292465209961,1003,False,3,6,[-3.86803786  0.54218896  3.99479621],cruising,[ 0.63925976  0.24903542 -0.34837281]
549.8292465209961,1004,False,6,4,[ 8.69307808 -7.27655308  3.91476788],landing,[-0.62185191  0.08809385  0.93462812]
549.8292465209961,1005,False,1,0,[6.52148164 1.37257798 3.36276994],entering,[ 0.50568378 -0.03156594 -0.11489306]
549.9278090000153,1000,False,2,1,[-7.37105593 -1.03002472  2.38454217],entering,[-0.82138112 -0.19970136 -0.21083176]
549.9278090000153,1001,False,0,5,[4.49935453 5.09895577 3.91941299],cruising,[-0.48080528  0.59740651 -0.20557775]
549.9278090000153,1002,False,5,3,[-1.06094481  6.96119543  3.99459639],cruising,[ 0.5677905  -0.59831228 -0.99408226]
549.9278090000153,1003,False,3,6,[-3.98008259  0.70785724  3.99557678],cruising,[ 0.63925976  0.24903542 -0.34837281]
549.9278090000153,1004,False,6,4,[ 8.69150277 -7.32283642  3.85864655],landing,[-0.62185191  0.08809385  0.93462812]
549.9278090000153,1005,False,1,0,[6.70836192 1.30133359 3.43776994],entering,[ 0.50568378 -0.03156594 -0.11489306]
550.0234847068787,1000,False,2,1,[-7.31891141 -0.96935431  2.45954217],entering,[-0.82138112 -0.19970136 -0.21083176]
550.0234847068787,1001,False,0,5,[4.69190571 5.04488134 3.93150104],cruising,[-0.48080528  0.59740651 -0.20557775]
550.0234847068787,1002,False,5,3,[-0.88292774  6.87003664  3.99540693],cruising,[ 0.5677905  -0.59831228 -0.99408226]
550.0234847068787,1003,False,3,6,[-4.09400751  0.87223823  3.99624026],cruising,[ 0.63925976  0.24903542 -0.34837281]
550.0234847068787,1004,False,6,4,[ 8.68338058 -7.35585701  3.78906278],landing,[-0.62185191  0.08809385  0.93462812]
550.0234847068787,1005,False,1,0,[6.89122411 1.22033101 3.51276994],entering,[ 0.50568378 -0.03156594 -0.11489306]
550.1348030567169,1000,False,2,1,[-7.25392196 -0.89335394  2.53454217],entering,[-0.82138112 -0.19970136 -0.21083176]
550.1348030567169,1001,False,0,5,[4.88640725 4.99830719 3.94177588],cruising,[-0.48080528  0.59740651 -0.20557775]
550.1348030567169,1002,False,5,3,[-0.70825232  6.77262773  3.99609589],cruising,[ 0.5677905  -0.59831228 -0.99408226]
550.1348030567169,1003,False,3,6,[-4.20932813  1.03564312  3.99680422],cruising,[ 0.63925976  0.24903542 -0.34837281]
550.1348030567169,1004,False,6,4,[ 8.66870833 -7.37539194  3.70624141],landing,[-0.62185191  0.08809385  0.93462812]
550.1348030567169,1005,False,1,0,[7.0690659  1.12883076 3.58585445],entering,[ 0.50568378 -0.03156594 -0.11489306]
550.2258949279785,1000,False,2,1,[-7.17640542 -0.8017628   2.60954217],entering,[-0.82138112 -0.19970136 -0.21083176]
550.2258949279785,1001,False,0,5,[5.08204939 4.95678429 3.9505095 ],cruising,[-0.48080528  0.59740651 -0.20557775]
550.2258949279785,1002,False,5,3,[-0.53524201  6.67229114  3.99668151],cruising,[ 0.5677905  -0.59831228 -0.99408226]
550.2258949279785,1003,False,3,6,[-4.32562694  1.19835324  3.99728359],cruising,[ 0.63925976  0.24903542 -0.34837281]
550.2258949279785,1004,False,6,4,[ 8.64748449 -7.38121643  3.61041619],landing,[-0.62185191  0.08809385  0.93462812]
550.2258949279785,1005,False,1,0,[7.24064603 1.02606764 3.64797628],entering,[ 0.50568378 -0.03156594 -0.11489306]
550.3357129096985,1000,False,2,1,[-7.08668621 -0.69432569  2.68454217],entering,[-0.82138112 -0.19970136 -0.21083176]
550.3357129096985,1001,False,0,5,[5.27832928 4.9183889  3.95793307],cruising,[-0.48080528  0.59740651 -0.20557775]
550.3357129096985,1002,False,5,3,[-0.36450675  6.56813034  3.99717928],cruising,[ 0.5677905  -0.59831228 -0.99408226]
550.3357129096985,1003,False,3,6,[-4.44254069  1.36062208  3.99769105],cruising,[ 0.63925976  0.24903542 -0.34837281]
550.3357129096985,1004,False,6,4,[ 8.6254251  -7.38526331  3.51296361],landing,[-0.62185191  0.08809385  0.93462812]
550.3357129096985,1005,False,1,0,[7.40445785 0.9113258  3.70077984],entering,[ 0.50568378 -0.03156594 -0.11489306]
550.4245007038116,1000,False,2,1,[-6.98531368 -0.57063435  2.75954217],entering,[-0.82138112 -0.19970136 -0.21083176]
550.4245007038116,1001,False,0,5,[5.4748799  4.88140439 3.96424311],cruising,[-0.48080528  0.59740651 -0.20557775]
550.4245007038116,1002,False,5,3,[-0.195227    6.4616204   3.99760239],cruising,[ 0.5677905  -0.59831228 -0.99408226]
550.4245007038116,1003,False,3,6,[-4.55974864  1.52267854  3.99803739],cruising,[ 0.63925976  0.24903542 -0.34837281]
550.4245007038116,1004,False,6,4,[ 8.60336571 -7.38931019  3.41551103],landing,[-0.62185191  0.08809385  0.93462812]
550.4245007038116,1005,False,1,0,[7.56009227 0.78571558 3.74566287],entering,[ 0.50568378 -0.03156594 -0.11489306]
550.5216596126556,1000,False,2,1,[-6.87346398 -0.42990689  2.83454217],entering,[-0.82138112 -0.19970136 -0.21083176]
550.5216596126556,1001,False,0,5,[5.67173337 4.84606728 3.96960665],cruising,[-0.48080528  0.59740651 -0.20557775]
550.5216596126556,1002,False,5,3,[-0.02637468  6.35443414  3.99796203],cruising,[ 0.5677905  -0.59831228 -0.99408226]
550.5216596126556,1003,False,3,6,[-4.67693356  1.68475166  3.99833178],cruising,[ 0.63925976  0.24903542 -0.34837281]
550.5216596126556,1004,False,6,4,[ 8.58130632 -7.39335707  3.31805844],landing,[-0.62185191  0.08809385  0.93462812]
550.5216596126556,1005,False,1,0,[7.70424435 0.64707873 3.78381344],entering,[ 0.50568378 -0.03156594 -0.11489306]
550.6323521137238,1000,False,2,1,[-6.75379031 -0.27077331  2.90954217],entering,[-0.82138112 -0.19970136 -0.21083176]
550.6323521137238,1001,False,0,5,[5.8682977  4.80915572 3.97416565],cruising,[-0.48080528  0.59740651 -0.20557775]
550.6323521137238,1002,False,5,3,[0.14214608 6.24672735 3.99826773],cruising,[ 0.5677905  -0.59831228 -0.99408226]
550.6323521137238,1003,False,3,6,[-4.79399986  1.84691047  3.99858202],cruising,[ 0.63925976  0.24903542 -0.34837281]
550.6323521137238,1004,False,6,4,[ 8.55924693 -7.39740395  3.22060586],landing,[-0.62185191  0.08809385  0.93462812]
550.6323521137238,1005,False,1,0,[7.83492501 0.49567673 3.81624142],entering,[ 0.50568378 -0.03156594 -0.11489306]
550.7285480499268,1000,False,2,1,[-6.6370253  -0.10839742  2.98454217],entering,[-0.82138112 -0.19970136 -0.21083176]
550.7285480499268,1001,False,0,5,[6.06429598 4.76934778 3.9780408 ],cruising,[-0.48080528  0.59740651 -0.20557775]
550.7285480499268,1002,False,5,3,[0.31092293 6.1394223  3.99852757],cruising,[ 0.5677905  -0.59831228 -0.99408226]
550.7285480499268,1003,False,3,6,[-4.91065729  2.00936368  3.99879471],cruising,[ 0.63925976  0.24903542 -0.34837281]
550.7285480499268,1004,False,6,4,[ 8.53718754 -7.40145083  3.12315328],landing,[-0.62185191  0.08809385  0.93462812]
550.7285480499268,1005,False,1,0,[7.95042575 0.33239912 3.84380521],entering,[ 0.50568378 -0.03156594 -0.11489306]
550.8292906284332,1000,False,2,1,[-6.52379532  0.05646304  3.05954217],entering,[-0.82138112 -0.19970136 -0.21083176]
550.8292906284332,1001,False,0,5,[6.259398   4.72535685 3.98133468],cruising,[-0.48080528  0.59740651 -0.20557775]
550.8292906284332,1002,False,5,3,[0.4802108  6.03292527 3.99874843],cruising,[ 0.5677905  -0.59831228 -0.99408226]
550.8292906284332,1003,False,3,6,[-5.02663158  2.17230527  3.99897551],cruising,[ 0.63925976  0.24903542 -0.34837281]
550.8292906284332,1004,False,6,4,[ 8.51512815 -7.40549772  3.02570069],landing,[-0.62185191  0.08809385  0.93462812]
550.8292906284332,1005,False,1,0,[8.04964322 0.15874459 3.86723443],cruising,[ 0.50568378 -0.03156594 -0.11489306]
550.9352071285248,1000,False,2,1,[-6.41471643  0.22409894  3.13454217],entering,[-0.82138112 -0.19970136 -0.21083176]
550.9352071285248,1001,False,0,5,[6.4531846  4.67589218 3.98413448],cruising,[-0.48080528  0.59740651 -0.20557775]
550.9352071285248,1002,False,5,3,[0.65064309 5.92826947 3.99893617],cruising,[ 0.5677905  -0.59831228 -0.99408226]
550.9352071285248,1003,False,3,6,[-5.14165386  2.3359203   3.99912918],cruising,[ 0.63925976  0.24903542 -0.34837281]
550.9352071285248,1004,False,6,4,[ 8.49306876 -7.4095446   2.92824811],landing,[-0.62185191  0.08809385  0.93462812]
550.9352071285248,1005,False,1,0,[ 8.13126075 -0.02379525  3.88730304],cruising,[ 0.50568378 -0.03156594 -0.11489306]
551.0217921733856,1000,False,2,1,[-6.31032746  0.39469479  3.20954217],entering,[-0.82138112 -0.19970136 -0.21083176]
551.0217921733856,1001,False,0,5,[6.64510707 4.61962703 3.98651431],cruising,[-0.48080528  0.59740651 -0.20557775]
551.0217921733856,1002,False,5,3,[0.82220173 5.82547049 3.99909574],cruising,[ 0.5677905  -0.59831228 -0.99408226]
551.0217921733856,1003,False,3,6,[-5.25605983  2.49996685  3.9992598 ],cruising,[ 0.63925976  0.24903542 -0.34837281]
551.0217921733856,1004,False,6,4,[ 8.47100937 -7.41359148  2.83079552],landing,[-0.62185191  0.08809385  0.93462812]
551.0217921733856,1005,False,1,0,[ 8.19617157 -0.21296867  3.90420758],cruising,[ 0.50568378 -0.03156594 -0.11489306]
551.1219973564148,1000,False,2,1,[-6.21133177  0.56847584  3.28454217],entering,[-0.82138112 -0.19970136 -0.21083176]
551.1219973564148,1001,False,0,5,[6.83443834 4.55517805 3.98853716],cruising,[-0.48080528  0.59740651 -0.20557775]
551.1219973564148,1002,False,5,3,[0.99580544 5.72616413 3.99923138],cruising,[ 0.5677905  -0.59831228 -0.99408226]
551.1219973564148,1003,False,3,6,[-5.36896669  2.66504878  3.99937083],cruising,[ 0.63925976  0.24903542 -0.34837281]
551.1219973564148,1004,False,6,4,[ 8.44894998 -7.41763836  2.73334294],landing,[-0.62185191  0.08809385  0.93462812]
551.1219973564148,1005,False,1,0,[ 8.24656903 -0.40651478  3.91857645],cruising,[ 0.50568378 -0.03156594 -0.11489306]
551.2222392559052,1000,False,2,1,[-6.11856219  0.74565881  3.35954217],entering,[-0.82138112 -0.19970136 -0.21083176]
551.2222392559052,1001,False,0,5,[7.02021428 4.48110175 3.99025659],cruising,[-0.48080528  0.59740651 -0.20557775]
551.2222392559052,1002,False,5,3,[1.17103642 5.6297582  3.99934667],cruising,[ 0.5677905  -0.59831228 -0.99408226]
551.2222392559052,1003,False,3,6,[-5.48006408  2.83135383  3.99946521],cruising,[ 0.63925976  0.24903542 -0.34837281]
551.2222392559052,1004,False,6,4,[ 8.42689059 -7.42168524  2.63589036],landing,[-0.62185191  0.08809385  0.93462812]
551.2222392559052,1005,False,1,0,[ 8.28402074 -0.60297691  3.93078998],cruising,[ 0.50568378 -0.03156594 -0.11489306]
551.3320047855377,1000,False,2,1,[-6.03298778  0.92642667  3.43454217],entering,[-0.82138112 -0.19970136 -0.21083176]
551.3320047855377,1001,False,0,5,[7.20116644 4.39591773 3.9917181 ],cruising,[-0.48080528  0.59740651 -0.20557775]
551.3320047855377,1002,False,5,3,[1.34812625 5.53681094 3.99944467],cruising,[ 0.5677905  -0.59831228 -0.99408226]
551.3320047855377,1003,False,3,6,[-5.58900578  2.99907892  3.99954543],cruising,[ 0.63925976  0.24903542 -0.34837281]
551.3320047855377,1004,False,6,4,[ 8.4048312  -7.42573213  2.53843777],landing,[-0.62185191  0.08809385  0.93462812]
551.3320047855377,1005,False,1,0,[ 8.31016628 -0.80126058  3.94117148],cruising,[ 0.50568378 -0.03156594 -0.11489306]
551.4286022186279,1000,False,2,1,[-5.95576437  1.11091663  3.50954217],entering,[-0.82138112 -0.19970136 -0.21083176]
551.4286022186279,1001,False,0,5,[7.37565337 4.29817157 3.99296038],cruising,[-0.48080528  0.59740651 -0.20557775]
551.4286022186279,1002,False,5,3,[1.52826112 5.44991199 3.99952797],cruising,[ 0.5677905  -0.59831228 -0.99408226]
551.4286022186279,1003,False,3,6,[-5.69539421  3.16843506  3.99961361],cruising,[ 0.63925976  0.24903542 -0.34837281]
551.4286022186279,1004,False,6,4,[ 8.38277181 -7.42977901  2.44098519],landing,[-0.62185191  0.08809385  0.93462812]
551.4286022186279,1005,False,1,0,[ 8.32440861 -1.00075282  3.94999576],cruising,[ 0.50568378 -0.03156594 -0.11489306]
551.5303916931152,1000,False,2,1,[-5.88824032  1.29917311  3.58311085],entering,[-0.82138112 -0.19970136 -0.21083176]
551.5303916931152,1001,False,0,5,[7.53930529 4.1836153  3.99405206],cruising,[-0.48080528  0.59740651 -0.20557775]
551.5303916931152,1002,False,5,3,[1.71052345 5.36756855 3.99959878],cruising,[ 0.5677905  -0.59831228 -0.99408226]
551.5303916931152,1003,False,3,6,[-5.79876138  3.33965196  3.99967157],cruising,[ 0.63925976  0.24903542 -0.34837281]
551.5303916931152,1004,False,6,4,[ 8.36071242 -7.43382589  2.34353261],landing,[-0.62185191  0.08809385  0.93462812]
551.5303916931152,1005,False,1,0,[ 8.33052705 -1.20065921  3.9574964 ],cruising,[ 0.50568378 -0.03156594 -0.11489306]
551.6216177940369,1000,False,2,1,[-5.83193167  1.49108282  3.64564422],entering,[-0.82138112 -0.19970136 -0.21083176]
551.6216177940369,1001,False,0,5,[7.69070153 4.05325493 3.99497434],cruising,[-0.48080528  0.59740651 -0.20557775]
551.6216177940369,1002,False,5,3,[1.89505835 5.29045258 3.99965896],cruising,[ 0.5677905  -0.59831228 -0.99408226]
551.6216177940369,1003,False,3,6,[-5.89854469  3.51298197  3.99972084],cruising,[ 0.63925976  0.24903542 -0.34837281]
551.6216177940369,1004,False,6,4,[ 8.33865303 -7.43787277  2.24608002],landing,[-0.62185191  0.08809385  0.93462812]
551.6216177940369,1005,False,1,0,[ 8.32957225 -1.40065693  3.96387194],cruising,[ 0.50568378 -0.03156594 -0.11489306]
551.7279205322266,1000,False,2,1,[-5.78844313  1.68629744  3.69879759],entering,[-0.82138112 -0.19970136 -0.21083176]
551.7279205322266,1001,False,0,5,[7.82828361 3.90843256 3.99575713],cruising,[-0.48080528  0.59740651 -0.20557775]
551.7279205322266,1002,False,5,3,[2.08304322 5.22217603 3.99971012],cruising,[ 0.5677905  -0.59831228 -0.99408226]
551.7279205322266,1003,False,3,6,[-5.99405527  3.68870257  3.99976271],cruising,[ 0.63925976  0.24903542 -0.34837281]
551.7279205322266,1004,False,6,4,[ 8.31659364 -7.44191965  2.14862744],landing,[-0.62185191  0.08809385  0.93462812]
551.7279205322266,1005,False,1,0,[ 8.32009673 -1.60043234  3.96929115],cruising,[ 0.50568378 -0.03156594 -0.11489306]
551.8234169483185,1000,False,2,1,[-5.75931027  1.88416426  3.74397795],entering,[-0.82138112 -0.19970136 -0.21083176]
551.8234169483185,1001,False,0,5,[7.95022289 3.75114838 3.99646156],cruising,[-0.48080528  0.59740651 -0.20557775]
551.8234169483185,1002,False,5,3,[2.27357035 5.16135321 3.9997536 ],cruising,[ 0.5677905  -0.59831228 -0.99408226]
551.8234169483185,1003,False,3,6,[-6.08443617  3.86711583  3.9997983 ],cruising,[ 0.63925976  0.24903542 -0.34837281]
551.8234169483185,1004,False,6,4,[ 8.29453425 -7.44596653  2.05117486],landing,[-0.62185191  0.08809385  0.93462812]
551.8234169483185,1005,False,1,0,[ 8.30533872 -1.7998871   3.97389747],cruising,[ 0.50568378 -0.03156594 -0.11489306]
551.9297060966492,1000,False,2,1,[-5.7457578   2.08370455  3.78238126],entering,[-0.82138112 -0.19970136 -0.21083176]
551.9297060966492,1001,False,0,5,[8.0554172  3.58292807 3.99708252],cruising,[-0.48080528  0.59740651 -0.20557775]
551.9297060966492,1002,False,5,3,[2.46713979 5.11104544 3.99979056],cruising,[ 0.5677905  -0.59831228 -0.99408226]
551.9297060966492,1003,False,3,6,[-6.16860626  4.04854184  3.99982856],cruising,[ 0.63925976  0.24903542 -0.34837281]
551.9297060966492,1004,False,6,4,[ 8.27247486 -7.45001342  1.95372227],landing,[-0.62185191  0.08809385  0.93462812]
551.9297060966492,1005,False,1,0,[ 8.28571148 -1.9989217   3.97781285],cruising,[ 0.50568378 -0.03156594 -0.11489306]
552.0287845134735,1000,False,2,1,[-5.74756083  2.28369642  3.81502407],entering,[-0.82138112 -0.19970136 -0.21083176]
552.0287845134735,1001,False,0,5,[8.14297563 3.40527545 3.99761617],cruising,[-0.48080528  0.59740651 -0.20557775]
552.0287845134735,1002,False,5,3,[2.66282271 5.06971516 3.99982197],cruising,[ 0.5677905  -0.59831228 -0.99408226]
552.0287845134735,1003,False,3,6,[-6.24518524  4.23330022  3.99985427],cruising,[ 0.63925976  0.24903542 -0.34837281]
552.0287845134735,1004,False,6,4,[ 8.25041547 -7.4540603   1.85626969],landing,[-0.62185191  0.08809385  0.93462812]
552.0287845134735,1005,False,1,0,[ 8.25887241 -2.19711268  3.98114092],cruising,[ 0.50568378 -0.03156594 -0.11489306]
552.1293106079102,1000,False,2,1,[-5.76536654  2.48290224  3.84277046],cruising,[-0.82138112 -0.19970136 -0.21083176]
552.1293106079102,1001,False,0,5,[8.21221782 3.21959124 3.99805721],cruising,[-0.48080528  0.59740651 -0.20557775]
552.1293106079102,1002,False,5,3,[2.85994196 5.03589208 3.99984868],cruising,[ 0.5677905  -0.59831228 -0.99408226]
552.1293106079102,1003,False,3,6,[-6.31239444  4.42166934  3.99987613],cruising,[ 0.63925976  0.24903542 -0.34837281]
552.1293106079102,1004,False,6,4,[ 8.22835608 -7.45810718  1.7588171 ],landing,[-0.62185191  0.08809385  0.93462812]
552.1293106079102,1005,False,1,0,[ 8.22792051 -2.39470312  3.98396979],cruising,[ 0.50568378 -0.03156594 -0.11489306]
552.2230677604675,1000,False,2,1,[-5.79697562  2.68038861  3.86635489],cruising,[-0.82138112 -0.19970136 -0.21083176]
552.2230677604675,1001,False,0,5,[8.26262317 3.02718664 3.99839827],cruising,[-0.48080528  0.59740651 -0.20557775]
552.2230677604675,1002,False,5,3,[3.05801853 5.00822129 3.99987138],cruising,[ 0.5677905  -0.59831228 -0.99408226]
552.2230677604675,1003,False,3,6,[-6.36164326  4.61551091  3.99989471],cruising,[ 0.63925976  0.24903542 -0.34837281]
552.2230677604675,1004,False,6,4,[ 8.20629669 -7.46215406  1.66136452],landing,[-0.62185191  0.08809385  0.93462812]
552.2230677604675,1005,False,1,0,[ 8.19285407 -2.59160498  3.98637432],cruising,[ 0.50568378 -0.03156594 -0.11489306]
552.3219172954559,1000,False,2,1,[-5.84181611  2.87529713  3.88640166],cruising,[-0.82138112 -0.19970136 -0.21083176]
552.3219172954559,1001,False,0,5,[8.30035144 2.83077743 3.99863853],cruising,[-0.48080528  0.59740651 -0.20557775]
552.3219172954559,1002,False,5,3,[3.25672164 4.98548196 3.99989067],cruising,[ 0.5677905  -0.59831228 -0.99408226]
552.3219172954559,1003,False,3,6,[-6.39124992  4.81311885  3.99991094],cruising,[ 0.63925976  0.24903542 -0.34837281]
552.3219172954559,1004,False,6,4,[ 8.1842373  -7.46620094  1.56391194],landing,[-0.62185191  0.08809385  0.93462812]
552.3219172954559,1005,False,1,0,[ 8.1503177  -2.78702928  3.98841817],cruising,[ 0.50568378 -0.03156594 -0.11489306]
552.4306111335754,1000,False,2,1,[-5.89619585  3.0677623   3.90344141],cruising,[-0.82138112 -0.19970136 -0.21083176]
552.4306111335754,1001,False,0,5,[8.33200443 2.6332981  3.99884275],cruising,[-0.48080528  0.59740651 -0.20557775]
552.4306111335754,1002,False,5,3,[3.45582714 4.96658756 3.99990707],cruising,[ 0.5677905  -0.59831228 -0.99408226]
552.4306111335754,1003,False,3,6,[-6.4009472   5.0126285   3.99992482],cruising,[ 0.63925976  0.24903542 -0.34837281]
552.4306111335754,1004,False,6,4,[ 8.16217791 -7.47024783  1.46645935],fake_landed,[-0.62185191  0.08809385  0.93462812]
552.4306111335754,1005,False,1,0,[ 8.10375057 -2.9815325   3.99015544],cruising,[ 0.50568378 -0.03156594 -0.11489306]
552.5282106399536,1000,False,2,1,[-5.95767671  3.2580781   3.9179252 ],cruising,[-0.82138112 -0.19970136 -0.21083176]
552.5282106399536,1001,False,0,5,[8.35875509 2.43509516 3.99901634],cruising,[-0.48080528  0.59740651 -0.20557775]
552.5282106399536,1002,False,5,3,[3.65518516 4.95057572 3.99992101],cruising,[ 0.5677905  -0.59831228 -0.99408226]
552.5282106399536,1003,False,3,6,[-6.39071109  5.21050723  3.99993772],cruising,[ 0.63925976  0.24903542 -0.34837281]
552.5282106399536,1004,False,6,4,[ 8.1445304  -7.47348533  1.38849729],fake_landed,[-0.62185191  0.08809385  0.93462812]
552.5282106399536,1005,False,1,0,[ 8.04891793 -3.17386914  3.99163213],cruising,[ 0.50568378 -0.03156594 -0.11489306]
552.6286849975586,1000,False,2,1,[-6.02386875  3.44680704  3.93023642],cruising,[-0.82138112 -0.19970136 -0.21083176]
552.6286849975586,1001,False,0,5,[8.38453503 2.23676364 3.99916388],cruising,[-0.48080528  0.59740651 -0.20557775]
552.6286849975586,1002,False,5,3,[3.85469574 4.93659255 3.99993286],cruising,[ 0.5677905  -0.59831228 -0.99408226]
552.6286849975586,1003,False,3,6,[-6.3608756   5.40440297  3.99994968],cruising,[ 0.63925976  0.24903542 -0.34837281]
552.6286849975586,1004,False,6,4,[ 8.13129476 -7.47591346  1.33002574],fake_landed,[-0.62185191  0.08809385  0.93462812]
552.6286849975586,1005,False,1,0,[ 7.98538594 -3.36351008  3.99288731],cruising,[ 0.50568378 -0.03156594 -0.11489306]
552.7219908237457,1000,False,2,1,[-6.09249703  3.6346638   3.94070095],cruising,[-0.82138112 -0.19970136 -0.21083176]
552.7219908237457,1001,False,0,5,[8.40572206 2.03788903 3.9992893 ],cruising,[-0.48080528  0.59740651 -0.20557775]
552.7219908237457,1002,False,5,3,[4.05429098 4.92387487 3.99994293],cruising,[ 0.5677905  -0.59831228 -0.99408226]
552.7219908237457,1003,False,3,6,[-6.3119553   5.59231789  3.9999606 ],cruising,[ 0.63925976  0.24903542 -0.34837281]
552.7219908237457,1004,False,6,4,[ 8.12247101 -7.47753221  1.2910447 ],fake_landed,[-0.62185191  0.08809385  0.93462812]
552.7219908237457,1005,False,1,0,[ 7.91706839 -3.55148005  3.99395421],cruising,[ 0.50568378 -0.03156594 -0.11489306]
552.8222150802612,1000,False,2,1,[-6.1613857   3.82242522  3.94959581],cruising,[-0.82138112 -0.19970136 -0.21083176]
552.8222150802612,1001,False,0,5,[8.42568507 1.83888783 3.99939591],cruising,[-0.48080528  0.59740651 -0.20557775]
552.8222150802612,1002,False,5,3,[4.25392201 4.91173191 3.99995149],cruising,[ 0.5677905  -0.59831228 -0.99408226]
552.8222150802612,1003,False,3,6,[-6.24480276  5.7720118   3.99997051],cruising,[ 0.63925976  0.24903542 -0.34837281]
552.8222150802612,1004,False,6,4,[ 8.11805913 -7.47834159  1.27155419],fake_landed,[-0.62185191  0.08809385  0.93462812]
552.8222150802612,1005,False,1,0,[ 7.83762758 -3.73502612  3.99486108],cruising,[ 0.50568378 -0.03156594 -0.11489306]
552.9314544200897,1000,False,2,1,[-6.22838736  4.01086826  3.95715644],cruising,[-0.82138112 -0.19970136 -0.21083176]
552.9314544200897,1001,False,0,5,[8.44405548 1.63973329 3.99948652],cruising,[-0.48080528  0.59740651 -0.20557775]
552.9314544200897,1002,False,5,3,[4.4535449  4.89945573 3.99995877],cruising,[ 0.5677905  -0.59831228 -0.99408226]
552.9314544200897,1003,False,3,6,[-6.16051928  5.9413843   3.9999794 ],cruising,[ 0.63925976  0.24903542 -0.34837281]
552.9314544200897,1004,False,4,2,[ 8.11805913 -7.47834159  1.27155419],waiting,[-0.62185191  0.08809385  0.93462812]
552.9314544200897,1005,False,1,0,[ 7.74559635 -3.91259372  3.99563192],cruising,[ 0.50568378 -0.03156594 -0.11489306]
553.031436920166,1000,False,2,1,[-6.29127645  4.20072336  3.96358297],cruising,[-0.82138112 -0.19970136 -0.21083176]
553.031436920166,1001,False,0,5,[8.45790877 1.44021366 3.99956354],cruising,[-0.48080528  0.59740651 -0.20557775]
553.031436920166,1002,False,5,3,[4.65314727 4.88685054 3.99996495],cruising,[ 0.5677905  -0.59831228 -0.99408226]
553.031436920166,1003,False,3,6,[-6.06031227  6.09865553  3.99998724],cruising,[ 0.63925976  0.24903542 -0.34837281]
553.031436920166,1004,False,4,2,[ 8.11805913 -7.47834159  1.27155419],waiting,[-0.62185191  0.08809385  0.93462812]
553.031436920166,1005,False,1,0,[ 7.63892829 -4.08177388  3.99628713],cruising,[ 0.50568378 -0.03156594 -0.11489306]
553.1715054512024,1000,False,2,1,[-6.34761539  4.39262418  3.96904553],cruising,[-0.82138112 -0.19970136 -0.21083176]
553.1715054512024,1001,False,0,5,[8.47025529 1.24059511 3.99962901],cruising,[-0.48080528  0.59740651 -0.20557775]
553.1715054512024,1002,False,5,3,[4.85268458 4.8732541  3.99997021],cruising,[ 0.5677905  -0.59831228 -0.99408226]
553.1715054512024,1003,False,3,6,[-5.9450995   6.24270453  3.99999396],cruising,[ 0.63925976  0.24903542 -0.34837281]
553.1715054512024,1004,False,4,2,[ 8.11805913 -7.47834159  1.27155419],waiting,[-0.62185191  0.08809385  0.93462812]
553.1715054512024,1005,False,1,0,[ 7.51592828 -4.23941027  3.99684913],cruising,[ 0.50568378 -0.03156594 -0.11489306]
553.2635791301727,1000,False,2,1,[-6.38835755  4.5884304   3.9736887 ],cruising,[-0.82138112 -0.19970136 -0.21083176]
553.2635791301727,1001,False,0,5,[8.47857377 1.04076818 3.99968466],cruising,[-0.48080528  0.59740651 -0.20557775]
553.2635791301727,1002,False,5,3,[5.05210448 4.85803225 3.99997468],cruising,[ 0.5677905  -0.59831228 -0.99408226]
553.2635791301727,1003,False,3,6,[-5.81578807  6.37256805  3.99999953],cruising,[ 0.63925976  0.24903542 -0.34837281]
553.2635791301727,1004,False,4,2,[ 8.11805913 -7.47834159  1.27155419],waiting,[-0.62185191  0.08809385  0.93462812]
553.2635791301727,1005,False,1,0,[ 7.37857822 -4.38311559  3.99737016],cruising,[ 0.50568378 -0.03156594 -0.11489306]
553.3782932758331,1000,False,2,1,[-6.41602501  4.78650744  3.97763539],cruising,[-0.82138112 -0.19970136 -0.21083176]
553.3782932758331,1001,False,0,5,[8.48542933 0.84088571 3.99973196],cruising,[-0.48080528  0.59740651 -0.20557775]
553.3782932758331,1002,False,5,3,[5.25133969 4.84055857 3.99997848],cruising,[ 0.5677905  -0.59831228 -0.99408226]
553.3782932758331,1003,False,3,6,[-5.67352236  6.4871939   4.00000396],cruising,[ 0.63925976  0.24903542 -0.34837281]
553.3782932758331,1004,False,4,2,[ 8.11805913 -7.47834159  1.27155419],waiting,[-0.62185191  0.08809385  0.93462812]
553.3782932758331,1005,False,1,0,[ 7.22865987 -4.5112634   3.99785079],cruising,[ 0.50568378 -0.03156594 -0.11489306]
553.4648299217224,1000,False,2,1,[-6.42374436  4.98596035  3.98115849],cruising,[-0.82138112 -0.19970136 -0.21083176]
553.4648299217224,1001,False,0,5,[8.49061586 0.64095297 3.99977217],cruising,[-0.48080528  0.59740651 -0.20557775]
553.4648299217224,1002,False,5,3,[5.45044144 4.8216246  3.9999817 ],cruising,[ 0.5677905  -0.59831228 -0.99408226]
553.4648299217224,1003,False,3,6,[-5.51903858  6.58598565  4.00000722],cruising,[ 0.63925976  0.24903542 -0.34837281]
553.4648299217224,1004,False,4,2,[ 8.11805913 -7.47834159  1.27155419],waiting,[-0.62185191  0.08809385  0.93462812]
553.4648299217224,1005,False,1,0,[ 7.06819492 -4.62241804  3.99829235],cruising,[ 0.50568378 -0.03156594 -0.11489306]
553.5794174671173,1000,False,2,1,[-6.41150964  5.18409328  3.98437688],cruising,[-0.82138112 -0.19970136 -0.21083176]
553.5794174671173,1001,False,0,5,[8.49397944 0.44098126 3.99980634],cruising,[-0.48080528  0.59740651 -0.20557775]
553.5794174671173,1002,False,5,3,[5.64917715 4.79917205 3.99998445],cruising,[ 0.5677905  -0.59831228 -0.99408226]
553.5794174671173,1003,False,3,6,[-5.35295405  6.6684856   4.00000925],cruising,[ 0.63925976  0.24903542 -0.34837281]
553.5794174671173,1004,False,4,2,[ 8.11805913 -7.47834159  1.27155419],waiting,[-0.62185191  0.08809385  0.93462812]
553.5794174671173,1005,False,1,0,[ 6.89934602 -4.71541482  3.99869584],cruising,[ 0.50568378 -0.03156594 -0.11489306]
553.66477394104,1000,False,2,1,[-6.37965698  5.37834489  3.98732767],cruising,[-0.82138112 -0.19970136 -0.21083176]
553.66477394104,1001,False,0,5,[8.49327257 0.24098251 3.99983539],cruising,[-0.48080528  0.59740651 -0.20557775]
553.66477394104,1002,False,5,3,[5.8473899  4.77249424 3.99998678],cruising,[ 0.5677905  -0.59831228 -0.99408226]
553.66477394104,1003,False,3,6,[-5.17570322  6.73439297  4.00001003],cruising,[ 0.63925976  0.24903542 -0.34837281]
553.66477394104,1004,False,4,2,[ 8.11805913 -7.47834159  1.27155419],waiting,[-0.62185191  0.08809385  0.93462812]
553.66477394104,1005,False,1,0,[ 6.72433328 -4.78938515  3.99906156],cruising,[ 0.50568378 -0.03156594 -0.11489306]
553.7757818698883,1000,False,2,1,[-6.32881524  5.56632349  3.99002473],cruising,[-0.82138112 -0.19970136 -0.21083176]
553.7757818698883,1001,False,0,5,[8.49091803 0.04099637 3.99986008],cruising,[-0.48080528  0.59740651 -0.20557775]
553.7757818698883,1002,False,5,3,[6.04486652 4.74082434 3.99998876],cruising,[ 0.5677905  -0.59831228 -0.99408226]
553.7757818698883,1003,False,3,6,[-4.98737034  6.78365138  4.0000095 ],cruising,[ 0.63925976  0.24903542 -0.34837281]
553.7757818698883,1004,False,4,2,[ 8.11805913 -7.47834159  1.27155419],waiting,[-0.62185191  0.08809385  0.93462812]
553.7757818698883,1005,False,1,0,[ 6.54540357 -4.84374284  3.99938928],cruising,[ 0.50568378 -0.03156594 -0.11489306]
553.8643977642059,1000,False,2,1,[-6.25987412  5.74579616  3.99247353],cruising,[-0.82138112 -0.19970136 -0.21083176]
553.8643977642059,1001,False,0,5,[ 8.48676302 -0.15896047  3.99988107],cruising,[-0.48080528  0.59740651 -0.20557775]
553.8643977642059,1002,False,5,3,[6.24131801 4.70331681 3.99999045],cruising,[ 0.5677905  -0.59831228 -0.99408226]
553.8643977642059,1003,False,3,6,[-4.79132504  6.82322709  4.00000808],cruising,[ 0.63925976  0.24903542 -0.34837281]
553.8643977642059,1004,False,4,2,[ 8.11805913 -7.47834159  1.27155419],waiting,[-0.62185191  0.08809385  0.93462812]
553.8643977642059,1005,False,1,0,[ 6.36482063 -4.87816901  3.99967818],cruising,[ 0.50568378 -0.03156594 -0.11489306]
553.9667811393738,1000,False,2,1,[-6.17387132  5.9148367   3.99465892],cruising,[-0.82138112 -0.19970136 -0.21083176]
553.9667811393738,1001,False,0,5,[ 8.47866139 -0.35879631  3.99989891],cruising,[-0.48080528  0.59740651 -0.20557775]
553.9667811393738,1002,False,5,3,[6.43635315 4.65903033 3.99999188],cruising,[ 0.5677905  -0.59831228 -0.99408226]
553.9667811393738,1003,False,3,6,[-4.59622655  6.86723369  4.00000687],cruising,[ 0.63925976  0.24903542 -0.34837281]
553.9667811393738,1004,False,4,2,[ 8.11805913 -7.47834159  1.27155419],waiting,[-0.62185191  0.08809385  0.93462812]
553.9667811393738,1005,False,1,0,[ 6.1842162  -4.89259523  3.999927  ],cruising,[ 0.50568378 -0.03156594 -0.11489306]
554.0692911148071,1000,False,2,1,[-6.07196964  6.07174636  3.99658377],cruising,[-0.82138112 -0.19970136 -0.21083176]
554.0692911148071,1001,False,0,5,[ 8.46886302 -0.55855615  3.99991407],cruising,[-0.48080528  0.59740651 -0.20557775]
554.0692911148071,1002,False,5,3,[6.6294436  4.60691433 3.9999931 ],cruising,[ 0.5677905  -0.59831228 -0.99408226]
554.0692911148071,1003,False,3,6,[-4.40180338  6.91413393  4.00000584],cruising,[ 0.63925976  0.24903542 -0.34837281]
554.0692911148071,1004,False,4,2,[ 8.11805913 -7.47834159  1.27155419],waiting,[-0.62185191  0.08809385  0.93462812]
554.0692911148071,1005,False,1,0,[ 6.00449459 -4.887041    4.00013258],cruising,[ 0.50568378 -0.03156594 -0.11489306]
554.1699271202087,1000,False,2,1,[-5.95506859  6.2154294   3.99823474],cruising,[-0.82138112 -0.19970136 -0.21083176]
554.1699271202087,1001,False,0,5,[ 8.45720079 -0.75821584  3.99992696],cruising,[-0.48080528  0.59740651 -0.20557775]
554.1699271202087,1002,False,5,3,[6.81987842 4.54580312 3.99999413],cruising,[ 0.5677905  -0.59831228 -0.99408226]
554.1699271202087,1003,False,3,6,[-4.20714696  6.96005645  4.00000496],cruising,[ 0.63925976  0.24903542 -0.34837281]
554.1699271202087,1004,False,4,2,[ 8.11805913 -7.47834159  1.27155419],waiting,[-0.62185191  0.08809385  0.93462812]
554.1699271202087,1005,False,1,0,[ 5.82683827 -4.86159373  4.00029376],cruising,[ 0.50568378 -0.03156594 -0.11489306]
554.270051240921,1000,False,2,1,[-5.82405836  6.34494028  3.99960057],cruising,[-0.82138112 -0.19970136 -0.21083176]
554.270051240921,1001,False,0,5,[ 8.44353056 -0.9577481   3.99993792],cruising,[-0.48080528  0.59740651 -0.20557775]
554.270051240921,1002,False,5,3,[7.00670728 4.47442401 3.99999501],cruising,[ 0.5677905  -0.59831228 -0.99408226]
554.270051240921,1003,False,3,6,[-4.01268922  7.00681314  4.00000422],cruising,[ 0.63925976  0.24903542 -0.34837281]
554.270051240921,1004,False,4,2,[ 8.11805913 -7.47834159  1.27155419],waiting,[-0.62185191  0.08809385  0.93462812]
554.270051240921,1005,False,1,0,[ 5.6517582  -4.81631314  4.00040718],cruising,[ 0.50568378 -0.03156594 -0.11489306]
554.3638160228729,1000,False,2,1,[-5.67978501  6.45948445  4.00067148],cruising,[-0.82138112 -0.19970136 -0.21083176]
554.3638160228729,1001,False,0,5,[ 8.42557351 -1.15694033  3.99994723],cruising,[-0.48080528  0.59740651 -0.20557775]
554.3638160228729,1002,False,5,3,[7.18867413 4.39142964 3.99999576],cruising,[ 0.5677905  -0.59831228 -0.99408226]
554.3638160228729,1003,False,3,6,[-3.81815564  7.05325325  4.00000358],cruising,[ 0.63925976  0.24903542 -0.34837281]
554.3638160228729,1004,False,4,2,[ 8.11805913 -7.47834159  1.27155419],waiting,[-0.62185191  0.08809385  0.93462812]
554.3638160228729,1005,False,1,0,[ 5.47996338 -4.75130428  4.00047143],cruising,[ 0.50568378 -0.03156594 -0.11489306]
554.4693658351898,1000,False,2,1,[-5.52301691  6.55841488  4.00143877],cruising,[-0.82138112 -0.19970136 -0.21083176]
554.4693658351898,1001,False,0,5,[ 8.40566909 -1.3559474   3.99995515],cruising,[-0.48080528  0.59740651 -0.20557775]
554.4693658351898,1002,False,5,3,[7.36414882 4.29546801 3.9999964 ],cruising,[ 0.5677905  -0.59831228 -0.99408226]
554.4693658351898,1003,False,3,6,[-3.62331671  7.09839516  4.00000305],cruising,[ 0.63925976  0.24903542 -0.34837281]
554.4693658351898,1004,False,4,2,[ 8.11805913 -7.47834159  1.27155419],waiting,[-0.62185191  0.08809385  0.93462812]
554.4693658351898,1005,False,1,0,[ 5.31120792 -4.66652779  4.00048136],cruising,[ 0.50568378 -0.03156594 -0.11489306]
554.5755641460419,1000,False,2,1,[-5.35444397  6.64120374  4.00189624],cruising,[-0.82138112 -0.19970136 -0.21083176]
554.5755641460419,1001,False,0,5,[ 8.38362084 -1.55472837  3.99996187],cruising,[-0.48080528  0.59740651 -0.20557775]
554.5755641460419,1002,False,5,3,[7.52895096 4.18259197 3.99999696],cruising,[ 0.5677905  -0.59831228 -0.99408226]
554.5755641460419,1003,False,3,6,[-3.42747302  7.13895685  4.00000259],cruising,[ 0.63925976  0.24903542 -0.34837281]
554.5755641460419,1004,False,4,2,[ 8.11805913 -7.47834159  1.27155419],waiting,[-0.62185191  0.08809385  0.93462812]
554.5755641460419,1005,False,1,0,[ 5.14489649 -4.56190128  4.00043255],cruising,[ 0.50568378 -0.03156594 -0.11489306]
554.6724734306335,1000,False,2,1,[-5.17491018  6.7072663   4.00205343],cruising,[-0.82138112 -0.19970136 -0.21083176]
554.6724734306335,1001,False,0,5,[ 8.35691377 -1.75293718  3.99996759],cruising,[-0.48080528  0.59740651 -0.20557775]
554.6724734306335,1002,False,5,3,[7.68164266 4.05379937 3.99999743],cruising,[ 0.5677905  -0.59831228 -0.99408226]
554.6724734306335,1003,False,3,6,[-3.23112241  7.17698891  4.0000022 ],cruising,[ 0.63925976  0.24903542 -0.34837281]
554.6724734306335,1004,False,4,2,[ 8.11805913 -7.47834159  1.27155419],waiting,[-0.62185191  0.08809385  0.93462812]
554.6724734306335,1005,False,1,0,[ 4.97491585 -4.4565135   4.00036767],cruising,[ 0.50568378 -0.03156594 -0.11489306]
554.7664904594421,1000,False,2,1,[-4.98443257  6.75659167  4.00189516],cruising,[-0.82138112 -0.19970136 -0.21083176]
554.7664904594421,1001,False,0,5,[ 8.32799258 -1.95083505  3.99997245],cruising,[-0.48080528  0.59740651 -0.20557775]
554.7664904594421,1002,False,5,3,[7.8206534  3.91041804 3.99999783],cruising,[ 0.5677905  -0.59831228 -0.99408226]
554.7664904594421,1003,False,3,6,[-3.03415161  7.21166605  4.00000187],cruising,[ 0.63925976  0.24903542 -0.34837281]
554.7664904594421,1004,False,4,2,[ 8.11805913 -7.47834159  1.27155419],waiting,[-0.62185191  0.08809385  0.93462812]
554.7664904594421,1005,False,1,0,[ 4.80171113 -4.35651289  4.00031252],cruising,[ 0.50568378 -0.03156594 -0.11489306]
554.8744192123413,1000,False,2,1,[-4.78942923  6.80101802  4.00161089],cruising,[-0.82138112 -0.19970136 -0.21083176]
554.8744192123413,1001,False,0,5,[ 8.2965967  -2.14835542  3.99997659],cruising,[-0.48080528  0.59740651 -0.20557775]
554.8744192123413,1002,False,5,3,[7.94451348 3.75398076 3.99999818],cruising,[ 0.5677905  -0.59831228 -0.99408226]
554.8744192123413,1003,False,3,6,[-2.83608032  7.23937458  4.00000159],cruising,[ 0.63925976  0.24903542 -0.34837281]
554.8744192123413,1004,False,4,2,[ 8.11805913 -7.47834159  1.27155419],waiting,[-0.62185191  0.08809385  0.93462812]
554.8744192123413,1005,False,1,0,[ 4.6250088  -4.26283104  4.00026564],cruising,[ 0.50568378 -0.03156594 -0.11489306]
554.9641704559326,1000,False,2,1,[-4.595291    6.84908407  4.00136925],cruising,[-0.82138112 -0.19970136 -0.21083176]
554.9641704559326,1001,False,0,5,[ 8.2597409  -2.34493022  3.9999801 ],cruising,[-0.48080528  0.59740651 -0.20557775]
554.9641704559326,1002,False,5,3,[8.05156828 3.58669993 3.99999849],cruising,[ 0.5677905  -0.59831228 -0.99408226]
554.9641704559326,1003,False,3,6,[-2.63741127  7.26240953  4.00000135],cruising,[ 0.63925976  0.24903542 -0.34837281]
554.9641704559326,1004,False,4,2,[ 8.11805913 -7.47834159  1.27155419],waiting,[-0.62185191  0.08809385  0.93462812]
554.9641704559326,1005,False,1,0,[ 4.44647337 -4.17269171  4.00022579],cruising,[ 0.50568378 -0.03156594 -0.11489306]
555.0739994049072,1000,False,2,1,[-4.40170516  6.89932869  4.00116387],cruising,[-0.82138112 -0.19970136 -0.21083176]
555.0739994049072,1001,False,0,5,[ 8.22018536 -2.5409796   3.99998308],cruising,[-0.48080528  0.59740651 -0.20557775]
555.0739994049072,1002,False,5,3,[8.14098855 3.40998387 3.99999877],cruising,[ 0.5677905  -0.59831228 -0.99408226]
555.0739994049072,1003,False,3,6,[-2.43789708  7.276341    4.00000115],cruising,[ 0.63925976  0.24903542 -0.34837281]
555.0739994049072,1004,False,4,2,[ 8.11805913 -7.47834159  1.27155419],waiting,[-0.62185191  0.08809385  0.93462812]
555.0739994049072,1005,False,1,0,[ 4.26587145 -4.08676762  4.00019192],cruising,[ 0.50568378 -0.03156594 -0.11489306]
555.1719450950623,1000,False,2,1,[-4.20835373  6.95046798  4.00098929],cruising,[-0.82138112 -0.19970136 -0.21083176]
555.1719450950623,1001,False,0,5,[ 8.17447652 -2.73568631  3.99998562],cruising,[-0.48080528  0.59740651 -0.20557775]
555.1719450950623,1002,False,5,3,[8.21211555 3.22518352 3.99999899],cruising,[ 0.5677905  -0.59831228 -0.99408226]
555.1719450950623,1003,False,3,6,[-2.23792656  7.27977494  4.00000098],cruising,[ 0.63925976  0.24903542 -0.34837281]
555.1719450950623,1004,False,4,2,[ 8.11805913 -7.47834159  1.27155419],queued,[-0.62185191  0.08809385  0.93462812]
555.1719450950623,1005,False,1,0,[ 4.08425124 -4.00301741  4.00016314],cruising,[ 0.50568378 -0.03156594 -0.11489306]
555.2697603702545,1000,False,2,1,[-4.01431796  6.99894601  4.00084089],cruising,[-0.82138112 -0.19970136 -0.21083176]
555.2697603702545,1001,False,0,5,[ 8.12560432 -2.92962317  3.99998778],cruising,[-0.48080528  0.59740651 -0.20557775]
555.2697603702545,1002,False,5,3,[8.26443764 3.0335732  3.99999918],cruising,[ 0.5677905  -0.59831228 -0.99408226]
555.2697603702545,1003,False,3,6,[-2.03841082  7.26586562  4.00000083],cruising,[ 0.63925976  0.24903542 -0.34837281]
555.2697603702545,1004,False,4,2,[ 8.11805913 -7.47834159  1.29155419],queued,[-0.62185191  0.08809385  0.93462812]
555.2697603702545,1005,False,1,0,[ 3.90139476 -3.92200193  4.00013867],cruising,[ 0.50568378 -0.03156594 -0.11489306]
555.376877784729,1000,False,2,1,[-3.82012282  7.04678165  4.00071476],cruising,[-0.82138112 -0.19970136 -0.21083176]
555.376877784729,1001,False,0,5,[ 8.06938679 -3.12155959  3.99998961],cruising,[-0.48080528  0.59740651 -0.20557775]
555.376877784729,1002,False,5,3,[8.30144456 2.83702679 3.9999993 ],cruising,[ 0.5677905  -0.59831228 -0.99408226]
555.376877784729,1003,False,3,6,[-1.84110677  7.23313778  4.00000071],cruising,[ 0.63925976  0.24903542 -0.34837281]
555.376877784729,1004,False,4,2,[ 8.11805913 -7.47834159  1.33155419],queued,[-0.62185191  0.08809385  0.93462812]
555.376877784729,1005,False,1,0,[ 3.7179171  -3.84240327  4.00011787],cruising,[ 0.50568378 -0.03156594 -0.11489306]
555.4643421173096,1000,False,2,1,[-3.62554943  7.09305467  4.00060755],cruising,[-0.82138112 -0.19970136 -0.21083176]
555.4643421173096,1001,False,0,5,[ 8.00926196 -3.31230813  3.99999117],cruising,[-0.48080528  0.59740651 -0.20557775]
555.4643421173096,1002,False,5,3,[8.33257383 2.63946423 3.9999994 ],cruising,[ 0.5677905  -0.59831228 -0.99408226]
555.4643421173096,1003,False,3,6,[-1.64725668  7.18392251  4.0000006 ],cruising,[ 0.63925976  0.24903542 -0.34837281]
555.4643421173096,1004,False,4,2,[ 8.11805913 -7.47834159  1.39155419],queued,[-0.62185191  0.08809385  0.93462812]
555.4643421173096,1005,False,1,0,[ 3.53365342 -3.76464146  4.00010019],cruising,[ 0.50568378 -0.03156594 -0.11489306]
555.5771577358246,1000,False,2,1,[-3.42990064  7.13454625  4.00051641],cruising,[-0.82138112 -0.19970136 -0.21083176]
555.5771577358246,1001,False,0,5,[ 7.93990455 -3.49989691  3.99999249],cruising,[-0.48080528  0.59740651 -0.20557775]
555.5771577358246,1002,False,5,3,[8.35895403 2.44121165 3.99999949],cruising,[ 0.5677905  -0.59831228 -0.99408226]
555.5771577358246,1003,False,3,6,[-1.45607196  7.12519941  4.00000051],cruising,[ 0.63925976  0.24903542 -0.34837281]
555.5771577358246,1004,False,4,2,[ 8.11805913 -7.47834159  1.46655419],queued,[-0.62185191  0.08809385  0.93462812]
555.5771577358246,1005,False,1,0,[ 3.34890524 -3.68803787  4.00008516],cruising,[ 0.50568378 -0.03156594 -0.11489306]
555.677595615387,1000,False,2,1,[-3.23369813  7.17333512  4.00043895],cruising,[-0.82138112 -0.19970136 -0.21083176]
555.677595615387,1001,False,0,5,[ 7.8602505  -3.68335054  3.99999362],cruising,[-0.48080528  0.59740651 -0.20557775]
555.677595615387,1002,False,5,3,[8.38446155 2.2428449  3.99999957],cruising,[ 0.5677905  -0.59831228 -0.99408226]
555.677595615387,1003,False,3,6,[-1.26946637  7.05323861  4.00000043],cruising,[ 0.63925976  0.24903542 -0.34837281]
555.677595615387,1004,False,4,2,[ 8.11805913 -7.47834159  1.54155419],queued,[-0.62185191  0.08809385  0.93462812]
555.677595615387,1005,False,1,0,[ 3.16361043 -3.61276616  4.00007238],cruising,[ 0.50568378 -0.03156594 -0.11489306]
555.7772030830383,1000,False,2,1,[-3.03683729  7.20863113  4.00037311],cruising,[-0.82138112 -0.19970136 -0.21083176]
555.7772030830383,1001,False,0,5,[ 7.77482919 -3.86419079  3.99999458],cruising,[-0.48080528  0.59740651 -0.20557775]
555.7772030830383,1002,False,5,3,[8.40547185 2.04395154 3.99999963],cruising,[ 0.5677905  -0.59831228 -0.99408226]
555.7772030830383,1003,False,3,6,[-1.08727499  6.97073831  4.00000037],cruising,[ 0.63925976  0.24903542 -0.34837281]
555.7772030830383,1004,False,4,2,[ 8.11805913 -7.47834159  1.61655419],queued,[-0.62185191  0.08809385  0.93462812]
555.7772030830383,1005,False,1,0,[ 2.97778159 -3.53882266  4.00006153],cruising,[ 0.50568378 -0.03156594 -0.11489306]
555.878974199295,1000,False,2,1,[-2.8388394   7.2368594   4.00031714],cruising,[-0.82138112 -0.19970136 -0.21083176]
555.878974199295,1001,False,0,5,[ 7.67527404 -4.03765195  3.99999539],cruising,[-0.48080528  0.59740651 -0.20557775]
555.878974199295,1002,False,5,3,[8.42531322 1.84493818 3.99999969],cruising,[ 0.5677905  -0.59831228 -0.99408226]
555.878974199295,1003,False,3,6,[-0.90901272  6.88005996  4.00000031],cruising,[ 0.63925976  0.24903542 -0.34837281]
555.878974199295,1004,False,4,2,[ 8.11805913 -7.47834159  1.69155419],queued,[-0.62185191  0.08809385  0.93462812]
555.878974199295,1005,False,1,0,[ 2.79133651 -3.46644701  4.0000523 ],cruising,[ 0.50568378 -0.03156594 -0.11489306]
555.9791789054871,1000,False,2,1,[-2.64022083  7.26032568  4.00026957],cruising,[-0.82138112 -0.19970136 -0.21083176]
555.9791789054871,1001,False,0,5,[ 7.55916707 -4.19988645  3.99999612],cruising,[-0.48080528  0.59740651 -0.20557775]
555.9791789054871,1002,False,5,3,[8.44360482 1.64577639 3.99999974],cruising,[ 0.5677905  -0.59831228 -0.99408226]
555.9791789054871,1003,False,3,6,[-0.73289401  6.7852855   4.00000027],cruising,[ 0.63925976  0.24903542 -0.34837281]
555.9791789054871,1004,False,4,2,[ 8.11805913 -7.47834159  1.76655419],queued,[-0.62185191  0.08809385  0.93462812]
555.9791789054871,1005,False,1,0,[ 2.60439453 -3.39536468  4.00004445],cruising,[ 0.50568378 -0.03156594 -0.11489306]
556.0690295696259,1000,False,2,1,[-2.44073303  7.27463015  4.00022914],cruising,[-0.82138112 -0.19970136 -0.21083176]
556.0690295696259,1001,False,0,5,[ 7.42778098 -4.34921559  3.99999677],cruising,[-0.48080528  0.59740651 -0.20557775]
556.0690295696259,1002,False,5,3,[8.45742842 1.44625469 3.99999978],cruising,[ 0.5677905  -0.59831228 -0.99408226]
556.0690295696259,1003,False,3,6,[-0.55981303  6.68507084  4.00000023],cruising,[ 0.63925976  0.24903542 -0.34837281]
556.0690295696259,1004,False,4,2,[ 8.11805913 -7.47834159  1.84155419],queued,[-0.62185191  0.08809385  0.93462812]
556.0690295696259,1005,False,1,0,[ 2.41665177 -3.32642519  4.00003779],cruising,[ 0.50568378 -0.03156594 -0.11489306]
556.1710107326508,1000,False,2,1,[-2.24076844  7.27839356  4.00019477],cruising,[-0.82138112 -0.19970136 -0.21083176]
556.1710107326508,1001,False,0,5,[ 7.28298552 -4.48370598  3.99999736],cruising,[-0.48080528  0.59740651 -0.20557775]
556.1710107326508,1002,False,5,3,[8.46976687 1.24663565 3.99999981],cruising,[ 0.5677905  -0.59831228 -0.99408226]
556.1710107326508,1003,False,3,6,[-0.38894535  6.58112743  4.00000019],cruising,[ 0.63925976  0.24903542 -0.34837281]
556.1710107326508,1004,False,4,2,[ 8.11805913 -7.47834159  1.91655419],queued,[-0.62185191  0.08809385  0.93462812]
556.1710107326508,1005,False,1,0,[ 2.22796551 -3.26011158  4.00003212],cruising,[ 0.50568378 -0.03156594 -0.11489306]
556.2707741260529,1000,False,2,1,[-2.04123122  7.26479592  4.00016555],cruising,[-0.82138112 -0.19970136 -0.21083176]
556.2707741260529,1001,False,0,5,[ 7.12716131 -4.60151204  3.99999791],cruising,[-0.48080528  0.59740651 -0.20557775]
556.2707741260529,1002,False,5,3,[8.47810832 1.04680967 3.99999984],cruising,[ 0.5677905  -0.59831228 -0.99408226]
556.2707741260529,1003,False,3,6,[-0.21899133  6.47569672  4.00000016],cruising,[ 0.63925976  0.24903542 -0.34837281]
556.2707741260529,1004,False,4,2,[ 8.11805913 -7.47834159  1.99155419],queued,[-0.62185191  0.08809385  0.93462812]
556.2707741260529,1005,False,1,0,[ 2.03867331 -3.19554792  4.0000273 ],cruising,[ 0.50568378 -0.03156594 -0.11489306]
556.3774819374084,1000,False,2,1,[-1.84387823  7.23236447  4.00014072],cruising,[-0.82138112 -0.19970136 -0.21083176]
556.3774819374084,1001,False,0,5,[ 6.96246481 -4.70139375  3.9999984 ],cruising,[-0.48080528  0.59740651 -0.20557775]
556.3774819374084,1002,False,5,3,[8.48499607 0.84692831 3.99999986],cruising,[ 0.5677905  -0.59831228 -0.99408226]
556.3774819374084,1003,False,3,6,[-0.05009679  6.368577    4.00000014],cruising,[ 0.63925976  0.24903542 -0.34837281]
556.3774819374084,1004,False,4,2,[ 8.11805913 -7.47834159  2.06655419],queued,[-0.62185191  0.08809385  0.93462812]
556.3774819374084,1005,False,1,0,[ 1.84810377 -3.13485816  4.0000232 ],cruising,[ 0.50568378 -0.03156594 -0.11489306]
556.4650573730469,1000,False,2,1,[-1.64870434  7.18869352  4.00011961],cruising,[-0.82138112 -0.19970136 -0.21083176]
556.4650573730469,1001,False,0,5,[ 6.79106305 -4.78243297  3.99999886],cruising,[-0.48080528  0.59740651 -0.20557775]
556.4650573730469,1002,False,5,3,[8.49022174 0.64699659 3.99999988],cruising,[ 0.5677905  -0.59831228 -0.99408226]
556.4650573730469,1003,False,3,6,[0.1186134  6.26116717 4.00000012],cruising,[ 0.63925976  0.24903542 -0.34837281]
556.4650573730469,1004,False,4,2,[ 8.11805913 -7.47834159  2.14155419],queued,[-0.62185191  0.08809385  0.93462812]
556.4650573730469,1005,False,1,0,[ 1.65607308 -3.07896348  4.00001972],cruising,[ 0.50568378 -0.03156594 -0.11489306]
556.5694379806519,1000,False,2,1,[-1.45778133  7.12912504  4.00010167],cruising,[-0.82138112 -0.19970136 -0.21083176]
556.5694379806519,1001,False,0,5,[ 6.61514408 -4.84398899  3.99999927],cruising,[-0.48080528  0.59740651 -0.20557775]
556.5694379806519,1002,False,5,3,[8.49362966 0.44702563 3.9999999 ],cruising,[ 0.5677905  -0.59831228 -0.99408226]
556.5694379806519,1003,False,3,6,[0.28740451 6.15388455 4.0000001 ],cruising,[ 0.63925976  0.24903542 -0.34837281]
556.5694379806519,1004,False,4,2,[ 8.11805913 -7.47834159  2.21655419],queued,[-0.62185191  0.08809385  0.93462812]
556.5694379806519,1005,False,1,0,[ 1.46238903 -3.02909876  4.00001677],cruising,[ 0.50568378 -0.03156594 -0.11489306]
556.674179315567,1000,False,2,1,[-1.27141414  7.05654908  4.00008642],cruising,[-0.82138112 -0.19970136 -0.21083176]
556.674179315567,1001,False,0,5,[ 6.43673701 -4.88570038  3.99999963],cruising,[-0.48080528  0.59740651 -0.20557775]
556.674179315567,1002,False,5,3,[8.49298398 0.24702667 3.99999992],cruising,[ 0.5677905  -0.59831228 -0.99408226]
556.674179315567,1003,False,3,6,[0.45669688 6.04739468 4.00000009],cruising,[ 0.63925976  0.24903542 -0.34837281]
556.674179315567,1004,False,4,2,[ 8.11805913 -7.47834159  2.29155419],queued,[-0.62185191  0.08809385  0.93462812]
556.674179315567,1005,False,1,0,[ 1.26687903 -2.98695805  4.00001425],cruising,[ 0.50568378 -0.03156594 -0.11489306]
556.7774024009705,1000,False,2,1,[-1.08942355  6.97360676  4.00007346],cruising,[-0.82138112 -0.19970136 -0.21083176]
556.7774024009705,1001,False,0,5,[ 6.25758307 -4.90742572  3.99999994],cruising,[-0.48080528  0.59740651 -0.20557775]
556.7774024009705,1002,False,5,3,[8.49069062 0.04703982 3.99999993],cruising,[ 0.5677905  -0.59831228 -0.99408226]
556.7774024009705,1003,False,3,6,[0.62675391 5.94213023 4.00000007],cruising,[ 0.63925976  0.24903542 -0.34837281]
556.7774024009705,1004,False,4,2,[ 8.11805913 -7.47834159  2.36655419],queued,[-0.62185191  0.08809385  0.93462812]
556.7774024009705,1005,False,1,0,[ 1.06946283 -2.95491366  4.00001211],cruising,[ 0.50568378 -0.03156594 -0.11489306]
556.8670766353607,1000,False,2,1,[-0.91132147  6.8826142   4.00006244],cruising,[-0.82138112 -0.19970136 -0.21083176]
556.8670766353607,1001,False,0,5,[ 6.07871527 -4.90915311  4.0000002 ],cruising,[-0.48080528  0.59740651 -0.20557775]
556.8670766353607,1002,False,5,3,[ 8.48659668 -0.15291827  3.99999994],cruising,[ 0.5677905  -0.59831228 -0.99408226]
556.8670766353607,1003,False,3,6,[0.79834278 5.83938169 4.00000006],cruising,[ 0.63925976  0.24903542 -0.34837281]
556.8670766353607,1004,False,4,2,[ 8.11805913 -7.47834159  2.44155419],entering,[-0.62185191  0.08809385  0.93462812]
556.8670766353607,1005,False,1,0,[ 0.8698725  -2.94275075  4.00001028],cruising,[ 0.50568378 -0.03156594 -0.11489306]
556.9767582416534,1000,False,2,1,[-0.73532661  6.78760995  4.00005307],cruising,[-0.82138112 -0.19970136 -0.21083176]
556.9767582416534,1001,False,0,5,[ 5.90139636 -4.89094057  4.0000004 ],cruising,[-0.48080528  0.59740651 -0.20557775]
556.9767582416534,1002,False,5,3,[ 8.47856861 -0.35275709  3.99999995],cruising,[ 0.5677905  -0.59831228 -0.99408226]
556.9767582416534,1003,False,3,6,[0.9712758  5.73891194 4.00000005],cruising,[ 0.63925976  0.24903542 -0.34837281]
556.9767582416534,1004,False,4,2,[ 8.10656887 -7.46197168  2.51655419],entering,[-0.62185191  0.08809385  0.93462812]
556.9767582416534,1005,False,1,0,[ 0.66987389 -2.9420057   4.00000874],cruising,[ 0.50568378 -0.03156594 -0.11489306]
557.0698101520538,1000,False,2,1,[-0.56233799  6.68723595  4.00004511],cruising,[-0.82138112 -0.19970136 -0.21083176]
557.0698101520538,1001,False,0,5,[ 5.72665599 -4.85289495  4.00000055],cruising,[-0.48080528  0.59740651 -0.20557775]
557.0698101520538,1002,False,5,3,[ 8.46884102 -0.55252038  3.99999996],cruising,[ 0.5677905  -0.59831228 -0.99408226]
557.0698101520538,1003,False,3,6,[1.14657271 5.64262594 4.00000004],cruising,[ 0.63925976  0.24903542 -0.34837281]
557.0698101520538,1004,False,4,2,[ 8.08358834 -7.42923187  2.59155419],entering,[-0.62185191  0.08809385  0.93462812]
557.0698101520538,1005,False,1,0,[ 0.47042706 -2.95687055  4.00000743],cruising,[ 0.50568378 -0.03156594 -0.11489306]
557.1775381565094,1000,False,2,1,[-0.39153722  6.58318261  4.00003834],cruising,[-0.82138112 -0.19970136 -0.21083176]
557.1775381565094,1001,False,0,5,[ 5.55482538 -4.79506212  4.00000064],cruising,[-0.48080528  0.59740651 -0.20557775]
557.1775381565094,1002,False,5,3,[ 8.45724743 -0.75218407  3.99999996],cruising,[ 0.5677905  -0.59831228 -0.99408226]
557.1775381565094,1003,False,3,6,[1.32366503 5.54968343 4.00000004],cruising,[ 0.63925976  0.24903542 -0.34837281]
557.1775381565094,1004,False,4,2,[ 8.04911755 -7.38012214  2.66655419],entering,[-0.62185191  0.08809385  0.93462812]
557.1775381565094,1005,False,1,0,[ 0.27265645 -2.98664947  4.00000632],cruising,[ 0.50568378 -0.03156594 -0.11489306]
557.2791609764099,1000,False,2,1,[-0.22163239  6.47767267  4.00003259],cruising,[-0.82138112 -0.19970136 -0.21083176]
557.2791609764099,1001,False,0,5,[ 5.38636996 -4.71751615  4.00000067],cruising,[-0.48080528  0.59740651 -0.20557775]
557.2791609764099,1002,False,5,3,[ 8.44364427 -0.95172092  3.99999997],cruising,[ 0.5677905  -0.59831228 -0.99408226]
557.2791609764099,1003,False,3,6,[1.50276855 5.46067822 4.00000003],cruising,[ 0.63925976  0.24903542 -0.34837281]
557.2791609764099,1004,False,4,2,[ 8.0031565  -7.31464252  2.74155419],entering,[-0.62185191  0.08809385  0.93462812]
557.2791609764099,1005,False,1,0,[ 0.07850662 -3.03466869  4.00000537],cruising,[ 0.50568378 -0.03156594 -0.11489306]
557.3759350776672,1000,False,2,1,[-0.05277266  6.37049808  4.0000277 ],cruising,[-0.82138112 -0.19970136 -0.21083176]
557.3759350776672,1001,False,0,5,[ 5.22046257 -4.62013315  4.00000063],cruising,[-0.48080528  0.59740651 -0.20557775]
557.3759350776672,1002,False,5,3,[ 8.42576635 -1.15092027  3.99999997],cruising,[ 0.5677905  -0.59831228 -0.99408226]
557.3759350776672,1003,False,3,6,[1.6851026  5.37849371 4.00000003],cruising,[ 0.63925976  0.24903542 -0.34837281]
557.3759350776672,1004,False,4,2,[ 7.94570519 -7.23279298  2.81655419],entering,[-0.62185191  0.08809385  0.93462812]
557.3759350776672,1005,False,1,0,[-0.11241369 -3.09424581  4.00000456],cruising,[ 0.50568378 -0.03156594 -0.11489306]
557.4795773029327,1000,False,2,1,[0.11591171 6.26304771 4.00002355],cruising,[-0.82138112 -0.19970136 -0.21083176]
557.4795773029327,1001,False,0,5,[ 5.05290533 -4.51093346  4.00000053],cruising,[-0.48080528  0.59740651 -0.20557775]
557.4795773029327,1002,False,5,3,[ 8.40593786 -1.34993492  3.99999998],cruising,[ 0.5677905  -0.59831228 -0.99408226]
557.4795773029327,1003,False,3,6,[1.86963073 5.30136154 4.00000002],cruising,[ 0.63925976  0.24903542 -0.34837281]
557.4795773029327,1004,False,4,2,[ 7.87676362 -7.13457353  2.89155419],entering,[-0.62185191  0.08809385  0.93462812]
557.4795773029327,1005,False,1,0,[-0.29981792 -3.16410035  4.00000388],cruising,[ 0.50568378 -0.03156594 -0.11489306]
557.5647733211517,1000,False,2,1,[0.28468313 6.15573411 4.00002002],cruising,[-0.82138112 -0.19970136 -0.21083176]
557.5647733211517,1001,False,0,5,[ 4.88168892 -4.40756548  4.00000045],cruising,[-0.48080528  0.59740651 -0.20557775]
557.5647733211517,1002,False,5,3,[ 8.38396329 -1.54872405  3.99999998],cruising,[ 0.5677905  -0.59831228 -0.99408226]
557.5647733211517,1003,False,3,6,[2.05646018 5.22998399 4.00000002],cruising,[ 0.63925976  0.24903542 -0.34837281]
557.5647733211517,1004,False,4,2,[ 7.79639236 -7.01994183  2.96655419],entering,[-0.62185191  0.08809385  0.93462812]
557.5647733211517,1005,False,1,0,[-0.48264953 -3.24517192  4.0000033 ],cruising,[ 0.50568378 -0.03156594 -0.11489306]
557.6655807495117,1000,False,2,1,[0.45395927 6.04921843 4.00001701],cruising,[-0.82138112 -0.19970136 -0.21083176]
557.6655807495117,1001,False,0,5,[ 4.70743058 -4.30941237  4.00000038],cruising,[-0.48080528  0.59740651 -0.20557775]
557.6655807495117,1002,False,5,3,[ 8.35734287 -1.74694451  3.99999998],cruising,[ 0.5677905  -0.59831228 -0.99408226]
557.6655807495117,1003,False,3,6,[2.24563088 5.16506523 4.00000002],cruising,[ 0.63925976  0.24903542 -0.34837281]
557.6655807495117,1004,False,4,2,[ 7.7037874  -6.88948809  3.04155419],entering,[-0.62185191  0.08809385  0.93462812]
557.6655807495117,1005,False,1,0,[-0.6620886 -3.3334987  4.0000028],cruising,[ 0.50568378 -0.03156594 -0.11489306]
557.7651574611664,1000,False,2,1,[0.62400187 5.94393067 4.00001446],cruising,[-0.82138112 -0.19970136 -0.21083176]
557.7651574611664,1001,False,0,5,[ 4.5299662  -4.21718226  4.00000033],cruising,[-0.48080528  0.59740651 -0.20557775]
557.7651574611664,1002,False,5,3,[ 8.32850501 -1.94485454  3.99999999],cruising,[ 0.5677905  -0.59831228 -0.99408226]
557.7651574611664,1003,False,3,6,[2.43939981 5.11553138 4.00000001],cruising,[ 0.63925976  0.24903542 -0.34837281]
557.7651574611664,1004,False,4,2,[ 7.59830017 -6.74373577  3.11655419],entering,[-0.62185191  0.08809385  0.93462812]
557.7651574611664,1005,False,1,0,[-0.8399621  -3.42493731  4.00000238],cruising,[ 0.50568378 -0.03156594 -0.11489306]
557.8775751590729,1000,False,2,1,[0.79557532 5.84115639 4.00001229],cruising,[-0.82138112 -0.19970136 -0.21083176]
557.8775751590729,1001,False,0,5,[ 4.35078736 -4.12832877  4.00000028],cruising,[-0.48080528  0.59740651 -0.20557775]
557.8775751590729,1002,False,5,3,[ 8.29719034 -2.1423878   3.99999999],cruising,[ 0.5677905  -0.59831228 -0.99408226]
557.8775751590729,1003,False,3,6,[2.63515987 5.07456798 4.00000001],cruising,[ 0.63925976  0.24903542 -0.34837281]
557.8775751590729,1004,False,4,2,[ 7.47985062 -6.5827526   3.19155419],entering,[-0.62185191  0.08809385  0.93462812]
557.8775751590729,1005,False,1,0,[-1.01864082 -3.51479228  4.00000202],cruising,[ 0.50568378 -0.03156594 -0.11489306]
557.9736726284027,1000,False,2,1,[0.96849252 5.74065942 4.00001045],cruising,[-0.82138112 -0.19970136 -0.21083176]
557.9736726284027,1001,False,0,5,[ 4.16972437 -4.04338059  4.00000024],cruising,[-0.48080528  0.59740651 -0.20557775]
557.9736726284027,1002,False,5,3,[ 8.26043123 -2.3389807   3.99999999],cruising,[ 0.5677905  -0.59831228 -0.99408226]
557.9736726284027,1003,False,3,6,[2.83229267 5.04082397 4.00000001],cruising,[ 0.63925976  0.24903542 -0.34837281]
557.9736726284027,1004,False,4,2,[ 7.36077967 -6.42206001  3.26655419],entering,[-0.62185191  0.08809385  0.93462812]
557.9736726284027,1005,False,1,0,[-1.20198634 -3.59469483  4.00000172],cruising,[ 0.50568378 -0.03156594 -0.11489306]
558.0698962211609,1000,False,2,1,[1.14377023 5.64433848 4.00000888],cruising,[-0.82138112 -0.19970136 -0.21083176]
558.0698962211609,1001,False,0,5,[ 3.98769371 -3.96052626  4.0000002 ],cruising,[-0.48080528  0.59740651 -0.20557775]
558.0698962211609,1002,False,5,3,[ 8.22096939 -2.53504896  3.99999999],cruising,[ 0.5677905  -0.59831228 -0.99408226]
558.0698962211609,1003,False,3,6,[3.03035308 5.01303777 4.00000001],cruising,[ 0.63925976  0.24903542 -0.34837281]
558.0698962211609,1004,False,4,2,[ 7.23822326 -6.26400962  3.34155419],entering,[-0.62185191  0.08809385  0.93462812]
558.0698962211609,1005,False,1,0,[-1.392232   -3.65582538  4.00000146],cruising,[ 0.50568378 -0.03156594 -0.11489306]
558.1655626296997,1000,False,2,1,[1.32084225 5.55135729 4.00000755],cruising,[-0.82138112 -0.19970136 -0.21083176]
558.1655626296997,1001,False,0,5,[ 3.80453001 -3.88020777  4.00000017],cruising,[-0.48080528  0.59740651 -0.20557775]
558.1655626296997,1002,False,5,3,[ 8.17844945 -2.73047684  3.99999999],cruising,[ 0.5677905  -0.59831228 -0.99408226]
558.1655626296997,1003,False,3,6,[3.22902875 4.99005995 4.00000001],cruising,[ 0.63925976  0.24903542 -0.34837281]
558.1655626296997,1004,False,4,2,[ 7.11648418 -6.10532881  3.41655419],entering,[-0.62185191  0.08809385  0.93462812]
558.1655626296997,1005,False,1,0,[-1.58623223 -3.69731151  4.00000121],cruising,[ 0.50568378 -0.03156594 -0.11489306]
558.2696242332458,1000,False,2,1,[1.4999242  5.46230869 4.00000642],cruising,[-0.82138112 -0.19970136 -0.21083176]
558.2696242332458,1001,False,0,5,[ 3.62074931 -3.8013113   4.00000015],cruising,[-0.48080528  0.59740651 -0.20557775]
558.2696242332458,1002,False,5,3,[ 8.1290429  -2.92427827  3.99999999],cruising,[ 0.5677905  -0.59831228 -0.99408226]
558.2696242332458,1003,False,3,6,[3.42810481 4.97085781 4.00000001],cruising,[ 0.63925976  0.24903542 -0.34837281]
558.2696242332458,1004,False,4,2,[ 6.98945481 -5.95085053  3.49155419],entering,[-0.62185191  0.08809385  0.93462812]
558.2696242332458,1005,False,1,0,[-1.78088088 -3.71880815  4.00000098],cruising,[ 0.50568378 -0.03156594 -0.11489306]
558.372969865799,1000,False,2,1,[1.68223257 5.38006722 4.00000545],cruising,[-0.82138112 -0.19970136 -0.21083176]
558.372969865799,1001,False,0,5,[ 3.43623524 -3.7241455   4.00000012],cruising,[-0.48080528  0.59740651 -0.20557775]
558.372969865799,1002,False,5,3,[ 8.07612951 -3.11715173  3.99999999],cruising,[ 0.5677905  -0.59831228 -0.99408226]
558.372969865799,1003,False,3,6,[3.62743547 4.95450892 4.00000001],cruising,[ 0.63925976  0.24903542 -0.34837281]
558.372969865799,1004,False,4,2,[ 6.86104693 -5.79751621  3.56655419],entering,[-0.62185191  0.08809385  0.93462812]
558.372969865799,1005,False,1,0,[-1.9731838  -3.72044283  4.00000076],cruising,[ 0.50568378 -0.03156594 -0.11489306]
558.466540813446,1000,False,2,1,[1.86673458 5.30287262 4.00000464],cruising,[-0.82138112 -0.19970136 -0.21083176]
558.466540813446,1001,False,0,5,[ 3.2512102  -3.64821309  4.0000001 ],cruising,[-0.48080528  0.59740651 -0.20557775]
558.466540813446,1002,False,5,3,[ 8.01497249 -3.30757184  4.        ],cruising,[ 0.5677905  -0.59831228 -0.99408226]
558.466540813446,1003,False,3,6,[3.82692216 4.94018887 4.        ],cruising,[ 0.63925976  0.24903542 -0.34837281]
558.466540813446,1004,False,4,2,[ 6.73099351 -5.64557507  3.63157106],entering,[-0.62185191  0.08809385  0.93462812]
558.466540813446,1005,False,1,0,[-2.1602499  -3.70277528  4.00000056],cruising,[ 0.50568378 -0.03156594 -0.11489306]
558.5652575492859,1000,False,2,1,[2.0535378  5.23142644 4.00000394],cruising,[-0.82138112 -0.19970136 -0.21083176]
558.5652575492859,1001,False,0,5,[ 3.06564106 -3.57362022  4.00000009],cruising,[-0.48080528  0.59740651 -0.20557775]
558.5652575492859,1002,False,5,3,[ 7.94487003 -3.49488347  4.        ],cruising,[ 0.5677905  -0.59831228 -0.99408226]
558.5652575492859,1003,False,3,6,[4.02649707 4.92715607 4.        ],cruising,[ 0.63925976  0.24903542 -0.34837281]
558.5652575492859,1004,False,4,2,[ 6.59424511 -5.4996303   3.6868354 ],entering,[-0.62185191  0.08809385  0.93462812]
558.5652575492859,1005,False,1,0,[-2.33975501 -3.66659204  4.00000037],cruising,[ 0.50568378 -0.03156594 -0.11489306]
558.6644141674042,1000,False,2,1,[2.2426826  5.16643223 4.00000335],cruising,[-0.82138112 -0.19970136 -0.21083176]
558.6644141674042,1001,False,0,5,[ 2.8795091  -3.50044309  4.00000008],cruising,[-0.48080528  0.59740651 -0.20557775]
558.6644141674042,1002,False,5,3,[ 7.86470788 -3.67811564  4.        ],cruising,[ 0.5677905  -0.59831228 -0.99408226]
558.6644141674042,1003,False,3,6,[4.22608598 4.91433941 4.        ],cruising,[ 0.63925976  0.24903542 -0.34837281]
558.6644141674042,1004,False,4,2,[ 6.45274094 -5.35829181  3.73381009],entering,[-0.62185191  0.08809385  0.93462812]
558.6644141674042,1005,False,1,0,[-2.50950657 -3.61294831  4.00000019],cruising,[ 0.50568378 -0.03156594 -0.11489306]
558.7665951251984,1000,False,2,1,[2.43642348 5.11678878 4.00000285],cruising,[-0.82138112 -0.19970136 -0.21083176]
558.7665951251984,1001,False,0,5,[ 2.69270797 -3.42899143  4.00000006],cruising,[-0.48080528  0.59740651 -0.20557775]
558.7665951251984,1002,False,5,3,[ 7.77892957 -3.85878684  4.        ],cruising,[ 0.5677905  -0.59831228 -0.99408226]
558.7665951251984,1003,False,3,6,[4.42570002 4.90192023 4.        ],cruising,[ 0.63925976  0.24903542 -0.34837281]
558.7665951251984,1004,False,4,2,[ 6.30860989 -5.21963309  3.77373858],entering,[-0.62185191  0.08809385  0.93462812]
558.7665951251984,1005,False,1,0,[-2.66750785 -3.54312031  4.00000003],cruising,[ 0.50568378 -0.03156594 -0.11489306]
558.873441696167,1000,False,2,1,[2.6321592  5.07570926 4.00000242],cruising,[-0.82138112 -0.19970136 -0.21083176]
558.873441696167,1001,False,0,5,[ 2.50539734 -3.35888632  4.00000005],cruising,[-0.48080528  0.59740651 -0.20557775]
558.873441696167,1002,False,5,3,[ 7.67919106 -4.03214263  4.        ],cruising,[ 0.5677905  -0.59831228 -0.99408226]
558.873441696167,1003,False,3,6,[4.62529526 4.8892026  4.        ],cruising,[ 0.63925976  0.24903542 -0.34837281]
558.873441696167,1004,False,4,2,[ 6.15759155 -5.08850925  3.80767779],entering,[-0.62185191  0.08809385  0.93462812]
558.873441696167,1005,False,1,0,[-2.81207825 -3.458473    3.99999989],cruising,[ 0.50568378 -0.03156594 -0.11489306]
558.9640979766846,1000,False,2,1,[2.82927204 5.04184883 4.00000206],cruising,[-0.82138112 -0.19970136 -0.21083176]
558.9640979766846,1001,False,0,5,[ 2.31720912 -3.29117225  4.00000005],cruising,[-0.48080528  0.59740651 -0.20557775]
558.9640979766846,1002,False,5,3,[ 7.5629058  -4.19426433  4.        ],cruising,[ 0.5677905  -0.59831228 -0.99408226]
558.9640979766846,1003,False,3,6,[4.82482784 4.87553693 4.        ],cruising,[ 0.63925976  0.24903542 -0.34837281]
558.9640979766846,1004,False,4,2,[ 5.99958359 -4.96589814  3.83652612],cruising,[-0.62185191  0.08809385  0.93462812]
558.9640979766846,1005,False,1,0,[-2.94176108 -3.36047054  3.99999976],cruising,[ 0.50568378 -0.03156594 -0.11489306]
559.0644638538361,1000,False,2,1,[3.02731664 5.01395021 4.00000175],cruising,[-0.82138112 -0.19970136 -0.21083176]
559.0644638538361,1001,False,0,5,[ 2.12844303 -3.22508624  4.00000004],cruising,[-0.48080528  0.59740651 -0.20557775]
559.0644638538361,1002,False,5,3,[ 7.43134229 -4.34347961  4.        ],cruising,[ 0.5677905  -0.59831228 -0.99408226]
559.0644638538361,1003,False,3,6,[5.02424652 4.86029915 4.        ],cruising,[ 0.63925976  0.24903542 -0.34837281]
559.0644638538361,1004,False,4,2,[ 5.83787895 -4.84820529  3.8610472 ],cruising,[-0.62185191  0.08809385  0.93462812]
559.0644638538361,1005,False,1,0,[-3.05525219 -3.25072806  3.99999965],cruising,[ 0.50568378 -0.03156594 -0.11489306]
559.164431810379,1000,False,2,1,[3.22598008 4.99086687 4.00000149],cruising,[-0.82138112 -0.19970136 -0.21083176]
559.164431810379,1001,False,0,5,[ 1.93849222 -3.1624868   4.00000003],cruising,[-0.48080528  0.59740651 -0.20557775]
559.164431810379,1002,False,5,3,[ 7.28636835 -4.47785711  4.        ],cruising,[ 0.5677905  -0.59831228 -0.99408226]
559.164431810379,1003,False,3,6,[5.22357631 4.84393957 4.        ],cruising,[ 0.63925976  0.24903542 -0.34837281]
559.164431810379,1004,False,4,2,[ 5.66983679 -4.7397533   3.88189012],cruising,[-0.62185191  0.08809385  0.93462812]
559.164431810379,1005,False,1,0,[-3.15144966 -3.13093919  3.99999955],cruising,[ 0.50568378 -0.03156594 -0.11489306]
559.2742807865143,1000,False,2,1,[3.42504678 4.97156793 4.00000126],cruising,[-0.82138112 -0.19970136 -0.21083176]
559.2742807865143,1001,False,0,5,[ 1.74717854 -3.10418519  4.00000003],cruising,[-0.48080528  0.59740651 -0.20557775]
559.2742807865143,1002,False,5,3,[ 7.13036159 -4.59555296  4.        ],cruising,[ 0.5677905  -0.59831228 -0.99408226]
559.2742807865143,1003,False,3,6,[5.42266362 4.8248544  4.        ],cruising,[ 0.63925976  0.24903542 -0.34837281]
559.2742807865143,1004,False,4,2,[ 5.4985782  -4.63645521  3.8996066 ],cruising,[-0.62185191  0.08809385  0.93462812]
559.2742807865143,1005,False,1,0,[-3.22973185 -3.00225971  3.99999948],cruising,[ 0.50568378 -0.03156594 -0.11489306]
559.3787109851837,1000,False,2,1,[3.62437029 4.95513206 4.00000107],cruising,[-0.82138112 -0.19970136 -0.21083176]
559.3787109851837,1001,False,0,5,[ 1.55431046 -3.05125219  4.00000002],cruising,[-0.48080528  0.59740651 -0.20557775]
559.3787109851837,1002,False,5,3,[ 6.96547262 -4.69532938  4.        ],cruising,[ 0.5677905  -0.59831228 -0.99408226]
559.3787109851837,1003,False,3,6,[5.62139596 4.80237206 4.        ],exiting,[ 0.63925976  0.24903542 -0.34837281]
559.3787109851837,1004,False,4,2,[ 5.32288543 -4.54089345  3.91466561],cruising,[-0.62185191  0.08809385  0.93462812]
559.3787109851837,1005,False,1,0,[-3.28973175 -2.86547111  3.99999943],cruising,[ 0.50568378 -0.03156594 -0.11489306]
559.4681522846222,1000,False,2,1,[3.82385146 4.94073543 4.00000091],cruising,[-0.82138112 -0.19970136 -0.21083176]
559.4681522846222,1001,False,0,5,[ 1.35969939 -3.00513785  4.00000002],cruising,[-0.48080528  0.59740651 -0.20557775]
559.4681522846222,1002,False,5,3,[ 6.79386527 -4.77626797  4.        ],cruising,[ 0.5677905  -0.59831228 -0.99408226]
559.4681522846222,1003,False,3,6,[5.80401121 4.79173199 4.        ],exiting,[ 0.63925976  0.24903542 -0.34837281]
559.4681522846222,1004,False,4,2,[ 5.14523347 -4.44902517  3.92746577],cruising,[-0.62185191  0.08809385  0.93462812]
559.4681522846222,1005,False,1,0,[-3.33127482 -2.7209789   3.99999939],cruising,[ 0.50568378 -0.03156594 -0.11489306]
559.5661973953247,1000,False,2,1,[4.02342205 4.92763667 4.00000078],cruising,[-0.82138112 -0.19970136 -0.21083176]
559.5661973953247,1001,False,0,5,[ 1.163206   -2.96785048  4.00000002],cruising,[-0.48080528  0.59740651 -0.20557775]
559.5661973953247,1002,False,5,3,[ 6.61752518 -4.83777461  4.        ],cruising,[ 0.5677905  -0.59831228 -0.99408226]
559.5661973953247,1003,False,3,6,[5.97049041 4.79290835 4.        ],exiting,[ 0.63925976  0.24903542 -0.34837281]
559.5661973953247,1004,False,4,2,[ 4.96487208 -4.36259734  3.93834591],cruising,[-0.62185191  0.08809385  0.93462812]
559.5661973953247,1005,False,1,0,[-3.35428788 -2.56896083  3.99999938],cruising,[ 0.50568378 -0.03156594 -0.11489306]
559.6730918884277,1000,False,2,1,[4.22300749 4.91476604 4.00000066],cruising,[-0.82138112 -0.19970136 -0.21083176]
559.6730918884277,1001,False,0,5,[ 0.96412098 -2.94874152  4.00000001],cruising,[-0.48080528  0.59740651 -0.20557775]
559.6730918884277,1002,False,5,3,[ 6.43871179 -4.87943477  4.        ],cruising,[ 0.5677905  -0.59831228 -0.99408226]
559.6730918884277,1003,False,3,6,[6.12080824 4.80586647 4.        ],exiting,[ 0.63925976  0.24903542 -0.34837281]
559.6730918884277,1004,False,4,2,[ 4.78353433 -4.27823726  3.94759402],cruising,[-0.62185191  0.08809385  0.93462812]
559.6730918884277,1005,False,1,0,[-3.35877447 -2.40940819  3.99999939],cruising,[ 0.50568378 -0.03156594 -0.11489306]
559.7708113193512,1000,False,2,1,[4.42261874 4.90230213 4.00000056],cruising,[-0.82138112 -0.19970136 -0.21083176]
559.7708113193512,1001,False,0,5,[ 0.76421865 -2.94249172  4.00000001],cruising,[-0.48080528  0.59740651 -0.20557775]
559.7708113193512,1002,False,5,3,[ 6.25913559 -4.90110947  4.        ],cruising,[ 0.5677905  -0.59831228 -0.99408226]
559.7708113193512,1003,False,3,6,[6.2549308  4.83055972 4.        ],exiting,[ 0.63925976  0.24903542 -0.34837281]
559.7708113193512,1004,False,4,2,[ 4.60133493 -4.19575468  3.95545492],cruising,[-0.62185191  0.08809385  0.93462812]
559.7708113193512,1005,False,1,0,[-3.34505877 -2.2415684   3.99999942],cruising,[ 0.50568378 -0.03156594 -0.11489306]
559.8716399669647,1000,False,2,1,[4.62221174 4.88954923 4.00000048],cruising,[-0.82138112 -0.19970136 -0.21083176]
559.8716399669647,1001,False,0,5,[ 0.56442895 -2.95166093  4.00000001],cruising,[-0.48080528  0.59740651 -0.20557775]
559.8716399669647,1002,False,5,3,[ 6.07982348 -4.90278593  4.        ],cruising,[ 0.5677905  -0.59831228 -0.99408226]
559.8716399669647,1003,False,3,6,[6.37280984 4.86692121 4.        ],exiting,[ 0.63925976  0.24903542 -0.34837281]
559.8716399669647,1004,False,4,2,[ 4.41784683 -4.11618008  3.96213668],cruising,[-0.62185191  0.08809385  0.93462812]
559.8716399669647,1005,False,1,0,[-3.31418444 -2.06345333  3.99999948],cruising,[ 0.50568378 -0.03156594 -0.11489306]
559.9683864116669,1000,False,2,1,[4.82174255 4.87585788 4.0000004 ],cruising,[-0.82138112 -0.19970136 -0.21083176]
559.9683864116669,1001,False,0,5,[ 0.36587963 -2.9757061   4.00000001],cruising,[-0.48080528  0.59740651 -0.20557775]
559.9683864116669,1002,False,5,3,[ 5.90204846 -4.88452153  4.        ],cruising,[ 0.5677905  -0.59831228 -0.99408226]
559.9683864116669,1003,False,3,6,[6.47438318 4.91486391 4.        ],exiting,[ 0.63925976  0.24903542 -0.34837281]
559.9683864116669,1004,False,4,2,[ 4.23396317 -4.03752386  3.96781618],cruising,[-0.62185191  0.08809385  0.93462812]
559.9683864116669,1005,False,1,0,[-3.27169633 -1.86905575  3.99999955],cruising,[ 0.50568378 -0.03156594 -0.11489306]
560.0797183513641,1000,False,2,1,[5.02116001 4.86060412 4.00000034],cruising,[-0.82138112 -0.19970136 -0.21083176]
560.0797183513641,1001,False,0,5,[ 0.16955597 -3.01387703  4.00000001],cruising,[-0.48080528  0.59740651 -0.20557775]
560.0797183513641,1002,False,5,3,[ 5.72684231 -4.8464228   4.        ],cruising,[ 0.5677905  -0.59831228 -0.99408226]
560.0797183513641,1003,False,3,6,[6.55960157 4.97431815 4.        ],exiting,[ 0.63925976  0.24903542 -0.34837281]
560.0797183513641,1004,False,4,2,[ 4.04932098 -3.96066516  3.97264375],cruising,[-0.62185191  0.08809385  0.93462812]
560.0797183513641,1005,False,1,0,[-3.24487525 -1.67086234  3.99999962],cruising,[ 0.50568378 -0.03156594 -0.11489306]
560.1657447814941,1000,False,2,1,[5.22048901 4.84423488 4.00000029],cruising,[-0.82138112 -0.19970136 -0.21083176]
560.1657447814941,1001,False,0,5,[-0.02375837 -3.0651563   4.00000001],cruising,[-0.48080528  0.59740651 -0.20557775]
560.1657447814941,1002,False,5,3,[ 5.55453742 -4.78853562  4.        ],cruising,[ 0.5677905  -0.59831228 -0.99408226]
560.1657447814941,1003,False,3,6,[6.6284131  5.04520983 4.        ],exiting,[ 0.63925976  0.24903542 -0.34837281]
560.1657447814941,1004,False,4,2,[ 3.86446974 -3.88431059  3.97674719],cruising,[-0.62185191  0.08809385  0.93462812]
560.1657447814941,1005,False,1,0,[-3.23448572 -1.47113238  3.99999968],cruising,[ 0.50568378 -0.03156594 -0.11489306]
560.2751438617706,1000,False,2,1,[5.41957631 4.82514968 4.00000025],cruising,[-0.82138112 -0.19970136 -0.21083176]
560.2751438617706,1001,False,0,5,[-0.2123521  -3.13173263  4.00000001],cruising,[-0.48080528  0.59740651 -0.20557775]
560.2751438617706,1002,False,5,3,[ 5.38560171 -4.71093427  4.        ],cruising,[ 0.5677905  -0.59831228 -0.99408226]
560.2751438617706,1003,False,3,6,[6.68076401 5.12746143 4.        ],exiting,[ 0.63925976  0.24903542 -0.34837281]
560.2751438617706,1004,False,4,2,[ 3.67913478 -3.80913777  3.98023511],cruising,[-0.62185191  0.08809385  0.93462812]
560.2751438617706,1005,False,1,0,[-3.23994781 -1.27120698  3.99999973],cruising,[ 0.50568378 -0.03156594 -0.11489306]
560.3749659061432,1000,False,2,1,[5.61830977 4.80267724 4.00000021],cruising,[-0.82138112 -0.19970136 -0.21083176]
560.3749659061432,1001,False,0,5,[-0.39752419 -3.20730575  4.        ],cruising,[-0.48080528  0.59740651 -0.20557775]
560.3749659061432,1002,False,5,3,[ 5.21919131 -4.61349299  4.        ],cruising,[ 0.5677905  -0.59831228 -0.99408226]
560.3749659061432,1003,False,3,6,[6.71718543 5.22059295 4.        ],exiting,[ 0.63925976  0.24903542 -0.34837281]
560.3749659061432,1004,False,4,2,[ 3.49360593 -3.73444477  3.98319984],cruising,[-0.62185191  0.08809385  0.93462812]
560.3749659061432,1005,False,1,0,[-3.25924019 -1.07213964  3.99999977],cruising,[ 0.50568378 -0.03156594 -0.11489306]
560.4637413024902,1000,False,2,1,[5.81653708 4.77610783 4.00000018],cruising,[-0.82138112 -0.19970136 -0.21083176]
560.4637413024902,1001,False,0,5,[-0.57857736 -3.29227486  4.        ],cruising,[-0.48080528  0.59740651 -0.20557775]
560.4637413024902,1002,False,5,3,[ 5.05232577 -4.50323923  4.        ],cruising,[ 0.5677905  -0.59831228 -0.99408226]
560.4637413024902,1003,False,3,6,[6.75360686 5.31372447 4.        ],exiting,[ 0.63925976  0.24903542 -0.34837281]
560.4637413024902,1004,False,4,2,[ 3.30771452 -3.6606587   3.98571987],cruising,[-0.62185191  0.08809385  0.93462812]
560.4637413024902,1005,False,1,0,[-3.29209714 -0.87485705  3.9999998 ],cruising,[ 0.50568378 -0.03156594 -0.11489306]
560.5762956142426,1000,False,2,1,[6.01405139 4.74467379 4.00000015],cruising,[-0.82138112 -0.19970136 -0.21083176]
560.5762956142426,1001,False,0,5,[-0.75703884 -3.38256052  4.        ],cruising,[-0.48080528  0.59740651 -0.20557775]
560.5762956142426,1002,False,5,3,[ 4.88038044 -4.40108835  4.        ],cruising,[ 0.5677905  -0.59831228 -0.99408226]
560.5762956142426,1003,False,3,6,[6.79002828 5.40685599 4.        ],exiting,[ 0.63925976  0.24903542 -0.34837281]
560.5762956142426,1004,False,4,2,[ 3.12153237 -3.58760934  3.98786189],cruising,[-0.62185191  0.08809385  0.93462812]
560.5762956142426,1005,False,1,0,[-3.3374073  -0.68005718  3.99999983],cruising,[ 0.50568378 -0.03156594 -0.11489306]
560.6751456260681,1000,False,2,1,[6.21057209 4.70753063 4.00000013],cruising,[-0.82138112 -0.19970136 -0.21083176]
560.6751456260681,1001,False,0,5,[-0.93503924 -3.47375184  4.        ],cruising,[-0.48080528  0.59740651 -0.20557775]
560.6751456260681,1002,False,5,3,[ 4.70555308 -4.30395238  4.        ],cruising,[ 0.5677905  -0.59831228 -0.99408226]
560.6751456260681,1003,False,3,6,[6.8264497  5.49998751 4.        ],exiting,[ 0.63925976  0.24903542 -0.34837281]
560.6751456260681,1004,False,4,2,[ 2.93501095 -3.51543068  3.9896826 ],cruising,[-0.62185191  0.08809385  0.93462812]
560.6751456260681,1005,False,1,0,[-3.39419492 -0.48828866  3.99999986],cruising,[ 0.50568378 -0.03156594 -0.11489306]
560.7642495632172,1000,False,2,1,[6.40571905 4.66373949 4.00000011],cruising,[-0.82138112 -0.19970136 -0.21083176]
560.7642495632172,1001,False,0,5,[-1.11598606 -3.55894718  4.        ],cruising,[-0.48080528  0.59740651 -0.20557775]
560.7642495632172,1002,False,5,3,[ 4.52765447 -4.21256264  4.        ],cruising,[ 0.5677905  -0.59831228 -0.99408226]
560.7642495632172,1003,False,3,6,[6.86287113 5.59311903 4.        ],exiting,[ 0.63925976  0.24903542 -0.34837281]
560.7642495632172,1004,False,4,2,[ 2.74801838 -3.44448154  3.99123021],cruising,[-0.62185191  0.08809385  0.93462812]
560.7642495632172,1005,False,1,0,[-3.45980755 -0.2993575   3.99999988],cruising,[ 0.50568378 -0.03156594 -0.11489306]
560.8714864253998,1000,False,2,1,[6.59897835 4.61225314 4.00000009],cruising,[-0.82138112 -0.19970136 -0.21083176]
560.8714864253998,1001,False,0,5,[-1.30383284 -3.62760278  4.        ],cruising,[-0.48080528  0.59740651 -0.20557775]
560.8714864253998,1002,False,5,3,[ 4.34814263 -4.12438385  4.        ],cruising,[ 0.5677905  -0.59831228 -0.99408226]
560.8714864253998,1003,False,3,6,[6.89929255 5.68625055 4.        ],exiting,[ 0.63925976  0.24903542 -0.34837281]
560.8714864253998,1004,False,4,2,[ 2.56040664 -3.37518629  3.99254568],cruising,[-0.62185191  0.08809385  0.93462812]
560.8714864253998,1005,False,1,0,[-3.5356964  -0.11431458  3.9999999 ],cruising,[ 0.50568378 -0.03156594 -0.11489306]
560.9743206501007,1000,False,2,1,[6.78965763 4.55190902 4.00000008],cruising,[-0.82138112 -0.19970136 -0.21083176]
560.9743206501007,1001,False,0,5,[-1.49701593 -3.67698342  4.        ],cruising,[-0.48080528  0.59740651 -0.20557775]
560.9743206501007,1002,False,5,3,[ 4.16682649 -4.03997735  4.        ],cruising,[ 0.5677905  -0.59831228 -0.99408226]
560.9743206501007,1003,False,3,6,[6.93571398 5.77938207 4.        ],exiting,[ 0.63925976  0.24903542 -0.34837281]
560.9743206501007,1004,False,4,2,[ 2.37235294 -3.30709954  3.99366383],cruising,[-0.62185191  0.08809385  0.93462812]
560.9743206501007,1005,False,1,0,[-3.62219087  0.06601487  3.99999991],cruising,[ 0.50568378 -0.03156594 -0.11489306]
561.0726709365845,1000,False,2,1,[6.97683013 4.48143595 4.00000007],cruising,[-0.82138112 -0.19970136 -0.21083176]
561.0726709365845,1001,False,0,5,[-1.69252787 -3.70650012  4.        ],cruising,[-0.48080528  0.59740651 -0.20557775]
561.0726709365845,1002,False,5,3,[ 3.98460234 -3.95754944  4.        ],cruising,[ 0.5677905  -0.59831228 -0.99408226]
561.0726709365845,1003,False,3,6,[6.9721354  5.87251359 4.        ],exiting,[ 0.63925976  0.24903542 -0.34837281]
561.0726709365845,1004,False,4,2,[ 2.1833941  -3.24156666  3.99461425],cruising,[-0.62185191  0.08809385  0.93462812]
561.0726709365845,1005,False,1,0,[-3.71630943  0.24248496  3.99999993],cruising,[ 0.50568378 -0.03156594 -0.11489306]
561.1676018238068,1000,False,2,1,[7.15926889 4.39948414 4.00000006],cruising,[-0.82138112 -0.19970136 -0.21083176]
561.1676018238068,1001,False,0,5,[-1.88710463 -3.71603869  4.        ],cruising,[-0.48080528  0.59740651 -0.20557775]
561.1676018238068,1002,False,5,3,[ 3.8012909  -3.87756873  4.        ],cruising,[ 0.5677905  -0.59831228 -0.99408226]
561.1676018238068,1003,False,3,6,[7.00855682 5.96564511 4.        ],exiting,[ 0.63925976  0.24903542 -0.34837281]
561.1676018238068,1004,False,4,2,[ 1.99335447 -3.17923739  3.99542212],cruising,[-0.62185191  0.08809385  0.93462812]
561.1676018238068,1005,False,1,0,[-3.81645771  0.41560435  3.99999994],cruising,[ 0.50568378 -0.03156594 -0.11489306]
561.2725565433502,1000,False,2,1,[7.33537816 4.30469213 4.00000005],cruising,[-0.82138112 -0.19970136 -0.21083176]
561.2725565433502,1001,False,0,5,[-2.07772177 -3.70597315  4.        ],cruising,[-0.48080528  0.59740651 -0.20557775]
561.2725565433502,1002,False,5,3,[ 3.61739711 -3.7989362   4.        ],cruising,[ 0.5677905  -0.59831228 -0.99408226]
561.2725565433502,1003,False,3,6,[7.04497825 6.05877663 4.        ],exiting,[ 0.63925976  0.24903542 -0.34837281]
561.2725565433502,1004,False,4,2,[ 1.80204381 -3.12092588  3.9961088 ],cruising,[-0.62185191  0.08809385  0.93462812]
561.2725565433502,1005,False,1,0,[-3.92132698  0.58590537  3.99999995],cruising,[ 0.50568378 -0.03156594 -0.11489306]
561.3703258037567,1000,False,2,1,[7.50313883 4.19580523 4.00000004],cruising,[-0.82138112 -0.19970136 -0.21083176]
561.3703258037567,1001,False,0,5,[-2.2617753 -3.6770153  4.       ],cruising,[-0.48080528  0.59740651 -0.20557775]
561.3703258037567,1002,False,5,3,[ 3.43279614 -3.72197855  4.        ],cruising,[ 0.5677905  -0.59831228 -0.99408226]
561.3703258037567,1003,False,3,6,[7.08139967 6.15190815 4.        ],exiting,[ 0.63925976  0.24903542 -0.34837281]
561.3703258037567,1004,False,4,2,[ 1.60998467 -3.06512905  3.99669248],cruising,[-0.62185191  0.08809385  0.93462812]
561.3703258037567,1005,False,1,0,[-4.03089704  0.75322065  3.99999995],cruising,[ 0.50568378 -0.03156594 -0.11489306]
561.4689815044403,1000,False,2,1,[7.65887342 4.07093793 4.00000004],cruising,[-0.82138112 -0.19970136 -0.21083176]
561.4689815044403,1001,False,0,5,[-2.43691941 -3.63015153  4.        ],cruising,[-0.48080528  0.59740651 -0.20557775]
561.4689815044403,1002,False,5,3,[ 3.24770417 -3.64620941  4.        ],cruising,[ 0.5677905  -0.59831228 -0.99408226]
561.4689815044403,1003,False,3,6,[7.11782109 6.24503967 4.        ],exiting,[ 0.63925976  0.24903542 -0.34837281]
561.4689815044403,1004,False,4,2,[ 1.41620882 -3.01562227  3.99718861],cruising,[-0.62185191  0.08809385  0.93462812]
561.4689815044403,1005,False,1,0,[-4.1427882   0.91899268  3.99999996],cruising,[ 0.50568378 -0.03156594 -0.11489306]
561.5778415203094,1000,False,2,1,[7.80119148 3.93123834 4.00000003],cruising,[-0.82138112 -0.19970136 -0.21083176]
561.5778415203094,1001,False,0,5,[-2.60104557 -3.5665963   4.        ],cruising,[-0.48080528  0.59740651 -0.20557775]
561.5778415203094,1002,False,5,3,[ 3.06208311 -3.57174585  4.        ],cruising,[ 0.5677905  -0.59831228 -0.99408226]
561.5778415203094,1003,False,3,6,[7.15424252 6.33817119 4.        ],exiting,[ 0.63925976  0.24903542 -0.34837281]
561.5778415203094,1004,False,4,2,[ 1.21968676 -2.97848632  3.99761032],cruising,[-0.62185191  0.08809385  0.93462812]
561.5778415203094,1005,False,1,0,[-4.25641227  1.08358178  3.99999997],cruising,[ 0.50568378 -0.03156594 -0.11489306]
561.6659913063049,1000,False,2,1,[7.92863062 3.77817396 4.00000002],cruising,[-0.82138112 -0.19970136 -0.21083176]
561.6659913063049,1001,False,0,5,[-2.75238514 -3.48766242  4.        ],cruising,[-0.48080528  0.59740651 -0.20557775]
561.6659913063049,1002,False,5,3,[ 2.87591039 -3.49867246  4.        ],cruising,[ 0.5677905  -0.59831228 -0.99408226]
561.6659913063049,1003,False,3,6,[7.19066394 6.4313027  4.        ],exiting,[ 0.63925976  0.24903542 -0.34837281]
561.6659913063049,1004,False,4,2,[ 1.02140319 -2.95234004  3.99796877],cruising,[-0.62185191  0.08809385  0.93462812]
561.6659913063049,1005,False,1,0,[-4.37085937  1.24759965  3.99999997],cruising,[ 0.50568378 -0.03156594 -0.11489306]
561.776769399643,1000,False,2,1,[8.03984136 3.6134203  4.00000002],cruising,[-0.82138112 -0.19970136 -0.21083176]
561.776769399643,1001,False,0,5,[-2.88939373 -3.39477779  4.        ],cruising,[-0.48080528  0.59740651 -0.20557775]
561.776769399643,1002,False,5,3,[ 2.68907651 -3.42730649  4.        ],cruising,[ 0.5677905  -0.59831228 -0.99408226]
561.776769399643,1003,False,3,6,[7.22708537 6.52443422 4.        ],exiting,[ 0.63925976  0.24903542 -0.34837281]
561.776769399643,1004,False,4,2,[ 0.8217394  -2.94074832  3.99827345],cruising,[-0.62185191  0.08809385  0.93462812]
561.776769399643,1005,False,1,0,[-4.48636721  1.41087224  3.99999998],cruising,[ 0.50568378 -0.03156594 -0.11489306]
561.8733305931091,1000,False,2,1,[8.13346592 3.43914161 4.00000002],cruising,[-0.82138112 -0.19970136 -0.21083176]
561.8733305931091,1001,False,0,5,[-3.01070067 -3.28950535  4.        ],cruising,[-0.48080528  0.59740651 -0.20557775]
561.8733305931091,1002,False,5,3,[ 2.50173951 -3.35727187  4.        ],cruising,[ 0.5677905  -0.59831228 -0.99408226]
561.8733305931091,1003,False,3,6,[7.26350679 6.61756574 4.        ],exiting,[ 0.63925976  0.24903542 -0.34837281]
561.8733305931091,1004,False,4,2,[ 0.6217905  -2.9452693   3.99853244],cruising,[-0.62185191  0.08809385  0.93462812]
561.8733305931091,1005,False,1,0,[-4.60249637  1.5737035   3.99999998],cruising,[ 0.50568378 -0.03156594 -0.11489306]
561.9778428077698,1000,False,2,1,[8.20908039 3.256166   4.00000001],exiting,[-0.82138112 -0.19970136 -0.21083176]
561.9778428077698,1001,False,0,5,[-3.11514863 -3.17347302  4.        ],cruising,[-0.48080528  0.59740651 -0.20557775]
561.9778428077698,1002,False,5,3,[ 2.3135286  -3.28962091  4.        ],cruising,[ 0.5677905  -0.59831228 -0.99408226]
561.9778428077698,1003,False,3,6,[7.29992821 6.71069726 4.        ],exiting,[ 0.63925976  0.24903542 -0.34837281]
561.9778428077698,1004,False,4,2,[ 0.42275722 -2.96490994  3.99875257],cruising,[-0.62185191  0.08809385  0.93462812]
561.9778428077698,1005,False,1,0,[-4.71886707  1.73636222  3.99999998],cruising,[ 0.50568378 -0.03156594 -0.11489306]
562.0662589073181,1000,False,2,1,[8.2661581  3.0806996  4.00000001],exiting,[-0.82138112 -0.19970136 -0.21083176]
562.0662589073181,1001,False,0,5,[-3.20173763 -3.04843751  4.        ],cruising,[-0.48080528  0.59740651 -0.20557775]
562.0662589073181,1002,False,5,3,[ 2.12429283 -3.22489206  4.        ],cruising,[ 0.5677905  -0.59831228 -0.99408226]
562.0662589073181,1003,False,3,6,[7.33634964 6.80382878 4.        ],exiting,[ 0.63925976  0.24903542 -0.34837281]
562.0662589073181,1004,False,4,2,[ 0.22568033 -2.99897897  3.99893968],cruising,[-0.62185191  0.08809385  0.93462812]
562.0662589073181,1005,False,1,0,[-4.83514272  1.8990889   3.99999999],cruising,[ 0.50568378 -0.03156594 -0.11489306]
562.1701056957245,1000,False,2,1,[8.30716106 2.9171329  4.00000001],exiting,[-0.82138112 -0.19970136 -0.21083176]
562.1701056957245,1001,False,0,5,[-3.27015218 -2.91505399  4.        ],cruising,[-0.48080528  0.59740651 -0.20557775]
562.1701056957245,1002,False,5,3,[ 1.93441452 -3.16207305  4.        ],cruising,[ 0.5677905  -0.59831228 -0.99408226]
562.1701056957245,1003,False,3,6,[7.37277106 6.8969603  4.        ],exiting,[ 0.63925976  0.24903542 -0.34837281]
562.1701056957245,1004,False,4,2,[ 0.03141639 -3.04653444  3.99909873],cruising,[-0.62185191  0.08809385  0.93462812]
562.1701056957245,1005,False,1,0,[-4.95101579  2.06210249  3.99999999],cruising,[ 0.50568378 -0.03156594 -0.11489306]
562.2652745246887,1000,False,2,1,[8.33326214 2.76690539 4.00000001],exiting,[-0.82138112 -0.19970136 -0.21083176]
562.2652745246887,1001,False,0,5,[-3.32017256 -2.77381841  4.        ],cruising,[-0.48080528  0.59740651 -0.20557775]
562.2652745246887,1002,False,5,3,[ 1.74314937 -3.10361245  4.        ],cruising,[ 0.5677905  -0.59831228 -0.99408226]
562.2652745246887,1003,False,3,6,[7.40919249 6.99009182 4.        ],exiting,[ 0.63925976  0.24903542 -0.34837281]
562.2652745246887,1004,False,4,2,[-0.15823971 -3.11002114  3.99923392],cruising,[-0.62185191  0.08809385  0.93462812]
562.2652745246887,1005,False,1,0,[-5.06658355  2.22533268  3.99999999],cruising,[ 0.50568378 -0.03156594 -0.11489306]
562.3642122745514,1000,False,2,1,[8.34512706 2.63072535 4.        ],exiting,[-0.82138112 -0.19970136 -0.21083176]
562.3642122745514,1001,False,0,5,[-3.35165646 -2.62507292  4.        ],cruising,[-0.48080528  0.59740651 -0.20557775]
562.3642122745514,1002,False,5,3,[ 1.55031042 -3.05057341  4.        ],cruising,[ 0.5677905  -0.59831228 -0.99408226]
562.3642122745514,1003,False,3,6,[7.44561391 7.08322334 4.        ],exiting,[ 0.63925976  0.24903542 -0.34837281]
562.3642122745514,1004,False,4,2,[-0.3444378  -3.18302985  3.99934883],cruising,[-0.62185191  0.08809385  0.93462812]
562.3642122745514,1005,False,1,0,[-5.18122321  2.38921602  3.99999999],cruising,[ 0.50568378 -0.03156594 -0.11489306]
562.4670765399933,1000,False,2,1,[8.34323587 2.50906323 4.        ],exiting,[-0.82138112 -0.19970136 -0.21083176]
562.4670765399933,1001,False,0,5,[-3.36455686 -2.46893462  4.        ],cruising,[-0.48080528  0.59740651 -0.20557775]
562.4670765399933,1002,False,5,3,[ 1.35571305 -3.00440131  4.        ],cruising,[ 0.5677905  -0.59831228 -0.99408226]
562.4670765399933,1003,False,3,6,[7.48203533 7.17635486 4.        ],exiting,[ 0.63925976  0.24903542 -0.34837281]
562.4670765399933,1004,False,4,2,[-0.52629825 -3.26625711  3.99944651],cruising,[-0.62185191  0.08809385  0.93462812]
562.4670765399933,1005,False,1,0,[-5.29463459  2.55395174  3.99999999],cruising,[ 0.50568378 -0.03156594 -0.11489306]
562.565366268158,1000,False,2,1,[8.32802171 2.40231748 4.        ],exiting,[-0.82138112 -0.19970136 -0.21083176]
562.565366268158,1001,False,0,5,[-3.35905737 -2.3049577   4.        ],cruising,[-0.48080528  0.59740651 -0.20557775]
562.565366268158,1002,False,5,3,[ 1.1592218  -2.96710264  4.        ],cruising,[ 0.5677905  -0.59831228 -0.99408226]
562.565366268158,1003,False,3,6,[7.51845676 7.26948638 4.        ],exiting,[ 0.63925976  0.24903542 -0.34837281]
562.565366268158,1004,False,4,2,[-0.7051694  -3.3557284   3.99952953],cruising,[-0.62185191  0.08809385  0.93462812]
562.565366268158,1005,False,1,0,[-5.40650584  2.71973721  3.99999999],cruising,[ 0.50568378 -0.03156594 -0.11489306]
562.6726891994476,1000,False,2,1,[8.29998707 2.31092214 4.        ],exiting,[-0.82138112 -0.19970136 -0.21083176]
562.6726891994476,1001,False,0,5,[-3.3357543  -2.13186857  4.        ],cruising,[-0.48080528  0.59740651 -0.20557775]
562.6726891994476,1002,False,5,3,[ 0.96013064 -2.94805773  4.        ],cruising,[ 0.5677905  -0.59831228 -0.99408226]
562.6726891994476,1003,False,3,6,[7.55487818 7.3626179  4.        ],exiting,[ 0.63925976  0.24903542 -0.34837281]
562.6726891994476,1004,False,4,2,[-0.88301996 -3.44721161  3.9996001 ],cruising,[-0.62185191  0.08809385  0.93462812]
562.6726891994476,1005,False,1,0,[-5.51650034  2.88677377  3.99999999],cruising,[ 0.50568378 -0.03156594 -0.11489306]
562.7699272632599,1000,False,2,1,[8.25938779 2.23508733 4.        ],exiting,[-0.82138112 -0.19970136 -0.21083176]
562.7699272632599,1001,False,0,5,[-3.29685247 -1.9462623   4.        ],cruising,[-0.48080528  0.59740651 -0.20557775]
562.7699272632599,1002,False,5,3,[ 0.76022513 -2.94191067  4.        ],cruising,[ 0.5677905  -0.59831228 -0.99408226]
562.7699272632599,1003,False,3,6,[7.59129961 7.45574942 4.        ],exiting,[ 0.63925976  0.24903542 -0.34837281]
562.7699272632599,1004,False,4,2,[-1.06295962 -3.53451406  3.99966009],cruising,[-0.62185191  0.08809385  0.93462812]
562.7699272632599,1005,False,1,0,[-5.62540697  3.05452163  4.        ],cruising,[ 0.50568378 -0.03156594 -0.11489306]
562.867032289505,1000,False,2,1,[8.20648816 2.17502278 4.        ],exiting,[-0.82138112 -0.19970136 -0.21083176]
562.867032289505,1001,False,0,5,[-3.26204091 -1.74931521  4.        ],cruising,[-0.48080528  0.59740651 -0.20557775]
562.867032289505,1002,False,5,3,[ 0.560442   -2.95122203  4.        ],cruising,[ 0.5677905  -0.59831228 -0.99408226]
562.867032289505,1003,False,3,6,[7.62772103 7.54888094 4.        ],exiting,[ 0.63925976  0.24903542 -0.34837281]
562.867032289505,1004,False,4,2,[-1.2476634  -3.61122466  3.99971107],cruising,[-0.62185191  0.08809385  0.93462812]
562.867032289505,1005,False,1,0,[-5.73159507  3.22400345  4.        ],cruising,[ 0.50568378 -0.03156594 -0.11489306]
562.964136838913,1000,False,2,1,[8.14156133 2.13093781 3.99999999],exiting,[-0.82138112 -0.19970136 -0.21083176]
562.964136838913,1001,False,0,5,[-3.24385121 -1.5501441   4.        ],cruising,[-0.48080528  0.59740651 -0.20557775]
562.964136838913,1002,False,5,3,[ 0.36191345 -2.97543806  4.        ],cruising,[ 0.5677905  -0.59831228 -0.99408226]
562.964136838913,1003,False,3,6,[7.66414245 7.64201246 4.        ],exiting,[ 0.63925976  0.24903542 -0.34837281]
562.964136838913,1004,False,4,2,[-1.43879348 -3.66899582  3.99975631],cruising,[-0.62185191  0.08809385  0.93462812]
562.964136838913,1005,False,1,0,[-5.83459557  3.39544118  4.        ],cruising,[ 0.50568378 -0.03156594 -0.11489306]
563.064258813858,1000,False,2,1,[8.0648901  2.10304137 3.99999999],exiting,[-0.82138112 -0.19970136 -0.21083176]
563.064258813858,1001,False,0,5,[-3.24201    -1.35015257  4.        ],cruising,[-0.48080528  0.59740651 -0.20557775]
563.064258813858,1002,False,5,3,[ 0.16562668 -3.01379821  4.        ],cruising,[ 0.5677905  -0.59831228 -0.99408226]
563.064258813858,1003,False,3,6,[7.70056388 7.73514397 4.        ],exiting,[ 0.63925976  0.24903542 -0.34837281]
563.064258813858,1004,False,4,2,[-1.63309441 -3.70701993  3.99979847],cruising,[-0.62185191  0.08809385  0.93462812]
563.064258813858,1005,False,1,0,[-5.93383899  3.56908088  4.        ],cruising,[ 0.50568378 -0.03156594 -0.11489306]
563.1766531467438,1000,False,2,1,[7.97676774 2.09154225 4.        ],exiting,[-0.82138112 -0.19970136 -0.21083176]
563.1766531467438,1001,False,0,5,[-3.25475081 -1.1505588   4.        ],cruising,[-0.48080528  0.59740651 -0.20557775]
563.1766531467438,1002,False,5,3,[-0.02763505 -3.06527543  4.        ],exiting,[ 0.5677905  -0.59831228 -0.99408226]
563.1766531467438,1003,False,3,6,[7.7369853  7.82827549 4.        ],exiting,[ 0.63925976  0.24903542 -0.34837281]
563.1766531467438,1004,False,4,2,[-1.82737281 -3.72504405  3.99983811],cruising,[-0.62185191  0.08809385  0.93462812]
563.1766531467438,1005,False,1,0,[-6.02862333  3.74519428  4.        ],cruising,[ 0.50568378 -0.03156594 -0.11489306]
563.2685170173645,1000,False,2,1,[7.87749912 2.09664917 4.        ],exiting,[-0.82138112 -0.19970136 -0.21083176]
563.2685170173645,1001,False,0,5,[-3.28170974 -0.95238409  4.        ],cruising,[-0.48080528  0.59740651 -0.20557775]
563.2685170173645,1002,False,5,3,[-0.20152504 -3.12172615  4.        ],exiting,[ 0.5677905  -0.59831228 -0.99408226]
563.2685170173645,1003,False,3,6,[7.77340672 7.92140701 4.        ],exiting,[ 0.63925976  0.24903542 -0.34837281]
563.2685170173645,1004,False,4,2,[-2.01861433 -3.72330009  3.99987541],cruising,[-0.62185191  0.08809385  0.93462812]
563.2685170173645,1005,False,1,0,[-6.11807139  3.92407705  4.        ],cruising,[ 0.50568378 -0.03156594 -0.11489306]
563.3721289634705,1000,False,2,1,[7.77767724 2.10261516 4.        ],exiting,[-0.82138112 -0.19970136 -0.21083176]
563.3721289634705,1001,False,0,5,[-3.32172498 -0.75642803  4.        ],cruising,[-0.48080528  0.59740651 -0.20557775]
563.3721289634705,1002,False,5,3,[-0.3560266 -3.1830849  4.       ],exiting,[ 0.5677905  -0.59831228 -0.99408226]
563.3721289634705,1003,False,3,6,[7.80982815 8.01453853 4.        ],exiting,[ 0.63925976  0.24903542 -0.34837281]
563.3721289634705,1004,False,4,2,[-2.20417897 -3.70237871  3.99991036],cruising,[-0.62185191  0.08809385  0.93462812]
563.3721289634705,1005,False,1,0,[-6.2010736   4.10604032  4.        ],cruising,[ 0.50568378 -0.03156594 -0.11489306]
563.4643063545227,1000,False,2,1,[7.67785537 2.10858116 4.        ],exiting,[-0.82138112 -0.19970136 -0.21083176]
563.4643063545227,1001,False,0,5,[-3.3737305  -0.56330779  4.        ],cruising,[-0.48080528  0.59740651 -0.20557775]
563.4643063545227,1002,False,5,3,[-0.49111977 -3.24927218  4.        ],exiting,[ 0.5677905  -0.59831228 -0.99408226]
563.4643063545227,1003,False,3,6,[7.84624957 8.10767005 4.        ],exiting,[ 0.63925976  0.24903542 -0.34837281]
563.4643063545227,1004,False,4,2,[-2.38166601 -3.6631611   3.99994291],cruising,[-0.62185191  0.08809385  0.93462812]
563.4643063545227,1005,False,1,0,[-6.27197111  4.29305247  4.        ],cruising,[ 0.50568378 -0.03156594 -0.11489306]
563.5644795894623,1000,False,2,1,[7.57803349 2.11454716 4.        ],exiting,[-0.82138112 -0.19970136 -0.21083176]
563.5644795894623,1001,False,0,5,[-3.43504657 -0.37293883  4.        ],cruising,[-0.48080528  0.59740651 -0.20557775]
563.5644795894623,1002,False,5,3,[-0.60678039 -3.32018977  4.        ],exiting,[ 0.5677905  -0.59831228 -0.99408226]
563.5644795894623,1003,False,3,6,[7.882671   8.20080157 4.        ],exiting,[ 0.63925976  0.24903542 -0.34837281]
563.5644795894623,1004,False,4,2,[-2.54889328 -3.60677557  3.99997298],cruising,[-0.62185191  0.08809385  0.93462812]
563.5644795894623,1005,False,1,0,[-6.33301636  4.48350844  4.        ],cruising,[ 0.50568378 -0.03156594 -0.11489306]
563.6659753322601,1000,False,2,1,[7.47821162 2.12051315 4.        ],exiting,[-0.82138112 -0.19970136 -0.21083176]
563.6659753322601,1001,False,0,5,[-3.50693884 -0.18630684  4.        ],cruising,[-0.48080528  0.59740651 -0.20557775]
563.6659753322601,1002,False,5,3,[-0.70297782 -3.39570998  4.        ],exiting,[ 0.5677905  -0.59831228 -0.99408226]
563.6659753322601,1003,False,3,6,[7.91909242 8.29393309 4.        ],exiting,[ 0.63925976  0.24903542 -0.34837281]
563.6659753322601,1004,False,4,2,[-2.70401939 -3.53446642  4.00000045],cruising,[-0.62185191  0.08809385  0.93462812]
563.6659753322601,1005,False,1,0,[-6.37473402  4.67910676  4.        ],cruising,[ 0.50568378 -0.03156594 -0.11489306]
563.7640795707703,1000,False,2,1,[7.37838974 2.12647915 4.        ],exiting,[-0.82138112 -0.19970136 -0.21083176]
563.7640795707703,1001,False,0,5,[-3.58894763e+00 -3.89368390e-03  4.00000000e+00],cruising,[-0.48080528  0.59740651 -0.20557775]
563.7640795707703,1002,False,5,3,[-0.77966809 -3.47564277  4.        ],exiting,[ 0.5677905  -0.59831228 -0.99408226]
563.7640795707703,1003,False,3,6,[7.95551384 8.38706461 4.        ],exiting,[ 0.63925976  0.24903542 -0.34837281]
563.7640795707703,1004,False,4,2,[-2.84542825 -3.44760265  4.00002518],cruising,[-0.62185191  0.08809385  0.93462812]
563.7640795707703,1005,False,1,0,[-6.40001517  4.87750248  4.        ],cruising,[ 0.50568378 -0.03156594 -0.11489306]
563.8640115261078,1000,False,2,1,[7.27856787 2.13244515 4.        ],exiting,[-0.82138112 -0.19970136 -0.21083176]
563.8640115261078,1001,False,0,5,[-3.6795019   0.17443165  4.        ],cruising,[-0.48080528  0.59740651 -0.20557775]
563.8640115261078,1002,False,5,3,[-0.83682181 -3.55985611  4.        ],exiting,[ 0.5677905  -0.59831228 -0.99408226]
563.8640115261078,1003,False,3,6,[7.99193527 8.48019613 4.        ],exiting,[ 0.63925976  0.24903542 -0.34837281]
563.8640115261078,1004,False,4,2,[-2.97166745 -3.34770502  4.00004702],cruising,[-0.62185191  0.08809385  0.93462812]
563.8640115261078,1005,False,1,0,[-6.40531676  5.07680203  4.        ],cruising,[ 0.50568378 -0.03156594 -0.11489306]
563.9646499156952,1000,False,2,1,[7.17874599 2.13841114 4.        ],exiting,[-0.82138112 -0.19970136 -0.21083176]
563.9646499156952,1001,False,0,5,[-3.77694454  0.34908826  4.        ],cruising,[-0.48080528  0.59740651 -0.20557775]
563.9646499156952,1002,False,5,3,[-0.87440925 -3.64821203  4.        ],exiting,[ 0.5677905  -0.59831228 -0.99408226]
563.9646499156952,1003,False,3,6,[8.02835669 8.57332765 4.        ],exiting,[ 0.63925976  0.24903542 -0.34837281]
563.9646499156952,1004,False,4,2,[-3.08150825 -3.23635783  4.00006582],cruising,[-0.62185191  0.08809385  0.93462812]
563.9646499156952,1005,False,1,0,[-6.3907491   5.27381839  4.        ],cruising,[ 0.50568378 -0.03156594 -0.11489306]
564.0642929077148,1000,False,2,1,[7.07892411 2.14437714 4.        ],exiting,[-0.82138112 -0.19970136 -0.21083176]
564.0642929077148,1001,False,0,5,[-3.88130419  0.51970204  4.        ],cruising,[-0.48080528  0.59740651 -0.20557775]
564.0642929077148,1002,False,5,3,[-0.89240073 -3.74056771  4.        ],exiting,[ 0.5677905  -0.59831228 -0.99408226]
564.0642929077148,1003,False,3,6,[8.06477812 8.66645917 4.        ],exiting,[ 0.63925976  0.24903542 -0.34837281]
564.0642929077148,1004,False,4,2,[-3.17386848 -3.11529313  4.00008135],cruising,[-0.62185191  0.08809385  0.93462812]
564.0642929077148,1005,False,1,0,[-6.35665972  5.46648705  4.        ],cruising,[ 0.50568378 -0.03156594 -0.11489306]
564.1786437034607,1000,False,2,1,[6.97910224 2.15034314 4.        ],exiting,[-0.82138112 -0.19970136 -0.21083176]
564.1786437034607,1001,False,0,5,[-3.98922629  0.688085    4.        ],cruising,[-0.48080528  0.59740651 -0.20557775]
564.1786437034607,1002,False,5,3,[-0.89076689 -3.83677654  4.        ],exiting,[ 0.5677905  -0.59831228 -0.99408226]
564.1786437034607,1003,False,3,6,[8.10119954 8.75959069 4.        ],exiting,[ 0.63925976  0.24903542 -0.34837281]
564.1786437034607,1004,False,4,2,[-3.2481954  -2.98557977  4.00009352],cruising,[-0.62185191  0.08809385  0.93462812]
564.1786437034607,1005,False,1,0,[-6.30372287  5.65246447  4.        ],cruising,[ 0.50568378 -0.03156594 -0.11489306]
564.2701048851013,1000,False,2,1,[6.87928036 2.15630913 4.        ],exiting,[-0.82138112 -0.19970136 -0.21083176]
564.2701048851013,1001,False,0,5,[-4.09990131  0.85467144  4.        ],cruising,[-0.48080528  0.59740651 -0.20557775]
564.2701048851013,1002,False,5,3,[-0.87535542 -3.93558184  4.        ],exiting,[ 0.5677905  -0.59831228 -0.99408226]
564.2701048851013,1003,False,3,6,[8.13762096 8.85272221 4.        ],exiting,[ 0.63925976  0.24903542 -0.34837281]
564.2701048851013,1004,False,4,2,[-3.30423106 -2.84777754  4.00010217],cruising,[-0.62185191  0.08809385  0.93462812]
564.2701048851013,1005,False,1,0,[-6.23287895  5.82953477  4.        ],cruising,[ 0.50568378 -0.03156594 -0.11489306]
564.3659069538116,1000,False,2,1,[6.77945849 2.16227513 4.        ],exiting,[-0.82138112 -0.19970136 -0.21083176]
564.3659069538116,1001,False,0,5,[-4.21265559  1.01985761  4.        ],cruising,[-0.48080528  0.59740651 -0.20557775]
564.3659069538116,1002,False,5,3,[-0.85994396 -4.03438713  4.        ],exiting,[ 0.5677905  -0.59831228 -0.99408226]
564.3659069538116,1003,False,3,6,[8.17404239 8.94585373 4.        ],exiting,[ 0.63925976  0.24903542 -0.34837281]
564.3659069538116,1004,False,4,2,[-3.341813   -2.70226425  4.00010719],cruising,[-0.62185191  0.08809385  0.93462812]
564.3659069538116,1005,False,1,0,[-6.14520716  5.9957966   4.        ],cruising,[ 0.50568378 -0.03156594 -0.11489306]
564.4646496772766,1000,False,2,1,[6.67963661 2.16824113 4.        ],exiting,[-0.82138112 -0.19970136 -0.21083176]
564.4646496772766,1001,False,0,5,[-4.32692512  1.18399924  4.        ],cruising,[-0.48080528  0.59740651 -0.20557775]
564.4646496772766,1002,False,5,3,[-0.8445325  -4.13319243  4.        ],exiting,[ 0.5677905  -0.59831228 -0.99408226]
564.4646496772766,1003,False,3,6,[8.21046381 9.03898524 4.        ],exiting,[ 0.63925976  0.24903542 -0.34837281]
564.4646496772766,1004,False,4,2,[-3.36082101 -2.54933416  4.00010853],cruising,[-0.62185191  0.08809385  0.93462812]
564.4646496772766,1005,False,1,0,[-6.04202493  6.14943202  4.        ],cruising,[ 0.50568378 -0.03156594 -0.11489306]
564.5648949146271,1000,False,2,1,[6.57981473 2.17420712 4.        ],exiting,[-0.82138112 -0.19970136 -0.21083176]
564.5648949146271,1001,False,0,5,[-4.44223292  1.34741317  4.        ],cruising,[-0.48080528  0.59740651 -0.20557775]
564.5648949146271,1002,False,5,3,[-0.82912104 -4.23199773  4.        ],exiting,[ 0.5677905  -0.59831228 -0.99408226]
564.5648949146271,1003,False,3,6,[8.24688524 9.13211676 4.        ],landing,[ 0.63925976  0.24903542 -0.34837281]
564.5648949146271,1004,False,4,2,[-3.36136084 -2.38872773  4.00010606],cruising,[-0.62185191  0.08809385  0.93462812]
564.5648949146271,1005,False,1,0,[-5.92423524  6.28940647  4.        ],cruising,[ 0.50568378 -0.03156594 -0.11489306]
564.667594909668,1000,False,2,1,[6.47999286 2.18017312 4.        ],exiting,[-0.82138112 -0.19970136 -0.21083176]
564.667594909668,1001,False,0,5,[-4.55799539  1.51050532  4.        ],cruising,[-0.48080528  0.59740651 -0.20557775]
564.667594909668,1002,False,5,3,[-0.81370957 -4.33080303  4.        ],exiting,[ 0.5677905  -0.59831228 -0.99408226]
564.667594909668,1003,False,3,6,[8.28129994 9.21119589 3.98591088],landing,[ 0.63925976  0.24903542 -0.34837281]
564.667594909668,1004,False,4,2,[-3.34382947 -2.21955204  4.00009971],cruising,[-0.62185191  0.08809385  0.93462812]
564.667594909668,1005,False,1,0,[-5.79271666  6.41483728  4.        ],cruising,[ 0.50568378 -0.03156594 -0.11489306]
564.7716262340546,1000,False,2,1,[6.38017098 2.18613912 4.        ],exiting,[-0.82138112 -0.19970136 -0.21083176]
564.7716262340546,1001,False,0,5,[-4.6742121  1.6732741  4.       ],cruising,[-0.48080528  0.59740651 -0.20557775]
564.7716262340546,1002,False,5,3,[-0.79829811 -4.42960832  4.        ],exiting,[ 0.5677905  -0.59831228 -0.99408226]
564.7716262340546,1003,False,3,6,[8.31361014 9.27607556 3.95789529],landing,[ 0.63925976  0.24903542 -0.34837281]
564.7716262340546,1004,False,4,2,[-3.30947328 -2.03956316  4.00008938],cruising,[-0.62185191  0.08809385  0.93462812]
564.7716262340546,1005,False,1,0,[-5.64829012  6.52499116  4.        ],cruising,[ 0.50568378 -0.03156594 -0.11489306]
564.8676223754883,1000,False,2,1,[6.28034911 2.19210511 4.        ],exiting,[-0.82138112 -0.19970136 -0.21083176]
564.8676223754883,1001,False,0,5,[-4.79051361  1.8359823   4.        ],cruising,[-0.48080528  0.59740651 -0.20557775]
564.8676223754883,1002,False,5,3,[-0.78288665 -4.52841362  4.        ],exiting,[ 0.5677905  -0.59831228 -0.99408226]
564.8676223754883,1003,False,3,6,[8.3436997  9.32658322 3.91614966],landing,[ 0.63925976  0.24903542 -0.34837281]
564.8676223754883,1004,False,4,2,[-3.26818094 -1.84387222  4.00007597],cruising,[-0.62185191  0.08809385  0.93462812]
564.8676223754883,1005,False,1,0,[-5.49168574  6.61927997  4.        ],cruising,[ 0.50568378 -0.03156594 -0.11489306]
564.9688246250153,1000,False,2,1,[6.18052723 2.19807111 4.        ],exiting,[-0.82138112 -0.19970136 -0.21083176]
564.9688246250153,1001,False,0,5,[-4.90656935  1.99886589  4.        ],cruising,[-0.48080528  0.59740651 -0.20557775]
564.9688246250153,1002,False,5,3,[-0.76747519 -4.62721892  4.        ],exiting,[ 0.5677905  -0.59831228 -0.99408226]
564.9688246250153,1003,False,3,6,[8.37140791 9.36248378 3.86095182],landing,[ 0.63925976  0.24903542 -0.34837281]
564.9688246250153,1004,False,4,2,[-3.24345687 -1.64540631  4.00006457],cruising,[-0.62185191  0.08809385  0.93462812]
564.9688246250153,1005,False,1,0,[-5.32350077  6.69726265  4.        ],cruising,[ 0.50568378 -0.03156594 -0.11489306]
565.0665826797485,1000,False,2,1,[6.08070536 2.20403711 4.        ],exiting,[-0.82138112 -0.19970136 -0.21083176]
565.0665826797485,1001,False,0,5,[-5.02207361  2.16214102  4.        ],cruising,[-0.48080528  0.59740651 -0.20557775]
565.0665826797485,1002,False,5,3,[-0.75206372 -4.72602422  4.        ],exiting,[ 0.5677905  -0.59831228 -0.99408226]
565.0665826797485,1003,False,3,6,[8.39660061 9.38358446 3.792539  ],landing,[ 0.63925976  0.24903542 -0.34837281]
565.0665826797485,1004,False,4,2,[-3.23481641 -1.44559304  4.00005489],cruising,[-0.62185191  0.08809385  0.93462812]
565.0665826797485,1005,False,1,0,[-5.14412369  6.75867015  4.        ],cruising,[ 0.50568378 -0.03156594 -0.11489306]
565.1672961711884,1000,False,2,1,[5.98088348 2.2100031  4.        ],exiting,[-0.82138112 -0.19970136 -0.21083176]
565.1672961711884,1001,False,0,5,[-5.13719873  2.3256837   4.        ],cruising,[-0.48080528  0.59740651 -0.20557775]
565.1672961711884,1002,False,5,3,[-0.73665226 -4.82482951  4.        ],exiting,[ 0.5677905  -0.59831228 -0.99408226]
565.1672961711884,1003,False,3,6,[8.41915131 9.38970634 3.71113945],landing,[ 0.63925976  0.24903542 -0.34837281]
565.1672961711884,1004,False,4,2,[-3.2418517  -1.24571681  4.00004666],cruising,[-0.62185191  0.08809385  0.93462812]
565.1672961711884,1005,False,1,0,[-4.95350989  6.80353268  4.        ],cruising,[ 0.50568378 -0.03156594 -0.11489306]
565.2690269947052,1000,False,2,1,[5.8810616 2.2159691 4.       ],exiting,[-0.82138112 -0.19970136 -0.21083176]
565.2690269947052,1001,False,0,5,[-5.25122545  2.4899941   4.        ],cruising,[-0.48080528  0.59740651 -0.20557775]
565.2690269947052,1002,False,5,3,[-0.7212408  -4.92363481  4.        ],exiting,[ 0.5677905  -0.59831228 -0.99408226]
565.2690269947052,1003,False,3,6,[8.43893114 9.38067003 3.61699032],landing,[ 0.63925976  0.24903542 -0.34837281]
565.2690269947052,1004,False,4,2,[-3.26352413 -1.04689452  4.00003966],cruising,[-0.62185191  0.08809385  0.93462812]
565.2690269947052,1005,False,1,0,[-4.75738469  6.8427106   4.        ],cruising,[ 0.50568378 -0.03156594 -0.11489306]
565.3641488552094,1000,False,2,1,[5.78123973 2.2219351  4.        ],exiting,[-0.82138112 -0.19970136 -0.21083176]
565.3641488552094,1001,False,0,5,[-5.36384612  2.65527139  4.        ],cruising,[-0.48080528  0.59740651 -0.20557775]
565.3641488552094,1002,False,5,3,[-0.70582934 -5.02244011  4.        ],exiting,[ 0.5677905  -0.59831228 -0.99408226]
565.3641488552094,1003,False,3,6,[8.45797578 9.36774875 3.51967464],landing,[ 0.63925976  0.24903542 -0.34837281]
565.3641488552094,1004,False,4,2,[-3.29865345 -0.85000386  4.00003371],cruising,[-0.62185191  0.08809385  0.93462812]
565.3641488552094,1005,False,1,0,[-4.56158029  6.88346149  4.        ],cruising,[ 0.50568378 -0.03156594 -0.11489306]
565.4667103290558,1000,False,2,1,[5.68141785 2.22790109 4.        ],exiting,[-0.82138112 -0.19970136 -0.21083176]
565.4667103290558,1001,False,0,5,[-5.47473499  2.82171555  4.        ],cruising,[-0.48080528  0.59740651 -0.20557775]
565.4667103290558,1002,False,5,3,[-0.69041787 -5.12124541  4.        ],exiting,[ 0.5677905  -0.59831228 -0.99408226]
565.4667103290558,1003,False,3,6,[8.47702042 9.35482748 3.42235895],landing,[ 0.63925976  0.24903542 -0.34837281]
565.4667103290558,1004,False,4,2,[-3.34462996 -0.65536018  4.00002865],cruising,[-0.62185191  0.08809385  0.93462812]
565.4667103290558,1005,False,1,0,[-4.36651419  6.92761141  4.        ],cruising,[ 0.50568378 -0.03156594 -0.11489306]
565.5644659996033,1000,False,2,1,[5.58159598 2.23386709 4.        ],landing,[-0.82138112 -0.19970136 -0.21083176]
565.5644659996033,1001,False,0,5,[-5.58353417  2.98953312  4.        ],cruising,[-0.48080528  0.59740651 -0.20557775]
565.5644659996033,1002,False,5,3,[-0.67500641 -5.2200507   4.        ],exiting,[ 0.5677905  -0.59831228 -0.99408226]
565.5644659996033,1003,False,3,6,[8.49606506 9.34190621 3.32504327],landing,[ 0.63925976  0.24903542 -0.34837281]
565.5644659996033,1004,False,4,2,[-3.40207108 -0.46378639  4.00002435],cruising,[-0.62185191  0.08809385  0.93462812]
565.5644659996033,1005,False,1,0,[-4.17189031  6.97367169  4.        ],cruising,[ 0.50568378 -0.03156594 -0.11489306]
565.6686956882477,1000,False,2,1,[5.4956233  2.2358528  3.98613071],landing,[-0.82138112 -0.19970136 -0.21083176]
565.6686956882477,1001,False,0,5,[-5.68983748  3.15894271  4.        ],cruising,[-0.48080528  0.59740651 -0.20557775]
565.6686956882477,1002,False,5,3,[-0.65959495 -5.318856    4.        ],exiting,[ 0.5677905  -0.59831228 -0.99408226]
565.6686956882477,1003,False,3,6,[8.5151097  9.32898493 3.22772759],landing,[ 0.63925976  0.24903542 -0.34837281]
565.6686956882477,1004,False,4,2,[-3.47019013 -0.27574439  4.0000207 ],cruising,[-0.62185191  0.08809385  0.93462812]
565.6686956882477,1005,False,1,0,[-3.97741342  7.02034864  4.        ],cruising,[ 0.50568378 -0.03156594 -0.11489306]
565.7789566516876,1000,False,2,1,[5.4236713  2.23388559 3.9585576 ],landing,[-0.82138112 -0.19970136 -0.21083176]
565.7789566516876,1001,False,0,5,[-5.7947079   3.32924302  4.        ],cruising,[-0.48080528  0.59740651 -0.20557775]
565.7789566516876,1002,False,5,3,[-0.64418348 -5.4176613   4.        ],exiting,[ 0.5677905  -0.59831228 -0.99408226]
565.7789566516876,1003,False,3,6,[8.53415435 9.31606366 3.1304119 ],landing,[ 0.63925976  0.24903542 -0.34837281]
565.7789566516876,1004,False,4,2,[-3.54632166 -0.09080118  4.0000176 ],cruising,[-0.62185191  0.08809385  0.93462812]
565.7789566516876,1005,False,1,0,[-3.7828199   7.06653698  4.        ],cruising,[ 0.50568378 -0.03156594 -0.11489306]
565.8641407489777,1000,False,2,1,[5.36594038 2.22799857 3.91747908],landing,[-0.82138112 -0.19970136 -0.21083176]
565.8641407489777,1001,False,0,5,[-5.8960005   3.50169535  4.        ],cruising,[-0.48080528  0.59740651 -0.20557775]
565.8641407489777,1002,False,5,3,[-0.62877202 -5.5164666   4.        ],exiting,[ 0.5677905  -0.59831228 -0.99408226]
565.8641407489777,1003,False,3,6,[8.55319899 9.30314239 3.03309622],landing,[ 0.63925976  0.24903542 -0.34837281]
565.8641407489777,1004,False,4,2,[-3.63319698  0.08934509  4.00001496],exiting,[-0.62185191  0.08809385  0.93462812]
565.8641407489777,1005,False,1,0,[-3.58734929  7.10886003  4.        ],cruising,[ 0.50568378 -0.03156594 -0.11489306]
565.9730961322784,1000,False,2,1,[5.32269949 2.21823825 3.86317042],landing,[-0.82138112 -0.19970136 -0.21083176]
565.9730961322784,1001,False,0,5,[-5.99309323  3.67654673  4.        ],cruising,[-0.48080528  0.59740651 -0.20557775]
565.9730961322784,1002,False,5,3,[-0.61336056 -5.61527189  4.        ],exiting,[ 0.5677905  -0.59831228 -0.99408226]
565.9730961322784,1003,False,3,6,[8.57224363 9.29022112 2.93578053],landing,[ 0.63925976  0.24903542 -0.34837281]
565.9730961322784,1004,False,4,2,[-3.72031553  0.24949284  4.00001232],exiting,[-0.62185191  0.08809385  0.93462812]
565.9730961322784,1005,False,1,0,[-3.39148819  7.14933751  4.        ],cruising,[ 0.50568378 -0.03156594 -0.11489306]
566.0640060901642,1000,False,2,1,[5.29418688 2.20464788 3.79588453],landing,[-0.82138112 -0.19970136 -0.21083176]
566.0640060901642,1001,False,0,5,[-6.0852068   3.85407162  4.        ],cruising,[-0.48080528  0.59740651 -0.20557775]
566.0640060901642,1002,False,5,3,[-0.5979491  -5.71407719  4.        ],exiting,[ 0.5677905  -0.59831228 -0.99408226]
566.0640060901642,1003,False,3,6,[8.59128827 9.27729984 2.83846485],landing,[ 0.63925976  0.24903542 -0.34837281]
566.0640060901642,1004,False,4,2,[-3.80751356  0.38964075  4.00000971],exiting,[-0.62185191  0.08809385  0.93462812]
566.0640060901642,1005,False,1,0,[-3.19508742  7.18710973  4.        ],cruising,[ 0.50568378 -0.03156594 -0.11489306]
566.1648097038269,1000,False,2,1,[5.28061356 2.18726746 3.71585292],landing,[-0.82138112 -0.19970136 -0.21083176]
566.1648097038269,1001,False,0,5,[-6.1681824   4.03604704  4.        ],cruising,[-0.48080528  0.59740651 -0.20557775]
566.1648097038269,1002,False,5,3,[-0.58253763 -5.81288249  4.        ],exiting,[ 0.5677905  -0.59831228 -0.99408226]
566.1648097038269,1003,False,3,6,[8.61033291 9.26437857 2.74114916],landing,[ 0.63925976  0.24903542 -0.34837281]
566.1648097038269,1004,False,4,2,[-3.89460882  0.50978892  4.00000718],exiting,[-0.62185191  0.08809385  0.93462812]
566.1648097038269,1005,False,1,0,[-2.99759856  7.21870323  4.        ],cruising,[ 0.50568378 -0.03156594 -0.11489306]
566.2674586772919,1000,False,2,1,[5.28219171 2.16613895 3.62331594],landing,[-0.82138112 -0.19970136 -0.21083176]
566.2674586772919,1001,False,0,5,[-6.24388914  4.22116454  4.        ],cruising,[-0.48080528  0.59740651 -0.20557775]
566.2674586772919,1002,False,5,3,[-0.56712617 -5.91168779  4.        ],exiting,[ 0.5677905  -0.59831228 -0.99408226]
566.2674586772919,1003,False,3,6,[8.62937755 9.2514573  2.64383348],landing,[ 0.63925976  0.24903542 -0.34837281]
566.2674586772919,1004,False,4,2,[-3.98139571  0.60993947  4.00000476],exiting,[-0.62185191  0.08809385  0.93462812]
566.2674586772919,1005,False,1,0,[-2.79951679  7.24633673  4.        ],cruising,[ 0.50568378 -0.03156594 -0.11489306]
566.3666532039642,1000,False,2,1,[5.28955619 2.14361564 3.52616418],landing,[-0.82138112 -0.19970136 -0.21083176]
566.3666532039642,1001,False,0,5,[-6.31050434  4.40974453  4.        ],cruising,[-0.48080528  0.59740651 -0.20557775]
566.3666532039642,1002,False,5,3,[-0.55171471 -6.01049308  4.        ],exiting,[ 0.5677905  -0.59831228 -0.99408226]
566.3666532039642,1003,False,3,6,[8.64842219 9.23853603 2.5465178 ],landing,[ 0.63925976  0.24903542 -0.34837281]
566.3666532039642,1004,False,4,2,[-4.06763564  0.69009749  4.00000251],exiting,[-0.62185191  0.08809385  0.93462812]
566.3666532039642,1005,False,1,0,[-2.60048228  7.26596487  4.        ],cruising,[ 0.50568378 -0.03156594 -0.11489306]
566.4697568416595,1000,False,2,1,[5.29692066 2.12109234 3.42901242],landing,[-0.82138112 -0.19970136 -0.21083176]
566.4697568416595,1001,False,0,5,[-6.35948159  4.6036549   4.        ],exiting,[-0.48080528  0.59740651 -0.20557775]
566.4697568416595,1002,False,5,3,[-0.53630325 -6.10929838  4.        ],exiting,[ 0.5677905  -0.59831228 -0.99408226]
566.4697568416595,1003,False,3,6,[8.66746683 9.22561475 2.44920211],landing,[ 0.63925976  0.24903542 -0.34837281]
566.4697568416595,1004,False,4,2,[-4.15303498  0.7502732   4.00000048],exiting,[-0.62185191  0.08809385  0.93462812]
566.4697568416595,1005,False,1,0,[-2.40097214  7.27995441  4.        ],cruising,[ 0.50568378 -0.03156594 -0.11489306]
566.565265417099,1000,False,2,1,[5.30428513 2.09856903 3.33186065],landing,[-0.82138112 -0.19970136 -0.21083176]
566.565265417099,1001,False,0,5,[-6.41044011  4.77766364  4.        ],exiting,[-0.48080528  0.59740651 -0.20557775]
566.565265417099,1002,False,5,3,[-0.52089178 -6.20810368  4.        ],exiting,[ 0.5677905  -0.59831228 -0.99408226]
566.565265417099,1003,False,3,6,[8.68651147 9.21269348 2.35188643],landing,[ 0.63925976  0.24903542 -0.34837281]
566.565265417099,1004,False,4,2,[-4.23718201  0.79048814  3.99999877],exiting,[-0.62185191  0.08809385  0.93462812]
566.565265417099,1005,False,1,0,[-2.20099547  7.28300873  4.        ],cruising,[ 0.50568378 -0.03156594 -0.11489306]
566.6664388179779,1000,False,2,1,[5.31164961 2.07604572 3.23470889],landing,[-0.82138112 -0.19970136 -0.21083176]
566.6664388179779,1001,False,0,5,[-6.46361541  4.93179561  4.        ],exiting,[-0.48080528  0.59740651 -0.20557775]
566.6664388179779,1002,False,5,3,[-0.50548032 -6.30690898  4.        ],exiting,[ 0.5677905  -0.59831228 -0.99408226]
566.6664388179779,1003,False,3,6,[8.70555611 9.19977221 2.25457074],landing,[ 0.63925976  0.24903542 -0.34837281]
566.6664388179779,1004,False,4,2,[-4.31982306  0.81075987  3.99999742],exiting,[-0.62185191  0.08809385  0.93462812]
566.6664388179779,1005,False,1,0,[-2.00154984  7.26812783  4.        ],cruising,[ 0.50568378 -0.03156594 -0.11489306]
566.7711970806122,1000,False,2,1,[5.31901408 2.05352242 3.13755712],landing,[-0.82138112 -0.19970136 -0.21083176]
566.7711970806122,1001,False,0,5,[-6.51932304  5.06608855  4.        ],exiting,[-0.48080528  0.59740651 -0.20557775]
566.7711970806122,1002,False,5,3,[-0.49006886 -6.40571427  4.        ],exiting,[ 0.5677905  -0.59831228 -0.99408226]
566.7711970806122,1003,False,3,6,[8.72460075 9.18685093 2.15725506],landing,[ 0.63925976  0.24903542 -0.34837281]
566.7711970806122,1004,False,4,2,[-4.40070032  0.81110952  3.99999649],exiting,[-0.62185191  0.08809385  0.93462812]
566.7711970806122,1005,False,1,0,[-1.80449487  7.23393225  4.        ],cruising,[ 0.50568378 -0.03156594 -0.11489306]
566.8721158504486,1000,False,2,1,[5.32637855 2.03099911 3.04040536],landing,[-0.82138112 -0.19970136 -0.21083176]
566.8721158504486,1001,False,0,5,[-6.57792992  5.18059275  4.        ],exiting,[-0.48080528  0.59740651 -0.20557775]
566.8721158504486,1002,False,5,3,[-0.47465739 -6.50451957  4.        ],exiting,[ 0.5677905  -0.59831228 -0.99408226]
566.8721158504486,1003,False,3,6,[8.74364539 9.17392966 2.05993938],landing,[ 0.63925976  0.24903542 -0.34837281]
566.8721158504486,1004,False,4,2,[-4.47955179  0.79156204  3.99999602],exiting,[-0.62185191  0.08809385  0.93462812]
566.8721158504486,1005,False,1,0,[-1.61109913  7.18296081  4.        ],cruising,[ 0.50568378 -0.03156594 -0.11489306]
566.9644968509674,1000,False,2,1,[5.33374303 2.00847581 2.9432536 ],landing,[-0.82138112 -0.19970136 -0.21083176]
566.9644968509674,1001,False,0,5,[-6.63975591  5.27535771  4.        ],exiting,[-0.48080528  0.59740651 -0.20557775]
566.9644968509674,1002,False,5,3,[-0.45924593 -6.60332487  4.        ],exiting,[ 0.5677905  -0.59831228 -0.99408226]
566.9644968509674,1003,False,3,6,[8.76269003 9.16100839 1.96262369],landing,[ 0.63925976  0.24903542 -0.34837281]
566.9644968509674,1004,False,4,2,[-4.55611103  0.75214634  3.99999603],exiting,[-0.62185191  0.08809385  0.93462812]
566.9644968509674,1005,False,1,0,[-1.42198405  7.11788018  4.        ],cruising,[ 0.50568378 -0.03156594 -0.11489306]
567.0645310878754,1000,False,2,1,[5.3411075  1.9859525  2.84610183],landing,[-0.82138112 -0.19970136 -0.21083176]
567.0645310878754,1001,False,0,5,[-6.70500452  5.35113778  4.        ],exiting,[-0.48080528  0.59740651 -0.20557775]
567.0645310878754,1002,False,5,3,[-0.44383447 -6.70213017  4.        ],exiting,[ 0.5677905  -0.59831228 -0.99408226]
567.0645310878754,1003,False,3,6,[8.78173467 9.14808712 1.86530801],landing,[ 0.63925976  0.24903542 -0.34837281]
567.0645310878754,1004,False,4,2,[-4.63010699  0.69289559  3.99999652],exiting,[-0.62185191  0.08809385  0.93462812]
567.0645310878754,1005,False,1,0,[-1.23724099  7.04126426  4.        ],cruising,[ 0.50568378 -0.03156594 -0.11489306]
567.1707961559296,1000,False,2,1,[5.34847198 1.9634292  2.74895007],landing,[-0.82138112 -0.19970136 -0.21083176]
567.1707961559296,1001,False,0,5,[-6.77025313  5.42691785  4.        ],exiting,[-0.48080528  0.59740651 -0.20557775]
567.1707961559296,1002,False,5,3,[-0.42842301 -6.80093546  4.        ],exiting,[ 0.5677905  -0.59831228 -0.99408226]
567.1707961559296,1003,False,3,6,[8.80077931 9.13516584 1.76799232],landing,[ 0.63925976  0.24903542 -0.34837281]
567.1707961559296,1004,False,4,2,[-4.70274332  0.62416449  3.99999714],exiting,[-0.62185191  0.08809385  0.93462812]
567.1707961559296,1005,False,1,0,[-1.05658225  6.95545971  4.        ],cruising,[ 0.50568378 -0.03156594 -0.11489306]
567.2679271697998,1000,False,2,1,[5.35583645 1.94090589 2.65179831],landing,[-0.82138112 -0.19970136 -0.21083176]
567.2679271697998,1001,False,0,5,[-6.83550173  5.50269792  4.        ],exiting,[-0.48080528  0.59740651 -0.20557775]
567.2679271697998,1002,False,5,3,[-0.41301154 -6.89974076  4.        ],exiting,[ 0.5677905  -0.59831228 -0.99408226]
567.2679271697998,1003,False,3,6,[8.81982395 9.12224457 1.67067664],landing,[ 0.63925976  0.24903542 -0.34837281]
567.2679271697998,1004,False,4,2,[-4.77537965  0.5554334   3.99999766],exiting,[-0.62185191  0.08809385  0.93462812]
567.2679271697998,1005,False,1,0,[-0.87824753  6.86492393  4.        ],cruising,[ 0.50568378 -0.03156594 -0.11489306]
567.3718173503876,1000,False,2,1,[5.36320092 1.91838258 2.55464654],landing,[-0.82138112 -0.19970136 -0.21083176]
567.3718173503876,1001,False,0,5,[-6.90075034  5.57847799  4.        ],exiting,[-0.48080528  0.59740651 -0.20557775]
567.3718173503876,1002,False,5,3,[-0.39760008 -6.99854606  4.        ],exiting,[ 0.5677905  -0.59831228 -0.99408226]
567.3718173503876,1003,False,3,6,[8.83886859 9.1093233  1.57336095],landing,[ 0.63925976  0.24903542 -0.34837281]
567.3718173503876,1004,False,4,2,[-4.84801598  0.4867023   3.99999808],exiting,[-0.62185191  0.08809385  0.93462812]
567.3718173503876,1005,False,1,0,[-0.70332872  6.76795275  4.        ],cruising,[ 0.50568378 -0.03156594 -0.11489306]
567.4743540287018,1000,False,2,1,[5.3705654  1.89585928 2.45749478],landing,[-0.82138112 -0.19970136 -0.21083176]
567.4743540287018,1001,False,0,5,[-6.96599895  5.65425807  4.        ],exiting,[-0.48080528  0.59740651 -0.20557775]
567.4743540287018,1002,False,5,3,[-0.38218862 -7.09735136  4.        ],exiting,[ 0.5677905  -0.59831228 -0.99408226]
567.4743540287018,1003,False,3,6,[8.85791323 9.09640202 1.47604527],fake_landed,[ 0.63925976  0.24903542 -0.34837281]
567.4743540287018,1004,False,4,2,[-4.92065231  0.4179712   3.99999843],exiting,[-0.62185191  0.08809385  0.93462812]
567.4743540287018,1005,False,1,0,[-0.53105183  6.66636203  4.        ],cruising,[ 0.50568378 -0.03156594 -0.11489306]
567.5791311264038,1000,False,2,1,[5.37792987 1.87333597 2.36034301],landing,[-0.82138112 -0.19970136 -0.21083176]
567.5791311264038,1001,False,0,5,[-7.03124756  5.73003814  4.        ],exiting,[-0.48080528  0.59740651 -0.20557775]
567.5791311264038,1002,False,5,3,[-0.36677716 -7.19615665  4.        ],exiting,[ 0.5677905  -0.59831228 -0.99408226]
567.5791311264038,1003,False,3,6,[8.87314894 9.08606501 1.39819272],fake_landed,[ 0.63925976  0.24903542 -0.34837281]
567.5791311264038,1004,False,4,2,[-4.99328864  0.34924011  3.99999872],exiting,[-0.62185191  0.08809385  0.93462812]
567.5791311264038,1005,False,1,0,[-0.35998503  6.56274663  4.        ],cruising,[ 0.50568378 -0.03156594 -0.11489306]
567.6643562316895,1000,False,2,1,[5.38529434 1.85081267 2.26319125],landing,[-0.82138112 -0.19970136 -0.21083176]
567.6643562316895,1001,False,0,5,[-7.09649616  5.80581821  4.        ],exiting,[-0.48080528  0.59740651 -0.20557775]
567.6643562316895,1002,False,5,3,[-0.35136569 -7.29496195  4.        ],exiting,[ 0.5677905  -0.59831228 -0.99408226]
567.6643562316895,1003,False,3,6,[8.88457573 9.07831224 1.33980331],fake_landed,[ 0.63925976  0.24903542 -0.34837281]
567.6643562316895,1004,False,4,2,[-5.06592497  0.28050901  3.99999896],exiting,[-0.62185191  0.08809385  0.93462812]
567.6643562316895,1005,False,1,0,[-0.19044996  6.45664358  4.        ],cruising,[ 0.50568378 -0.03156594 -0.11489306]
567.7681994438171,1000,False,2,1,[5.39265882 1.82828936 2.16603949],landing,[-0.82138112 -0.19970136 -0.21083176]
567.7681994438171,1001,False,0,5,[-7.16174477  5.88159828  4.        ],exiting,[-0.48080528  0.59740651 -0.20557775]
567.7681994438171,1002,False,5,3,[-0.33595423 -7.39376725  4.        ],exiting,[ 0.5677905  -0.59831228 -0.99408226]
567.7681994438171,1003,False,3,6,[8.89219358 9.07314373 1.30087704],fake_landed,[ 0.63925976  0.24903542 -0.34837281]
567.7681994438171,1004,False,4,2,[-5.1385613   0.21177792  3.99999915],exiting,[-0.62185191  0.08809385  0.93462812]
567.7681994438171,1005,False,1,0,[-0.02140024  6.34976892  4.        ],cruising,[ 0.50568378 -0.03156594 -0.11489306]
567.8646335601807,1000,False,2,1,[5.40002329 1.80576605 2.06888772],landing,[-0.82138112 -0.19970136 -0.21083176]
567.8646335601807,1001,False,0,5,[-7.22699338  5.95737835  4.        ],exiting,[-0.48080528  0.59740651 -0.20557775]
567.8646335601807,1002,False,5,3,[-0.32054277 -7.49257255  4.        ],exiting,[ 0.5677905  -0.59831228 -0.99408226]
567.8646335601807,1003,False,3,6,[8.89600251 9.07055948 1.2814139 ],fake_landed,[ 0.63925976  0.24903542 -0.34837281]
567.8646335601807,1004,False,4,2,[-5.21119763  0.14304682  3.99999931],exiting,[-0.62185191  0.08809385  0.93462812]
567.8646335601807,1005,False,1,0,[0.14727274 6.24230066 4.        ],cruising,[ 0.50568378 -0.03156594 -0.11489306]
567.9684109687805,1000,False,2,1,[5.40738776 1.78324275 1.97173596],landing,[-0.82138112 -0.19970136 -0.21083176]
567.9684109687805,1001,False,0,5,[-7.29224199  6.03315842  4.        ],exiting,[-0.48080528  0.59740651 -0.20557775]
567.9684109687805,1002,False,5,3,[-0.30513131 -7.59137784  4.        ],exiting,[ 0.5677905  -0.59831228 -0.99408226]
567.9684109687805,1003,False,3,6,[8.89600251 9.07055948 1.2814139 ],fake_landed,[ 0.63925976  0.24903542 -0.34837281]
567.9684109687805,1004,False,4,2,[-5.28383396  0.07431572  3.99999944],exiting,[-0.62185191  0.08809385  0.93462812]
567.9684109687805,1005,False,1,0,[0.31616903 6.13518371 4.        ],cruising,[ 0.50568378 -0.03156594 -0.11489306]
568.0733816623688,1000,False,2,1,[5.41475224 1.76071944 1.87458419],landing,[-0.82138112 -0.19970136 -0.21083176]
568.0733816623688,1001,False,0,5,[-7.3574906   6.10893849  4.        ],exiting,[-0.48080528  0.59740651 -0.20557775]
568.0733816623688,1002,False,5,3,[-0.28971984 -7.69018314  4.        ],exiting,[ 0.5677905  -0.59831228 -0.99408226]
568.0733816623688,1003,False,6,4,[8.89600251 9.07055948 1.2814139 ],waiting,[ 0.63925976  0.24903542 -0.34837281]
568.0733816623688,1004,False,4,2,[-5.35647029  0.00558463  3.99999955],exiting,[-0.62185191  0.08809385  0.93462812]
568.0733816623688,1005,False,1,0,[0.48555219 6.0288383  4.        ],exiting,[ 0.50568378 -0.03156594 -0.11489306]
568.1639494895935,1000,False,2,1,[5.42211671 1.73819614 1.77743243],landing,[-0.82138112 -0.19970136 -0.21083176]
568.1639494895935,1001,False,0,5,[-7.4227392   6.18471856  4.        ],exiting,[-0.48080528  0.59740651 -0.20557775]
568.1639494895935,1002,False,5,3,[-0.27430838 -7.78898844  4.        ],landing,[ 0.5677905  -0.59831228 -0.99408226]
568.1639494895935,1003,False,6,4,[8.89600251 9.07055948 1.2814139 ],waiting,[ 0.63925976  0.24903542 -0.34837281]
568.1639494895935,1004,False,4,2,[-5.42910662 -0.06314647  3.99999964],exiting,[-0.62185191  0.08809385  0.93462812]
568.1639494895935,1005,False,1,0,[0.64461566 5.93962484 4.        ],exiting,[ 0.50568378 -0.03156594 -0.11489306]
568.2706489562988,1000,False,2,1,[5.42948118 1.71567283 1.68028067],landing,[-0.82138112 -0.19970136 -0.21083176]
568.2706489562988,1001,False,0,5,[-7.48798781  6.26049864  4.        ],exiting,[-0.48080528  0.59740651 -0.20557775]
568.2706489562988,1002,False,5,3,[-0.26422996 -7.87452126  3.98602145],landing,[ 0.5677905  -0.59831228 -0.99408226]
568.2706489562988,1003,False,6,4,[8.89600251 9.07055948 1.2814139 ],waiting,[ 0.63925976  0.24903542 -0.34837281]
568.2706489562988,1004,False,4,2,[-5.50174295 -0.13187756  3.99999971],exiting,[-0.62185191  0.08809385  0.93462812]
568.2706489562988,1005,False,1,0,[0.79320316 5.86744824 4.        ],exiting,[ 0.50568378 -0.03156594 -0.11489306]
568.3684461116791,1000,False,2,1,[5.43684566 1.69314953 1.5831289 ],landing,[-0.82138112 -0.19970136 -0.21083176]
568.3684461116791,1001,False,0,5,[-7.55323642  6.33627871  4.        ],exiting,[-0.48080528  0.59740651 -0.20557775]
568.3684461116791,1002,False,5,3,[-0.25947361 -7.94660672  3.95822826],landing,[ 0.5677905  -0.59831228 -0.99408226]
568.3684461116791,1003,False,6,4,[8.89600251 9.07055948 1.2814139 ],queued,[ 0.63925976  0.24903542 -0.34837281]
568.3684461116791,1004,False,4,2,[-5.57437928 -0.20060866  3.99999976],exiting,[-0.62185191  0.08809385  0.93462812]
568.3684461116791,1005,False,1,0,[0.9311399  5.81219976 4.        ],exiting,[ 0.50568378 -0.03156594 -0.11489306]
568.4645705223083,1000,False,2,1,[5.44421013 1.67062622 1.48597714],fake_landed,[-0.82138112 -0.19970136 -0.21083176]
568.4645705223083,1001,False,0,5,[-7.61848503  6.41205878  4.        ],exiting,[-0.48080528  0.59740651 -0.20557775]
568.4645705223083,1002,False,5,3,[-0.26002528 -8.00503961  3.91681772],landing,[ 0.5677905  -0.59831228 -0.99408226]
568.4645705223083,1003,False,6,4,[8.89600251 9.07055948 1.3014139 ],queued,[ 0.63925976  0.24903542 -0.34837281]
568.4645705223083,1004,False,4,2,[-5.64701561 -0.26933975  3.99999981],exiting,[-0.62185191  0.08809385  0.93462812]
568.4645705223083,1005,False,1,0,[1.05822848 5.77375358 4.        ],exiting,[ 0.50568378 -0.03156594 -0.11489306]
568.5704584121704,1000,False,2,1,[5.45010171 1.65260757 1.40825573],fake_landed,[-0.82138112 -0.19970136 -0.21083176]
568.5704584121704,1001,False,0,5,[-7.68373363  6.48783885  4.        ],exiting,[-0.48080528  0.59740651 -0.20557775]
568.5704584121704,1002,False,5,3,[-0.26586385 -8.04954169  3.86206621],landing,[ 0.5677905  -0.59831228 -0.99408226]
568.5704584121704,1003,False,6,4,[8.89600251 9.07055948 1.3414139 ],queued,[ 0.63925976  0.24903542 -0.34837281]
568.5704584121704,1004,False,4,2,[-5.71965194 -0.33807085  3.99999985],exiting,[-0.62185191  0.08809385  0.93462812]
568.5704584121704,1005,False,1,0,[1.17424037 5.75195994 4.        ],exiting,[ 0.50568378 -0.03156594 -0.11489306]
568.6751236915588,1000,False,2,1,[5.45452039 1.63909359 1.34996467],fake_landed,[-0.82138112 -0.19970136 -0.21083176]
568.6751236915588,1001,False,0,5,[-7.74898224  6.56361892  4.        ],exiting,[-0.48080528  0.59740651 -0.20557775]
568.6751236915588,1002,False,5,3,[-0.27696929 -8.07987511  3.79421856],landing,[ 0.5677905  -0.59831228 -0.99408226]
568.6751236915588,1003,False,6,4,[8.89600251 9.07055948 1.4014139 ],queued,[ 0.63925976  0.24903542 -0.34837281]
568.6751236915588,1004,False,4,2,[-5.79228827 -0.40680195  3.99999988],exiting,[-0.62185191  0.08809385  0.93462812]
568.6751236915588,1005,False,1,0,[1.27889608 5.7466295  4.        ],exiting,[ 0.50568378 -0.03156594 -0.11489306]
568.7671420574188,1000,False,2,1,[5.45746618 1.63008427 1.31110396],fake_landed,[-0.82138112 -0.19970136 -0.21083176]
568.7671420574188,1001,False,0,5,[-7.81423085  6.63939899  4.        ],exiting,[-0.48080528  0.59740651 -0.20557775]
568.7671420574188,1002,False,5,3,[-0.29332169 -8.09582367  3.71350448],landing,[ 0.5677905  -0.59831228 -0.99408226]
568.7671420574188,1003,False,6,4,[8.89600251 9.07055948 1.4764139 ],queued,[ 0.63925976  0.24903542 -0.34837281]
568.7671420574188,1004,False,4,2,[-5.8649246  -0.47553304  3.9999999 ],exiting,[-0.62185191  0.08809385  0.93462812]
568.7671420574188,1005,False,1,0,[1.37180763 5.75748778 4.        ],exiting,[ 0.50568378 -0.03156594 -0.11489306]
568.8648941516876,1000,False,2,1,[5.45893908 1.62557961 1.29167361],fake_landed,[-0.82138112 -0.19970136 -0.21083176]
568.8648941516876,1001,False,0,5,[-7.87947946  6.71517906  4.        ],exiting,[-0.48080528  0.59740651 -0.20557775]
568.8648941516876,1002,False,5,3,[-0.31489932 -8.09716969  3.62016254],landing,[ 0.5677905  -0.59831228 -0.99408226]
568.8648941516876,1003,False,6,4,[8.89600251 9.07055948 1.5514139 ],entering,[ 0.63925976  0.24903542 -0.34837281]
568.8648941516876,1004,False,4,2,[-5.93756093 -0.54426414  3.99999992],exiting,[-0.62185191  0.08809385  0.93462812]
568.8648941516876,1005,False,1,0,[1.45273724 5.78435959 4.        ],exiting,[ 0.50568378 -0.03156594 -0.11489306]
568.9636921882629,1000,False,2,1,[5.45893908 1.62557961 1.29167361],fake_landed,[-0.82138112 -0.19970136 -0.21083176]
568.9636921882629,1001,False,0,5,[-7.94472807  6.79095913  4.        ],exiting,[-0.48080528  0.59740651 -0.20557775]
568.9636921882629,1002,False,5,3,[-0.33810423 -8.09387848  3.52294782],landing,[ 0.5677905  -0.59831228 -0.99408226]
568.9636921882629,1003,False,6,4,[8.89177417 9.05101156 1.6264139 ],entering,[ 0.63925976  0.24903542 -0.34837281]
568.9636921882629,1004,False,4,2,[-6.01019726 -0.61299523  3.99999994],exiting,[-0.62185191  0.08809385  0.93462812]
568.9636921882629,1005,False,1,0,[1.52144504 5.82706262 4.        ],exiting,[ 0.50568378 -0.03156594 -0.11489306]
569.0653882026672,1000,False,1,6,[5.45893908 1.62557961 1.29167361],waiting,[-0.82138112 -0.19970136 -0.21083176]
569.0653882026672,1001,False,0,5,[-8.00997667  6.8667392   4.        ],exiting,[-0.48080528  0.59740651 -0.20557775]
569.0653882026672,1002,False,5,3,[-0.36130914 -8.09058726  3.42573311],landing,[ 0.5677905  -0.59831228 -0.99408226]
569.0653882026672,1003,False,6,4,[8.88331749 9.01191572 1.7014139 ],entering,[ 0.63925976  0.24903542 -0.34837281]
569.0653882026672,1004,False,4,2,[-6.08283359 -0.68172633  3.99999995],exiting,[-0.62185191  0.08809385  0.93462812]
569.0653882026672,1005,False,1,0,[1.57768914 5.88540714 4.        ],exiting,[ 0.50568378 -0.03156594 -0.11489306]
569.1790261268616,1000,False,1,6,[5.45893908 1.62557961 1.29167361],waiting,[-0.82138112 -0.19970136 -0.21083176]
569.1790261268616,1001,False,0,5,[-8.07522528  6.94251928  4.        ],exiting,[-0.48080528  0.59740651 -0.20557775]
569.1790261268616,1002,False,5,3,[-0.38451405 -8.08729605  3.3285184 ],landing,[ 0.5677905  -0.59831228 -0.99408226]
569.1790261268616,1003,False,6,4,[8.87063246 8.95327197 1.7764139 ],entering,[ 0.63925976  0.24903542 -0.34837281]
569.1790261268616,1004,False,4,2,[-6.15546992 -0.75045743  3.99999996],exiting,[-0.62185191  0.08809385  0.93462812]
569.1790261268616,1005,False,1,0,[1.62122555 5.95919557 4.        ],exiting,[ 0.50568378 -0.03156594 -0.11489306]
569.2665166854858,1000,False,1,6,[5.45893908 1.62557961 1.29167361],waiting,[-0.82138112 -0.19970136 -0.21083176]
569.2665166854858,1001,False,0,5,[-8.14047389  7.01829935  4.        ],exiting,[-0.48080528  0.59740651 -0.20557775]
569.2665166854858,1002,False,5,3,[-0.40771896 -8.08400483  3.23130369],landing,[ 0.5677905  -0.59831228 -0.99408226]
569.2665166854858,1003,False,6,4,[8.8537191  8.87508029 1.8514139 ],entering,[ 0.63925976  0.24903542 -0.34837281]
569.2665166854858,1004,False,4,2,[-6.22810625 -0.81918852  3.99999997],exiting,[-0.62185191  0.08809385  0.93462812]
569.2665166854858,1005,False,1,0,[1.65180804 6.04822199 4.        ],exiting,[ 0.50568378 -0.03156594 -0.11489306]
569.3736732006073,1000,False,1,6,[5.45893908 1.62557961 1.29167361],queued,[-0.82138112 -0.19970136 -0.21083176]
569.3736732006073,1001,False,0,5,[-8.2057225   7.09407942  4.        ],exiting,[-0.48080528  0.59740651 -0.20557775]
569.3736732006073,1002,False,5,3,[-0.43092387 -8.08071362  3.13408898],landing,[ 0.5677905  -0.59831228 -0.99408226]
569.3736732006073,1003,False,6,4,[8.83258221 8.77733966 1.9264139 ],entering,[ 0.63925976  0.24903542 -0.34837281]
569.3736732006073,1004,False,4,2,[-6.30074258 -0.88791962  3.99999998],exiting,[-0.62185191  0.08809385  0.93462812]
569.3736732006073,1005,False,1,0,[1.67518108 6.14545214 4.        ],exiting,[ 0.50568378 -0.03156594 -0.11489306]
569.4673230648041,1000,False,1,6,[5.45893908 1.62557961 1.31167361],queued,[-0.82138112 -0.19970136 -0.21083176]
569.4673230648041,1001,False,0,5,[-8.2709711   7.16985949  4.        ],exiting,[-0.48080528  0.59740651 -0.20557775]
569.4673230648041,1002,False,5,3,[-0.45412878 -8.0774224   3.03687427],landing,[ 0.5677905  -0.59831228 -0.99408226]
569.4673230648041,1003,False,6,4,[8.8073802  8.66001651 2.0014139 ],entering,[ 0.63925976  0.24903542 -0.34837281]
569.4673230648041,1004,False,4,2,[-6.37337891 -0.95665071  3.99999998],exiting,[-0.62185191  0.08809385  0.93462812]
569.4673230648041,1005,False,1,0,[1.69855411 6.24268228 4.        ],exiting,[ 0.50568378 -0.03156594 -0.11489306]
569.5678870677948,1000,False,1,6,[5.45893908 1.62557961 1.35167361],queued,[-0.82138112 -0.19970136 -0.21083176]
569.5678870677948,1001,False,0,5,[-8.33621971  7.24563956  4.        ],exiting,[-0.48080528  0.59740651 -0.20557775]
569.5678870677948,1002,False,5,3,[-0.4773337  -8.07413118  2.93965956],landing,[ 0.5677905  -0.59831228 -0.99408226]
569.5678870677948,1003,False,6,4,[8.77835858 8.52306148 2.0764139 ],entering,[ 0.63925976  0.24903542 -0.34837281]
569.5678870677948,1004,False,4,2,[-6.44601524 -1.02538181  3.99999999],exiting,[-0.62185191  0.08809385  0.93462812]
569.5678870677948,1005,False,1,0,[1.72192715 6.33991243 4.        ],exiting,[ 0.50568378 -0.03156594 -0.11489306]
569.6704044342041,1000,False,1,6,[5.45893908 1.62557961 1.41167361],queued,[-0.82138112 -0.19970136 -0.21083176]
569.6704044342041,1001,False,0,5,[-8.40146832  7.32141963  4.        ],landing,[-0.48080528  0.59740651 -0.20557775]
569.6704044342041,1002,False,5,3,[-0.50053861 -8.07083997  2.84244485],landing,[ 0.5677905  -0.59831228 -0.99408226]
569.6704044342041,1003,False,6,4,[8.74592118 8.36640031 2.1514139 ],entering,[ 0.63925976  0.24903542 -0.34837281]
569.6704044342041,1004,False,4,2,[-6.51865157 -1.0941129   3.99999999],exiting,[-0.62185191  0.08809385  0.93462812]
569.6704044342041,1005,False,1,0,[1.74530018 6.43714257 4.        ],exiting,[ 0.50568378 -0.03156594 -0.11489306]
569.7641022205353,1000,False,1,6,[5.45893908 1.62557961 1.48667361],queued,[-0.82138112 -0.19970136 -0.21083176]
569.7641022205353,1001,False,0,5,[-8.45535471  7.38903848  3.98570684],landing,[-0.48080528  0.59740651 -0.20557775]
569.7641022205353,1002,False,5,3,[-0.52374352 -8.06754875  2.74523014],landing,[ 0.5677905  -0.59831228 -0.99408226]
569.7641022205353,1003,False,6,4,[8.71040924 8.18997686 2.2264139 ],entering,[ 0.63925976  0.24903542 -0.34837281]
569.7641022205353,1004,False,4,2,[-6.5912879  -1.162844    3.99999999],exiting,[-0.62185191  0.08809385  0.93462812]
569.7641022205353,1005,False,1,0,[1.76867322 6.53437272 4.        ],exiting,[ 0.50568378 -0.03156594 -0.11489306]
569.8638973236084,1000,False,1,6,[5.45893908 1.62557961 1.56167361],queued,[-0.82138112 -0.19970136 -0.21083176]
569.8638973236084,1001,False,0,5,[-8.49779254  7.44833945  3.95728062],landing,[-0.48080528  0.59740651 -0.20557775]
569.8638973236084,1002,False,5,3,[-0.54694843 -8.06425754  2.64801543],landing,[ 0.5677905  -0.59831228 -0.99408226]
569.8638973236084,1003,False,6,4,[8.67186023 7.99378536 2.3014139 ],entering,[ 0.63925976  0.24903542 -0.34837281]
569.8638973236084,1004,False,4,2,[-6.66392423 -1.2315751   4.        ],exiting,[-0.62185191  0.08809385  0.93462812]
569.8638973236084,1005,False,1,0,[1.79204625 6.63160286 4.        ],exiting,[ 0.50568378 -0.03156594 -0.11489306]
569.9643714427948,1000,False,1,6,[5.45893908 1.62557961 1.63667361],queued,[-0.82138112 -0.19970136 -0.21083176]
569.9643714427948,1001,False,0,5,[-8.52868048  7.49913626  3.91491599],landing,[-0.48080528  0.59740651 -0.20557775]
569.9643714427948,1002,False,5,3,[-0.57015334 -8.06096632  2.55080071],landing,[ 0.5677905  -0.59831228 -0.99408226]
569.9643714427948,1003,False,6,4,[8.63330265 7.79753727 2.3764139 ],entering,[ 0.63925976  0.24903542 -0.34837281]
569.9643714427948,1004,False,4,2,[-6.73656056 -1.30030619  4.        ],exiting,[-0.62185191  0.08809385  0.93462812]
569.9643714427948,1005,False,1,0,[1.81541929 6.72883301 4.        ],exiting,[ 0.50568378 -0.03156594 -0.11489306]
570.0671188831329,1000,False,1,6,[5.45893908 1.62557961 1.71167361],queued,[-0.82138112 -0.19970136 -0.21083176]
570.0671188831329,1001,False,0,5,[-8.54787904  7.54116804  3.85889366],landing,[-0.48080528  0.59740651 -0.20557775]
570.0671188831329,1002,False,5,3,[-0.59335825 -8.05767511  2.453586  ],landing,[ 0.5677905  -0.59831228 -0.99408226]
570.0671188831329,1003,False,6,4,[8.59533056 7.60117505 2.4514139 ],entering,[ 0.63925976  0.24903542 -0.34837281]
570.0671188831329,1004,False,4,2,[-6.80919689 -1.36903729  4.        ],exiting,[-0.62185191  0.08809385  0.93462812]
570.0671188831329,1005,False,1,0,[1.83879232 6.82606315 4.        ],exiting,[ 0.50568378 -0.03156594 -0.11489306]
570.1701793670654,1000,False,1,6,[5.45893908 1.62557961 1.78667361],queued,[-0.82138112 -0.19970136 -0.21083176]
570.1701793670654,1001,False,0,5,[-8.55528328  7.57423475  3.7894355 ],landing,[-0.48080528  0.59740651 -0.20557775]
570.1701793670654,1002,False,5,3,[-0.61656316 -8.05438389  2.35637129],landing,[ 0.5677905  -0.59831228 -0.99408226]
570.1701793670654,1003,False,6,4,[8.55994967 7.40432944 2.5264139 ],entering,[ 0.63925976  0.24903542 -0.34837281]
570.1701793670654,1004,False,4,2,[-6.88183322 -1.43776838  4.        ],exiting,[-0.62185191  0.08809385  0.93462812]
570.1701793670654,1005,False,1,0,[1.86216536 6.9232933  4.        ],exiting,[ 0.50568378 -0.03156594 -0.11489306]
570.2715377807617,1000,False,1,6,[5.45893908 1.62557961 1.86167361],queued,[-0.82138112 -0.19970136 -0.21083176]
570.2715377807617,1001,False,0,5,[-8.55079121  7.59813861  3.70676674],landing,[-0.48080528  0.59740651 -0.20557775]
570.2715377807617,1002,False,5,3,[-0.63976807 -8.05109268  2.25915658],landing,[ 0.5677905  -0.59831228 -0.99408226]
570.2715377807617,1003,False,6,4,[8.52576286 7.20727295 2.6014139 ],entering,[ 0.63925976  0.24903542 -0.34837281]
570.2715377807617,1004,False,4,2,[-6.95446955 -1.50649948  4.        ],landing,[-0.62185191  0.08809385  0.93462812]
570.2715377807617,1005,False,1,0,[1.88553839 7.02052345 4.        ],exiting,[ 0.50568378 -0.03156594 -0.11489306]
570.365861415863,1000,False,1,6,[5.45893908 1.62557961 1.93667361],queued,[-0.82138112 -0.19970136 -0.21083176]
570.365861415863,1001,False,0,5,[-8.53430146  7.6126794   3.61112152],landing,[-0.48080528  0.59740651 -0.20557775]
570.365861415863,1002,False,5,3,[-0.66297298 -8.04780146  2.16194187],landing,[ 0.5677905  -0.59831228 -0.99408226]
570.365861415863,1003,False,6,4,[8.49157605 7.01021645 2.6764139 ],entering,[ 0.63925976  0.24903542 -0.34837281]
570.365861415863,1004,False,4,2,[-7.0190894  -1.56327557  3.98611426],landing,[-0.62185191  0.08809385  0.93462812]
570.365861415863,1005,False,1,0,[1.90891143 7.11775359 4.        ],exiting,[ 0.50568378 -0.03156594 -0.11489306]
570.478967666626,1000,False,1,6,[5.45893908 1.62557961 2.01167361],queued,[-0.82138112 -0.19970136 -0.21083176]
570.478967666626,1001,False,0,5,[-8.51610468  7.62587043  3.51367988],landing,[-0.48080528  0.59740651 -0.20557775]
570.478967666626,1002,False,5,3,[-0.68617789 -8.04451024  2.06472716],landing,[ 0.5677905  -0.59831228 -0.99408226]
570.478967666626,1003,False,6,4,[8.45887408 6.81290812 2.7514139 ],entering,[ 0.63925976  0.24903542 -0.34837281]
570.478967666626,1004,False,4,2,[-7.07554348 -1.60800736  3.95850791],landing,[-0.62185191  0.08809385  0.93462812]
570.478967666626,1005,False,1,0,[1.93228446 7.21498374 4.        ],exiting,[ 0.50568378 -0.03156594 -0.11489306]
570.566154718399,1000,False,1,6,[5.45893908 1.62557961 2.08667361],queued,[-0.82138112 -0.19970136 -0.21083176]
570.566154718399,1001,False,0,5,[-8.49790789  7.63906147  3.41623824],landing,[-0.48080528  0.59740651 -0.20557775]
570.566154718399,1002,False,5,3,[-0.7093828  -8.04121903  1.96751245],landing,[ 0.5677905  -0.59831228 -0.99408226]
570.566154718399,1003,False,6,4,[8.42972643 6.61504348 2.8264139 ],entering,[ 0.63925976  0.24903542 -0.34837281]
570.566154718399,1004,False,4,2,[-7.12365651 -1.64059134  3.91737908],landing,[-0.62185191  0.08809385  0.93462812]
570.566154718399,1005,False,1,0,[1.9556575  7.31221388 4.        ],exiting,[ 0.50568378 -0.03156594 -0.11489306]
570.666631937027,1000,False,1,6,[5.45893908 1.62557961 2.16167361],queued,[-0.82138112 -0.19970136 -0.21083176]
570.666631937027,1001,False,0,5,[-8.47971111  7.6522525   3.31879659],landing,[-0.48080528  0.59740651 -0.20557775]
570.666631937027,1002,False,5,3,[-0.73258771 -8.03792781  1.87029774],landing,[ 0.5677905  -0.59831228 -0.99408226]
570.666631937027,1003,False,6,4,[8.40057877 6.41717884 2.9014139 ],entering,[ 0.63925976  0.24903542 -0.34837281]
570.666631937027,1004,False,4,2,[-7.16319151 -1.66088991  3.86300312],landing,[-0.62185191  0.08809385  0.93462812]
570.666631937027,1005,False,1,0,[1.97903053 7.40944403 4.        ],exiting,[ 0.50568378 -0.03156594 -0.11489306]
570.7723386287689,1000,False,1,6,[5.45893908 1.62557961 2.23667361],queued,[-0.82138112 -0.19970136 -0.21083176]
570.7723386287689,1001,False,0,5,[-8.46151432  7.66544354  3.22135495],landing,[-0.48080528  0.59740651 -0.20557775]
570.7723386287689,1002,False,5,3,[-0.75579262 -8.0346366   1.77308303],landing,[ 0.5677905  -0.59831228 -0.99408226]
570.7723386287689,1003,False,6,4,[8.3739491  6.21895962 2.9764139 ],entering,[ 0.63925976  0.24903542 -0.34837281]
570.7723386287689,1004,False,4,2,[-7.19393855 -1.66878355  3.79563143],landing,[-0.62185191  0.08809385  0.93462812]
570.7723386287689,1005,False,1,0,[2.00240357 7.50667417 4.        ],exiting,[ 0.50568378 -0.03156594 -0.11489306]
570.8671741485596,1000,False,1,6,[5.45893908 1.62557961 2.31167361],queued,[-0.82138112 -0.19970136 -0.21083176]
570.8671741485596,1001,False,0,5,[-8.44331754  7.67863457  3.12391331],landing,[-0.48080528  0.59740651 -0.20557775]
570.8671741485596,1002,False,5,3,[-0.77899753 -8.03134538  1.67586832],landing,[ 0.5677905  -0.59831228 -0.99408226]
570.8671741485596,1003,False,6,4,[8.35045407 6.02034445 3.0514139 ],entering,[ 0.63925976  0.24903542 -0.34837281]
570.8671741485596,1004,False,4,2,[-7.21570979 -1.66416722  3.7154951 ],landing,[-0.62185191  0.08809385  0.93462812]
570.8671741485596,1005,False,1,0,[2.0257766  7.60390432 4.        ],exiting,[ 0.50568378 -0.03156594 -0.11489306]
570.9639585018158,1000,False,1,6,[5.45893908 1.62557961 2.38667361],queued,[-0.82138112 -0.19970136 -0.21083176]
570.9639585018158,1001,False,0,5,[-8.42512076  7.69182561  3.02647167],landing,[-0.48080528  0.59740651 -0.20557775]
570.9639585018158,1002,False,5,3,[-0.80220244 -8.02805417  1.5786536 ],landing,[ 0.5677905  -0.59831228 -0.99408226]
570.9639585018158,1003,False,6,4,[8.32818    5.82158866 3.1264139 ],entering,[ 0.63925976  0.24903542 -0.34837281]
570.9639585018158,1004,False,4,2,[-7.2283152  -1.64693663  3.62283408],landing,[-0.62185191  0.08809385  0.93462812]
570.9639585018158,1005,False,1,0,[2.04914964 7.70113447 4.        ],exiting,[ 0.50568378 -0.03156594 -0.11489306]
571.0785694122314,1000,False,1,6,[5.45893908 1.62557961 2.46167361],queued,[-0.82138112 -0.19970136 -0.21083176]
571.0785694122314,1001,False,0,5,[-8.40692397  7.70501664  2.92903003],landing,[-0.48080528  0.59740651 -0.20557775]
571.0785694122314,1002,False,5,3,[-0.82540735 -8.02476295  1.48143889],fake_landed,[ 0.5677905  -0.59831228 -0.99408226]
571.0785694122314,1003,False,6,4,[8.31078649 5.62234643 3.2014139 ],entering,[ 0.63925976  0.24903542 -0.34837281]
571.0785694122314,1004,False,4,2,[-7.23750218 -1.62506057  3.52568966],landing,[-0.62185191  0.08809385  0.93462812]
571.0785694122314,1005,False,1,0,[2.07252267 7.79836461 4.        ],exiting,[ 0.50568378 -0.03156594 -0.11489306]
571.1762518882751,1000,False,1,6,[5.45893908 1.62557961 2.53667361],queued,[-0.82138112 -0.19970136 -0.21083176]
571.1762518882751,1001,False,0,5,[-8.38872719  7.71820768  2.83158838],landing,[-0.48080528  0.59740651 -0.20557775]
571.1762518882751,1002,False,5,3,[-0.84397128 -8.02212998  1.40366712],fake_landed,[ 0.5677905  -0.59831228 -0.99408226]
571.1762518882751,1003,False,6,4,[8.29610085 5.42288633 3.2764139 ],entering,[ 0.63925976  0.24903542 -0.34837281]
571.1762518882751,1004,False,4,2,[-7.24668916 -1.60318452  3.42854524],landing,[-0.62185191  0.08809385  0.93462812]
571.1762518882751,1005,False,1,0,[2.09589571 7.89559476 4.        ],exiting,[ 0.50568378 -0.03156594 -0.11489306]
571.2678396701813,1000,False,1,6,[5.45893908 1.62557961 2.61167361],entering,[-0.82138112 -0.19970136 -0.21083176]
571.2678396701813,1001,False,0,5,[-8.3705304   7.73139872  2.73414674],landing,[-0.48080528  0.59740651 -0.20557775]
571.2678396701813,1002,False,5,3,[-0.85789423 -8.02015525  1.3453383 ],fake_landed,[ 0.5677905  -0.59831228 -0.99408226]
571.2678396701813,1003,False,6,4,[8.28498817 5.2231953  3.3514139 ],entering,[ 0.63925976  0.24903542 -0.34837281]
571.2678396701813,1004,False,4,2,[-7.25587613 -1.58130846  3.33140083],landing,[-0.62185191  0.08809385  0.93462812]
571.2678396701813,1005,False,1,0,[2.11926874 7.9928249  4.        ],exiting,[ 0.50568378 -0.03156594 -0.11489306]
571.3637788295746,1000,False,1,6,[5.47863073 1.62208118 2.68667361],entering,[-0.82138112 -0.19970136 -0.21083176]
571.3637788295746,1001,False,0,5,[-8.35233362  7.74458975  2.6367051 ],landing,[-0.48080528  0.59740651 -0.20557775]
571.3637788295746,1002,False,5,3,[-0.86717619 -8.01883876  1.30645241],fake_landed,[ 0.5677905  -0.59831228 -0.99408226]
571.3637788295746,1003,False,6,4,[8.2800165 5.0232571 3.4264139],entering,[ 0.63925976  0.24903542 -0.34837281]
571.3637788295746,1004,False,4,2,[-7.26506311 -1.5594324   3.23425641],landing,[-0.62185191  0.08809385  0.93462812]
571.3637788295746,1005,False,1,0,[2.14264178 8.09005505 4.        ],exiting,[ 0.50568378 -0.03156594 -0.11489306]
571.4691977500916,1000,False,1,6,[5.51800833 1.61505242 2.76167361],entering,[-0.82138112 -0.19970136 -0.21083176]
571.4691977500916,1001,False,0,5,[-8.33413683  7.75778079  2.53926346],landing,[-0.48080528  0.59740651 -0.20557775]
571.4691977500916,1002,False,5,3,[-0.87181717 -8.01818052  1.28700947],fake_landed,[ 0.5677905  -0.59831228 -0.99408226]
571.4691977500916,1003,False,6,4,[8.28056124 4.82325784 3.5014139 ],entering,[ 0.63925976  0.24903542 -0.34837281]
571.4691977500916,1004,False,4,2,[-7.27425009 -1.53755635  3.137112  ],landing,[-0.62185191  0.08809385  0.93462812]
571.4691977500916,1005,False,1,0,[2.16601481 8.18728519 4.        ],exiting,[ 0.50568378 -0.03156594 -0.11489306]
571.5639803409576,1000,False,1,6,[5.57705908 1.60442267 2.83667361],entering,[-0.82138112 -0.19970136 -0.21083176]
571.5639803409576,1001,False,0,5,[-8.31594005  7.77097182  2.44182182],landing,[-0.48080528  0.59740651 -0.20557775]
571.5639803409576,1002,False,5,3,[-0.87181717 -8.01818052  1.28700947],fake_landed,[ 0.5677905  -0.59831228 -0.99408226]
571.5639803409576,1003,False,6,4,[8.28523025 4.62331235 3.57620182],entering,[ 0.63925976  0.24903542 -0.34837281]
571.5639803409576,1004,False,4,2,[-7.28343706 -1.51568029  3.03996758],landing,[-0.62185191  0.08809385  0.93462812]
571.5639803409576,1005,False,1,0,[2.18938785 8.28451534 4.        ],exiting,[ 0.50568378 -0.03156594 -0.11489306]
571.669490814209,1000,False,1,6,[5.65570867 1.58980723 2.91167361],entering,[-0.82138112 -0.19970136 -0.21083176]
571.669490814209,1001,False,0,5,[-8.29774326  7.78416286  2.34438017],landing,[-0.48080528  0.59740651 -0.20557775]
571.669490814209,1002,False,3,1,[-0.87181717 -8.01818052  1.28700947],waiting,[ 0.5677905  -0.59831228 -0.99408226]
571.669490814209,1003,False,6,4,[8.29458627 4.42353131 3.63977154],entering,[ 0.63925976  0.24903542 -0.34837281]
571.669490814209,1004,False,4,2,[-7.29262404 -1.49380423  2.94282316],landing,[-0.62185191  0.08809385  0.93462812]
571.669490814209,1005,False,1,0,[2.21276088 8.38174549 4.        ],exiting,[ 0.50568378 -0.03156594 -0.11489306]
571.7738621234894,1000,False,1,6,[5.75387546 1.5708239  2.98667361],entering,[-0.82138112 -0.19970136 -0.21083176]
571.7738621234894,1001,False,0,5,[-8.27954648  7.79735389  2.24693853],landing,[-0.48080528  0.59740651 -0.20557775]
571.7738621234894,1002,False,3,1,[-0.87181717 -8.01818052  1.28700947],waiting,[ 0.5677905  -0.59831228 -0.99408226]
571.7738621234894,1003,False,6,4,[8.30684434 4.22390731 3.69380581],entering,[ 0.63925976  0.24903542 -0.34837281]
571.7738621234894,1004,False,4,2,[-7.30181102 -1.47192818  2.84567875],landing,[-0.62185191  0.08809385  0.93462812]
571.7738621234894,1005,False,1,0,[2.23613392 8.47897563 4.        ],exiting,[ 0.50568378 -0.03156594 -0.11489306]
571.8637924194336,1000,False,1,6,[5.87141743 1.54688044 3.06167361],entering,[-0.82138112 -0.19970136 -0.21083176]
571.8637924194336,1001,False,0,5,[-8.26134969  7.81054493  2.14949689],landing,[-0.48080528  0.59740651 -0.20557775]
571.8637924194336,1002,False,3,1,[-0.87181717 -8.01818052  1.28700947],waiting,[ 0.5677905  -0.59831228 -0.99408226]
571.8637924194336,1003,False,6,4,[8.31646826 4.02413899 3.73973494],entering,[ 0.63925976  0.24903542 -0.34837281]
571.8637924194336,1004,False,4,2,[-7.310998   -1.45005212  2.74853433],landing,[-0.62185191  0.08809385  0.93462812]
571.8637924194336,1005,False,1,0,[2.25950695 8.57620578 4.        ],exiting,[ 0.50568378 -0.03156594 -0.11489306]
571.9694390296936,1000,False,1,6,[6.00814754 1.51729649 3.13667361],entering,[-0.82138112 -0.19970136 -0.21083176]
571.9694390296936,1001,False,0,5,[-8.24315291  7.82373596  2.05205525],landing,[-0.48080528  0.59740651 -0.20557775]
571.9694390296936,1002,False,3,1,[-0.87181717 -8.01818052  1.28700947],waiting,[ 0.5677905  -0.59831228 -0.99408226]
571.9694390296936,1003,False,6,4,[8.33132198 3.82469134 3.7787747 ],cruising,[ 0.63925976  0.24903542 -0.34837281]
571.9694390296936,1004,False,4,2,[-7.32018497 -1.42817606  2.65138991],landing,[-0.62185191  0.08809385  0.93462812]
571.9694390296936,1005,False,1,0,[2.28287999 8.67343592 4.        ],landing,[ 0.50568378 -0.03156594 -0.11489306]
572.0741581916809,1000,False,1,6,[6.1633869  1.48013577 3.21167361],entering,[-0.82138112 -0.19970136 -0.21083176]
572.0741581916809,1001,False,0,5,[-8.22495613  7.836927    1.9546136 ],landing,[-0.48080528  0.59740651 -0.20557775]
572.0741581916809,1002,False,3,1,[-0.87181717 -8.01818052  1.28700947],queued,[ 0.5677905  -0.59831228 -0.99408226]
572.0741581916809,1003,False,6,4,[8.34036383 3.62489583 3.81195849],cruising,[ 0.63925976  0.24903542 -0.34837281]
572.0741581916809,1004,False,4,2,[-7.32937195 -1.40630001  2.5542455 ],landing,[-0.62185191  0.08809385  0.93462812]
572.0741581916809,1005,False,1,0,[2.30599069 8.7561819  3.98621088],landing,[ 0.50568378 -0.03156594 -0.11489306]
572.1642639636993,1000,False,1,6,[6.33620925 1.43344412 3.28667361],entering,[-0.82138112 -0.19970136 -0.21083176]
572.1642639636993,1001,False,0,5,[-8.20675934  7.85011804  1.85717196],landing,[-0.48080528  0.59740651 -0.20557775]
572.1642639636993,1002,False,3,1,[-0.87181717 -8.01818052  1.30700947],queued,[ 0.5677905  -0.59831228 -0.99408226]
572.1642639636993,1003,False,6,4,[8.34777233 3.42503309 3.84016472],cruising,[ 0.63925976  0.24903542 -0.34837281]
572.1642639636993,1004,False,4,2,[-7.33855893 -1.38442395  2.45710108],landing,[-0.62185191  0.08809385  0.93462812]
572.1642639636993,1005,False,1,0,[2.328763   8.8242888  3.95879886],landing,[ 0.50568378 -0.03156594 -0.11489306]
572.2661230564117,1000,False,1,6,[6.52249105 1.37195912 3.36167361],entering,[-0.82138112 -0.19970136 -0.21083176]
572.2661230564117,1001,False,0,5,[-8.18856256  7.86330907  1.75973032],landing,[-0.48080528  0.59740651 -0.20557775]
572.2661230564117,1002,False,3,1,[-0.87181717 -8.01818052  1.34700947],queued,[ 0.5677905  -0.59831228 -0.99408226]
572.2661230564117,1003,False,6,4,[8.36126448 3.22548871 3.86414001],cruising,[ 0.63925976  0.24903542 -0.34837281]
572.2661230564117,1004,False,4,2,[-7.3477459  -1.36254789  2.35995667],landing,[-0.62185191  0.08809385  0.93462812]
572.2661230564117,1005,False,1,0,[2.35110716 8.87757639 3.91796282],landing,[ 0.50568378 -0.03156594 -0.11489306]
572.3783068656921,1000,False,1,6,[6.70935728 1.3006779  3.43667361],entering,[-0.82138112 -0.19970136 -0.21083176]
572.3783068656921,1001,False,0,5,[-8.17036577  7.87650011  1.66228868],landing,[-0.48080528  0.59740651 -0.20557775]
572.3783068656921,1002,False,3,1,[-0.87181717 -8.01818052  1.40700947],queued,[ 0.5677905  -0.59831228 -0.99408226]
572.3783068656921,1003,False,6,4,[8.37337895 3.02585595 3.88451901],cruising,[ 0.63925976  0.24903542 -0.34837281]
572.3783068656921,1004,False,4,2,[-7.35693288 -1.34067184  2.26281225],landing,[-0.62185191  0.08809385  0.93462812]
572.3783068656921,1005,False,1,0,[2.37290147 8.91580474 3.86397698],landing,[ 0.50568378 -0.03156594 -0.11489306]
572.4641554355621,1000,False,1,6,[6.89220099 1.2196336  3.51167361],entering,[-0.82138112 -0.19970136 -0.21083176]
572.4641554355621,1001,False,0,5,[-8.15216899  7.88969114  1.56484704],landing,[-0.48080528  0.59740651 -0.20557775]
572.4641554355621,1002,False,3,1,[-0.87181717 -8.01818052  1.48200947],queued,[ 0.5677905  -0.59831228 -0.99408226]
572.4641554355621,1003,False,6,4,[8.38488499 2.82618719 3.90184116],cruising,[ 0.63925976  0.24903542 -0.34837281]
572.4641554355621,1004,False,4,2,[-7.36611986 -1.31879578  2.16566783],landing,[-0.62185191  0.08809385  0.93462812]
572.4641554355621,1005,False,1,0,[2.3940337  8.93875717 3.79709898],landing,[ 0.50568378 -0.03156594 -0.11489306]
572.5728271007538,1000,False,1,6,[7.07001861 1.12808639 3.58492257],entering,[-0.82138112 -0.19970136 -0.21083176]
572.5728271007538,1001,False,0,5,[-8.1339722   7.90288218  1.46740539],fake_landed,[-0.48080528  0.59740651 -0.20557775]
572.5728271007538,1002,False,3,1,[-0.87181717 -8.01818052  1.55700947],queued,[ 0.5677905  -0.59831228 -0.99408226]
572.5728271007538,1003,False,6,4,[8.39990132 2.62675172 3.91656499],cruising,[ 0.63925976  0.24903542 -0.34837281]
572.5728271007538,1004,False,4,2,[-7.37530684 -1.29691972  2.06852342],landing,[-0.62185191  0.08809385  0.93462812]
572.5728271007538,1005,False,1,0,[2.41440428 8.94624519 3.71756113],landing,[ 0.50568378 -0.03156594 -0.11489306]
572.6648404598236,1000,False,1,6,[7.24156741 1.02527098 3.64718418],entering,[-0.82138112 -0.19970136 -0.21083176]
572.6648404598236,1001,False,0,5,[-8.11941477  7.91343501  1.38945208],fake_landed,[-0.48080528  0.59740651 -0.20557775]
572.6648404598236,1002,False,3,1,[-0.87181717 -8.01818052  1.63200947],queued,[ 0.5677905  -0.59831228 -0.99408226]
572.6648404598236,1003,False,6,4,[8.41316853 2.42719225 3.92908024],cruising,[ 0.63925976  0.24903542 -0.34837281]
572.6648404598236,1004,False,4,2,[-7.38449381 -1.27504367  1.971379  ],landing,[-0.62185191  0.08809385  0.93462812]
572.6648404598236,1005,False,1,0,[2.43391149 8.93807979 3.62560454],landing,[ 0.50568378 -0.03156594 -0.11489306]
572.7676959037781,1000,False,1,6,[7.40533912 0.9104719  3.70010656],entering,[-0.82138112 -0.19970136 -0.21083176]
572.7676959037781,1001,False,0,5,[-8.1084967   7.92134963  1.3309871 ],fake_landed,[-0.48080528  0.59740651 -0.20557775]
572.7676959037781,1002,False,3,1,[-0.87181717 -8.01818052  1.70700947],queued,[ 0.5677905  -0.59831228 -0.99408226]
572.7676959037781,1003,False,6,4,[8.42814948 2.22775411 3.9397182 ],cruising,[ 0.63925976  0.24903542 -0.34837281]
572.7676959037781,1004,False,4,2,[-7.39368079 -1.25316761  1.87423459],landing,[-0.62185191  0.08809385  0.93462812]
572.7676959037781,1005,False,1,0,[2.45301445 8.92329655 3.52856572],landing,[ 0.50568378 -0.03156594 -0.11489306]
572.8707993030548,1000,False,1,6,[7.5609244  0.78480081 3.74509057],entering,[-0.82138112 -0.19970136 -0.21083176]
572.8707993030548,1001,False,0,5,[-8.10121799  7.92662604  1.29201044],fake_landed,[-0.48080528  0.59740651 -0.20557775]
572.8707993030548,1002,False,3,1,[-0.87181717 -8.01818052  1.78200947],queued,[ 0.5677905  -0.59831228 -0.99408226]
572.8707993030548,1003,False,6,4,[8.44064269 2.02814469 3.94876047],cruising,[ 0.63925976  0.24903542 -0.34837281]
572.8707993030548,1004,False,4,2,[-7.40286777 -1.23129155  1.77709017],landing,[-0.62185191  0.08809385  0.93462812]
572.8707993030548,1005,False,1,0,[2.47211741 8.90851331 3.43152689],landing,[ 0.50568378 -0.03156594 -0.11489306]
572.9645020961761,1000,False,1,6,[7.70501618 0.64610129 3.78332699],entering,[-0.82138112 -0.19970136 -0.21083176]
572.9645020961761,1001,False,0,5,[-8.09757863  7.92926425  1.27252211],fake_landed,[-0.48080528  0.59740651 -0.20557775]
572.9645020961761,1002,False,3,1,[-0.87181717 -8.01818052  1.85700947],entering,[ 0.5677905  -0.59831228 -0.99408226]
572.9645020961761,1003,False,6,4,[8.45366777 1.82856927 3.9564464 ],cruising,[ 0.63925976  0.24903542 -0.34837281]
572.9645020961761,1004,False,4,2,[-7.41205475 -1.2094155   1.67994575],landing,[-0.62185191  0.08809385  0.93462812]
572.9645020961761,1005,False,1,0,[2.49122038 8.89373008 3.33448807],landing,[ 0.50568378 -0.03156594 -0.11489306]
573.0793013572693,1000,False,1,6,[7.8356257  0.49463792 3.81582794],entering,[-0.82138112 -0.19970136 -0.21083176]
573.0793013572693,1001,False,5,3,[-8.09757863  7.92926425  1.27252211],waiting,[-0.48080528  0.59740651 -0.20557775]
573.0793013572693,1002,False,3,1,[-0.87830446 -7.99926188  1.93200947],entering,[ 0.5677905  -0.59831228 -0.99408226]
573.0793013572693,1003,False,6,4,[8.46383475 1.62882786 3.96297944],cruising,[ 0.63925976  0.24903542 -0.34837281]
573.0793013572693,1004,False,4,2,[-7.42124172 -1.18753944  1.58280134],landing,[-0.62185191  0.08809385  0.93462812]
573.0793013572693,1005,False,1,0,[2.51032334 8.87894684 3.23744925],landing,[ 0.50568378 -0.03156594 -0.11489306]
573.1686925888062,1000,False,1,6,[7.95104654 0.33130381 3.84345375],entering,[-0.82138112 -0.19970136 -0.21083176]
573.1686925888062,1001,False,5,3,[-8.09757863  7.92926425  1.27252211],waiting,[-0.48080528  0.59740651 -0.20557775]
573.1686925888062,1002,False,3,1,[-0.89127903 -7.96142459  2.00700947],entering,[ 0.5677905  -0.59831228 -0.99408226]
573.1686925888062,1003,False,6,4,[8.47379083 1.42907582 3.96853252],cruising,[ 0.63925976  0.24903542 -0.34837281]
573.1686925888062,1004,False,4,2,[-7.4304287  -1.16566338  1.48565692],fake_landed,[-0.62185191  0.08809385  0.93462812]
573.1686925888062,1005,False,1,0,[2.5294263  8.8641636  3.14041043],landing,[ 0.50568378 -0.03156594 -0.11489306]
573.2644612789154,1000,False,1,6,[8.05017917 0.15760085 3.86693569],cruising,[-0.82138112 -0.19970136 -0.21083176]
573.2644612789154,1001,False,5,3,[-8.09757863  7.92926425  1.27252211],waiting,[-0.48080528  0.59740651 -0.20557775]
573.2644612789154,1002,False,3,1,[-0.9107409  -7.90466865  2.08200947],entering,[ 0.5677905  -0.59831228 -0.99408226]
573.2644612789154,1003,False,6,4,[8.48302233 1.22928899 3.97325265],cruising,[ 0.63925976  0.24903542 -0.34837281]
573.2644612789154,1004,False,4,2,[-7.43777828 -1.14816254  1.40794139],fake_landed,[-0.62185191  0.08809385  0.93462812]
573.2644612789154,1005,False,1,0,[2.54852926 8.84938036 3.04337161],landing,[ 0.50568378 -0.03156594 -0.11489306]
573.3704867362976,1000,False,1,6,[ 8.13170876 -0.02497834  3.88704931],cruising,[-0.82138112 -0.19970136 -0.21083176]
573.3704867362976,1001,False,5,3,[-8.09757863  7.92926425  1.27252211],waiting,[-0.48080528  0.59740651 -0.20557775]
573.3704867362976,1002,False,3,1,[-0.93669005 -7.82899408  2.15700947],entering,[ 0.5677905  -0.59831228 -0.99408226]
573.3704867362976,1003,False,6,4,[8.48881706 1.02937295 3.97726475],cruising,[ 0.63925976  0.24903542 -0.34837281]
573.3704867362976,1004,False,4,2,[-7.44329047 -1.1350369   1.34965474],fake_landed,[-0.62185191  0.08809385  0.93462812]
573.3704867362976,1005,False,1,0,[2.56763222 8.83459712 2.94633279],landing,[ 0.50568378 -0.03156594 -0.11489306]
573.4637875556946,1000,False,1,6,[ 8.19653686 -0.21418013  3.90399191],cruising,[-0.82138112 -0.19970136 -0.21083176]
573.4637875556946,1001,False,5,3,[-8.09757863  7.92926425  1.27252211],waiting,[-0.48080528  0.59740651 -0.20557775]
573.4637875556946,1002,False,3,1,[-0.96912649 -7.73440086  2.23200947],entering,[ 0.5677905  -0.59831228 -0.99408226]
573.4637875556946,1003,False,6,4,[8.49364964 0.82943134 3.98067504],cruising,[ 0.63925976  0.24903542 -0.34837281]
573.4637875556946,1004,False,4,2,[-7.44696526 -1.12628648  1.31079697],fake_landed,[-0.62185191  0.08809385  0.93462812]
573.4637875556946,1005,False,1,0,[2.58673518 8.81981389 2.84929397],landing,[ 0.50568378 -0.03156594 -0.11489306]
573.5693545341492,1000,False,1,6,[ 8.24685907 -0.40774582  3.91839312],cruising,[-0.82138112 -0.19970136 -0.21083176]
573.5693545341492,1001,False,5,3,[-8.09757863  7.92926425  1.27252211],waiting,[-0.48080528  0.59740651 -0.20557775]
573.5693545341492,1002,False,3,1,[-1.00805021 -7.62088899  2.30700947],entering,[ 0.5677905  -0.59831228 -0.99408226]
573.5693545341492,1003,False,6,4,[8.49721041 0.62946305 3.98357378],cruising,[ 0.63925976  0.24903542 -0.34837281]
573.5693545341492,1004,False,4,2,[-7.44880265 -1.12191127  1.29136809],fake_landed,[-0.62185191  0.08809385  0.93462812]
573.5693545341492,1005,False,1,0,[2.60583814 8.80503065 2.75225515],landing,[ 0.50568378 -0.03156594 -0.11489306]
573.6731510162354,1000,False,1,6,[ 8.28424431 -0.60422061  3.93063415],cruising,[-0.82138112 -0.19970136 -0.21083176]
573.6731510162354,1001,False,5,3,[-8.09757863  7.92926425  1.27252211],waiting,[-0.48080528  0.59740651 -0.20557775]
573.6731510162354,1002,False,3,1,[-1.05346122 -7.48845848  2.38200947],entering,[ 0.5677905  -0.59831228 -0.99408226]
573.6731510162354,1003,False,6,4,[8.49717119 0.42946305 3.98603771],cruising,[ 0.63925976  0.24903542 -0.34837281]
573.6731510162354,1004,False,2,5,[-7.44880265 -1.12191127  1.29136809],waiting,[-0.62185191  0.08809385  0.93462812]
573.6731510162354,1005,False,1,0,[2.6249411  8.79024741 2.65521633],landing,[ 0.50568378 -0.03156594 -0.11489306]
573.7656836509705,1000,False,1,6,[ 8.31033219 -0.80251187  3.94103903],cruising,[-0.82138112 -0.19970136 -0.21083176]
573.7656836509705,1001,False,5,3,[-8.09757863  7.92926425  1.27252211],waiting,[-0.48080528  0.59740651 -0.20557775]
573.7656836509705,1002,False,3,1,[-1.10535953 -7.33710933  2.45700947],entering,[ 0.5677905  -0.59831228 -0.99408226]
573.7656836509705,1003,False,6,4,[8.49581757 0.22946763 3.98813206],cruising,[ 0.63925976  0.24903542 -0.34837281]
573.7656836509705,1004,False,2,5,[-7.44880265 -1.12191127  1.29136809],waiting,[-0.62185191  0.08809385  0.93462812]
573.7656836509705,1005,False,1,0,[2.64404406 8.77546417 2.55817751],landing,[ 0.50568378 -0.03156594 -0.11489306]
573.8644511699677,1000,False,1,6,[ 8.32452229 -1.00200784  3.94988318],cruising,[-0.82138112 -0.19970136 -0.21083176]
573.8644511699677,1001,False,5,3,[-8.09757863  7.92926425  1.27252211],waiting,[-0.48080528  0.59740651 -0.20557775]
573.8644511699677,1002,False,3,1,[-1.16374511 -7.16684153  2.53200947],entering,[ 0.5677905  -0.59831228 -0.99408226]
573.8644511699677,1003,False,6,4,[8.49292759 0.02948851 3.98991225],cruising,[ 0.63925976  0.24903542 -0.34837281]
573.8644511699677,1004,False,2,5,[-7.44880265 -1.12191127  1.29136809],waiting,[-0.62185191  0.08809385  0.93462812]
573.8644511699677,1005,False,1,0,[2.66314702 8.76068093 2.46113869],landing,[ 0.50568378 -0.03156594 -0.11489306]
573.9647574424744,1000,False,1,6,[ 8.33059603 -1.20191559  3.9574007 ],cruising,[-0.82138112 -0.19970136 -0.21083176]
573.9647574424744,1001,False,5,3,[-8.09757863  7.92926425  1.27252211],waiting,[-0.48080528  0.59740651 -0.20557775]
573.9647574424744,1002,False,3,1,[-1.22986981 -6.97813176  2.60700947],entering,[ 0.5677905  -0.59831228 -0.99408226]
573.9647574424744,1003,False,6,4,[ 8.48832537 -0.17045853  3.99142541],cruising,[ 0.63925976  0.24903542 -0.34837281]
573.9647574424744,1004,False,2,5,[-7.44880265 -1.12191127  1.29136809],queued,[-0.62185191  0.08809385  0.93462812]
573.9647574424744,1005,False,1,0,[2.68224999 8.7458977  2.36409987],landing,[ 0.50568378 -0.03156594 -0.11489306]
574.0780298709869,1000,False,1,6,[ 8.32960276 -1.40191312  3.9637906 ],cruising,[-0.82138112 -0.19970136 -0.21083176]
574.0780298709869,1001,False,5,3,[-8.09757863  7.92926425  1.27252211],waiting,[-0.48080528  0.59740651 -0.20557775]
574.0780298709869,1002,False,3,1,[-1.29601028 -6.78938474  2.68200947],entering,[ 0.5677905  -0.59831228 -0.99408226]
574.0780298709869,1003,False,6,4,[ 8.47982254 -0.3702777   3.9927116 ],cruising,[ 0.63925976  0.24903542 -0.34837281]
574.0780298709869,1004,False,2,5,[-7.44880265 -1.12191127  1.31136809],queued,[-0.62185191  0.08809385  0.93462812]
574.0780298709869,1005,False,1,0,[2.70135295 8.73111446 2.26706104],landing,[ 0.50568378 -0.03156594 -0.11489306]
574.1706817150116,1000,False,1,6,[ 8.3200909  -1.60168681  3.96922201],cruising,[-0.82138112 -0.19970136 -0.21083176]
574.1706817150116,1001,False,5,3,[-8.09757863  7.92926425  1.27252211],waiting,[-0.48080528  0.59740651 -0.20557775]
574.1706817150116,1002,False,3,1,[-1.36215076 -6.60063772  2.75700947],entering,[ 0.5677905  -0.59831228 -0.99408226]
574.1706817150116,1003,False,6,4,[ 8.46968327 -0.57002053  3.99380486],cruising,[ 0.63925976  0.24903542 -0.34837281]
574.1706817150116,1004,False,2,5,[-7.44880265 -1.12191127  1.35136809],queued,[-0.62185191  0.08809385  0.93462812]
574.1706817150116,1005,False,1,0,[2.72045591 8.71633122 2.17002222],landing,[ 0.50568378 -0.03156594 -0.11489306]
574.2638068199158,1000,False,1,6,[ 8.30530111 -1.80113921  3.97383871],cruising,[-0.82138112 -0.19970136 -0.21083176]
574.2638068199158,1001,False,5,3,[-8.09757863  7.92926425  1.27252211],waiting,[-0.48080528  0.59740651 -0.20557775]
574.2638068199158,1002,False,3,1,[-1.42898227 -6.41213428  2.83200947],entering,[ 0.5677905  -0.59831228 -0.99408226]
574.2638068199158,1003,False,6,4,[ 8.45772769 -0.76966287  3.99473413],cruising,[ 0.63925976  0.24903542 -0.34837281]
574.2638068199158,1004,False,2,5,[-7.44880265 -1.12191127  1.41136809],queued,[-0.62185191  0.08809385  0.93462812]
574.2638068199158,1005,False,1,0,[2.73955887 8.70154798 2.0729834 ],landing,[ 0.50568378 -0.03156594 -0.11489306]
574.3792402744293,1000,False,1,6,[ 8.28564563 -2.00017102  3.9777629 ],cruising,[-0.82138112 -0.19970136 -0.21083176]
574.3792402744293,1001,False,5,3,[-8.09757863  7.92926425  1.27252211],waiting,[-0.48080528  0.59740651 -0.20557775]
574.3792402744293,1002,False,3,1,[-1.49644145 -6.22385454  2.90700947],entering,[ 0.5677905  -0.59831228 -0.99408226]
574.3792402744293,1003,False,6,4,[ 8.4438015  -0.96917743  3.99552401],cruising,[ 0.63925976  0.24903542 -0.34837281]
574.3792402744293,1004,False,2,5,[-7.44880265 -1.12191127  1.48636809],queued,[-0.62185191  0.08809385  0.93462812]
574.3792402744293,1005,False,1,0,[2.75866183 8.68676474 1.97594458],landing,[ 0.50568378 -0.03156594 -0.11489306]
574.4728727340698,1000,False,1,6,[ 8.25877772 -2.1983581   3.98109846],cruising,[-0.82138112 -0.19970136 -0.21083176]
574.4728727340698,1001,False,5,3,[-8.09757863  7.92926425  1.27252211],queued,[-0.48080528  0.59740651 -0.20557775]
574.4728727340698,1002,False,3,1,[-1.56390062 -6.0355748   2.98200947],entering,[ 0.5677905  -0.59831228 -0.99408226]
574.4728727340698,1003,False,6,4,[ 8.425593   -1.16834683  3.99619541],cruising,[ 0.63925976  0.24903542 -0.34837281]
574.4728727340698,1004,False,2,5,[-7.44880265 -1.12191127  1.56136809],queued,[-0.62185191  0.08809385  0.93462812]
574.4728727340698,1005,False,1,0,[2.77776479 8.67198151 1.87890576],landing,[ 0.50568378 -0.03156594 -0.11489306]
574.5644500255585,1000,False,1,6,[ 8.22779959 -2.39594442  3.98393369],cruising,[-0.82138112 -0.19970136 -0.21083176]
574.5644500255585,1001,False,5,3,[-8.09757863  7.92926425  1.29252211],queued,[-0.48080528  0.59740651 -0.20557775]
574.5644500255585,1002,False,3,1,[-1.63263336 -5.84775624  3.05700947],entering,[ 0.5677905  -0.59831228 -0.99408226]
574.5644500255585,1003,False,6,4,[ 8.40546466 -1.36733138  3.9967661 ],cruising,[ 0.63925976  0.24903542 -0.34837281]
574.5644500255585,1004,False,2,5,[-7.44880265 -1.12191127  1.63636809],queued,[-0.62185191  0.08809385  0.93462812]
574.5644500255585,1005,False,1,0,[2.79686775 8.65719827 1.78186694],landing,[ 0.50568378 -0.03156594 -0.11489306]
574.6676080226898,1000,False,1,6,[ 8.19270883 -2.59284195  3.98634364],cruising,[-0.82138112 -0.19970136 -0.21083176]
574.6676080226898,1001,False,5,3,[-8.09757863  7.92926425  1.33252211],queued,[-0.48080528  0.59740651 -0.20557775]
574.6676080226898,1002,False,3,1,[-1.7013661  -5.65993769  3.13200947],entering,[ 0.5677905  -0.59831228 -0.99408226]
574.6676080226898,1003,False,6,4,[ 8.38321371 -1.56608976  3.99725118],cruising,[ 0.63925976  0.24903542 -0.34837281]
574.6676080226898,1004,False,2,5,[-7.44880265 -1.12191127  1.71136809],queued,[-0.62185191  0.08809385  0.93462812]
574.6676080226898,1005,False,1,0,[2.81597071 8.64241503 1.68482812],landing,[ 0.50568378 -0.03156594 -0.11489306]
574.774257183075,1000,False,1,6,[ 8.15014553 -2.78826039  3.98839209],cruising,[-0.82138112 -0.19970136 -0.21083176]
574.774257183075,1001,False,5,3,[-8.09757863  7.92926425  1.39252211],queued,[-0.48080528  0.59740651 -0.20557775]
574.774257183075,1002,False,3,1,[-1.77123762 -5.47253979  3.20700947],entering,[ 0.5677905  -0.59831228 -0.99408226]
574.774257183075,1003,False,6,4,[ 8.35629298 -1.76426967  3.99766351],cruising,[ 0.63925976  0.24903542 -0.34837281]
574.774257183075,1004,False,2,5,[-7.44880265 -1.12191127  1.78636809],queued,[-0.62185191  0.08809385  0.93462812]
574.774257183075,1005,False,1,0,[2.83507367 8.62763179 1.5877893 ],landing,[ 0.50568378 -0.03156594 -0.11489306]
574.8642904758453,1000,False,1,6,[ 8.10355298 -2.98275752  3.99013328],cruising,[-0.82138112 -0.19970136 -0.21083176]
574.8642904758453,1001,False,5,3,[-8.09757863  7.92926425  1.46752211],queued,[-0.48080528  0.59740651 -0.20557775]
574.8642904758453,1002,False,3,1,[-1.84041898 -5.28488602  3.28200947],entering,[ 0.5677905  -0.59831228 -0.99408226]
574.8642904758453,1003,False,6,4,[ 8.327175   -1.96213867  3.99801398],cruising,[ 0.63925976  0.24903542 -0.34837281]
574.8642904758453,1004,False,2,5,[-7.44880265 -1.12191127  1.86136809],queued,[-0.62185191  0.08809385  0.93462812]
574.8642904758453,1005,False,1,0,[2.85417663 8.61284855 1.49075048],fake_landed,[ 0.50568378 -0.03156594 -0.11489306]
574.9640045166016,1000,False,1,6,[ 8.04869124 -3.17508586  3.99161329],cruising,[-0.82138112 -0.19970136 -0.21083176]
574.9640045166016,1001,False,5,3,[-8.09757863  7.92926425  1.54252211],queued,[-0.48080528  0.59740651 -0.20557775]
574.9640045166016,1002,False,3,1,[-1.9113161  -5.09787372  3.35700947],entering,[ 0.5677905  -0.59831228 -0.99408226]
574.9640045166016,1003,False,6,4,[ 8.29559469 -2.15962965  3.99831188],cruising,[ 0.63925976  0.24903542 -0.34837281]
574.9640045166016,1004,False,2,5,[-7.44880265 -1.12191127  1.93636809],queued,[-0.62185191  0.08809385  0.93462812]
574.9640045166016,1005,False,1,0,[2.869459   8.60102196 1.41311942],fake_landed,[ 0.50568378 -0.03156594 -0.11489306]
575.0778234004974,1000,False,1,6,[ 7.98512615 -3.36471571  3.9928713 ],cruising,[-0.82138112 -0.19970136 -0.21083176]
575.0778234004974,1001,False,5,3,[-8.09757863  7.92926425  1.61752211],queued,[-0.48080528  0.59740651 -0.20557775]
575.0778234004974,1002,False,3,1,[-1.98283091 -4.91109676  3.43200947],entering,[ 0.5677905  -0.59831228 -0.99408226]
575.0778234004974,1003,False,6,4,[ 8.25853199 -2.35616554  3.9985651 ],cruising,[ 0.63925976  0.24903542 -0.34837281]
575.0778234004974,1004,False,2,5,[-7.44880265 -1.12191127  2.01136809],queued,[-0.62185191  0.08809385  0.93462812]
575.0778234004974,1005,False,1,0,[2.88092078 8.59215202 1.35489613],fake_landed,[ 0.50568378 -0.03156594 -0.11489306]
575.166345834732,1000,False,1,6,[ 7.9167769  -3.55267416  3.9939406 ],cruising,[-0.82138112 -0.19970136 -0.21083176]
575.166345834732,1001,False,5,3,[-8.09757863  7.92926425  1.69252211],queued,[-0.48080528  0.59740651 -0.20557775]
575.166345834732,1002,False,3,1,[-2.05460799 -4.72442044  3.50700947],entering,[ 0.5677905  -0.59831228 -0.99408226]
575.166345834732,1003,False,6,4,[ 8.21878038 -2.55217525  3.99878034],cruising,[ 0.63925976  0.24903542 -0.34837281]
575.166345834732,1004,False,2,5,[-7.44880265 -1.12191127  2.08636809],queued,[-0.62185191  0.08809385  0.93462812]
575.166345834732,1005,False,1,0,[2.88856196 8.58623873 1.3160806 ],fake_landed,[ 0.50568378 -0.03156594 -0.11489306]
575.2695417404175,1000,False,1,6,[ 7.83729889 -3.73620412  3.99484951],cruising,[-0.82138112 -0.19970136 -0.21083176]
575.2695417404175,1001,False,5,3,[-8.09757863  7.92926425  1.76752211],queued,[-0.48080528  0.59740651 -0.20557775]
575.2695417404175,1002,False,3,1,[-2.12627856 -4.53770319  3.58095805],entering,[ 0.5677905  -0.59831228 -0.99408226]
575.2695417404175,1003,False,6,4,[ 8.17284679 -2.74682906  3.99896329],cruising,[ 0.63925976  0.24903542 -0.34837281]
575.2695417404175,1004,False,2,5,[-7.44880265 -1.12191127  2.16136809],entering,[-0.62185191  0.08809385  0.93462812]
575.2695417404175,1005,False,1,0,[2.89238256 8.58328208 1.29667284],fake_landed,[ 0.50568378 -0.03156594 -0.11489306]
575.3642222881317,1000,False,1,6,[ 7.74522456 -3.91374938  3.99562208],cruising,[-0.82138112 -0.19970136 -0.21083176]
575.3642222881317,1001,False,5,3,[-8.09757863  7.92926425  1.84252211],queued,[-0.48080528  0.59740651 -0.20557775]
575.3642222881317,1002,False,3,1,[-2.1958499  -4.35019365  3.64381434],entering,[ 0.5677905  -0.59831228 -0.99408226]
575.3642222881317,1003,False,6,4,[ 8.12375932 -2.94071155  3.99911879],cruising,[ 0.63925976  0.24903542 -0.34837281]
575.3642222881317,1004,False,2,5,[-7.43572299 -1.10678109  2.23636809],entering,[-0.62185191  0.08809385  0.93462812]
575.3642222881317,1005,False,1,0,[2.89238256 8.58328208 1.29667284],fake_landed,[ 0.50568378 -0.03156594 -0.11489306]
575.4662578105927,1000,False,1,6,[ 7.63850724 -4.08289846  3.99627877],cruising,[-0.82138112 -0.19970136 -0.21083176]
575.4662578105927,1001,False,5,3,[-8.09757863  7.92926425  1.91752211],queued,[-0.48080528  0.59740651 -0.20557775]
575.4662578105927,1002,False,3,1,[-2.26543026 -4.16268745  3.69724219],entering,[ 0.5677905  -0.59831228 -0.99408226]
575.4662578105927,1003,False,6,4,[ 8.06729    -3.13257404  3.99925097],cruising,[ 0.63925976  0.24903542 -0.34837281]
575.4662578105927,1004,False,2,5,[-7.40957857 -1.07650785  2.31136809],entering,[-0.62185191  0.08809385  0.93462812]
575.4662578105927,1005,False,0,2,[2.89238256 8.58328208 1.29667284],waiting,[ 0.50568378 -0.03156594 -0.11489306]
575.5782608985901,1000,False,1,6,[ 7.51546168 -4.24049855  3.99684209],cruising,[-0.82138112 -0.19970136 -0.21083176]
575.5782608985901,1001,False,5,3,[-8.09757863  7.92926425  1.99252211],queued,[-0.48080528  0.59740651 -0.20557775]
575.5782608985901,1002,False,3,1,[-2.3272622  -3.97248543  3.74265586],entering,[ 0.5677905  -0.59831228 -0.99408226]
575.5782608985901,1003,False,6,4,[ 8.00692163 -3.32324565  3.99936333],exiting,[ 0.63925976  0.24903542 -0.34837281]
575.5782608985901,1004,False,2,5,[-7.37040243 -1.03106311  2.38636809],entering,[-0.62185191  0.08809385  0.93462812]
575.5782608985901,1005,False,0,2,[2.89238256 8.58328208 1.29667284],waiting,[ 0.50568378 -0.03156594 -0.11489306]
575.6786308288574,1000,False,1,6,[ 7.37807141 -4.38416207  3.99736435],cruising,[-0.82138112 -0.19970136 -0.21083176]
575.6786308288574,1001,False,5,3,[-8.09757863  7.92926425  2.06752211],queued,[-0.48080528  0.59740651 -0.20557775]
575.6786308288574,1002,False,3,1,[-2.38796078 -3.78191869  3.78125748],entering,[ 0.5677905  -0.59831228 -0.99408226]
575.6786308288574,1003,False,6,4,[ 7.95945922 -3.49863863  3.99947554],exiting,[ 0.63925976  0.24903542 -0.34837281]
575.6786308288574,1004,False,2,5,[-7.31825766 -0.97039293  2.46136809],entering,[-0.62185191  0.08809385  0.93462812]
575.6786308288574,1005,False,0,2,[2.89238256 8.58328208 1.29667284],queued,[ 0.50568378 -0.03156594 -0.11489306]
575.7741146087646,1000,False,1,6,[ 7.22811906 -4.51226305  3.99784615],cruising,[-0.82138112 -0.19970136 -0.21083176]
575.7741146087646,1001,False,5,3,[-8.09757863  7.92926425  2.14252211],queued,[-0.48080528  0.59740651 -0.20557775]
575.7741146087646,1002,False,3,1,[-2.44865704 -3.59135121  3.81406886],cruising,[ 0.5677905  -0.59831228 -0.99408226]
575.7741146087646,1003,False,6,4,[ 7.92505894 -3.6588863   3.99958454],exiting,[ 0.63925976  0.24903542 -0.34837281]
575.7741146087646,1004,False,2,5,[-7.25326788 -0.89439284  2.53636809],entering,[-0.62185191  0.08809385  0.93462812]
575.7741146087646,1005,False,0,2,[2.89238256 8.58328208 1.31667284],queued,[ 0.50568378 -0.03156594 -0.11489306]
575.8702132701874,1000,False,1,6,[ 7.067627  -4.6233666  3.9982888],cruising,[-0.82138112 -0.19970136 -0.21083176]
575.8702132701874,1001,False,5,3,[-8.09757863  7.92926425  2.21752211],queued,[-0.48080528  0.59740651 -0.20557775]
575.8702132701874,1002,False,3,1,[-2.50330231 -3.39896125  3.84195853],cruising,[ 0.5677905  -0.59831228 -0.99408226]
575.8702132701874,1003,False,6,4,[ 7.90391822 -3.80416119  3.99968595],exiting,[ 0.63925976  0.24903542 -0.34837281]
575.8702132701874,1004,False,2,5,[-7.17575094 -0.80280204  2.61136809],entering,[-0.62185191  0.08809385  0.93462812]
575.8702132701874,1005,False,0,2,[2.89238256 8.58328208 1.35667284],queued,[ 0.50568378 -0.03156594 -0.11489306]
575.9764006137848,1000,False,1,6,[ 6.89875903 -4.71630857  3.9986933 ],cruising,[-0.82138112 -0.19970136 -0.21083176]
575.9764006137848,1001,False,5,3,[-8.09757863  7.92926425  2.29252211],queued,[-0.48080528  0.59740651 -0.20557775]
575.9764006137848,1002,False,3,1,[-2.55308041 -3.20525493  3.86566475],cruising,[ 0.5677905  -0.59831228 -0.99408226]
575.9764006137848,1003,False,6,4,[ 7.89628059 -3.93468256  3.99977336],exiting,[ 0.63925976  0.24903542 -0.34837281]
575.9764006137848,1004,False,2,5,[-7.08603121 -0.69536535  2.68636809],entering,[-0.62185191  0.08809385  0.93462812]
575.9764006137848,1005,False,0,2,[2.89238256 8.58328208 1.41667284],queued,[ 0.50568378 -0.03156594 -0.11489306]
576.0670473575592,1000,False,1,6,[ 6.72373474 -4.79022166  3.99905996],cruising,[-0.82138112 -0.19970136 -0.21083176]
576.0670473575592,1001,False,5,3,[-8.09757863  7.92926425  2.36752211],queued,[-0.48080528  0.59740651 -0.20557775]
576.0670473575592,1002,False,3,1,[-2.59578046 -3.00986632  3.88581504],cruising,[ 0.5677905  -0.59831228 -0.99408226]
576.0670473575592,1003,False,6,4,[ 7.90234121 -4.05063143  3.99984035],exiting,[ 0.63925976  0.24903542 -0.34837281]
576.0670473575592,1004,False,2,5,[-6.98465805 -0.57167452  2.76136809],entering,[-0.62185191  0.08809385  0.93462812]
576.0670473575592,1005,False,0,2,[2.89238256 8.58328208 1.49167284],queued,[ 0.50568378 -0.03156594 -0.11489306]
576.1648104190826,1000,False,1,6,[ 6.54480071 -4.84452066  3.99938852],cruising,[-0.82138112 -0.19970136 -0.21083176]
576.1648104190826,1001,False,5,3,[-8.09757863  7.92926425  2.44252211],queued,[-0.48080528  0.59740651 -0.20557775]
576.1648104190826,1002,False,3,1,[-2.63797765 -2.81436851  3.90294278],cruising,[ 0.5677905  -0.59831228 -0.99408226]
576.1648104190826,1003,False,6,4,[ 7.92229579 -4.1521943   3.99987837],exiting,[ 0.63925976  0.24903542 -0.34837281]
576.1648104190826,1004,False,2,5,[-6.87280755 -0.43094768  2.83636809],entering,[-0.62185191  0.08809385  0.93462812]
576.1648104190826,1005,False,0,2,[2.89238256 8.58328208 1.56667284],queued,[ 0.50568378 -0.03156594 -0.11489306]
576.2640480995178,1000,False,1,6,[ 6.36422018 -4.87888759  3.99967816],cruising,[-0.82138112 -0.19970136 -0.21083176]
576.2640480995178,1001,False,5,3,[-8.09757863  7.92926425  2.51752211],entering,[-0.48080528  0.59740651 -0.20557775]
576.2640480995178,1002,False,3,1,[-2.67765081 -2.6183429   3.91750137],cruising,[ 0.5677905  -0.59831228 -0.99408226]
576.2640480995178,1003,False,6,4,[ 7.9468378  -4.24913598  3.99990043],exiting,[ 0.63925976  0.24903542 -0.34837281]
576.2640480995178,1004,False,2,5,[-6.75313277 -0.27181485  2.91136809],entering,[-0.62185191  0.08809385  0.93462812]
576.2640480995178,1005,False,0,2,[2.89238256 8.58328208 1.64167284],queued,[ 0.50568378 -0.03156594 -0.11489306]
576.3662133216858,1000,False,1,6,[ 6.1836276  -4.89325457  3.99992764],cruising,[-0.82138112 -0.19970136 -0.21083176]
576.3662133216858,1001,False,5,3,[-8.07973089  7.92023883  2.59252211],entering,[-0.48080528  0.59740651 -0.20557775]
576.3662133216858,1002,False,3,1,[-2.71889448 -2.42264169  3.92987616],cruising,[ 0.5677905  -0.59831228 -0.99408226]
576.3662133216858,1003,False,6,4,[ 7.97137981 -4.34607767  3.99991859],exiting,[ 0.63925976  0.24903542 -0.34837281]
576.3662133216858,1004,False,2,5,[-6.63636649 -0.10943987  2.98636809],entering,[-0.62185191  0.08809385  0.93462812]
576.3662133216858,1005,False,0,2,[2.89238256 8.58328208 1.71667284],queued,[ 0.50568378 -0.03156594 -0.11489306]
576.4699997901917,1000,False,1,6,[ 6.00392628 -4.88764146  4.00013374],cruising,[-0.82138112 -0.19970136 -0.21083176]
576.4699997901917,1001,False,5,3,[-8.04402175  7.90221506  2.66752211],entering,[-0.48080528  0.59740651 -0.20557775]
576.4699997901917,1002,False,3,1,[-2.76191843 -2.22732416  3.94039474],cruising,[ 0.5677905  -0.59831228 -0.99408226]
576.4699997901917,1003,False,6,4,[ 7.99592182 -4.44301935  3.99993352],exiting,[ 0.63925976  0.24903542 -0.34837281]
576.4699997901917,1004,False,2,5,[-6.52313506  0.0554196   3.06136809],entering,[-0.62185191  0.08809385  0.93462812]
576.4699997901917,1005,False,0,2,[2.89238256 8.58328208 1.79167284],queued,[ 0.50568378 -0.03156594 -0.11489306]
576.570113658905,1000,False,1,6,[ 5.82629783 -4.86213611  4.00029534],cruising,[-0.82138112 -0.19970136 -0.21083176]
576.570113658905,1001,False,5,3,[-7.99042108  7.875253    2.74252211],entering,[-0.48080528  0.59740651 -0.20557775]
576.570113658905,1002,False,3,1,[-2.80619724 -2.03228727  3.94933553],cruising,[ 0.5677905  -0.59831228 -0.99408226]
576.570113658905,1003,False,6,4,[ 8.02046382 -4.53996103  3.99994579],exiting,[ 0.63925976  0.24903542 -0.34837281]
576.570113658905,1004,False,2,5,[-6.4140545   0.22305441  3.13636809],entering,[-0.62185191  0.08809385  0.93462812]
576.570113658905,1005,False,0,2,[2.89238256 8.58328208 1.86667284],queued,[ 0.50568378 -0.03156594 -0.11489306]
576.6638505458832,1000,False,1,6,[ 5.65125218 -4.81679828  4.00040904],cruising,[-0.82138112 -0.19970136 -0.21083176]
576.6638505458832,1001,False,5,3,[-7.9188718   7.83946781  2.81752211],entering,[-0.48080528  0.59740651 -0.20557775]
576.6638505458832,1002,False,3,1,[-2.85343767 -1.83794649  3.9569352 ],cruising,[ 0.5677905  -0.59831228 -0.99408226]
576.6638505458832,1003,False,6,4,[ 8.04500583 -4.63690272  3.99995587],exiting,[ 0.63925976  0.24903542 -0.34837281]
576.6638505458832,1004,False,2,5,[-6.30966359  0.39364908  3.21136809],entering,[-0.62185191  0.08809385  0.93462812]
576.6638505458832,1005,False,0,2,[2.89238256 8.58328208 1.94167284],queued,[ 0.50568378 -0.03156594 -0.11489306]
576.7670063972473,1000,False,1,6,[ 5.47949733 -4.75173312  4.00047344],cruising,[-0.82138112 -0.19970136 -0.21083176]
576.7670063972473,1001,False,5,3,[-7.82932231  7.79496525  2.89252211],entering,[-0.48080528  0.59740651 -0.20557775]
576.7670063972473,1002,False,3,1,[-2.90388882 -1.64441437  3.96339492],cruising,[ 0.5677905  -0.59831228 -0.99408226]
576.7670063972473,1003,False,6,4,[ 8.06954784 -4.7338444   3.99996413],exiting,[ 0.63925976  0.24903542 -0.34837281]
576.7670063972473,1004,False,2,5,[-6.21066564  0.56742884  3.28636809],entering,[-0.62185191  0.08809385  0.93462812]
576.7670063972473,1005,False,0,2,[2.89238256 8.58328208 2.01667284],queued,[ 0.50568378 -0.03156594 -0.11489306]
576.8737802505493,1000,False,1,6,[ 5.31078601 -4.66690096  4.00048336],cruising,[-0.82138112 -0.19970136 -0.21083176]
576.8737802505493,1001,False,5,3,[-7.72174689  7.74179865  2.96752211],entering,[-0.48080528  0.59740651 -0.20557775]
576.8737802505493,1002,False,3,1,[-2.95786642 -1.45183602  3.96888568],cruising,[ 0.5677905  -0.59831228 -0.99408226]
576.8737802505493,1003,False,6,4,[ 8.09408985 -4.83078608  3.99997089],exiting,[ 0.63925976  0.24903542 -0.34837281]
576.8737802505493,1004,False,2,5,[-6.11789345  0.74461044  3.36136809],entering,[-0.62185191  0.08809385  0.93462812]
576.8737802505493,1005,False,0,2,[2.89238256 8.58328208 2.09167284],queued,[ 0.50568378 -0.03156594 -0.11489306]
576.9672334194183,1000,False,1,6,[ 5.14452068 -4.56221903  4.00043437],cruising,[-0.82138112 -0.19970136 -0.21083176]
576.9672334194183,1001,False,5,3,[-7.59613168  7.67999688  3.04252211],entering,[-0.48080528  0.59740651 -0.20557775]
576.9672334194183,1002,False,3,1,[-3.01573141 -1.26038983  3.97355283],cruising,[ 0.5677905  -0.59831228 -0.99408226]
576.9672334194183,1003,False,6,4,[ 8.11863186 -4.92772776  3.99997643],exiting,[ 0.63925976  0.24903542 -0.34837281]
576.9672334194183,1004,False,2,5,[-6.03231602  0.92537688  3.43636809],entering,[-0.62185191  0.08809385  0.93462812]
576.9672334194183,1005,False,0,2,[2.89238256 8.58328208 2.16667284],queued,[ 0.50568378 -0.03156594 -0.11489306]
577.0683305263519,1000,False,1,6,[ 4.9745813  -4.45676475  4.00036921],cruising,[-0.82138112 -0.19970136 -0.21083176]
577.0683305263519,1001,False,5,3,[-7.45202945  7.61056424  3.11752211],entering,[-0.48080528  0.59740651 -0.20557775]
577.0683305263519,1002,False,3,1,[-3.07701647 -1.07001089  3.9775199 ],cruising,[ 0.5677905  -0.59831228 -0.99408226]
577.0683305263519,1003,False,6,4,[ 8.14317387 -5.02466945  3.99998095],exiting,[ 0.63925976  0.24903542 -0.34837281]
577.0683305263519,1004,False,2,5,[-5.95508917  1.1098654   3.51136809],entering,[-0.62185191  0.08809385  0.93462812]
577.0683305263519,1005,False,0,2,[2.89238256 8.58328208 2.24167284],queued,[ 0.50568378 -0.03156594 -0.11489306]
577.1655707359314,1000,False,1,6,[ 4.80140996 -4.35670633  4.00031383],cruising,[-0.82138112 -0.19970136 -0.21083176]
577.1655707359314,1001,False,5,3,[-7.28920176  7.53410617  3.19252211],entering,[-0.48080528  0.59740651 -0.20557775]
577.1655707359314,1002,False,3,1,[-3.14290811 -0.88117686  3.98089192],cruising,[ 0.5677905  -0.59831228 -0.99408226]
577.1655707359314,1003,False,6,4,[ 8.16771587 -5.12161113  3.99998464],exiting,[ 0.63925976  0.24903542 -0.34837281]
577.1655707359314,1004,False,2,5,[-5.88756122  1.29812048  3.58466288],entering,[-0.62185191  0.08809385  0.93462812]
577.1655707359314,1005,False,0,2,[2.89238256 8.58328208 2.31667284],queued,[ 0.50568378 -0.03156594 -0.11489306]
577.2642903327942,1000,False,1,6,[ 4.62473358 -4.26297555  4.00026676],cruising,[-0.82138112 -0.19970136 -0.21083176]
577.2642903327942,1001,False,5,3,[-7.10688738  7.45314595  3.26752211],entering,[-0.48080528  0.59740651 -0.20557775]
577.2642903327942,1002,False,3,1,[-3.21384494 -0.69417962  3.98375813],cruising,[ 0.5677905  -0.59831228 -0.99408226]
577.2642903327942,1003,False,6,4,[ 8.19225788 -5.21855281  3.99998765],exiting,[ 0.63925976  0.24903542 -0.34837281]
577.2642903327942,1004,False,2,5,[-5.83124827  1.49002892  3.64696344],entering,[-0.62185191  0.08809385  0.93462812]
577.2642903327942,1005,False,0,2,[2.89238256 8.58328208 2.39167284],entering,[ 0.50568378 -0.03156594 -0.11489306]
577.3655245304108,1000,False,1,6,[ 4.44621874 -4.17279544  4.00022674],cruising,[-0.82138112 -0.19970136 -0.21083176]
577.3655245304108,1001,False,5,3,[-6.92304685  7.37438897  3.34252211],entering,[-0.48080528  0.59740651 -0.20557775]
577.3655245304108,1002,False,3,1,[-3.29024456 -0.509347    3.98619441],cruising,[ 0.5677905  -0.59831228 -0.99408226]
577.3655245304108,1003,False,6,4,[ 8.21679989 -5.31549449  3.99999009],exiting,[ 0.63925976  0.24903542 -0.34837281]
577.3655245304108,1004,False,2,5,[-5.78775511  1.68524251  3.69991893],entering,[-0.62185191  0.08809385  0.93462812]
577.3655245304108,1005,False,0,2,[2.88877259 8.56361057 2.46667284],entering,[ 0.50568378 -0.03156594 -0.11489306]
577.4799687862396,1000,False,1,6,[ 4.26563274 -4.08683791  4.00019273],cruising,[-0.82138112 -0.19970136 -0.21083176]
577.4799687862396,1001,False,5,3,[-6.73707537  7.30080496  3.41752211],entering,[-0.48080528  0.59740651 -0.20557775]
577.4799687862396,1002,False,3,1,[-3.37075893 -0.32626932  3.98826525],cruising,[ 0.5677905  -0.59831228 -0.99408226]
577.4799687862396,1003,False,6,4,[ 8.2413419  -5.41243618  3.99999207],exiting,[ 0.63925976  0.24903542 -0.34837281]
577.4799687862396,1004,False,2,5,[-5.75861754  1.88310863  3.74493109],entering,[-0.62185191  0.08809385  0.93462812]
577.4799687862396,1005,False,0,2,[2.8815772  8.52426307 2.54167284],entering,[ 0.50568378 -0.03156594 -0.11489306]
577.5652244091034,1000,False,1,6,[ 4.08402513 -4.00306038  4.00016382],cruising,[-0.82138112 -0.19970136 -0.21083176]
577.5652244091034,1001,False,5,3,[-6.54954742  7.23128324  3.49252211],entering,[-0.48080528  0.59740651 -0.20557775]
577.5652244091034,1002,False,3,1,[-3.45768307 -0.1461466   3.99002546],cruising,[ 0.5677905  -0.59831228 -0.99408226]
577.5652244091034,1003,False,6,4,[ 8.26588391 -5.50937786  3.99999368],exiting,[ 0.63925976  0.24903542 -0.34837281]
577.5652244091034,1004,False,2,5,[-5.74506054  2.08264862  3.78319143],entering,[-0.62185191  0.08809385  0.93462812]
577.5652244091034,1005,False,0,2,[2.87104268 8.46519629 2.61667284],entering,[ 0.50568378 -0.03156594 -0.11489306]
577.676023721695,1000,False,1,6,[ 3.90117843 -3.92202284  4.00013925],cruising,[-0.82138112 -0.19970136 -0.21083176]
577.676023721695,1001,False,5,3,[-6.3603154   7.16654345  3.56752211],entering,[-0.48080528  0.59740651 -0.20557775]
577.676023721695,1002,False,3,1,[-3.55142847  0.03052201  3.99152164],cruising,[ 0.5677905  -0.59831228 -0.99408226]
577.676023721695,1003,False,6,4,[ 8.29042592 -5.60631954  3.99999498],exiting,[ 0.63925976  0.24903542 -0.34837281]
577.676023721695,1004,False,2,5,[-5.74686043  2.28264052  3.81571271],entering,[-0.62185191  0.08809385  0.93462812]
577.676023721695,1005,False,0,2,[2.85734535 8.38638117 2.69167284],entering,[ 0.50568378 -0.03156594 -0.11489306]
577.7640583515167,1000,False,1,6,[ 3.71770852 -3.84240631  4.00011836],cruising,[-0.82138112 -0.19970136 -0.21083176]
577.7640583515167,1001,False,5,3,[-6.16903447  7.10813448  3.63239379],entering,[-0.48080528  0.59740651 -0.20557775]
577.7640583515167,1002,False,3,1,[-3.65114304  0.20389157  3.9927934 ],cruising,[ 0.5677905  -0.59831228 -0.99408226]
577.7640583515167,1003,False,6,4,[ 8.31496792 -5.70326122  3.99999603],exiting,[ 0.63925976  0.24903542 -0.34837281]
577.7640583515167,1004,False,2,5,[-5.76466403  2.48184653  3.8433558 ],cruising,[-0.62185191  0.08809385  0.93462812]
577.7640583515167,1005,False,0,2,[2.84072361 8.28778101 2.76667284],entering,[ 0.50568378 -0.03156594 -0.11489306]
577.8651652336121,1000,False,1,6,[ 3.53345089 -3.76463018  4.00010061],cruising,[-0.82138112 -0.19970136 -0.21083176]
577.8651652336121,1001,False,5,3,[-5.97549327  7.05771819  3.68753472],entering,[-0.48080528  0.59740651 -0.20557775]
577.8651652336121,1002,False,3,1,[-3.75759943  0.373205    3.99387439],cruising,[ 0.5677905  -0.59831228 -0.99408226]
577.8651652336121,1003,False,6,4,[ 8.33950993 -5.80020291  3.99999688],exiting,[ 0.63925976  0.24903542 -0.34837281]
577.8651652336121,1004,False,2,5,[-5.79627358  2.67933282  3.86685243],cruising,[-0.62185191  0.08809385  0.93462812]
577.8651652336121,1005,False,0,2,[2.8221047  8.16928082 2.84167284],entering,[ 0.50568378 -0.03156594 -0.11489306]
577.9712016582489,1000,False,1,6,[ 3.34870748 -3.68801508  4.00008552],cruising,[-0.82138112 -0.19970136 -0.21083176]
577.9712016582489,1001,False,5,3,[-5.7799044   7.01594507  3.73440452],entering,[-0.48080528  0.59740651 -0.20557775]
577.9712016582489,1002,False,3,1,[-3.86716209  0.54052512  3.99479323],cruising,[ 0.5677905  -0.59831228 -0.99408226]
577.9712016582489,1003,False,6,4,[ 8.36405194 -5.89714459  3.99999756],exiting,[ 0.63925976  0.24903542 -0.34837281]
577.9712016582489,1004,False,2,5,[-5.84111595  2.87424091  3.88682457],cruising,[-0.62185191  0.08809385  0.93462812]
577.9712016582489,1005,False,0,2,[2.8026677  8.03079737 2.91667284],entering,[ 0.50568378 -0.03156594 -0.11489306]
578.0723104476929,1000,False,1,6,[ 3.16341639 -3.6127342   4.00007269],cruising,[-0.82138112 -0.19970136 -0.21083176]
578.0723104476929,1001,False,5,3,[-5.58266907  6.98280559  3.77424384],entering,[-0.48080528  0.59740651 -0.20557775]
578.0723104476929,1002,False,3,1,[-3.97917314  0.70621617  3.99557424],cruising,[ 0.5677905  -0.59831228 -0.99408226]
578.0723104476929,1003,False,6,4,[ 8.38859395 -5.99408627  3.9999981 ],exiting,[ 0.63925976  0.24903542 -0.34837281]
578.0723104476929,1004,False,2,5,[-5.89550072  3.06670466  3.90380088],cruising,[-0.62185191  0.08809385  0.93462812]
578.0723104476929,1005,False,0,2,[2.78419268 7.87233707 2.99167284],entering,[ 0.50568378 -0.03156594 -0.11489306]
578.1728835105896,1000,False,1,6,[ 2.97759043 -3.53878344  4.00006179],cruising,[-0.82138112 -0.19970136 -0.21083176]
578.1728835105896,1001,False,5,3,[-5.38373888  6.9621469   3.80810726],entering,[-0.48080528  0.59740651 -0.20557775]
578.1728835105896,1002,False,3,1,[-4.09306789  0.87061808  3.99623811],cruising,[ 0.5677905  -0.59831228 -0.99408226]
578.1728835105896,1003,False,6,4,[ 8.41313596 -6.09102795  3.99999853],exiting,[ 0.63925976  0.24903542 -0.34837281]
578.1728835105896,1004,False,2,5,[-5.9569899   3.25701777  3.91823075],cruising,[-0.62185191  0.08809385  0.93462812]
578.1728835105896,1005,False,0,2,[2.76827664 7.69404115 3.06667284],entering,[ 0.50568378 -0.03156594 -0.11489306]
578.2645573616028,1000,False,1,6,[ 2.79114755 -3.46640215  4.00005252],cruising,[-0.82138112 -0.19970136 -0.21083176]
578.2645573616028,1001,False,5,3,[-5.18401511  6.95163902  3.83689117],entering,[-0.48080528  0.59740651 -0.20557775]
578.2645573616028,1002,False,3,1,[-4.20836191  1.03404173  3.99680239],cruising,[ 0.5677905  -0.59831228 -0.99408226]
578.2645573616028,1003,False,6,4,[ 8.43767796 -6.18796964  3.99999887],exiting,[ 0.63925976  0.24903542 -0.34837281]
578.2645573616028,1004,False,2,5,[-6.02319367  3.4457426   3.93049614],cruising,[-0.62185191  0.08809385  0.93462812]
578.2645573616028,1005,False,0,2,[2.76250286 7.49850763 3.14167284],entering,[ 0.50568378 -0.03156594 -0.11489306]
578.3642067909241,1000,False,1,6,[ 2.60420724 -3.39531545  4.00004464],cruising,[-0.82138112 -0.19970136 -0.21083176]
578.3642067909241,1001,False,5,3,[-4.98401527  6.951387    3.8613575 ],cruising,[-0.48080528  0.59740651 -0.20557775]
578.3642067909241,1002,False,3,1,[-4.32463769  1.19676832  3.99728203],cruising,[ 0.5677905  -0.59831228 -0.99408226]
578.3642067909241,1003,False,6,4,[ 8.46221997 -6.28491132  3.99999915],exiting,[ 0.63925976  0.24903542 -0.34837281]
578.3642067909241,1004,False,2,5,[-6.09183723  3.63359377  3.94092172],cruising,[-0.62185191  0.08809385  0.93462812]
578.3642067909241,1005,False,0,2,[2.76753562 7.29857096 3.21667284],entering,[ 0.50568378 -0.03156594 -0.11489306]
578.4667038917542,1000,False,1,6,[ 2.41646564 -3.32637277  4.00003794],cruising,[-0.82138112 -0.19970136 -0.21083176]
578.4667038917542,1001,False,5,3,[-4.78424269  6.96092206  3.88215387],cruising,[-0.48080528  0.59740651 -0.20557775]
578.4667038917542,1002,False,3,1,[-4.44153184  1.35905127  3.99768973],cruising,[ 0.5677905  -0.59831228 -0.99408226]
578.4667038917542,1003,False,6,4,[ 8.48676198 -6.381853    3.99999936],exiting,[ 0.63925976  0.24903542 -0.34837281]
578.4667038917542,1004,False,2,5,[-6.16074507  3.82134816  3.94978346],cruising,[-0.62185191  0.08809385  0.93462812]
578.4667038917542,1005,False,0,2,[2.7861622  7.09944023 3.29167284],entering,[ 0.50568378 -0.03156594 -0.11489306]
578.5665299892426,1000,False,1,6,[ 2.22778012 -3.26005705  4.00003225],cruising,[-0.82138112 -0.19970136 -0.21083176]
578.5665299892426,1001,False,5,3,[-4.58506853  6.97907844  3.89983079],cruising,[-0.48080528  0.59740651 -0.20557775]
578.5665299892426,1002,False,3,1,[-4.55872349  1.52111952  3.99803627],cruising,[ 0.5677905  -0.59831228 -0.99408226]
578.5665299892426,1003,False,6,4,[ 8.51130399 -6.47879468  3.99999953],exiting,[ 0.63925976  0.24903542 -0.34837281]
578.5665299892426,1004,False,2,5,[-6.22777023  4.00978284  3.95731594],cruising,[-0.62185191  0.08809385  0.93462812]
578.5665299892426,1005,False,0,2,[2.82165681 6.9026151  3.36667284],entering,[ 0.50568378 -0.03156594 -0.11489306]
578.670658826828,1000,False,1,6,[ 2.03848841 -3.19549197  4.00002741],cruising,[-0.82138112 -0.19970136 -0.21083176]
578.670658826828,1001,False,5,3,[-4.38666003  7.00425911  3.91485617],cruising,[-0.48080528  0.59740651 -0.20557775]
578.670658826828,1002,False,3,1,[-4.67589534  1.68320209  3.99833083],cruising,[ 0.5677905  -0.59831228 -0.99408226]
578.670658826828,1003,False,6,4,[ 8.535846   -6.57573637  3.99999966],exiting,[ 0.63925976  0.24903542 -0.34837281]
578.670658826828,1004,False,2,5,[-6.29068782  4.1996285   3.96371855],cruising,[-0.62185191  0.08809385  0.93462812]
578.670658826828,1005,False,0,2,[2.86909241 6.70832185 3.44167284],entering,[ 0.50568378 -0.03156594 -0.11489306]
578.770402431488,1000,False,1,6,[ 1.84791901 -3.13480174  4.0000233 ],cruising,[-0.82138112 -0.19970136 -0.21083176]
578.770402431488,1001,False,5,3,[-4.18899148  7.03470813  3.92762775],cruising,[-0.48080528  0.59740651 -0.20557775]
578.770402431488,1002,False,3,1,[-4.79295134  1.84536834  3.9985812 ],cruising,[ 0.5677905  -0.59831228 -0.99408226]
578.770402431488,1003,False,6,4,[ 8.56038801 -6.67267805  3.99999976],exiting,[ 0.63925976  0.24903542 -0.34837281]
578.770402431488,1004,False,2,5,[-6.34706114  4.39151922  3.96916077],cruising,[-0.62185191  0.08809385  0.93462812]
578.770402431488,1005,False,0,2,[2.93270772 6.51870884 3.51667284],entering,[ 0.50568378 -0.03156594 -0.11489306]
578.8680534362793,1000,False,1,6,[ 1.65588818 -3.07890756  4.00001981],cruising,[-0.82138112 -0.19970136 -0.21083176]
578.8680534362793,1001,False,5,3,[-3.99190309  7.06871058  3.93848359],cruising,[-0.48080528  0.59740651 -0.20557775]
578.8680534362793,1002,False,3,1,[-4.90960118  2.00782699  3.99879402],cruising,[ 0.5677905  -0.59831228 -0.99408226]
578.8680534362793,1003,False,6,4,[ 8.58493001 -6.76961973  3.99999984],exiting,[ 0.63925976  0.24903542 -0.34837281]
578.8680534362793,1004,False,2,5,[-6.38785284  4.58731513  3.97378665],exiting,[-0.62185191  0.08809385  0.93462812]
578.8680534362793,1005,False,0,2,[3.00903235 6.33384524 3.58917191],entering,[ 0.50568378 -0.03156594 -0.11489306]
578.9762198925018,1000,False,1,6,[ 1.46220374 -3.02904436  4.00001684],cruising,[-0.82138112 -0.19970136 -0.21083176]
578.9762198925018,1001,False,5,3,[-3.795168    7.10470091  3.94771105],cruising,[-0.48080528  0.59740651 -0.20557775]
578.9762198925018,1002,False,3,1,[-5.02557059  2.17077206  3.99897492],cruising,[ 0.5677905  -0.59831228 -0.99408226]
578.9762198925018,1003,False,6,4,[ 8.60947202 -6.86656142  3.99999989],exiting,[ 0.63925976  0.24903542 -0.34837281]
578.9762198925018,1004,False,2,5,[-6.4318613   4.76337142  3.97841907],exiting,[-0.62185191  0.08809385  0.93462812]
578.9762198925018,1005,False,0,2,[3.10079543 6.15616903 3.6511831 ],entering,[ 0.50568378 -0.03156594 -0.11489306]
579.0752692222595,1000,False,1,6,[ 1.26669317 -2.98690631  4.00001431],cruising,[-0.82138112 -0.19970136 -0.21083176]
579.0752692222595,1001,False,5,3,[-3.59810471  7.13884852  3.95555439],cruising,[-0.48080528  0.59740651 -0.20557775]
579.0752692222595,1002,False,3,1,[-5.14059068  2.33438862  3.99912868],cruising,[ 0.5677905  -0.59831228 -0.99408226]
579.0752692222595,1003,False,6,4,[ 8.63401403 -6.9635031   3.99999994],exiting,[ 0.63925976  0.24903542 -0.34837281]
579.0752692222595,1004,False,2,5,[-6.47931888  4.91972778  3.98292474],exiting,[-0.62185191  0.08809385  0.93462812]
579.0752692222595,1005,False,0,2,[3.20675126 5.98654191 3.70350564],entering,[ 0.50568378 -0.03156594 -0.11489306]
579.1721937656403,1000,False,1,6,[ 1.06927632 -2.95486593  4.00001216],cruising,[-0.82138112 -0.19970136 -0.21083176]
579.1721937656403,1001,False,5,3,[-3.40101059  7.17281777  3.96222123],cruising,[-0.48080528  0.59740651 -0.20557775]
579.1721937656403,1002,False,3,1,[-5.25499599  2.49843564  3.99925938],cruising,[ 0.5677905  -0.59831228 -0.99408226]
579.1721937656403,1003,False,6,4,[ 8.65855604 -7.06044478  3.99999997],landing,[ 0.63925976  0.24903542 -0.34837281]
579.1721937656403,1004,False,2,5,[-6.53053009  5.05644221  3.98710621],exiting,[-0.62185191  0.08809385  0.93462812]
579.1721937656403,1005,False,0,2,[3.32791359 5.8274567  3.74823672],entering,[ 0.50568378 -0.03156594 -0.11489306]
579.2641706466675,1000,False,1,6,[ 0.86968589 -2.94270708  4.00001033],cruising,[-0.82138112 -0.19970136 -0.21083176]
579.2641706466675,1001,False,5,3,[-3.20368707  7.20542801  3.96788805],cruising,[-0.48080528  0.59740651 -0.20557775]
579.2641706466675,1002,False,3,1,[-5.36790491  2.66351616  3.99937047],cruising,[ 0.5677905  -0.59831228 -0.99408226]
579.2641706466675,1003,False,6,4,[ 8.67658007 -7.1450369   3.98568203],landing,[ 0.63925976  0.24903542 -0.34837281]
579.2641706466675,1004,False,2,5,[-6.58585967  5.17359449  3.99068649],exiting,[-0.62185191  0.08809385  0.93462812]
579.2641706466675,1005,False,0,2,[3.46326708 5.68021733 3.78600121],entering,[ 0.50568378 -0.03156594 -0.11489306]
579.3691046237946,1000,False,1,6,[ 0.66968725 -2.94197026  4.00000878],cruising,[-0.82138112 -0.19970136 -0.21083176]
579.3691046237946,1001,False,5,3,[-3.00558905  7.23294484  3.97270484],cruising,[-0.48080528  0.59740651 -0.20557775]
579.3691046237946,1002,False,3,1,[-5.47900721  2.82981793  3.9994649 ],cruising,[ 0.5677905  -0.59831228 -0.99408226]
579.3691046237946,1003,False,6,4,[ 8.68807866 -7.21710046  3.95720591],landing,[ 0.63925976  0.24903542 -0.34837281]
579.3691046237946,1004,False,2,5,[-6.64561416  5.2712629   3.99337295],exiting,[-0.62185191  0.08809385  0.93462812]
579.3691046237946,1005,False,0,2,[3.61211994 5.54670168 3.81834109],entering,[ 0.50568378 -0.03156594 -0.11489306]
579.4706230163574,1000,False,1,6,[ 0.47024112 -2.95684441  4.00000746],cruising,[-0.82138112 -0.19970136 -0.21083176]
579.4706230163574,1001,False,5,3,[-2.80708621  7.25737069  3.97679911],cruising,[-0.48080528  0.59740651 -0.20557775]
579.4706230163574,1002,False,3,1,[-5.58795682  2.99753788  3.99954517],cruising,[ 0.5677905  -0.59831228 -0.99408226]
579.4706230163574,1003,False,6,4,[ 8.6930441  -7.27642311  3.91476603],landing,[ 0.63925976  0.24903542 -0.34837281]
579.4706230163574,1004,False,2,5,[-6.71010393  5.34954385  3.99475431],exiting,[-0.62185191  0.08809385  0.93462812]
579.4706230163574,1005,False,0,2,[3.77320771 5.42817248 3.84561016],cruising,[ 0.50568378 -0.03156594 -0.11489306]
579.571357011795,1000,False,1,6,[ 0.27247201 -2.98663332  4.00000634],cruising,[-0.82138112 -0.19970136 -0.21083176]
579.571357011795,1001,False,5,3,[-2.60782136  7.27450309  3.98027925],cruising,[-0.48080528  0.59740651 -0.20557775]
579.571357011795,1002,False,3,1,[-5.6943564   3.16688701  3.99961339],cruising,[ 0.5677905  -0.59831228 -0.99408226]
579.571357011795,1003,False,6,4,[ 8.69146776 -7.32270774  3.85864348],landing,[ 0.63925976  0.24903542 -0.34837281]
579.571357011795,1004,False,2,5,[-6.77521878  5.42543865  3.99572964],exiting,[-0.62185191  0.08809385  0.93462812]
579.571357011795,1005,False,0,2,[3.94478573 5.32540584 3.86876864],cruising,[ 0.50568378 -0.03156594 -0.11489306]
579.6650695800781,1000,False,1,6,[ 0.07832491 -3.03466358  4.00000539],cruising,[-0.82138112 -0.19970136 -0.21083176]
579.6650695800781,1001,False,5,3,[-2.40818493  7.28655702  3.98323736],cruising,[-0.48080528  0.59740651 -0.20557775]
579.6650695800781,1002,False,3,1,[-5.79773829  3.33809503  3.99967138],cruising,[ 0.5677905  -0.59831228 -0.99408226]
579.6650695800781,1003,False,6,4,[ 8.68334486 -7.3557298   3.78905814],landing,[ 0.63925976  0.24903542 -0.34837281]
579.6650695800781,1004,False,2,5,[-6.84033367  5.50133349  3.99652935],exiting,[-0.62185191  0.08809385  0.93462812]
579.6650695800781,1005,False,0,2,[4.12417803 5.23698412 3.88845334],cruising,[ 0.50568378 -0.03156594 -0.11489306]
579.7744524478912,1000,False,1,6,[-0.11259205 -3.09425144  4.00000458],cruising,[-0.82138112 -0.19970136 -0.21083176]
579.7744524478912,1001,False,5,3,[-2.20819132  7.28815475  3.98575176],cruising,[-0.48080528  0.59740651 -0.20557775]
579.7744524478912,1002,False,3,1,[-5.89754028  3.51141429  3.99972068],cruising,[ 0.5677905  -0.59831228 -0.99408226]
579.7744524478912,1003,False,6,4,[ 8.66867225 -7.37526637  3.70623486],landing,[ 0.63925976  0.24903542 -0.34837281]
579.7744524478912,1004,False,2,5,[-6.90544858  5.57722835  3.99718431],exiting,[-0.62185191  0.08809385  0.93462812]
579.7744524478912,1005,False,0,2,[4.30967184 5.16220413 3.90518534],cruising,[ 0.50568378 -0.03156594 -0.11489306]
579.9073646068573,1000,False,1,6,[-0.29999248 -3.16411615  4.00000389],cruising,[-0.82138112 -0.19970136 -0.21083176]
579.9073646068573,1001,False,5,3,[-2.00882422  7.27225633  3.98788899],cruising,[-0.48080528  0.59740651 -0.20557775]
579.9073646068573,1002,False,3,1,[-5.99307406  3.68712227  3.99976257],cruising,[ 0.5677905  -0.59831228 -0.99408226]
579.9073646068573,1003,False,6,4,[ 8.64744838 -7.38109265  3.6104074 ],landing,[ 0.63925976  0.24903542 -0.34837281]
579.9073646068573,1004,False,2,5,[-6.97056351  5.65312324  3.99772006],exiting,[-0.62185191  0.08809385  0.93462812]
579.9073646068573,1005,False,0,2,[4.49939942 5.09893134 3.91940754],cruising,[ 0.50568378 -0.03156594 -0.11489306]
580.0097260475159,1000,False,1,6,[-0.48281976 -3.24519751  4.00000331],cruising,[-0.82138112 -0.19970136 -0.21083176]
580.0097260475159,1001,False,5,3,[-1.81188265  7.23741355  3.98970564],cruising,[-0.48080528  0.59740651 -0.20557775]
580.0097260475159,1002,False,3,1,[-6.08348338  3.86552113  3.99979819],cruising,[ 0.5677905  -0.59831228 -0.99408226]
580.0097260475159,1003,False,6,4,[ 8.62539013 -7.38514376  3.51295473],landing,[ 0.63925976  0.24903542 -0.34837281]
580.0097260475159,1004,False,2,5,[-7.03567844  5.72901814  3.99815772],exiting,[-0.62185191  0.08809385  0.93462812]
580.0097260475159,1005,False,0,2,[4.69195175 5.04486102 3.93149641],cruising,[ 0.50568378 -0.03156594 -0.11489306]
580.1154618263245,1000,False,1,6,[-0.66225444 -3.3335332   4.00000281],cruising,[-0.82138112 -0.19970136 -0.21083176]
580.1154618263245,1001,False,5,3,[-1.61858401  7.18607509  3.9912498 ],cruising,[-0.48080528  0.59740651 -0.20557775]
580.1154618263245,1002,False,3,1,[-6.16768804  4.0469311   3.99982846],cruising,[ 0.5677905  -0.59831228 -0.99408226]
580.1154618263245,1003,False,6,4,[ 8.60333189 -7.38919488  3.41550207],landing,[ 0.63925976  0.24903542 -0.34837281]
580.1154618263245,1004,False,2,5,[-7.10079339  5.80491305  3.99851475],exiting,[-0.62185191  0.08809385  0.93462812]
580.1154618263245,1005,False,0,2,[4.8864541  4.99829024 3.94177195],cruising,[ 0.50568378 -0.03156594 -0.11489306]
580.2221410274506,1000,False,1,6,[-0.84012402 -3.42497944  4.00000239],cruising,[-0.82138112 -0.19970136 -0.21083176]
580.2221410274506,1001,False,5,3,[-1.42952593  7.12082909  3.99256233],cruising,[-0.48080528  0.59740651 -0.20557775]
580.2221410274506,1002,False,3,1,[-6.24430888  4.23167213  3.99985419],cruising,[ 0.5677905  -0.59831228 -0.99408226]
580.2221410274506,1003,False,6,4,[ 8.58127364 -7.39324599  3.3180494 ],landing,[ 0.63925976  0.24903542 -0.34837281]
580.2221410274506,1004,False,2,5,[-7.16590834  5.88080796  3.99880557],exiting,[-0.62185191  0.08809385  0.93462812]
580.2221410274506,1005,False,0,2,[5.08209681 4.95677    3.95050616],cruising,[ 0.50568378 -0.03156594 -0.11489306]
580.3109412193298,1000,False,1,6,[-1.01879975 -3.51484035  4.00000203],cruising,[-0.82138112 -0.19970136 -0.21083176]
580.3109412193298,1001,False,5,3,[-1.24479426  7.04418569  3.99367798],cruising,[-0.48080528  0.59740651 -0.20557775]
580.3109412193298,1002,False,3,1,[-6.31156869  4.42002318  3.99987606],cruising,[ 0.5677905  -0.59831228 -0.99408226]
580.3109412193298,1003,False,6,4,[ 8.55921539 -7.39729711  3.22059673],landing,[ 0.63925976  0.24903542 -0.34837281]
580.3109412193298,1004,False,2,5,[-7.2310233   5.95670288  3.99904207],exiting,[-0.62185191  0.08809385  0.93462812]
580.3109412193298,1005,False,0,2,[5.2783771  4.91837666 3.95793023],cruising,[ 0.50568378 -0.03156594 -0.11489306]
580.4081130027771,1000,False,1,6,[-1.20214381 -3.59474627  4.00000173],cruising,[-0.82138112 -0.19970136 -0.21083176]
580.4081130027771,1001,False,5,3,[-1.06269517  6.96148188  3.99462628],cruising,[-0.48080528  0.59740651 -0.20557775]
580.4081130027771,1002,False,3,1,[-6.36089084  4.6138461   3.99989465],cruising,[ 0.5677905  -0.59831228 -0.99408226]
580.4081130027771,1003,False,6,4,[ 8.53715715 -7.40134822  3.12314407],landing,[ 0.63925976  0.24903542 -0.34837281]
580.4081130027771,1004,False,2,5,[-7.29613826  6.03259781  3.99923407],exiting,[-0.62185191  0.08809385  0.93462812]
580.4081130027771,1005,False,0,2,[5.474928   4.88139364 3.9642407 ],cruising,[ 0.50568378 -0.03156594 -0.11489306]
580.5100617408752,1000,False,1,6,[-1.39238814 -3.65588022  4.00000146],cruising,[-0.82138112 -0.19970136 -0.21083176]
580.5100617408752,1001,False,5,3,[-0.88463168  6.8704138   3.99543234],cruising,[-0.48080528  0.59740651 -0.20557775]
580.5100617408752,1002,False,3,1,[-6.39057252  4.81144414  3.99991089],cruising,[ 0.5677905  -0.59831228 -0.99408226]
580.5100617408752,1003,False,6,4,[ 8.5150989  -7.40539934  3.0256914 ],landing,[ 0.63925976  0.24903542 -0.34837281]
580.5100617408752,1004,False,2,5,[-7.36125322  6.10849273  3.99938963],exiting,[-0.62185191  0.08809385  0.93462812]
580.5100617408752,1005,False,0,2,[5.67178167 4.84605764 3.96960459],cruising,[ 0.50568378 -0.03156594 -0.11489306]
580.6193678379059,1000,False,1,6,[-1.58638699 -3.69736975  4.00000121],cruising,[-0.82138112 -0.19970136 -0.21083176]
580.6193678379059,1001,False,5,3,[-0.70991041  6.77308714  3.99611749],cruising,[-0.48080528  0.59740651 -0.20557775]
580.6193678379059,1002,False,3,1,[-6.40034568  5.010953    3.99992477],cruising,[ 0.5677905  -0.59831228 -0.99408226]
580.6193678379059,1003,False,6,4,[ 8.49304065 -7.40945045  2.92823873],landing,[ 0.63925976  0.24903542 -0.34837281]
580.6193678379059,1004,False,2,5,[-7.42636819  6.18438766  3.99951542],exiting,[-0.62185191  0.08809385  0.93462812]
580.6193678379059,1005,False,0,2,[5.86834613 4.80914676 3.9741639 ],cruising,[ 0.50568378 -0.03156594 -0.11489306]
580.711686372757,1000,False,1,6,[-1.78103396 -3.71886979  4.00000098],cruising,[-0.82138112 -0.19970136 -0.21083176]
580.711686372757,1001,False,5,3,[-0.53685909  6.6728213   3.99669987],cruising,[-0.48080528  0.59740651 -0.20557775]
580.711686372757,1002,False,3,1,[-6.3901846   5.20884146  3.99993768],cruising,[ 0.5677905  -0.59831228 -0.99408226]
580.711686372757,1003,False,6,4,[ 8.47098241 -7.41350157  2.83078607],landing,[ 0.63925976  0.24903542 -0.34837281]
580.711686372757,1004,False,2,5,[-7.49148315  6.26028259  3.9996169 ],exiting,[-0.62185191  0.08809385  0.93462812]
580.711686372757,1005,False,0,2,[6.06434447 4.76933912 3.97803932],cruising,[ 0.50568378 -0.03156594 -0.11489306]
580.8204100131989,1000,False,1,6,[-1.97333473 -3.72050791  4.00000076],cruising,[-0.82138112 -0.19970136 -0.21083176]
580.8204100131989,1001,False,5,3,[-0.36608568  6.56872306  3.99719489],cruising,[-0.48080528  0.59740651 -0.20557775]
580.8204100131989,1002,False,3,1,[-6.36042173  5.40275877  3.99994964],cruising,[ 0.5677905  -0.59831228 -0.99408226]
580.8204100131989,1003,False,6,4,[ 8.44892416 -7.41755268  2.7333334 ],landing,[ 0.63925976  0.24903542 -0.34837281]
580.8204100131989,1004,False,2,5,[-7.55659812  6.33617752  3.99969856],exiting,[-0.62185191  0.08809385  0.93462812]
580.8204100131989,1005,False,0,2,[6.25944648 4.72534814 3.98133342],cruising,[ 0.50568378 -0.03156594 -0.11489306]
580.9086518287659,1000,False,1,6,[-2.16039799 -3.70284401  4.00000056],cruising,[-0.82138112 -0.19970136 -0.21083176]
580.9086518287659,1001,False,5,3,[-0.1967719   6.46226723  3.99761565],cruising,[-0.48080528  0.59740651 -0.20557775]
580.9086518287659,1002,False,3,1,[-6.31157039  5.59070697  3.99996056],cruising,[ 0.5677905  -0.59831228 -0.99408226]
580.9086518287659,1003,False,6,4,[ 8.42686591 -7.4216038   2.63588073],landing,[ 0.63925976  0.24903542 -0.34837281]
580.9086518287659,1004,False,2,5,[-7.62171309  6.41207246  3.9997641 ],exiting,[-0.62185191  0.08809385  0.93462812]
580.9086518287659,1005,False,0,2,[6.45323299 4.67588311 3.98413341],cruising,[ 0.50568378 -0.03156594 -0.11489306]
581.0074439048767,1000,False,1,6,[-2.33989949 -3.66666471  4.00000037],cruising,[-0.82138112 -0.19970136 -0.21083176]
581.0074439048767,1001,False,5,3,[-0.02789109  6.35512588  3.9979733 ],cruising,[-0.48080528  0.59740651 -0.20557775]
581.0074439048767,1002,False,3,1,[-6.24448202  5.77044476  3.99997047],cruising,[ 0.5677905  -0.59831228 -0.99408226]
581.0074439048767,1003,False,6,4,[ 8.40480767 -7.42565491  2.53842807],landing,[ 0.63925976  0.24903542 -0.34837281]
581.0074439048767,1004,False,2,5,[-7.68682805  6.48796739  3.99981654],exiting,[-0.62185191  0.08809385  0.93462812]
581.0074439048767,1005,False,0,2,[6.64515526 4.61961729 3.9865134 ],cruising,[ 0.50568378 -0.03156594 -0.11489306]
581.1069228649139,1000,False,1,6,[-2.5096468  -3.61302529  4.00000019],cruising,[-0.82138112 -0.19970136 -0.21083176]
581.1069228649139,1001,False,5,3,[0.14065343 6.24745627 3.99827731],cruising,[-0.48080528  0.59740651 -0.20557775]
581.1069228649139,1002,False,3,1,[-6.16025698  5.93987068  3.99997936],cruising,[ 0.5677905  -0.59831228 -0.99408226]
581.1069228649139,1003,False,6,4,[ 8.38274942 -7.42970602  2.4409754 ],landing,[ 0.63925976  0.24903542 -0.34837281]
581.1069228649139,1004,False,2,5,[-7.75194302  6.56386232  3.99985836],exiting,[-0.62185191  0.08809385  0.93462812]
581.1069228649139,1005,False,0,2,[6.8344862  4.55516735 3.98853639],cruising,[ 0.50568378 -0.03156594 -0.11489306]
581.2156269550323,1000,False,1,6,[-2.66764332 -3.54320196  4.00000003],cruising,[-0.82138112 -0.19970136 -0.21083176]
581.2156269550323,1001,False,5,3,[0.30944909 6.1401808  3.99853571],cruising,[-0.48080528  0.59740651 -0.20557775]
581.2156269550323,1002,False,3,1,[-6.06009959  6.09720693  3.9999872 ],cruising,[ 0.5677905  -0.59831228 -0.99408226]
581.2156269550323,1003,False,6,4,[ 8.36069118 -7.43375714  2.34352273],landing,[ 0.63925976  0.24903542 -0.34837281]
581.2156269550323,1004,False,2,5,[-7.81705799  6.63975725  3.99989158],exiting,[-0.62185191  0.08809385  0.93462812]
581.2156269550323,1005,False,0,2,[7.02026165 4.48108982 3.99025593],cruising,[ 0.50568378 -0.03156594 -0.11489306]
581.3107585906982,1000,False,1,6,[-2.81220856 -3.4585597   3.99999989],cruising,[-0.82138112 -0.19970136 -0.21083176]
581.3107585906982,1001,False,5,3,[0.47875131 6.03370658 3.99875536],cruising,[-0.48080528  0.59740651 -0.20557775]
581.3107585906982,1002,False,3,1,[-5.94492764  6.24133096  3.99999392],cruising,[ 0.5677905  -0.59831228 -0.99408226]
581.3107585906982,1003,False,6,4,[ 8.33863293 -7.43780825  2.24607007],landing,[ 0.63925976  0.24903542 -0.34837281]
581.3107585906982,1004,False,2,5,[-7.88217296  6.71565219  3.99991785],exiting,[-0.62185191  0.08809385  0.93462812]
581.3107585906982,1005,False,0,2,[7.2012131  4.39590429 3.99171754],cruising,[ 0.50568378 -0.03156594 -0.11489306]
581.4199891090393,1000,False,1,6,[-2.94188594 -3.36056261  3.99999976],cruising,[-0.82138112 -0.19970136 -0.21083176]
581.4199891090393,1001,False,5,3,[0.64919324 5.9290665  3.99894205],cruising,[-0.48080528  0.59740651 -0.20557775]
581.4199891090393,1002,False,3,1,[-5.81564846  6.37127803  3.99999949],cruising,[ 0.5677905  -0.59831228 -0.99408226]
581.4199891090393,1003,False,6,4,[ 8.31657468 -7.44185937  2.1486174 ],landing,[ 0.63925976  0.24903542 -0.34837281]
581.4199891090393,1004,False,2,5,[-7.94728793  6.79154712  3.99993853],exiting,[-0.62185191  0.08809385  0.93462812]
581.4199891090393,1005,False,0,2,[7.37569906 4.2981564  3.99295991],cruising,[ 0.50568378 -0.03156594 -0.11489306]
581.5115985870361,1000,False,1,6,[-3.05537141 -3.25082576  3.99999964],cruising,[-0.82138112 -0.19970136 -0.21083176]
581.5115985870361,1001,False,5,3,[0.82075783 5.82627742 3.99910074],cruising,[-0.48080528  0.59740651 -0.20557775]
581.5115985870361,1002,False,3,1,[-5.67315845  6.48620931  4.00000388],cruising,[ 0.5677905  -0.59831228 -0.99408226]
581.5115985870361,1003,False,6,4,[ 8.29451644 -7.44591048  2.05116473],landing,[ 0.63925976  0.24903542 -0.34837281]
581.5115985870361,1004,False,2,5,[-8.01240289  6.86744205  3.99995471],exiting,[-0.62185191  0.08809385  0.93462812]
581.5115985870361,1005,False,0,2,[7.53934981 4.18359853 3.99405167],cruising,[ 0.50568378 -0.03156594 -0.11489306]
581.6208064556122,1000,False,1,6,[-3.15156314 -3.13104267  3.99999955],cruising,[-0.82138112 -0.19970136 -0.21083176]
581.6208064556122,1001,False,5,3,[0.99436298 5.72697359 3.99923563],cruising,[-0.48080528  0.59740651 -0.20557775]
581.6208064556122,1002,False,3,1,[-5.51850412  6.58526516  4.0000071 ],cruising,[ 0.5677905  -0.59831228 -0.99408226]
581.6208064556122,1003,False,6,4,[ 8.27245819 -7.4499616   1.95371207],landing,[ 0.63925976  0.24903542 -0.34837281]
581.6208064556122,1004,False,2,5,[-8.07751786  6.94333699  3.99996729],exiting,[-0.62185191  0.08809385  0.93462812]
581.6208064556122,1005,False,0,2,[7.69074469 4.0532367  3.99497401],cruising,[ 0.50568378 -0.03156594 -0.11489306]
581.7107570171356,1000,False,1,6,[-3.22983954 -3.0023691   3.99999948],cruising,[-0.82138112 -0.19970136 -0.21083176]
581.7107570171356,1001,False,5,3,[1.16959253 5.63056507 3.99935029],cruising,[-0.48080528  0.59740651 -0.20557775]
581.7107570171356,1002,False,3,1,[-5.35230093  6.66799239  4.00000912],cruising,[ 0.5677905  -0.59831228 -0.99408226]
581.7107570171356,1003,False,6,4,[ 8.25039994 -7.45401271  1.8562594 ],landing,[ 0.63925976  0.24903542 -0.34837281]
581.7107570171356,1004,False,2,5,[-8.14263283  7.01923192  3.99997698],exiting,[-0.62185191  0.08809385  0.93462812]
581.7107570171356,1005,False,0,2,[7.82832525 3.90841302 3.99575687],cruising,[ 0.50568378 -0.03156594 -0.11489306]
581.8117866516113,1000,False,1,6,[-3.28983345 -2.86558683  3.99999942],cruising,[-0.82138112 -0.19970136 -0.21083176]
581.8117866516113,1001,False,5,3,[1.34667841 5.53761029 3.99944774],cruising,[-0.48080528  0.59740651 -0.20557775]
581.8117866516113,1002,False,3,1,[-5.17498332  6.73409224  4.0000099 ],cruising,[ 0.5677905  -0.59831228 -0.99408226]
581.8117866516113,1003,False,6,4,[ 8.2283417  -7.45806383  1.75880673],landing,[ 0.63925976  0.24903542 -0.34837281]
581.8117866516113,1004,False,2,5,[-8.2077478   7.09512685  3.99998438],exiting,[-0.62185191  0.08809385  0.93462812]
581.8117866516113,1005,False,0,2,[7.95026282 3.75112776 3.99646135],cruising,[ 0.50568378 -0.03156594 -0.11489306]
581.91601395607,1000,False,1,6,[-3.33137039 -2.72110134  3.99999939],cruising,[-0.82138112 -0.19970136 -0.21083176]
581.91601395607,1001,False,5,3,[1.52680564 5.45069549 3.99953058],cruising,[-0.48080528  0.59740651 -0.20557775]
581.91601395607,1002,False,3,1,[-4.98663956  6.78350604  4.00000938],cruising,[ 0.5677905  -0.59831228 -0.99408226]
581.91601395607,1003,False,6,4,[ 8.20628345 -7.46211494  1.66135407],landing,[ 0.63925976  0.24903542 -0.34837281]
581.91601395607,1004,False,2,5,[-8.27286277  7.17102179  3.99998996],exiting,[-0.62185191  0.08809385  0.93462812]
581.91601395607,1005,False,0,2,[8.05545527 3.58290662 3.99708237],cruising,[ 0.50568378 -0.03156594 -0.11489306]
582.0178518295288,1000,False,1,6,[-3.35437717 -2.56909032  3.99999938],cruising,[-0.82138112 -0.19970136 -0.21083176]
582.0178518295288,1001,False,5,3,[1.7090588  5.36833175 3.999601  ],cruising,[-0.48080528  0.59740651 -0.20557775]
582.0178518295288,1002,False,3,1,[-4.79061214  6.82317025  4.00000797],cruising,[ 0.5677905  -0.59831228 -0.99408226]
582.0178518295288,1003,False,6,4,[ 8.18422521 -7.46616606  1.5639014 ],landing,[ 0.63925976  0.24903542 -0.34837281]
582.0178518295288,1004,False,2,5,[-8.33797773  7.24691672  3.99999409],exiting,[-0.62185191  0.08809385  0.93462812]
582.0178518295288,1005,False,0,2,[8.1430117  3.40525343 3.99761606],cruising,[ 0.50568378 -0.03156594 -0.11489306]
582.1119396686554,1000,False,1,6,[-3.35885733 -2.40954507  3.99999939],cruising,[-0.82138112 -0.19970136 -0.21083176]
582.1119396686554,1001,False,5,3,[1.89358334 5.29119102 3.99966085],cruising,[-0.48080528  0.59740651 -0.20557775]
582.1119396686554,1002,False,3,1,[-4.59552949  6.867247    4.00000677],cruising,[ 0.5677905  -0.59831228 -0.99408226]
582.1119396686554,1003,False,6,4,[ 8.16216696 -7.47021717  1.46644873],fake_landed,[ 0.63925976  0.24903542 -0.34837281]
582.1119396686554,1004,False,2,5,[-8.4030927   7.32281165  3.99999706],landing,[-0.62185191  0.08809385  0.93462812]
582.1119396686554,1005,False,0,2,[8.21225178 3.21956889 3.99805713],cruising,[ 0.50568378 -0.03156594 -0.11489306]
582.2125525474548,1000,False,1,6,[-3.34513503 -2.24171308  3.99999942],cruising,[-0.82138112 -0.19970136 -0.21083176]
582.2125525474548,1001,False,5,3,[2.08046726 5.21995618 3.99971172],cruising,[-0.48080528  0.59740651 -0.20557775]
582.2125525474548,1002,False,3,1,[-4.40111933  6.91420115  4.00000576],cruising,[ 0.5677905  -0.59831228 -0.99408226]
582.2125525474548,1003,False,6,4,[ 8.14452036 -7.47345806  1.3884866 ],fake_landed,[ 0.63925976  0.24903542 -0.34837281]
582.2125525474548,1004,False,2,5,[-8.45685954  7.39052361  3.98570812],landing,[-0.62185191  0.08809385  0.93462812]
582.2125525474548,1005,False,0,2,[8.26265495 3.02716416 3.99839822],cruising,[ 0.50568378 -0.03156594 -0.11489306]
582.3077912330627,1000,False,1,6,[-3.31425363 -2.06360659  3.99999948],cruising,[-0.82138112 -0.19970136 -0.21083176]
582.3077912330627,1001,False,5,3,[2.2711797  5.15971694 3.99975496],cruising,[-0.48080528  0.59740651 -0.20557775]
582.3077912330627,1002,False,3,1,[-4.20647203  6.96016228  4.00000489],cruising,[ 0.5677905  -0.59831228 -0.99408226]
582.3077912330627,1003,False,6,4,[ 8.13128541 -7.47588873  1.330015  ],fake_landed,[ 0.63925976  0.24903542 -0.34837281]
582.3077912330627,1004,False,2,5,[-8.49919221  7.44989577  3.95728739],landing,[-0.62185191  0.08809385  0.93462812]
582.3077912330627,1005,False,0,2,[8.30037826 2.830754   3.99863849],cruising,[ 0.50568378 -0.03156594 -0.11489306]
582.4189627170563,1000,False,1,6,[-3.27175422 -1.86922061  3.99999955],cruising,[-0.82138112 -0.19970136 -0.21083176]
582.4189627170563,1001,False,5,3,[2.46486534 5.10985841 3.99979172],cruising,[-0.48080528  0.59740651 -0.20557775]
582.4189627170563,1002,False,3,1,[-4.01202094  7.00694661  4.00000416],cruising,[ 0.5677905  -0.59831228 -0.99408226]
582.4189627170563,1003,False,6,4,[ 8.12246212 -7.47750918  1.29103393],fake_landed,[ 0.63925976  0.24903542 -0.34837281]
582.4189627170563,1004,False,2,5,[-8.52998971  7.50074172  3.91492953],landing,[-0.62185191  0.08809385  0.93462812]
582.4189627170563,1005,False,0,2,[8.33202703 2.63327399 3.99884271],cruising,[ 0.50568378 -0.03156594 -0.11489306]
582.5074877738953,1000,False,1,6,[-3.24491514 -1.67102964  3.99999962],cruising,[-0.82138112 -0.19970136 -0.21083176]
582.5074877738953,1001,False,5,3,[2.66062009 5.06886967 3.99982296],cruising,[-0.48080528  0.59740651 -0.20557775]
582.5074877738953,1002,False,3,1,[-3.81749182  7.05340546  4.00000354],cruising,[ 0.5677905  -0.59831228 -0.99408226]
582.5074877738953,1003,False,6,4,[ 8.11805047 -7.4783194   1.2715434 ],fake_landed,[ 0.63925976  0.24903542 -0.34837281]
582.5074877738953,1004,False,2,5,[-8.54911306  7.54280042  3.85891522],landing,[-0.62185191  0.08809385  0.93462812]
582.5074877738953,1005,False,0,2,[8.3587741  2.43507057 3.99901631],cruising,[ 0.50568378 -0.03156594 -0.11489306]
582.6068789958954,1000,False,1,6,[-3.23450896 -1.47130054  3.99999968],cruising,[-0.82138112 -0.19970136 -0.21083176]
582.6068789958954,1001,False,5,3,[2.85778322 5.03530334 3.99984952],cruising,[-0.48080528  0.59740651 -0.20557775]
582.6068789958954,1002,False,3,1,[-3.62265557  7.09855893  4.00000301],cruising,[ 0.5677905  -0.59831228 -0.99408226]
582.6068789958954,1003,False,6,4,[ 8.11805047 -7.4783194   1.2715434 ],fake_landed,[ 0.63925976  0.24903542 -0.34837281]
582.6068789958954,1004,False,2,5,[-8.55645763  7.57587156  3.78946647],landing,[-0.62185191  0.08809385  0.93462812]
582.6068789958954,1005,False,0,2,[8.38455109 2.23673866 3.99916386],cruising,[ 0.50568378 -0.03156594 -0.11489306]
582.707287311554,1000,False,1,6,[-3.23995618 -1.27137473  3.99999973],cruising,[-0.82138112 -0.19970136 -0.21083176]
582.707287311554,1001,False,5,3,[3.05588638 5.00782354 3.99987209],cruising,[-0.48080528  0.59740651 -0.20557775]
582.707287311554,1002,False,3,1,[-3.42681274  7.1391247   4.00000256],cruising,[ 0.5677905  -0.59831228 -0.99408226]
582.707287311554,1003,False,4,0,[ 8.11805047 -7.4783194   1.2715434 ],waiting,[ 0.63925976  0.24903542 -0.34837281]
582.707287311554,1004,False,2,5,[-8.55192181  7.59975719  3.70680854],landing,[-0.62185191  0.08809385  0.93462812]
582.707287311554,1005,False,0,2,[8.4057356  2.03786378 3.99928928],cruising,[ 0.50568378 -0.03156594 -0.11489306]
582.8199338912964,1000,False,1,6,[-3.25923573 -1.07230616  3.99999977],cruising,[-0.82138112 -0.19970136 -0.21083176]
582.8199338912964,1001,False,5,3,[3.25460552 4.98522482 3.99989128],cruising,[-0.48080528  0.59740651 -0.20557775]
582.8199338912964,1002,False,3,1,[-3.23046207  7.1771565   4.00000217],cruising,[ 0.5677905  -0.59831228 -0.99408226]
582.8199338912964,1003,False,4,0,[ 8.11805047 -7.4783194   1.2715434 ],waiting,[ 0.63925976  0.24903542 -0.34837281]
582.8199338912964,1004,False,2,5,[-8.53540458  7.61425693  3.6111756 ],landing,[-0.62185191  0.08809385  0.93462812]
582.8199338912964,1005,False,0,2,[8.42569653 1.83886237 3.99939589],cruising,[ 0.50568378 -0.03156594 -0.11489306]
582.90687251091,1000,False,1,6,[-3.29208161 -0.87502172  3.9999998 ],cruising,[-0.82138112 -0.19970136 -0.21083176]
582.90687251091,1001,False,5,3,[3.45372073 4.96643298 3.99990758],cruising,[-0.48080528  0.59740651 -0.20557775]
582.90687251091,1002,False,3,1,[-3.0334906   7.21182981  4.00000185],cruising,[ 0.5677905  -0.59831228 -0.99408226]
582.90687251091,1003,False,4,0,[ 8.11805047 -7.4783194   1.2715434 ],waiting,[ 0.63925976  0.24903542 -0.34837281]
582.90687251091,1004,False,2,5,[-8.51717051  7.62739404  3.51373364],landing,[-0.62185191  0.08809385  0.93462812]
582.90687251091,1005,False,0,2,[8.44406522 1.63970768 3.99948651],cruising,[ 0.50568378 -0.03156594 -0.11489306]
583.0072333812714,1000,False,1,6,[-3.3373822  -0.68021963  3.99999983],cruising,[-0.82138112 -0.19970136 -0.21083176]
583.0072333812714,1001,False,5,3,[3.6530847  4.95049533 3.99992145],cruising,[-0.48080528  0.59740651 -0.20557775]
583.0072333812714,1002,False,3,1,[-2.83541807  7.23952953  4.00000157],cruising,[ 0.5677905  -0.59831228 -0.99408226]
583.0072333812714,1003,False,4,0,[ 8.11805047 -7.4783194   1.2715434 ],waiting,[ 0.63925976  0.24903542 -0.34837281]
583.0072333812714,1004,False,2,5,[-8.49893644  7.64053114  3.41629168],landing,[-0.62185191  0.08809385  0.93462812]
583.0072333812714,1005,False,0,2,[8.45791701 1.44018794 3.99956353],cruising,[ 0.50568378 -0.03156594 -0.11489306]
583.1069350242615,1000,False,1,6,[-3.39416145 -0.48844863  3.99999986],cruising,[-0.82138112 -0.19970136 -0.21083176]
583.1069350242615,1001,False,5,3,[3.85259902 4.93656558 3.99993323],cruising,[-0.48080528  0.59740651 -0.20557775]
583.1069350242615,1002,False,3,1,[-2.63674774  7.26255336  4.00000133],cruising,[ 0.5677905  -0.59831228 -0.99408226]
583.1069350242615,1003,False,4,0,[ 8.11805047 -7.4783194   1.2715434 ],waiting,[ 0.63925976  0.24903542 -0.34837281]
583.1069350242615,1004,False,2,5,[-8.48070237  7.65366824  3.31884972],landing,[-0.62185191  0.08809385  0.93462812]
583.1069350242615,1005,False,0,2,[8.47026226 1.24056931 3.999629  ],cruising,[ 0.50568378 -0.03156594 -0.11489306]
583.2067816257477,1000,False,1,6,[-3.45976691 -0.29951498  3.99999988],cruising,[-0.82138112 -0.19970136 -0.21083176]
583.2067816257477,1001,False,5,3,[4.05219671 4.92388648 3.99994324],cruising,[-0.48080528  0.59740651 -0.20557775]
583.2067816257477,1002,False,3,1,[-2.43723245  7.27646924  4.00000113],cruising,[ 0.5677905  -0.59831228 -0.99408226]
583.2067816257477,1003,False,4,0,[ 8.11805047 -7.4783194   1.2715434 ],waiting,[ 0.63925976  0.24903542 -0.34837281]
583.2067816257477,1004,False,2,5,[-8.46246831  7.66680535  3.22140776],landing,[-0.62185191  0.08809385  0.93462812]
583.2067816257477,1005,False,0,2,[8.47857963 1.04074234 3.99968465],cruising,[ 0.50568378 -0.03156594 -0.11489306]
583.3067278862,1000,False,1,6,[-3.53564919 -0.11446936  3.9999999 ],cruising,[-0.82138112 -0.19970136 -0.21083176]
583.3067278862,1001,False,5,3,[4.25182947 4.91177186 3.99995176],cruising,[-0.48080528  0.59740651 -0.20557775]
583.3067278862,1002,False,3,1,[-2.23726159  7.2798831   4.00000096],cruising,[ 0.5677905  -0.59831228 -0.99408226]
583.3067278862,1003,False,4,0,[ 8.11805047 -7.4783194   1.2715434 ],waiting,[ 0.63925976  0.24903542 -0.34837281]
583.3067278862,1004,False,2,5,[-8.44423424  7.67994245  3.1239658 ],landing,[-0.62185191  0.08809385  0.93462812]
583.3067278862,1005,False,0,2,[8.48543424 0.84085983 3.99973195],cruising,[ 0.50568378 -0.03156594 -0.11489306]
583.4074847698212,1000,False,1,6,[-3.62213739  0.06586309  3.99999991],cruising,[-0.82138112 -0.19970136 -0.21083176]
583.4074847698212,1001,False,5,3,[4.45145369 4.89951757 3.99995899],cruising,[-0.48080528  0.59740651 -0.20557775]
583.4074847698212,1002,False,3,1,[-2.0377478   7.26594585  4.00000082],cruising,[ 0.5677905  -0.59831228 -0.99408226]
583.4074847698212,1003,False,4,0,[ 8.11805047 -7.4783194   1.2715434 ],waiting,[ 0.63925976  0.24903542 -0.34837281]
583.4074847698212,1004,False,2,5,[-8.42600017  7.69307955  3.02652385],landing,[-0.62185191  0.08809385  0.93462812]
583.4074847698212,1005,False,0,2,[8.49061996 0.64092707 3.99977216],cruising,[ 0.50568378 -0.03156594 -0.11489306]
583.5223088264465,1000,False,1,6,[-3.71625026  0.24233622  3.99999993],cruising,[-0.82138112 -0.19970136 -0.21083176]
583.5223088264465,1001,False,5,3,[4.65105716 4.8869297  3.99996515],cruising,[-0.48080528  0.59740651 -0.20557775]
583.5223088264465,1002,False,3,1,[-1.84044948  7.23318347  4.0000007 ],cruising,[ 0.5677905  -0.59831228 -0.99408226]
583.5223088264465,1003,False,4,0,[ 8.11805047 -7.4783194   1.2715434 ],waiting,[ 0.63925976  0.24903542 -0.34837281]
583.5223088264465,1004,False,2,5,[-8.4077661   7.70621666  2.92908189],landing,[-0.62185191  0.08809385  0.93462812]
583.5223088264465,1005,False,0,2,[8.49398285 0.44095535 3.99980634],cruising,[ 0.50568378 -0.03156594 -0.11489306]
583.6208190917969,1000,False,1,6,[-3.81639346  0.41545855  3.99999994],cruising,[-0.82138112 -0.19970136 -0.21083176]
583.6208190917969,1001,False,5,3,[4.8505955  4.87334841 3.99997037],cruising,[-0.48080528  0.59740651 -0.20557775]
583.6208190917969,1002,False,3,1,[-1.64660899  7.18393039  4.00000059],cruising,[ 0.5677905  -0.59831228 -0.99408226]
583.6208190917969,1003,False,4,0,[ 8.11805047 -7.4783194   1.2715434 ],waiting,[ 0.63925976  0.24903542 -0.34837281]
583.6208190917969,1004,False,2,5,[-8.38953203  7.71935376  2.83163993],landing,[-0.62185191  0.08809385  0.93462812]
583.6208190917969,1005,False,0,2,[8.49327531 0.2409566  3.99983539],cruising,[ 0.50568378 -0.03156594 -0.11489306]
583.7143938541412,1000,False,1,6,[-3.92125825  0.58576232  3.99999995],cruising,[-0.82138112 -0.19970136 -0.21083176]
583.7143938541412,1001,False,5,3,[5.05001653 4.85814141 3.99997482],cruising,[-0.48080528  0.59740651 -0.20557775]
583.7143938541412,1002,False,3,1,[-1.45543529  7.12517142  4.0000005 ],cruising,[ 0.5677905  -0.59831228 -0.99408226]
583.7143938541412,1003,False,4,0,[ 8.11805047 -7.4783194   1.2715434 ],waiting,[ 0.63925976  0.24903542 -0.34837281]
583.7143938541412,1004,False,2,5,[-8.37129797  7.73249086  2.73419797],landing,[-0.62185191  0.08809385  0.93462812]
583.7143938541412,1005,False,0,2,[8.49092019 0.04097047 3.99986008],cruising,[ 0.50568378 -0.03156594 -0.11489306]
583.8073532581329,1000,False,1,6,[-4.03082425  0.75308026  3.99999995],cruising,[-0.82138112 -0.19970136 -0.21083176]
583.8073532581329,1001,False,5,3,[5.24925316 4.84068382 3.99997859],cruising,[-0.48080528  0.59740651 -0.20557775]
583.8073532581329,1002,False,3,1,[-1.26884352  7.05317483  4.00000043],cruising,[ 0.5677905  -0.59831228 -0.99408226]
583.8073532581329,1003,False,4,0,[ 8.11805047 -7.4783194   1.2715434 ],waiting,[ 0.63925976  0.24903542 -0.34837281]
583.8073532581329,1004,False,2,5,[-8.3530639   7.74562797  2.63675601],landing,[-0.62185191  0.08809385  0.93462812]
583.8073532581329,1005,False,0,2,[ 8.48676467 -0.15898636  3.99988107],cruising,[ 0.50568378 -0.03156594 -0.11489306]
583.9123365879059,1000,False,1,6,[-4.14271196  0.91885462  3.99999996],cruising,[-0.82138112 -0.19970136 -0.21083176]
583.9123365879059,1001,False,5,3,[5.44835637 4.8217653  3.99998181],cruising,[-0.48080528  0.59740651 -0.20557775]
583.9123365879059,1002,False,3,1,[-1.08666764  6.97064029  4.00000036],cruising,[ 0.5677905  -0.59831228 -0.99408226]
583.9123365879059,1003,False,4,0,[ 8.11805047 -7.4783194   1.2715434 ],waiting,[ 0.63925976  0.24903542 -0.34837281]
583.9123365879059,1004,False,2,5,[-8.33482983  7.75876507  2.53931405],landing,[-0.62185191  0.08809385  0.93462812]
583.9123365879059,1005,False,0,2,[ 8.47866253 -0.35882218  3.99989891],cruising,[ 0.50568378 -0.03156594 -0.11489306]
584.0116765499115,1000,False,1,6,[-4.25633311  1.08344574  3.99999997],cruising,[-0.82138112 -0.19970136 -0.21083176]
584.0116765499115,1001,False,5,3,[5.64709421 4.79933161 3.99998453],cruising,[-0.48080528  0.59740651 -0.20557775]
584.0116765499115,1002,False,3,1,[-0.90842152  6.8799302   4.00000031],cruising,[ 0.5677905  -0.59831228 -0.99408226]
584.0116765499115,1003,False,4,0,[ 8.11805047 -7.4783194   1.2715434 ],waiting,[ 0.63925976  0.24903542 -0.34837281]
584.0116765499115,1004,False,2,5,[-8.31659576  7.77190217  2.4418721 ],landing,[-0.62185191  0.08809385  0.93462812]
584.0116765499115,1005,False,0,2,[ 8.46886371 -0.55858199  3.99991407],cruising,[ 0.50568378 -0.03156594 -0.11489306]
584.1131682395935,1000,False,1,6,[-4.37077782  1.24746527  3.99999997],cruising,[-0.82138112 -0.19970136 -0.21083176]
584.1131682395935,1001,False,5,3,[5.84531008 4.772677   3.99998685],cruising,[-0.48080528  0.59740651 -0.20557775]
584.1131682395935,1002,False,3,1,[-0.73231771  6.78512805  4.00000026],cruising,[ 0.5677905  -0.59831228 -0.99408226]
584.1131682395935,1003,False,4,0,[ 8.11805047 -7.4783194   1.2715434 ],waiting,[ 0.63925976  0.24903542 -0.34837281]
584.1131682395935,1004,False,2,5,[-8.29836169  7.78503928  2.34443014],landing,[-0.62185191  0.08809385  0.93462812]
584.1131682395935,1005,False,0,2,[ 8.45720105 -0.75824166  3.99992696],cruising,[ 0.50568378 -0.03156594 -0.11489306]
584.2085256576538,1000,False,1,6,[-4.48628367  1.41073927  3.99999998],cruising,[-0.82138112 -0.19970136 -0.21083176]
584.2085256576538,1001,False,5,3,[6.04279126 4.74103547 3.99998883],cruising,[-0.48080528  0.59740651 -0.20557775]
584.2085256576538,1002,False,3,1,[-0.55925119  6.68488844  4.00000022],cruising,[ 0.5677905  -0.59831228 -0.99408226]
584.2085256576538,1003,False,4,0,[ 8.11805047 -7.4783194   1.2715434 ],waiting,[ 0.63925976  0.24903542 -0.34837281]
584.2085256576538,1004,False,2,5,[-8.28012763  7.79817638  2.24698818],landing,[-0.62185191  0.08809385  0.93462812]
584.2085256576538,1005,False,0,2,[ 8.44353044 -0.9577739   3.99993792],cruising,[ 0.50568378 -0.03156594 -0.11489306]
584.3080229759216,1000,False,1,6,[-4.60241118  1.5735717   3.99999998],cruising,[-0.82138112 -0.19970136 -0.21083176]
584.3080229759216,1001,False,5,3,[6.23924928 4.70356224 3.9999905 ],cruising,[-0.48080528  0.59740651 -0.20557775]
584.3080229759216,1002,False,3,1,[-0.3883969   6.580923    4.00000019],cruising,[ 0.5677905  -0.59831228 -0.99408226]
584.3080229759216,1003,False,4,0,[ 8.11805047 -7.4783194   1.2715434 ],waiting,[ 0.63925976  0.24903542 -0.34837281]
584.3080229759216,1004,False,2,5,[-8.26189356  7.81131349  2.14954622],landing,[-0.62185191  0.08809385  0.93462812]
584.3080229759216,1005,False,0,2,[ 8.42557298 -1.15696609  3.99994723],cruising,[ 0.50568378 -0.03156594 -0.11489306]
584.4068064689636,1000,False,1,6,[-4.71878056  1.73623137  3.99999998],cruising,[-0.82138112 -0.19970136 -0.21083176]
584.4068064689636,1001,False,5,3,[6.43429372 4.6593167  3.99999193],cruising,[-0.48080528  0.59740651 -0.20557775]
584.4068064689636,1002,False,3,1,[-0.21845442  6.47547372  4.00000016],cruising,[ 0.5677905  -0.59831228 -0.99408226]
584.4068064689636,1003,False,4,0,[ 8.11805047 -7.4783194   1.2715434 ],queued,[ 0.63925976  0.24903542 -0.34837281]
584.4068064689636,1004,False,2,5,[-8.24365949  7.82445059  2.05210426],landing,[-0.62185191  0.08809385  0.93462812]
584.4068064689636,1005,False,0,2,[ 8.40566817 -1.35597312  3.99995514],cruising,[ 0.50568378 -0.03156594 -0.11489306]
584.5070831775665,1000,False,1,6,[-4.83505519  1.89895878  3.99999999],cruising,[-0.82138112 -0.19970136 -0.21083176]
584.5070831775665,1001,False,5,3,[6.62739719 4.60724894 3.99999314],cruising,[-0.48080528  0.59740651 -0.20557775]
584.5070831775665,1002,False,3,1,[-0.04956995  6.36833812  4.00000014],cruising,[ 0.5677905  -0.59831228 -0.99408226]
584.5070831775665,1003,False,4,0,[ 8.11805047 -7.4783194   1.2915434 ],queued,[ 0.63925976  0.24903542 -0.34837281]
584.5070831775665,1004,False,2,5,[-8.22542542  7.83758769  1.9546623 ],landing,[-0.62185191  0.08809385  0.93462812]
584.5070831775665,1005,False,0,2,[ 8.38361955 -1.55475405  3.99996187],cruising,[ 0.50568378 -0.03156594 -0.11489306]
584.6069073677063,1000,False,1,6,[-4.95092753  2.06197289  3.99999999],cruising,[-0.82138112 -0.19970136 -0.21083176]
584.6069073677063,1001,False,5,3,[6.81784999 4.54619381 3.99999417],cruising,[-0.48080528  0.59740651 -0.20557775]
584.6069073677063,1002,False,3,1,[0.11913195 6.26091527 4.00000012],cruising,[ 0.5677905  -0.59831228 -0.99408226]
584.6069073677063,1003,False,4,0,[ 8.11805047 -7.4783194   1.3315434 ],queued,[ 0.63925976  0.24903542 -0.34837281]
584.6069073677063,1004,False,2,5,[-8.20719135  7.8507248   1.85722034],landing,[-0.62185191  0.08809385  0.93462812]
584.6069073677063,1005,False,0,2,[ 8.35691208 -1.75296281  3.99996759],cruising,[ 0.50568378 -0.03156594 -0.11489306]
584.7066366672516,1000,False,1,6,[-5.06649476  2.22520345  3.99999999],cruising,[-0.82138112 -0.19970136 -0.21083176]
584.7066366672516,1001,False,5,3,[7.0047034  4.47487898 3.99999504],cruising,[-0.48080528  0.59740651 -0.20557775]
584.7066366672516,1002,False,3,1,[0.2879164  6.15362217 4.0000001 ],cruising,[ 0.5677905  -0.59831228 -0.99408226]
584.7066366672516,1003,False,4,0,[ 8.11805047 -7.4783194   1.3915434 ],queued,[ 0.63925976  0.24903542 -0.34837281]
584.7066366672516,1004,False,2,5,[-8.18895728  7.8638619   1.75977839],landing,[-0.62185191  0.08809385  0.93462812]
584.7066366672516,1005,False,0,2,[ 8.3279905  -1.95086062  3.99997245],cruising,[ 0.50568378 -0.03156594 -0.11489306]
584.8072135448456,1000,False,1,6,[-5.18113415  2.38908698  3.99999999],cruising,[-0.82138112 -0.19970136 -0.21083176]
584.8072135448456,1001,False,5,3,[7.18670331 4.39195713 3.99999579],cruising,[-0.48080528  0.59740651 -0.20557775]
584.8072135448456,1002,False,3,1,[0.45720369 6.04712422 4.00000008],cruising,[ 0.5677905  -0.59831228 -0.99408226]
584.8072135448456,1003,False,4,0,[ 8.11805047 -7.4783194   1.4665434 ],queued,[ 0.63925976  0.24903542 -0.34837281]
584.8072135448456,1004,False,2,5,[-8.17072322  7.876999    1.66233643],landing,[-0.62185191  0.08809385  0.93462812]
584.8072135448456,1005,False,0,2,[ 8.29659425 -2.14838093  3.99997658],cruising,[ 0.50568378 -0.03156594 -0.11489306]
584.9093618392944,1000,False,1,6,[-5.29454551  2.55382272  3.99999999],cruising,[-0.82138112 -0.19970136 -0.21083176]
584.9093618392944,1001,False,5,3,[7.36222187 4.29607577 3.99999642],cruising,[-0.48080528  0.59740651 -0.20557775]
584.9093618392944,1002,False,3,1,[0.62725706 5.94185384 4.00000007],cruising,[ 0.5677905  -0.59831228 -0.99408226]
584.9093618392944,1003,False,4,0,[ 8.11805047 -7.4783194   1.5415434 ],queued,[ 0.63925976  0.24903542 -0.34837281]
584.9093618392944,1004,False,2,5,[-8.15248915  7.89013611  1.56489447],landing,[-0.62185191  0.08809385  0.93462812]
584.9093618392944,1005,False,0,2,[ 8.25973803 -2.34495565  3.9999801 ],cruising,[ 0.50568378 -0.03156594 -0.11489306]
585.007310628891,1000,False,1,6,[-5.40641698  2.71960804  3.99999999],cruising,[-0.82138112 -0.19970136 -0.21083176]
585.007310628891,1001,False,5,3,[7.52707687 4.18327434 3.99999697],cruising,[-0.48080528  0.59740651 -0.20557775]
585.007310628891,1002,False,3,1,[0.79884385 5.83910183 4.00000006],cruising,[ 0.5677905  -0.59831228 -0.99408226]
585.007310628891,1003,False,4,0,[ 8.11805047 -7.4783194   1.6165434 ],queued,[ 0.63925976  0.24903542 -0.34837281]
585.007310628891,1004,False,2,5,[-8.13425508  7.90327321  1.46745251],fake_landed,[-0.62185191  0.08809385  0.93462812]
585.007310628891,1005,False,0,2,[ 8.22018207 -2.54100494  3.99998308],cruising,[ 0.50568378 -0.03156594 -0.11489306]
585.10782289505,1000,False,1,6,[-5.51641196  2.88664428  3.99999999],cruising,[-0.82138112 -0.19970136 -0.21083176]
585.10782289505,1001,False,5,3,[7.67982988 4.05454991 3.99999744],cruising,[-0.48080528  0.59740651 -0.20557775]
585.10782289505,1002,False,3,1,[0.97177594 5.73863049 4.00000005],cruising,[ 0.5677905  -0.59831228 -0.99408226]
585.10782289505,1003,False,4,0,[ 8.11805047 -7.4783194   1.6915434 ],queued,[ 0.63925976  0.24903542 -0.34837281]
585.10782289505,1004,False,2,5,[-8.11966783  7.91378289  1.38949894],fake_landed,[-0.62185191  0.08809385  0.93462812]
585.10782289505,1005,False,0,2,[ 8.17447274 -2.73571153  3.99998562],cruising,[ 0.50568378 -0.03156594 -0.11489306]
585.2112793922424,1000,False,1,6,[-5.62531916  3.05439178  4.        ],cruising,[-0.82138112 -0.19970136 -0.21083176]
585.2112793922424,1001,False,5,3,[7.81890961 3.91122955 3.99999785],cruising,[-0.48080528  0.59740651 -0.20557775]
585.2112793922424,1002,False,3,1,[1.14707342 5.64234552 4.00000004],cruising,[ 0.5677905  -0.59831228 -0.99408226]
585.2112793922424,1003,False,4,0,[ 8.11805047 -7.4783194   1.7665434 ],queued,[ 0.63925976  0.24903542 -0.34837281]
585.2112793922424,1004,False,2,5,[-8.10872739  7.92166515  1.33103377],fake_landed,[-0.62185191  0.08809385  0.93462812]
585.2112793922424,1005,False,0,2,[ 8.12560007 -2.92964828  3.99998778],cruising,[ 0.50568378 -0.03156594 -0.11489306]
585.3074231147766,1000,False,1,6,[-5.73150811  3.22387306  4.        ],cruising,[-0.82138112 -0.19970136 -0.21083176]
585.3074231147766,1001,False,5,3,[7.94284615 3.75484458 3.99999819],cruising,[-0.48080528  0.59740651 -0.20557775]
585.3074231147766,1002,False,3,1,[1.32416716 5.54940572 4.00000004],cruising,[ 0.5677905  -0.59831228 -0.99408226]
585.3074231147766,1003,False,4,0,[ 8.11805047 -7.4783194   1.8415434 ],queued,[ 0.63925976  0.24903542 -0.34837281]
585.3074231147766,1004,False,2,5,[-8.10143376  7.92692     1.29205699],fake_landed,[-0.62185191  0.08809385  0.93462812]
585.3074231147766,1005,False,0,2,[ 8.06938198 -3.12158454  3.99998961],cruising,[ 0.50568378 -0.03156594 -0.11489306]
585.4070138931274,1000,False,1,6,[-5.83450978  3.39531009  4.        ],cruising,[-0.82138112 -0.19970136 -0.21083176]
585.4070138931274,1001,False,5,3,[8.04998413 3.58760567 3.9999985 ],cruising,[-0.48080528  0.59740651 -0.20557775]
585.4070138931274,1002,False,3,1,[1.50327284 5.46040486 4.00000003],cruising,[ 0.5677905  -0.59831228 -0.99408226]
585.4070138931274,1003,False,4,0,[ 8.11805047 -7.4783194   1.9165434 ],queued,[ 0.63925976  0.24903542 -0.34837281]
585.4070138931274,1004,False,2,5,[-8.09778694  7.92954742  1.27256859],fake_landed,[-0.62185191  0.08809385  0.93462812]
585.4070138931274,1005,False,0,2,[ 8.00925662 -3.31233291  3.99999117],cruising,[ 0.50568378 -0.03156594 -0.11489306]
585.5069742202759,1000,False,1,6,[-5.93375472  3.56894892  4.        ],cruising,[-0.82138112 -0.19970136 -0.21083176]
585.5069742202759,1001,False,5,3,[8.13949377 3.41091997 3.99999877],cruising,[-0.48080528  0.59740651 -0.20557775]
585.5069742202759,1002,False,3,1,[1.68561021 5.37822772 4.00000003],cruising,[ 0.5677905  -0.59831228 -0.99408226]
585.5069742202759,1003,False,4,0,[ 8.11805047 -7.4783194   1.9915434 ],queued,[ 0.63925976  0.24903542 -0.34837281]
585.5069742202759,1004,False,2,5,[-8.09778694  7.92954742  1.27256859],fake_landed,[-0.62185191  0.08809385  0.93462812]
585.5069742202759,1005,False,0,2,[ 7.93989856 -3.49992145  3.99999249],cruising,[ 0.50568378 -0.03156594 -0.11489306]
585.6136770248413,1000,False,1,6,[-6.02854097  3.74506129  4.        ],cruising,[-0.82138112 -0.19970136 -0.21083176]
585.6136770248413,1001,False,5,3,[8.21071504 3.22613885 3.999999  ],cruising,[-0.48080528  0.59740651 -0.20557775]
585.6136770248413,1002,False,3,1,[1.87014204 5.3011044  4.00000002],cruising,[ 0.5677905  -0.59831228 -0.99408226]
585.6136770248413,1003,False,4,0,[ 8.11805047 -7.4783194   2.0665434 ],queued,[ 0.63925976  0.24903542 -0.34837281]
585.6136770248413,1004,False,5,4,[-8.09778694  7.92954742  1.27256859],waiting,[-0.62185191  0.08809385  0.93462812]
585.6136770248413,1005,False,0,2,[ 7.86024375 -3.68337474  3.99999362],cruising,[ 0.50568378 -0.03156594 -0.11489306]
585.7203595638275,1000,False,1,6,[-6.1179914   3.92394287  4.        ],cruising,[-0.82138112 -0.19970136 -0.21083176]
585.7203595638275,1001,False,5,3,[8.26313494 3.03453804 3.99999918],cruising,[-0.48080528  0.59740651 -0.20557775]
585.7203595638275,1002,False,3,1,[2.05697545 5.2297372  4.00000002],cruising,[ 0.5677905  -0.59831228 -0.99408226]
585.7203595638275,1003,False,4,0,[ 8.11805047 -7.4783194   2.1415434 ],queued,[ 0.63925976  0.24903542 -0.34837281]
585.7203595638275,1004,False,5,4,[-8.09778694  7.92954742  1.27256859],waiting,[-0.62185191  0.08809385  0.93462812]
585.7203595638275,1005,False,0,2,[ 7.77482169 -3.86421465  3.99999458],cruising,[ 0.50568378 -0.03156594 -0.11489306]
585.807475566864,1000,False,1,6,[-6.20099649  4.10590483  4.        ],cruising,[-0.82138112 -0.19970136 -0.21083176]
585.807475566864,1001,False,5,3,[8.30034234 2.83802949 3.9999993 ],cruising,[-0.48080528  0.59740651 -0.20557775]
585.807475566864,1002,False,3,1,[2.24756636 5.16911457 4.00000002],cruising,[ 0.5677905  -0.59831228 -0.99408226]
585.807475566864,1003,False,4,0,[ 8.11805047 -7.4783194   2.2165434 ],queued,[ 0.63925976  0.24903542 -0.34837281]
585.807475566864,1004,False,5,4,[-8.09778694  7.92954742  1.27256859],waiting,[-0.62185191  0.08809385  0.93462812]
585.807475566864,1005,False,0,2,[ 7.67526565 -4.03767529  3.99999539],cruising,[ 0.50568378 -0.03156594 -0.11489306]
585.9075467586517,1000,False,1,6,[-6.27189821  4.29291538  4.        ],cruising,[-0.82138112 -0.19970136 -0.21083176]
585.9075467586517,1001,False,5,3,[8.33164331 2.64049406 3.99999941],cruising,[-0.48080528  0.59740651 -0.20557775]
585.9075467586517,1002,False,3,1,[2.44110354 5.1186828  4.00000001],cruising,[ 0.5677905  -0.59831228 -0.99408226]
585.9075467586517,1003,False,4,0,[ 8.11805047 -7.4783194   2.2915434 ],queued,[ 0.63925976  0.24903542 -0.34837281]
585.9075467586517,1004,False,5,4,[-8.09778694  7.92954742  1.27256859],waiting,[-0.62185191  0.08809385  0.93462812]
585.9075467586517,1005,False,0,2,[ 7.55915788 -4.19990919  3.99999612],cruising,[ 0.50568378 -0.03156594 -0.11489306]
586.0066030025482,1000,False,1,6,[-6.33294842  4.48336977  4.        ],cruising,[-0.82138112 -0.19970136 -0.21083176]
586.0066030025482,1001,False,5,3,[8.35816986 2.44226101 3.9999995 ],cruising,[-0.48080528  0.59740651 -0.20557775]
586.0066030025482,1002,False,3,1,[2.63671391 5.07701049 4.00000001],cruising,[ 0.5677905  -0.59831228 -0.99408226]
586.0066030025482,1003,False,4,0,[ 8.11805047 -7.4783194   2.3665434 ],queued,[ 0.63925976  0.24903542 -0.34837281]
586.0066030025482,1004,False,5,4,[-8.09778694  7.92954742  1.27256859],queued,[-0.62185191  0.08809385  0.93462812]
586.0066030025482,1005,False,0,2,[ 7.42777107 -4.34923761  3.99999677],cruising,[ 0.50568378 -0.03156594 -0.11489306]
586.1069602966309,1000,False,1,6,[-6.37467119  4.67896709  4.        ],cruising,[-0.82138112 -0.19970136 -0.21083176]
586.1069602966309,1001,False,5,3,[8.3837977  2.24390977 3.99999957],cruising,[-0.48080528  0.59740651 -0.20557775]
586.1069602966309,1002,False,3,1,[2.83375067 5.04271015 4.00000001],cruising,[ 0.5677905  -0.59831228 -0.99408226]
586.1069602966309,1003,False,4,0,[ 8.11805047 -7.4783194   2.4415434 ],entering,[ 0.63925976  0.24903542 -0.34837281]
586.1069602966309,1004,False,5,4,[-8.09778694  7.92954742  1.29256859],queued,[-0.62185191  0.08809385  0.93462812]
586.1069602966309,1005,False,0,2,[ 7.28297499 -4.48372718  3.99999736],cruising,[ 0.50568378 -0.03156594 -0.11489306]
586.2067387104034,1000,False,1,6,[-6.39996165  4.87736163  4.        ],cruising,[-0.82138112 -0.19970136 -0.21083176]
586.2067387104034,1001,False,5,3,[8.40491114 2.04502733 3.99999964],cruising,[-0.48080528  0.59740651 -0.20557775]
586.2067387104034,1002,False,3,1,[3.03174963 5.01448934 4.00000001],cruising,[ 0.5677905  -0.59831228 -0.99408226]
586.2067387104034,1003,False,4,0,[ 8.10656018 -7.46194951  2.5165434 ],entering,[ 0.63925976  0.24903542 -0.34837281]
586.2067387104034,1004,False,5,4,[-8.09778694  7.92954742  1.33256859],queued,[-0.62185191  0.08809385  0.93462812]
586.2067387104034,1005,False,0,2,[ 7.12715029 -4.60153234  3.99999791],cruising,[ 0.50568378 -0.03156594 -0.11489306]
586.3067483901978,1000,False,1,6,[-6.4052726   5.07666102  4.        ],cruising,[-0.82138112 -0.19970136 -0.21083176]
586.3067483901978,1001,False,5,3,[8.42483765 1.84602247 3.99999969],cruising,[-0.48080528  0.59740651 -0.20557775]
586.3067483901978,1002,False,3,1,[3.23038587 4.99117321 4.00000001],cruising,[ 0.5677905  -0.59831228 -0.99408226]
586.3067483901978,1003,False,4,0,[ 8.0835796  -7.42920974  2.5915434 ],entering,[ 0.63925976  0.24903542 -0.34837281]
586.3067483901978,1004,False,5,4,[-8.09778694  7.92954742  1.39256859],queued,[-0.62185191  0.08809385  0.93462812]
586.3067483901978,1005,False,0,2,[ 6.96245345 -4.70141307  3.9999984 ],cruising,[ 0.50568378 -0.03156594 -0.11489306]
586.4201622009277,1000,False,1,6,[-6.39071416  5.27367835  4.        ],cruising,[-0.82138112 -0.19970136 -0.21083176]
586.4201622009277,1001,False,5,3,[8.4431999  1.64686719 3.99999974],cruising,[-0.48080528  0.59740651 -0.20557775]
586.4201622009277,1002,False,3,1,[3.42943642 4.97170835 4.00000001],cruising,[ 0.5677905  -0.59831228 -0.99408226]
586.4201622009277,1003,False,4,0,[ 8.04910872 -7.38010007  2.6665434 ],entering,[ 0.63925976  0.24903542 -0.34837281]
586.4201622009277,1004,False,5,4,[-8.09778694  7.92954742  1.46756859],queued,[-0.62185191  0.08809385  0.93462812]
586.4201622009277,1005,False,0,2,[ 6.79105151 -4.78245126  3.99999886],cruising,[ 0.50568378 -0.03156594 -0.11489306]
586.5187132358551,1000,False,1,6,[-6.35663373  5.46634923  4.        ],cruising,[-0.82138112 -0.19970136 -0.21083176]
586.5187132358551,1001,False,5,3,[8.45708554 1.4473498  3.99999978],cruising,[-0.48080528  0.59740651 -0.20557775]
586.5187132358551,1002,False,3,1,[3.62875027 4.95515576 4.00000001],cruising,[ 0.5677905  -0.59831228 -0.99408226]
586.5187132358551,1003,False,4,0,[ 8.00314756 -7.31462052  2.7415434 ],entering,[ 0.63925976  0.24903542 -0.34837281]
586.5187132358551,1004,False,5,4,[-8.09778694  7.92954742  1.54256859],queued,[-0.62185191  0.08809385  0.93462812]
586.5187132358551,1005,False,0,2,[ 6.61513251 -4.84400621  3.99999927],cruising,[ 0.50568378 -0.03156594 -0.11489306]
586.607664346695,1000,False,1,6,[-6.30370543  5.65232997  4.        ],cruising,[-0.82138112 -0.19970136 -0.21083176]
586.607664346695,1001,False,5,3,[8.46947592 1.24773397 3.99999981],cruising,[-0.48080528  0.59740651 -0.20557775]
586.607664346695,1002,False,3,1,[3.82822555 4.94067778 4.        ],cruising,[ 0.5677905  -0.59831228 -0.99408226]
586.607664346695,1003,False,4,0,[ 7.94569611 -7.23277108  2.8165434 ],entering,[ 0.63925976  0.24903542 -0.34837281]
586.607664346695,1004,False,5,4,[-8.09778694  7.92954742  1.61756859],queued,[-0.62185191  0.08809385  0.93462812]
586.607664346695,1005,False,0,2,[ 6.43672557 -4.88571652  3.99999963],cruising,[ 0.50568378 -0.03156594 -0.11489306]
586.7074954509735,1000,False,1,6,[-6.23286957  5.82940459  4.        ],cruising,[-0.82138112 -0.19970136 -0.21083176]
586.7074954509735,1001,False,5,3,[8.47786386 1.04790994 3.99999984],cruising,[-0.48080528  0.59740651 -0.20557775]
586.7074954509735,1002,False,3,1,[4.02779242 4.92752235 4.        ],cruising,[ 0.5677905  -0.59831228 -0.99408226]
586.7074954509735,1003,False,4,0,[ 7.87675437 -7.13455176  2.8915434 ],entering,[ 0.63925976  0.24903542 -0.34837281]
586.7074954509735,1004,False,5,4,[-8.09778694  7.92954742  1.69256859],queued,[-0.62185191  0.08809385  0.93462812]
586.7074954509735,1005,False,0,2,[ 6.25757194 -4.90744077  3.99999994],cruising,[ 0.50568378 -0.03156594 -0.11489306]
586.8156793117523,1000,False,1,6,[-6.14520526  5.99567165  4.        ],cruising,[-0.82138112 -0.19970136 -0.21083176]
586.8156793117523,1001,False,5,3,[8.48479094 0.84802994 3.99999986],cruising,[-0.48080528  0.59740651 -0.20557775]
586.8156793117523,1002,False,3,1,[4.22737513 4.91460956 4.        ],cruising,[ 0.5677905  -0.59831228 -0.99408226]
586.8156793117523,1003,False,4,0,[ 7.79638288 -7.01992021  2.9665434 ],entering,[ 0.63925976  0.24903542 -0.34837281]
586.8156793117523,1004,False,5,4,[-8.09778694  7.92954742  1.76756859],queued,[-0.62185191  0.08809385  0.93462812]
586.8156793117523,1005,False,0,2,[ 6.07870469 -4.90916707  4.0000002 ],cruising,[ 0.50568378 -0.03156594 -0.11489306]
586.9072244167328,1000,False,1,6,[-6.04202972  6.14931326  4.        ],cruising,[-0.82138112 -0.19970136 -0.21083176]
586.9072244167328,1001,False,5,3,[8.49005019 0.6480991  3.99999988],cruising,[-0.48080528  0.59740651 -0.20557775]
586.9072244167328,1002,False,3,1,[4.42698448 4.90211526 4.        ],cruising,[ 0.5677905  -0.59831228 -0.99408226]
586.9072244167328,1003,False,4,0,[ 7.70377763 -6.88946669  3.0415434 ],entering,[ 0.63925976  0.24903542 -0.34837281]
586.9072244167328,1004,False,5,4,[-8.09778694  7.92954742  1.84256859],queued,[-0.62185191  0.08809385  0.93462812]
586.9072244167328,1005,False,0,2,[ 5.90138646 -4.89095345  4.0000004 ],cruising,[ 0.50568378 -0.03156594 -0.11489306]
587.0064795017242,1000,False,1,6,[-5.92424593  6.28929475  4.        ],cruising,[-0.82138112 -0.19970136 -0.21083176]
587.0064795017242,1001,False,5,3,[8.49348712 0.44812863 3.9999999 ],cruising,[-0.48080528  0.59740651 -0.20557775]
587.0064795017242,1002,False,3,1,[4.62657594 4.88933828 4.        ],cruising,[ 0.5677905  -0.59831228 -0.99408226]
587.0064795017242,1003,False,4,0,[ 7.59829009 -6.74371458  3.1165434 ],entering,[ 0.63925976  0.24903542 -0.34837281]
587.0064795017242,1004,False,5,4,[-8.09778694  7.92954742  1.91756859],queued,[-0.62185191  0.08809385  0.93462812]
587.0064795017242,1005,False,0,2,[ 5.7266469  -4.85290676  4.00000055],cruising,[ 0.50568378 -0.03156594 -0.11489306]
587.1076896190643,1000,False,1,6,[-5.79273249  6.41473332  4.        ],cruising,[-0.82138112 -0.19970136 -0.21083176]
587.1076896190643,1001,False,5,3,[8.49286913 0.24812959 3.99999992],cruising,[-0.48080528  0.59740651 -0.20557775]
587.1076896190643,1002,False,3,1,[4.82610524 4.87562485 4.        ],cruising,[ 0.5677905  -0.59831228 -0.99408226]
587.1076896190643,1003,False,4,0,[ 7.47984026 -6.58273161  3.1915434 ],entering,[ 0.63925976  0.24903542 -0.34837281]
587.1076896190643,1004,False,5,4,[-8.09778694  7.92954742  1.99256859],queued,[-0.62185191  0.08809385  0.93462812]
587.1076896190643,1005,False,0,2,[ 5.55481719 -4.79507289  4.00000064],cruising,[ 0.50568378 -0.03156594 -0.11489306]
587.2124297618866,1000,False,1,6,[-5.64831037  6.52489556  4.        ],cruising,[-0.82138112 -0.19970136 -0.21083176]
587.2124297618866,1001,False,5,3,[8.49059999 0.04814246 3.99999993],cruising,[-0.48080528  0.59740651 -0.20557775]
587.2124297618866,1002,False,3,1,[5.0255209  4.86034759 4.        ],cruising,[ 0.5677905  -0.59831228 -0.99408226]
587.2124297618866,1003,False,4,0,[ 7.36076869 -6.42203948  3.2665434 ],entering,[ 0.63925976  0.24903542 -0.34837281]
587.2124297618866,1004,False,5,4,[-8.09778694  7.92954742  2.06756859],queued,[-0.62185191  0.08809385  0.93462812]
587.2124297618866,1005,False,0,2,[ 5.38636277 -4.71752588  4.00000067],cruising,[ 0.50568378 -0.03156594 -0.11489306]
587.3068709373474,1000,False,1,6,[-5.49170976  6.61919323  4.        ],cruising,[-0.82138112 -0.19970136 -0.21083176]
587.3068709373474,1001,False,5,3,[ 8.4865275  -0.15181607  3.99999994],cruising,[-0.48080528  0.59740651 -0.20557775]
587.3068709373474,1002,False,3,1,[5.22484803 4.84395563 4.        ],cruising,[ 0.5677905  -0.59831228 -0.99408226]
587.3068709373474,1003,False,4,0,[ 7.238212   -6.26398931  3.3415434 ],entering,[ 0.63925976  0.24903542 -0.34837281]
587.3068709373474,1004,False,5,4,[-8.09778694  7.92954742  2.14256859],queued,[-0.62185191  0.08809385  0.93462812]
587.3068709373474,1005,False,0,2,[ 5.22045641 -4.62014186  4.00000063],cruising,[ 0.50568378 -0.03156594 -0.11489306]
587.4071497917175,1000,False,1,6,[-5.32352799  6.69718518  4.        ],cruising,[-0.82138112 -0.19970136 -0.21083176]
587.4071497917175,1001,False,5,3,[ 8.478521   -0.35165575  3.99999995],cruising,[-0.48080528  0.59740651 -0.20557775]
587.4071497917175,1002,False,3,1,[5.42393259 4.82484182 4.        ],cruising,[ 0.5677905  -0.59831228 -0.99408226]
587.4071497917175,1003,False,4,0,[ 7.11647213 -6.10530911  3.4165434 ],entering,[ 0.63925976  0.24903542 -0.34837281]
587.4071497917175,1004,False,5,4,[-8.09778694  7.92954742  2.21756859],queued,[-0.62185191  0.08809385  0.93462812]
587.4071497917175,1005,False,0,2,[ 5.05290034 -4.51094038  4.00000053],cruising,[ 0.50568378 -0.03156594 -0.11489306]
587.5067670345306,1000,False,1,6,[-5.14415367  6.75860225  4.        ],cruising,[-0.82138112 -0.19970136 -0.21083176]
587.5067670345306,1001,False,5,3,[ 8.46881274 -0.55141998  3.99999996],cruising,[-0.48080528  0.59740651 -0.20557775]
587.5067670345306,1002,False,3,1,[5.62266192 4.80233285 4.        ],cruising,[ 0.5677905  -0.59831228 -0.99408226]
587.5067670345306,1003,False,4,0,[ 6.9894425  -5.95083105  3.4915434 ],entering,[ 0.63925976  0.24903542 -0.34837281]
587.5067670345306,1004,False,5,4,[-8.09778694  7.92954742  2.29256859],queued,[-0.62185191  0.08809385  0.93462812]
587.5067670345306,1005,False,0,2,[ 4.88168473 -4.40757106  4.00000045],cruising,[ 0.50568378 -0.03156594 -0.11489306]
587.6142165660858,1000,False,1,6,[-4.95354246  6.80347446  4.        ],cruising,[-0.82138112 -0.19970136 -0.21083176]
587.6142165660858,1001,False,5,3,[ 8.45723675 -0.75108469  3.99999996],cruising,[-0.48080528  0.59740651 -0.20557775]
587.6142165660858,1002,False,3,1,[5.82088303 4.77571724 4.        ],cruising,[ 0.5677905  -0.59831228 -0.99408226]
587.6142165660858,1003,False,4,0,[ 6.86103362 -5.79749755  3.5665434 ],entering,[ 0.63925976  0.24903542 -0.34837281]
587.6142165660858,1004,False,5,4,[-8.09778694  7.92954742  2.36756859],queued,[-0.62185191  0.08809385  0.93462812]
587.6142165660858,1005,False,0,2,[ 4.70742704 -4.3094168   4.00000038],cruising,[ 0.50568378 -0.03156594 -0.11489306]
587.707483291626,1000,False,1,6,[-4.75741866  6.84265936  4.        ],cruising,[-0.82138112 -0.19970136 -0.21083176]
587.707483291626,1001,False,5,3,[ 8.44364982 -0.95062265  3.99999997],cruising,[-0.48080528  0.59740651 -0.20557775]
587.707483291626,1002,False,3,1,[6.01838818 4.74422571 4.        ],cruising,[ 0.5677905  -0.59831228 -0.99408226]
587.707483291626,1003,False,4,0,[ 6.73097911 -5.64555735  3.63156189],entering,[ 0.63925976  0.24903542 -0.34837281]
587.707483291626,1004,False,5,4,[-8.09778694  7.92954742  2.44256859],queued,[-0.62185191  0.08809385  0.93462812]
587.707483291626,1005,False,0,2,[ 4.52996316 -4.21718573  4.00000033],cruising,[ 0.50568378 -0.03156594 -0.11489306]
587.8074386119843,1000,False,1,6,[-4.56161556  6.88341652  4.        ],cruising,[-0.82138112 -0.19970136 -0.21083176]
587.8074386119843,1001,False,5,3,[ 8.42578949 -1.14982357  3.99999997],cruising,[-0.48080528  0.59740651 -0.20557775]
587.8074386119843,1002,False,3,1,[6.21489558 4.70701224 4.        ],cruising,[ 0.5677905  -0.59831228 -0.99408226]
587.8074386119843,1003,False,4,0,[ 6.59423055 -5.49961274  3.68682761],entering,[ 0.63925976  0.24903542 -0.34837281]
587.8074386119843,1004,False,5,4,[-8.09778694  7.92954742  2.51756859],entering,[-0.62185191  0.08809385  0.93462812]
587.8074386119843,1005,False,0,2,[ 4.35078471 -4.12833146  4.00000028],cruising,[ 0.50568378 -0.03156594 -0.11489306]
587.9070544242859,1000,False,1,6,[-4.36655068  6.92757183  4.        ],cruising,[-0.82138112 -0.19970136 -0.21083176]
587.9070544242859,1001,False,5,3,[ 8.40597732 -1.34883985  3.99999998],cruising,[-0.48080528  0.59740651 -0.20557775]
587.9070544242859,1002,False,3,1,[6.41002355 4.66313658 4.        ],cruising,[ 0.5677905  -0.59831228 -0.99408226]
587.9070544242859,1003,False,4,0,[ 6.45272615 -5.35827447  3.73380347],entering,[ 0.63925976  0.24903542 -0.34837281]
587.9070544242859,1004,False,5,4,[-8.07993949  7.92052142  2.59256859],entering,[-0.62185191  0.08809385  0.93462812]
587.9070544242859,1005,False,0,2,[ 4.16972202 -4.04338264  4.00000024],cruising,[ 0.50568378 -0.03156594 -0.11489306]
588.0070736408234,1000,False,1,6,[-4.1719279   6.97363671  4.        ],cruising,[-0.82138112 -0.19970136 -0.21083176]
588.0070736408234,1001,False,5,3,[ 8.38401814 -1.54763068  3.99999998],cruising,[-0.48080528  0.59740651 -0.20557775]
588.0070736408234,1002,False,3,1,[6.60325616 4.61155017 4.        ],cruising,[ 0.5677905  -0.59831228 -0.99408226]
588.0070736408234,1003,False,4,0,[ 6.30859375 -5.21961716  3.77373295],entering,[ 0.63925976  0.24903542 -0.34837281]
588.0070736408234,1004,False,5,4,[-8.04423094  7.9024965   2.66756859],entering,[-0.62185191  0.08809385  0.93462812]
588.0070736408234,1005,False,0,2,[ 3.98769159 -3.9605278   4.0000002 ],cruising,[ 0.50568378 -0.03156594 -0.11489306]
588.1072680950165,1000,False,1,6,[-3.97745195  7.02031761  4.        ],cruising,[-0.82138112 -0.19970136 -0.21083176]
588.1072680950165,1001,False,5,3,[ 8.35741505 -1.74585347  3.99999998],cruising,[-0.48080528  0.59740651 -0.20557775]
588.1072680950165,1002,False,3,1,[6.79389847 4.55108935 4.        ],cruising,[ 0.5677905  -0.59831228 -0.99408226]
588.1072680950165,1003,False,4,0,[ 6.15757411 -5.08849481  3.807673  ],entering,[ 0.63925976  0.24903542 -0.34837281]
588.1072680950165,1004,False,5,4,[-7.99063114  7.87553269  2.74256859],entering,[-0.62185191  0.08809385  0.93462812]
588.1072680950165,1005,False,0,2,[ 3.80452808 -3.88020889  4.00000017],cruising,[ 0.50568378 -0.03156594 -0.11489306]
588.2083435058594,1000,False,1,6,[-3.78285923  7.06650933  4.        ],cruising,[-0.82138112 -0.19970136 -0.21083176]
588.2083435058594,1001,False,5,3,[ 8.32859359 -1.94376589  3.99999999],cruising,[-0.48080528  0.59740651 -0.20557775]
588.2083435058594,1002,False,3,1,[6.98102042 4.48048217 4.        ],cruising,[ 0.5677905  -0.59831228 -0.99408226]
588.2083435058594,1003,False,4,0,[ 5.99956498 -4.96588521  3.83652205],cruising,[ 0.63925976  0.24903542 -0.34837281]
588.2083435058594,1004,False,5,4,[-7.91908305  7.83974512  2.81756859],entering,[-0.62185191  0.08809385  0.93462812]
588.2083435058594,1005,False,0,2,[ 3.62074751 -3.8013121   4.00000015],cruising,[ 0.50568378 -0.03156594 -0.11489306]
588.3071217536926,1000,False,1,6,[-3.58738928  7.10883542  4.        ],cruising,[-0.82138112 -0.19970136 -0.21083176]
588.3071217536926,1001,False,5,3,[ 8.29729466 -2.14130165  3.99999999],cruising,[-0.48080528  0.59740651 -0.20557775]
588.3071217536926,1002,False,3,1,[7.16339101 4.39837876 4.        ],cruising,[ 0.5677905  -0.59831228 -0.99408226]
588.3071217536926,1003,False,4,0,[ 5.83785936 -4.8481937   3.86104375],cruising,[ 0.63925976  0.24903542 -0.34837281]
588.3071217536926,1004,False,5,4,[-7.82953524  7.79523918  2.89256859],entering,[-0.62185191  0.08809385  0.93462812]
588.3071217536926,1005,False,0,2,[ 3.43623356 -3.72414603  4.00000012],cruising,[ 0.50568378 -0.03156594 -0.11489306]
588.41259765625,1000,False,1,6,[-3.39152872  7.14931556  4.        ],cruising,[-0.82138112 -0.19970136 -0.21083176]
588.41259765625,1001,False,5,3,[ 8.26055391 -2.33789798  3.99999999],cruising,[-0.48080528  0.59740651 -0.20557775]
588.41259765625,1002,False,3,1,[7.33940967 4.30341862 4.        ],cruising,[ 0.5677905  -0.59831228 -0.99408226]
588.41259765625,1003,False,4,0,[ 5.66981642 -4.73974292  3.88188718],cruising,[ 0.63925976  0.24903542 -0.34837281]
588.41259765625,1004,False,5,4,[-7.72196208  7.74206798  2.96756859],entering,[-0.62185191  0.08809385  0.93462812]
588.41259765625,1005,False,0,2,[ 3.2512086  -3.64821341  4.0000001 ],cruising,[ 0.50568378 -0.03156594 -0.11489306]
588.512683391571,1000,False,1,6,[-3.19512841  7.18709011  4.        ],cruising,[-0.82138112 -0.19970136 -0.21083176]
588.512683391571,1001,False,5,3,[ 8.22110972 -2.53396979  3.99999999],cruising,[-0.48080528  0.59740651 -0.20557775]
588.512683391571,1002,False,3,1,[7.50705201 4.19434961 4.        ],cruising,[ 0.5677905  -0.59831228 -0.99408226]
588.512683391571,1003,False,4,0,[ 5.49855726 -4.63644578  3.89960411],cruising,[ 0.63925976  0.24903542 -0.34837281]
588.512683391571,1004,False,5,4,[-7.59634946  7.68026092  3.04256859],entering,[-0.62185191  0.08809385  0.93462812]
588.512683391571,1005,False,0,2,[ 3.06563953 -3.57362037  4.00000009],cruising,[ 0.50568378 -0.03156594 -0.11489306]
588.6066753864288,1000,False,1,6,[-2.9976399   7.21868583  4.        ],cruising,[-0.82138112 -0.19970136 -0.21083176]
588.6066753864288,1001,False,5,3,[ 8.17860702 -2.72940142  3.99999999],cruising,[-0.48080528  0.59740651 -0.20557775]
588.6066753864288,1002,False,3,1,[7.66264832 4.06931524 4.        ],cruising,[ 0.5677905  -0.59831228 -0.99408226]
588.6066753864288,1003,False,4,0,[ 5.32286406 -4.5408848   3.91466349],cruising,[ 0.63925976  0.24903542 -0.34837281]
588.6066753864288,1004,False,5,4,[-7.45225021  7.61082205  3.11756859],entering,[-0.62185191  0.08809385  0.93462812]
588.6066753864288,1005,False,0,2,[ 2.87950762 -3.50044311  4.00000008],cruising,[ 0.50568378 -0.03156594 -0.11489306]
588.7074632644653,1000,False,1,6,[-2.79955841  7.24632135  4.        ],cruising,[-0.82138112 -0.19970136 -0.21083176]
588.7074632644653,1001,False,5,3,[ 8.12922118 -2.92320812  3.99999999],cruising,[-0.48080528  0.59740651 -0.20557775]
588.7074632644653,1002,False,3,1,[7.80480932 3.92946558 4.        ],cruising,[ 0.5677905  -0.59831228 -0.99408226]
588.7074632644653,1003,False,4,0,[ 5.14521183 -4.44901705  3.92746397],cruising,[ 0.63925976  0.24903542 -0.34837281]
588.7074632644653,1004,False,5,4,[-7.28942624  7.53435577  3.19256859],entering,[-0.62185191  0.08809385  0.93462812]
588.7074632644653,1005,False,0,2,[ 2.69270653 -3.42899135  4.00000006],cruising,[ 0.50568378 -0.03156594 -0.11489306]
588.8066062927246,1000,False,1,6,[-2.6005241   7.26595149  4.        ],cruising,[-0.82138112 -0.19970136 -0.21083176]
588.8066062927246,1001,False,5,3,[ 8.07632799 -3.11608713  3.99999999],cruising,[-0.48080528  0.59740651 -0.20557775]
588.8066062927246,1002,False,3,1,[7.93207422 3.77627027 4.        ],cruising,[ 0.5677905  -0.59831228 -0.99408226]
588.8066062927246,1003,False,4,0,[ 4.96485025 -4.36258961  3.93834437],cruising,[ 0.63925976  0.24903542 -0.34837281]
588.8066062927246,1004,False,5,4,[-7.10711603  7.45338541  3.26756859],entering,[-0.62185191  0.08809385  0.93462812]
588.8066062927246,1005,False,0,2,[ 2.50539593 -3.35888616  4.00000005],cruising,[ 0.50568378 -0.03156594 -0.11489306]
588.9073197841644,1000,False,1,6,[-2.4010141   7.27994291  4.        ],cruising,[-0.82138112 -0.19970136 -0.21083176]
588.9073197841644,1001,False,5,3,[ 8.01519527 -3.30651504  4.        ],cruising,[-0.48080528  0.59740651 -0.20557775]
588.9073197841644,1002,False,3,1,[8.04309528 3.61140717 4.        ],cruising,[ 0.5677905  -0.59831228 -0.99408226]
588.9073197841644,1003,False,4,0,[ 4.7835124  -4.27822976  3.94759272],cruising,[ 0.63925976  0.24903542 -0.34837281]
588.9073197841644,1004,False,5,4,[-6.92328012  7.37461765  3.34256859],entering,[-0.62185191  0.08809385  0.93462812]
588.9073197841644,1005,False,0,2,[ 2.31720774 -3.29117202  4.00000005],cruising,[ 0.50568378 -0.03156594 -0.11489306]
589.0065412521362,1000,False,1,6,[-2.20103745  7.28299921  4.        ],cruising,[-0.82138112 -0.19970136 -0.21083176]
589.0065412521362,1001,False,5,3,[ 7.94512141 -3.49383737  4.        ],cruising,[-0.48080528  0.59740651 -0.20557775]
589.0065412521362,1002,False,3,1,[8.13651643 3.43704443 4.        ],cruising,[ 0.5677905  -0.59831228 -0.99408226]
589.0065412521362,1003,False,4,0,[ 4.60131295 -4.19574728  3.95545381],cruising,[ 0.63925976  0.24903542 -0.34837281]
589.0065412521362,1004,False,5,4,[-6.73731314  7.30102226  3.41756859],entering,[-0.62185191  0.08809385  0.93462812]
589.0065412521362,1005,False,0,2,[ 2.12844166 -3.22508597  4.00000004],cruising,[ 0.50568378 -0.03156594 -0.11489306]
589.1069476604462,1000,False,1,6,[-2.00159165  7.26812064  4.        ],cruising,[-0.82138112 -0.19970136 -0.21083176]
589.1069476604462,1001,False,5,3,[ 7.86499251 -3.67708408  4.        ],cruising,[-0.48080528  0.59740651 -0.20557775]
589.1069476604462,1002,False,3,1,[8.21170871 3.25445318 4.        ],exiting,[ 0.5677905  -0.59831228 -0.99408226]
589.1069476604462,1003,False,4,0,[ 4.41782484 -4.11617272  3.96213574],cruising,[ 0.63925976  0.24903542 -0.34837281]
589.1069476604462,1004,False,5,4,[-6.54979093  7.23148508  3.49256859],entering,[-0.62185191  0.08809385  0.93462812]
589.1069476604462,1005,False,0,2,[ 1.93849086 -3.16248649  4.00000003],cruising,[ 0.50568378 -0.03156594 -0.11489306]
589.2077386379242,1000,False,1,6,[-1.80453622  7.23392766  4.        ],cruising,[-0.82138112 -0.19970136 -0.21083176]
589.2077386379242,1001,False,5,3,[ 7.77924632 -3.85777053  4.        ],cruising,[-0.48080528  0.59740651 -0.20557775]
589.2077386379242,1002,False,3,1,[8.26786604 3.07799958 4.        ],exiting,[ 0.5677905  -0.59831228 -0.99408226]
589.2077386379242,1003,False,4,0,[ 4.23394119 -4.03751647  3.96781538],cruising,[ 0.63925976  0.24903542 -0.34837281]
589.2077386379242,1004,False,5,4,[-6.36056498  7.16672753  3.56756859],entering,[-0.62185191  0.08809385  0.93462812]
589.2077386379242,1005,False,0,2,[ 1.74717719 -3.10418486  4.00000003],cruising,[ 0.50568378 -0.03156594 -0.11489306]
589.3071627616882,1000,False,1,6,[-1.61113977  7.18295894  4.        ],cruising,[-0.82138112 -0.19970136 -0.21083176]
589.3071627616882,1001,False,5,3,[ 7.67954589 -4.03114822  4.        ],cruising,[-0.48080528  0.59740651 -0.20557775]
589.3071627616882,1002,False,3,1,[8.30752564 2.91285195 4.        ],exiting,[ 0.5677905  -0.59831228 -0.99408226]
589.3071627616882,1003,False,4,0,[ 4.04929901 -3.96065774  3.97264307],cruising,[ 0.63925976  0.24903542 -0.34837281]
589.3071627616882,1004,False,5,4,[-6.16929025  7.10829826  3.6324333 ],entering,[-0.62185191  0.08809385  0.93462812]
589.3071627616882,1005,False,0,2,[ 1.55430911 -3.05125186  4.00000002],cruising,[ 0.50568378 -0.03156594 -0.11489306]
589.4067060947418,1000,False,1,6,[-1.42202377  7.11788098  4.        ],cruising,[-0.82138112 -0.19970136 -0.21083176]
589.4067060947418,1001,False,5,3,[ 7.56329565 -4.19329633  4.        ],cruising,[-0.48080528  0.59740651 -0.20557775]
589.4067060947418,1002,False,3,1,[8.33212521 2.76086469 4.        ],exiting,[ 0.5677905  -0.59831228 -0.99408226]
589.4067060947418,1003,False,4,0,[ 3.86444781 -3.88430308  3.97674661],cruising,[ 0.63925976  0.24903542 -0.34837281]
589.4067060947418,1004,False,5,4,[-5.97575504  7.05785897  3.68756831],entering,[-0.62185191  0.08809385  0.93462812]
589.4067060947418,1005,False,0,2,[ 1.35969804 -3.00513752  4.00000002],cruising,[ 0.50568378 -0.03156594 -0.11489306]
589.5078945159912,1000,False,1,6,[-1.23727966  7.04126759  4.        ],cruising,[-0.82138112 -0.19970136 -0.21083176]
589.5078945159912,1001,False,5,3,[ 7.43176333 -4.34254257  4.        ],cruising,[-0.48080528  0.59740651 -0.20557775]
589.5078945159912,1002,False,3,1,[8.3425067  2.62294321 4.        ],exiting,[ 0.5677905  -0.59831228 -0.99408226]
589.5078945159912,1003,False,4,0,[ 3.67911288 -3.80913019  3.98023462],cruising,[ 0.63925976  0.24903542 -0.34837281]
589.5078945159912,1004,False,5,4,[-5.78016867  7.01607414  3.73443306],entering,[-0.62185191  0.08809385  0.93462812]
589.5078945159912,1005,False,0,2,[ 1.16320465 -2.96785016  4.00000002],cruising,[ 0.50568378 -0.03156594 -0.11489306]
589.606452703476,1000,False,1,6,[-1.05661981  6.95546537  4.        ],cruising,[-0.82138112 -0.19970136 -0.21083176]
589.606452703476,1001,False,5,3,[ 7.28681592 -4.47695522  4.        ],cruising,[-0.48080528  0.59740651 -0.20557775]
589.606452703476,1002,False,3,1,[8.33926134 2.49966102 4.        ],exiting,[ 0.5677905  -0.59831228 -0.99408226]
589.606452703476,1003,False,4,0,[ 3.49358406 -3.7344371   3.98319943],cruising,[ 0.63925976  0.24903542 -0.34837281]
589.606452703476,1004,False,5,4,[-5.58293812  6.98290625  3.7742681 ],entering,[-0.62185191  0.08809385  0.93462812]
589.606452703476,1005,False,0,2,[ 0.96411962 -2.94874124  4.00000001],cruising,[ 0.50568378 -0.03156594 -0.11489306]
589.7065596580505,1000,False,1,6,[-0.87828406  6.86493162  4.        ],cruising,[-0.82138112 -0.19970136 -0.21083176]
589.7065596580505,1001,False,5,3,[ 7.13083017 -4.59468989  4.        ],cruising,[-0.48080528  0.59740651 -0.20557775]
589.7065596580505,1002,False,3,1,[8.32289733 2.39147524 4.        ],exiting,[ 0.5677905  -0.59831228 -0.99408226]
589.7065596580505,1003,False,4,0,[ 3.30769268 -3.66065096  3.98571951],cruising,[ 0.63925976  0.24903542 -0.34837281]
589.7065596580505,1004,False,5,4,[-5.38400918  6.9622356   3.80812789],entering,[-0.62185191  0.08809385  0.93462812]
589.7065596580505,1005,False,0,2,[ 0.76421729 -2.94249148  4.00000001],cruising,[ 0.50568378 -0.03156594 -0.11489306]
589.8071579933167,1000,False,1,6,[-0.70336424  6.76796227  4.        ],cruising,[-0.82138112 -0.19970136 -0.21083176]
589.8071579933167,1001,False,5,3,[ 6.96595588 -4.69450826  4.        ],cruising,[-0.48080528  0.59740651 -0.20557775]
589.8071579933167,1002,False,3,1,[8.29394828 2.29883347 4.        ],exiting,[ 0.5677905  -0.59831228 -0.99408226]
589.8071579933167,1003,False,4,0,[ 3.12151056 -3.58760155  3.98786158],cruising,[ 0.63925976  0.24903542 -0.34837281]
589.8071579933167,1004,False,5,4,[-5.18428705  6.95169646  3.8369087 ],entering,[-0.62185191  0.08809385  0.93462812]
589.8071579933167,1005,False,0,2,[ 0.56442759 -2.95166075  4.00000001],cruising,[ 0.50568378 -0.03156594 -0.11489306]
589.9071459770203,1000,False,1,6,[-0.53108639  6.66637317  4.        ],cruising,[-0.82138112 -0.19970136 -0.21083176]
589.9071459770203,1001,False,5,3,[ 6.79435653 -4.77549119  4.        ],cruising,[-0.48080528  0.59740651 -0.20557775]
589.9071459770203,1002,False,3,1,[8.25267199 2.22194097 4.        ],exiting,[ 0.5677905  -0.59831228 -0.99408226]
589.9071459770203,1003,False,4,0,[ 2.93498915 -3.51542284  3.98968235],cruising,[ 0.63925976  0.24903542 -0.34837281]
589.9071459770203,1004,False,5,4,[-4.98428725  6.95141527  3.8613724 ],cruising,[-0.62185191  0.08809385  0.93462812]
589.9071459770203,1005,False,0,2,[ 0.36587828 -2.97570598  4.00000001],cruising,[ 0.50568378 -0.03156594 -0.11489306]
590.0068616867065,1000,False,1,6,[-0.36001877  6.56275914  4.        ],cruising,[-0.82138112 -0.19970136 -0.21083176]
590.0068616867065,1001,False,5,3,[ 6.61801695 -4.83704399  4.        ],cruising,[-0.48080528  0.59740651 -0.20557775]
590.0068616867065,1002,False,3,1,[8.19933498 2.16100275 4.        ],exiting,[ 0.5677905  -0.59831228 -0.99408226]
590.0068616867065,1003,False,4,0,[ 2.74799659 -3.44447368  3.99123   ],cruising,[ 0.63925976  0.24903542 -0.34837281]
590.0068616867065,1004,False,5,4,[-4.78451344  6.96092455  3.88216654],cruising,[-0.62185191  0.08809385  0.93462812]
590.0068616867065,1005,False,0,2,[ 0.16955464 -3.01387698  4.00000001],cruising,[ 0.50568378 -0.03156594 -0.11489306]
590.1076321601868,1000,False,1,6,[-0.19048295  6.45665727  4.        ],cruising,[-0.82138112 -0.19970136 -0.21083176]
590.1076321601868,1001,False,5,3,[ 6.43919808 -4.87875105  4.        ],cruising,[-0.48080528  0.59740651 -0.20557775]
590.1076321601868,1002,False,3,1,[8.13421279 2.1162234  4.        ],exiting,[ 0.5677905  -0.59831228 -0.99408226]
590.1076321601868,1003,False,4,0,[ 2.56038484 -3.37517843  3.9925455 ],cruising,[ 0.63925976  0.24903542 -0.34837281]
590.1076321601868,1004,False,5,4,[-4.58533732  6.97905935  3.89984156],cruising,[-0.62185191  0.08809385  0.93462812]
590.1076321601868,1005,False,0,2,[-0.02375969 -3.06515632  4.00000001],cruising,[ 0.50568378 -0.03156594 -0.11489306]
590.2064309120178,1000,False,1,6,[-0.02143261  6.34978359  4.        ],cruising,[-0.82138112 -0.19970136 -0.21083176]
590.2064309120178,1001,False,5,3,[ 6.25960849 -4.90047297  4.        ],cruising,[-0.48080528  0.59740651 -0.20557775]
590.2064309120178,1002,False,3,1,[8.05759061 2.08780714 4.        ],exiting,[ 0.5677905  -0.59831228 -0.99408226]
590.2064309120178,1003,False,4,0,[ 2.37233113 -3.30709171  3.99366367],cruising,[ 0.63925976  0.24903542 -0.34837281]
590.2064309120178,1004,False,5,4,[-4.38692664  7.00422287  3.91486532],cruising,[-0.62185191  0.08809385  0.93462812]
590.2064309120178,1005,False,0,2,[-0.21235339 -3.13173273  4.00000001],cruising,[ 0.50568378 -0.03156594 -0.11489306]
590.307187795639,1000,False,1,6,[0.14724088 6.24231614 4.        ],cruising,[-0.82138112 -0.19970136 -0.21083176]
590.307187795639,1001,False,5,3,[ 6.0802733  -4.90219651  4.        ],cruising,[-0.48080528  0.59740651 -0.20557775]
590.307187795639,1002,False,3,1,[7.96976418 2.07595785 4.        ],exiting,[ 0.5677905  -0.59831228 -0.99408226]
590.307187795639,1003,False,4,0,[ 2.18337227 -3.2415589   3.99461412],cruising,[ 0.63925976  0.24903542 -0.34837281]
590.307187795639,1004,False,5,4,[-4.18925608  7.03465889  3.92763553],cruising,[-0.62185191  0.08809385  0.93462812]
590.307187795639,1005,False,0,2,[-0.39752545 -3.20730591  4.        ],cruising,[ 0.50568378 -0.03156594 -0.11489306]
590.406571149826,1000,False,1,6,[0.31613758 6.13519983 4.        ],cruising,[-0.82138112 -0.19970136 -0.21083176]
590.406571149826,1001,False,5,3,[ 5.90246931 -4.88397875  4.        ],cruising,[-0.48080528  0.59740651 -0.20557775]
590.406571149826,1002,False,3,1,[7.87104065 2.08087917 4.        ],exiting,[ 0.5677905  -0.59831228 -0.99408226]
590.406571149826,1003,False,4,0,[ 1.9933326  -3.17922975  3.995422  ],cruising,[ 0.63925976  0.24903542 -0.34837281]
590.406571149826,1004,False,5,4,[-3.99216609  7.06865203  3.9384902 ],cruising,[-0.62185191  0.08809385  0.93462812]
590.406571149826,1005,False,0,2,[-0.57857859 -3.2922751   4.        ],cruising,[ 0.50568378 -0.03156594 -0.11489306]
590.5073404312134,1000,False,1,6,[0.48552105 6.02885492 4.        ],cruising,[-0.82138112 -0.19970136 -0.21083176]
590.5073404312134,1001,False,5,3,[ 5.72722902 -4.84592598  4.        ],cruising,[-0.48080528  0.59740651 -0.20557775]
590.5073404312134,1002,False,3,1,[7.77125988 2.08749707 4.        ],exiting,[ 0.5677905  -0.59831228 -0.99408226]
590.5073404312134,1003,False,4,0,[ 1.80202188 -3.12091843  3.9961087 ],cruising,[ 0.63925976  0.24903542 -0.34837281]
590.5073404312134,1004,False,5,4,[-3.79542986  7.10463615  3.94771667],cruising,[-0.62185191  0.08809385  0.93462812]
590.5073404312134,1005,False,0,2,[-0.75704004 -3.38256081  4.        ],cruising,[ 0.50568378 -0.03156594 -0.11489306]
590.6073155403137,1000,False,1,6,[0.65603355 5.92432986 4.        ],cruising,[-0.82138112 -0.19970136 -0.21083176]
590.6073155403137,1001,False,5,3,[ 5.55488568 -4.78808414  4.        ],cruising,[-0.48080528  0.59740651 -0.20557775]
590.6073155403137,1002,False,3,1,[7.6714791  2.09411498 4.        ],exiting,[ 0.5677905  -0.59831228 -0.99408226]
590.6073155403137,1003,False,4,0,[ 1.60996268 -3.0651218   3.9966924 ],cruising,[ 0.63925976  0.24903542 -0.34837281]
590.6073155403137,1004,False,5,4,[-3.59836605  7.13878077  3.95555917],cruising,[-0.62185191  0.08809385  0.93462812]
590.6073155403137,1005,False,0,2,[-0.93504042 -3.47375218  4.        ],cruising,[ 0.50568378 -0.03156594 -0.11489306]
590.7174227237701,1000,False,1,6,[0.8276607  5.82164529 4.        ],cruising,[-0.82138112 -0.19970136 -0.21083176]
590.7174227237701,1001,False,5,3,[ 5.38590814 -4.71052754  4.        ],cruising,[-0.48080528  0.59740651 -0.20557775]
590.7174227237701,1002,False,3,1,[7.57169832 2.10073288 4.        ],exiting,[ 0.5677905  -0.59831228 -0.99408226]
590.7174227237701,1003,False,4,0,[ 1.41618676 -3.01561532  3.99718854],cruising,[ 0.63925976  0.24903542 -0.34837281]
590.7174227237701,1004,False,5,4,[-3.40127176  7.172749    3.96222529],cruising,[-0.62185191  0.08809385  0.93462812]
590.7174227237701,1005,False,0,2,[-1.11598722 -3.55894756  4.        ],cruising,[ 0.50568378 -0.03156594 -0.11489306]
590.806902885437,1000,False,1,6,[1.00132907 5.72245206 4.        ],cruising,[-0.82138112 -0.19970136 -0.21083176]
590.806902885437,1001,False,5,3,[ 5.21945392 -4.61313076  4.        ],cruising,[-0.48080528  0.59740651 -0.20557775]
590.806902885437,1002,False,3,1,[7.47191755 2.10735078 4.        ],exiting,[ 0.5677905  -0.59831228 -0.99408226]
590.806902885437,1003,False,4,0,[ 1.2196646  -2.97847989  3.99761026],cruising,[ 0.63925976  0.24903542 -0.34837281]
590.806902885437,1004,False,5,4,[-3.20394833  7.20535982  3.9678915 ],cruising,[-0.62185191  0.08809385  0.93462812]
590.806902885437,1005,False,0,2,[-1.30383399 -3.62760316  4.        ],cruising,[ 0.50568378 -0.03156594 -0.11489306]
590.9066660404205,1000,False,1,6,[1.1766198  5.62615481 4.        ],cruising,[-0.82138112 -0.19970136 -0.21083176]
590.9066660404205,1001,False,5,3,[ 5.05254464 -4.50294322  4.        ],cruising,[-0.48080528  0.59740651 -0.20557775]
590.9066660404205,1002,False,3,1,[7.37213677 2.11396869 4.        ],exiting,[ 0.5677905  -0.59831228 -0.99408226]
590.9066660404205,1003,False,4,0,[ 1.02138095 -2.95233428  3.99796872],cruising,[ 0.63925976  0.24903542 -0.34837281]
590.9066660404205,1004,False,5,4,[-3.00585069  7.23287929  3.97270777],cruising,[-0.62185191  0.08809385  0.93462812]
590.9066660404205,1005,False,0,2,[-1.49701708 -3.67698381  4.        ],cruising,[ 0.50568378 -0.03156594 -0.11489306]
591.0071651935577,1000,False,1,6,[1.35376657 5.53331612 4.        ],cruising,[-0.82138112 -0.19970136 -0.21083176]
591.0071651935577,1001,False,5,3,[ 4.88056475 -4.40085054  4.        ],cruising,[-0.48080528  0.59740651 -0.20557775]
591.0071651935577,1002,False,3,1,[7.27235599 2.12058659 4.        ],exiting,[ 0.5677905  -0.59831228 -0.99408226]
591.0071651935577,1003,False,4,0,[ 0.8217171  -2.94074342  3.99827341],cruising,[ 0.63925976  0.24903542 -0.34837281]
591.0071651935577,1004,False,5,4,[-2.80734829  7.25730878  3.97680161],cruising,[-0.62185191  0.08809385  0.93462812]
591.0071651935577,1005,False,0,2,[-1.69252902 -3.70650052  4.        ],cruising,[ 0.50568378 -0.03156594 -0.11489306]
591.1070818901062,1000,False,1,6,[1.53396241 5.44654367 4.        ],cruising,[-0.82138112 -0.19970136 -0.21083176]
591.1070818901062,1001,False,5,3,[ 4.70570992 -4.30376403  4.        ],cruising,[-0.48080528  0.59740651 -0.20557775]
591.1070818901062,1002,False,3,1,[7.17257522 2.1272045  4.        ],exiting,[ 0.5677905  -0.59831228 -0.99408226]
591.1070818901062,1003,False,4,0,[ 0.62176823 -2.94526543  3.9985324 ],cruising,[ 0.63925976  0.24903542 -0.34837281]
591.1070818901062,1004,False,5,4,[-2.6080839   7.27444657  3.98028137],cruising,[-0.62185191  0.08809385  0.93462812]
591.1070818901062,1005,False,0,2,[-1.88710577 -3.7160391   4.        ],cruising,[ 0.50568378 -0.03156594 -0.11489306]
591.207329750061,1000,False,1,6,[1.71628414 5.36433182 4.        ],cruising,[-0.82138112 -0.19970136 -0.21083176]
591.207329750061,1001,False,5,3,[ 4.52779014 -4.21241551  4.        ],cruising,[-0.48080528  0.59740651 -0.20557775]
591.207329750061,1002,False,3,1,[7.07279444 2.1338224  4.        ],exiting,[ 0.5677905  -0.59831228 -0.99408226]
591.207329750061,1003,False,4,0,[ 0.42273506 -2.96490721  3.99875254],cruising,[ 0.63925976  0.24903542 -0.34837281]
591.207329750061,1004,False,5,4,[-2.40844785  7.28650658  3.98323916],cruising,[-0.62185191  0.08809385  0.93462812]
591.207329750061,1005,False,0,2,[-2.0777229  -3.70597356  4.        ],cruising,[ 0.50568378 -0.03156594 -0.11489306]
591.3073554039001,1000,False,1,6,[1.90087719 5.28735518 4.        ],cruising,[-0.82138112 -0.19970136 -0.21083176]
591.3073554039001,1001,False,5,3,[ 4.34826171 -4.12427051  4.        ],cruising,[-0.48080528  0.59740651 -0.20557775]
591.3073554039001,1002,False,3,1,[6.97301367 2.1404403  4.        ],exiting,[ 0.5677905  -0.59831228 -0.99408226]
591.3073554039001,1003,False,4,0,[ 0.22565838 -2.99897745  3.99893966],cruising,[ 0.63925976  0.24903542 -0.34837281]
591.3073554039001,1004,False,5,4,[-2.20845429  7.28811219  3.98575329],cruising,[-0.62185191  0.08809385  0.93462812]
591.3073554039001,1005,False,0,2,[-2.2617764  -3.67701573  4.        ],cruising,[ 0.50568378 -0.03156594 -0.11489306]
591.4089124202728,1000,False,1,6,[2.0889238  5.21924883 4.        ],cruising,[-0.82138112 -0.19970136 -0.21083176]
591.4089124202728,1001,False,5,3,[ 4.1669328  -4.03989143  4.        ],cruising,[-0.48080528  0.59740651 -0.20557775]
591.4089124202728,1002,False,3,1,[6.87323289 2.14705821 4.        ],exiting,[ 0.5677905  -0.59831228 -0.99408226]
591.4089124202728,1003,False,4,0,[ 0.03139475 -3.04653415  3.99909871],cruising,[ 0.63925976  0.24903542 -0.34837281]
591.4089124202728,1004,False,5,4,[-2.00908631  7.27222477  3.98789029],cruising,[-0.62185191  0.08809385  0.93462812]
591.4089124202728,1005,False,0,2,[-2.43692049 -3.63015197  4.        ],cruising,[ 0.50568378 -0.03156594 -0.11489306]
591.520167350769,1000,False,1,6,[2.27951048 5.15861288 4.        ],cruising,[-0.82138112 -0.19970136 -0.21083176]
591.520167350769,1001,False,5,3,[ 3.98469866 -3.95748562  4.        ],cruising,[-0.48080528  0.59740651 -0.20557775]
591.520167350769,1002,False,3,1,[6.77345211 2.15367611 4.        ],exiting,[ 0.5677905  -0.59831228 -0.99408226]
591.520167350769,1003,False,4,0,[-0.15826093 -3.11002214  3.9992339 ],cruising,[ 0.63925976  0.24903542 -0.34837281]
591.520167350769,1004,False,5,4,[-1.81214235  7.23739556  3.98970675],cruising,[-0.62185191  0.08809385  0.93462812]
591.520167350769,1005,False,0,2,[-2.60104662 -3.56659675  4.        ],cruising,[ 0.50568378 -0.03156594 -0.11489306]
591.6064877510071,1000,False,1,6,[2.47313643 5.10852306 4.        ],cruising,[-0.82138112 -0.19970136 -0.21083176]
591.6064877510071,1001,False,5,3,[ 3.80137949 -3.87752263  4.        ],cruising,[-0.48080528  0.59740651 -0.20557775]
591.6064877510071,1002,False,3,1,[6.67367134 2.16029402 4.        ],exiting,[ 0.5677905  -0.59831228 -0.99408226]
591.6064877510071,1003,False,4,0,[-0.34445854 -3.18303206  3.99934882],cruising,[ 0.63925976  0.24903542 -0.34837281]
591.6064877510071,1004,False,5,4,[-1.61883976  7.18607198  3.99125074],cruising,[-0.62185191  0.08809385  0.93462812]
591.6064877510071,1005,False,0,2,[-2.75238615 -3.48766289  4.        ],cruising,[ 0.50568378 -0.03156594 -0.11489306]
591.7074387073517,1000,False,1,6,[2.66886815 5.06742448 4.        ],cruising,[-0.82138112 -0.19970136 -0.21083176]
591.7074387073517,1001,False,5,3,[ 3.61747964 -3.79890427  4.        ],cruising,[-0.48080528  0.59740651 -0.20557775]
591.7074387073517,1002,False,3,1,[6.57389056 2.16691192 4.        ],exiting,[ 0.5677905  -0.59831228 -0.99408226]
591.7074387073517,1003,False,4,0,[-0.52631847 -3.26626047  3.99944649],cruising,[ 0.63925976  0.24903542 -0.34837281]
591.7074387073517,1004,False,5,4,[-1.42977645  7.12084112  3.99256313],cruising,[-0.62185191  0.08809385  0.93462812]
591.7074387073517,1005,False,0,2,[-2.88939471 -3.39477828  4.        ],cruising,[ 0.50568378 -0.03156594 -0.11489306]
591.8145713806152,1000,False,1,6,[2.86602721 5.03383422 4.        ],cruising,[-0.82138112 -0.19970136 -0.21083176]
591.8145713806152,1001,False,5,3,[ 3.43287396 -3.72195792  4.        ],cruising,[-0.48080528  0.59740651 -0.20557775]
591.8145713806152,1002,False,3,1,[6.47410978 2.17352982 4.        ],exiting,[ 0.5677905  -0.59831228 -0.99408226]
591.8145713806152,1003,False,4,0,[-0.70518911 -3.35573278  3.99952952],cruising,[ 0.63925976  0.24903542 -0.34837281]
591.8145713806152,1004,False,5,4,[-1.24503869  7.04421241  3.99367866],cruising,[-0.62185191  0.08809385  0.93462812]
591.8145713806152,1005,False,0,2,[-3.01070161 -3.28950587  4.        ],cruising,[ 0.50568378 -0.03156594 -0.11489306]
591.9168672561646,1000,False,1,6,[3.0641351  5.00638855 4.        ],cruising,[-0.82138112 -0.19970136 -0.21083176]
591.9168672561646,1001,False,5,3,[ 3.24777831 -3.64619776  4.        ],cruising,[-0.48080528  0.59740651 -0.20557775]
591.9168672561646,1002,False,3,1,[6.37432901 2.18014773 4.        ],exiting,[ 0.5677905  -0.59831228 -0.99408226]
591.9168672561646,1003,False,4,0,[-0.88303922 -3.44721686  3.99960009],cruising,[ 0.63925976  0.24903542 -0.34837281]
591.9168672561646,1004,False,5,4,[-1.06293363  6.96152173  3.99462686],cruising,[-0.62185191  0.08809385  0.93462812]
591.9168672561646,1005,False,0,2,[-3.11514953 -3.17347357  4.        ],cruising,[ 0.50568378 -0.03156594 -0.11489306]
592.0075283050537,1000,False,1,6,[3.26286229 4.98386072 4.        ],cruising,[-0.82138112 -0.19970136 -0.21083176]
592.0075283050537,1001,False,5,3,[ 3.06215438 -3.57174134  4.        ],cruising,[-0.48080528  0.59740651 -0.20557775]
592.0075283050537,1002,False,3,1,[6.27454823 2.18676563 4.        ],exiting,[ 0.5677905  -0.59831228 -0.99408226]
592.0075283050537,1003,False,4,0,[-1.06297858 -3.53451994  3.99966008],cruising,[ 0.63925976  0.24903542 -0.34837281]
592.0075283050537,1004,False,5,4,[-0.8848639   6.87046587  3.99543283],cruising,[-0.62185191  0.08809385  0.93462812]
592.0075283050537,1005,False,0,2,[-3.20173849 -3.04843809  4.        ],cruising,[ 0.50568378 -0.03156594 -0.11489306]
592.1107218265533,1000,False,1,6,[3.46198612 4.96516047 4.        ],cruising,[-0.82138112 -0.19970136 -0.21083176]
592.1107218265533,1001,False,5,3,[ 2.87597946 -3.49867359  4.        ],cruising,[-0.48080528  0.59740651 -0.20557775]
592.1107218265533,1002,False,3,1,[6.17476745 2.19338354 4.        ],exiting,[ 0.5677905  -0.59831228 -0.99408226]
592.1107218265533,1003,False,4,0,[-1.24768222 -3.61123085  3.99971107],cruising,[ 0.63925976  0.24903542 -0.34837281]
592.1107218265533,1004,False,5,4,[-0.71013644  6.77315032  3.99611791],cruising,[-0.62185191  0.08809385  0.93462812]
592.1107218265533,1005,False,0,2,[-3.27015299 -2.91505461  4.        ],cruising,[ 0.50568378 -0.03156594 -0.11489306]
592.2130858898163,1000,False,1,6,[3.66135809 4.94932318 4.        ],cruising,[-0.82138112 -0.19970136 -0.21083176]
592.2130858898163,1001,False,5,3,[ 2.68914389 -3.42731203  4.        ],cruising,[-0.48080528  0.59740651 -0.20557775]
592.2130858898163,1002,False,3,1,[6.07498668 2.20000144 4.        ],exiting,[ 0.5677905  -0.59831228 -0.99408226]
592.2130858898163,1003,False,4,0,[-1.43881218 -3.66900233  3.9997563 ],cruising,[ 0.63925976  0.24903542 -0.34837281]
592.2130858898163,1004,False,5,4,[-0.53707958  6.67289404  3.99670022],cruising,[-0.62185191  0.08809385  0.93462812]
592.2130858898163,1005,False,0,2,[-3.32017332 -2.77381907  4.        ],cruising,[ 0.50568378 -0.03156594 -0.11489306]
592.3220582008362,1000,False,1,6,[3.86087938 4.93549376 4.        ],cruising,[-0.82138112 -0.19970136 -0.21083176]
592.3220582008362,1001,False,5,3,[ 2.5018056  -3.35728086  4.        ],cruising,[-0.48080528  0.59740651 -0.20557775]
592.3220582008362,1002,False,3,1,[5.9752059  2.20661934 4.        ],exiting,[ 0.5677905  -0.59831228 -0.99408226]
592.3220582008362,1003,False,4,0,[-1.63311297 -3.70702676  3.99979846],cruising,[ 0.63925976  0.24903542 -0.34837281]
592.3220582008362,1004,False,5,4,[-0.36630102  6.56880426  3.99719519],cruising,[-0.62185191  0.08809385  0.93462812]
592.3220582008362,1005,False,0,2,[-3.35165718 -2.62507362  4.        ],cruising,[ 0.50568378 -0.03156594 -0.11489306]
592.4166333675385,1000,False,1,6,[4.06048302 4.92290854 4.        ],cruising,[-0.82138112 -0.19970136 -0.21083176]
592.4166333675385,1001,False,5,3,[ 2.31359374 -3.28963253  4.        ],cruising,[-0.48080528  0.59740651 -0.20557775]
592.4166333675385,1002,False,3,1,[5.87542512 2.21323725 4.        ],exiting,[ 0.5677905  -0.59831228 -0.99408226]
592.4166333675385,1003,False,4,0,[-1.82739118 -3.7250512   3.99983811],cruising,[ 0.63925976  0.24903542 -0.34837281]
592.4166333675385,1004,False,5,4,[-0.19698263  6.46235575  3.99761591],cruising,[-0.62185191  0.08809385  0.93462812]
592.4166333675385,1005,False,0,2,[-3.36455753 -2.46893536  4.        ],cruising,[ 0.50568378 -0.03156594 -0.11489306]
592.507755279541,1000,False,1,6,[4.26012077 4.91087662 4.        ],cruising,[-0.82138112 -0.19970136 -0.21083176]
592.507755279541,1001,False,5,3,[ 2.12435732 -3.22490559  4.        ],cruising,[-0.48080528  0.59740651 -0.20557775]
592.507755279541,1002,False,3,1,[5.77564435 2.21985515 4.        ],exiting,[ 0.5677905  -0.59831228 -0.99408226]
592.507755279541,1003,False,4,0,[-2.01863245 -3.72330756  3.9998754 ],cruising,[ 0.63925976  0.24903542 -0.34837281]
592.507755279541,1004,False,5,4,[-0.02809796  6.35522048  3.99797352],cruising,[-0.62185191  0.08809385  0.93462812]
592.507755279541,1005,False,0,2,[-3.35905799 -2.30495849  4.        ],cruising,[ 0.50568378 -0.03156594 -0.11489306]
592.6168103218079,1000,False,1,6,[4.45975351 4.8987618  4.        ],cruising,[-0.82138112 -0.19970136 -0.21083176]
592.6168103218079,1001,False,5,3,[ 1.93447854 -3.162088    4.        ],cruising,[-0.48080528  0.59740651 -0.20557775]
592.6168103218079,1002,False,3,1,[5.67586357 2.22647306 4.        ],exiting,[ 0.5677905  -0.59831228 -0.99408226]
592.6168103218079,1003,False,4,0,[-2.20419677 -3.70238654  3.99991035],cruising,[ 0.63925976  0.24903542 -0.34837281]
592.6168103218079,1004,False,5,4,[0.14044978 6.24755591 3.99827749],cruising,[-0.62185191  0.08809385  0.93462812]
592.6168103218079,1005,False,0,2,[-3.33575487 -2.13186942  4.        ],cruising,[ 0.50568378 -0.03156594 -0.11489306]
592.7214205265045,1000,False,1,6,[4.65935937 4.88621187 4.        ],cruising,[-0.82138112 -0.19970136 -0.21083176]
592.7214205265045,1001,False,5,3,[ 1.74321312 -3.10362827  4.        ],cruising,[-0.48080528  0.59740651 -0.20557775]
592.7214205265045,1002,False,3,1,[5.5760828  2.23309096 4.        ],landing,[ 0.5677905  -0.59831228 -0.99408226]
592.7214205265045,1003,False,4,0,[-2.38168339 -3.66316931  3.99994291],cruising,[ 0.63925976  0.24903542 -0.34837281]
592.7214205265045,1004,False,5,4,[0.30924799 6.14028445 3.99853587],cruising,[-0.62185191  0.08809385  0.93462812]
592.7214205265045,1005,False,0,2,[-3.29685298 -1.94626321  4.        ],cruising,[ 0.50568378 -0.03156594 -0.11489306]
592.8095619678497,1000,False,1,6,[4.85889935 4.87265471 4.        ],cruising,[-0.82138112 -0.19970136 -0.21083176]
592.8095619678497,1001,False,5,3,[ 1.55037408 -3.05058959  4.        ],cruising,[-0.48080528  0.59740651 -0.20557775]
592.8095619678497,1002,False,3,1,[5.49014732 2.23564521 3.98615101],landing,[ 0.5677905  -0.59831228 -0.99408226]
592.8095619678497,1003,False,4,0,[-2.54891019 -3.60678421  3.99997298],cruising,[ 0.63925976  0.24903542 -0.34837281]
592.8095619678497,1004,False,5,4,[0.47855215 6.03381332 3.99875549],cruising,[-0.62185191  0.08809385  0.93462812]
592.8095619678497,1005,False,0,2,[-3.2620413  -1.74931614  4.        ],cruising,[ 0.50568378 -0.03156594 -0.11489306]
592.9171981811523,1000,False,1,6,[5.05832096 4.85745522 4.        ],cruising,[-0.82138112 -0.19970136 -0.21083176]
592.9171981811523,1001,False,5,3,[ 1.35577674 -3.00441734  4.        ],cruising,[-0.48080528  0.59740651 -0.20557775]
592.9171981811523,1002,False,3,1,[5.41822851 2.23416208 3.95861874],landing,[ 0.5677905  -0.59831228 -0.99408226]
592.9171981811523,1003,False,4,0,[-2.70403576 -3.53447554  4.00000045],cruising,[ 0.63925976  0.24903542 -0.34837281]
592.9171981811523,1004,False,5,4,[0.64899539 5.92917536 3.99894217],cruising,[-0.62185191  0.08809385  0.93462812]
592.9171981811523,1005,False,0,2,[-3.24385148 -1.55014503  4.        ],cruising,[ 0.50568378 -0.03156594 -0.11489306]
593.0094981193542,1000,False,1,6,[5.25755657 4.83998615 4.        ],cruising,[-0.82138112 -0.19970136 -0.21083176]
593.0094981193542,1001,False,5,3,[ 1.15928563 -2.96711799  4.        ],cruising,[-0.48080528  0.59740651 -0.20557775]
593.0094981193542,1002,False,3,1,[5.36052651 2.22867339 3.91760173],landing,[ 0.5677905  -0.59831228 -0.99408226]
593.0094981193542,1003,False,4,0,[-2.84544402 -3.44761229  4.00002518],cruising,[ 0.63925976  0.24903542 -0.34837281]
593.0094981193542,1004,False,5,4,[0.82056077 5.82638762 3.99910084],cruising,[-0.62185191  0.08809385  0.93462812]
593.0094981193542,1005,False,0,2,[-3.24201017 -1.35015351  4.        ],cruising,[ 0.50568378 -0.03156594 -0.11489306]
593.1107139587402,1000,False,1,6,[5.45651576 4.81960864 4.        ],cruising,[-0.82138112 -0.19970136 -0.21083176]
593.1107139587402,1001,False,5,3,[ 0.96019463 -2.94807135  4.        ],cruising,[-0.48080528  0.59740651 -0.20557775]
593.1107139587402,1002,False,3,1,[5.31730951 2.21922381 3.86337502],landing,[ 0.5677905  -0.59831228 -0.99408226]
593.1107139587402,1003,False,4,0,[-2.97168259 -3.34771523  4.00004703],cruising,[ 0.63925976  0.24903542 -0.34837281]
593.1107139587402,1004,False,5,4,[0.99416611 5.72708412 3.99923572],cruising,[-0.62185191  0.08809385  0.93462812]
593.1107139587402,1005,False,0,2,[-3.25475088 -1.15055974  4.        ],cruising,[ 0.50568378 -0.03156594 -0.11489306]
593.2221233844757,1000,False,1,6,[5.6552827  4.79743425 4.        ],exiting,[-0.82138112 -0.19970136 -0.21083176]
593.2221233844757,1001,False,5,3,[ 0.76028918 -2.94192209  4.        ],cruising,[-0.48080528  0.59740651 -0.20557775]
593.2221233844757,1002,False,3,1,[5.28881655 2.20585524 3.79619285],landing,[ 0.5677905  -0.59831228 -0.99408226]
593.2221233844757,1003,False,4,0,[-3.08152273 -3.23636865  4.00006582],cruising,[ 0.63925976  0.24903542 -0.34837281]
593.2221233844757,1004,False,5,4,[1.16939547 5.63067524 3.99935036],cruising,[-0.62185191  0.08809385  0.93462812]
593.2221233844757,1005,False,0,2,[-3.28170973 -0.95238502  4.        ],cruising,[ 0.50568378 -0.03156594 -0.11489306]
593.3073451519012,1000,False,1,6,[5.83791142 4.78707332 4.        ],exiting,[-0.82138112 -0.19970136 -0.21083176]
593.3073451519012,1001,False,5,3,[ 0.56050593 -2.95123073  4.        ],cruising,[-0.48080528  0.59740651 -0.20557775]
593.3073451519012,1002,False,3,1,[5.27525846 2.18860632 3.71628697],landing,[ 0.5677905  -0.59831228 -0.99408226]
593.3073451519012,1003,False,4,0,[-3.1738823  -3.11530458  4.00008136],cruising,[ 0.63925976  0.24903542 -0.34837281]
593.3073451519012,1004,False,5,4,[1.34648081 5.53771943 3.9994478 ],cruising,[-0.62185191  0.08809385  0.93462812]
593.3073451519012,1005,False,0,2,[-3.32172491 -0.75642893  4.        ],cruising,[ 0.50568378 -0.03156594 -0.11489306]
593.4150955677032,1000,False,1,6,[6.00438223 4.78849892 4.        ],exiting,[-0.82138112 -0.19970136 -0.21083176]
593.4150955677032,1001,False,5,3,[ 0.36197701 -2.97544368  4.        ],cruising,[-0.48080528  0.59740651 -0.20557775]
593.4150955677032,1002,False,3,1,[5.27684725 2.16751763 3.62389798],landing,[ 0.5677905  -0.59831228 -0.99408226]
593.4150955677032,1003,False,4,0,[-3.24820852 -2.9855919   4.00009352],cruising,[ 0.63925976  0.24903542 -0.34837281]
593.4150955677032,1004,False,5,4,[1.52660699 5.45080246 3.99953063],cruising,[-0.62185191  0.08809385  0.93462812]
593.4150955677032,1005,False,0,2,[-3.37373037 -0.56330868  4.        ],cruising,[ 0.50568378 -0.03156594 -0.11489306]
593.5142467021942,1000,False,1,6,[6.15466903 4.80167515 4.        ],exiting,[-0.82138112 -0.19970136 -0.21083176]
593.5142467021942,1001,False,5,3,[ 0.16568958 -3.01380052  4.        ],cruising,[-0.48080528  0.59740651 -0.20557775]
593.5142467021942,1002,False,3,1,[5.28438917 2.14495743 3.52676839],landing,[ 0.5677905  -0.59831228 -0.99408226]
593.5142467021942,1003,False,4,0,[-3.30424346 -2.84779041  4.00010217],cruising,[ 0.63925976  0.24903542 -0.34837281]
593.5142467021942,1004,False,5,4,[1.70885889 5.36843595 3.99960104],cruising,[-0.62185191  0.08809385  0.93462812]
593.5142467021942,1005,False,0,2,[-3.43504639 -0.37293971  4.        ],cruising,[ 0.50568378 -0.03156594 -0.11489306]
593.6138157844543,1000,False,1,6,[6.28873702 4.82655397 4.        ],exiting,[-0.82138112 -0.19970136 -0.21083176]
593.6138157844543,1001,False,5,3,[-0.02757304 -3.06527437  4.        ],exiting,[-0.48080528  0.59740651 -0.20557775]
593.6138157844543,1002,False,3,1,[5.2919311  2.12239723 3.4296388 ],landing,[ 0.5677905  -0.59831228 -0.99408226]
593.6138157844543,1003,False,4,0,[-3.34182466 -2.7022779   4.0001072 ],cruising,[ 0.63925976  0.24903542 -0.34837281]
593.6138157844543,1004,False,5,4,[1.89338202 5.29129182 3.99966088],cruising,[-0.62185191  0.08809385  0.93462812]
593.6138157844543,1005,False,0,2,[-3.50693862 -0.1863077   4.        ],cruising,[ 0.50568378 -0.03156594 -0.11489306]
593.7070310115814,1000,False,1,6,[6.40653698 4.86306684 4.        ],exiting,[-0.82138112 -0.19970136 -0.21083176]
593.7070310115814,1001,False,5,3,[-0.20146401 -3.12172204  4.        ],exiting,[-0.48080528  0.59740651 -0.20557775]
593.7070310115814,1002,False,3,1,[5.29947303 2.09983703 3.33250922],landing,[ 0.5677905  -0.59831228 -0.99408226]
593.7070310115814,1003,False,4,0,[-3.36083191 -2.54934864  4.00010853],cruising,[ 0.63925976  0.24903542 -0.34837281]
593.7070310115814,1004,False,5,4,[2.08026441 5.22005299 3.99971175],cruising,[-0.62185191  0.08809385  0.93462812]
593.7070310115814,1005,False,0,2,[-3.58894737e+00 -3.89452708e-03  4.00000000e+00],exiting,[ 0.50568378 -0.03156594 -0.11489306]
593.8214721679688,1000,False,1,6,[6.50800512 4.91112404 4.        ],exiting,[-0.82138112 -0.19970136 -0.21083176]
593.8214721679688,1001,False,5,3,[-0.35596664 -3.18307807  4.        ],exiting,[-0.48080528  0.59740651 -0.20557775]
593.8214721679688,1002,False,3,1,[5.30701496 2.07727683 3.23537963],landing,[ 0.5677905  -0.59831228 -0.99408226]
593.8214721679688,1003,False,4,0,[-3.36137097 -2.38874308  4.00010607],cruising,[ 0.63925976  0.24903542 -0.34837281]
593.8214721679688,1004,False,5,4,[2.27097506 5.15980808 3.99975499],cruising,[-0.62185191  0.08809385  0.93462812]
593.8214721679688,1005,False,0,2,[-3.67173648  0.15853387  4.        ],exiting,[ 0.50568378 -0.03156594 -0.11489306]
593.9128081798553,1000,False,1,6,[6.59309127 4.97065427 4.        ],exiting,[-0.82138112 -0.19970136 -0.21083176]
593.9128081798553,1001,False,5,3,[-0.49106096 -3.24926296  4.        ],exiting,[-0.48080528  0.59740651 -0.20557775]
593.9128081798553,1002,False,3,1,[5.31455689 2.05471664 3.13825004],landing,[ 0.5677905  -0.59831228 -0.99408226]
593.9128081798553,1003,False,4,0,[-3.3438388  -2.21956832  4.00009971],cruising,[ 0.63925976  0.24903542 -0.34837281]
593.9128081798553,1004,False,5,4,[2.46465893 5.10994268 3.99979174],cruising,[-0.62185191  0.08809385  0.93462812]
593.9128081798553,1005,False,0,2,[-3.7551423   0.30097178  4.        ],exiting,[ 0.50568378 -0.03156594 -0.11489306]
594.0165629386902,1000,False,1,6,[6.6617426  5.04158173 4.        ],exiting,[-0.82138112 -0.19970136 -0.21083176]
594.0165629386902,1001,False,5,3,[-0.60672281 -3.32017848  4.        ],exiting,[-0.48080528  0.59740651 -0.20557775]
594.0165629386902,1002,False,3,1,[5.32209882 2.03215644 3.04112045],landing,[ 0.5677905  -0.59831228 -0.99408226]
594.0165629386902,1003,False,4,0,[-3.30948174 -2.03958047  4.00008938],cruising,[ 0.63925976  0.24903542 -0.34837281]
594.0165629386902,1004,False,5,4,[2.66041212 5.06894648 3.99982298],cruising,[-0.62185191  0.08809385  0.93462812]
594.0165629386902,1005,False,0,2,[-3.83898265  0.42341442  4.        ],exiting,[ 0.50568378 -0.03156594 -0.11489306]
594.1069574356079,1000,False,1,6,[6.71390445 5.12382717 4.        ],exiting,[-0.82138112 -0.19970136 -0.21083176]
594.1069574356079,1001,False,5,3,[-0.70292154 -3.39569695  4.        ],exiting,[-0.48080528  0.59740651 -0.20557775]
594.1069574356079,1002,False,3,1,[5.32964075 2.00959624 2.94399087],landing,[ 0.5677905  -0.59831228 -0.99408226]
594.1069574356079,1003,False,4,0,[-3.26818733 -1.84388997  4.00007597],cruising,[ 0.63925976  0.24903542 -0.34837281]
594.1069574356079,1004,False,5,4,[2.85757396 5.03537255 3.99984953],cruising,[-0.62185191  0.08809385  0.93462812]
594.1069574356079,1005,False,0,2,[-3.92305193  0.52585836  4.        ],exiting,[ 0.50568378 -0.03156594 -0.11489306]
594.2133846282959,1000,False,1,6,[6.74965429 5.21721855 4.        ],exiting,[-0.82138112 -0.19970136 -0.21083176]
594.2133846282959,1001,False,5,3,[-0.77961319 -3.47562833  4.        ],exiting,[-0.48080528  0.59740651 -0.20557775]
594.2133846282959,1002,False,3,1,[5.33718268 1.98703604 2.84686128],landing,[ 0.5677905  -0.59831228 -0.99408226]
594.2133846282959,1003,False,4,0,[-3.24346128 -1.6454243   4.00006458],cruising,[ 0.63925976  0.24903542 -0.34837281]
594.2133846282959,1004,False,5,4,[3.05567609 5.00788532 3.9998721 ],cruising,[-0.62185191  0.08809385  0.93462812]
594.2133846282959,1005,False,0,2,[-4.00711149  0.6083023   4.        ],exiting,[ 0.50568378 -0.03156594 -0.11489306]
594.3088121414185,1000,False,1,6,[6.78540412 5.31060992 4.        ],exiting,[-0.82138112 -0.19970136 -0.21083176]
594.3088121414185,1001,False,5,3,[-0.83676836 -3.55984058  4.        ],exiting,[-0.48080528  0.59740651 -0.20557775]
594.3088121414185,1002,False,3,1,[5.34472461 1.96447584 2.74973169],landing,[ 0.5677905  -0.59831228 -0.99408226]
594.3088121414185,1003,False,4,0,[-3.23481899 -1.44561111  4.00005489],cruising,[ 0.63925976  0.24903542 -0.34837281]
594.3088121414185,1004,False,5,4,[3.25439443 4.98527959 3.99989129],cruising,[-0.62185191  0.08809385  0.93462812]
594.3088121414185,1005,False,0,2,[-4.09086751  0.67074855  4.        ],exiting,[ 0.50568378 -0.03156594 -0.11489306]
594.4182362556458,1000,False,1,6,[6.82115396 5.4040013  4.        ],exiting,[-0.82138112 -0.19970136 -0.21083176]
594.4182362556458,1001,False,5,3,[-0.87435732 -3.64819573  4.        ],exiting,[-0.48080528  0.59740651 -0.20557775]
594.4182362556458,1002,False,3,1,[5.35226654 1.94191564 2.65260211],landing,[ 0.5677905  -0.59831228 -0.99408226]
594.4182362556458,1003,False,4,0,[-3.24185266 -1.24573483  4.00004666],cruising,[ 0.63925976  0.24903542 -0.34837281]
594.4182362556458,1004,False,5,4,[3.45350903 4.96648128 3.99990759],cruising,[-0.62185191  0.08809385  0.93462812]
594.4182362556458,1005,False,0,2,[-4.17390783  0.71320761  4.        ],exiting,[ 0.50568378 -0.03156594 -0.11489306]
594.515469789505,1000,False,1,6,[6.8569038  5.49739267 4.        ],exiting,[-0.82138112 -0.19970136 -0.21083176]
594.515469789505,1001,False,5,3,[-0.89235038 -3.74055096  4.        ],exiting,[-0.48080528  0.59740651 -0.20557775]
594.515469789505,1002,False,3,1,[5.35980847 1.91935544 2.55547252],landing,[ 0.5677905  -0.59831228 -0.99408226]
594.515469789505,1003,False,4,0,[-3.26352368 -1.04691238  4.00003966],cruising,[ 0.63925976  0.24903542 -0.34837281]
594.515469789505,1004,False,5,4,[3.65287253 4.95053778 3.99992145],cruising,[-0.62185191  0.08809385  0.93462812]
594.515469789505,1005,False,0,2,[-4.25597838  0.73569019  4.        ],exiting,[ 0.50568378 -0.03156594 -0.11489306]
594.60968708992,1000,False,1,6,[6.89265363 5.59078405 4.        ],exiting,[-0.82138112 -0.19970136 -0.21083176]
594.60968708992,1001,False,5,3,[-0.89071819 -3.83675967  4.        ],exiting,[-0.48080528  0.59740651 -0.20557775]
594.60968708992,1002,False,3,1,[5.3673504  1.89679524 2.45834293],landing,[ 0.5677905  -0.59831228 -0.99408226]
594.60968708992,1003,False,4,0,[-3.29865179 -0.85002151  4.00003371],cruising,[ 0.63925976  0.24903542 -0.34837281]
594.60968708992,1004,False,5,4,[3.85238649 4.93660287 3.99993324],cruising,[-0.62185191  0.08809385  0.93462812]
594.60968708992,1005,False,0,2,[-4.33682087  0.73821051  4.        ],exiting,[ 0.50568378 -0.03156594 -0.11489306]
594.7150790691376,1000,False,1,6,[6.92840347 5.68417543 4.        ],exiting,[-0.82138112 -0.19970136 -0.21083176]
594.7150790691376,1001,False,5,3,[-0.87530794 -3.93556515  4.        ],exiting,[-0.48080528  0.59740651 -0.20557775]
594.7150790691376,1002,False,3,1,[5.37489232 1.87423504 2.36121334],landing,[ 0.5677905  -0.59831228 -0.99408226]
594.7150790691376,1003,False,4,0,[-3.34462727 -0.65537759  4.00002865],cruising,[ 0.63925976  0.24903542 -0.34837281]
594.7150790691376,1004,False,5,4,[4.0519839  4.92391932 3.99994325],cruising,[-0.62185191  0.08809385  0.93462812]
594.7150790691376,1005,False,0,2,[-4.41617268  0.72078647  4.        ],exiting,[ 0.50568378 -0.03156594 -0.11489306]
594.8104465007782,1000,False,1,6,[6.96415331 5.7775668  4.        ],exiting,[-0.82138112 -0.19970136 -0.21083176]
594.8104465007782,1001,False,5,3,[-0.85989769 -4.03437064  4.        ],exiting,[-0.48080528  0.59740651 -0.20557775]
594.8104465007782,1002,False,3,1,[5.38243425 1.85167484 2.26408376],landing,[ 0.5677905  -0.59831228 -0.99408226]
594.8104465007782,1003,False,4,0,[-3.4020675  -0.46380353  4.00002436],cruising,[ 0.63925976  0.24903542 -0.34837281]
594.8104465007782,1004,False,5,4,[4.25161643 4.91180096 3.99995176],cruising,[-0.62185191  0.08809385  0.93462812]
594.8104465007782,1005,False,0,2,[-4.49376669  0.68343982  4.        ],exiting,[ 0.50568378 -0.03156594 -0.11489306]
594.9090106487274,1000,False,1,6,[6.99990315 5.87095818 4.        ],exiting,[-0.82138112 -0.19970136 -0.21083176]
594.9090106487274,1001,False,5,3,[-0.84448745 -4.13317613  4.        ],exiting,[-0.48080528  0.59740651 -0.20557775]
594.9090106487274,1002,False,3,1,[5.38997618 1.82911464 2.16695417],landing,[ 0.5677905  -0.59831228 -0.99408226]
594.9090106487274,1003,False,4,0,[-3.47018574 -0.27576123  4.0000207 ],cruising,[ 0.63925976  0.24903542 -0.34837281]
594.9090106487274,1004,False,5,4,[4.45124047 4.89954366 3.999959  ],cruising,[-0.62185191  0.08809385  0.93462812]
594.9090106487274,1005,False,0,2,[-4.569331    0.62619642  4.        ],exiting,[ 0.50568378 -0.03156594 -0.11489306]
595.0068790912628,1000,False,1,6,[7.03565298 5.96434955 4.        ],exiting,[-0.82138112 -0.19970136 -0.21083176]
595.0068790912628,1001,False,5,3,[-0.8290772  -4.23198161  4.        ],exiting,[-0.48080528  0.59740651 -0.20557775]
595.0068790912628,1002,False,3,1,[5.39751811 1.80655444 2.06982458],landing,[ 0.5677905  -0.59831228 -0.99408226]
595.0068790912628,1003,False,4,0,[-3.54631658 -0.09081774  4.0000176 ],cruising,[ 0.63925976  0.24903542 -0.34837281]
595.0068790912628,1004,False,5,4,[4.65084379 4.88695343 3.99996515],cruising,[-0.62185191  0.08809385  0.93462812]
595.0068790912628,1005,False,0,2,[-4.64379149  0.55944588  4.        ],exiting,[ 0.50568378 -0.03156594 -0.11489306]
595.1065375804901,1000,False,1,6,[7.07140282 6.05774093 4.        ],exiting,[-0.82138112 -0.19970136 -0.21083176]
595.1065375804901,1001,False,5,3,[-0.81366695 -4.3307871   4.        ],exiting,[-0.48080528  0.59740651 -0.20557775]
595.1065375804901,1002,False,3,1,[5.40506004 1.78399424 1.972695  ],landing,[ 0.5677905  -0.59831228 -0.99408226]
595.1065375804901,1003,False,4,0,[-3.63319124  0.08932885  4.00001496],cruising,[ 0.63925976  0.24903542 -0.34837281]
595.1065375804901,1004,False,5,4,[4.85038201 4.87337041 3.99997038],cruising,[-0.62185191  0.08809385  0.93462812]
595.1065375804901,1005,False,0,2,[-4.71825198  0.49269533  4.        ],exiting,[ 0.50568378 -0.03156594 -0.11489306]
595.2139821052551,1000,False,1,6,[7.10715266 6.15113231 4.        ],exiting,[-0.82138112 -0.19970136 -0.21083176]
595.2139821052551,1001,False,5,3,[-0.7982567  -4.42959259  4.        ],exiting,[-0.48080528  0.59740651 -0.20557775]
595.2139821052551,1002,False,3,1,[5.41260197 1.76143404 1.87556541],landing,[ 0.5677905  -0.59831228 -0.99408226]
595.2139821052551,1003,False,4,0,[-3.7277403   0.26556867  4.00001271],cruising,[ 0.63925976  0.24903542 -0.34837281]
595.2139821052551,1004,False,5,4,[5.04980296 4.85816235 3.99997482],cruising,[-0.62185191  0.08809385  0.93462812]
595.2139821052551,1005,False,0,2,[-4.79271247  0.42594479  4.        ],exiting,[ 0.50568378 -0.03156594 -0.11489306]
595.3083200454712,1000,False,1,6,[7.1429025  6.24452368 4.        ],exiting,[-0.82138112 -0.19970136 -0.21083176]
595.3083200454712,1001,False,5,3,[-0.78284646 -4.52839808  4.        ],exiting,[-0.48080528  0.59740651 -0.20557775]
595.3083200454712,1002,False,3,1,[5.4201439  1.73887384 1.77843582],landing,[ 0.5677905  -0.59831228 -0.99408226]
595.3083200454712,1003,False,4,0,[-3.83002706  0.43743321  4.00001081],cruising,[ 0.63925976  0.24903542 -0.34837281]
595.3083200454712,1004,False,5,4,[5.24903955 4.84070436 3.9999786 ],cruising,[-0.62185191  0.08809385  0.93462812]
595.3083200454712,1005,False,0,2,[-4.86717296  0.35919424  4.        ],exiting,[ 0.50568378 -0.03156594 -0.11489306]
595.4076011180878,1000,False,1,6,[7.17865233 6.33791506 4.        ],exiting,[-0.82138112 -0.19970136 -0.21083176]
595.4076011180878,1001,False,5,3,[-0.76743621 -4.62720356  4.        ],exiting,[-0.48080528  0.59740651 -0.20557775]
595.4076011180878,1002,False,3,1,[5.42768583 1.71631364 1.68130623],landing,[ 0.5677905  -0.59831228 -0.99408226]
595.4076011180878,1003,False,4,0,[-3.93633628  0.60683908  4.00000919],cruising,[ 0.63925976  0.24903542 -0.34837281]
595.4076011180878,1004,False,5,4,[5.44814276 4.82178582 3.99998181],cruising,[-0.62185191  0.08809385  0.93462812]
595.4076011180878,1005,False,0,2,[-4.94163346  0.2924437   4.        ],exiting,[ 0.50568378 -0.03156594 -0.11489306]
595.5076203346252,1000,False,1,6,[7.21440217 6.43130644 4.        ],exiting,[-0.82138112 -0.19970136 -0.21083176]
595.5076203346252,1001,False,5,3,[-0.75202596 -4.72600905  4.        ],exiting,[-0.48080528  0.59740651 -0.20557775]
595.5076203346252,1002,False,3,1,[5.43522776 1.69375344 1.58417665],landing,[ 0.5677905  -0.59831228 -0.99408226]
595.5076203346252,1003,False,4,0,[-4.0457789   0.77423774  4.00000781],cruising,[ 0.63925976  0.24903542 -0.34837281]
595.5076203346252,1004,False,5,4,[5.64688068 4.7993528  3.99998454],cruising,[-0.62185191  0.08809385  0.93462812]
595.5076203346252,1005,False,0,2,[-5.01609395  0.22569315  4.        ],exiting,[ 0.50568378 -0.03156594 -0.11489306]
595.6083691120148,1000,False,1,6,[7.25015201 6.52469781 4.        ],exiting,[-0.82138112 -0.19970136 -0.21083176]
595.6083691120148,1001,False,5,3,[-0.73661571 -4.82481454  4.        ],exiting,[-0.48080528  0.59740651 -0.20557775]
595.6083691120148,1002,False,3,1,[5.44276969 1.67119324 1.48704706],fake_landed,[ 0.5677905  -0.59831228 -0.99408226]
595.6083691120148,1003,False,4,0,[-4.15761653  0.9400459   4.00000664],cruising,[ 0.63925976  0.24903542 -0.34837281]
595.6083691120148,1004,False,5,4,[5.84509673 4.77269957 3.99998686],cruising,[-0.62185191  0.08809385  0.93462812]
595.6083691120148,1005,False,0,2,[-5.09055444  0.15894261  4.        ],exiting,[ 0.50568378 -0.03156594 -0.11489306]
595.7146029472351,1000,False,1,6,[7.28590185 6.61808919 4.        ],exiting,[-0.82138112 -0.19970136 -0.21083176]
595.7146029472351,1001,False,5,3,[-0.72120547 -4.92362002  4.        ],exiting,[-0.48080528  0.59740651 -0.20557775]
595.7146029472351,1002,False,3,1,[5.44880323 1.65314508 1.40934339],fake_landed,[ 0.5677905  -0.59831228 -0.99408226]
595.7146029472351,1003,False,4,0,[-4.27123335  1.10464     4.00000564],cruising,[ 0.63925976  0.24903542 -0.34837281]
595.7146029472351,1004,False,5,4,[6.04257825 4.74106016 3.99998883],cruising,[-0.62185191  0.08809385  0.93462812]
595.7146029472351,1005,False,0,2,[-5.16501493  0.09219206  4.        ],exiting,[ 0.50568378 -0.03156594 -0.11489306]
595.8067350387573,1000,False,1,6,[7.32165168 6.71148056 4.        ],exiting,[-0.82138112 -0.19970136 -0.21083176]
595.8067350387573,1001,False,5,3,[-0.70579522 -5.02242551  4.        ],exiting,[-0.48080528  0.59740651 -0.20557775]
595.8067350387573,1002,False,3,1,[5.45332839 1.63960896 1.35106564],fake_landed,[ 0.5677905  -0.59831228 -0.99408226]
595.8067350387573,1003,False,4,0,[-4.38611161  1.26835617  4.00000479],cruising,[ 0.63925976  0.24903542 -0.34837281]
595.8067350387573,1004,False,5,4,[6.23903683 4.70358984 3.9999905 ],cruising,[-0.62185191  0.08809385  0.93462812]
595.8067350387573,1005,False,0,2,[-5.23947542  0.02544152  4.        ],exiting,[ 0.50568378 -0.03156594 -0.11489306]
595.921891450882,1000,False,1,6,[7.35740152 6.80487194 4.        ],exiting,[-0.82138112 -0.19970136 -0.21083176]
595.921891450882,1001,False,5,3,[-0.69038497 -5.121231    4.        ],exiting,[-0.48080528  0.59740651 -0.20557775]
595.921891450882,1002,False,3,1,[5.45634516 1.63058488 1.3122138 ],fake_landed,[ 0.5677905  -0.59831228 -0.99408226]
595.921891450882,1003,False,4,0,[-4.50181067  1.43149332  4.00000408],cruising,[ 0.63925976  0.24903542 -0.34837281]
595.921891450882,1004,False,5,4,[6.43408211 4.65934802 3.99999193],cruising,[-0.62185191  0.08809385  0.93462812]
595.921891450882,1005,False,0,2,[-5.31393591 -0.04130902  4.        ],exiting,[ 0.50568378 -0.03156594 -0.11489306]
596.0093324184418,1000,False,1,6,[7.39315136 6.89826332 4.        ],exiting,[-0.82138112 -0.19970136 -0.21083176]
596.0093324184418,1001,False,5,3,[-0.67497473 -5.22003649  4.        ],exiting,[-0.48080528  0.59740651 -0.20557775]
596.0093324184418,1002,False,3,1,[5.45785355 1.62607284 1.29278789],fake_landed,[ 0.5677905  -0.59831228 -0.99408226]
596.0093324184418,1003,False,4,0,[-4.61784915  1.59438921  4.00000346],cruising,[ 0.63925976  0.24903542 -0.34837281]
596.0093324184418,1004,False,5,4,[6.62718681 4.60728485 3.99999314],cruising,[-0.62185191  0.08809385  0.93462812]
596.0093324184418,1005,False,0,2,[-5.3883964  -0.10805957  4.        ],exiting,[ 0.50568378 -0.03156594 -0.11489306]
596.108282327652,1000,False,1,6,[7.4289012  6.99165469 4.        ],exiting,[-0.82138112 -0.19970136 -0.21083176]
596.108282327652,1001,False,5,3,[-0.65956448 -5.31884197  4.        ],exiting,[-0.48080528  0.59740651 -0.20557775]
596.108282327652,1002,False,3,1,[5.45785355 1.62607284 1.29278789],fake_landed,[ 0.5677905  -0.59831228 -0.99408226]
596.108282327652,1003,False,4,0,[-4.73415182  1.75709658  4.00000294],cruising,[ 0.63925976  0.24903542 -0.34837281]
596.108282327652,1004,False,5,4,[6.81764138 4.5462352  3.99999417],cruising,[-0.62185191  0.08809385  0.93462812]
596.108282327652,1005,False,0,2,[-5.4628569  -0.17481011  4.        ],exiting,[ 0.50568378 -0.03156594 -0.11489306]
596.2142872810364,1000,False,1,6,[7.46465103 7.08504607 4.        ],exiting,[-0.82138112 -0.19970136 -0.21083176]
596.2142872810364,1001,False,5,3,[-0.64415423 -5.41764746  4.        ],exiting,[-0.48080528  0.59740651 -0.20557775]
596.2142872810364,1002,False,1,5,[5.45785355 1.62607284 1.29278789],waiting,[ 0.5677905  -0.59831228 -0.99408226]
596.2142872810364,1003,False,4,0,[-4.85036953  1.91986465  4.0000025 ],cruising,[ 0.63925976  0.24903542 -0.34837281]
596.2142872810364,1004,False,5,4,[7.00449722 4.47492676 3.99999504],cruising,[-0.62185191  0.08809385  0.93462812]
596.2142872810364,1005,False,0,2,[-5.53731739 -0.24156066  4.        ],exiting,[ 0.50568378 -0.03156594 -0.11489306]
596.3072738647461,1000,False,1,6,[7.50040087 7.17843744 4.        ],exiting,[-0.82138112 -0.19970136 -0.21083176]
596.3072738647461,1001,False,5,3,[-0.62874398 -5.51645295  4.        ],exiting,[-0.48080528  0.59740651 -0.20557775]
596.3072738647461,1002,False,1,5,[5.45785355 1.62607284 1.29278789],waiting,[ 0.5677905  -0.59831228 -0.99408226]
596.3072738647461,1003,False,4,0,[-4.96618501  2.08291916  4.00000213],cruising,[ 0.63925976  0.24903542 -0.34837281]
596.3072738647461,1004,False,5,4,[7.18650045 4.3920122  3.99999579],cruising,[-0.62185191  0.08809385  0.93462812]
596.3072738647461,1005,False,0,2,[-5.61177788 -0.3083112   4.        ],exiting,[ 0.50568378 -0.03156594 -0.11489306]
596.4144766330719,1000,False,1,6,[7.53615071 7.27182882 4.        ],exiting,[-0.82138112 -0.19970136 -0.21083176]
596.4144766330719,1001,False,5,3,[-0.61333374 -5.61525843  4.        ],exiting,[-0.48080528  0.59740651 -0.20557775]
596.4144766330719,1002,False,1,5,[5.45785355 1.62607284 1.29278789],waiting,[ 0.5677905  -0.59831228 -0.99408226]
596.4144766330719,1003,False,4,0,[-5.08129958  2.24646927  4.00000181],cruising,[ 0.63925976  0.24903542 -0.34837281]
596.4144766330719,1004,False,5,4,[7.36202345 4.29613898 3.99999642],cruising,[-0.62185191  0.08809385  0.93462812]
596.4144766330719,1005,False,0,2,[-5.68623837 -0.37506175  4.        ],exiting,[ 0.50568378 -0.03156594 -0.11489306]
596.516384601593,1000,False,1,6,[7.57190054 7.3652202  4.        ],exiting,[-0.82138112 -0.19970136 -0.21083176]
596.516384601593,1001,False,5,3,[-0.59792349 -5.71406392  4.        ],exiting,[-0.48080528  0.59740651 -0.20557775]
596.516384601593,1002,False,1,5,[5.45785355 1.62607284 1.29278789],waiting,[ 0.5677905  -0.59831228 -0.99408226]
596.516384601593,1003,False,4,0,[-5.19595683  2.4103403   4.00000154],cruising,[ 0.63925976  0.24903542 -0.34837281]
596.516384601593,1004,False,5,4,[7.52688382 4.18334511 3.99999697],cruising,[-0.62185191  0.08809385  0.93462812]
596.516384601593,1005,False,0,2,[-5.76069886 -0.44181229  4.        ],exiting,[ 0.50568378 -0.03156594 -0.11489306]
596.6139426231384,1000,False,1,6,[7.60765038 7.45861157 4.        ],exiting,[-0.82138112 -0.19970136 -0.21083176]
596.6139426231384,1001,False,5,3,[-0.58251324 -5.81286941  4.        ],exiting,[-0.48080528  0.59740651 -0.20557775]
596.6139426231384,1002,False,1,5,[5.45785355 1.62607284 1.29278789],waiting,[ 0.5677905  -0.59831228 -0.99408226]
596.6139426231384,1003,False,4,0,[-5.30935061  2.57508813  4.00000131],cruising,[ 0.63925976  0.24903542 -0.34837281]
596.6139426231384,1004,False,5,4,[7.67964304 4.05462759 3.99999745],cruising,[-0.62185191  0.08809385  0.93462812]
596.6139426231384,1005,False,0,2,[-5.83515935 -0.50856284  4.        ],exiting,[ 0.50568378 -0.03156594 -0.11489306]
596.7126455307007,1000,False,1,6,[7.64340022 7.55200295 4.        ],exiting,[-0.82138112 -0.19970136 -0.21083176]
596.7126455307007,1001,False,5,3,[-0.567103  -5.9116749  4.       ],exiting,[-0.48080528  0.59740651 -0.20557775]
596.7126455307007,1002,False,1,5,[5.45785355 1.62607284 1.29278789],waiting,[ 0.5677905  -0.59831228 -0.99408226]
596.7126455307007,1003,False,4,0,[-5.42116748  2.74091029  4.00000111],cruising,[ 0.63925976  0.24903542 -0.34837281]
596.7126455307007,1004,False,5,4,[7.81872978 3.91131339 3.99999785],cruising,[-0.62185191  0.08809385  0.93462812]
596.7126455307007,1005,False,0,2,[-5.90961984 -0.57531338  4.        ],exiting,[ 0.50568378 -0.03156594 -0.11489306]
596.8224265575409,1000,False,1,6,[7.67915006 7.64539432 4.        ],exiting,[-0.82138112 -0.19970136 -0.21083176]
596.8224265575409,1001,False,5,3,[-0.55169275 -6.01048038  4.        ],exiting,[-0.48080528  0.59740651 -0.20557775]
596.8224265575409,1002,False,1,5,[5.45785355 1.62607284 1.29278789],waiting,[ 0.5677905  -0.59831228 -0.99408226]
596.8224265575409,1003,False,4,0,[-5.5310686   2.9080083   4.00000094],cruising,[ 0.63925976  0.24903542 -0.34837281]
596.8224265575409,1004,False,5,4,[7.94267405 3.75493376 3.99999819],cruising,[-0.62185191  0.08809385  0.93462812]
596.8224265575409,1005,False,0,2,[-5.98408034 -0.64206393  4.        ],exiting,[ 0.50568378 -0.03156594 -0.11489306]
596.9108362197876,1000,False,1,6,[7.71489989 7.7387857  4.        ],exiting,[-0.82138112 -0.19970136 -0.21083176]
596.9108362197876,1001,False,5,3,[-0.5362825  -6.10928587  4.        ],exiting,[-0.48080528  0.59740651 -0.20557775]
596.9108362197876,1002,False,1,5,[5.45785355 1.62607284 1.29278789],waiting,[ 0.5677905  -0.59831228 -0.99408226]
596.9108362197876,1003,False,4,0,[-5.6386749   3.07659324  4.0000008 ],cruising,[ 0.63925976  0.24903542 -0.34837281]
596.9108362197876,1004,False,5,4,[8.04982045 3.58769911 3.9999985 ],cruising,[-0.62185191  0.08809385  0.93462812]
596.9108362197876,1005,False,0,2,[-6.05854083 -0.70881447  4.        ],exiting,[ 0.50568378 -0.03156594 -0.11489306]
597.0071175098419,1000,False,1,6,[7.75064973 7.83217708 4.        ],exiting,[-0.82138112 -0.19970136 -0.21083176]
597.0071175098419,1001,False,5,3,[-0.52087225 -6.20809136  4.        ],exiting,[-0.48080528  0.59740651 -0.20557775]
597.0071175098419,1002,False,1,5,[5.45785355 1.62607284 1.29278789],waiting,[ 0.5677905  -0.59831228 -0.99408226]
597.0071175098419,1003,False,4,0,[-5.7435494   3.24689104  4.00000068],cruising,[ 0.63925976  0.24903542 -0.34837281]
597.0071175098419,1004,False,5,4,[8.13933915 3.41101646 3.99999877],cruising,[-0.62185191  0.08809385  0.93462812]
597.0071175098419,1005,False,0,2,[-6.13300132 -0.77556502  4.        ],exiting,[ 0.50568378 -0.03156594 -0.11489306]
597.1072673797607,1000,False,1,6,[7.78639957 7.92556845 4.        ],exiting,[-0.82138112 -0.19970136 -0.21083176]
597.1072673797607,1001,False,5,3,[-0.50546201 -6.30689684  4.        ],exiting,[-0.48080528  0.59740651 -0.20557775]
597.1072673797607,1002,False,1,5,[5.45785355 1.62607284 1.29278789],waiting,[ 0.5677905  -0.59831228 -0.99408226]
597.1072673797607,1003,False,4,0,[-5.8468532   3.41814619  4.00000058],cruising,[ 0.63925976  0.24903542 -0.34837281]
597.1072673797607,1004,False,5,4,[8.21057    3.22623725 3.999999  ],cruising,[-0.62185191  0.08809385  0.93462812]
597.1072673797607,1005,False,0,2,[-6.20746181 -0.84231556  4.        ],exiting,[ 0.50568378 -0.03156594 -0.11489306]
597.2146549224854,1000,False,1,6,[7.82214941 8.01895983 4.        ],exiting,[-0.82138112 -0.19970136 -0.21083176]
597.2146549224854,1001,False,5,3,[-0.49005176 -6.40570233  4.        ],exiting,[-0.48080528  0.59740651 -0.20557775]
597.2146549224854,1002,False,1,5,[5.45785355 1.62607284 1.29278789],waiting,[ 0.5677905  -0.59831228 -0.99408226]
597.2146549224854,1003,False,4,0,[-5.94624337  3.59170193  4.00000049],cruising,[ 0.63925976  0.24903542 -0.34837281]
597.2146549224854,1004,False,5,4,[8.26299984 3.03463735 3.99999918],cruising,[-0.62185191  0.08809385  0.93462812]
597.2146549224854,1005,False,0,2,[-6.2819223  -0.90906611  4.        ],exiting,[ 0.50568378 -0.03156594 -0.11489306]
597.3188498020172,1000,False,1,6,[7.85789924 8.11235121 4.        ],exiting,[-0.82138112 -0.19970136 -0.21083176]
597.3188498020172,1001,False,5,3,[-0.47464151 -6.50450782  4.        ],exiting,[-0.48080528  0.59740651 -0.20557775]
597.3188498020172,1002,False,1,5,[5.45785355 1.62607284 1.29278789],waiting,[ 0.5677905  -0.59831228 -0.99408226]
597.3188498020172,1003,False,4,0,[-6.04103073  3.7678137   4.00000042],cruising,[ 0.63925976  0.24903542 -0.34837281]
597.3188498020172,1004,False,5,4,[8.30022808 2.83813275 3.9999993 ],cruising,[-0.62185191  0.08809385  0.93462812]
597.3188498020172,1005,False,0,2,[-6.35638279 -0.97581665  4.        ],exiting,[ 0.50568378 -0.03156594 -0.11489306]
597.4141392707825,1000,False,1,6,[7.89364908 8.20574258 4.        ],exiting,[-0.82138112 -0.19970136 -0.21083176]
597.4141392707825,1001,False,5,3,[-0.45923127 -6.60331331  4.        ],exiting,[-0.48080528  0.59740651 -0.20557775]
597.4141392707825,1002,False,1,5,[5.45785355 1.62607284 1.29278789],waiting,[ 0.5677905  -0.59831228 -0.99408226]
597.4141392707825,1003,False,4,0,[-6.12746006  3.94817436  4.00000036],cruising,[ 0.63925976  0.24903542 -0.34837281]
597.4141392707825,1004,False,5,4,[8.33154688 2.64060014 3.99999941],cruising,[-0.62185191  0.08809385  0.93462812]
597.4141392707825,1005,False,0,2,[-6.43084328 -1.0425672   4.        ],exiting,[ 0.50568378 -0.03156594 -0.11489306]
597.5210366249084,1000,False,1,6,[7.92939892 8.29913396 4.        ],exiting,[-0.82138112 -0.19970136 -0.21083176]
597.5210366249084,1001,False,5,3,[-0.44382102 -6.70211879  4.        ],exiting,[-0.48080528  0.59740651 -0.20557775]
597.5210366249084,1002,False,1,5,[5.45785355 1.62607284 1.29278789],waiting,[ 0.5677905  -0.59831228 -0.99408226]
597.5210366249084,1003,False,4,0,[-6.20728536  4.13155354  4.0000003 ],cruising,[ 0.63925976  0.24903542 -0.34837281]
597.5210366249084,1004,False,5,4,[8.35808862 2.44236912 3.9999995 ],cruising,[-0.62185191  0.08809385  0.93462812]
597.5210366249084,1005,False,0,2,[-6.50530377 -1.10931774  4.        ],exiting,[ 0.50568378 -0.03156594 -0.11489306]
597.6096181869507,1000,False,1,6,[7.96514876 8.39252533 4.        ],exiting,[-0.82138112 -0.19970136 -0.21083176]
597.6096181869507,1001,False,5,3,[-0.42841077 -6.80092428  4.        ],exiting,[-0.48080528  0.59740651 -0.20557775]
597.6096181869507,1002,False,1,5,[5.45785355 1.62607284 1.29278789],waiting,[ 0.5677905  -0.59831228 -0.99408226]
597.6096181869507,1003,False,4,0,[-6.27890356  4.31829088  4.00000026],cruising,[ 0.63925976  0.24903542 -0.34837281]
597.6096181869507,1004,False,5,4,[8.38372895 2.2440195  3.99999957],cruising,[-0.62185191  0.08809385  0.93462812]
597.6096181869507,1005,False,0,2,[-6.57976427 -1.17606828  4.        ],exiting,[ 0.50568378 -0.03156594 -0.11489306]
597.7192900180817,1000,False,1,6,[8.00089859 8.48591671 4.        ],exiting,[-0.82138112 -0.19970136 -0.21083176]
597.7192900180817,1001,False,5,3,[-0.41300052 -6.89972977  4.        ],exiting,[-0.48080528  0.59740651 -0.20557775]
597.7192900180817,1002,False,1,5,[5.45785355 1.62607284 1.29278789],waiting,[ 0.5677905  -0.59831228 -0.99408226]
597.7192900180817,1003,False,4,0,[-6.34026453  4.50864537  4.00000022],cruising,[ 0.63925976  0.24903542 -0.34837281]
597.7192900180817,1004,False,5,4,[8.40485309 2.0451382  3.99999964],cruising,[-0.62185191  0.08809385  0.93462812]
597.7192900180817,1005,False,0,2,[-6.65422476 -1.24281883  4.        ],exiting,[ 0.50568378 -0.03156594 -0.11489306]
597.820992231369,1000,False,1,6,[8.03664843 8.57930809 4.        ],exiting,[-0.82138112 -0.19970136 -0.21083176]
597.820992231369,1001,False,5,3,[-0.39759028 -6.99853525  4.        ],exiting,[-0.48080528  0.59740651 -0.20557775]
597.820992231369,1002,False,1,5,[5.45785355 1.62607284 1.29278789],waiting,[ 0.5677905  -0.59831228 -0.99408226]
597.820992231369,1003,False,4,0,[-6.38229882  4.70414567  4.00000019],cruising,[ 0.63925976  0.24903542 -0.34837281]
597.820992231369,1004,False,5,4,[8.42478842 1.84613423 3.99999969],cruising,[-0.62185191  0.08809385  0.93462812]
597.820992231369,1005,False,0,2,[-6.72868525 -1.30956937  4.        ],exiting,[ 0.50568378 -0.03156594 -0.11489306]
597.9077820777893,1000,False,1,6,[8.07239827 8.67269946 4.        ],exiting,[-0.82138112 -0.19970136 -0.21083176]
597.9077820777893,1001,False,5,3,[-0.38218003 -7.09734074  4.        ],exiting,[-0.48080528  0.59740651 -0.20557775]
597.9077820777893,1002,False,1,5,[5.45785355 1.62607284 1.29278789],queued,[ 0.5677905  -0.59831228 -0.99408226]
597.9077820777893,1003,False,4,0,[-6.40454379  4.90254122  4.00000016],cruising,[ 0.63925976  0.24903542 -0.34837281]
597.9077820777893,1004,False,5,4,[8.443158   1.64697962 3.99999974],cruising,[-0.62185191  0.08809385  0.93462812]
597.9077820777893,1005,False,0,2,[-6.80314574 -1.37631992  4.        ],exiting,[ 0.50568378 -0.03156594 -0.11489306]
598.0069544315338,1000,False,1,6,[8.1081481  8.76609084 4.        ],exiting,[-0.82138112 -0.19970136 -0.21083176]
598.0069544315338,1001,False,5,3,[-0.36676978 -7.19614623  4.        ],exiting,[-0.48080528  0.59740651 -0.20557775]
598.0069544315338,1002,False,1,5,[5.45785355 1.62607284 1.31278789],queued,[ 0.5677905  -0.59831228 -0.99408226]
598.0069544315338,1003,False,4,0,[-6.40679072  5.10121698  4.00000013],cruising,[ 0.63925976  0.24903542 -0.34837281]
598.0069544315338,1004,False,5,4,[8.45705007 1.44746267 3.99999978],cruising,[-0.62185191  0.08809385  0.93462812]
598.0069544315338,1005,False,0,2,[-6.87760623 -1.44307046  4.        ],exiting,[ 0.50568378 -0.03156594 -0.11489306]
598.1181583404541,1000,False,1,6,[8.14389794 8.85948221 4.        ],exiting,[-0.82138112 -0.19970136 -0.21083176]
598.1181583404541,1001,False,5,3,[-0.35135953 -7.29495171  4.        ],exiting,[-0.48080528  0.59740651 -0.20557775]
598.1181583404541,1002,False,1,5,[5.45785355 1.62607284 1.35278789],queued,[ 0.5677905  -0.59831228 -0.99408226]
598.1181583404541,1003,False,4,0,[-6.38918383  5.29747905  4.00000011],cruising,[ 0.63925976  0.24903542 -0.34837281]
598.1181583404541,1004,False,5,4,[8.46944583 1.24784718 3.99999981],cruising,[-0.62185191  0.08809385  0.93462812]
598.1181583404541,1005,False,0,2,[-6.95206672 -1.50982101  4.        ],landing,[ 0.50568378 -0.03156594 -0.11489306]
598.2166132926941,1000,False,1,6,[8.17964778 8.95287359 4.        ],exiting,[-0.82138112 -0.19970136 -0.21083176]
598.2166132926941,1001,False,5,3,[-0.33594929 -7.3937572   4.        ],exiting,[-0.48080528  0.59740651 -0.20557775]
598.2166132926941,1002,False,1,5,[5.45785355 1.62607284 1.41278789],queued,[ 0.5677905  -0.59831228 -0.99408226]
598.2166132926941,1003,False,4,0,[-6.35218583  5.48884368  4.00000008],cruising,[ 0.63925976  0.24903542 -0.34837281]
598.2166132926941,1004,False,5,4,[8.47783858 1.04802335 3.99999984],cruising,[-0.62185191  0.08809385  0.93462812]
598.2166132926941,1005,False,0,2,[-7.01823582 -1.56485018  3.98607656],landing,[ 0.50568378 -0.03156594 -0.11489306]
598.3069202899933,1000,False,1,6,[8.21539762 9.04626497 4.        ],exiting,[-0.82138112 -0.19970136 -0.21083176]
598.3069202899933,1001,False,5,3,[-0.32053904 -7.49256269  4.        ],exiting,[-0.48080528  0.59740651 -0.20557775]
598.3069202899933,1002,False,1,5,[5.45785355 1.62607284 1.48778789],queued,[ 0.5677905  -0.59831228 -0.99408226]
598.3069202899933,1003,False,4,0,[-6.2965415   5.67297542  4.00000006],cruising,[ 0.63925976  0.24903542 -0.34837281]
598.3069202899933,1004,False,5,4,[8.48476973 0.84814349 3.99999986],cruising,[-0.62185191  0.08809385  0.93462812]
598.3069202899933,1005,False,0,2,[-7.07596148 -1.6080724   3.95839433],landing,[ 0.50568378 -0.03156594 -0.11489306]
598.4078962802887,1000,False,1,6,[8.25114745 9.13965634 4.        ],landing,[-0.82138112 -0.19970136 -0.21083176]
598.4078962802887,1001,False,5,3,[-0.30512879 -7.59136818  4.        ],exiting,[-0.48080528  0.59740651 -0.20557775]
598.4078962802887,1002,False,1,5,[5.45785355 1.62607284 1.56278789],queued,[ 0.5677905  -0.59831228 -0.99408226]
598.4078962802887,1003,False,4,0,[-6.22316521  5.84785638  4.00000004],cruising,[ 0.63925976  0.24903542 -0.34837281]
598.4078962802887,1004,False,5,4,[8.49003246 0.64821274 3.99999988],cruising,[-0.62185191  0.08809385  0.93462812]
598.4078962802887,1005,False,0,2,[-7.125065   -1.63938839  3.91715111],landing,[ 0.50568378 -0.03156594 -0.11489306]
598.5072438716888,1000,False,1,6,[8.28497413 9.21895569 3.98593884],landing,[-0.82138112 -0.19970136 -0.21083176]
598.5072438716888,1001,False,5,3,[-0.28971855 -7.69017366  4.        ],exiting,[-0.48080528  0.59740651 -0.20557775]
598.5072438716888,1002,False,1,5,[5.45785355 1.62607284 1.63778789],queued,[ 0.5677905  -0.59831228 -0.99408226]
598.5072438716888,1003,False,4,0,[-6.13307782  6.01174918  4.00000003],cruising,[ 0.63925976  0.24903542 -0.34837281]
598.5072438716888,1004,False,5,4,[8.49347238 0.44824233 3.9999999 ],cruising,[-0.62185191  0.08809385  0.93462812]
598.5072438716888,1005,False,0,2,[-7.1653041  -1.65866589  3.86262268],landing,[ 0.50568378 -0.03156594 -0.11489306]
598.6127617359161,1000,False,1,6,[8.31678099 9.28401561 3.95797952],landing,[-0.82138112 -0.19970136 -0.21083176]
598.6127617359161,1001,False,5,3,[-0.2743083  -7.78897915  4.        ],landing,[-0.48080528  0.59740651 -0.20557775]
598.6127617359161,1002,False,1,5,[5.45785355 1.62607284 1.71278789],queued,[ 0.5677905  -0.59831228 -0.99408226]
598.6127617359161,1003,False,4,0,[-6.02746485  6.1630342   4.00000001],cruising,[ 0.63925976  0.24903542 -0.34837281]
598.6127617359161,1004,False,5,4,[8.49285726 0.24824327 3.99999992],cruising,[-0.62185191  0.08809385  0.93462812]
598.6127617359161,1005,False,0,2,[-7.19646673 -1.66579145  3.79505784],landing,[ 0.50568378 -0.03156594 -0.11489306]
598.7168588638306,1000,False,1,6,[8.34645334 9.3346633  3.91631868],landing,[-0.82138112 -0.19970136 -0.21083176]
598.7168588638306,1001,False,5,3,[-0.26423094 -7.87451214  3.98602141],landing,[-0.48080528  0.59740651 -0.20557775]
598.7168588638306,1002,False,1,5,[5.45785355 1.62607284 1.78778789],queued,[ 0.5677905  -0.59831228 -0.99408226]
598.7168588638306,1003,False,4,0,[-5.9072383   6.30066479  4.        ],cruising,[ 0.63925976  0.24903542 -0.34837281]
598.7168588638306,1004,False,5,4,[8.49059063 0.04825612 3.99999993],cruising,[-0.62185191  0.08809385  0.93462812]
598.7168588638306,1005,False,0,2,[-7.21836168 -1.66066466  3.71468715],landing,[ 0.50568378 -0.03156594 -0.11489306]
598.8092720508575,1000,False,1,6,[8.37383276 9.37066388 3.86123381],landing,[-0.82138112 -0.19970136 -0.21083176]
598.8092720508575,1001,False,5,3,[-0.25947548 -7.94659773  3.95822815],landing,[-0.48080528  0.59740651 -0.20557775]
598.8092720508575,1002,False,1,5,[5.45785355 1.62607284 1.86278789],queued,[ 0.5677905  -0.59831228 -0.99408226]
598.8092720508575,1003,False,4,0,[-5.77328142  6.4237531   3.99999999],cruising,[ 0.63925976  0.24903542 -0.34837281]
598.8092720508575,1004,False,5,4,[ 8.48652035 -0.15170246  3.99999994],cruising,[-0.62185191  0.08809385  0.93462812]
598.8092720508575,1005,False,0,2,[-7.23079551 -1.64318586  3.62175002],landing,[ 0.50568378 -0.03156594 -0.11489306]
598.9218473434448,1000,False,1,6,[8.39878575 9.39182286 3.79296412],landing,[-0.82138112 -0.19970136 -0.21083176]
598.9218473434448,1001,False,5,3,[-0.26002788 -8.00503073  3.9168175 ],landing,[-0.48080528  0.59740651 -0.20557775]
598.9218473434448,1002,False,1,5,[5.45785355 1.62607284 1.93778789],queued,[ 0.5677905  -0.59831228 -0.99408226]
598.9218473434448,1003,False,4,0,[-5.62641554  6.53156536  3.99999999],cruising,[ 0.63925976  0.24903542 -0.34837281]
598.9218473434448,1004,False,5,4,[ 8.47851607 -0.35154222  3.99999995],cruising,[-0.62185191  0.08809385  0.93462812]
598.9218473434448,1005,False,0,2,[-7.23990508 -1.62142119  3.5245733 ],landing,[ 0.50568378 -0.03156594 -0.11489306]
599.0067708492279,1000,False,1,6,[8.42118723 9.39796093 3.71173827],landing,[-0.82138112 -0.19970136 -0.21083176]
599.0067708492279,1001,False,5,3,[-0.26586701 -8.04953291  3.86206584],landing,[-0.48080528  0.59740651 -0.20557775]
599.0067708492279,1002,False,1,5,[5.45785355 1.62607284 2.01278789],queued,[ 0.5677905  -0.59831228 -0.99408226]
599.0067708492279,1003,False,4,0,[-5.46736603  6.623517    3.99999998],cruising,[ 0.63925976  0.24903542 -0.34837281]
599.0067708492279,1004,False,5,4,[ 8.46880982 -0.55130656  3.99999996],cruising,[-0.62185191  0.08809385  0.93462812]
599.0067708492279,1005,False,0,2,[-7.24901465 -1.59965652  3.42739658],landing,[ 0.50568378 -0.03156594 -0.11489306]
599.107982635498,1000,False,1,6,[8.44090976 9.38889836 3.61779379],landing,[-0.82138112 -0.19970136 -0.21083176]
599.107982635498,1001,False,5,3,[-0.27697284 -8.07986639  3.794218  ],landing,[-0.48080528  0.59740651 -0.20557775]
599.107982635498,1002,False,1,5,[5.45785355 1.62607284 2.08778789],queued,[ 0.5677905  -0.59831228 -0.99408226]
599.107982635498,1003,False,4,0,[-5.29671683  6.69917609  3.99999998],cruising,[ 0.63925976  0.24903542 -0.34837281]
599.107982635498,1004,False,5,4,[ 8.45723564 -0.75097137  3.99999996],cruising,[-0.62185191  0.08809385  0.93462812]
599.107982635498,1005,False,0,2,[-7.25812422 -1.57789185  3.33021986],landing,[ 0.50568378 -0.03156594 -0.11489306]
599.2065460681915,1000,False,1,6,[8.4598777  9.37570442 3.52049971],landing,[-0.82138112 -0.19970136 -0.21083176]
599.2065460681915,1001,False,5,3,[-0.29332547 -8.09581498  3.71350368],landing,[-0.48080528  0.59740651 -0.20557775]
599.2065460681915,1002,False,1,5,[5.45785355 1.62607284 2.16278789],queued,[ 0.5677905  -0.59831228 -0.99408226]
599.2065460681915,1003,False,4,0,[-5.11527369  6.757998    3.99999998],cruising,[ 0.63925976  0.24903542 -0.34837281]
599.2065460681915,1004,False,5,4,[ 8.44365039 -0.95050944  3.99999997],cruising,[-0.62185191  0.08809385  0.93462812]
599.2065460681915,1005,False,0,2,[-7.26723379 -1.55612718  3.23304314],landing,[ 0.50568378 -0.03156594 -0.11489306]
599.3149235248566,1000,False,1,6,[8.47884565 9.36251047 3.42320564],landing,[-0.82138112 -0.19970136 -0.21083176]
599.3149235248566,1001,False,5,3,[-0.31490315 -8.097161    3.62016147],landing,[-0.48080528  0.59740651 -0.20557775]
599.3149235248566,1002,False,1,5,[5.45785355 1.62607284 2.23778789],queued,[ 0.5677905  -0.59831228 -0.99408226]
599.3149235248566,1003,False,4,0,[-4.92282509  6.80012021  3.99999998],cruising,[ 0.63925976  0.24903542 -0.34837281]
599.3149235248566,1004,False,5,4,[ 8.42579187 -1.14971053  3.99999997],cruising,[-0.62185191  0.08809385  0.93462812]
599.3149235248566,1005,False,0,2,[-7.27634336 -1.53436251  3.13586642],landing,[ 0.50568378 -0.03156594 -0.11489306]
599.4073157310486,1000,False,1,6,[8.4978136  9.34931653 3.32591157],landing,[-0.82138112 -0.19970136 -0.21083176]
599.4073157310486,1001,False,5,3,[-0.33810795 -8.09387008  3.52294672],landing,[-0.48080528  0.59740651 -0.20557775]
599.4073157310486,1002,False,1,5,[5.45785355 1.62607284 2.31278789],queued,[ 0.5677905  -0.59831228 -0.99408226]
599.4073157310486,1003,False,4,0,[-4.72677698  6.83968207  3.99999998],cruising,[ 0.63925976  0.24903542 -0.34837281]
599.4073157310486,1004,False,5,4,[ 8.40598139 -1.34872697  3.99999998],cruising,[-0.62185191  0.08809385  0.93462812]
599.4073157310486,1005,False,0,2,[-7.28545293 -1.51259784  3.0386897 ],landing,[ 0.50568378 -0.03156594 -0.11489306]
599.5068864822388,1000,False,1,6,[8.51678155 9.33612259 3.22861749],landing,[-0.82138112 -0.19970136 -0.21083176]
599.5068864822388,1001,False,5,3,[-0.36131274 -8.09057916  3.42573198],landing,[-0.48080528  0.59740651 -0.20557775]
599.5068864822388,1002,False,1,5,[5.45785355 1.62607284 2.38778789],queued,[ 0.5677905  -0.59831228 -0.99408226]
599.5068864822388,1003,False,4,0,[-4.53163376  6.88348987  3.99999999],cruising,[ 0.63925976  0.24903542 -0.34837281]
599.5068864822388,1004,False,5,4,[ 8.38402379 -1.54751798  3.99999998],cruising,[-0.62185191  0.08809385  0.93462812]
599.5068864822388,1005,False,0,2,[-7.29456251 -1.49083317  2.94151298],landing,[ 0.50568378 -0.03156594 -0.11489306]
599.6071672439575,1000,False,1,6,[8.5357495  9.32292865 3.13132342],landing,[-0.82138112 -0.19970136 -0.21083176]
599.6071672439575,1001,False,5,3,[-0.38451754 -8.08728823  3.32851723],landing,[-0.48080528  0.59740651 -0.20557775]
599.6071672439575,1002,False,1,5,[5.45785355 1.62607284 2.46278789],queued,[ 0.5677905  -0.59831228 -0.99408226]
599.6071672439575,1003,False,4,0,[-4.33711477  6.92999108  3.99999999],cruising,[ 0.63925976  0.24903542 -0.34837281]
599.6071672439575,1004,False,5,4,[ 8.35742249 -1.74574101  3.99999998],cruising,[-0.62185191  0.08809385  0.93462812]
599.6071672439575,1005,False,0,2,[-7.30367208 -1.4690685   2.84433626],landing,[ 0.50568378 -0.03156594 -0.11489306]
599.7071330547333,1000,False,1,6,[8.55471745 9.30973471 3.03402934],landing,[-0.82138112 -0.19970136 -0.21083176]
599.7071330547333,1001,False,5,3,[-0.40772234 -8.08399731  3.23130248],landing,[-0.48080528  0.59740651 -0.20557775]
599.7071330547333,1002,False,1,5,[5.45785355 1.62607284 2.53778789],queued,[ 0.5677905  -0.59831228 -0.99408226]
599.7071330547333,1003,False,4,0,[-4.14291452  6.97780594  3.99999999],cruising,[ 0.63925976  0.24903542 -0.34837281]
599.7071330547333,1004,False,5,4,[ 8.32860272 -1.94365367  3.99999999],cruising,[-0.62185191  0.08809385  0.93462812]
599.7071330547333,1005,False,0,2,[-7.31278165 -1.44730383  2.74715954],landing,[ 0.50568378 -0.03156594 -0.11489306]
599.8105545043945,1000,False,1,6,[8.5736854  9.29654076 2.93673527],landing,[-0.82138112 -0.19970136 -0.21083176]
599.8105545043945,1001,False,5,3,[-0.43092714 -8.08070638  3.13408773],landing,[-0.48080528  0.59740651 -0.20557775]
599.8105545043945,1002,False,1,5,[5.45785355 1.62607284 2.61278789],entering,[ 0.5677905  -0.59831228 -0.99408226]
599.8105545043945,1003,False,4,0,[-3.94816774  7.02334374  3.99999999],cruising,[ 0.63925976  0.24903542 -0.34837281]
599.8105545043945,1004,False,5,4,[ 8.29730541 -2.14118969  3.99999999],cruising,[-0.62185191  0.08809385  0.93462812]
599.8105545043945,1005,False,0,2,[-7.32189122 -1.42553916  2.64998282],landing,[ 0.50568378 -0.03156594 -0.11489306]
599.9069900512695,1000,False,1,6,[8.59265335 9.28334682 2.8394412 ],landing,[-0.82138112 -0.19970136 -0.21083176]
599.9069900512695,1001,False,5,3,[-0.45413194 -8.07741546  3.03687299],landing,[-0.48080528  0.59740651 -0.20557775]
599.9069900512695,1002,False,1,5,[5.47754554 1.62257639 2.68778789],entering,[ 0.5677905  -0.59831228 -0.99408226]
599.9069900512695,1003,False,4,0,[-3.75332305  7.06846079  3.99999999],cruising,[ 0.63925976  0.24903542 -0.34837281]
599.9069900512695,1004,False,5,4,[ 8.26056655 -2.33778637  3.99999999],cruising,[-0.62185191  0.08809385  0.93462812]
599.9069900512695,1005,False,0,2,[-7.33100079 -1.40377449  2.5528061 ],landing,[ 0.50568378 -0.03156594 -0.11489306]
600.0069441795349,1000,False,1,6,[8.6116213  9.27015288 2.74214712],landing,[-0.82138112 -0.19970136 -0.21083176]
600.0069441795349,1001,False,5,3,[-0.47733673 -8.07412454  2.93965824],landing,[-0.48080528  0.59740651 -0.20557775]
600.0069441795349,1002,False,1,5,[5.51692386 1.61555161 2.76278789],entering,[ 0.5677905  -0.59831228 -0.99408226]
600.0069441795349,1003,False,4,0,[-3.55815698  7.1121667   3.99999999],cruising,[ 0.63925976  0.24903542 -0.34837281]
600.0069441795349,1004,False,5,4,[ 8.22112418 -2.53385855  3.99999999],cruising,[-0.62185191  0.08809385  0.93462812]
600.0069441795349,1005,False,0,2,[-7.34011036 -1.38200982  2.45562938],landing,[ 0.50568378 -0.03156594 -0.11489306]
600.1092381477356,1000,False,1,6,[8.63058925 9.25695894 2.64485305],landing,[-0.82138112 -0.19970136 -0.21083176]
600.1092381477356,1001,False,5,3,[-0.50054153 -8.07083361  2.84244349],landing,[-0.48080528  0.59740651 -0.20557775]
600.1092381477356,1002,False,1,5,[5.57597569 1.60492787 2.83778789],entering,[ 0.5677905  -0.59831228 -0.99408226]
600.1092381477356,1003,False,4,0,[-3.36249549  7.15359833  3.99999999],cruising,[ 0.63925976  0.24903542 -0.34837281]
600.1092381477356,1004,False,5,4,[ 8.17862326 -2.72929056  3.99999999],cruising,[-0.62185191  0.08809385  0.93462812]
600.1092381477356,1005,False,0,2,[-7.34921993 -1.36024515  2.35845267],landing,[ 0.50568378 -0.03156594 -0.11489306]
600.2074320316315,1000,False,1,6,[8.6495572  9.24376499 2.54755898],landing,[-0.82138112 -0.19970136 -0.21083176]
600.2074320316315,1001,False,5,3,[-0.52374633 -8.06754269  2.74522874],landing,[-0.48080528  0.59740651 -0.20557775]
600.2074320316315,1002,False,1,5,[5.65462679 1.59032057 2.91278789],entering,[ 0.5677905  -0.59831228 -0.99408226]
600.2074320316315,1003,False,4,0,[-3.16572952  7.18941944  4.        ],cruising,[ 0.63925976  0.24903542 -0.34837281]
600.2074320316315,1004,False,5,4,[ 8.12923955 -2.92309781  3.99999999],cruising,[-0.62185191  0.08809385  0.93462812]
600.2074320316315,1005,False,0,2,[-7.3583295  -1.33848048  2.26127595],landing,[ 0.50568378 -0.03156594 -0.11489306]
600.306426525116,1000,False,1,6,[8.66852515 9.23057105 2.4502649 ],landing,[-0.82138112 -0.19970136 -0.21083176]
600.306426525116,1001,False,5,3,[-0.54695113 -8.06425177  2.64801399],landing,[-0.48080528  0.59740651 -0.20557775]
600.306426525116,1002,False,1,5,[5.75279561 1.57134767 2.98778789],entering,[ 0.5677905  -0.59831228 -0.99408226]
600.306426525116,1003,False,4,0,[-2.96836809  7.22179947  4.        ],cruising,[ 0.63925976  0.24903542 -0.34837281]
600.306426525116,1004,False,5,4,[ 8.07634845 -3.11597739  3.99999999],cruising,[-0.62185191  0.08809385  0.93462812]
600.306426525116,1005,False,0,2,[-7.36743907 -1.31671581  2.16409923],landing,[ 0.50568378 -0.03156594 -0.11489306]
600.4067559242249,1000,False,1,6,[8.6874931  9.21737711 2.35297083],landing,[-0.82138112 -0.19970136 -0.21083176]
600.4067559242249,1001,False,5,3,[-0.57015593 -8.06096084  2.55079925],landing,[-0.48080528  0.59740651 -0.20557775]
600.4067559242249,1002,False,1,5,[5.87034027 1.54741725 3.06278789],entering,[ 0.5677905  -0.59831228 -0.99408226]
600.4067559242249,1003,False,4,0,[-2.76996493  7.24702224  4.        ],cruising,[ 0.63925976  0.24903542 -0.34837281]
600.4067559242249,1004,False,5,4,[ 8.01521823 -3.30640611  4.        ],cruising,[-0.62185191  0.08809385  0.93462812]
600.4067559242249,1005,False,0,2,[-7.37654864 -1.29495114  2.06692251],landing,[ 0.50568378 -0.03156594 -0.11489306]
600.5107827186584,1000,False,1,6,[8.70646105 9.20418317 2.25567675],landing,[-0.82138112 -0.19970136 -0.21083176]
600.5107827186584,1001,False,5,3,[-0.59336073 -8.05766992  2.4535845 ],landing,[-0.48080528  0.59740651 -0.20557775]
600.5107827186584,1002,False,1,5,[6.00707397 1.51784936 3.13778789],entering,[ 0.5677905  -0.59831228 -0.99408226]
600.5107827186584,1003,False,4,0,[-2.57100012  7.2673447   4.        ],cruising,[ 0.63925976  0.24903542 -0.34837281]
600.5107827186584,1004,False,5,4,[ 7.94514732 -3.49372954  4.        ],exiting,[-0.62185191  0.08809385  0.93462812]
600.5107827186584,1005,False,0,2,[-7.38565821 -1.27318647  1.96974579],landing,[ 0.50568378 -0.03156594 -0.11489306]
600.6184132099152,1000,False,1,6,[8.725429   9.19098923 2.15838268],landing,[-0.82138112 -0.19970136 -0.21083176]
600.6184132099152,1001,False,5,3,[-0.61656552 -8.05437899  2.35636975],landing,[-0.48080528  0.59740651 -0.20557775]
600.6184132099152,1002,False,1,5,[6.16231842 1.48070839 3.21278789],entering,[ 0.5677905  -0.59831228 -0.99408226]
600.6184132099152,1003,False,4,0,[-2.37129083  7.27812422  4.        ],cruising,[ 0.63925976  0.24903542 -0.34837281]
600.6184132099152,1004,False,5,4,[ 7.88926698 -3.66695943  4.        ],exiting,[-0.62185191  0.08809385  0.93462812]
600.6184132099152,1005,False,0,2,[-7.39476778 -1.2514218   1.87256907],landing,[ 0.50568378 -0.03156594 -0.11489306]
600.7066051959991,1000,False,1,6,[8.74439695 9.17779528 2.06108861],landing,[-0.82138112 -0.19970136 -0.21083176]
600.7066051959991,1001,False,5,3,[-0.63977032 -8.05108807  2.259155  ],landing,[-0.48080528  0.59740651 -0.20557775]
600.7066051959991,1002,False,1,5,[6.33514844 1.43404124 3.28778789],entering,[ 0.5677905  -0.59831228 -0.99408226]
600.7066051959991,1003,False,4,0,[-2.17129203  7.27743027  4.        ],cruising,[ 0.63925976  0.24903542 -0.34837281]
600.7066051959991,1004,False,5,4,[ 7.84771444 -3.82623532  4.        ],exiting,[-0.62185191  0.08809385  0.93462812]
600.7066051959991,1005,False,0,2,[-7.40387735 -1.22965713  1.77539235],landing,[ 0.50568378 -0.03156594 -0.11489306]
600.8066623210907,1000,False,1,6,[8.7633649  9.16460134 1.96379453],landing,[-0.82138112 -0.19970136 -0.21083176]
600.8066623210907,1001,False,5,3,[-0.66297512 -8.04779715  2.16194026],landing,[-0.48080528  0.59740651 -0.20557775]
600.8066623210907,1002,False,1,5,[6.52144358 1.37258591 3.36278789],entering,[ 0.5677905  -0.59831228 -0.99408226]
600.8066623210907,1003,False,4,0,[-1.9723387   7.25699568  4.        ],cruising,[ 0.63925976  0.24903542 -0.34837281]
600.8066623210907,1004,False,5,4,[ 7.82065575 -3.97172977  4.        ],exiting,[-0.62185191  0.08809385  0.93462812]
600.8066623210907,1005,False,0,2,[-7.41298692 -1.20789246  1.67821563],landing,[ 0.50568378 -0.03156594 -0.11489306]
600.9069776535034,1000,False,1,6,[8.78233284 9.1514074  1.86650046],landing,[-0.82138112 -0.19970136 -0.21083176]
600.9069776535034,1001,False,5,3,[-0.68617992 -8.04450622  2.06472551],landing,[-0.48080528  0.59740651 -0.20557775]
600.9069776535034,1002,False,1,5,[6.70832441 1.30134297 3.43778789],entering,[ 0.5677905  -0.59831228 -0.99408226]
600.9069776535034,1003,False,4,0,[-1.77608076  7.21848828  4.        ],cruising,[ 0.63925976  0.24903542 -0.34837281]
600.9069776535034,1004,False,5,4,[ 7.80830725 -4.10367393  4.        ],exiting,[-0.62185191  0.08809385  0.93462812]
600.9069776535034,1005,False,0,2,[-7.42209649 -1.18612779  1.58103891],landing,[ 0.50568378 -0.03156594 -0.11489306]
601.0071980953217,1000,False,1,6,[8.80130079 9.13821346 1.76920639],landing,[-0.82138112 -0.19970136 -0.21083176]
601.0071980953217,1001,False,5,3,[-0.70938472 -8.0412153   1.96751076],landing,[-0.48080528  0.59740651 -0.20557775]
601.0071980953217,1002,False,1,5,[6.89118732 1.22034201 3.51278789],entering,[ 0.5677905  -0.59831228 -0.99408226]
601.0071980953217,1003,False,4,0,[-1.58221404  7.16933855  4.        ],cruising,[ 0.63925976  0.24903542 -0.34837281]
601.0071980953217,1004,False,5,4,[ 7.81083159 -4.22224652  4.        ],exiting,[-0.62185191  0.08809385  0.93462812]
601.0071980953217,1005,False,0,2,[-7.43120606 -1.16436312  1.48386219],fake_landed,[ 0.50568378 -0.03156594 -0.11489306]
601.1071009635925,1000,False,1,6,[8.82026874 9.12501951 1.67191231],landing,[-0.82138112 -0.19970136 -0.21083176]
601.1071009635925,1001,False,5,3,[-0.73258951 -8.03792438  1.87029601],landing,[-0.48080528  0.59740651 -0.20557775]
601.1071009635925,1002,False,1,5,[7.06903006 1.12884359 3.5858697 ],entering,[ 0.5677905  -0.59831228 -0.99408226]
601.1071009635925,1003,False,4,0,[-1.39277677  7.1052018   4.        ],cruising,[ 0.63925976  0.24903542 -0.34837281]
601.1071009635925,1004,False,5,4,[ 7.82838912 -4.32762809  4.        ],exiting,[-0.62185191  0.08809385  0.93462812]
601.1071009635925,1005,False,0,2,[-7.43849372 -1.14695138  1.40612081],fake_landed,[ 0.50568378 -0.03156594 -0.11489306]
601.2068793773651,1000,False,1,6,[8.83923669 9.11182557 1.57461824],landing,[-0.82138112 -0.19970136 -0.21083176]
601.2068793773651,1001,False,5,3,[-0.75579431 -8.03463345  1.77308127],landing,[-0.48080528  0.59740651 -0.20557775]
601.2068793773651,1002,False,1,5,[7.2406114  1.02608249 3.64798925],entering,[ 0.5677905  -0.59831228 -0.99408226]
601.2068793773651,1003,False,4,0,[-1.2078951   7.02892095  4.        ],cruising,[ 0.63925976  0.24903542 -0.34837281]
601.2068793773651,1004,False,5,4,[ 7.85717497 -4.42339539  4.        ],exiting,[-0.62185191  0.08809385  0.93462812]
601.2068793773651,1005,False,0,2,[-7.44395946 -1.13389258  1.34781478],fake_landed,[ 0.50568378 -0.03156594 -0.11489306]
601.306652545929,1000,False,1,6,[8.85820464 9.09863163 1.47732416],fake_landed,[-0.82138112 -0.19970136 -0.21083176]
601.306652545929,1001,False,5,3,[-0.77899911 -8.03134253  1.67586652],landing,[-0.48080528  0.59740651 -0.20557775]
601.306652545929,1002,False,1,5,[7.40442476 0.91134285 3.70079086],entering,[ 0.5677905  -0.59831228 -0.99408226]
601.306652545929,1003,False,4,0,[-1.02726771  6.94305045  4.        ],cruising,[ 0.63925976  0.24903542 -0.34837281]
601.306652545929,1004,False,5,4,[ 7.88596082 -4.51916269  4.        ],exiting,[-0.62185191  0.08809385  0.93462812]
601.306652545929,1005,False,0,2,[-7.44760329 -1.12518671  1.30894409],fake_landed,[ 0.50568378 -0.03156594 -0.11489306]
601.4127600193024,1000,False,1,6,[8.873379   9.08807648 1.39948891],fake_landed,[-0.82138112 -0.19970136 -0.21083176]
601.4127600193024,1001,False,5,3,[-0.80220391 -8.02805161  1.57865177],landing,[-0.48080528  0.59740651 -0.20557775]
601.4127600193024,1002,False,1,5,[7.56006106 0.78573497 3.74567223],entering,[ 0.5677905  -0.59831228 -0.99408226]
601.4127600193024,1003,False,4,0,[-0.85033415  6.84980605  4.        ],cruising,[ 0.63925976  0.24903542 -0.34837281]
601.4127600193024,1004,False,5,4,[ 7.91474666 -4.61492998  4.        ],exiting,[-0.62185191  0.08809385  0.93462812]
601.4127600193024,1005,False,0,2,[-7.4494252  -1.12083378  1.28950875],fake_landed,[ 0.50568378 -0.03156594 -0.11489306]
601.5183680057526,1000,False,1,6,[8.88475977 9.08016011 1.34111246],fake_landed,[-0.82138112 -0.19970136 -0.21083176]
601.5183680057526,1001,False,5,3,[-0.82540871 -8.02476068  1.48143702],fake_landed,[-0.48080528  0.59740651 -0.20557775]
601.5183680057526,1002,False,1,5,[7.70421545 0.64710052 3.7838214 ],entering,[ 0.5677905  -0.59831228 -0.99408226]
601.5183680057526,1003,False,4,0,[-0.6753559   6.75294218  4.        ],cruising,[ 0.63925976  0.24903542 -0.34837281]
601.5183680057526,1004,False,5,4,[ 7.94353251 -4.71069728  4.        ],exiting,[-0.62185191  0.08809385  0.93462812]
601.5183680057526,1005,False,2,1,[-7.4494252  -1.12083378  1.28950875],waiting,[ 0.50568378 -0.03156594 -0.11489306]
601.6200315952301,1000,False,1,6,[8.89234695 9.07488253 1.30219483],fake_landed,[-0.82138112 -0.19970136 -0.21083176]
601.6200315952301,1001,False,5,3,[-0.84397255 -8.02212794  1.40366522],fake_landed,[-0.48080528  0.59740651 -0.20557775]
601.6200315952301,1002,False,1,5,[7.83489882 0.49570086 3.81624819],entering,[ 0.5677905  -0.59831228 -0.99408226]
601.6200315952301,1003,False,4,0,[-0.50313091  6.65126349  4.        ],cruising,[ 0.63925976  0.24903542 -0.34837281]
601.6200315952301,1004,False,5,4,[ 7.97231836 -4.80646457  4.        ],exiting,[-0.62185191  0.08809385  0.93462812]
601.6200315952301,1005,False,2,1,[-7.4494252  -1.12083378  1.28950875],waiting,[ 0.50568378 -0.03156594 -0.11489306]
601.7067625522614,1000,False,1,6,[8.89614054 9.07224375 1.28273602],fake_landed,[-0.82138112 -0.19970136 -0.21083176]
601.7067625522614,1001,False,5,3,[-0.85789542 -8.02015339  1.34533638],fake_landed,[-0.48080528  0.59740651 -0.20557775]
601.7067625522614,1002,False,1,5,[7.95040258 0.33242538 3.84381096],entering,[ 0.5677905  -0.59831228 -0.99408226]
601.7067625522614,1003,False,4,0,[-0.33284436  6.54637074  4.        ],cruising,[ 0.63925976  0.24903542 -0.34837281]
601.7067625522614,1004,False,5,4,[ 8.0011042  -4.90223187  4.        ],exiting,[-0.62185191  0.08809385  0.93462812]
601.7067625522614,1005,False,2,1,[-7.4494252  -1.12083378  1.28950875],waiting,[ 0.50568378 -0.03156594 -0.11489306]
601.8127019405365,1000,False,6,2,[8.89614054 9.07224375 1.28273602],waiting,[-0.82138112 -0.19970136 -0.21083176]
601.8127019405365,1001,False,5,3,[-0.86717734 -8.01883702  1.30645048],fake_landed,[-0.48080528  0.59740651 -0.20557775]
601.8127019405365,1002,False,1,5,[8.04962323 0.15877267 3.86723932],cruising,[ 0.5677905  -0.59831228 -0.99408226]
601.8127019405365,1003,False,4,0,[-0.16330147  6.44028017  4.        ],cruising,[ 0.63925976  0.24903542 -0.34837281]
601.8127019405365,1004,False,5,4,[ 8.02989005 -4.99799917  4.        ],exiting,[-0.62185191  0.08809385  0.93462812]
601.8127019405365,1005,False,2,1,[-7.4494252  -1.12083378  1.28950875],waiting,[ 0.50568378 -0.03156594 -0.11489306]
601.9180042743683,1000,False,6,2,[8.89614054 9.07224375 1.28273602],waiting,[-0.82138112 -0.19970136 -0.21083176]
601.9180042743683,1001,False,5,3,[-0.8718183  -8.01817883  1.28700753],fake_landed,[-0.48080528  0.59740651 -0.20557775]
601.9180042743683,1002,False,1,5,[ 8.13124409 -0.02376567  3.88730721],cruising,[ 0.5677905  -0.59831228 -0.99408226]
601.9180042743683,1003,False,4,0,[5.43344129e-03 6.33290918e+00 4.00000000e+00],cruising,[ 0.63925976  0.24903542 -0.34837281]
601.9180042743683,1004,False,5,4,[ 8.0586759  -5.09376646  4.        ],exiting,[-0.62185191  0.08809385  0.93462812]
601.9180042743683,1005,False,2,1,[-7.4494252  -1.12083378  1.28950875],waiting,[ 0.50568378 -0.03156594 -0.11489306]
602.0070154666901,1000,False,6,2,[8.89614054 9.07224375 1.28273602],waiting,[-0.82138112 -0.19970136 -0.21083176]
602.0070154666901,1001,False,5,3,[-0.8718183  -8.01817883  1.28700753],fake_landed,[-0.48080528  0.59740651 -0.20557775]
602.0070154666901,1002,False,1,5,[ 8.19615793 -0.21293806  3.90421113],cruising,[ 0.5677905  -0.59831228 -0.99408226]
602.0070154666901,1003,False,4,0,[0.1741299  6.22547778 4.        ],cruising,[ 0.63925976  0.24903542 -0.34837281]
602.0070154666901,1004,False,5,4,[ 8.08746174 -5.18953376  4.        ],exiting,[-0.62185191  0.08809385  0.93462812]
602.0070154666901,1005,False,2,1,[-7.4494252  -1.12083378  1.28950875],waiting,[ 0.50568378 -0.03156594 -0.11489306]
602.1170914173126,1000,False,6,2,[8.89614054 9.07224375 1.28273602],waiting,[-0.82138112 -0.19970136 -0.21083176]
602.1170914173126,1001,False,3,6,[-0.8718183  -8.01817883  1.28700753],waiting,[-0.48080528  0.59740651 -0.20557775]
602.1170914173126,1002,False,1,5,[ 8.24655812 -0.40648346  3.91857946],cruising,[ 0.5677905  -0.59831228 -0.99408226]
602.1170914173126,1003,False,4,0,[0.34304275 6.11838693 4.        ],exiting,[ 0.63925976  0.24903542 -0.34837281]
602.1170914173126,1004,False,5,4,[ 8.11624759 -5.28530105  4.        ],exiting,[-0.62185191  0.08809385  0.93462812]
602.1170914173126,1005,False,2,1,[-7.4494252  -1.12083378  1.28950875],waiting,[ 0.50568378 -0.03156594 -0.11489306]
602.2069571018219,1000,False,6,2,[8.89614054 9.07224375 1.28273602],waiting,[-0.82138112 -0.19970136 -0.21083176]
602.2069571018219,1001,False,3,6,[-0.8718183  -8.01817883  1.28700753],waiting,[-0.48080528  0.59740651 -0.20557775]
602.2069571018219,1002,False,1,5,[ 8.28401221 -0.60294514  3.93079254],cruising,[ 0.5677905  -0.59831228 -0.99408226]
602.2069571018219,1003,False,4,0,[0.50186145 6.0285619  4.        ],exiting,[ 0.63925976  0.24903542 -0.34837281]
602.2069571018219,1004,False,5,4,[ 8.14503344 -5.38106835  4.        ],exiting,[-0.62185191  0.08809385  0.93462812]
602.2069571018219,1005,False,2,1,[-7.4494252  -1.12083378  1.28950875],waiting,[ 0.50568378 -0.03156594 -0.11489306]
602.3064806461334,1000,False,6,2,[8.89614054 9.07224375 1.28273602],waiting,[-0.82138112 -0.19970136 -0.21083176]
602.3064806461334,1001,False,3,6,[-0.8718183  -8.01817883  1.28700753],waiting,[-0.48080528  0.59740651 -0.20557775]
602.3064806461334,1002,False,1,5,[ 8.31015978 -0.80122853  3.94117366],cruising,[ 0.5677905  -0.59831228 -0.99408226]
602.3064806461334,1003,False,4,0,[0.65043746 5.95591497 4.        ],exiting,[ 0.63925976  0.24903542 -0.34837281]
602.3064806461334,1004,False,5,4,[ 8.17381929 -5.47683565  4.        ],exiting,[-0.62185191  0.08809385  0.93462812]
602.3064806461334,1005,False,2,1,[-7.4494252  -1.12083378  1.28950875],waiting,[ 0.50568378 -0.03156594 -0.11489306]
602.4074513912201,1000,False,6,2,[8.89614054 9.07224375 1.28273602],waiting,[-0.82138112 -0.19970136 -0.21083176]
602.4074513912201,1001,False,3,6,[-0.8718183  -8.01817883  1.28700753],waiting,[-0.48080528  0.59740651 -0.20557775]
602.4074513912201,1002,False,1,5,[ 8.32440391 -1.00072065  3.94999761],cruising,[ 0.5677905  -0.59831228 -0.99408226]
602.4074513912201,1003,False,4,0,[0.78860263 5.90034475 4.        ],exiting,[ 0.63925976  0.24903542 -0.34837281]
602.4074513912201,1004,False,5,4,[ 8.20260513 -5.57260294  4.        ],exiting,[-0.62185191  0.08809385  0.93462812]
602.4074513912201,1005,False,2,1,[-7.4494252  -1.12083378  1.28950875],waiting,[ 0.50568378 -0.03156594 -0.11489306]
602.5074861049652,1000,False,6,2,[8.89614054 9.07224375 1.28273602],waiting,[-0.82138112 -0.19970136 -0.21083176]
602.5074861049652,1001,False,3,6,[-0.8718183  -8.01817883  1.28700753],waiting,[-0.48080528  0.59740651 -0.20557775]
602.5074861049652,1002,False,1,5,[ 8.33052387 -1.20062699  3.95749797],cruising,[ 0.5677905  -0.59831228 -0.99408226]
602.5074861049652,1003,False,4,0,[0.91616476 5.86173259 4.        ],exiting,[ 0.63925976  0.24903542 -0.34837281]
602.5074861049652,1004,False,5,4,[ 8.23139098 -5.66837024  4.        ],exiting,[-0.62185191  0.08809385  0.93462812]
602.5074861049652,1005,False,2,1,[-7.4494252  -1.12083378  1.28950875],waiting,[ 0.50568378 -0.03156594 -0.11489306]
602.6067934036255,1000,False,6,2,[8.89614054 9.07224375 1.28273602],waiting,[-0.82138112 -0.19970136 -0.21083176]
602.6067934036255,1001,False,3,6,[-0.8718183  -8.01817883  1.28700753],waiting,[-0.48080528  0.59740651 -0.20557775]
602.6067934036255,1002,False,1,5,[ 8.32957035 -1.40062472  3.96387327],cruising,[ 0.5677905  -0.59831228 -0.99408226]
602.6067934036255,1003,False,4,0,[1.03289853 5.83993551 4.        ],exiting,[ 0.63925976  0.24903542 -0.34837281]
602.6067934036255,1004,False,5,4,[ 8.26017683 -5.76413754  4.        ],exiting,[-0.62185191  0.08809385  0.93462812]
602.6067934036255,1005,False,2,1,[-7.4494252  -1.12083378  1.28950875],waiting,[ 0.50568378 -0.03156594 -0.11489306]
602.7070944309235,1000,False,6,2,[8.89614054 9.07224375 1.28273602],waiting,[-0.82138112 -0.19970136 -0.21083176]
602.7070944309235,1001,False,3,6,[-0.8718183  -8.01817883  1.28700753],waiting,[-0.48080528  0.59740651 -0.20557775]
602.7070944309235,1002,False,1,5,[ 8.32009599 -1.60040018  3.96929228],cruising,[ 0.5677905  -0.59831228 -0.99408226]
602.7070944309235,1003,False,4,0,[1.13852352 5.83476956 4.        ],exiting,[ 0.63925976  0.24903542 -0.34837281]
602.7070944309235,1004,False,5,4,[ 8.28896267 -5.85990483  4.        ],exiting,[-0.62185191  0.08809385  0.93462812]
602.7070944309235,1005,False,2,1,[-7.4494252  -1.12083378  1.28950875],waiting,[ 0.50568378 -0.03156594 -0.11489306]
602.8067879676819,1000,False,6,2,[8.89614054 9.07224375 1.28273602],waiting,[-0.82138112 -0.19970136 -0.21083176]
602.8067879676819,1001,False,3,6,[-0.8718183  -8.01817883  1.28700753],waiting,[-0.48080528  0.59740651 -0.20557775]
602.8067879676819,1002,False,1,5,[ 8.30533898 -1.79985502  3.97389844],cruising,[ 0.5677905  -0.59831228 -0.99408226]
602.8067879676819,1003,False,4,0,[1.23266721 5.84597982 4.        ],exiting,[ 0.63925976  0.24903542 -0.34837281]
602.8067879676819,1004,False,5,4,[ 8.31774852 -5.95567213  4.        ],exiting,[-0.62185191  0.08809385  0.93462812]
602.8067879676819,1005,False,2,1,[-7.4494252  -1.12083378  1.28950875],waiting,[ 0.50568378 -0.03156594 -0.11489306]
602.906979560852,1000,False,6,2,[8.89614054 9.07224375 1.28273602],waiting,[-0.82138112 -0.19970136 -0.21083176]
602.906979560852,1001,False,3,6,[-0.8718183  -8.01817883  1.28700753],waiting,[-0.48080528  0.59740651 -0.20557775]
602.906979560852,1002,False,1,5,[ 8.28571261 -1.9988897   3.97781367],cruising,[ 0.5677905  -0.59831228 -0.99408226]
602.906979560852,1003,False,4,0,[1.31509242 5.87339739 4.        ],exiting,[ 0.63925976  0.24903542 -0.34837281]
602.906979560852,1004,False,5,4,[ 8.34653437 -6.05143942  4.        ],exiting,[-0.62185191  0.08809385  0.93462812]
602.906979560852,1005,False,2,1,[-7.4494252  -1.12083378  1.28950875],waiting,[ 0.50568378 -0.03156594 -0.11489306]
603.0075659751892,1000,False,6,2,[8.89614054 9.07224375 1.28273602],waiting,[-0.82138112 -0.19970136 -0.21083176]
603.0075659751892,1001,False,3,6,[-0.8718183  -8.01817883  1.28700753],waiting,[-0.48080528  0.59740651 -0.20557775]
603.0075659751892,1002,False,1,5,[ 8.25887439 -2.1970808   3.98114162],cruising,[ 0.5677905  -0.59831228 -0.99408226]
603.0075659751892,1003,False,4,0,[1.38555897 5.91684588 4.        ],exiting,[ 0.63925976  0.24903542 -0.34837281]
603.0075659751892,1004,False,5,4,[ 8.37532021 -6.14720672  4.        ],exiting,[-0.62185191  0.08809385  0.93462812]
603.0075659751892,1005,False,2,1,[-7.4494252  -1.12083378  1.28950875],waiting,[ 0.50568378 -0.03156594 -0.11489306]
603.1064381599426,1000,False,6,2,[8.89614054 9.07224375 1.28273602],waiting,[-0.82138112 -0.19970136 -0.21083176]
603.1064381599426,1001,False,3,6,[-0.8718183  -8.01817883  1.28700753],waiting,[-0.48080528  0.59740651 -0.20557775]
603.1064381599426,1002,False,1,5,[ 8.22792326 -2.39467135  3.98397038],cruising,[ 0.5677905  -0.59831228 -0.99408226]
603.1064381599426,1003,False,4,0,[1.44382399 5.97614123 4.        ],exiting,[ 0.63925976  0.24903542 -0.34837281]
603.1064381599426,1004,False,5,4,[ 8.40410606 -6.24297402  4.        ],exiting,[-0.62185191  0.08809385  0.93462812]
603.1064381599426,1005,False,2,1,[-7.4494252  -1.12083378  1.28950875],waiting,[ 0.50568378 -0.03156594 -0.11489306]
603.2074754238129,1000,False,6,2,[8.89614054 9.07224375 1.28273602],waiting,[-0.82138112 -0.19970136 -0.21083176]
603.2074754238129,1001,False,3,6,[-0.8718183  -8.01817883  1.28700753],waiting,[-0.48080528  0.59740651 -0.20557775]
603.2074754238129,1002,False,1,5,[ 8.19285751 -2.59157334  3.98637482],cruising,[ 0.5677905  -0.59831228 -0.99408226]
603.2074754238129,1003,False,4,0,[1.48964205 6.05109138 4.        ],exiting,[ 0.63925976  0.24903542 -0.34837281]
603.2074754238129,1004,False,5,4,[ 8.43289191 -6.33874131  4.        ],exiting,[-0.62185191  0.08809385  0.93462812]
603.2074754238129,1005,False,2,1,[-7.4494252  -1.12083378  1.28950875],waiting,[ 0.50568378 -0.03156594 -0.11489306]
603.3067872524261,1000,False,6,2,[8.89614054 9.07224375 1.28273602],waiting,[-0.82138112 -0.19970136 -0.21083176]
603.3067872524261,1001,False,3,6,[-0.8718183  -8.01817883  1.28700753],waiting,[-0.48080528  0.59740651 -0.20557775]
603.3067872524261,1002,False,1,5,[ 8.15032188 -2.7869978   3.9884186 ],cruising,[ 0.5677905  -0.59831228 -0.99408226]
603.3067872524261,1003,False,4,0,[1.52276524 6.141496   4.        ],exiting,[ 0.63925976  0.24903542 -0.34837281]
603.3067872524261,1004,False,5,4,[ 8.46167776 -6.43450861  4.        ],exiting,[-0.62185191  0.08809385  0.93462812]
603.3067872524261,1005,False,2,1,[-7.4494252  -1.12083378  1.28950875],waiting,[ 0.50568378 -0.03156594 -0.11489306]
603.4068613052368,1000,False,6,2,[8.89614054 9.07224375 1.28273602],waiting,[-0.82138112 -0.19970136 -0.21083176]
603.4068613052368,1001,False,3,6,[-0.8718183  -8.01817883  1.28700753],waiting,[-0.48080528  0.59740651 -0.20557775]
603.4068613052368,1002,False,1,5,[ 8.10375545 -2.98150119  3.99015581],cruising,[ 0.5677905  -0.59831228 -0.99408226]
603.4068613052368,1003,False,4,0,[1.55126146 6.23734987 4.        ],exiting,[ 0.63925976  0.24903542 -0.34837281]
603.4068613052368,1004,False,5,4,[ 8.4904636 -6.5302759  4.       ],exiting,[-0.62185191  0.08809385  0.93462812]
603.4068613052368,1005,False,2,1,[-7.4494252  -1.12083378  1.28950875],waiting,[ 0.50568378 -0.03156594 -0.11489306]
603.5067510604858,1000,False,6,2,[8.89614054 9.07224375 1.28273602],waiting,[-0.82138112 -0.19970136 -0.21083176]
603.5067510604858,1001,False,3,6,[-0.8718183  -8.01817883  1.28700753],waiting,[-0.48080528  0.59740651 -0.20557775]
603.5067510604858,1002,False,1,5,[ 8.04892358 -3.17383805  3.99163244],cruising,[ 0.5677905  -0.59831228 -0.99408226]
603.5067510604858,1003,False,4,0,[1.57975769 6.33320374 4.        ],exiting,[ 0.63925976  0.24903542 -0.34837281]
603.5067510604858,1004,False,5,4,[ 8.51924945 -6.6260432   4.        ],exiting,[-0.62185191  0.08809385  0.93462812]
603.5067510604858,1005,False,2,1,[-7.4494252  -1.12083378  1.28950875],queued,[ 0.50568378 -0.03156594 -0.11489306]
603.6069502830505,1000,False,6,2,[8.89614054 9.07224375 1.28273602],waiting,[-0.82138112 -0.19970136 -0.21083176]
603.6069502830505,1001,False,3,6,[-0.8718183  -8.01817883  1.28700753],waiting,[-0.48080528  0.59740651 -0.20557775]
603.6069502830505,1002,False,1,5,[ 7.98539247 -3.36347928  3.99288757],cruising,[ 0.5677905  -0.59831228 -0.99408226]
603.6069502830505,1003,False,4,0,[1.60825391 6.42905762 4.        ],exiting,[ 0.63925976  0.24903542 -0.34837281]
603.6069502830505,1004,False,5,4,[ 8.5480353 -6.7218105  4.       ],exiting,[-0.62185191  0.08809385  0.93462812]
603.6069502830505,1005,False,2,1,[-7.4494252  -1.12083378  1.30950875],queued,[ 0.50568378 -0.03156594 -0.11489306]
603.7069411277771,1000,False,6,2,[8.89614054 9.07224375 1.28273602],waiting,[-0.82138112 -0.19970136 -0.21083176]
603.7069411277771,1001,False,3,6,[-0.8718183  -8.01817883  1.28700753],waiting,[-0.48080528  0.59740651 -0.20557775]
603.7069411277771,1002,False,1,5,[ 7.91707574 -3.55144956  3.99395444],cruising,[ 0.5677905  -0.59831228 -0.99408226]
603.7069411277771,1003,False,4,0,[1.63675014 6.52491149 4.        ],exiting,[ 0.63925976  0.24903542 -0.34837281]
603.7069411277771,1004,False,5,4,[ 8.57682114 -6.81757779  4.        ],exiting,[-0.62185191  0.08809385  0.93462812]
603.7069411277771,1005,False,2,1,[-7.4494252  -1.12083378  1.34950875],queued,[ 0.50568378 -0.03156594 -0.11489306]
603.8070027828217,1000,False,6,2,[8.89614054 9.07224375 1.28273602],waiting,[-0.82138112 -0.19970136 -0.21083176]
603.8070027828217,1001,False,3,6,[-0.8718183  -8.01817883  1.28700753],queued,[-0.48080528  0.59740651 -0.20557775]
603.8070027828217,1002,False,1,5,[ 7.8376359  -3.73499604  3.99486127],cruising,[ 0.5677905  -0.59831228 -0.99408226]
603.8070027828217,1003,False,4,0,[1.66524636 6.62076537 4.        ],exiting,[ 0.63925976  0.24903542 -0.34837281]
603.8070027828217,1004,False,5,4,[ 8.60560699 -6.91334509  4.        ],exiting,[-0.62185191  0.08809385  0.93462812]
603.8070027828217,1005,False,2,1,[-7.4494252  -1.12083378  1.40950875],queued,[ 0.50568378 -0.03156594 -0.11489306]
603.9069492816925,1000,False,6,2,[8.89614054 9.07224375 1.28273602],waiting,[-0.82138112 -0.19970136 -0.21083176]
603.9069492816925,1001,False,3,6,[-0.8718183  -8.01817883  1.30700753],queued,[-0.48080528  0.59740651 -0.20557775]
603.9069492816925,1002,False,1,5,[ 7.74560578 -3.91256422  3.99563208],cruising,[ 0.5677905  -0.59831228 -0.99408226]
603.9069492816925,1003,False,4,0,[1.69374259 6.71661924 4.        ],exiting,[ 0.63925976  0.24903542 -0.34837281]
603.9069492816925,1004,False,5,4,[ 8.63439284 -7.00911239  4.        ],exiting,[-0.62185191  0.08809385  0.93462812]
603.9069492816925,1005,False,2,1,[-7.4494252  -1.12083378  1.48450875],queued,[ 0.50568378 -0.03156594 -0.11489306]
604.0070209503174,1000,False,6,2,[8.89614054 9.07224375 1.28273602],queued,[-0.82138112 -0.19970136 -0.21083176]
604.0070209503174,1001,False,3,6,[-0.8718183  -8.01817883  1.34700753],queued,[-0.48080528  0.59740651 -0.20557775]
604.0070209503174,1002,False,1,5,[ 7.63893899 -4.08174517  3.99628727],cruising,[ 0.5677905  -0.59831228 -0.99408226]
604.0070209503174,1003,False,4,0,[1.72223881 6.81247311 4.        ],exiting,[ 0.63925976  0.24903542 -0.34837281]
604.0070209503174,1004,False,5,4,[ 8.66317868 -7.10487968  4.        ],landing,[-0.62185191  0.08809385  0.93462812]
604.0070209503174,1005,False,2,1,[-7.4494252  -1.12083378  1.55950875],queued,[ 0.50568378 -0.03156594 -0.11489306]
604.106826543808,1000,False,6,2,[8.89614054 9.07224375 1.30273602],queued,[-0.82138112 -0.19970136 -0.21083176]
604.106826543808,1001,False,3,6,[-0.8718183  -8.01817883  1.40700753],queued,[-0.48080528  0.59740651 -0.20557775]
604.106826543808,1002,False,1,5,[ 7.51594015 -4.2393825   3.99684925],cruising,[ 0.5677905  -0.59831228 -0.99408226]
604.106826543808,1003,False,4,0,[1.75073503 6.90832699 4.        ],exiting,[ 0.63925976  0.24903542 -0.34837281]
604.106826543808,1004,False,5,4,[ 8.68488437 -7.18842837  3.98583748],landing,[-0.62185191  0.08809385  0.93462812]
604.106826543808,1005,False,2,1,[-7.4494252  -1.12083378  1.63450875],queued,[ 0.50568378 -0.03156594 -0.11489306]
604.2074451446533,1000,False,6,2,[8.89614054 9.07224375 1.34273602],queued,[-0.82138112 -0.19970136 -0.21083176]
604.2074451446533,1001,False,3,6,[-0.8718183  -8.01817883  1.48200753],queued,[-0.48080528  0.59740651 -0.20557775]
604.2074451446533,1002,False,1,5,[ 7.37859113 -4.38308889  3.99737025],cruising,[ 0.5677905  -0.59831228 -0.99408226]
604.2074451446533,1003,False,4,0,[1.77923126 7.00418086 4.        ],exiting,[ 0.63925976  0.24903542 -0.34837281]
604.2074451446533,1004,False,5,4,[ 8.69949565 -7.25958157  3.9576742 ],landing,[-0.62185191  0.08809385  0.93462812]
604.2074451446533,1005,False,2,1,[-7.4494252  -1.12083378  1.70950875],queued,[ 0.50568378 -0.03156594 -0.11489306]
604.3068542480469,1000,False,6,2,[8.89614054 9.07224375 1.40273602],queued,[-0.82138112 -0.19970136 -0.21083176]
604.3068542480469,1001,False,3,6,[-0.8718183  -8.01817883  1.55700753],queued,[-0.48080528  0.59740651 -0.20557775]
604.3068542480469,1002,False,1,5,[ 7.22867365 -4.51123791  3.99785086],cruising,[ 0.5677905  -0.59831228 -0.99408226]
604.3068542480469,1003,False,4,0,[1.80772748 7.10003474 4.        ],exiting,[ 0.63925976  0.24903542 -0.34837281]
604.3068542480469,1004,False,5,4,[ 8.70699684 -7.3181304   3.91570598],landing,[-0.62185191  0.08809385  0.93462812]
604.3068542480469,1005,False,2,1,[-7.4494252  -1.12083378  1.78450875],queued,[ 0.50568378 -0.03156594 -0.11489306]
604.4066343307495,1000,False,6,2,[8.89614054 9.07224375 1.47773602],queued,[-0.82138112 -0.19970136 -0.21083176]
604.4066343307495,1001,False,3,6,[-0.8718183  -8.01817883  1.63200753],queued,[-0.48080528  0.59740651 -0.20557775]
604.4066343307495,1002,False,1,5,[ 7.0682094  -4.62239386  3.99829241],cruising,[ 0.5677905  -0.59831228 -0.99408226]
604.4066343307495,1003,False,4,0,[1.83622371 7.19588861 4.        ],exiting,[ 0.63925976  0.24903542 -0.34837281]
604.4066343307495,1004,False,5,4,[ 8.70736846 -7.36378681  3.86021168],landing,[-0.62185191  0.08809385  0.93462812]
604.4066343307495,1005,False,2,1,[-7.4494252  -1.12083378  1.85950875],queued,[ 0.50568378 -0.03156594 -0.11489306]
604.5066828727722,1000,False,6,2,[8.89614054 9.07224375 1.55273602],entering,[-0.82138112 -0.19970136 -0.21083176]
604.5066828727722,1001,False,3,6,[-0.8718183  -8.01817883  1.70700753],queued,[-0.48080528  0.59740651 -0.20557775]
604.5066828727722,1002,False,1,5,[ 6.899361   -4.71539204  3.99869588],cruising,[ 0.5677905  -0.59831228 -0.99408226]
604.5066828727722,1003,False,4,0,[1.86471993 7.29174249 4.        ],exiting,[ 0.63925976  0.24903542 -0.34837281]
604.5066828727722,1004,False,5,4,[ 8.70059673 -7.39631931  3.79142319],landing,[-0.62185191  0.08809385  0.93462812]
604.5066828727722,1005,False,2,1,[-7.4494252  -1.12083378  1.93450875],queued,[ 0.50568378 -0.03156594 -0.11489306]
604.607058763504,1000,False,6,2,[8.89191306 9.05269564 1.62773602],entering,[-0.82138112 -0.19970136 -0.21083176]
604.607058763504,1001,False,3,6,[-0.8718183  -8.01817883  1.78200753],queued,[-0.48080528  0.59740651 -0.20557775]
604.607058763504,1002,False,1,5,[ 6.72434855 -4.78936385  3.99906158],cruising,[ 0.5677905  -0.59831228 -0.99408226]
604.607058763504,1003,False,4,0,[1.89321616 7.38759636 4.        ],exiting,[ 0.63925976  0.24903542 -0.34837281]
604.607058763504,1004,False,5,4,[ 8.68667015 -7.41550778  3.70956776],landing,[-0.62185191  0.08809385  0.93462812]
604.607058763504,1005,False,2,1,[-7.4494252  -1.12083378  2.00950875],queued,[ 0.50568378 -0.03156594 -0.11489306]
604.7071688175201,1000,False,6,2,[8.88345808 9.01359943 1.70273602],entering,[-0.82138112 -0.19970136 -0.21083176]
604.7071688175201,1001,False,3,6,[-0.8718183  -8.01817883  1.85700753],entering,[-0.48080528  0.59740651 -0.20557775]
604.7071688175201,1002,False,1,5,[ 6.54541896 -4.84372304  3.99938929],cruising,[ 0.5677905  -0.59831228 -0.99408226]
604.7071688175201,1003,False,4,0,[1.92171238 7.48345023 4.        ],exiting,[ 0.63925976  0.24903542 -0.34837281]
604.7071688175201,1004,False,5,4,[ 8.66557881 -7.42113027  3.61488149],landing,[-0.62185191  0.08809385  0.93462812]
604.7071688175201,1005,False,2,1,[-7.4494252  -1.12083378  2.08450875],queued,[ 0.50568378 -0.03156594 -0.11489306]
604.807510137558,1000,False,6,2,[8.87077562 8.95495512 1.77773602],entering,[-0.82138112 -0.19970136 -0.21083176]
604.807510137558,1001,False,3,6,[-0.87830559 -7.99926019  1.93200753],entering,[-0.48080528  0.59740651 -0.20557775]
604.807510137558,1002,False,1,5,[ 6.36483596 -4.87815073  3.99967817],cruising,[ 0.5677905  -0.59831228 -0.99408226]
604.807510137558,1003,False,4,0,[1.95020861 7.57930411 4.        ],exiting,[ 0.63925976  0.24903542 -0.34837281]
604.807510137558,1004,False,5,4,[ 8.64295729 -7.42381087  3.51751065],landing,[-0.62185191  0.08809385  0.93462812]
604.807510137558,1005,False,2,1,[-7.4494252  -1.12083378  2.15950875],entering,[ 0.50568378 -0.03156594 -0.11489306]
604.9206275939941,1000,False,6,2,[8.85386568 8.87676271 1.85273602],entering,[-0.82138112 -0.19970136 -0.21083176]
604.9206275939941,1001,False,3,6,[-0.89128016 -7.9614229   2.00700753],entering,[-0.48080528  0.59740651 -0.20557775]
604.9206275939941,1002,False,1,5,[ 6.18423123 -4.89257847  3.99992699],cruising,[ 0.5677905  -0.59831228 -0.99408226]
604.9206275939941,1003,False,4,0,[1.97870483 7.67515798 4.        ],exiting,[ 0.63925976  0.24903542 -0.34837281]
604.9206275939941,1004,False,5,4,[ 8.62033577 -7.42649147  3.4201398 ],landing,[-0.62185191  0.08809385  0.93462812]
604.9206275939941,1005,False,2,1,[-7.43634564 -1.10570351  2.23450875],entering,[ 0.50568378 -0.03156594 -0.11489306]
605.0186648368835,1000,False,6,2,[8.83273048 8.77902171 1.92773602],entering,[-0.82138112 -0.19970136 -0.21083176]
605.0186648368835,1001,False,3,6,[-0.91074202 -7.90466696  2.08200753],entering,[-0.48080528  0.59740651 -0.20557775]
605.0186648368835,1002,False,1,5,[ 6.00450911 -4.88702575  4.00013255],cruising,[ 0.5677905  -0.59831228 -0.99408226]
605.0186648368835,1003,False,4,0,[2.00720106 7.77101186 4.        ],exiting,[ 0.63925976  0.24903542 -0.34837281]
605.0186648368835,1004,False,5,4,[ 8.59771425 -7.42917208  3.32276896],landing,[-0.62185191  0.08809385  0.93462812]
605.0186648368835,1005,False,2,1,[-7.41020143 -1.07543008  2.30950875],entering,[ 0.50568378 -0.03156594 -0.11489306]
605.106929063797,1000,False,6,2,[8.80752721 8.6616988  2.00273602],entering,[-0.82138112 -0.19970136 -0.21083176]
605.106929063797,1001,False,3,6,[-0.93669116 -7.82899238  2.15700753],entering,[-0.48080528  0.59740651 -0.20557775]
605.106929063797,1002,False,1,5,[ 5.82685208 -4.86157997  4.00029372],cruising,[ 0.5677905  -0.59831228 -0.99408226]
605.106929063797,1003,False,4,0,[2.03569728 7.86686573 4.        ],exiting,[ 0.63925976  0.24903542 -0.34837281]
605.106929063797,1004,False,5,4,[ 8.57509273 -7.43185268  3.22539812],landing,[-0.62185191  0.08809385  0.93462812]
605.106929063797,1005,False,2,1,[-7.37102562 -1.02998507  2.38450875],entering,[ 0.50568378 -0.03156594 -0.11489306]
605.2076034545898,1000,False,6,2,[8.77850123 8.52474463 2.07773602],entering,[-0.82138112 -0.19970136 -0.21083176]
605.2076034545898,1001,False,3,6,[-0.96912758 -7.73439916  2.23200753],entering,[-0.48080528  0.59740651 -0.20557775]
605.2076034545898,1002,False,1,5,[ 5.65177114 -4.81630086  4.00040714],cruising,[ 0.5677905  -0.59831228 -0.99408226]
605.2076034545898,1003,False,4,0,[2.0641935 7.9627196 4.       ],exiting,[ 0.63925976  0.24903542 -0.34837281]
605.2076034545898,1004,False,5,4,[ 8.55247121 -7.43453329  3.12802727],landing,[-0.62185191  0.08809385  0.93462812]
605.2076034545898,1005,False,2,1,[-7.31888127 -0.96931452  2.45950875],entering,[ 0.50568378 -0.03156594 -0.11489306]
605.3064873218536,1000,False,6,2,[8.74605606 8.36808489 2.15273602],entering,[-0.82138112 -0.19970136 -0.21083176]
605.3064873218536,1001,False,3,6,[-1.0080513  -7.62088729  2.30700753],entering,[-0.48080528  0.59740651 -0.20557775]
605.3064873218536,1002,False,1,5,[ 5.4799753  -4.75129344  4.00047139],cruising,[ 0.5677905  -0.59831228 -0.99408226]
605.3064873218536,1003,False,4,0,[2.09268973 8.05857348 4.        ],exiting,[ 0.63925976  0.24903542 -0.34837281]
605.3064873218536,1004,False,5,4,[ 8.5298497  -7.43721389  3.03065643],landing,[-0.62185191  0.08809385  0.93462812]
605.3064873218536,1005,False,2,1,[-7.25389204 -0.89331396  2.53450875],entering,[ 0.50568378 -0.03156594 -0.11489306]
605.4070122241974,1000,False,6,2,[8.71054459 8.19166161 2.22773602],entering,[-0.82138112 -0.19970136 -0.21083176]
605.4070122241974,1001,False,3,6,[-1.0534623  -7.48845677  2.38200753],entering,[-0.48080528  0.59740651 -0.20557775]
605.4070122241974,1002,False,1,5,[ 5.31121872 -4.66651838  4.00048132],cruising,[ 0.5677905  -0.59831228 -0.99408226]
605.4070122241974,1003,False,4,0,[2.12118595 8.15442735 4.        ],exiting,[ 0.63925976  0.24903542 -0.34837281]
605.4070122241974,1004,False,5,4,[ 8.50722818 -7.43989449  2.93328558],landing,[-0.62185191  0.08809385  0.93462812]
605.4070122241974,1005,False,2,1,[-7.17637579 -0.80172258  2.60950875],entering,[ 0.50568378 -0.03156594 -0.11489306]
605.5174734592438,1000,False,6,2,[8.67200461 7.99546896 2.30273602],entering,[-0.82138112 -0.19970136 -0.21083176]
605.5174734592438,1001,False,3,6,[-1.10536058 -7.33710762  2.45700753],entering,[-0.48080528  0.59740651 -0.20557775]
605.5174734592438,1002,False,1,5,[ 5.14490612 -4.56189329  4.00043251],cruising,[ 0.5677905  -0.59831228 -0.99408226]
605.5174734592438,1003,False,4,0,[2.14968218 8.25028123 4.        ],exiting,[ 0.63925976  0.24903542 -0.34837281]
605.5174734592438,1004,False,5,4,[ 8.48460666 -7.4425751   2.83591474],landing,[-0.62185191  0.08809385  0.93462812]
605.5174734592438,1005,False,2,1,[-7.08665692 -0.69428518  2.68450875],entering,[ 0.50568378 -0.03156594 -0.11489306]
605.6116983890533,1000,False,6,2,[8.63345599 7.7992191  2.37773602],entering,[-0.82138112 -0.19970136 -0.21083176]
605.6116983890533,1001,False,3,6,[-1.16374615 -7.16683981  2.53200753],entering,[-0.48080528  0.59740651 -0.20557775]
605.6116983890533,1002,False,1,5,[ 4.97492445 -4.45650719  4.00036764],cruising,[ 0.5677905  -0.59831228 -0.99408226]
605.6116983890533,1003,False,4,0,[2.1781784 8.3461351 4.       ],exiting,[ 0.63925976  0.24903542 -0.34837281]
605.6116983890533,1004,False,5,4,[ 8.46198514 -7.4452557   2.7385439 ],landing,[-0.62185191  0.08809385  0.93462812]
605.6116983890533,1005,False,2,1,[-6.98528481 -0.57059349  2.75950875],entering,[ 0.50568378 -0.03156594 -0.11489306]
605.7086756229401,1000,False,6,2,[8.59546377 7.60286078 2.45273602],entering,[-0.82138112 -0.19970136 -0.21083176]
605.7086756229401,1001,False,3,6,[-1.22987082 -6.97813003  2.60700753],entering,[-0.48080528  0.59740651 -0.20557775]
605.7086756229401,1002,False,1,5,[ 4.80171888 -4.35650804  4.00031249],cruising,[ 0.5677905  -0.59831228 -0.99408226]
605.7086756229401,1003,False,4,0,[2.20667463 8.44198897 4.        ],exiting,[ 0.63925976  0.24903542 -0.34837281]
605.7086756229401,1004,False,5,4,[ 8.43936362 -7.44793631  2.64117305],landing,[-0.62185191  0.08809385  0.93462812]
605.7086756229401,1005,False,2,1,[-6.87343566 -0.42986562  2.83450875],entering,[ 0.50568378 -0.03156594 -0.11489306]
605.8135726451874,1000,False,6,2,[8.56006064 7.40601918 2.52773602],entering,[-0.82138112 -0.19970136 -0.21083176]
605.8135726451874,1001,False,3,6,[-1.29601127 -6.78938301  2.68200753],entering,[-0.48080528  0.59740651 -0.20557775]
605.8135726451874,1002,False,1,5,[ 4.62501589 -4.26282743  4.00026562],cruising,[ 0.5677905  -0.59831228 -0.99408226]
605.8135726451874,1003,False,4,0,[2.23517085 8.53784285 4.        ],exiting,[ 0.63925976  0.24903542 -0.34837281]
605.8135726451874,1004,False,5,4,[ 8.4167421  -7.45061691  2.54380221],landing,[-0.62185191  0.08809385  0.93462812]
605.8135726451874,1005,False,2,1,[-6.75376272 -0.27073155  2.90950875],entering,[ 0.50568378 -0.03156594 -0.11489306]
605.9198668003082,1000,False,6,2,[8.52588406 7.20896091 2.60273602],entering,[-0.82138112 -0.19970136 -0.21083176]
605.9198668003082,1001,False,3,6,[-1.36215173 -6.60063598  2.75700753],entering,[-0.48080528  0.59740651 -0.20557775]
605.9198668003082,1002,False,1,5,[ 4.44647994 -4.17268913  4.00022577],cruising,[ 0.5677905  -0.59831228 -0.99408226]
605.9198668003082,1003,False,4,0,[2.26366708 8.63369672 4.        ],landing,[ 0.63925976  0.24903542 -0.34837281]
605.9198668003082,1004,False,5,4,[ 8.39412058 -7.45329751  2.44643136],landing,[-0.62185191  0.08809385  0.93462812]
605.9198668003082,1005,False,2,1,[-6.63699852 -0.10835507  2.98450875],entering,[ 0.50568378 -0.03156594 -0.11489306]
606.0221030712128,1000,False,6,2,[8.49170748 7.01190264 2.67773602],entering,[-0.82138112 -0.19970136 -0.21083176]
606.0221030712128,1001,False,3,6,[-1.42898327 -6.41213255  2.83200753],entering,[-0.48080528  0.59740651 -0.20557775]
606.0221030712128,1002,False,1,5,[ 4.26587763 -4.08676589  4.00019191],cruising,[ 0.5677905  -0.59831228 -0.99408226]
606.0221030712128,1003,False,4,0,[2.29124439 8.71525171 3.9860466 ],landing,[ 0.63925976  0.24903542 -0.34837281]
606.0221030712128,1004,False,5,4,[ 8.37149906 -7.45597812  2.34906052],landing,[-0.62185191  0.08809385  0.93462812]
606.0221030712128,1005,False,2,1,[-6.52376947  0.05650603  3.05950875],entering,[ 0.50568378 -0.03156594 -0.11489306]
606.1068670749664,1000,False,6,2,[8.45897499 6.81459936 2.75273602],entering,[-0.82138112 -0.19970136 -0.21083176]
606.1068670749664,1001,False,3,6,[-1.49644243 -6.2238528   2.90700753],entering,[-0.48080528  0.59740651 -0.20557775]
606.1068670749664,1002,False,1,5,[ 4.08425709 -4.00301636  4.00016312],cruising,[ 0.5677905  -0.59831228 -0.99408226]
606.1068670749664,1003,False,4,0,[2.31781808 8.78235485 3.95830419],landing,[ 0.63925976  0.24903542 -0.34837281]
606.1068670749664,1004,False,5,4,[ 8.34887755 -7.45865872  2.25168968],landing,[-0.62185191  0.08809385  0.93462812]
606.1068670749664,1005,False,2,1,[-6.41469164  0.22414262  3.13450875],entering,[ 0.50568378 -0.03156594 -0.11489306]
606.2096154689789,1000,False,6,2,[8.42983729 6.61673325 2.82773602],entering,[-0.82138112 -0.19970136 -0.21083176]
606.2096154689789,1001,False,3,6,[-1.56390158 -6.03557305  2.98200753],entering,[-0.48080528  0.59740651 -0.20557775]
606.2096154689789,1002,False,1,5,[ 3.90140037 -3.92200145  4.00013865],cruising,[ 0.5677905  -0.59831228 -0.99408226]
606.2096154689789,1003,False,4,0,[2.34328778 8.83482734 3.9169704 ],landing,[ 0.63925976  0.24903542 -0.34837281]
606.2096154689789,1004,False,5,4,[ 8.32625603 -7.46133933  2.15431883],landing,[-0.62185191  0.08809385  0.93462812]
606.2096154689789,1005,False,2,1,[-6.31030391  0.39473923  3.20950875],entering,[ 0.50568378 -0.03156594 -0.11489306]
606.307008266449,1000,False,6,2,[8.40069959 6.41886715 2.90273602],entering,[-0.82138112 -0.19970136 -0.21083176]
606.307008266449,1001,False,3,6,[-1.6326343  -5.84775449  3.05700753],entering,[-0.48080528  0.59740651 -0.20557775]
606.307008266449,1002,False,1,5,[ 3.71792251 -3.84240324  4.00011786],cruising,[ 0.5677905  -0.59831228 -0.99408226]
606.307008266449,1003,False,4,0,[2.3675159  8.87242823 3.86232144],landing,[ 0.63925976  0.24903542 -0.34837281]
606.307008266449,1004,False,5,4,[ 8.30363451 -7.46401993  2.05694799],landing,[-0.62185191  0.08809385  0.93462812]
606.307008266449,1005,False,2,1,[-6.21130964  0.56852109  3.28450875],entering,[ 0.50568378 -0.03156594 -0.11489306]
606.421247959137,1000,False,6,2,[8.37402605 6.22065383 2.97773602],entering,[-0.82138112 -0.19970136 -0.21083176]
606.421247959137,1001,False,3,6,[-1.70136701 -5.65993592  3.13200753],entering,[-0.48080528  0.59740651 -0.20557775]
606.421247959137,1002,False,1,5,[ 3.53365868 -3.76464179  4.00010018],cruising,[ 0.5677905  -0.59831228 -0.99408226]
606.421247959137,1003,False,4,0,[2.39038189 8.89495039 3.79460433],landing,[ 0.63925976  0.24903542 -0.34837281]
606.421247959137,1004,False,5,4,[ 8.28101299 -7.46670053  1.95957714],landing,[-0.62185191  0.08809385  0.93462812]
606.421247959137,1005,False,2,1,[-6.11854172  0.74570493  3.35950875],entering,[ 0.50568378 -0.03156594 -0.11489306]
606.5173096656799,1000,False,6,2,[8.35054126 6.02203745 3.05273602],entering,[-0.82138112 -0.19970136 -0.21083176]
606.5173096656799,1001,False,3,6,[-1.77123852 -5.47253802  3.20700753],entering,[-0.48080528  0.59740651 -0.20557775]
606.5173096656799,1002,False,1,5,[ 3.34891038 -3.6880385   4.00008515],cruising,[ 0.5677905  -0.59831228 -0.99408226]
606.5173096656799,1003,False,4,0,[2.41177538 8.90220755 3.71404932],landing,[ 0.63925976  0.24903542 -0.34837281]
606.5173096656799,1004,False,5,4,[ 8.25839147 -7.46938114  1.8622063 ],landing,[-0.62185191  0.08809385  0.93462812]
606.5173096656799,1005,False,2,1,[-6.03296926  0.92647371  3.43450875],entering,[ 0.50568378 -0.03156594 -0.11489306]
606.6066615581512,1000,False,6,2,[8.32821055 5.82328801 3.12773602],entering,[-0.82138112 -0.19970136 -0.21083176]
606.6066615581512,1001,False,3,6,[-1.84041994 -5.28488427  3.28200753],entering,[-0.48080528  0.59740651 -0.20557775]
606.6066615581512,1002,False,1,5,[ 3.16361547 -3.61276702  4.00007238],cruising,[ 0.5677905  -0.59831228 -0.99408226]
606.6066615581512,1003,False,4,0,[2.43158373 8.89401289 3.62089557],landing,[ 0.63925976  0.24903542 -0.34837281]
606.6066615581512,1004,False,5,4,[ 8.23576995 -7.47206174  1.76483546],landing,[-0.62185191  0.08809385  0.93462812]
606.6066615581512,1005,False,2,1,[-5.95574812  1.11096463  3.50950875],entering,[ 0.50568378 -0.03156594 -0.11489306]
606.7143883705139,1000,False,6,2,[8.31082842 5.62404479 3.20273602],entering,[-0.82138112 -0.19970136 -0.21083176]
606.7143883705139,1001,False,3,6,[-1.91131704 -5.09787197  3.35700753],entering,[-0.48080528  0.59740651 -0.20557775]
606.7143883705139,1002,False,1,5,[ 2.97778655 -3.5388237   4.00006152],cruising,[ 0.5677905  -0.59831228 -0.99408226]
606.7143883705139,1003,False,4,0,[2.45083231 8.88067022 3.52367692],landing,[ 0.63925976  0.24903542 -0.34837281]
606.7143883705139,1004,False,5,4,[ 8.21314843 -7.47474234  1.66746461],landing,[-0.62185191  0.08809385  0.93462812]
606.7143883705139,1005,False,2,1,[-5.88822671  1.29922205  3.58308244],entering,[ 0.50568378 -0.03156594 -0.11489306]
606.8064758777618,1000,False,6,2,[8.29606856 5.42459017 3.27773602],entering,[-0.82138112 -0.19970136 -0.21083176]
606.8064758777618,1001,False,3,6,[-1.98283182 -4.911095    3.43200753],entering,[-0.48080528  0.59740651 -0.20557775]
606.8064758777618,1002,False,1,5,[ 2.79134142 -3.46644819  4.00005229],cruising,[ 0.5677905  -0.59831228 -0.99408226]
606.8064758777618,1003,False,4,0,[2.47008089 8.86732756 3.42645827],landing,[ 0.63925976  0.24903542 -0.34837281]
606.8064758777618,1004,False,5,4,[ 8.19052691 -7.47742295  1.57009377],landing,[-0.62185191  0.08809385  0.93462812]
606.8064758777618,1005,False,2,1,[-5.83192111  1.49113265  3.64562007],entering,[ 0.50568378 -0.03156594 -0.11489306]
606.9137101173401,1000,False,6,2,[8.28497051 5.22489832 3.35273602],entering,[-0.82138112 -0.19970136 -0.21083176]
606.9137101173401,1001,False,3,6,[-2.05460887 -4.72441866  3.50700753],entering,[-0.48080528  0.59740651 -0.20557775]
606.9137101173401,1002,False,1,5,[ 2.6043994  -3.39536597  4.00004445],cruising,[ 0.5677905  -0.59831228 -0.99408226]
606.9137101173401,1003,False,4,0,[2.48932947 8.85398489 3.32923963],landing,[ 0.63925976  0.24903542 -0.34837281]
606.9137101173401,1004,False,5,4,[ 8.1679054  -7.48010355  1.47272292],fake_landed,[-0.62185191  0.08809385  0.93462812]
606.9137101173401,1005,False,2,1,[-5.78843603  1.68634804  3.69877706],entering,[ 0.50568378 -0.03156594 -0.11489306]
607.0153429508209,1000,False,6,2,[8.28000626 5.02495994 3.42773602],entering,[-0.82138112 -0.19970136 -0.21083176]
607.0153429508209,1001,False,3,6,[-2.12627942 -4.53770141  3.5809564 ],entering,[-0.48080528  0.59740651 -0.20557775]
607.0153429508209,1002,False,1,5,[ 2.41665661 -3.32642656  4.00003778],cruising,[ 0.5677905  -0.59831228 -0.99408226]
607.0153429508209,1003,False,4,0,[2.50857805 8.84064223 3.23202098],landing,[ 0.63925976  0.24903542 -0.34837281]
607.0153429508209,1004,False,5,4,[ 8.14980818 -7.48224804  1.39482625],fake_landed,[-0.62185191  0.08809385  0.93462812]
607.0153429508209,1005,False,2,1,[-5.75930699  1.88421542  3.7439605 ],entering,[ 0.50568378 -0.03156594 -0.11489306]
607.1215682029724,1000,False,6,2,[8.28044018 4.82496041 3.50273602],entering,[-0.82138112 -0.19970136 -0.21083176]
607.1215682029724,1001,False,3,6,[-2.19585088 -4.35019191  3.64381294],entering,[-0.48080528  0.59740651 -0.20557775]
607.1215682029724,1002,False,1,5,[ 2.22797033 -3.26011301  4.00003211],cruising,[ 0.5677905  -0.59831228 -0.99408226]
607.1215682029724,1003,False,4,0,[2.52782663 8.82729956 3.13480233],landing,[ 0.63925976  0.24903542 -0.34837281]
607.1215682029724,1004,False,5,4,[ 8.13623527 -7.4838564   1.33640374],fake_landed,[-0.62185191  0.08809385  0.93462812]
607.1215682029724,1005,False,2,1,[-5.74575858  2.08375599  3.78236643],entering,[ 0.50568378 -0.03156594 -0.11489306]
607.2067770957947,1000,False,6,2,[8.28499229 4.62501222 3.57732561],entering,[-0.82138112 -0.19970136 -0.21083176]
607.2067770957947,1001,False,3,6,[-2.26543119 -4.1626857   3.697241  ],entering,[-0.48080528  0.59740651 -0.20557775]
607.2067770957947,1002,False,1,5,[ 2.03867812 -3.19554938  4.0000273 ],cruising,[ 0.5677905  -0.59831228 -0.99408226]
607.2067770957947,1003,False,4,0,[2.54707521 8.81395689 3.03758368],landing,[ 0.63925976  0.24903542 -0.34837281]
607.2067770957947,1004,False,5,4,[ 8.12718666 -7.48492864  1.2974554 ],fake_landed,[-0.62185191  0.08809385  0.93462812]
607.2067770957947,1005,False,2,1,[-5.74756574  2.28374783  3.81501146],entering,[ 0.50568378 -0.03156594 -0.11489306]
607.3074550628662,1000,False,6,2,[8.29437279 4.42523233 3.64072677],entering,[-0.82138112 -0.19970136 -0.21083176]
607.3074550628662,1001,False,3,6,[-2.32726308 -3.97248365  3.74265485],entering,[-0.48080528  0.59740651 -0.20557775]
607.3074550628662,1002,False,1,5,[ 1.84810857 -3.13485963  4.0000232 ],cruising,[ 0.5677905  -0.59831228 -0.99408226]
607.3074550628662,1003,False,4,0,[2.56632379 8.80061423 2.94036504],landing,[ 0.63925976  0.24903542 -0.34837281]
607.3074550628662,1004,False,5,4,[ 8.12266236 -7.48546476  1.27798124],fake_landed,[-0.62185191  0.08809385  0.93462812]
607.3074550628662,1005,False,2,1,[-5.7653754   2.48295329  3.84275974],cruising,[ 0.50568378 -0.03156594 -0.11489306]
607.4138140678406,1000,False,6,2,[8.30664915 4.22560946 3.69461776],entering,[-0.82138112 -0.19970136 -0.21083176]
607.4138140678406,1001,False,3,6,[-2.38796178 -3.78191695  3.78125662],entering,[-0.48080528  0.59740651 -0.20557775]
607.4138140678406,1002,False,1,5,[ 1.65607789 -3.07896494  4.00001972],cruising,[ 0.5677905  -0.59831228 -0.99408226]
607.4138140678406,1003,False,4,0,[2.58557237 8.78727156 2.84314639],landing,[ 0.63925976  0.24903542 -0.34837281]
607.4138140678406,1004,False,4,3,[ 8.12266236 -7.48546476  1.27798124],waiting,[-0.62185191  0.08809385  0.93462812]
607.4138140678406,1005,False,2,1,[-5.79698806  2.68043909  3.86634578],cruising,[ 0.50568378 -0.03156594 -0.11489306]
607.5168540477753,1000,False,6,2,[8.3161493  4.02583522 3.74042509],entering,[-0.82138112 -0.19970136 -0.21083176]
607.5168540477753,1001,False,3,6,[-2.44865796 -3.59134945  3.81406813],cruising,[-0.48080528  0.59740651 -0.20557775]
607.5168540477753,1002,False,1,5,[ 1.46239385 -3.02910018  4.00001676],cruising,[ 0.5677905  -0.59831228 -0.99408226]
607.5168540477753,1003,False,4,0,[2.60482094 8.7739289  2.74592774],landing,[ 0.63925976  0.24903542 -0.34837281]
607.5168540477753,1004,False,4,3,[ 8.12266236 -7.48546476  1.27798124],waiting,[-0.62185191  0.08809385  0.93462812]
607.5168540477753,1005,False,2,1,[-5.84183165  2.87534689  3.88639391],cruising,[ 0.50568378 -0.03156594 -0.11489306]
607.6172206401825,1000,False,6,2,[8.33089718 3.82637971 3.77936133],cruising,[-0.82138112 -0.19970136 -0.21083176]
607.6172206401825,1001,False,3,6,[-2.50330331 -3.39895952  3.84195791],cruising,[-0.48080528  0.59740651 -0.20557775]
607.6172206401825,1002,False,1,5,[ 1.26688387 -2.9869594   4.00001425],cruising,[ 0.5677905  -0.59831228 -0.99408226]
607.6172206401825,1003,False,4,0,[2.62406952 8.76058623 2.64870909],landing,[ 0.63925976  0.24903542 -0.34837281]
607.6172206401825,1004,False,4,3,[ 8.12266236 -7.48546476  1.27798124],waiting,[-0.62185191  0.08809385  0.93462812]
607.6172206401825,1005,False,2,1,[-5.89621389  3.06781136  3.90343483],cruising,[ 0.50568378 -0.03156594 -0.11489306]
607.7142972946167,1000,False,6,2,[8.33987019 3.6265811  3.81245713],cruising,[-0.82138112 -0.19970136 -0.21083176]
607.7142972946167,1001,False,3,6,[-2.5530813  -3.20525316  3.86566422],cruising,[-0.48080528  0.59740651 -0.20557775]
607.7142972946167,1002,False,1,5,[ 1.06946768 -2.9549149   4.00001211],cruising,[ 0.5677905  -0.59831228 -0.99408226]
607.7142972946167,1003,False,4,0,[2.6433181  8.74724357 2.55149044],landing,[ 0.63925976  0.24903542 -0.34837281]
607.7142972946167,1004,False,4,3,[ 8.12266236 -7.48546476  1.27798124],waiting,[-0.62185191  0.08809385  0.93462812]
607.7142972946167,1005,False,2,1,[-5.95769665  3.25812655  3.9179196 ],cruising,[ 0.50568378 -0.03156594 -0.11489306]
607.8092789649963,1000,False,6,2,[8.3472419  3.426717   3.84058856],cruising,[-0.82138112 -0.19970136 -0.21083176]
607.8092789649963,1001,False,3,6,[-2.59578138 -3.00986457  3.88581459],cruising,[-0.48080528  0.59740651 -0.20557775]
607.8092789649963,1002,False,1,5,[ 0.86987736 -2.94275188  4.00001028],cruising,[ 0.5677905  -0.59831228 -0.99408226]
607.8092789649963,1003,False,4,0,[2.66256668 8.7339009  2.4542718 ],landing,[ 0.63925976  0.24903542 -0.34837281]
607.8092789649963,1004,False,4,3,[ 8.12266236 -7.48546476  1.27798124],waiting,[-0.62185191  0.08809385  0.93462812]
607.8092789649963,1005,False,2,1,[-6.02389006  3.44685501  3.93023166],cruising,[ 0.50568378 -0.03156594 -0.11489306]
607.9075284004211,1000,False,6,2,[8.36071343 3.22717122 3.86450028],cruising,[-0.82138112 -0.19970136 -0.21083176]
607.9075284004211,1001,False,3,6,[-2.63797857 -2.81436675  3.9029424 ],cruising,[-0.48080528  0.59740651 -0.20557775]
607.9075284004211,1002,False,1,5,[ 0.66987875 -2.94200663  4.00000874],cruising,[ 0.5677905  -0.59831228 -0.99408226]
607.9075284004211,1003,False,4,0,[2.68181526 8.72055823 2.35705315],landing,[ 0.63925976  0.24903542 -0.34837281]
607.9075284004211,1004,False,4,3,[ 8.12266236 -7.48546476  1.27798124],waiting,[-0.62185191  0.08809385  0.93462812]
607.9075284004211,1005,False,2,1,[-6.09251918  3.63471145  3.94069691],cruising,[ 0.50568378 -0.03156594 -0.11489306]
608.0117771625519,1000,False,6,2,[8.37283065 3.02753862 3.88482523],cruising,[-0.82138112 -0.19970136 -0.21083176]
608.0117771625519,1001,False,3,6,[-2.67765171 -2.61834113  3.91750104],cruising,[-0.48080528  0.59740651 -0.20557775]
608.0117771625519,1002,False,1,5,[ 0.4704319  -2.95687123  4.00000743],cruising,[ 0.5677905  -0.59831228 -0.99408226]
608.0117771625519,1003,False,4,0,[2.70106384 8.70721557 2.2598345 ],landing,[ 0.63925976  0.24903542 -0.34837281]
608.0117771625519,1004,False,4,3,[ 8.12266236 -7.48546476  1.27798124],waiting,[-0.62185191  0.08809385  0.93462812]
608.0117771625519,1005,False,2,1,[-6.16140825  3.82247273  3.94959238],cruising,[ 0.50568378 -0.03156594 -0.11489306]
608.1072192192078,1000,False,6,2,[8.3843561  2.82787099 3.90210145],cruising,[-0.82138112 -0.19970136 -0.21083176]
608.1072192192078,1001,False,3,6,[-2.71889534 -2.42263992  3.92987588],cruising,[-0.48080528  0.59740651 -0.20557775]
608.1072192192078,1002,False,1,5,[ 0.27266125 -2.98664989  4.00000632],cruising,[ 0.5677905  -0.59831228 -0.99408226]
608.1072192192078,1003,False,4,0,[2.72031242 8.6938729  2.16261585],landing,[ 0.63925976  0.24903542 -0.34837281]
608.1072192192078,1004,False,4,3,[ 8.12266236 -7.48546476  1.27798124],waiting,[-0.62185191  0.08809385  0.93462812]
608.1072192192078,1005,False,2,1,[-6.22840988  4.01091577  3.95715352],cruising,[ 0.50568378 -0.03156594 -0.11489306]
608.2074146270752,1000,False,6,2,[8.39939589 2.62843728 3.91678623],cruising,[-0.82138112 -0.19970136 -0.21083176]
608.2074146270752,1001,False,3,6,[-2.76191926 -2.22732238  3.9403945 ],cruising,[-0.48080528  0.59740651 -0.20557775]
608.2074146270752,1002,False,1,5,[ 0.07851135 -3.03466882  4.00000537],cruising,[ 0.5677905  -0.59831228 -0.99408226]
608.2074146270752,1003,False,4,0,[2.739561   8.68053024 2.06539721],landing,[ 0.63925976  0.24903542 -0.34837281]
608.2074146270752,1004,False,4,3,[ 8.12266236 -7.48546476  1.27798124],waiting,[-0.62185191  0.08809385  0.93462812]
608.2074146270752,1005,False,2,1,[-6.29129855  4.20077102  3.96358049],cruising,[ 0.50568378 -0.03156594 -0.11489306]
608.3221147060394,1000,False,6,2,[8.41269582 2.42887999 3.9292683 ],cruising,[-0.82138112 -0.19970136 -0.21083176]
608.3221147060394,1001,False,3,6,[-2.80619802 -2.03228548  3.94933533],cruising,[-0.48080528  0.59740651 -0.20557775]
608.3221147060394,1002,False,1,5,[-0.11240905 -3.09424566  4.00000456],cruising,[ 0.5677905  -0.59831228 -0.99408226]
608.3221147060394,1003,False,4,0,[2.75880958 8.66718757 1.96817856],landing,[ 0.63925976  0.24903542 -0.34837281]
608.3221147060394,1004,False,4,3,[ 8.12266236 -7.48546476  1.27798124],waiting,[-0.62185191  0.08809385  0.93462812]
608.3221147060394,1005,False,2,1,[-6.34763665  4.39267209  3.96904342],cruising,[ 0.50568378 -0.03156594 -0.11489306]
608.4074170589447,1000,False,6,2,[8.4277092  2.22944429 3.93987805],cruising,[-0.82138112 -0.19970136 -0.21083176]
608.4074170589447,1001,False,3,6,[-2.85343843 -1.83794469  3.95693503],cruising,[-0.48080528  0.59740651 -0.20557775]
608.4074170589447,1002,False,1,5,[-0.29981337 -3.16409994  4.00000388],cruising,[ 0.5677905  -0.59831228 -0.99408226]
608.4074170589447,1003,False,4,0,[2.77805816 8.6538449  1.87095991],landing,[ 0.63925976  0.24903542 -0.34837281]
608.4074170589447,1004,False,4,3,[ 8.12266236 -7.48546476  1.27798124],waiting,[-0.62185191  0.08809385  0.93462812]
608.4074170589447,1005,False,2,1,[-6.38837721  4.58847864  3.97368691],cruising,[ 0.50568378 -0.03156594 -0.11489306]
608.5565640926361,1000,False,6,2,[8.44023969 2.02983721 3.94889634],cruising,[-0.82138112 -0.19970136 -0.21083176]
608.5565640926361,1001,False,3,6,[-2.90388955 -1.64441256  3.96339477],cruising,[-0.48080528  0.59740651 -0.20557775]
608.5565640926361,1002,False,1,5,[-0.4826451  -3.24517126  4.0000033 ],cruising,[ 0.5677905  -0.59831228 -0.99408226]
608.5565640926361,1003,False,4,0,[2.79730674 8.64050224 1.77374126],landing,[ 0.63925976  0.24903542 -0.34837281]
608.5565640926361,1004,False,4,3,[ 8.12266236 -7.48546476  1.27798124],waiting,[-0.62185191  0.08809385  0.93462812]
608.5565640926361,1005,False,2,1,[-6.41604262  4.78655596  3.97763387],cruising,[ 0.50568378 -0.03156594 -0.11489306]
608.659478187561,1000,False,6,2,[8.45329964 1.83026407 3.95656189],cruising,[-0.82138112 -0.19970136 -0.21083176]
608.659478187561,1001,False,3,6,[-2.95786713 -1.45183421  3.96888556],cruising,[-0.48080528  0.59740651 -0.20557775]
608.659478187561,1002,False,1,5,[-0.66208429 -3.3334978   4.0000028 ],cruising,[ 0.5677905  -0.59831228 -0.99408226]
608.659478187561,1003,False,4,0,[2.81655532 8.62715957 1.67652262],landing,[ 0.63925976  0.24903542 -0.34837281]
608.659478187561,1004,False,4,3,[ 8.12266236 -7.48546476  1.27798124],waiting,[-0.62185191  0.08809385  0.93462812]
608.659478187561,1005,False,2,1,[-6.4237599   4.9860089   3.98115722],cruising,[ 0.50568378 -0.03156594 -0.11489306]
608.7610037326813,1000,False,6,2,[8.46350403 1.63052456 3.96307761],cruising,[-0.82138112 -0.19970136 -0.21083176]
608.7610037326813,1001,False,3,6,[-3.0157321  -1.26038802  3.97355272],cruising,[-0.48080528  0.59740651 -0.20557775]
608.7610037326813,1002,False,1,5,[-0.83995788 -3.42493622  4.00000238],cruising,[ 0.5677905  -0.59831228 -0.99408226]
608.7610037326813,1003,False,4,0,[2.8358039  8.61381691 1.57930397],landing,[ 0.63925976  0.24903542 -0.34837281]
608.7610037326813,1004,False,4,3,[ 8.12266236 -7.48546476  1.27798124],waiting,[-0.62185191  0.08809385  0.93462812]
608.7610037326813,1005,False,2,1,[-6.41152312  5.18414158  3.98437586],cruising,[ 0.50568378 -0.03156594 -0.11489306]
608.869188785553,1000,False,6,2,[8.4734943  1.43077423 3.96861597],cruising,[-0.82138112 -0.19970136 -0.21083176]
608.869188785553,1001,False,3,6,[-3.07701716 -1.07000908  3.97751982],cruising,[-0.48080528  0.59740651 -0.20557775]
608.869188785553,1002,False,1,5,[-1.01863668 -3.51479103  4.00000202],cruising,[ 0.5677905  -0.59831228 -0.99408226]
608.869188785553,1003,False,4,0,[2.85505248 8.60047424 1.48208532],fake_landed,[ 0.63925976  0.24903542 -0.34837281]
608.869188785553,1004,False,4,3,[ 8.12266236 -7.48546476  1.27798124],waiting,[-0.62185191  0.08809385  0.93462812]
608.869188785553,1005,False,2,1,[-6.37966847  5.37839263  3.98732687],cruising,[ 0.50568378 -0.03156594 -0.11489306]
608.9628071784973,1000,False,6,2,[8.48275723 1.23098885 3.97332357],cruising,[-0.82138112 -0.19970136 -0.21083176]
608.9628071784973,1001,False,3,6,[-3.1429088  -0.88117504  3.98089184],cruising,[-0.48080528  0.59740651 -0.20557775]
608.9628071784973,1002,False,1,5,[-1.20198225 -3.59469349  4.00000172],cruising,[ 0.5677905  -0.59831228 -0.99408226]
608.9628071784973,1003,False,4,0,[2.87045134 8.58980011 1.4043104 ],fake_landed,[ 0.63925976  0.24903542 -0.34837281]
608.9628071784973,1004,False,4,3,[ 8.12266236 -7.48546476  1.27798124],waiting,[-0.62185191  0.08809385  0.93462812]
608.9628071784973,1005,False,2,1,[-6.32882483  5.56637038  3.99002414],cruising,[ 0.50568378 -0.03156594 -0.11489306]
609.0673177242279,1000,False,6,2,[8.48858513 1.03107378 3.97732504],cruising,[-0.82138112 -0.19970136 -0.21083176]
609.0673177242279,1001,False,3,6,[-3.21384564 -0.69417781  3.98375807],cruising,[-0.48080528  0.59740651 -0.20557775]
609.0673177242279,1002,False,1,5,[-1.39222794 -3.65582395  4.00000146],cruising,[ 0.5677905  -0.59831228 -0.99408226]
609.0673177242279,1003,False,4,0,[2.88200049 8.58179451 1.34597921],fake_landed,[ 0.63925976  0.24903542 -0.34837281]
609.0673177242279,1004,False,4,3,[ 8.12266236 -7.48546476  1.27798124],waiting,[-0.62185191  0.08809385  0.93462812]
609.0673177242279,1005,False,2,1,[-6.25988195  5.74584192  3.99247314],cruising,[ 0.50568378 -0.03156594 -0.11489306]
609.2813875675201,1000,False,6,2,[8.49344791 0.83113291 3.98072628],cruising,[-0.82138112 -0.19970136 -0.21083176]
609.2813875675201,1001,False,3,6,[-3.29024526 -0.50934519  3.98619436],cruising,[-0.48080528  0.59740651 -0.20557775]
609.2813875675201,1002,False,1,5,[-1.58622821 -3.69730999  4.00000121],cruising,[ 0.5677905  -0.59831228 -0.99408226]
609.2813875675201,1003,False,4,0,[2.88969992 8.57645744 1.30709175],fake_landed,[ 0.63925976  0.24903542 -0.34837281]
609.2813875675201,1004,False,4,3,[ 8.12266236 -7.48546476  1.27798124],waiting,[-0.62185191  0.08809385  0.93462812]
609.2813875675201,1005,False,2,1,[-6.17387753  5.91488107  3.99465871],cruising,[ 0.50568378 -0.03156594 -0.11489306]
609.436845779419,1000,False,6,2,[8.49703642 0.6311651  3.98361734],cruising,[-0.82138112 -0.19970136 -0.21083176]
609.436845779419,1001,False,3,6,[-3.37075966 -0.32626753  3.9882652 ],cruising,[-0.48080528  0.59740651 -0.20557775]
609.436845779419,1002,False,1,5,[-1.7808769  -3.71880654  4.00000098],cruising,[ 0.5677905  -0.59831228 -0.99408226]
609.436845779419,1003,False,0,4,[2.89354963 8.57378891 1.28764802],waiting,[ 0.63925976  0.24903542 -0.34837281]
609.436845779419,1004,False,4,3,[ 8.12266236 -7.48546476  1.27798124],queued,[-0.62185191  0.08809385  0.93462812]
609.436845779419,1005,False,2,1,[-6.0719745   6.07178901  3.99658372],cruising,[ 0.50568378 -0.03156594 -0.11489306]
609.5490062236786,1000,False,6,2,[8.49702662 0.4311651  3.98607474],cruising,[-0.82138112 -0.19970136 -0.21083176]
609.5490062236786,1001,False,3,6,[-3.45768382 -0.14614482  3.99002542],cruising,[-0.48080528  0.59740651 -0.20557775]
609.5490062236786,1002,False,1,5,[-1.97317988 -3.72044113  4.00000076],cruising,[ 0.5677905  -0.59831228 -0.99408226]
609.5490062236786,1003,False,0,4,[2.89354963 8.57378891 1.28764802],waiting,[ 0.63925976  0.24903542 -0.34837281]
609.5490062236786,1004,False,4,3,[ 8.12266236 -7.48546476  1.29798124],queued,[-0.62185191  0.08809385  0.93462812]
609.5490062236786,1005,False,2,1,[-5.95507236  6.21547003  3.99823484],cruising,[ 0.50568378 -0.03156594 -0.11489306]
609.6644620895386,1000,False,6,2,[8.4956999  0.2311695  3.98816353],cruising,[-0.82138112 -0.19970136 -0.21083176]
609.6644620895386,1001,False,3,6,[-3.55142925  0.03052378  3.99152161],cruising,[-0.48080528  0.59740651 -0.20557775]
609.6644620895386,1002,False,1,5,[-2.16024605 -3.7027735   4.00000056],cruising,[ 0.5677905  -0.59831228 -0.99408226]
609.6644620895386,1003,False,0,4,[2.89354963 8.57378891 1.28764802],waiting,[ 0.63925976  0.24903542 -0.34837281]
609.6644620895386,1004,False,4,3,[ 8.12266236 -7.48546476  1.33798124],queued,[-0.62185191  0.08809385  0.93462812]
609.6644620895386,1005,False,2,1,[-5.8240613   6.34497864  3.99960079],cruising,[ 0.50568378 -0.03156594 -0.11489306]
609.7700455188751,1000,False,6,2,[8.49283478 0.03119003 3.989939  ],cruising,[-0.82138112 -0.19970136 -0.21083176]
609.7700455188751,1001,False,3,6,[-3.65114386  0.20389332  3.99279337],cruising,[-0.48080528  0.59740651 -0.20557775]
609.7700455188751,1002,False,1,5,[-2.33975125 -3.66659015  4.00000037],cruising,[ 0.5677905  -0.59831228 -0.99408226]
609.7700455188751,1003,False,0,4,[2.89354963 8.57378891 1.28764802],queued,[ 0.63925976  0.24903542 -0.34837281]
609.7700455188751,1004,False,4,3,[ 8.12266236 -7.48546476  1.39798124],queued,[-0.62185191  0.08809385  0.93462812]
609.7700455188751,1005,False,2,1,[-5.67978736  6.45952032  4.0006718 ],cruising,[ 0.50568378 -0.03156594 -0.11489306]
609.8802547454834,1000,False,6,2,[ 8.4882558  -0.16875755  3.99144815],cruising,[-0.82138112 -0.19970136 -0.21083176]
609.8802547454834,1001,False,3,6,[-3.75760029  0.37320673  3.99387436],cruising,[-0.48080528  0.59740651 -0.20557775]
609.8802547454834,1002,False,1,5,[-2.50950292 -3.61294631  4.00000019],cruising,[ 0.5677905  -0.59831228 -0.99408226]
609.8802547454834,1003,False,0,4,[2.89354963 8.57378891 1.30764802],queued,[ 0.63925976  0.24903542 -0.34837281]
609.8802547454834,1004,False,4,3,[ 8.12266236 -7.48546476  1.47298124],queued,[-0.62185191  0.08809385  0.93462812]
609.8802547454834,1005,False,2,1,[-5.52301889  6.55844809  4.00143916],cruising,[ 0.50568378 -0.03156594 -0.11489306]
609.976478099823,1000,False,6,2,[ 8.47977845 -0.3685778   3.99273093],cruising,[-0.82138112 -0.19970136 -0.21083176]
609.976478099823,1001,False,3,6,[-3.86716299  0.54052682  3.99479321],cruising,[-0.48080528  0.59740651 -0.20557775]
609.976478099823,1002,False,1,5,[-2.66750432 -3.54311818  4.00000003],cruising,[ 0.5677905  -0.59831228 -0.99408226]
609.976478099823,1003,False,0,4,[2.89354963 8.57378891 1.34764802],queued,[ 0.63925976  0.24903542 -0.34837281]
609.976478099823,1004,False,4,3,[ 8.12266236 -7.48546476  1.54798124],queued,[-0.62185191  0.08809385  0.93462812]
609.976478099823,1005,False,2,1,[-5.35444588  6.64123407  4.00189667],cruising,[ 0.50568378 -0.03156594 -0.11489306]
610.0679843425751,1000,False,6,2,[ 8.46966286 -0.56832183  3.99382129],cruising,[-0.82138112 -0.19970136 -0.21083176]
610.0679843425751,1001,False,3,6,[-3.97917407  0.70621785  3.99557423],cruising,[-0.48080528  0.59740651 -0.20557775]
610.0679843425751,1002,False,1,5,[-2.81207486 -3.45847075  3.99999989],cruising,[ 0.5677905  -0.59831228 -0.99408226]
610.0679843425751,1003,False,0,4,[2.89354963 8.57378891 1.40764802],queued,[ 0.63925976  0.24903542 -0.34837281]
610.0679843425751,1004,False,4,3,[ 8.12266236 -7.48546476  1.62298124],queued,[-0.62185191  0.08809385  0.93462812]
610.0679843425751,1005,False,2,1,[-5.17491213  6.70729367  4.00205389],cruising,[ 0.50568378 -0.03156594 -0.11489306]
610.1776139736176,1000,False,6,2,[ 8.45772957 -0.7679655   3.99474809],cruising,[-0.82138112 -0.19970136 -0.21083176]
610.1776139736176,1001,False,3,6,[-4.09306885  0.87061974  3.99623809],cruising,[-0.48080528  0.59740651 -0.20557775]
610.1776139736176,1002,False,1,5,[-2.94175783 -3.36046815  3.99999976],cruising,[ 0.5677905  -0.59831228 -0.99408226]
610.1776139736176,1003,False,0,4,[2.89354963 8.57378891 1.48264802],queued,[ 0.63925976  0.24903542 -0.34837281]
610.1776139736176,1004,False,4,3,[ 8.12266236 -7.48546476  1.69798124],queued,[-0.62185191  0.08809385  0.93462812]
610.1776139736176,1005,False,2,1,[-4.9844346   6.75661606  4.0018956 ],cruising,[ 0.50568378 -0.03156594 -0.11489306]
610.2647264003754,1000,False,6,2,[ 8.44382461 -0.96748155  3.99553588],cruising,[-0.82138112 -0.19970136 -0.21083176]
610.2647264003754,1001,False,3,6,[-4.2083629   1.03404336  3.99680238],cruising,[-0.48080528  0.59740651 -0.20557775]
610.2647264003754,1002,False,1,5,[-3.05524909 -3.25072552  3.99999965],cruising,[ 0.5677905  -0.59831228 -0.99408226]
610.2647264003754,1003,False,0,4,[2.89354963 8.57378891 1.55764802],queued,[ 0.63925976  0.24903542 -0.34837281]
610.2647264003754,1004,False,4,3,[ 8.12266236 -7.48546476  1.77298124],queued,[-0.62185191  0.08809385  0.93462812]
610.2647264003754,1005,False,2,1,[-4.78943028  6.80103807  4.00161126],cruising,[ 0.50568378 -0.03156594 -0.11489306]
610.365113735199,1000,False,6,2,[ 8.42564022 -1.16665315  3.9962055 ],cruising,[-0.82138112 -0.19970136 -0.21083176]
610.365113735199,1001,False,3,6,[-4.3246387   1.19676994  3.99728202],cruising,[-0.48080528  0.59740651 -0.20557775]
610.365113735199,1002,False,1,5,[-3.1514467  -3.13093649  3.99999955],cruising,[ 0.5677905  -0.59831228 -0.99408226]
610.365113735199,1003,False,0,4,[2.89354963 8.57378891 1.63264802],queued,[ 0.63925976  0.24903542 -0.34837281]
610.365113735199,1004,False,4,3,[ 8.12266236 -7.48546476  1.84798124],queued,[-0.62185191  0.08809385  0.93462812]
610.365113735199,1005,False,2,1,[-4.59529115  6.8491005   4.00136957],cruising,[ 0.50568378 -0.03156594 -0.11489306]
610.4760458469391,1000,False,6,2,[ 8.4055347  -1.36564     3.99677467],cruising,[-0.82138112 -0.19970136 -0.21083176]
610.4760458469391,1001,False,3,6,[-4.44153287  1.35905288  3.99768972],cruising,[-0.48080528  0.59740651 -0.20557775]
610.4760458469391,1002,False,1,5,[-3.22972905 -3.00225686  3.99999948],cruising,[ 0.5677905  -0.59831228 -0.99408226]
610.4760458469391,1003,False,0,4,[2.89354963 8.57378891 1.70764802],queued,[ 0.63925976  0.24903542 -0.34837281]
610.4760458469391,1004,False,4,3,[ 8.12266236 -7.48546476  1.92298124],queued,[-0.62185191  0.08809385  0.93462812]
610.4760458469391,1005,False,2,1,[-4.40170453  6.89934215  4.00116413],cruising,[ 0.50568378 -0.03156594 -0.11489306]
610.5655789375305,1000,False,6,2,[ 8.38330563 -1.56440084  3.99725847],cruising,[-0.82138112 -0.19970136 -0.21083176]
610.5655789375305,1001,False,3,6,[-4.55872454  1.52112111  3.99803626],cruising,[-0.48080528  0.59740651 -0.20557775]
610.5655789375305,1002,False,1,5,[-3.2897291  -2.8654681   3.99999943],cruising,[ 0.5677905  -0.59831228 -0.99408226]
610.5655789375305,1003,False,0,4,[2.89354963 8.57378891 1.78264802],queued,[ 0.63925976  0.24903542 -0.34837281]
610.5655789375305,1004,False,4,3,[ 8.12266236 -7.48546476  1.99798124],queued,[-0.62185191  0.08809385  0.93462812]
610.5655789375305,1005,False,2,1,[-4.20835247  6.95047902  4.00098951],cruising,[ 0.50568378 -0.03156594 -0.11489306]
610.6656732559204,1000,False,6,2,[ 8.35641018 -1.76258417  3.9976697 ],cruising,[-0.82138112 -0.19970136 -0.21083176]
610.6656732559204,1001,False,3,6,[-4.6758964   1.68320367  3.99833082],cruising,[-0.48080528  0.59740651 -0.20557775]
610.6656732559204,1002,False,1,5,[-3.33127234 -2.72097571  3.99999939],cruising,[ 0.5677905  -0.59831228 -0.99408226]
610.6656732559204,1003,False,0,4,[2.89354963 8.57378891 1.85764802],queued,[ 0.63925976  0.24903542 -0.34837281]
610.6656732559204,1004,False,4,3,[ 8.12266236 -7.48546476  2.07298124],queued,[-0.62185191  0.08809385  0.93462812]
610.6656732559204,1005,False,2,1,[-4.0143162   6.99895505  4.00084109],cruising,[ 0.50568378 -0.03156594 -0.11489306]
610.7650239467621,1000,False,6,2,[ 8.32731635 -1.96045673  3.99801925],cruising,[-0.82138112 -0.19970136 -0.21083176]
610.7650239467621,1001,False,3,6,[-4.79295241  1.84536991  3.9985812 ],cruising,[-0.48080528  0.59740651 -0.20557775]
610.7650239467621,1002,False,1,5,[-3.35428556 -2.56895746  3.99999938],cruising,[ 0.5677905  -0.59831228 -0.99408226]
610.7650239467621,1003,False,0,4,[2.89354963 8.57378891 1.93264802],queued,[ 0.63925976  0.24903542 -0.34837281]
610.7650239467621,1004,False,4,3,[ 8.12266236 -7.48546476  2.14798124],queued,[-0.62185191  0.08809385  0.93462812]
610.7650239467621,1005,False,2,1,[-3.82012066  7.04678908  4.00071492],cruising,[ 0.50568378 -0.03156594 -0.11489306]
610.8655002117157,1000,False,6,2,[ 8.29575944 -2.15795144  3.99831636],cruising,[-0.82138112 -0.19970136 -0.21083176]
610.8655002117157,1001,False,3,6,[-4.90960226  2.00782856  3.99879402],cruising,[-0.48080528  0.59740651 -0.20557775]
610.8655002117157,1002,False,1,5,[-3.35877231 -2.40940463  3.99999939],cruising,[ 0.5677905  -0.59831228 -0.99408226]
610.8655002117157,1003,False,0,4,[2.89354963 8.57378891 2.00764802],queued,[ 0.63925976  0.24903542 -0.34837281]
610.8655002117157,1004,False,4,3,[ 8.12266236 -7.48546476  2.22298124],queued,[-0.62185191  0.08809385  0.93462812]
610.8655002117157,1005,False,2,1,[-3.62554696  7.0930608   4.00060768],cruising,[ 0.50568378 -0.03156594 -0.11489306]
610.9770567417145,1000,False,6,2,[ 8.25872437 -2.35449254  3.99856891],cruising,[-0.82138112 -0.19970136 -0.21083176]
610.9770567417145,1001,False,3,6,[-5.02557168  2.17077363  3.99897492],cruising,[-0.48080528  0.59740651 -0.20557775]
610.9770567417145,1002,False,1,5,[-3.34505679 -2.24156464  3.99999942],cruising,[ 0.5677905  -0.59831228 -0.99408226]
610.9770567417145,1003,False,0,4,[2.89354963 8.57378891 2.08264802],queued,[ 0.63925976  0.24903542 -0.34837281]
610.9770567417145,1004,False,4,3,[ 8.12266236 -7.48546476  2.29798124],queued,[-0.62185191  0.08809385  0.93462812]
610.9770567417145,1005,False,2,1,[-3.42989794  7.13455131  4.00051653],cruising,[ 0.50568378 -0.03156594 -0.11489306]
611.0714914798737,1000,False,6,2,[ 8.21899946 -2.55050767  3.99878357],cruising,[-0.82138112 -0.19970136 -0.21083176]
611.0714914798737,1001,False,3,6,[-5.14059177  2.33439019  3.99912868],cruising,[-0.48080528  0.59740651 -0.20557775]
611.0714914798737,1002,False,1,5,[-3.31418264 -2.06344934  3.99999948],cruising,[ 0.5677905  -0.59831228 -0.99408226]
611.0714914798737,1003,False,0,4,[2.89354963 8.57378891 2.15764802],queued,[ 0.63925976  0.24903542 -0.34837281]
611.0714914798737,1004,False,4,3,[ 8.12266236 -7.48546476  2.37298124],queued,[-0.62185191  0.08809385  0.93462812]
611.0714914798737,1005,False,2,1,[-3.23369526  7.17333931  4.00043905],cruising,[ 0.50568378 -0.03156594 -0.11489306]
611.1744523048401,1000,False,6,2,[ 8.17309738 -2.74516891  3.99896603],cruising,[-0.82138112 -0.19970136 -0.21083176]
611.1744523048401,1001,False,3,6,[-5.25499708  2.49843721  3.99925938],cruising,[-0.48080528  0.59740651 -0.20557775]
611.1744523048401,1002,False,1,5,[-3.27169483 -1.86905146  3.99999955],cruising,[ 0.5677905  -0.59831228 -0.99408226]
611.1744523048401,1003,False,0,4,[2.89354963 8.57378891 2.23264802],queued,[ 0.63925976  0.24903542 -0.34837281]
611.1744523048401,1004,False,4,3,[ 8.12266236 -7.48546476  2.44798124],entering,[-0.62185191  0.08809385  0.93462812]
611.1744523048401,1005,False,2,1,[-3.03683429  7.20863461  4.00037319],cruising,[ 0.50568378 -0.03156594 -0.11489306]
611.2654654979706,1000,False,6,2,[ 8.12404044 -2.93905913  3.99912113],cruising,[-0.82138112 -0.19970136 -0.21083176]
611.2654654979706,1001,False,3,6,[-5.367906    2.66351772  3.99937047],cruising,[-0.48080528  0.59740651 -0.20557775]
611.2654654979706,1002,False,1,5,[-3.24487421 -1.67085798  3.99999962],cruising,[ 0.5677905  -0.59831228 -0.99408226]
611.2654654979706,1003,False,0,4,[2.89354963 8.57378891 2.30764802],queued,[ 0.63925976  0.24903542 -0.34837281]
611.2654654979706,1004,False,4,3,[ 8.11117369 -7.46909373  2.52298124],entering,[-0.62185191  0.08809385  0.93462812]
611.2654654979706,1005,False,2,1,[-2.83883631  7.23686228  4.00031722],cruising,[ 0.50568378 -0.03156594 -0.11489306]
611.3656611442566,1000,False,6,2,[ 8.06760744 -3.13093231  3.99925296],cruising,[-0.82138112 -0.19970136 -0.21083176]
611.3656611442566,1001,False,3,6,[-5.47900829  2.8298195   3.9994649 ],cruising,[-0.48080528  0.59740651 -0.20557775]
611.3656611442566,1002,False,1,5,[-3.23448511 -1.471128    3.99999968],cruising,[ 0.5677905  -0.59831228 -0.99408226]
611.3656611442566,1003,False,0,4,[2.89354963 8.57378891 2.38264802],entering,[ 0.63925976  0.24903542 -0.34837281]
611.3656611442566,1004,False,4,3,[ 8.08819635 -7.43635168  2.59798124],entering,[-0.62185191  0.08809385  0.93462812]
611.3656611442566,1005,False,2,1,[-2.64021769  7.26032806  4.00026963],cruising,[ 0.50568378 -0.03156594 -0.11489306]
611.471732378006,1000,False,6,2,[ 8.00727442 -3.3216151   3.99936502],cruising,[-0.82138112 -0.19970136 -0.21083176]
611.471732378006,1001,False,3,6,[-5.58795789  2.99753946  3.99954516],cruising,[-0.48080528  0.59740651 -0.20557775]
611.471732378006,1002,False,1,5,[-3.23994759 -1.27120261  3.99999973],cruising,[ 0.5677905  -0.59831228 -0.99408226]
611.471732378006,1003,False,0,4,[2.88995168 8.5541152  2.45764802],entering,[ 0.63925976  0.24903542 -0.34837281]
611.471732378006,1004,False,4,3,[ 8.05373035 -7.3872386   2.67298124],entering,[-0.62185191  0.08809385  0.93462812]
611.471732378006,1005,False,2,1,[-2.44072986  7.27463211  4.00022919],cruising,[ 0.50568378 -0.03156594 -0.11489306]
611.5656280517578,1000,False,6,2,[ 7.93766956 -3.5091122   3.99946026],cruising,[-0.82138112 -0.19970136 -0.21083176]
611.5656280517578,1001,False,3,6,[-5.69435746  3.1668886   3.99961339],cruising,[-0.48080528  0.59740651 -0.20557775]
611.5656280517578,1002,False,1,5,[-3.25924031 -1.07213531  3.99999977],cruising,[ 0.5677905  -0.59831228 -0.99408226]
611.5656280517578,1003,False,0,4,[2.88297683 8.51472864 2.53264802],entering,[ 0.63925976  0.24903542 -0.34837281]
611.5656280517578,1004,False,4,3,[ 8.00777568 -7.3217545   2.74798124],entering,[-0.62185191  0.08809385  0.93462812]
611.5656280517578,1005,False,2,1,[-2.24076527  7.27839513  4.00019481],cruising,[ 0.50568378 -0.03156594 -0.11489306]
611.6655914783478,1000,False,6,2,[ 7.85772608 -3.69243989  3.99954122],cruising,[-0.82138112 -0.19970136 -0.21083176]
611.6655914783478,1001,False,3,6,[-5.79773933  3.33809662  3.99967138],cruising,[-0.48080528  0.59740651 -0.20557775]
611.6655914783478,1002,False,1,5,[-3.29209755 -0.87485276  3.9999998 ],cruising,[ 0.5677905  -0.59831228 -0.99408226]
611.6655914783478,1003,False,0,4,[2.8727253  8.45561233 2.60764802],entering,[ 0.63925976  0.24903542 -0.34837281]
611.6655914783478,1004,False,4,3,[ 7.95033234 -7.23989937  2.82298124],entering,[-0.62185191  0.08809385  0.93462812]
611.6655914783478,1005,False,2,1,[-2.04122806  7.26479714  4.00016559],cruising,[ 0.50568378 -0.03156594 -0.11489306]
611.7698185443878,1000,False,6,2,[ 7.76588241 -3.87010457  3.99961004],cruising,[-0.82138112 -0.19970136 -0.21083176]
611.7698185443878,1001,False,3,6,[-5.8975413   3.51141589  3.99972067],cruising,[-0.48080528  0.59740651 -0.20557775]
611.7698185443878,1002,False,1,5,[-3.33740795 -0.68005295  3.99999983],cruising,[ 0.5677905  -0.59831228 -0.99408226]
611.7698185443878,1003,False,0,4,[2.85931877 8.37674643 2.68264802],entering,[ 0.63925976  0.24903542 -0.34837281]
611.7698185443878,1004,False,4,3,[ 7.88140033 -7.14167321  2.89798124],entering,[-0.62185191  0.08809385  0.93462812]
611.7698185443878,1005,False,2,1,[-1.84387513  7.23236535  4.00014075],cruising,[ 0.50568378 -0.03156594 -0.11489306]
611.8655953407288,1000,False,6,2,[ 7.66002025 -4.03979017  3.99966853],cruising,[-0.82138112 -0.19970136 -0.21083176]
611.8655953407288,1001,False,3,6,[-5.99307506  3.68712389  3.99976257],cruising,[-0.48080528  0.59740651 -0.20557775]
611.8655953407288,1002,False,1,5,[-3.39419579 -0.48828449  3.99999986],cruising,[ 0.5677905  -0.59831228 -0.99408226]
611.8655953407288,1003,False,0,4,[2.84327123 8.27805567 2.75764802],entering,[ 0.63925976  0.24903542 -0.34837281]
611.8655953407288,1004,False,4,3,[ 7.80107217 -7.02701148  2.97298124],entering,[-0.62185191  0.08809385  0.93462812]
611.8655953407288,1005,False,2,1,[-1.64870131  7.18869411  4.00011964],cruising,[ 0.50568378 -0.03156594 -0.11489306]
611.965512752533,1000,False,6,2,[ 7.5377494  -4.19804098  3.99971839],cruising,[-0.82138112 -0.19970136 -0.21083176]
611.965512752533,1001,False,3,6,[-6.08348436  3.86552276  3.99979819],cruising,[-0.48080528  0.59740651 -0.20557775]
611.965512752533,1002,False,1,5,[-3.45980861 -0.2993534   3.99999988],cruising,[ 0.5677905  -0.59831228 -0.99408226]
611.965512752533,1003,False,0,4,[2.82513887 8.15947387 2.83264802],entering,[ 0.63925976  0.24903542 -0.34837281]
611.965512752533,1004,False,4,3,[ 7.70854668 -6.89649968  3.04798124],entering,[-0.62185191  0.08809385  0.93462812]
611.965512752533,1005,False,2,1,[-1.45777838  7.12912535  4.00010169],cruising,[ 0.50568378 -0.03156594 -0.11489306]
612.0729069709778,1000,False,6,2,[ 7.40049021 -4.34304981  3.99976251],cruising,[-0.82138112 -0.19970136 -0.21083176]
612.0729069709778,1001,False,3,6,[-6.16768898  4.04693275  3.99982846],cruising,[-0.48080528  0.59740651 -0.20557775]
612.0729069709778,1002,False,1,5,[-3.53569763 -0.11431055  3.9999999 ],cruising,[ 0.5677905  -0.59831228 -0.99408226]
612.0729069709778,1003,False,0,4,[2.80610353 8.02091246 2.90764802],entering,[ 0.63925976  0.24903542 -0.34837281]
612.0729069709778,1004,False,4,3,[ 7.60311047 -6.75071328  3.12298124],entering,[-0.62185191  0.08809385  0.93462812]
612.0729069709778,1005,False,2,1,[-1.27141129  7.05654915  4.00008644],cruising,[ 0.50568378 -0.03156594 -0.11489306]
612.165189743042,1000,False,6,2,[ 7.25067268 -4.47249304  3.99980361],cruising,[-0.82138112 -0.19970136 -0.21083176]
612.165189743042,1001,False,3,6,[-6.24430978  4.23167379  3.99985419],cruising,[-0.48080528  0.59740651 -0.20557775]
612.165189743042,1002,False,1,5,[-3.62219226  0.06601881  3.99999991],cruising,[ 0.5677905  -0.59831228 -0.99408226]
612.165189743042,1003,False,0,4,[2.78795227 7.8623706  2.98264802],entering,[ 0.63925976  0.24903542 -0.34837281]
612.165189743042,1004,False,4,3,[ 7.48468153 -6.58972198  3.19798124],entering,[-0.62185191  0.08809385  0.93462812]
612.165189743042,1005,False,2,1,[-1.0894208   6.97360661  4.00007347],cruising,[ 0.50568378 -0.03156594 -0.11489306]
612.2655000686646,1000,False,6,2,[ 7.09019883 -4.58501165  3.9998417 ],cruising,[-0.82138112 -0.19970136 -0.21083176]
612.2655000686646,1001,False,3,6,[-6.31156953  4.42002486  3.99987606],cruising,[-0.48080528  0.59740651 -0.20557775]
612.2655000686646,1002,False,1,5,[-3.71631097  0.24248883  3.99999993],cruising,[ 0.5677905  -0.59831228 -0.99408226]
612.2655000686646,1003,False,0,4,[2.77362217 7.68419717 3.05764802],entering,[ 0.63925976  0.24903542 -0.34837281]
612.2655000686646,1004,False,4,3,[ 7.3658237  -6.42887169  3.27298124],entering,[-0.62185191  0.08809385  0.93462812]
612.2655000686646,1005,False,2,1,[-0.91131882  6.88261386  4.00006245],cruising,[ 0.50568378 -0.03156594 -0.11489306]
612.3656401634216,1000,False,6,2,[ 6.92112116 -4.67947549  3.99987672],cruising,[-0.82138112 -0.19970136 -0.21083176]
612.3656401634216,1001,False,3,6,[-6.36089161  4.6138478   3.99989465],cruising,[-0.48080528  0.59740651 -0.20557775]
612.3656401634216,1002,False,1,5,[-3.81645939  0.41560814  3.99999994],cruising,[ 0.5677905  -0.59831228 -0.99408226]
612.3656401634216,1003,False,0,4,[2.76853035 7.48828524 3.13264802],entering,[ 0.63925976  0.24903542 -0.34837281]
612.3656401634216,1004,False,4,3,[ 7.24328077 -6.27081084  3.34798124],entering,[-0.62185191  0.08809385  0.93462812]
612.3656401634216,1005,False,2,1,[-0.73532404  6.78760944  4.00005308],cruising,[ 0.50568378 -0.03156594 -0.11489306]
612.4654226303101,1000,False,6,2,[ 6.74558651 -4.75501033  3.99990863],cruising,[-0.82138112 -0.19970136 -0.21083176]
612.4654226303101,1001,False,3,6,[-6.39057321  4.81144585  3.99991089],cruising,[-0.48080528  0.59740651 -0.20557775]
612.4654226303101,1002,False,1,5,[-3.92132877  0.58590909  3.99999995],cruising,[ 0.5677905  -0.59831228 -0.99408226]
612.4654226303101,1003,False,0,4,[2.77378265 7.28835422 3.20764802],entering,[ 0.63925976  0.24903542 -0.34837281]
612.4654226303101,1004,False,4,3,[ 7.12181327 -6.11192206  3.42298124],entering,[-0.62185191  0.08809385  0.93462812]
612.4654226303101,1005,False,2,1,[-0.56233551  6.6872353   4.00004512],cruising,[ 0.50568378 -0.03156594 -0.11489306]
612.5651414394379,1000,False,6,2,[ 6.56578308 -4.81100604  3.99993736],cruising,[-0.82138112 -0.19970136 -0.21083176]
612.5651414394379,1001,False,3,6,[-6.4003463   5.01095472  3.99992477],cruising,[-0.48080528  0.59740651 -0.20557775]
612.5651414394379,1002,False,1,5,[-4.03089893  0.7532243   3.99999995],cruising,[ 0.5677905  -0.59831228 -0.99408226]
612.5651414394379,1003,False,0,4,[2.79267005 7.08924805 3.28264802],entering,[ 0.63925976  0.24903542 -0.34837281]
612.5651414394379,1004,False,4,3,[ 6.99478974 -5.95743897  3.49798124],entering,[-0.62185191  0.08809385  0.93462812]
612.5651414394379,1005,False,2,1,[-0.39153482  6.58318183  4.00003835],cruising,[ 0.50568378 -0.03156594 -0.11489306]
612.6679427623749,1000,False,6,2,[ 6.38392278 -4.8471078   3.9999628 ],cruising,[-0.82138112 -0.19970136 -0.21083176]
612.6679427623749,1001,False,3,6,[-6.39018513  5.20884316  3.99993768],cruising,[-0.48080528  0.59740651 -0.20557775]
612.6679427623749,1002,False,1,5,[-4.14279018  0.91899627  3.99999996],cruising,[ 0.5677905  -0.59831228 -0.99408226]
612.6679427623749,1003,False,0,4,[2.82847746 6.89247959 3.35764802],entering,[ 0.63925976  0.24903542 -0.34837281]
612.6679427623749,1004,False,4,3,[ 6.86672398 -5.80381879  3.57298124],entering,[-0.62185191  0.08809385  0.93462812]
612.6679427623749,1005,False,2,1,[-0.22163004  6.4776718   4.0000326 ],cruising,[ 0.50568378 -0.03156594 -0.11489306]
612.7648561000824,1000,False,6,2,[ 6.20138819 -4.86322093  3.99998466],cruising,[-0.82138112 -0.19970136 -0.21083176]
612.7648561000824,1001,False,3,6,[-6.36042219  5.40276046  3.99994964],cruising,[-0.48080528  0.59740651 -0.20557775]
612.7648561000824,1002,False,1,5,[-4.25641433  1.08358532  3.99999997],cruising,[ 0.5677905  -0.59831228 -0.99408226]
612.7648561000824,1003,False,0,4,[2.88032598 6.69931714 3.43264802],entering,[ 0.63925976  0.24903542 -0.34837281]
612.7648561000824,1004,False,4,3,[ 6.73704348 -5.65155924  3.63703405],entering,[-0.62185191  0.08809385  0.93462812]
612.7648561000824,1005,False,2,1,[-0.05277037  6.37049713  4.00002771],cruising,[ 0.50568378 -0.03156594 -0.11489306]
612.8651514053345,1000,False,6,2,[ 6.01963987 -4.85934952  4.00000285],cruising,[-0.82138112 -0.19970136 -0.21083176]
612.8651514053345,1001,False,3,6,[-6.31157078  5.59070862  3.99996056],cruising,[-0.48080528  0.59740651 -0.20557775]
612.8651514053345,1002,False,1,5,[-4.37086149  1.24760315  3.99999997],cruising,[ 0.5677905  -0.59831228 -0.99408226]
612.8651514053345,1003,False,0,4,[2.94427282 6.50981569 3.50764802],entering,[ 0.63925976  0.24903542 -0.34837281]
612.8651514053345,1004,False,4,3,[ 6.60026301 -5.50564454  3.69147894],entering,[-0.62185191  0.08809385  0.93462812]
612.8651514053345,1005,False,2,1,[0.11591396 6.26304668 4.00002355],cruising,[ 0.50568378 -0.03156594 -0.11489306]
612.9654369354248,1000,False,6,2,[ 5.83987045 -4.83557626  4.00001726],cruising,[-0.82138112 -0.19970136 -0.21083176]
612.9654369354248,1001,False,3,6,[-6.24448234  5.77044637  3.99997047],cruising,[-0.48080528  0.59740651 -0.20557775]
612.9654369354248,1002,False,1,5,[-4.48636938  1.4108757   3.99999998],cruising,[ 0.5677905  -0.59831228 -0.99408226]
612.9654369354248,1003,False,0,4,[3.02098097 6.32511089 3.58150082],entering,[ 0.63925976  0.24903542 -0.34837281]
612.9654369354248,1004,False,4,3,[ 6.45875908 -5.3643058   3.7377571 ],entering,[-0.62185191  0.08809385  0.93462812]
612.9654369354248,1005,False,2,1,[0.28468534 6.15573303 4.00002002],cruising,[ 0.50568378 -0.03156594 -0.11489306]
613.0650420188904,1000,False,6,2,[ 5.66261873 -4.7919621   4.0000276 ],cruising,[-0.82138112 -0.19970136 -0.21083176]
613.0650420188904,1001,False,3,6,[-6.16025725  5.93987223  3.99997936],cruising,[-0.48080528  0.59740651 -0.20557775]
613.0650420188904,1002,False,1,5,[-4.60249858  1.57370693  3.99999998],cruising,[ 0.5677905  -0.59831228 -0.99408226]
613.0650420188904,1003,False,0,4,[3.11305328 6.14760189 3.6447629 ],entering,[ 0.63925976  0.24903542 -0.34837281]
613.0650420188904,1004,False,4,3,[ 6.31509626 -5.22516202  3.77709354],entering,[-0.62185191  0.08809385  0.93462812]
613.0650420188904,1005,False,2,1,[0.45396145 6.04921731 4.00001702],cruising,[ 0.50568378 -0.03156594 -0.11489306]
613.1649348735809,1000,False,6,2,[ 5.4886212  -4.72861446  4.00003373],cruising,[-0.82138112 -0.19970136 -0.21083176]
613.1649348735809,1001,False,3,6,[-6.06009981  6.09720842  3.9999872 ],cruising,[-0.48080528  0.59740651 -0.20557775]
613.1649348735809,1002,False,1,5,[-4.71886932  1.73636562  3.99999998],cruising,[ 0.5677905  -0.59831228 -0.99408226]
613.1649348735809,1003,False,0,4,[3.21950976 5.97828851 3.69804847],entering,[ 0.63925976  0.24903542 -0.34837281]
613.1649348735809,1004,False,4,3,[ 6.16452257 -5.0935278   3.81052951],entering,[-0.62185191  0.08809385  0.93462812]
613.1649348735809,1005,False,2,1,[0.62400404 5.94392952 4.00001446],cruising,[ 0.50568378 -0.03156594 -0.11489306]
613.2769813537598,1000,False,6,2,[ 5.31768085 -4.64550185  4.00003517],cruising,[-0.82138112 -0.19970136 -0.21083176]
613.2769813537598,1001,False,3,6,[-5.94492782  6.24133237  3.99999392],cruising,[-0.48080528  0.59740651 -0.20557775]
613.2769813537598,1002,False,1,5,[-4.83514499  1.89909229  3.99999999],cruising,[ 0.5677905  -0.59831228 -0.99408226]
613.2769813537598,1003,False,0,4,[3.34110971 5.81954513 3.74365612],entering,[ 0.63925976  0.24903542 -0.34837281]
613.2769813537598,1004,False,4,3,[ 6.00691265 -4.97040546  3.83895008],entering,[-0.62185191  0.08809385  0.93462812]
613.2769813537598,1005,False,2,1,[0.79557747 5.84115522 4.0000123 ],cruising,[ 0.50568378 -0.03156594 -0.11489306]
613.3728144168854,1000,False,6,2,[ 5.14927419 -4.54255039  4.00003148],cruising,[-0.82138112 -0.19970136 -0.21083176]
613.3728144168854,1001,False,3,6,[-5.8156486   6.37127935  3.99999949],cruising,[-0.48080528  0.59740651 -0.20557775]
613.3728144168854,1002,False,1,5,[-4.95101809  2.06210587  3.99999999],cruising,[ 0.5677905  -0.59831228 -0.99408226]
613.3728144168854,1003,False,0,4,[3.47701307 5.67281432 3.78211458],entering,[ 0.63925976  0.24903542 -0.34837281]
613.3728144168854,1004,False,4,3,[ 5.84553629 -4.85226288  3.86310757],cruising,[-0.62185191  0.08809385  0.93462812]
613.3728144168854,1005,False,2,1,[0.96849466 5.74065823 4.00001045],cruising,[ 0.50568378 -0.03156594 -0.11489306]
613.4670014381409,1000,False,6,2,[ 4.9772981  -4.4404513   4.00002676],cruising,[-0.82138112 -0.19970136 -0.21083176]
613.4670014381409,1001,False,3,6,[-5.67315857  6.48621053  4.00000388],cruising,[-0.48080528  0.59740651 -0.20557775]
613.4670014381409,1002,False,1,5,[-5.06658586  2.22533604  3.99999999],cruising,[ 0.5677905  -0.59831228 -0.99408226]
613.4670014381409,1003,False,0,4,[3.6263467  5.53984417 3.81507105],entering,[ 0.63925976  0.24903542 -0.34837281]
613.4670014381409,1004,False,4,3,[ 5.67775515 -4.74340751  3.88364143],cruising,[-0.62185191  0.08809385  0.93462812]
613.4670014381409,1005,False,2,1,[1.14377238 5.6443373  4.00000888],cruising,[ 0.50568378 -0.03156594 -0.11489306]
613.5649042129517,1000,False,6,2,[ 4.80251314 -4.34323907  4.00002275],cruising,[-0.82138112 -0.19970136 -0.21083176]
613.5649042129517,1001,False,3,6,[-5.51850423  6.58526628  4.0000071 ],cruising,[-0.48080528  0.59740651 -0.20557775]
613.5649042129517,1002,False,1,5,[-5.18122553  2.38921937  3.99999999],cruising,[ 0.5677905  -0.59831228 -0.99408226]
613.5649042129517,1003,False,0,4,[3.78784525 5.42188836 3.84287152],cruising,[ 0.63925976  0.24903542 -0.34837281]
613.5649042129517,1004,False,4,3,[ 5.50668465 -4.63979822  3.90109522],cruising,[-0.62185191  0.08809385  0.93462812]
613.5649042129517,1005,False,2,1,[1.3208444  5.55135612 4.00000755],cruising,[ 0.50568378 -0.03156594 -0.11489306]
613.66504073143,1000,False,6,2,[ 4.62459678 -4.25188389  4.00001933],cruising,[-0.82138112 -0.19970136 -0.21083176]
613.66504073143,1001,False,3,6,[-5.35230103  6.66799341  4.00000912],cruising,[-0.48080528  0.59740651 -0.20557775]
613.66504073143,1002,False,1,5,[-5.29463691  2.5539551   3.99999999],cruising,[ 0.5677905  -0.59831228 -0.99408226]
613.66504073143,1003,False,0,4,[3.9598652  5.31986318 3.86644079],cruising,[ 0.63925976  0.24903542 -0.34837281]
613.66504073143,1004,False,4,3,[ 5.33112732 -4.54398787  3.91593094],cruising,[-0.62185191  0.08809385  0.93462812]
613.66504073143,1005,False,2,1,[1.49992636 5.46230753 4.00000642],cruising,[ 0.50568378 -0.03156594 -0.11489306]
613.7774884700775,1000,False,6,2,[ 4.44511924 -4.16363531  4.00001643],cruising,[-0.82138112 -0.19970136 -0.21083176]
613.7774884700775,1001,False,3,6,[-5.17498341  6.73409315  4.0000099 ],cruising,[-0.48080528  0.59740651 -0.20557775]
613.7774884700775,1002,False,1,5,[-5.40650816  2.71974057  3.99999999],cruising,[ 0.5677905  -0.59831228 -0.99408226]
613.7774884700775,1003,False,0,4,[4.13985809 5.23267052 3.88647467],cruising,[ 0.63925976  0.24903542 -0.34837281]
613.7774884700775,1004,False,4,3,[ 5.15356041 -4.45195532  3.92854129],cruising,[-0.62185191  0.08809385  0.93462812]
613.7774884700775,1005,False,2,1,[1.68223474 5.38006609 4.00000546],cruising,[ 0.50568378 -0.03156594 -0.11489306]
613.8650197982788,1000,False,6,2,[ 4.26379757 -4.07924069  4.00001397],cruising,[-0.82138112 -0.19970136 -0.21083176]
613.8650197982788,1001,False,3,6,[-4.98663965  6.78350684  4.00000938],cruising,[-0.48080528  0.59740651 -0.20557775]
613.8650197982788,1002,False,1,5,[-5.51650264  2.88677714  3.99999999],cruising,[ 0.5677905  -0.59831228 -0.99408226]
613.8650197982788,1003,False,0,4,[4.32557895 5.15845621 3.90350347],cruising,[ 0.63925976  0.24903542 -0.34837281]
613.8650197982788,1004,False,4,3,[ 4.97325471 -4.36541136  3.9392601 ],cruising,[-0.62185191  0.08809385  0.93462812]
613.8650197982788,1005,False,2,1,[1.86673677 5.30287153 4.00000464],cruising,[ 0.50568378 -0.03156594 -0.11489306]
613.9649615287781,1000,False,6,2,[ 4.08162092 -3.99670784  4.00001187],cruising,[-0.82138112 -0.19970136 -0.21083176]
613.9649615287781,1001,False,3,6,[-4.7906122   6.82317091  4.00000797],cruising,[-0.48080528  0.59740651 -0.20557775]
613.9649615287781,1002,False,1,5,[-5.62540926  3.05452501  4.        ],cruising,[ 0.5677905  -0.59831228 -0.99408226]
613.9649615287781,1003,False,0,4,[4.51547088 5.09567841 3.91797795],cruising,[ 0.63925976  0.24903542 -0.34837281]
613.9649615287781,1004,False,4,3,[ 4.79194388 -4.28099346  3.94837109],cruising,[-0.62185191  0.08809385  0.93462812]
613.9649615287781,1005,False,2,1,[2.05354001 5.23142538 4.00000394],cruising,[ 0.50568378 -0.03156594 -0.11489306]
614.0657238960266,1000,False,6,2,[ 3.89833761 -3.91666269  4.00001009],cruising,[-0.82138112 -0.19970136 -0.21083176]
614.0657238960266,1001,False,3,6,[-4.59552953  6.86724753  4.00000677],cruising,[-0.48080528  0.59740651 -0.20557775]
614.0657238960266,1002,False,1,5,[-5.73159733  3.22400684  4.        ],cruising,[ 0.5677905  -0.59831228 -0.99408226]
614.0657238960266,1003,False,0,4,[4.70813802 5.04201859 3.93028126],cruising,[ 0.63925976  0.24903542 -0.34837281]
614.0657238960266,1004,False,4,3,[ 4.60975171 -4.1984949   3.95611542],cruising,[-0.62185191  0.08809385  0.93462812]
614.0657238960266,1005,False,2,1,[2.24268482 5.16643122 4.00000335],cruising,[ 0.50568378 -0.03156594 -0.11489306]
614.1653065681458,1000,False,6,2,[ 3.71452977 -3.83782945  4.00000858],cruising,[-0.82138112 -0.19970136 -0.21083176]
614.1653065681458,1001,False,3,6,[-4.40111935  6.91420159  4.00000576],cruising,[-0.48080528  0.59740651 -0.20557775]
614.1653065681458,1002,False,1,5,[-5.83459781  3.39544459  4.        ],cruising,[ 0.5677905  -0.59831228 -0.99408226]
614.1653065681458,1003,False,0,4,[4.90271933 4.99577884 3.94073907],cruising,[ 0.63925976  0.24903542 -0.34837281]
614.1653065681458,1004,False,4,3,[ 4.42626341 -4.11892075  3.96269811],cruising,[-0.62185191  0.08809385  0.93462812]
614.1653065681458,1005,False,2,1,[2.43642572 5.11678786 4.00000285],cruising,[ 0.50568378 -0.03156594 -0.11489306]
614.2650985717773,1000,False,6,2,[ 3.53001141 -3.76067393  4.00000729],cruising,[-0.82138112 -0.19970136 -0.21083176]
614.2650985717773,1001,False,3,6,[-4.20647202  6.96016263  4.00000489],cruising,[-0.48080528  0.59740651 -0.20557775]
614.2650985717773,1002,False,1,5,[-5.93384118  3.56908431  4.        ],cruising,[ 0.5677905  -0.59831228 -0.99408226]
614.2650985717773,1003,False,0,4,[5.09841415 4.95450492 3.94962821],cruising,[ 0.63925976  0.24903542 -0.34837281]
614.2650985717773,1004,False,4,3,[ 4.2423699  -4.04028757  3.96829339],cruising,[-0.62185191  0.08809385  0.93462812]
614.2650985717773,1005,False,2,1,[2.63216146 5.07570842 4.00000242],cruising,[ 0.50568378 -0.03156594 -0.11489306]
614.3661985397339,1000,False,6,2,[ 3.34506593 -3.68454791  4.0000062 ],cruising,[-0.82138112 -0.19970136 -0.21083176]
614.3661985397339,1001,False,3,6,[-4.01202092  7.0069469   4.00000416],cruising,[-0.48080528  0.59740651 -0.20557775]
614.3661985397339,1002,False,1,5,[-6.02862547  3.74519774  4.        ],cruising,[ 0.5677905  -0.59831228 -0.99408226]
614.3661985397339,1003,False,0,4,[5.29472649 4.9162758  3.95718398],cruising,[ 0.63925976  0.24903542 -0.34837281]
614.3661985397339,1004,False,4,3,[ 4.05771612 -3.96345673  3.97304938],cruising,[-0.62185191  0.08809385  0.93462812]
614.3661985397339,1005,False,2,1,[2.82927431 5.04184807 4.00000206],cruising,[ 0.50568378 -0.03156594 -0.11489306]
614.4650070667267,1000,False,6,2,[ 3.15961811 -3.60965396  4.00000527],cruising,[-0.82138112 -0.19970136 -0.21083176]
614.4650070667267,1001,False,3,6,[-3.81749179  7.05340569  4.00000354],cruising,[-0.48080528  0.59740651 -0.20557775]
614.4650070667267,1002,False,1,5,[-6.11807347  3.92408054  4.        ],cruising,[ 0.5677905  -0.59831228 -0.99408226]
614.4650070667267,1003,False,0,4,[5.49129343 4.87937818 3.96360638],cruising,[ 0.63925976  0.24903542 -0.34837281]
614.4650070667267,1004,False,4,3,[ 3.87284941 -3.88713963  3.97709198],cruising,[-0.62185191  0.08809385  0.93462812]
614.4650070667267,1005,False,2,1,[3.02731893 5.01394953 4.00000175],cruising,[ 0.50568378 -0.03156594 -0.11489306]
614.6147091388702,1000,False,6,2,[ 2.97367021 -3.53601036  4.00000448],cruising,[-0.82138112 -0.19970136 -0.21083176]
614.6147091388702,1001,False,3,6,[-3.62265553  7.09855912  4.00000301],cruising,[-0.48080528  0.59740651 -0.20557775]
614.6147091388702,1002,False,1,5,[-6.20107561  4.10604385  4.        ],cruising,[ 0.5677905  -0.59831228 -0.99408226]
614.6147091388702,1003,False,0,4,[5.68782025 4.84226736 3.96906542],cruising,[ 0.63925976  0.24903542 -0.34837281]
614.6147091388702,1004,False,4,3,[ 3.68749996 -3.81200253  3.98052818],cruising,[-0.62185191  0.08809385  0.93462812]
614.6147091388702,1005,False,2,1,[3.22598237 4.99086627 4.00000149],cruising,[ 0.50568378 -0.03156594 -0.11489306]
614.8147969245911,1000,False,6,2,[ 2.78713193 -3.46387529  4.00000381],cruising,[-0.82138112 -0.19970136 -0.21083176]
614.8147969245911,1001,False,3,6,[-3.42681268  7.13912486  4.00000256],cruising,[-0.48080528  0.59740651 -0.20557775]
614.8147969245911,1002,False,1,5,[-6.271973    4.29305604  4.        ],cruising,[ 0.5677905  -0.59831228 -0.99408226]
614.8147969245911,1003,False,0,4,[5.88444939 4.80570261 3.97370561],cruising,[ 0.63925976  0.24903542 -0.34837281]
614.8147969245911,1004,False,4,3,[ 3.50195627 -3.73734639  3.98344895],cruising,[-0.62185191  0.08809385  0.93462812]
614.8147969245911,1005,False,2,1,[3.42504908 4.9715674  4.00000126],cruising,[ 0.50568378 -0.03156594 -0.11489306]
614.9275357723236,1000,False,6,2,[ 2.60011667 -3.39298598  4.00000324],cruising,[-0.82138112 -0.19970136 -0.21083176]
614.9275357723236,1001,False,3,6,[-3.23046202  7.17715663  4.00000217],cruising,[-0.48080528  0.59740651 -0.20557775]
614.9275357723236,1002,False,1,5,[-6.33301813  4.48351205  4.        ],exiting,[ 0.5677905  -0.59831228 -0.99408226]
614.9275357723236,1003,False,0,4,[6.0804871  4.76608928 3.97764977],cruising,[ 0.63925976  0.24903542 -0.34837281]
614.9275357723236,1004,False,4,3,[ 3.31605223 -3.66359215  3.98593161],cruising,[-0.62185191  0.08809385  0.93462812]
614.9275357723236,1005,False,2,1,[3.6243726  4.9551316  4.00000107],cruising,[ 0.50568378 -0.03156594 -0.11489306]
615.0223660469055,1000,False,6,2,[ 2.41231515 -3.32420672  4.00000275],cruising,[-0.82138112 -0.19970136 -0.21083176]
615.0223660469055,1001,False,3,6,[-3.03349054  7.21182991  4.00000185],cruising,[-0.48080528  0.59740651 -0.20557775]
615.0223660469055,1002,False,1,5,[-6.39373266  4.65397079  4.        ],exiting,[ 0.5677905  -0.59831228 -0.99408226]
615.0223660469055,1003,False,0,4,[6.27560237 4.72215719 3.9810023 ],cruising,[ 0.63925976  0.24903542 -0.34837281]
615.0223660469055,1004,False,4,3,[ 3.12985945 -3.5905699   3.98804187],cruising,[-0.62185191  0.08809385  0.93462812]
615.0223660469055,1005,False,2,1,[3.82385377 4.94073502 4.00000091],cruising,[ 0.50568378 -0.03156594 -0.11489306]
615.1144323348999,1000,False,6,2,[ 2.22358058 -3.25803071  4.00000234],cruising,[-0.82138112 -0.19970136 -0.21083176]
615.1144323348999,1001,False,3,6,[-2.83541801  7.23952962  4.00000157],cruising,[-0.48080528  0.59740651 -0.20557775]
615.1144323348999,1002,False,1,5,[-6.45433796  4.80442983  4.        ],exiting,[ 0.5677905  -0.59831228 -0.99408226]
615.1144323348999,1003,False,0,4,[6.46937246 4.67262788 3.98385196],cruising,[ 0.63925976  0.24903542 -0.34837281]
615.1144323348999,1004,False,4,3,[ 2.94333002 -3.51841193  3.98983559],cruising,[-0.62185191  0.08809385  0.93462812]
615.1144323348999,1005,False,2,1,[4.02342437 4.92763631 4.00000078],cruising,[ 0.50568378 -0.03156594 -0.11489306]
615.219078540802,1000,False,6,2,[ 2.03424898 -3.1935827   4.00000199],cruising,[-0.82138112 -0.19970136 -0.21083176]
615.219078540802,1001,False,3,6,[-2.63674767  7.26255343  4.00000133],cruising,[-0.48080528  0.59740651 -0.20557775]
615.219078540802,1002,False,1,5,[-6.51514529  4.9348899   4.        ],exiting,[ 0.5677905  -0.59831228 -0.99408226]
615.219078540802,1003,False,0,4,[6.66124236 4.61618373 3.98627416],cruising,[ 0.63925976  0.24903542 -0.34837281]
615.219078540802,1004,False,4,3,[ 2.75633317 -3.4474741   3.99136025],cruising,[-0.62185191  0.08809385  0.93462812]
615.219078540802,1005,False,2,1,[4.22300981 4.91476572 4.00000066],cruising,[ 0.50568378 -0.03156594 -0.11489306]
615.3150277137756,1000,False,6,2,[ 1.84364495 -3.13300134  4.00000169],cruising,[-0.82138112 -0.19970136 -0.21083176]
615.3150277137756,1001,False,3,6,[-2.43723239  7.2764693   4.00000113],cruising,[-0.48080528  0.59740651 -0.20557775]
615.3150277137756,1002,False,1,5,[-6.5764858   5.04535707  4.        ],exiting,[ 0.5677905  -0.59831228 -0.99408226]
615.3150277137756,1003,False,0,4,[6.85047592 4.55144841 3.98833304],cruising,[ 0.63925976  0.24903542 -0.34837281]
615.3150277137756,1004,False,4,3,[ 2.56872188 -3.37817761  3.99265621],cruising,[-0.62185191  0.08809385  0.93462812]
615.3150277137756,1005,False,2,1,[4.42262106 4.90230184 4.00000056],cruising,[ 0.50568378 -0.03156594 -0.11489306]
615.4162828922272,1000,False,6,2,[ 1.6515829  -3.0772145   4.00000144],cruising,[-0.82138112 -0.19970136 -0.21083176]
615.4162828922272,1001,False,3,6,[-2.23726152  7.27988315  4.00000096],cruising,[-0.48080528  0.59740651 -0.20557775]
615.4162828922272,1002,False,1,5,[-6.63867162  5.13584211  4.        ],exiting,[ 0.5677905  -0.59831228 -0.99408226]
615.4162828922272,1003,False,0,4,[7.03609687 4.47698458 3.99008308],cruising,[ 0.63925976  0.24903542 -0.34837281]
615.4162828922272,1004,False,4,3,[ 2.38067113 -3.3100827   3.99375778],cruising,[-0.62185191  0.08809385  0.93462812]
615.4162828922272,1005,False,2,1,[4.62221406 4.88954898 4.00000048],cruising,[ 0.50568378 -0.03156594 -0.11489306]
615.51487159729,1000,False,6,2,[ 1.45786959 -3.02746359  4.00000122],cruising,[-0.82138112 -0.19970136 -0.21083176]
615.51487159729,1001,False,3,6,[-2.03774773  7.26594588  4.00000082],cruising,[-0.48080528  0.59740651 -0.20557775]
615.51487159729,1002,False,1,5,[-6.70160656  5.21355436  4.        ],exiting,[ 0.5677905  -0.59831228 -0.99408226]
615.51487159729,1003,False,0,4,[7.21682141 4.39131872 3.99157062],cruising,[ 0.63925976  0.24903542 -0.34837281]
615.51487159729,1004,False,4,3,[ 2.19172114 -3.24452432  3.99469411],cruising,[-0.62185191  0.08809385  0.93462812]
615.51487159729,1005,False,2,1,[4.82174487 4.87585764 4.00000041],cruising,[ 0.50568378 -0.03156594 -0.11489306]
615.6170861721039,1000,False,6,2,[ 1.26233231 -2.98544964  4.00000104],cruising,[-0.82138112 -0.19970136 -0.21083176]
615.6170861721039,1001,False,3,6,[-1.84044941  7.2331835   4.0000007 ],cruising,[-0.48080528  0.59740651 -0.20557775]
615.6170861721039,1002,False,1,5,[-6.76454149  5.29126661  4.        ],exiting,[ 0.5677905  -0.59831228 -0.99408226]
615.6170861721039,1003,False,0,4,[7.38800925 4.28807422 3.99285312],cruising,[ 0.63925976  0.24903542 -0.34837281]
615.6170861721039,1004,False,4,3,[ 2.00169673 -3.18214867  3.99549   ],cruising,[-0.62185191  0.08809385  0.93462812]
615.6170861721039,1005,False,2,1,[5.02116233 4.86060389 4.00000034],cruising,[ 0.50568378 -0.03156594 -0.11489306]
615.714693069458,1000,False,6,2,[ 1.0648922  -2.95355288  4.00000088],cruising,[-0.82138112 -0.19970136 -0.21083176]
615.714693069458,1001,False,3,6,[-1.64660893  7.18393041  4.00000059],cruising,[-0.48080528  0.59740651 -0.20557775]
615.714693069458,1002,False,1,5,[-6.82747643  5.36897886  4.        ],exiting,[ 0.5677905  -0.59831228 -0.99408226]
615.714693069458,1003,False,0,4,[7.54926904 4.16977258 3.99392516],cruising,[ 0.63925976  0.24903542 -0.34837281]
615.714693069458,1004,False,4,3,[ 1.81102278 -3.12178771  3.9961665 ],cruising,[-0.62185191  0.08809385  0.93462812]
615.714693069458,1005,False,2,1,[5.22049133 4.84423465 4.00000029],cruising,[ 0.50568378 -0.03156594 -0.11489306]
615.8276889324188,1000,False,6,2,[ 0.86529601 -2.94153956  4.00000075],cruising,[-0.82138112 -0.19970136 -0.21083176]
615.8276889324188,1001,False,3,6,[-1.45543523  7.12517143  4.0000005 ],cruising,[-0.48080528  0.59740651 -0.20557775]
615.8276889324188,1002,False,1,5,[-6.89041137  5.44669111  4.        ],exiting,[ 0.5677905  -0.59831228 -0.99408226]
615.8276889324188,1003,False,0,4,[7.69910513 4.03729938 3.99483638],cruising,[ 0.63925976  0.24903542 -0.34837281]
615.8276889324188,1004,False,4,3,[ 1.61886519 -3.06633086  3.99674152],cruising,[-0.62185191  0.08809385  0.93462812]
615.8276889324188,1005,False,2,1,[5.41957863 4.82514946 4.00000025],cruising,[ 0.50568378 -0.03156594 -0.11489306]
615.9150867462158,1000,False,6,2,[ 0.66534342 -2.94589394  4.00000064],cruising,[-0.82138112 -0.19970136 -0.21083176]
615.9150867462158,1001,False,3,6,[-1.26884346  7.05317483  4.00000043],cruising,[-0.48080528  0.59740651 -0.20557775]
615.9150867462158,1002,False,1,5,[-6.9533463   5.52440336  4.        ],exiting,[ 0.5677905  -0.59831228 -0.99408226]
615.9150867462158,1003,False,0,4,[7.83494675 3.89053854 3.99561371],cruising,[ 0.63925976  0.24903542 -0.34837281]
615.9150867462158,1004,False,4,3,[ 1.42503346 -3.01704333  3.99723029],cruising,[-0.62185191  0.08809385  0.93462812]
615.9150867462158,1005,False,2,1,[5.6183121  4.80267701 4.00000021],cruising,[ 0.50568378 -0.03156594 -0.11489306]
616.0148198604584,1000,False,6,2,[ 0.46584091 -2.95999178  4.00000054],cruising,[-0.82138112 -0.19970136 -0.21083176]
616.0148198604584,1001,False,3,6,[-1.08666758  6.97064029  4.00000036],cruising,[-0.48080528  0.59740651 -0.20557775]
616.0148198604584,1002,False,1,5,[-7.01628124  5.60211561  4.        ],exiting,[ 0.5677905  -0.59831228 -0.99408226]
616.0148198604584,1003,False,0,4,[7.95502573 3.73146777 3.9963202 ],cruising,[ 0.63925976  0.24903542 -0.34837281]
616.0148198604584,1004,False,4,3,[ 1.22936218 -2.97565793  3.99764575],cruising,[-0.62185191  0.08809385  0.93462812]
616.0148198604584,1005,False,2,1,[5.8165394  4.77610758 4.00000018],cruising,[ 0.50568378 -0.03156594 -0.11489306]
616.1265215873718,1000,False,6,2,[ 0.26799131 -2.98924132  4.00000046],cruising,[-0.82138112 -0.19970136 -0.21083176]
616.1265215873718,1001,False,3,6,[-0.90842147  6.87993019  4.00000031],cruising,[-0.48080528  0.59740651 -0.20557775]
616.1265215873718,1002,False,1,5,[-7.07921618  5.67982785  4.        ],exiting,[ 0.5677905  -0.59831228 -0.99408226]
616.1265215873718,1003,False,0,4,[8.05826497 3.56160735 3.99694515],cruising,[ 0.63925976  0.24903542 -0.34837281]
616.1265215873718,1004,False,4,3,[ 1.03096596 -2.95038073  3.99799889],cruising,[-0.62185191  0.08809385  0.93462812]
616.1265215873718,1005,False,2,1,[6.01405371 4.74467353 4.00000015],cruising,[ 0.50568378 -0.03156594 -0.11489306]
616.2146282196045,1000,False,6,2,[ 0.07376299 -3.03694206  4.00000039],cruising,[-0.82138112 -0.19970136 -0.21083176]
616.2146282196045,1001,False,3,6,[-0.73231766  6.78512804  4.00000026],cruising,[-0.48080528  0.59740651 -0.20557775]
616.2146282196045,1002,False,1,5,[-7.14215112  5.7575401   4.        ],exiting,[ 0.5677905  -0.59831228 -0.99408226]
616.2146282196045,1003,False,0,4,[8.1437857  3.38247081 3.99748275],cruising,[ 0.63925976  0.24903542 -0.34837281]
616.2146282196045,1004,False,4,3,[ 0.8312705  -2.93934783  3.99829905],cruising,[-0.62185191  0.08809385  0.93462812]
616.2146282196045,1005,False,2,1,[6.2105744  4.70753033 4.00000013],cruising,[ 0.50568378 -0.03156594 -0.11489306]
616.3145389556885,1000,False,6,2,[-0.11721467 -3.09633509  4.00000033],cruising,[-0.82138112 -0.19970136 -0.21083176]
616.3145389556885,1001,False,3,6,[-0.55925114  6.68488843  4.00000022],cruising,[-0.48080528  0.59740651 -0.20557775]
616.3145389556885,1002,False,1,5,[-7.20508605  5.83525235  4.        ],exiting,[ 0.5677905  -0.59831228 -0.99408226]
616.3145389556885,1003,False,0,4,[8.21091509 3.19547613 3.99792633],cruising,[ 0.63925976  0.24903542 -0.34837281]
616.3145389556885,1004,False,4,3,[ 0.63132846 -2.94416255  3.9985542 ],cruising,[-0.62185191  0.08809385  0.93462812]
616.3145389556885,1005,False,2,1,[6.40572135 4.66373915 4.00000011],cruising,[ 0.50568378 -0.03156594 -0.11489306]
616.4284834861755,1000,False,6,2,[-0.30465128 -3.16610269  4.00000028],cruising,[-0.82138112 -0.19970136 -0.21083176]
616.4284834861755,1001,False,3,6,[-0.38839685  6.58092299  4.00000019],cruising,[-0.48080528  0.59740651 -0.20557775]
616.4284834861755,1002,False,1,5,[-7.26802099  5.9129646   4.        ],exiting,[ 0.5677905  -0.59831228 -0.99408226]
616.4284834861755,1003,False,0,4,[8.25913297 3.00197425 3.99826691],cruising,[ 0.63925976  0.24903542 -0.34837281]
616.4284834861755,1004,False,4,3,[ 0.43230372 -2.96388947  3.99877107],cruising,[-0.62185191  0.08809385  0.93462812]
616.4284834861755,1005,False,2,1,[6.59898064 4.61225275 4.00000009],cruising,[ 0.50568378 -0.03156594 -0.11489306]
616.5146622657776,1000,False,6,2,[-0.48748606 -3.24716714  4.00000024],cruising,[-0.82138112 -0.19970136 -0.21083176]
616.5146622657776,1001,False,3,6,[-0.21845437  6.4754737   4.00000016],cruising,[-0.48080528  0.59740651 -0.20557775]
616.5146622657776,1002,False,1,5,[-7.33095593  5.99067685  4.        ],exiting,[ 0.5677905  -0.59831228 -0.99408226]
616.5146622657776,1003,False,0,4,[8.29440627 2.80510933 3.99852687],cruising,[ 0.63925976  0.24903542 -0.34837281]
616.5146622657776,1004,False,4,3,[ 0.23521433 -2.99788611  3.99895541],cruising,[-0.62185191  0.08809385  0.93462812]
616.5146622657776,1005,False,2,1,[6.7896599  4.55190857 4.00000008],cruising,[ 0.50568378 -0.03156594 -0.11489306]
616.6180860996246,1000,False,6,2,[-0.6669075  -3.33552972  4.0000002 ],cruising,[-0.82138112 -0.19970136 -0.21083176]
616.6180860996246,1001,False,3,6,[-0.0495699   6.3683381   4.00000014],cruising,[-0.48080528  0.59740651 -0.20557775]
616.6180860996246,1002,False,1,5,[-7.39389087  6.0683891   4.        ],exiting,[ 0.5677905  -0.59831228 -0.99408226]
616.6180860996246,1003,False,0,4,[8.3285015  2.60803697 3.99874784],cruising,[ 0.63925976  0.24903542 -0.34837281]
616.6180860996246,1004,False,4,3,[ 0.04090476 -3.04525477  3.9991121 ],cruising,[-0.62185191  0.08809385  0.93462812]
616.6180860996246,1005,False,2,1,[6.97683237 4.48143543 4.00000007],cruising,[ 0.50568378 -0.03156594 -0.11489306]
616.7147595882416,1000,False,6,2,[-0.84475598 -3.42701697  4.00000017],cruising,[-0.82138112 -0.19970136 -0.21083176]
616.7147595882416,1001,False,3,6,[0.119132   6.26091525 4.00000012],cruising,[-0.48080528  0.59740651 -0.20557775]
616.7147595882416,1002,False,1,5,[-7.4568258   6.14610135  4.        ],exiting,[ 0.5677905  -0.59831228 -0.99408226]
616.7147595882416,1003,False,0,4,[8.35700734 2.41007885 3.99893567],cruising,[ 0.63925976  0.24903542 -0.34837281]
616.7147595882416,1004,False,4,3,[-0.14885035 -3.10844496  3.99924528],exiting,[-0.62185191  0.08809385  0.93462812]
616.7147595882416,1005,False,2,1,[7.1592711  4.39948354 4.00000006],cruising,[ 0.50568378 -0.03156594 -0.11489306]
616.8156971931458,1000,False,6,2,[-1.0238843  -3.51597227  4.00000015],cruising,[-0.82138112 -0.19970136 -0.21083176]
616.8156971931458,1001,False,3,6,[0.28791645 6.15362215 4.0000001 ],cruising,[-0.48080528  0.59740651 -0.20557775]
616.8156971931458,1002,False,1,5,[-7.51976074  6.2238136   4.        ],exiting,[ 0.5677905  -0.59831228 -0.99408226]
616.8156971931458,1003,False,0,4,[8.38409205 2.21192129 3.99909532],cruising,[ 0.63925976  0.24903542 -0.34837281]
616.8156971931458,1004,False,4,3,[-0.31897944 -3.17548476  3.99937802],exiting,[-0.62185191  0.08809385  0.93462812]
616.8156971931458,1005,False,2,1,[7.33538032 4.30469144 4.00000005],cruising,[ 0.50568378 -0.03156594 -0.11489306]
616.92054271698,1000,False,6,2,[-1.20715002 -3.59605769  4.00000013],cruising,[-0.82138112 -0.19970136 -0.21083176]
616.92054271698,1001,False,3,6,[0.45720374 6.0471242  4.00000008],cruising,[-0.48080528  0.59740651 -0.20557775]
616.92054271698,1002,False,1,5,[-7.58269568  6.30152585  4.        ],exiting,[ 0.5677905  -0.59831228 -0.99408226]
616.92054271698,1003,False,0,4,[8.40615404 2.01314185 3.99923102],cruising,[ 0.63925976  0.24903542 -0.34837281]
616.92054271698,1004,False,4,3,[-0.46947129 -3.24631649  3.99950835],exiting,[-0.62185191  0.08809385  0.93462812]
616.92054271698,1005,False,2,1,[7.50314093 4.19580444 4.00000004],cruising,[ 0.50568378 -0.03156594 -0.11489306]
617.0141167640686,1000,False,6,2,[-1.39732716 -3.65737527  4.00000011],cruising,[-0.82138112 -0.19970136 -0.21083176]
617.0141167640686,1001,False,3,6,[0.6272571  5.94185382 4.00000007],cruising,[-0.48080528  0.59740651 -0.20557775]
617.0141167640686,1002,False,1,5,[-7.64563062  6.3792381   4.        ],exiting,[ 0.5677905  -0.59831228 -0.99408226]
617.0141167640686,1003,False,0,4,[8.42673535 1.81420364 3.99934637],cruising,[ 0.63925976  0.24903542 -0.34837281]
617.0141167640686,1004,False,4,3,[-0.60031219 -3.32086843  3.99963399],exiting,[-0.62185191  0.08809385  0.93462812]
617.0141167640686,1005,False,2,1,[7.65887544 4.07093706 4.00000004],cruising,[ 0.50568378 -0.03156594 -0.11489306]
617.1235914230347,1000,False,6,2,[-1.59126408 -3.69904942  4.00000009],cruising,[-0.82138112 -0.19970136 -0.21083176]
617.1235914230347,1001,False,3,6,[0.79884389 5.83910181 4.00000006],cruising,[-0.48080528  0.59740651 -0.20557775]
617.1235914230347,1002,False,1,5,[-7.70856555  6.45695035  4.        ],exiting,[ 0.5677905  -0.59831228 -0.99408226]
617.1235914230347,1003,False,0,4,[8.44283087 1.61485236 3.99944441],cruising,[ 0.63925976  0.24903542 -0.34837281]
617.1235914230347,1004,False,4,3,[-0.71148524 -3.39905025  3.99975221],exiting,[-0.62185191  0.08809385  0.93462812]
617.1235914230347,1005,False,2,1,[7.80119342 3.93123738 4.00000003],cruising,[ 0.50568378 -0.03156594 -0.11489306]
617.2142486572266,1000,False,6,2,[-1.78584669 -3.720734    4.00000007],cruising,[-0.82138112 -0.19970136 -0.21083176]
617.2142486572266,1001,False,3,6,[0.97177598 5.73863047 4.00000005],cruising,[-0.48080528  0.59740651 -0.20557775]
617.2142486572266,1002,False,1,5,[-7.77150049  6.5346626   4.        ],exiting,[ 0.5677905  -0.59831228 -0.99408226]
617.2142486572266,1003,False,0,4,[8.45744805 1.41538723 3.99952775],cruising,[ 0.63925976  0.24903542 -0.34837281]
617.2142486572266,1004,False,4,3,[-0.80296866 -3.48074175  3.99985951],exiting,[-0.62185191  0.08809385  0.93462812]
617.2142486572266,1005,False,2,1,[7.92863247 3.77817293 4.00000002],cruising,[ 0.50568378 -0.03156594 -0.11489306]
617.3148260116577,1000,False,6,2,[-1.97807422 -3.72255772  4.00000006],cruising,[-0.82138112 -0.19970136 -0.21083176]
617.3148260116577,1001,False,3,6,[1.14707346 5.6423455  4.00000004],cruising,[-0.48080528  0.59740651 -0.20557775]
617.3148260116577,1002,False,1,5,[-7.83443543  6.61237484  4.        ],exiting,[ 0.5677905  -0.59831228 -0.99408226]
617.3148260116577,1003,False,0,4,[8.47033585 1.2158029  3.99959859],cruising,[ 0.63925976  0.24903542 -0.34837281]
617.3148260116577,1004,False,4,3,[-0.8747323  -3.5657695   3.99995103],exiting,[-0.62185191  0.08809385  0.93462812]
617.3148260116577,1005,False,2,1,[8.03984311 3.61341922 4.00000002],cruising,[ 0.50568378 -0.03156594 -0.11489306]
617.4223375320435,1000,False,6,2,[-2.16504788 -3.70508386  4.00000004],cruising,[-0.82138112 -0.19970136 -0.21083176]
617.4223375320435,1001,False,3,6,[1.3241672  5.54940569 4.00000004],cruising,[-0.48080528  0.59740651 -0.20557775]
617.4223375320435,1002,False,1,5,[-7.89737036  6.69008709  4.        ],exiting,[ 0.5677905  -0.59831228 -0.99408226]
617.4223375320435,1003,False,0,4,[8.47896281 1.01598904 3.9996588 ],cruising,[ 0.63925976  0.24903542 -0.34837281]
617.4223375320435,1004,False,4,3,[-0.9267555  -3.65400884  4.00002345],exiting,[-0.62185191  0.08809385  0.93462812]
617.4223375320435,1005,False,2,1,[8.13346756 3.43914049 4.00000002],cruising,[ 0.50568378 -0.03156594 -0.11489306]
617.5145618915558,1000,False,6,2,[-2.34444034 -3.66910255  4.00000003],cruising,[-0.82138112 -0.19970136 -0.21083176]
617.5145618915558,1001,False,3,6,[1.50327288 5.46040483 4.00000003],cruising,[-0.48080528  0.59740651 -0.20557775]
617.5145618915558,1002,False,1,5,[-7.9603053   6.76779934  4.        ],exiting,[ 0.5677905  -0.59831228 -0.99408226]
617.5145618915558,1003,False,0,4,[8.48600484 0.81611306 3.99970998],cruising,[ 0.63925976  0.24903542 -0.34837281]
617.5145618915558,1004,False,4,3,[-0.95901741 -3.74532892  4.00007352],exiting,[-0.62185191  0.08809385  0.93462812]
617.5145618915558,1005,False,2,1,[8.20908192 3.25616485 4.00000001],exiting,[ 0.50568378 -0.03156594 -0.11489306]
617.625744342804,1000,False,6,2,[-2.51406283 -3.61566995  4.00000001],cruising,[-0.82138112 -0.19970136 -0.21083176]
617.625744342804,1001,False,3,6,[1.68561026 5.37822769 4.00000003],cruising,[-0.48080528  0.59740651 -0.20557775]
617.625744342804,1002,False,1,5,[-8.02324024  6.84551159  4.        ],exiting,[ 0.5677905  -0.59831228 -0.99408226]
617.625744342804,1003,False,0,4,[8.49128269 0.61618271 3.99975348],cruising,[ 0.63925976  0.24903542 -0.34837281]
617.625744342804,1004,False,4,3,[-0.97149734 -3.83959396  4.00009817],exiting,[-0.62185191  0.08809385  0.93462812]
617.625744342804,1005,False,2,1,[8.26615949 3.0806984  4.00000001],exiting,[ 0.50568378 -0.03156594 -0.11489306]
617.7152216434479,1000,False,6,2,[-2.67192204 -3.54606252  4.        ],cruising,[-0.82138112 -0.19970136 -0.21083176]
617.7152216434479,1001,False,3,6,[1.87014208 5.30110438 4.00000002],cruising,[-0.48080528  0.59740651 -0.20557775]
617.7152216434479,1002,False,1,5,[-8.08617518  6.92322384  4.        ],exiting,[ 0.5677905  -0.59831228 -0.99408226]
617.7152216434479,1003,False,0,4,[8.49254308 0.41618668 3.99979046],cruising,[ 0.63925976  0.24903542 -0.34837281]
617.7152216434479,1004,False,4,3,[-0.96417503 -3.93666442  4.00009509],exiting,[-0.62185191  0.08809385  0.93462812]
617.7152216434479,1005,False,2,1,[8.30716233 2.91713164 4.00000001],exiting,[ 0.50568378 -0.03156594 -0.11489306]
617.8467442989349,1000,False,6,2,[-2.81634065 -3.46164461  3.99999999],cruising,[-0.82138112 -0.19970136 -0.21083176]
617.8467442989349,1001,False,3,6,[2.05697549 5.22973718 4.00000002],cruising,[-0.48080528  0.59740651 -0.20557775]
617.8467442989349,1002,False,1,5,[-8.14911011  7.00093609  4.        ],exiting,[ 0.5677905  -0.59831228 -0.99408226]
617.8467442989349,1003,False,0,4,[8.49218802 0.216187   3.99982189],cruising,[ 0.63925976  0.24903542 -0.34837281]
617.8467442989349,1004,False,4,3,[-0.94661496 -4.03511057  4.00007847],exiting,[-0.62185191  0.08809385  0.93462812]
617.8467442989349,1005,False,2,1,[8.33326329 2.76690408 4.00000001],exiting,[ 0.50568378 -0.03156594 -0.11489306]
618.030522108078,1000,False,6,2,[-2.94586561 -3.36387832  3.99999998],cruising,[-0.82138112 -0.19970136 -0.21083176]
618.030522108078,1001,False,3,6,[2.24756641 5.16911456 4.00000002],cruising,[-0.48080528  0.59740651 -0.20557775]
618.030522108078,1002,False,1,5,[-8.21204505  7.07864834  4.        ],exiting,[ 0.5677905  -0.59831228 -0.99408226]
618.030522108078,1003,False,0,4,[8.49005877 0.01619833 3.99984861],cruising,[ 0.63925976  0.24903542 -0.34837281]
618.030522108078,1004,False,4,3,[-0.92905489 -4.13355672  4.0000647 ],exiting,[-0.62185191  0.08809385  0.93462812]
618.030522108078,1005,False,2,1,[8.34512809 2.630724   4.        ],exiting,[ 0.50568378 -0.03156594 -0.11489306]
618.1747236251831,1000,False,6,2,[-3.05919548 -3.25437665  3.99999997],cruising,[-0.82138112 -0.19970136 -0.21083176]
618.1747236251831,1001,False,3,6,[2.44110358 5.11868279 4.00000001],cruising,[-0.48080528  0.59740651 -0.20557775]
618.1747236251831,1002,False,1,5,[-8.27497999  7.15636059  4.        ],exiting,[ 0.5677905  -0.59831228 -0.99408226]
618.1747236251831,1003,False,0,4,[ 8.48602944 -0.18376108  3.99987132],cruising,[ 0.63925976  0.24903542 -0.34837281]
618.1747236251831,1004,False,4,3,[-0.91149482 -4.23200286  4.00005331],exiting,[-0.62185191  0.08809385  0.93462812]
618.1747236251831,1005,False,2,1,[8.3432368  2.50906184 4.        ],exiting,[ 0.50568378 -0.03156594 -0.11489306]
618.2846467494965,1000,False,6,2,[-3.155231   -3.1348298   3.99999997],cruising,[-0.82138112 -0.19970136 -0.21083176]
618.2846467494965,1001,False,3,6,[2.63671395 5.07701048 4.00000001],cruising,[-0.48080528  0.59740651 -0.20557775]
618.2846467494965,1002,False,1,5,[-8.33791493  7.23407284  4.        ],exiting,[ 0.5677905  -0.59831228 -0.99408226]
618.2846467494965,1003,False,0,4,[ 8.47792294 -0.38359672  3.99989062],cruising,[ 0.63925976  0.24903542 -0.34837281]
618.2846467494965,1004,False,4,3,[-0.89393475 -4.33044901  4.00004389],exiting,[-0.62185191  0.08809385  0.93462812]
618.2846467494965,1005,False,2,1,[8.32802255 2.40231607 4.        ],exiting,[ 0.50568378 -0.03156594 -0.11489306]
618.3859050273895,1000,False,6,2,[-3.23335174 -3.00639137  3.99999996],cruising,[-0.82138112 -0.19970136 -0.21083176]
618.3859050273895,1001,False,3,6,[2.83375072 5.04271013 4.00000001],cruising,[-0.48080528  0.59740651 -0.20557775]
618.3859050273895,1002,False,1,5,[-8.40084986  7.31178509  4.        ],landing,[ 0.5677905  -0.59831228 -0.99408226]
618.3859050273895,1003,False,0,4,[ 8.46806852 -0.5833538   3.99990703],cruising,[ 0.63925976  0.24903542 -0.34837281]
618.3859050273895,1004,False,4,3,[-0.87637468 -4.42889516  4.0000361 ],exiting,[-0.62185191  0.08809385  0.93462812]
618.3859050273895,1005,False,2,1,[8.29998784 2.31092072 4.        ],exiting,[ 0.50568378 -0.03156594 -0.11489306]
618.4983565807343,1000,False,6,2,[-3.29318445 -2.86985674  3.99999996],cruising,[-0.82138112 -0.19970136 -0.21083176]
618.4983565807343,1001,False,3,6,[3.03174967 5.01448933 4.00000001],cruising,[-0.48080528  0.59740651 -0.20557775]
618.4983565807343,1002,False,1,5,[-8.45271253  7.38105136  3.98564485],landing,[ 0.5677905  -0.59831228 -0.99408226]
618.4983565807343,1003,False,0,4,[ 8.45630952 -0.78300781  3.99992097],cruising,[ 0.63925976  0.24903542 -0.34837281]
618.4983565807343,1004,False,4,3,[-0.85881461 -4.52734131  4.00002966],exiting,[-0.62185191  0.08809385  0.93462812]
618.4983565807343,1005,False,2,1,[8.25938849 2.23508591 4.        ],exiting,[ 0.50568378 -0.03156594 -0.11489306]
618.5983231067657,1000,False,6,2,[-3.33455551 -2.72563009  3.99999996],cruising,[-0.82138112 -0.19970136 -0.21083176]
618.5983231067657,1001,False,3,6,[3.23038592 4.9911732  4.00000001],cruising,[-0.48080528  0.59740651 -0.20557775]
618.5983231067657,1002,False,1,5,[-8.49342069  7.44171211  3.95709386],landing,[ 0.5677905  -0.59831228 -0.99408226]
618.5983231067657,1003,False,0,4,[ 8.44043503 -0.98237682  3.99993283],cruising,[ 0.63925976  0.24903542 -0.34837281]
618.5983231067657,1004,False,4,3,[-0.84125454 -4.62578745  4.00002435],exiting,[-0.62185191  0.08809385  0.93462812]
618.5983231067657,1005,False,2,1,[8.2064888  2.17502137 4.        ],exiting,[ 0.50568378 -0.03156594 -0.11489306]
618.6986017227173,1000,False,6,2,[-3.3573921  -2.57388856  3.99999995],cruising,[-0.82138112 -0.19970136 -0.21083176]
618.6986017227173,1001,False,3,6,[3.42943646 4.97170834 4.00000001],cruising,[-0.48080528  0.59740651 -0.20557775]
618.6986017227173,1002,False,1,5,[-8.52287766  7.49357729  3.91454113],landing,[ 0.5677905  -0.59831228 -0.99408226]
618.6986017227173,1003,False,0,4,[ 8.42270304 -1.18158921  3.9999429 ],cruising,[ 0.63925976  0.24903542 -0.34837281]
618.6986017227173,1004,False,4,3,[-0.82369447 -4.7242336   4.00001997],exiting,[-0.62185191  0.08809385  0.93462812]
618.6986017227173,1005,False,2,1,[8.14156194 2.13093642 3.99999999],exiting,[ 0.50568378 -0.03156594 -0.11489306]
618.7983360290527,1000,False,6,2,[-3.36169762 -2.41462377  3.99999996],cruising,[-0.82138112 -0.19970136 -0.21083176]
618.7983360290527,1001,False,3,6,[3.62875032 4.95515575 4.00000001],cruising,[-0.48080528  0.59740651 -0.20557775]
618.7983360290527,1002,False,1,5,[-8.5409497   7.5363792   3.85826832],landing,[ 0.5677905  -0.59831228 -0.99408226]
618.7983360290527,1003,False,0,4,[ 8.40292069 -1.38060845  3.99995147],cruising,[ 0.63925976  0.24903542 -0.34837281]
618.7983360290527,1004,False,4,3,[-0.8061344  -4.82267975  4.00001636],exiting,[-0.62185191  0.08809385  0.93462812]
618.7983360290527,1005,False,2,1,[8.06489068 2.10304001 3.99999999],exiting,[ 0.50568378 -0.03156594 -0.11489306]
618.9060716629028,1000,False,6,2,[-3.34779373 -2.24708751  3.99999996],cruising,[-0.82138112 -0.19970136 -0.21083176]
618.9060716629028,1001,False,3,6,[3.8282256  4.94067777 4.        ],cruising,[-0.48080528  0.59740651 -0.20557775]
618.9060716629028,1002,False,1,5,[-8.5475388   7.56991787  3.78849239],landing,[ 0.5677905  -0.59831228 -0.99408226]
618.9060716629028,1003,False,0,4,[ 8.38091193 -1.5793938   3.99995875],cruising,[ 0.63925976  0.24903542 -0.34837281]
618.9060716629028,1004,False,4,3,[-0.78857433 -4.9211259   4.00001338],exiting,[-0.62185191  0.08809385  0.93462812]
618.9060716629028,1005,False,2,1,[7.97676831 2.09154093 4.        ],exiting,[ 0.50568378 -0.03156594 -0.11489306]
618.9980907440186,1000,False,6,2,[-3.31671125 -2.06930936  3.99999996],cruising,[-0.82138112 -0.19970136 -0.21083176]
618.9980907440186,1001,False,3,6,[4.02779247 4.92752235 4.        ],cruising,[-0.48080528  0.59740651 -0.20557775]
618.9980907440186,1002,False,1,5,[-8.54254803  7.59399194  3.7054376 ],landing,[ 0.5677905  -0.59831228 -0.99408226]
618.9980907440186,1003,False,0,4,[ 8.35411775 -1.77759085  3.99996493],cruising,[ 0.63925976  0.24903542 -0.34837281]
618.9980907440186,1004,False,4,3,[-0.77101426 -5.01957204  4.00001093],exiting,[-0.62185191  0.08809385  0.93462812]
618.9980907440186,1005,False,2,1,[7.87749969 2.0966479  4.        ],exiting,[ 0.50568378 -0.03156594 -0.11489306]
619.0988132953644,1000,False,6,2,[-3.27383529 -1.87537838  3.99999997],cruising,[-0.82138112 -0.19970136 -0.21083176]
619.0988132953644,1001,False,3,6,[4.22737518 4.91460955 4.        ],cruising,[-0.48080528  0.59740651 -0.20557775]
619.0988132953644,1002,False,1,5,[-8.5258811   7.60839762  3.60933714],landing,[ 0.5677905  -0.59831228 -0.99408226]
619.0988132953644,1003,False,0,4,[ 8.32506589 -1.97546958  3.99997019],cruising,[ 0.63925976  0.24903542 -0.34837281]
619.0988132953644,1004,False,4,3,[-0.75345419 -5.11801819  4.00000892],exiting,[-0.62185191  0.08809385  0.93462812]
619.0988132953644,1005,False,2,1,[7.77767782 2.10261395 4.        ],exiting,[ 0.50568378 -0.03156594 -0.11489306]
619.19833111763,1000,False,6,2,[-3.24633825 -1.67727761  3.99999997],cruising,[-0.82138112 -0.19970136 -0.21083176]
619.19833111763,1001,False,3,6,[4.42698453 4.90211526 4.        ],cruising,[-0.48080528  0.59740651 -0.20557775]
619.19833111763,1002,False,1,5,[-8.50795466  7.62174671  3.51186692],landing,[ 0.5677905  -0.59831228 -0.99408226]
619.19833111763,1003,False,0,4,[ 8.29350281 -2.1729633   3.99997467],cruising,[ 0.63925976  0.24903542 -0.34837281]
619.19833111763,1004,False,4,3,[-0.73589412 -5.21646434  4.00000727],exiting,[-0.62185191  0.08809385  0.93462812]
619.19833111763,1005,False,2,1,[7.67785595 2.10857999 4.        ],exiting,[ 0.50568378 -0.03156594 -0.11489306]
619.3060553073883,1000,False,6,2,[-3.23532237 -1.47758122  3.99999998],cruising,[-0.82138112 -0.19970136 -0.21083176]
619.3060553073883,1001,False,3,6,[4.62657598 4.88933828 4.        ],cruising,[-0.48080528  0.59740651 -0.20557775]
619.3060553073883,1002,False,1,5,[-8.49002821  7.63509581  3.41439669],landing,[ 0.5677905  -0.59831228 -0.99408226]
619.3060553073883,1003,False,0,4,[ 8.25637963 -2.36948778  3.99997847],cruising,[ 0.63925976  0.24903542 -0.34837281]
619.3060553073883,1004,False,4,3,[-0.71833405 -5.31491049  4.00000591],exiting,[-0.62185191  0.08809385  0.93462812]
619.3060553073883,1005,False,2,1,[7.57803407 2.11454604 4.        ],exiting,[ 0.50568378 -0.03156594 -0.11489306]
619.3985521793365,1000,False,6,2,[-3.24022427 -1.2776413   3.99999998],cruising,[-0.82138112 -0.19970136 -0.21083176]
619.3985521793365,1001,False,3,6,[4.82610529 4.87562484 4.        ],cruising,[-0.48080528  0.59740651 -0.20557775]
619.3985521793365,1002,False,1,5,[-8.47210177  7.64844491  3.31692647],landing,[ 0.5677905  -0.59831228 -0.99408226]
619.3985521793365,1003,False,0,4,[ 8.2165408  -2.56547979  3.9999817 ],cruising,[ 0.63925976  0.24903542 -0.34837281]
619.3985521793365,1004,False,4,3,[-0.70077398 -5.41335663  4.0000048 ],exiting,[-0.62185191  0.08809385  0.93462812]
619.3985521793365,1005,False,2,1,[7.4782122  2.12051208 4.        ],exiting,[ 0.50568378 -0.03156594 -0.11489306]
619.5032849311829,1000,False,6,2,[-3.25903266 -1.07852765  3.99999998],cruising,[-0.82138112 -0.19970136 -0.21083176]
619.5032849311829,1001,False,3,6,[5.02552095 4.86034759 4.        ],cruising,[-0.48080528  0.59740651 -0.20557775]
619.5032849311829,1002,False,1,5,[-8.45417532  7.66179401  3.21945625],landing,[ 0.5677905  -0.59831228 -0.99408226]
619.5032849311829,1003,False,0,4,[ 8.17045378 -2.76009733  3.99998444],cruising,[ 0.63925976  0.24903542 -0.34837281]
619.5032849311829,1004,False,4,3,[-0.68321391 -5.51180278  4.00000389],exiting,[-0.62185191  0.08809385  0.93462812]
619.5032849311829,1005,False,2,1,[7.37839033 2.12647813 4.        ],exiting,[ 0.50568378 -0.03156594 -0.11489306]
619.6061933040619,1000,False,6,2,[-3.29147181 -0.88117593  3.99999999],cruising,[-0.82138112 -0.19970136 -0.21083176]
619.6061933040619,1001,False,3,6,[5.22484807 4.84395563 4.        ],cruising,[-0.48080528  0.59740651 -0.20557775]
619.6061933040619,1002,False,1,5,[-8.43624888  7.67514311  3.12198603],landing,[ 0.5677905  -0.59831228 -0.99408226]
619.6061933040619,1003,False,0,4,[ 8.12119952 -2.95393751  3.99998678],cruising,[ 0.63925976  0.24903542 -0.34837281]
619.6061933040619,1004,False,4,3,[-0.66565385 -5.61024893  4.00000315],exiting,[-0.62185191  0.08809385  0.93462812]
619.6061933040619,1005,False,2,1,[7.27856846 2.13244418 4.        ],exiting,[ 0.50568378 -0.03156594 -0.11489306]
619.7025418281555,1000,False,6,2,[-3.33642041 -0.68629231  3.99999999],cruising,[-0.82138112 -0.19970136 -0.21083176]
619.7025418281555,1001,False,3,6,[5.42393263 4.82484182 4.        ],cruising,[-0.48080528  0.59740651 -0.20557775]
619.7025418281555,1002,False,1,5,[-8.41832244  7.6884922   3.02451581],landing,[ 0.5677905  -0.59831228 -0.99408226]
619.7025418281555,1003,False,0,4,[ 8.06449956 -3.14573198  3.99998876],cruising,[ 0.63925976  0.24903542 -0.34837281]
619.7025418281555,1004,False,4,3,[-0.64809378 -5.70869508  4.00000254],exiting,[-0.62185191  0.08809385  0.93462812]
619.7025418281555,1005,False,2,1,[7.17874658 2.13841022 4.        ],exiting,[ 0.50568378 -0.03156594 -0.11489306]
619.8035752773285,1000,False,6,2,[-3.39122458 -0.49394757  3.99999999],cruising,[-0.82138112 -0.19970136 -0.21083176]
619.8035752773285,1001,False,3,6,[5.62266196 4.80233285 4.        ],exiting,[-0.48080528  0.59740651 -0.20557775]
619.8035752773285,1002,False,1,5,[-8.40039599  7.7018413   2.92704558],landing,[ 0.5677905  -0.59831228 -0.99408226]
619.8035752773285,1003,False,0,4,[ 8.00389503 -3.33632865  3.99999045],exiting,[ 0.63925976  0.24903542 -0.34837281]
619.8035752773285,1004,False,4,3,[-0.63053371 -5.80714122  4.00000205],exiting,[-0.62185191  0.08809385  0.93462812]
619.8035752773285,1005,False,2,1,[7.07892471 2.14437627 4.        ],exiting,[ 0.50568378 -0.03156594 -0.11489306]
619.9089031219482,1000,False,6,2,[-3.45690209 -0.30503895  3.99999999],cruising,[-0.82138112 -0.19970136 -0.21083176]
619.9089031219482,1001,False,3,6,[5.80527557 4.79166802 4.        ],exiting,[-0.48080528  0.59740651 -0.20557775]
619.9089031219482,1002,False,1,5,[-8.38246955  7.7151904   2.82957536],landing,[ 0.5677905  -0.59831228 -0.99408226]
619.9089031219482,1003,False,0,4,[ 7.95623604 -3.51168022  3.99999213],exiting,[ 0.63925976  0.24903542 -0.34837281]
619.9089031219482,1004,False,4,3,[-0.61297364 -5.90558737  4.00000164],exiting,[-0.62185191  0.08809385  0.93462812]
619.9089031219482,1005,False,2,1,[6.97910284 2.15034232 4.        ],exiting,[ 0.50568378 -0.03156594 -0.11489306]
620.0040979385376,1000,False,6,2,[-3.53280297 -0.12000096  3.99999999],cruising,[-0.82138112 -0.19970136 -0.21083176]
620.0040979385376,1001,False,3,6,[5.97175446 4.79282141 4.        ],exiting,[-0.48080528  0.59740651 -0.20557775]
620.0040979385376,1002,False,1,5,[-8.3645431   7.7285395   2.73210514],landing,[ 0.5677905  -0.59831228 -0.99408226]
620.0040979385376,1003,False,0,4,[ 7.92167857 -3.67192053  3.99999377],exiting,[ 0.63925976  0.24903542 -0.34837281]
620.0040979385376,1004,False,4,3,[-0.59541357 -6.00403352  4.00000132],exiting,[-0.62185191  0.08809385  0.93462812]
620.0040979385376,1005,False,2,1,[6.87928096 2.15630836 4.        ],exiting,[ 0.50568378 -0.03156594 -0.11489306]
620.1055252552032,1000,False,6,2,[-3.61636376  0.06170648  3.99999999],exiting,[-0.82138112 -0.19970136 -0.21083176]
620.1055252552032,1001,False,3,6,[6.12207321 4.80575828 4.        ],exiting,[-0.48080528  0.59740651 -0.20557775]
620.1055252552032,1002,False,1,5,[-8.34661666  7.7418886   2.63463492],landing,[ 0.5677905  -0.59831228 -0.99408226]
620.1055252552032,1003,False,0,4,[ 7.90041949 -3.81722254  3.99999529],exiting,[ 0.63925976  0.24903542 -0.34837281]
620.1055252552032,1004,False,4,3,[-0.5778535  -6.10247967  4.00000105],exiting,[-0.62185191  0.08809385  0.93462812]
620.1055252552032,1005,False,2,1,[6.77945909 2.16227441 4.        ],exiting,[ 0.50568378 -0.03156594 -0.11489306]
620.2082393169403,1000,False,6,2,[-3.70049372  0.22342202  3.99999999],exiting,[-0.82138112 -0.19970136 -0.21083176]
620.2082393169403,1001,False,3,6,[6.25619786 4.8304319  4.        ],exiting,[-0.48080528  0.59740651 -0.20557775]
620.2082393169403,1002,False,1,5,[-8.32869022  7.75523769  2.53716469],landing,[ 0.5677905  -0.59831228 -0.99408226]
620.2082393169403,1003,False,0,4,[ 7.89270221 -3.94780655  3.9999966 ],exiting,[ 0.63925976  0.24903542 -0.34837281]
620.2082393169403,1004,False,4,3,[-0.56029343 -6.20092581  4.00000084],exiting,[-0.62185191  0.08809385  0.93462812]
620.2082393169403,1005,False,2,1,[6.67963722 2.16824046 4.        ],exiting,[ 0.50568378 -0.03156594 -0.11489306]
620.3001325130463,1000,False,6,2,[-3.7850277   0.36514165  4.        ],exiting,[-0.82138112 -0.19970136 -0.21083176]
620.3001325130463,1001,False,3,6,[6.37408008 4.86677527 4.        ],exiting,[-0.48080528  0.59740651 -0.20557775]
620.3001325130463,1002,False,1,5,[-8.31076377  7.76858679  2.43969447],landing,[ 0.5677905  -0.59831228 -0.99408226]
620.3001325130463,1003,False,0,4,[ 7.89872134 -4.06385402  3.99999761],exiting,[ 0.63925976  0.24903542 -0.34837281]
620.3001325130463,1004,False,4,3,[-0.54273336 -6.29937196  4.00000066],exiting,[-0.62185191  0.08809385  0.93462812]
620.3001325130463,1005,False,2,1,[6.57981535 2.1742065  4.        ],exiting,[ 0.50568378 -0.03156594 -0.11489306]
620.3988840579987,1000,False,6,2,[-3.8697822   0.48686249  4.        ],exiting,[-0.82138112 -0.19970136 -0.21083176]
620.3988840579987,1001,False,3,6,[6.47565754 4.91470117 4.        ],exiting,[-0.48080528  0.59740651 -0.20557775]
620.3988840579987,1002,False,1,5,[-8.29283733  7.78193589  2.34222425],landing,[ 0.5677905  -0.59831228 -0.99408226]
620.3988840579987,1003,False,0,4,[ 7.91867197 -4.16555181  3.99999818],exiting,[ 0.63925976  0.24903542 -0.34837281]
620.3988840579987,1004,False,4,3,[-0.52517329 -6.39781811  4.00000052],exiting,[-0.62185191  0.08809385  0.93462812]
620.3988840579987,1005,False,2,1,[6.47999347 2.18017255 4.        ],exiting,[ 0.50568378 -0.03156594 -0.11489306]
620.5001437664032,1000,False,6,2,[-3.95455057  0.58858333  4.        ],exiting,[-0.82138112 -0.19970136 -0.21083176]
620.5001437664032,1001,False,3,6,[6.56088092 4.97413984 4.        ],exiting,[-0.48080528  0.59740651 -0.20557775]
620.5001437664032,1002,False,1,5,[-8.27491088  7.79528499  2.24475403],landing,[ 0.5677905  -0.59831228 -0.99408226]
620.5001437664032,1003,False,0,4,[ 7.94342109 -4.26244083  3.99999851],exiting,[ 0.63925976  0.24903542 -0.34837281]
620.5001437664032,1004,False,4,3,[-0.50761322 -6.49626426  4.00000041],exiting,[-0.62185191  0.08809385  0.93462812]
620.5001437664032,1005,False,2,1,[6.3801716  2.18613859 4.        ],exiting,[ 0.50568378 -0.03156594 -0.11489306]
620.5988345146179,1000,False,6,2,[-4.03909354  0.67030545  4.        ],exiting,[-0.82138112 -0.19970136 -0.21083176]
620.5988345146179,1001,False,3,6,[6.62969821 5.04501706 4.        ],exiting,[-0.48080528  0.59740651 -0.20557775]
620.5988345146179,1002,False,1,5,[-8.25698444  7.80863408  2.14728381],landing,[ 0.5677905  -0.59831228 -0.99408226]
620.5988345146179,1003,False,0,4,[ 7.9681702  -4.35932985  3.99999879],exiting,[ 0.63925976  0.24903542 -0.34837281]
620.5988345146179,1004,False,4,3,[-0.49005315 -6.5947104   4.00000032],exiting,[-0.62185191  0.08809385  0.93462812]
620.5988345146179,1005,False,2,1,[6.28034973 2.19210464 4.        ],exiting,[ 0.50568378 -0.03156594 -0.11489306]
620.7070035934448,1000,False,6,2,[-4.12311745  0.7320343   4.        ],exiting,[-0.82138112 -0.19970136 -0.21083176]
620.7070035934448,1001,False,3,6,[6.68205558 5.12725522 4.        ],exiting,[-0.48080528  0.59740651 -0.20557775]
620.7070035934448,1002,False,1,5,[-8.23905799  7.82198318  2.04981358],landing,[ 0.5677905  -0.59831228 -0.99408226]
620.7070035934448,1003,False,0,4,[ 7.99291932 -4.45621886  3.99999901],exiting,[ 0.63925976  0.24903542 -0.34837281]
620.7070035934448,1004,False,4,3,[-0.47249308 -6.69315655  4.00000025],exiting,[-0.62185191  0.08809385  0.93462812]
620.7070035934448,1005,False,2,1,[6.18052785 2.19807069 4.        ],exiting,[ 0.50568378 -0.03156594 -0.11489306]
620.8013153076172,1000,False,6,2,[-4.20620688  0.773785    4.        ],exiting,[-0.82138112 -0.19970136 -0.21083176]
620.8013153076172,1001,False,3,6,[6.71845043 5.22039713 4.        ],exiting,[-0.48080528  0.59740651 -0.20557775]
620.8013153076172,1002,False,1,5,[-8.22113155  7.83533228  1.95234336],landing,[ 0.5677905  -0.59831228 -0.99408226]
620.8013153076172,1003,False,0,4,[ 8.01766843 -4.55310788  3.99999919],exiting,[ 0.63925976  0.24903542 -0.34837281]
620.8013153076172,1004,False,4,3,[-0.45493301 -6.7916027   4.00000019],exiting,[-0.62185191  0.08809385  0.93462812]
620.8013153076172,1005,False,2,1,[6.08070598 2.20403673 4.        ],exiting,[ 0.50568378 -0.03156594 -0.11489306]
620.899512052536,1000,False,6,2,[-4.28810755  0.79557105  4.        ],exiting,[-0.82138112 -0.19970136 -0.21083176]
620.899512052536,1001,False,3,6,[6.75484527 5.31353904 4.        ],exiting,[-0.48080528  0.59740651 -0.20557775]
620.899512052536,1002,False,1,5,[-8.20320511  7.84868138  1.85487314],landing,[ 0.5677905  -0.59831228 -0.99408226]
620.899512052536,1003,False,0,4,[ 8.04241755 -4.64999689  3.99999934],exiting,[ 0.63925976  0.24903542 -0.34837281]
620.899512052536,1004,False,4,3,[-0.43737294 -6.89004885  4.00000015],exiting,[-0.62185191  0.08809385  0.93462812]
620.899512052536,1005,False,2,1,[5.98088411 2.21000278 4.        ],exiting,[ 0.50568378 -0.03156594 -0.11489306]
620.9985477924347,1000,False,6,2,[-4.36856117  0.79740953  4.        ],exiting,[-0.82138112 -0.19970136 -0.21083176]
620.9985477924347,1001,False,3,6,[6.79124012 5.40668095 4.        ],exiting,[-0.48080528  0.59740651 -0.20557775]
620.9985477924347,1002,False,1,5,[-8.18527866  7.86203048  1.75740292],landing,[ 0.5677905  -0.59831228 -0.99408226]
620.9985477924347,1003,False,0,4,[ 8.06716666 -4.74688591  3.99999947],exiting,[ 0.63925976  0.24903542 -0.34837281]
620.9985477924347,1004,False,4,3,[-0.41981287 -6.98849499  4.00000011],exiting,[-0.62185191  0.08809385  0.93462812]
620.9985477924347,1005,False,2,1,[5.88106224 2.21596883 4.        ],exiting,[ 0.50568378 -0.03156594 -0.11489306]
621.0981776714325,1000,False,6,2,[-4.44730528  0.77932119  4.        ],exiting,[-0.82138112 -0.19970136 -0.21083176]
621.0981776714325,1001,False,3,6,[6.82763496 5.49982286 4.        ],exiting,[-0.48080528  0.59740651 -0.20557775]
621.0981776714325,1002,False,1,5,[-8.16735222  7.87537957  1.6599327 ],landing,[ 0.5677905  -0.59831228 -0.99408226]
621.0981776714325,1003,False,0,4,[ 8.09191578 -4.84377492  3.99999957],exiting,[ 0.63925976  0.24903542 -0.34837281]
621.0981776714325,1004,False,4,3,[-0.4022528  -7.08694114  4.00000008],exiting,[-0.62185191  0.08809385  0.93462812]
621.0981776714325,1005,False,2,1,[5.78124036 2.22193487 4.        ],exiting,[ 0.50568378 -0.03156594 -0.11489306]
621.20046210289,1000,False,6,2,[-4.524073    0.74133075  4.        ],exiting,[-0.82138112 -0.19970136 -0.21083176]
621.20046210289,1001,False,3,6,[6.86402981 5.59296477 4.        ],exiting,[-0.48080528  0.59740651 -0.20557775]
621.20046210289,1002,False,1,5,[-8.14942577  7.88872867  1.56246247],landing,[ 0.5677905  -0.59831228 -0.99408226]
621.20046210289,1003,False,0,4,[ 8.11666489 -4.94066394  3.99999965],exiting,[ 0.63925976  0.24903542 -0.34837281]
621.20046210289,1004,False,4,3,[-0.38469273 -7.18538729  4.00000006],exiting,[-0.62185191  0.08809385  0.93462812]
621.20046210289,1005,False,2,1,[5.68141849 2.22790092 4.        ],exiting,[ 0.50568378 -0.03156594 -0.11489306]
621.3065621852875,1000,False,6,2,[-4.59859276  0.68346705  4.        ],exiting,[-0.82138112 -0.19970136 -0.21083176]
621.3065621852875,1001,False,3,6,[6.90042465 5.68610668 4.        ],exiting,[-0.48080528  0.59740651 -0.20557775]
621.3065621852875,1002,False,1,5,[-8.13149933  7.90207777  1.46499225],fake_landed,[ 0.5677905  -0.59831228 -0.99408226]
621.3065621852875,1003,False,0,4,[ 8.14141401 -5.03755295  3.99999972],exiting,[ 0.63925976  0.24903542 -0.34837281]
621.3065621852875,1004,False,4,3,[-0.36713266 -7.28383344  4.00000004],exiting,[-0.62185191  0.08809385  0.93462812]
621.3065621852875,1005,False,2,1,[5.58159662 2.23386696 4.        ],landing,[ 0.50568378 -0.03156594 -0.11489306]
621.3986248970032,1000,False,6,2,[-4.67180828  0.61535325  4.        ],exiting,[-0.82138112 -0.19970136 -0.21083176]
621.3986248970032,1001,False,3,6,[6.9368195  5.77924859 4.        ],exiting,[-0.48080528  0.59740651 -0.20557775]
621.3986248970032,1002,False,1,5,[-8.11715817  7.91275705  1.38701607],fake_landed,[ 0.5677905  -0.59831228 -0.99408226]
621.3986248970032,1003,False,0,4,[ 8.16616312 -5.13444197  3.99999977],exiting,[ 0.63925976  0.24903542 -0.34837281]
621.3986248970032,1004,False,4,3,[-0.34957259 -7.38227958  4.00000003],exiting,[-0.62185191  0.08809385  0.93462812]
621.3986248970032,1005,False,2,1,[5.49562394 2.23585272 3.98613071],landing,[ 0.50568378 -0.03156594 -0.11489306]
621.4985725879669,1000,False,6,2,[-4.74502379  0.54723946  4.        ],exiting,[-0.82138112 -0.19970136 -0.21083176]
621.4985725879669,1001,False,3,6,[6.97321434 5.8723905  4.        ],exiting,[-0.48080528  0.59740651 -0.20557775]
621.4985725879669,1002,False,1,5,[-8.10640231  7.92076651  1.32853394],fake_landed,[ 0.5677905  -0.59831228 -0.99408226]
621.4985725879669,1003,False,0,4,[ 8.19091223 -5.23133098  3.99999982],exiting,[ 0.63925976  0.24903542 -0.34837281]
621.4985725879669,1004,False,4,3,[-0.33201252 -7.48072573  4.00000002],exiting,[-0.62185191  0.08809385  0.93462812]
621.4985725879669,1005,False,2,1,[5.42367194 2.23388554 3.9585576 ],landing,[ 0.50568378 -0.03156594 -0.11489306]
621.6025714874268,1000,False,6,2,[-4.8182393   0.47912567  4.        ],exiting,[-0.82138112 -0.19970136 -0.21083176]
621.6025714874268,1001,False,3,6,[7.00960919 5.9655324  4.        ],exiting,[-0.48080528  0.59740651 -0.20557775]
621.6025714874268,1002,False,1,5,[-8.09923173  7.92610615  1.28954585],fake_landed,[ 0.5677905  -0.59831228 -0.99408226]
621.6025714874268,1003,False,0,4,[ 8.21566135 -5.32822     3.99999985],exiting,[ 0.63925976  0.24903542 -0.34837281]
621.6025714874268,1004,False,4,3,[-0.31445245 -7.57917188  4.00000001],exiting,[-0.62185191  0.08809385  0.93462812]
621.6025714874268,1005,False,2,1,[5.36594102 2.22799855 3.91747908],landing,[ 0.50568378 -0.03156594 -0.11489306]
621.7017750740051,1000,False,6,2,[-4.89145481  0.41101188  4.        ],exiting,[-0.82138112 -0.19970136 -0.21083176]
621.7017750740051,1001,False,3,6,[7.04600403 6.05867431 4.        ],exiting,[-0.48080528  0.59740651 -0.20557775]
621.7017750740051,1002,False,1,5,[-8.09564644  7.92877597  1.27005181],fake_landed,[ 0.5677905  -0.59831228 -0.99408226]
621.7017750740051,1003,False,0,4,[ 8.24041046 -5.42510902  3.99999988],exiting,[ 0.63925976  0.24903542 -0.34837281]
621.7017750740051,1004,False,4,3,[-0.29689238 -7.67761803  4.00000001],exiting,[-0.62185191  0.08809385  0.93462812]
621.7017750740051,1005,False,2,1,[5.32270012 2.21823826 3.86317041],landing,[ 0.50568378 -0.03156594 -0.11489306]
621.7985875606537,1000,False,6,2,[-4.96467033  0.34289808  4.        ],exiting,[-0.82138112 -0.19970136 -0.21083176]
621.7985875606537,1001,False,3,6,[7.08239888 6.15181622 4.        ],exiting,[-0.48080528  0.59740651 -0.20557775]
621.7985875606537,1002,False,1,5,[-8.09564644  7.92877597  1.27005181],fake_landed,[ 0.5677905  -0.59831228 -0.99408226]
621.7985875606537,1003,False,0,4,[ 8.26515958 -5.52199803  3.99999991],exiting,[ 0.63925976  0.24903542 -0.34837281]
621.7985875606537,1004,False,4,3,[-0.27933231 -7.77606417  4.        ],landing,[-0.62185191  0.08809385  0.93462812]
621.7985875606537,1005,False,2,1,[5.2941875  2.2046479  3.79588452],landing,[ 0.50568378 -0.03156594 -0.11489306]
621.9052066802979,1000,False,6,2,[-5.03788584  0.27478429  4.        ],exiting,[-0.82138112 -0.19970136 -0.21083176]
621.9052066802979,1001,False,3,6,[7.11879372 6.24495813 4.        ],exiting,[-0.48080528  0.59740651 -0.20557775]
621.9052066802979,1002,False,5,0,[-8.09564644  7.92877597  1.27005181],waiting,[ 0.5677905  -0.59831228 -0.99408226]
621.9052066802979,1003,False,0,4,[ 8.28990869 -5.61888705  3.99999993],exiting,[ 0.63925976  0.24903542 -0.34837281]
621.9052066802979,1004,False,4,3,[-0.2673899  -7.86135061  3.98602631],landing,[-0.62185191  0.08809385  0.93462812]
621.9052066802979,1005,False,2,1,[5.28061416 2.18726749 3.71585291],landing,[ 0.50568378 -0.03156594 -0.11489306]
621.9986190795898,1000,False,6,2,[-5.11110135  0.2066705   4.        ],exiting,[-0.82138112 -0.19970136 -0.21083176]
621.9986190795898,1001,False,3,6,[7.15518857 6.33810004 4.        ],exiting,[-0.48080528  0.59740651 -0.20557775]
621.9986190795898,1002,False,5,0,[-8.09564644  7.92877597  1.27005181],waiting,[ 0.5677905  -0.59831228 -0.99408226]
621.9986190795898,1003,False,0,4,[ 8.31465781 -5.71577606  3.99999994],exiting,[ 0.63925976  0.24903542 -0.34837281]
621.9986190795898,1004,False,4,3,[-0.26105797 -7.93330231  3.95824294],landing,[-0.62185191  0.08809385  0.93462812]
621.9986190795898,1005,False,2,1,[5.28219231 2.16613898 3.62331593],landing,[ 0.50568378 -0.03156594 -0.11489306]
622.102846622467,1000,False,6,2,[-5.18431686  0.1385567   4.        ],exiting,[-0.82138112 -0.19970136 -0.21083176]
622.102846622467,1001,False,3,6,[7.19158341 6.43124195 4.        ],exiting,[-0.48080528  0.59740651 -0.20557775]
622.102846622467,1002,False,5,0,[-8.09564644  7.92877597  1.27005181],waiting,[ 0.5677905  -0.59831228 -0.99408226]
622.102846622467,1003,False,0,4,[ 8.33940692 -5.81266508  3.99999995],exiting,[ 0.63925976  0.24903542 -0.34837281]
622.102846622467,1004,False,4,3,[-0.26032697 -7.99171393  3.91684722],landing,[-0.62185191  0.08809385  0.93462812]
622.102846622467,1005,False,2,1,[5.28955676 2.14361567 3.52616416],landing,[ 0.50568378 -0.03156594 -0.11489306]
622.201532125473,1000,False,6,2,[-5.25753237  0.07044291  4.        ],exiting,[-0.82138112 -0.19970136 -0.21083176]
622.201532125473,1001,False,3,6,[7.22797826 6.52438386 4.        ],exiting,[-0.48080528  0.59740651 -0.20557775]
622.201532125473,1002,False,5,0,[-8.09564644  7.92877597  1.27005181],waiting,[ 0.5677905  -0.59831228 -0.99408226]
622.201532125473,1003,False,0,4,[ 8.36415604 -5.90955409  3.99999996],exiting,[ 0.63925976  0.24903542 -0.34837281]
622.201532125473,1004,False,4,3,[-0.26518187 -8.03630714  3.8621155 ],landing,[-0.62185191  0.08809385  0.93462812]
622.201532125473,1005,False,2,1,[5.29692121 2.12109236 3.4290124 ],landing,[ 0.50568378 -0.03156594 -0.11489306]
622.3069958686829,1000,False,6,2,[-5.33074789e+00  2.32911900e-03  4.00000000e+00],exiting,[-0.82138112 -0.19970136 -0.21083176]
622.3069958686829,1001,False,3,6,[7.2643731  6.61752577 4.        ],exiting,[-0.48080528  0.59740651 -0.20557775]
622.3069958686829,1002,False,5,0,[-8.09564644  7.92877597  1.27005181],waiting,[ 0.5677905  -0.59831228 -0.99408226]
622.3069958686829,1003,False,0,4,[ 8.38890515 -6.00644311  3.99999997],exiting,[ 0.63925976  0.24903542 -0.34837281]
622.3069958686829,1004,False,4,3,[-0.27560783 -8.06684351  3.79429299],landing,[-0.62185191  0.08809385  0.93462812]
622.3069958686829,1005,False,2,1,[5.30428567 2.09856905 3.33186063],landing,[ 0.50568378 -0.03156594 -0.11489306]
622.3992989063263,1000,False,6,2,[-5.4039634  -0.06578467  4.        ],exiting,[-0.82138112 -0.19970136 -0.21083176]
622.3992989063263,1001,False,3,6,[7.30076795 6.71066768 4.        ],exiting,[-0.48080528  0.59740651 -0.20557775]
622.3992989063263,1002,False,5,0,[-8.09564644  7.92877597  1.27005181],waiting,[ 0.5677905  -0.59831228 -0.99408226]
622.3992989063263,1003,False,0,4,[ 8.41365427 -6.10333212  3.99999998],exiting,[ 0.63925976  0.24903542 -0.34837281]
622.3992989063263,1004,False,4,3,[-0.29158966 -8.08310657  3.7136095 ],landing,[-0.62185191  0.08809385  0.93462812]
622.3992989063263,1005,False,2,1,[5.31165012 2.07604575 3.23470887],landing,[ 0.50568378 -0.03156594 -0.11489306]
622.5077528953552,1000,False,6,2,[-5.47717891 -0.13389847  4.        ],exiting,[-0.82138112 -0.19970136 -0.21083176]
622.5077528953552,1001,False,3,6,[7.33716279 6.80380959 4.        ],exiting,[-0.48080528  0.59740651 -0.20557775]
622.5077528953552,1002,False,5,0,[-8.09564644  7.92877597  1.27005181],waiting,[ 0.5677905  -0.59831228 -0.99408226]
622.5077528953552,1003,False,0,4,[ 8.43840338 -6.20022114  3.99999998],exiting,[ 0.63925976  0.24903542 -0.34837281]
622.5077528953552,1004,False,4,3,[-0.31311039 -8.08487833  3.6203037 ],landing,[-0.62185191  0.08809385  0.93462812]
622.5077528953552,1005,False,2,1,[5.31901457 2.05352244 3.1375571 ],landing,[ 0.50568378 -0.03156594 -0.11489306]
622.6431393623352,1000,False,6,2,[-5.55039442 -0.20201226  4.        ],exiting,[-0.82138112 -0.19970136 -0.21083176]
622.6431393623352,1001,False,3,6,[7.37355764 6.8969515  4.        ],exiting,[-0.48080528  0.59740651 -0.20557775]
622.6431393623352,1002,False,5,0,[-8.09564644  7.92877597  1.27005181],waiting,[ 0.5677905  -0.59831228 -0.99408226]
622.6431393623352,1003,False,0,4,[ 8.46315249 -6.29711016  3.99999999],exiting,[ 0.63925976  0.24903542 -0.34837281]
622.6431393623352,1004,False,4,3,[-0.33637452 -8.0820036   3.52308993],landing,[-0.62185191  0.08809385  0.93462812]
622.6431393623352,1005,False,2,1,[5.32637903 2.03099913 3.04040534],landing,[ 0.50568378 -0.03156594 -0.11489306]
622.7442128658295,1000,False,6,2,[-5.62360994 -0.27012605  4.        ],exiting,[-0.82138112 -0.19970136 -0.21083176]
622.7442128658295,1001,False,3,6,[7.40995248 6.99009341 4.        ],exiting,[-0.48080528  0.59740651 -0.20557775]
622.7442128658295,1002,False,5,0,[-8.09564644  7.92877597  1.27005181],waiting,[ 0.5677905  -0.59831228 -0.99408226]
622.7442128658295,1003,False,0,4,[ 8.48790161 -6.39399917  3.99999999],exiting,[ 0.63925976  0.24903542 -0.34837281]
622.7442128658295,1004,False,4,3,[-0.35963865 -8.07912887  3.42587617],landing,[-0.62185191  0.08809385  0.93462812]
622.7442128658295,1005,False,2,1,[5.33374348 2.00847583 2.94325357],landing,[ 0.50568378 -0.03156594 -0.11489306]
622.843932390213,1000,False,6,2,[-5.69682545 -0.33823985  4.        ],exiting,[-0.82138112 -0.19970136 -0.21083176]
622.843932390213,1001,False,3,6,[7.44634733 7.08323532 4.        ],exiting,[-0.48080528  0.59740651 -0.20557775]
622.843932390213,1002,False,5,0,[-8.09564644  7.92877597  1.27005181],waiting,[ 0.5677905  -0.59831228 -0.99408226]
622.843932390213,1003,False,0,4,[ 8.51265072 -6.49088819  3.99999999],exiting,[ 0.63925976  0.24903542 -0.34837281]
622.843932390213,1004,False,4,3,[-0.38290278 -8.07625414  3.3286624 ],landing,[-0.62185191  0.08809385  0.93462812]
622.843932390213,1005,False,2,1,[5.34110793 1.98595252 2.84610181],landing,[ 0.50568378 -0.03156594 -0.11489306]
622.944322347641,1000,False,6,2,[-5.77004096 -0.40635364  4.        ],exiting,[-0.82138112 -0.19970136 -0.21083176]
622.944322347641,1001,False,3,6,[7.48274217 7.17637723 4.        ],exiting,[-0.48080528  0.59740651 -0.20557775]
622.944322347641,1002,False,5,0,[-8.09564644  7.92877597  1.27005181],waiting,[ 0.5677905  -0.59831228 -0.99408226]
622.944322347641,1003,False,0,4,[ 8.53739984 -6.5877772   3.99999999],exiting,[ 0.63925976  0.24903542 -0.34837281]
622.944322347641,1004,False,4,3,[-0.40616692 -8.07337942  3.23144864],landing,[-0.62185191  0.08809385  0.93462812]
622.944322347641,1005,False,2,1,[5.34847239 1.96342921 2.74895004],landing,[ 0.50568378 -0.03156594 -0.11489306]
623.043319940567,1000,False,6,2,[-5.84325647 -0.47446743  4.        ],exiting,[-0.82138112 -0.19970136 -0.21083176]
623.043319940567,1001,False,3,6,[7.51913702 7.26951913 4.        ],exiting,[-0.48080528  0.59740651 -0.20557775]
623.043319940567,1002,False,5,0,[-8.09564644  7.92877597  1.27005181],waiting,[ 0.5677905  -0.59831228 -0.99408226]
623.043319940567,1003,False,0,4,[ 8.56214895 -6.68466622  4.        ],exiting,[ 0.63925976  0.24903542 -0.34837281]
623.043319940567,1004,False,4,3,[-0.42943105 -8.07050469  3.13423487],landing,[-0.62185191  0.08809385  0.93462812]
623.043319940567,1005,False,2,1,[5.35583684 1.9409059  2.65179828],landing,[ 0.50568378 -0.03156594 -0.11489306]
623.1443107128143,1000,False,6,2,[-5.91647198 -0.54258122  4.        ],exiting,[-0.82138112 -0.19970136 -0.21083176]
623.1443107128143,1001,False,3,6,[7.55553186 7.36266104 4.        ],exiting,[-0.48080528  0.59740651 -0.20557775]
623.1443107128143,1002,False,5,0,[-8.09564644  7.92877597  1.27005181],waiting,[ 0.5677905  -0.59831228 -0.99408226]
623.1443107128143,1003,False,0,4,[ 8.58689807 -6.78155523  4.        ],exiting,[ 0.63925976  0.24903542 -0.34837281]
623.1443107128143,1004,False,4,3,[-0.45269518 -8.06762996  3.03702111],landing,[-0.62185191  0.08809385  0.93462812]
623.1443107128143,1005,False,2,1,[5.3632013  1.9183826  2.55464651],landing,[ 0.50568378 -0.03156594 -0.11489306]
623.2435669898987,1000,False,6,2,[-5.9896875  -0.61069502  4.        ],exiting,[-0.82138112 -0.19970136 -0.21083176]
623.2435669898987,1001,False,3,6,[7.5919267  7.45580295 4.        ],exiting,[-0.48080528  0.59740651 -0.20557775]
623.2435669898987,1002,False,5,0,[-8.09564644  7.92877597  1.27005181],waiting,[ 0.5677905  -0.59831228 -0.99408226]
623.2435669898987,1003,False,0,4,[ 8.61164718 -6.87844425  4.        ],exiting,[ 0.63925976  0.24903542 -0.34837281]
623.2435669898987,1004,False,4,3,[-0.47595931 -8.06475523  2.93980734],landing,[-0.62185191  0.08809385  0.93462812]
623.2435669898987,1005,False,2,1,[5.37056575 1.89585929 2.45749474],landing,[ 0.50568378 -0.03156594 -0.11489306]
623.3439147472382,1000,False,6,2,[-6.06290301 -0.67880881  4.        ],exiting,[-0.82138112 -0.19970136 -0.21083176]
623.3439147472382,1001,False,3,6,[7.62832155 7.54894486 4.        ],exiting,[-0.48080528  0.59740651 -0.20557775]
623.3439147472382,1002,False,5,0,[-8.09564644  7.92877597  1.27005181],waiting,[ 0.5677905  -0.59831228 -0.99408226]
623.3439147472382,1003,False,0,4,[ 8.6363963  -6.97533326  4.        ],exiting,[ 0.63925976  0.24903542 -0.34837281]
623.3439147472382,1004,False,4,3,[-0.49922345 -8.0618805   2.84259358],landing,[-0.62185191  0.08809385  0.93462812]
623.3439147472382,1005,False,2,1,[5.3779302  1.87333598 2.36034298],landing,[ 0.50568378 -0.03156594 -0.11489306]
623.4438796043396,1000,False,6,2,[-6.13611852 -0.7469226   4.        ],exiting,[-0.82138112 -0.19970136 -0.21083176]
623.4438796043396,1001,False,3,6,[7.66471639 7.64208677 4.        ],exiting,[-0.48080528  0.59740651 -0.20557775]
623.4438796043396,1002,False,5,0,[-8.09564644  7.92877597  1.27005181],waiting,[ 0.5677905  -0.59831228 -0.99408226]
623.4438796043396,1003,False,0,4,[ 8.66114541 -7.07222228  4.        ],landing,[ 0.63925976  0.24903542 -0.34837281]
623.4438796043396,1004,False,4,3,[-0.52248758 -8.05900578  2.74537981],landing,[-0.62185191  0.08809385  0.93462812]
623.4438796043396,1005,False,2,1,[5.38529466 1.85081268 2.26319121],landing,[ 0.50568378 -0.03156594 -0.11489306]
623.5441122055054,1000,False,6,2,[-6.20933403 -0.81503639  4.        ],exiting,[-0.82138112 -0.19970136 -0.21083176]
623.5441122055054,1001,False,3,6,[7.70111124 7.73522868 4.        ],exiting,[-0.48080528  0.59740651 -0.20557775]
623.5441122055054,1002,False,5,0,[-8.09564644  7.92877597  1.27005181],waiting,[ 0.5677905  -0.59831228 -0.99408226]
623.5441122055054,1003,False,0,4,[ 8.67934814 -7.15674538  3.98570913],landing,[ 0.63925976  0.24903542 -0.34837281]
623.5441122055054,1004,False,4,3,[-0.54575171 -8.05613105  2.64816605],landing,[-0.62185191  0.08809385  0.93462812]
623.5441122055054,1005,False,2,1,[5.39265911 1.82828937 2.16603945],landing,[ 0.50568378 -0.03156594 -0.11489306]
623.6443803310394,1000,False,6,2,[-6.28254954 -0.88315019  4.        ],exiting,[-0.82138112 -0.19970136 -0.21083176]
623.6443803310394,1001,False,3,6,[7.73750608 7.82837059 4.        ],exiting,[-0.48080528  0.59740651 -0.20557775]
623.6443803310394,1002,False,5,0,[-8.09564644  7.92877597  1.27005181],queued,[ 0.5677905  -0.59831228 -0.99408226]
623.6443803310394,1003,False,0,4,[ 8.6909968  -7.22872388  3.95728754],landing,[ 0.63925976  0.24903542 -0.34837281]
623.6443803310394,1004,False,4,3,[-0.56901584 -8.05325632  2.55095228],landing,[-0.62185191  0.08809385  0.93462812]
623.6443803310394,1005,False,2,1,[5.40002356 1.80576606 2.06888768],landing,[ 0.50568378 -0.03156594 -0.11489306]
623.7449996471405,1000,False,6,2,[-6.35576506 -0.95126398  4.        ],exiting,[-0.82138112 -0.19970136 -0.21083176]
623.7449996471405,1001,False,3,6,[7.77390093 7.9215125  4.        ],exiting,[-0.48080528  0.59740651 -0.20557775]
623.7449996471405,1002,False,5,0,[-8.09564644  7.92877597  1.29005181],queued,[ 0.5677905  -0.59831228 -0.99408226]
623.7449996471405,1003,False,0,4,[ 8.69608343 -7.28794594  3.91492992],landing,[ 0.63925976  0.24903542 -0.34837281]
623.7449996471405,1004,False,4,3,[-0.59227998 -8.05038159  2.45373852],landing,[-0.62185191  0.08809385  0.93462812]
623.7449996471405,1005,False,2,1,[5.40738802 1.78324275 1.97173592],landing,[ 0.50568378 -0.03156594 -0.11489306]
623.8440408706665,1000,False,6,2,[-6.42898057 -1.01937777  4.        ],exiting,[-0.82138112 -0.19970136 -0.21083176]
623.8440408706665,1001,False,3,6,[7.81029577 8.01465441 4.        ],exiting,[-0.48080528  0.59740651 -0.20557775]
623.8440408706665,1002,False,5,0,[-8.09564644  7.92877597  1.33005181],queued,[ 0.5677905  -0.59831228 -0.99408226]
623.8440408706665,1003,False,0,4,[ 8.69459908 -7.33411602  3.85891697],landing,[ 0.63925976  0.24903542 -0.34837281]
623.8440408706665,1004,False,4,3,[-0.61554411 -8.04750687  2.35652475],landing,[-0.62185191  0.08809385  0.93462812]
623.8440408706665,1005,False,2,1,[5.41475247 1.76071945 1.87458415],landing,[ 0.50568378 -0.03156594 -0.11489306]
623.9433572292328,1000,False,6,2,[-6.50219608 -1.08749157  4.        ],exiting,[-0.82138112 -0.19970136 -0.21083176]
623.9433572292328,1001,False,3,6,[7.84669062 8.10779632 4.        ],exiting,[-0.48080528  0.59740651 -0.20557775]
623.9433572292328,1002,False,5,0,[-8.09564644  7.92877597  1.39005181],queued,[ 0.5677905  -0.59831228 -0.99408226]
623.9433572292328,1003,False,0,4,[ 8.68653868 -7.36700815  3.7894708 ],landing,[ 0.63925976  0.24903542 -0.34837281]
623.9433572292328,1004,False,4,3,[-0.63880824 -8.04463214  2.25931099],landing,[-0.62185191  0.08809385  0.93462812]
623.9433572292328,1005,False,2,1,[5.42211692 1.73819614 1.77743239],landing,[ 0.50568378 -0.03156594 -0.11489306]
624.0437281131744,1000,False,6,2,[-6.57541159 -1.15560536  4.        ],exiting,[-0.82138112 -0.19970136 -0.21083176]
624.0437281131744,1001,False,3,6,[7.88308546 8.20093823 4.        ],exiting,[-0.48080528  0.59740651 -0.20557775]
624.0437281131744,1002,False,5,0,[-8.09564644  7.92877597  1.46505181],queued,[ 0.5677905  -0.59831228 -0.99408226]
624.0437281131744,1003,False,0,4,[ 8.67189881 -7.38639985  3.7068167 ],landing,[ 0.63925976  0.24903542 -0.34837281]
624.0437281131744,1004,False,4,3,[-0.66207237 -8.04175741  2.16209722],landing,[-0.62185191  0.08809385  0.93462812]
624.0437281131744,1005,False,2,1,[5.42948138 1.71567283 1.68028062],landing,[ 0.50568378 -0.03156594 -0.11489306]
624.1542532444,1000,False,6,2,[-6.64862711 -1.22371915  4.        ],exiting,[-0.82138112 -0.19970136 -0.21083176]
624.1542532444,1001,False,3,6,[7.91948031 8.29408014 4.        ],exiting,[-0.48080528  0.59740651 -0.20557775]
624.1542532444,1002,False,5,0,[-8.09564644  7.92877597  1.54005181],queued,[ 0.5677905  -0.59831228 -0.99408226]
624.1542532444,1003,False,0,4,[ 8.65067768 -7.39206678  3.61118888],landing,[ 0.63925976  0.24903542 -0.34837281]
624.1542532444,1004,False,4,3,[-0.68533651 -8.03888268  2.06488346],landing,[-0.62185191  0.08809385  0.93462812]
624.1542532444,1005,False,2,1,[5.43684583 1.69314952 1.58312886],landing,[ 0.50568378 -0.03156594 -0.11489306]
624.243971824646,1000,False,6,2,[-6.72184262 -1.29183294  4.        ],exiting,[-0.82138112 -0.19970136 -0.21083176]
624.243971824646,1001,False,3,6,[7.95587515 8.38722205 4.        ],exiting,[-0.48080528  0.59740651 -0.20557775]
624.243971824646,1002,False,5,0,[-8.09564644  7.92877597  1.61505181],queued,[ 0.5677905  -0.59831228 -0.99408226]
624.243971824646,1003,False,0,4,[ 8.62851736 -7.39574269  3.5137445 ],landing,[ 0.63925976  0.24903542 -0.34837281]
624.243971824646,1004,False,4,3,[-0.70860064 -8.03600795  1.96766969],landing,[-0.62185191  0.08809385  0.93462812]
624.243971824646,1005,False,2,1,[5.44421029 1.67062622 1.48597709],fake_landed,[ 0.50568378 -0.03156594 -0.11489306]
624.3440284729004,1000,False,6,2,[-6.79505813 -1.35994674  4.        ],exiting,[-0.82138112 -0.19970136 -0.21083176]
624.3440284729004,1001,False,3,6,[7.99227    8.48036396 4.        ],exiting,[-0.48080528  0.59740651 -0.20557775]
624.3440284729004,1002,False,5,0,[-8.09564644  7.92877597  1.69005181],queued,[ 0.5677905  -0.59831228 -0.99408226]
624.3440284729004,1003,False,0,4,[ 8.60635703 -7.39941861  3.41630012],landing,[ 0.63925976  0.24903542 -0.34837281]
624.3440284729004,1004,False,4,3,[-0.73186477 -8.03313323  1.87045593],landing,[-0.62185191  0.08809385  0.93462812]
624.3440284729004,1005,False,2,1,[5.45010185 1.65260757 1.40825568],fake_landed,[ 0.50568378 -0.03156594 -0.11489306]
624.4443099498749,1000,False,6,2,[-6.86827364 -1.42806053  4.        ],exiting,[-0.82138112 -0.19970136 -0.21083176]
624.4443099498749,1001,False,3,6,[8.02866484 8.57350586 4.        ],exiting,[-0.48080528  0.59740651 -0.20557775]
624.4443099498749,1002,False,5,0,[-8.09564644  7.92877597  1.76505181],queued,[ 0.5677905  -0.59831228 -0.99408226]
624.4443099498749,1003,False,0,4,[ 8.5841967  -7.40309452  3.31885574],landing,[ 0.63925976  0.24903542 -0.34837281]
624.4443099498749,1004,False,4,3,[-0.7551289  -8.0302585   1.77324216],landing,[-0.62185191  0.08809385  0.93462812]
624.4443099498749,1005,False,2,1,[5.45452052 1.63909359 1.34996462],fake_landed,[ 0.50568378 -0.03156594 -0.11489306]
624.5444774627686,1000,False,6,2,[-6.94148915 -1.49617432  4.        ],landing,[-0.82138112 -0.19970136 -0.21083176]
624.5444774627686,1001,False,3,6,[8.06505969 8.66664777 4.        ],exiting,[-0.48080528  0.59740651 -0.20557775]
624.5444774627686,1002,False,5,0,[-8.09564644  7.92877597  1.84005181],queued,[ 0.5677905  -0.59831228 -0.99408226]
624.5444774627686,1003,False,0,4,[ 8.56203637 -7.40677044  3.22141135],landing,[ 0.63925976  0.24903542 -0.34837281]
624.5444774627686,1004,False,4,3,[-0.77839304 -8.02738377  1.6760284 ],landing,[-0.62185191  0.08809385  0.93462812]
624.5444774627686,1005,False,2,1,[5.4574663  1.63008426 1.31110392],fake_landed,[ 0.50568378 -0.03156594 -0.11489306]
624.6456303596497,1000,False,6,2,[-7.00663264 -1.55242429  3.98606831],landing,[-0.82138112 -0.19970136 -0.21083176]
624.6456303596497,1001,False,3,6,[8.10145453 8.75978968 4.        ],exiting,[-0.48080528  0.59740651 -0.20557775]
624.6456303596497,1002,False,5,0,[-8.09564644  7.92877597  1.91505181],queued,[ 0.5677905  -0.59831228 -0.99408226]
624.6456303596497,1003,False,0,4,[ 8.53987604 -7.41044635  3.12396697],landing,[ 0.63925976  0.24903542 -0.34837281]
624.6456303596497,1004,False,4,3,[-0.80165717 -8.02450904  1.57881464],landing,[-0.62185191  0.08809385  0.93462812]
624.6456303596497,1005,False,2,1,[5.45893919 1.6255796  1.29167356],fake_landed,[ 0.50568378 -0.03156594 -0.11489306]
624.7521545886993,1000,False,6,2,[-7.06355365 -1.59672191  3.95836954],landing,[-0.82138112 -0.19970136 -0.21083176]
624.7521545886993,1001,False,3,6,[8.13784938 8.85293159 4.        ],exiting,[-0.48080528  0.59740651 -0.20557775]
624.7521545886993,1002,False,5,0,[-8.09564644  7.92877597  1.99005181],queued,[ 0.5677905  -0.59831228 -0.99408226]
624.7521545886993,1003,False,0,4,[ 8.51771571 -7.41412227  3.02652259],landing,[ 0.63925976  0.24903542 -0.34837281]
624.7521545886993,1004,False,4,3,[-0.8249213  -8.02163432  1.48160087],fake_landed,[-0.62185191  0.08809385  0.93462812]
624.7521545886993,1005,False,1,5,[5.45893919 1.6255796  1.29167356],waiting,[ 0.50568378 -0.03156594 -0.11489306]
624.8437614440918,1000,False,6,2,[-7.11207528 -1.62896444  3.91710151],landing,[-0.82138112 -0.19970136 -0.21083176]
624.8437614440918,1001,False,3,6,[8.17424422 8.9460735  4.        ],exiting,[-0.48080528  0.59740651 -0.20557775]
624.8437614440918,1002,False,5,0,[-8.09564644  7.92877597  2.06505181],queued,[ 0.5677905  -0.59831228 -0.99408226]
624.8437614440918,1003,False,0,4,[ 8.49555539 -7.41779818  2.92907821],landing,[ 0.63925976  0.24903542 -0.34837281]
624.8437614440918,1004,False,4,3,[-0.84353261 -8.01933453  1.40382986],fake_landed,[-0.62185191  0.08809385  0.93462812]
624.8437614440918,1005,False,1,5,[5.45893919 1.6255796  1.29167356],waiting,[ 0.50568378 -0.03156594 -0.11489306]
624.9503219127655,1000,False,6,2,[-7.15195753 -1.64901484  3.86254012],landing,[-0.82138112 -0.19970136 -0.21083176]
624.9503219127655,1001,False,3,6,[8.21063907 9.03921541 4.        ],exiting,[-0.48080528  0.59740651 -0.20557775]
624.9503219127655,1002,False,5,0,[-8.09564644  7.92877597  2.14005181],queued,[ 0.5677905  -0.59831228 -0.99408226]
624.9503219127655,1003,False,0,4,[ 8.47339506 -7.4214741   2.83163383],landing,[ 0.63925976  0.24903542 -0.34837281]
624.9503219127655,1004,False,4,3,[-0.85749109 -8.0176097   1.3455016 ],fake_landed,[-0.62185191  0.08809385  0.93462812]
624.9503219127655,1005,False,1,5,[5.45893919 1.6255796  1.29167356],waiting,[ 0.50568378 -0.03156594 -0.11489306]
625.0436449050903,1000,False,6,2,[-7.18299075 -1.65675569  3.79493382],landing,[-0.82138112 -0.19970136 -0.21083176]
625.0436449050903,1001,False,3,6,[8.24703391 9.13235732 4.        ],landing,[-0.48080528  0.59740651 -0.20557775]
625.0436449050903,1002,False,5,0,[-8.09564644  7.92877597  2.21505181],queued,[ 0.5677905  -0.59831228 -0.99408226]
625.0436449050903,1003,False,0,4,[ 8.45123473 -7.42515001  2.73418945],landing,[ 0.63925976  0.24903542 -0.34837281]
625.0436449050903,1004,False,4,3,[-0.86679674 -8.01645981  1.30661609],fake_landed,[-0.62185191  0.08809385  0.93462812]
625.0436449050903,1005,False,1,5,[5.45893919 1.6255796  1.29167356],waiting,[ 0.50568378 -0.03156594 -0.11489306]
625.1456742286682,1000,False,6,2,[-7.20498555 -1.6520829   3.71451314],landing,[-0.82138112 -0.19970136 -0.21083176]
625.1456742286682,1001,False,3,6,[8.28142542 9.21144537 3.98591187],landing,[-0.48080528  0.59740651 -0.20557775]
625.1456742286682,1002,False,5,0,[-8.09564644  7.92877597  2.29005181],queued,[ 0.5677905  -0.59831228 -0.99408226]
625.1456742286682,1003,False,0,4,[ 8.4290744  -7.42882592  2.63674506],landing,[ 0.63925976  0.24903542 -0.34837281]
625.1456742286682,1004,False,4,3,[-0.87144957 -8.01588486  1.28717334],fake_landed,[-0.62185191  0.08809385  0.93462812]
625.1456742286682,1005,False,1,5,[5.45893919 1.6255796  1.29167356],waiting,[ 0.50568378 -0.03156594 -0.11489306]
625.2476632595062,1000,False,6,2,[-7.21775038 -1.63489303  3.62151748],landing,[-0.82138112 -0.19970136 -0.21083176]
625.2476632595062,1001,False,3,6,[8.31371584 9.27633247 3.95789826],landing,[-0.48080528  0.59740651 -0.20557775]
625.2476632595062,1002,False,5,0,[-8.09564644  7.92877597  2.36505181],queued,[ 0.5677905  -0.59831228 -0.99408226]
625.2476632595062,1003,False,0,4,[ 8.40691407 -7.43250184  2.53930068],landing,[ 0.63925976  0.24903542 -0.34837281]
625.2476632595062,1004,False,4,3,[-0.87144957 -8.01588486  1.28717334],fake_landed,[-0.62185191  0.08809385  0.93462812]
625.2476632595062,1005,False,1,5,[5.45893919 1.6255796  1.29167356],waiting,[ 0.50568378 -0.03156594 -0.11489306]
625.343759059906,1000,False,6,2,[-7.22730397 -1.61340314  3.52432224],landing,[-0.82138112 -0.19970136 -0.21083176]
625.343759059906,1001,False,3,6,[8.34378912 9.32684608 3.91615561],landing,[-0.48080528  0.59740651 -0.20557775]
625.343759059906,1002,False,5,0,[-8.09564644  7.92877597  2.44005181],queued,[ 0.5677905  -0.59831228 -0.99408226]
625.343759059906,1003,False,0,4,[ 8.38475375 -7.43617775  2.4418563 ],landing,[ 0.63925976  0.24903542 -0.34837281]
625.343759059906,1004,False,3,1,[-0.87144957 -8.01588486  1.28717334],waiting,[-0.62185191  0.08809385  0.93462812]
625.343759059906,1005,False,1,5,[5.45893919 1.6255796  1.29167356],waiting,[ 0.50568378 -0.03156594 -0.11489306]
625.449381351471,1000,False,6,2,[-7.23685757 -1.59191326  3.42712701],landing,[-0.82138112 -0.19970136 -0.21083176]
625.449381351471,1001,False,3,6,[8.37148459 9.36275109 3.86096174],landing,[-0.48080528  0.59740651 -0.20557775]
625.449381351471,1002,False,5,0,[-8.09564644  7.92877597  2.51505181],entering,[ 0.5677905  -0.59831228 -0.99408226]
625.449381351471,1003,False,0,4,[ 8.36259342 -7.43985367  2.34441192],landing,[ 0.63925976  0.24903542 -0.34837281]
625.449381351471,1004,False,3,1,[-0.87144957 -8.01588486  1.28717334],waiting,[-0.62185191  0.08809385  0.93462812]
625.449381351471,1005,False,1,5,[5.45893919 1.6255796  1.29167356],waiting,[ 0.50568378 -0.03156594 -0.11489306]
625.5438611507416,1000,False,6,2,[-7.24641117 -1.57042337  3.32993177],landing,[-0.82138112 -0.19970136 -0.21083176]
625.5438611507416,1001,False,3,6,[8.39666817 9.38385466 3.79255396],landing,[-0.48080528  0.59740651 -0.20557775]
625.5438611507416,1002,False,5,0,[-8.07779725  7.91975342  2.59005181],entering,[ 0.5677905  -0.59831228 -0.99408226]
625.5438611507416,1003,False,0,4,[ 8.34043309 -7.44352958  2.24696754],landing,[ 0.63925976  0.24903542 -0.34837281]
625.5438611507416,1004,False,3,1,[-0.87144957 -8.01588486  1.28717334],waiting,[-0.62185191  0.08809385  0.93462812]
625.5438611507416,1005,False,1,5,[5.45893919 1.6255796  1.29167356],waiting,[ 0.50568378 -0.03156594 -0.11489306]
625.6500246524811,1000,False,6,2,[-7.25596476 -1.54893349  3.23273654],landing,[-0.82138112 -0.19970136 -0.21083176]
625.6500246524811,1001,False,3,6,[8.4192134  9.38997784 3.71116052],landing,[-0.48080528  0.59740651 -0.20557775]
625.6500246524811,1002,False,5,0,[-8.0420852   7.90173541  2.66505181],entering,[ 0.5677905  -0.59831228 -0.99408226]
625.6500246524811,1003,False,0,4,[ 8.31827276 -7.4472055   2.14952316],landing,[ 0.63925976  0.24903542 -0.34837281]
625.6500246524811,1004,False,3,1,[-0.87144957 -8.01588486  1.28717334],waiting,[-0.62185191  0.08809385  0.93462812]
625.6500246524811,1005,False,1,5,[5.45893919 1.6255796  1.29167356],waiting,[ 0.50568378 -0.03156594 -0.11489306]
625.7474517822266,1000,False,6,2,[-7.26551836 -1.52744361  3.1355413 ],landing,[-0.82138112 -0.19970136 -0.21083176]
625.7474517822266,1001,False,3,6,[8.43899146 9.38094125 3.6170186 ],landing,[-0.48080528  0.59740651 -0.20557775]
625.7474517822266,1002,False,5,0,[-7.98848013  7.87478208  2.74005181],entering,[ 0.5677905  -0.59831228 -0.99408226]
625.7474517822266,1003,False,0,4,[ 8.29611243 -7.45088141  2.05207877],landing,[ 0.63925976  0.24903542 -0.34837281]
625.7474517822266,1004,False,3,1,[-0.87144957 -8.01588486  1.28717334],waiting,[-0.62185191  0.08809385  0.93462812]
625.7474517822266,1005,False,1,5,[5.45893919 1.6255796  1.29167356],waiting,[ 0.50568378 -0.03156594 -0.11489306]
625.8468399047852,1000,False,6,2,[-7.27507195 -1.50595372  3.03834607],landing,[-0.82138112 -0.19970136 -0.21083176]
625.8468399047852,1001,False,3,6,[8.45803373 9.36801099 3.51970364],landing,[-0.48080528  0.59740651 -0.20557775]
625.8468399047852,1002,False,5,0,[-7.91692495  7.8390087   2.81505181],entering,[ 0.5677905  -0.59831228 -0.99408226]
625.8468399047852,1003,False,0,4,[ 8.2739521  -7.45455733  1.95463439],landing,[ 0.63925976  0.24903542 -0.34837281]
625.8468399047852,1004,False,3,1,[-0.87144957 -8.01588486  1.28717334],waiting,[-0.62185191  0.08809385  0.93462812]
625.8468399047852,1005,False,1,5,[5.45893919 1.6255796  1.29167356],waiting,[ 0.50568378 -0.03156594 -0.11489306]
625.9465601444244,1000,False,6,2,[-7.28462555 -1.48446384  2.94115083],landing,[-0.82138112 -0.19970136 -0.21083176]
625.9465601444244,1001,False,3,6,[8.47707599 9.35508074 3.42238868],landing,[-0.48080528  0.59740651 -0.20557775]
625.9465601444244,1002,False,5,0,[-7.82737144  7.79451406  2.89005181],entering,[ 0.5677905  -0.59831228 -0.99408226]
625.9465601444244,1003,False,0,4,[ 8.25179178 -7.45823324  1.85719001],landing,[ 0.63925976  0.24903542 -0.34837281]
625.9465601444244,1004,False,3,1,[-0.87144957 -8.01588486  1.28717334],waiting,[-0.62185191  0.08809385  0.93462812]
625.9465601444244,1005,False,1,5,[5.45893919 1.6255796  1.29167356],waiting,[ 0.50568378 -0.03156594 -0.11489306]
626.0529365539551,1000,False,6,2,[-7.29417915 -1.46297396  2.8439556 ],landing,[-0.82138112 -0.19970136 -0.21083176]
626.0529365539551,1001,False,3,6,[8.49611825 9.34215048 3.32507373],landing,[-0.48080528  0.59740651 -0.20557775]
626.0529365539551,1002,False,5,0,[-7.71979546  7.74134819  2.96505181],entering,[ 0.5677905  -0.59831228 -0.99408226]
626.0529365539551,1003,False,0,4,[ 8.22963145 -7.46190916  1.75974563],landing,[ 0.63925976  0.24903542 -0.34837281]
626.0529365539551,1004,False,3,1,[-0.87144957 -8.01588486  1.28717334],waiting,[-0.62185191  0.08809385  0.93462812]
626.0529365539551,1005,False,1,5,[5.45893919 1.6255796  1.29167356],waiting,[ 0.50568378 -0.03156594 -0.11489306]
626.1456682682037,1000,False,6,2,[-7.30373274 -1.44148407  2.74676036],landing,[-0.82138112 -0.19970136 -0.21083176]
626.1456682682037,1001,False,3,6,[8.51516052 9.32922023 3.22775877],landing,[-0.48080528  0.59740651 -0.20557775]
626.1456682682037,1002,False,5,0,[-7.59417544  7.67955604  3.04005181],entering,[ 0.5677905  -0.59831228 -0.99408226]
626.1456682682037,1003,False,0,4,[ 8.20747112 -7.46558507  1.66230125],landing,[ 0.63925976  0.24903542 -0.34837281]
626.1456682682037,1004,False,3,1,[-0.87144957 -8.01588486  1.28717334],waiting,[-0.62185191  0.08809385  0.93462812]
626.1456682682037,1005,False,1,5,[5.45893919 1.6255796  1.29167356],waiting,[ 0.50568378 -0.03156594 -0.11489306]
626.2458386421204,1000,False,6,2,[-7.31328634 -1.41999419  2.64956513],landing,[-0.82138112 -0.19970136 -0.21083176]
626.2458386421204,1001,False,3,6,[8.53420278 9.31628997 3.13044382],landing,[-0.48080528  0.59740651 -0.20557775]
626.2458386421204,1002,False,5,0,[-7.45006418  7.61014325  3.11505181],entering,[ 0.5677905  -0.59831228 -0.99408226]
626.2458386421204,1003,False,0,4,[ 8.18531079 -7.46926099  1.56485687],landing,[ 0.63925976  0.24903542 -0.34837281]
626.2458386421204,1004,False,3,1,[-0.87144957 -8.01588486  1.28717334],waiting,[-0.62185191  0.08809385  0.93462812]
626.2458386421204,1005,False,1,5,[5.45893919 1.6255796  1.29167356],waiting,[ 0.50568378 -0.03156594 -0.11489306]
626.351310968399,1000,False,6,2,[-7.32283993 -1.3985043   2.55236989],landing,[-0.82138112 -0.19970136 -0.21083176]
626.351310968399,1001,False,3,6,[8.55324504 9.30335972 3.03312886],landing,[-0.48080528  0.59740651 -0.20557775]
626.351310968399,1002,False,5,0,[-7.28723729  7.53367885  3.19005181],entering,[ 0.5677905  -0.59831228 -0.99408226]
626.351310968399,1003,False,0,4,[ 8.16315046 -7.4729369   1.46741248],fake_landed,[ 0.63925976  0.24903542 -0.34837281]
626.351310968399,1004,False,3,1,[-0.87144957 -8.01588486  1.28717334],waiting,[-0.62185191  0.08809385  0.93462812]
626.351310968399,1005,False,1,5,[5.45893919 1.6255796  1.29167356],waiting,[ 0.50568378 -0.03156594 -0.11489306]
626.4471590518951,1000,False,6,2,[-7.33239353 -1.37701442  2.45517466],landing,[-0.82138112 -0.19970136 -0.21083176]
626.4471590518951,1001,False,3,6,[8.5722873  9.29042946 2.9358139 ],landing,[-0.48080528  0.59740651 -0.20557775]
626.4471590518951,1002,False,5,0,[-7.10491071  7.45276897  3.26505181],entering,[ 0.5677905  -0.59831228 -0.99408226]
626.4471590518951,1003,False,0,4,[ 8.1454222  -7.47587763  1.38945698],fake_landed,[ 0.63925976  0.24903542 -0.34837281]
626.4471590518951,1004,False,3,1,[-0.87144957 -8.01588486  1.28717334],waiting,[-0.62185191  0.08809385  0.93462812]
626.4471590518951,1005,False,1,5,[5.45893919 1.6255796  1.29167356],waiting,[ 0.50568378 -0.03156594 -0.11489306]
626.5546369552612,1000,False,6,2,[-7.34194713 -1.35552454  2.35797942],landing,[-0.82138112 -0.19970136 -0.21083176]
626.5546369552612,1001,False,3,6,[8.59132957 9.27749921 2.83849895],landing,[-0.48080528  0.59740651 -0.20557775]
626.5546369552612,1002,False,5,0,[-6.92108555  7.37397614  3.34005181],entering,[ 0.5677905  -0.59831228 -0.99408226]
626.5546369552612,1003,False,0,4,[ 8.132126   -7.47808318  1.33099035],fake_landed,[ 0.63925976  0.24903542 -0.34837281]
626.5546369552612,1004,False,3,1,[-0.87144957 -8.01588486  1.28717334],waiting,[-0.62185191  0.08809385  0.93462812]
626.5546369552612,1005,False,1,5,[5.45893919 1.6255796  1.29167356],waiting,[ 0.50568378 -0.03156594 -0.11489306]
626.6468122005463,1000,False,6,2,[-7.35150072 -1.33403465  2.26078419],landing,[-0.82138112 -0.19970136 -0.21083176]
626.6468122005463,1001,False,3,6,[8.61037183 9.26456895 2.74118399],landing,[-0.48080528  0.59740651 -0.20557775]
626.6468122005463,1002,False,5,0,[-6.73512608  7.30036178  3.41505181],entering,[ 0.5677905  -0.59831228 -0.99408226]
626.6468122005463,1003,False,0,4,[ 8.12326187 -7.47955355  1.2920126 ],fake_landed,[ 0.63925976  0.24903542 -0.34837281]
626.6468122005463,1004,False,3,1,[-0.87144957 -8.01588486  1.28717334],waiting,[-0.62185191  0.08809385  0.93462812]
626.6468122005463,1005,False,1,5,[5.45893919 1.6255796  1.29167356],waiting,[ 0.50568378 -0.03156594 -0.11489306]
626.7585489749908,1000,False,6,2,[-7.36105432 -1.31254477  2.16358895],landing,[-0.82138112 -0.19970136 -0.21083176]
626.7585489749908,1001,False,3,6,[8.62941409 9.2516387  2.64386903],landing,[-0.48080528  0.59740651 -0.20557775]
626.7585489749908,1002,False,5,0,[-6.54756956  7.23091717  3.49005181],entering,[ 0.5677905  -0.59831228 -0.99408226]
626.7585489749908,1003,False,0,4,[ 8.11882981 -7.48028873  1.27252372],fake_landed,[ 0.63925976  0.24903542 -0.34837281]
626.7585489749908,1004,False,3,1,[-0.87144957 -8.01588486  1.28717334],waiting,[-0.62185191  0.08809385  0.93462812]
626.7585489749908,1005,False,1,5,[5.45893919 1.6255796  1.29167356],waiting,[ 0.50568378 -0.03156594 -0.11489306]
626.8502340316772,1000,False,6,2,[-7.37060792 -1.29105489  2.06639372],landing,[-0.82138112 -0.19970136 -0.21083176]
626.8502340316772,1001,False,3,6,[8.64845635 9.23870844 2.54655408],landing,[-0.48080528  0.59740651 -0.20557775]
626.8502340316772,1002,False,5,0,[-6.35830772  7.16626461  3.56505181],entering,[ 0.5677905  -0.59831228 -0.99408226]
626.8502340316772,1003,False,0,4,[ 8.11882981 -7.48028873  1.27252372],fake_landed,[ 0.63925976  0.24903542 -0.34837281]
626.8502340316772,1004,False,3,1,[-0.87144957 -8.01588486  1.28717334],waiting,[-0.62185191  0.08809385  0.93462812]
626.8502340316772,1005,False,1,5,[5.45893919 1.6255796  1.29167356],queued,[ 0.50568378 -0.03156594 -0.11489306]
626.9452338218689,1000,False,6,2,[-7.38016151 -1.269565    1.96919848],landing,[-0.82138112 -0.19970136 -0.21083176]
626.9452338218689,1001,False,3,6,[8.66749862 9.22577819 2.44923912],landing,[-0.48080528  0.59740651 -0.20557775]
626.9452338218689,1002,False,5,0,[-6.1669968   7.10795395  3.63029404],entering,[ 0.5677905  -0.59831228 -0.99408226]
626.9452338218689,1003,False,4,3,[ 8.11882981 -7.48028873  1.27252372],waiting,[ 0.63925976  0.24903542 -0.34837281]
626.9452338218689,1004,False,3,1,[-0.87144957 -8.01588486  1.28717334],waiting,[-0.62185191  0.08809385  0.93462812]
626.9452338218689,1005,False,1,5,[5.45893919 1.6255796  1.31167356],queued,[ 0.50568378 -0.03156594 -0.11489306]
627.0556478500366,1000,False,6,2,[-7.38971511 -1.24807512  1.87200325],landing,[-0.82138112 -0.19970136 -0.21083176]
627.0556478500366,1001,False,3,6,[8.68654088 9.21284793 2.35192416],landing,[-0.48080528  0.59740651 -0.20557775]
627.0556478500366,1002,False,5,0,[-5.97342707  7.05764729  3.68574993],entering,[ 0.5677905  -0.59831228 -0.99408226]
627.0556478500366,1003,False,4,3,[ 8.11882981 -7.48028873  1.27252372],waiting,[ 0.63925976  0.24903542 -0.34837281]
627.0556478500366,1004,False,3,1,[-0.87144957 -8.01588486  1.28717334],waiting,[-0.62185191  0.08809385  0.93462812]
627.0556478500366,1005,False,1,5,[5.45893919 1.6255796  1.35167356],queued,[ 0.50568378 -0.03156594 -0.11489306]
627.1452751159668,1000,False,6,2,[-7.3992687  -1.22658523  1.77480801],landing,[-0.82138112 -0.19970136 -0.21083176]
627.1452751159668,1001,False,3,6,[8.70558314 9.19991768 2.25460921],landing,[-0.48080528  0.59740651 -0.20557775]
627.1452751159668,1002,False,5,0,[-5.77784915  7.01582293  3.73288744],entering,[ 0.5677905  -0.59831228 -0.99408226]
627.1452751159668,1003,False,4,3,[ 8.11882981 -7.48028873  1.27252372],waiting,[ 0.63925976  0.24903542 -0.34837281]
627.1452751159668,1004,False,3,1,[-0.87144957 -8.01588486  1.28717334],waiting,[-0.62185191  0.08809385  0.93462812]
627.1452751159668,1005,False,1,5,[5.45893919 1.6255796  1.41167356],queued,[ 0.50568378 -0.03156594 -0.11489306]
627.2603487968445,1000,False,6,2,[-7.4088223  -1.20509535  1.67761278],landing,[-0.82138112 -0.19970136 -0.21083176]
627.2603487968445,1001,False,3,6,[8.7246254  9.18698742 2.15729425],landing,[-0.48080528  0.59740651 -0.20557775]
627.2603487968445,1002,False,5,0,[-5.58059076  6.98282102  3.77295433],entering,[ 0.5677905  -0.59831228 -0.99408226]
627.2603487968445,1003,False,4,3,[ 8.11882981 -7.48028873  1.27252372],waiting,[ 0.63925976  0.24903542 -0.34837281]
627.2603487968445,1004,False,3,1,[-0.87144957 -8.01588486  1.28717334],waiting,[-0.62185191  0.08809385  0.93462812]
627.2603487968445,1005,False,1,5,[5.45893919 1.6255796  1.48667356],queued,[ 0.50568378 -0.03156594 -0.11489306]
627.3495051860809,1000,False,6,2,[-7.4183759  -1.18360547  1.58041754],landing,[-0.82138112 -0.19970136 -0.21083176]
627.3495051860809,1001,False,3,6,[8.74366767 9.17405717 2.05997929],landing,[-0.48080528  0.59740651 -0.20557775]
627.3495051860809,1002,False,5,0,[-5.38166453  6.96212423  3.80701118],entering,[ 0.5677905  -0.59831228 -0.99408226]
627.3495051860809,1003,False,4,3,[ 8.11882981 -7.48028873  1.27252372],waiting,[ 0.63925976  0.24903542 -0.34837281]
627.3495051860809,1004,False,3,1,[-0.87144957 -8.01588486  1.28717334],waiting,[-0.62185191  0.08809385  0.93462812]
627.3495051860809,1005,False,1,5,[5.45893919 1.6255796  1.56167356],queued,[ 0.50568378 -0.03156594 -0.11489306]
627.4557147026062,1000,False,6,2,[-7.42792949 -1.16211558  1.48322231],fake_landed,[-0.82138112 -0.19970136 -0.21083176]
627.4557147026062,1001,False,3,6,[8.76270993 9.16112692 1.96266434],landing,[-0.48080528  0.59740651 -0.20557775]
627.4557147026062,1002,False,5,0,[-5.18193262  6.95177226  3.8359595 ],entering,[ 0.5677905  -0.59831228 -0.99408226]
627.4557147026062,1003,False,4,3,[ 8.11882981 -7.48028873  1.27252372],waiting,[ 0.63925976  0.24903542 -0.34837281]
627.4557147026062,1004,False,3,1,[-0.87144957 -8.01588486  1.28717334],waiting,[-0.62185191  0.08809385  0.93462812]
627.4557147026062,1005,False,1,5,[5.45893919 1.6255796  1.63667356],queued,[ 0.50568378 -0.03156594 -0.11489306]
627.559408903122,1000,False,6,2,[-7.43557237 -1.14492368  1.40546612],fake_landed,[-0.82138112 -0.19970136 -0.21083176]
627.559408903122,1001,False,3,6,[8.78175219 9.14819666 1.86534938],landing,[-0.48080528  0.59740651 -0.20557775]
627.559408903122,1002,False,5,0,[-4.98193265  6.95166151  3.86056558],cruising,[ 0.5677905  -0.59831228 -0.99408226]
627.559408903122,1003,False,4,3,[ 8.11882981 -7.48028873  1.27252372],waiting,[ 0.63925976  0.24903542 -0.34837281]
627.559408903122,1004,False,3,1,[-0.87144957 -8.01588486  1.28717334],waiting,[-0.62185191  0.08809385  0.93462812]
627.559408903122,1005,False,1,5,[5.45893919 1.6255796  1.71167356],queued,[ 0.50568378 -0.03156594 -0.11489306]
627.6580896377563,1000,False,6,2,[-7.44130453 -1.13202975  1.34714898],fake_landed,[-0.82138112 -0.19970136 -0.21083176]
627.6580896377563,1001,False,3,6,[8.80079446 9.13526641 1.76803443],landing,[-0.48080528  0.59740651 -0.20557775]
627.6580896377563,1002,False,5,0,[-4.78216585  6.96131686  3.88148074],cruising,[ 0.5677905  -0.59831228 -0.99408226]
627.6580896377563,1003,False,4,3,[ 8.11882981 -7.48028873  1.27252372],waiting,[ 0.63925976  0.24903542 -0.34837281]
627.6580896377563,1004,False,3,1,[-0.87144957 -8.01588486  1.28717334],queued,[-0.62185191  0.08809385  0.93462812]
627.6580896377563,1005,False,1,5,[5.45893919 1.6255796  1.78667356],queued,[ 0.50568378 -0.03156594 -0.11489306]
627.7571802139282,1000,False,6,2,[-7.44512597 -1.12343379  1.30827089],fake_landed,[-0.82138112 -0.19970136 -0.21083176]
627.7571802139282,1001,False,3,6,[8.81983672 9.12233615 1.67071947],landing,[-0.48080528  0.59740651 -0.20557775]
627.7571802139282,1002,False,5,0,[-4.58300046  6.97956923  3.89925863],cruising,[ 0.5677905  -0.59831228 -0.99408226]
627.7571802139282,1003,False,4,3,[ 8.11882981 -7.48028873  1.27252372],waiting,[ 0.63925976  0.24903542 -0.34837281]
627.7571802139282,1004,False,3,1,[-0.87144957 -8.01588486  1.30717334],queued,[-0.62185191  0.08809385  0.93462812]
627.7571802139282,1005,False,1,5,[5.45893919 1.6255796  1.86167356],queued,[ 0.50568378 -0.03156594 -0.11489306]
627.8473777770996,1000,False,6,2,[-7.44703669 -1.11913582  1.28883184],fake_landed,[-0.82138112 -0.19970136 -0.21083176]
627.8473777770996,1001,False,3,6,[8.83887898 9.1094059  1.57340451],landing,[-0.48080528  0.59740651 -0.20557775]
627.8473777770996,1002,False,5,0,[-4.38460104  7.00482133  3.91436983],cruising,[ 0.5677905  -0.59831228 -0.99408226]
627.8473777770996,1003,False,4,3,[ 8.11882981 -7.48028873  1.27252372],waiting,[ 0.63925976  0.24903542 -0.34837281]
627.8473777770996,1004,False,3,1,[-0.87144957 -8.01588486  1.34717334],queued,[-0.62185191  0.08809385  0.93462812]
627.8473777770996,1005,False,1,5,[5.45893919 1.6255796  1.93667356],queued,[ 0.50568378 -0.03156594 -0.11489306]
627.9607048034668,1000,False,2,4,[-7.44703669 -1.11913582  1.28883184],waiting,[-0.82138112 -0.19970136 -0.21083176]
627.9607048034668,1001,False,3,6,[8.85792124 9.09647564 1.47608956],fake_landed,[-0.48080528  0.59740651 -0.20557775]
627.9607048034668,1002,False,5,0,[-4.18694001  7.03531916  3.92721436],cruising,[ 0.5677905  -0.59831228 -0.99408226]
627.9607048034668,1003,False,4,3,[ 8.11882981 -7.48028873  1.27252372],waiting,[ 0.63925976  0.24903542 -0.34837281]
627.9607048034668,1004,False,3,1,[-0.87144957 -8.01588486  1.40717334],queued,[-0.62185191  0.08809385  0.93462812]
627.9607048034668,1005,False,1,5,[5.45893919 1.6255796  2.01167356],queued,[ 0.50568378 -0.03156594 -0.11489306]
628.0552310943604,1000,False,2,4,[-7.44703669 -1.11913582  1.28883184],waiting,[-0.82138112 -0.19970136 -0.21083176]
628.0552310943604,1001,False,3,6,[8.87315505 9.08613144 1.39823759],fake_landed,[-0.48080528  0.59740651 -0.20557775]
628.0552310943604,1002,False,5,0,[-3.98985668  7.06935091  3.9381322 ],cruising,[ 0.5677905  -0.59831228 -0.99408226]
628.0552310943604,1003,False,4,3,[ 8.11882981 -7.48028873  1.27252372],waiting,[ 0.63925976  0.24903542 -0.34837281]
628.0552310943604,1004,False,3,1,[-0.87144957 -8.01588486  1.48217334],queued,[-0.62185191  0.08809385  0.93462812]
628.0552310943604,1005,False,1,5,[5.45893919 1.6255796  2.08667356],queued,[ 0.50568378 -0.03156594 -0.11489306]
628.1562769412994,1000,False,2,4,[-7.44703669 -1.11913582  1.28883184],waiting,[-0.82138112 -0.19970136 -0.21083176]
628.1562769412994,1001,False,3,6,[8.88458041 9.07837329 1.33984862],fake_landed,[-0.48080528  0.59740651 -0.20557775]
628.1562769412994,1002,False,5,0,[-3.79312397  7.10535429  3.94741237],cruising,[ 0.5677905  -0.59831228 -0.99408226]
628.1562769412994,1003,False,4,3,[ 8.11882981 -7.48028873  1.27252372],waiting,[ 0.63925976  0.24903542 -0.34837281]
628.1562769412994,1004,False,3,1,[-0.87144957 -8.01588486  1.55717334],queued,[-0.62185191  0.08809385  0.93462812]
628.1562769412994,1005,False,1,5,[5.45893919 1.6255796  2.16167356],queued,[ 0.50568378 -0.03156594 -0.11489306]
628.2588906288147,1000,False,2,4,[-7.44703669 -1.11913582  1.28883184],waiting,[-0.82138112 -0.19970136 -0.21083176]
628.2588906288147,1001,False,3,6,[8.89219732 9.07320118 1.30092263],fake_landed,[-0.48080528  0.59740651 -0.20557775]
628.2588906288147,1002,False,5,0,[-3.59605973  7.13949639  3.95530052],cruising,[ 0.5677905  -0.59831228 -0.99408226]
628.2588906288147,1003,False,4,3,[ 8.11882981 -7.48028873  1.27252372],waiting,[ 0.63925976  0.24903542 -0.34837281]
628.2588906288147,1004,False,3,1,[-0.87144957 -8.01588486  1.63217334],queued,[-0.62185191  0.08809385  0.93462812]
628.2588906288147,1005,False,1,5,[5.45893919 1.6255796  2.23667356],queued,[ 0.50568378 -0.03156594 -0.11489306]
628.348028421402,1000,False,2,4,[-7.44703669 -1.11913582  1.28883184],waiting,[-0.82138112 -0.19970136 -0.21083176]
628.348028421402,1001,False,3,6,[8.89600577 9.07061513 1.28145964],fake_landed,[-0.48080528  0.59740651 -0.20557775]
628.348028421402,1002,False,5,0,[-3.39896299  7.17345042  3.96200544],cruising,[ 0.5677905  -0.59831228 -0.99408226]
628.348028421402,1003,False,4,3,[ 8.11882981 -7.48028873  1.27252372],waiting,[ 0.63925976  0.24903542 -0.34837281]
628.348028421402,1004,False,3,1,[-0.87144957 -8.01588486  1.70717334],queued,[-0.62185191  0.08809385  0.93462812]
628.348028421402,1005,False,1,5,[5.45893919 1.6255796  2.31167356],queued,[ 0.50568378 -0.03156594 -0.11489306]
628.4576804637909,1000,False,2,4,[-7.44703669 -1.11913582  1.28883184],waiting,[-0.82138112 -0.19970136 -0.21083176]
628.4576804637909,1001,False,3,6,[8.89600577 9.07061513 1.28145964],fake_landed,[-0.48080528  0.59740651 -0.20557775]
628.4576804637909,1002,False,5,0,[-3.20163564  7.20603748  3.96770462],cruising,[ 0.5677905  -0.59831228 -0.99408226]
628.4576804637909,1003,False,4,3,[ 8.11882981 -7.48028873  1.27252372],queued,[ 0.63925976  0.24903542 -0.34837281]
628.4576804637909,1004,False,3,1,[-0.87144957 -8.01588486  1.78217334],queued,[-0.62185191  0.08809385  0.93462812]
628.4576804637909,1005,False,1,5,[5.45893919 1.6255796  2.38667356],queued,[ 0.50568378 -0.03156594 -0.11489306]
628.5470066070557,1000,False,2,4,[-7.44703669 -1.11913582  1.28883184],waiting,[-0.82138112 -0.19970136 -0.21083176]
628.5470066070557,1001,False,6,2,[8.89600577 9.07061513 1.28145964],waiting,[-0.48080528  0.59740651 -0.20557775]
628.5470066070557,1002,False,5,0,[-3.00353266  7.23351857  3.97254893],cruising,[ 0.5677905  -0.59831228 -0.99408226]
628.5470066070557,1003,False,4,3,[ 8.11882981 -7.48028873  1.29252372],queued,[ 0.63925976  0.24903542 -0.34837281]
628.5470066070557,1004,False,3,1,[-0.87144957 -8.01588486  1.85717334],entering,[-0.62185191  0.08809385  0.93462812]
628.5470066070557,1005,False,1,5,[5.45893919 1.6255796  2.46167356],queued,[ 0.50568378 -0.03156594 -0.11489306]
628.6462037563324,1000,False,2,4,[-7.44703669 -1.11913582  1.28883184],queued,[-0.82138112 -0.19970136 -0.21083176]
628.6462037563324,1001,False,6,2,[8.89600577 9.07061513 1.28145964],waiting,[-0.48080528  0.59740651 -0.20557775]
628.6462037563324,1002,False,5,0,[-2.80502483  7.25790385  3.97666659],cruising,[ 0.5677905  -0.59831228 -0.99408226]
628.6462037563324,1003,False,4,3,[ 8.11882981 -7.48028873  1.33252372],queued,[ 0.63925976  0.24903542 -0.34837281]
628.6462037563324,1004,False,3,1,[-0.87794143 -7.99696779  1.93217334],entering,[-0.62185191  0.08809385  0.93462812]
628.6462037563324,1005,False,1,5,[5.45893919 1.6255796  2.53667356],queued,[ 0.50568378 -0.03156594 -0.11489306]
628.7483932971954,1000,False,2,4,[-7.44703669 -1.11913582  1.30883184],queued,[-0.82138112 -0.19970136 -0.21083176]
628.7483932971954,1001,False,6,2,[8.89600577 9.07061513 1.28145964],waiting,[-0.48080528  0.59740651 -0.20557775]
628.7483932971954,1002,False,5,0,[-2.60575553  7.27498434  3.9801666 ],cruising,[ 0.5677905  -0.59831228 -0.99408226]
628.7483932971954,1003,False,4,3,[ 8.11882981 -7.48028873  1.39252372],queued,[ 0.63925976  0.24903542 -0.34837281]
628.7483932971954,1004,False,3,1,[-0.89092516 -7.95913364  2.00717334],entering,[-0.62185191  0.08809385  0.93462812]
628.7483932971954,1005,False,1,5,[5.45893919 1.6255796  2.61167356],entering,[ 0.50568378 -0.03156594 -0.11489306]
628.8474867343903,1000,False,2,4,[-7.44703669 -1.11913582  1.34883184],queued,[-0.82138112 -0.19970136 -0.21083176]
628.8474867343903,1001,False,6,2,[8.89600577 9.07061513 1.28145964],waiting,[-0.48080528  0.59740651 -0.20557775]
628.8474867343903,1002,False,5,0,[-2.40611576  7.28698275  3.98314161],cruising,[ 0.5677905  -0.59831228 -0.99408226]
628.8474867343903,1003,False,4,3,[ 8.11882981 -7.48028873  1.46752372],queued,[ 0.63925976  0.24903542 -0.34837281]
628.8474867343903,1004,False,3,1,[-0.91040076 -7.90238242  2.08217334],entering,[-0.62185191  0.08809385  0.93462812]
628.8474867343903,1005,False,1,5,[5.47863084 1.62208117 2.68667356],entering,[ 0.50568378 -0.03156594 -0.11489306]
628.9537687301636,1000,False,2,4,[-7.44703669 -1.11913582  1.40883184],queued,[-0.82138112 -0.19970136 -0.21083176]
628.9537687301636,1001,False,6,2,[8.89600577 9.07061513 1.28145964],waiting,[-0.48080528  0.59740651 -0.20557775]
628.9537687301636,1002,False,5,0,[-2.20612161  7.28851247  3.98567037],cruising,[ 0.5677905  -0.59831228 -0.99408226]
628.9537687301636,1003,False,4,3,[ 8.11882981 -7.48028873  1.54252372],queued,[ 0.63925976  0.24903542 -0.34837281]
628.9537687301636,1004,False,3,1,[-0.93636822 -7.82671412  2.15717334],entering,[-0.62185191  0.08809385  0.93462812]
628.9537687301636,1005,False,1,5,[5.51800844 1.61505242 2.76167356],entering,[ 0.50568378 -0.03156594 -0.11489306]
629.0584602355957,1000,False,2,4,[-7.44703669 -1.11913582  1.48383184],queued,[-0.82138112 -0.19970136 -0.21083176]
629.0584602355957,1001,False,6,2,[8.89600577 9.07061513 1.28145964],waiting,[-0.48080528  0.59740651 -0.20557775]
629.0584602355957,1002,False,5,0,[-2.0067618   7.27252282  3.98781981],cruising,[ 0.5677905  -0.59831228 -0.99408226]
629.0584602355957,1003,False,4,3,[ 8.11882981 -7.48028873  1.61752372],queued,[ 0.63925976  0.24903542 -0.34837281]
629.0584602355957,1004,False,3,1,[-0.96882755 -7.73212875  2.23217334],entering,[-0.62185191  0.08809385  0.93462812]
629.0584602355957,1005,False,1,5,[5.57705919 1.60442266 2.83667356],entering,[ 0.50568378 -0.03156594 -0.11489306]
629.1527075767517,1000,False,2,4,[-7.44703669 -1.11913582  1.55883184],queued,[-0.82138112 -0.19970136 -0.21083176]
629.1527075767517,1001,False,6,2,[8.89600577 9.07061513 1.28145964],waiting,[-0.48080528  0.59740651 -0.20557775]
629.1527075767517,1002,False,5,0,[-1.80983984  7.23756943  3.98964684],cruising,[ 0.5677905  -0.59831228 -0.99408226]
629.1527075767517,1003,False,4,3,[ 8.11882981 -7.48028873  1.69252372],queued,[ 0.63925976  0.24903542 -0.34837281]
629.1527075767517,1004,False,3,1,[-1.00777874 -7.61862631  2.30717334],entering,[-0.62185191  0.08809385  0.93462812]
629.1527075767517,1005,False,1,5,[5.65570878 1.58980722 2.91167356],entering,[ 0.50568378 -0.03156594 -0.11489306]
629.2471072673798,1000,False,2,4,[-7.44703669 -1.11913582  1.63383184],queued,[-0.82138112 -0.19970136 -0.21083176]
629.2471072673798,1001,False,6,2,[8.89600577 9.07061513 1.28145964],waiting,[-0.48080528  0.59740651 -0.20557775]
629.2471072673798,1002,False,5,0,[-1.61657307  7.18611115  3.99119982],cruising,[ 0.5677905  -0.59831228 -0.99408226]
629.2471072673798,1003,False,4,3,[ 8.11882981 -7.48028873  1.76752372],queued,[ 0.63925976  0.24903542 -0.34837281]
629.2471072673798,1004,False,3,1,[-1.0532218  -7.48620679  2.38217334],entering,[-0.62185191  0.08809385  0.93462812]
629.2471072673798,1005,False,1,5,[5.75387558 1.57082389 2.98667356],entering,[ 0.50568378 -0.03156594 -0.11489306]
629.3596041202545,1000,False,2,4,[-7.44703669 -1.11913582  1.70883184],queued,[-0.82138112 -0.19970136 -0.21083176]
629.3596041202545,1001,False,6,2,[8.89600577 9.07061513 1.28145964],waiting,[-0.48080528  0.59740651 -0.20557775]
629.3596041202545,1002,False,5,0,[-1.42755687  7.1207439   3.99251984],cruising,[ 0.5677905  -0.59831228 -0.99408226]
629.3596041202545,1003,False,4,3,[ 8.11882981 -7.48028873  1.84252372],queued,[ 0.63925976  0.24903542 -0.34837281]
629.3596041202545,1004,False,3,1,[-1.10515673 -7.3348702   2.45717334],entering,[-0.62185191  0.08809385  0.93462812]
629.3596041202545,1005,False,1,5,[5.87141754 1.54688043 3.06167356],entering,[ 0.50568378 -0.03156594 -0.11489306]
629.4533171653748,1000,False,2,4,[-7.44703669 -1.11913582  1.78383184],queued,[-0.82138112 -0.19970136 -0.21083176]
629.4533171653748,1001,False,6,2,[8.89600577 9.07061513 1.28145964],waiting,[-0.48080528  0.59740651 -0.20557775]
629.4533171653748,1002,False,5,0,[-1.24287385  7.04398335  3.99364187],cruising,[ 0.5677905  -0.59831228 -0.99408226]
629.4533171653748,1003,False,4,3,[ 8.11882981 -7.48028873  1.91752372],queued,[ 0.63925976  0.24903542 -0.34837281]
629.4533171653748,1004,False,3,1,[-1.16358352 -7.16461654  2.53217334],entering,[-0.62185191  0.08809385  0.93462812]
629.4533171653748,1005,False,1,5,[6.00814765 1.51729648 3.13667356],entering,[ 0.50568378 -0.03156594 -0.11489306]
629.5484025478363,1000,False,2,4,[-7.44703669 -1.11913582  1.85883184],queued,[-0.82138112 -0.19970136 -0.21083176]
629.5484025478363,1001,False,6,2,[8.89600577 9.07061513 1.28145964],waiting,[-0.48080528  0.59740651 -0.20557775]
629.5484025478363,1002,False,5,0,[-1.06082224  6.96117507  3.99459559],cruising,[ 0.5677905  -0.59831228 -0.99408226]
629.5484025478363,1003,False,4,3,[ 8.11882981 -7.48028873  1.99252372],queued,[ 0.63925976  0.24903542 -0.34837281]
629.5484025478363,1004,False,3,1,[-1.22975396 -6.97592282  2.60717334],entering,[-0.62185191  0.08809385  0.93462812]
629.5484025478363,1005,False,1,5,[6.16338701 1.48013575 3.21167356],entering,[ 0.50568378 -0.03156594 -0.11489306]
629.6459848880768,1000,False,2,4,[-7.44703669 -1.11913582  1.93383184],queued,[-0.82138112 -0.19970136 -0.21083176]
629.6459848880768,1001,False,6,2,[8.89600577 9.07061513 1.28145964],waiting,[-0.48080528  0.59740651 -0.20557775]
629.6459848880768,1002,False,5,0,[-0.8828084   6.87000998  3.99540625],cruising,[ 0.5677905  -0.59831228 -0.99408226]
629.6459848880768,1003,False,4,3,[ 8.11882981 -7.48028873  2.06752372],queued,[ 0.63925976  0.24903542 -0.34837281]
629.6459848880768,1004,False,3,1,[-1.29594021 -6.78719184  2.68217334],entering,[-0.62185191  0.08809385  0.93462812]
629.6459848880768,1005,False,1,5,[6.33620936 1.4334441  3.28667356],entering,[ 0.50568378 -0.03156594 -0.11489306]
629.7567164897919,1000,False,2,4,[-7.44703669 -1.11913582  2.00883184],queued,[-0.82138112 -0.19970136 -0.21083176]
629.7567164897919,1001,False,6,2,[8.89600577 9.07061513 1.28145964],waiting,[-0.48080528  0.59740651 -0.20557775]
629.7567164897919,1002,False,5,0,[-0.70813617  6.77259535  3.99609531],cruising,[ 0.5677905  -0.59831228 -0.99408226]
629.7567164897919,1003,False,4,3,[ 8.11882981 -7.48028873  2.14252372],queued,[ 0.63925976  0.24903542 -0.34837281]
629.7567164897919,1004,False,3,1,[-1.36212645 -6.59846086  2.75717334],entering,[-0.62185191  0.08809385  0.93462812]
629.7567164897919,1005,False,1,5,[6.52249116 1.3719591  3.36167356],entering,[ 0.50568378 -0.03156594 -0.11489306]
629.8479030132294,1000,False,2,4,[-7.44703669 -1.11913582  2.08383184],queued,[-0.82138112 -0.19970136 -0.21083176]
629.8479030132294,1001,False,6,2,[8.89600577 9.07061513 1.28145964],waiting,[-0.48080528  0.59740651 -0.20557775]
629.8479030132294,1002,False,5,0,[-0.53512871  6.67225383  3.99668101],cruising,[ 0.5677905  -0.59831228 -0.99408226]
629.8479030132294,1003,False,4,3,[ 8.11882981 -7.48028873  2.21752372],queued,[ 0.63925976  0.24903542 -0.34837281]
629.8479030132294,1004,False,3,1,[-1.42899822 -6.4099717   2.83217334],entering,[-0.62185191  0.08809385  0.93462812]
629.8479030132294,1005,False,1,5,[6.70935739 1.30067788 3.43667356],entering,[ 0.50568378 -0.03156594 -0.11489306]
629.9556155204773,1000,False,2,4,[-7.44703669 -1.11913582  2.15883184],entering,[-0.82138112 -0.19970136 -0.21083176]
629.9556155204773,1001,False,6,2,[8.89600577 9.07061513 1.28145964],waiting,[-0.48080528  0.59740651 -0.20557775]
629.9556155204773,1002,False,5,0,[-0.36439611  6.56808868  3.99717886],cruising,[ 0.5677905  -0.59831228 -0.99408226]
629.9556155204773,1003,False,4,3,[ 8.11882981 -7.48028873  2.29252372],queued,[ 0.63925976  0.24903542 -0.34837281]
629.9556155204773,1004,False,3,1,[-1.49650352 -6.22170849  2.90717334],entering,[-0.62185191  0.08809385  0.93462812]
629.9556155204773,1005,False,1,5,[6.8922011  1.21963357 3.51167356],entering,[ 0.50568378 -0.03156594 -0.11489306]
630.0597369670868,1000,False,2,4,[-7.43395976 -1.10400326  2.23383184],entering,[-0.82138112 -0.19970136 -0.21083176]
630.0597369670868,1001,False,6,2,[8.89600577 9.07061513 1.28145964],waiting,[-0.48080528  0.59740651 -0.20557775]
630.0597369670868,1002,False,5,0,[-0.19511873  6.46157497  3.99760203],cruising,[ 0.5677905  -0.59831228 -0.99408226]
630.0597369670868,1003,False,4,3,[ 8.11882981 -7.48028873  2.36752372],queued,[ 0.63925976  0.24903542 -0.34837281]
630.0597369670868,1004,False,3,1,[-1.56400882 -6.03344528  2.98217334],entering,[-0.62185191  0.08809385  0.93462812]
630.0597369670868,1005,False,1,5,[7.07001872 1.12808636 3.58492253],entering,[ 0.50568378 -0.03156594 -0.11489306]
630.1548399925232,1000,False,2,4,[-7.40782086 -1.07372526  2.30883184],entering,[-0.82138112 -0.19970136 -0.21083176]
630.1548399925232,1001,False,6,2,[8.89600577 9.07061513 1.28145964],queued,[-0.48080528  0.59740651 -0.20557775]
630.1548399925232,1002,False,5,0,[-0.0262684   6.35438558  3.99796173],cruising,[ 0.5677905  -0.59831228 -0.99408226]
630.1548399925232,1003,False,4,3,[ 8.11882981 -7.48028873  2.44252372],entering,[ 0.63925976  0.24903542 -0.34837281]
630.1548399925232,1004,False,3,1,[-1.63278757 -5.84564357  3.05717334],entering,[-0.62185191  0.08809385  0.93462812]
630.1548399925232,1005,False,1,5,[7.24156751 1.02527094 3.64718415],entering,[ 0.50568378 -0.03156594 -0.11489306]
630.2525408267975,1000,False,2,4,[-7.36865306 -1.02827334  2.38383184],entering,[-0.82138112 -0.19970136 -0.21083176]
630.2525408267975,1001,False,6,2,[8.89600577 9.07061513 1.30145964],queued,[-0.48080528  0.59740651 -0.20557775]
630.2525408267975,1002,False,5,0,[0.1422507  6.24667619 3.99826747],cruising,[ 0.5677905  -0.59831228 -0.99408226]
630.2525408267975,1003,False,4,3,[ 8.10734195 -7.46391714  2.51752372],entering,[ 0.63925976  0.24903542 -0.34837281]
630.2525408267975,1004,False,3,1,[-1.70156632 -5.65784186  3.13217334],entering,[-0.62185191  0.08809385  0.93462812]
630.2525408267975,1005,False,1,5,[7.40533921 0.91047185 3.70010653],entering,[ 0.50568378 -0.03156594 -0.11489306]
630.3592383861542,1000,False,2,4,[-7.31651955 -0.96759347  2.45883184],entering,[-0.82138112 -0.19970136 -0.21083176]
630.3592383861542,1001,False,6,2,[8.89600577 9.07061513 1.34145964],queued,[-0.48080528  0.59740651 -0.20557775]
630.3592383861542,1002,False,5,0,[0.31102624 6.13936908 3.99852735],cruising,[ 0.5677905  -0.59831228 -0.99408226]
630.3592383861542,1003,False,4,3,[ 8.08436622 -7.43117395  2.59252372],entering,[ 0.63925976  0.24903542 -0.34837281]
630.3592383861542,1004,False,3,1,[-1.77148358 -5.47046103  3.20717334],entering,[-0.62185191  0.08809385  0.93462812]
630.3592383861542,1005,False,1,5,[7.56092449 0.78480076 3.74509055],entering,[ 0.50568378 -0.03156594 -0.11489306]
630.4588935375214,1000,False,2,4,[-7.25154416 -0.89158108  2.53383184],entering,[-0.82138112 -0.19970136 -0.21083176]
630.4588935375214,1001,False,6,2,[8.89600577 9.07061513 1.40145964],queued,[-0.48080528  0.59740651 -0.20557775]
630.4588935375214,1002,False,5,0,[0.48031311 6.03287046 3.99874825],exiting,[ 0.5677905  -0.59831228 -0.99408226]
630.4588935375214,1003,False,4,3,[ 8.04990264 -7.38205918  2.66752372],entering,[ 0.63925976  0.24903542 -0.34837281]
630.4588935375214,1004,False,3,1,[-1.84074861 -5.28283812  3.28217334],entering,[-0.62185191  0.08809385  0.93462812]
630.4588935375214,1005,False,1,5,[7.70501626 0.64610123 3.78332697],entering,[ 0.50568378 -0.03156594 -0.11489306]
630.5473654270172,1000,False,2,4,[-7.17404519 -0.79997512  2.60883184],entering,[-0.82138112 -0.19970136 -0.21083176]
630.5473654270172,1001,False,6,2,[8.89600577 9.07061513 1.47645964],queued,[-0.48080528  0.59740651 -0.20557775]
630.5473654270172,1002,False,5,0,[0.63929939 5.94351529 3.99896955],exiting,[ 0.5677905  -0.59831228 -0.99408226]
630.5473654270172,1003,False,4,3,[ 8.00395119 -7.31657281  2.74252372],entering,[ 0.63925976  0.24903542 -0.34837281]
630.5473654270172,1004,False,3,1,[-1.91168702 -5.09584148  3.35717334],entering,[-0.62185191  0.08809385  0.93462812]
630.5473654270172,1005,False,1,5,[7.83562578 0.49463785 3.81582792],entering,[ 0.50568378 -0.03156594 -0.11489306]
630.6514546871185,1000,False,2,4,[-7.08434757 -0.69252007  2.68383184],entering,[-0.82138112 -0.19970136 -0.21083176]
630.6514546871185,1001,False,6,2,[8.89600577 9.07061513 1.55145964],entering,[-0.48080528  0.59740651 -0.20557775]
630.6514546871185,1002,False,5,0,[0.78782887 5.87120874 3.99918835],exiting,[ 0.5677905  -0.59831228 -0.99408226]
630.6514546871185,1003,False,4,3,[ 7.94651188 -7.23471485  2.81752372],entering,[ 0.63925976  0.24903542 -0.34837281]
630.6514546871185,1004,False,3,1,[-1.9832423  -4.90908003  3.43217334],entering,[-0.62185191  0.08809385  0.93462812]
630.6514546871185,1005,False,1,5,[7.95104661 0.33130374 3.84345373],entering,[ 0.50568378 -0.03156594 -0.11489306]
630.7536721229553,1000,False,2,4,[-6.98300165 -0.5688072   2.75883184],entering,[-0.82138112 -0.19970136 -0.21083176]
630.7536721229553,1001,False,6,2,[8.89177746 9.05106721 1.62645964],entering,[-0.48080528  0.59740651 -0.20557775]
630.7536721229553,1002,False,5,0,[0.92572678 5.81584236 3.99940139],exiting,[ 0.5677905  -0.59831228 -0.99408226]
630.7536721229553,1003,False,4,3,[ 7.87758471 -7.1364853   2.89252372],entering,[ 0.63925976  0.24903542 -0.34837281]
630.7536721229553,1004,False,3,1,[-2.05505858 -4.72241878  3.50717334],entering,[-0.62185191  0.08809385  0.93462812]
630.7536721229553,1005,False,1,5,[8.05017923 0.15760077 3.86693567],cruising,[ 0.50568378 -0.03156594 -0.11489306]
630.8552393913269,1000,False,2,4,[-6.87118551 -0.42805395  2.83383184],entering,[-0.82138112 -0.19970136 -0.21083176]
630.8552393913269,1001,False,6,2,[8.88332084 9.01197135 1.70145964],entering,[-0.48080528  0.59740651 -0.20557775]
630.8552393913269,1002,False,5,0,[1.05279566 5.77729063 3.99960498],exiting,[ 0.5677905  -0.59831228 -0.99408226]
630.8552393913269,1003,False,4,3,[ 7.7972334  -7.02183962  2.96752372],entering,[ 0.63925976  0.24903542 -0.34837281]
630.8552393913269,1004,False,3,1,[-2.12676652 -4.53571588  3.58109734],entering,[-0.62185191  0.08809385  0.93462812]
630.8552393913269,1005,False,1,5,[ 8.13170881 -0.02497843  3.8870493 ],cruising,[ 0.50568378 -0.03156594 -0.11489306]
630.9478433132172,1000,False,2,4,[-6.7515571  -0.26888961  2.90883184],entering,[-0.82138112 -0.19970136 -0.21083176]
630.9478433132172,1001,False,6,2,[8.87063592 8.95332758 1.77645964],entering,[-0.48080528  0.59740651 -0.20557775]
630.9478433132172,1002,False,5,0,[1.1688069  5.75540407 3.99979477],exiting,[ 0.5677905  -0.59831228 -0.99408226]
630.9478433132172,1003,False,4,3,[ 7.70465476 -6.89136699  3.04252372],entering,[ 0.63925976  0.24903542 -0.34837281]
630.9478433132172,1004,False,3,1,[-2.19648741 -4.34826189  3.64393274],entering,[-0.62185191  0.08809385  0.93462812]
630.9478433132172,1005,False,1,5,[ 8.1965369  -0.21418022  3.9039919 ],cruising,[ 0.50568378 -0.03156594 -0.11489306]
631.0585939884186,1000,False,2,4,[-6.63484281 -0.10647725  2.98383184],entering,[-0.82138112 -0.19970136 -0.21083176]
631.0585939884186,1001,False,6,2,[8.85372269 8.87513587 1.85145964],entering,[-0.48080528  0.59740651 -0.20557775]
631.0585939884186,1002,False,5,0,[1.27348076 5.74999367 3.99996543],exiting,[ 0.5677905  -0.59831228 -0.99408226]
631.0585939884186,1003,False,4,3,[ 7.59919322 -6.7455963   3.11752372],entering,[ 0.63925976  0.24903542 -0.34837281]
631.0585939884186,1004,False,3,1,[-2.26607871 -4.16075976  3.69734283],entering,[-0.62185191  0.08809385  0.93462812]
631.0585939884186,1005,False,1,5,[ 8.2468591  -0.40774591  3.91839312],cruising,[ 0.50568378 -0.03156594 -0.11489306]
631.1462559700012,1000,False,2,4,[-6.52167072  0.05842296  3.05883184],entering,[-0.82138112 -0.19970136 -0.21083176]
631.1462559700012,1001,False,6,2,[8.83258588 8.77739522 1.92645964],entering,[-0.48080528  0.59740651 -0.20557775]
631.1462559700012,1002,False,5,0,[1.36642926 5.76078559 4.00010947],exiting,[ 0.5677905  -0.59831228 -0.99408226]
631.1462559700012,1003,False,4,3,[ 7.4807686  -6.58459542  3.19252372],entering,[ 0.63925976  0.24903542 -0.34837281]
631.1462559700012,1004,False,3,1,[-2.32790745 -3.97055669  3.7427414 ],entering,[-0.62185191  0.08809385  0.93462812]
631.1462559700012,1005,False,1,5,[ 8.28424433 -0.6042207   3.93063415],cruising,[ 0.50568378 -0.03156594 -0.11489306]
631.2488579750061,1000,False,2,4,[-6.41265831  0.2261021   3.13383184],entering,[-0.82138112 -0.19970136 -0.21083176]
631.2488579750061,1001,False,6,2,[8.80738383 8.66007208 2.00145964],entering,[-0.48080528  0.59740651 -0.20557775]
631.2488579750061,1002,False,5,0,[1.44741446 5.78760494 4.00022249],exiting,[ 0.5677905  -0.59831228 -0.99408226]
631.2488579750061,1003,False,4,3,[ 7.36175193 -6.42386262  3.26752372],entering,[ 0.63925976  0.24903542 -0.34837281]
631.2488579750061,1004,False,3,1,[-2.38875918 -3.7800388   3.78133019],entering,[-0.62185191  0.08809385  0.93462812]
631.2488579750061,1005,False,1,5,[ 8.31033221 -0.80251196  3.94103903],cruising,[ 0.50568378 -0.03156594 -0.11489306]
631.359611749649,1000,False,2,4,[-6.3083461   0.39674489  3.20883184],entering,[-0.82138112 -0.19970136 -0.21083176]
631.359611749649,1001,False,6,2,[8.77836209 8.52311708 2.07645964],entering,[-0.48080528  0.59740651 -0.20557775]
631.359611749649,1002,False,5,0,[1.51619626 5.83026966 4.00030041],exiting,[ 0.5677905  -0.59831228 -0.99408226]
631.359611749649,1003,False,4,3,[ 7.2392197  -6.26579348  3.34252372],entering,[ 0.63925976  0.24903542 -0.34837281]
631.359611749649,1004,False,3,1,[-2.44942218 -3.58946073  3.81413066],cruising,[-0.62185191  0.08809385  0.93462812]
631.359611749649,1005,False,1,5,[ 8.32452231 -1.00200793  3.94988317],cruising,[ 0.50568378 -0.03156594 -0.11489306]
631.4467477798462,1000,False,2,4,[-6.20943946  0.57057664  3.28383184],entering,[-0.82138112 -0.19970136 -0.21083176]
631.4467477798462,1001,False,6,2,[8.74592444 8.36645595 2.15145964],entering,[-0.48080528  0.59740651 -0.20557775]
631.4467477798462,1002,False,5,0,[1.57253254 5.88859028 4.00033979],exiting,[ 0.5677905  -0.59831228 -0.99408226]
631.4467477798462,1003,False,4,3,[ 7.11754997 -6.1070595   3.41752372],entering,[ 0.63925976  0.24903542 -0.34837281]
631.4467477798462,1004,False,3,1,[-2.50417828 -3.39710229  3.84201106],cruising,[-0.62185191  0.08809385  0.93462812]
631.4467477798462,1005,False,1,5,[ 8.33059604 -1.20191568  3.9574007 ],cruising,[ 0.50568378 -0.03156594 -0.11489306]
631.5498402118683,1000,False,2,4,[-6.11677364  0.7478139   3.35883184],entering,[-0.82138112 -0.19970136 -0.21083176]
631.5498402118683,1001,False,6,2,[8.71041255 8.1900325  2.22645964],entering,[-0.48080528  0.59740651 -0.20557775]
631.5498402118683,1002,False,5,0,[1.61617904 5.9623695  4.00033845],exiting,[ 0.5677905  -0.59831228 -0.99408226]
631.5498402118683,1003,False,4,3,[ 6.99054322 -5.95256262  3.49252372],entering,[ 0.63925976  0.24903542 -0.34837281]
631.5498402118683,1004,False,3,1,[-2.55388297 -3.20337711  3.8657094 ],cruising,[-0.62185191  0.08809385  0.93462812]
631.5498402118683,1005,False,1,5,[ 8.32960276 -1.40191321  3.96379059],cruising,[ 0.50568378 -0.03156594 -0.11489306]
631.6583805084229,1000,False,2,4,[-6.03132045  0.9286391   3.43383184],entering,[-0.82138112 -0.19970136 -0.21083176]
631.6583805084229,1001,False,6,2,[8.67186389 7.99384095 2.30145964],entering,[-0.48080528  0.59740651 -0.20557775]
631.6583805084229,1002,False,5,0,[1.64688928 6.05140164 4.00029724],exiting,[ 0.5677905  -0.59831228 -0.99408226]
631.6583805084229,1003,False,4,3,[ 6.86222269 -5.79915518  3.56752372],entering,[ 0.63925976  0.24903542 -0.34837281]
631.6583805084229,1004,False,3,1,[-2.5966319  -3.0079992   3.88585299],cruising,[-0.62185191  0.08809385  0.93462812]
631.6583805084229,1005,False,1,5,[ 8.3200909 -1.6016869  3.969222 ],cruising,[ 0.50568378 -0.03156594 -0.11489306]
631.7585945129395,1000,False,2,4,[-5.9542387   1.11318829  3.50883184],entering,[-0.82138112 -0.19970136 -0.21083176]
631.7585945129395,1001,False,6,2,[8.63330665 7.79759279 2.37645964],entering,[-0.48080528  0.59740651 -0.20557775]
631.7585945129395,1002,False,5,0,[1.670452   6.148586   4.00024216],exiting,[ 0.5677905  -0.59831228 -0.99408226]
631.7585945129395,1003,False,4,3,[ 6.73226515 -5.64713204  3.63239516],entering,[ 0.63925976  0.24903542 -0.34837281]
631.7585945129395,1004,False,3,1,[-2.6388481  -2.81250548  3.90297504],cruising,[-0.62185191  0.08809385  0.93462812]
631.7585945129395,1005,False,1,5,[ 8.30530111 -1.8011393   3.9738387 ],cruising,[ 0.50568378 -0.03156594 -0.11489306]
631.859274148941,1000,False,2,4,[-5.88687959  1.30150385  3.58250706],entering,[-0.82138112 -0.19970136 -0.21083176]
631.859274148941,1001,False,6,2,[8.59533391 7.6012307  2.45145964],entering,[-0.48080528  0.59740651 -0.20557775]
631.859274148941,1002,False,5,0,[1.69401472 6.24577035 4.00019697],exiting,[ 0.5677905  -0.59831228 -0.99408226]
631.859274148941,1003,False,4,3,[ 6.59553037 -5.50117451  3.68753589],entering,[ 0.63925976  0.24903542 -0.34837281]
631.859274148941,1004,False,3,1,[-2.67851339 -2.61647828  3.91752879],cruising,[-0.62185191  0.08809385  0.93462812]
631.859274148941,1005,False,1,5,[ 8.28564563 -2.00017111  3.9777629 ],cruising,[ 0.50568378 -0.03156594 -0.11489306]
631.9548733234406,1000,False,2,4,[-5.83076129  1.49346931  3.645131  ],entering,[-0.82138112 -0.19970136 -0.21083176]
631.9548733234406,1001,False,6,2,[8.55995229 7.40438523 2.52645964],entering,[-0.48080528  0.59740651 -0.20557775]
631.9548733234406,1002,False,5,0,[1.71757743 6.3429547  4.00015994],exiting,[ 0.5677905  -0.59831228 -0.99408226]
631.9548733234406,1003,False,4,3,[ 6.4540454  -5.3598168   3.73440551],entering,[ 0.63925976  0.24903542 -0.34837281]
631.9548733234406,1004,False,3,1,[-2.71973732 -2.42077292  3.92989947],cruising,[-0.62185191  0.08809385  0.93462812]
631.9548733234406,1005,False,1,5,[ 8.25877772 -2.19835819  3.98109846],cruising,[ 0.50568378 -0.03156594 -0.11489306]
632.0481090545654,1000,False,2,4,[-5.78748883  1.68873194  3.69836135],entering,[-0.82138112 -0.19970136 -0.21083176]
632.0481090545654,1001,False,6,2,[8.52576588 7.20732866 2.60145964],entering,[-0.48080528  0.59740651 -0.20557775]
632.0481090545654,1002,False,5,0,[1.74114015 6.44013905 4.00012963],exiting,[ 0.5677905  -0.59831228 -0.99408226]
632.0481090545654,1003,False,4,3,[ 6.31003386 -5.22103395  3.77424468],entering,[ 0.63925976  0.24903542 -0.34837281]
632.0481090545654,1004,False,3,1,[-2.76273542 -2.22544969  3.94041455],cruising,[-0.62185191  0.08809385  0.93462812]
632.0481090545654,1005,False,1,5,[ 8.22779959 -2.39594451  3.98393369],cruising,[ 0.50568378 -0.03156594 -0.11489306]
632.1496753692627,1000,False,2,4,[-5.75859496  1.88663379  3.74360715],entering,[-0.82138112 -0.19970136 -0.21083176]
632.1496753692627,1001,False,6,2,[8.49157947 7.0102721  2.67645964],entering,[-0.48080528  0.59740651 -0.20557775]
632.1496753692627,1002,False,5,0,[1.76470286 6.53732341 4.00010486],exiting,[ 0.5677905  -0.59831228 -0.99408226]
632.1496753692627,1003,False,4,3,[ 6.15912956 -5.08977889  3.80810798],entering,[ 0.63925976  0.24903542 -0.34837281]
632.1496753692627,1004,False,3,1,[-2.80698489 -2.03040615  3.94935237],cruising,[-0.62185191  0.08809385  0.93462812]
632.1496753692627,1005,False,1,5,[ 8.19270882 -2.59284204  3.98634364],cruising,[ 0.50568378 -0.03156594 -0.11489306]
632.2461957931519,1000,False,2,4,[-5.74529737  2.08619124  3.78206608],entering,[-0.82138112 -0.19970136 -0.21083176]
632.2461957931519,1001,False,6,2,[8.45887649 6.81296393 2.75145964],entering,[-0.48080528  0.59740651 -0.20557775]
632.2461957931519,1002,False,5,0,[1.78826558 6.63450776 4.00008463],exiting,[ 0.5677905  -0.59831228 -0.99408226]
632.2461957931519,1003,False,4,3,[ 6.00122423 -4.96703563  3.83689178],cruising,[ 0.63925976  0.24903542 -0.34837281]
632.2461957931519,1004,False,3,1,[-2.85419859 -1.83605887  3.95694951],cruising,[-0.62185191  0.08809385  0.93462812]
632.2461957931519,1005,False,1,5,[ 8.15014552 -2.78826048  3.98839209],cruising,[ 0.50568378 -0.03156594 -0.11489306]
632.3469471931458,1000,False,2,4,[-5.7473589   2.28618061  3.81475617],entering,[-0.82138112 -0.19970136 -0.21083176]
632.3469471931458,1001,False,6,2,[8.42972923 6.61509923 2.82645964],entering,[-0.48080528  0.59740651 -0.20557775]
632.3469471931458,1002,False,5,0,[1.81182829 6.73169211 4.00006814],exiting,[ 0.5677905  -0.59831228 -0.99408226]
632.3469471931458,1003,False,4,3,[ 5.83960539 -4.84922498  3.86135801],cruising,[ 0.63925976  0.24903542 -0.34837281]
632.3469471931458,1004,False,3,1,[-2.90462752 -1.64252095  3.96340709],cruising,[-0.62185191  0.08809385  0.93462812]
632.3469471931458,1005,False,1,5,[ 8.10355297 -2.98275761  3.99013328],cruising,[ 0.50568378 -0.03156594 -0.11489306]
632.449102640152,1000,False,2,4,[-5.76541443  2.48536394  3.84254274],cruising,[-0.82138112 -0.19970136 -0.21083176]
632.449102640152,1001,False,6,2,[8.40058197 6.41723454 2.90145964],entering,[-0.48080528  0.59740651 -0.20557775]
632.449102640152,1002,False,5,0,[1.83539101 6.82887646 4.00005473],exiting,[ 0.5677905  -0.59831228 -0.99408226]
632.449102640152,1003,False,4,3,[ 5.671632   -4.74066651  3.88215431],cruising,[ 0.63925976  0.24903542 -0.34837281]
632.449102640152,1004,False,3,1,[-2.95858866 -1.44993799  3.96889602],cruising,[-0.62185191  0.08809385  0.93462812]
632.449102640152,1005,False,1,5,[ 8.04869122 -3.17508595  3.99161329],cruising,[ 0.50568378 -0.03156594 -0.11489306]
632.5542604923248,1000,False,2,4,[-5.79725042  2.68281386  3.86616133],cruising,[-0.82138112 -0.19970136 -0.21083176]
632.5542604923248,1001,False,6,2,[8.37395085 6.21901551 2.97645964],entering,[-0.48080528  0.59740651 -0.20557775]
632.5542604923248,1002,False,5,0,[1.85895373 6.92606082 4.00004382],exiting,[ 0.5677905  -0.59831228 -0.99408226]
632.5542604923248,1003,False,4,3,[ 5.50042405 -4.63728451  3.89983117],cruising,[ 0.63925976  0.24903542 -0.34837281]
632.5542604923248,1004,False,3,1,[-3.01644372 -1.25848881  3.97356162],cruising,[-0.62185191  0.08809385  0.93462812]
632.5542604923248,1005,False,1,5,[ 7.98512614 -3.36471579  3.99287129],cruising,[ 0.50568378 -0.03156594 -0.11489306]
632.6550459861755,1000,False,2,4,[-5.84228856  2.8776768   3.88623713],cruising,[-0.82138112 -0.19970136 -0.21083176]
632.6550459861755,1001,False,6,2,[8.35045624 6.02040029 3.05145964],entering,[-0.48080528  0.59740651 -0.20557775]
632.6550459861755,1002,False,5,0,[1.88251644 7.02324517 4.00003498],exiting,[ 0.5677905  -0.59831228 -0.99408226]
632.6550459861755,1003,False,4,3,[ 5.32476828 -4.54165477  3.91485649],cruising,[ 0.63925976  0.24903542 -0.34837281]
632.6550459861755,1004,False,3,1,[-3.07772404 -1.06810834  3.97752738],cruising,[-0.62185191  0.08809385  0.93462812]
632.6550459861755,1005,False,1,5,[ 7.91677688 -3.55267425  3.9939406 ],cruising,[ 0.50568378 -0.03156594 -0.11489306]
632.7603404521942,1000,False,2,4,[-5.89683042  3.0700961   3.90330156],cruising,[-0.82138112 -0.19970136 -0.21083176]
632.7603404521942,1001,False,6,2,[8.3281803  5.82164471 3.12645964],entering,[-0.48080528  0.59740651 -0.20557775]
632.7603404521942,1002,False,5,0,[1.90607916 7.12042952 4.00002782],exiting,[ 0.5677905  -0.59831228 -0.99408226]
632.7603404521942,1003,False,4,3,[ 5.14714057 -4.4497396   3.92762802],cruising,[ 0.63925976  0.24903542 -0.34837281]
632.7603404521942,1004,False,3,1,[-3.14361797 -0.87927511  3.98089827],cruising,[-0.62185191  0.08809385  0.93462812]
632.7603404521942,1005,False,1,5,[ 7.83729887 -3.73620421  3.99484951],cruising,[ 0.50568378 -0.03156594 -0.11489306]
632.860983133316,1000,False,2,4,[-5.95843817  3.26037086  3.91780633],cruising,[-0.82138112 -0.19970136 -0.21083176]
632.860983133316,1001,False,6,2,[8.31078724 5.62240244 3.20145964],entering,[-0.48080528  0.59740651 -0.20557775]
632.860983133316,1002,False,5,0,[1.92964187 7.21761387 4.00002204],exiting,[ 0.5677905  -0.59831228 -0.99408226]
632.860983133316,1003,False,4,3,[ 4.9667956  -4.36327751  3.93848381],cruising,[ 0.63925976  0.24903542 -0.34837281]
632.860983133316,1004,False,3,1,[-3.21456426 -0.69228146  3.98376353],cruising,[-0.62185191  0.08809385  0.93462812]
632.860983133316,1005,False,1,5,[ 7.74522454 -3.91374946  3.99562208],cruising,[ 0.50568378 -0.03156594 -0.11489306]
632.9551799297333,1000,False,2,4,[-6.0247245   3.4490667   3.93013538],cruising,[-0.82138112 -0.19970136 -0.21083176]
632.9551799297333,1001,False,6,2,[8.29609917 5.42294252 3.27645964],entering,[-0.48080528  0.59740651 -0.20557775]
632.9551799297333,1002,False,5,0,[1.95320459 7.31479823 4.00001739],exiting,[ 0.5677905  -0.59831228 -0.99408226]
632.9551799297333,1003,False,4,3,[ 4.78546689 -4.27889801  3.94771124],cruising,[ 0.63925976  0.24903542 -0.34837281]
632.9551799297333,1004,False,3,1,[-3.29098045 -0.50745569  3.986199  ],cruising,[-0.62185191  0.08809385  0.93462812]
632.9551799297333,1005,False,1,5,[ 7.63850722 -4.08289854  3.99627877],cruising,[ 0.50568378 -0.03156594 -0.11489306]
633.060465335846,1000,False,2,4,[-6.09341785  3.63689967  3.94061507],cruising,[-0.82138112 -0.19970136 -0.21083176]
633.060465335846,1001,False,6,2,[8.28498704 5.22325146 3.35145964],entering,[-0.48080528  0.59740651 -0.20557775]
633.060465335846,1002,False,5,0,[1.9767673  7.41198258 4.00001364],exiting,[ 0.5677905  -0.59831228 -0.99408226]
633.060465335846,1003,False,4,3,[ 4.60327138 -4.19640684  3.95555456],cruising,[ 0.63925976  0.24903542 -0.34837281]
633.060465335846,1004,False,3,1,[-3.37151473 -0.32438677  3.98826915],cruising,[-0.62185191  0.08809385  0.93462812]
633.060465335846,1005,False,1,5,[ 7.51546165 -4.24049863  3.99684209],cruising,[ 0.50568378 -0.03156594 -0.11489306]
633.1595878601074,1000,False,2,4,[-6.16234559  3.82464675  3.94952281],cruising,[-0.82138112 -0.19970136 -0.21083176]
633.1595878601074,1001,False,6,2,[8.28001568 5.02331325 3.42645964],entering,[-0.48080528  0.59740651 -0.20557775]
633.1595878601074,1002,False,5,0,[2.00033002 7.50916693 4.00001064],exiting,[ 0.5677905  -0.59831228 -0.99408226]
633.1595878601074,1003,False,4,3,[ 4.41978494 -4.1168284   3.96222137],cruising,[ 0.63925976  0.24903542 -0.34837281]
633.1595878601074,1004,False,3,1,[-3.45846583 -0.14427706  3.99002878],cruising,[-0.62185191  0.08809385  0.93462812]
633.1595878601074,1005,False,1,5,[ 7.37807137 -4.38416214  3.99736435],cruising,[ 0.50568378 -0.03156594 -0.11489306]
633.2473492622375,1000,False,2,4,[-6.22936283  4.01308425  3.95709439],cruising,[-0.82138112 -0.19970136 -0.21083176]
633.2473492622375,1001,False,6,2,[8.28055679 4.82331398 3.50145964],entering,[-0.48080528  0.59740651 -0.20557775]
633.2473492622375,1002,False,5,0,[2.02389274 7.60635129 4.00000825],exiting,[ 0.5677905  -0.59831228 -0.99408226]
633.2473492622375,1003,False,4,3,[ 4.23590036 -4.03817435  3.96788817],cruising,[ 0.63925976  0.24903542 -0.34837281]
633.2473492622375,1004,False,3,1,[-3.55224507  0.03237359  3.99152446],cruising,[-0.62185191  0.08809385  0.93462812]
633.2473492622375,1005,False,1,5,[ 7.22811902 -4.51226312  3.99784615],cruising,[ 0.50568378 -0.03156594 -0.11489306]
633.3516294956207,1000,False,2,4,[-6.29224558  4.20294145  3.96353023],cruising,[-0.82138112 -0.19970136 -0.21083176]
633.3516294956207,1001,False,6,2,[8.28522198 4.6233684  3.5762407 ],entering,[-0.48080528  0.59740651 -0.20557775]
633.3516294956207,1002,False,5,0,[2.04745545 7.70353564 4.00000634],exiting,[ 0.5677905  -0.59831228 -0.99408226]
633.3516294956207,1003,False,4,3,[ 4.05125652 -3.96131959  3.97270494],cruising,[ 0.63925976  0.24903542 -0.34837281]
633.3516294956207,1004,False,3,1,[-3.65199731  0.20572149  3.99279579],cruising,[-0.62185191  0.08809385  0.93462812]
633.3516294956207,1005,False,1,5,[ 7.06762696 -4.62336666  3.9982888 ],cruising,[ 0.50568378 -0.03156594 -0.11489306]
633.456903219223,1000,False,2,4,[-6.34855687  4.39485039  3.9690007 ],cruising,[-0.82138112 -0.19970136 -0.21083176]
633.456903219223,1001,False,6,2,[8.29457887 4.4235874  3.63980459],entering,[-0.48080528  0.59740651 -0.20557775]
633.456903219223,1002,False,5,0,[2.07101817 7.80071999 4.00000483],exiting,[ 0.5677905  -0.59831228 -0.99408226]
633.456903219223,1003,False,4,3,[ 3.86640254 -3.88497168  3.9767992 ],cruising,[ 0.63925976  0.24903542 -0.34837281]
633.456903219223,1004,False,3,1,[-3.7584958   0.37500843  3.99387642],cruising,[-0.62185191  0.08809385  0.93462812]
633.456903219223,1005,False,1,5,[ 6.89875899 -4.71630863  3.9986933 ],cruising,[ 0.50568378 -0.03156594 -0.11489306]
633.5606241226196,1000,False,2,4,[-6.38923381  4.59067017  3.97365059],cruising,[-0.82138112 -0.19970136 -0.21083176]
633.5606241226196,1001,False,6,2,[8.3068376  4.22396344 3.6938339 ],entering,[-0.48080528  0.59740651 -0.20557775]
633.5606241226196,1002,False,5,0,[2.09458088 7.89790434 4.00000364],exiting,[ 0.5677905  -0.59831228 -0.99408226]
633.5606241226196,1003,False,4,3,[ 3.68106487 -3.80980553  3.98027932],cruising,[ 0.63925976  0.24903542 -0.34837281]
633.5606241226196,1004,False,3,1,[-3.86809786  0.54230275  3.99479496],cruising,[-0.62185191  0.08809385  0.93462812]
633.5606241226196,1005,False,1,5,[ 6.7237347  -4.79022172  3.99905996],cruising,[ 0.50568378 -0.03156594 -0.11489306]
633.6486487388611,1000,False,2,4,[-6.41681331  4.78875947  3.977603  ],cruising,[-0.82138112 -0.19970136 -0.21083176]
633.6486487388611,1001,False,6,2,[8.31645748 4.02419493 3.73975882],entering,[-0.48080528  0.59740651 -0.20557775]
633.6486487388611,1002,False,5,0,[2.1181436 7.9950887 4.0000027],exiting,[ 0.5677905  -0.59831228 -0.99408226]
633.6486487388611,1003,False,4,3,[ 3.49553309 -3.7351198   3.98323742],cruising,[ 0.63925976  0.24903542 -0.34837281]
633.6486487388611,1004,False,3,1,[-3.98014488  0.70796948  3.99557572],cruising,[-0.62185191  0.08809385  0.93462812]
633.6486487388611,1005,False,1,5,[ 6.54480067 -4.84452072  3.99938852],cruising,[ 0.50568378 -0.03156594 -0.11489306]
633.7513394355774,1000,False,2,4,[-6.42444391  4.9882134   3.98113192],cruising,[-0.82138112 -0.19970136 -0.21083176]
633.7513394355774,1001,False,6,2,[8.33130775 3.82474702 3.778795  ],cruising,[-0.48080528  0.59740651 -0.20557775]
633.7513394355774,1002,False,5,0,[2.14170631 8.09227305 4.00000197],exiting,[ 0.5677905  -0.59831228 -0.99408226]
633.7513394355774,1003,False,4,3,[ 3.30963916 -3.66134009  3.98575181],cruising,[ 0.63925976  0.24903542 -0.34837281]
633.7513394355774,1004,False,3,1,[-4.09407185  0.87234906  3.99623936],cruising,[-0.62185191  0.08809385  0.93462812]
633.7513394355774,1005,False,1,5,[ 6.36422013 -4.87888764  3.99967816],cruising,[ 0.50568378 -0.03156594 -0.11489306]
633.8583273887634,1000,False,2,4,[-6.4121213   5.18633457  3.98435603],cruising,[-0.82138112 -0.19970136 -0.21083176]
633.8583273887634,1001,False,6,2,[8.34034736 3.62495141 3.81197575],cruising,[-0.48080528  0.59740651 -0.20557775]
633.8583273887634,1002,False,5,0,[2.16526903 8.1894574  4.00000141],exiting,[ 0.5677905  -0.59831228 -0.99408226]
633.8583273887634,1003,False,4,3,[ 3.12345486 -3.58829621  3.98788904],cruising,[ 0.63925976  0.24903542 -0.34837281]
633.8583273887634,1004,False,3,1,[-4.20939427  1.03575266  3.99680345],cruising,[-0.62185191  0.08809385  0.93462812]
633.8583273887634,1005,False,1,5,[ 6.18362756 -4.89325461  3.99992764],cruising,[ 0.50568378 -0.03156594 -0.11489306]
633.9457633495331,1000,False,2,4,[-6.38018337  5.38056118  3.98731235],cruising,[-0.82138112 -0.19970136 -0.21083176]
633.9457633495331,1001,False,6,2,[8.34775468 3.42508863 3.84017938],cruising,[-0.48080528  0.59740651 -0.20557775]
633.9457633495331,1002,False,5,0,[2.18883175 8.28664176 4.00000097],exiting,[ 0.5677905  -0.59831228 -0.99408226]
633.9457633495331,1003,False,4,3,[ 2.93693183 -3.51612171  3.98970568],cruising,[ 0.63925976  0.24903542 -0.34837281]
633.9457633495331,1004,False,3,1,[-4.32569466  1.19846167  3.99728294],cruising,[-0.62185191  0.08809385  0.93462812]
633.9457633495331,1005,False,1,5,[ 6.00392624 -4.8876415   4.00013374],cruising,[ 0.50568378 -0.03156594 -0.11489306]
634.0463817119598,1000,False,2,4,[-6.32926073  5.56850161  3.99001472],cruising,[-0.82138112 -0.19970136 -0.21083176]
634.0463817119598,1001,False,6,2,[8.36124617 3.2255442  3.86415248],cruising,[-0.48080528  0.59740651 -0.20557775]
634.0463817119598,1002,False,5,0,[2.21239446 8.38382611 4.00000064],exiting,[ 0.5677905  -0.59831228 -0.99408226]
634.0463817119598,1003,False,4,3,[ 2.74993846 -3.44517469  3.99124983],cruising,[ 0.63925976  0.24903542 -0.34837281]
634.0463817119598,1004,False,3,1,[-4.44260974  1.36072954  3.9976905 ],cruising,[-0.62185191  0.08809385  0.93462812]
634.0463817119598,1005,False,1,5,[ 5.82629779 -4.86213614  4.00029534],cruising,[ 0.50568378 -0.03156594 -0.11489306]
634.152284860611,1000,False,2,4,[-6.26024459  5.7479236   3.99246859],cruising,[-0.82138112 -0.19970136 -0.21083176]
634.152284860611,1001,False,6,2,[8.37336076 3.02591145 3.8845296 ],cruising,[-0.48080528  0.59740651 -0.20557775]
634.152284860611,1002,False,5,0,[2.23595718 8.48101046 4.0000004 ],exiting,[ 0.5677905  -0.59831228 -0.99408226]
634.152284860611,1003,False,4,3,[ 2.56232696 -3.37587877  3.99256236],cruising,[ 0.63925976  0.24903542 -0.34837281]
634.152284860611,1004,False,3,1,[-4.5598188   1.52278521  3.99803692],cruising,[-0.62185191  0.08809385  0.93462812]
634.152284860611,1005,False,1,5,[ 5.65125214 -4.81679832  4.00040904],cruising,[ 0.50568378 -0.03156594 -0.11489306]
634.2455694675446,1000,False,2,4,[-6.17417343  5.91690256  3.99465874],cruising,[-0.82138112 -0.19970136 -0.21083176]
634.2455694675446,1001,False,6,2,[8.38486746 2.82624273 3.90185016],cruising,[-0.48080528  0.59740651 -0.20557775]
634.2455694675446,1002,False,5,0,[2.25951989 8.57819481 4.00000022],exiting,[ 0.5677905  -0.59831228 -0.99408226]
634.2455694675446,1003,False,4,3,[ 2.37427405 -3.30778982  3.993678  ],cruising,[ 0.63925976  0.24903542 -0.34837281]
634.2455694675446,1004,False,3,1,[-4.67700461  1.68485768  3.99833138],cruising,[-0.62185191  0.08809385  0.93462812]
634.2455694675446,1005,False,1,5,[ 5.47949729 -4.75173315  4.00047344],cruising,[ 0.50568378 -0.03156594 -0.11489306]
634.3587765693665,1000,False,2,4,[-6.07221547  6.07373487  3.99658796],cruising,[-0.82138112 -0.19970136 -0.21083176]
634.3587765693665,1001,False,6,2,[8.39988459 2.62680731 3.91657264],cruising,[-0.48080528  0.59740651 -0.20557775]
634.3587765693665,1002,False,5,0,[2.28308261 8.67537917 4.00000009],landing,[ 0.5677905  -0.59831228 -0.99408226]
634.3587765693665,1003,False,4,3,[ 2.18531734 -3.24225081  3.9946263 ],cruising,[ 0.63925976  0.24903542 -0.34837281]
634.3587765693665,1004,False,3,1,[-4.79407162  1.84701598  3.99858168],cruising,[-0.62185191  0.08809385  0.93462812]
634.3587765693665,1005,False,1,5,[ 5.31078598 -4.66690099  4.00048336],cruising,[ 0.50568378 -0.03156594 -0.11489306]
634.453944683075,1000,False,2,4,[-5.95527021  6.21732687  3.99824284],cruising,[-0.82138112 -0.19970136 -0.21083176]
634.453944683075,1001,False,6,2,[8.41315289 2.42724792 3.92908674],cruising,[-0.48080528  0.59740651 -0.20557775]
634.453944683075,1002,False,5,0,[2.30635527 8.75807866 3.98621212],landing,[ 0.5677905  -0.59831228 -0.99408226]
634.453944683075,1003,False,4,3,[ 1.99528129 -3.17991063  3.99543236],cruising,[ 0.63925976  0.24903542 -0.34837281]
634.453944683075,1004,False,3,1,[-4.91072956  2.00946882  3.99879442],cruising,[-0.62185191  0.08809385  0.93462812]
634.453944683075,1005,False,1,5,[ 5.14452066 -4.56221905  4.00043437],cruising,[ 0.50568378 -0.03156594 -0.11489306]
634.5480556488037,1000,False,2,4,[-5.82422753  6.34673504  3.99961202],cruising,[-0.82138112 -0.19970136 -0.21083176]
634.5480556488037,1001,False,6,2,[8.42813491 2.22780986 3.93972373],cruising,[-0.48080528  0.59740651 -0.20557775]
634.5480556488037,1002,False,5,0,[2.32926153 8.82613857 3.95880253],landing,[ 0.5677905  -0.59831228 -0.99408226]
634.5480556488037,1003,False,4,3,[ 1.80397571 -3.12158245  3.9961175 ],cruising,[ 0.63925976  0.24903542 -0.34837281]
634.5480556488037,1004,False,3,1,[-5.02670418  2.17241018  3.99897526],cruising,[-0.62185191  0.08809385  0.93462812]
634.5480556488037,1005,False,1,5,[ 4.97458127 -4.45676477  4.00036921],cruising,[ 0.50568378 -0.03156594 -0.11489306]
634.6457891464233,1000,False,2,4,[-5.67993284  6.46116666  4.00068567],cruising,[-0.82138112 -0.19970136 -0.21083176]
634.6457891464233,1001,False,6,2,[8.44062936 2.02820052 3.94876517],cruising,[-0.48080528  0.59740651 -0.20557775]
634.6457891464233,1002,False,5,0,[2.35171125 8.87937885 3.9179702 ],landing,[ 0.5677905  -0.59831228 -0.99408226]
634.6457891464233,1003,False,4,3,[ 1.61192183 -3.06576754  3.99669988],cruising,[ 0.63925976  0.24903542 -0.34837281]
634.6457891464233,1004,False,3,1,[-5.14172661  2.33602509  3.99912897],cruising,[-0.62185191  0.08809385  0.93462812]
634.6457891464233,1005,False,1,5,[ 4.80140994 -4.35670634  4.00031383],cruising,[ 0.50568378 -0.03156594 -0.11489306]
634.7466444969177,1000,False,2,4,[-5.52315355  6.55997644  4.00145501],cruising,[-0.82138112 -0.19970136 -0.21083176]
634.7466444969177,1001,False,6,2,[8.4536556  1.82862518 3.9564504 ],cruising,[-0.48080528  0.59740651 -0.20557775]
634.7466444969177,1002,False,5,0,[2.37358227 8.91755988 3.86398933],landing,[ 0.5677905  -0.59831228 -0.99408226]
634.7466444969177,1003,False,4,3,[ 1.41815269 -3.01623449  3.9971949 ],cruising,[ 0.63925976  0.24903542 -0.34837281]
634.7466444969177,1004,False,3,1,[-5.25613263  2.50007162  3.99925963],cruising,[-0.62185191  0.08809385  0.93462812]
634.7466444969177,1005,False,1,5,[ 4.62473356 -4.26297556  4.00026676],cruising,[ 0.50568378 -0.03156594 -0.11489306]
634.860924243927,1000,False,2,4,[-5.35488801  6.64241618  4.00192782],cruising,[-0.82138112 -0.19970136 -0.21083176]
634.860924243927,1001,False,6,2,[8.46382382 1.62888383 3.96298284],cruising,[-0.48080528  0.59740651 -0.20557775]
634.860924243927,1002,False,5,0,[2.39476189 8.94046517 3.7971176 ],landing,[ 0.5677905  -0.59831228 -0.99408226]
634.860924243927,1003,False,4,3,[ 1.22163927 -2.97905284  3.99761566],cruising,[ 0.63925976  0.24903542 -0.34837281]
634.860924243927,1004,False,3,1,[-5.36903935  2.66515364  3.99937068],cruising,[-0.62185191  0.08809385  0.93462812]
634.860924243927,1005,False,1,5,[ 4.44621872 -4.17279545  4.00022674],cruising,[ 0.50568378 -0.03156594 -0.11489306]
634.9594099521637,1000,False,2,4,[-5.17553969  6.70821028  4.00209286],cruising,[-0.82138112 -0.19970136 -0.21083176]
634.9594099521637,1001,False,6,2,[8.47378103 1.42913184 3.96853541],cruising,[-0.48080528  0.59740651 -0.20557775]
634.9594099521637,1002,False,5,0,[2.41515017 8.94790648 3.71758733],landing,[ 0.5677905  -0.59831228 -0.99408226]
634.9594099521637,1003,False,4,3,[ 1.0233635  -2.95284755  3.99797331],cruising,[ 0.63925976  0.24903542 -0.34837281]
634.9594099521637,1004,False,3,1,[-5.4801364   2.83145892  3.99946508],cruising,[-0.62185191  0.08809385  0.93462812]
634.9594099521637,1005,False,1,5,[ 4.26563272 -4.08683792  4.00019273],cruising,[ 0.50568378 -0.03156594 -0.11489306]
635.0484805107117,1000,False,2,4,[-4.98512142  6.75735051  4.00193398],cruising,[-0.82138112 -0.19970136 -0.21083176]
635.0484805107117,1001,False,6,2,[8.48301357 1.22934506 3.9732551 ],cruising,[-0.48080528  0.59740651 -0.20557775]
635.0484805107117,1002,False,5,0,[2.43464501 8.93969503 3.62563963],landing,[ 0.5677905  -0.59831228 -0.99408226]
635.0484805107117,1003,False,4,3,[ 0.8237041  -2.94118036  3.99827732],cruising,[ 0.63925976  0.24903542 -0.34837281]
635.0484805107117,1004,False,3,1,[-5.58907755  2.99918436  3.99954532],cruising,[-0.62185191  0.08809385  0.93462812]
635.0484805107117,1005,False,1,5,[ 4.08402511 -4.00306038  4.00016382],cruising,[ 0.50568378 -0.03156594 -0.11489306]
635.1495816707611,1000,False,2,4,[-4.79007489  6.80158683  4.00164388],cruising,[-0.82138112 -0.19970136 -0.21083176]
635.1495816707611,1001,False,6,2,[8.4888094  1.02942905 3.97726683],cruising,[-0.48080528  0.59740651 -0.20557775]
635.1495816707611,1002,False,5,0,[2.45372236 8.92485795 3.52860399],landing,[ 0.5677905  -0.59831228 -0.99408226]
635.1495816707611,1003,False,4,3,[ 0.62375317 -2.94561066  3.99853572],cruising,[ 0.63925976  0.24903542 -0.34837281]
635.1495816707611,1004,False,3,1,[-5.69546522  3.16854098  3.99961352],cruising,[-0.62185191  0.08809385  0.93462812]
635.1495816707611,1005,False,1,5,[ 3.90117841 -3.92202284  4.00013925],cruising,[ 0.50568378 -0.03156594 -0.11489306]
635.2490749359131,1000,False,2,4,[-4.5958984   6.84949808  4.0013973 ],cruising,[-0.82138112 -0.19970136 -0.21083176]
635.2490749359131,1001,False,6,2,[8.49364297 0.82948747 3.98067681],cruising,[-0.48080528  0.59740651 -0.20557775]
635.2490749359131,1002,False,5,0,[2.47279971 8.91002087 3.43156835],landing,[ 0.5677905  -0.59831228 -0.99408226]
635.2490749359131,1003,False,4,3,[ 0.42470997 -2.96515051  3.99875536],cruising,[ 0.63925976  0.24903542 -0.34837281]
635.2490749359131,1004,False,3,1,[-5.79883139  3.33975849  3.99967149],cruising,[-0.62185191  0.08809385  0.93462812]
635.2490749359131,1005,False,1,5,[ 3.7177085  -3.84240631  4.00011836],cruising,[ 0.50568378 -0.03156594 -0.11489306]
635.3570296764374,1000,False,2,4,[-4.40228047  6.89961893  4.00118771],cruising,[-0.82138112 -0.19970136 -0.21083176]
635.3570296764374,1001,False,6,2,[8.49720466 0.62951919 3.98357529],cruising,[-0.48080528  0.59740651 -0.20557775]
635.3570296764374,1002,False,5,0,[2.49187706 8.89518379 3.3345327 ],landing,[ 0.5677905  -0.59831228 -0.99408226]
635.3570296764374,1003,False,4,3,[ 0.22761465 -2.99911277  3.99894206],cruising,[ 0.63925976  0.24903542 -0.34837281]
635.3570296764374,1004,False,3,1,[-5.89861342  3.51308923  3.99972077],cruising,[-0.62185191  0.08809385  0.93462812]
635.3570296764374,1005,False,1,5,[ 3.53345087 -3.76463018  4.00010061],cruising,[ 0.50568378 -0.03156594 -0.11489306]
635.4562554359436,1000,False,2,4,[-4.20890328  6.95066068  4.00100955],cruising,[-0.82138112 -0.19970136 -0.21083176]
635.4562554359436,1001,False,6,2,[8.49716641 0.42951919 3.98603899],cruising,[-0.48080528  0.59740651 -0.20557775]
635.4562554359436,1002,False,5,0,[2.51095441 8.88034671 3.23749706],landing,[ 0.5677905  -0.59831228 -0.99408226]
635.4562554359436,1003,False,4,3,[ 0.03332412 -3.04655947  3.99910075],cruising,[ 0.63925976  0.24903542 -0.34837281]
635.4562554359436,1004,False,3,1,[-5.99412241  3.6888107   3.99976265],cruising,[-0.62185191  0.08809385  0.93462812]
635.4562554359436,1005,False,1,5,[ 3.34870747 -3.68801508  4.00008552],cruising,[ 0.50568378 -0.03156594 -0.11489306]
635.5533974170685,1000,False,2,4,[-4.01484877  6.99906367  4.00085812],cruising,[-0.82138112 -0.19970136 -0.21083176]
635.5533974170685,1001,False,6,2,[8.49581368 0.22952377 3.98813315],cruising,[-0.48080528  0.59740651 -0.20557775]
635.5533974170685,1002,False,5,0,[2.53003176 8.86550964 3.14046142],landing,[ 0.5677905  -0.59831228 -0.99408226]
635.5533974170685,1003,False,4,3,[-0.15636991 -3.10993274  3.99923564],exiting,[ 0.63925976  0.24903542 -0.34837281]
635.5533974170685,1004,False,3,1,[-6.08450136  3.86722495  3.99979826],cruising,[-0.62185191  0.08809385  0.93462812]
635.5533974170685,1005,False,1,5,[ 3.16341637 -3.6127342   4.00007269],cruising,[ 0.50568378 -0.03156594 -0.11489306]
635.6520698070526,1000,False,2,4,[-3.82063946  7.04684171  4.0007294 ],cruising,[-0.82138112 -0.19970136 -0.21083176]
635.6520698070526,1001,False,6,2,[8.49292452 0.02954464 3.98991317],cruising,[-0.48080528  0.59740651 -0.20557775]
635.6520698070526,1002,False,5,0,[2.54910911 8.85067256 3.04342578],landing,[ 0.5677905  -0.59831228 -0.99408226]
635.6520698070526,1003,False,4,3,[-0.32643403 -3.17713566  3.99937007],exiting,[ 0.63925976  0.24903542 -0.34837281]
635.6520698070526,1004,False,3,1,[-6.16866909  4.04865205  3.99982852],cruising,[-0.62185191  0.08809385  0.93462812]
635.6520698070526,1005,False,1,5,[ 2.97759042 -3.53878344  4.00006179],cruising,[ 0.50568378 -0.03156594 -0.11489306]
635.7497227191925,1000,False,2,4,[-3.62605571  7.09307119  4.00061999],cruising,[-0.82138112 -0.19970136 -0.21083176]
635.7497227191925,1001,False,6,2,[ 8.48832307 -0.17040242  3.9914262 ],cruising,[-0.48080528  0.59740651 -0.20557775]
635.7497227191925,1002,False,5,0,[2.56818646 8.83583548 2.94639014],landing,[ 0.5677905  -0.59831228 -0.99408226]
635.7497227191925,1003,False,4,3,[-0.47685701 -3.24811032  3.99950207],exiting,[ 0.63925976  0.24903542 -0.34837281]
635.7497227191925,1004,False,3,1,[-6.2452452   4.23341162  3.99985424],cruising,[-0.62185191  0.08809385  0.93462812]
635.7497227191925,1005,False,1,5,[ 2.79114753 -3.46640215  4.00005252],cruising,[ 0.50568378 -0.03156594 -0.11489306]
635.8469436168671,1000,False,2,4,[-3.43040033  7.13453167  4.00052699],cruising,[-0.82138112 -0.19970136 -0.21083176]
635.8469436168671,1001,False,6,2,[ 8.47982109 -0.37022163  3.99271227],cruising,[-0.48080528  0.59740651 -0.20557775]
635.8469436168671,1002,False,5,0,[2.58726381 8.8209984  2.84935449],landing,[ 0.5677905  -0.59831228 -0.99408226]
635.8469436168671,1003,False,4,3,[-0.6076252  -3.32278482  3.99962932],exiting,[ 0.63925976  0.24903542 -0.34837281]
635.8469436168671,1004,False,3,1,[-6.31245094  4.42178197  3.9998761 ],cruising,[-0.62185191  0.08809385  0.93462812]
635.8469436168671,1005,False,1,5,[ 2.60420722 -3.39531545  4.00004464],cruising,[ 0.50568378 -0.03156594 -0.11489306]
635.9592590332031,1000,False,2,4,[-3.23419343  7.17329833  4.00044794],cruising,[-0.82138112 -0.19970136 -0.21083176]
635.9592590332031,1001,False,6,2,[ 8.4696826  -0.5699645   3.99380543],cruising,[-0.48080528  0.59740651 -0.20557775]
635.9592590332031,1002,False,5,0,[2.60634116 8.80616132 2.75231885],landing,[ 0.5677905  -0.59831228 -0.99408226]
635.9592590332031,1003,False,4,3,[-0.71872175 -3.40106857  3.99974905],exiting,[ 0.63925976  0.24903542 -0.34837281]
635.9592590332031,1004,False,3,1,[-6.36169474  4.61562482  3.99989469],cruising,[-0.62185191  0.08809385  0.93462812]
635.9592590332031,1005,False,1,5,[ 2.41646562 -3.32637277  4.00003794],cruising,[ 0.50568378 -0.03156594 -0.11489306]
636.0464589595795,1000,False,2,4,[-3.03732989  7.20857932  4.00038075],cruising,[-0.82138112 -0.19970136 -0.21083176]
636.0464589595795,1001,False,6,2,[ 8.45772775 -0.76960688  3.99473461],cruising,[-0.48080528  0.59740651 -0.20557775]
636.0464589595795,1002,False,5,0,[2.62541851 8.79132425 2.65528321],landing,[ 0.5677905  -0.59831228 -0.99408226]
636.0464589595795,1003,False,4,3,[-0.81012495 -3.48284116  3.99985775],exiting,[ 0.63925976  0.24903542 -0.34837281]
636.0464589595795,1004,False,3,1,[-6.39129627  4.81323344  3.99991092],cruising,[-0.62185191  0.08809385  0.93462812]
636.0464589595795,1005,False,1,5,[ 2.22778011 -3.26005704  4.00003225],cruising,[ 0.50568378 -0.03156594 -0.11489306]
636.1536915302277,1000,False,2,4,[-2.8393309   7.23679982  4.00032364],cruising,[-0.82138112 -0.19970136 -0.21083176]
636.1536915302277,1001,False,6,2,[ 8.44380226 -0.96912149  3.99552442],cruising,[-0.48080528  0.59740651 -0.20557775]
636.1536915302277,1002,False,5,0,[2.64449586 8.77648717 2.55824757],landing,[ 0.5677905  -0.59831228 -0.99408226]
636.1536915302277,1003,False,4,3,[-0.88180479 -3.56792864  3.99995045],exiting,[ 0.63925976  0.24903542 -0.34837281]
636.1536915302277,1004,False,3,1,[-6.40098836  5.0127431   3.9999248 ],cruising,[-0.62185191  0.08809385  0.93462812]
636.1536915302277,1005,False,1,5,[ 2.0384884  -3.19549197  4.00002741],cruising,[ 0.50568378 -0.03156594 -0.11489306]
636.2601215839386,1000,False,2,4,[-2.64071196  7.26026293  4.00027509],cruising,[-0.82138112 -0.19970136 -0.21083176]
636.2601215839386,1001,False,6,2,[ 8.42559456 -1.16829097  3.99619576],cruising,[-0.48080528  0.59740651 -0.20557775]
636.2601215839386,1002,False,5,0,[2.66357321 8.76165009 2.46121193],landing,[ 0.5677905  -0.59831228 -0.99408226]
636.2601215839386,1003,False,4,3,[-0.93374067 -3.6562061   4.00002383],exiting,[ 0.63925976  0.24903542 -0.34837281]
636.2601215839386,1004,False,3,1,[-6.39074711  5.21062116  3.99993771],cruising,[-0.62185191  0.08809385  0.93462812]
636.2601215839386,1005,False,1,5,[ 1.847919   -3.13480174  4.0000233 ],cruising,[ 0.50568378 -0.03156594 -0.11489306]
636.351744890213,1000,False,2,4,[-2.44122433  7.27456985  4.00023383],cruising,[-0.82138112 -0.19970136 -0.21083176]
636.351744890213,1001,False,6,2,[ 8.40546697 -1.36727559  3.99676639],cruising,[-0.48080528  0.59740651 -0.20557775]
636.351744890213,1002,False,5,0,[2.68265056 8.74681301 2.36417628],landing,[ 0.5677905  -0.59831228 -0.99408226]
636.351744890213,1003,False,4,3,[-0.96591187 -3.74754244  4.00007457],exiting,[ 0.63925976  0.24903542 -0.34837281]
636.351744890213,1004,False,3,1,[-6.36090664  5.40451541  3.99994967],cruising,[-0.62185191  0.08809385  0.93462812]
636.351744890213,1005,False,1,5,[ 1.65588817 -3.07890755  4.00001981],cruising,[ 0.50568378 -0.03156594 -0.11489306]
636.4496026039124,1000,False,2,4,[-2.24125989  7.27834087  4.00019875],cruising,[-0.82138112 -0.19970136 -0.21083176]
636.4496026039124,1001,False,6,2,[ 8.38321674 -1.56603405  3.99725144],cruising,[-0.48080528  0.59740651 -0.20557775]
636.4496026039124,1002,False,5,0,[2.70172791 8.73197594 2.26714064],landing,[ 0.5677905  -0.59831228 -0.99408226]
636.4496026039124,1003,False,4,3,[-0.97829781 -3.84180157  4.0000996 ],exiting,[ 0.63925976  0.24903542 -0.34837281]
636.4496026039124,1004,False,3,1,[-6.31198165  5.59242796  3.9999606 ],cruising,[-0.62185191  0.08809385  0.93462812]
636.4496026039124,1005,False,1,5,[ 1.46220373 -3.02904435  4.00001684],cruising,[ 0.50568378 -0.03156594 -0.11489306]
636.5477774143219,1000,False,2,4,[-2.04172165  7.26475818  4.00016894],cruising,[-0.82138112 -0.19970136 -0.21083176]
636.5477774143219,1001,False,6,2,[ 8.35629684 -1.76421407  3.99766372],cruising,[-0.48080528  0.59740651 -0.20557775]
636.5477774143219,1002,False,5,0,[2.72080526 8.71713886 2.170105  ],landing,[ 0.5677905  -0.59831228 -0.99408226]
636.5477774143219,1003,False,4,3,[-0.97087834 -3.9388437   4.00009653],exiting,[ 0.63925976  0.24903542 -0.34837281]
636.5477774143219,1004,False,3,1,[-6.24482473  5.77211876  3.9999705 ],cruising,[-0.62185191  0.08809385  0.93462812]
636.5477774143219,1005,False,1,5,[ 1.26669315 -2.98690631  4.00001431],cruising,[ 0.50568378 -0.03156594 -0.11489306]
636.6473553180695,1000,False,2,4,[-1.84436519  7.23234785  4.0001436 ],cruising,[-0.82138112 -0.19970136 -0.21083176]
636.6473553180695,1001,False,6,2,[ 8.32717966 -1.96208319  3.99801416],cruising,[-0.48080528  0.59740651 -0.20557775]
636.6473553180695,1002,False,5,0,[2.73988261 8.70230178 2.07306936],landing,[ 0.5677905  -0.59831228 -0.99408226]
636.6473553180695,1003,False,4,3,[-0.95314797 -4.03725932  4.00007966],exiting,[ 0.63925976  0.24903542 -0.34837281]
636.6473553180695,1004,False,3,1,[-6.16053729  5.9414875   3.9999794 ],cruising,[-0.62185191  0.08809385  0.93462812]
636.6473553180695,1005,False,1,5,[ 1.0692763  -2.95486593  4.00001216],cruising,[ 0.50568378 -0.03156594 -0.11489306]
636.7473800182343,1000,False,2,4,[-1.64918635  7.18869904  4.00012206],cruising,[-0.82138112 -0.19970136 -0.21083176]
636.7473800182343,1001,False,6,2,[ 8.29560012 -2.15957429  3.99831204],cruising,[-0.48080528  0.59740651 -0.20557775]
636.7473800182343,1002,False,5,0,[2.75895996 8.6874647  1.97603372],landing,[ 0.5677905  -0.59831228 -0.99408226]
636.7473800182343,1003,False,4,3,[-0.93541761 -4.13567494  4.00006569],exiting,[ 0.63925976  0.24903542 -0.34837281]
636.7473800182343,1004,False,3,1,[-6.06032689  6.09875419  3.99998724],cruising,[-0.62185191  0.08809385  0.93462812]
636.7473800182343,1005,False,1,5,[ 0.86968588 -2.94270708  4.00001033],cruising,[ 0.50568378 -0.03156594 -0.11489306]
636.8501150608063,1000,False,2,4,[-1.45825571  7.12915501  4.00010375],cruising,[-0.82138112 -0.19970136 -0.21083176]
636.8501150608063,1001,False,6,2,[ 8.25853834 -2.35611035  3.99856523],cruising,[-0.48080528  0.59740651 -0.20557775]
636.8501150608063,1002,False,5,0,[2.77803731 8.67262762 1.87899807],landing,[ 0.5677905  -0.59831228 -0.99408226]
636.8501150608063,1003,False,4,3,[-0.91768724 -4.23409056  4.00005412],exiting,[ 0.63925976  0.24903542 -0.34837281]
636.8501150608063,1004,False,3,1,[-5.94511134  6.24279798  3.99999396],cruising,[-0.62185191  0.08809385  0.93462812]
636.8501150608063,1005,False,1,5,[ 0.66968724 -2.94197025  4.00000878],cruising,[ 0.50568378 -0.03156594 -0.11489306]
636.9487352371216,1000,False,2,4,[-1.2718788   7.056604    4.00008819],cruising,[-0.82138112 -0.19970136 -0.21083176]
636.9487352371216,1001,False,6,2,[ 8.21878761 -2.55212025  3.99878045],cruising,[-0.48080528  0.59740651 -0.20557775]
636.9487352371216,1002,False,5,0,[2.79711466 8.65779055 1.78196243],landing,[ 0.5677905  -0.59831228 -0.99408226]
636.9487352371216,1003,False,4,3,[-0.89995687 -4.33250618  4.00004456],exiting,[ 0.63925976  0.24903542 -0.34837281]
636.9487352371216,1004,False,3,1,[-5.81579769  6.37265572  3.99999953],cruising,[-0.62185191  0.08809385  0.93462812]
636.9487352371216,1005,False,1,5,[ 0.4702411  -2.95684441  4.00000746],cruising,[ 0.50568378 -0.03156594 -0.11489306]
637.045802116394,1000,False,2,4,[-1.08987719  6.9736859   4.00007496],cruising,[-0.82138112 -0.19970136 -0.21083176]
637.045802116394,1001,False,6,2,[ 8.17285505 -2.7467743   3.99896338],cruising,[-0.48080528  0.59740651 -0.20557775]
637.045802116394,1002,False,5,0,[2.81619201 8.64295347 1.68492679],landing,[ 0.5677905  -0.59831228 -0.99408226]
637.045802116394,1003,False,4,3,[-0.88222651 -4.4309218   4.00003665],exiting,[ 0.63925976  0.24903542 -0.34837281]
637.045802116394,1004,False,3,1,[-5.67353034  6.48727531  4.00000397],cruising,[-0.62185191  0.08809385  0.93462812]
637.045802116394,1005,False,1,5,[ 0.27247199 -2.98663332  4.00000634],cruising,[ 0.50568378 -0.03156594 -0.11489306]
637.1488752365112,1000,False,2,4,[-0.91176351  6.88271603  4.00006372],cruising,[-0.82138112 -0.19970136 -0.21083176]
637.1488752365112,1001,False,6,2,[ 8.12376859 -2.94065705  3.99911887],cruising,[-0.48080528  0.59740651 -0.20557775]
637.1488752365112,1002,False,5,0,[2.83526936 8.62811639 1.58789115],landing,[ 0.5677905  -0.59831228 -0.99408226]
637.1488752365112,1003,False,4,3,[-0.86449614 -4.52933742  4.00003011],exiting,[ 0.63925976  0.24903542 -0.34837281]
637.1488752365112,1004,False,3,1,[-5.51904542  6.58606041  4.00000722],cruising,[-0.62185191  0.08809385  0.93462812]
637.1488752365112,1005,False,1,5,[ 0.0783249  -3.03466358  4.00000539],cruising,[ 0.50568378 -0.03156594 -0.11489306]
637.2491254806519,1000,False,2,4,[-0.73575791  6.78773166  4.00005416],cruising,[-0.82138112 -0.19970136 -0.21083176]
637.2491254806519,1001,False,6,2,[ 8.06730047 -3.13251989  3.99925104],cruising,[-0.48080528  0.59740651 -0.20557775]
637.2491254806519,1002,False,5,0,[2.85434672 8.61327931 1.49085551],fake_landed,[ 0.5677905  -0.59831228 -0.99408226]
637.2491254806519,1003,False,4,3,[-0.84676577 -4.62775304  4.00002472],exiting,[ 0.63925976  0.24903542 -0.34837281]
637.2491254806519,1004,False,3,1,[-5.3529602   6.66855338  4.00000926],cruising,[-0.62185191  0.08809385  0.93462812]
637.2491254806519,1005,False,1,5,[-0.11259206 -3.09425144  4.00000458],cruising,[ 0.50568378 -0.03156594 -0.11489306]
637.3492615222931,1000,False,2,4,[-0.56275883  6.68737571  4.00004603],cruising,[-0.82138112 -0.19970136 -0.21083176]
637.3492615222931,1001,False,6,2,[ 8.00693326 -3.32319186  3.99936339],cruising,[-0.48080528  0.59740651 -0.20557775]
637.3492615222931,1002,False,5,0,[2.8696086  8.60140965 1.41322699],fake_landed,[ 0.5677905  -0.59831228 -0.99408226]
637.3492615222931,1003,False,4,3,[-0.82903541 -4.72616865  4.00002027],exiting,[ 0.63925976  0.24903542 -0.34837281]
637.3492615222931,1004,False,3,1,[-5.17570902  6.73445355  4.00001004],cruising,[-0.62185191  0.08809385  0.93462812]
637.3492615222931,1005,False,1,5,[-0.29999249 -3.16411615  4.00000389],cruising,[ 0.50568378 -0.03156594 -0.11489306]
637.447915315628,1000,False,2,4,[-0.39194831  6.58333837  4.00003913],cruising,[-0.82138112 -0.19970136 -0.21083176]
637.447915315628,1001,False,6,2,[ 7.93728731 -3.51067371  3.99945888],cruising,[-0.48080528  0.59740651 -0.20557775]
637.447915315628,1002,False,5,0,[2.88105501 8.5925074  1.35500561],fake_landed,[ 0.5677905  -0.59831228 -0.99408226]
637.447915315628,1003,False,4,3,[-0.81130504 -4.82458427  4.0000166 ],exiting,[ 0.63925976  0.24903542 -0.34837281]
637.447915315628,1004,False,3,1,[-4.987376    6.78370462  4.00000951],cruising,[-0.62185191  0.08809385  0.93462812]
637.447915315628,1005,False,1,5,[-0.48281977 -3.24519751  4.00000331],cruising,[ 0.50568378 -0.03156594 -0.11489306]
637.5587038993835,1000,False,2,4,[-0.22203507  6.47784197  4.00003326],cruising,[-0.82138112 -0.19970136 -0.21083176]
637.5587038993835,1001,False,6,2,[ 7.85729544 -3.69398028  3.99954005],cruising,[-0.48080528  0.59740651 -0.20557775]
637.5587038993835,1002,False,5,0,[2.88868595 8.58657257 1.31619135],fake_landed,[ 0.5677905  -0.59831228 -0.99408226]
637.5587038993835,1003,False,4,3,[-0.79357468 -4.92299989  4.00001358],exiting,[ 0.63925976  0.24903542 -0.34837281]
637.5587038993835,1004,False,3,1,[-4.79132877  6.82327084  4.00000808],cruising,[-0.62185191  0.08809385  0.93462812]
637.5587038993835,1005,False,1,5,[-0.66225446 -3.3335332   4.00000281],cruising,[ 0.50568378 -0.03156594 -0.11489306]
637.652804851532,1000,False,2,4,[-0.05316798  6.37067898  4.00002827],cruising,[-0.82138112 -0.19970136 -0.21083176]
637.652804851532,1001,False,6,2,[ 7.76539552 -3.87161588  3.99960904],cruising,[-0.48080528  0.59740651 -0.20557775]
637.652804851532,1002,False,5,0,[2.89250142 8.58360516 1.29678422],fake_landed,[ 0.5677905  -0.59831228 -0.99408226]
637.652804851532,1003,False,4,3,[-0.77584431 -5.02141551  4.0000111 ],exiting,[ 0.63925976  0.24903542 -0.34837281]
637.652804851532,1004,False,3,1,[-4.59622849  6.86726946  4.00000687],cruising,[-0.62185191  0.08809385  0.93462812]
637.652804851532,1005,False,1,5,[-0.84012403 -3.42497944  4.00000239],cruising,[ 0.50568378 -0.03156594 -0.11489306]
637.7551689147949,1000,False,2,4,[0.11552245 6.26323812 4.00002403],cruising,[-0.82138112 -0.19970136 -0.21083176]
637.7551689147949,1001,False,6,2,[ 7.65946885 -4.04126121  3.99966768],cruising,[-0.48080528  0.59740651 -0.20557775]
637.7551689147949,1002,False,0,6,[2.89250142 8.58360516 1.29678422],waiting,[ 0.5677905  -0.59831228 -0.99408226]
637.7551689147949,1003,False,4,3,[-0.75811394 -5.11983113  4.00000906],exiting,[ 0.63925976  0.24903542 -0.34837281]
637.7551689147949,1004,False,3,1,[-4.40180373  6.91416311  4.00000584],cruising,[-0.62185191  0.08809385  0.93462812]
637.7551689147949,1005,False,1,5,[-1.01879976 -3.51484036  4.00000203],cruising,[ 0.50568378 -0.03156594 -0.11489306]
637.8547282218933,1000,False,2,4,[0.28429874 6.15593219 4.00002043],cruising,[-0.82138112 -0.19970136 -0.21083176]
637.8547282218933,1001,False,6,2,[ 7.53713827 -4.19946487  3.99971768],cruising,[-0.48080528  0.59740651 -0.20557775]
637.8547282218933,1002,False,0,6,[2.89250142 8.58360516 1.29678422],waiting,[ 0.5677905  -0.59831228 -0.99408226]
637.8547282218933,1003,False,4,3,[-0.74038358 -5.21824675  4.00000738],exiting,[ 0.63925976  0.24903542 -0.34837281]
637.8547282218933,1004,False,3,1,[-4.20714603  6.96008019  4.00000496],cruising,[-0.62185191  0.08809385  0.93462812]
637.8547282218933,1005,False,1,5,[-1.20214382 -3.59474627  4.00000173],cruising,[ 0.50568378 -0.03156594 -0.11489306]
637.9476795196533,1000,False,2,4,[0.4535786  6.04942242 4.00001736],cruising,[-0.82138112 -0.19970136 -0.21083176]
637.9476795196533,1001,False,6,2,[ 7.39982528 -4.34441987  3.99976192],cruising,[-0.48080528  0.59740651 -0.20557775]
637.9476795196533,1002,False,0,6,[2.89250142 8.58360516 1.29678422],waiting,[ 0.5677905  -0.59831228 -0.99408226]
637.9476795196533,1003,False,4,3,[-0.72265321 -5.31666237  4.000006  ],exiting,[ 0.63925976  0.24903542 -0.34837281]
637.9476795196533,1004,False,3,1,[-4.01268723  7.00683248  4.00000422],cruising,[-0.62185191  0.08809385  0.93462812]
637.9476795196533,1005,False,1,5,[-1.39238815 -3.65588023  4.00000146],cruising,[ 0.50568378 -0.03156594 -0.11489306]
638.0513014793396,1000,False,2,4,[0.62362388 5.94413898 4.00001476],cruising,[-0.82138112 -0.19970136 -0.21083176]
638.0513014793396,1001,False,6,2,[ 7.24996191 -4.47380284  3.99980313],cruising,[-0.48080528  0.59740651 -0.20557775]
638.0513014793396,1002,False,0,6,[2.89250142 8.58360516 1.29678422],waiting,[ 0.5677905  -0.59831228 -0.99408226]
638.0513014793396,1003,False,4,3,[-0.70492284 -5.41507799  4.00000487],exiting,[ 0.63925976  0.24903542 -0.34837281]
638.0513014793396,1004,False,3,1,[-3.8181528   7.05326903  4.00000359],cruising,[-0.62185191  0.08809385  0.93462812]
638.0513014793396,1005,False,1,5,[-1.586387   -3.69736976  4.00000121],cruising,[ 0.50568378 -0.03156594 -0.11489306]
638.1515581607819,1000,False,2,4,[0.79519883 5.84136721 4.00001254],cruising,[-0.82138112 -0.19970136 -0.21083176]
638.1515581607819,1001,False,6,2,[ 7.08945169 -4.58625522  3.99984132],cruising,[-0.48080528  0.59740651 -0.20557775]
638.1515581607819,1002,False,0,6,[2.89250142 8.58360516 1.29678422],waiting,[ 0.5677905  -0.59831228 -0.99408226]
638.1515581607819,1003,False,4,3,[-0.68719248 -5.51349361  4.00000395],exiting,[ 0.63925976  0.24903542 -0.34837281]
638.1515581607819,1004,False,3,1,[-3.6233132   7.09840806  4.00000305],cruising,[-0.62185191  0.08809385  0.93462812]
638.1515581607819,1005,False,1,5,[-1.78103397 -3.71886979  4.00000098],cruising,[ 0.50568378 -0.03156594 -0.11489306]
638.2594437599182,1000,False,2,4,[0.96811667 5.74087134 4.00001066],cruising,[-0.82138112 -0.19970136 -0.21083176]
638.2594437599182,1001,False,6,2,[ 6.92034788 -4.68064798  3.99987645],cruising,[-0.48080528  0.59740651 -0.20557775]
638.2594437599182,1002,False,0,6,[2.89250142 8.58360516 1.29678422],waiting,[ 0.5677905  -0.59831228 -0.99408226]
638.2594437599182,1003,False,4,3,[-0.66946211 -5.61190923  4.0000032 ],exiting,[ 0.63925976  0.24903542 -0.34837281]
638.2594437599182,1004,False,3,1,[-3.42746903  7.1389674   4.00000259],cruising,[-0.62185191  0.08809385  0.93462812]
638.2594437599182,1005,False,1,5,[-1.97333475 -3.72050792  4.00000076],cruising,[ 0.50568378 -0.03156594 -0.11489306]
638.3565135002136,1000,False,2,4,[1.14339392 5.64454957 4.00000906],cruising,[-0.82138112 -0.19970136 -0.21083176]
638.3565135002136,1001,False,6,2,[ 6.74479755 -4.75610817  3.99990845],cruising,[-0.48080528  0.59740651 -0.20557775]
638.3565135002136,1002,False,0,6,[2.89250142 8.58360516 1.29678422],waiting,[ 0.5677905  -0.59831228 -0.99408226]
638.3565135002136,1003,False,4,3,[-0.65173175 -5.71032485  4.00000258],exiting,[ 0.63925976  0.24903542 -0.34837281]
638.3565135002136,1004,False,3,1,[-3.23111805  7.17699756  4.0000022 ],cruising,[-0.62185191  0.08809385  0.93462812]
638.3565135002136,1005,False,1,5,[-2.16039801 -3.70284401  4.00000056],cruising,[ 0.50568378 -0.03156594 -0.11489306]
638.453141450882,1000,False,2,4,[1.32046484 5.55156629 4.0000077 ],cruising,[-0.82138112 -0.19970136 -0.21083176]
638.453141450882,1001,False,6,2,[ 6.56498876 -4.81202697  3.99993726],cruising,[-0.48080528  0.59740651 -0.20557775]
638.453141450882,1002,False,0,6,[2.89250142 8.58360516 1.29678422],waiting,[ 0.5677905  -0.59831228 -0.99408226]
638.453141450882,1003,False,4,3,[-0.63400138 -5.80874047  4.00000208],exiting,[ 0.63925976  0.24903542 -0.34837281]
638.453141450882,1004,False,3,1,[-3.03414698  7.21167315  4.00000187],cruising,[-0.62185191  0.08809385  0.93462812]
638.453141450882,1005,False,1,5,[-2.3398995  -3.66666471  4.00000037],cruising,[ 0.50568378 -0.03156594 -0.11489306]
638.5568490028381,1000,False,2,4,[1.49954515 5.46251437 4.00000655],cruising,[-0.82138112 -0.19970136 -0.21083176]
638.5568490028381,1001,False,6,2,[ 6.38313289 -4.84805082  3.99996278],cruising,[-0.48080528  0.59740651 -0.20557775]
638.5568490028381,1002,False,0,6,[2.89250142 8.58360516 1.29678422],waiting,[ 0.5677905  -0.59831228 -0.99408226]
638.5568490028381,1003,False,4,3,[-0.61627101 -5.90715609  4.00000167],exiting,[ 0.63925976  0.24903542 -0.34837281]
638.5568490028381,1004,False,3,1,[-2.83607551  7.23938041  4.00000159],cruising,[-0.62185191  0.08809385  0.93462812]
638.5568490028381,1005,False,1,5,[-2.50964681 -3.61302529  4.00000019],cruising,[ 0.50568378 -0.03156594 -0.11489306]
638.6555826663971,1000,False,2,4,[1.681851   5.38026733 4.00000557],cruising,[-0.82138112 -0.19970136 -0.21083176]
638.6555826663971,1001,False,6,2,[ 6.20061465 -4.86408563  3.9999847 ],cruising,[-0.48080528  0.59740651 -0.20557775]
638.6555826663971,1002,False,0,6,[2.89250142 8.58360516 1.29678422],waiting,[ 0.5677905  -0.59831228 -0.99408226]
638.6555826663971,1003,False,4,3,[-0.59854065 -6.00557171  4.00000134],exiting,[ 0.63925976  0.24903542 -0.34837281]
638.6555826663971,1004,False,3,1,[-2.63740633  7.2624143   4.00000135],cruising,[-0.62185191  0.08809385  0.93462812]
638.6555826663971,1005,False,1,5,[-2.66764333 -3.54320197  4.00000003],cruising,[ 0.50568378 -0.03156594 -0.11489306]
638.7516832351685,1000,False,2,4,[1.86635022 5.30306605 4.00000473],cruising,[-0.82138112 -0.19970136 -0.21083176]
638.7516832351685,1001,False,6,2,[ 6.01889352 -4.86013634  4.00000295],cruising,[-0.48080528  0.59740651 -0.20557775]
638.7516832351685,1002,False,0,6,[2.89250142 8.58360516 1.29678422],waiting,[ 0.5677905  -0.59831228 -0.99408226]
638.7516832351685,1003,False,4,3,[-0.58081028 -6.10398732  4.00000107],exiting,[ 0.63925976  0.24903542 -0.34837281]
638.7516832351685,1004,False,3,1,[-2.43789208  7.27634489  4.00000115],cruising,[-0.62185191  0.08809385  0.93462812]
638.7516832351685,1005,False,1,5,[-2.81220857 -3.45855971  3.99999989],cruising,[ 0.50568378 -0.03156594 -0.11489306]
638.8604025840759,1000,False,2,4,[2.05315045 5.23161206 4.00000402],cruising,[-0.82138112 -0.19970136 -0.21083176]
638.8604025840759,1001,False,6,2,[ 5.83916101 -4.83628616  4.00001741],cruising,[-0.48080528  0.59740651 -0.20557775]
638.8604025840759,1002,False,0,6,[2.89250142 8.58360516 1.29678422],waiting,[ 0.5677905  -0.59831228 -0.99408226]
638.8604025840759,1003,False,4,3,[-0.56307991 -6.20240294  4.00000085],exiting,[ 0.63925976  0.24903542 -0.34837281]
638.8604025840759,1004,False,3,1,[-2.23792155  7.27977806  4.00000098],cruising,[-0.62185191  0.08809385  0.93462812]
638.8604025840759,1005,False,1,5,[-2.94188595 -3.36056261  3.99999976],cruising,[ 0.50568378 -0.03156594 -0.11489306]
638.9577691555023,1000,False,2,4,[2.24229217 5.16660889 4.00000342],cruising,[-0.82138112 -0.19970136 -0.21083176]
638.9577691555023,1001,False,6,2,[ 5.66195454 -4.79259614  4.00002778],cruising,[-0.48080528  0.59740651 -0.20557775]
638.9577691555023,1002,False,0,6,[2.89250142 8.58360516 1.29678422],waiting,[ 0.5677905  -0.59831228 -0.99408226]
638.9577691555023,1003,False,4,3,[-0.54534955 -6.30081856  4.00000067],exiting,[ 0.63925976  0.24903542 -0.34837281]
638.9577691555023,1004,False,3,1,[-2.03840585  7.26586806  4.00000083],cruising,[-0.62185191  0.08809385  0.93462812]
638.9577691555023,1005,False,1,5,[-3.05537142 -3.25082576  3.99999964],cruising,[ 0.50568378 -0.03156594 -0.11489306]
639.0488605499268,1000,False,2,4,[2.43602955 5.11695179 4.00000291],cruising,[-0.82138112 -0.19970136 -0.21083176]
639.0488605499268,1001,False,6,2,[ 5.48800927 -4.7291738   4.00003392],cruising,[-0.48080528  0.59740651 -0.20557775]
639.0488605499268,1002,False,0,6,[2.89250142 8.58360516 1.29678422],waiting,[ 0.5677905  -0.59831228 -0.99408226]
639.0488605499268,1003,False,4,3,[-0.52761918 -6.39923418  4.00000053],exiting,[ 0.63925976  0.24903542 -0.34837281]
639.0488605499268,1004,False,3,1,[-1.84110191  7.23313958  4.00000071],cruising,[-0.62185191  0.08809385  0.93462812]
639.0488605499268,1005,False,1,5,[-3.15156315 -3.13104268  3.99999955],cruising,[ 0.50568378 -0.03156594 -0.11489306]
639.1455202102661,1000,False,2,4,[2.63176219 5.07585759 4.00000247],cruising,[-0.82138112 -0.19970136 -0.21083176]
639.1455202102661,1001,False,6,2,[ 5.31712624 -4.64598728  4.00003536],cruising,[-0.48080528  0.59740651 -0.20557775]
639.1455202102661,1002,False,0,6,[2.89250142 8.58360516 1.29678422],waiting,[ 0.5677905  -0.59831228 -0.99408226]
639.1455202102661,1003,False,4,3,[-0.50988882 -6.4976498   4.00000042],exiting,[ 0.63925976  0.24903542 -0.34837281]
639.1455202102661,1004,False,3,1,[-1.64725196  7.18392374  4.0000006 ],cruising,[-0.62185191  0.08809385  0.93462812]
639.1455202102661,1005,False,1,5,[-3.22983954 -3.00236911  3.99999948],cruising,[ 0.50568378 -0.03156594 -0.11489306]
639.2517282962799,1000,False,2,4,[2.82887248 5.04198229 4.0000021 ],cruising,[-0.82138112 -0.19970136 -0.21083176]
639.2517282962799,1001,False,6,2,[ 5.14877883 -4.54296215  4.00003166],cruising,[-0.48080528  0.59740651 -0.20557775]
639.2517282962799,1002,False,0,6,[2.89250142 8.58360516 1.29678422],waiting,[ 0.5677905  -0.59831228 -0.99408226]
639.2517282962799,1003,False,4,3,[-0.49215845 -6.59606542  4.00000032],exiting,[ 0.63925976  0.24903542 -0.34837281]
639.2517282962799,1004,False,3,1,[-1.45606739  7.12520015  4.00000051],cruising,[-0.62185191  0.08809385  0.93462812]
639.2517282962799,1005,False,1,5,[-3.28983346 -2.86558684  3.99999942],cruising,[ 0.50568378 -0.03156594 -0.11489306]
639.351438999176,1000,False,2,4,[3.02691505 5.01406923 4.00000178],cruising,[-0.82138112 -0.19970136 -0.21083176]
639.351438999176,1001,False,6,2,[ 4.97685532 -4.44077454  4.00002691],cruising,[-0.48080528  0.59740651 -0.20557775]
639.351438999176,1002,False,0,6,[2.89250142 8.58360516 1.29678422],queued,[ 0.5677905  -0.59831228 -0.99408226]
639.351438999176,1003,False,4,3,[-0.47442808 -6.69448104  4.00000025],exiting,[ 0.63925976  0.24903542 -0.34837281]
639.351438999176,1004,False,3,1,[-1.26946198  7.05323892  4.00000043],cruising,[-0.62185191  0.08809385  0.93462812]
639.351438999176,1005,False,1,5,[-3.33137039 -2.72110134  3.99999939],cruising,[ 0.50568378 -0.03156594 -0.11489306]
639.455374956131,1000,False,2,4,[3.2255769  4.99097228 4.00000152],cruising,[-0.82138112 -0.19970136 -0.21083176]
639.455374956131,1001,False,6,2,[ 4.80211277 -4.34348609  4.00002287],cruising,[-0.48080528  0.59740651 -0.20557775]
639.455374956131,1002,False,0,6,[2.89250142 8.58360516 1.31678422],queued,[ 0.5677905  -0.59831228 -0.99408226]
639.455374956131,1003,False,4,3,[-0.45669772 -6.79289666  4.00000019],exiting,[ 0.63925976  0.24903542 -0.34837281]
639.455374956131,1004,False,3,1,[-1.08727076  6.97073824  4.00000037],cruising,[-0.62185191  0.08809385  0.93462812]
639.455374956131,1005,False,1,5,[-3.35437717 -2.56909033  3.99999938],cruising,[ 0.50568378 -0.03156594 -0.11489306]
639.5599093437195,1000,False,2,4,[3.42464238 4.97166081 4.00000129],cruising,[-0.82138112 -0.19970136 -0.21083176]
639.5599093437195,1001,False,6,2,[ 4.62422932 -4.25206685  4.00001944],cruising,[-0.48080528  0.59740651 -0.20557775]
639.5599093437195,1002,False,0,6,[2.89250142 8.58360516 1.35678422],queued,[ 0.5677905  -0.59831228 -0.99408226]
639.5599093437195,1003,False,4,3,[-0.43896735 -6.89131228  4.00000015],exiting,[ 0.63925976  0.24903542 -0.34837281]
639.5599093437195,1004,False,3,1,[-0.90900866  6.88005957  4.00000031],cruising,[-0.62185191  0.08809385  0.93462812]
639.5599093437195,1005,False,1,5,[-3.35885734 -2.40954508  3.99999939],cruising,[ 0.50568378 -0.03156594 -0.11489306]
639.6602301597595,1000,False,2,4,[3.62396496 4.95521366 4.0000011 ],cruising,[-0.82138112 -0.19970136 -0.21083176]
639.6602301597595,1001,False,6,2,[ 4.44477792 -4.16376512  4.00001652],cruising,[-0.48080528  0.59740651 -0.20557775]
639.6602301597595,1002,False,0,6,[2.89250142 8.58360516 1.41678422],queued,[ 0.5677905  -0.59831228 -0.99408226]
639.6602301597595,1003,False,4,3,[-0.42123698 -6.9897279   4.00000011],exiting,[ 0.63925976  0.24903542 -0.34837281]
639.6602301597595,1004,False,3,1,[-0.73289009  6.78528483  4.00000027],cruising,[-0.62185191  0.08809385  0.93462812]
639.6602301597595,1005,False,1,5,[-3.34513504 -2.24171309  3.99999942],cruising,[ 0.50568378 -0.03156594 -0.11489306]
639.7577760219574,1000,False,2,4,[3.82344541 4.94080706 4.00000093],cruising,[-0.82138112 -0.19970136 -0.21083176]
639.7577760219574,1001,False,6,2,[ 4.26347648 -4.07932706  4.00001405],cruising,[-0.48080528  0.59740651 -0.20557775]
639.7577760219574,1002,False,0,6,[2.89250142 8.58360516 1.49178422],queued,[ 0.5677905  -0.59831228 -0.99408226]
639.7577760219574,1003,False,4,3,[-0.40350662 -7.08814352  4.00000008],exiting,[ 0.63925976  0.24903542 -0.34837281]
639.7577760219574,1004,False,3,1,[-0.55980926  6.68506994  4.00000023],cruising,[-0.62185191  0.08809385  0.93462812]
639.7577760219574,1005,False,1,5,[-3.31425364 -2.06360661  3.99999948],cruising,[ 0.50568378 -0.03156594 -0.11489306]
639.8556632995605,1000,False,2,4,[4.02301545 4.92769971 4.00000079],cruising,[-0.82138112 -0.19970136 -0.21083176]
639.8556632995605,1001,False,6,2,[ 4.0813159  -3.99675877  4.00001194],cruising,[-0.48080528  0.59740651 -0.20557775]
639.8556632995605,1002,False,0,6,[2.89250142 8.58360516 1.56678422],queued,[ 0.5677905  -0.59831228 -0.99408226]
639.8556632995605,1003,False,4,3,[-0.38577625 -7.18655914  4.00000006],exiting,[ 0.63925976  0.24903542 -0.34837281]
639.8556632995605,1004,False,3,1,[-0.38894169  6.58112633  4.00000019],cruising,[-0.62185191  0.08809385  0.93462812]
639.8556632995605,1005,False,1,5,[-3.27175423 -1.86922063  3.99999955],cruising,[ 0.50568378 -0.03156594 -0.11489306]
639.9580042362213,1000,False,2,4,[4.22260043 4.91482205 4.00000067],cruising,[-0.82138112 -0.19970136 -0.21083176]
639.9580042362213,1001,False,6,2,[ 3.89804507 -3.91668503  4.00001015],cruising,[-0.48080528  0.59740651 -0.20557775]
639.9580042362213,1002,False,0,6,[2.89250142 8.58360516 1.64178422],queued,[ 0.5677905  -0.59831228 -0.99408226]
639.9580042362213,1003,False,4,3,[-0.36804589 -7.28497476  4.00000004],exiting,[ 0.63925976  0.24903542 -0.34837281]
639.9580042362213,1004,False,3,1,[-0.21898778  6.47569546  4.00000016],cruising,[-0.62185191  0.08809385  0.93462812]
639.9580042362213,1005,False,1,5,[-3.24491515 -1.67102965  3.99999962],cruising,[ 0.50568378 -0.03156594 -0.11489306]
640.0510964393616,1000,False,2,4,[4.42221132 4.90235231 4.00000057],cruising,[-0.82138112 -0.19970136 -0.21083176]
640.0510964393616,1001,False,6,2,[ 3.71424716 -3.83782865  4.00000863],cruising,[-0.48080528  0.59740651 -0.20557775]
640.0510964393616,1002,False,0,6,[2.89250142 8.58360516 1.71678422],queued,[ 0.5677905  -0.59831228 -0.99408226]
640.0510964393616,1003,False,4,3,[-0.35031552 -7.38339037  4.00000003],exiting,[ 0.63925976  0.24903542 -0.34837281]
640.0510964393616,1004,False,3,1,[-0.05009332  6.3685756   4.00000014],cruising,[-0.62185191  0.08809385  0.93462812]
640.0510964393616,1005,False,1,5,[-3.23450896 -1.47130055  3.99999968],cruising,[ 0.50568378 -0.03156594 -0.11489306]
640.1600046157837,1000,False,2,4,[4.62180402 4.88959482 4.00000049],cruising,[-0.82138112 -0.19970136 -0.21083176]
640.1600046157837,1001,False,6,2,[ 3.52973656 -3.76065457  4.00000733],cruising,[-0.48080528  0.59740651 -0.20557775]
640.1600046157837,1002,False,0,6,[2.89250142 8.58360516 1.79178422],queued,[ 0.5677905  -0.59831228 -0.99408226]
640.1600046157837,1003,False,4,3,[-0.33258515 -7.48180599  4.00000002],exiting,[ 0.63925976  0.24903542 -0.34837281]
640.1600046157837,1004,False,3,1,[0.11861679 6.26116566 4.00000012],cruising,[-0.62185191  0.08809385  0.93462812]
640.1600046157837,1005,False,1,5,[-3.23995618 -1.27137475  3.99999973],cruising,[ 0.50568378 -0.03156594 -0.11489306]
640.2520797252655,1000,False,2,4,[4.8213346  4.87590012 4.00000041],cruising,[-0.82138112 -0.19970136 -0.21083176]
640.2520797252655,1001,False,6,2,[ 3.34479722 -3.68451366  4.00000623],cruising,[-0.48080528  0.59740651 -0.20557775]
640.2520797252655,1002,False,0,6,[2.89250142 8.58360516 1.86678422],queued,[ 0.5677905  -0.59831228 -0.99408226]
640.2520797252655,1003,False,4,3,[-0.31485479 -7.58022161  4.00000001],exiting,[ 0.63925976  0.24903542 -0.34837281]
640.2520797252655,1004,False,3,1,[0.28740785 6.15388295 4.0000001 ],cruising,[-0.62185191  0.08809385  0.93462812]
640.2520797252655,1005,False,1,5,[-3.25923573 -1.07230617  3.99999977],cruising,[ 0.50568378 -0.03156594 -0.11489306]
640.3474440574646,1000,False,2,4,[5.0207519  4.86064429 4.00000035],cruising,[-0.82138112 -0.19970136 -0.21083176]
640.3474440574646,1001,False,6,2,[ 3.15935418 -3.60960784  4.0000053 ],cruising,[-0.48080528  0.59740651 -0.20557775]
640.3474440574646,1002,False,0,6,[2.89250142 8.58360516 1.94178422],queued,[ 0.5677905  -0.59831228 -0.99408226]
640.3474440574646,1003,False,4,3,[-0.29712442 -7.67863723  4.00000001],exiting,[ 0.63925976  0.24903542 -0.34837281]
640.3474440574646,1004,False,3,1,[0.45670018 6.04739301 4.00000009],cruising,[-0.62185191  0.08809385  0.93462812]
640.3474440574646,1005,False,1,5,[-3.29208161 -0.87502173  3.9999998 ],cruising,[ 0.50568378 -0.03156594 -0.11489306]
640.4559574127197,1000,False,2,4,[5.2200808 4.8442738 4.0000003],cruising,[-0.82138112 -0.19970136 -0.21083176]
640.4559574127197,1001,False,6,2,[ 2.97341001 -3.53595485  4.0000045 ],cruising,[-0.48080528  0.59740651 -0.20557775]
640.4559574127197,1002,False,0,6,[2.89250142 8.58360516 2.01678422],queued,[ 0.5677905  -0.59831228 -0.99408226]
640.4559574127197,1003,False,4,3,[-0.27939405 -7.77705285  4.        ],landing,[ 0.63925976  0.24903542 -0.34837281]
640.4559574127197,1004,False,3,1,[0.62675718 5.9421285  4.00000007],cruising,[-0.62185191  0.08809385  0.93462812]
640.4559574127197,1005,False,1,5,[-3.3373822  -0.68021964  3.99999983],cruising,[ 0.50568378 -0.03156594 -0.11489306]
640.5589928627014,1000,False,2,4,[5.4191681  4.82518863 4.00000025],cruising,[-0.82138112 -0.19970136 -0.21083176]
640.5589928627014,1001,False,6,2,[ 2.78687454 -3.46381248  4.00000383],cruising,[-0.48080528  0.59740651 -0.20557775]
640.5589928627014,1002,False,0,6,[2.89250142 8.58360516 2.09178422],queued,[ 0.5677905  -0.59831228 -0.99408226]
640.5589928627014,1003,False,4,3,[-0.26730362 -7.86231348  3.98603084],landing,[ 0.63925976  0.24903542 -0.34837281]
640.5589928627014,1004,False,3,1,[0.79834602 5.83937993 4.00000006],cruising,[-0.62185191  0.08809385  0.93462812]
640.5589928627014,1005,False,1,5,[-3.39416145 -0.48844864  3.99999986],cruising,[ 0.50568378 -0.03156594 -0.11489306]
640.6577041149139,1000,False,2,4,[5.61790172 4.80271751 4.00000022],cruising,[-0.82138112 -0.19970136 -0.21083176]
640.6577041149139,1001,False,6,2,[ 2.59986143 -3.39291753  4.00000325],cruising,[-0.48080528  0.59740651 -0.20557775]
640.6577041149139,1002,False,0,6,[2.89250142 8.58360516 2.16678422],queued,[ 0.5677905  -0.59831228 -0.99408226]
640.6577041149139,1003,False,4,3,[-0.26084623 -7.93424415  3.95825657],landing,[ 0.63925976  0.24903542 -0.34837281]
640.6577041149139,1004,False,3,1,[0.97127903 5.73891016 4.00000005],cruising,[-0.62185191  0.08809385  0.93462812]
640.6577041149139,1005,False,1,5,[-3.4597669  -0.29951499  3.99999988],cruising,[ 0.50568378 -0.03156594 -0.11489306]
640.7584519386292,1000,False,2,4,[5.81612939 4.77615079 4.00000018],cruising,[-0.82138112 -0.19970136 -0.21083176]
640.7584519386292,1001,False,6,2,[ 2.4120614  -3.32413418  4.00000277],cruising,[-0.48080528  0.59740651 -0.20557775]
640.7584519386292,1002,False,0,6,[2.89250142 8.58360516 2.24178422],queued,[ 0.5677905  -0.59831228 -0.99408226]
640.7584519386292,1003,False,4,3,[-0.26001267 -7.9926396   3.91687456],landing,[ 0.63925976  0.24903542 -0.34837281]
640.7584519386292,1004,False,3,1,[1.14657594 5.64262416 4.00000004],cruising,[-0.62185191  0.08809385  0.93462812]
640.7584519386292,1005,False,1,5,[-3.53564919 -0.11446937  3.9999999 ],cruising,[ 0.50568378 -0.03156594 -0.11489306]
640.8489565849304,1000,False,2,4,[6.01364435 4.74472085 4.00000016],cruising,[-0.82138112 -0.19970136 -0.21083176]
640.8489565849304,1001,False,6,2,[ 2.22332778 -3.25795549  4.00000235],cruising,[-0.48080528  0.59740651 -0.20557775]
640.8489565849304,1002,False,0,6,[2.89250142 8.58360516 2.31678422],queued,[ 0.5677905  -0.59831228 -0.99408226]
640.8489565849304,1003,False,4,3,[-0.26478836 -8.03722171  3.86216111],landing,[ 0.63925976  0.24903542 -0.34837281]
640.8489565849304,1004,False,3,1,[1.32366826 5.54968166 4.00000004],cruising,[-0.62185191  0.08809385  0.93462812]
640.8489565849304,1005,False,1,5,[-3.62213738  0.06586308  3.99999991],cruising,[ 0.50568378 -0.03156594 -0.11489306]
640.9468224048615,1000,False,2,4,[6.2101661  4.70758327 4.00000013],cruising,[-0.82138112 -0.19970136 -0.21083176]
640.9468224048615,1001,False,6,2,[ 2.03399678 -3.1935057   4.000002  ],cruising,[-0.48080528  0.59740651 -0.20557775]
640.9468224048615,1002,False,0,6,[2.89250142 8.58360516 2.39178422],entering,[ 0.5677905  -0.59831228 -0.99408226]
640.9468224048615,1003,False,4,3,[-0.27515883 -8.06775187  3.79436172],landing,[ 0.63925976  0.24903542 -0.34837281]
640.9468224048615,1004,False,3,1,[1.5027718  5.46067648 4.00000003],cruising,[-0.62185191  0.08809385  0.93462812]
640.9468224048615,1005,False,1,5,[-3.71625026  0.24233621  3.99999993],cruising,[ 0.50568378 -0.03156594 -0.11489306]
641.0520942211151,1000,False,2,4,[6.40531466 4.66379927 4.00000011],cruising,[-0.82138112 -0.19970136 -0.21083176]
641.0520942211151,1001,False,6,2,[ 1.8433929  -3.13292384  4.0000017 ],cruising,[-0.48080528  0.59740651 -0.20557775]
641.0520942211151,1002,False,0,6,[2.88889094 8.56393374 2.46678422],entering,[ 0.5677905  -0.59831228 -0.99408226]
641.0520942211151,1003,False,4,3,[-0.29110925 -8.08401368  3.71370628],landing,[ 0.63925976  0.24903542 -0.34837281]
641.0520942211151,1004,False,3,1,[1.68510587 5.37849202 4.00000003],cruising,[-0.62185191  0.08809385  0.93462812]
641.0520942211151,1005,False,1,5,[-3.81639345  0.41545854  3.99999994],cruising,[ 0.50568378 -0.03156594 -0.11489306]
641.1466636657715,1000,False,2,4,[6.5985763 4.6123217 4.0000001],cruising,[-0.82138112 -0.19970136 -0.21083176]
641.1466636657715,1001,False,6,2,[ 1.65133063 -3.07713778  4.00000144],cruising,[-0.48080528  0.59740651 -0.20557775]
641.1466636657715,1002,False,0,6,[2.88169452 8.52458643 2.54178422],entering,[ 0.5677905  -0.59831228 -0.99408226]
641.1466636657715,1003,False,4,3,[-0.312623   -8.08578921  3.6204335 ],landing,[ 0.63925976  0.24903542 -0.34837281]
641.1466636657715,1004,False,3,1,[1.86963402 5.3013599  4.00000002],cruising,[-0.62185191  0.08809385  0.93462812]
641.1466636657715,1005,False,1,5,[-3.92125825  0.58576231  3.99999995],cruising,[ 0.50568378 -0.03156594 -0.11489306]
641.2527475357056,1000,False,2,4,[6.7892589  4.55198808 4.00000008],cruising,[-0.82138112 -0.19970136 -0.21083176]
641.2527475357056,1001,False,6,2,[ 1.45761677 -3.02738903  4.00000123],cruising,[-0.48080528  0.59740651 -0.20557775]
641.2527475357056,1002,False,0,6,[2.87115844 8.46551993 2.61678422],entering,[ 0.5677905  -0.59831228 -0.99408226]
641.2527475357056,1003,False,4,3,[-0.33590154 -8.0828839   3.52322409],landing,[ 0.63925976  0.24903542 -0.34837281]
641.2527475357056,1004,False,3,1,[2.0564635  5.22998241 4.00000002],cruising,[-0.62185191  0.08809385  0.93462812]
641.2527475357056,1005,False,1,5,[-4.03082425  0.75308025  3.99999995],cruising,[ 0.50568378 -0.03156594 -0.11489306]
641.3458964824677,1000,False,2,4,[6.97643601 4.48152725 4.00000007],cruising,[-0.82138112 -0.19970136 -0.21083176]
641.3458964824677,1001,False,6,2,[ 1.26207869 -2.98537878  4.00000104],cruising,[-0.48080528  0.59740651 -0.20557775]
641.3458964824677,1002,False,0,6,[2.85745901 8.38670517 2.69178422],entering,[ 0.5677905  -0.59831228 -0.99408226]
641.3458964824677,1003,False,4,3,[-0.35918009 -8.07997858  3.42601469],landing,[ 0.63925976  0.24903542 -0.34837281]
641.3458964824677,1004,False,3,1,[2.24563423 5.16506373 4.00000002],cruising,[-0.62185191  0.08809385  0.93462812]
641.3458964824677,1005,False,1,5,[-4.14271195  0.91885461  3.99999996],cruising,[ 0.50568378 -0.03156594 -0.11489306]
641.4536261558533,1000,False,2,4,[7.15888105 4.39958942 4.00000006],cruising,[-0.82138112 -0.19970136 -0.21083176]
641.4536261558533,1001,False,6,2,[ 1.06463769 -2.95348754  4.00000089],cruising,[-0.48080528  0.59740651 -0.20557775]
641.4536261558533,1002,False,0,6,[2.84083458 8.28810547 2.76678422],entering,[ 0.5677905  -0.59831228 -0.99408226]
641.4536261558533,1003,False,4,3,[-0.38245863 -8.07707326  3.32880528],landing,[ 0.63925976  0.24903542 -0.34837281]
641.4536261558533,1004,False,3,1,[2.43940319 5.11553    4.00000001],cruising,[-0.62185191  0.08809385  0.93462812]
641.4536261558533,1005,False,1,5,[-4.2563331   1.08344573  3.99999997],cruising,[ 0.50568378 -0.03156594 -0.11489306]
641.5532829761505,1000,False,2,4,[7.33499872 4.30481302 4.00000005],cruising,[-0.82138112 -0.19970136 -0.21083176]
641.5532829761505,1001,False,6,2,[ 0.86504137 -2.94147983  4.00000075],cruising,[-0.48080528  0.59740651 -0.20557775]
641.5532829761505,1002,False,0,6,[2.82221231 8.1696058  2.84178422],entering,[ 0.5677905  -0.59831228 -0.99408226]
641.5532829761505,1003,False,4,3,[-0.40573717 -8.07416795  3.23159588],landing,[ 0.63925976  0.24903542 -0.34837281]
641.5532829761505,1004,False,3,1,[2.63516327 5.07456672 4.00000001],cruising,[-0.62185191  0.08809385  0.93462812]
641.5532829761505,1005,False,1,5,[-4.37077782  1.24746526  3.99999997],cruising,[ 0.50568378 -0.03156594 -0.11489306]
641.6511993408203,1000,False,2,4,[7.50277042 4.19594312 4.00000004],cruising,[-0.82138112 -0.19970136 -0.21083176]
641.6511993408203,1001,False,6,2,[ 0.66508905 -2.94584675  4.00000064],cruising,[-0.48080528  0.59740651 -0.20557775]
641.6511993408203,1002,False,0,6,[2.80277117 8.03112289 2.91678422],entering,[ 0.5677905  -0.59831228 -0.99408226]
641.6511993408203,1003,False,4,3,[-0.42901572 -8.07126263  3.13438647],landing,[ 0.63925976  0.24903542 -0.34837281]
641.6511993408203,1004,False,3,1,[2.8322961  5.04082284 4.00000001],cruising,[-0.62185191  0.08809385  0.93462812]
641.6511993408203,1005,False,1,5,[-4.48628366  1.41073926  3.99999998],cruising,[ 0.50568378 -0.03156594 -0.11489306]
641.7534322738647,1000,False,2,4,[7.6585179  4.0710914  4.00000004],cruising,[-0.82138112 -0.19970136 -0.21083176]
641.7534322738647,1001,False,6,2,[ 0.46558742 -2.95995704  4.00000054],cruising,[-0.48080528  0.59740651 -0.20557775]
641.7534322738647,1002,False,0,6,[2.78429106 7.8726631  2.99178422],entering,[ 0.5677905  -0.59831228 -0.99408226]
641.7534322738647,1003,False,4,3,[-0.45229426 -8.06835731  3.03717706],landing,[ 0.63925976  0.24903542 -0.34837281]
641.7534322738647,1004,False,3,1,[3.03035652 5.01303676 4.00000001],cruising,[-0.62185191  0.08809385  0.93462812]
641.7534322738647,1005,False,1,5,[-4.60241117  1.57357169  3.99999998],cruising,[ 0.50568378 -0.03156594 -0.11489306]
641.8485271930695,1000,False,2,4,[7.80085062 3.93140581 4.00000003],cruising,[-0.82138112 -0.19970136 -0.21083176]
641.8485271930695,1001,False,6,2,[ 0.26773981 -2.98922002  4.00000046],cruising,[-0.48080528  0.59740651 -0.20557775]
641.8485271930695,1002,False,0,6,[2.76836867 7.69436752 3.06678422],entering,[ 0.5677905  -0.59831228 -0.99408226]
641.8485271930695,1003,False,4,3,[-0.4755728  -8.065452    2.93996766],landing,[ 0.63925976  0.24903542 -0.34837281]
641.8485271930695,1004,False,3,1,[3.2290322  4.99005906 4.00000001],cruising,[-0.62185191  0.08809385  0.93462812]
641.8485271930695,1005,False,1,5,[-4.71878056  1.73623136  3.99999998],cruising,[ 0.50568378 -0.03156594 -0.11489306]
641.949823141098,1000,False,2,4,[7.92830601 3.77835364 4.00000003],cruising,[-0.82138112 -0.19970136 -0.21083176]
641.949823141098,1001,False,6,2,[ 0.07351515 -3.03693568  4.00000039],cruising,[-0.48080528  0.59740651 -0.20557775]
641.949823141098,1002,False,0,6,[2.76258708 7.49883349 3.14178422],entering,[ 0.5677905  -0.59831228 -0.99408226]
641.949823141098,1003,False,4,3,[-0.49885134 -8.06254668  2.84275825],landing,[ 0.63925976  0.24903542 -0.34837281]
641.949823141098,1004,False,3,1,[3.42810827 4.97085702 4.00000001],cruising,[-0.62185191  0.08809385  0.93462812]
641.949823141098,1005,False,1,5,[-4.83505519  1.89895877  3.99999999],cruising,[ 0.50568378 -0.03156594 -0.11489306]
642.0500769615173,1000,False,2,4,[8.03953446 3.61361018 4.00000002],cruising,[-0.82138112 -0.19970136 -0.21083176]
642.0500769615173,1001,False,6,2,[-0.11745799 -3.09634324  4.00000033],cruising,[-0.48080528  0.59740651 -0.20557775]
642.0500769615173,1002,False,0,6,[2.76761003 7.29889658 3.21678422],entering,[ 0.5677905  -0.59831228 -0.99408226]
642.0500769615173,1003,False,4,3,[-0.52212989 -8.05964136  2.74554885],landing,[ 0.63925976  0.24903542 -0.34837281]
642.0500769615173,1004,False,3,1,[3.62743895 4.95450822 4.00000001],cruising,[-0.62185191  0.08809385  0.93462812]
642.0500769615173,1005,False,1,5,[-4.95092753  2.06197288  3.99999999],cruising,[ 0.50568378 -0.03156594 -0.11489306]
642.1511974334717,1000,False,2,4,[8.13317802 3.43933931 4.00000002],cruising,[-0.82138112 -0.19970136 -0.21083176]
642.1511974334717,1001,False,6,2,[-0.30488946 -3.16612465  4.00000028],cruising,[-0.48080528  0.59740651 -0.20557775]
642.1511974334717,1002,False,0,6,[2.78622543 7.0997648  3.29178422],entering,[ 0.5677905  -0.59831228 -0.99408226]
642.1511974334717,1003,False,4,3,[-0.54540843 -8.05673605  2.64833944],landing,[ 0.63925976  0.24903542 -0.34837281]
642.1511974334717,1004,False,3,1,[3.82692563 4.94018826 4.        ],cruising,[-0.62185191  0.08809385  0.93462812]
642.1511974334717,1005,False,1,5,[-5.06649476  2.22520344  3.99999999],cruising,[ 0.50568378 -0.03156594 -0.11489306]
642.2483506202698,1000,False,2,4,[8.20881276 3.25636887 4.00000001],cruising,[-0.82138112 -0.19970136 -0.21083176]
642.2483506202698,1001,False,6,2,[-0.48771834 -3.24720238  4.00000024],cruising,[-0.48080528  0.59740651 -0.20557775]
642.2483506202698,1002,False,0,6,[2.82170737 6.90293738 3.36678422],entering,[ 0.5677905  -0.59831228 -0.99408226]
642.2483506202698,1003,False,4,3,[-0.56868697 -8.05383073  2.55113004],landing,[ 0.63925976  0.24903542 -0.34837281]
642.2483506202698,1004,False,3,1,[4.02650055 4.92715553 4.        ],cruising,[-0.62185191  0.08809385  0.93462812]
642.2483506202698,1005,False,1,5,[-5.18113415  2.38908697  3.99999999],cruising,[ 0.50568378 -0.03156594 -0.11489306]
642.3537321090698,1000,False,2,4,[8.26579525 3.06618085 4.00000001],cruising,[-0.82138112 -0.19970136 -0.21083176]
642.3537321090698,1001,False,6,2,[-0.66713383 -3.33557705  4.00000021],cruising,[-0.48080528  0.59740651 -0.20557775]
642.3537321090698,1002,False,0,6,[2.8691286  6.70864063 3.44178422],entering,[ 0.5677905  -0.59831228 -0.99408226]
642.3537321090698,1003,False,4,3,[-0.59196552 -8.05092541  2.45392063],landing,[ 0.63925976  0.24903542 -0.34837281]
642.3537321090698,1004,False,3,1,[4.22608947 4.91433893 4.        ],cruising,[-0.62185191  0.08809385  0.93462812]
642.3537321090698,1005,False,1,5,[-5.2945455   2.55382271  3.99999999],cruising,[ 0.50568378 -0.03156594 -0.11489306]
642.456622838974,1000,False,2,4,[8.30364899 2.87015408 4.00000001],cruising,[-0.82138112 -0.19970136 -0.21083176]
642.456622838974,1001,False,6,2,[-0.84497698 -3.42707467  4.00000017],cruising,[-0.48080528  0.59740651 -0.20557775]
642.456622838974,1002,False,0,6,[2.93272774 6.5190222  3.51678422],entering,[ 0.5677905  -0.59831228 -0.99408226]
642.456622838974,1003,False,4,3,[-0.61524406 -8.0480201   2.35671122],landing,[ 0.63925976  0.24903542 -0.34837281]
642.456622838974,1004,False,3,1,[4.42570351 4.9019198  4.        ],cruising,[-0.62185191  0.08809385  0.93462812]
642.456622838974,1005,False,1,5,[-5.40641698  2.71960803  3.99999999],cruising,[ 0.50568378 -0.03156594 -0.11489306]
642.6461997032166,1000,False,2,4,[8.33272087 2.6722783  4.00000001],cruising,[-0.82138112 -0.19970136 -0.21083176]
642.6461997032166,1001,False,6,2,[-1.02410139 -3.51603785  4.00000015],cruising,[-0.48080528  0.59740651 -0.20557775]
642.6461997032166,1002,False,0,6,[3.00903427 6.33415113 3.58926659],entering,[ 0.5677905  -0.59831228 -0.99408226]
642.6461997032166,1003,False,4,3,[-0.6385226  -8.04511478  2.25950182],landing,[ 0.63925976  0.24903542 -0.34837281]
642.6461997032166,1004,False,3,1,[4.62529875 4.88920221 4.        ],cruising,[-0.62185191  0.08809385  0.93462812]
642.6461997032166,1005,False,1,5,[-5.51641196  2.88664427  3.99999999],cruising,[ 0.50568378 -0.03156594 -0.11489306]
642.7626693248749,1000,False,2,4,[8.36128891 2.47432914 4.00000001],cruising,[-0.82138112 -0.19970136 -0.21083176]
642.7626693248749,1001,False,6,2,[-1.20736509 -3.59612788  4.00000013],cruising,[-0.48080528  0.59740651 -0.20557775]
642.7626693248749,1002,False,0,6,[3.1007803  6.15646596 3.6512616 ],entering,[ 0.5677905  -0.59831228 -0.99408226]
642.7626693248749,1003,False,4,3,[-0.66180115 -8.04220946  2.16229241],landing,[ 0.63925976  0.24903542 -0.34837281]
642.7626693248749,1004,False,3,1,[4.82483133 4.87553657 4.        ],cruising,[-0.62185191  0.08809385  0.93462812]
642.7626693248749,1005,False,1,5,[-5.62531915  3.05439177  4.        ],cruising,[ 0.50568378 -0.03156594 -0.11489306]
642.8691601753235,1000,False,2,4,[8.38506456 2.27574738 4.00000001],cruising,[-0.82138112 -0.19970136 -0.21083176]
642.8691601753235,1001,False,6,2,[-1.3975404  -3.65745013  4.00000011],cruising,[-0.48080528  0.59740651 -0.20557775]
642.8691601753235,1002,False,0,6,[3.20671447 5.98682531 3.70357236],entering,[ 0.5677905  -0.59831228 -0.99408226]
642.8691601753235,1003,False,4,3,[-0.68507969 -8.03930415  2.06508301],landing,[ 0.63925976  0.24903542 -0.34837281]
642.8691601753235,1004,False,3,1,[5.02425002 4.86029881 4.        ],cruising,[-0.62185191  0.08809385  0.93462812]
642.8691601753235,1005,False,1,5,[-5.7315081   3.22387305  4.        ],cruising,[ 0.50568378 -0.03156594 -0.11489306]
642.9783601760864,1000,False,2,4,[8.40789892 2.07705517 4.        ],cruising,[-0.82138112 -0.19970136 -0.21083176]
642.9783601760864,1001,False,6,2,[-1.59147543 -3.69912894  4.00000009],cruising,[-0.48080528  0.59740651 -0.20557775]
642.9783601760864,1002,False,0,6,[3.32785673 5.82772464 3.74829213],entering,[ 0.5677905  -0.59831228 -0.99408226]
642.9783601760864,1003,False,4,3,[-0.70835823 -8.03639883  1.9678736 ],landing,[ 0.63925976  0.24903542 -0.34837281]
642.9783601760864,1004,False,3,1,[5.2235798  4.84393923 4.        ],cruising,[-0.62185191  0.08809385  0.93462812]
642.9783601760864,1005,False,1,5,[-5.83450978  3.39531008  4.        ],cruising,[ 0.50568378 -0.03156594 -0.11489306]
643.0660920143127,1000,False,2,4,[8.42629198 1.87790273 4.        ],cruising,[-0.82138112 -0.19970136 -0.21083176]
643.0660920143127,1001,False,6,2,[-1.78605576 -3.72081816  4.00000007],cruising,[-0.48080528  0.59740651 -0.20557775]
643.0660920143127,1002,False,0,6,[3.46318735 5.68046424 3.78604831],entering,[ 0.5677905  -0.59831228 -0.99408226]
643.0660920143127,1003,False,4,3,[-0.73163677 -8.03349351  1.87066419],landing,[ 0.63925976  0.24903542 -0.34837281]
643.0660920143127,1004,False,3,1,[5.42266711 4.82485407 4.        ],cruising,[-0.62185191  0.08809385  0.93462812]
643.0660920143127,1005,False,1,5,[-5.93375472  3.56894891  4.        ],cruising,[ 0.50568378 -0.03156594 -0.11489306]
643.1689577102661,1000,False,2,4,[8.44353119 1.67864709 4.        ],cruising,[-0.82138112 -0.19970136 -0.21083176]
643.1689577102661,1001,False,6,2,[-1.97828035 -3.72264661  4.00000006],cruising,[-0.48080528  0.59740651 -0.20557775]
643.1689577102661,1002,False,0,6,[3.61201966 5.54692557 3.81838061],entering,[ 0.5677905  -0.59831228 -0.99408226]
643.1689577102661,1003,False,4,3,[-0.75491532 -8.0305882   1.77345479],landing,[ 0.63925976  0.24903542 -0.34837281]
643.1689577102661,1004,False,3,1,[5.62139945 4.80237172 4.        ],cruising,[-0.62185191  0.08809385  0.93462812]
643.1689577102661,1005,False,1,5,[-6.02854096  3.74506128  4.        ],cruising,[ 0.50568378 -0.03156594 -0.11489306]
643.2739555835724,1000,False,2,4,[8.45669793 1.47908097 4.        ],cruising,[-0.82138112 -0.19970136 -0.21083176]
643.2739555835724,1001,False,6,2,[-2.16525012 -3.70517773  4.00000004],cruising,[-0.48080528  0.59740651 -0.20557775]
643.2739555835724,1002,False,0,6,[3.77308939 5.42837166 3.84564315],cruising,[ 0.5677905  -0.59831228 -0.99408226]
643.2739555835724,1003,False,4,3,[-0.77819386 -8.02768288  1.67624538],landing,[ 0.63925976  0.24903542 -0.34837281]
643.2739555835724,1004,False,3,1,[5.81962405 4.7757821  4.        ],cruising,[-0.62185191  0.08809385  0.93462812]
643.2739555835724,1005,False,1,5,[-6.11799139  3.92394286  4.        ],cruising,[ 0.50568378 -0.03156594 -0.11489306]
643.3741426467896,1000,False,2,4,[8.46860025 1.27943545 4.        ],cruising,[-0.82138112 -0.19970136 -0.21083176]
643.3741426467896,1001,False,6,2,[-2.34463764 -3.66920183  4.00000003],cruising,[-0.48080528  0.59740651 -0.20557775]
643.3741426467896,1002,False,0,6,[3.94465103 5.32557767 3.86879667],cruising,[ 0.5677905  -0.59831228 -0.99408226]
643.3741426467896,1003,False,4,3,[-0.8014724  -8.02477756  1.57903598],landing,[ 0.63925976  0.24903542 -0.34837281]
643.3741426467896,1004,False,3,1,[6.01713343 4.74431712 4.        ],cruising,[-0.62185191  0.08809385  0.93462812]
643.3741426467896,1005,False,1,5,[-6.20099649  4.10590482  4.        ],cruising,[ 0.50568378 -0.03156594 -0.11489306]
643.4689085483551,1000,False,2,4,[8.47895777 1.07970382 4.        ],cruising,[-0.82138112 -0.19970136 -0.21083176]
643.4689085483551,1001,False,6,2,[-2.51425432 -3.61577514  4.00000001],cruising,[-0.48080528  0.59740651 -0.20557775]
643.4689085483551,1002,False,0,6,[4.12403046 5.23712982 3.88847717],cruising,[ 0.5677905  -0.59831228 -0.99408226]
643.4689085483551,1003,False,4,3,[-0.82475095 -8.02187225  1.48182657],fake_landed,[ 0.63925976  0.24903542 -0.34837281]
643.4689085483551,1004,False,3,1,[6.21364615 4.70713175 4.        ],cruising,[-0.62185191  0.08809385  0.93462812]
643.4689085483551,1005,False,1,5,[-6.27189821  4.29291537  4.        ],cruising,[ 0.50568378 -0.03156594 -0.11489306]
643.6345009803772,1000,False,2,4,[8.4853118  0.87980478 4.        ],cruising,[-0.82138112 -0.19970136 -0.21083176]
643.6345009803772,1001,False,6,2,[-2.67210702 -3.54617411  4.        ],cruising,[-0.48080528  0.59740651 -0.20557775]
643.6345009803772,1002,False,0,6,[4.30951467 5.16232603 3.9052056 ],cruising,[ 0.5677905  -0.59831228 -0.99408226]
643.6345009803772,1003,False,4,3,[-0.84337378 -8.01954799  1.40405905],fake_landed,[ 0.63925976  0.24903542 -0.34837281]
643.6345009803772,1004,False,3,1,[6.40878098 4.66328658 4.        ],cruising,[-0.62185191  0.08809385  0.93462812]
643.6345009803772,1005,False,1,5,[-6.33294842  4.48336976  4.        ],exiting,[ 0.50568378 -0.03156594 -0.11489306]
643.7502608299255,1000,False,2,4,[8.49018987 0.67986428 4.        ],cruising,[-0.82138112 -0.19970136 -0.21083176]
643.7502608299255,1001,False,6,2,[-2.81651857 -3.46176311  3.99999999],cruising,[-0.48080528  0.59740651 -0.20557775]
643.7502608299255,1002,False,0,6,[4.49923534 5.09903255 3.91942476],cruising,[ 0.5677905  -0.59831228 -0.99408226]
643.7502608299255,1003,False,4,3,[-0.85734091 -8.0178048   1.3457334 ],fake_landed,[ 0.63925976  0.24903542 -0.34837281]
643.7502608299255,1004,False,3,1,[6.60202256 4.61173378 4.        ],cruising,[-0.62185191  0.08809385  0.93462812]
643.7502608299255,1005,False,1,5,[-6.39366699  4.65382689  4.        ],exiting,[ 0.50568378 -0.03156594 -0.11489306]
643.8546047210693,1000,False,2,4,[8.49339587 0.47988998 4.        ],cruising,[-0.82138112 -0.19970136 -0.21083176]
643.8546047210693,1001,False,6,2,[-2.94603607 -3.36400417  3.99999998],cruising,[-0.48080528  0.59740651 -0.20557775]
643.8546047210693,1002,False,0,6,[4.69178281 5.04494489 3.93151104],cruising,[ 0.5677905  -0.59831228 -0.99408226]
643.8546047210693,1003,False,4,3,[-0.86665232 -8.01664268  1.30684964],fake_landed,[ 0.63925976  0.24903542 -0.34837281]
643.8546047210693,1004,False,3,1,[6.79267669 4.55131026 4.        ],cruising,[-0.62185191  0.08809385  0.93462812]
643.8546047210693,1005,False,1,5,[-6.45427526  4.80428432  4.        ],exiting,[ 0.50568378 -0.03156594 -0.11489306]
643.9528503417969,1000,False,2,4,[8.4927327  0.27989108 4.        ],cruising,[-0.82138112 -0.19970136 -0.21083176]
643.9528503417969,1001,False,6,2,[-3.05935823 -3.25451021  3.99999997],cruising,[-0.48080528  0.59740651 -0.20557775]
643.9528503417969,1002,False,0,6,[4.88628175 4.99835991 3.94178439],cruising,[ 0.5677905  -0.59831228 -0.99408226]
643.9528503417969,1003,False,4,3,[-0.87130803 -8.01606161  1.28740776],fake_landed,[ 0.63925976  0.24903542 -0.34837281]
643.9528503417969,1004,False,3,1,[6.97981428 4.48074452 4.        ],cruising,[-0.62185191  0.08809385  0.93462812]
643.9528503417969,1005,False,1,5,[-6.5150845   4.93474277  4.        ],exiting,[ 0.50568378 -0.03156594 -0.11489306]
644.0565755367279,1000,False,2,4,[8.49049531 0.07990359 4.        ],cruising,[-0.82138112 -0.19970136 -0.21083176]
644.0565755367279,1001,False,6,2,[-3.15538591 -3.13497129  3.99999997],cruising,[-0.48080528  0.59740651 -0.20557775]
644.0565755367279,1002,False,0,6,[5.08192207 4.95682839 3.95051673],cruising,[ 0.5677905  -0.59831228 -0.99408226]
644.0565755367279,1003,False,3,0,[-0.87130803 -8.01606161  1.28740776],waiting,[ 0.63925976  0.24903542 -0.34837281]
644.0565755367279,1004,False,3,1,[7.16220547 4.39868689 4.        ],cruising,[-0.62185191  0.08809385  0.93462812]
644.0565755367279,1005,False,1,5,[-6.5764258  5.0452083  4.       ],exiting,[ 0.50568378 -0.03156594 -0.11489306]
644.1609127521515,1000,False,2,4,[ 8.48651484 -0.12005679  4.        ],cruising,[-0.82138112 -0.19970136 -0.21083176]
644.1609127521515,1001,False,6,2,[-3.23349873 -3.00654094  3.99999996],cruising,[-0.48080528  0.59740651 -0.20557775]
644.1609127521515,1002,False,0,6,[5.27820065 4.91842635 3.95793922],cruising,[ 0.5677905  -0.59831228 -0.99408226]
644.1609127521515,1003,False,3,0,[-0.87130803 -8.01606161  1.28740776],waiting,[ 0.63925976  0.24903542 -0.34837281]
644.1609127521515,1004,False,3,1,[7.33825107 4.3037767  4.        ],cruising,[-0.62185191  0.08809385  0.93462812]
644.1609127521515,1005,False,1,5,[-6.63861128  5.13569164  4.        ],exiting,[ 0.50568378 -0.03156594 -0.11489306]
644.2511172294617,1000,False,2,4,[ 8.4806553  -0.31997094  4.        ],cruising,[-0.82138112 -0.19970136 -0.21083176]
644.2511172294617,1001,False,6,2,[-3.29332327 -2.87001497  3.99999996],cruising,[-0.48080528  0.59740651 -0.20557775]
644.2511172294617,1002,False,0,6,[5.47475034 4.88143691 3.96424834],cruising,[ 0.5677905  -0.59831228 -0.99408226]
644.2511172294617,1003,False,3,0,[-0.87130803 -8.01606161  1.28740776],waiting,[ 0.63925976  0.24903542 -0.34837281]
644.2511172294617,1004,False,3,1,[7.50592821 4.1947612  4.        ],cruising,[-0.62185191  0.08809385  0.93462812]
644.2511172294617,1005,False,1,5,[-6.70154497  5.2134049   4.        ],exiting,[ 0.50568378 -0.03156594 -0.11489306]
644.3562111854553,1000,False,2,4,[ 8.47076911 -0.51972645  4.        ],cruising,[-0.82138112 -0.19970136 -0.21083176]
644.3562111854553,1001,False,6,2,[-3.33468595 -2.72579748  3.99999996],cruising,[-0.48080528  0.59740651 -0.20557775]
644.3562111854553,1002,False,0,6,[5.67160315 4.84609609 3.96961109],exiting,[ 0.5677905  -0.59831228 -0.99408226]
644.3562111854553,1003,False,3,0,[-0.87130803 -8.01606161  1.28740776],waiting,[ 0.63925976  0.24903542 -0.34837281]
644.3562111854553,1004,False,3,1,[7.66156514 4.06977593 4.        ],cruising,[-0.62185191  0.08809385  0.93462812]
644.3562111854553,1005,False,1,5,[-6.76447867  5.29111815  4.        ],exiting,[ 0.50568378 -0.03156594 -0.11489306]
644.4519259929657,1000,False,2,4,[ 8.45911979 -0.71938689  4.        ],cruising,[-0.82138112 -0.19970136 -0.21083176]
644.4519259929657,1001,False,6,2,[-3.35751396 -2.57406557  3.99999995],cruising,[-0.48080528  0.59740651 -0.20557775]
644.4519259929657,1002,False,0,6,[5.85308189 4.82354737 3.97495093],exiting,[ 0.5677905  -0.59831228 -0.99408226]
644.4519259929657,1003,False,3,0,[-0.87130803 -8.01606161  1.28740776],waiting,[ 0.63925976  0.24903542 -0.34837281]
644.4519259929657,1004,False,3,1,[7.80377224 3.92997042 4.        ],cruising,[-0.62185191  0.08809385  0.93462812]
644.4519259929657,1005,False,1,5,[-6.82741237  5.36883141  4.        ],exiting,[ 0.50568378 -0.03156594 -0.11489306]
644.5597848892212,1000,False,2,4,[ 8.44554281 -0.91892553  4.        ],cruising,[-0.82138112 -0.19970136 -0.21083176]
644.5597848892212,1001,False,6,2,[-3.36181072 -2.41481087  3.99999996],cruising,[-0.48080528  0.59740651 -0.20557775]
644.5597848892212,1002,False,0,6,[6.01915443 4.81375162 3.98018864],exiting,[ 0.5677905  -0.59831228 -0.99408226]
644.5597848892212,1003,False,3,0,[-0.87130803 -8.01606161  1.28740776],waiting,[ 0.63925976  0.24903542 -0.34837281]
644.5597848892212,1004,False,3,1,[7.93108824 3.77681369 4.        ],cruising,[-0.62185191  0.08809385  0.93462812]
644.5597848892212,1005,False,1,5,[-6.89034606  5.44654466  4.        ],exiting,[ 0.50568378 -0.03156594 -0.11489306]
644.6711905002594,1000,False,2,4,[ 8.42989342 -1.11831233  4.        ],cruising,[-0.82138112 -0.19970136 -0.21083176]
644.6711905002594,1001,False,6,2,[-3.34789782 -2.24728524  3.99999996],cruising,[-0.48080528  0.59740651 -0.20557775]
644.6711905002594,1002,False,0,6,[6.16978113 4.81665976 3.98523215],exiting,[ 0.5677905  -0.59831228 -0.99408226]
644.6711905002594,1003,False,3,0,[-0.87130803 -8.01606161  1.28740776],waiting,[ 0.63925976  0.24903542 -0.34837281]
644.6711905002594,1004,False,3,1,[8.04216489 3.6119829  4.        ],cruising,[-0.62185191  0.08809385  0.93462812]
644.6711905002594,1005,False,1,5,[-6.95327976  5.52425792  4.        ],exiting,[ 0.50568378 -0.03156594 -0.11489306]
644.7836887836456,1000,False,2,4,[ 8.40983485 -1.31730392  4.        ],cruising,[-0.82138112 -0.19970136 -0.21083176]
644.7836887836456,1001,False,6,2,[-3.31680571 -2.06951877  3.99999996],cruising,[-0.48080528  0.59740651 -0.20557775]
644.7836887836456,1002,False,0,6,[6.30491254 4.8322092  3.98997047],exiting,[ 0.5677905  -0.59831228 -0.99408226]
644.7836887836456,1003,False,3,0,[-0.87130803 -8.01606161  1.28740776],waiting,[ 0.63925976  0.24903542 -0.34837281]
644.7836887836456,1004,False,3,1,[8.1356456  3.43764511 4.        ],cruising,[-0.62185191  0.08809385  0.93462812]
644.7836887836456,1005,False,1,5,[-7.01621345  5.60197117  4.        ],exiting,[ 0.50568378 -0.03156594 -0.11489306]
644.8731422424316,1000,False,2,4,[ 8.38775397 -1.51608127  4.        ],cruising,[-0.82138112 -0.19970136 -0.21083176]
644.8731422424316,1001,False,6,2,[-3.27391463 -1.87560348  3.99999997],cruising,[-0.48080528  0.59740651 -0.20557775]
644.8731422424316,1002,False,0,6,[6.42448338 4.86031521 3.99426   ],exiting,[ 0.5677905  -0.59831228 -0.99408226]
644.8731422424316,1003,False,3,0,[-0.87130803 -8.01606161  1.28740776],waiting,[ 0.63925976  0.24903542 -0.34837281]
644.8731422424316,1004,False,3,1,[8.21090075 3.25507151 4.        ],exiting,[-0.62185191  0.08809385  0.93462812]
644.8731422424316,1005,False,1,5,[-7.07914715  5.67968442  4.        ],exiting,[ 0.50568378 -0.03156594 -0.11489306]
644.9767680168152,1000,False,2,4,[ 8.3634449  -1.71459845  4.        ],cruising,[-0.82138112 -0.19970136 -0.21083176]
644.9767680168152,1001,False,6,2,[-3.24639306 -1.67750612  3.99999997],cruising,[-0.48080528  0.59740651 -0.20557775]
644.9767680168152,1002,False,0,6,[6.5284042  4.90085754 3.9979056 ],exiting,[ 0.5677905  -0.59831228 -0.99408226]
644.9767680168152,1003,False,3,0,[-0.87130803 -8.01606161  1.28740776],waiting,[ 0.63925976  0.24903542 -0.34837281]
644.9767680168152,1004,False,3,1,[8.26712271 3.07864104 4.        ],exiting,[-0.62185191  0.08809385  0.93462812]
644.9767680168152,1005,False,1,5,[-7.14208085  5.75739768  4.        ],exiting,[ 0.50568378 -0.03156594 -0.11489306]
645.0828731060028,1000,False,2,4,[ 8.33427768 -1.9124602   4.        ],cruising,[-0.82138112 -0.19970136 -0.21083176]
645.0828731060028,1001,False,6,2,[-3.23535445 -1.47781098  3.99999998],cruising,[-0.48080528  0.59740651 -0.20557775]
645.0828731060028,1002,False,0,6,[6.61661106 4.95374755 4.0007725 ],exiting,[ 0.5677905  -0.59831228 -0.99408226]
645.0828731060028,1003,False,3,0,[-0.87130803 -8.01606161  1.28740776],waiting,[ 0.63925976  0.24903542 -0.34837281]
645.0828731060028,1004,False,3,1,[8.30684708 2.91351674 4.        ],exiting,[-0.62185191  0.08809385  0.93462812]
645.0828731060028,1005,False,1,5,[-7.20501454  5.83511093  4.        ],exiting,[ 0.50568378 -0.03156594 -0.11489306]
645.1762948036194,1000,False,2,4,[ 8.30278839 -2.1099657   4.        ],cruising,[-0.82138112 -0.19970136 -0.21083176]
645.1762948036194,1001,False,6,2,[-3.240236   -1.27787057  3.99999998],cruising,[-0.48080528  0.59740651 -0.20557775]
645.1762948036194,1002,False,0,6,[6.68903799 5.01889157 4.0027267 ],exiting,[ 0.5677905  -0.59831228 -0.99408226]
645.1762948036194,1003,False,3,0,[-0.87130803 -8.01606161  1.28740776],waiting,[ 0.63925976  0.24903542 -0.34837281]
645.1762948036194,1004,False,3,1,[8.3315089  2.76154993 4.        ],exiting,[-0.62185191  0.08809385  0.93462812]
645.1762948036194,1005,False,1,5,[-7.26794824  5.91282419  4.        ],exiting,[ 0.50568378 -0.03156594 -0.11489306]
645.2827444076538,1000,False,2,4,[ 8.26869732 -2.30703878  4.        ],cruising,[-0.82138112 -0.19970136 -0.21083176]
645.2827444076538,1001,False,6,2,[-3.25902681 -1.07875526  3.99999998],cruising,[-0.48080528  0.59740651 -0.20557775]
645.2827444076538,1002,False,0,6,[6.74561746 5.09619204 4.00364232],exiting,[ 0.5677905  -0.59831228 -0.99408226]
645.2827444076538,1003,False,3,0,[-0.87130803 -8.01606161  1.28740776],waiting,[ 0.63925976  0.24903542 -0.34837281]
645.2827444076538,1004,False,3,1,[8.34194836 2.62364458 4.        ],exiting,[-0.62185191  0.08809385  0.93462812]
645.2827444076538,1005,False,1,5,[-7.33088193  5.99053744  4.        ],exiting,[ 0.50568378 -0.03156594 -0.11489306]
645.3758773803711,1000,False,2,4,[ 8.22881717 -2.50302239  4.        ],cruising,[-0.82138112 -0.19970136 -0.21083176]
645.3758773803711,1001,False,6,2,[-3.29145079 -0.88140104  3.99999999],cruising,[-0.48080528  0.59740651 -0.20557775]
645.3758773803711,1002,False,0,6,[6.78628    5.18554924 4.00342358],exiting,[ 0.5677905  -0.59831228 -0.99408226]
645.3758773803711,1003,False,3,0,[-0.87130803 -8.01606161  1.28740776],waiting,[ 0.63925976  0.24903542 -0.34837281]
645.3758773803711,1004,False,3,1,[8.33875558 2.5003735  4.        ],exiting,[-0.62185191  0.08809385  0.93462812]
645.3758773803711,1005,False,1,5,[-7.39381563  6.0682507   4.        ],exiting,[ 0.50568378 -0.03156594 -0.11489306]
645.4809718132019,1000,False,2,4,[ 8.18606921 -2.69840052  4.        ],cruising,[-0.82138112 -0.19970136 -0.21083176]
645.4809718132019,1001,False,6,2,[-3.33638628 -0.68651441  3.99999999],cruising,[-0.48080528  0.59740651 -0.20557775]
645.4809718132019,1002,False,0,6,[6.82105863 5.27930659 4.002832  ],exiting,[ 0.5677905  -0.59831228 -0.99408226]
645.4809718132019,1003,False,3,0,[-0.87130803 -8.01606161  1.28740776],waiting,[ 0.63925976  0.24903542 -0.34837281]
645.4809718132019,1004,False,3,1,[8.32243801 2.39219347 4.        ],exiting,[-0.62185191  0.08809385  0.93462812]
645.4809718132019,1005,False,1,5,[-7.45674933  6.14596395  4.        ],exiting,[ 0.50568378 -0.03156594 -0.11489306]
645.5746212005615,1000,False,2,4,[ 8.13670312 -2.89221225  4.        ],cruising,[-0.82138112 -0.19970136 -0.21083176]
645.5746212005615,1001,False,6,2,[-3.39117932 -0.49416649  3.99999999],cruising,[-0.48080528  0.59740651 -0.20557775]
645.5746212005615,1002,False,0,6,[6.85583726 5.37306395 4.00234113],exiting,[ 0.5677905  -0.59831228 -0.99408226]
645.5746212005615,1003,False,3,0,[-0.87130803 -8.01606161  1.28740776],waiting,[ 0.63925976  0.24903542 -0.34837281]
645.5746212005615,1004,False,3,1,[8.29352898 2.29955227 4.        ],exiting,[-0.62185191  0.08809385  0.93462812]
645.5746212005615,1005,False,1,5,[-7.51968302  6.2236772   4.        ],exiting,[ 0.50568378 -0.03156594 -0.11489306]
645.674572467804,1000,False,2,4,[ 8.08394103 -3.08512716  4.        ],cruising,[-0.82138112 -0.19970136 -0.21083176]
645.674572467804,1001,False,6,2,[-3.45684691 -0.30525442  3.99999999],cruising,[-0.48080528  0.59740651 -0.20557775]
645.674572467804,1002,False,0,6,[6.8906159  5.46682132 4.00193404],exiting,[ 0.5677905  -0.59831228 -0.99408226]
645.674572467804,1003,False,3,0,[-0.87130803 -8.01606161  1.28740776],waiting,[ 0.63925976  0.24903542 -0.34837281]
645.674572467804,1004,False,3,1,[8.2522863 2.2226553 4.       ],exiting,[-0.62185191  0.08809385  0.93462812]
645.674572467804,1005,False,1,5,[-7.58261672  6.30139046  4.        ],exiting,[ 0.50568378 -0.03156594 -0.11489306]
645.7850885391235,1000,False,2,4,[ 8.02316324 -3.27566865  4.        ],cruising,[-0.82138112 -0.19970136 -0.21083176]
645.7850885391235,1001,False,6,2,[-3.53273873 -0.12021272  3.99999999],cruising,[-0.48080528  0.59740651 -0.20557775]
645.7850885391235,1002,False,0,6,[6.92539453 5.56057869 4.00159661],exiting,[ 0.5677905  -0.59831228 -0.99408226]
645.7850885391235,1003,False,3,0,[-0.87130803 -8.01606161  1.28740776],waiting,[ 0.63925976  0.24903542 -0.34837281]
645.7850885391235,1004,False,3,1,[8.19897645 2.16170775 4.        ],exiting,[-0.62185191  0.08809385  0.93462812]
645.7850885391235,1005,False,1,5,[-7.64555042  6.37910371  4.        ],exiting,[ 0.50568378 -0.03156594 -0.11489306]
645.8861577510834,1000,False,2,4,[ 7.95814732 -3.46480598  4.        ],exiting,[-0.82138112 -0.19970136 -0.21083176]
645.8861577510834,1001,False,6,2,[-3.61629148  0.06149842  3.99999999],exiting,[-0.48080528  0.59740651 -0.20557775]
645.8861577510834,1002,False,0,6,[6.96017317 5.65433606 4.00131707],exiting,[ 0.5677905  -0.59831228 -0.99408226]
645.8861577510834,1003,False,3,0,[-0.87130803 -8.01606161  1.28740776],waiting,[ 0.63925976  0.24903542 -0.34837281]
645.8861577510834,1004,False,3,1,[8.13387495 2.11691435 4.        ],exiting,[-0.62185191  0.08809385  0.93462812]
645.8861577510834,1005,False,1,5,[-7.70848411  6.45681697  4.        ],exiting,[ 0.50568378 -0.03156594 -0.11489306]
645.9782671928406,1000,False,2,4,[ 7.90672937 -3.63927719  4.        ],exiting,[-0.82138112 -0.19970136 -0.21083176]
645.9782671928406,1001,False,6,2,[-3.70041435  0.22321768  3.99999999],exiting,[-0.48080528  0.59740651 -0.20557775]
645.9782671928406,1002,False,0,6,[6.99495181 5.74809343 4.00108562],exiting,[ 0.5677905  -0.59831228 -0.99408226]
645.9782671928406,1003,False,3,0,[-0.87130803 -8.01606161  1.28740776],waiting,[ 0.63925976  0.24903542 -0.34837281]
645.9782671928406,1004,False,3,1,[8.05726698 2.08847947 4.        ],exiting,[-0.62185191  0.08809385  0.93462812]
645.9782671928406,1005,False,1,5,[-7.77141781  6.53453022  4.        ],exiting,[ 0.50568378 -0.03156594 -0.11489306]
646.0786747932434,1000,False,2,4,[ 7.86905755 -3.79922104  4.        ],exiting,[-0.82138112 -0.19970136 -0.21083176]
646.0786747932434,1001,False,6,2,[-3.78494217  0.36494105  4.        ],exiting,[-0.48080528  0.59740651 -0.20557775]
646.0786747932434,1002,False,0,6,[7.02973045 5.84185081 4.00089411],exiting,[ 0.5677905  -0.59831228 -0.99408226]
646.0786747932434,1003,False,3,0,[-0.87130803 -8.01606161  1.28740776],queued,[ 0.63925976  0.24903542 -0.34837281]
646.0786747932434,1004,False,3,1,[7.96944824 2.07660716 4.        ],exiting,[-0.62185191  0.08809385  0.93462812]
646.0786747932434,1005,False,1,5,[-7.8343515   6.61224347  4.        ],exiting,[ 0.50568378 -0.03156594 -0.11489306]
646.174458026886,1000,False,2,4,[ 7.84531449 -3.94481256  4.        ],exiting,[-0.82138112 -0.19970136 -0.21083176]
646.174458026886,1001,False,6,2,[-3.86969144  0.48666564  4.        ],exiting,[-0.48080528  0.59740651 -0.20557775]
646.174458026886,1002,False,0,6,[7.06450908 5.93560819 4.00073574],exiting,[ 0.5677905  -0.59831228 -0.99408226]
646.174458026886,1003,False,3,0,[-0.87130803 -8.01606161  1.30740776],queued,[ 0.63925976  0.24903542 -0.34837281]
646.174458026886,1004,False,3,1,[7.87072589 2.08150122 4.        ],exiting,[-0.62185191  0.08809385  0.93462812]
646.174458026886,1005,False,1,5,[-7.8972852   6.68995673  4.        ],exiting,[ 0.50568378 -0.03156594 -0.11489306]
646.275705575943,1000,False,2,4,[ 7.83573325 -4.07628165  4.        ],exiting,[-0.82138112 -0.19970136 -0.21083176]
646.275705575943,1001,False,6,2,[-3.95445552  0.58839024  4.        ],exiting,[-0.48080528  0.59740651 -0.20557775]
646.275705575943,1002,False,0,6,[7.09928772 6.02936556 4.00060487],exiting,[ 0.5677905  -0.59831228 -0.99408226]
646.275705575943,1003,False,3,0,[-0.87130803 -8.01606161  1.34740776],queued,[ 0.63925976  0.24903542 -0.34837281]
646.275705575943,1004,False,3,1,[7.77094351 2.08809488 4.        ],exiting,[-0.62185191  0.08809385  0.93462812]
646.275705575943,1005,False,1,5,[-7.9602189   6.76766998  4.        ],exiting,[ 0.50568378 -0.03156594 -0.11489306]
646.376086473465,1000,False,2,4,[ 7.84049374 -4.19381107  4.        ],exiting,[-0.82138112 -0.19970136 -0.21083176]
646.376086473465,1001,False,6,2,[-4.03899515  0.6701161   4.        ],exiting,[-0.48080528  0.59740651 -0.20557775]
646.376086473465,1002,False,0,6,[7.13406636 6.12312294 4.00049679],exiting,[ 0.5677905  -0.59831228 -0.99408226]
646.376086473465,1003,False,3,0,[-0.87130803 -8.01606161  1.40740776],queued,[ 0.63925976  0.24903542 -0.34837281]
646.376086473465,1004,False,3,1,[7.67116113 2.09468854 4.        ],exiting,[-0.62185191  0.08809385  0.93462812]
646.376086473465,1005,False,1,5,[-8.02315259  6.84538324  4.        ],exiting,[ 0.50568378 -0.03156594 -0.11489306]
646.4726529121399,1000,False,2,4,[ 7.85977474 -4.29758711  4.        ],exiting,[-0.82138112 -0.19970136 -0.21083176]
646.4726529121399,1001,False,6,2,[-4.12301665  0.73184867  4.        ],exiting,[-0.48080528  0.59740651 -0.20557775]
646.4726529121399,1002,False,0,6,[7.168845   6.21688032 4.0004076 ],exiting,[ 0.5677905  -0.59831228 -0.99408226]
646.4726529121399,1003,False,3,0,[-0.87130803 -8.01606161  1.48240776],queued,[ 0.63925976  0.24903542 -0.34837281]
646.4726529121399,1004,False,3,1,[7.57137875 2.1012822  4.        ],exiting,[-0.62185191  0.08809385  0.93462812]
646.4726529121399,1005,False,1,5,[-8.08608629  6.92309649  4.        ],exiting,[ 0.50568378 -0.03156594 -0.11489306]
646.5718169212341,1000,False,2,4,[ 7.8873493  -4.39371018  4.        ],exiting,[-0.82138112 -0.19970136 -0.21083176]
646.5718169212341,1001,False,6,2,[-4.2061046   0.77360304  4.        ],exiting,[-0.48080528  0.59740651 -0.20557775]
646.5718169212341,1002,False,0,6,[7.20362364 6.3106377  4.00033406],exiting,[ 0.5677905  -0.59831228 -0.99408226]
646.5718169212341,1003,False,3,0,[-0.87130803 -8.01606161  1.55740776],queued,[ 0.63925976  0.24903542 -0.34837281]
646.5718169212341,1004,False,3,1,[7.47159637 2.10787585 4.        ],exiting,[-0.62185191  0.08809385  0.93462812]
646.5718169212341,1005,False,1,5,[-8.14901999  7.00080975  4.        ],exiting,[ 0.50568378 -0.03156594 -0.11489306]
646.7004108428955,1000,False,2,4,[ 7.91492386 -4.48983324  4.        ],exiting,[-0.82138112 -0.19970136 -0.21083176]
646.7004108428955,1001,False,6,2,[-4.28800474  0.79539271  4.        ],exiting,[-0.48080528  0.59740651 -0.20557775]
646.7004108428955,1002,False,0,6,[7.23840228 6.40439508 4.00027347],exiting,[ 0.5677905  -0.59831228 -0.99408226]
646.7004108428955,1003,False,3,0,[-0.87130803 -8.01606161  1.63240776],queued,[ 0.63925976  0.24903542 -0.34837281]
646.7004108428955,1004,False,3,1,[7.37181398 2.11446951 4.        ],exiting,[-0.62185191  0.08809385  0.93462812]
646.7004108428955,1005,False,1,5,[-8.21195368  7.078523    4.        ],exiting,[ 0.50568378 -0.03156594 -0.11489306]
646.8035326004028,1000,False,2,4,[ 7.94249843 -4.58595631  4.        ],exiting,[-0.82138112 -0.19970136 -0.21083176]
646.8035326004028,1001,False,6,2,[-4.36845875  0.79723473  4.        ],exiting,[-0.48080528  0.59740651 -0.20557775]
646.8035326004028,1002,False,0,6,[7.27318092 6.49815246 4.00022359],exiting,[ 0.5677905  -0.59831228 -0.99408226]
646.8035326004028,1003,False,3,0,[-0.87130803 -8.01606161  1.70740776],queued,[ 0.63925976  0.24903542 -0.34837281]
646.8035326004028,1004,False,3,1,[7.2720316  2.12106317 4.        ],exiting,[-0.62185191  0.08809385  0.93462812]
646.8035326004028,1005,False,1,5,[-8.27488738  7.15623625  4.        ],exiting,[ 0.50568378 -0.03156594 -0.11489306]
646.9064865112305,1000,False,2,4,[ 7.97007299 -4.68207937  4.        ],exiting,[-0.82138112 -0.19970136 -0.21083176]
646.9064865112305,1001,False,6,2,[-4.44720418  0.77914987  4.        ],exiting,[-0.48080528  0.59740651 -0.20557775]
646.9064865112305,1002,False,0,6,[7.30795956 6.59190984 4.00018256],exiting,[ 0.5677905  -0.59831228 -0.99408226]
646.9064865112305,1003,False,3,0,[-0.87130803 -8.01606161  1.78240776],queued,[ 0.63925976  0.24903542 -0.34837281]
646.9064865112305,1004,False,3,1,[7.17224922 2.12765683 4.        ],exiting,[-0.62185191  0.08809385  0.93462812]
646.9064865112305,1005,False,1,5,[-8.33782107  7.23394951  4.        ],exiting,[ 0.50568378 -0.03156594 -0.11489306]
647.0070855617523,1000,False,2,4,[ 7.99764755 -4.77820244  4.        ],exiting,[-0.82138112 -0.19970136 -0.21083176]
647.0070855617523,1001,False,6,2,[-4.52397415  0.74116281  4.        ],exiting,[-0.48080528  0.59740651 -0.20557775]
647.0070855617523,1002,False,0,6,[7.3427382  6.68566722 4.00014885],exiting,[ 0.5677905  -0.59831228 -0.99408226]
647.0070855617523,1003,False,3,0,[-0.87130803 -8.01606161  1.85740776],entering,[ 0.63925976  0.24903542 -0.34837281]
647.0070855617523,1004,False,3,1,[7.07246684 2.13425048 4.        ],exiting,[-0.62185191  0.08809385  0.93462812]
647.0070855617523,1005,False,1,5,[-8.40075477  7.31166276  4.        ],landing,[ 0.50568378 -0.03156594 -0.11489306]
647.1075649261475,1000,False,2,4,[ 8.02522212 -4.8743255   4.        ],exiting,[-0.82138112 -0.19970136 -0.21083176]
647.1075649261475,1001,False,6,2,[-4.59849709  0.68330238  4.        ],exiting,[-0.48080528  0.59740651 -0.20557775]
647.1075649261475,1002,False,0,6,[7.37751684 6.7794246  4.00012118],exiting,[ 0.5677905  -0.59831228 -0.99408226]
647.1075649261475,1003,False,3,0,[-0.87780022 -7.99714465  1.93240776],entering,[ 0.63925976  0.24903542 -0.34837281]
647.1075649261475,1004,False,3,1,[6.97268446 2.14084414 4.        ],exiting,[-0.62185191  0.08809385  0.93462812]
647.1075649261475,1005,False,1,5,[-8.45261651  7.38093019  3.98564452],landing,[ 0.50568378 -0.03156594 -0.11489306]
647.2074861526489,1000,False,2,4,[ 8.05279668 -4.97044856  4.        ],exiting,[-0.82138112 -0.19970136 -0.21083176]
647.2074861526489,1001,False,6,2,[-4.67171636  0.61519262  4.        ],exiting,[-0.48080528  0.59740651 -0.20557775]
647.2074861526489,1002,False,0,6,[7.41229548 6.87318198 4.0000985 ],exiting,[ 0.5677905  -0.59831228 -0.99408226]
647.2074861526489,1003,False,3,0,[-0.89078459 -7.95931072  2.00740776],entering,[ 0.63925976  0.24903542 -0.34837281]
647.2074861526489,1004,False,3,1,[6.87290208 2.1474378  4.        ],exiting,[-0.62185191  0.08809385  0.93462812]
647.2074861526489,1005,False,1,5,[-8.49332405  7.44159224  3.95709287],landing,[ 0.50568378 -0.03156594 -0.11489306]
647.3070073127747,1000,False,2,4,[ 8.08037124 -5.06657163  4.        ],exiting,[-0.82138112 -0.19970136 -0.21083176]
647.3070073127747,1001,False,6,2,[-4.74493563  0.54708287  4.        ],exiting,[-0.48080528  0.59740651 -0.20557775]
647.3070073127747,1002,False,0,6,[7.44707412 6.96693936 4.00007991],exiting,[ 0.5677905  -0.59831228 -0.99408226]
647.3070073127747,1003,False,3,0,[-0.91026115 -7.90255983  2.08240776],entering,[ 0.63925976  0.24903542 -0.34837281]
647.3070073127747,1004,False,3,1,[6.77311969 2.15403146 4.        ],exiting,[-0.62185191  0.08809385  0.93462812]
647.3070073127747,1005,False,1,5,[-8.52278071  7.49345887  3.91453914],landing,[ 0.50568378 -0.03156594 -0.11489306]
647.4073288440704,1000,False,2,4,[ 8.10794581 -5.16269469  4.        ],exiting,[-0.82138112 -0.19970136 -0.21083176]
647.4073288440704,1001,False,6,2,[-4.8181549   0.47897311  4.        ],exiting,[-0.48080528  0.59740651 -0.20557775]
647.4073288440704,1002,False,0,6,[7.48185276 7.06069673 4.00006471],exiting,[ 0.5677905  -0.59831228 -0.99408226]
647.4073288440704,1003,False,3,0,[-0.93622989 -7.82689197  2.15740776],entering,[ 0.63925976  0.24903542 -0.34837281]
647.4073288440704,1004,False,3,1,[6.67333731 2.16062511 4.        ],exiting,[-0.62185191  0.08809385  0.93462812]
647.4073288440704,1005,False,1,5,[-8.54085274  7.53626235  3.858265  ],landing,[ 0.50568378 -0.03156594 -0.11489306]
647.5146992206573,1000,False,2,4,[ 8.13552037 -5.25881776  4.        ],exiting,[-0.82138112 -0.19970136 -0.21083176]
647.5146992206573,1001,False,6,2,[-4.89137417  0.41086336  4.        ],exiting,[-0.48080528  0.59740651 -0.20557775]
647.5146992206573,1002,False,0,6,[7.5166314  7.15445411 4.00005229],exiting,[ 0.5677905  -0.59831228 -0.99408226]
647.5146992206573,1003,False,3,0,[-0.96869082 -7.73230716  2.23240776],entering,[ 0.63925976  0.24903542 -0.34837281]
647.5146992206573,1004,False,3,1,[6.57355493 2.16721877 4.        ],exiting,[-0.62185191  0.08809385  0.93462812]
647.5146992206573,1005,False,1,5,[-8.54744214  7.56980273  3.78848737],landing,[ 0.50568378 -0.03156594 -0.11489306]
647.6075229644775,1000,False,2,4,[ 8.16309493 -5.35494082  4.        ],exiting,[-0.82138112 -0.19970136 -0.21083176]
647.6075229644775,1001,False,6,2,[-4.96459344  0.3427536   4.        ],exiting,[-0.48080528  0.59740651 -0.20557775]
647.6075229644775,1002,False,0,6,[7.55141003 7.24821149 4.00004216],exiting,[ 0.5677905  -0.59831228 -0.99408226]
647.6075229644775,1003,False,3,0,[-1.00764394 -7.61880537  2.30740776],entering,[ 0.63925976  0.24903542 -0.34837281]
647.6075229644775,1004,False,3,1,[6.47377255 2.17381243 4.        ],exiting,[-0.62185191  0.08809385  0.93462812]
647.6075229644775,1005,False,1,5,[-8.54245199  7.59387864  3.70543053],landing,[ 0.50568378 -0.03156594 -0.11489306]
647.7068843841553,1000,False,2,4,[ 8.1906695  -5.45106388  4.        ],exiting,[-0.82138112 -0.19970136 -0.21083176]
647.7068843841553,1001,False,6,2,[-5.0378127   0.27464385  4.        ],exiting,[-0.48080528  0.59740651 -0.20557775]
647.7068843841553,1002,False,0,6,[7.58618867 7.34196887 4.00003391],exiting,[ 0.5677905  -0.59831228 -0.99408226]
647.7068843841553,1003,False,3,0,[-1.05308924 -7.48638663  2.38240776],entering,[ 0.63925976  0.24903542 -0.34837281]
647.7068843841553,1004,False,3,1,[6.37399017 2.18040609 4.        ],exiting,[-0.62185191  0.08809385  0.93462812]
647.7068843841553,1005,False,1,5,[-8.52578598  7.60828629  3.60932763],landing,[ 0.50568378 -0.03156594 -0.11489306]
647.8130948543549,1000,False,2,4,[ 8.21824406 -5.54718695  4.        ],exiting,[-0.82138112 -0.19970136 -0.21083176]
647.8130948543549,1001,False,6,2,[-5.11103197  0.20653409  4.        ],exiting,[-0.48080528  0.59740651 -0.20557775]
647.8130948543549,1002,False,0,6,[7.62096731 7.43572625 4.0000272 ],exiting,[ 0.5677905  -0.59831228 -0.99408226]
647.8130948543549,1003,False,3,0,[-1.10502673 -7.33505092  2.45740776],entering,[ 0.63925976  0.24903542 -0.34837281]
647.8130948543549,1004,False,3,1,[6.27420779 2.18699974 4.        ],exiting,[-0.62185191  0.08809385  0.93462812]
647.8130948543549,1005,False,1,5,[-8.50786271  7.62163923  3.51185736],landing,[ 0.50568378 -0.03156594 -0.11489306]
647.9140074253082,1000,False,2,4,[ 8.24581862 -5.64331001  4.        ],exiting,[-0.82138112 -0.19970136 -0.21083176]
647.9140074253082,1001,False,6,2,[-5.18425124  0.13842434  4.        ],exiting,[-0.48080528  0.59740651 -0.20557775]
647.9140074253082,1002,False,0,6,[7.65574595 7.52948363 4.00002175],exiting,[ 0.5677905  -0.59831228 -0.99408226]
647.9140074253082,1003,False,3,0,[-1.16345641 -7.16479824  2.53240776],entering,[ 0.63925976  0.24903542 -0.34837281]
647.9140074253082,1004,False,3,1,[6.1744254 2.1935934 4.       ],exiting,[-0.62185191  0.08809385  0.93462812]
647.9140074253082,1005,False,1,5,[-8.48993944  7.63499218  3.41438708],landing,[ 0.50568378 -0.03156594 -0.11489306]
648.0155792236328,1000,False,2,4,[ 8.27339319 -5.73943308  4.        ],exiting,[-0.82138112 -0.19970136 -0.21083176]
648.0155792236328,1001,False,6,2,[-5.25747051  0.07031458  4.        ],exiting,[-0.48080528  0.59740651 -0.20557775]
648.0155792236328,1002,False,0,6,[7.69052459 7.62324101 4.00001733],exiting,[ 0.5677905  -0.59831228 -0.99408226]
648.0155792236328,1003,False,3,0,[-1.22962994 -6.97610559  2.60740776],entering,[ 0.63925976  0.24903542 -0.34837281]
648.0155792236328,1004,False,3,1,[6.07464302 2.20018706 4.        ],exiting,[-0.62185191  0.08809385  0.93462812]
648.0155792236328,1005,False,1,5,[-8.47201616  7.64834512  3.3169168 ],landing,[ 0.50568378 -0.03156594 -0.11489306]
648.1071300506592,1000,False,2,4,[ 8.30096775 -5.83555614  4.        ],exiting,[-0.82138112 -0.19970136 -0.21083176]
648.1071300506592,1001,False,6,2,[-5.33068978e+00  2.20482812e-03  4.00000000e+00],exiting,[-0.48080528  0.59740651 -0.20557775]
648.1071300506592,1002,False,0,6,[7.72530323 7.71699839 4.00001376],exiting,[ 0.5677905  -0.59831228 -0.99408226]
648.1071300506592,1003,False,3,0,[-1.29581926 -6.7873757   2.68240776],entering,[ 0.63925976  0.24903542 -0.34837281]
648.1071300506592,1004,False,3,1,[5.97486064 2.20678072 4.        ],exiting,[-0.62185191  0.08809385  0.93462812]
648.1071300506592,1005,False,1,5,[-8.45409289  7.66169807  3.21944652],landing,[ 0.50568378 -0.03156594 -0.11489306]
648.2150013446808,1000,False,2,4,[ 8.32854231 -5.9316792   4.        ],exiting,[-0.82138112 -0.19970136 -0.21083176]
648.2150013446808,1001,False,6,2,[-5.40390905 -0.06590493  4.        ],exiting,[-0.48080528  0.59740651 -0.20557775]
648.2150013446808,1002,False,0,6,[7.76008187 7.81075577 4.00001088],exiting,[ 0.5677905  -0.59831228 -0.99408226]
648.2150013446808,1003,False,3,0,[-1.36200859 -6.5986458   2.75740776],entering,[ 0.63925976  0.24903542 -0.34837281]
648.2150013446808,1004,False,3,1,[5.87507826 2.21337437 4.        ],exiting,[-0.62185191  0.08809385  0.93462812]
648.2150013446808,1005,False,1,5,[-8.43616962  7.67505101  3.12197624],landing,[ 0.50568378 -0.03156594 -0.11489306]
648.3144814968109,1000,False,2,4,[ 8.35611688 -6.02780227  4.        ],exiting,[-0.82138112 -0.19970136 -0.21083176]
648.3144814968109,1001,False,6,2,[-5.47712831 -0.13401468  4.        ],exiting,[-0.48080528  0.59740651 -0.20557775]
648.3144814968109,1002,False,0,6,[7.79486051 7.90451315 4.00000856],exiting,[ 0.5677905  -0.59831228 -0.99408226]
648.3144814968109,1003,False,3,0,[-1.42887687 -6.4101554   2.83240776],entering,[ 0.63925976  0.24903542 -0.34837281]
648.3144814968109,1004,False,3,1,[5.77529588 2.21996803 4.        ],exiting,[-0.62185191  0.08809385  0.93462812]
648.3144814968109,1005,False,1,5,[-8.41824635  7.68840396  3.02450596],landing,[ 0.50568378 -0.03156594 -0.11489306]
648.4103307723999,1000,False,2,4,[ 8.38369144 -6.12392533  4.        ],exiting,[-0.82138112 -0.19970136 -0.21083176]
648.4103307723999,1001,False,6,2,[-5.55034758 -0.20212444  4.        ],exiting,[-0.48080528  0.59740651 -0.20557775]
648.4103307723999,1002,False,0,6,[7.82963915 7.99827053 4.0000067 ],exiting,[ 0.5677905  -0.59831228 -0.99408226]
648.4103307723999,1003,False,3,0,[-1.49638554 -6.2218934   2.90740776],entering,[ 0.63925976  0.24903542 -0.34837281]
648.4103307723999,1004,False,3,1,[5.6755135  2.22656169 4.        ],exiting,[-0.62185191  0.08809385  0.93462812]
648.4103307723999,1005,False,1,5,[-8.40032308  7.7017569   2.92703568],landing,[ 0.50568378 -0.03156594 -0.11489306]
648.5104732513428,1000,False,2,4,[ 8.411266  -6.2200484  4.       ],exiting,[-0.82138112 -0.19970136 -0.21083176]
648.5104732513428,1001,False,6,2,[-5.62356685 -0.27023419  4.        ],exiting,[-0.48080528  0.59740651 -0.20557775]
648.5104732513428,1002,False,0,6,[7.86441779 8.09202791 4.00000521],exiting,[ 0.5677905  -0.59831228 -0.99408226]
648.5104732513428,1003,False,3,0,[-1.56389421 -6.0336314   2.98240776],entering,[ 0.63925976  0.24903542 -0.34837281]
648.5104732513428,1004,False,3,1,[5.57573111 2.23315535 4.        ],landing,[-0.62185191  0.08809385  0.93462812]
648.5104732513428,1005,False,1,5,[-8.38239981  7.71510985  2.82956541],landing,[ 0.50568378 -0.03156594 -0.11489306]
648.6093235015869,1000,False,2,4,[ 8.43884057 -6.31617146  4.        ],exiting,[-0.82138112 -0.19970136 -0.21083176]
648.6093235015869,1001,False,6,2,[-5.69678612 -0.33834395  4.        ],exiting,[-0.48080528  0.59740651 -0.20557775]
648.6093235015869,1002,False,0,6,[7.89919643 8.18578529 4.00000403],exiting,[ 0.5677905  -0.59831228 -0.99408226]
648.6093235015869,1003,False,3,0,[-1.63267614 -5.84583085  3.05740776],entering,[ 0.63925976  0.24903542 -0.34837281]
648.6093235015869,1004,False,3,1,[5.48979539 2.23568864 3.98615141],landing,[-0.62185191  0.08809385  0.93462812]
648.6093235015869,1005,False,1,5,[-8.36447653  7.72846279  2.73209513],landing,[ 0.50568378 -0.03156594 -0.11489306]
648.7080209255219,1000,False,2,4,[ 8.46641513 -6.41229453  4.        ],exiting,[-0.82138112 -0.19970136 -0.21083176]
648.7080209255219,1001,False,6,2,[-5.77000539 -0.4064537   4.        ],exiting,[-0.48080528  0.59740651 -0.20557775]
648.7080209255219,1002,False,0,6,[7.93397507 8.27954267 4.00000308],exiting,[ 0.5677905  -0.59831228 -0.99408226]
648.7080209255219,1003,False,3,0,[-1.70145808 -5.65803031  3.13240776],entering,[ 0.63925976  0.24903542 -0.34837281]
648.7080209255219,1004,False,3,1,[5.41787768 2.23418787 3.95861992],landing,[-0.62185191  0.08809385  0.93462812]
648.7080209255219,1005,False,1,5,[-8.34655326  7.74181574  2.63462485],landing,[ 0.50568378 -0.03156594 -0.11489306]
648.8195369243622,1000,False,2,4,[ 8.49398969 -6.50841759  4.        ],exiting,[-0.82138112 -0.19970136 -0.21083176]
648.8195369243622,1001,False,6,2,[-5.84322466 -0.47456346  4.        ],exiting,[-0.48080528  0.59740651 -0.20557775]
648.8195369243622,1002,False,0,6,[7.96875371 8.37330005 4.00000234],exiting,[ 0.5677905  -0.59831228 -0.99408226]
648.8195369243622,1003,False,3,0,[-1.77137833 -5.47065059  3.20740776],entering,[ 0.63925976  0.24903542 -0.34837281]
648.8195369243622,1004,False,3,1,[5.36017811 2.22868492 3.91760411],landing,[-0.62185191  0.08809385  0.93462812]
648.8195369243622,1005,False,1,5,[-8.32862999  7.75516868  2.53715457],landing,[ 0.50568378 -0.03156594 -0.11489306]
648.9069287776947,1000,False,2,4,[ 8.52156426 -6.60454065  4.        ],exiting,[-0.82138112 -0.19970136 -0.21083176]
648.9069287776947,1001,False,6,2,[-5.91644392 -0.54267321  4.        ],exiting,[-0.48080528  0.59740651 -0.20557775]
648.9069287776947,1002,False,0,6,[8.00353235 8.46705743 4.00000175],exiting,[ 0.5677905  -0.59831228 -0.99408226]
648.9069287776947,1003,False,3,0,[-1.84063613 -5.28302501  3.28240776],entering,[ 0.63925976  0.24903542 -0.34837281]
648.9069287776947,1004,False,3,1,[5.31696484 2.21922453 3.86337899],landing,[-0.62185191  0.08809385  0.93462812]
648.9069287776947,1005,False,1,5,[-8.31070672  7.76852163  2.43968429],landing,[ 0.50568378 -0.03156594 -0.11489306]
649.0120635032654,1000,False,2,4,[ 8.54913882 -6.70066372  4.        ],exiting,[-0.82138112 -0.19970136 -0.21083176]
649.0120635032654,1001,False,6,2,[-5.98966319 -0.61078297  4.        ],exiting,[-0.48080528  0.59740651 -0.20557775]
649.0120635032654,1002,False,0,6,[8.03831099 8.56081481 4.00000129],exiting,[ 0.5677905  -0.59831228 -0.99408226]
649.0120635032654,1003,False,3,0,[-1.91157838 -5.09602983  3.35740776],entering,[ 0.63925976  0.24903542 -0.34837281]
649.0120635032654,1004,False,3,1,[5.28847691 2.20584865 3.79619882],landing,[-0.62185191  0.08809385  0.93462812]
649.0120635032654,1005,False,1,5,[-8.29278345  7.78187457  2.34221401],landing,[ 0.50568378 -0.03156594 -0.11489306]
649.1075305938721,1000,False,2,4,[ 8.57671338 -6.79678678  4.        ],exiting,[-0.82138112 -0.19970136 -0.21083176]
649.1075305938721,1001,False,6,2,[-6.06288246 -0.67889272  4.        ],exiting,[-0.48080528  0.59740651 -0.20557775]
649.1075305938721,1002,False,0,6,[8.07308963 8.65457219 4.00000093],exiting,[ 0.5677905  -0.59831228 -0.99408226]
649.1075305938721,1003,False,3,0,[-1.98313729 -4.90926977  3.43240776],entering,[ 0.63925976  0.24903542 -0.34837281]
649.1075305938721,1004,False,3,1,[5.27492512 2.188596   3.71629535],landing,[-0.62185191  0.08809385  0.93462812]
649.1075305938721,1005,False,1,5,[-8.27486018  7.79522752  2.24474373],landing,[ 0.50568378 -0.03156594 -0.11489306]
649.2187025547028,1000,False,2,4,[ 8.60428795 -6.89290985  4.        ],exiting,[-0.82138112 -0.19970136 -0.21083176]
649.2187025547028,1001,False,6,2,[-6.13610173 -0.74700248  4.        ],exiting,[-0.48080528  0.59740651 -0.20557775]
649.2187025547028,1002,False,0,6,[8.10786827 8.74832957 4.00000066],exiting,[ 0.5677905  -0.59831228 -0.99408226]
649.2187025547028,1003,False,3,0,[-2.05495701 -4.72260984  3.50740776],entering,[ 0.63925976  0.24903542 -0.34837281]
649.2187025547028,1004,False,3,1,[5.27652148 2.16750721 3.62390918],landing,[-0.62185191  0.08809385  0.93462812]
649.2187025547028,1005,False,1,5,[-8.2569369   7.80858046  2.14727346],landing,[ 0.50568378 -0.03156594 -0.11489306]
649.3178226947784,1000,False,2,4,[ 8.63186251 -6.98903291  4.        ],exiting,[-0.82138112 -0.19970136 -0.21083176]
649.3178226947784,1001,False,6,2,[-6.209321   -0.81511223  4.        ],exiting,[-0.48080528  0.59740651 -0.20557775]
649.3178226947784,1002,False,0,6,[8.14264691 8.84208695 4.00000045],exiting,[ 0.5677905  -0.59831228 -0.99408226]
649.3178226947784,1003,False,3,0,[-2.12666827 -4.53590822  3.5812966 ],entering,[ 0.63925976  0.24903542 -0.34837281]
649.3178226947784,1004,False,3,1,[5.28407434 2.14494761 3.52678031],landing,[-0.62185191  0.08809385  0.93462812]
649.3178226947784,1005,False,1,5,[-8.23901363  7.82193341  2.04980318],landing,[ 0.50568378 -0.03156594 -0.11489306]
649.4179260730743,1000,False,2,4,[ 8.65943707 -7.08515597  4.        ],landing,[-0.82138112 -0.19970136 -0.21083176]
649.4179260730743,1001,False,6,2,[-6.28254026 -0.88322199  4.        ],exiting,[-0.48080528  0.59740651 -0.20557775]
649.4179260730743,1002,False,0,6,[8.17742555 8.93584433 4.00000029],exiting,[ 0.5677905  -0.59831228 -0.99408226]
649.4179260730743,1003,False,3,0,[-2.19637643 -4.3484495   3.64410211],entering,[ 0.63925976  0.24903542 -0.34837281]
649.4179260730743,1004,False,3,1,[5.29162719 2.12238802 3.42965143],landing,[-0.62185191  0.08809385  0.93462812]
649.4179260730743,1005,False,1,5,[-8.22109036  7.83528635  1.9523329 ],landing,[ 0.50568378 -0.03156594 -0.11489306]
649.5075173377991,1000,False,2,4,[ 8.68009328 -7.16903664  3.98577819],landing,[-0.82138112 -0.19970136 -0.21083176]
649.5075173377991,1001,False,6,2,[-6.35575953 -0.95133174  4.        ],exiting,[-0.48080528  0.59740651 -0.20557775]
649.5075173377991,1002,False,0,6,[8.21220419 9.02960171 4.00000017],exiting,[ 0.5677905  -0.59831228 -0.99408226]
649.5075173377991,1003,False,3,0,[-2.26597344 -4.16094948  3.69748679],entering,[ 0.63925976  0.24903542 -0.34837281]
649.5075173377991,1004,False,3,1,[5.29918004 2.09982842 3.33252255],landing,[-0.62185191  0.08809385  0.93462812]
649.5075173377991,1005,False,1,5,[-8.20316709  7.8486393   1.85486262],landing,[ 0.50568378 -0.03156594 -0.11489306]
649.6122381687164,1000,False,2,4,[ 8.69381871 -7.24049723  3.95749557],landing,[-0.82138112 -0.19970136 -0.21083176]
649.6122381687164,1001,False,6,2,[-6.4289788 -1.0194415  4.       ],exiting,[-0.48080528  0.59740651 -0.20557775]
649.6122381687164,1002,False,0,6,[8.24698282 9.12335909 4.00000009],landing,[ 0.5677905  -0.59831228 -0.99408226]
649.6122381687164,1003,False,3,0,[-2.3278086  -3.9707485   3.74286377],entering,[ 0.63925976  0.24903542 -0.34837281]
649.6122381687164,1004,False,3,1,[5.3067329  2.07726883 3.23539367],landing,[-0.62185191  0.08809385  0.93462812]
649.6122381687164,1005,False,1,5,[-8.18524382  7.86199224  1.75739234],landing,[ 0.50568378 -0.03156594 -0.11489306]
649.708606004715,1000,False,2,4,[ 8.70059985 -7.2993275   3.91534746],landing,[-0.82138112 -0.19970136 -0.21083176]
649.708606004715,1001,False,6,2,[-6.50219807 -1.08755126  4.        ],exiting,[-0.48080528  0.59740651 -0.20557775]
649.708606004715,1002,False,0,6,[8.27999383 9.20302245 3.98592043],landing,[ 0.5677905  -0.59831228 -0.99408226]
649.708606004715,1003,False,3,0,[-2.38864805 -3.78022669  3.78143421],entering,[ 0.63925976  0.24903542 -0.34837281]
649.708606004715,1004,False,3,1,[5.31428575 2.05470923 3.13826479],landing,[-0.62185191  0.08809385  0.93462812]
649.708606004715,1005,False,1,5,[-8.16732055  7.87534519  1.65992206],landing,[ 0.50568378 -0.03156594 -0.11489306]
649.8111536502838,1000,False,2,4,[ 8.70042008 -7.34523604  3.85961353],landing,[-0.82138112 -0.19970136 -0.21083176]
649.8111536502838,1001,False,6,2,[-6.57541734 -1.15566101  4.        ],exiting,[-0.48080528  0.59740651 -0.20557775]
649.8111536502838,1002,False,0,6,[8.31114206 9.26844316 3.957924  ],landing,[ 0.5677905  -0.59831228 -0.99408226]
649.8111536502838,1003,False,3,0,[-2.44931959 -3.58965134  3.81421908],cruising,[ 0.63925976  0.24903542 -0.34837281]
649.8111536502838,1004,False,3,1,[5.32183861 2.03214964 3.04113591],landing,[-0.62185191  0.08809385  0.93462812]
649.8111536502838,1005,False,1,5,[-8.14939727  7.88869813  1.56245179],landing,[ 0.50568378 -0.03156594 -0.11489306]
649.9202749729156,1000,False,2,4,[ 8.69326817 -7.37799382  3.79052122],landing,[-0.82138112 -0.19970136 -0.21083176]
649.9202749729156,1001,False,6,2,[-6.64863661 -1.22377077  4.        ],exiting,[-0.48080528  0.59740651 -0.20557775]
649.9202749729156,1002,False,0,6,[8.34031452 9.31944684 3.9162073 ],landing,[ 0.5677905  -0.59831228 -0.99408226]
649.9202749729156,1003,False,3,0,[-2.50406767 -3.39729062  3.84208621],cruising,[ 0.63925976  0.24903542 -0.34837281]
649.9202749729156,1004,False,3,1,[5.32939146 2.00959004 2.94400703],landing,[-0.62185191  0.08809385  0.93462812]
649.9202749729156,1005,False,1,5,[-8.131474    7.90205108  1.46498151],fake_landed,[ 0.50568378 -0.03156594 -0.11489306]
650.0180988311768,1000,False,2,4,[ 8.67913488 -7.39737961  3.70829685],landing,[-0.82138112 -0.19970136 -0.21083176]
650.0180988311768,1001,False,6,2,[-6.72185587 -1.29188052  4.        ],exiting,[-0.48080528  0.59740651 -0.20557775]
650.0180988311768,1002,False,0,6,[8.36735489 9.35579608 3.86104807],landing,[ 0.5677905  -0.59831228 -0.99408226]
650.0180988311768,1003,False,3,0,[-2.55378384 -3.20356839  3.86577328],cruising,[ 0.63925976  0.24903542 -0.34837281]
650.0180988311768,1004,False,3,1,[5.33694432 1.98703045 2.84687816],landing,[-0.62185191  0.08809385  0.93462812]
650.0180988311768,1005,False,1,5,[-8.11713539  7.91273343  1.38700528],fake_landed,[ 0.50568378 -0.03156594 -0.11489306]
650.1191568374634,1000,False,2,4,[ 8.65801257 -7.40317035  3.61317567],landing,[-0.82138112 -0.19970136 -0.21083176]
650.1191568374634,1001,False,6,2,[-6.79507514 -1.35999028  4.        ],exiting,[-0.48080528  0.59740651 -0.20557775]
650.1191568374634,1002,False,0,6,[8.39213221 9.37729548 3.79268427],landing,[ 0.5677905  -0.59831228 -0.99408226]
650.1191568374634,1003,False,3,0,[-2.59653056 -3.00818999  3.88590729],cruising,[ 0.63925976  0.24903542 -0.34837281]
650.1191568374634,1004,False,3,1,[5.34449717 1.96447086 2.74974928],landing,[-0.62185191  0.08809385  0.93462812]
650.1191568374634,1005,False,1,5,[-8.10638142  7.9207452   1.32852312],fake_landed,[ 0.50568378 -0.03156594 -0.11489306]
650.2109134197235,1000,False,2,4,[ 8.63562669 -7.40646453  3.5157692 ],landing,[-0.82138112 -0.19970136 -0.21083176]
650.2109134197235,1001,False,6,2,[-6.86829441 -1.42810003  4.        ],exiting,[-0.48080528  0.59740651 -0.20557775]
650.2109134197235,1002,False,0,6,[8.41452321 9.38376408 3.71134432],landing,[ 0.5677905  -0.59831228 -0.99408226]
650.2109134197235,1003,False,3,0,[-2.63874725 -2.81269638  3.9030212 ],cruising,[ 0.63925976  0.24903542 -0.34837281]
650.2109134197235,1004,False,3,1,[5.35205003 1.94191126 2.6526204 ],landing,[-0.62185191  0.08809385  0.93462812]
650.2109134197235,1005,False,1,5,[-8.09921211  7.92608638  1.28953501],fake_landed,[ 0.50568378 -0.03156594 -0.11489306]
650.3131062984467,1000,False,2,4,[ 8.61324082 -7.40975872  3.41836273],landing,[-0.82138112 -0.19970136 -0.21083176]
650.3131062984467,1001,False,6,2,[-6.94151368 -1.49620979  4.        ],landing,[-0.48080528  0.59740651 -0.20557775]
650.3131062984467,1002,False,0,6,[8.43440226 9.37502046 3.61726551],landing,[ 0.5677905  -0.59831228 -0.99408226]
650.3131062984467,1003,False,3,0,[-2.67841545 -2.61666976  3.91756802],cruising,[ 0.63925976  0.24903542 -0.34837281]
650.3131062984467,1004,False,3,1,[5.35960288 1.91935167 2.55549152],landing,[-0.62185191  0.08809385  0.93462812]
650.3131062984467,1005,False,1,5,[-8.09562746  7.92875697  1.27004095],fake_landed,[ 0.50568378 -0.03156594 -0.11489306]
650.412326335907,1000,False,2,4,[ 8.59085495 -7.41305291  3.32095625],landing,[-0.82138112 -0.19970136 -0.21083176]
650.412326335907,1001,False,6,2,[-7.00666028 -1.55245614  3.98606831],landing,[-0.48080528  0.59740651 -0.20557775]
650.412326335907,1002,False,0,6,[8.45359796 9.36229272 3.519954  ],landing,[ 0.5677905  -0.59831228 -0.99408226]
650.412326335907,1003,False,3,0,[-2.71964313 -2.4209652   3.92993281],cruising,[ 0.63925976  0.24903542 -0.34837281]
650.412326335907,1004,False,3,1,[5.36715574 1.89679207 2.45836264],landing,[-0.62185191  0.08809385  0.93462812]
650.412326335907,1005,False,1,5,[-8.09562746  7.92875697  1.27004095],fake_landed,[ 0.50568378 -0.03156594 -0.11489306]
650.512797832489,1000,False,2,4,[ 8.56846908 -7.41634709  3.22354978],landing,[-0.82138112 -0.19970136 -0.21083176]
650.512797832489,1001,False,6,2,[-7.06358376 -1.59675059  3.95836956],landing,[-0.48080528  0.59740651 -0.20557775]
650.512797832489,1002,False,0,6,[8.47279366 9.34956498 3.42264249],landing,[ 0.5677905  -0.59831228 -0.99408226]
650.512797832489,1003,False,3,0,[-2.76264529 -2.22564286  3.94044289],cruising,[ 0.63925976  0.24903542 -0.34837281]
650.512797832489,1004,False,3,1,[5.37470859 1.87423248 2.36123376],landing,[-0.62185191  0.08809385  0.93462812]
650.512797832489,1005,False,5,3,[-8.09562746  7.92875697  1.27004095],waiting,[ 0.50568378 -0.03156594 -0.11489306]
650.6133794784546,1000,False,2,4,[ 8.54608321 -7.41964128  3.12614331],landing,[-0.82138112 -0.19970136 -0.21083176]
650.6133794784546,1001,False,6,2,[-7.1121072  -1.62899039  3.91710155],landing,[-0.48080528  0.59740651 -0.20557775]
650.6133794784546,1002,False,0,6,[8.49198936 9.33683724 3.32533099],landing,[ 0.5677905  -0.59831228 -0.99408226]
650.6133794784546,1003,False,3,0,[-2.80689891 -2.03060026  3.94937646],cruising,[ 0.63925976  0.24903542 -0.34837281]
650.6133794784546,1004,False,3,1,[5.38226144 1.85167288 2.26410488],landing,[-0.62185191  0.08809385  0.93462812]
650.6133794784546,1005,False,5,3,[-8.09562746  7.92875697  1.27004095],waiting,[ 0.50568378 -0.03156594 -0.11489306]
650.7080600261688,1000,False,2,4,[ 8.52369733 -7.42293547  3.02873683],landing,[-0.82138112 -0.19970136 -0.21083176]
650.7080600261688,1001,False,6,2,[-7.15199061 -1.64903852  3.86254019],landing,[-0.48080528  0.59740651 -0.20557775]
650.7080600261688,1002,False,0,6,[8.51118506 9.3241095  3.22801948],landing,[ 0.5677905  -0.59831228 -0.99408226]
650.7080600261688,1003,False,3,0,[-2.85411627 -1.83625386  3.95696999],cruising,[ 0.63925976  0.24903542 -0.34837281]
650.7080600261688,1004,False,3,1,[5.3898143  1.82911329 2.166976  ],landing,[-0.62185191  0.08809385  0.93462812]
650.7080600261688,1005,False,5,3,[-8.09562746  7.92875697  1.27004095],waiting,[ 0.50568378 -0.03156594 -0.11489306]
650.8087379932404,1000,False,2,4,[ 8.50131146 -7.42622965  2.93133036],landing,[-0.82138112 -0.19970136 -0.21083176]
650.8087379932404,1001,False,6,2,[-7.18302431 -1.65677759  3.79493393],landing,[-0.48080528  0.59740651 -0.20557775]
650.8087379932404,1002,False,0,6,[8.53038076 9.31138176 3.13070797],landing,[ 0.5677905  -0.59831228 -0.99408226]
650.8087379932404,1003,False,3,0,[-2.90454821 -1.64271674  3.96342449],cruising,[ 0.63925976  0.24903542 -0.34837281]
650.8087379932404,1004,False,3,1,[5.39736715 1.80655369 2.06984713],landing,[-0.62185191  0.08809385  0.93462812]
650.8087379932404,1005,False,5,3,[-8.09562746  7.92875697  1.27004095],waiting,[ 0.50568378 -0.03156594 -0.11489306]
650.9140989780426,1000,False,2,4,[ 8.47892559 -7.42952384  2.83392389],landing,[-0.82138112 -0.19970136 -0.21083176]
650.9140989780426,1001,False,6,2,[-7.20501894 -1.65210348  3.71451329],landing,[-0.48080528  0.59740651 -0.20557775]
650.9140989780426,1002,False,0,6,[8.54957646 9.29865402 3.03339646],landing,[ 0.5677905  -0.59831228 -0.99408226]
650.9140989780426,1003,False,3,0,[-2.9585116  -1.45013441  3.96891082],cruising,[ 0.63925976  0.24903542 -0.34837281]
650.9140989780426,1004,False,3,1,[5.40492001 1.7839941  1.97271825],landing,[-0.62185191  0.08809385  0.93462812]
650.9140989780426,1005,False,5,3,[-8.09562746  7.92875697  1.27004095],waiting,[ 0.50568378 -0.03156594 -0.11489306]
651.0162663459778,1000,False,2,4,[ 8.45653972 -7.43281803  2.73651741],landing,[-0.82138112 -0.19970136 -0.21083176]
651.0162663459778,1001,False,6,2,[-7.2177829  -1.63491279  3.62151767],landing,[-0.48080528  0.59740651 -0.20557775]
651.0162663459778,1002,False,0,6,[8.56877216 9.28592628 2.93608495],landing,[ 0.5677905  -0.59831228 -0.99408226]
651.0162663459778,1003,False,3,0,[-3.01636813 -1.25868567  3.97357419],cruising,[ 0.63925976  0.24903542 -0.34837281]
651.0162663459778,1004,False,3,1,[5.41247286 1.7614345  1.87558937],landing,[-0.62185191  0.08809385  0.93462812]
651.0162663459778,1005,False,5,3,[-8.09562746  7.92875697  1.27004095],waiting,[ 0.50568378 -0.03156594 -0.11489306]
651.115288734436,1000,False,2,4,[ 8.43415385 -7.43611221  2.63911094],landing,[-0.82138112 -0.19970136 -0.21083176]
651.115288734436,1001,False,6,2,[-7.22733539 -1.61342225  3.52432248],landing,[-0.48080528  0.59740651 -0.20557775]
651.115288734436,1002,False,0,6,[8.58796786 9.27319855 2.83877344],landing,[ 0.5677905  -0.59831228 -0.99408226]
651.115288734436,1003,False,3,0,[-3.07764928 -1.06830547  3.97753807],cruising,[ 0.63925976  0.24903542 -0.34837281]
651.115288734436,1004,False,3,1,[5.42002572 1.73887491 1.77846049],landing,[-0.62185191  0.08809385  0.93462812]
651.115288734436,1005,False,5,3,[-8.09562746  7.92875697  1.27004095],waiting,[ 0.50568378 -0.03156594 -0.11489306]
651.2089731693268,1000,False,2,4,[ 8.41176798 -7.4394064   2.54170446],landing,[-0.82138112 -0.19970136 -0.21083176]
651.2089731693268,1001,False,6,2,[-7.23688788 -1.5919317   3.42712728],landing,[-0.48080528  0.59740651 -0.20557775]
651.2089731693268,1002,False,0,6,[8.60716356 9.26047081 2.74146193],landing,[ 0.5677905  -0.59831228 -0.99408226]
651.2089731693268,1003,False,3,0,[-3.14354325 -0.87947225  3.98090736],cruising,[ 0.63925976  0.24903542 -0.34837281]
651.2089731693268,1004,False,3,1,[5.42757857 1.71631531 1.68133161],landing,[-0.62185191  0.08809385  0.93462812]
651.2089731693268,1005,False,5,3,[-8.09562746  7.92875697  1.27004095],waiting,[ 0.50568378 -0.03156594 -0.11489306]
651.3211669921875,1000,False,2,4,[ 8.3893821  -7.44270059  2.44429799],landing,[-0.82138112 -0.19970136 -0.21083176]
651.3211669921875,1001,False,6,2,[-7.24644037 -1.57044116  3.32993208],landing,[-0.48080528  0.59740651 -0.20557775]
651.3211669921875,1002,False,0,6,[8.62635926 9.24774307 2.64415042],landing,[ 0.5677905  -0.59831228 -0.99408226]
651.3211669921875,1003,False,3,0,[-3.21448876 -0.6924783   3.98377125],cruising,[ 0.63925976  0.24903542 -0.34837281]
651.3211669921875,1004,False,3,1,[5.43513143 1.69375572 1.58420273],landing,[-0.62185191  0.08809385  0.93462812]
651.3211669921875,1005,False,5,3,[-8.09562746  7.92875697  1.27004095],waiting,[ 0.50568378 -0.03156594 -0.11489306]
651.4142649173737,1000,False,2,4,[ 8.36699623 -7.44599477  2.34689152],landing,[-0.82138112 -0.19970136 -0.21083176]
651.4142649173737,1001,False,6,2,[-7.25599286 -1.54895062  3.23273688],landing,[-0.48080528  0.59740651 -0.20557775]
651.4142649173737,1002,False,0,6,[8.64555496 9.23501533 2.54683892],landing,[ 0.5677905  -0.59831228 -0.99408226]
651.4142649173737,1003,False,3,0,[-3.29090339 -0.50765189  3.98620556],cruising,[ 0.63925976  0.24903542 -0.34837281]
651.4142649173737,1004,False,3,1,[5.44268428 1.67119612 1.48707385],fake_landed,[-0.62185191  0.08809385  0.93462812]
651.4142649173737,1005,False,5,3,[-8.09562746  7.92875697  1.27004095],waiting,[ 0.50568378 -0.03156594 -0.11489306]
651.5071063041687,1000,False,2,4,[ 8.34461036 -7.44928896  2.24948504],landing,[-0.82138112 -0.19970136 -0.21083176]
651.5071063041687,1001,False,6,2,[-7.26554535 -1.52746007  3.13554169],landing,[-0.48080528  0.59740651 -0.20557775]
651.5071063041687,1002,False,0,6,[8.66475066 9.22228759 2.44952741],landing,[ 0.5677905  -0.59831228 -0.99408226]
651.5071063041687,1003,False,3,0,[-3.37143574 -0.32458212  3.98827473],cruising,[ 0.63925976  0.24903542 -0.34837281]
651.5071063041687,1004,False,3,1,[5.44872656 1.65314845 1.40937075],fake_landed,[-0.62185191  0.08809385  0.93462812]
651.5071063041687,1005,False,5,3,[-8.09562746  7.92875697  1.27004095],waiting,[ 0.50568378 -0.03156594 -0.11489306]
651.6122970581055,1000,False,2,4,[ 8.32222449 -7.45258315  2.15207857],landing,[-0.82138112 -0.19970136 -0.21083176]
651.6122970581055,1001,False,6,2,[-7.27509785 -1.50596953  3.03834649],landing,[-0.48080528  0.59740651 -0.20557775]
651.6122970581055,1002,False,0,6,[8.68394636 9.20955985 2.3522159 ],landing,[ 0.5677905  -0.59831228 -0.99408226]
651.6122970581055,1003,False,3,0,[-3.45838413 -0.1444711   3.99003352],cruising,[ 0.63925976  0.24903542 -0.34837281]
651.6122970581055,1004,False,3,1,[5.45325828 1.63961269 1.35109342],fake_landed,[-0.62185191  0.08809385  0.93462812]
651.6122970581055,1005,False,5,3,[-8.09562746  7.92875697  1.27004095],waiting,[ 0.50568378 -0.03156594 -0.11489306]
651.7083723545074,1000,False,2,4,[ 8.29983862 -7.45587733  2.0546721 ],landing,[-0.82138112 -0.19970136 -0.21083176]
651.7083723545074,1001,False,6,2,[-7.28465034 -1.48447899  2.94115129],landing,[-0.48080528  0.59740651 -0.20557775]
651.7083723545074,1002,False,0,6,[8.70314206 9.19683211 2.25490439],landing,[ 0.5677905  -0.59831228 -0.99408226]
651.7083723545074,1003,False,3,0,[-3.55215994  0.03218138  3.99152849],cruising,[ 0.63925976  0.24903542 -0.34837281]
651.7083723545074,1004,False,3,1,[5.45627942 1.63058885 1.31224187],fake_landed,[-0.62185191  0.08809385  0.93462812]
651.7083723545074,1005,False,5,3,[-8.09562746  7.92875697  1.27004095],waiting,[ 0.50568378 -0.03156594 -0.11489306]
651.8094172477722,1000,False,2,4,[ 8.27745275 -7.45917152  1.95726562],landing,[-0.82138112 -0.19970136 -0.21083176]
651.8094172477722,1001,False,6,2,[-7.29420283 -1.46298845  2.84395609],landing,[-0.48080528  0.59740651 -0.20557775]
651.8094172477722,1002,False,0,6,[8.72233777 9.18410437 2.15759288],landing,[ 0.5677905  -0.59831228 -0.99408226]
651.8094172477722,1003,False,3,0,[-3.65190832  0.20553148  3.99279922],cruising,[ 0.63925976  0.24903542 -0.34837281]
651.8094172477722,1004,False,3,1,[5.45778999 1.62607693 1.2928161 ],fake_landed,[-0.62185191  0.08809385  0.93462812]
651.8094172477722,1005,False,5,3,[-8.09562746  7.92875697  1.27004095],waiting,[ 0.50568378 -0.03156594 -0.11489306]
651.9181129932404,1000,False,2,4,[ 8.25506687 -7.46246571  1.85985915],landing,[-0.82138112 -0.19970136 -0.21083176]
651.9181129932404,1001,False,6,2,[-7.30375532 -1.4414979   2.74676089],landing,[-0.48080528  0.59740651 -0.20557775]
651.9181129932404,1002,False,0,6,[8.74153347 9.17137664 2.06028137],landing,[ 0.5677905  -0.59831228 -0.99408226]
651.9181129932404,1003,False,3,0,[-3.75840249  0.37482115  3.99387934],cruising,[ 0.63925976  0.24903542 -0.34837281]
651.9181129932404,1004,False,1,5,[5.45778999 1.62607693 1.2928161 ],waiting,[-0.62185191  0.08809385  0.93462812]
651.9181129932404,1005,False,5,3,[-8.09562746  7.92875697  1.27004095],waiting,[ 0.50568378 -0.03156594 -0.11489306]
652.0127902030945,1000,False,2,4,[ 8.232681   -7.46575989  1.76245268],landing,[-0.82138112 -0.19970136 -0.21083176]
652.0127902030945,1001,False,6,2,[-7.31330781 -1.42000736  2.6495657 ],landing,[-0.48080528  0.59740651 -0.20557775]
652.0127902030945,1002,False,0,6,[8.76072917 9.1586489  1.96296986],landing,[ 0.5677905  -0.59831228 -0.99408226]
652.0127902030945,1003,False,3,0,[-3.86800049  0.54211813  3.99479744],cruising,[ 0.63925976  0.24903542 -0.34837281]
652.0127902030945,1004,False,1,5,[5.45778999 1.62607693 1.2928161 ],waiting,[-0.62185191  0.08809385  0.93462812]
652.0127902030945,1005,False,5,3,[-8.09562746  7.92875697  1.27004095],waiting,[ 0.50568378 -0.03156594 -0.11489306]
652.1189131736755,1000,False,2,4,[ 8.21029513 -7.46905408  1.6650462 ],landing,[-0.82138112 -0.19970136 -0.21083176]
652.1189131736755,1001,False,6,2,[-7.3228603  -1.39851682  2.5523705 ],landing,[-0.48080528  0.59740651 -0.20557775]
652.1189131736755,1002,False,0,6,[8.77992487 9.14592116 1.86565835],landing,[ 0.5677905  -0.59831228 -0.99408226]
652.1189131736755,1003,False,3,0,[-3.9800438   0.70778737  3.99557782],cruising,[ 0.63925976  0.24903542 -0.34837281]
652.1189131736755,1004,False,1,5,[5.45778999 1.62607693 1.2928161 ],waiting,[-0.62185191  0.08809385  0.93462812]
652.1189131736755,1005,False,5,3,[-8.09562746  7.92875697  1.27004095],queued,[ 0.50568378 -0.03156594 -0.11489306]
652.2127892971039,1000,False,2,4,[ 8.18790926 -7.47234827  1.56763973],landing,[-0.82138112 -0.19970136 -0.21083176]
652.2127892971039,1001,False,6,2,[-7.33241279 -1.37702627  2.4551753 ],landing,[-0.48080528  0.59740651 -0.20557775]
652.2127892971039,1002,False,0,6,[8.79912057 9.13319342 1.76834684],landing,[ 0.5677905  -0.59831228 -0.99408226]
652.2127892971039,1003,False,3,0,[-4.09396744  0.87216925  3.99624115],cruising,[ 0.63925976  0.24903542 -0.34837281]
652.2127892971039,1004,False,1,5,[5.45778999 1.62607693 1.2928161 ],waiting,[-0.62185191  0.08809385  0.93462812]
652.2127892971039,1005,False,5,3,[-8.09562746  7.92875697  1.29004095],queued,[ 0.50568378 -0.03156594 -0.11489306]
652.3154685497284,1000,False,2,4,[ 8.16552339 -7.47564245  1.47023326],fake_landed,[-0.82138112 -0.19970136 -0.21083176]
652.3154685497284,1001,False,6,2,[-7.34196528 -1.35553573  2.3579801 ],landing,[-0.48080528  0.59740651 -0.20557775]
652.3154685497284,1002,False,0,6,[8.81831627 9.12046568 1.67103534],landing,[ 0.5677905  -0.59831228 -0.99408226]
652.3154685497284,1003,False,3,0,[-4.20928694  1.03557493  3.99680497],cruising,[ 0.63925976  0.24903542 -0.34837281]
652.3154685497284,1004,False,1,5,[5.45778999 1.62607693 1.2928161 ],waiting,[-0.62185191  0.08809385  0.93462812]
652.3154685497284,1005,False,5,3,[-8.09562746  7.92875697  1.33004095],queued,[ 0.50568378 -0.03156594 -0.11489306]
652.4216837882996,1000,False,2,4,[ 8.14761469 -7.4782778   1.39230808],fake_landed,[-0.82138112 -0.19970136 -0.21083176]
652.4216837882996,1001,False,6,2,[-7.35151777 -1.33404519  2.26078491],landing,[-0.48080528  0.59740651 -0.20557775]
652.4216837882996,1002,False,0,6,[8.83751197 9.10773794 1.57372383],landing,[ 0.5677905  -0.59831228 -0.99408226]
652.4216837882996,1003,False,3,0,[-4.32558478  1.19828575  3.99728423],cruising,[ 0.63925976  0.24903542 -0.34837281]
652.4216837882996,1004,False,1,5,[5.45778999 1.62607693 1.2928161 ],waiting,[-0.62185191  0.08809385  0.93462812]
652.4216837882996,1005,False,5,3,[-8.09562746  7.92875697  1.39004095],queued,[ 0.50568378 -0.03156594 -0.11489306]
652.5212767124176,1000,False,2,4,[ 8.13418317 -7.48025431  1.33386419],fake_landed,[-0.82138112 -0.19970136 -0.21083176]
652.5212767124176,1001,False,6,2,[-7.36107027 -1.31255464  2.16358971],landing,[-0.48080528  0.59740651 -0.20557775]
652.5212767124176,1002,False,0,6,[8.85670767 9.0950102  1.47641232],fake_landed,[ 0.5677905  -0.59831228 -0.99408226]
652.5212767124176,1003,False,3,0,[-4.4424977   1.36055518  3.99769159],cruising,[ 0.63925976  0.24903542 -0.34837281]
652.5212767124176,1004,False,1,5,[5.45778999 1.62607693 1.2928161 ],waiting,[-0.62185191  0.08809385  0.93462812]
652.5212767124176,1005,False,5,3,[-8.09562746  7.92875697  1.46504095],queued,[ 0.50568378 -0.03156594 -0.11489306]
652.6139523983002,1000,False,2,4,[ 8.12522882 -7.48157199  1.2949016 ],fake_landed,[-0.82138112 -0.19970136 -0.21083176]
652.6139523983002,1001,False,6,2,[-7.37062276 -1.2910641   2.06639451],landing,[-0.48080528  0.59740651 -0.20557775]
652.6139523983002,1002,False,0,6,[8.87206423 9.08482801 1.39856311],fake_landed,[ 0.5677905  -0.59831228 -0.99408226]
652.6139523983002,1003,False,3,0,[-4.55970495  1.52261215  3.99803786],cruising,[ 0.63925976  0.24903542 -0.34837281]
652.6139523983002,1004,False,1,5,[5.45778999 1.62607693 1.2928161 ],waiting,[-0.62185191  0.08809385  0.93462812]
652.6139523983002,1005,False,5,3,[-8.09562746  7.92875697  1.54004095],queued,[ 0.50568378 -0.03156594 -0.11489306]
652.7186570167542,1000,False,2,4,[ 8.12075164 -7.48223083  1.27542031],fake_landed,[-0.82138112 -0.19970136 -0.21083176]
652.7186570167542,1001,False,6,2,[-7.38017525 -1.26957356  1.96919931],landing,[-0.48080528  0.59740651 -0.20557775]
652.7186570167542,1002,False,0,6,[8.88358165 9.07719137 1.34017621],fake_landed,[ 0.5677905  -0.59831228 -0.99408226]
652.7186570167542,1003,False,3,0,[-4.67688932  1.68468566  3.99833218],cruising,[ 0.63925976  0.24903542 -0.34837281]
652.7186570167542,1004,False,1,5,[5.45778999 1.62607693 1.2928161 ],waiting,[-0.62185191  0.08809385  0.93462812]
652.7186570167542,1005,False,5,3,[-8.09562746  7.92875697  1.61504095],queued,[ 0.50568378 -0.03156594 -0.11489306]
652.8142220973969,1000,False,2,4,[ 8.12075164 -7.48223083  1.27542031],fake_landed,[-0.82138112 -0.19970136 -0.21083176]
652.8142220973969,1001,False,6,2,[-7.38972774 -1.24808301  1.87200411],landing,[-0.48080528  0.59740651 -0.20557775]
652.8142220973969,1002,False,0,6,[8.89125993 9.07210027 1.3012516 ],fake_landed,[ 0.5677905  -0.59831228 -0.99408226]
652.8142220973969,1003,False,3,0,[-4.79395519  1.84684479  3.99858235],cruising,[ 0.63925976  0.24903542 -0.34837281]
652.8142220973969,1004,False,1,5,[5.45778999 1.62607693 1.2928161 ],waiting,[-0.62185191  0.08809385  0.93462812]
652.8142220973969,1005,False,5,3,[-8.09562746  7.92875697  1.69004095],queued,[ 0.50568378 -0.03156594 -0.11489306]
652.910012960434,1000,False,4,1,[ 8.12075164 -7.48223083  1.27542031],waiting,[-0.82138112 -0.19970136 -0.21083176]
652.910012960434,1001,False,6,2,[-7.39928023 -1.22659247  1.77480892],landing,[-0.48080528  0.59740651 -0.20557775]
652.910012960434,1002,False,0,6,[8.89509907 9.06955473 1.2817893 ],fake_landed,[ 0.5677905  -0.59831228 -0.99408226]
652.910012960434,1003,False,3,0,[-4.9106123   2.00929823  3.998795  ],cruising,[ 0.63925976  0.24903542 -0.34837281]
652.910012960434,1004,False,1,5,[5.45778999 1.62607693 1.2928161 ],queued,[-0.62185191  0.08809385  0.93462812]
652.910012960434,1005,False,5,3,[-8.09562746  7.92875697  1.76504095],queued,[ 0.50568378 -0.03156594 -0.11489306]
653.017914056778,1000,False,4,1,[ 8.12075164 -7.48223083  1.27542031],waiting,[-0.82138112 -0.19970136 -0.21083176]
653.017914056778,1001,False,6,2,[-7.40883272 -1.20510193  1.67761372],landing,[-0.48080528  0.59740651 -0.20557775]
653.017914056778,1002,False,0,6,[8.89509907 9.06955473 1.2817893 ],fake_landed,[ 0.5677905  -0.59831228 -0.99408226]
653.017914056778,1003,False,3,0,[-5.02658638  2.17223997  3.99897575],cruising,[ 0.63925976  0.24903542 -0.34837281]
653.017914056778,1004,False,1,5,[5.45778999 1.62607693 1.3128161 ],queued,[-0.62185191  0.08809385  0.93462812]
653.017914056778,1005,False,5,3,[-8.09562746  7.92875697  1.84004095],queued,[ 0.50568378 -0.03156594 -0.11489306]
653.1170139312744,1000,False,4,1,[ 8.12075164 -7.48223083  1.27542031],waiting,[-0.82138112 -0.19970136 -0.21083176]
653.1170139312744,1001,False,6,2,[-7.41838521 -1.18361139  1.58041852],landing,[-0.48080528  0.59740651 -0.20557775]
653.1170139312744,1002,False,6,4,[8.89509907 9.06955473 1.2817893 ],waiting,[ 0.5677905  -0.59831228 -0.99408226]
653.1170139312744,1003,False,3,0,[-5.14160857  2.33585506  3.99912939],cruising,[ 0.63925976  0.24903542 -0.34837281]
653.1170139312744,1004,False,1,5,[5.45778999 1.62607693 1.3528161 ],queued,[-0.62185191  0.08809385  0.93462812]
653.1170139312744,1005,False,5,3,[-8.09562746  7.92875697  1.91504095],queued,[ 0.50568378 -0.03156594 -0.11489306]
653.2085816860199,1000,False,4,1,[ 8.12075164 -7.48223083  1.27542031],waiting,[-0.82138112 -0.19970136 -0.21083176]
653.2085816860199,1001,False,6,2,[-7.4279377  -1.16212084  1.48322332],fake_landed,[-0.48080528  0.59740651 -0.20557775]
653.2085816860199,1002,False,6,4,[8.89509907 9.06955473 1.2817893 ],waiting,[ 0.5677905  -0.59831228 -0.99408226]
653.2085816860199,1003,False,3,0,[-5.25601451  2.49990163  3.99925998],cruising,[ 0.63925976  0.24903542 -0.34837281]
653.2085816860199,1004,False,1,5,[5.45778999 1.62607693 1.4128161 ],queued,[-0.62185191  0.08809385  0.93462812]
653.2085816860199,1005,False,5,3,[-8.09562746  7.92875697  1.99004095],queued,[ 0.50568378 -0.03156594 -0.11489306]
653.3073432445526,1000,False,4,1,[ 8.12075164 -7.48223083  1.27542031],waiting,[-0.82138112 -0.19970136 -0.21083176]
653.3073432445526,1001,False,6,2,[-7.4355797  -1.14492841  1.40546716],fake_landed,[-0.48080528  0.59740651 -0.20557775]
653.3073432445526,1002,False,6,4,[8.89509907 9.06955473 1.2817893 ],waiting,[ 0.5677905  -0.59831228 -0.99408226]
653.3073432445526,1003,False,3,0,[-5.36892146  2.6649835   3.99937098],cruising,[ 0.63925976  0.24903542 -0.34837281]
653.3073432445526,1004,False,1,5,[5.45778999 1.62607693 1.4878161 ],queued,[-0.62185191  0.08809385  0.93462812]
653.3073432445526,1005,False,5,3,[-8.09562746  7.92875697  2.06504095],queued,[ 0.50568378 -0.03156594 -0.11489306]
653.408998966217,1000,False,4,1,[ 8.12075164 -7.48223083  1.27542031],waiting,[-0.82138112 -0.19970136 -0.21083176]
653.408998966217,1001,False,6,2,[-7.44131119 -1.13203408  1.34715005],fake_landed,[-0.48080528  0.59740651 -0.20557775]
653.408998966217,1002,False,6,4,[8.89509907 9.06955473 1.2817893 ],waiting,[ 0.5677905  -0.59831228 -0.99408226]
653.408998966217,1003,False,3,0,[-5.48001906  2.83128841  3.99946533],cruising,[ 0.63925976  0.24903542 -0.34837281]
653.408998966217,1004,False,1,5,[5.45778999 1.62607693 1.5628161 ],queued,[-0.62185191  0.08809385  0.93462812]
653.408998966217,1005,False,5,3,[-8.09562746  7.92875697  2.14004095],queued,[ 0.50568378 -0.03156594 -0.11489306]
653.5078756809235,1000,False,4,1,[ 8.12075164 -7.48223083  1.27542031],waiting,[-0.82138112 -0.19970136 -0.21083176]
653.5078756809235,1001,False,6,2,[-7.44513219 -1.12343787  1.30827197],fake_landed,[-0.48080528  0.59740651 -0.20557775]
653.5078756809235,1002,False,6,4,[8.89509907 9.06955473 1.2817893 ],waiting,[ 0.5677905  -0.59831228 -0.99408226]
653.5078756809235,1003,False,3,0,[-5.58896109  2.99901328  3.99954553],cruising,[ 0.63925976  0.24903542 -0.34837281]
653.5078756809235,1004,False,1,5,[5.45778999 1.62607693 1.6378161 ],queued,[-0.62185191  0.08809385  0.93462812]
653.5078756809235,1005,False,5,3,[-8.09562746  7.92875697  2.21504095],queued,[ 0.50568378 -0.03156594 -0.11489306]
653.6094243526459,1000,False,4,1,[ 8.12075164 -7.48223083  1.27542031],waiting,[-0.82138112 -0.19970136 -0.21083176]
653.6094243526459,1001,False,6,2,[-7.44704268 -1.11913976  1.28883293],fake_landed,[-0.48080528  0.59740651 -0.20557775]
653.6094243526459,1002,False,6,4,[8.89509907 9.06955473 1.2817893 ],waiting,[ 0.5677905  -0.59831228 -0.99408226]
653.6094243526459,1003,False,3,0,[-5.69535     3.16836912  3.9996137 ],cruising,[ 0.63925976  0.24903542 -0.34837281]
653.6094243526459,1004,False,1,5,[5.45778999 1.62607693 1.7128161 ],queued,[-0.62185191  0.08809385  0.93462812]
653.6094243526459,1005,False,5,3,[-8.09562746  7.92875697  2.29004095],queued,[ 0.50568378 -0.03156594 -0.11489306]
653.7073509693146,1000,False,4,1,[ 8.12075164 -7.48223083  1.27542031],waiting,[-0.82138112 -0.19970136 -0.21083176]
653.7073509693146,1001,False,6,2,[-7.44704268 -1.11913976  1.28883293],fake_landed,[-0.48080528  0.59740651 -0.20557775]
653.7073509693146,1002,False,6,4,[8.89509907 9.06955473 1.2817893 ],waiting,[ 0.5677905  -0.59831228 -0.99408226]
653.7073509693146,1003,False,3,0,[-5.7987178   3.33958564  3.99967165],cruising,[ 0.63925976  0.24903542 -0.34837281]
653.7073509693146,1004,False,1,5,[5.45778999 1.62607693 1.7878161 ],queued,[-0.62185191  0.08809385  0.93462812]
653.7073509693146,1005,False,5,3,[-8.09562746  7.92875697  2.36504095],queued,[ 0.50568378 -0.03156594 -0.11489306]
653.8204293251038,1000,False,4,1,[ 8.12075164 -7.48223083  1.27542031],waiting,[-0.82138112 -0.19970136 -0.21083176]
653.8204293251038,1001,False,2,6,[-7.44704268 -1.11913976  1.28883293],waiting,[-0.48080528  0.59740651 -0.20557775]
653.8204293251038,1002,False,6,4,[8.89509907 9.06955473 1.2817893 ],waiting,[ 0.5677905  -0.59831228 -0.99408226]
653.8204293251038,1003,False,3,0,[-5.8985019   3.51291519  3.9997209 ],cruising,[ 0.63925976  0.24903542 -0.34837281]
653.8204293251038,1004,False,1,5,[5.45778999 1.62607693 1.8628161 ],queued,[-0.62185191  0.08809385  0.93462812]
653.8204293251038,1005,False,5,3,[-8.09562746  7.92875697  2.44004095],queued,[ 0.50568378 -0.03156594 -0.11489306]
653.9204108715057,1000,False,4,1,[ 8.12075164 -7.48223083  1.27542031],waiting,[-0.82138112 -0.19970136 -0.21083176]
653.9204108715057,1001,False,2,6,[-7.44704268 -1.11913976  1.28883293],waiting,[-0.48080528  0.59740651 -0.20557775]
653.9204108715057,1002,False,6,4,[8.89509907 9.06955473 1.2817893 ],waiting,[ 0.5677905  -0.59831228 -0.99408226]
653.9204108715057,1003,False,3,0,[-5.99401348  3.68863525  3.99976277],cruising,[ 0.63925976  0.24903542 -0.34837281]
653.9204108715057,1004,False,1,5,[5.45778999 1.62607693 1.9378161 ],queued,[-0.62185191  0.08809385  0.93462812]
653.9204108715057,1005,False,5,3,[-8.09562746  7.92875697  2.51504095],entering,[ 0.50568378 -0.03156594 -0.11489306]
654.01411485672,1000,False,4,1,[ 8.12075164 -7.48223083  1.27542031],waiting,[-0.82138112 -0.19970136 -0.21083176]
654.01411485672,1001,False,2,6,[-7.44704268 -1.11913976  1.28883293],waiting,[-0.48080528  0.59740651 -0.20557775]
654.01411485672,1002,False,6,4,[8.89509907 9.06955473 1.2817893 ],waiting,[ 0.5677905  -0.59831228 -0.99408226]
654.01411485672,1003,False,3,0,[-6.08439558  3.86704791  3.99979835],cruising,[ 0.63925976  0.24903542 -0.34837281]
654.01411485672,1004,False,1,5,[5.45778999 1.62607693 2.0128161 ],queued,[-0.62185191  0.08809385  0.93462812]
654.01411485672,1005,False,5,3,[-8.07777825  7.91973446  2.59004095],entering,[ 0.50568378 -0.03156594 -0.11489306]
654.1172716617584,1000,False,4,1,[ 8.12075164 -7.48223083  1.27542031],waiting,[-0.82138112 -0.19970136 -0.21083176]
654.1172716617584,1001,False,2,6,[-7.44704268 -1.11913976  1.28883293],waiting,[-0.48080528  0.59740651 -0.20557775]
654.1172716617584,1002,False,6,4,[8.89509907 9.06955473 1.2817893 ],waiting,[ 0.5677905  -0.59831228 -0.99408226]
654.1172716617584,1003,False,3,0,[-6.16856714  4.04847323  3.9998286 ],cruising,[ 0.63925976  0.24903542 -0.34837281]
654.1172716617584,1004,False,1,5,[5.45778999 1.62607693 2.0878161 ],queued,[-0.62185191  0.08809385  0.93462812]
654.1172716617584,1005,False,5,3,[-8.04206615  7.90171655  2.66504095],entering,[ 0.50568378 -0.03156594 -0.11489306]
654.2097225189209,1000,False,4,1,[ 8.12075164 -7.48223083  1.27542031],queued,[-0.82138112 -0.19970136 -0.21083176]
654.2097225189209,1001,False,2,6,[-7.44704268 -1.11913976  1.28883293],waiting,[-0.48080528  0.59740651 -0.20557775]
654.2097225189209,1002,False,6,4,[8.89509907 9.06955473 1.2817893 ],waiting,[ 0.5677905  -0.59831228 -0.99408226]
654.2097225189209,1003,False,3,0,[-6.24514791  4.23323087  3.99985431],cruising,[ 0.63925976  0.24903542 -0.34837281]
654.2097225189209,1004,False,1,5,[5.45778999 1.62607693 2.1628161 ],queued,[-0.62185191  0.08809385  0.93462812]
654.2097225189209,1005,False,5,3,[-7.98846102  7.87476335  2.74004095],entering,[ 0.50568378 -0.03156594 -0.11489306]
654.3239059448242,1000,False,4,1,[ 8.12075164 -7.48223083  1.29542031],queued,[-0.82138112 -0.19970136 -0.21083176]
654.3239059448242,1001,False,2,6,[-7.44704268 -1.11913976  1.28883293],waiting,[-0.48080528  0.59740651 -0.20557775]
654.3239059448242,1002,False,6,4,[8.89509907 9.06955473 1.2817893 ],waiting,[ 0.5677905  -0.59831228 -0.99408226]
654.3239059448242,1003,False,3,0,[-6.31235926  4.42159922  3.99987616],cruising,[ 0.63925976  0.24903542 -0.34837281]
654.3239059448242,1004,False,1,5,[5.45778999 1.62607693 2.2378161 ],queued,[-0.62185191  0.08809385  0.93462812]
654.3239059448242,1005,False,5,3,[-7.91690574  7.83899016  2.81504095],entering,[ 0.50568378 -0.03156594 -0.11489306]
654.4095902442932,1000,False,4,1,[ 8.12075164 -7.48223083  1.33542031],queued,[-0.82138112 -0.19970136 -0.21083176]
654.4095902442932,1001,False,2,6,[-7.44704268 -1.11913976  1.28883293],waiting,[-0.48080528  0.59740651 -0.20557775]
654.4095902442932,1002,False,6,4,[8.89509907 9.06955473 1.2817893 ],waiting,[ 0.5677905  -0.59831228 -0.99408226]
654.4095902442932,1003,False,3,0,[-6.36161121  4.61543999  3.99989474],cruising,[ 0.63925976  0.24903542 -0.34837281]
654.4095902442932,1004,False,1,5,[5.45778999 1.62607693 2.3128161 ],queued,[-0.62185191  0.08809385  0.93462812]
654.4095902442932,1005,False,5,3,[-7.82735212  7.79449575  2.89004095],entering,[ 0.50568378 -0.03156594 -0.11489306]
654.5201907157898,1000,False,4,1,[ 8.12075164 -7.48223083  1.39542031],queued,[-0.82138112 -0.19970136 -0.21083176]
654.5201907157898,1001,False,2,6,[-7.44704268 -1.11913976  1.28883293],waiting,[-0.48080528  0.59740651 -0.20557775]
654.5201907157898,1002,False,6,4,[8.89509907 9.06955473 1.2817893 ],waiting,[ 0.5677905  -0.59831228 -0.99408226]
654.5201907157898,1003,False,3,0,[-6.39122107  4.81304752  3.99991096],cruising,[ 0.63925976  0.24903542 -0.34837281]
654.5201907157898,1004,False,1,5,[5.45778999 1.62607693 2.3878161 ],queued,[-0.62185191  0.08809385  0.93462812]
654.5201907157898,1005,False,5,3,[-7.719776    7.74133017  2.96504095],entering,[ 0.50568378 -0.03156594 -0.11489306]
654.6167533397675,1000,False,4,1,[ 8.12075164 -7.48223083  1.47042031],queued,[-0.82138112 -0.19970136 -0.21083176]
654.6167533397675,1001,False,2,6,[-7.44704268 -1.11913976  1.28883293],waiting,[-0.48080528  0.59740651 -0.20557775]
654.6167533397675,1002,False,6,4,[8.89509907 9.06955473 1.2817893 ],waiting,[ 0.5677905  -0.59831228 -0.99408226]
654.6167533397675,1003,False,3,0,[-6.40092158  5.01255716  3.99992484],cruising,[ 0.63925976  0.24903542 -0.34837281]
654.6167533397675,1004,False,1,5,[5.45778999 1.62607693 2.4628161 ],queued,[-0.62185191  0.08809385  0.93462812]
654.6167533397675,1005,False,5,3,[-7.5941558   7.67953838  3.04004095],entering,[ 0.50568378 -0.03156594 -0.11489306]
654.7169332504272,1000,False,4,1,[ 8.12075164 -7.48223083  1.54542031],queued,[-0.82138112 -0.19970136 -0.21083176]
654.7169332504272,1001,False,2,6,[-7.44704268 -1.11913976  1.28883293],waiting,[-0.48080528  0.59740651 -0.20557775]
654.7169332504272,1002,False,6,4,[8.89509907 9.06955473 1.2817893 ],waiting,[ 0.5677905  -0.59831228 -0.99408226]
654.7169332504272,1003,False,3,0,[-6.39068867  5.21043631  3.99993774],cruising,[ 0.63925976  0.24903542 -0.34837281]
654.7169332504272,1004,False,1,5,[5.45778999 1.62607693 2.5378161 ],queued,[-0.62185191  0.08809385  0.93462812]
654.7169332504272,1005,False,5,3,[-7.45004432  7.61012603  3.11504095],entering,[ 0.50568378 -0.03156594 -0.11489306]
654.8196306228638,1000,False,4,1,[ 8.12075164 -7.48223083  1.62042031],queued,[-0.82138112 -0.19970136 -0.21083176]
654.8196306228638,1001,False,2,6,[-7.44704268 -1.11913976  1.28883293],waiting,[-0.48080528  0.59740651 -0.20557775]
654.8196306228638,1002,False,6,4,[8.89509907 9.06955473 1.2817893 ],waiting,[ 0.5677905  -0.59831228 -0.99408226]
654.8196306228638,1003,False,3,0,[-6.36085628  5.40433297  3.99994969],cruising,[ 0.63925976  0.24903542 -0.34837281]
654.8196306228638,1004,False,1,5,[5.45778999 1.62607693 2.6128161 ],entering,[-0.62185191  0.08809385  0.93462812]
654.8196306228638,1005,False,5,3,[-7.28721721  7.53366212  3.19004095],entering,[ 0.50568378 -0.03156594 -0.11489306]
654.914226770401,1000,False,4,1,[ 8.12075164 -7.48223083  1.69542031],queued,[-0.82138112 -0.19970136 -0.21083176]
654.914226770401,1001,False,2,6,[-7.44704268 -1.11913976  1.28883293],waiting,[-0.48080528  0.59740651 -0.20557775]
654.914226770401,1002,False,6,4,[8.89509907 9.06955473 1.2817893 ],waiting,[ 0.5677905  -0.59831228 -0.99408226]
654.914226770401,1003,False,3,0,[-6.31193891  5.59224936  3.99996061],cruising,[ 0.63925976  0.24903542 -0.34837281]
654.914226770401,1004,False,1,5,[5.47748201 1.6225806  2.6878161 ],entering,[-0.62185191  0.08809385  0.93462812]
654.914226770401,1005,False,5,3,[-7.10489034  7.45275302  3.26504095],entering,[ 0.50568378 -0.03156594 -0.11489306]
655.0126070976257,1000,False,4,1,[ 8.12075164 -7.48223083  1.77042031],queued,[-0.82138112 -0.19970136 -0.21083176]
655.0126070976257,1001,False,2,6,[-7.44704268 -1.11913976  1.28883293],waiting,[-0.48080528  0.59740651 -0.20557775]
655.0126070976257,1002,False,6,4,[8.89509907 9.06955473 1.2817893 ],waiting,[ 0.5677905  -0.59831228 -0.99408226]
655.0126070976257,1003,False,3,0,[-6.24478907  5.77194521  3.99997051],cruising,[ 0.63925976  0.24903542 -0.34837281]
655.0126070976257,1004,False,1,5,[5.51686037 1.61555607 2.7628161 ],entering,[-0.62185191  0.08809385  0.93462812]
655.0126070976257,1005,False,5,3,[-6.92106494  7.37396075  3.34004095],entering,[ 0.50568378 -0.03156594 -0.11489306]
655.1196992397308,1000,False,4,1,[ 8.12075164 -7.48223083  1.84542031],queued,[-0.82138112 -0.19970136 -0.21083176]
655.1196992397308,1001,False,2,6,[-7.44704268 -1.11913976  1.28883293],waiting,[-0.48080528  0.59740651 -0.20557775]
655.1196992397308,1002,False,6,4,[8.89509907 9.06955473 1.2817893 ],queued,[ 0.5677905  -0.59831228 -0.99408226]
655.1196992397308,1003,False,3,0,[-6.16050807  5.94132005  3.99997941],cruising,[ 0.63925976  0.24903542 -0.34837281]
655.1196992397308,1004,False,1,5,[5.57591227 1.6049327  2.8378161 ],entering,[-0.62185191  0.08809385  0.93462812]
655.1196992397308,1005,False,5,3,[-6.73510523  7.30034699  3.41504095],entering,[ 0.50568378 -0.03156594 -0.11489306]
655.2223510742188,1000,False,4,1,[ 8.12075164 -7.48223083  1.92042031],queued,[-0.82138112 -0.19970136 -0.21083176]
655.2223510742188,1001,False,2,6,[-7.44704268 -1.11913976  1.28883293],waiting,[-0.48080528  0.59740651 -0.20557775]
655.2223510742188,1002,False,6,4,[8.89509907 9.06955473 1.3017893 ],queued,[ 0.5677905  -0.59831228 -0.99408226]
655.2223510742188,1003,False,3,0,[-6.06030316  6.09859411  3.99998724],cruising,[ 0.63925976  0.24903542 -0.34837281]
655.2223510742188,1004,False,1,5,[5.65456346 1.5903259  2.9128161 ],entering,[-0.62185191  0.08809385  0.93462812]
655.2223510742188,1005,False,5,3,[-6.54754827  7.23090357  3.49004095],entering,[ 0.50568378 -0.03156594 -0.11489306]
655.3105249404907,1000,False,4,1,[ 8.12075164 -7.48223083  1.99542031],queued,[-0.82138112 -0.19970136 -0.21083176]
655.3105249404907,1001,False,2,6,[-7.44704268 -1.11913976  1.28883293],queued,[-0.48080528  0.59740651 -0.20557775]
655.3105249404907,1002,False,6,4,[8.89509907 9.06955473 1.3417893 ],queued,[ 0.5677905  -0.59831228 -0.99408226]
655.3105249404907,1003,False,3,0,[-5.94509213  6.24264635  3.99999396],cruising,[ 0.63925976  0.24903542 -0.34837281]
655.3105249404907,1004,False,1,5,[5.75273241 1.57135365 2.9878161 ],entering,[-0.62185191  0.08809385  0.93462812]
655.3105249404907,1005,False,5,3,[-6.35828595  7.16625239  3.56504095],entering,[ 0.50568378 -0.03156594 -0.11489306]
655.4151439666748,1000,False,4,1,[ 8.12075164 -7.48223083  2.07042031],queued,[-0.82138112 -0.19970136 -0.21083176]
655.4151439666748,1001,False,2,6,[-7.44704268 -1.11913976  1.30883293],queued,[-0.48080528  0.59740651 -0.20557775]
655.4151439666748,1002,False,6,4,[8.89509907 9.06955473 1.4017893 ],queued,[ 0.5677905  -0.59831228 -0.99408226]
655.4151439666748,1003,False,3,0,[-5.81578207  6.37251347  3.99999953],cruising,[ 0.63925976  0.24903542 -0.34837281]
655.4151439666748,1004,False,1,5,[5.87027724 1.54742403 3.0628161 ],entering,[-0.62185191  0.08809385  0.93462812]
655.4151439666748,1005,False,5,3,[-6.16697456  7.10794329  3.63028481],entering,[ 0.50568378 -0.03156594 -0.11489306]
655.5200815200806,1000,False,4,1,[ 8.12075164 -7.48223083  2.14542031],queued,[-0.82138112 -0.19970136 -0.21083176]
655.5200815200806,1001,False,2,6,[-7.44704268 -1.11913976  1.34883293],queued,[-0.48080528  0.59740651 -0.20557775]
655.5200815200806,1002,False,6,4,[8.89509907 9.06955473 1.4767893 ],queued,[ 0.5677905  -0.59831228 -0.99408226]
655.5200815200806,1003,False,3,0,[-5.6735174   6.48714321  4.00000396],cruising,[ 0.63925976  0.24903542 -0.34837281]
655.5200815200806,1004,False,1,5,[6.00701115 1.51785713 3.1378161 ],entering,[-0.62185191  0.08809385  0.93462812]
655.5200815200806,1005,False,5,3,[-5.97340437  7.0576384   3.68574209],entering,[ 0.50568378 -0.03156594 -0.11489306]
655.6194875240326,1000,False,4,1,[ 8.12075164 -7.48223083  2.22042031],queued,[-0.82138112 -0.19970136 -0.21083176]
655.6194875240326,1001,False,2,6,[-7.44704268 -1.11913976  1.40883293],queued,[-0.48080528  0.59740651 -0.20557775]
655.6194875240326,1002,False,6,4,[8.89509907 9.06955473 1.5517893 ],entering,[ 0.5677905  -0.59831228 -0.99408226]
655.6194875240326,1003,False,3,0,[-5.51903432  6.58593911  4.00000721],cruising,[ 0.63925976  0.24903542 -0.34837281]
655.6194875240326,1004,False,1,5,[6.16225592 1.48071738 3.2128161 ],entering,[-0.62185191  0.08809385  0.93462812]
655.6194875240326,1005,False,5,3,[-5.77782633  7.0158146   3.73288077],entering,[ 0.50568378 -0.03156594 -0.11489306]
655.7097272872925,1000,False,4,1,[ 8.12075164 -7.48223083  2.29542031],queued,[-0.82138112 -0.19970136 -0.21083176]
655.7097272872925,1001,False,2,6,[-7.44704268 -1.11913976  1.48383293],queued,[-0.48080528  0.59740651 -0.20557775]
655.7097272872925,1002,False,6,4,[8.89087332 9.05000625 1.6267893 ],entering,[ 0.5677905  -0.59831228 -0.99408226]
655.7097272872925,1003,False,3,0,[-5.35295023  6.6684434   4.00000925],cruising,[ 0.63925976  0.24903542 -0.34837281]
655.7097272872925,1004,False,1,5,[6.3350864  1.43405173 3.2878161 ],entering,[-0.62185191  0.08809385  0.93462812]
655.7097272872925,1005,False,5,3,[-5.58056757  6.98281488  3.77294866],entering,[ 0.50568378 -0.03156594 -0.11489306]
655.8167922496796,1000,False,4,1,[ 8.12075164 -7.48223083  2.37042031],queued,[-0.82138112 -0.19970136 -0.21083176]
655.8167922496796,1001,False,2,6,[-7.44704268 -1.11913976  1.55883293],queued,[-0.48080528  0.59740651 -0.20557775]
655.8167922496796,1002,False,6,4,[8.88242183 9.01090929 1.7017893 ],entering,[ 0.5677905  -0.59831228 -0.99408226]
655.8167922496796,1003,False,3,0,[-5.17569961  6.73435526  4.00001003],cruising,[ 0.63925976  0.24903542 -0.34837281]
655.8167922496796,1004,False,1,5,[6.52138235 1.37259821 3.3628161 ],entering,[-0.62185191  0.08809385  0.93462812]
655.8167922496796,1005,False,5,3,[-5.38164128  6.9621187   3.80700636],entering,[ 0.50568378 -0.03156594 -0.11489306]
655.9129612445831,1000,False,4,1,[ 8.12075164 -7.48223083  2.44542031],entering,[-0.82138112 -0.19970136 -0.21083176]
655.9129612445831,1001,False,2,6,[-7.44704268 -1.11913976  1.63383293],queued,[-0.48080528  0.59740651 -0.20557775]
655.9129612445831,1002,False,6,4,[8.86974459 8.95226385 1.7767893 ],entering,[ 0.5677905  -0.59831228 -0.99408226]
655.9129612445831,1003,False,3,0,[-4.98736682  6.78361823  4.0000095 ],cruising,[ 0.63925976  0.24903542 -0.34837281]
655.9129612445831,1004,False,1,5,[6.70826407 1.3013576  3.4378161 ],entering,[-0.62185191  0.08809385  0.93462812]
655.9129612445831,1005,False,5,3,[-5.18190924  6.95176916  3.8359554 ],entering,[ 0.50568378 -0.03156594 -0.11489306]
656.0162994861603,1000,False,4,1,[ 8.10926153 -7.46586081  2.52042031],entering,[-0.82138112 -0.19970136 -0.21083176]
656.0162994861603,1001,False,2,6,[-7.44704268 -1.11913976  1.70883293],queued,[-0.48080528  0.59740651 -0.20557775]
656.0162994861603,1002,False,6,4,[8.8528416  8.87406993 1.8517893 ],entering,[ 0.5677905  -0.59831228 -0.99408226]
656.0162994861603,1003,False,3,0,[-4.79132271  6.82319985  4.00000807],cruising,[ 0.63925976  0.24903542 -0.34837281]
656.0162994861603,1004,False,1,5,[6.89112815 1.22035927 3.5128161 ],entering,[-0.62185191  0.08809385  0.93462812]
656.0162994861603,1005,False,5,3,[-4.98190927  6.95166065  3.86056209],cruising,[ 0.50568378 -0.03156594 -0.11489306]
656.109334230423,1000,False,4,1,[ 8.08628131 -7.43312079  2.59542031],entering,[-0.82138112 -0.19970136 -0.21083176]
656.109334230423,1001,False,2,6,[-7.44704268 -1.11913976  1.78383293],queued,[-0.48080528  0.59740651 -0.20557775]
656.109334230423,1002,False,6,4,[8.83171572 8.77632691 1.9267893 ],entering,[ 0.5677905  -0.59831228 -0.99408226]
656.109334230423,1003,False,3,0,[-4.59622534  6.86721142  4.00000686],cruising,[ 0.63925976  0.24903542 -0.34837281]
656.109334230423,1004,False,1,5,[7.06897239 1.12886378 3.58589368],entering,[-0.62185191  0.08809385  0.93462812]
656.109334230423,1005,False,5,3,[-4.78214257  6.96131798  3.88147778],cruising,[ 0.50568378 -0.03156594 -0.11489306]
656.2234313488007,1000,False,4,1,[ 8.05181097 -7.38401075  2.67042031],entering,[-0.82138112 -0.19970136 -0.21083176]
656.2234313488007,1001,False,2,6,[-7.44704268 -1.11913976  1.85883293],queued,[-0.48080528  0.59740651 -0.20557775]
656.2234313488007,1002,False,6,4,[8.80652458 8.65900141 2.0017893 ],entering,[ 0.5677905  -0.59831228 -0.99408226]
656.2234313488007,1003,False,3,0,[-4.40180317  6.91411577  4.00000583],cruising,[ 0.63925976  0.24903542 -0.34837281]
656.2234313488007,1004,False,1,5,[7.24055568 1.02610594 3.64800963],entering,[-0.62185191  0.08809385  0.93462812]
656.2234313488007,1005,False,5,3,[-4.58297733  6.97957198  3.89925611],cruising,[ 0.50568378 -0.03156594 -0.11489306]
656.323659658432,1000,False,4,1,[ 8.00585052 -7.3185307   2.74542031],entering,[-0.82138112 -0.19970136 -0.21083176]
656.323659658432,1001,False,2,6,[-7.44704268 -1.11913976  1.93383293],queued,[-0.48080528  0.59740651 -0.20557775]
656.323659658432,1002,False,6,4,[8.77751384 8.52204403 2.0767893 ],entering,[ 0.5677905  -0.59831228 -0.99408226]
656.323659658432,1003,False,3,0,[-4.20714754  6.96004166  4.00000496],cruising,[ 0.63925976  0.24903542 -0.34837281]
656.323659658432,1004,False,1,5,[7.40437152 0.91136984 3.70080819],entering,[-0.62185191  0.08809385  0.93462812]
656.323659658432,1005,False,5,3,[-4.38457807  7.00482535  3.9143677 ],cruising,[ 0.50568378 -0.03156594 -0.11489306]
656.4183473587036,1000,False,4,1,[ 7.94839996 -7.23668063  2.82042031],entering,[-0.82138112 -0.19970136 -0.21083176]
656.4183473587036,1001,False,2,6,[-7.44704268 -1.11913976  2.00883293],queued,[-0.48080528  0.59740651 -0.20557775]
656.4183473587036,1002,False,6,4,[8.74508751 8.36538047 2.1517893 ],entering,[ 0.5677905  -0.59831228 -0.99408226]
656.4183473587036,1003,False,3,0,[-4.01269047  7.0068011   4.00000421],cruising,[ 0.63925976  0.24903542 -0.34837281]
656.4183473587036,1004,False,1,5,[7.56001087 0.78576573 3.74568696],entering,[-0.62185191  0.08809385  0.93462812]
656.4183473587036,1005,False,5,3,[-4.18691719  7.03532415  3.92721254],cruising,[ 0.50568378 -0.03156594 -0.11489306]
656.5200941562653,1000,False,4,1,[ 7.87945929 -7.13846055  2.89542031],entering,[-0.82138112 -0.19970136 -0.21083176]
656.5200941562653,1001,False,2,6,[-7.44704268 -1.11913976  2.08383293],queued,[-0.48080528  0.59740651 -0.20557775]
656.5200941562653,1002,False,6,4,[8.70959505 8.18895333 2.2267893 ],entering,[ 0.5677905  -0.59831228 -0.99408226]
656.5200941562653,1003,False,3,0,[-3.81815741  7.05324343  4.00000358],cruising,[ 0.63925976  0.24903542 -0.34837281]
656.5200941562653,1004,False,1,5,[7.70416897 0.64713513 3.78383391],entering,[-0.62185191  0.08809385  0.93462812]
656.5200941562653,1005,False,5,3,[-3.98983397  7.06935655  3.93813066],cruising,[ 0.50568378 -0.03156594 -0.11489306]
656.6183040142059,1000,False,4,1,[ 7.7991086  -7.02381454  2.97042031],entering,[-0.82138112 -0.19970136 -0.21083176]
656.6183040142059,1001,False,2,6,[-7.44704268 -1.11913976  2.15883293],entering,[-0.48080528  0.59740651 -0.20557775]
656.6183040142059,1002,False,6,4,[8.6710742 7.9927568 2.3017893],entering,[ 0.5677905  -0.59831228 -0.99408226]
656.6183040142059,1003,False,3,0,[-3.6233189   7.09838714  4.00000304],cruising,[ 0.63925976  0.24903542 -0.34837281]
656.6183040142059,1004,False,1,5,[7.83485669 0.49573923 3.81625883],entering,[-0.62185191  0.08809385  0.93462812]
656.6183040142059,1005,False,5,3,[-3.79310135  7.10536036  3.94741106],cruising,[ 0.50568378 -0.03156594 -0.11489306]
656.7190160751343,1000,False,4,1,[ 7.70654539 -6.89333013  3.04542031],entering,[-0.82138112 -0.19970136 -0.21083176]
656.7190160751343,1001,False,2,6,[-7.43396576 -1.10400721  2.23383293],entering,[-0.48080528  0.59740651 -0.20557775]
656.7190160751343,1002,False,6,4,[8.63254473 7.79650319 2.3767893 ],entering,[ 0.5677905  -0.59831228 -0.99408226]
656.7190160751343,1003,False,3,0,[-3.42747551  7.13895029  4.00000259],cruising,[ 0.63925976  0.24903542 -0.34837281]
656.7190160751343,1004,False,1,5,[7.9503653  0.33246719 3.84382   ],entering,[-0.62185191  0.08809385  0.93462812]
656.7190160751343,1005,False,5,3,[-3.59603713  7.13950262  3.9552994 ],cruising,[ 0.50568378 -0.03156594 -0.11489306]
656.8103537559509,1000,False,4,1,[ 7.60108172 -6.74756248  3.12042031],entering,[-0.82138112 -0.19970136 -0.21083176]
656.8103537559509,1001,False,2,6,[-7.40782684 -1.07372922  2.30883293],entering,[-0.48080528  0.59740651 -0.20557775]
656.8103537559509,1002,False,6,4,[8.59458864 7.60013788 2.4517893 ],entering,[ 0.5677905  -0.59831228 -0.99408226]
656.8103537559509,1003,False,3,0,[-3.23112513  7.17698353  4.0000022 ],cruising,[ 0.63925976  0.24903542 -0.34837281]
656.8103537559509,1004,False,1,5,[8.04959108 0.15881741 3.867247  ],cruising,[-0.62185191  0.08809385  0.93462812]
656.8103537559509,1005,False,5,3,[-3.39894039  7.17345667  3.96200449],cruising,[ 0.50568378 -0.03156594 -0.11489306]
656.9091744422913,1000,False,4,1,[ 7.48263632 -6.58658052  3.19542031],entering,[-0.82138112 -0.19970136 -0.21083176]
656.9091744422913,1001,False,2,6,[-7.36865902 -1.02827731  2.38383293],entering,[-0.48080528  0.59740651 -0.20557775]
656.9091744422913,1002,False,6,4,[8.55922543 7.4032891  2.5267893 ],entering,[ 0.5677905  -0.59831228 -0.99408226]
656.9091744422913,1003,False,3,0,[-3.0341545   7.21166163  4.00000187],cruising,[ 0.63925976  0.24903542 -0.34837281]
656.9091744422913,1004,False,1,5,[ 8.13121728 -0.02371854  3.88731376],cruising,[-0.62185191  0.08809385  0.93462812]
656.9091744422913,1005,False,5,3,[-3.20161302  7.20604362  3.96770382],cruising,[ 0.50568378 -0.03156594 -0.11489306]
657.0209031105042,1000,False,4,1,[ 7.36368336 -6.42580057  3.27042031],entering,[-0.82138112 -0.19970136 -0.21083176]
657.0209031105042,1001,False,2,6,[-7.31652548 -0.96759747  2.45883293],entering,[-0.48080528  0.59740651 -0.20557775]
657.0209031105042,1002,False,6,4,[8.52506918 7.2062273  2.6017893 ],entering,[ 0.5677905  -0.59831228 -0.99408226]
657.0209031105042,1003,False,3,0,[-2.83608332  7.23937096  4.00000159],cruising,[ 0.63925976  0.24903542 -0.34837281]
657.0209031105042,1004,False,1,5,[ 8.19613599 -0.21288926  3.9042167 ],cruising,[-0.62185191  0.08809385  0.93462812]
657.0209031105042,1005,False,5,3,[-3.00351001  7.23352443  3.97254825],cruising,[ 0.50568378 -0.03156594 -0.11489306]
657.1105620861053,1000,False,4,1,[ 7.24112677 -6.26775031  3.34542031],entering,[-0.82138112 -0.19970136 -0.21083176]
657.1105620861053,1001,False,2,6,[-7.25155006 -0.89158511  2.53383293],entering,[-0.48080528  0.59740651 -0.20557775]
657.1105620861053,1002,False,6,4,[8.49091294 7.00916551 2.6767893 ],entering,[ 0.5677905  -0.59831228 -0.99408226]
657.1105620861053,1003,False,3,0,[-2.63741435  7.26240655  4.00000135],cruising,[ 0.63925976  0.24903542 -0.34837281]
657.1105620861053,1004,False,1,5,[ 8.24654056 -0.40643352  3.91858419],cruising,[-0.62185191  0.08809385  0.93462812]
657.1105620861053,1005,False,5,3,[-2.80500214  7.25790936  3.97666601],cruising,[ 0.50568378 -0.03156594 -0.11489306]
657.213047504425,1000,False,4,1,[ 7.11953798 -6.10895433  3.42042031],entering,[-0.82138112 -0.19970136 -0.21083176]
657.213047504425,1001,False,2,6,[-7.17405105 -0.79997918  2.60883293],entering,[-0.48080528  0.59740651 -0.20557775]
657.213047504425,1002,False,6,4,[8.45823523 6.81185315 2.7517893 ],entering,[ 0.5677905  -0.59831228 -0.99408226]
657.213047504425,1003,False,3,0,[-2.43790019  7.27633858  4.00000115],cruising,[ 0.63925976  0.24903542 -0.34837281]
657.213047504425,1004,False,1,5,[ 8.28399848 -0.60289446  3.93079656],cruising,[-0.62185191  0.08809385  0.93462812]
657.213047504425,1005,False,5,3,[-2.60573279  7.27498935  3.98016611],cruising,[ 0.50568378 -0.03156594 -0.11489306]
657.3095664978027,1000,False,4,1,[ 6.99250402 -5.95447981  3.49542031],entering,[-0.82138112 -0.19970136 -0.21083176]
657.3095664978027,1001,False,2,6,[-7.08435338 -0.69252418  2.68383293],entering,[-0.48080528  0.59740651 -0.20557775]
657.3095664978027,1002,False,6,4,[8.42912006 6.61398373 2.8267893 ],entering,[ 0.5677905  -0.59831228 -0.99408226]
657.3095664978027,1003,False,3,0,[-2.23792968  7.27977299  4.00000098],cruising,[ 0.63925976  0.24903542 -0.34837281]
657.3095664978027,1004,False,1,5,[ 8.31014933 -0.80117742  3.94117708],cruising,[-0.62185191  0.08809385  0.93462812]
657.3095664978027,1005,False,5,3,[-2.40609298  7.28698721  3.98314119],cruising,[ 0.50568378 -0.03156594 -0.11489306]
657.4093325138092,1000,False,4,1,[ 6.86428545 -5.80098715  3.57042031],entering,[-0.82138112 -0.19970136 -0.21083176]
657.4093325138092,1001,False,2,6,[-6.98300739 -0.56881136  2.75883293],entering,[-0.48080528  0.59740651 -0.20557775]
657.4093325138092,1002,False,6,4,[8.40000489 6.41611431 2.9017893 ],entering,[ 0.5677905  -0.59831228 -0.99408226]
657.4093325138092,1003,False,3,0,[-2.03841391  7.26586411  4.00000083],cruising,[ 0.63925976  0.24903542 -0.34837281]
657.4093325138092,1004,False,1,5,[ 8.32439635 -1.00066934  3.95000052],cruising,[-0.62185191  0.08809385  0.93462812]
657.4093325138092,1005,False,5,3,[-2.20609883  7.28851623  3.98567001],cruising,[ 0.50568378 -0.03156594 -0.11489306]
657.5144844055176,1000,False,4,1,[ 6.7344381  -5.64886988  3.63485726],entering,[-0.82138112 -0.19970136 -0.21083176]
657.5144844055176,1001,False,2,6,[-6.87119117 -0.42805817  2.83383293],entering,[-0.48080528  0.59740651 -0.20557775]
657.5144844055176,1002,False,6,4,[8.37340991 6.21789043 2.9767893 ],entering,[ 0.5677905  -0.59831228 -0.99408226]
657.5144844055176,1003,False,3,0,[-1.84110979  7.23313666  4.00000071],cruising,[ 0.63925976  0.24903542 -0.34837281]
657.5144844055176,1004,False,1,5,[ 8.33051873 -1.2005756   3.95750044],cruising,[-0.62185191  0.08809385  0.93462812]
657.5144844055176,1005,False,5,3,[-2.0067391   7.27252561  3.98781951],cruising,[ 0.50568378 -0.03156594 -0.11489306]
657.6094262599945,1000,False,4,1,[ 6.59766375 -5.50294943  3.68962867],entering,[-0.82138112 -0.19970136 -0.21083176]
657.6094262599945,1001,False,2,6,[-6.75156265 -0.2688939   2.90883293],entering,[-0.48080528  0.59740651 -0.20557775]
657.6094262599945,1002,False,6,4,[8.3499491  6.01927122 3.0517893 ],entering,[ 0.5677905  -0.59831228 -0.99408226]
657.6094262599945,1003,False,3,0,[-1.64725961  7.18392175  4.0000006 ],cruising,[ 0.63925976  0.24903542 -0.34837281]
657.6094262599945,1004,False,1,5,[ 8.32956726 -1.40057334  3.96387537],cruising,[-0.62185191  0.08809385  0.93462812]
657.6094262599945,1005,False,5,3,[-1.80981735  7.23757104  3.98964658],cruising,[ 0.50568378 -0.03156594 -0.11489306]
657.7092926502228,1000,False,4,1,[ 6.45615255 -5.36161798  3.73618437],entering,[-0.82138112 -0.19970136 -0.21083176]
657.7092926502228,1001,False,2,6,[-6.63484824 -0.10648163  2.98383293],entering,[-0.48080528  0.59740651 -0.20557775]
657.7092926502228,1002,False,6,4,[8.32771997 5.8205104  3.1267893 ],entering,[ 0.5677905  -0.59831228 -0.99408226]
657.7092926502228,1003,False,3,0,[-1.4560748   7.12519895  4.00000051],cruising,[ 0.63925976  0.24903542 -0.34837281]
657.7092926502228,1004,False,1,5,[ 8.32009477 -1.6003489   3.96929407],cruising,[-0.62185191  0.08809385  0.93462812]
657.7092926502228,1005,False,5,3,[-1.61655092  7.18611145  3.9911996 ],cruising,[ 0.50568378 -0.03156594 -0.11489306]
657.8097739219666,1000,False,4,1,[ 6.31228035 -5.22269069  3.77575672],entering,[-0.82138112 -0.19970136 -0.21083176]
657.8097739219666,1001,False,2,6,[-6.52167601  0.05841848  3.05883293],entering,[-0.48080528  0.59740651 -0.20557775]
657.8097739219666,1002,False,6,4,[8.31036186 5.62126508 3.2017893 ],entering,[ 0.5677905  -0.59831228 -0.99408226]
657.8097739219666,1003,False,3,0,[-1.26946911  7.05323841  4.00000043],cruising,[ 0.63925976  0.24903542 -0.34837281]
657.8097739219666,1004,False,1,5,[ 8.30533936 -1.79980385  3.97389996],cruising,[-0.62185191  0.08809385  0.93462812]
657.8097739219666,1005,False,5,3,[-1.42753518  7.12074289  3.99251966],cruising,[ 0.50568378 -0.03156594 -0.11489306]
657.9093101024628,1000,False,4,1,[ 6.16150748 -5.09128467  3.80939321],entering,[-0.82138112 -0.19970136 -0.21083176]
657.9093101024628,1001,False,2,6,[-6.41266344  0.22609752  3.13383293],entering,[-0.48080528  0.59740651 -0.20557775]
657.9093101024628,1002,False,6,4,[8.29573512 5.42180065 3.2767893 ],entering,[ 0.5677905  -0.59831228 -0.99408226]
657.9093101024628,1003,False,3,0,[-1.08727762  6.97073835  4.00000037],cruising,[ 0.63925976  0.24903542 -0.34837281]
657.9093101024628,1004,False,1,5,[ 8.28571439 -1.99883867  3.97781496],cruising,[-0.62185191  0.08809385  0.93462812]
657.9093101024628,1005,False,5,3,[-1.24285269  7.04398106  3.99364171],cruising,[ 0.50568378 -0.03156594 -0.11489306]
658.0088992118835,1000,False,4,1,[ 6.0037189  -4.96839137  3.83798423],cruising,[-0.82138112 -0.19970136 -0.21083176]
658.0088992118835,1001,False,2,6,[-6.30835104  0.3967402   3.20883293],entering,[-0.48080528  0.59740651 -0.20557775]
658.0088992118835,1002,False,6,4,[8.28465764 5.22210766 3.3517893 ],entering,[ 0.5677905  -0.59831228 -0.99408226]
658.0088992118835,1003,False,3,0,[-0.90901525  6.88006021  4.00000031],cruising,[ 0.63925976  0.24903542 -0.34837281]
658.0088992118835,1004,False,1,5,[ 8.25887753 -2.19702995  3.98114272],cruising,[-0.62185191  0.08809385  0.93462812]
658.0088992118835,1005,False,5,3,[-1.0608016   6.96117164  3.99459545],cruising,[ 0.50568378 -0.03156594 -0.11489306]
658.1242606639862,1000,False,4,1,[ 5.84219465 -4.85045106  3.86228659],cruising,[-0.82138112 -0.19970136 -0.21083176]
658.1242606639862,1001,False,2,6,[-6.20944419  0.57057182  3.28383293],entering,[-0.48080528  0.59740651 -0.20557775]
658.1242606639862,1002,False,6,4,[8.27972358 5.02216853 3.4267893 ],entering,[ 0.5677905  -0.59831228 -0.99408226]
658.1242606639862,1003,False,3,0,[-0.73289645  6.78528591  4.00000027],cruising,[ 0.63925976  0.24903542 -0.34837281]
658.1242606639862,1004,False,1,5,[ 8.22792762 -2.39462069  3.98397131],cruising,[-0.62185191  0.08809385  0.93462812]
658.1242606639862,1005,False,5,3,[-0.8827883   6.87000549  3.99540613],cruising,[ 0.50568378 -0.03156594 -0.11489306]
658.2090377807617,1000,False,4,1,[ 5.67429565 -4.74177758  3.8829436 ],cruising,[-0.82138112 -0.19970136 -0.21083176]
658.2090377807617,1001,False,2,6,[-6.11677812  0.74780895  3.35883293],entering,[-0.48080528  0.59740651 -0.20557775]
658.2090377807617,1002,False,6,4,[8.28032262 4.82216943 3.5017893 ],entering,[ 0.5677905  -0.59831228 -0.99408226]
658.2090377807617,1003,False,3,0,[-0.55981539  6.6850714   4.00000023],cruising,[ 0.63925976  0.24903542 -0.34837281]
658.2090377807617,1004,False,1,5,[ 8.19286298 -2.59152288  3.98637561],cruising,[-0.62185191  0.08809385  0.93462812]
658.2090377807617,1005,False,5,3,[-0.70811661  6.77258989  3.99609521],cruising,[ 0.50568378 -0.03156594 -0.11489306]
658.3097312450409,1000,False,4,1,[ 5.50313977 -4.6383094   3.90050206],cruising,[-0.82138112 -0.19970136 -0.21083176]
658.3097312450409,1001,False,2,6,[-6.03132464  0.92863402  3.43383293],entering,[-0.48080528  0.59740651 -0.20557775]
658.3097312450409,1002,False,6,4,[8.2850873 4.6222262 3.5765209],entering,[ 0.5677905  -0.59831228 -0.99408226]
658.3097312450409,1003,False,3,0,[-0.38894763  6.58112811  4.00000019],cruising,[ 0.63925976  0.24903542 -0.34837281]
658.3097312450409,1004,False,1,5,[ 8.15032854 -2.7869476   3.98841927],cruising,[-0.62185191  0.08809385  0.93462812]
658.3097312450409,1005,False,5,3,[-0.53510963  6.67224755  3.99668093],cruising,[ 0.50568378 -0.03156594 -0.11489306]
658.4095497131348,1000,False,4,1,[ 5.32752073 -4.5426122   3.91542675],cruising,[-0.82138112 -0.19970136 -0.21083176]
658.4095497131348,1001,False,2,6,[-5.95424255  1.11318306  3.50883293],entering,[-0.48080528  0.59740651 -0.20557775]
658.4095497131348,1002,False,6,4,[8.29447335 4.42244656 3.64004277],entering,[ 0.5677905  -0.59831228 -0.99408226]
658.4095497131348,1003,False,3,0,[-0.21899355  6.47569751  4.00000016],cruising,[ 0.63925976  0.24903542 -0.34837281]
658.4095497131348,1004,False,1,5,[ 8.10376321 -2.98145125  3.99015638],cruising,[-0.62185191  0.08809385  0.93462812]
658.4095497131348,1005,False,5,3,[-0.36437748  6.56808166  3.99717879],cruising,[ 0.50568378 -0.03156594 -0.11489306]
658.5116639137268,1000,False,4,1,[ 5.14991467 -4.45065521  3.92811274],cruising,[-0.82138112 -0.19970136 -0.21083176]
658.5116639137268,1001,False,2,6,[-5.88688304  1.30149848  3.58250799],entering,[-0.48080528  0.59740651 -0.20557775]
658.5116639137268,1002,False,6,4,[8.30676161 4.22282442 3.69403635],entering,[ 0.5677905  -0.59831228 -0.99408226]
658.5116639137268,1003,False,3,0,[-0.05009895  6.36857788  4.00000014],cruising,[ 0.63925976  0.24903542 -0.34837281]
658.5116639137268,1004,False,1,5,[ 8.04893259 -3.17378846  3.99163292],cruising,[-0.62185191  0.08809385  0.93462812]
658.5116639137268,1005,False,5,3,[-0.1951005   6.46156732  3.99760197],cruising,[ 0.50568378 -0.03156594 -0.11489306]
658.6150591373444,1000,False,4,1,[ 4.96958312 -4.36416513  3.93889583],cruising,[-0.82138112 -0.19970136 -0.21083176]
658.6150591373444,1001,False,2,6,[-5.83076428  1.4934638   3.64513179],entering,[-0.48080528  0.59740651 -0.20557775]
658.6150591373444,1002,False,6,4,[8.31648873 4.0230611  3.7399309 ],entering,[ 0.5677905  -0.59831228 -0.99408226]
658.6150591373444,1003,False,3,0,[0.11861128 6.26116812 4.00000012],cruising,[ 0.63925976  0.24903542 -0.34837281]
658.6150591373444,1004,False,1,5,[ 7.98540287 -3.36343016  3.99288799],cruising,[-0.62185191  0.08809385  0.93462812]
658.6150591373444,1005,False,5,3,[-0.02625051  6.3543774   3.99796168],cruising,[ 0.50568378 -0.03156594 -0.11489306]
658.7135989665985,1000,False,4,1,[ 4.78825936 -4.27977501  3.94806146],cruising,[-0.82138112 -0.19970136 -0.21083176]
658.7135989665985,1001,False,2,6,[-5.78749129  1.68872632  3.69836202],entering,[-0.48080528  0.59740651 -0.20557775]
658.7135989665985,1002,False,6,4,[8.3314284  3.82361987 3.77894127],cruising,[ 0.5677905  -0.59831228 -0.99408226]
658.7135989665985,1003,False,3,0,[0.28740242 6.15388555 4.0000001 ],cruising,[ 0.63925976  0.24903542 -0.34837281]
658.7135989665985,1004,False,1,5,[ 7.91708747 -3.55140092  3.99395479],cruising,[-0.62185191  0.08809385  0.93462812]
658.7135989665985,1005,False,5,3,[0.14226832 6.24666758 3.99826743],cruising,[ 0.50568378 -0.03156594 -0.11489306]
658.8214566707611,1000,False,4,1,[ 4.60606314 -4.1972854   3.95585224],cruising,[-0.82138112 -0.19970136 -0.21083176]
658.8214566707611,1001,False,2,6,[-5.75859686  1.88662809  3.74360772],entering,[-0.48080528  0.59740651 -0.20557775]
658.8214566707611,1002,False,6,4,[8.34053903 3.62382749 3.81210008],cruising,[ 0.5677905  -0.59831228 -0.99408226]
658.8214566707611,1003,False,3,0,[0.45669483 6.04739572 4.00000009],exiting,[ 0.63925976  0.24903542 -0.34837281]
658.8214566707611,1004,False,1,5,[ 7.83764917 -3.73494808  3.99486157],cruising,[-0.62185191  0.08809385  0.93462812]
658.8214566707611,1005,False,5,3,[0.31104364 6.13936012 3.99852731],cruising,[ 0.50568378 -0.03156594 -0.11489306]
658.9109737873077,1000,False,4,1,[ 4.42257425 -4.11771262  3.9624744 ],cruising,[-0.82138112 -0.19970136 -0.21083176]
658.9109737873077,1001,False,2,6,[-5.74529865  2.08618549  3.78206656],entering,[-0.48080528  0.59740651 -0.20557775]
658.9109737873077,1002,False,6,4,[8.34799414 3.42396648 3.84028506],cruising,[ 0.5677905  -0.59831228 -0.99408226]
658.9109737873077,1003,False,3,0,[0.61571357 5.9580655  4.00000007],exiting,[ 0.63925976  0.24903542 -0.34837281]
658.9109737873077,1004,False,1,5,[ 7.74562083 -3.91251717  3.99563233],cruising,[-0.62185191  0.08809385  0.93462812]
658.9109737873077,1005,False,5,3,[0.48033034 6.03286123 3.99874822],cruising,[ 0.50568378 -0.03156594 -0.11489306]
659.0092449188232,1000,False,4,1,[ 4.23868453 -4.03907058  3.96810324],cruising,[-0.82138112 -0.19970136 -0.21083176]
659.0092449188232,1001,False,2,6,[-5.74735955  2.28617487  3.81475658],entering,[-0.48080528  0.59740651 -0.20557775]
659.0092449188232,1002,False,6,4,[8.36151974 3.22442436 3.8642423 ],cruising,[ 0.5677905  -0.59831228 -0.99408226]
659.0092449188232,1003,False,3,0,[0.76430381 5.88580122 4.00000006],exiting,[ 0.63925976  0.24903542 -0.34837281]
659.0092449188232,1004,False,1,5,[ 7.63895605 -4.0816994   3.99628748],cruising,[-0.62185191  0.08809385  0.93462812]
659.0092449188232,1005,False,5,3,[0.65076184 5.92820415 3.99893598],cruising,[ 0.50568378 -0.03156594 -0.11489306]
659.1140458583832,1000,False,4,1,[ 4.05403541 -3.96222852  3.97288776],cruising,[-0.82138112 -0.19970136 -0.21083176]
659.1140458583832,1001,False,2,6,[-5.76541448  2.48535826  3.84254309],cruising,[-0.48080528  0.59740651 -0.20557775]
659.1140458583832,1002,False,6,4,[8.37365001 3.02479256 3.88460596],cruising,[ 0.5677905  -0.59831228 -0.99408226]
659.1140458583832,1003,False,3,0,[0.90229198 5.8304956  4.00000004],exiting,[ 0.63925976  0.24903542 -0.34837281]
659.1140458583832,1004,False,1,5,[ 7.51595908 -4.23933821  3.99684943],cruising,[-0.62185191  0.08809385  0.93462812]
659.1140458583832,1005,False,5,3,[0.82232    5.82540436 3.99909559],cruising,[ 0.50568378 -0.03156594 -0.11489306]
659.2171397209167,1000,False,4,1,[ 3.86917516 -3.88589577  3.97695459],cruising,[-0.82138112 -0.19970136 -0.21083176]
659.2171397209167,1001,False,2,6,[-5.79724992  2.68280826  3.86616163],cruising,[-0.48080528  0.59740651 -0.20557775]
659.2171397209167,1002,False,6,4,[8.38515844 2.82512394 3.90191507],cruising,[ 0.5677905  -0.59831228 -0.99408226]
659.2171397209167,1003,False,3,0,[1.02948155 5.79202418 4.00000003],exiting,[ 0.63925976  0.24903542 -0.34837281]
659.2171397209167,1004,False,1,5,[ 7.37861171 -4.38304632  3.9973704 ],cruising,[-0.62185191  0.08809385  0.93462812]
659.2171397209167,1005,False,5,3,[0.9959236  5.7260978  3.99923125],cruising,[ 0.50568378 -0.03156594 -0.11489306]
659.3089914321899,1000,False,4,1,[ 3.68383181 -3.81074363  3.9804114 ],cruising,[-0.82138112 -0.19970136 -0.21083176]
659.3089914321899,1001,False,2,6,[-5.84228759  2.87767131  3.88623738],cruising,[-0.48080528  0.59740651 -0.20557775]
659.3089914321899,1002,False,6,4,[8.40017195 2.62568825 3.91662781],cruising,[ 0.5677905  -0.59831228 -0.99408226]
659.3089914321899,1003,False,3,0,[1.14564448 5.77023847 4.00000001],exiting,[ 0.63925976  0.24903542 -0.34837281]
659.3089914321899,1004,False,1,5,[ 7.22869562 -4.51119725  3.99785098],cruising,[-0.62185191  0.08809385  0.93462812]
659.3089914321899,1005,False,5,3,[1.1711547  5.62969209 3.99934656],cruising,[ 0.50568378 -0.03156594 -0.11489306]
659.4120194911957,1000,False,4,1,[ 3.49829443 -3.73607182  3.98334969],cruising,[-0.82138112 -0.19970136 -0.21083176]
659.4120194911957,1001,False,2,6,[-5.89682905  3.07009072  3.90330178],cruising,[-0.48080528  0.59740651 -0.20557775]
659.4120194911957,1002,False,6,4,[8.41342824 2.42612806 3.92913363],cruising,[ 0.5677905  -0.59831228 -0.99408226]
659.4120194911957,1003,False,3,0,[1.2505009  5.76495012 4.        ],exiting,[ 0.63925976  0.24903542 -0.34837281]
659.4120194911957,1004,False,1,5,[ 7.0682325  -4.62235529  3.99829249],cruising,[-0.62185191  0.08809385  0.93462812]
659.4120194911957,1005,False,5,3,[1.34824485 5.53674544 3.99944458],cruising,[ 0.50568378 -0.03156594 -0.11489306]
659.5233817100525,1000,False,4,1,[ 3.31239577 -3.66230401  3.98584724],cruising,[-0.82138112 -0.19970136 -0.21083176]
659.5233817100525,1001,False,2,6,[-5.95843649  3.26036558  3.91780651],cruising,[-0.48080528  0.59740651 -0.20557775]
659.5233817100525,1002,False,6,4,[8.42839654 2.22668897 3.93976359],cruising,[ 0.5677905  -0.59831228 -0.99408226]
659.5233817100525,1003,False,3,0,[1.34366557 5.77588839 3.99999999],exiting,[ 0.63925976  0.24903542 -0.34837281]
659.5233817100525,1004,False,1,5,[ 6.89938487 -4.71535572  3.99869594],cruising,[-0.62185191  0.08809385  0.93462812]
659.5233817100525,1005,False,5,3,[1.52838035 5.4498478  3.99952789],cruising,[ 0.50568378 -0.03156594 -0.11489306]
659.6096839904785,1000,False,4,1,[ 3.12620753 -3.58927018  3.98797015],cruising,[-0.82138112 -0.19970136 -0.21083176]
659.6096839904785,1001,False,2,6,[-6.0247226   3.44906151  3.93013553],cruising,[-0.48080528  0.59740651 -0.20557775]
659.6096839904785,1002,False,6,4,[8.4408725  2.02707847 3.94879905],cruising,[ 0.5677905  -0.59831228 -0.99408226]
659.6096839904785,1003,False,3,0,[1.42490065 5.80287922 3.99999998],exiting,[ 0.63925976  0.24903542 -0.34837281]
659.6096839904785,1004,False,1,5,[ 6.72437291 -4.78932987  3.99906162],cruising,[-0.62185191  0.08809385  0.93462812]
659.6096839904785,1005,False,5,3,[1.71064343 5.36750602 3.99959871],cruising,[ 0.50568378 -0.03156594 -0.11489306]
659.7194576263428,1000,False,4,1,[ 2.93968152 -3.51710338  3.98977463],cruising,[-0.82138112 -0.19970136 -0.21083176]
659.7194576263428,1001,False,2,6,[-6.09341579  3.63689453  3.9406152 ],cruising,[-0.48080528  0.59740651 -0.20557775]
659.7194576263428,1002,False,6,4,[8.45388059 1.82750195 3.95647919],cruising,[ 0.5677905  -0.59831228 -0.99408226]
659.7194576263428,1003,False,3,0,[1.49396602 5.84574136 3.99999998],exiting,[ 0.63925976  0.24903542 -0.34837281]
659.7194576263428,1004,False,1,5,[ 6.5454435  -4.84369147  3.9993893 ],cruising,[-0.62185191  0.08809385  0.93462812]
659.7194576263428,1005,False,5,3,[1.89517917 5.29039208 3.9996589 ],cruising,[ 0.50568378 -0.03156594 -0.11489306]
659.8100085258484,1000,False,4,1,[ 2.75268647 -3.44616079  3.99130844],cruising,[-0.82138112 -0.19970136 -0.21083176]
659.8100085258484,1001,False,2,6,[-6.16234343  3.82464165  3.94952292],cruising,[-0.48080528  0.59740651 -0.20557775]
659.8100085258484,1002,False,6,4,[8.46402796 1.62775954 3.96300731],cruising,[ 0.5677905  -0.59831228 -0.99408226]
659.8100085258484,1003,False,3,0,[1.55061941 5.90428605 3.99999998],exiting,[ 0.63925976  0.24903542 -0.34837281]
659.8100085258484,1004,False,1,5,[ 6.36486042 -4.87812158  3.99967816],cruising,[-0.62185191  0.08809385  0.93462812]
659.8100085258484,1005,False,5,3,[2.08316507 5.22211836 3.99971007],cruising,[ 0.50568378 -0.03156594 -0.11489306]
659.9245386123657,1000,False,4,1,[ 2.56507492 -3.376865    3.99261217],cruising,[-0.82138112 -0.19970136 -0.21083176]
659.9245386123657,1001,False,2,6,[-6.22936062  4.01307916  3.95709448],cruising,[-0.48080528  0.59740651 -0.20557775]
659.9245386123657,1002,False,6,4,[8.47396564 1.42800658 3.96855622],cruising,[ 0.5677905  -0.59831228 -0.99408226]
659.9245386123657,1003,False,3,0,[1.59461634 5.97831667 3.99999998],exiting,[ 0.63925976  0.24903542 -0.34837281]
659.9245386123657,1004,False,1,5,[ 6.18425521 -4.89255175  3.99992696],cruising,[-0.62185191  0.08809385  0.93462812]
659.9245386123657,1005,False,5,3,[2.27369325 5.16129884 3.99975356],cruising,[ 0.50568378 -0.03156594 -0.11489306]
660.009503364563,1000,False,4,1,[ 2.37702284 -3.30877379  3.99372034],cruising,[-0.82138112 -0.19970136 -0.21083176]
660.009503364563,1001,False,2,6,[-6.29224339  4.20293637  3.96353031],cruising,[-0.48080528  0.59740651 -0.20557775]
660.009503364563,1002,False,6,4,[8.48317983 1.22821895 3.97327278],cruising,[ 0.5677905  -0.59831228 -0.99408226]
660.009503364563,1003,False,3,0,[1.62571006 6.06762824 3.99999998],exiting,[ 0.63925976  0.24903542 -0.34837281]
660.009503364563,1004,False,1,5,[ 6.00453227 -4.88700144  4.00013251],cruising,[-0.62185191  0.08809385  0.93462812]
660.009503364563,1005,False,5,3,[2.46726375 5.11099513 3.99979052],cruising,[ 0.50568378 -0.03156594 -0.11489306]
660.1095943450928,1000,False,4,1,[ 2.18806893 -3.24322669  3.99466229],cruising,[-0.82138112 -0.19970136 -0.21083176]
660.1095943450928,1001,False,2,6,[-6.34855473  4.39484528  3.96900076],cruising,[-0.48080528  0.59740651 -0.20557775]
660.1095943450928,1002,False,6,4,[8.48895564 1.02830236 3.97728187],cruising,[ 0.5677905  -0.59831228 -0.99408226]
660.1095943450928,1003,False,3,0,[1.65011266 6.16460511 3.99999998],exiting,[ 0.63925976  0.24903542 -0.34837281]
660.1095943450928,1004,False,1,5,[ 5.82687411 -4.86155804  4.00029367],cruising,[-0.62185191  0.08809385  0.93462812]
660.1095943450928,1005,False,5,3,[2.66294761 5.06966927 3.99982194],cruising,[ 0.50568378 -0.03156594 -0.11489306]
660.2191240787506,1000,False,4,1,[ 1.99803782 -3.18087146  3.99546295],cruising,[-0.82138112 -0.19970136 -0.21083176]
660.2191240787506,1001,False,2,6,[-6.38923182  4.59066504  3.97365065],cruising,[-0.48080528  0.59740651 -0.20557775]
660.2191240787506,1002,False,6,4,[8.49377076 0.82836034 3.98068959],cruising,[ 0.5677905  -0.59831228 -0.99408226]
660.2191240787506,1003,False,3,0,[1.67451526 6.26158198 3.99999999],exiting,[ 0.63925976  0.24903542 -0.34837281]
660.2191240787506,1004,False,1,5,[ 5.65179178 -4.81628127  4.00040708],cruising,[-0.62185191  0.08809385  0.93462812]
660.2191240787506,1005,False,5,3,[2.86006763 5.0358507  3.99984865],cruising,[ 0.50568378 -0.03156594 -0.11489306]
660.3102390766144,1000,False,4,1,[ 1.80673938 -3.12251988  3.99614351],cruising,[-0.82138112 -0.19970136 -0.21083176]
660.3102390766144,1001,False,2,6,[-6.41681152  4.78875431  3.97760305],cruising,[-0.48080528  0.59740651 -0.20557775]
660.3102390766144,1002,False,6,4,[8.4973153  0.62839175 3.98358615],cruising,[ 0.5677905  -0.59831228 -0.99408226]
660.3102390766144,1003,False,3,0,[1.69891786 6.35855885 3.99999999],exiting,[ 0.63925976  0.24903542 -0.34837281]
660.3102390766144,1004,False,1,5,[ 5.47999432 -4.75127616  4.00047132],cruising,[-0.62185191  0.08809385  0.93462812]
660.3102390766144,1005,False,5,3,[3.05814482 5.00818434 3.99987135],cruising,[ 0.50568378 -0.03156594 -0.11489306]
660.4133770465851,1000,False,4,1,[ 1.61469291 -3.06667945  3.99672198],cruising,[-0.82138112 -0.19970136 -0.21083176]
660.4133770465851,1001,False,2,6,[-6.42444232  4.98820824  3.98113196],cruising,[-0.48080528  0.59740651 -0.20557775]
660.4133770465851,1002,False,6,4,[8.49725853 0.42839176 3.98604823],cruising,[ 0.5677905  -0.59831228 -0.99408226]
660.4133770465851,1003,False,3,0,[1.72332046 6.45553571 3.99999999],exiting,[ 0.63925976  0.24903542 -0.34837281]
660.4133770465851,1004,False,1,5,[ 5.31123596 -4.66650338  4.00048126],cruising,[-0.62185191  0.08809385  0.93462812]
660.4133770465851,1005,False,5,3,[3.2568484  4.98544919 3.99989065],cruising,[ 0.50568378 -0.03156594 -0.11489306]
660.5151867866516,1000,False,4,1,[ 1.42093331 -3.0171091   3.99721368],cruising,[-0.82138112 -0.19970136 -0.21083176]
660.5151867866516,1001,False,2,6,[-6.41211991  5.18632943  3.98435606],cruising,[-0.48080528  0.59740651 -0.20557775]
660.5151867866516,1002,False,6,4,[8.49588875 0.22839645 3.98814099],cruising,[ 0.5677905  -0.59831228 -0.99408226]
660.5151867866516,1003,False,3,0,[1.74772306 6.55251258 3.99999999],exiting,[ 0.63925976  0.24903542 -0.34837281]
660.5151867866516,1004,False,1,5,[ 5.14492149 -4.56188056  4.00043245],cruising,[-0.62185191  0.08809385  0.93462812]
660.5151867866516,1005,False,5,3,[3.45595427 4.96655866 3.99990705],cruising,[ 0.50568378 -0.03156594 -0.11489306]
660.6215589046478,1000,False,4,1,[ 1.22530351 -2.97552809  3.99763163],cruising,[-0.82138112 -0.19970136 -0.21083176]
660.6215589046478,1001,False,2,6,[-6.38018217  5.3805561   3.98731237],cruising,[-0.48080528  0.59740651 -0.20557775]
660.6215589046478,1002,False,6,4,[8.49298372 0.02841755 3.98991984],cruising,[ 0.5677905  -0.59831228 -0.99408226]
660.6215589046478,1003,False,3,0,[1.77212566 6.64948945 3.99999999],exiting,[ 0.63925976  0.24903542 -0.34837281]
660.6215589046478,1004,False,1,5,[ 4.97493815 -4.45649714  4.00036759],cruising,[-0.62185191  0.08809385  0.93462812]
660.6215589046478,1005,False,5,3,[3.65531257 4.9505503  3.999921  ],cruising,[ 0.50568378 -0.03156594 -0.11489306]
660.709837436676,1000,False,4,1,[ 1.02691919 -2.95015761  3.99798689],cruising,[-0.82138112 -0.19970136 -0.21083176]
660.709837436676,1001,False,2,6,[-6.32925971  5.56849661  3.99001474],cruising,[-0.48080528  0.59740651 -0.20557775]
660.709837436676,1002,False,6,4,[ 8.48836735 -0.17152917  3.99143187],cruising,[ 0.5677905  -0.59831228 -0.99408226]
660.709837436676,1003,False,3,0,[1.79652826 6.74646632 4.        ],exiting,[ 0.63925976  0.24903542 -0.34837281]
660.709837436676,1004,False,1,5,[ 4.80173124 -4.35650032  4.00031245],cruising,[-0.62185191  0.08809385  0.93462812]
660.709837436676,1005,False,5,3,[3.85482337 4.93657021 3.99993285],cruising,[ 0.50568378 -0.03156594 -0.11489306]
660.8241865634918,1000,False,4,1,[ 0.82722465 -2.93910816  3.99828885],cruising,[-0.82138112 -0.19970136 -0.21083176]
660.8241865634918,1001,False,2,6,[-6.26024374  5.74791872  3.99246859],cruising,[-0.48080528  0.59740651 -0.20557775]
660.8241865634918,1002,False,6,4,[ 8.47984888 -0.37134768  3.99271709],cruising,[ 0.5677905  -0.59831228 -0.99408226]
660.8241865634918,1003,False,3,0,[1.82093086 6.84344319 4.        ],exiting,[ 0.63925976  0.24903542 -0.34837281]
660.8241865634918,1004,False,1,5,[ 4.62502721 -4.26282168  4.00026558],cruising,[-0.62185191  0.08809385  0.93462812]
660.8241865634918,1005,False,5,3,[4.05441878 4.9238552  3.99994292],cruising,[ 0.50568378 -0.03156594 -0.11489306]
660.9153995513916,1000,False,4,1,[ 0.62728383 -2.94397322  3.99854553],cruising,[-0.82138112 -0.19970136 -0.21083176]
660.9153995513916,1001,False,2,6,[-6.17417273  5.91689782  3.99465874],cruising,[-0.48080528  0.59740651 -0.20557775]
660.9153995513916,1002,False,6,4,[ 8.46969499 -0.57108976  3.99380952],cruising,[ 0.5677905  -0.59831228 -0.99408226]
660.9153995513916,1003,False,3,0,[1.84533347 6.94042006 4.        ],exiting,[ 0.63925976  0.24903542 -0.34837281]
660.9153995513916,1004,False,1,5,[ 4.44649043 -4.17268502  4.00022574],cruising,[-0.62185191  0.08809385  0.93462812]
660.9153995513916,1005,False,5,3,[4.25404995 4.91171447 3.99995148],cruising,[ 0.50568378 -0.03156594 -0.11489306]
661.0090045928955,1000,False,4,1,[ 0.42826908 -2.96380074  3.9987637 ],cruising,[-0.82138112 -0.19970136 -0.21083176]
661.0090045928955,1001,False,2,6,[-6.0722149   6.07373031  3.99658795],cruising,[-0.48080528  0.59740651 -0.20557775]
661.0090045928955,1002,False,6,4,[ 8.45772561 -0.77073127  3.9947381 ],cruising,[ 0.5677905  -0.59831228 -0.99408226]
661.0090045928955,1003,False,3,0,[1.86973607 7.03739693 4.        ],exiting,[ 0.63925976  0.24903542 -0.34837281]
661.0090045928955,1004,False,1,5,[ 4.26588747 -4.08676313  4.00019188],cruising,[-0.62185191  0.08809385  0.93462812]
661.0090045928955,1005,False,5,3,[4.45367294 4.89944009 3.99995876],cruising,[ 0.50568378 -0.03156594 -0.11489306]
661.1139600276947,1000,False,4,1,[ 0.23120337 -2.99793439  3.99894914],cruising,[-0.82138112 -0.19970136 -0.21083176]
661.1139600276947,1001,False,2,6,[-5.95526974  6.21732251  3.99824282],cruising,[-0.48080528  0.59740651 -0.20557775]
661.1139600276947,1002,False,6,4,[ 8.44378626 -0.97024491  3.99552738],cruising,[ 0.5677905  -0.59831228 -0.99408226]
661.1139600276947,1003,False,3,0,[1.89413867 7.13437379 4.        ],exiting,[ 0.63925976  0.24903542 -0.34837281]
661.1139600276947,1004,False,1,5,[ 4.08426643 -4.00301471  4.0001631 ],cruising,[-0.62185191  0.08809385  0.93462812]
661.1139600276947,1005,False,5,3,[4.65327541 4.88683632 3.99996495],cruising,[ 0.50568378 -0.03156594 -0.11489306]
661.2189083099365,1000,False,4,1,[ 0.03693303 -3.04546368  3.99910677],cruising,[-0.82138112 -0.19970136 -0.21083176]
661.2189083099365,1001,False,2,6,[-5.82422713  6.34673092  3.999612  ],cruising,[-0.48080528  0.59740651 -0.20557775]
661.2189083099365,1002,False,6,4,[ 8.42556272 -1.16941294  3.99619827],cruising,[ 0.5677905  -0.59831228 -0.99408226]
661.2189083099365,1003,False,3,0,[1.91854127 7.23135066 4.        ],exiting,[ 0.63925976  0.24903542 -0.34837281]
661.2189083099365,1004,False,1,5,[ 3.90140931 -3.92200068  4.00013863],cruising,[-0.62185191  0.08809385  0.93462812]
661.2189083099365,1005,False,5,3,[4.85281278 4.87324091 3.9999702 ],cruising,[ 0.50568378 -0.03156594 -0.11489306]
661.3095614910126,1000,False,4,1,[-0.15275989 -3.1088403   3.99924076],cruising,[-0.82138112 -0.19970136 -0.21083176]
661.3095614910126,1001,False,2,6,[-5.67993249  6.4611628   4.00068564],cruising,[-0.48080528  0.59740651 -0.20557775]
661.3095614910126,1002,False,6,4,[ 8.40542013 -1.36839605  3.99676853],cruising,[ 0.5677905  -0.59831228 -0.99408226]
661.3095614910126,1003,False,3,0,[1.94294387 7.32832753 4.        ],exiting,[ 0.63925976  0.24903542 -0.34837281]
661.3095614910126,1004,False,1,5,[ 3.71793113 -3.84240319  4.00011784],cruising,[-0.62185191  0.08809385  0.93462812]
661.3095614910126,1005,False,5,3,[5.05223273 4.85801969 3.99997467],cruising,[ 0.50568378 -0.03156594 -0.11489306]
661.4106011390686,1000,False,4,1,[-0.33901362 -3.18170695  3.99935464],cruising,[-0.82138112 -0.19970136 -0.21083176]
661.4106011390686,1001,False,2,6,[-5.52315321  6.55997285  4.00145497],cruising,[-0.48080528  0.59740651 -0.20557775]
661.4106011390686,1002,False,6,4,[ 8.3831555  -1.5671529   3.99725325],cruising,[ 0.5677905  -0.59831228 -0.99408226]
661.4106011390686,1003,False,3,0,[1.96734647 7.4253044  4.        ],exiting,[ 0.63925976  0.24903542 -0.34837281]
661.4106011390686,1004,False,1,5,[ 3.53366706 -3.76464233  4.00010016],cruising,[-0.62185191  0.08809385  0.93462812]
661.4106011390686,1005,False,5,3,[5.25146796 4.84054624 3.99997847],cruising,[ 0.50568378 -0.03156594 -0.11489306]
661.514876127243,1000,False,4,1,[-0.52095103 -3.26476584  3.99945145],cruising,[-0.82138112 -0.19970136 -0.21083176]
661.514876127243,1001,False,2,6,[-5.35488768  6.64241288  4.00192778],cruising,[-0.48080528  0.59740651 -0.20557775]
661.514876127243,1002,False,6,4,[ 8.35621893 -1.76533065  3.99766526],cruising,[ 0.5677905  -0.59831228 -0.99408226]
661.514876127243,1003,False,3,0,[1.99174907 7.52228127 4.        ],exiting,[ 0.63925976  0.24903542 -0.34837281]
661.514876127243,1004,False,1,5,[ 3.34891857 -3.68803949  4.00008514],cruising,[-0.62185191  0.08809385  0.93462812]
661.514876127243,1005,False,5,3,[5.45056971 4.82161228 3.9999817 ],cruising,[ 0.50568378 -0.03156594 -0.11489306]
661.6180021762848,1000,False,4,1,[-0.69990667 -3.35406802  3.99953373],cruising,[-0.82138112 -0.19970136 -0.21083176]
661.6180021762848,1001,False,2,6,[-5.17553934  6.70820728  4.00209282],cruising,[-0.48080528  0.59740651 -0.20557775]
661.6180021762848,1002,False,6,4,[ 8.3270858  -1.96319742  3.99801548],cruising,[ 0.5677905  -0.59831228 -0.99408226]
661.6180021762848,1003,False,3,0,[2.01615167 7.61925814 4.        ],exiting,[ 0.63925976  0.24903542 -0.34837281]
661.6180021762848,1004,False,1,5,[ 3.16362351 -3.61276838  4.00007237],cruising,[-0.62185191  0.08809385  0.93462812]
661.6180021762848,1005,False,5,3,[5.64930538 4.79915933 3.99998445],cruising,[ 0.50568378 -0.03156594 -0.11489306]
661.7233419418335,1000,False,4,1,[-0.87783357 -3.44540266  3.99960367],cruising,[-0.82138112 -0.19970136 -0.21083176]
661.7233419418335,1001,False,2,6,[-4.98512105  6.75734782  4.00193394],cruising,[-0.48080528  0.59740651 -0.20557775]
661.7233419418335,1002,False,6,4,[ 8.29549081 -2.16068605  3.99831315],cruising,[ 0.5677905  -0.59831228 -0.99408226]
661.7233419418335,1003,False,3,0,[2.04055427 7.71623501 4.        ],exiting,[ 0.63925976  0.24903542 -0.34837281]
661.7233419418335,1004,False,1,5,[ 2.97779448 -3.53882535  4.00006151],cruising,[-0.62185191  0.08809385  0.93462812]
661.7233419418335,1005,False,5,3,[5.84751801 4.77248069 3.99998678],cruising,[ 0.50568378 -0.03156594 -0.11489306]
661.8222208023071,1000,False,4,1,[-1.05719856 -3.53387979  3.99966312],cruising,[-0.82138112 -0.19970136 -0.21083176]
661.8222208023071,1001,False,2,6,[-4.79007463  6.80158463  4.00164385],cruising,[-0.48080528  0.59740651 -0.20557775]
661.8222208023071,1002,False,6,4,[ 8.25841076 -2.35721867  3.99856618],cruising,[ 0.5677905  -0.59831228 -0.99408226]
661.8222208023071,1003,False,3,0,[2.06495688 7.81321188 4.        ],exiting,[ 0.63925976  0.24903542 -0.34837281]
661.8222208023071,1004,False,1,5,[ 2.79134926 -3.46645008  4.00005229],cruising,[-0.62185191  0.08809385  0.93462812]
661.8222208023071,1005,False,5,3,[6.04499443 4.74080951 3.99998876],cruising,[ 0.50568378 -0.03156594 -0.11489306]
661.9265930652618,1000,False,4,1,[-1.24202823 -3.61028655  3.99971365],cruising,[-0.82138112 -0.19970136 -0.21083176]
661.9265930652618,1001,False,2,6,[-4.59589824  6.84949629  4.00139727],cruising,[-0.48080528  0.59740651 -0.20557775]
661.9265930652618,1002,False,6,4,[ 8.21864237 -2.55322498  3.99878125],cruising,[ 0.5677905  -0.59831228 -0.99408226]
661.9265930652618,1003,False,3,0,[2.08935948 7.91018874 4.        ],exiting,[ 0.63925976  0.24903542 -0.34837281]
661.9265930652618,1004,False,1,5,[ 2.60440717 -3.39536804  4.00004444],cruising,[-0.62185191  0.08809385  0.93462812]
661.9265930652618,1005,False,5,3,[6.24144559 4.70330024 3.99999045],cruising,[ 0.50568378 -0.03156594 -0.11489306]
662.024406671524,1000,False,4,1,[-1.43326293 -3.66774666  3.99975844],cruising,[-0.82138112 -0.19970136 -0.21083176]
662.024406671524,1001,False,2,6,[-4.4022804   6.89961748  4.00118768],cruising,[-0.48080528  0.59740651 -0.20557775]
662.024406671524,1002,False,6,4,[ 8.17268896 -2.74787411  3.99896407],cruising,[ 0.5677905  -0.59831228 -0.99408226]
662.024406671524,1003,False,3,0,[2.11376208 8.00716561 4.        ],exiting,[ 0.63925976  0.24903542 -0.34837281]
662.024406671524,1004,False,1,5,[ 2.41666433 -3.32642876  4.00003778],cruising,[-0.62185191  0.08809385  0.93462812]
662.024406671524,1005,False,5,3,[6.43648022 4.65901152 3.99999188],cruising,[ 0.50568378 -0.03156594 -0.11489306]
662.1248233318329,1000,False,4,1,[-1.62765293 -3.70545724  3.99980017],cruising,[-0.82138112 -0.19970136 -0.21083176]
662.1248233318329,1001,False,2,6,[-4.20890328  6.9506595   4.00100953],cruising,[-0.48080528  0.59740651 -0.20557775]
662.1248233318329,1002,False,6,4,[ 8.12358229 -2.94175174  3.99911946],cruising,[ 0.5677905  -0.59831228 -0.99408226]
662.1248233318329,1003,False,3,0,[2.13816468 8.10414248 4.        ],exiting,[ 0.63925976  0.24903542 -0.34837281]
662.1248233318329,1004,False,1,5,[ 2.22797802 -3.26011528  4.00003211],cruising,[-0.62185191  0.08809385  0.93462812]
662.1248233318329,1005,False,5,3,[6.62956993 4.60689277 3.9999931 ],cruising,[ 0.50568378 -0.03156594 -0.11489306]
662.2239096164703,1000,False,4,1,[-1.82201445 -3.72316785  3.9998394 ],cruising,[-0.82138112 -0.19970136 -0.21083176]
662.2239096164703,1001,False,2,6,[-4.01484883  6.99906271  4.0008581 ],cruising,[-0.48080528  0.59740651 -0.20557775]
662.2239096164703,1002,False,6,4,[ 8.06709012 -3.13360751  3.99925154],cruising,[ 0.5677905  -0.59831228 -0.99408226]
662.2239096164703,1003,False,3,0,[2.16256728 8.20111935 4.        ],exiting,[ 0.63925976  0.24903542 -0.34837281]
662.2239096164703,1004,False,1,5,[ 2.0386858  -3.19555172  4.00002729],cruising,[-0.62185191  0.08809385  0.93462812]
662.2239096164703,1005,False,5,3,[6.82000369 4.54577827 3.99999413],cruising,[ 0.50568378 -0.03156594 -0.11489306]
662.3280992507935,1000,False,4,1,[-2.01334122 -3.72111003  3.99987631],cruising,[-0.82138112 -0.19970136 -0.21083176]
662.3280992507935,1001,False,2,6,[-3.82063955  7.04684093  4.00072938],cruising,[-0.48080528  0.59740651 -0.20557775]
662.3280992507935,1002,False,6,4,[ 8.0066995  -3.32427206  3.99936381],exiting,[ 0.5677905  -0.59831228 -0.99408226]
662.3280992507935,1003,False,3,0,[2.18696988 8.29809622 4.        ],exiting,[ 0.63925976  0.24903542 -0.34837281]
662.3280992507935,1004,False,1,5,[ 1.84811624 -3.13486198  4.0000232 ],cruising,[-0.62185191  0.08809385  0.93462812]
662.3280992507935,1005,False,5,3,[7.00683108 4.47439532 3.99999501],cruising,[ 0.50568378 -0.03156594 -0.11489306]
662.4332485198975,1000,False,4,1,[-2.19899837 -3.69987266  3.99991088],cruising,[-0.82138112 -0.19970136 -0.21083176]
662.4332485198975,1001,False,2,6,[-3.62605584  7.09307056  4.00061998],cruising,[-0.48080528  0.59740651 -0.20557775]
662.4332485198975,1002,False,6,4,[ 7.95921839 -3.49966099  3.99947593],exiting,[ 0.5677905  -0.59831228 -0.99408226]
662.4332485198975,1003,False,3,0,[2.21137248 8.39507309 4.        ],exiting,[ 0.63925976  0.24903542 -0.34837281]
662.4332485198975,1004,False,1,5,[ 1.65608556 -3.07896726  4.00001972],cruising,[-0.62185191  0.08809385  0.93462812]
662.4332485198975,1005,False,5,3,[7.18879594 4.39139657 3.99999576],cruising,[ 0.50568378 -0.03156594 -0.11489306]
662.5338091850281,1000,False,4,1,[-2.37658727 -3.66033492  3.99994308],cruising,[-0.82138112 -0.19970136 -0.21083176]
662.5338091850281,1001,False,2,6,[-3.43040048  7.13453115  4.00052698],cruising,[-0.48080528  0.59740651 -0.20557775]
662.5338091850281,1002,False,6,4,[ 7.92480292 -3.65990763  3.99958486],exiting,[ 0.5677905  -0.59831228 -0.99408226]
662.5338091850281,1003,False,3,0,[2.23577508 8.49204996 4.        ],exiting,[ 0.63925976  0.24903542 -0.34837281]
662.5338091850281,1004,False,1,5,[ 1.46240154 -3.02910244  4.00001676],cruising,[-0.62185191  0.08809385  0.93462812]
662.5338091850281,1005,False,5,3,[7.36426795 4.29543006 3.9999964 ],cruising,[ 0.50568378 -0.03156594 -0.11489306]
662.6399822235107,1000,False,4,1,[-2.54392571 -3.60362371  3.99997281],cruising,[-0.82138112 -0.19970136 -0.21083176]
662.6399822235107,1001,False,2,6,[-3.23419361  7.17329791  4.00044793],cruising,[-0.48080528  0.59740651 -0.20557775]
662.6399822235107,1002,False,6,4,[ 7.90365046 -3.80518456  3.99968619],exiting,[ 0.5677905  -0.59831228 -0.99408226]
662.6399822235107,1003,False,3,0,[2.26017768 8.58902682 4.        ],exiting,[ 0.63925976  0.24903542 -0.34837281]
662.6399822235107,1004,False,1,5,[ 1.26689158 -2.98696155  4.00001425],cruising,[-0.62185191  0.08809385  0.93462812]
662.6399822235107,1005,False,5,3,[7.52906688 4.18254948 3.99999696],cruising,[ 0.50568378 -0.03156594 -0.11489306]
662.7339463233948,1000,False,4,1,[-2.69917091 -3.53098286  3.99999997],cruising,[-0.82138112 -0.19970136 -0.21083176]
662.7339463233948,1001,False,2,6,[-3.03733009  7.20857898  4.00038074],cruising,[-0.48080528  0.59740651 -0.20557775]
662.7339463233948,1002,False,6,4,[ 7.89600455 -3.93571113  3.99977354],exiting,[ 0.5677905  -0.59831228 -0.99408226]
662.7339463233948,1003,False,3,0,[2.28458029 8.68600369 4.        ],landing,[ 0.63925976  0.24903542 -0.34837281]
662.7339463233948,1004,False,1,5,[ 1.06947542 -2.95491689  4.00001211],cruising,[-0.62185191  0.08809385  0.93462812]
662.7339463233948,1005,False,5,3,[7.68175484 4.05375274 3.99999743],cruising,[ 0.50568378 -0.03156594 -0.11489306]
662.8335249423981,1000,False,4,1,[-2.84070465 -3.44378193  4.00002441],cruising,[-0.82138112 -0.19970136 -0.21083176]
662.8335249423981,1001,False,2,6,[-2.8393311   7.23679954  4.00032363],cruising,[-0.48080528  0.59740651 -0.20557775]
662.8335249423981,1002,False,6,4,[ 7.90206027 -4.05166838  3.9998405 ],exiting,[ 0.5677905  -0.59831228 -0.99408226]
662.8335249423981,1003,False,3,0,[2.30856777 8.76848934 3.98622204],landing,[ 0.63925976  0.24903542 -0.34837281]
662.8335249423981,1004,False,1,5,[ 0.8698851  -2.9427537   4.00001028],cruising,[-0.62185191  0.08809385  0.93462812]
662.8335249423981,1005,False,5,3,[7.82076137 3.9103677  3.99999783],cruising,[ 0.50568378 -0.03156594 -0.11489306]
662.934089422226,1000,False,4,1,[-2.96707164 -3.34354376  4.00004599],cruising,[-0.82138112 -0.19970136 -0.21083176]
662.934089422226,1001,False,2,6,[-2.64071216  7.2602627   4.00027509],cruising,[-0.48080528  0.59740651 -0.20557775]
662.934089422226,1002,False,6,4,[ 7.92201329 -4.15324287  3.99987852],exiting,[ 0.5677905  -0.59831228 -0.99408226]
662.934089422226,1003,False,3,0,[2.3320624  8.83632986 3.95883242],landing,[ 0.63925976  0.24903542 -0.34837281]
662.934089422226,1004,False,1,5,[ 0.66988649 -2.9420081   4.00000874],cruising,[-0.62185191  0.08809385  0.93462812]
662.934089422226,1005,False,5,3,[7.94461676 3.75392728 3.99999818],cruising,[ 0.50568378 -0.03156594 -0.11489306]
663.0333161354065,1000,False,4,1,[-3.07704035 -3.23185586  4.00006455],cruising,[-0.82138112 -0.19970136 -0.21083176]
663.0333161354065,1001,False,2,6,[-2.44122454  7.27456966  4.00023382],cruising,[-0.48080528  0.59740651 -0.20557775]
663.0333161354065,1002,False,6,4,[ 7.94657145 -4.25018046  3.99990055],exiting,[ 0.5677905  -0.59831228 -0.99408226]
663.0333161354065,1003,False,3,0,[2.35497249 8.88934622 3.91803001],landing,[ 0.63925976  0.24903542 -0.34837281]
663.0333161354065,1004,False,1,5,[ 0.47043962 -2.95687232  4.00000743],cruising,[-0.62185191  0.08809385  0.93462812]
663.0333161354065,1005,False,5,3,[8.05166646 3.58664394 3.99999849],cruising,[ 0.50568378 -0.03156594 -0.11489306]
663.1337285041809,1000,False,4,1,[-3.1695227  -3.11046088  4.0000799 ],cruising,[-0.82138112 -0.19970136 -0.21083176]
663.1337285041809,1001,False,2,6,[-2.2412601   7.27834072  4.00019875],cruising,[-0.48080528  0.59740651 -0.20557775]
663.1337285041809,1002,False,6,4,[ 7.9711296  -4.34711805  3.99991869],exiting,[ 0.5677905  -0.59831228 -0.99408226]
663.1337285041809,1003,False,3,0,[2.37717385 8.92730034 3.86408888],landing,[ 0.63925976  0.24903542 -0.34837281]
663.1337285041809,1004,False,1,5,[ 0.27266891 -2.98665056  4.00000631],cruising,[-0.62185191  0.08809385  0.93462812]
663.1337285041809,1005,False,5,3,[8.14108127 3.40992606 3.99999877],cruising,[ 0.50568378 -0.03156594 -0.11489306]
663.2336513996124,1000,False,4,1,[-3.24397849 -2.98040316  4.00009191],cruising,[-0.82138112 -0.19970136 -0.21083176]
663.2336513996124,1001,False,2,6,[-2.04172185  7.26475806  4.00016894],cruising,[-0.48080528  0.59740651 -0.20557775]
663.2336513996124,1002,False,6,4,[ 7.99568776 -4.44405565  3.99993361],exiting,[ 0.5677905  -0.59831228 -0.99408226]
663.2336513996124,1003,False,3,0,[2.39855169 8.9499766  3.79726717],landing,[ 0.63925976  0.24903542 -0.34837281]
663.2336513996124,1004,False,1,5,[ 0.0785189  -3.03466903  4.00000537],cruising,[-0.62185191  0.08809385  0.93462812]
663.2336513996124,1005,False,5,3,[8.21220249 3.22512458 3.99999899],cruising,[ 0.50568378 -0.03156594 -0.11489306]
663.336633682251,1000,False,4,1,[-3.30014855 -2.84224408  4.00010044],cruising,[-0.82138112 -0.19970136 -0.21083176]
663.336633682251,1001,False,2,6,[-1.84436539  7.23234777  4.0001436 ],cruising,[-0.48080528  0.59740651 -0.20557775]
663.336633682251,1002,False,6,4,[ 8.02024591 -4.54099324  3.99994586],exiting,[ 0.5677905  -0.59831228 -0.99408226]
663.336633682251,1003,False,3,0,[2.41900441 8.95718786 3.71779723],landing,[ 0.63925976  0.24903542 -0.34837281]
663.336633682251,1004,False,1,5,[-0.11240165 -3.09424543  4.00000456],cruising,[-0.62185191  0.08809385  0.93462812]
663.336633682251,1005,False,5,3,[8.2645186  3.03351371 3.99999918],cruising,[ 0.50568378 -0.03156594 -0.11489306]
663.4336824417114,1000,False,4,1,[-3.33786979 -2.69636225  4.0001054 ],cruising,[-0.82138112 -0.19970136 -0.21083176]
663.4336824417114,1001,False,2,6,[-1.64918654  7.18869898  4.00012206],cruising,[-0.48080528  0.59740651 -0.20557775]
663.4336824417114,1002,False,6,4,[ 8.04480407 -4.63793083  3.99995592],exiting,[ 0.5677905  -0.59831228 -0.99408226]
663.4336824417114,1003,False,3,0,[2.43842824 8.94874644 3.62592023],landing,[ 0.63925976  0.24903542 -0.34837281]
663.4336824417114,1004,False,1,5,[-0.29980613 -3.16409928  4.00000388],cruising,[-0.62185191  0.08809385  0.93462812]
663.4336824417114,1005,False,5,3,[8.30151303 2.83696495 3.9999993 ],cruising,[ 0.50568378 -0.03156594 -0.11489306]
663.5434229373932,1000,False,4,1,[-3.35702171 -2.54305205  4.0001067 ],cruising,[-0.82138112 -0.19970136 -0.21083176]
663.5434229373932,1001,False,2,6,[-1.4582559   7.12915497  4.00010375],cruising,[-0.48080528  0.59740651 -0.20557775]
663.5434229373932,1002,False,6,4,[ 8.06936223 -4.73486843  3.99996417],exiting,[ 0.5677905  -0.59831228 -0.99408226]
663.5434229373932,1003,False,3,0,[2.45737211 8.93360858 3.5289049 ],landing,[ 0.63925976  0.24903542 -0.34837281]
663.5434229373932,1004,False,1,5,[-0.48263804 -3.24517019  4.0000033 ],cruising,[-0.62185191  0.08809385  0.93462812]
663.5434229373932,1005,False,5,3,[8.33263161 2.6394007  3.9999994 ],cruising,[ 0.50568378 -0.03156594 -0.11489306]
663.6346156597137,1000,False,4,1,[-3.35771157 -2.3820508   4.00010425],cruising,[-0.82138112 -0.19970136 -0.21083176]
663.6346156597137,1001,False,2,6,[-1.27187898  7.05660398  4.00008819],cruising,[-0.48080528  0.59740651 -0.20557775]
663.6346156597137,1002,False,6,4,[ 8.09392038 -4.83180602  3.99997093],exiting,[ 0.5677905  -0.59831228 -0.99408226]
663.6346156597137,1003,False,3,0,[2.47631598 8.91847071 3.43188957],landing,[ 0.63925976  0.24903542 -0.34837281]
663.6346156597137,1004,False,1,5,[-0.6620774  -3.33349637  4.0000028 ],cruising,[-0.62185191  0.08809385  0.93462812]
663.6346156597137,1005,False,5,3,[8.35900271 2.44114691 3.99999949],cruising,[ 0.50568378 -0.03156594 -0.11489306]
663.7379689216614,1000,False,4,1,[-3.34034203 -2.21245548  4.00009795],cruising,[-0.82138112 -0.19970136 -0.21083176]
663.7379689216614,1001,False,2,6,[-1.08987736  6.97368589  4.00007496],cruising,[-0.48080528  0.59740651 -0.20557775]
663.7379689216614,1002,False,6,4,[ 8.11847854 -4.92874361  3.99997646],exiting,[ 0.5677905  -0.59831228 -0.99408226]
663.7379689216614,1003,False,3,0,[2.49525986 8.90333285 3.33487424],landing,[ 0.63925976  0.24903542 -0.34837281]
663.7379689216614,1004,False,1,5,[-0.83995116 -3.42493447  4.00000238],cruising,[-0.62185191  0.08809385  0.93462812]
663.7379689216614,1005,False,5,3,[8.38450274 2.2427792  3.99999957],cruising,[ 0.50568378 -0.03156594 -0.11489306]
663.8441228866577,1000,False,4,1,[-3.30618726 -2.03198561  4.00008772],cruising,[-0.82138112 -0.19970136 -0.21083176]
663.8441228866577,1001,False,2,6,[-0.91176367  6.88271604  4.00006371],cruising,[-0.48080528  0.59740651 -0.20557775]
663.8441228866577,1002,False,6,4,[ 8.14303669 -5.02568121  3.99998098],exiting,[ 0.5677905  -0.59831228 -0.99408226]
663.8441228866577,1003,False,3,0,[2.51420373 8.88819499 3.2378589 ],landing,[ 0.63925976  0.24903542 -0.34837281]
663.8441228866577,1004,False,1,5,[-1.01863009 -3.51478903  4.00000202],cruising,[-0.62185191  0.08809385  0.93462812]
663.8441228866577,1005,False,5,3,[8.40550663 2.04388517 3.99999963],cruising,[ 0.50568378 -0.03156594 -0.11489306]
663.9352948665619,1000,False,4,1,[-3.26574065 -1.83611813  4.00007456],cruising,[-0.82138112 -0.19970136 -0.21083176]
663.9352948665619,1001,False,2,6,[-0.73575807  6.78773168  4.00005416],cruising,[-0.48080528  0.59740651 -0.20557775]
663.9352948665619,1002,False,6,4,[ 8.16759485 -5.1226188   3.99998466],exiting,[ 0.5677905  -0.59831228 -0.99408226]
663.9352948665619,1003,False,3,0,[2.53314761 8.87305713 3.14084357],landing,[ 0.63925976  0.24903542 -0.34837281]
663.9352948665619,1004,False,1,5,[-1.20197571 -3.59469136  4.00000172],cruising,[-0.62185191  0.08809385  0.93462812]
663.9352948665619,1005,False,5,3,[8.42534271 1.84487127 3.99999969],cruising,[ 0.50568378 -0.03156594 -0.11489306]
664.0349442958832,1000,False,4,1,[-3.24183002 -1.63755257  4.00006338],cruising,[-0.82138112 -0.19970136 -0.21083176]
664.0349442958832,1001,False,2,6,[-0.56275898  6.68737574  4.00004603],cruising,[-0.48080528  0.59740651 -0.20557775]
664.0349442958832,1002,False,6,4,[ 8.192153   -5.21955639  3.99998766],exiting,[ 0.5677905  -0.59831228 -0.99408226]
664.0349442958832,1003,False,3,0,[2.55209148 8.85791926 3.04382824],landing,[ 0.63925976  0.24903542 -0.34837281]
664.0349442958832,1004,False,1,5,[-1.39222146 -3.65582167  4.00000146],cruising,[-0.62185191  0.08809385  0.93462812]
664.0349442958832,1005,False,5,3,[8.44362992 1.64570908 3.99999974],cruising,[ 0.50568378 -0.03156594 -0.11489306]
664.1383702754974,1000,False,4,1,[-3.23393615 -1.43770841  4.00005387],cruising,[-0.82138112 -0.19970136 -0.21083176]
664.1383702754974,1001,False,2,6,[-0.39194846  6.58333842  4.00003913],cruising,[-0.48080528  0.59740651 -0.20557775]
664.1383702754974,1002,False,6,4,[ 8.21671116 -5.31649399  3.9999901 ],exiting,[ 0.5677905  -0.59831228 -0.99408226]
664.1383702754974,1003,False,3,0,[2.57103536 8.8427814  2.94681291],landing,[ 0.63925976  0.24903542 -0.34837281]
664.1383702754974,1004,False,1,5,[-1.58622178 -3.69730757  4.00000121],cruising,[-0.62185191  0.08809385  0.93462812]
664.1383702754974,1005,False,5,3,[8.45744966 1.44618712 3.99999978],cruising,[ 0.50568378 -0.03156594 -0.11489306]
664.2355351448059,1000,False,4,1,[-3.24163532 -1.23785666  4.00004579],cruising,[-0.82138112 -0.19970136 -0.21083176]
664.2355351448059,1001,False,2,6,[-0.22203521  6.47784202  4.00003326],cruising,[-0.48080528  0.59740651 -0.20557775]
664.2355351448059,1002,False,6,4,[ 8.24126931 -5.41343158  3.99999209],exiting,[ 0.5677905  -0.59831228 -0.99408226]
664.2355351448059,1003,False,3,0,[2.58997923 8.82764354 2.84979757],landing,[ 0.63925976  0.24903542 -0.34837281]
664.2355351448059,1004,False,1,5,[-1.78087054 -3.71880398  4.00000098],cruising,[-0.62185191  0.08809385  0.93462812]
664.2355351448059,1005,False,5,3,[8.46978489 1.24656787 3.99999981],cruising,[ 0.50568378 -0.03156594 -0.11489306]
664.3483185768127,1000,False,4,1,[-3.26388581 -1.03909823  4.00003892],cruising,[-0.82138112 -0.19970136 -0.21083176]
664.3483185768127,1001,False,2,6,[-0.05316812  6.37067904  4.00002827],cruising,[-0.48080528  0.59740651 -0.20557775]
664.3483185768127,1002,False,6,4,[ 8.26582747 -5.51036917  3.99999369],exiting,[ 0.5677905  -0.59831228 -0.99408226]
664.3483185768127,1003,False,3,0,[2.6089231  8.81250568 2.75278224],landing,[ 0.63925976  0.24903542 -0.34837281]
664.3483185768127,1004,False,1,5,[-1.97317361 -3.72043843  4.00000076],cruising,[-0.62185191  0.08809385  0.93462812]
664.3483185768127,1005,False,5,3,[8.47812346 1.04674178 3.99999984],cruising,[ 0.50568378 -0.03156594 -0.11489306]
664.44464635849,1000,False,4,1,[-3.29951468 -0.84229735  4.00003308],cruising,[-0.82138112 -0.19970136 -0.21083176]
664.44464635849,1001,False,2,6,[0.11552231 6.26323818 4.00002403],cruising,[-0.48080528  0.59740651 -0.20557775]
664.44464635849,1002,False,6,4,[ 8.29038562 -5.60730677  3.99999499],exiting,[ 0.5677905  -0.59831228 -0.99408226]
664.44464635849,1003,False,3,0,[2.62786698 8.79736781 2.65576691],landing,[ 0.63925976  0.24903542 -0.34837281]
664.44464635849,1004,False,1,5,[-2.1602399  -3.70277064  4.00000056],cruising,[-0.62185191  0.08809385  0.93462812]
664.44464635849,1005,False,5,3,[8.48500878 0.84686033 3.99999986],cruising,[ 0.50568378 -0.03156594 -0.11489306]
664.5361099243164,1000,False,4,1,[-3.34591415 -0.64775407  4.00002812],cruising,[-0.82138112 -0.19970136 -0.21083176]
664.5361099243164,1001,False,2,6,[0.28429861 6.15593225 4.00002043],cruising,[-0.48080528  0.59740651 -0.20557775]
664.5361099243164,1002,False,6,4,[ 8.31494378 -5.70424436  3.99999604],exiting,[ 0.5677905  -0.59831228 -0.99408226]
664.5361099243164,1003,False,3,0,[2.64681085 8.78222995 2.55875158],landing,[ 0.63925976  0.24903542 -0.34837281]
664.5361099243164,1004,False,1,5,[-2.33974525 -3.66658713  4.00000037],cruising,[-0.62185191  0.08809385  0.93462812]
664.5361099243164,1005,False,5,3,[8.49023236 0.64692856 3.99999988],cruising,[ 0.50568378 -0.03156594 -0.11489306]
664.6339957714081,1000,False,4,1,[-3.40372717 -0.45629218  4.0000239 ],cruising,[-0.82138112 -0.19970136 -0.21083176]
664.6339957714081,1001,False,2,6,[0.45357847 6.04942249 4.00001736],cruising,[-0.48080528  0.59740651 -0.20557775]
664.6339957714081,1002,False,6,4,[ 8.33950194 -5.80118195  3.99999688],exiting,[ 0.5677905  -0.59831228 -0.99408226]
664.6339957714081,1003,False,3,0,[2.66575473 8.76709209 2.46173624],landing,[ 0.63925976  0.24903542 -0.34837281]
664.6339957714081,1004,False,1,5,[-2.5094971  -3.61294311  4.00000019],cruising,[-0.62185191  0.08809385  0.93462812]
664.6339957714081,1005,False,5,3,[8.49363849 0.44695757 3.9999999 ],cruising,[ 0.50568378 -0.03156594 -0.11489306]
664.733274936676,1000,False,4,1,[-3.47218009 -0.26837146  4.00002032],cruising,[-0.82138112 -0.19970136 -0.21083176]
664.733274936676,1001,False,2,6,[0.62362375 5.94413905 4.00001476],cruising,[-0.48080528  0.59740651 -0.20557775]
664.733274936676,1002,False,6,4,[ 8.36406009 -5.89811955  3.99999756],exiting,[ 0.5677905  -0.59831228 -0.99408226]
664.733274936676,1003,False,3,0,[2.6846986  8.75195423 2.36472091],landing,[ 0.63925976  0.24903542 -0.34837281]
664.733274936676,1004,False,1,5,[-2.6674987  -3.54311479  4.00000003],cruising,[-0.62185191  0.08809385  0.93462812]
664.733274936676,1005,False,5,3,[8.49299109 0.24695861 3.99999992],cruising,[ 0.50568378 -0.03156594 -0.11489306]
664.84126329422,1000,False,4,1,[-3.54860369 -0.08354875  4.00001727],cruising,[-0.82138112 -0.19970136 -0.21083176]
664.84126329422,1001,False,2,6,[0.79519869 5.84136728 4.00001254],cruising,[-0.48080528  0.59740651 -0.20557775]
664.84126329422,1002,False,6,4,[ 8.38861825 -5.99505714  3.9999981 ],exiting,[ 0.5677905  -0.59831228 -0.99408226]
664.84126329422,1003,False,3,0,[2.70364248 8.73681636 2.26770558],landing,[ 0.63925976  0.24903542 -0.34837281]
664.84126329422,1004,False,1,5,[-2.81206945 -3.45846715  3.99999989],cruising,[-0.62185191  0.08809385  0.93462812]
664.84126329422,1005,False,5,3,[8.49069623 0.04697178 3.99999993],cruising,[ 0.50568378 -0.03156594 -0.11489306]
664.9342560768127,1000,False,4,1,[-3.63576084  0.09646134  4.00001468],cruising,[-0.82138112 -0.19970136 -0.21083176]
664.9342560768127,1001,False,2,6,[0.96811654 5.74087141 4.00001066],cruising,[-0.48080528  0.59740651 -0.20557775]
664.9342560768127,1002,False,6,4,[ 8.4131764  -6.09199473  3.99999853],exiting,[ 0.5677905  -0.59831228 -0.99408226]
664.9342560768127,1003,False,3,0,[2.72258635 8.7216785  2.17069025],landing,[ 0.63925976  0.24903542 -0.34837281]
664.9342560768127,1004,False,1,5,[-2.94175265 -3.36046432  3.99999976],cruising,[-0.62185191  0.08809385  0.93462812]
664.9342560768127,1005,False,5,3,[ 8.48660096 -0.15298629  3.99999994],cruising,[ 0.50568378 -0.03156594 -0.11489306]
665.0337858200073,1000,False,4,1,[-3.73056821  0.27256234  4.00001248],cruising,[-0.82138112 -0.19970136 -0.21083176]
665.0337858200073,1001,False,2,6,[1.14339379 5.64454964 4.00000906],cruising,[-0.48080528  0.59740651 -0.20557775]
665.0337858200073,1002,False,6,4,[ 8.43773456 -6.18893233  3.99999888],exiting,[ 0.5677905  -0.59831228 -0.99408226]
665.0337858200073,1003,False,3,0,[2.74153022 8.70654064 2.07367491],landing,[ 0.63925976  0.24903542 -0.34837281]
665.0337858200073,1004,False,1,5,[-3.05524414 -3.25072147  3.99999965],cruising,[-0.62185191  0.08809385  0.93462812]
665.0337858200073,1005,False,5,3,[ 8.47857156 -0.35282504  3.99999995],cruising,[ 0.50568378 -0.03156594 -0.11489306]
665.1341555118561,1000,False,4,1,[-3.83309821  0.44428187  4.00001061],cruising,[-0.82138112 -0.19970136 -0.21083176]
665.1341555118561,1001,False,2,6,[1.32046471 5.55156636 4.0000077 ],cruising,[-0.48080528  0.59740651 -0.20557775]
665.1341555118561,1002,False,6,4,[ 8.46229271 -6.28586992  3.99999915],exiting,[ 0.5677905  -0.59831228 -0.99408226]
665.1341555118561,1003,False,3,0,[2.7604741  8.69140278 1.97665958],landing,[ 0.63925976  0.24903542 -0.34837281]
665.1341555118561,1004,False,1,5,[-3.15144199 -3.1309322   3.99999955],cruising,[-0.62185191  0.08809385  0.93462812]
665.1341555118561,1005,False,5,3,[ 8.46884277 -0.55258828  3.99999996],cruising,[ 0.50568378 -0.03156594 -0.11489306]
665.2340631484985,1000,False,4,1,[-3.93961883  0.6135549   4.00000901],cruising,[-0.82138112 -0.19970136 -0.21083176]
665.2340631484985,1001,False,2,6,[1.49954502 5.46251444 4.00000655],cruising,[-0.48080528  0.59740651 -0.20557775]
665.2340631484985,1002,False,6,4,[ 8.48685087 -6.38280751  3.99999936],exiting,[ 0.5677905  -0.59831228 -0.99408226]
665.2340631484985,1003,False,3,0,[2.77941797 8.67626491 1.87964425],landing,[ 0.63925976  0.24903542 -0.34837281]
665.2340631484985,1004,False,1,5,[-3.22972458 -3.00225232  3.99999948],cruising,[-0.62185191  0.08809385  0.93462812]
665.2340631484985,1005,False,5,3,[ 8.45724809 -0.75225191  3.99999996],cruising,[ 0.50568378 -0.03156594 -0.11489306]
665.3337731361389,1000,False,4,1,[-4.04924372  0.78083426  4.00000766],cruising,[-0.82138112 -0.19970136 -0.21083176]
665.3337731361389,1001,False,2,6,[1.68185087 5.3802674  4.00000557],cruising,[-0.48080528  0.59740651 -0.20557775]
665.3337731361389,1002,False,6,4,[ 8.51140902 -6.47974511  3.99999953],exiting,[ 0.5677905  -0.59831228 -0.99408226]
665.3337731361389,1003,False,3,0,[2.79836185 8.66112705 1.78262892],landing,[ 0.63925976  0.24903542 -0.34837281]
665.3337731361389,1004,False,1,5,[-3.28972488 -2.86546329  3.99999943],cruising,[-0.62185191  0.08809385  0.93462812]
665.3337731361389,1005,False,5,3,[ 8.44364393 -0.95178869  3.99999997],cruising,[ 0.50568378 -0.03156594 -0.11489306]
665.4420680999756,1000,False,4,1,[-4.16123727  0.94653714  4.00000651],cruising,[-0.82138112 -0.19970136 -0.21083176]
665.4420680999756,1001,False,2,6,[1.86635009 5.30306612 4.00000473],cruising,[-0.48080528  0.59740651 -0.20557775]
665.4420680999756,1002,False,6,4,[ 8.53596718 -6.5766827   3.99999966],exiting,[ 0.5677905  -0.59831228 -0.99408226]
665.4420680999756,1003,False,3,0,[2.81730572 8.64598919 1.68561358],landing,[ 0.63925976  0.24903542 -0.34837281]
665.4420680999756,1004,False,1,5,[-3.33126837 -2.72097063  3.99999939],cruising,[-0.62185191  0.08809385  0.93462812]
665.4420680999756,1005,False,5,3,[ 8.42576493 -1.15098794  3.99999997],cruising,[ 0.50568378 -0.03156594 -0.11489306]
665.5336146354675,1000,False,4,1,[-4.27498637  1.11103985  4.00000554],cruising,[-0.82138112 -0.19970136 -0.21083176]
665.5336146354675,1001,False,2,6,[2.05315032 5.23161212 4.00000402],cruising,[-0.48080528  0.59740651 -0.20557775]
665.5336146354675,1002,False,6,4,[ 8.56052534 -6.67362029  3.99999976],exiting,[ 0.5677905  -0.59831228 -0.99408226]
665.5336146354675,1003,False,3,0,[2.8362496  8.63085133 1.58859825],landing,[ 0.63925976  0.24903542 -0.34837281]
665.5336146354675,1004,False,1,5,[-3.35428185 -2.56895208  3.99999938],cruising,[-0.62185191  0.08809385  0.93462812]
665.5336146354675,1005,False,5,3,[ 8.40593543 -1.35000249  3.99999998],cruising,[ 0.50568378 -0.03156594 -0.11489306]
665.6475648880005,1000,False,4,1,[-4.38997567  1.27467805  4.00000471],cruising,[-0.82138112 -0.19970136 -0.21083176]
665.6475648880005,1001,False,2,6,[2.24229203 5.16660896 4.00000342],cruising,[-0.48080528  0.59740651 -0.20557775]
665.6475648880005,1002,False,6,4,[ 8.58508349 -6.77055789  3.99999984],exiting,[ 0.5677905  -0.59831228 -0.99408226]
665.6475648880005,1003,False,3,0,[2.85519347 8.61571346 1.49158292],fake_landed,[ 0.63925976  0.24903542 -0.34837281]
665.6475648880005,1004,False,1,5,[-3.35876887 -2.40939894  3.99999939],cruising,[-0.62185191  0.08809385  0.93462812]
665.6475648880005,1005,False,5,3,[ 8.3839599  -1.54879151  3.99999998],cruising,[ 0.50568378 -0.03156594 -0.11489306]
665.738195180893,1000,False,4,1,[-4.50576667  1.43774995  4.000004  ],cruising,[-0.82138112 -0.19970136 -0.21083176]
665.738195180893,1001,False,2,6,[2.43602941 5.11695185 4.00000291],cruising,[-0.48080528  0.59740651 -0.20557775]
665.738195180893,1002,False,6,4,[ 8.60964165 -6.86749548  3.99999989],exiting,[ 0.5677905  -0.59831228 -0.99408226]
665.738195180893,1003,False,3,0,[2.87034857 8.60360317 1.41397065],fake_landed,[ 0.63925976  0.24903542 -0.34837281]
665.738195180893,1004,False,1,5,[-3.34505362 -2.24155863  3.99999942],cruising,[-0.62185191  0.08809385  0.93462812]
665.738195180893,1005,False,5,3,[ 8.35733842 -1.74701183  3.99999998],cruising,[ 0.50568378 -0.03156594 -0.11489306]
665.8393301963806,1000,False,4,1,[-4.62187903  1.60059319  4.0000034 ],cruising,[-0.82138112 -0.19970136 -0.21083176]
665.8393301963806,1001,False,2,6,[2.63176205 5.07585764 4.00000247],cruising,[-0.48080528  0.59740651 -0.20557775]
665.8393301963806,1002,False,6,4,[ 8.6341998  -6.96443307  3.99999994],exiting,[ 0.5677905  -0.59831228 -0.99408226]
665.8393301963806,1003,False,3,0,[2.88171489 8.59452046 1.35576145],fake_landed,[ 0.63925976  0.24903542 -0.34837281]
665.8393301963806,1004,False,1,5,[-3.31417977 -2.06344298  3.99999948],cruising,[-0.62185191  0.08809385  0.93462812]
665.8393301963806,1005,False,5,3,[ 8.32849955 -1.94492171  3.99999999],cruising,[ 0.50568378 -0.03156594 -0.11489306]
665.9434430599213,1000,False,4,1,[-4.73824102  1.76325814  4.00000289],cruising,[-0.82138112 -0.19970136 -0.21083176]
665.9434430599213,1001,False,2,6,[2.82887234 5.04198234 4.0000021 ],cruising,[-0.48080528  0.59740651 -0.20557775]
665.9434430599213,1002,False,6,4,[ 8.65875796 -7.06137067  3.99999997],landing,[ 0.5677905  -0.59831228 -0.99408226]
665.9434430599213,1003,False,3,0,[2.88929244 8.58846531 1.31695532],fake_landed,[ 0.63925976  0.24903542 -0.34837281]
665.9434430599213,1004,False,1,5,[-3.27169242 -1.86904462  3.99999956],cruising,[-0.62185191  0.08809385  0.93462812]
665.9434430599213,1005,False,5,3,[ 8.2971839  -2.14245482  3.99999999],cruising,[ 0.50568378 -0.03156594 -0.11489306]
666.0393233299255,1000,False,4,1,[-4.85450442  1.92599358  4.00000246],cruising,[-0.82138112 -0.19970136 -0.21083176]
666.0393233299255,1001,False,2,6,[3.02691491 5.01406927 4.00000178],cruising,[-0.48080528  0.59740651 -0.20557775]
666.0393233299255,1002,False,6,4,[ 8.67679592 -7.1459574   3.98568416],landing,[ 0.5677905  -0.59831228 -0.99408226]
666.0393233299255,1003,False,3,0,[2.89308122 8.58543774 1.29755225],fake_landed,[ 0.63925976  0.24903542 -0.34837281]
666.0393233299255,1004,False,1,5,[-3.24487255 -1.67085104  3.99999962],cruising,[-0.62185191  0.08809385  0.93462812]
666.0393233299255,1005,False,5,3,[ 8.26042366 -2.33904751  3.99999999],cruising,[ 0.50568378 -0.03156594 -0.11489306]
666.1387302875519,1000,False,4,1,[-4.97035267  2.08902481  4.00000209],cruising,[-0.82138112 -0.19970136 -0.21083176]
666.1387302875519,1001,False,2,6,[3.22557676 4.99097232 4.00000152],cruising,[-0.48080528  0.59740651 -0.20557775]
666.1387302875519,1002,False,6,4,[ 8.68830622 -7.21801431  3.95721232],landing,[ 0.5677905  -0.59831228 -0.99408226]
666.1387302875519,1003,False,3,0,[2.89308122 8.58543774 1.29755225],fake_landed,[ 0.63925976  0.24903542 -0.34837281]
666.1387302875519,1004,False,1,5,[-3.23448415 -1.47112102  3.99999968],cruising,[-0.62185191  0.08809385  0.93462812]
666.1387302875519,1005,False,5,3,[ 8.22096073 -2.53511555  3.99999999],cruising,[ 0.50568378 -0.03156594 -0.11489306]
666.2445607185364,1000,False,4,1,[-5.08548765  2.25256055  4.00000177],cruising,[-0.82138112 -0.19970136 -0.21083176]
666.2445607185364,1001,False,2,6,[3.42464224 4.97166085 4.00000129],cruising,[-0.48080528  0.59740651 -0.20557775]
666.2445607185364,1002,False,6,4,[ 8.69328111 -7.27732907  3.91477889],landing,[ 0.5677905  -0.59831228 -0.99408226]
666.2445607185364,1003,False,0,2,[2.89308122 8.58543774 1.29755225],waiting,[ 0.63925976  0.24903542 -0.34837281]
666.2445607185364,1004,False,1,5,[-3.23994724 -1.27119565  3.99999973],cruising,[-0.62185191  0.08809385  0.93462812]
666.2445607185364,1005,False,5,3,[ 8.17843973 -2.7305432   3.99999999],cruising,[ 0.50568378 -0.03156594 -0.11489306]
666.3455777168274,1000,False,4,1,[-5.20015742  2.41642282  4.00000151],cruising,[-0.82138112 -0.19970136 -0.21083176]
666.3455777168274,1001,False,2,6,[3.62396482 4.95521369 4.0000011 ],cruising,[-0.48080528  0.59740651 -0.20557775]
666.3455777168274,1002,False,6,4,[ 8.69171195 -7.32360471  3.85866493],landing,[ 0.5677905  -0.59831228 -0.99408226]
666.3455777168274,1003,False,0,2,[2.89308122 8.58543774 1.29755225],waiting,[ 0.63925976  0.24903542 -0.34837281]
666.3455777168274,1004,False,1,5,[-3.2592405  -1.0721284   3.99999977],cruising,[-0.62185191  0.08809385  0.93462812]
666.3455777168274,1005,False,5,3,[ 8.1290319  -2.9243443   3.99999999],cruising,[ 0.50568378 -0.03156594 -0.11489306]
666.4382507801056,1000,False,4,1,[-5.31355208  2.58117005  4.00000128],cruising,[-0.82138112 -0.19970136 -0.21083176]
666.4382507801056,1001,False,2,6,[3.82344527 4.94080709 4.00000093],cruising,[-0.48080528  0.59740651 -0.20557775]
666.4382507801056,1002,False,6,4,[ 8.68359394 -7.35661655  3.78909051],landing,[ 0.5677905  -0.59831228 -0.99408226]
666.4382507801056,1003,False,0,2,[2.89308122 8.58543774 1.29755225],waiting,[ 0.63925976  0.24903542 -0.34837281]
666.4382507801056,1004,False,1,5,[-3.29209819 -0.87484593  3.9999998 ],cruising,[-0.62185191  0.08809385  0.93462812]
666.4382507801056,1005,False,5,3,[ 8.07611726 -3.11721742  3.99999999],cruising,[ 0.50568378 -0.03156594 -0.11489306]
666.5384984016418,1000,False,4,1,[-5.42535805  2.74699956  4.00000109],cruising,[-0.82138112 -0.19970136 -0.21083176]
666.5384984016418,1001,False,2,6,[4.0230153  4.92769974 4.00000079],cruising,[-0.48080528  0.59740651 -0.20557775]
666.5384984016418,1002,False,6,4,[ 8.66892389 -7.37614172  3.7062805 ],landing,[ 0.5677905  -0.59831228 -0.99408226]
666.5384984016418,1003,False,0,2,[2.89308122 8.58543774 1.29755225],waiting,[ 0.63925976  0.24903542 -0.34837281]
666.5384984016418,1004,False,1,5,[-3.337409   -0.68004621  3.99999983],cruising,[-0.62185191  0.08809385  0.93462812]
666.5384984016418,1005,False,5,3,[ 8.01495874 -3.30763705  4.        ],cruising,[ 0.50568378 -0.03156594 -0.11489306]
666.6495740413666,1000,False,4,1,[-5.53523613  2.91411272  4.00000093],cruising,[-0.82138112 -0.19970136 -0.21083176]
666.6495740413666,1001,False,2,6,[4.22260029 4.91482207 4.00000067],cruising,[-0.48080528  0.59740651 -0.20557775]
666.6495740413666,1002,False,6,4,[ 8.64770024 -7.38195545  3.6104687 ],landing,[ 0.5677905  -0.59831228 -0.99408226]
666.6495740413666,1003,False,0,2,[2.89308122 8.58543774 1.29755225],waiting,[ 0.63925976  0.24903542 -0.34837281]
666.6495740413666,1004,False,1,5,[-3.39419718 -0.48827785  3.99999986],cruising,[-0.62185191  0.08809385  0.93462812]
666.6495740413666,1005,False,5,3,[ 7.94485452 -3.49494802  4.        ],cruising,[ 0.50568378 -0.03156594 -0.11489306]
666.7387087345123,1000,False,4,1,[-5.64280656  3.08272055  4.00000079],cruising,[-0.82138112 -0.19970136 -0.21083176]
666.7387087345123,1001,False,2,6,[4.42221117 4.90235233 4.00000057],cruising,[-0.48080528  0.59740651 -0.20557775]
666.7387087345123,1002,False,6,4,[ 8.62563402 -7.38597706  3.51301662],landing,[ 0.5677905  -0.59831228 -0.99408226]
666.7387087345123,1003,False,0,2,[2.89308122 8.58543774 1.29755225],queued,[ 0.63925976  0.24903542 -0.34837281]
666.7387087345123,1004,False,1,5,[-3.4598103  -0.29934686  3.99999988],cruising,[-0.62185191  0.08809385  0.93462812]
666.7387087345123,1005,False,5,3,[ 7.86469032 -3.67817929  4.        ],cruising,[ 0.50568378 -0.03156594 -0.11489306]
666.8380436897278,1000,False,4,1,[-5.74763141  3.25304891  4.00000067],cruising,[-0.82138112 -0.19970136 -0.21083176]
666.8380436897278,1001,False,2,6,[4.62180387 4.88959484 4.00000049],cruising,[-0.48080528  0.59740651 -0.20557775]
666.8380436897278,1002,False,6,4,[ 8.6035678  -7.38999867  3.41556454],landing,[ 0.5677905  -0.59831228 -0.99408226]
666.8380436897278,1003,False,0,2,[2.89308122 8.58543774 1.31755225],queued,[ 0.63925976  0.24903542 -0.34837281]
666.8380436897278,1004,False,1,5,[-3.53569959 -0.11430412  3.9999999 ],cruising,[-0.62185191  0.08809385  0.93462812]
666.8380436897278,1005,False,5,3,[ 7.77891003 -3.85884955  4.        ],cruising,[ 0.50568378 -0.03156594 -0.11489306]
666.9443821907043,1000,False,4,1,[-5.84919266  3.42534318  4.00000057],cruising,[-0.82138112 -0.19970136 -0.21083176]
666.9443821907043,1001,False,2,6,[4.82133446 4.87590014 4.00000041],cruising,[-0.48080528  0.59740651 -0.20557775]
666.9443821907043,1002,False,6,4,[ 8.58150158 -7.39402028  3.31811245],landing,[ 0.5677905  -0.59831228 -0.99408226]
666.9443821907043,1003,False,0,2,[2.89308122 8.58543774 1.35755225],queued,[ 0.63925976  0.24903542 -0.34837281]
666.9443821907043,1004,False,1,5,[-3.62219448  0.06602512  3.99999991],cruising,[-0.62185191  0.08809385  0.93462812]
666.9443821907043,1005,False,5,3,[ 7.67916917 -4.03220399  4.        ],cruising,[ 0.50568378 -0.03156594 -0.11489306]
667.0381648540497,1000,False,4,1,[-5.9468643   3.59987183  4.00000048],cruising,[-0.82138112 -0.19970136 -0.21083176]
667.0381648540497,1001,False,2,6,[5.02075176 4.8606443  4.00000035],cruising,[-0.48080528  0.59740651 -0.20557775]
667.0381648540497,1002,False,6,4,[ 8.55943536 -7.39804189  3.22066037],landing,[ 0.5677905  -0.59831228 -0.99408226]
667.0381648540497,1003,False,0,2,[2.89308122 8.58543774 1.41755225],queued,[ 0.63925976  0.24903542 -0.34837281]
667.0381648540497,1004,False,1,5,[-3.71631343  0.24249501  3.99999993],cruising,[-0.62185191  0.08809385  0.93462812]
667.0381648540497,1005,False,5,3,[ 7.56288174 -4.19432405  4.        ],cruising,[ 0.50568378 -0.03156594 -0.11489306]
667.1386671066284,1000,False,4,1,[-6.03987574  3.77692796  4.00000041],cruising,[-0.82138112 -0.19970136 -0.21083176]
667.1386671066284,1001,False,2,6,[5.22008065 4.84427381 4.0000003 ],cruising,[-0.48080528  0.59740651 -0.20557775]
667.1386671066284,1002,False,6,4,[ 8.53736913 -7.4020635   3.12320829],landing,[ 0.5677905  -0.59831228 -0.99408226]
667.1386671066284,1003,False,0,2,[2.89308122 8.58543774 1.49255225],queued,[ 0.63925976  0.24903542 -0.34837281]
667.1386671066284,1004,False,1,5,[-3.81646205  0.4156142   3.99999994],cruising,[-0.62185191  0.08809385  0.93462812]
667.1386671066284,1005,False,5,3,[ 7.43131631 -4.34353743  4.        ],cruising,[ 0.50568378 -0.03156594 -0.11489306]
667.2450501918793,1000,False,4,1,[-6.12726318  3.95682636  4.00000035],cruising,[-0.82138112 -0.19970136 -0.21083176]
667.2450501918793,1001,False,2,6,[5.41916796 4.82518864 4.00000025],cruising,[-0.48080528  0.59740651 -0.20557775]
667.2450501918793,1002,False,6,4,[ 8.51530291 -7.40608511  3.0257562 ],landing,[ 0.5677905  -0.59831228 -0.99408226]
667.2450501918793,1003,False,0,2,[2.89308122 8.58543774 1.56755225],queued,[ 0.63925976  0.24903542 -0.34837281]
667.2450501918793,1004,False,1,5,[-3.92133163  0.58591503  3.99999995],cruising,[-0.62185191  0.08809385  0.93462812]
667.2450501918793,1005,False,5,3,[ 7.28634073 -4.47791276  4.        ],cruising,[ 0.50568378 -0.03156594 -0.11489306]
667.3384299278259,1000,False,4,1,[-6.2078046   4.13989214  4.0000003 ],cruising,[-0.82138112 -0.19970136 -0.21083176]
667.3384299278259,1001,False,2,6,[5.61790158 4.80271753 4.00000022],exiting,[-0.48080528  0.59740651 -0.20557775]
667.3384299278259,1002,False,6,4,[ 8.49323669 -7.41010672  2.92830412],landing,[ 0.5677905  -0.59831228 -0.99408226]
667.3384299278259,1003,False,0,2,[2.89308122 8.58543774 1.64255225],queued,[ 0.63925976  0.24903542 -0.34837281]
667.3384299278259,1004,False,1,5,[-4.03090195  0.75323013  3.99999995],cruising,[-0.62185191  0.08809385  0.93462812]
667.3384299278259,1005,False,5,3,[ 7.13033268 -4.59560622  4.        ],cruising,[ 0.50568378 -0.03156594 -0.11489306]
667.4383015632629,1000,False,4,1,[-6.2799331   4.32643296  4.00000025],cruising,[-0.82138112 -0.19970136 -0.21083176]
667.4383015632629,1001,False,2,6,[5.80051783 4.79208832 4.00000018],exiting,[-0.48080528  0.59740651 -0.20557775]
667.4383015632629,1002,False,6,4,[ 8.47117047 -7.41412833  2.83085204],landing,[ 0.5677905  -0.59831228 -0.99408226]
667.4383015632629,1003,False,0,2,[2.89308122 8.58543774 1.71755225],queued,[ 0.63925976  0.24903542 -0.34837281]
667.4383015632629,1004,False,1,5,[-4.14279335  0.91900201  3.99999996],cruising,[-0.62185191  0.08809385  0.93462812]
667.4383015632629,1005,False,5,3,[ 6.9654428  -4.69538004  4.        ],cruising,[ 0.50568378 -0.03156594 -0.11489306]
667.5378482341766,1000,False,4,1,[-6.336056    4.51839707  4.00000021],cruising,[-0.82138112 -0.19970136 -0.21083176]
667.5378482341766,1001,False,2,6,[5.96699788 4.79327533 4.00000014],exiting,[-0.48080528  0.59740651 -0.20557775]
667.5378482341766,1002,False,6,4,[ 8.44910424 -7.41814994  2.73339995],landing,[ 0.5677905  -0.59831228 -0.99408226]
667.5378482341766,1003,False,0,2,[2.89308122 8.58543774 1.79255225],queued,[ 0.63925976  0.24903542 -0.34837281]
667.5378482341766,1004,False,1,5,[-4.25641762  1.08359096  3.99999997],cruising,[-0.62185191  0.08809385  0.93462812]
667.5378482341766,1005,False,5,3,[ 6.79383496 -4.7763159   4.        ],cruising,[ 0.50568378 -0.03156594 -0.11489306]
667.6382782459259,1000,False,4,1,[-6.37877729  4.71378103  4.00000018],cruising,[-0.82138112 -0.19970136 -0.21083176]
667.6382782459259,1001,False,2,6,[6.11731654 4.80624407 4.00000011],exiting,[-0.48080528  0.59740651 -0.20557775]
667.6382782459259,1002,False,6,4,[ 8.42703802 -7.42217154  2.63594787],landing,[ 0.5677905  -0.59831228 -0.99408226]
667.6382782459259,1003,False,0,2,[2.89308122 8.58543774 1.86755225],queued,[ 0.63925976  0.24903542 -0.34837281]
667.6382782459259,1004,False,1,5,[-4.37086488  1.24760872  3.99999997],cruising,[-0.62185191  0.08809385  0.93462812]
667.6382782459259,1005,False,5,3,[ 6.61749484 -4.83781969  4.        ],cruising,[ 0.50568378 -0.03156594 -0.11489306]
667.737939119339,1000,False,4,1,[-6.40171787  4.91211861  4.00000015],cruising,[-0.82138112 -0.19970136 -0.21083176]
667.737939119339,1001,False,2,6,[6.25144003 4.83094809 4.00000007],exiting,[-0.48080528  0.59740651 -0.20557775]
667.737939119339,1002,False,6,4,[ 8.4049718  -7.42619315  2.53849579],landing,[ 0.5677905  -0.59831228 -0.99408226]
667.737939119339,1003,False,0,2,[2.89308122 8.58543774 1.94255225],queued,[ 0.63925976  0.24903542 -0.34837281]
667.737939119339,1004,False,1,5,[-4.48637285  1.41088122  3.99999998],cruising,[-0.62185191  0.08809385  0.93462812]
667.737939119339,1005,False,5,3,[ 6.43868178 -4.87947695  4.        ],cruising,[ 0.50568378 -0.03156594 -0.11489306]
667.8405041694641,1000,False,4,1,[-6.40466125  5.11079019  4.00000013],cruising,[-0.82138112 -0.19970136 -0.21083176]
667.8405041694641,1001,False,2,6,[6.36932027 4.86732074 4.00000004],exiting,[-0.48080528  0.59740651 -0.20557775]
667.8405041694641,1002,False,6,4,[ 8.38290558 -7.43021476  2.44104371],landing,[ 0.5677905  -0.59831228 -0.99408226]
667.8405041694641,1003,False,0,2,[2.89308122 8.58543774 2.01755225],queued,[ 0.63925976  0.24903542 -0.34837281]
667.8405041694641,1004,False,1,5,[-4.60250212  1.5737124   3.99999998],cruising,[-0.62185191  0.08809385  0.93462812]
667.8405041694641,1005,False,5,3,[ 6.25910641 -4.90114875  4.        ],cruising,[ 0.50568378 -0.03156594 -0.11489306]
667.9522595405579,1000,False,4,1,[-6.38774506  5.30709577  4.0000001 ],cruising,[-0.82138112 -0.19970136 -0.21083176]
667.9522595405579,1001,False,2,6,[6.47089534 4.91527532 4.00000002],exiting,[-0.48080528  0.59740651 -0.20557775]
667.9522595405579,1002,False,6,4,[ 8.36083936 -7.43423637  2.34359162],landing,[ 0.5677905  -0.59831228 -0.99408226]
667.9522595405579,1003,False,0,2,[2.89308122 8.58543774 2.09255225],queued,[ 0.63925976  0.24903542 -0.34837281]
667.9522595405579,1004,False,1,5,[-4.71887291  1.73637106  3.99999998],cruising,[-0.62185191  0.08809385  0.93462812]
667.9522595405579,1005,False,5,3,[ 6.07979573 -4.90282229  4.        ],cruising,[ 0.50568378 -0.03156594 -0.11489306]
668.0489263534546,1000,False,4,1,[-6.35142768  5.49854406  4.00000008],cruising,[-0.82138112 -0.19970136 -0.21083176]
668.0489263534546,1001,False,2,6,[6.55611613 4.97474241 4.        ],exiting,[-0.48080528  0.59740651 -0.20557775]
668.0489263534546,1002,False,6,4,[ 8.33877313 -7.43825798  2.24613954],landing,[ 0.5677905  -0.59831228 -0.99408226]
668.0489263534546,1003,False,0,2,[2.89308122 8.58543774 2.16755225],queued,[ 0.63925976  0.24903542 -0.34837281]
668.0489263534546,1004,False,1,5,[-4.83514863  1.89909769  3.99999999],cruising,[-0.62185191  0.08809385  0.93462812]
668.0489263534546,1005,False,5,3,[ 5.90202249 -4.88455502  4.        ],cruising,[ 0.50568378 -0.03156594 -0.11489306]
668.1380076408386,1000,False,4,1,[-6.29645053  5.68279418  4.00000006],cruising,[-0.82138112 -0.19970136 -0.21083176]
668.1380076408386,1001,False,2,6,[6.62493089 5.04564811 3.99999998],exiting,[-0.48080528  0.59740651 -0.20557775]
668.1380076408386,1002,False,6,4,[ 8.31670691 -7.44227959  2.14868746],landing,[ 0.5677905  -0.59831228 -0.99408226]
668.1380076408386,1003,False,0,2,[2.89308122 8.58543774 2.24255225],queued,[ 0.63925976  0.24903542 -0.34837281]
668.1380076408386,1004,False,1,5,[-4.95102175  2.06211125  3.99999999],cruising,[-0.62185191  0.08809385  0.93462812]
668.1380076408386,1005,False,5,3,[ 5.72681845 -4.84645346  4.        ],cruising,[ 0.50568378 -0.03156594 -0.11489306]
668.2372996807098,1000,False,4,1,[-6.22372275  5.85782938  4.00000004],cruising,[-0.82138112 -0.19970136 -0.21083176]
668.2372996807098,1001,False,2,6,[6.677286   5.12791515 3.99999998],exiting,[-0.48080528  0.59740651 -0.20557775]
668.2372996807098,1002,False,6,4,[ 8.29464069 -7.4463012   2.05123537],landing,[ 0.5677905  -0.59831228 -0.99408226]
668.2372996807098,1003,False,0,2,[2.89308122 8.58543774 2.31755225],queued,[ 0.63925976  0.24903542 -0.34837281]
668.2372996807098,1004,False,1,5,[-5.06658954  2.22534141  3.99999999],cruising,[-0.62185191  0.08809385  0.93462812]
668.2372996807098,1005,False,5,3,[ 5.55451593 -4.78856348  4.        ],cruising,[ 0.50568378 -0.03156594 -0.11489306]
668.346700668335,1000,False,4,1,[-6.13446182  6.02161048  4.00000003],cruising,[-0.82138112 -0.19970136 -0.21083176]
668.346700668335,1001,False,2,6,[6.7137782  5.22101897 3.99999998],exiting,[-0.48080528  0.59740651 -0.20557775]
668.346700668335,1002,False,6,4,[ 8.27257447 -7.45032281  1.95378329],landing,[ 0.5677905  -0.59831228 -0.99408226]
668.346700668335,1003,False,0,2,[2.89308122 8.58543774 2.39255225],entering,[ 0.63925976  0.24903542 -0.34837281]
668.346700668335,1004,False,1,5,[-5.18122922  2.38922473  3.99999999],cruising,[-0.62185191  0.08809385  0.93462812]
668.346700668335,1005,False,5,3,[ 5.38558281 -4.71095937  4.        ],cruising,[ 0.50568378 -0.03156594 -0.11489306]
668.4467389583588,1000,False,4,1,[-6.02967319  6.17278639  4.00000001],cruising,[-0.82138112 -0.19970136 -0.21083176]
668.4467389583588,1001,False,2,6,[6.7502704  5.31412278 3.99999999],exiting,[-0.48080528  0.59740651 -0.20557775]
668.4467389583588,1002,False,6,4,[ 8.25050824 -7.45434442  1.85633121],landing,[ 0.5677905  -0.59831228 -0.99408226]
668.4467389583588,1003,False,0,2,[2.8894679  8.56576685 2.46755225],entering,[ 0.63925976  0.24903542 -0.34837281]
668.4467389583588,1004,False,1,5,[-5.29464061  2.55396045  3.99999999],cruising,[-0.62185191  0.08809385  0.93462812]
668.4467389583588,1005,False,5,3,[ 5.21917511 -4.61351534  4.        ],cruising,[ 0.50568378 -0.03156594 -0.11489306]
668.540843963623,1000,False,4,1,[-5.91027311  6.3103056   4.        ],cruising,[-0.82138112 -0.19970136 -0.21083176]
668.540843963623,1001,False,2,6,[6.78676259 5.40722659 3.99999999],exiting,[-0.48080528  0.59740651 -0.20557775]
668.540843963623,1002,False,6,4,[ 8.22844202 -7.45836603  1.75887912],landing,[ 0.5677905  -0.59831228 -0.99408226]
668.540843963623,1003,False,0,2,[2.88226579 8.52642058 2.54255225],entering,[ 0.63925976  0.24903542 -0.34837281]
668.540843963623,1004,False,1,5,[-5.40651184  2.71974594  3.99999999],cruising,[-0.62185191  0.08809385  0.93462812]
668.540843963623,1005,False,5,3,[ 5.05231227 -4.5032575   4.        ],cruising,[ 0.50568378 -0.03156594 -0.11489306]
668.6377017498016,1000,False,4,1,[-5.77714782  6.43327769  3.99999999],cruising,[-0.82138112 -0.19970136 -0.21083176]
668.6377017498016,1001,False,2,6,[6.82325479 5.5003304  3.99999999],exiting,[-0.48080528  0.59740651 -0.20557775]
668.6377017498016,1002,False,6,4,[ 8.2063758  -7.46238764  1.66142704],landing,[ 0.5677905  -0.59831228 -0.99408226]
668.6377017498016,1003,False,0,2,[2.87172108 8.46735561 2.61755225],entering,[ 0.63925976  0.24903542 -0.34837281]
668.6377017498016,1004,False,1,5,[-5.51650631  2.88678251  3.99999999],cruising,[-0.62185191  0.08809385  0.93462812]
668.6377017498016,1005,False,5,3,[ 4.88036907 -4.40110302  4.        ],cruising,[ 0.50568378 -0.03156594 -0.11489306]
668.7376592159271,1000,False,4,1,[-5.63112058  6.54096778  3.99999999],cruising,[-0.82138112 -0.19970136 -0.21083176]
668.7376592159271,1001,False,2,6,[6.85974698 5.59343421 3.99999999],exiting,[-0.48080528  0.59740651 -0.20557775]
668.7376592159271,1002,False,6,4,[ 8.18430958 -7.46640924  1.56397496],landing,[ 0.5677905  -0.59831228 -0.99408226]
668.7376592159271,1003,False,0,2,[2.85800998 8.38854289 2.69255225],entering,[ 0.63925976  0.24903542 -0.34837281]
668.7376592159271,1004,False,1,5,[-5.6254129  3.0545304  4.       ],cruising,[-0.62185191  0.08809385  0.93462812]
668.7376592159271,1005,False,5,3,[ 4.70554341 -4.30396401  4.        ],cruising,[ 0.50568378 -0.03156594 -0.11489306]
668.846620798111,1000,False,4,1,[-5.47291792  6.63279095  3.99999998],cruising,[-0.82138112 -0.19970136 -0.21083176]
668.846620798111,1001,False,2,6,[6.89623918 5.68653802 3.99999999],exiting,[-0.48080528  0.59740651 -0.20557775]
668.846620798111,1002,False,6,4,[ 8.16224336 -7.47043085  1.46652287],fake_landed,[ 0.5677905  -0.59831228 -0.99408226]
668.846620798111,1003,False,0,2,[2.84137062 8.28994569 2.76755225],entering,[ 0.63925976  0.24903542 -0.34837281]
668.846620798111,1004,False,1,5,[-5.73160094  3.22401226  4.        ],cruising,[-0.62185191  0.08809385  0.93462812]
668.846620798111,1005,False,5,3,[ 4.52764611 -4.21257173  4.        ],cruising,[ 0.50568378 -0.03156594 -0.11489306]
668.9394781589508,1000,False,4,1,[-5.30312544  6.70831454  3.99999998],cruising,[-0.82138112 -0.19970136 -0.21083176]
668.9394781589508,1001,False,2,6,[6.93273137 5.77964183 3.99999999],exiting,[-0.48080528  0.59740651 -0.20557775]
668.9394781589508,1002,False,6,4,[ 8.14459038 -7.47364814  1.38856121],fake_landed,[ 0.5677905  -0.59831228 -0.99408226]
668.9394781589508,1003,False,0,2,[2.82272969 8.1714489  2.84255225],entering,[ 0.63925976  0.24903542 -0.34837281]
668.9394781589508,1004,False,1,5,[-5.83460137  3.39545004  4.        ],cruising,[-0.62185191  0.08809385  0.93462812]
668.9394781589508,1005,False,5,3,[ 4.34813529 -4.12439085  4.        ],cruising,[ 0.50568378 -0.03156594 -0.11489306]
669.0522875785828,1000,False,4,1,[-5.1221496   6.76725705  3.99999998],cruising,[-0.82138112 -0.19970136 -0.21083176]
669.0522875785828,1001,False,2,6,[6.96922357 5.87274565 4.        ],exiting,[-0.48080528  0.59740651 -0.20557775]
669.0522875785828,1002,False,6,4,[ 8.13135064 -7.47606111  1.33008996],fake_landed,[ 0.5677905  -0.59831228 -0.99408226]
669.0522875785828,1003,False,0,2,[2.80326557 8.03296906 2.91755225],entering,[ 0.63925976  0.24903542 -0.34837281]
669.0522875785828,1004,False,1,5,[-5.93384468  3.56908979  4.        ],cruising,[-0.62185191  0.08809385  0.93462812]
669.0522875785828,1005,False,5,3,[ 4.16681994 -4.03998266  4.        ],cruising,[ 0.50568378 -0.03156594 -0.11489306]
669.1377310752869,1000,False,4,1,[-4.9304657   6.80930762  3.99999998],cruising,[-0.82138112 -0.19970136 -0.21083176]
669.1377310752869,1001,False,2,6,[7.00571576 5.96584946 4.        ],exiting,[-0.48080528  0.59740651 -0.20557775]
669.1377310752869,1002,False,6,4,[ 8.12252416 -7.47766975  1.29110912],fake_landed,[ 0.5677905  -0.59831228 -0.99408226]
669.1377310752869,1003,False,0,2,[2.78475716 7.87451207 2.99255225],entering,[ 0.63925976  0.24903542 -0.34837281]
669.1377310752869,1004,False,1,5,[-6.02862889  3.74520326  4.        ],cruising,[-0.62185191  0.08809385  0.93462812]
669.1377310752869,1005,False,5,3,[ 3.98459641 -3.95755338  4.        ],cruising,[ 0.50568378 -0.03156594 -0.11489306]
669.2386255264282,1000,False,4,1,[-4.73398131  6.84664237  3.99999998],cruising,[-0.82138112 -0.19970136 -0.21083176]
669.2386255264282,1001,False,2,6,[7.04220796 6.05895327 4.        ],exiting,[-0.48080528  0.59740651 -0.20557775]
669.2386255264282,1002,False,6,4,[ 8.11811091 -7.47847407  1.27161871],fake_landed,[ 0.5677905  -0.59831228 -0.99408226]
669.2386255264282,1003,False,0,2,[2.76879944 7.69621839 3.06755225],entering,[ 0.63925976  0.24903542 -0.34837281]
669.2386255264282,1004,False,1,5,[-6.11807679  3.92408611  4.        ],cruising,[-0.62185191  0.08809385  0.93462812]
669.2386255264282,1005,False,5,3,[ 3.80128544 -3.87757158  4.        ],cruising,[ 0.50568378 -0.03156594 -0.11489306]
669.3378491401672,1000,False,4,1,[-4.53843692  6.8886232   3.99999999],cruising,[-0.82138112 -0.19970136 -0.21083176]
669.3378491401672,1001,False,2,6,[7.07870015 6.15205708 4.        ],exiting,[-0.48080528  0.59740651 -0.20557775]
669.3378491401672,1002,False,6,4,[ 8.11811091 -7.47847407  1.27161871],fake_landed,[ 0.5677905  -0.59831228 -0.99408226]
669.3378491401672,1003,False,0,2,[2.76297441 7.5006815  3.14255225],entering,[ 0.63925976  0.24903542 -0.34837281]
669.3378491401672,1004,False,1,5,[-6.20107881  4.10604947  4.        ],cruising,[-0.62185191  0.08809385  0.93462812]
669.3378491401672,1005,False,5,3,[ 3.61739203 -3.79893817  4.        ],cruising,[ 0.50568378 -0.03156594 -0.11489306]
669.438601732254,1000,False,4,1,[-4.34357278  6.93365615  3.99999999],cruising,[-0.82138112 -0.19970136 -0.21083176]
669.438601732254,1001,False,2,6,[7.11519235 6.24516089 4.        ],exiting,[-0.48080528  0.59740651 -0.20557775]
669.438601732254,1002,False,4,0,[ 8.11811091 -7.47847407  1.27161871],waiting,[ 0.5677905  -0.59831228 -0.99408226]
669.438601732254,1003,False,0,2,[2.76794265 7.30074322 3.21755225],entering,[ 0.63925976  0.24903542 -0.34837281]
669.438601732254,1004,False,1,5,[-6.27197603  4.29306173  4.        ],cruising,[-0.62185191  0.08809385  0.93462812]
669.438601732254,1005,False,5,3,[ 3.43279134 -3.72197983  4.        ],cruising,[ 0.50568378 -0.03156594 -0.11489306]
669.5385639667511,1000,False,4,1,[-4.1490902   6.98030941  3.99999999],cruising,[-0.82138112 -0.19970136 -0.21083176]
669.5385639667511,1001,False,2,6,[7.15168454 6.3382647  4.        ],exiting,[-0.48080528  0.59740651 -0.20557775]
669.5385639667511,1002,False,4,0,[ 8.11811091 -7.47847407  1.27161871],waiting,[ 0.5677905  -0.59831228 -0.99408226]
669.5385639667511,1003,False,0,2,[2.7864957  7.10160562 3.29255225],entering,[ 0.63925976  0.24903542 -0.34837281]
669.5385639667511,1004,False,1,5,[-6.33302095  4.4835178   4.        ],exiting,[-0.62185191  0.08809385  0.93462812]
669.5385639667511,1005,False,5,3,[ 3.2476996  -3.64621013  4.        ],cruising,[ 0.50568378 -0.03156594 -0.11489306]
669.6388428211212,1000,False,4,1,[-3.95469927  7.02734308  3.99999999],cruising,[-0.82138112 -0.19970136 -0.21083176]
669.6388428211212,1001,False,2,6,[7.18817674 6.43136851 4.        ],exiting,[-0.48080528  0.59740651 -0.20557775]
669.6388428211212,1002,False,4,0,[ 8.11811091 -7.47847407  1.27161871],waiting,[ 0.5677905  -0.59831228 -0.99408226]
669.6388428211212,1003,False,0,2,[2.82190669 6.90476543 3.36755225],entering,[ 0.63925976  0.24903542 -0.34837281]
669.6388428211212,1004,False,1,5,[-6.39373532  4.65397661  4.        ],exiting,[-0.62185191  0.08809385  0.93462812]
669.6388428211212,1005,False,5,3,[ 3.06207872 -3.57174613  4.        ],cruising,[ 0.50568378 -0.03156594 -0.11489306]
669.7374053001404,1000,False,4,1,[-3.75958333  7.07127223  3.99999999],cruising,[-0.82138112 -0.19970136 -0.21083176]
669.7374053001404,1001,False,2,6,[7.22466893 6.52447233 4.        ],exiting,[-0.48080528  0.59740651 -0.20557775]
669.7374053001404,1002,False,4,0,[ 8.11811091 -7.47847407  1.27161871],waiting,[ 0.5677905  -0.59831228 -0.99408226]
669.7374053001404,1003,False,0,2,[2.86924744 6.71044905 3.44255225],entering,[ 0.63925976  0.24903542 -0.34837281]
669.7374053001404,1004,False,1,5,[-6.45434049  4.80443572  4.        ],exiting,[-0.62185191  0.08809385  0.93462812]
669.7374053001404,1005,False,5,3,[ 2.87590614 -3.4986724   4.        ],cruising,[ 0.50568378 -0.03156594 -0.11489306]
669.8381090164185,1000,False,4,1,[-3.56421333  7.1140573   3.99999999],cruising,[-0.82138112 -0.19970136 -0.21083176]
669.8381090164185,1001,False,2,6,[7.26116113 6.61757614 4.        ],exiting,[-0.48080528  0.59740651 -0.20557775]
669.8381090164185,1002,False,4,0,[ 8.11811091 -7.47847407  1.27161871],waiting,[ 0.5677905  -0.59831228 -0.99408226]
669.8381090164185,1003,False,0,2,[2.93275583 6.5208002  3.51755225],entering,[ 0.63925976  0.24903542 -0.34837281]
669.8381090164185,1004,False,1,5,[-6.51514775  4.93489585  4.        ],exiting,[-0.62185191  0.08809385  0.93462812]
669.8381090164185,1005,False,5,3,[ 2.68907236 -3.42730615  4.        ],cruising,[ 0.50568378 -0.03156594 -0.11489306]
669.9381277561188,1000,False,4,1,[-3.3684037   7.1547831   3.99999999],cruising,[-0.82138112 -0.19970136 -0.21083176]
669.9381277561188,1001,False,2,6,[7.29765332 6.71067995 4.        ],exiting,[-0.48080528  0.59740651 -0.20557775]
669.9381277561188,1002,False,4,0,[ 8.11811091 -7.47847407  1.27161871],waiting,[ 0.5677905  -0.59831228 -0.99408226]
669.9381277561188,1003,False,0,2,[3.00896068 6.3358872  3.58991942],entering,[ 0.63925976  0.24903542 -0.34837281]
669.9381277561188,1004,False,1,5,[-6.57648823  5.04536309  4.        ],exiting,[-0.62185191  0.08809385  0.93462812]
669.9381277561188,1005,False,5,3,[ 2.50173544 -3.35727132  4.        ],cruising,[ 0.50568378 -0.03156594 -0.11489306]
670.0465068817139,1000,False,4,1,[-3.17154377  7.19008421  4.        ],cruising,[-0.82138112 -0.19970136 -0.21083176]
670.0465068817139,1001,False,2,6,[7.33414552 6.80378376 4.        ],exiting,[-0.48080528  0.59740651 -0.20557775]
670.0465068817139,1002,False,4,0,[ 8.11811091 -7.47847407  1.27161871],waiting,[ 0.5677905  -0.59831228 -0.99408226]
670.0465068817139,1003,False,0,2,[3.10061212 6.15815229 3.6518043 ],entering,[ 0.63925976  0.24903542 -0.34837281]
670.0465068817139,1004,False,1,5,[-6.63867406  5.1358482   4.        ],exiting,[-0.62185191  0.08809385  0.93462812]
670.0465068817139,1005,False,5,3,[ 2.31352459 -3.2896202   4.        ],cruising,[ 0.50568378 -0.03156594 -0.11489306]
670.1444635391235,1000,False,4,1,[-2.97411991  7.2220814   4.        ],cruising,[-0.82138112 -0.19970136 -0.21083176]
670.1444635391235,1001,False,2,6,[7.37063771 6.89688757 4.        ],exiting,[-0.48080528  0.59740651 -0.20557775]
670.1444635391235,1002,False,4,0,[ 8.11811091 -7.47847407  1.27161871],waiting,[ 0.5677905  -0.59831228 -0.99408226]
670.1444635391235,1003,False,0,2,[3.20642426 5.9884355  3.70403366],entering,[ 0.63925976  0.24903542 -0.34837281]
670.1444635391235,1004,False,1,5,[-6.70160905  5.21356041  4.        ],exiting,[-0.62185191  0.08809385  0.93462812]
670.1444635391235,1005,False,5,3,[ 2.12428886 -3.22489122  4.        ],cruising,[ 0.50568378 -0.03156594 -0.11489306]
670.2373299598694,1000,False,4,1,[-2.77568442  7.24704848  4.        ],cruising,[-0.82138112 -0.19970136 -0.21083176]
670.2373299598694,1001,False,2,6,[7.40712991 6.98999138 4.        ],exiting,[-0.48080528  0.59740651 -0.20557775]
670.2373299598694,1002,False,4,0,[ 8.11811091 -7.47847407  1.27161871],waiting,[ 0.5677905  -0.59831228 -0.99408226]
670.2373299598694,1003,False,0,2,[3.327454   5.82924814 3.74867648],entering,[ 0.63925976  0.24903542 -0.34837281]
670.2373299598694,1004,False,1,5,[-6.76454403  5.29127262  4.        ],exiting,[-0.62185191  0.08809385  0.93462812]
670.2373299598694,1005,False,5,3,[ 1.93441058 -3.16207213  4.        ],cruising,[ 0.50568378 -0.03156594 -0.11489306]
670.3435142040253,1000,False,4,1,[-2.5767026   7.26720371  4.        ],cruising,[-0.82138112 -0.19970136 -0.21083176]
670.3435142040253,1001,False,2,6,[7.4436221  7.08309519 4.        ],exiting,[-0.48080528  0.59740651 -0.20557775]
670.3435142040253,1002,False,4,0,[ 8.11811091 -7.47847407  1.27161871],waiting,[ 0.5677905  -0.59831228 -0.99408226]
670.3435142040253,1003,False,0,2,[3.46265541 5.68186911 3.786375  ],entering,[ 0.63925976  0.24903542 -0.34837281]
670.3435142040253,1004,False,1,5,[-6.82747902  5.36898482  4.        ],exiting,[-0.62185191  0.08809385  0.93462812]
670.3435142040253,1005,False,5,3,[ 1.74314544 -3.10361148  4.        ],cruising,[ 0.50568378 -0.03156594 -0.11489306]
670.4381444454193,1000,False,4,1,[-2.37698936  7.27790992  4.        ],cruising,[-0.82138112 -0.19970136 -0.21083176]
670.4381444454193,1001,False,2,6,[7.4801143 7.176199  4.       ],exiting,[-0.48080528  0.59740651 -0.20557775]
670.4381444454193,1002,False,4,0,[ 8.11811091 -7.47847407  1.27161871],waiting,[ 0.5677905  -0.59831228 -0.99408226]
670.4381444454193,1003,False,0,2,[3.61137192 5.54820076 3.81865512],entering,[ 0.63925976  0.24903542 -0.34837281]
670.4381444454193,1004,False,1,5,[-6.89041401  5.44669703  4.        ],exiting,[-0.62185191  0.08809385  0.93462812]
670.4381444454193,1005,False,5,3,[ 1.5503065  -3.05057242  4.        ],cruising,[ 0.50568378 -0.03156594 -0.11489306]
670.5450119972229,1000,False,4,1,[-2.17699052  7.27722878  4.        ],cruising,[-0.82138112 -0.19970136 -0.21083176]
670.5450119972229,1001,False,2,6,[7.51660649 7.26930282 4.        ],exiting,[-0.48080528  0.59740651 -0.20557775]
670.5450119972229,1002,False,4,0,[ 8.11811091 -7.47847407  1.27161871],waiting,[ 0.5677905  -0.59831228 -0.99408226]
670.5450119972229,1003,False,0,2,[3.77234019 5.42950792 3.84587278],cruising,[ 0.63925976  0.24903542 -0.34837281]
670.5450119972229,1004,False,1,5,[-6.953349    5.52440924  4.        ],exiting,[-0.62185191  0.08809385  0.93462812]
670.5450119972229,1005,False,5,3,[ 1.35570913 -3.00440032  4.        ],cruising,[ 0.50568378 -0.03156594 -0.11489306]
670.6907148361206,1000,False,4,1,[-1.97802432  7.25691988  4.        ],cruising,[-0.82138112 -0.19970136 -0.21083176]
670.6907148361206,1001,False,2,6,[7.55309869 7.36240663 4.        ],exiting,[-0.48080528  0.59740651 -0.20557775]
670.6907148361206,1002,False,4,0,[ 8.11811091 -7.47847407  1.27161871],waiting,[ 0.5677905  -0.59831228 -0.99408226]
670.6907148361206,1003,False,0,2,[3.94380884 5.32655889 3.86899186],cruising,[ 0.63925976  0.24903542 -0.34837281]
670.6907148361206,1004,False,1,5,[-7.01628398  5.60212145  4.        ],exiting,[-0.62185191  0.08809385  0.93462812]
670.6907148361206,1005,False,5,3,[ 1.15921788 -2.96710169  4.        ],cruising,[ 0.50568378 -0.03156594 -0.11489306]
670.7951302528381,1000,False,4,1,[-1.78068905  7.2243808   4.        ],cruising,[-0.82138112 -0.19970136 -0.21083176]
670.7951302528381,1001,False,2,6,[7.58959088 7.45551044 4.        ],exiting,[-0.48080528  0.59740651 -0.20557775]
670.7951302528381,1002,False,4,0,[ 8.11811091 -7.47847407  1.27161871],waiting,[ 0.5677905  -0.59831228 -0.99408226]
670.7951302528381,1003,False,0,2,[4.12311509 5.2379628  3.88864309],cruising,[ 0.63925976  0.24903542 -0.34837281]
670.7951302528381,1004,False,1,5,[-7.07921897  5.67983366  4.        ],exiting,[-0.62185191  0.08809385  0.93462812]
670.7951302528381,1005,False,5,3,[ 0.9601267  -2.94805689  4.        ],cruising,[ 0.50568378 -0.03156594 -0.11489306]
670.8965330123901,1000,False,4,1,[-1.5870703   7.17426314  4.        ],cruising,[-0.82138112 -0.19970136 -0.21083176]
670.8965330123901,1001,False,2,6,[7.62608308 7.54861425 4.        ],exiting,[-0.48080528  0.59740651 -0.20557775]
670.8965330123901,1002,False,4,0,[ 8.11811091 -7.47847407  1.27161871],waiting,[ 0.5677905  -0.59831228 -0.99408226]
670.8965330123901,1003,False,0,2,[4.30854476 5.16302391 3.90534662],cruising,[ 0.63925976  0.24903542 -0.34837281]
670.8965330123901,1004,False,1,5,[-7.14215396  5.75754587  4.        ],exiting,[-0.62185191  0.08809385  0.93462812]
670.8965330123901,1005,False,5,3,[ 0.76022119 -2.94190997  4.        ],cruising,[ 0.50568378 -0.03156594 -0.11489306]
670.9977712631226,1000,False,4,1,[-1.39785767  7.1094667   4.        ],cruising,[-0.82138112 -0.19970136 -0.21083176]
670.9977712631226,1001,False,2,6,[7.66257527 7.64171806 4.        ],exiting,[-0.48080528  0.59740651 -0.20557775]
670.9977712631226,1002,False,4,0,[ 8.11811091 -7.47847407  1.27161871],queued,[ 0.5677905  -0.59831228 -0.99408226]
670.9977712631226,1003,False,0,2,[4.49822619 5.09961289 3.91954463],cruising,[ 0.63925976  0.24903542 -0.34837281]
670.9977712631226,1004,False,1,5,[-7.20508895  5.83525807  4.        ],exiting,[-0.62185191  0.08809385  0.93462812]
670.9977712631226,1005,False,5,3,[ 0.56043806 -2.9512215   4.        ],cruising,[ 0.50568378 -0.03156594 -0.11489306]
671.0968635082245,1000,False,4,1,[-1.21315499  7.03275345  4.        ],cruising,[-0.82138112 -0.19970136 -0.21083176]
671.0968635082245,1001,False,2,6,[7.69906747 7.73482187 4.        ],exiting,[-0.48080528  0.59740651 -0.20557775]
671.0968635082245,1002,False,4,0,[ 8.11811091 -7.47847407  1.29161871],queued,[ 0.5677905  -0.59831228 -0.99408226]
671.0968635082245,1003,False,0,2,[4.69074596 5.04542675 3.93161293],cruising,[ 0.63925976  0.24903542 -0.34837281]
671.0968635082245,1004,False,1,5,[-7.26802393  5.91297028  4.        ],exiting,[-0.62185191  0.08809385  0.93462812]
671.0968635082245,1005,False,5,3,[ 0.36190954 -2.97543772  4.        ],cruising,[ 0.50568378 -0.03156594 -0.11489306]
671.1971051692963,1000,False,4,1,[-1.03265603  6.9466133   4.        ],cruising,[-0.82138112 -0.19970136 -0.21083176]
671.1971051692963,1001,False,2,6,[7.73555967 7.82792568 4.        ],exiting,[-0.48080528  0.59740651 -0.20557775]
671.1971051692963,1002,False,4,0,[ 8.11811091 -7.47847407  1.33161871],queued,[ 0.5677905  -0.59831228 -0.99408226]
671.1971051692963,1003,False,0,2,[4.88522557 4.99876112 3.94187099],cruising,[ 0.63925976  0.24903542 -0.34837281]
671.1971051692963,1004,False,1,5,[-7.33095892  5.99068249  4.        ],exiting,[-0.62185191  0.08809385  0.93462812]
671.1971051692963,1005,False,5,3,[ 0.1656228  -3.01379807  4.        ],cruising,[ 0.50568378 -0.03156594 -0.11489306]
671.2973110675812,1000,False,4,1,[-0.85580497  6.85321254  4.        ],cruising,[-0.82138112 -0.19970136 -0.21083176]
671.2973110675812,1001,False,2,6,[7.77205186 7.9210295  4.        ],exiting,[-0.48080528  0.59740651 -0.20557775]
671.2973110675812,1002,False,4,0,[ 8.11811091 -7.47847407  1.39161871],queued,[ 0.5677905  -0.59831228 -0.99408226]
671.2973110675812,1003,False,0,2,[5.0808523  4.95716567 3.95059035],cruising,[ 0.63925976  0.24903542 -0.34837281]
671.2973110675812,1004,False,1,5,[-7.39389391  6.0683947   4.        ],exiting,[-0.62185191  0.08809385  0.93462812]
671.2973110675812,1005,False,5,3,[-0.02763887 -3.0652755   4.        ],exiting,[ 0.50568378 -0.03156594 -0.11489306]
671.4020960330963,1000,False,4,1,[-0.6808784   6.75625535  4.        ],cruising,[-0.82138112 -0.19970136 -0.21083176]
671.4020960330963,1001,False,2,6,[7.80854406 8.01413331 4.        ],exiting,[-0.48080528  0.59740651 -0.20557775]
671.4020960330963,1002,False,4,0,[ 8.11811091 -7.47847407  1.46661871],queued,[ 0.5677905  -0.59831228 -0.99408226]
671.4020960330963,1003,False,0,2,[5.27712128 4.91871454 3.95800179],cruising,[ 0.63925976  0.24903542 -0.34837281]
671.4020960330963,1004,False,1,5,[-7.4568289   6.14610691  4.        ],exiting,[-0.62185191  0.08809385  0.93462812]
671.4020960330963,1005,False,5,3,[-0.20152879 -3.1217264   4.        ],exiting,[ 0.50568378 -0.03156594 -0.11489306]
671.5134391784668,1000,False,4,1,[-0.50867578  6.65453881  4.        ],cruising,[-0.82138112 -0.19970136 -0.21083176]
671.5134391784668,1001,False,2,6,[7.84503625 8.10723712 4.        ],exiting,[-0.48080528  0.59740651 -0.20557775]
671.5134391784668,1002,False,4,0,[ 8.11811091 -7.47847407  1.54161871],queued,[ 0.5677905  -0.59831228 -0.99408226]
671.5134391784668,1003,False,0,2,[5.47366417 4.88168898 3.96430152],cruising,[ 0.63925976  0.24903542 -0.34837281]
671.5134391784668,1004,False,1,5,[-7.51976389  6.22381912  4.        ],exiting,[-0.62185191  0.08809385  0.93462812]
671.5134391784668,1005,False,5,3,[-0.35603029 -3.18308532  4.        ],exiting,[ 0.50568378 -0.03156594 -0.11489306]
671.6162679195404,1000,False,4,1,[-0.50867578  6.65453881  4.        ],cruising,[-0.82138112 -0.19970136 -0.21083176]
671.6162679195404,1001,False,2,6,[7.84503625 8.10723712 4.        ],exiting,[-0.48080528  0.59740651 -0.20557775]
671.6162679195404,1002,False,4,0,[ 8.11811091 -7.47847407  1.54161871],queued,[ 0.5677905  -0.59831228 -0.99408226]
671.6162679195404,1003,False,0,2,[5.47366417 4.88168898 3.96430152],cruising,[ 0.63925976  0.24903542 -0.34837281]
671.6162679195404,1004,False,1,5,[-7.51976389  6.22381912  4.        ],exiting,[-0.62185191  0.08809385  0.93462812]
671.6162679195404,1005,False,5,3,[-0.35603029 -3.18308532  4.        ],exiting,[ 0.50568378 -0.03156594 -0.11489306]
671.728663444519,1000,False,4,1,[-0.16674768  6.44696912  4.        ],cruising,[-0.82138112 -0.19970136 -0.21083176]
671.728663444519,1001,False,2,6,[7.91802064 8.29344474 4.        ],exiting,[-0.48080528  0.59740651 -0.20557775]
671.728663444519,1002,False,4,0,[ 8.11811091 -7.47847407  1.69161871],queued,[ 0.5677905  -0.59831228 -0.99408226]
671.728663444519,1003,False,0,2,[5.86736012 4.81095361 3.97501107],cruising,[ 0.63925976  0.24903542 -0.34837281]
671.728663444519,1004,False,1,5,[-7.64563386  6.37924353  4.        ],exiting,[-0.62185191  0.08809385  0.93462812]
671.728663444519,1005,False,5,3,[-0.6068007  -3.32025883  4.        ],exiting,[ 0.50568378 -0.03156594 -0.11489306]
671.8399543762207,1000,False,4,1,[1.84057707e-03 6.33936801e+00 4.00000000e+00],cruising,[-0.82138112 -0.19970136 -0.21083176]
671.8399543762207,1001,False,2,6,[7.95451284 8.38654855 4.        ],exiting,[-0.48080528  0.59740651 -0.20557775]
671.8399543762207,1002,False,4,0,[ 8.11811091 -7.47847407  1.76661871],queued,[ 0.5677905  -0.59831228 -0.99408226]
671.8399543762207,1003,False,0,2,[6.06328999 4.77081028 3.97875941],cruising,[ 0.63925976  0.24903542 -0.34837281]
671.8399543762207,1004,False,1,5,[-7.70856885  6.45695574  4.        ],exiting,[-0.62185191  0.08809385  0.93462812]
671.8399543762207,1005,False,5,3,[-0.70301789 -3.39586047  4.        ],exiting,[ 0.50568378 -0.03156594 -0.11489306]
671.9386208057404,1000,False,4,1,[0.17012983 6.23129985 4.        ],cruising,[-0.82138112 -0.19970136 -0.21083176]
671.9386208057404,1001,False,2,6,[7.99100503 8.47965236 4.        ],exiting,[-0.48080528  0.59740651 -0.20557775]
671.9386208057404,1002,False,4,0,[ 8.11811091 -7.47847407  1.84161871],queued,[ 0.5677905  -0.59831228 -0.99408226]
671.9386208057404,1003,False,0,2,[6.25833387 4.72656226 3.9819455 ],cruising,[ 0.63925976  0.24903542 -0.34837281]
671.9386208057404,1004,False,1,5,[-7.77150384  6.53466795  4.        ],exiting,[-0.62185191  0.08809385  0.93462812]
671.9386208057404,1005,False,5,3,[-0.77972451 -3.4758596   4.        ],exiting,[ 0.50568378 -0.03156594 -0.11489306]
672.0295433998108,1000,False,4,1,[0.33872255 6.12370572 4.        ],cruising,[-0.82138112 -0.19970136 -0.21083176]
672.0295433998108,1001,False,2,6,[8.02749723 8.57275618 4.        ],exiting,[-0.48080528  0.59740651 -0.20557775]
672.0295433998108,1002,False,4,0,[ 8.11811091 -7.47847407  1.91661871],queued,[ 0.5677905  -0.59831228 -0.99408226]
672.0295433998108,1003,False,0,2,[6.45207101 4.67690423 3.98465367],cruising,[ 0.63925976  0.24903542 -0.34837281]
672.0295433998108,1004,False,1,5,[-7.83443882  6.61238016  4.        ],exiting,[-0.62185191  0.08809385  0.93462812]
672.0295433998108,1005,False,5,3,[-0.83689132 -3.5601244   4.        ],exiting,[ 0.50568378 -0.03156594 -0.11489306]
672.1297183036804,1000,False,4,1,[0.50810029 6.01735168 4.        ],cruising,[-0.82138112 -0.19970136 -0.21083176]
672.1297183036804,1001,False,2,6,[8.06398942 8.66585999 4.        ],exiting,[-0.48080528  0.59740651 -0.20557775]
672.1297183036804,1002,False,4,0,[ 8.11811091 -7.47847407  1.99161871],queued,[ 0.5677905  -0.59831228 -0.99408226]
672.1297183036804,1003,False,0,2,[6.64395204 4.62049793 3.98695562],cruising,[ 0.63925976  0.24903542 -0.34837281]
672.1297183036804,1004,False,1,5,[-7.89737381  6.69009237  4.        ],exiting,[-0.62185191  0.08809385  0.93462812]
672.1297183036804,1005,False,5,3,[-0.87448877 -3.64851713  4.        ],exiting,[ 0.50568378 -0.03156594 -0.11489306]
672.2293834686279,1000,False,4,1,[0.6784085  5.91249411 4.        ],cruising,[-0.82138112 -0.19970136 -0.21083176]
672.2293834686279,1001,False,2,6,[8.10048162 8.7589638  4.        ],exiting,[-0.48080528  0.59740651 -0.20557775]
672.2293834686279,1002,False,4,0,[ 8.11811091 -7.47847407  2.06661871],queued,[ 0.5677905  -0.59831228 -0.99408226]
672.2293834686279,1003,False,0,2,[6.8332499  4.5559509  3.98891228],cruising,[ 0.63925976  0.24903542 -0.34837281]
672.2293834686279,1004,False,1,5,[-7.9603088   6.76780458  4.        ],exiting,[-0.62185191  0.08809385  0.93462812]
672.2293834686279,1005,False,5,3,[-0.89248731 -3.74089521  4.        ],exiting,[ 0.50568378 -0.03156594 -0.11489306]
672.3291292190552,1000,False,4,1,[0.85044806 5.81050199 4.        ],cruising,[-0.82138112 -0.19970136 -0.21083176]
672.3291292190552,1001,False,2,6,[8.13697381 8.85206761 4.        ],exiting,[-0.48080528  0.59740651 -0.20557775]
672.3291292190552,1002,False,4,0,[ 8.11811091 -7.47847407  2.14161871],queued,[ 0.5677905  -0.59831228 -0.99408226]
672.3291292190552,1003,False,0,2,[7.01900105 4.48181244 3.99057544],cruising,[ 0.63925976  0.24903542 -0.34837281]
672.3291292190552,1004,False,1,5,[-8.02324379  6.84551678  4.        ],exiting,[-0.62185191  0.08809385  0.93462812]
672.3291292190552,1005,False,5,3,[-0.89085775 -3.83711222  4.        ],exiting,[ 0.50568378 -0.03156594 -0.11489306]
672.4352283477783,1000,False,4,1,[1.02394941 5.71101691 4.        ],cruising,[-0.82138112 -0.19970136 -0.21083176]
672.4352283477783,1001,False,2,6,[8.17346601 8.94517142 4.        ],exiting,[-0.48080528  0.59740651 -0.20557775]
672.4352283477783,1002,False,4,0,[ 8.11811091 -7.47847407  2.21661871],queued,[ 0.5677905  -0.59831228 -0.99408226]
672.4352283477783,1003,False,0,2,[7.19993805 4.39659625 3.99198912],cruising,[ 0.63925976  0.24903542 -0.34837281]
672.4352283477783,1004,False,1,5,[-8.08617877  6.92322899  4.        ],exiting,[-0.62185191  0.08809385  0.93462812]
672.4352283477783,1005,False,5,3,[-0.87544289 -3.93591699  4.        ],exiting,[ 0.50568378 -0.03156594 -0.11489306]
672.5387535095215,1000,False,4,1,[1.19915091 5.61455741 4.        ],cruising,[-0.82138112 -0.19970136 -0.21083176]
672.5387535095215,1001,False,2,6,[8.2099582  9.03827523 4.        ],exiting,[-0.48080528  0.59740651 -0.20557775]
672.5387535095215,1002,False,4,0,[ 8.11811091 -7.47847407  2.29161871],queued,[ 0.5677905  -0.59831228 -0.99408226]
672.5387535095215,1003,False,0,2,[7.37442098 4.29884294 3.99319075],cruising,[ 0.63925976  0.24903542 -0.34837281]
672.5387535095215,1004,False,1,5,[-8.14911376  7.0009412   4.        ],exiting,[-0.62185191  0.08809385  0.93462812]
672.5387535095215,1005,False,5,3,[-0.86002804 -4.03472176  4.        ],exiting,[ 0.50568378 -0.03156594 -0.11489306]
672.6297469139099,1000,False,4,1,[1.3771841  5.52343012 4.        ],cruising,[-0.82138112 -0.19970136 -0.21083176]
672.6297469139099,1001,False,2,6,[8.2464504  9.13137904 4.        ],landing,[-0.48080528  0.59740651 -0.20557775]
672.6297469139099,1002,False,4,0,[ 8.11811091 -7.47847407  2.36661871],queued,[ 0.5677905  -0.59831228 -0.99408226]
672.6297469139099,1003,False,0,2,[7.53806971 4.18427895 3.99424649],cruising,[ 0.63925976  0.24903542 -0.34837281]
672.6297469139099,1004,False,1,5,[-8.21204875  7.07865341  4.        ],exiting,[-0.62185191  0.08809385  0.93462812]
672.6297469139099,1005,False,5,3,[-0.84461319 -4.13352653  4.        ],exiting,[ 0.50568378 -0.03156594 -0.11489306]
672.7299647331238,1000,False,4,1,[1.55725406 5.43639674 4.        ],cruising,[-0.82138112 -0.19970136 -0.21083176]
672.7299647331238,1001,False,2,6,[8.280927   9.21043457 3.98590805],landing,[-0.48080528  0.59740651 -0.20557775]
672.7299647331238,1002,False,4,0,[ 8.11811091 -7.47847407  2.44161871],entering,[ 0.5677905  -0.59831228 -0.99408226]
672.7299647331238,1003,False,0,2,[7.68946384 4.05390997 3.99513814],cruising,[ 0.63925976  0.24903542 -0.34837281]
672.7299647331238,1004,False,1,5,[-8.27498374  7.15636562  4.        ],exiting,[-0.62185191  0.08809385  0.93462812]
672.7299647331238,1005,False,5,3,[-0.82919833 -4.2323313   4.        ],exiting,[ 0.50568378 -0.03156594 -0.11489306]
672.8348205089569,1000,False,4,1,[1.73953462 5.35409365 4.        ],cruising,[-0.82138112 -0.19970136 -0.21083176]
672.8348205089569,1001,False,2,6,[8.31329011 9.27529478 3.95788677],landing,[-0.48080528  0.59740651 -0.20557775]
672.8348205089569,1002,False,4,0,[ 8.10662081 -7.46210405  2.51661871],entering,[ 0.5677905  -0.59831228 -0.99408226]
672.8348205089569,1003,False,0,2,[7.82704466 3.90907812 3.9958948 ],cruising,[ 0.63925976  0.24903542 -0.34837281]
672.8348205089569,1004,False,1,5,[-8.33791872  7.23407783  4.        ],exiting,[-0.62185191  0.08809385  0.93462812]
672.8348205089569,1005,False,5,3,[-0.81378348 -4.33113607  4.        ],exiting,[ 0.50568378 -0.03156594 -0.11489306]
672.9323163032532,1000,False,4,1,[1.92524231 5.2798464  4.        ],cruising,[-0.82138112 -0.19970136 -0.21083176]
672.9323163032532,1001,False,2,6,[8.34342344 9.32578717 3.91613255],landing,[-0.48080528  0.59740651 -0.20557775]
672.9323163032532,1002,False,4,0,[ 8.08364062 -7.429364    2.59161871],entering,[ 0.5677905  -0.59831228 -0.99408226]
672.9323163032532,1003,False,0,2,[7.94898478 3.75178183 3.99657576],cruising,[ 0.63925976  0.24903542 -0.34837281]
672.9323163032532,1004,False,1,5,[-8.40085371  7.31179004  4.        ],landing,[-0.62185191  0.08809385  0.93462812]
672.9323163032532,1005,False,5,3,[-0.79836862 -4.42994084  4.        ],exiting,[ 0.50568378 -0.03156594 -0.11489306]
673.0327122211456,1000,False,4,1,[2.11318112 5.21144317 4.        ],cruising,[-0.82138112 -0.19970136 -0.21083176]
673.0327122211456,1001,False,2,6,[8.37116603 9.36167661 3.86092328],landing,[-0.48080528  0.59740651 -0.20557775]
673.0327122211456,1002,False,4,0,[ 8.04917033 -7.38025393  2.66661871],entering,[ 0.5677905  -0.59831228 -0.99408226]
673.0327122211456,1003,False,0,2,[8.05418241 3.58354557 3.99717598],cruising,[ 0.63925976  0.24903542 -0.34837281]
673.0327122211456,1004,False,1,5,[-8.45271642  7.38105626  3.98564486],landing,[-0.62185191  0.08809385  0.93462812]
673.0327122211456,1005,False,5,3,[-0.78295377 -4.5287456   4.        ],exiting,[ 0.50568378 -0.03156594 -0.11489306]
673.1369750499725,1000,False,4,1,[2.30375504 5.15076713 4.        ],cruising,[-0.82138112 -0.19970136 -0.21083176]
673.1369750499725,1001,False,2,6,[8.39638366 9.38277052 3.79249596],landing,[-0.48080528  0.59740651 -0.20557775]
673.1369750499725,1002,False,4,0,[ 8.00320995 -7.31477383  2.74161871],entering,[ 0.5677905  -0.59831228 -0.99408226]
673.1369750499725,1003,False,0,2,[8.14174638 3.40587285 3.99769173],cruising,[ 0.63925976  0.24903542 -0.34837281]
673.1369750499725,1004,False,1,5,[-8.4934246   7.44171696  3.9570939 ],landing,[-0.62185191  0.08809385  0.93462812]
673.1369750499725,1005,False,5,3,[-0.76753891 -4.62755037  4.        ],exiting,[ 0.50568378 -0.03156594 -0.11489306]
673.2292625904083,1000,False,4,1,[2.49744168 5.10091248 4.        ],cruising,[-0.82138112 -0.19970136 -0.21083176]
673.2292625904083,1001,False,2,6,[8.4189497  9.38889    3.71107882],landing,[-0.48080528  0.59740651 -0.20557775]
673.2292625904083,1002,False,4,0,[ 7.94575946 -7.23292371  2.81661871],entering,[ 0.5677905  -0.59831228 -0.99408226]
673.2292625904083,1003,False,0,2,[8.21099571 3.22016485 3.99811785],cruising,[ 0.63925976  0.24903542 -0.34837281]
673.2292625904083,1004,False,1,5,[-8.52288159  7.49358208  3.91454121],landing,[-0.62185191  0.08809385  0.93462812]
673.2292625904083,1005,False,5,3,[-0.75212406 -4.72635514  4.        ],exiting,[ 0.50568378 -0.03156594 -0.11489306]
673.3289046287537,1000,False,4,1,[2.69400626 5.06400225 4.        ],cruising,[-0.82138112 -0.19970136 -0.21083176]
673.3289046287537,1001,False,2,6,[8.43873512 9.37985572 3.61690897],landing,[-0.48080528  0.59740651 -0.20557775]
673.3289046287537,1002,False,4,0,[ 7.87681889 -7.13470357  2.89161871],entering,[ 0.5677905  -0.59831228 -0.99408226]
673.3289046287537,1003,False,0,2,[8.26140886 3.02773457 3.99844722],cruising,[ 0.63925976  0.24903542 -0.34837281]
673.3289046287537,1004,False,1,5,[-8.54095362  7.53638393  3.85826846],landing,[-0.62185191  0.08809385  0.93462812]
673.3289046287537,1005,False,5,3,[-0.73670921 -4.82515991  4.        ],exiting,[ 0.50568378 -0.03156594 -0.11489306]
673.4299943447113,1000,False,4,1,[2.89164041 5.03333073 4.        ],cruising,[-0.82138112 -0.19970136 -0.21083176]
673.4299943447113,1001,False,2,6,[8.45778736 9.36696144 3.51959119],landing,[-0.48080528  0.59740651 -0.20557775]
673.4299943447113,1002,False,4,0,[ 7.796449   -7.02007091  2.96661871],entering,[ 0.5677905  -0.59831228 -0.99408226]
673.4299943447113,1003,False,0,2,[8.29934411 2.83136523 3.99868014],cruising,[ 0.63925976  0.24903542 -0.34837281]
673.4299943447113,1004,False,1,5,[-8.54754271  7.56992253  3.78849259],landing,[-0.62185191  0.08809385  0.93462812]
673.4299943447113,1005,False,5,3,[-0.72129435 -4.92396468  4.        ],exiting,[ 0.50568378 -0.03156594 -0.11489306]
673.533524274826,1000,False,4,1,[3.09000512 5.00780736 4.        ],cruising,[-0.82138112 -0.19970136 -0.21083176]
673.533524274826,1001,False,2,6,[8.47683961 9.35406716 3.42227341],landing,[-0.48080528  0.59740651 -0.20557775]
673.533524274826,1002,False,4,0,[ 7.70384584 -6.88961588  3.04161871],entering,[ 0.5677905  -0.59831228 -0.99408226]
673.533524274826,1003,False,0,2,[8.33117005 2.63391369 3.99887812],cruising,[ 0.63925976  0.24903542 -0.34837281]
673.533524274826,1004,False,1,5,[-8.54255192  7.59399652  3.70543789],landing,[-0.62185191  0.08809385  0.93462812]
673.533524274826,1005,False,5,3,[-0.7058795  -5.02276945  4.        ],exiting,[ 0.50568378 -0.03156594 -0.11489306]
673.6290416717529,1000,False,4,1,[3.28885931 4.98642954 4.        ],cruising,[-0.82138112 -0.19970136 -0.21083176]
673.6290416717529,1001,False,2,6,[8.49589185 9.34117289 3.32495564],landing,[-0.48080528  0.59740651 -0.20557775]
673.6290416717529,1002,False,4,0,[ 7.59836037 -6.74386229  3.11661871],entering,[ 0.5677905  -0.59831228 -0.99408226]
673.6290416717529,1003,False,0,2,[8.35806466 2.43573024 3.9990464 ],cruising,[ 0.63925976  0.24903542 -0.34837281]
673.6290416717529,1004,False,1,5,[-8.52588495  7.60840212  3.60933752],landing,[-0.62185191  0.08809385  0.93462812]
673.6290416717529,1005,False,5,3,[-0.69046464 -5.12157421  4.        ],exiting,[ 0.50568378 -0.03156594 -0.11489306]
673.7296657562256,1000,False,4,1,[3.48803472 4.96828686 4.        ],cruising,[-0.82138112 -0.19970136 -0.21083176]
673.7296657562256,1001,False,2,6,[8.51494409 9.32827861 3.22763786],landing,[-0.48080528  0.59740651 -0.20557775]
673.7296657562256,1002,False,4,0,[ 7.47991254 -6.58287789  3.19161871],entering,[ 0.5677905  -0.59831228 -0.99408226]
673.7296657562256,1003,False,0,2,[8.38396149 2.23741394 3.99918944],cruising,[ 0.63925976  0.24903542 -0.34837281]
673.7296657562256,1004,False,1,5,[-8.50795838  7.62175106  3.5118673 ],landing,[-0.62185191  0.08809385  0.93462812]
673.7296657562256,1005,False,5,3,[-0.67504979 -5.22037898  4.        ],exiting,[ 0.50568378 -0.03156594 -0.11489306]
673.8292782306671,1000,False,4,1,[3.68731025 4.95127921 4.        ],cruising,[-0.82138112 -0.19970136 -0.21083176]
673.8292782306671,1001,False,2,6,[8.53399634 9.31538434 3.13032008],landing,[-0.48080528  0.59740651 -0.20557775]
673.8292782306671,1002,False,4,0,[ 7.36084528 -6.42218257  3.26661871],entering,[ 0.5677905  -0.59831228 -0.99408226]
673.8292782306671,1003,False,0,2,[8.40524613 2.03854976 3.99931103],cruising,[ 0.63925976  0.24903542 -0.34837281]
673.8292782306671,1004,False,1,5,[-8.4900318   7.63510001  3.41439708],landing,[-0.62185191  0.08809385  0.93462812]
673.8292782306671,1005,False,5,3,[-0.65963493 -5.31918375  4.        ],exiting,[ 0.50568378 -0.03156594 -0.11489306]
673.9297516345978,1000,False,4,1,[3.88677001 4.93658889 4.        ],cruising,[-0.82138112 -0.19970136 -0.21083176]
673.9297516345978,1001,False,2,6,[8.55304858 9.30249006 3.03300231],landing,[-0.48080528  0.59740651 -0.20557775]
673.9297516345978,1002,False,4,0,[ 7.23829054 -6.26413088  3.34161871],entering,[ 0.5677905  -0.59831228 -0.99408226]
673.9297516345978,1003,False,0,2,[8.42528862 1.83955654 3.99941437],cruising,[ 0.63925976  0.24903542 -0.34837281]
673.9297516345978,1004,False,1,5,[-8.47210523  7.64844895  3.31692686],landing,[-0.62185191  0.08809385  0.93462812]
673.9297516345978,1005,False,5,3,[-0.64422008 -5.41798852  4.        ],exiting,[ 0.50568378 -0.03156594 -0.11489306]
674.0293748378754,1000,False,4,1,[4.08633256 4.9233681  4.        ],cruising,[-0.82138112 -0.19970136 -0.21083176]
674.0293748378754,1001,False,2,6,[8.57210083 9.28959579 2.93568453],landing,[-0.48080528  0.59740651 -0.20557775]
674.0293748378754,1002,False,4,0,[ 7.11655618 -6.10544646  3.41661871],entering,[ 0.5677905  -0.59831228 -0.99408226]
674.0293748378754,1003,False,0,2,[8.44372399 1.64040801 3.99950222],cruising,[ 0.63925976  0.24903542 -0.34837281]
674.0293748378754,1004,False,1,5,[-8.45417866  7.66179789  3.21945664],landing,[-0.62185191  0.08809385  0.93462812]
674.0293748378754,1005,False,5,3,[-0.62880523 -5.51679329  4.        ],exiting,[ 0.50568378 -0.03156594 -0.11489306]
674.1294255256653,1000,False,4,1,[4.28594106 4.91086022 4.        ],cruising,[-0.82138112 -0.19970136 -0.21083176]
674.1294255256653,1001,False,2,6,[8.59115307 9.27670151 2.83836675],landing,[-0.48080528  0.59740651 -0.20557775]
674.1294255256653,1002,False,4,0,[ 6.98952838 -5.95096689  3.49161871],entering,[ 0.5677905  -0.59831228 -0.99408226]
674.1294255256653,1003,False,0,2,[8.45763254 1.44089222 3.99957688],cruising,[ 0.63925976  0.24903542 -0.34837281]
674.1294255256653,1004,False,1,5,[-8.43625209  7.67514683  3.12198642],landing,[-0.62185191  0.08809385  0.93462812]
674.1294255256653,1005,False,5,3,[-0.61339037 -5.61559806  4.        ],exiting,[ 0.50568378 -0.03156594 -0.11489306]
674.2290599346161,1000,False,4,1,[4.48555114 4.8983777  4.        ],cruising,[-0.82138112 -0.19970136 -0.21083176]
674.2290599346161,1001,False,2,6,[8.61020532 9.26380724 2.74104898],landing,[-0.48080528  0.59740651 -0.20557775]
674.2290599346161,1002,False,4,0,[ 6.86112644 -5.79762759  3.56661871],entering,[ 0.5677905  -0.59831228 -0.99408226]
674.2290599346161,1003,False,0,2,[8.47002454 1.24127649 3.99964035],cruising,[ 0.63925976  0.24903542 -0.34837281]
674.2290599346161,1004,False,1,5,[-8.41832551  7.68849577  3.0245162 ],landing,[-0.62185191  0.08809385  0.93462812]
674.2290599346161,1005,False,5,3,[-0.59797552 -5.71440283  4.        ],exiting,[ 0.50568378 -0.03156594 -0.11489306]
674.3336780071259,1000,False,4,1,[4.6851219  4.88528142 4.        ],cruising,[-0.82138112 -0.19970136 -0.21083176]
674.3336780071259,1001,False,2,6,[8.62925756 9.25091296 2.6437312 ],landing,[-0.48080528  0.59740651 -0.20557775]
674.3336780071259,1002,False,4,0,[ 6.73107954 -5.64568088  3.6316259 ],entering,[ 0.5677905  -0.59831228 -0.99408226]
674.3336780071259,1003,False,0,2,[8.47838238 1.0414512  3.9996943 ],cruising,[ 0.63925976  0.24903542 -0.34837281]
674.3336780071259,1004,False,1,5,[-8.40039894  7.70184472  2.92704598],landing,[-0.62185191  0.08809385  0.93462812]
674.3336780071259,1005,False,5,3,[-0.58256066 -5.81320759  4.        ],exiting,[ 0.50568378 -0.03156594 -0.11489306]
674.4301028251648,1000,False,4,1,[4.88464846 4.87152811 4.        ],cruising,[-0.82138112 -0.19970136 -0.21083176]
674.4301028251648,1001,False,2,6,[8.64830981 9.23801869 2.54641342],landing,[-0.48080528  0.59740651 -0.20557775]
674.4301028251648,1002,False,4,0,[ 6.59433209 -5.49973522  3.68688202],entering,[ 0.5677905  -0.59831228 -0.99408226]
674.4301028251648,1003,False,0,2,[8.48527066 0.84156986 3.99974015],cruising,[ 0.63925976  0.24903542 -0.34837281]
674.4301028251648,1004,False,1,5,[-8.38247237  7.71519366  2.82957576],landing,[-0.62185191  0.08809385  0.93462812]
674.4301028251648,1005,False,5,3,[-0.56714581 -5.91201236  4.        ],exiting,[ 0.50568378 -0.03156594 -0.11489306]
674.5294909477234,1000,False,4,1,[5.08405544 4.85613806 4.        ],cruising,[-0.82138112 -0.19970136 -0.21083176]
674.5294909477234,1001,False,2,6,[8.66736205 9.22512441 2.44909565],landing,[-0.48080528  0.59740651 -0.20557775]
674.5294909477234,1002,False,4,0,[ 6.45282925 -5.35839539  3.73384971],entering,[ 0.5677905  -0.59831228 -0.99408226]
674.5294909477234,1003,False,0,2,[8.4904846  0.64163783 3.99977913],cruising,[ 0.63925976  0.24903542 -0.34837281]
674.5294909477234,1004,False,1,5,[-8.3645458   7.7285426   2.73210554],landing,[-0.62185191  0.08809385  0.93462812]
674.5294909477234,1005,False,5,3,[-0.55173095 -6.01081713  4.        ],exiting,[ 0.50568378 -0.03156594 -0.11489306]
674.6300795078278,1000,False,4,1,[5.28327306 4.83846482 4.        ],cruising,[-0.82138112 -0.19970136 -0.21083176]
674.6300795078278,1001,False,2,6,[8.68641429 9.21223014 2.35177787],landing,[-0.48080528  0.59740651 -0.20557775]
674.6300795078278,1002,False,4,0,[ 6.30870632 -5.21972823  3.77377226],entering,[ 0.5677905  -0.59831228 -0.99408226]
674.6300795078278,1003,False,0,2,[8.49387138 0.44166651 3.99981226],cruising,[ 0.63925976  0.24903542 -0.34837281]
674.6300795078278,1004,False,1,5,[-8.34661922  7.74189154  2.63463532],landing,[-0.62185191  0.08809385  0.93462812]
674.6300795078278,1005,False,5,3,[-0.5363161 -6.1096219  4.       ],exiting,[ 0.50568378 -0.03156594 -0.11489306]
674.7305328845978,1000,False,4,1,[5.48220817 4.81785367 4.        ],cruising,[-0.82138112 -0.19970136 -0.21083176]
674.7305328845978,1001,False,2,6,[8.70546654 9.19933586 2.25446009],landing,[-0.48080528  0.59740651 -0.20557775]
674.7305328845978,1002,False,4,0,[ 6.15769573 -5.08859547  3.80770642],entering,[ 0.5677905  -0.59831228 -0.99408226]
674.7305328845978,1003,False,0,2,[8.49318581 0.24166769 3.99984042],cruising,[ 0.63925976  0.24903542 -0.34837281]
674.7305328845978,1004,False,1,5,[-8.32869265  7.75524049  2.5371651 ],landing,[-0.62185191  0.08809385  0.93462812]
674.7305328845978,1005,False,5,3,[-0.52090125 -6.20842667  4.        ],exiting,[ 0.50568378 -0.03156594 -0.11489306]
674.8351378440857,1000,False,4,1,[5.68073478 4.79362176 4.        ],cruising,[-0.82138112 -0.19970136 -0.21083176]
674.8351378440857,1001,False,2,6,[8.72451878 9.18644158 2.15714232],landing,[-0.48080528  0.59740651 -0.20557775]
674.8351378440857,1002,False,4,0,[ 5.99969474 -4.96597537  3.83655046],cruising,[ 0.5677905  -0.59831228 -0.99408226]
674.8351378440857,1003,False,0,2,[8.49084955 0.04168133 3.99986436],cruising,[ 0.63925976  0.24903542 -0.34837281]
674.8351378440857,1004,False,1,5,[-8.31076608  7.76858943  2.43969488],landing,[-0.62185191  0.08809385  0.93462812]
674.8351378440857,1005,False,5,3,[-0.50548639 -6.30723144  4.        ],exiting,[ 0.50568378 -0.03156594 -0.11489306]
674.936429977417,1000,False,4,1,[5.87898702 4.76723903 4.        ],cruising,[-0.82138112 -0.19970136 -0.21083176]
674.936429977417,1001,False,2,6,[8.74357103 9.17354731 2.05982454],landing,[-0.48080528  0.59740651 -0.20557775]
674.936429977417,1002,False,4,0,[ 5.83799593 -4.84827451  3.86106789],cruising,[ 0.5677905  -0.59831228 -0.99408226]
674.936429977417,1003,False,0,2,[ 8.48671042 -0.15827583  3.9998847 ],cruising,[ 0.63925976  0.24903542 -0.34837281]
674.936429977417,1004,False,1,5,[-8.29283951  7.78193837  2.34222467],landing,[-0.62185191  0.08809385  0.93462812]
674.936429977417,1005,False,5,3,[-0.49007154 -6.4060362   4.        ],exiting,[ 0.50568378 -0.03156594 -0.11489306]
675.031400680542,1000,False,4,1,[6.07647598 4.73564613 4.        ],cruising,[-0.82138112 -0.19970136 -0.21083176]
675.031400680542,1001,False,2,6,[8.76262327 9.16065303 1.96250676],landing,[-0.48080528  0.59740651 -0.20557775]
675.031400680542,1002,False,4,0,[ 5.66995844 -4.73981529  3.8819077 ],cruising,[ 0.5677905  -0.59831228 -0.99408226]
675.031400680542,1003,False,0,2,[ 8.47862421 -0.3581123   3.999902  ],cruising,[ 0.63925976  0.24903542 -0.34837281]
675.031400680542,1004,False,1,5,[-8.27491293  7.79528731  2.24475445],landing,[-0.62185191  0.08809385  0.93462812]
675.031400680542,1005,False,5,3,[-0.47465668 -6.50484097  4.        ],exiting,[ 0.50568378 -0.03156594 -0.11489306]
675.1392560005188,1000,False,4,1,[6.27290371 4.69801439 4.        ],cruising,[-0.82138112 -0.19970136 -0.21083176]
675.1392560005188,1001,False,2,6,[8.78167552 9.14775876 1.86518899],landing,[-0.48080528  0.59740651 -0.20557775]
675.1392560005188,1002,False,4,0,[ 5.49870329 -4.63651149  3.89962155],cruising,[ 0.5677905  -0.59831228 -0.99408226]
675.1392560005188,1003,False,0,2,[ 8.46883945 -0.5578728   3.9999167 ],cruising,[ 0.63925976  0.24903542 -0.34837281]
675.1392560005188,1004,False,1,5,[-8.25698636  7.80863625  2.14728423],landing,[-0.62185191  0.08809385  0.93462812]
675.1392560005188,1005,False,5,3,[-0.45924183 -6.60364574  4.        ],exiting,[ 0.50568378 -0.03156594 -0.11489306]
675.2379114627838,1000,False,4,1,[6.46786732 4.65341404 4.        ],cruising,[-0.82138112 -0.19970136 -0.21083176]
675.2379114627838,1001,False,2,6,[8.80072776 9.13486448 1.76787121],landing,[-0.48080528  0.59740651 -0.20557775]
675.2379114627838,1002,False,4,0,[ 5.32301303 -4.54094511  3.91467832],cruising,[ 0.5677905  -0.59831228 -0.99408226]
675.2379114627838,1003,False,0,2,[ 8.4571894  -0.7575332   3.99992919],cruising,[ 0.63925976  0.24903542 -0.34837281]
675.2379114627838,1004,False,1,5,[-8.23905979  7.8219852   2.04981401],landing,[-0.62185191  0.08809385  0.93462812]
675.2379114627838,1005,False,5,3,[-0.44382698 -6.70245051  4.        ],exiting,[ 0.50568378 -0.03156594 -0.11489306]
675.3298027515411,1000,False,4,1,[6.66082328 4.60080229 4.        ],cruising,[-0.82138112 -0.19970136 -0.21083176]
675.3298027515411,1001,False,2,6,[8.81978001 9.12197021 1.67055343],landing,[-0.48080528  0.59740651 -0.20557775]
675.3298027515411,1002,False,4,0,[ 5.14536272 -4.44907364  3.92747657],cruising,[ 0.5677905  -0.59831228 -0.99408226]
675.3298027515411,1003,False,0,2,[ 8.44353025 -0.95706623  3.99993982],cruising,[ 0.63925976  0.24903542 -0.34837281]
675.3298027515411,1004,False,1,5,[-8.22113322  7.83533414  1.95234379],landing,[-0.62185191  0.08809385  0.93462812]
675.3298027515411,1005,False,5,3,[-0.42841212 -6.80125528  4.        ],exiting,[ 0.50568378 -0.03156594 -0.11489306]
675.438325881958,1000,False,4,1,[6.85104114 4.53901907 4.        ],cruising,[-0.82138112 -0.19970136 -0.21083176]
675.438325881958,1001,False,2,6,[8.83883225 9.10907593 1.57323566],landing,[-0.48080528  0.59740651 -0.20557775]
675.438325881958,1002,False,4,0,[ 4.96500245 -4.36264348  3.93835508],cruising,[ 0.5677905  -0.59831228 -0.99408226]
675.438325881958,1003,False,0,2,[ 8.4255849  -1.15625951  3.99994884],cruising,[ 0.63925976  0.24903542 -0.34837281]
675.438325881958,1004,False,1,5,[-8.20320664  7.84868308  1.85487357],landing,[-0.62185191  0.08809385  0.93462812]
675.438325881958,1005,False,5,3,[-0.41299727 -6.90006005  4.        ],exiting,[ 0.50568378 -0.03156594 -0.11489306]
675.5294649600983,1000,False,4,1,[7.03754587 4.46679729 4.        ],cruising,[-0.82138112 -0.19970136 -0.21083176]
675.5294649600983,1001,False,2,6,[8.8578845  9.09618166 1.47591788],fake_landed,[-0.48080528  0.59740651 -0.20557775]
675.5294649600983,1002,False,4,0,[ 4.78366532 -4.27828208  3.94760182],cruising,[ 0.5677905  -0.59831228 -0.99408226]
675.5294649600983,1003,False,0,2,[ 8.40569123 -1.35526766  3.99995652],cruising,[ 0.63925976  0.24903542 -0.34837281]
675.5294649600983,1004,False,1,5,[-8.18528007  7.86203202  1.75740335],landing,[-0.62185191  0.08809385  0.93462812]
675.5294649600983,1005,False,5,3,[-0.39758241 -6.99886482  4.        ],exiting,[ 0.50568378 -0.03156594 -0.11489306]
675.6302244663239,1000,False,4,1,[7.21619455 4.37688261 4.        ],cruising,[-0.82138112 -0.19970136 -0.21083176]
675.6302244663239,1001,False,2,6,[8.87312629 9.08586624 1.39806366],fake_landed,[-0.48080528  0.59740651 -0.20557775]
675.6302244663239,1002,False,4,0,[ 4.60146618 -4.19579891  3.95546155],cruising,[ 0.5677905  -0.59831228 -0.99408226]
675.6302244663239,1003,False,0,2,[ 8.38365302 -1.55404974  3.99996304],cruising,[ 0.63925976  0.24903542 -0.34837281]
675.6302244663239,1004,False,1,5,[-8.1673535   7.87538097  1.65993313],landing,[-0.62185191  0.08809385  0.93462812]
675.6302244663239,1005,False,5,3,[-0.38216756 -7.09766958  4.        ],exiting,[ 0.50568378 -0.03156594 -0.11489306]
675.7338733673096,1000,False,4,1,[7.38794095 4.27439762 4.        ],cruising,[-0.82138112 -0.19970136 -0.21083176]
675.7338733673096,1001,False,2,6,[8.88455764 9.07812967 1.33967299],fake_landed,[-0.48080528  0.59740651 -0.20557775]
675.7338733673096,1002,False,4,0,[ 4.4179782  -4.11622404  3.96214232],cruising,[ 0.5677905  -0.59831228 -0.99408226]
675.7338733673096,1003,False,0,2,[ 8.35695709 -1.75226005  3.99996858],cruising,[ 0.63925976  0.24903542 -0.34837281]
675.7338733673096,1004,False,1,5,[-8.14942693  7.88872991  1.56246291],landing,[-0.62185191  0.08809385  0.93462812]
675.7338733673096,1005,False,5,3,[-0.3667527  -7.19647435  4.        ],exiting,[ 0.50568378 -0.03156594 -0.11489306]
675.8373882770538,1000,False,4,1,[7.55059969 4.15802693 4.        ],cruising,[-0.82138112 -0.19970136 -0.21083176]
675.8373882770538,1001,False,2,6,[8.89217854 9.07297196 1.30074588],fake_landed,[-0.48080528  0.59740651 -0.20557775]
675.8373882770538,1002,False,4,0,[ 4.23409448 -4.03756796  3.96782097],cruising,[ 0.5677905  -0.59831228 -0.99408226]
675.8373882770538,1003,False,0,2,[ 8.32804638 -1.95015945  3.9999733 ],cruising,[ 0.63925976  0.24903542 -0.34837281]
675.8373882770538,1004,False,1,5,[-8.13150035  7.90207885  1.46499269],fake_landed,[-0.62185191  0.08809385  0.93462812]
675.8373882770538,1005,False,5,3,[-0.35133785 -7.29527912  4.        ],exiting,[ 0.50568378 -0.03156594 -0.11489306]
675.9300780296326,1000,False,4,1,[7.70157773 4.02685671 4.        ],cruising,[-0.82138112 -0.19970136 -0.21083176]
675.9300780296326,1001,False,2,6,[8.89598898 9.07039311 1.28128233],fake_landed,[-0.48080528  0.59740651 -0.20557775]
675.9300780296326,1002,False,4,0,[ 4.04945217 -3.96070954  3.97264782],cruising,[ 0.5677905  -0.59831228 -0.99408226]
675.9300780296326,1003,False,0,2,[ 8.29666051 -2.14768141  3.9999773 ],cruising,[ 0.63925976  0.24903542 -0.34837281]
675.9300780296326,1004,False,1,5,[-8.1171591   7.912758    1.38701651],fake_landed,[-0.62185191  0.08809385  0.93462812]
675.9300780296326,1005,False,5,3,[-0.335923   -7.39408389  4.        ],exiting,[ 0.50568378 -0.03156594 -0.11489306]
676.0358579158783,1000,False,4,1,[7.83829885 3.88166007 4.        ],cruising,[-0.82138112 -0.19970136 -0.21083176]
676.0358579158783,1001,False,6,4,[8.89598898 9.07039311 1.28128233],waiting,[-0.48080528  0.59740651 -0.20557775]
676.0358579158783,1002,False,4,0,[ 3.86460075 -3.88435541  3.97675065],cruising,[ 0.5677905  -0.59831228 -0.99408226]
676.0358579158783,1003,False,0,2,[ 8.25981629 -2.34425838  3.99998071],cruising,[ 0.63925976  0.24903542 -0.34837281]
676.0358579158783,1004,False,1,5,[-8.10640315  7.92076737  1.32853438],fake_landed,[-0.62185191  0.08809385  0.93462812]
676.0358579158783,1005,False,5,3,[-0.32050814 -7.49288866  4.        ],exiting,[ 0.50568378 -0.03156594 -0.11489306]
676.1336486339569,1000,False,4,1,[7.95952076 3.72382325 4.        ],cruising,[-0.82138112 -0.19970136 -0.21083176]
676.1336486339569,1001,False,6,4,[8.89598898 9.07039311 1.28128233],waiting,[-0.48080528  0.59740651 -0.20557775]
676.1336486339569,1002,False,4,0,[ 3.67926561 -3.80918304  3.98023805],cruising,[ 0.5677905  -0.59831228 -0.99408226]
676.1336486339569,1003,False,0,2,[ 8.22027185 -2.54031     3.9999836 ],cruising,[ 0.63925976  0.24903542 -0.34837281]
676.1336486339569,1004,False,1,5,[-8.09923252  7.92610695  1.28954629],fake_landed,[-0.62185191  0.08809385  0.93462812]
676.1336486339569,1005,False,5,3,[-0.30509329 -7.59169343  4.        ],exiting,[ 0.50568378 -0.03156594 -0.11489306]
676.2317025661469,1000,False,4,1,[8.06401852 3.55501815 4.        ],cruising,[-0.82138112 -0.19970136 -0.21083176]
676.2317025661469,1001,False,6,4,[8.89598898 9.07039311 1.28128233],waiting,[-0.48080528  0.59740651 -0.20557775]
676.2317025661469,1002,False,4,0,[ 3.49373656 -3.73449053  3.98320234],cruising,[ 0.5677905  -0.59831228 -0.99408226]
676.2317025661469,1003,False,0,2,[ 8.17457596 -2.73501975  3.99998606],cruising,[ 0.63925976  0.24903542 -0.34837281]
676.2317025661469,1004,False,1,5,[-8.09564721  7.92877673  1.27005225],fake_landed,[-0.62185191  0.08809385  0.93462812]
676.2317025661469,1005,False,5,3,[-0.28967843 -7.69049819  4.        ],exiting,[ 0.50568378 -0.03156594 -0.11489306]
676.3298492431641,1000,False,4,1,[8.1508639  3.37681128 4.        ],cruising,[-0.82138112 -0.19970136 -0.21083176]
676.3298492431641,1001,False,6,4,[8.89598898 9.07039311 1.28128233],waiting,[-0.48080528  0.59740651 -0.20557775]
676.3298492431641,1002,False,4,0,[ 3.30784498 -3.66070489  3.98572199],cruising,[ 0.5677905  -0.59831228 -0.99408226]
676.3298492431641,1003,False,0,2,[ 8.12571625 -2.92895976  3.99998815],cruising,[ 0.63925976  0.24903542 -0.34837281]
676.3298492431641,1004,False,1,5,[-8.09564721  7.92877673  1.27005225],fake_landed,[-0.62185191  0.08809385  0.93462812]
676.3298492431641,1005,False,5,3,[-0.27426358 -7.78930296  4.        ],landing,[ 0.50568378 -0.03156594 -0.11489306]
676.4294815063477,1000,False,4,1,[8.21936301 3.19064109 4.        ],exiting,[-0.82138112 -0.19970136 -0.21083176]
676.4294815063477,1001,False,6,4,[8.89598898 9.07039311 1.28128233],waiting,[-0.48080528  0.59740651 -0.20557775]
676.4294815063477,1002,False,4,0,[ 3.12166269 -3.58765591  3.98786369],cruising,[ 0.5677905  -0.59831228 -0.99408226]
676.4294815063477,1003,False,0,2,[ 8.06951349 -3.12090051  3.99998993],cruising,[ 0.63925976  0.24903542 -0.34837281]
676.4294815063477,1004,False,5,6,[-8.09564721  7.92877673  1.27005225],waiting,[-0.62185191  0.08809385  0.93462812]
676.4294815063477,1005,False,5,3,[-0.26418218 -7.87483468  3.98602214],landing,[ 0.50568378 -0.03156594 -0.11489306]
676.5294992923737,1000,False,4,1,[8.26991955 3.01330626 4.        ],exiting,[-0.82138112 -0.19970136 -0.21083176]
676.5294992923737,1001,False,6,4,[8.89598898 9.07039311 1.28128233],waiting,[-0.48080528  0.59740651 -0.20557775]
676.5294992923737,1002,False,4,0,[ 2.93514116 -3.51547752  3.98968414],cruising,[ 0.5677905  -0.59831228 -0.99408226]
676.5294992923737,1003,False,0,2,[ 8.009403   -3.31165356  3.99999144],cruising,[ 0.63925976  0.24903542 -0.34837281]
676.5294992923737,1004,False,5,6,[-8.09564721  7.92877673  1.27005225],waiting,[-0.62185191  0.08809385  0.93462812]
676.5294992923737,1005,False,5,3,[-0.25942325 -7.94691848  3.95823036],landing,[ 0.50568378 -0.03156594 -0.11489306]
676.6299631595612,1000,False,4,1,[8.305026   2.84867162 4.        ],exiting,[-0.82138112 -0.19970136 -0.21083176]
676.6299631595612,1001,False,6,4,[8.89598898 9.07039311 1.28128233],waiting,[-0.48080528  0.59740651 -0.20557775]
676.6299631595612,1002,False,4,0,[ 2.74814854 -3.44452853  3.99123152],cruising,[ 0.5677905  -0.59831228 -0.99408226]
676.6299631595612,1003,False,0,2,[ 7.94006277 -3.49924869  3.99999272],cruising,[ 0.63925976  0.24903542 -0.34837281]
676.6299631595612,1004,False,5,6,[-8.09564721  7.92877673  1.27005225],waiting,[-0.62185191  0.08809385  0.93462812]
676.6299631595612,1005,False,5,3,[-0.25997275 -8.00534915  3.91682193],landing,[ 0.50568378 -0.03156594 -0.11489306]
676.7299673557281,1000,False,4,1,[8.32577814 2.69796372 4.        ],exiting,[-0.82138112 -0.19970136 -0.21083176]
676.7299673557281,1001,False,6,4,[8.89598898 9.07039311 1.28128233],waiting,[-0.48080528  0.59740651 -0.20557775]
676.7299673557281,1002,False,4,0,[ 2.56053681 -3.37523323  3.99254679],cruising,[ 0.5677905  -0.59831228 -0.99408226]
676.7299673557281,1003,False,0,2,[ 7.86042891 -3.68271108  3.99999381],cruising,[ 0.63925976  0.24903542 -0.34837281]
676.7299673557281,1004,False,5,6,[-8.09564721  7.92877673  1.27005225],waiting,[-0.62185191  0.08809385  0.93462812]
676.7299673557281,1005,False,5,3,[-0.26580958 -8.04984852  3.86207324],landing,[ 0.50568378 -0.03156594 -0.11489306]
676.8296263217926,1000,False,4,1,[8.33279402 2.56179249 4.        ],exiting,[-0.82138112 -0.19970136 -0.21083176]
676.8296263217926,1001,False,6,4,[8.89598898 9.07039311 1.28128233],waiting,[-0.48080528  0.59740651 -0.20557775]
676.8296263217926,1002,False,4,0,[ 2.37248316 -3.30714633  3.99366477],cruising,[ 0.5677905  -0.59831228 -0.99408226]
676.8296263217926,1003,False,0,2,[ 7.77502719 -3.86356059  3.99999474],cruising,[ 0.63925976  0.24903542 -0.34837281]
676.8296263217926,1004,False,5,6,[-8.09564721  7.92877673  1.27005225],waiting,[-0.62185191  0.08809385  0.93462812]
676.8296263217926,1005,False,5,3,[-0.27691369 -8.08017868  3.79422915],landing,[ 0.50568378 -0.03156594 -0.11489306]
676.928968667984,1000,False,4,1,[8.32652785 2.4405741  4.        ],exiting,[-0.82138112 -0.19970136 -0.21083176]
676.928968667984,1001,False,6,4,[8.89598898 9.07039311 1.28128233],waiting,[-0.48080528  0.59740651 -0.20557775]
676.928968667984,1002,False,4,0,[ 2.18352447 -3.24161304  3.99461506],cruising,[ 0.5677905  -0.59831228 -0.99408226]
676.928968667984,1003,False,0,2,[ 7.67549541 -4.03703516  3.99999553],cruising,[ 0.63925976  0.24903542 -0.34837281]
676.928968667984,1004,False,5,6,[-8.09564721  7.92877673  1.27005225],waiting,[-0.62185191  0.08809385  0.93462812]
676.928968667984,1005,False,5,3,[-0.2932652  -8.09612346  3.71351939],landing,[ 0.50568378 -0.03156594 -0.11489306]
677.0295951366425,1000,False,4,1,[8.30740056 2.33467209 4.        ],exiting,[-0.82138112 -0.19970136 -0.21083176]
677.0295951366425,1001,False,6,4,[8.89598898 9.07039311 1.28128233],waiting,[-0.48080528  0.59740651 -0.20557775]
677.0295951366425,1002,False,4,0,[ 1.99348508 -3.17928302  3.9954228 ],cruising,[ 0.5677905  -0.59831228 -0.99408226]
677.0295951366425,1003,False,0,2,[ 7.55940994 -4.19928585  3.99999624],cruising,[ 0.63925976  0.24903542 -0.34837281]
677.0295951366425,1004,False,5,6,[-8.09564721  7.92877673  1.27005225],waiting,[-0.62185191  0.08809385  0.93462812]
677.0295951366425,1005,False,5,3,[-0.31484235 -8.09746519  3.62018253],landing,[ 0.50568378 -0.03156594 -0.11489306]
677.1294255256653,1000,False,4,1,[8.27591083 2.24449172 4.        ],exiting,[-0.82138112 -0.19970136 -0.21083176]
677.1294255256653,1001,False,6,4,[8.89598898 9.07039311 1.28128233],waiting,[-0.48080528  0.59740651 -0.20557775]
677.1294255256653,1002,False,4,0,[ 1.80217476 -3.12097039  3.99610938],cruising,[ 0.5677905  -0.59831228 -0.99408226]
677.1294255256653,1003,False,0,2,[ 7.42804298 -4.34863399  3.99999687],cruising,[ 0.63925976  0.24903542 -0.34837281]
677.1294255256653,1004,False,5,6,[-8.09564721  7.92877673  1.27005225],waiting,[-0.62185191  0.08809385  0.93462812]
677.1294255256653,1005,False,5,3,[-0.33804886 -8.09416401  3.52296854],landing,[ 0.50568378 -0.03156594 -0.11489306]
677.2298405170441,1000,False,4,1,[8.23232178 2.17023638 4.        ],exiting,[-0.82138112 -0.19970136 -0.21083176]
677.2298405170441,1001,False,6,4,[8.89598898 9.07039311 1.28128233],waiting,[-0.48080528  0.59740651 -0.20557775]
677.2298405170441,1002,False,4,0,[ 1.61011598 -3.06517233  3.99669297],cruising,[ 0.5677905  -0.59831228 -0.99408226]
677.2298405170441,1003,False,0,2,[ 7.28326377 -4.48314595  3.99999744],cruising,[ 0.63925976  0.24903542 -0.34837281]
677.2298405170441,1004,False,5,6,[-8.09564721  7.92877673  1.27005225],waiting,[-0.62185191  0.08809385  0.93462812]
677.2298405170441,1005,False,5,3,[-0.36125537 -8.09086284  3.42575454],landing,[ 0.50568378 -0.03156594 -0.11489306]
677.3343122005463,1000,False,4,1,[8.17690528 2.11210901 4.        ],exiting,[-0.82138112 -0.19970136 -0.21083176]
677.3343122005463,1001,False,6,4,[8.89598898 9.07039311 1.28128233],waiting,[-0.48080528  0.59740651 -0.20557775]
677.3343122005463,1002,False,4,0,[ 1.41634059 -3.01566377  3.99718903],cruising,[ 0.5677905  -0.59831228 -0.99408226]
677.3343122005463,1003,False,0,2,[ 7.12745241 -4.60097586  3.99999797],cruising,[ 0.63925976  0.24903542 -0.34837281]
677.3343122005463,1004,False,5,6,[-8.09564721  7.92877673  1.27005225],waiting,[-0.62185191  0.08809385  0.93462812]
677.3343122005463,1005,False,5,3,[-0.38446187 -8.08756166  3.32854055],landing,[ 0.50568378 -0.03156594 -0.11489306]
677.4380893707275,1000,False,4,1,[8.1099423  2.07031195 4.        ],exiting,[-0.82138112 -0.19970136 -0.21083176]
677.4380893707275,1001,False,6,4,[8.89598898 9.07039311 1.28128233],waiting,[-0.48080528  0.59740651 -0.20557775]
677.4380893707275,1002,False,4,0,[ 1.21981911 -2.97852472  3.99761067],cruising,[ 0.5677905  -0.59831228 -0.99408226]
677.4380893707275,1003,False,0,2,[ 6.96276485 -4.70088333  3.99999845],cruising,[ 0.63925976  0.24903542 -0.34837281]
677.4380893707275,1004,False,5,6,[-8.09564721  7.92877673  1.27005225],waiting,[-0.62185191  0.08809385  0.93462812]
677.4380893707275,1005,False,5,3,[-0.40766838 -8.08426048  3.23132656],landing,[ 0.50568378 -0.03156594 -0.11489306]
677.5348582267761,1000,False,4,1,[8.03172369 2.045047   4.        ],exiting,[-0.82138112 -0.19970136 -0.21083176]
677.5348582267761,1001,False,6,4,[8.89598898 9.07039311 1.28128233],waiting,[-0.48080528  0.59740651 -0.20557775]
677.5348582267761,1002,False,4,0,[ 1.02153607 -2.95237444  3.99796907],cruising,[ 0.5677905  -0.59831228 -0.99408226]
677.5348582267761,1003,False,0,2,[ 6.79136789 -4.78194979  3.99999889],cruising,[ 0.63925976  0.24903542 -0.34837281]
677.5348582267761,1004,False,5,6,[-8.09564721  7.92877673  1.27005225],queued,[-0.62185191  0.08809385  0.93462812]
677.5348582267761,1005,False,5,3,[-0.43087489 -8.0809593   3.13411257],landing,[ 0.50568378 -0.03156594 -0.11489306]
677.6295161247253,1000,False,4,1,[7.94255101 2.03651549 4.        ],exiting,[-0.82138112 -0.19970136 -0.21083176]
677.6295161247253,1001,False,6,4,[8.89598898 9.07039311 1.28128233],waiting,[-0.48080528  0.59740651 -0.20557775]
677.6295161247253,1002,False,4,0,[ 0.82187257 -2.94077761  3.99827371],cruising,[ 0.5677905  -0.59831228 -0.99408226]
677.6295161247253,1003,False,0,2,[ 6.61544955 -4.84353403  3.99999929],cruising,[ 0.63925976  0.24903542 -0.34837281]
677.6295161247253,1004,False,5,6,[-8.09564721  7.92877673  1.29005225],queued,[-0.62185191  0.08809385  0.93462812]
677.6295161247253,1005,False,5,3,[-0.45408139 -8.07765813  3.03689858],landing,[ 0.50568378 -0.03156594 -0.11489306]
677.7397787570953,1000,False,4,1,[7.84288515 2.04468346 4.        ],exiting,[-0.82138112 -0.19970136 -0.21083176]
677.7397787570953,1001,False,6,4,[8.89598898 9.07039311 1.28128233],waiting,[-0.48080528  0.59740651 -0.20557775]
677.7397787570953,1002,False,4,0,[ 0.62192354 -2.94529244  3.99853265],cruising,[ 0.5677905  -0.59831228 -0.99408226]
677.7397787570953,1003,False,0,2,[ 6.4370392  -4.88527413  3.99999964],cruising,[ 0.63925976  0.24903542 -0.34837281]
677.7397787570953,1004,False,5,6,[-8.09564721  7.92877673  1.33005225],queued,[-0.62185191  0.08809385  0.93462812]
677.7397787570953,1005,False,5,3,[-0.4772879  -8.07435695  2.93968458],landing,[ 0.50568378 -0.03156594 -0.11489306]
677.8429577350616,1000,False,4,1,[7.74321928 2.05285144 4.        ],exiting,[-0.82138112 -0.19970136 -0.21083176]
677.8429577350616,1001,False,6,4,[8.89598898 9.07039311 1.28128233],waiting,[-0.48080528  0.59740651 -0.20557775]
677.8429577350616,1002,False,4,0,[ 0.42288959 -2.96492625  3.99875276],cruising,[ 0.5677905  -0.59831228 -0.99408226]
677.8429577350616,1003,False,0,2,[ 6.25787702 -4.90702836  3.99999994],cruising,[ 0.63925976  0.24903542 -0.34837281]
677.8429577350616,1004,False,5,6,[-8.09564721  7.92877673  1.39005225],queued,[-0.62185191  0.08809385  0.93462812]
677.8429577350616,1005,False,5,3,[-0.50049441 -8.07105577  2.84247059],landing,[ 0.50568378 -0.03156594 -0.11489306]
677.931164264679,1000,False,4,1,[7.64355342 2.06101941 4.        ],exiting,[-0.82138112 -0.19970136 -0.21083176]
677.931164264679,1001,False,6,4,[8.89598898 9.07039311 1.28128233],waiting,[-0.48080528  0.59740651 -0.20557775]
677.931164264679,1002,False,4,0,[ 0.22581144 -2.99898804  3.99893984],cruising,[ 0.5677905  -0.59831228 -0.99408226]
677.931164264679,1003,False,0,2,[ 6.07899491 -4.90878455  4.00000019],cruising,[ 0.63925976  0.24903542 -0.34837281]
677.931164264679,1004,False,5,6,[-8.09564721  7.92877673  1.46505225],queued,[-0.62185191  0.08809385  0.93462812]
677.931164264679,1005,False,5,3,[-0.52370091 -8.0677546   2.7452566 ],landing,[ 0.50568378 -0.03156594 -0.11489306]
678.0345990657806,1000,False,4,1,[7.54388756 2.06918738 4.        ],exiting,[-0.82138112 -0.19970136 -0.21083176]
678.0345990657806,1001,False,6,4,[8.89598898 9.07039311 1.28128233],waiting,[-0.48080528  0.59740651 -0.20557775]
678.0345990657806,1002,False,4,0,[ 0.0315457  -3.04653614  3.99909887],cruising,[ 0.5677905  -0.59831228 -0.99408226]
678.0345990657806,1003,False,0,2,[ 5.901658   -4.89060052  4.00000039],cruising,[ 0.63925976  0.24903542 -0.34837281]
678.0345990657806,1004,False,5,6,[-8.09564721  7.92877673  1.54005225],queued,[-0.62185191  0.08809385  0.93462812]
678.0345990657806,1005,False,5,3,[-0.54690742 -8.06445342  2.64804261],landing,[ 0.50568378 -0.03156594 -0.11489306]
678.13880443573,1000,False,4,1,[7.44422169 2.07735536 4.        ],exiting,[-0.82138112 -0.19970136 -0.21083176]
678.13880443573,1001,False,6,4,[8.89598898 9.07039311 1.28128233],waiting,[-0.48080528  0.59740651 -0.20557775]
678.13880443573,1002,False,4,0,[-0.15811298 -3.11001515  3.99923404],cruising,[ 0.5677905  -0.59831228 -0.99408226]
678.13880443573,1003,False,0,2,[ 5.72689639 -4.85258299  4.00000053],cruising,[ 0.63925976  0.24903542 -0.34837281]
678.13880443573,1004,False,5,6,[-8.09564721  7.92877673  1.61505225],queued,[-0.62185191  0.08809385  0.93462812]
678.13880443573,1005,False,5,3,[-0.57011393 -8.06115224  2.55082862],landing,[ 0.50568378 -0.03156594 -0.11489306]
678.2487607002258,1000,False,4,1,[7.34455583 2.08552333 4.        ],exiting,[-0.82138112 -0.19970136 -0.21083176]
678.2487607002258,1001,False,6,4,[8.89598898 9.07039311 1.28128233],waiting,[-0.48080528  0.59740651 -0.20557775]
678.2487607002258,1002,False,4,0,[-0.34431389 -3.18301666  3.99934893],cruising,[ 0.5677905  -0.59831228 -0.99408226]
678.2487607002258,1003,False,0,2,[ 5.55504181 -4.79477786  4.00000062],cruising,[ 0.63925976  0.24903542 -0.34837281]
678.2487607002258,1004,False,5,6,[-8.09564721  7.92877673  1.69005225],queued,[-0.62185191  0.08809385  0.93462812]
678.2487607002258,1005,False,5,3,[-0.59332043 -8.05785107  2.45361462],landing,[ 0.50568378 -0.03156594 -0.11489306]
678.3591043949127,1000,False,4,1,[7.24488997 2.0936913  4.        ],exiting,[-0.82138112 -0.19970136 -0.21083176]
678.3591043949127,1001,False,6,4,[8.89598898 9.07039311 1.28128233],waiting,[-0.48080528  0.59740651 -0.20557775]
678.3591043949127,1002,False,4,0,[-0.52617747 -3.26623708  3.99944659],cruising,[ 0.5677905  -0.59831228 -0.99408226]
678.3591043949127,1003,False,0,2,[ 5.38656026 -4.71725922  4.00000065],cruising,[ 0.63925976  0.24903542 -0.34837281]
678.3591043949127,1004,False,5,6,[-8.09564721  7.92877673  1.76505225],queued,[-0.62185191  0.08809385  0.93462812]
678.3591043949127,1005,False,5,3,[-0.61652694 -8.05454989  2.35640063],landing,[ 0.50568378 -0.03156594 -0.11489306]
678.4492671489716,1000,False,4,1,[7.14522411 2.10185928 4.        ],exiting,[-0.82138112 -0.19970136 -0.21083176]
678.4492671489716,1001,False,6,4,[8.89598898 9.07039311 1.28128233],queued,[-0.48080528  0.59740651 -0.20557775]
678.4492671489716,1002,False,4,0,[-0.70505169 -3.35570222  3.9995296 ],cruising,[ 0.5677905  -0.59831228 -0.99408226]
678.4492671489716,1003,False,0,2,[ 5.22062537 -4.61990337  4.00000061],cruising,[ 0.63925976  0.24903542 -0.34837281]
678.4492671489716,1004,False,5,6,[-8.09564721  7.92877673  1.84005225],queued,[-0.62185191  0.08809385  0.93462812]
678.4492671489716,1005,False,5,3,[-0.63973345 -8.05124871  2.25918664],landing,[ 0.50568378 -0.03156594 -0.11489306]
678.5557658672333,1000,False,4,1,[7.04555824 2.11002725 4.        ],exiting,[-0.82138112 -0.19970136 -0.21083176]
678.5557658672333,1001,False,6,4,[8.89598898 9.07039311 1.30128233],queued,[-0.48080528  0.59740651 -0.20557775]
678.5557658672333,1002,False,4,0,[-0.88290491 -3.44718027  3.99960016],cruising,[ 0.5677905  -0.59831228 -0.99408226]
678.5557658672333,1003,False,0,2,[ 5.05303748 -4.51075073  4.00000052],cruising,[ 0.63925976  0.24903542 -0.34837281]
678.5557658672333,1004,False,5,6,[-8.09564721  7.92877673  1.91505225],queued,[-0.62185191  0.08809385  0.93462812]
678.5557658672333,1005,False,5,3,[-0.66293995 -8.04794754  2.16197265],landing,[ 0.50568378 -0.03156594 -0.11489306]
678.6497151851654,1000,False,4,1,[6.94589238 2.11819522 4.        ],exiting,[-0.82138112 -0.19970136 -0.21083176]
678.6497151851654,1001,False,6,4,[8.89598898 9.07039311 1.34128233],queued,[-0.48080528  0.59740651 -0.20557775]
678.6497151851654,1002,False,4,0,[-1.06284639 -3.53447898  3.99966014],cruising,[ 0.5677905  -0.59831228 -0.99408226]
678.6497151851654,1003,False,0,2,[ 4.88179964 -4.40741825  4.00000044],cruising,[ 0.63925976  0.24903542 -0.34837281]
678.6497151851654,1004,False,5,6,[-8.09564721  7.92877673  1.99005225],queued,[-0.62185191  0.08809385  0.93462812]
678.6497151851654,1005,False,5,3,[-0.68614646 -8.04464636  2.06475865],landing,[ 0.50568378 -0.03156594 -0.11489306]
678.7500383853912,1000,False,4,1,[6.84622652 2.12636319 4.        ],exiting,[-0.82138112 -0.19970136 -0.21083176]
678.7500383853912,1001,False,6,4,[8.89598898 9.07039311 1.40128233],queued,[-0.48080528  0.59740651 -0.20557775]
678.7500383853912,1002,False,4,0,[-1.24755095 -3.61118768  3.99971112],cruising,[ 0.5677905  -0.59831228 -0.99408226]
678.7500383853912,1003,False,0,2,[ 4.70752426 -4.30929541  4.00000037],cruising,[ 0.63925976  0.24903542 -0.34837281]
678.7500383853912,1004,False,5,6,[-8.09564721  7.92877673  2.06505225],queued,[-0.62185191  0.08809385  0.93462812]
678.7500383853912,1005,False,5,3,[-0.70935297 -8.04134518  1.96754466],landing,[ 0.50568378 -0.03156594 -0.11489306]
678.849310874939,1000,False,4,1,[6.74656065 2.13453117 4.        ],exiting,[-0.82138112 -0.19970136 -0.21083176]
678.849310874939,1001,False,6,4,[8.89598898 9.07039311 1.47628233],queued,[-0.48080528  0.59740651 -0.20557775]
678.849310874939,1002,False,4,0,[-1.43868179 -3.66895691  3.99975634],cruising,[ 0.5677905  -0.59831228 -0.99408226]
678.849310874939,1003,False,0,2,[ 4.53004674 -4.21709059  4.00000032],cruising,[ 0.63925976  0.24903542 -0.34837281]
678.849310874939,1004,False,5,6,[-8.09564721  7.92877673  2.14005225],queued,[-0.62185191  0.08809385  0.93462812]
678.849310874939,1005,False,5,3,[-0.73255947 -8.03804401  1.87033067],landing,[ 0.50568378 -0.03156594 -0.11489306]
678.9499187469482,1000,False,4,1,[6.64689479 2.14269914 4.        ],exiting,[-0.82138112 -0.19970136 -0.21083176]
678.9499187469482,1001,False,6,4,[8.89598898 9.07039311 1.55128233],entering,[-0.48080528  0.59740651 -0.20557775]
678.9499187469482,1002,False,4,0,[-1.63298357 -3.70697913  3.9997985 ],cruising,[ 0.5677905  -0.59831228 -0.99408226]
678.9499187469482,1003,False,0,2,[ 4.3508576  -4.12825786  4.00000027],cruising,[ 0.63925976  0.24903542 -0.34837281]
678.9499187469482,1004,False,5,6,[-8.09564721  7.92877673  2.21505225],queued,[-0.62185191  0.08809385  0.93462812]
678.9499187469482,1005,False,5,3,[-0.75576598 -8.03474283  1.77311668],landing,[ 0.50568378 -0.03156594 -0.11489306]
679.0571930408478,1000,False,4,1,[6.54722893 2.15086711 4.        ],exiting,[-0.82138112 -0.19970136 -0.21083176]
679.0571930408478,1001,False,6,4,[8.89176056 9.05084521 1.62628233],entering,[-0.48080528  0.59740651 -0.20557775]
679.0571930408478,1002,False,4,0,[-1.82726307 -3.72500135  3.99983813],cruising,[ 0.5677905  -0.59831228 -0.99408226]
679.0571930408478,1003,False,0,2,[ 4.1697867  -4.04332653  4.00000023],cruising,[ 0.63925976  0.24903542 -0.34837281]
679.0571930408478,1004,False,5,6,[-8.09564721  7.92877673  2.29005225],queued,[-0.62185191  0.08809385  0.93462812]
679.0571930408478,1005,False,5,3,[-0.77897249 -8.03144165  1.67590269],landing,[ 0.50568378 -0.03156594 -0.11489306]
679.1553843021393,1000,False,4,1,[6.44756307 2.15903509 4.        ],exiting,[-0.82138112 -0.19970136 -0.21083176]
679.1553843021393,1001,False,6,4,[8.88330371 9.01174941 1.70128233],entering,[-0.48080528  0.59740651 -0.20557775]
679.1553843021393,1002,False,4,0,[-2.0185061  -3.72325542  3.99987542],cruising,[ 0.5677905  -0.59831228 -0.99408226]
679.1553843021393,1003,False,0,2,[ 3.98774986 -3.9604858   4.00000019],cruising,[ 0.63925976  0.24903542 -0.34837281]
679.1553843021393,1004,False,5,6,[-8.09564721  7.92877673  2.36505225],queued,[-0.62185191  0.08809385  0.93462812]
679.1553843021393,1005,False,5,3,[-0.80217899 -8.02814048  1.57868869],landing,[ 0.50568378 -0.03156594 -0.11489306]
679.2493643760681,1000,False,4,1,[6.3478972  2.16720306 4.        ],exiting,[-0.82138112 -0.19970136 -0.21083176]
679.2493643760681,1001,False,6,4,[8.87061843 8.9531057  1.77628233],entering,[-0.48080528  0.59740651 -0.20557775]
679.2493643760681,1002,False,4,0,[-2.2040727  -3.70233195  3.99991036],cruising,[ 0.5677905  -0.59831228 -0.99408226]
679.2493643760681,1003,False,0,2,[ 3.80458138 -3.88017821  4.00000017],cruising,[ 0.63925976  0.24903542 -0.34837281]
679.2493643760681,1004,False,5,6,[-8.09564721  7.92877673  2.44005225],queued,[-0.62185191  0.08809385  0.93462812]
679.2493643760681,1005,False,5,3,[-0.8253855 -8.0248393  1.4814747],fake_landed,[ 0.50568378 -0.03156594 -0.11489306]
679.3543269634247,1000,False,4,1,[6.24823134 2.17537103 4.        ],exiting,[-0.82138112 -0.19970136 -0.21083176]
679.3543269634247,1001,False,6,4,[8.85370472 8.8749141  1.85128233],entering,[-0.48080528  0.59740651 -0.20557775]
679.3543269634247,1002,False,4,0,[-2.38156215 -3.66311204  3.99994291],cruising,[ 0.5677905  -0.59831228 -0.99408226]
679.3543269634247,1003,False,0,2,[ 3.62079693 -3.80129047  4.00000014],cruising,[ 0.63925976  0.24903542 -0.34837281]
679.3543269634247,1004,False,5,6,[-8.09564721  7.92877673  2.51505225],entering,[-0.62185191  0.08809385  0.93462812]
679.3543269634247,1005,False,5,3,[-0.84395071 -8.02219836  1.40370351],fake_landed,[ 0.50568378 -0.03156594 -0.11489306]
679.4496054649353,1000,False,4,1,[6.14856548 2.18353901 4.        ],exiting,[-0.82138112 -0.19970136 -0.21083176]
679.4496054649353,1001,False,6,4,[8.83256767 8.7771735  1.92628233],entering,[-0.48080528  0.59740651 -0.20557775]
679.4496054649353,1002,False,4,0,[-2.54879228 -3.60672396  3.99997298],cruising,[ 0.5677905  -0.59831228 -0.99408226]
679.4496054649353,1003,False,0,2,[ 3.43627996 -3.72413162  4.00000012],cruising,[ 0.63925976  0.24903542 -0.34837281]
679.4496054649353,1004,False,5,6,[-8.07779802  7.91975418  2.59005225],entering,[-0.62185191  0.08809385  0.93462812]
679.4496054649353,1005,False,5,3,[-0.85787461 -8.02021765  1.34537511],fake_landed,[ 0.50568378 -0.03156594 -0.11489306]
679.549646615982,1000,False,4,1,[6.04889961 2.19170698 4.        ],exiting,[-0.82138112 -0.19970136 -0.21083176]
679.549646615982,1001,False,6,4,[8.80736577 8.65985033 2.00128233],entering,[-0.48080528  0.59740651 -0.20557775]
679.549646615982,1002,False,4,0,[-2.70392161 -3.53441197  4.00000044],cruising,[ 0.5677905  -0.59831228 -0.99408226]
679.549646615982,1003,False,0,2,[ 3.25125264 -3.64820474  4.0000001 ],cruising,[ 0.63925976  0.24903542 -0.34837281]
679.549646615982,1004,False,5,6,[-8.04208597  7.90173617  2.66505225],entering,[-0.62185191  0.08809385  0.93462812]
679.549646615982,1005,False,5,3,[-0.86715721 -8.01889718  1.30648951],fake_landed,[ 0.50568378 -0.03156594 -0.11489306]
679.6488306522369,1000,False,4,1,[5.94923375 2.19987495 4.        ],exiting,[-0.82138112 -0.19970136 -0.21083176]
679.6488306522369,1001,False,6,4,[8.77834459 8.52289522 2.07628233],entering,[-0.48080528  0.59740651 -0.20557775]
679.6488306522369,1002,False,4,0,[-2.84533402 -3.44754506  4.00002516],cruising,[ 0.5677905  -0.59831228 -0.99408226]
679.6488306522369,1003,False,0,2,[ 3.06568174 -3.57361626  4.00000009],cruising,[ 0.63925976  0.24903542 -0.34837281]
679.6488306522369,1004,False,5,6,[-7.98848091  7.87478284  2.74005225],entering,[-0.62185191  0.08809385  0.93462812]
679.6488306522369,1005,False,5,3,[-0.87179851 -8.01823694  1.28704672],fake_landed,[ 0.50568378 -0.03156594 -0.11489306]
679.7526597976685,1000,False,4,1,[5.84956789 2.20804293 4.        ],exiting,[-0.82138112 -0.19970136 -0.21083176]
679.7526597976685,1001,False,6,4,[8.74590795 8.3662339  2.15128233],entering,[-0.48080528  0.59740651 -0.20557775]
679.7526597976685,1002,False,4,0,[-2.971577   -3.34764401  4.00004701],cruising,[ 0.5677905  -0.59831228 -0.99408226]
679.7526597976685,1003,False,0,2,[ 2.87954841 -3.5004426   4.00000007],cruising,[ 0.63925976  0.24903542 -0.34837281]
679.7526597976685,1004,False,5,6,[-7.91692573  7.83900945  2.81505225],entering,[-0.62185191  0.08809385  0.93462812]
679.7526597976685,1005,False,3,5,[-0.87179851 -8.01823694  1.28704672],waiting,[ 0.50568378 -0.03156594 -0.11489306]
679.8492591381073,1000,False,4,1,[5.74990203 2.2162109  4.        ],exiting,[-0.82138112 -0.19970136 -0.21083176]
679.8492591381073,1001,False,6,4,[8.71039597 8.18981044 2.22628233],entering,[-0.48080528  0.59740651 -0.20557775]
679.8492591381073,1002,False,4,0,[-3.08142173 -3.23629318  4.00006579],cruising,[ 0.5677905  -0.59831228 -0.99408226]
679.8492591381073,1003,False,0,2,[ 2.69274625 -3.42899366  4.00000006],cruising,[ 0.63925976  0.24903542 -0.34837281]
679.8492591381073,1004,False,5,6,[-7.82737223  7.7945148   2.89005225],entering,[-0.62185191  0.08809385  0.93462812]
679.8492591381073,1005,False,3,5,[-0.87179851 -8.01823694  1.28704672],waiting,[ 0.50568378 -0.03156594 -0.11489306]
679.949517250061,1000,False,4,1,[5.65023616 2.22437887 4.        ],exiting,[-0.82138112 -0.19970136 -0.21083176]
679.949517250061,1001,False,6,4,[8.67184606 7.99361906 2.30128233],entering,[-0.48080528  0.59740651 -0.20557775]
679.949517250061,1002,False,4,0,[-3.17378596 -3.11522474  4.00008133],cruising,[ 0.5677905  -0.59831228 -0.99408226]
679.949517250061,1003,False,0,2,[ 2.50543482 -3.35889068  4.00000005],cruising,[ 0.63925976  0.24903542 -0.34837281]
679.949517250061,1004,False,5,6,[-7.71979625  7.74134892  2.96505225],entering,[-0.62185191  0.08809385  0.93462812]
679.949517250061,1005,False,3,5,[-0.87179851 -8.01823694  1.28704672],waiting,[ 0.50568378 -0.03156594 -0.11489306]
680.0495283603668,1000,False,4,1,[5.5505703  2.23254685 4.        ],landing,[-0.82138112 -0.19970136 -0.21083176]
680.0495283603668,1001,False,6,4,[8.63328758 7.79737114 2.37628233],entering,[-0.48080528  0.59740651 -0.20557775]
680.0495283603668,1002,False,4,0,[-3.24811704 -2.98550729  4.00009349],cruising,[ 0.5677905  -0.59831228 -0.99408226]
680.0495283603668,1003,False,0,2,[ 2.31724602 -3.29117823  4.00000005],cruising,[ 0.63925976  0.24903542 -0.34837281]
680.0495283603668,1004,False,5,6,[-7.59417623  7.67955676  3.04005225],entering,[-0.62185191  0.08809385  0.93462812]
680.0495283603668,1005,False,3,5,[-0.87179851 -8.01823694  1.28704672],waiting,[ 0.50568378 -0.03156594 -0.11489306]
680.1491136550903,1000,False,4,1,[5.46476507 2.23645646 3.98622505],landing,[-0.82138112 -0.19970136 -0.21083176]
680.1491136550903,1001,False,6,4,[8.59531749 7.60100854 2.45128233],entering,[-0.48080528  0.59740651 -0.20557775]
680.1491136550903,1002,False,4,0,[-3.30415699 -2.84770067  4.00010214],cruising,[ 0.5677905  -0.59831228 -0.99408226]
680.1491136550903,1003,False,0,2,[ 2.12847949 -3.22509347  4.00000004],cruising,[ 0.63925976  0.24903542 -0.34837281]
680.1491136550903,1004,False,5,6,[-7.45006498  7.61014395  3.11505225],entering,[-0.62185191  0.08809385  0.93462812]
680.1491136550903,1005,False,3,5,[-0.87179851 -8.01823694  1.28704672],waiting,[ 0.50568378 -0.03156594 -0.11489306]
680.2496995925903,1000,False,4,1,[5.39299114 2.23613148 3.95884162],landing,[-0.82138112 -0.19970136 -0.21083176]
680.2496995925903,1001,False,6,4,[8.5599388  7.40416254 2.52628233],entering,[-0.48080528  0.59740651 -0.20557775]
680.2496995925903,1002,False,4,0,[-3.34174335 -2.70218269  4.00010716],cruising,[ 0.5677905  -0.59831228 -0.99408226]
680.2496995925903,1003,False,0,2,[ 1.93852838 -3.16249491  4.00000003],cruising,[ 0.63925976  0.24903542 -0.34837281]
680.2496995925903,1004,False,5,6,[-7.2872381   7.53367953  3.19005225],entering,[-0.62185191  0.08809385  0.93462812]
680.2496995925903,1005,False,3,5,[-0.87179851 -8.01823694  1.28704672],waiting,[ 0.50568378 -0.03156594 -0.11489306]
680.3499813079834,1000,False,4,1,[5.33544742 2.2316007  3.91804877],landing,[-0.82138112 -0.19970136 -0.21083176]
680.3499813079834,1001,False,6,4,[8.52575097 7.20710622 2.60128233],entering,[-0.48080528  0.59740651 -0.20557775]
680.3499813079834,1002,False,4,0,[-3.36075587 -2.54924767  4.0001085 ],cruising,[ 0.5677905  -0.59831228 -0.99408226]
680.3499813079834,1003,False,0,2,[ 1.74721454 -3.10419386  4.00000003],cruising,[ 0.63925976  0.24903542 -0.34837281]
680.3499813079834,1004,False,5,6,[-7.10491154  7.45276961  3.26505225],entering,[-0.62185191  0.08809385  0.93462812]
680.3499813079834,1005,False,3,5,[-0.87179851 -8.01823694  1.28704672],waiting,[ 0.50568378 -0.03156594 -0.11489306]
680.4490694999695,1000,False,4,1,[5.292399   2.22290455 3.86412062],landing,[-0.82138112 -0.19970136 -0.21083176]
680.4490694999695,1001,False,6,4,[8.49156315 7.0100499  2.67628233],entering,[-0.48080528  0.59740651 -0.20557775]
680.4490694999695,1002,False,4,0,[-3.36130032 -2.38863604  4.00010603],cruising,[ 0.5677905  -0.59831228 -0.99408226]
680.4490694999695,1003,False,0,2,[ 1.55434639 -3.05126111  4.00000002],cruising,[ 0.63925976  0.24903542 -0.34837281]
680.4490694999695,1004,False,5,6,[-6.92108638  7.37397677  3.34005225],entering,[-0.62185191  0.08809385  0.93462812]
680.4490694999695,1005,False,3,5,[-0.87179851 -8.01823694  1.28704672],waiting,[ 0.50568378 -0.03156594 -0.11489306]
680.5498776435852,1000,False,4,1,[5.26408717 2.21008191 3.79731596],landing,[-0.82138112 -0.19970136 -0.21083176]
680.5498776435852,1001,False,6,4,[8.45886418 6.81274106 2.75128233],entering,[-0.48080528  0.59740651 -0.20557775]
680.5498776435852,1002,False,4,0,[-3.34377375 -2.21945482  4.00009968],cruising,[ 0.5677905  -0.59831228 -0.99408226]
680.5498776435852,1003,False,0,2,[ 1.35973533 -3.00514673  4.00000002],cruising,[ 0.63925976  0.24903542 -0.34837281]
680.5498776435852,1004,False,5,6,[-6.73512692  7.30036238  3.41505225],entering,[-0.62185191  0.08809385  0.93462812]
680.5498776435852,1005,False,3,5,[-0.87179851 -8.01823694  1.28704672],waiting,[ 0.50568378 -0.03156594 -0.11489306]
680.6490445137024,1000,False,4,1,[5.25072175 2.1931683  3.71786736],landing,[-0.82138112 -0.19970136 -0.21083176]
680.6490445137024,1001,False,6,4,[8.42971554 6.61487657 2.82628233],entering,[-0.48080528  0.59740651 -0.20557775]
680.6490445137024,1002,False,4,0,[-3.30942277 -2.03945974  4.00008935],cruising,[ 0.5677905  -0.59831228 -0.99408226]
680.6490445137024,1003,False,0,2,[ 1.16324201 -2.96785901  4.00000002],cruising,[ 0.63925976  0.24903542 -0.34837281]
680.6490445137024,1004,False,5,6,[-6.54757043  7.23091772  3.49005225],entering,[-0.62185191  0.08809385  0.93462812]
680.6490445137024,1005,False,3,5,[-0.87179851 -8.01823694  1.28704672],waiting,[ 0.50568378 -0.03156594 -0.11489306]
680.749814748764,1000,False,4,1,[5.25251369 2.17220116 3.62601622],landing,[-0.82138112 -0.19970136 -0.21083176]
680.749814748764,1001,False,6,4,[8.4005669  6.41701208 2.90128233],entering,[-0.48080528  0.59740651 -0.20557775]
680.749814748764,1002,False,4,0,[-3.26814275 -1.8437662   4.00007595],cruising,[ 0.5677905  -0.59831228 -0.99408226]
680.749814748764,1003,False,0,2,[ 0.96415707 -2.9487491   4.00000001],cruising,[ 0.63925976  0.24903542 -0.34837281]
680.749814748764,1004,False,5,6,[-6.3583086   7.1662651   3.56505225],entering,[-0.62185191  0.08809385  0.93462812]
680.749814748764,1005,False,3,5,[-0.87179851 -8.01823694  1.28704672],waiting,[ 0.50568378 -0.03156594 -0.11489306]
680.8491044044495,1000,False,4,1,[5.26086378 2.14952138 3.52898064],landing,[-0.82138112 -0.19970136 -0.21083176]
680.8491044044495,1001,False,6,4,[8.37394156 6.21879227 2.97628233],entering,[-0.48080528  0.59740651 -0.20557775]
680.8491044044495,1002,False,4,0,[-3.24343054 -1.64529881  4.00006456],cruising,[ 0.5677905  -0.59831228 -0.99408226]
680.8491044044495,1003,False,0,2,[ 0.76425478 -2.94249808  4.00000001],cruising,[ 0.63925976  0.24903542 -0.34837281]
680.8491044044495,1004,False,5,6,[-6.1669977   7.10795438  3.63029441],entering,[-0.62185191  0.08809385  0.93462812]
680.8491044044495,1005,False,3,5,[-0.87179851 -8.01823694  1.28704672],waiting,[ 0.50568378 -0.03156594 -0.11489306]
680.9500334262848,1000,False,4,1,[5.26921386 2.12684159 3.43194506],landing,[-0.82138112 -0.19970136 -0.21083176]
680.9500334262848,1001,False,6,4,[8.35044552 6.02017723 3.05128233],entering,[-0.48080528  0.59740651 -0.20557775]
680.9500334262848,1002,False,4,0,[-3.23480098 -1.44548507  4.00005487],cruising,[ 0.5677905  -0.59831228 -0.99408226]
680.9500334262848,1003,False,0,2,[ 0.56446501 -2.95166577  4.00000001],cruising,[ 0.63925976  0.24903542 -0.34837281]
680.9500334262848,1004,False,5,6,[-5.97342799  7.05764765  3.68575025],entering,[-0.62185191  0.08809385  0.93462812]
680.9500334262848,1005,False,3,5,[-0.87179851 -8.01823694  1.28704672],waiting,[ 0.50568378 -0.03156594 -0.11489306]
681.0491616725922,1000,False,4,1,[5.27756394 2.10416181 3.33490948],landing,[-0.82138112 -0.19970136 -0.21083176]
681.0491616725922,1001,False,6,4,[8.32817704 5.82142081 3.12628233],entering,[-0.48080528  0.59740651 -0.20557775]
681.0491616725922,1002,False,4,0,[-3.24184596 -1.24560919  4.00004664],cruising,[ 0.5677905  -0.59831228 -0.99408226]
681.0491616725922,1003,False,0,2,[ 0.36591549 -2.97570921  4.00000001],cruising,[ 0.63925976  0.24903542 -0.34837281]
681.0491616725922,1004,False,5,6,[-5.77785007  7.01582327  3.73288771],entering,[-0.62185191  0.08809385  0.93462812]
681.0491616725922,1005,False,3,5,[-0.87179851 -8.01823694  1.28704672],queued,[ 0.50568378 -0.03156594 -0.11489306]
681.1502707004547,1000,False,4,1,[5.28591403 2.08148202 3.23787391],landing,[-0.82138112 -0.19970136 -0.21083176]
681.1502707004547,1001,False,6,4,[8.3107824  5.62217868 3.20128233],entering,[-0.48080528  0.59740651 -0.20557775]
681.1502707004547,1002,False,4,0,[-3.26352681 -1.04678781  4.00003965],cruising,[ 0.5677905  -0.59831228 -0.99408226]
681.1502707004547,1003,False,0,2,[ 0.16959147 -3.01387829  4.00000001],cruising,[ 0.63925976  0.24903542 -0.34837281]
681.1502707004547,1004,False,5,6,[-5.58059169  6.98282127  3.77295455],entering,[-0.62185191  0.08809385  0.93462812]
681.1502707004547,1005,False,3,5,[-0.87179851 -8.01823694  1.30704672],queued,[ 0.50568378 -0.03156594 -0.11489306]
681.2490127086639,1000,False,4,1,[5.29426411 2.05880224 3.14083833],landing,[-0.82138112 -0.19970136 -0.21083176]
681.2490127086639,1001,False,6,4,[8.2961041  5.42271804 3.27628233],entering,[-0.48080528  0.59740651 -0.20557775]
681.2490127086639,1002,False,4,0,[-3.29866339 -0.84989845  4.0000337 ],cruising,[ 0.5677905  -0.59831228 -0.99408226]
681.2490127086639,1003,False,0,2,[-0.02372338 -3.06515567  4.00000001],cruising,[ 0.63925976  0.24903542 -0.34837281]
681.2490127086639,1004,False,5,6,[-5.38166547  6.96212445  3.80701137],entering,[-0.62185191  0.08809385  0.93462812]
681.2490127086639,1005,False,3,5,[-0.87179851 -8.01823694  1.34704672],queued,[ 0.50568378 -0.03156594 -0.11489306]
681.3494117259979,1000,False,4,1,[5.3026142  2.03612245 3.04380275],landing,[-0.82138112 -0.19970136 -0.21083176]
681.3494117259979,1001,False,6,4,[8.28498997 5.22302709 3.35128233],entering,[-0.48080528  0.59740651 -0.20557775]
681.3494117259979,1002,False,4,0,[-3.34464602 -0.65525622  4.00002864],cruising,[ 0.5677905  -0.59831228 -0.99408226]
681.3494117259979,1003,False,0,2,[-0.2123178  -3.13173002  4.00000001],cruising,[ 0.63925976  0.24903542 -0.34837281]
681.3494117259979,1004,False,5,6,[-5.18193356  6.95177239  3.83595967],entering,[-0.62185191  0.08809385  0.93462812]
681.3494117259979,1005,False,3,5,[-0.87179851 -8.01823694  1.40704672],queued,[ 0.50568378 -0.03156594 -0.11489306]
681.4519999027252,1000,False,4,1,[5.31096428 2.01344267 2.94676717],landing,[-0.82138112 -0.19970136 -0.21083176]
681.4519999027252,1001,False,6,4,[8.28001755 5.02308891 3.42628233],entering,[-0.48080528  0.59740651 -0.20557775]
681.4519999027252,1002,False,4,0,[-3.4020925  -0.46368403  4.00002435],cruising,[ 0.5677905  -0.59831228 -0.99408226]
681.4519999027252,1003,False,0,2,[-0.39749066 -3.20730127  4.        ],cruising,[ 0.63925976  0.24903542 -0.34837281]
681.4519999027252,1004,False,5,6,[-4.9819336   6.95166155  3.86056572],cruising,[-0.62185191  0.08809385  0.93462812]
681.4519999027252,1005,False,3,5,[-0.87179851 -8.01823694  1.48204672],queued,[ 0.50568378 -0.03156594 -0.11489306]
681.554164648056,1000,False,4,1,[5.31931436 1.99076288 2.84973159],landing,[-0.82138112 -0.19970136 -0.21083176]
681.554164648056,1001,False,6,4,[8.28057325 4.82308968 3.50128233],entering,[-0.48080528  0.59740651 -0.20557775]
681.554164648056,1002,False,4,0,[-3.47021632 -0.27564376  4.0000207 ],cruising,[ 0.5677905  -0.59831228 -0.99408226]
681.554164648056,1003,False,0,2,[-0.57854465 -3.29226864  4.        ],cruising,[ 0.63925976  0.24903542 -0.34837281]
681.554164648056,1004,False,5,6,[-4.78216679  6.96131682  3.88148086],cruising,[-0.62185191  0.08809385  0.93462812]
681.554164648056,1005,False,3,5,[-0.87179851 -8.01823694  1.55704672],queued,[ 0.50568378 -0.03156594 -0.11489306]
681.6503033638,1000,False,4,1,[5.32766445 1.9680831  2.75269601],landing,[-0.82138112 -0.19970136 -0.21083176]
681.6503033638,1001,False,6,4,[8.28525381 4.62314446 3.57608998],entering,[-0.48080528  0.59740651 -0.20557775]
681.6503033638,1002,False,4,0,[-3.54635201 -0.09070226  4.00001759],cruising,[ 0.5677905  -0.59831228 -0.99408226]
681.6503033638,1003,False,0,2,[-0.75700692 -3.38255273  4.        ],cruising,[ 0.63925976  0.24903542 -0.34837281]
681.6503033638,1004,False,5,6,[-4.5830014   6.97956912  3.89925873],cruising,[-0.62185191  0.08809385  0.93462812]
681.6503033638,1005,False,3,5,[-0.87179851 -8.01823694  1.63204672],queued,[ 0.50568378 -0.03156594 -0.11489306]
681.7491281032562,1000,False,4,1,[5.33601453 1.94540332 2.65566044],landing,[-0.82138112 -0.19970136 -0.21083176]
681.7491281032562,1001,False,6,4,[8.29460739 4.4233633  3.63967648],entering,[-0.48080528  0.59740651 -0.20557775]
681.7491281032562,1002,False,4,0,[-3.6332313   0.08944209  4.00001495],cruising,[ 0.5677905  -0.59831228 -0.99408226]
681.7491281032562,1003,False,0,2,[-0.93500798 -3.47374276  4.        ],cruising,[ 0.63925976  0.24903542 -0.34837281]
681.7491281032562,1004,False,5,6,[-4.38460197  7.00482116  3.91436992],cruising,[-0.62185191  0.08809385  0.93462812]
681.7491281032562,1005,False,3,5,[-0.87179851 -8.01823694  1.70704672],queued,[ 0.50568378 -0.03156594 -0.11489306]
681.8496291637421,1000,False,4,1,[5.34436462 1.92272353 2.55862486],landing,[-0.82138112 -0.19970136 -0.21083176]
681.8496291637421,1001,False,6,4,[8.30686365 4.22373919 3.69372501],entering,[-0.48080528  0.59740651 -0.20557775]
681.8496291637421,1002,False,4,0,[-3.72778459  0.26567965  4.00001271],cruising,[ 0.5677905  -0.59831228 -0.99408226]
681.8496291637421,1003,False,0,2,[-1.11595521 -3.55893724  4.        ],cruising,[ 0.63925976  0.24903542 -0.34837281]
681.8496291637421,1004,False,5,6,[-4.18694093  7.03531896  3.92721443],cruising,[-0.62185191  0.08809385  0.93462812]
681.8496291637421,1005,False,3,5,[-0.87179851 -8.01823694  1.78204672],queued,[ 0.50568378 -0.03156594 -0.11489306]
681.9537477493286,1000,False,4,1,[5.3527147  1.90004375 2.46158928],landing,[-0.82138112 -0.19970136 -0.21083176]
681.9537477493286,1001,False,6,4,[8.3164998  4.02397147 3.73966626],entering,[-0.48080528  0.59740651 -0.20557775]
681.9537477493286,1002,False,4,0,[-3.83007529  0.43754184  4.0000108 ],cruising,[ 0.5677905  -0.59831228 -0.99408226]
681.9537477493286,1003,False,0,2,[-1.30380206 -3.62759263  4.        ],cruising,[ 0.63925976  0.24903542 -0.34837281]
681.9537477493286,1004,False,5,6,[-3.9898576   7.06935068  3.93813227],cruising,[-0.62185191  0.08809385  0.93462812]
681.9537477493286,1005,False,3,5,[-0.87179851 -8.01823694  1.85704672],entering,[ 0.50568378 -0.03156594 -0.11489306]
682.059485912323,1000,False,4,1,[5.36106478 1.87736396 2.3645537 ],landing,[-0.82138112 -0.19970136 -0.21083176]
682.059485912323,1001,False,6,4,[8.33136397 3.82452459 3.77871632],cruising,[-0.48080528  0.59740651 -0.20557775]
682.059485912323,1002,False,4,0,[-3.93638794  0.60694556  4.00000918],cruising,[ 0.5677905  -0.59831228 -0.99408226]
682.059485912323,1003,False,0,2,[-1.49698525 -3.67697307  4.        ],cruising,[ 0.63925976  0.24903542 -0.34837281]
682.059485912323,1004,False,5,6,[-3.79312489  7.10535405  3.94741243],cruising,[-0.62185191  0.08809385  0.93462812]
682.059485912323,1005,False,3,5,[-0.8782858  -7.9993183   1.93204672],entering,[ 0.50568378 -0.03156594 -0.11489306]
682.1489949226379,1000,False,4,1,[5.36941487 1.85468418 2.26751812],landing,[-0.82138112 -0.19970136 -0.21083176]
682.1489949226379,1001,False,6,4,[8.34041261 3.62472939 3.81190887],cruising,[-0.48080528  0.59740651 -0.20557775]
682.1489949226379,1002,False,4,0,[-4.04583351  0.77434229  4.00000781],cruising,[ 0.5677905  -0.59831228 -0.99408226]
682.1489949226379,1003,False,0,2,[-1.69249736 -3.70648958  4.        ],cruising,[ 0.63925976  0.24903542 -0.34837281]
682.1489949226379,1004,False,5,6,[-3.59606064  7.13949613  3.95530056],cruising,[-0.62185191  0.08809385  0.93462812]
682.1489949226379,1005,False,3,5,[-0.89126037 -7.96148101  2.00704672],entering,[ 0.50568378 -0.03156594 -0.11489306]
682.2503659725189,1000,False,4,1,[5.37776495 1.83200439 2.17048254],landing,[-0.82138112 -0.19970136 -0.21083176]
682.2503659725189,1001,False,6,4,[8.34782474 3.42486679 3.84012254],cruising,[-0.48080528  0.59740651 -0.20557775]
682.2503659725189,1002,False,4,0,[-4.15767365  0.94014876  4.00000663],cruising,[ 0.5677905  -0.59831228 -0.99408226]
682.2503659725189,1003,False,0,2,[-1.88707437 -3.71602795  4.        ],cruising,[ 0.63925976  0.24903542 -0.34837281]
682.2503659725189,1004,False,5,6,[-3.3989639   7.17345016  3.96200548],cruising,[-0.62185191  0.08809385  0.93462812]
682.2503659725189,1005,False,3,5,[-0.91072222 -7.90472507  2.08204672],entering,[ 0.50568378 -0.03156594 -0.11489306]
682.353269815445,1000,False,4,1,[5.38611504 1.80932461 2.07344697],landing,[-0.82138112 -0.19970136 -0.21083176]
682.353269815445,1001,False,6,4,[8.36131892 3.22532254 3.86410416],cruising,[-0.48080528  0.59740651 -0.20557775]
682.353269815445,1002,False,4,0,[-4.2712926   1.10474139  4.00000564],cruising,[ 0.5677905  -0.59831228 -0.99408226]
682.353269815445,1003,False,0,2,[-2.07769189 -3.70596218  4.        ],cruising,[ 0.63925976  0.24903542 -0.34837281]
682.353269815445,1004,False,5,6,[-3.20163656  7.20603723  3.96770466],cruising,[-0.62185191  0.08809385  0.93462812]
682.353269815445,1005,False,3,5,[-0.93667136 -7.82905049  2.15704672],entering,[ 0.50568378 -0.03156594 -0.11489306]
682.4631340503693,1000,False,4,1,[5.39446512 1.78664482 1.97641139],landing,[-0.82138112 -0.19970136 -0.21083176]
682.4631340503693,1001,False,6,4,[8.37343312 3.02568976 3.88448854],cruising,[-0.48080528  0.59740651 -0.20557775]
682.4631340503693,1002,False,4,0,[-4.38617265  1.2684563   4.00000479],cruising,[ 0.5677905  -0.59831228 -0.99408226]
682.4631340503693,1003,False,0,2,[-2.26174593 -3.67700407  4.        ],cruising,[ 0.63925976  0.24903542 -0.34837281]
682.4631340503693,1004,False,5,6,[-3.00353358  7.23351833  3.97254896],cruising,[-0.62185191  0.08809385  0.93462812]
682.4631340503693,1005,False,3,5,[-0.96910779 -7.73445727  2.23204672],entering,[ 0.50568378 -0.03156594 -0.11489306]
682.5512647628784,1000,False,4,1,[5.4028152  1.76396504 1.87937581],landing,[-0.82138112 -0.19970136 -0.21083176]
682.5512647628784,1001,False,6,4,[8.38493724 2.82602089 3.90181526],cruising,[-0.48080528  0.59740651 -0.20557775]
682.5512647628784,1002,False,4,0,[-4.50187319  1.4315924   4.00000407],cruising,[ 0.5677905  -0.59831228 -0.99408226]
682.5512647628784,1003,False,0,2,[-2.43689069 -3.63013996  4.        ],cruising,[ 0.63925976  0.24903542 -0.34837281]
682.5512647628784,1004,False,5,6,[-2.80502575  7.25790363  3.97666661],cruising,[-0.62185191  0.08809385  0.93462812]
682.5512647628784,1005,False,3,5,[-1.0080315  -7.6209454   2.30704672],entering,[ 0.50568378 -0.03156594 -0.11489306]
682.6491041183472,1000,False,4,1,[5.41116529 1.74128525 1.78234023],landing,[-0.82138112 -0.19970136 -0.21083176]
682.6491041183472,1001,False,6,4,[8.39995126 2.62658524 3.91654297],cruising,[-0.48080528  0.59740651 -0.20557775]
682.6491041183472,1002,False,4,0,[-4.61791286  1.59448744  4.00000346],cruising,[ 0.5677905  -0.59831228 -0.99408226]
682.6491041183472,1003,False,0,2,[-2.60101762 -3.56658431  4.        ],cruising,[ 0.63925976  0.24903542 -0.34837281]
682.6491041183472,1004,False,5,6,[-2.60575645  7.27498413  3.98016662],cruising,[-0.62185191  0.08809385  0.93462812]
682.6491041183472,1005,False,3,5,[-1.05344249 -7.48851488  2.38204672],entering,[ 0.50568378 -0.03156594 -0.11489306]
682.7598104476929,1000,False,4,1,[5.41951537 1.71860547 1.68530465],landing,[-0.82138112 -0.19970136 -0.21083176]
682.7598104476929,1001,False,6,4,[8.41321523 2.42702556 3.92906152],cruising,[-0.48080528  0.59740651 -0.20557775]
682.7598104476929,1002,False,4,0,[-4.73421648  1.75719414  4.00000294],cruising,[ 0.5677905  -0.59831228 -0.99408226]
682.7598104476929,1003,False,0,2,[-2.75235807 -3.48764991  4.        ],cruising,[ 0.63925976  0.24903542 -0.34837281]
682.7598104476929,1004,False,5,6,[-2.40611668  7.28698257  3.98314163],cruising,[-0.62185191  0.08809385  0.93462812]
682.7598104476929,1005,False,3,5,[-1.10534077 -7.33716572  2.45704672],entering,[ 0.50568378 -0.03156594 -0.11489306]
682.8526928424835,1000,False,4,1,[5.42786546 1.69592568 1.58826907],landing,[-0.82138112 -0.19970136 -0.21083176]
682.8526928424835,1001,False,6,4,[8.42819297 2.22758718 3.93970229],cruising,[-0.48080528  0.59740651 -0.20557775]
682.8526928424835,1002,False,4,0,[-4.85043493  1.91996168  4.0000025 ],cruising,[ 0.5677905  -0.59831228 -0.99408226]
682.8526928424835,1003,False,0,2,[-2.88936765 -3.39476467  4.        ],cruising,[ 0.63925976  0.24903542 -0.34837281]
682.8526928424835,1004,False,5,6,[-2.20612253  7.28851232  3.98567038],cruising,[-0.62185191  0.08809385  0.93462812]
682.8526928424835,1005,False,3,5,[-1.16372633 -7.16689791  2.53204672],entering,[ 0.50568378 -0.03156594 -0.11489306]
682.9637179374695,1000,False,4,1,[5.43621554 1.6732459  1.4912335 ],fake_landed,[-0.82138112 -0.19970136 -0.21083176]
682.9637179374695,1001,False,6,4,[8.44068249 2.02797753 3.94874695],cruising,[-0.48080528  0.59740651 -0.20557775]
682.9637179374695,1002,False,4,0,[-4.96625093  2.08301582  4.00000213],cruising,[ 0.5677905  -0.59831228 -0.99408226]
682.9637179374695,1003,False,0,2,[-3.01067563 -3.28949153  4.        ],cruising,[ 0.63925976  0.24903542 -0.34837281]
682.9637179374695,1004,False,5,6,[-2.00676272  7.2725227   3.98781983],cruising,[-0.62185191  0.08809385  0.93462812]
682.9637179374695,1005,False,3,5,[-1.22985098 -6.97818813  2.60704672],entering,[ 0.50568378 -0.03156594 -0.11489306]
683.057126045227,1000,False,4,1,[5.44289561 1.65510207 1.41360503],fake_landed,[-0.82138112 -0.19970136 -0.21083176]
683.057126045227,1001,False,6,4,[8.45370413 1.82840189 3.95643491],cruising,[-0.48080528  0.59740651 -0.20557775]
683.057126045227,1002,False,4,0,[-5.08136583  2.24656569  4.00000181],cruising,[ 0.5677905  -0.59831228 -0.99408226]
683.057126045227,1003,False,0,2,[-3.1151247  -3.17345843  4.        ],cruising,[ 0.63925976  0.24903542 -0.34837281]
683.057126045227,1004,False,5,6,[-1.80984075  7.23756937  3.98964685],cruising,[-0.62185191  0.08809385  0.93462812]
683.057126045227,1005,False,3,5,[-1.29599141 -6.78944109  2.68204672],entering,[ 0.50568378 -0.03156594 -0.11489306]
683.1501107215881,1000,False,4,1,[5.44790566 1.6414942  1.35538369],fake_landed,[-0.82138112 -0.19970136 -0.21083176]
683.1501107215881,1001,False,6,4,[8.46386742 1.62866029 3.96296967],cruising,[-0.48080528  0.59740651 -0.20557775]
683.1501107215881,1002,False,4,0,[-5.19602329  2.41043658  4.00000154],cruising,[ 0.5677905  -0.59831228 -0.99408226]
683.1501107215881,1003,False,0,2,[-3.20171485 -3.04842203  4.        ],cruising,[ 0.63925976  0.24903542 -0.34837281]
683.1501107215881,1004,False,5,6,[-1.61657396  7.18611113  3.99119983],cruising,[-0.62185191  0.08809385  0.93462812]
683.1501107215881,1005,False,3,5,[-1.36213184 -6.60069405  2.75704672],entering,[ 0.50568378 -0.03156594 -0.11489306]
683.2622313499451,1000,False,4,1,[5.45124569 1.63242229 1.31656945],fake_landed,[-0.82138112 -0.19970136 -0.21083176]
683.2622313499451,1001,False,6,4,[8.47382012 1.42890808 3.96852422],cruising,[-0.48080528  0.59740651 -0.20557775]
683.2622313499451,1002,False,4,0,[-5.30941709  2.5751844   4.00000131],cruising,[ 0.5677905  -0.59831228 -0.99408226]
683.2622313499451,1003,False,0,2,[-3.2701306  -2.91503752  4.        ],cruising,[ 0.63925976  0.24903542 -0.34837281]
683.2622313499451,1004,False,5,6,[-1.42755774  7.12074394  3.99251985],cruising,[-0.62185191  0.08809385  0.93462812]
683.2622313499451,1005,False,3,5,[-1.42896229 -6.41219023  2.83204672],entering,[ 0.50568378 -0.03156594 -0.11489306]
683.350816488266,1000,False,4,1,[5.45291571 1.62788633 1.29716234],fake_landed,[-0.82138112 -0.19970136 -0.21083176]
683.350816488266,1001,False,6,4,[8.48304852 1.2291211  3.97324559],cruising,[-0.48080528  0.59740651 -0.20557775]
683.350816488266,1002,False,4,0,[-5.42123379  2.74100667  4.00000111],cruising,[ 0.5677905  -0.59831228 -0.99408226]
683.350816488266,1003,False,0,2,[-3.32015223 -2.77380087  4.        ],cruising,[ 0.63925976  0.24903542 -0.34837281]
683.350816488266,1004,False,5,6,[-1.2428747   7.04398344  3.99364187],cruising,[-0.62185191  0.08809385  0.93462812]
683.350816488266,1005,False,3,5,[-1.49642147 -6.22391049  2.90704672],entering,[ 0.50568378 -0.03156594 -0.11489306]
683.454339504242,1000,False,4,1,[5.45291571 1.62788633 1.29716234],fake_landed,[-0.82138112 -0.19970136 -0.21083176]
683.454339504242,1001,False,6,4,[8.48883997 1.02920497 3.97725875],cruising,[-0.48080528  0.59740651 -0.20557775]
683.454339504242,1002,False,4,0,[-5.53113455  2.90810491  4.00000094],cruising,[ 0.5677905  -0.59831228 -0.99408226]
683.454339504242,1003,False,0,2,[-3.35163737 -2.62505431  4.        ],cruising,[ 0.63925976  0.24903542 -0.34837281]
683.454339504242,1004,False,5,6,[-1.06082307  6.96117521  3.99459559],cruising,[-0.62185191  0.08809385  0.93462812]
683.454339504242,1005,False,3,5,[-1.56388064 -6.03563076  2.98204672],entering,[ 0.50568378 -0.03156594 -0.11489306]
683.5504331588745,1000,False,1,3,[5.45291571 1.62788633 1.29716234],waiting,[-0.82138112 -0.19970136 -0.21083176]
683.5504331588745,1001,False,6,4,[8.49366956 0.82926329 3.98066994],cruising,[-0.48080528  0.59740651 -0.20557775]
683.5504331588745,1002,False,4,0,[-5.63874028  3.07669022  4.0000008 ],cruising,[ 0.5677905  -0.59831228 -0.99408226]
683.5504331588745,1003,False,0,2,[-3.36453904 -2.46891484  4.        ],cruising,[ 0.63925976  0.24903542 -0.34837281]
683.5504331588745,1004,False,5,6,[-0.88280921  6.87001016  3.99540625],cruising,[-0.62185191  0.08809385  0.93462812]
683.5504331588745,1005,False,3,5,[-1.63261334 -5.84781219  3.05704672],entering,[ 0.50568378 -0.03156594 -0.11489306]
683.6557493209839,1000,False,1,3,[5.45291571 1.62788633 1.29716234],waiting,[-0.82138112 -0.19970136 -0.21083176]
683.6557493209839,1001,False,6,4,[8.49722759 0.62929494 3.98356945],cruising,[-0.48080528  0.59740651 -0.20557775]
683.6557493209839,1002,False,4,0,[-5.743614    3.2469885   4.00000068],cruising,[ 0.5677905  -0.59831228 -0.99408226]
683.6557493209839,1003,False,0,2,[-3.35904087 -2.30493667  4.        ],cruising,[ 0.63925976  0.24903542 -0.34837281]
683.6557493209839,1004,False,5,6,[-0.70813696  6.77259557  3.99609532],cruising,[-0.62185191  0.08809385  0.93462812]
683.6557493209839,1005,False,3,5,[-1.70134605 -5.65999362  3.13204672],entering,[ 0.50568378 -0.03156594 -0.11489306]
683.7490999698639,1000,False,1,3,[5.45291571 1.62788633 1.29716234],waiting,[-0.82138112 -0.19970136 -0.21083176]
683.7490999698639,1001,False,6,4,[8.49718547 0.42929495 3.98603403],cruising,[-0.48080528  0.59740651 -0.20557775]
683.7490999698639,1002,False,4,0,[-5.84691698  3.41824414  4.00000058],cruising,[ 0.5677905  -0.59831228 -0.99408226]
683.7490999698639,1003,False,0,2,[-3.33573917 -2.13184615  4.        ],cruising,[ 0.63925976  0.24903542 -0.34837281]
683.7490999698639,1004,False,5,6,[-0.53512948  6.67225408  3.99668102],cruising,[-0.62185191  0.08809385  0.93462812]
683.7490999698639,1005,False,3,5,[-1.77121751 -5.4725957   3.20704672],entering,[ 0.50568378 -0.03156594 -0.11489306]
683.8501009941101,1000,False,1,3,[5.45291571 1.62788633 1.29716234],waiting,[-0.82138112 -0.19970136 -0.21083176]
683.8501009941101,1001,False,6,4,[8.49582919 0.22929955 3.98812892],cruising,[-0.48080528  0.59740651 -0.20557775]
683.8501009941101,1002,False,4,0,[-5.94630607  3.5918005   4.00000049],cruising,[ 0.5677905  -0.59831228 -0.99408226]
683.8501009941101,1003,False,0,2,[-3.29683895 -1.94623822  4.        ],cruising,[ 0.63925976  0.24903542 -0.34837281]
683.8501009941101,1004,False,5,6,[-0.36439686  6.56808896  3.99717887],cruising,[-0.62185191  0.08809385  0.93462812]
683.8501009941101,1005,False,3,5,[-1.84039669 -5.28494112  3.28204672],entering,[ 0.50568378 -0.03156594 -0.11489306]
683.9492001533508,1000,False,1,3,[5.45291571 1.62788633 1.29716234],waiting,[-0.82138112 -0.19970136 -0.21083176]
683.9492001533508,1001,False,6,4,[8.49293675 0.02932046 3.98990959],cruising,[-0.48080528  0.59740651 -0.20557775]
683.9492001533508,1002,False,4,0,[-6.04109204  3.76791302  4.00000042],cruising,[ 0.5677905  -0.59831228 -0.99408226]
683.9492001533508,1003,False,0,2,[-3.26203065 -1.74929056  4.        ],cruising,[ 0.63925976  0.24903542 -0.34837281]
683.9492001533508,1004,False,5,6,[-0.19511947  6.46157528  3.99760204],cruising,[-0.62185191  0.08809385  0.93462812]
683.9492001533508,1005,False,3,5,[-1.91129394 -5.09792887  3.35704672],entering,[ 0.50568378 -0.03156594 -0.11489306]
684.0580410957336,1000,False,1,3,[5.45291571 1.62788633 1.29716234],waiting,[-0.82138112 -0.19970136 -0.21083176]
684.0580410957336,1001,False,6,4,[ 8.48833224 -0.17062652  3.99142315],cruising,[-0.48080528  0.59740651 -0.20557775]
684.0580410957336,1002,False,4,0,[-6.12751928  3.94827469  4.00000036],cruising,[ 0.5677905  -0.59831228 -0.99408226]
684.0580410957336,1003,False,0,2,[-3.24384403 -1.55011916  4.        ],cruising,[ 0.63925976  0.24903542 -0.34837281]
684.0580410957336,1004,False,5,6,[-0.02626913  6.35438591  3.99796173],cruising,[-0.62185191  0.08809385  0.93462812]
684.0580410957336,1005,False,3,5,[-1.98280885 -4.91115195  3.43204672],entering,[ 0.50568378 -0.03156594 -0.11489306]
684.1491539478302,1000,False,1,3,[5.45291571 1.62788633 1.29716234],waiting,[-0.82138112 -0.19970136 -0.21083176]
684.1491539478302,1001,False,6,4,[ 8.4798269  -0.37044559  3.99270968],cruising,[-0.48080528  0.59740651 -0.20557775]
684.1491539478302,1002,False,4,0,[-6.20734209  4.13165495  4.0000003 ],cruising,[ 0.5677905  -0.59831228 -0.99408226]
684.1491539478302,1003,False,0,2,[-3.24200562 -1.35012761  4.        ],cruising,[ 0.63925976  0.24903542 -0.34837281]
684.1491539478302,1004,False,5,6,[0.14224999 6.24667654 3.99826747],cruising,[-0.62185191  0.08809385  0.93462812]
684.1491539478302,1005,False,3,5,[-2.05458601 -4.72447566  3.50704672],entering,[ 0.50568378 -0.03156594 -0.11489306]
684.2534101009369,1000,False,1,3,[5.45291571 1.62788633 1.29716234],waiting,[-0.82138112 -0.19970136 -0.21083176]
684.2534101009369,1001,False,6,4,[ 8.46968529 -0.57018829  3.99380322],cruising,[-0.48080528  0.59740651 -0.20557775]
684.2534101009369,1002,False,4,0,[-6.27895731  4.31839343  4.00000026],cruising,[ 0.5677905  -0.59831228 -0.99408226]
684.2534101009369,1003,False,0,2,[-3.25474886 -1.15053399  4.        ],cruising,[ 0.63925976  0.24903542 -0.34837281]
684.2534101009369,1004,False,5,6,[0.31102554 6.13936944 3.99852735],cruising,[-0.62185191  0.08809385  0.93462812]
684.2534101009369,1005,False,3,5,[-2.12625668 -4.53775845  3.58098971],entering,[ 0.50568378 -0.03156594 -0.11489306]
684.3535571098328,1000,False,1,3,[5.45291571 1.62788633 1.29716234],waiting,[-0.82138112 -0.19970136 -0.21083176]
684.3535571098328,1001,False,6,4,[ 8.4577275  -0.7698305   3.99473274],cruising,[-0.48080528  0.59740651 -0.20557775]
684.3535571098328,1002,False,4,0,[-6.34031473  4.50874906  4.00000022],cruising,[ 0.5677905  -0.59831228 -0.99408226]
684.3535571098328,1003,False,0,2,[-3.28170988 -0.95235957  4.        ],cruising,[ 0.63925976  0.24903542 -0.34837281]
684.3535571098328,1004,False,5,6,[0.48031242 6.03287083 3.99874825],cruising,[-0.62185191  0.08809385  0.93462812]
684.3535571098328,1005,False,3,5,[-2.19582415 -4.35024748  3.64384125],entering,[ 0.50568378 -0.03156594 -0.11489306]
684.453159570694,1000,False,1,3,[5.45291571 1.62788633 1.29716234],waiting,[-0.82138112 -0.19970136 -0.21083176]
684.453159570694,1001,False,6,4,[ 8.44379922 -0.96934492  3.99552283],cruising,[-0.48080528  0.59740651 -0.20557775]
684.453159570694,1002,False,4,0,[-6.38234535  4.70425008  4.00000019],cruising,[ 0.5677905  -0.59831228 -0.99408226]
684.453159570694,1003,False,0,2,[-3.32172692 -0.75640387  4.        ],cruising,[ 0.63925976  0.24903542 -0.34837281]
684.453159570694,1004,False,5,6,[0.65074403 5.92821394 3.99893601],cruising,[-0.62185191  0.08809385  0.93462812]
684.453159570694,1005,False,3,5,[-2.2654053  -4.16274157  3.69726506],entering,[ 0.50568378 -0.03156594 -0.11489306]
684.5533876419067,1000,False,1,3,[5.45291571 1.62788633 1.29716234],queued,[-0.82138112 -0.19970136 -0.21083176]
684.5533876419067,1001,False,6,4,[ 8.42558834 -1.1685141   3.99619441],cruising,[-0.48080528  0.59740651 -0.20557775]
684.5533876419067,1002,False,4,0,[-6.40458657  4.90264585  4.00000016],cruising,[ 0.5677905  -0.59831228 -0.99408226]
684.5533876419067,1003,False,0,2,[-3.37373397 -0.56328404  4.        ],cruising,[ 0.63925976  0.24903542 -0.34837281]
684.5533876419067,1004,False,5,6,[0.82230227 5.82541428 3.99909561],cruising,[-0.62185191  0.08809385  0.93462812]
684.5533876419067,1005,False,3,5,[-2.32723833 -3.9725399   3.74267531],entering,[ 0.50568378 -0.03156594 -0.11489306]
684.6546034812927,1000,False,1,3,[5.45291571 1.62788633 1.31716234],queued,[-0.82138112 -0.19970136 -0.21083176]
684.6546034812927,1001,False,6,4,[ 8.40545774 -1.36749842  3.99676524],cruising,[-0.48080528  0.59740651 -0.20557775]
684.6546034812927,1002,False,4,0,[-6.40682974  5.10132124  4.00000013],cruising,[ 0.5677905  -0.59831228 -0.99408226]
684.6546034812927,1003,False,0,2,[-3.43505134 -0.3729155   4.        ],cruising,[ 0.63925976  0.24903542 -0.34837281]
684.6546034812927,1004,False,5,6,[0.99590588 5.72610775 3.99923127],cruising,[-0.62185191  0.08809385  0.93462812]
684.6546034812927,1005,False,3,5,[-2.38793307 -3.78197194  3.78127401],entering,[ 0.50568378 -0.03156594 -0.11489306]
684.7620141506195,1000,False,1,3,[5.45291571 1.62788633 1.35716234],queued,[-0.82138112 -0.19970136 -0.21083176]
684.7620141506195,1001,False,6,4,[ 8.38320463 -1.56625657  3.99725046],cruising,[-0.48080528  0.59740651 -0.20557775]
684.7620141506195,1002,False,4,0,[-6.38921918  5.29758232  4.00000011],cruising,[ 0.5677905  -0.59831228 -0.99408226]
684.7620141506195,1003,False,0,2,[-3.50694476 -0.18628395  4.        ],cruising,[ 0.63925976  0.24903542 -0.34837281]
684.7620141506195,1004,False,5,6,[1.17113696 5.629702   3.99934658],cruising,[-0.62185191  0.08809385  0.93462812]
684.7620141506195,1005,False,3,5,[-2.44863111 -3.59140503  3.81408291],cruising,[ 0.50568378 -0.03156594 -0.11489306]
684.8494753837585,1000,False,1,3,[5.45291571 1.62788633 1.41716234],queued,[-0.82138112 -0.19970136 -0.21083176]
684.8494753837585,1001,False,6,4,[ 8.3562814  -1.76443613  3.99766289],cruising,[-0.48080528  0.59740651 -0.20557775]
684.8494753837585,1002,False,4,0,[-6.35221766  5.48894534  4.00000008],cruising,[ 0.5677905  -0.59831228 -0.99408226]
684.8494753837585,1003,False,0,2,[-3.58895459e+00 -3.87126601e-03  4.00000000e+00],exiting,[ 0.63925976  0.24903542 -0.34837281]
684.8494753837585,1004,False,5,6,[1.34822706 5.53675527 3.99944459],cruising,[-0.62185191  0.08809385  0.93462812]
684.8494753837585,1005,False,3,5,[-2.50327374 -3.39901432  3.84197047],cruising,[ 0.50568378 -0.03156594 -0.11489306]
684.9541671276093,1000,False,1,3,[5.45291571 1.62788633 1.49216234],queued,[-0.82138112 -0.19970136 -0.21083176]
684.9541671276093,1001,False,6,4,[ 8.32716104 -1.96230478  3.99801346],cruising,[-0.48080528  0.59740651 -0.20557775]
684.9541671276093,1002,False,4,0,[-6.29657006  5.67307485  4.00000006],cruising,[ 0.5677905  -0.59831228 -0.99408226]
684.9541671276093,1003,False,0,2,[-3.67174466  0.15855664  4.        ],exiting,[ 0.63925976  0.24903542 -0.34837281]
684.9541671276093,1004,False,5,6,[1.52836247 5.44985742 3.9995279 ],cruising,[-0.62185191  0.08809385  0.93462812]
684.9541671276093,1005,False,3,5,[-2.55305458 -3.2053087   3.8656749 ],cruising,[ 0.50568378 -0.03156594 -0.11489306]
685.052841424942,1000,False,1,3,[5.45291571 1.62788633 1.56716234],queued,[-0.82138112 -0.19970136 -0.21083176]
685.052841424942,1001,False,6,4,[ 8.29557842 -2.15979539  3.99831144],cruising,[-0.48080528  0.59740651 -0.20557775]
685.052841424942,1002,False,4,0,[-6.22319077  5.84795301  4.00000004],cruising,[ 0.5677905  -0.59831228 -0.99408226]
685.052841424942,1003,False,0,2,[-3.75515133  0.30099406  4.        ],exiting,[ 0.63925976  0.24903542 -0.34837281]
685.052841424942,1004,False,5,6,[1.71062544 5.3675154  3.99959872],cruising,[-0.62185191  0.08809385  0.93462812]
685.052841424942,1005,False,3,5,[-2.59575369 -3.00991989  3.88582367],cruising,[ 0.50568378 -0.03156594 -0.11489306]
685.1518888473511,1000,False,1,3,[5.45291571 1.62788633 1.64216234],queued,[-0.82138112 -0.19970136 -0.21083176]
685.1518888473511,1001,False,6,4,[ 8.25851299 -2.35633076  3.99856472],cruising,[-0.48080528  0.59740651 -0.20557775]
685.1518888473511,1002,False,4,0,[-6.13310103  6.01184206  4.00000003],cruising,[ 0.5677905  -0.59831228 -0.99408226]
685.1518888473511,1003,False,0,2,[-3.83899241  0.42343619  4.        ],exiting,[ 0.63925976  0.24903542 -0.34837281]
685.1518888473511,1004,False,5,6,[1.89516106 5.29040116 3.99965891],cruising,[-0.62185191  0.08809385  0.93462812]
685.1518888473511,1005,False,3,5,[-2.63795074 -2.81442204  3.90295012],cruising,[ 0.50568378 -0.03156594 -0.11489306]
685.2626190185547,1000,False,1,3,[5.45291571 1.62788633 1.71716234],queued,[-0.82138112 -0.19970136 -0.21083176]
685.2626190185547,1001,False,6,4,[ 8.21875875 -2.55233995  3.99878001],cruising,[-0.48080528  0.59740651 -0.20557775]
685.2626190185547,1002,False,4,0,[-6.02748624  6.16312267  4.00000001],cruising,[ 0.5677905  -0.59831228 -0.99408226]
685.2626190185547,1003,False,0,2,[-3.92306228  0.52587964  4.        ],exiting,[ 0.63925976  0.24903542 -0.34837281]
685.2626190185547,1004,False,5,6,[2.0831468  5.222127   3.99971007],cruising,[-0.62185191  0.08809385  0.93462812]
685.2626190185547,1005,False,3,5,[-2.67762446 -2.61839655  3.9175076 ],cruising,[ 0.50568378 -0.03156594 -0.11489306]
685.3552544116974,1000,False,1,3,[5.45291571 1.62788633 1.79216234],queued,[-0.82138112 -0.19970136 -0.21083176]
685.3552544116974,1001,False,6,4,[ 8.17282204 -2.74699302  3.99896301],cruising,[-0.48080528  0.59740651 -0.20557775]
685.3552544116974,1002,False,4,0,[-5.90725838  6.30074831  4.        ],cruising,[ 0.5677905  -0.59831228 -0.99408226]
685.3552544116974,1003,False,0,2,[-4.00712233  0.60832308  4.        ],exiting,[ 0.63925976  0.24903542 -0.34837281]
685.3552544116974,1004,False,5,6,[2.27367482 5.161307   3.99975356],cruising,[-0.62185191  0.08809385  0.93462812]
685.3552544116974,1005,False,3,5,[-2.71886898 -2.42269552  3.92988146],cruising,[ 0.50568378 -0.03156594 -0.11489306]
685.4549739360809,1000,False,1,3,[5.45291571 1.62788633 1.86716234],queued,[-0.82138112 -0.19970136 -0.21083176]
685.4549739360809,1001,False,6,4,[ 8.12373156 -2.94087475  3.99911856],cruising,[-0.48080528  0.59740651 -0.20557775]
685.4549739360809,1002,False,4,0,[-5.77330067  6.4238312   3.99999999],cruising,[ 0.5677905  -0.59831228 -0.99408226]
685.4549739360809,1003,False,0,2,[-4.09087871  0.67076883  4.        ],exiting,[ 0.63925976  0.24903542 -0.34837281]
685.4549739360809,1004,False,5,6,[2.46724516 5.11100267 3.99979053],cruising,[-0.62185191  0.08809385  0.93462812]
685.4549739360809,1005,False,3,5,[-2.76189391 -2.2273782   3.94039924],cruising,[ 0.50568378 -0.03156594 -0.11489306]
685.549280166626,1000,False,1,3,[5.45291571 1.62788633 1.94216234],queued,[-0.82138112 -0.19970136 -0.21083176]
685.549280166626,1001,False,6,4,[ 8.06725865 -3.13273618  3.99925078],cruising,[-0.48080528  0.59740651 -0.20557775]
685.549280166626,1002,False,4,0,[-5.62643442  6.53163766  3.99999999],cruising,[ 0.5677905  -0.59831228 -0.99408226]
685.549280166626,1003,False,0,2,[-4.17391927  0.7132274   4.        ],exiting,[ 0.63925976  0.24903542 -0.34837281]
685.549280166626,1004,False,5,6,[2.66292888 5.06967615 3.99982195],cruising,[-0.62185191  0.08809385  0.93462812]
685.549280166626,1005,False,3,5,[-2.80617374 -2.03234155  3.94933935],cruising,[ 0.50568378 -0.03156594 -0.11489306]
685.6537282466888,1000,False,1,3,[5.45291571 1.62788633 2.01716234],queued,[-0.82138112 -0.19970136 -0.21083176]
685.6537282466888,1001,False,6,4,[ 8.00688678 -3.32340668  3.99936316],exiting,[-0.48080528  0.59740651 -0.20557775]
685.6537282466888,1002,False,4,0,[-5.46738493  6.6235832   3.99999998],cruising,[ 0.5677905  -0.59831228 -0.99408226]
685.6537282466888,1003,False,0,2,[-4.25598995  0.73570949  4.        ],exiting,[ 0.63925976  0.24903542 -0.34837281]
685.6537282466888,1004,False,5,6,[2.86004879 5.03585691 3.99984866],cruising,[-0.62185191  0.08809385  0.93462812]
685.6537282466888,1005,False,3,5,[-2.8534151  -1.83800099  3.95693845],cruising,[ 0.50568378 -0.03156594 -0.11489306]
685.7493450641632,1000,False,1,3,[5.45291571 1.62788633 2.09216234],queued,[-0.82138112 -0.19970136 -0.21083176]
685.7493450641632,1001,False,6,4,[ 7.95942144 -3.49879903  3.9994754 ],exiting,[-0.48080528  0.59740651 -0.20557775]
685.7493450641632,1002,False,4,0,[-5.2967361   6.69923595  3.99999998],cruising,[ 0.5677905  -0.59831228 -0.99408226]
685.7493450641632,1003,False,0,2,[-4.33683245  0.73822933  4.        ],exiting,[ 0.63925976  0.24903542 -0.34837281]
685.7493450641632,1004,False,5,6,[3.05812588 5.00818988 3.99987136],cruising,[-0.62185191  0.08809385  0.93462812]
685.7493450641632,1005,False,3,5,[-2.90386701 -1.64446907  3.96339768],cruising,[ 0.50568378 -0.03156594 -0.11489306]
685.8530957698822,1000,False,1,3,[5.45291571 1.62788633 2.16716234],queued,[-0.82138112 -0.19970136 -0.21083176]
685.8530957698822,1001,False,6,4,[ 7.92501878 -3.65904654  3.99958444],exiting,[-0.48080528  0.59740651 -0.20557775]
685.8530957698822,1002,False,4,0,[-5.11529355  6.75805137  3.99999998],cruising,[ 0.5677905  -0.59831228 -0.99408226]
685.8530957698822,1003,False,0,2,[-4.41618414  0.72080481  4.        ],exiting,[ 0.63925976  0.24903542 -0.34837281]
685.8530957698822,1004,False,5,6,[3.25682939 4.9854541  3.99989065],cruising,[-0.62185191  0.08809385  0.93462812]
685.8530957698822,1005,False,3,5,[-2.95784517 -1.45189088  3.96888803],cruising,[ 0.50568378 -0.03156594 -0.11489306]
685.9565856456757,1000,False,1,3,[5.45291571 1.62788633 2.24216234],queued,[-0.82138112 -0.19970136 -0.21083176]
685.9565856456757,1001,False,6,4,[ 7.90387622 -3.80432175  3.99968586],exiting,[-0.48080528  0.59740651 -0.20557775]
685.9565856456757,1002,False,4,0,[-4.92284563  6.80016702  3.99999998],cruising,[ 0.5677905  -0.59831228 -0.99408226]
685.9565856456757,1003,False,0,2,[-4.49377793  0.6834577   4.        ],exiting,[ 0.63925976  0.24903542 -0.34837281]
685.9565856456757,1004,False,5,6,[3.45593521 4.96656299 3.99990706],cruising,[-0.62185191  0.08809385  0.93462812]
685.9565856456757,1005,False,3,5,[-3.01571051 -1.2604448   3.97355483],cruising,[ 0.50568378 -0.03156594 -0.11489306]
686.0508830547333,1000,False,1,3,[5.45291571 1.62788633 2.31716234],queued,[-0.82138112 -0.19970136 -0.21083176]
686.0508830547333,1001,False,6,4,[ 7.89623729 -3.93484393  3.9997733 ],exiting,[-0.48080528  0.59740651 -0.20557775]
686.0508830547333,1002,False,4,0,[-4.72679555  6.83971909  3.99999998],cruising,[ 0.5677905  -0.59831228 -0.99408226]
686.0508830547333,1003,False,0,2,[-4.56934189  0.62621386  4.        ],exiting,[ 0.63925976  0.24903542 -0.34837281]
686.0508830547333,1004,False,5,6,[3.65529347 4.95055411 3.999921  ],cruising,[-0.62185191  0.08809385  0.93462812]
686.0508830547333,1005,False,3,5,[-3.07699577 -1.07006592  3.9775216 ],cruising,[ 0.50568378 -0.03156594 -0.11489306]
686.1600577831268,1000,False,1,3,[5.45291571 1.62788633 2.39216234],queued,[-0.82138112 -0.19970136 -0.21083176]
686.1600577831268,1001,False,6,4,[ 7.90229714 -4.05079411  3.99984032],exiting,[-0.48080528  0.59740651 -0.20557775]
686.1600577831268,1002,False,4,0,[-4.53165051  6.88351879  3.99999999],cruising,[ 0.5677905  -0.59831228 -0.99408226]
686.1600577831268,1003,False,0,2,[-4.64380198  0.55946286  4.        ],exiting,[ 0.63925976  0.24903542 -0.34837281]
686.1600577831268,1004,False,5,6,[3.85480423 4.93657356 3.99993285],cruising,[-0.62185191  0.08809385  0.93462812]
686.1600577831268,1005,False,3,5,[-3.14288739 -0.88123188  3.98089336],cruising,[ 0.50568378 -0.03156594 -0.11489306]
686.2560532093048,1000,False,1,3,[5.45291571 1.62788633 2.46716234],queued,[-0.82138112 -0.19970136 -0.21083176]
686.2560532093048,1001,False,6,4,[ 7.92225147 -4.15235881  3.99987835],exiting,[-0.48080528  0.59740651 -0.20557775]
686.2560532093048,1002,False,4,0,[-4.33712995  6.93001343  3.99999999],cruising,[ 0.5677905  -0.59831228 -0.99408226]
686.2560532093048,1003,False,0,2,[-4.71826207  0.49271187  4.        ],exiting,[ 0.63925976  0.24903542 -0.34837281]
686.2560532093048,1004,False,5,6,[4.05439962 4.92385815 3.99994292],cruising,[-0.62185191  0.08809385  0.93462812]
686.2560532093048,1005,False,3,5,[-3.21382398 -0.69423455  3.98375936],cruising,[ 0.50568378 -0.03156594 -0.11489306]
686.3558404445648,1000,False,1,3,[5.45291571 1.62788633 2.54216234],queued,[-0.82138112 -0.19970136 -0.21083176]
686.3558404445648,1001,False,6,4,[ 7.94679601 -4.24929985  3.99990041],exiting,[-0.48080528  0.59740651 -0.20557775]
686.3558404445648,1002,False,4,0,[-4.1429284   6.97782301  3.99999999],cruising,[ 0.5677905  -0.59831228 -0.99408226]
686.3558404445648,1003,False,0,2,[-4.79272215  0.42596088  4.        ],exiting,[ 0.63925976  0.24903542 -0.34837281]
686.3558404445648,1004,False,5,6,[4.25403076 4.91171708 3.99995148],cruising,[-0.62185191  0.08809385  0.93462812]
686.3558404445648,1005,False,3,5,[-3.29022314 -0.50940174  3.98619545],cruising,[ 0.50568378 -0.03156594 -0.11489306]
686.4581618309021,1000,False,1,3,[5.45291571 1.62788633 2.61716234],entering,[-0.82138112 -0.19970136 -0.21083176]
686.4581618309021,1001,False,6,4,[ 7.97134055 -4.34624089  3.99991857],exiting,[-0.48080528  0.59740651 -0.20557775]
686.4581618309021,1002,False,4,0,[-3.94818064  7.02335663  3.99999999],cruising,[ 0.5677905  -0.59831228 -0.99408226]
686.4581618309021,1003,False,0,2,[-4.86718224  0.35920988  4.        ],exiting,[ 0.63925976  0.24903542 -0.34837281]
686.4581618309021,1004,False,5,6,[4.45365374 4.89944244 3.99995876],cruising,[-0.62185191  0.08809385  0.93462812]
686.4581618309021,1005,False,3,5,[-3.37073696 -0.32632382  3.98826614],cruising,[ 0.50568378 -0.03156594 -0.11489306]
686.5594174861908,1000,False,1,3,[5.47260932 1.62439898 2.69216234],entering,[-0.82138112 -0.19970136 -0.21083176]
686.5594174861908,1001,False,6,4,[ 7.99588509 -4.44318194  3.99993351],exiting,[-0.48080528  0.59740651 -0.20557775]
686.5594174861908,1002,False,4,0,[-3.75333518  7.06847037  3.99999999],cruising,[ 0.5677905  -0.59831228 -0.99408226]
686.5594174861908,1003,False,0,2,[-4.94164233  0.29245889  4.        ],exiting,[ 0.63925976  0.24903542 -0.34837281]
686.5594174861908,1004,False,5,6,[4.65325619 4.88683845 3.99996495],cruising,[-0.62185191  0.08809385  0.93462812]
686.5594174861908,1005,False,3,5,[-3.45766033 -0.14620073  3.99002622],cruising,[ 0.50568378 -0.03156594 -0.11489306]
686.6501638889313,1000,False,1,3,[5.51199089 1.61739248 2.76716234],entering,[-0.82138112 -0.19970136 -0.21083176]
686.6501638889313,1001,False,6,4,[ 8.02042964 -4.54012298  3.99994578],exiting,[-0.48080528  0.59740651 -0.20557775]
686.6501638889313,1002,False,4,0,[-3.55816854  7.11217369  3.99999999],cruising,[ 0.5677905  -0.59831228 -0.99408226]
686.6501638889313,1003,False,0,2,[-5.01610242  0.22570789  4.        ],exiting,[ 0.63925976  0.24903542 -0.34837281]
686.6501638889313,1004,False,5,6,[4.85279356 4.87324289 3.9999702 ],cruising,[-0.62185191  0.08809385  0.93462812]
686.6501638889313,1005,False,3,5,[-3.55140477  0.0304684   3.99152228],cruising,[ 0.50568378 -0.03156594 -0.11489306]
686.7644908428192,1000,False,1,3,[5.57104769 1.60679639 2.84216234],entering,[-0.82138112 -0.19970136 -0.21083176]
686.7644908428192,1001,False,6,4,[ 8.04497418 -4.63706402  3.99995586],exiting,[-0.48080528  0.59740651 -0.20557775]
686.7644908428192,1002,False,4,0,[-3.36250662  7.15360331  3.99999999],cruising,[ 0.5677905  -0.59831228 -0.99408226]
686.7644908428192,1003,False,0,2,[-5.09056251  0.1589569   4.        ],exiting,[ 0.63925976  0.24903542 -0.34837281]
686.7644908428192,1004,False,5,6,[5.0522135  4.85802158 3.99997467],cruising,[-0.62185191  0.08809385  0.93462812]
686.7644908428192,1005,False,3,5,[-3.65111825  0.20383858  3.99279394],cruising,[ 0.50568378 -0.03156594 -0.11489306]
686.8561444282532,1000,False,1,3,[5.64970575 1.59222652 2.91716234],entering,[-0.82138112 -0.19970136 -0.21083176]
686.8561444282532,1001,False,6,4,[ 8.06951872 -4.73400506  3.99996412],exiting,[-0.48080528  0.59740651 -0.20557775]
686.8561444282532,1002,False,4,0,[-3.16574037  7.18942289  4.        ],cruising,[ 0.5677905  -0.59831228 -0.99408226]
686.8561444282532,1003,False,0,2,[-5.16502259  0.0922059   4.        ],exiting,[ 0.63925976  0.24903542 -0.34837281]
686.8561444282532,1004,False,5,6,[5.25144873 4.84054809 3.99997847],cruising,[-0.62185191  0.08809385  0.93462812]
686.8561444282532,1005,False,3,5,[-3.75757343  0.37315277  3.99387485],cruising,[ 0.50568378 -0.03156594 -0.11489306]
686.9501209259033,1000,False,1,3,[5.74788387 1.57330155 2.99216234],entering,[-0.82138112 -0.19970136 -0.21083176]
686.9501209259033,1001,False,6,4,[ 8.09406326 -4.8309461   3.99997089],exiting,[-0.48080528  0.59740651 -0.20557775]
686.9501209259033,1002,False,4,0,[-2.96837875  7.22180176  4.        ],cruising,[ 0.5677905  -0.59831228 -0.99408226]
686.9501209259033,1003,False,0,2,[-5.23948268  0.02545491  4.        ],exiting,[ 0.63925976  0.24903542 -0.34837281]
686.9501209259033,1004,False,5,6,[5.45055048 4.82161413 3.9999817 ],cruising,[-0.62185191  0.08809385  0.93462812]
686.9501209259033,1005,False,3,5,[-3.86713496  0.54047363  3.99479362],cruising,[ 0.50568378 -0.03156594 -0.11489306]
687.0492913722992,1000,False,1,3,[5.86544089 1.54943105 3.06716234],entering,[-0.82138112 -0.19970136 -0.21083176]
687.0492913722992,1001,False,6,4,[ 8.1186078  -4.92788714  3.99997643],exiting,[-0.48080528  0.59740651 -0.20557775]
687.0492913722992,1002,False,4,0,[-2.76997549  7.24702369  4.        ],cruising,[ 0.5677905  -0.59831228 -0.99408226]
687.0492913722992,1003,False,0,2,[-5.31394277 -0.04129609  4.        ],exiting,[ 0.63925976  0.24903542 -0.34837281]
687.0492913722992,1004,False,5,6,[5.64928615 4.79916124 3.99998445],exiting,[-0.62185191  0.08809385  0.93462812]
687.0492913722992,1005,False,3,5,[-3.97914497  0.70616539  3.99557458],cruising,[ 0.50568378 -0.03156594 -0.11489306]
687.1569690704346,1000,False,1,3,[6.00219101 1.51993694 3.14216234],entering,[-0.82138112 -0.19970136 -0.21083176]
687.1569690704346,1001,False,6,4,[ 8.14315234 -5.02482818  3.99998095],exiting,[-0.48080528  0.59740651 -0.20557775]
687.1569690704346,1002,False,4,0,[-2.57101061  7.26734555  4.        ],cruising,[ 0.5677905  -0.59831228 -0.99408226]
687.1569690704346,1003,False,0,2,[-5.38840286 -0.10804708  4.        ],exiting,[ 0.63925976  0.24903542 -0.34837281]
687.1569690704346,1004,False,5,6,[5.83190001 4.7885442  3.99998718],exiting,[-0.62185191  0.08809385  0.93462812]
687.1569690704346,1005,False,3,5,[-4.09303878  0.87056794  3.99623839],cruising,[ 0.50568378 -0.03156594 -0.11489306]
687.2576098442078,1000,False,1,3,[6.15745882 1.48288668 3.21716234],entering,[-0.82138112 -0.19970136 -0.21083176]
687.2576098442078,1001,False,6,4,[ 8.16769688 -5.12176923  3.99998464],exiting,[-0.48080528  0.59740651 -0.20557775]
687.2576098442078,1002,False,4,0,[-2.3713013  7.2781247  4.       ],cruising,[ 0.5677905  -0.59831228 -0.99408226]
687.2576098442078,1003,False,0,2,[-5.46286295 -0.17479808  4.        ],exiting,[ 0.63925976  0.24903542 -0.34837281]
687.2576098442078,1004,False,5,6,[5.99837232 4.78973606 3.99998986],exiting,[-0.62185191  0.08809385  0.93462812]
687.2576098442078,1005,False,3,5,[-4.20833199  1.03399216  3.99680263],cruising,[ 0.50568378 -0.03156594 -0.11489306]
687.3509442806244,1000,False,1,3,[6.33032392 1.43633194 3.29216234],entering,[-0.82138112 -0.19970136 -0.21083176]
687.3509442806244,1001,False,6,4,[ 8.19224142 -5.21871027  3.99998764],exiting,[-0.48080528  0.59740651 -0.20557775]
687.3509442806244,1002,False,4,0,[-2.1713025  7.2774306  4.       ],cruising,[ 0.5677905  -0.59831228 -0.99408226]
687.3509442806244,1003,False,0,2,[-5.53732303 -0.24154907  4.        ],exiting,[ 0.63925976  0.24903542 -0.34837281]
687.3509442806244,1004,False,5,6,[6.14867686 4.80270091 3.99999243],exiting,[-0.62185191  0.08809385  0.93462812]
687.3509442806244,1005,False,3,5,[-4.32460706  1.19671926  3.99728224],cruising,[ 0.50568378 -0.03156594 -0.11489306]
687.4640028476715,1000,False,1,3,[6.51668006 1.37501266 3.36716234],entering,[-0.82138112 -0.19970136 -0.21083176]
687.4640028476715,1001,False,6,4,[ 8.21678596 -5.31565131  3.99999009],exiting,[-0.48080528  0.59740651 -0.20557775]
687.4640028476715,1002,False,4,0,[-1.97234916  7.25699609  4.        ],cruising,[ 0.5677905  -0.59831228 -0.99408226]
687.4640028476715,1003,False,0,2,[-5.61178312 -0.30830007  4.        ],exiting,[ 0.63925976  0.24903542 -0.34837281]
687.4640028476715,1004,False,5,6,[6.28277877 4.82739073 3.99999484],exiting,[-0.62185191  0.08809385  0.93462812]
687.4640028476715,1005,False,3,5,[-4.4415006   1.35900265  3.9976899 ],cruising,[ 0.50568378 -0.03156594 -0.11489306]
687.5503532886505,1000,False,1,3,[6.70362763 1.30394505 3.44216234],entering,[-0.82138112 -0.19970136 -0.21083176]
687.5503532886505,1001,False,6,4,[ 8.2413305  -5.41259235  3.99999207],exiting,[-0.48080528  0.59740651 -0.20557775]
687.5503532886505,1002,False,4,0,[-1.77609117  7.21848895  4.        ],cruising,[ 0.5677905  -0.59831228 -0.99408226]
687.5503532886505,1003,False,0,2,[-5.68624321 -0.37505106  4.        ],exiting,[ 0.63925976  0.24903542 -0.34837281]
687.5503532886505,1004,False,5,6,[6.40062868 4.86373697 3.999997  ],exiting,[-0.62185191  0.08809385  0.93462812]
687.5503532886505,1005,False,3,5,[-4.55869175  1.52107127  3.99803642],cruising,[ 0.50568378 -0.03156594 -0.11489306]
687.6494517326355,1000,False,1,3,[6.88657824 1.22314237 3.51716234],entering,[-0.82138112 -0.19970136 -0.21083176]
687.6494517326355,1001,False,6,4,[ 8.26587505 -5.50953339  3.99999368],exiting,[-0.48080528  0.59740651 -0.20557775]
687.6494517326355,1002,False,4,0,[-1.58222437  7.16933954  4.        ],cruising,[ 0.5677905  -0.59831228 -0.99408226]
687.6494517326355,1003,False,0,2,[-5.7607033  -0.44180206  4.        ],exiting,[ 0.63925976  0.24903542 -0.34837281]
687.6494517326355,1004,False,5,6,[6.50216263 4.91164996 3.99999882],exiting,[-0.62185191  0.08809385  0.93462812]
687.6494517326355,1005,False,3,5,[-4.6758632   1.68315412  3.99833095],cruising,[ 0.50568378 -0.03156594 -0.11489306]
687.7635016441345,1000,False,1,3,[7.0645355  1.13186687 3.58958799],entering,[-0.82138112 -0.19970136 -0.21083176]
687.7635016441345,1001,False,6,4,[ 8.29041959 -5.60647443  3.99999498],exiting,[-0.48080528  0.59740651 -0.20557775]
687.7635016441345,1002,False,4,0,[-1.39278697  7.1052032   4.        ],cruising,[ 0.5677905  -0.59831228 -0.99408226]
687.7635016441345,1003,False,0,2,[-5.83516339 -0.50855305  4.        ],exiting,[ 0.63925976  0.24903542 -0.34837281]
687.7635016441345,1004,False,5,6,[6.58733033 4.97105842 4.00000022],exiting,[-0.62185191  0.08809385  0.93462812]
687.7635016441345,1005,False,3,5,[-4.79291888  1.8453206   3.99858131],cruising,[ 0.50568378 -0.03156594 -0.11489306]
687.8541979789734,1000,False,1,3,[7.23626511 1.02935376 3.65114979],entering,[-0.82138112 -0.19970136 -0.21083176]
687.8541979789734,1001,False,6,4,[ 8.31496413 -5.70341547  3.99999603],exiting,[-0.48080528  0.59740651 -0.20557775]
687.8541979789734,1002,False,4,0,[-1.20790512  7.02892278  4.        ],cruising,[ 0.5677905  -0.59831228 -0.99408226]
687.8541979789734,1003,False,0,2,[-5.90962347 -0.57530405  4.        ],exiting,[ 0.63925976  0.24903542 -0.34837281]
687.8541979789734,1004,False,5,6,[6.65607882 5.04188659 4.00000113],exiting,[-0.62185191  0.08809385  0.93462812]
687.8541979789734,1005,False,3,5,[-4.90956849  2.00777942  3.99879411],cruising,[ 0.50568378 -0.03156594 -0.11489306]
687.9600176811218,1000,False,1,3,[7.40152211 0.9167033  3.70347732],entering,[-0.82138112 -0.19970136 -0.21083176]
687.9600176811218,1001,False,6,4,[ 8.33950867 -5.80035652  3.99999688],exiting,[-0.48080528  0.59740651 -0.20557775]
687.9600176811218,1002,False,4,0,[-1.02727751  6.94305272  4.        ],cruising,[ 0.5677905  -0.59831228 -0.99408226]
687.9600176811218,1003,False,0,2,[-5.98408356 -0.64205504  4.        ],exiting,[ 0.63925976  0.24903542 -0.34837281]
687.9600176811218,1004,False,5,6,[6.70835331 5.12405527 4.00000148],exiting,[-0.62185191  0.08809385  0.93462812]
687.9600176811218,1005,False,3,5,[-5.02553775  2.1707246   3.998975  ],cruising,[ 0.50568378 -0.03156594 -0.11489306]
688.0509207248688,1000,False,1,3,[7.55731211 0.79128609 3.74795572],entering,[-0.82138112 -0.19970136 -0.21083176]
688.0509207248688,1001,False,6,4,[ 8.36405321 -5.89729756  3.99999755],exiting,[-0.48080528  0.59740651 -0.20557775]
688.0509207248688,1002,False,4,0,[-0.85034374  6.84980874  4.        ],cruising,[ 0.5677905  -0.59831228 -0.99408226]
688.0509207248688,1003,False,0,2,[-6.05854365 -0.70880604  4.        ],exiting,[ 0.63925976  0.24903542 -0.34837281]
688.0509207248688,1004,False,5,6,[6.7442131  5.21740448 4.00000123],exiting,[-0.62185191  0.08809385  0.93462812]
688.0509207248688,1005,False,3,5,[-5.14055777  2.33434121  3.99912875],cruising,[ 0.50568378 -0.03156594 -0.11489306]
688.162175655365,1000,False,1,3,[7.70165735 0.65285036 3.78576236],entering,[-0.82138112 -0.19970136 -0.21083176]
688.162175655365,1001,False,6,4,[ 8.38859775 -5.9942386   3.9999981 ],exiting,[-0.48080528  0.59740651 -0.20557775]
688.162175655365,1002,False,4,0,[-0.67536528  6.75294524  4.        ],cruising,[ 0.5677905  -0.59831228 -0.99408226]
688.162175655365,1003,False,0,2,[-6.13300374 -0.77555703  4.        ],exiting,[ 0.63925976  0.24903542 -0.34837281]
688.162175655365,1004,False,5,6,[6.78007289 5.31075369 4.00000102],exiting,[-0.62185191  0.08809385  0.93462812]
688.162175655365,1005,False,3,5,[-5.25496306  2.49838825  3.99925944],cruising,[ 0.50568378 -0.03156594 -0.11489306]
688.2518689632416,1000,False,1,3,[7.83256865 0.50164775 3.81789801],entering,[-0.82138112 -0.19970136 -0.21083176]
688.2518689632416,1001,False,6,4,[ 8.41314229 -6.09117964  3.99999853],exiting,[-0.48080528  0.59740651 -0.20557775]
688.2518689632416,1002,False,4,0,[-0.50314009  6.65126689  4.        ],cruising,[ 0.5677905  -0.59831228 -0.99408226]
688.2518689632416,1003,False,0,2,[-6.20746383 -0.84230803  4.        ],exiting,[ 0.63925976  0.24903542 -0.34837281]
688.2518689632416,1004,False,5,6,[6.81593268 5.4041029  4.00000084],exiting,[-0.62185191  0.08809385  0.93462812]
688.2518689632416,1005,False,3,5,[-5.36787204  2.66346871  3.99937052],cruising,[ 0.50568378 -0.03156594 -0.11489306]
688.3501648902893,1000,False,1,3,[7.94833173 0.33855602 3.84521331],entering,[-0.82138112 -0.19970136 -0.21083176]
688.3501648902893,1001,False,6,4,[ 8.43768683 -6.18812068  3.99999887],exiting,[-0.48080528  0.59740651 -0.20557775]
688.3501648902893,1002,False,4,0,[-0.33285335  6.54637444  4.        ],cruising,[ 0.5677905  -0.59831228 -0.99408226]
688.3501648902893,1003,False,0,2,[-6.28192391 -0.90905902  4.        ],exiting,[ 0.63925976  0.24903542 -0.34837281]
688.3501648902893,1004,False,5,6,[6.85179247 5.49745212 4.00000069],exiting,[-0.62185191  0.08809385  0.93462812]
688.3501648902893,1005,False,3,5,[-5.47897449  2.82977039  3.99946494],cruising,[ 0.50568378 -0.03156594 -0.11489306]
688.4534251689911,1000,False,1,3,[8.04783154 0.16506312 3.86843131],cruising,[-0.82138112 -0.19970136 -0.21083176]
688.4534251689911,1001,False,6,4,[ 8.46223137 -6.28506172  3.99999915],exiting,[-0.48080528  0.59740651 -0.20557775]
688.4534251689911,1002,False,4,0,[-0.1633103   6.44028414  4.        ],cruising,[ 0.5677905  -0.59831228 -0.99408226]
688.4534251689911,1003,False,0,2,[-6.356384   -0.97581002  4.        ],exiting,[ 0.63925976  0.24903542 -0.34837281]
688.4534251689911,1004,False,5,6,[6.88765226 5.59080133 4.00000057],exiting,[-0.62185191  0.08809385  0.93462812]
688.4534251689911,1005,False,3,5,[-5.58792435  2.99749018  3.9995452 ],cruising,[ 0.50568378 -0.03156594 -0.11489306]
688.5497567653656,1000,False,1,3,[ 8.12974151 -0.01734601  3.88831795],cruising,[-0.82138112 -0.19970136 -0.21083176]
688.5497567653656,1001,False,6,4,[ 8.48677591 -6.38200276  3.99999936],exiting,[-0.48080528  0.59740651 -0.20557775]
688.5497567653656,1002,False,4,0,[5.42475212e-03 6.33291336e+00 4.00000000e+00],cruising,[ 0.5677905  -0.59831228 -0.99408226]
688.5497567653656,1003,False,0,2,[-6.43084409 -1.04256101  4.        ],exiting,[ 0.63925976  0.24903542 -0.34837281]
688.5497567653656,1004,False,5,6,[6.92351205 5.68415054 4.00000047],exiting,[-0.62185191  0.08809385  0.93462812]
688.5497567653656,1005,False,3,5,[-5.69432427  3.1668391   3.99961342],cruising,[ 0.50568378 -0.03156594 -0.11489306]
688.6636850833893,1000,False,1,3,[ 8.19494128 -0.20642004  3.90507026],cruising,[-0.82138112 -0.19970136 -0.21083176]
688.6636850833893,1001,False,6,4,[ 8.51132046 -6.47894381  3.99999953],exiting,[-0.48080528  0.59740651 -0.20557775]
688.6636850833893,1002,False,4,0,[0.17412132 6.22548215 4.        ],cruising,[ 0.5677905  -0.59831228 -0.99408226]
688.6636850833893,1003,False,0,2,[-6.50530418 -1.109312    4.        ],exiting,[ 0.63925976  0.24903542 -0.34837281]
688.6636850833893,1004,False,5,6,[6.95937184 5.77749975 4.00000039],exiting,[-0.62185191  0.08809385  0.93462812]
688.6636850833893,1005,False,3,5,[-5.79770662  3.33804684  3.99967141],cruising,[ 0.50568378 -0.03156594 -0.11489306]
688.755886554718,1000,False,1,3,[ 8.24560608 -0.39989634  3.91930972],cruising,[-0.82138112 -0.19970136 -0.21083176]
688.755886554718,1001,False,6,4,[ 8.535865   -6.57588485  3.99999966],exiting,[-0.48080528  0.59740651 -0.20557775]
688.755886554718,1002,False,4,0,[0.34303426 6.11839144 4.        ],exiting,[ 0.5677905  -0.59831228 -0.99408226]
688.755886554718,1003,False,0,2,[-6.57976427 -1.176063    4.        ],exiting,[ 0.63925976  0.24903542 -0.34837281]
688.755886554718,1004,False,5,6,[6.99523163 5.87084897 4.00000032],exiting,[-0.62185191  0.08809385  0.93462812]
688.755886554718,1005,False,3,5,[-5.89750918  3.51136576  3.9997207 ],cruising,[ 0.50568378 -0.03156594 -0.11489306]
688.8495426177979,1000,False,1,3,[ 8.28329844 -0.59631244  3.93141326],cruising,[-0.82138112 -0.19970136 -0.21083176]
688.8495426177979,1001,False,6,4,[ 8.56040954 -6.67282589  3.99999976],exiting,[-0.48080528  0.59740651 -0.20557775]
688.8495426177979,1002,False,4,0,[0.50185305 6.02856654 4.        ],exiting,[ 0.5677905  -0.59831228 -0.99408226]
688.8495426177979,1003,False,0,2,[-6.65422435 -1.24281399  4.        ],exiting,[ 0.63925976  0.24903542 -0.34837281]
688.8495426177979,1004,False,5,6,[7.03109142 5.96419818 4.00000026],exiting,[-0.62185191  0.08809385  0.93462812]
688.8495426177979,1005,False,3,5,[-5.99304369  3.68707335  3.99976259],cruising,[ 0.50568378 -0.03156594 -0.11489306]
688.9552795886993,1000,False,1,3,[ 8.30965713 -0.79456788  3.94170127],cruising,[-0.82138112 -0.19970136 -0.21083176]
688.9552795886993,1001,False,6,4,[ 8.58495408 -6.76976693  3.99999984],exiting,[-0.48080528  0.59740651 -0.20557775]
688.9552795886993,1002,False,4,0,[0.65042915 5.95591976 4.        ],exiting,[ 0.5677905  -0.59831228 -0.99408226]
688.9552795886993,1003,False,0,2,[-6.72868444 -1.30956499  4.        ],exiting,[ 0.63925976  0.24903542 -0.34837281]
688.9552795886993,1004,False,5,6,[7.06695121 6.05754739 4.00000022],exiting,[-0.62185191  0.08809385  0.93462812]
688.9552795886993,1005,False,3,5,[-6.08345389  3.86547177  3.9997982 ],cruising,[ 0.50568378 -0.03156594 -0.11489306]
689.049310207367,1000,False,1,3,[ 8.32410133 -0.99404561  3.95044608],cruising,[-0.82138112 -0.19970136 -0.21083176]
689.049310207367,1001,False,6,4,[ 8.60949862 -6.86670797  3.99999989],exiting,[-0.48080528  0.59740651 -0.20557775]
689.049310207367,1002,False,4,0,[0.78859441 5.90034968 4.        ],exiting,[ 0.5677905  -0.59831228 -0.99408226]
689.049310207367,1003,False,0,2,[-6.80314453 -1.37631598  4.        ],exiting,[ 0.63925976  0.24903542 -0.34837281]
689.049310207367,1004,False,5,6,[7.102811   6.1508966  4.00000018],exiting,[-0.62185191  0.08809385  0.93462812]
689.049310207367,1005,False,3,5,[-6.16765961  4.04688124  3.99982847],cruising,[ 0.50568378 -0.03156594 -0.11489306]
689.1492483615875,1000,False,1,3,[ 8.33039664 -1.19394651  3.95787917],cruising,[-0.82138112 -0.19970136 -0.21083176]
689.1492483615875,1001,False,6,4,[ 8.63404316 -6.96364901  3.99999994],exiting,[-0.48080528  0.59740651 -0.20557775]
689.1492483615875,1002,False,4,0,[0.91615662 5.86173766 4.        ],exiting,[ 0.5677905  -0.59831228 -0.99408226]
689.1492483615875,1003,False,0,2,[-6.87760462 -1.44306698  4.        ],exiting,[ 0.63925976  0.24903542 -0.34837281]
689.1492483615875,1004,False,5,6,[7.13867079 6.24424582 4.00000015],exiting,[-0.62185191  0.08809385  0.93462812]
689.1492483615875,1005,False,3,5,[-6.24428175  4.23162173  3.9998542 ],cruising,[ 0.50568378 -0.03156594 -0.11489306]
689.2619459629059,1000,False,1,3,[ 8.32959794 -1.39394492  3.9641973 ],cruising,[-0.82138112 -0.19970136 -0.21083176]
689.2619459629059,1001,False,6,4,[ 8.6585877  -7.06059005  3.99999997],landing,[-0.48080528  0.59740651 -0.20557775]
689.2619459629059,1002,False,4,0,[1.03289048 5.83994071 4.        ],exiting,[ 0.5677905  -0.59831228 -0.99408226]
689.2619459629059,1003,False,0,2,[-6.9520647  -1.50981797  4.        ],landing,[ 0.63925976  0.24903542 -0.34837281]
689.2619459629059,1004,False,5,6,[7.17453058 6.33759503 4.00000012],exiting,[-0.62185191  0.08809385  0.93462812]
689.2619459629059,1005,False,3,5,[-6.31154313  4.41997222  3.99987607],cruising,[ 0.50568378 -0.03156594 -0.11489306]
689.3592586517334,1000,False,1,3,[ 8.32027741 -1.59372762  3.9695677 ],cruising,[-0.82138112 -0.19970136 -0.21083176]
689.3592586517334,1001,False,6,4,[ 8.67661392 -7.14518132  3.98568237],landing,[-0.48080528  0.59740651 -0.20557775]
689.3592586517334,1002,False,4,0,[1.13851555 5.83477491 4.        ],exiting,[ 0.5677905  -0.59831228 -0.99408226]
689.3592586517334,1003,False,0,2,[-7.01823347 -1.56484755  3.98607656],landing,[ 0.63925976  0.24903542 -0.34837281]
689.3592586517334,1004,False,5,6,[7.21039037 6.43094424 4.0000001 ],exiting,[-0.62185191  0.08809385  0.93462812]
689.3592586517334,1005,False,3,5,[-6.36086755  4.61379456  3.99989466],exiting,[ 0.50568378 -0.03156594 -0.11489306]
689.449413061142,1000,False,1,3,[ 8.30565829 -1.7931926   3.97413255],cruising,[-0.82138112 -0.19970136 -0.21083176]
689.449413061142,1001,False,6,4,[ 8.68811434 -7.21724385  3.95720692],landing,[-0.48080528  0.59740651 -0.20557775]
689.449413061142,1002,False,4,0,[1.23265932 5.8459853  4.        ],exiting,[ 0.5677905  -0.59831228 -0.99408226]
689.449413061142,1003,False,0,2,[-7.07595886 -1.60807012  3.95839433],landing,[ 0.63925976  0.24903542 -0.34837281]
689.449413061142,1004,False,5,6,[7.24625016 6.52429345 4.00000008],exiting,[-0.62185191  0.08809385  0.93462812]
689.449413061142,1005,False,3,5,[-6.41213266  4.78771129  3.99991328],exiting,[ 0.50568378 -0.03156594 -0.11489306]
689.550537109375,1000,False,1,3,[ 8.28615755 -1.99223964  3.97801266],cruising,[-0.82138112 -0.19970136 -0.21083176]
689.550537109375,1001,False,6,4,[ 8.69308127 -7.27656525  3.91476805],landing,[-0.48080528  0.59740651 -0.20557775]
689.550537109375,1002,False,4,0,[1.31508462 5.87340301 4.        ],exiting,[ 0.5677905  -0.59831228 -0.99408226]
689.550537109375,1003,False,0,2,[-7.12506218 -1.6393864   3.91715112],landing,[ 0.63925976  0.24903542 -0.34837281]
689.550537109375,1004,False,5,6,[7.28210995 6.61764267 4.00000007],exiting,[-0.62185191  0.08809385  0.93462812]
689.550537109375,1005,False,3,5,[-6.4655746   4.94174683  3.99993137],exiting,[ 0.50568378 -0.03156594 -0.11489306]
689.650737285614,1000,False,1,3,[ 8.25945347 -2.19044885  3.98131076],cruising,[-0.82138112 -0.19970136 -0.21083176]
689.650737285614,1001,False,6,4,[ 8.69150605 -7.32284848  3.85864684],landing,[-0.48080528  0.59740651 -0.20557775]
689.650737285614,1002,False,4,0,[1.38555126 5.91685165 4.        ],exiting,[ 0.5677905  -0.59831228 -0.99408226]
689.650737285614,1003,False,0,2,[-7.16530115 -1.65866415  3.8626227 ],landing,[ 0.63925976  0.24903542 -0.34837281]
689.650737285614,1004,False,5,6,[7.31796974 6.71099188 4.00000005],exiting,[-0.62185191  0.08809385  0.93462812]
689.650737285614,1005,False,3,5,[-6.52150991  5.0759384   3.9999481 ],exiting,[ 0.50568378 -0.03156594 -0.11489306]
689.769237279892,1000,False,1,3,[ 8.22862675 -2.38805885  3.98411415],cruising,[-0.82138112 -0.19970136 -0.21083176]
689.769237279892,1001,False,6,4,[ 8.68338392 -7.35586893  3.78906322],landing,[-0.48080528  0.59740651 -0.20557775]
689.769237279892,1002,False,4,0,[1.44381637 5.97614714 4.        ],exiting,[ 0.5677905  -0.59831228 -0.99408226]
689.769237279892,1003,False,0,2,[-7.19646373 -1.6657899   3.79505787],landing,[ 0.63925976  0.24903542 -0.34837281]
689.769237279892,1004,False,5,6,[7.35382953 6.80434109 4.00000004],exiting,[-0.62185191  0.08809385  0.93462812]
689.769237279892,1005,False,3,5,[-6.58030656  5.19033571  3.99996233],exiting,[ 0.50568378 -0.03156594 -0.11489306]
689.874566078186,1000,False,1,3,[ 8.19367852 -2.58498173  3.98649703],cruising,[-0.82138112 -0.19970136 -0.21083176]
689.874566078186,1001,False,6,4,[ 8.66871171 -7.37540371  3.70624202],landing,[-0.48080528  0.59740651 -0.20557775]
689.874566078186,1002,False,4,0,[1.48963452 6.05109744 4.        ],exiting,[ 0.5677905  -0.59831228 -0.99408226]
689.874566078186,1003,False,0,2,[-7.21835868 -1.66066324  3.71468719],landing,[ 0.63925976  0.24903542 -0.34837281]
689.874566078186,1004,False,5,6,[7.38968932 6.8976903  4.00000004],exiting,[-0.62185191  0.08809385  0.93462812]
689.874566078186,1005,False,3,5,[-6.64228549  5.28498782  3.99997279],exiting,[ 0.50568378 -0.03156594 -0.11489306]
689.9776136875153,1000,False,1,3,[ 8.15127697 -2.78043533  3.98852247],cruising,[-0.82138112 -0.19970136 -0.21083176]
689.9776136875153,1001,False,6,4,[ 8.64748787 -7.38122802  3.61041702],landing,[-0.48080528  0.59740651 -0.20557775]
689.9776136875153,1002,False,4,0,[1.52275781 6.14150221 4.        ],exiting,[ 0.5677905  -0.59831228 -0.99408226]
689.9776136875153,1003,False,0,2,[-7.2307926  -1.64318453  3.62175007],landing,[ 0.63925976  0.24903542 -0.34837281]
689.9776136875153,1004,False,5,6,[7.42554911 6.99103952 4.00000003],exiting,[-0.62185191  0.08809385  0.93462812]
689.9776136875153,1005,False,3,5,[-6.70764906  5.36066875  3.99997782],exiting,[ 0.50568378 -0.03156594 -0.11489306]
690.0697062015533,1000,False,1,3,[ 8.10483866 -2.97496935  3.9902441 ],cruising,[-0.82138112 -0.19970136 -0.21083176]
690.0697062015533,1001,False,6,4,[ 8.62542838 -7.38527451  3.51296444],landing,[-0.48080528  0.59740651 -0.20557775]
690.0697062015533,1002,False,4,0,[1.55125435 6.237356   4.        ],exiting,[ 0.5677905  -0.59831228 -0.99408226]
690.0697062015533,1003,False,0,2,[-7.23990227 -1.6214199   3.52457335],landing,[ 0.63925976  0.24903542 -0.34837281]
690.0697062015533,1004,False,5,6,[7.4614089  7.08438873 4.00000002],exiting,[-0.62185191  0.08809385  0.93462812]
690.0697062015533,1005,False,3,5,[-6.77301264  5.43634967  3.99998195],exiting,[ 0.50568378 -0.03156594 -0.11489306]
690.1699268817902,1000,False,1,3,[ 8.05015619 -3.16734873  3.99170749],cruising,[-0.82138112 -0.19970136 -0.21083176]
690.1699268817902,1001,False,6,4,[ 8.60336888 -7.38932099  3.41551187],landing,[-0.48080528  0.59740651 -0.20557775]
690.1699268817902,1002,False,4,0,[1.57975088 6.33320978 4.        ],exiting,[ 0.5677905  -0.59831228 -0.99408226]
690.1699268817902,1003,False,0,2,[-7.24901194 -1.59965528  3.42739662],landing,[ 0.63925976  0.24903542 -0.34837281]
690.1699268817902,1004,False,5,6,[7.49726869 7.17773794 4.00000002],exiting,[-0.62185191  0.08809385  0.93462812]
690.1699268817902,1005,False,3,5,[-6.83837622  5.5120306   3.99998533],exiting,[ 0.50568378 -0.03156594 -0.11489306]
690.28284740448,1000,False,1,3,[ 7.98679719 -3.35704754  3.99295136],cruising,[-0.82138112 -0.19970136 -0.21083176]
690.28284740448,1001,False,6,4,[ 8.58130938 -7.39336748  3.31805929],landing,[-0.48080528  0.59740651 -0.20557775]
690.28284740448,1002,False,4,0,[1.60824741 6.42906356 4.        ],exiting,[ 0.5677905  -0.59831228 -0.99408226]
690.28284740448,1003,False,0,2,[-7.25812161 -1.57789065  3.3302199 ],landing,[ 0.63925976  0.24903542 -0.34837281]
690.28284740448,1004,False,5,6,[7.53312848 7.27108715 4.00000002],exiting,[-0.62185191  0.08809385  0.93462812]
690.28284740448,1005,False,3,5,[-6.90373979  5.58771153  3.9999881 ],exiting,[ 0.50568378 -0.03156594 -0.11489306]
690.3721106052399,1000,False,1,3,[ 7.91864611 -3.54507793  3.99400866],cruising,[-0.82138112 -0.19970136 -0.21083176]
690.3721106052399,1001,False,6,4,[ 8.55924989 -7.39741396  3.22060671],landing,[-0.48080528  0.59740651 -0.20557775]
690.3721106052399,1002,False,4,0,[1.63674394 6.52491734 4.        ],exiting,[ 0.5677905  -0.59831228 -0.99408226]
690.3721106052399,1003,False,0,2,[-7.26723128 -1.55612603  3.23304318],landing,[ 0.63925976  0.24903542 -0.34837281]
690.3721106052399,1004,False,5,6,[7.56898827 7.36443637 4.00000001],exiting,[-0.62185191  0.08809385  0.93462812]
690.3721106052399,1005,False,3,5,[-6.96910337  5.66339246  3.99999037],exiting,[ 0.50568378 -0.03156594 -0.11489306]
690.4754333496094,1000,False,1,3,[ 7.83940217 -3.72870908  3.99490736],cruising,[-0.82138112 -0.19970136 -0.21083176]
690.4754333496094,1001,False,6,4,[ 8.53719039 -7.40146045  3.12315414],landing,[-0.48080528  0.59740651 -0.20557775]
690.4754333496094,1002,False,4,0,[1.66524047 6.62077113 4.        ],exiting,[ 0.5677905  -0.59831228 -0.99408226]
690.4754333496094,1003,False,0,2,[-7.27634094 -1.5343614   3.13586646],landing,[ 0.63925976  0.24903542 -0.34837281]
690.4754333496094,1004,False,5,6,[7.60484806 7.45778558 4.00000001],exiting,[-0.62185191  0.08809385  0.93462812]
690.4754333496094,1005,False,3,5,[-7.03446695  5.73907338  3.99999222],exiting,[ 0.50568378 -0.03156594 -0.11489306]
690.5759749412537,1000,False,1,3,[ 7.74760015 -3.90639529  3.99567126],cruising,[-0.82138112 -0.19970136 -0.21083176]
690.5759749412537,1001,False,6,4,[ 8.51513089 -7.40550694  3.02570156],landing,[-0.48080528  0.59740651 -0.20557775]
690.5759749412537,1002,False,4,0,[1.693737   6.71662491 4.        ],exiting,[ 0.5677905  -0.59831228 -0.99408226]
690.5759749412537,1003,False,0,2,[-7.28545061 -1.51259678  3.03868974],landing,[ 0.63925976  0.24903542 -0.34837281]
690.5759749412537,1004,False,5,6,[7.64070785 7.55113479 4.00000001],exiting,[-0.62185191  0.08809385  0.93462812]
690.5759749412537,1005,False,3,5,[-7.09983053  5.81475431  3.99999373],exiting,[ 0.50568378 -0.03156594 -0.11489306]
690.6904740333557,1000,False,1,3,[ 7.64119498 -4.07574091  3.99632057],cruising,[-0.82138112 -0.19970136 -0.21083176]
690.6904740333557,1001,False,6,4,[ 8.49307139 -7.40955342  2.92824899],landing,[-0.48080528  0.59740651 -0.20557775]
690.6904740333557,1002,False,4,0,[1.72223353 6.81247869 4.        ],exiting,[ 0.5677905  -0.59831228 -0.99408226]
690.6904740333557,1003,False,0,2,[-7.29456028 -1.49083215  2.94151302],landing,[ 0.63925976  0.24903542 -0.34837281]
690.6904740333557,1004,False,5,6,[7.67656764 7.644484   4.00000001],exiting,[-0.62185191  0.08809385  0.93462812]
690.6904740333557,1005,False,3,5,[-7.1651941   5.89043524  3.99999495],exiting,[ 0.50568378 -0.03156594 -0.11489306]
690.7777268886566,1000,False,1,3,[ 7.51843809 -4.23357078  3.99687723],cruising,[-0.82138112 -0.19970136 -0.21083176]
690.7777268886566,1001,False,6,4,[ 8.4710119  -7.41359991  2.83079641],landing,[-0.48080528  0.59740651 -0.20557775]
690.7777268886566,1002,False,4,0,[1.75073006 6.90833248 4.        ],exiting,[ 0.5677905  -0.59831228 -0.99408226]
690.7777268886566,1003,False,0,2,[-7.30366995 -1.46906753  2.8443363 ],landing,[ 0.63925976  0.24903542 -0.34837281]
690.7777268886566,1004,False,5,6,[7.71242743 7.73783322 4.        ],exiting,[-0.62185191  0.08809385  0.93462812]
690.7777268886566,1005,False,3,5,[-7.23055768  5.96611617  3.99999595],exiting,[ 0.50568378 -0.03156594 -0.11489306]
690.87850522995,1000,False,1,3,[ 7.38130268 -4.37749898  3.99739322],cruising,[-0.82138112 -0.19970136 -0.21083176]
690.87850522995,1001,False,6,4,[ 8.4489524  -7.41764639  2.73334384],landing,[-0.48080528  0.59740651 -0.20557775]
690.87850522995,1002,False,4,0,[1.7792266  7.00418626 4.        ],exiting,[ 0.5677905  -0.59831228 -0.99408226]
690.87850522995,1003,False,0,2,[-7.31277962 -1.4473029   2.74715958],landing,[ 0.63925976  0.24903542 -0.34837281]
690.87850522995,1004,False,5,6,[7.74828722 7.83118243 4.        ],exiting,[-0.62185191  0.08809385  0.93462812]
690.87850522995,1005,False,3,5,[-7.29592126  6.04179709  3.99999677],exiting,[ 0.50568378 -0.03156594 -0.11489306]
690.9911007881165,1000,False,1,3,[ 7.23156567 -4.50589662  3.99786909],cruising,[-0.82138112 -0.19970136 -0.21083176]
690.9911007881165,1001,False,6,4,[ 8.4268929  -7.42169288  2.63589126],landing,[-0.48080528  0.59740651 -0.20557775]
690.9911007881165,1002,False,4,0,[1.80772313 7.10004004 4.        ],exiting,[ 0.5677905  -0.59831228 -0.99408226]
690.9911007881165,1003,False,0,2,[-7.32188929 -1.42553828  2.64998286],landing,[ 0.63925976  0.24903542 -0.34837281]
690.9911007881165,1004,False,5,6,[7.78414701 7.92453164 4.        ],exiting,[-0.62185191  0.08809385  0.93462812]
690.9911007881165,1005,False,3,5,[-7.36128483  6.11747802  3.99999742],exiting,[ 0.50568378 -0.03156594 -0.11489306]
691.0792229175568,1000,False,1,3,[ 7.07124541 -4.6173239   3.99830618],cruising,[-0.82138112 -0.19970136 -0.21083176]
691.0792229175568,1001,False,6,4,[ 8.40483341 -7.42573936  2.53843868],landing,[-0.48080528  0.59740651 -0.20557775]
691.0792229175568,1002,False,4,0,[1.83621966 7.19589382 4.        ],exiting,[ 0.5677905  -0.59831228 -0.99408226]
691.0792229175568,1003,False,0,2,[-7.33099896 -1.40377365  2.55280614],landing,[ 0.63925976  0.24903542 -0.34837281]
691.0792229175568,1004,False,5,6,[7.8200068  8.01788085 4.        ],exiting,[-0.62185191  0.08809385  0.93462812]
691.0792229175568,1005,False,3,5,[-7.42664841  6.19315895  3.99999796],exiting,[ 0.50568378 -0.03156594 -0.11489306]
691.1798632144928,1000,False,1,3,[ 6.90249826 -4.71061321  3.99870546],cruising,[-0.82138112 -0.19970136 -0.21083176]
691.1798632144928,1001,False,6,4,[ 8.38277391 -7.42978585  2.44098611],landing,[-0.48080528  0.59740651 -0.20557775]
691.1798632144928,1002,False,4,0,[1.86471619 7.29174761 4.        ],exiting,[ 0.5677905  -0.59831228 -0.99408226]
691.1798632144928,1003,False,0,2,[-7.34010863 -1.38200903  2.45562942],landing,[ 0.63925976  0.24903542 -0.34837281]
691.1798632144928,1004,False,5,6,[7.85586659 8.11123007 4.        ],exiting,[-0.62185191  0.08809385  0.93462812]
691.1798632144928,1005,False,3,5,[-7.49201199  6.26883988  3.99999838],exiting,[ 0.50568378 -0.03156594 -0.11489306]
691.2794017791748,1000,False,1,3,[ 6.72754709 -4.78488913  3.9990673 ],cruising,[-0.82138112 -0.19970136 -0.21083176]
691.2794017791748,1001,False,6,4,[ 8.36071441 -7.43383233  2.34353353],landing,[-0.48080528  0.59740651 -0.20557775]
691.2794017791748,1002,False,4,0,[1.89321272 7.38760139 4.        ],exiting,[ 0.5677905  -0.59831228 -0.99408226]
691.2794017791748,1003,False,0,2,[-7.3492183 -1.3602444  2.3584527],landing,[ 0.63925976  0.24903542 -0.34837281]
691.2794017791748,1004,False,5,6,[7.89172638 8.20457928 4.        ],exiting,[-0.62185191  0.08809385  0.93462812]
691.2794017791748,1005,False,3,5,[-7.55737557  6.3445208   3.99999873],exiting,[ 0.50568378 -0.03156594 -0.11489306]
691.3912715911865,1000,False,1,3,[ 6.54864038 -4.83956015  3.9993915 ],cruising,[-0.82138112 -0.19970136 -0.21083176]
691.3912715911865,1001,False,6,4,[ 8.33865491 -7.43787882  2.24608096],landing,[-0.48080528  0.59740651 -0.20557775]
691.3912715911865,1002,False,4,0,[1.92170925 7.48345517 4.        ],exiting,[ 0.5677905  -0.59831228 -0.99408226]
691.3912715911865,1003,False,0,2,[-7.35832796 -1.33847978  2.26127598],landing,[ 0.63925976  0.24903542 -0.34837281]
691.3912715911865,1004,False,5,6,[7.92758617 8.29792849 4.        ],exiting,[-0.62185191  0.08809385  0.93462812]
691.3912715911865,1005,False,3,5,[-7.62273914  6.42020173  3.99999901],exiting,[ 0.50568378 -0.03156594 -0.11489306]
691.4854016304016,1000,False,1,3,[ 6.36804451 -4.87430266  3.99967727],cruising,[-0.82138112 -0.19970136 -0.21083176]
691.4854016304016,1001,False,6,4,[ 8.31659542 -7.4419253   2.14862838],landing,[-0.48080528  0.59740651 -0.20557775]
691.4854016304016,1002,False,4,0,[1.95020578 7.57930896 4.        ],exiting,[ 0.5677905  -0.59831228 -0.99408226]
691.4854016304016,1003,False,0,2,[-7.36743763 -1.31671515  2.16409926],landing,[ 0.63925976  0.24903542 -0.34837281]
691.4854016304016,1004,False,5,6,[7.96344596 8.3912777  4.        ],exiting,[-0.62185191  0.08809385  0.93462812]
691.4854016304016,1005,False,3,5,[-7.68810272  6.49588266  3.99999923],exiting,[ 0.50568378 -0.03156594 -0.11489306]
691.5795569419861,1000,False,1,3,[ 6.18737626 -4.88904534  3.99992339],cruising,[-0.82138112 -0.19970136 -0.21083176]
691.5795569419861,1001,False,6,4,[ 8.29453592 -7.44597179  2.0511758 ],landing,[-0.48080528  0.59740651 -0.20557775]
691.5795569419861,1002,False,4,0,[1.97870232 7.67516274 4.        ],exiting,[ 0.5677905  -0.59831228 -0.99408226]
691.5795569419861,1003,False,0,2,[-7.3765473  -1.29495053  2.06692254],landing,[ 0.63925976  0.24903542 -0.34837281]
691.5795569419861,1004,False,5,6,[7.99930575 8.48462692 4.        ],exiting,[-0.62185191  0.08809385  0.93462812]
691.5795569419861,1005,False,3,5,[-7.7534663   6.57156359  3.9999994 ],exiting,[ 0.50568378 -0.03156594 -0.11489306]
691.678206205368,1000,False,1,3,[ 6.00754541 -4.88380561  4.00012674],cruising,[-0.82138112 -0.19970136 -0.21083176]
691.678206205368,1001,False,6,4,[ 8.27247642 -7.45001827  1.95372323],landing,[-0.48080528  0.59740651 -0.20557775]
691.678206205368,1002,False,4,0,[2.00719885 7.77101652 4.        ],exiting,[ 0.5677905  -0.59831228 -0.99408226]
691.678206205368,1003,False,0,2,[-7.38565697 -1.2731859   1.96974582],landing,[ 0.63925976  0.24903542 -0.34837281]
691.678206205368,1004,False,5,6,[8.03516554 8.57797613 4.        ],exiting,[-0.62185191  0.08809385  0.93462812]
691.678206205368,1005,False,3,5,[-7.81882987  6.64724451  3.99999954],exiting,[ 0.50568378 -0.03156594 -0.11489306]
691.787734746933,1000,False,1,3,[ 5.82973911 -4.85866866  4.0002862 ],cruising,[-0.82138112 -0.19970136 -0.21083176]
691.787734746933,1001,False,6,4,[ 8.25041692 -7.45406476  1.85627065],landing,[-0.48080528  0.59740651 -0.20557775]
691.787734746933,1002,False,4,0,[2.03569538 7.86687031 4.        ],exiting,[ 0.5677905  -0.59831228 -0.99408226]
691.787734746933,1003,False,0,2,[-7.39476664 -1.25142128  1.87256909],landing,[ 0.63925976  0.24903542 -0.34837281]
691.787734746933,1004,False,5,6,[8.07102533 8.67132534 4.        ],exiting,[-0.62185191  0.08809385  0.93462812]
691.787734746933,1005,False,3,5,[-7.88419345  6.72292544  3.99999965],exiting,[ 0.50568378 -0.03156594 -0.11489306]
691.8793814182281,1000,False,1,3,[ 5.65447386 -4.81369385  4.00039844],cruising,[-0.82138112 -0.19970136 -0.21083176]
691.8793814182281,1001,False,6,4,[ 8.22835743 -7.45811124  1.75881808],landing,[-0.48080528  0.59740651 -0.20557775]
691.8793814182281,1002,False,4,0,[2.06419191 7.96272409 4.        ],exiting,[ 0.5677905  -0.59831228 -0.99408226]
691.8793814182281,1003,False,0,2,[-7.40387631 -1.22965665  1.77539237],landing,[ 0.63925976  0.24903542 -0.34837281]
691.8793814182281,1004,False,5,6,[8.10688512 8.76467455 4.        ],exiting,[-0.62185191  0.08809385  0.93462812]
691.8793814182281,1005,False,3,5,[-7.94955703  6.79860637  3.99999974],exiting,[ 0.50568378 -0.03156594 -0.11489306]
691.9784018993378,1000,False,1,3,[ 5.48246391 -4.7489858   4.00046211],cruising,[-0.82138112 -0.19970136 -0.21083176]
691.9784018993378,1001,False,6,4,[ 8.20629793 -7.46215773  1.6613655 ],landing,[-0.48080528  0.59740651 -0.20557775]
691.9784018993378,1002,False,4,0,[2.09268844 8.05857787 4.        ],exiting,[ 0.5677905  -0.59831228 -0.99408226]
691.9784018993378,1003,False,0,2,[-7.41298598 -1.20789203  1.67821565],landing,[ 0.63925976  0.24903542 -0.34837281]
691.9784018993378,1004,False,5,6,[8.14274491 8.85802377 4.        ],exiting,[-0.62185191  0.08809385  0.93462812]
691.9784018993378,1005,False,3,5,[-8.01492061  6.8742873   3.99999981],exiting,[ 0.50568378 -0.03156594 -0.11489306]
692.092123746872,1000,False,1,3,[ 5.31347087 -4.66450667  4.00047211],cruising,[-0.82138112 -0.19970136 -0.21083176]
692.092123746872,1001,False,6,4,[ 8.18423843 -7.46620421  1.56391292],landing,[-0.48080528  0.59740651 -0.20557775]
692.092123746872,1002,False,4,0,[2.12118497 8.15443165 4.        ],exiting,[ 0.5677905  -0.59831228 -0.99408226]
692.092123746872,1003,False,0,2,[-7.42209565 -1.1861274   1.58103893],landing,[ 0.63925976  0.24903542 -0.34837281]
692.092123746872,1004,False,5,6,[8.1786047  8.95137298 4.        ],exiting,[-0.62185191  0.08809385  0.93462812]
692.092123746872,1005,False,3,5,[-8.08028418  6.94996822  3.99999986],exiting,[ 0.50568378 -0.03156594 -0.11489306]
692.207013130188,1000,False,1,3,[ 5.14691106 -4.5601762   4.00042412],cruising,[-0.82138112 -0.19970136 -0.21083176]
692.207013130188,1001,False,6,4,[ 8.16217894 -7.4702507   1.46646035],fake_landed,[-0.48080528  0.59740651 -0.20557775]
692.207013130188,1002,False,4,0,[2.1496815  8.25028544 4.        ],exiting,[ 0.5677905  -0.59831228 -0.99408226]
692.207013130188,1003,False,0,2,[-7.43120532 -1.16436278  1.48386221],fake_landed,[ 0.63925976  0.24903542 -0.34837281]
692.207013130188,1004,False,5,6,[8.21446449 9.04472219 4.        ],exiting,[-0.62185191  0.08809385  0.93462812]
692.207013130188,1005,False,3,5,[-8.14564776  7.02564915  3.9999999 ],exiting,[ 0.50568378 -0.03156594 -0.11489306]
692.3076782226562,1000,False,1,3,[ 4.97670747 -4.45514889  4.0003605 ],cruising,[-0.82138112 -0.19970136 -0.21083176]
692.3076782226562,1001,False,6,4,[ 8.14453134 -7.47348789  1.38849829],fake_landed,[-0.48080528  0.59740651 -0.20557775]
692.3076782226562,1002,False,4,0,[2.17817803 8.34613922 4.        ],exiting,[ 0.5677905  -0.59831228 -0.99408226]
692.3076782226562,1003,False,0,2,[-7.43849305 -1.14695108  1.40612084],fake_landed,[ 0.63925976  0.24903542 -0.34837281]
692.3076782226562,1004,False,5,6,[8.25032428 9.1380714  4.        ],landing,[-0.62185191  0.08809385  0.93462812]
692.3076782226562,1005,False,3,5,[-8.21101134  7.10133008  3.99999993],exiting,[ 0.50568378 -0.03156594 -0.11489306]
692.4170775413513,1000,False,1,3,[ 4.80332236 -4.35546136  4.00030643],cruising,[-0.82138112 -0.19970136 -0.21083176]
692.4170775413513,1001,False,6,4,[ 8.13129564 -7.47591578  1.33002674],fake_landed,[-0.48080528  0.59740651 -0.20557775]
692.4170775413513,1002,False,4,0,[2.20667457 8.441993   4.        ],exiting,[ 0.5677905  -0.59831228 -0.99408226]
692.4170775413513,1003,False,0,2,[-7.44395885 -1.1338923   1.3478148 ],fake_landed,[ 0.63925976  0.24903542 -0.34837281]
692.4170775413513,1004,False,5,6,[8.28424767 9.21733572 3.98593352],landing,[-0.62185191  0.08809385  0.93462812]
692.4170775413513,1005,False,3,5,[-8.27637491  7.17701101  3.99999996],exiting,[ 0.50568378 -0.03156594 -0.11489306]
692.5081269741058,1000,False,1,3,[ 4.62647987 -4.26204437  4.00026046],cruising,[-0.82138112 -0.19970136 -0.21083176]
692.5081269741058,1001,False,6,4,[ 8.12247184 -7.47753437  1.29104571],fake_landed,[-0.48080528  0.59740651 -0.20557775]
692.5081269741058,1002,False,4,0,[2.2351711  8.53784679 4.        ],exiting,[ 0.5677905  -0.59831228 -0.99408226]
692.5081269741058,1003,False,0,2,[-7.44760272 -1.12518645  1.30894411],fake_landed,[ 0.63925976  0.24903542 -0.34837281]
692.5081269741058,1004,False,5,6,[8.31613783 9.28236778 3.95796347],landing,[-0.62185191  0.08809385  0.93462812]
692.5081269741058,1005,False,3,5,[-8.34173849  7.25269193  3.99999998],exiting,[ 0.50568378 -0.03156594 -0.11489306]
692.6135449409485,1000,False,1,3,[ 4.44783325 -4.17212559  4.00022139],cruising,[-0.82138112 -0.19970136 -0.21083176]
692.6135449409485,1001,False,6,4,[ 8.11805994 -7.47834367  1.2715552 ],fake_landed,[-0.48080528  0.59740651 -0.20557775]
692.6135449409485,1002,False,4,0,[2.26366763 8.63370057 4.        ],landing,[ 0.5677905  -0.59831228 -0.99408226]
692.6135449409485,1003,False,0,2,[-7.44942465 -1.12083353  1.28950877],fake_landed,[ 0.63925976  0.24903542 -0.34837281]
692.6135449409485,1004,False,5,6,[8.34587981 9.33299482 3.91628647],landing,[-0.62185191  0.08809385  0.93462812]
692.6135449409485,1005,False,3,5,[-8.40710207  7.32837286  3.99999999],landing,[ 0.50568378 -0.03156594 -0.11489306]
692.7075779438019,1000,False,1,3,[ 4.26714543 -4.08638231  4.00018818],cruising,[-0.82138112 -0.19970136 -0.21083176]
692.7075779438019,1001,False,4,1,[ 8.11805994 -7.47834367  1.2715552 ],waiting,[-0.48080528  0.59740651 -0.20557775]
692.7075779438019,1002,False,4,0,[2.29124521 8.71525546 3.98604661],landing,[ 0.5677905  -0.59831228 -0.99408226]
692.7075779438019,1003,False,2,4,[-7.44942465 -1.12083353  1.28950877],waiting,[ 0.63925976  0.24903542 -0.34837281]
692.7075779438019,1004,False,5,6,[8.37331481 9.36898187 3.86118008],landing,[-0.62185191  0.08809385  0.93462812]
692.7075779438019,1005,False,3,5,[-8.4610798   7.39589043  3.98572687],landing,[ 0.50568378 -0.03156594 -0.11489306]
692.8083567619324,1000,False,1,3,[ 4.0854572  -4.00277975  4.00015996],cruising,[-0.82138112 -0.19970136 -0.21083176]
692.8083567619324,1001,False,4,1,[ 8.11805994 -7.47834367  1.2715552 ],queued,[-0.48080528  0.59740651 -0.20557775]
692.8083567619324,1002,False,4,0,[2.3178191  8.78235851 3.9583042 ],landing,[ 0.5677905  -0.59831228 -0.99408226]
692.8083567619324,1003,False,2,4,[-7.44942465 -1.12083353  1.28950877],waiting,[ 0.63925976  0.24903542 -0.34837281]
692.8083567619324,1004,False,5,6,[8.39830924 9.39013474 3.79288312],landing,[-0.62185191  0.08809385  0.93462812]
692.8083567619324,1005,False,3,5,[-8.50358531  7.45508825  3.957341  ],landing,[ 0.50568378 -0.03156594 -0.11489306]
692.9075148105621,1000,False,1,3,[ 3.90254792 -3.92188354  4.00013596],cruising,[-0.82138112 -0.19970136 -0.21083176]
692.9075148105621,1001,False,4,1,[ 8.11805994 -7.47834367  1.2915552 ],queued,[-0.48080528  0.59740651 -0.20557775]
692.9075148105621,1002,False,4,0,[2.34328897 8.83483091 3.91697042],landing,[ 0.5677905  -0.59831228 -0.99408226]
692.9075148105621,1003,False,2,4,[-7.44942465 -1.12083353  1.28950877],waiting,[ 0.63925976  0.24903542 -0.34837281]
692.9075148105621,1004,False,5,6,[8.42073778 9.39627419 3.71162419],landing,[-0.62185191  0.08809385  0.93462812]
692.9075148105621,1005,False,3,5,[-8.53451729  7.50578047  3.91503722],landing,[ 0.50568378 -0.03156594 -0.11489306]
693.0157127380371,1000,False,1,3,[ 3.71902842 -3.84238139  4.00011557],cruising,[-0.82138112 -0.19970136 -0.21083176]
693.0157127380371,1001,False,4,1,[ 8.11805994 -7.47834367  1.3315552 ],queued,[-0.48080528  0.59740651 -0.20557775]
693.0157127380371,1002,False,4,0,[2.36751721 8.87243171 3.86232147],landing,[ 0.5677905  -0.59831228 -0.99408226]
693.0157127380371,1003,False,2,4,[-7.44942465 -1.12083353  1.28950877],waiting,[ 0.63925976  0.24903542 -0.34837281]
693.0157127380371,1004,False,5,6,[8.44047274 9.3872205  3.61764073],landing,[-0.62185191  0.08809385  0.93462812]
693.0157127380371,1005,False,3,5,[-8.55373657  7.54770734  3.85909596],landing,[ 0.50568378 -0.03156594 -0.11489306]
693.107784986496,1000,False,1,3,[ 3.53473212 -3.76469694  4.00009823],cruising,[-0.82138112 -0.19970136 -0.21083176]
693.107784986496,1001,False,4,1,[ 8.11805994 -7.47834367  1.3915552 ],queued,[-0.48080528  0.59740651 -0.20557775]
693.107784986496,1002,False,4,0,[2.39038327 8.89495379 3.79460437],landing,[ 0.5677905  -0.59831228 -0.99408226]
693.107784986496,1003,False,2,4,[-7.44942465 -1.12083353  1.28950877],waiting,[ 0.63925976  0.24903542 -0.34837281]
693.107784986496,1004,False,5,6,[8.45945737 9.3740822  3.52034238],landing,[-0.62185191  0.08809385  0.93462812]
693.107784986496,1005,False,3,5,[-8.56113755  7.58066801  3.78974069],landing,[ 0.50568378 -0.03156594 -0.11489306]
693.2076315879822,1000,False,1,3,[ 3.34995819 -3.68815547  4.0000835 ],cruising,[-0.82138112 -0.19970136 -0.21083176]
693.2076315879822,1001,False,4,1,[ 8.11805994 -7.47834367  1.4665552 ],queued,[-0.48080528  0.59740651 -0.20557775]
693.2076315879822,1002,False,4,0,[2.41177679 8.90221086 3.71404939],landing,[ 0.5677905  -0.59831228 -0.99408226]
693.2076315879822,1003,False,2,4,[-7.44942465 -1.12083353  1.28950877],waiting,[ 0.63925976  0.24903542 -0.34837281]
693.2076315879822,1004,False,5,6,[8.47844199 9.3609439  3.42304403],landing,[-0.62185191  0.08809385  0.93462812]
693.2076315879822,1005,False,3,5,[-8.55661826  7.60446505  3.70719699],landing,[ 0.50568378 -0.03156594 -0.11489306]
693.3187284469604,1000,False,1,3,[ 3.16464327 -3.61293327  4.00007097],cruising,[-0.82138112 -0.19970136 -0.21083176]
693.3187284469604,1001,False,4,1,[ 8.11805994 -7.47834367  1.5415552 ],queued,[-0.48080528  0.59740651 -0.20557775]
693.3187284469604,1002,False,4,0,[2.43158511 8.89401611 3.62089566],landing,[ 0.5677905  -0.59831228 -0.99408226]
693.3187284469604,1003,False,2,4,[-7.44942465 -1.12083353  1.28950877],waiting,[ 0.63925976  0.24903542 -0.34837281]
693.3187284469604,1004,False,5,6,[8.49742661 9.34780561 3.32574568],landing,[-0.62185191  0.08809385  0.93462812]
693.3187284469604,1005,False,3,5,[-8.54007731  7.61889864  3.61169931],landing,[ 0.50568378 -0.03156594 -0.11489306]
693.408465385437,1000,False,1,3,[ 2.97879885 -3.53902893  4.00006033],cruising,[-0.82138112 -0.19970136 -0.21083176]
693.408465385437,1001,False,4,1,[ 8.11805994 -7.47834367  1.6165552 ],queued,[-0.48080528  0.59740651 -0.20557775]
693.408465385437,1002,False,4,0,[2.45083364 8.88067334 3.52367702],landing,[ 0.5677905  -0.59831228 -0.99408226]
693.408465385437,1003,False,2,4,[-7.44942465 -1.12083353  1.28950877],queued,[ 0.63925976  0.24903542 -0.34837281]
693.408465385437,1004,False,5,6,[8.51641124 9.33466731 3.22844732],landing,[-0.62185191  0.08809385  0.93462812]
693.408465385437,1005,False,3,5,[-8.52168886  7.63187431  3.51426473],landing,[ 0.50568378 -0.03156594 -0.11489306]
693.5165066719055,1000,False,1,3,[ 2.79234195 -3.46668375  4.00005128],cruising,[-0.82138112 -0.19970136 -0.21083176]
693.5165066719055,1001,False,4,1,[ 8.11805994 -7.47834367  1.6915552 ],queued,[-0.48080528  0.59740651 -0.20557775]
693.5165066719055,1002,False,4,0,[2.47008217 8.86733057 3.42645838],landing,[ 0.5677905  -0.59831228 -0.99408226]
693.5165066719055,1003,False,2,4,[-7.44942465 -1.12083353  1.30950877],queued,[ 0.63925976  0.24903542 -0.34837281]
693.5165066719055,1004,False,5,6,[8.53539586 9.32152901 3.13114897],landing,[-0.62185191  0.08809385  0.93462812]
693.5165066719055,1005,False,3,5,[-8.50330041  7.64484997  3.41683015],landing,[ 0.50568378 -0.03156594 -0.11489306]
693.6082255840302,1000,False,1,3,[ 2.605391   -3.39562505  4.00004359],cruising,[-0.82138112 -0.19970136 -0.21083176]
693.6082255840302,1001,False,4,1,[ 8.11805994 -7.47834367  1.7665552 ],queued,[-0.48080528  0.59740651 -0.20557775]
693.6082255840302,1002,False,4,0,[2.4893307  8.85398779 3.32923974],landing,[ 0.5677905  -0.59831228 -0.99408226]
693.6082255840302,1003,False,2,4,[-7.44942465 -1.12083353  1.34950877],queued,[ 0.63925976  0.24903542 -0.34837281]
693.6082255840302,1004,False,5,6,[8.55438048 9.30839071 3.03385062],landing,[-0.62185191  0.08809385  0.93462812]
693.6082255840302,1005,False,3,5,[-8.48491197  7.65782564  3.31939558],landing,[ 0.50568378 -0.03156594 -0.11489306]
693.7142624855042,1000,False,1,3,[ 2.41764189 -3.32670281  4.00003705],cruising,[-0.82138112 -0.19970136 -0.21083176]
693.7142624855042,1001,False,4,1,[ 8.11805994 -7.47834367  1.8415552 ],queued,[-0.48080528  0.59740651 -0.20557775]
693.7142624855042,1002,False,4,0,[2.50857923 8.84064502 3.23202109],landing,[ 0.5677905  -0.59831228 -0.99408226]
693.7142624855042,1003,False,2,4,[-7.44942465 -1.12083353  1.40950877],queued,[ 0.63925976  0.24903542 -0.34837281]
693.7142624855042,1004,False,5,6,[8.57336511 9.29525242 2.93655227],landing,[-0.62185191  0.08809385  0.93462812]
693.7142624855042,1005,False,3,5,[-8.46652352  7.6708013   3.221961  ],landing,[ 0.50568378 -0.03156594 -0.11489306]
693.811351776123,1000,False,1,3,[ 2.2289516  -3.26040069  4.00003149],cruising,[-0.82138112 -0.19970136 -0.21083176]
693.811351776123,1001,False,4,1,[ 8.11805994 -7.47834367  1.9165552 ],queued,[-0.48080528  0.59740651 -0.20557775]
693.811351776123,1002,False,4,0,[2.52782776 8.82730224 3.13480245],landing,[ 0.5677905  -0.59831228 -0.99408226]
693.811351776123,1003,False,2,4,[-7.44942465 -1.12083353  1.48450877],queued,[ 0.63925976  0.24903542 -0.34837281]
693.811351776123,1004,False,5,6,[8.59234973 9.28211412 2.83925392],landing,[-0.62185191  0.08809385  0.93462812]
693.811351776123,1005,False,3,5,[-8.44813507  7.68377697  3.12452642],landing,[ 0.50568378 -0.03156594 -0.11489306]
693.9125435352325,1000,False,1,3,[ 2.03965678 -3.19584473  4.00002677],cruising,[-0.82138112 -0.19970136 -0.21083176]
693.9125435352325,1001,False,4,1,[ 8.11805994 -7.47834367  1.9915552 ],queued,[-0.48080528  0.59740651 -0.20557775]
693.9125435352325,1002,False,4,0,[2.54707629 8.81395947 3.03758381],landing,[ 0.5677905  -0.59831228 -0.99408226]
693.9125435352325,1003,False,2,4,[-7.44942465 -1.12083353  1.55950877],queued,[ 0.63925976  0.24903542 -0.34837281]
693.9125435352325,1004,False,5,6,[8.61133436 9.26897582 2.74195557],landing,[-0.62185191  0.08809385  0.93462812]
693.9125435352325,1005,False,3,5,[-8.42974663  7.69675263  3.02709184],landing,[ 0.50568378 -0.03156594 -0.11489306]
694.0152542591095,1000,False,1,3,[ 1.84908639 -3.13515759  4.00002275],cruising,[-0.82138112 -0.19970136 -0.21083176]
694.0152542591095,1001,False,4,1,[ 8.11805994 -7.47834367  2.0665552 ],queued,[-0.48080528  0.59740651 -0.20557775]
694.0152542591095,1002,False,4,0,[2.56632482 8.8006167  2.94036517],landing,[ 0.5677905  -0.59831228 -0.99408226]
694.0152542591095,1003,False,2,4,[-7.44942465 -1.12083353  1.63450877],queued,[ 0.63925976  0.24903542 -0.34837281]
694.0152542591095,1004,False,5,6,[8.63031898 9.25583753 2.64465721],landing,[-0.62185191  0.08809385  0.93462812]
694.0152542591095,1005,False,3,5,[-8.41135818  7.70972829  2.92965726],landing,[ 0.50568378 -0.03156594 -0.11489306]
694.1174676418304,1000,False,1,3,[ 1.65705644 -3.0792604   4.00001934],cruising,[-0.82138112 -0.19970136 -0.21083176]
694.1174676418304,1001,False,4,1,[ 8.11805994 -7.47834367  2.1415552 ],queued,[-0.48080528  0.59740651 -0.20557775]
694.1174676418304,1002,False,4,0,[2.58557335 8.78727392 2.84314652],landing,[ 0.5677905  -0.59831228 -0.99408226]
694.1174676418304,1003,False,2,4,[-7.44942465 -1.12083353  1.70950877],queued,[ 0.63925976  0.24903542 -0.34837281]
694.1174676418304,1004,False,5,6,[8.6493036  9.24269923 2.54735886],landing,[-0.62185191  0.08809385  0.93462812]
694.1174676418304,1005,False,3,5,[-8.39296973  7.72270396  2.83222268],landing,[ 0.50568378 -0.03156594 -0.11489306]
694.2140831947327,1000,False,1,3,[ 1.46337445 -3.0293877   4.00001644],cruising,[-0.82138112 -0.19970136 -0.21083176]
694.2140831947327,1001,False,4,1,[ 8.11805994 -7.47834367  2.2165552 ],queued,[-0.48080528  0.59740651 -0.20557775]
694.2140831947327,1002,False,4,0,[2.60482189 8.77393115 2.74592788],landing,[ 0.5677905  -0.59831228 -0.99408226]
694.2140831947327,1003,False,2,4,[-7.44942465 -1.12083353  1.78450877],queued,[ 0.63925976  0.24903542 -0.34837281]
694.2140831947327,1004,False,5,6,[8.66828823 9.22956093 2.45006051],landing,[-0.62185191  0.08809385  0.93462812]
694.2140831947327,1005,False,3,5,[-8.37458129  7.73567962  2.7347881 ],landing,[ 0.50568378 -0.03156594 -0.11489306]
694.3207323551178,1000,False,1,3,[ 1.26786748 -2.9872329   4.00001397],cruising,[-0.82138112 -0.19970136 -0.21083176]
694.3207323551178,1001,False,4,1,[ 8.11805994 -7.47834367  2.2915552 ],queued,[-0.48080528  0.59740651 -0.20557775]
694.3207323551178,1002,False,4,0,[2.62407042 8.76058837 2.64870924],landing,[ 0.5677905  -0.59831228 -0.99408226]
694.3207323551178,1003,False,2,4,[-7.44942465 -1.12083353  1.85950877],queued,[ 0.63925976  0.24903542 -0.34837281]
694.3207323551178,1004,False,5,6,[8.68727285 9.21642263 2.35276216],landing,[-0.62185191  0.08809385  0.93462812]
694.3207323551178,1005,False,3,5,[-8.35619284  7.74865529  2.63735352],landing,[ 0.50568378 -0.03156594 -0.11489306]
694.4114573001862,1000,False,1,3,[ 1.07045473 -2.95516726  4.00001188],cruising,[-0.82138112 -0.19970136 -0.21083176]
694.4114573001862,1001,False,4,1,[ 8.11805994 -7.47834367  2.3665552 ],queued,[-0.48080528  0.59740651 -0.20557775]
694.4114573001862,1002,False,4,0,[2.64331895 8.7472456  2.5514906 ],landing,[ 0.5677905  -0.59831228 -0.99408226]
694.4114573001862,1003,False,2,4,[-7.44942465 -1.12083353  1.93450877],queued,[ 0.63925976  0.24903542 -0.34837281]
694.4114573001862,1004,False,5,6,[8.70625747 9.20328434 2.25546381],landing,[-0.62185191  0.08809385  0.93462812]
694.4114573001862,1005,False,3,5,[-8.33780439  7.76163095  2.53991894],landing,[ 0.50568378 -0.03156594 -0.11489306]
694.5111696720123,1000,False,1,3,[ 0.87086492 -2.94298277  4.00001008],cruising,[-0.82138112 -0.19970136 -0.21083176]
694.5111696720123,1001,False,4,1,[ 8.11805994 -7.47834367  2.4415552 ],entering,[-0.48080528  0.59740651 -0.20557775]
694.5111696720123,1002,False,4,0,[2.66256748 8.73390283 2.45427195],landing,[ 0.5677905  -0.59831228 -0.99408226]
694.5111696720123,1003,False,2,4,[-7.44942465 -1.12083353  2.00950877],queued,[ 0.63925976  0.24903542 -0.34837281]
694.5111696720123,1004,False,5,6,[8.7252421  9.19014604 2.15816546],landing,[-0.62185191  0.08809385  0.93462812]
694.5111696720123,1005,False,3,5,[-8.31941595  7.77460662  2.44248437],landing,[ 0.50568378 -0.03156594 -0.11489306]
694.6086475849152,1000,False,1,3,[ 0.67086647 -2.94219408  4.00000857],cruising,[-0.82138112 -0.19970136 -0.21083176]
694.6086475849152,1001,False,4,1,[ 8.10656968 -7.46197376  2.5165552 ],entering,[-0.48080528  0.59740651 -0.20557775]
694.6086475849152,1002,False,4,0,[2.68181601 8.72056005 2.35705331],landing,[ 0.5677905  -0.59831228 -0.99408226]
694.6086475849152,1003,False,2,4,[-7.44942465 -1.12083353  2.08450877],queued,[ 0.63925976  0.24903542 -0.34837281]
694.6086475849152,1004,False,5,6,[8.74422672 9.17700774 2.0608671 ],landing,[-0.62185191  0.08809385  0.93462812]
694.6086475849152,1005,False,3,5,[-8.3010275   7.78758228  2.34504979],landing,[ 0.50568378 -0.03156594 -0.11489306]
694.7153964042664,1000,False,1,3,[ 0.47141597 -2.95700949  4.00000729],cruising,[-0.82138112 -0.19970136 -0.21083176]
694.7153964042664,1001,False,4,1,[ 8.08358916 -7.42923394  2.5915552 ],entering,[-0.48080528  0.59740651 -0.20557775]
694.7153964042664,1002,False,4,0,[2.70106454 8.70721728 2.25983467],landing,[ 0.5677905  -0.59831228 -0.99408226]
694.7153964042664,1003,False,2,4,[-7.44942465 -1.12083353  2.15950877],entering,[ 0.63925976  0.24903542 -0.34837281]
694.7153964042664,1004,False,5,6,[8.76321134 9.16386945 1.96356875],landing,[-0.62185191  0.08809385  0.93462812]
694.7153964042664,1005,False,3,5,[-8.28263905  7.80055795  2.24761521],landing,[ 0.50568378 -0.03156594 -0.11489306]
694.8085973262787,1000,False,1,3,[ 0.27363736 -2.98673527  4.00000619],cruising,[-0.82138112 -0.19970136 -0.21083176]
694.8085973262787,1001,False,4,1,[ 8.04911838 -7.38012421  2.6665552 ],entering,[-0.48080528  0.59740651 -0.20557775]
694.8085973262787,1002,False,4,0,[2.72031307 8.69387451 2.16261603],landing,[ 0.5677905  -0.59831228 -0.99408226]
694.8085973262787,1003,False,2,4,[-7.43634509 -1.10570326  2.23450877],entering,[ 0.63925976  0.24903542 -0.34837281]
694.8085973262787,1004,False,5,6,[8.78219597 9.15073115 1.8662704 ],landing,[-0.62185191  0.08809385  0.93462812]
694.8085973262787,1005,False,3,5,[-8.26425061  7.81353361  2.15018063],landing,[ 0.50568378 -0.03156594 -0.11489306]
694.9187390804291,1000,False,1,3,[ 0.07947303 -3.03469579  4.00000526],cruising,[-0.82138112 -0.19970136 -0.21083176]
694.9187390804291,1001,False,4,1,[ 8.00315734 -7.31464458  2.7415552 ],entering,[-0.48080528  0.59740651 -0.20557775]
694.9187390804291,1002,False,4,0,[2.7395616  8.68053173 2.06539738],landing,[ 0.5677905  -0.59831228 -0.99408226]
694.9187390804291,1003,False,2,4,[-7.41020089 -1.07542984  2.30950877],entering,[ 0.63925976  0.24903542 -0.34837281]
694.9187390804291,1004,False,5,6,[8.80118059 9.13759285 1.76897205],landing,[-0.62185191  0.08809385  0.93462812]
694.9187390804291,1005,False,3,5,[-8.24586216  7.82650928  2.05274605],landing,[ 0.50568378 -0.03156594 -0.11489306]
695.0100331306458,1000,False,1,3,[-0.1114651  -3.09421582  4.00000447],exiting,[-0.82138112 -0.19970136 -0.21083176]
695.0100331306458,1001,False,4,1,[ 7.94570604 -7.23279503  2.8165552 ],entering,[-0.48080528  0.59740651 -0.20557775]
695.0100331306458,1002,False,4,0,[2.75881013 8.66718896 1.96817874],landing,[ 0.5677905  -0.59831228 -0.99408226]
695.0100331306458,1003,False,2,4,[-7.37102507 -1.02998482  2.38450877],entering,[ 0.63925976  0.24903542 -0.34837281]
695.0100331306458,1004,False,5,6,[8.82016521 9.12445455 1.6716737 ],landing,[-0.62185191  0.08809385  0.93462812]
695.0100331306458,1005,False,3,5,[-8.22747371  7.83948494  1.95531147],landing,[ 0.50568378 -0.03156594 -0.11489306]
695.1170070171356,1000,False,1,3,[-0.28285059 -3.15794235  4.00000369],exiting,[-0.82138112 -0.19970136 -0.21083176]
695.1170070171356,1001,False,4,1,[ 7.87676448 -7.13457557  2.8915552 ],entering,[-0.48080528  0.59740651 -0.20557775]
695.1170070171356,1002,False,4,0,[2.77805866 8.65384618 1.8709601 ],landing,[ 0.5677905  -0.59831228 -0.99408226]
695.1170070171356,1003,False,2,4,[-7.31888072 -0.96931427  2.45950877],entering,[ 0.63925976  0.24903542 -0.34837281]
695.1170070171356,1004,False,5,6,[8.83914984 9.11131626 1.57437535],landing,[-0.62185191  0.08809385  0.93462812]
695.1170070171356,1005,False,3,5,[-8.20908527  7.8524606   1.85787689],landing,[ 0.50568378 -0.03156594 -0.11489306]
695.2181379795074,1000,False,1,3,[-0.43467058 -3.22581509  4.00000291],exiting,[-0.82138112 -0.19970136 -0.21083176]
695.2181379795074,1001,False,4,1,[ 7.79639325 -7.01994385  2.9665552 ],entering,[-0.48080528  0.59740651 -0.20557775]
695.2181379795074,1002,False,4,0,[2.7973072  8.64050341 1.77374146],landing,[ 0.5677905  -0.59831228 -0.99408226]
695.2181379795074,1003,False,2,4,[-7.2538915  -0.8933137   2.53450877],entering,[ 0.63925976  0.24903542 -0.34837281]
695.2181379795074,1004,False,5,6,[8.85813446 9.09817796 1.477077  ],fake_landed,[-0.62185191  0.08809385  0.93462812]
695.2181379795074,1005,False,3,5,[-8.19069682  7.86543627  1.76044231],landing,[ 0.50568378 -0.03156594 -0.11489306]
695.3168828487396,1000,False,1,3,[-0.56690946 -3.29775972  4.00000217],exiting,[-0.82138112 -0.19970136 -0.21083176]
695.3168828487396,1001,False,4,1,[ 7.70378832 -6.8894901   3.0415552 ],entering,[-0.48080528  0.59740651 -0.20557775]
695.3168828487396,1002,False,4,0,[2.81655573 8.62716064 1.67652281],landing,[ 0.5677905  -0.59831228 -0.99408226]
695.3168828487396,1003,False,2,4,[-7.17637525 -0.80172232  2.60950877],entering,[ 0.63925976  0.24903542 -0.34837281]
695.3168828487396,1004,False,5,6,[8.87332216 9.08766732 1.39923831],fake_landed,[-0.62185191  0.08809385  0.93462812]
695.3168828487396,1005,False,3,5,[-8.17230837  7.87841193  1.66300773],landing,[ 0.50568378 -0.03156594 -0.11489306]
695.4208908081055,1000,False,1,3,[-0.67954812 -3.37368322  4.00000147],exiting,[-0.82138112 -0.19970136 -0.21083176]
695.4208908081055,1001,False,4,1,[ 7.59830111 -6.74373775  3.1165552 ],entering,[-0.48080528  0.59740651 -0.20557775]
695.4208908081055,1002,False,4,0,[2.83580426 8.61381786 1.57930417],landing,[ 0.5677905  -0.59831228 -0.99408226]
695.4208908081055,1003,False,2,4,[-7.08665638 -0.69428492  2.68450877],entering,[ 0.63925976  0.24903542 -0.34837281]
695.4208908081055,1004,False,5,6,[8.88471293 9.07978434 1.3408593 ],fake_landed,[-0.62185191  0.08809385  0.93462812]
695.4208908081055,1005,False,3,5,[-8.15391993  7.8913876   1.56557316],landing,[ 0.50568378 -0.03156594 -0.11489306]
695.5083408355713,1000,False,1,3,[-0.77256205 -3.45346283  4.00000083],exiting,[-0.82138112 -0.19970136 -0.21083176]
695.5083408355713,1001,False,4,1,[ 7.47985159 -6.58275456  3.1915552 ],entering,[-0.48080528  0.59740651 -0.20557775]
695.5083408355713,1002,False,4,0,[2.85505279 8.60047509 1.48208553],fake_landed,[ 0.5677905  -0.59831228 -0.99408226]
695.5083408355713,1003,False,2,4,[-6.98528429 -0.57059323  2.75950877],entering,[ 0.63925976  0.24903542 -0.34837281]
695.5083408355713,1004,False,5,6,[8.89230678 9.07452902 1.30193996],fake_landed,[-0.62185191  0.08809385  0.93462812]
695.5083408355713,1005,False,3,5,[-8.13553148  7.90436326  1.46813858],fake_landed,[ 0.50568378 -0.03156594 -0.11489306]
695.6130499839783,1000,False,1,3,[-0.84591691 -3.53691958  4.00000029],exiting,[-0.82138112 -0.19970136 -0.21083176]
695.6130499839783,1001,False,4,1,[ 7.3607807  -6.42206193  3.2665552 ],entering,[-0.48080528  0.59740651 -0.20557775]
695.6130499839783,1002,False,4,0,[2.87045161 8.58980087 1.40431061],fake_landed,[ 0.5677905  -0.59831228 -0.99408226]
695.6130499839783,1003,False,2,4,[-6.87343514 -0.42986535  2.83450877],entering,[ 0.63925976  0.24903542 -0.34837281]
695.6130499839783,1004,False,5,6,[8.89610371 9.07190137 1.28248029],fake_landed,[-0.62185191  0.08809385  0.93462812]
695.6130499839783,1005,False,3,5,[-8.12082072  7.91474379  1.39019091],fake_landed,[ 0.50568378 -0.03156594 -0.11489306]
695.721776008606,1000,False,1,3,[-0.89958935 -3.62392627  3.99999985],exiting,[-0.82138112 -0.19970136 -0.21083176]
695.721776008606,1001,False,4,1,[ 7.23822431 -6.26401152  3.3415552 ],entering,[-0.48080528  0.59740651 -0.20557775]
695.721776008606,1002,False,4,0,[2.88200073 8.5817952  1.34597943],fake_landed,[ 0.5677905  -0.59831228 -0.99408226]
695.721776008606,1003,False,2,4,[-6.7537622  -0.27073127  2.90950877],entering,[ 0.63925976  0.24903542 -0.34837281]
695.721776008606,1004,False,6,2,[8.89610371 9.07190137 1.28248029],waiting,[-0.62185191  0.08809385  0.93462812]
695.721776008606,1005,False,3,5,[-8.10978766  7.92252919  1.33173017],fake_landed,[ 0.50568378 -0.03156594 -0.11489306]
695.8103351593018,1000,False,1,3,[-0.93355579 -3.71434965  3.99999955],exiting,[-0.82138112 -0.19970136 -0.21083176]
695.8103351593018,1001,False,4,1,[ 7.11648531 -6.10533066  3.4165552 ],entering,[-0.48080528  0.59740651 -0.20557775]
695.8103351593018,1002,False,4,0,[2.88970015 8.5764581  1.30709197],fake_landed,[ 0.5677905  -0.59831228 -0.99408226]
695.8103351593018,1003,False,2,4,[-6.63699801 -0.10835479  2.98450877],entering,[ 0.63925976  0.24903542 -0.34837281]
695.8103351593018,1004,False,6,2,[8.89610371 9.07190137 1.28248029],waiting,[-0.62185191  0.08809385  0.93462812]
695.8103351593018,1005,False,3,5,[-8.10243228  7.92771946  1.29275633],fake_landed,[ 0.50568378 -0.03156594 -0.11489306]
695.9100704193115,1000,False,1,3,[-0.94779277 -3.80805148  3.9999994 ],exiting,[-0.82138112 -0.19970136 -0.21083176]
695.9100704193115,1001,False,4,1,[ 6.98945596 -5.95085236  3.4915552 ],entering,[-0.48080528  0.59740651 -0.20557775]
695.9100704193115,1002,False,4,0,[2.89354985 8.57378954 1.28764824],fake_landed,[ 0.5677905  -0.59831228 -0.99408226]
695.9100704193115,1003,False,2,4,[-6.52376898  0.05650632  3.05950877],entering,[ 0.63925976  0.24903542 -0.34837281]
695.9100704193115,1004,False,6,2,[8.89610371 9.07190137 1.28248029],waiting,[-0.62185191  0.08809385  0.93462812]
695.9100704193115,1005,False,3,5,[-8.09875459  7.93031459  1.27326942],fake_landed,[ 0.50568378 -0.03156594 -0.11489306]
696.014634847641,1000,False,1,3,[-0.94227721 -3.9048898   3.99999941],exiting,[-0.82138112 -0.19970136 -0.21083176]
696.014634847641,1001,False,4,1,[ 6.86104818 -5.79751795  3.5665552 ],entering,[-0.48080528  0.59740651 -0.20557775]
696.014634847641,1002,False,0,6,[2.89354985 8.57378954 1.28764824],waiting,[ 0.5677905  -0.59831228 -0.99408226]
696.014634847641,1003,False,2,4,[-6.41469116  0.22414293  3.13450877],entering,[ 0.63925976  0.24903542 -0.34837281]
696.014634847641,1004,False,6,2,[8.89610371 9.07190137 1.28248029],waiting,[-0.62185191  0.08809385  0.93462812]
696.014634847641,1005,False,5,0,[-8.09875459  7.93031459  1.27326942],waiting,[ 0.50568378 -0.03156594 -0.11489306]
696.1198346614838,1000,False,1,3,[-0.92537491 -4.00345101  3.99999952],exiting,[-0.82138112 -0.19970136 -0.21083176]
696.1198346614838,1001,False,4,1,[ 6.73099486 -5.64557673  3.63157192],entering,[-0.48080528  0.59740651 -0.20557775]
696.1198346614838,1002,False,0,6,[2.89354985 8.57378954 1.28764824],waiting,[ 0.5677905  -0.59831228 -0.99408226]
696.1198346614838,1003,False,2,4,[-6.31030344  0.39473954  3.20950877],entering,[ 0.63925976  0.24903542 -0.34837281]
696.1198346614838,1004,False,6,2,[8.89610371 9.07190137 1.28248029],waiting,[-0.62185191  0.08809385  0.93462812]
696.1198346614838,1005,False,5,0,[-8.09875459  7.93031459  1.27326942],waiting,[ 0.50568378 -0.03156594 -0.11489306]
696.2216453552246,1000,False,1,3,[-0.90847261 -4.10201222  3.9999996 ],exiting,[-0.82138112 -0.19970136 -0.21083176]
696.2216453552246,1001,False,4,1,[ 6.59424648 -5.49963195  3.68683613],entering,[-0.48080528  0.59740651 -0.20557775]
696.2216453552246,1002,False,0,6,[2.89354985 8.57378954 1.28764824],waiting,[ 0.5677905  -0.59831228 -0.99408226]
696.2216453552246,1003,False,2,4,[-6.2113092   0.56852141  3.28450877],entering,[ 0.63925976  0.24903542 -0.34837281]
696.2216453552246,1004,False,6,2,[8.89610371 9.07190137 1.28248029],waiting,[-0.62185191  0.08809385  0.93462812]
696.2216453552246,1005,False,5,0,[-8.09875459  7.93031459  1.27326942],waiting,[ 0.50568378 -0.03156594 -0.11489306]
696.3137066364288,1000,False,1,3,[-0.89157031 -4.20057343  3.99999967],exiting,[-0.82138112 -0.19970136 -0.21083176]
696.3137066364288,1001,False,4,1,[ 6.45274232 -5.35829344  3.73381071],entering,[-0.48080528  0.59740651 -0.20557775]
696.3137066364288,1002,False,0,6,[2.89354985 8.57378954 1.28764824],waiting,[ 0.5677905  -0.59831228 -0.99408226]
696.3137066364288,1003,False,2,4,[-6.1185413   0.74570526  3.35950877],entering,[ 0.63925976  0.24903542 -0.34837281]
696.3137066364288,1004,False,6,2,[8.89610371 9.07190137 1.28248029],waiting,[-0.62185191  0.08809385  0.93462812]
696.3137066364288,1005,False,5,0,[-8.09875459  7.93031459  1.27326942],waiting,[ 0.50568378 -0.03156594 -0.11489306]
696.422976732254,1000,False,1,3,[-0.874668   -4.29913464  3.99999973],exiting,[-0.82138112 -0.19970136 -0.21083176]
696.422976732254,1001,False,4,1,[ 6.3086114  -5.21963458  3.7737391 ],entering,[-0.48080528  0.59740651 -0.20557775]
696.422976732254,1002,False,0,6,[2.89354985 8.57378954 1.28764824],waiting,[ 0.5677905  -0.59831228 -0.99408226]
696.422976732254,1003,False,2,4,[-6.03296886  0.92647405  3.43450877],entering,[ 0.63925976  0.24903542 -0.34837281]
696.422976732254,1004,False,6,2,[8.89610371 9.07190137 1.28248029],waiting,[-0.62185191  0.08809385  0.93462812]
696.422976732254,1005,False,5,0,[-8.09875459  7.93031459  1.27326942],waiting,[ 0.50568378 -0.03156594 -0.11489306]
696.5087304115295,1000,False,1,3,[-0.8577657  -4.39769585  3.99999978],exiting,[-0.82138112 -0.19970136 -0.21083176]
696.5087304115295,1001,False,4,1,[ 6.15759319 -5.0885106   3.80767824],entering,[-0.48080528  0.59740651 -0.20557775]
696.5087304115295,1002,False,0,6,[2.89354985 8.57378954 1.28764824],waiting,[ 0.5677905  -0.59831228 -0.99408226]
696.5087304115295,1003,False,2,4,[-5.95574775  1.11096498  3.50950877],entering,[ 0.63925976  0.24903542 -0.34837281]
696.5087304115295,1004,False,6,2,[8.89610371 9.07190137 1.28248029],waiting,[-0.62185191  0.08809385  0.93462812]
696.5087304115295,1005,False,5,0,[-8.09875459  7.93031459  1.27326942],waiting,[ 0.50568378 -0.03156594 -0.11489306]
696.6088652610779,1000,False,1,3,[-0.8408634  -4.49625706  3.99999982],exiting,[-0.82138112 -0.19970136 -0.21083176]
696.6088652610779,1001,False,4,1,[ 5.99958533 -4.96589935  3.8365265 ],cruising,[-0.48080528  0.59740651 -0.20557775]
696.6088652610779,1002,False,0,6,[2.89354985 8.57378954 1.28764824],waiting,[ 0.5677905  -0.59831228 -0.99408226]
696.6088652610779,1003,False,2,4,[-5.88822637  1.29922242  3.58308245],entering,[ 0.63925976  0.24903542 -0.34837281]
696.6088652610779,1004,False,6,2,[8.89610371 9.07190137 1.28248029],waiting,[-0.62185191  0.08809385  0.93462812]
696.6088652610779,1005,False,5,0,[-8.09875459  7.93031459  1.27326942],waiting,[ 0.50568378 -0.03156594 -0.11489306]
696.7095651626587,1000,False,1,3,[-0.8239611  -4.59481827  3.99999985],exiting,[-0.82138112 -0.19970136 -0.21083176]
696.7095651626587,1001,False,4,1,[ 5.83788078 -4.84820637  3.86104753],cruising,[-0.48080528  0.59740651 -0.20557775]
696.7095651626587,1002,False,0,6,[2.89354985 8.57378954 1.28764824],waiting,[ 0.5677905  -0.59831228 -0.99408226]
696.7095651626587,1003,False,2,4,[-5.83192081  1.49113303  3.64562009],entering,[ 0.63925976  0.24903542 -0.34837281]
696.7095651626587,1004,False,6,2,[8.89610371 9.07190137 1.28248029],waiting,[-0.62185191  0.08809385  0.93462812]
696.7095651626587,1005,False,5,0,[-8.09875459  7.93031459  1.27326942],waiting,[ 0.50568378 -0.03156594 -0.11489306]
696.8202664852142,1000,False,1,3,[-0.80705879 -4.69337948  3.99999988],exiting,[-0.82138112 -0.19970136 -0.21083176]
696.8202664852142,1001,False,4,1,[ 5.6698387  -4.73975427  3.8818904 ],cruising,[-0.48080528  0.59740651 -0.20557775]
696.8202664852142,1002,False,0,6,[2.89354985 8.57378954 1.28764824],waiting,[ 0.5677905  -0.59831228 -0.99408226]
696.8202664852142,1003,False,2,4,[-5.78843577  1.68634843  3.69877707],entering,[ 0.63925976  0.24903542 -0.34837281]
696.8202664852142,1004,False,6,2,[8.89610371 9.07190137 1.28248029],queued,[-0.62185191  0.08809385  0.93462812]
696.8202664852142,1005,False,5,0,[-8.09875459  7.93031459  1.27326942],waiting,[ 0.50568378 -0.03156594 -0.11489306]
696.9082090854645,1000,False,1,3,[-0.79015649 -4.79194069  3.9999999 ],exiting,[-0.82138112 -0.19970136 -0.21083176]
696.9082090854645,1001,False,4,1,[ 5.49858016 -4.63645609  3.89960684],cruising,[-0.48080528  0.59740651 -0.20557775]
696.9082090854645,1002,False,0,6,[2.89354985 8.57378954 1.28764824],waiting,[ 0.5677905  -0.59831228 -0.99408226]
696.9082090854645,1003,False,2,4,[-5.75930678  1.88421581  3.74396051],entering,[ 0.63925976  0.24903542 -0.34837281]
696.9082090854645,1004,False,6,2,[8.89610371 9.07190137 1.30248029],queued,[-0.62185191  0.08809385  0.93462812]
696.9082090854645,1005,False,5,0,[-8.09875459  7.93031459  1.27326942],waiting,[ 0.50568378 -0.03156594 -0.11489306]
697.0204174518585,1000,False,1,3,[-0.77325419 -4.8905019   3.99999992],exiting,[-0.82138112 -0.19970136 -0.21083176]
697.0204174518585,1001,False,4,1,[ 5.32288743 -4.54089426  3.91466581],cruising,[-0.48080528  0.59740651 -0.20557775]
697.0204174518585,1002,False,0,6,[2.89354985 8.57378954 1.28764824],waiting,[ 0.5677905  -0.59831228 -0.99408226]
697.0204174518585,1003,False,2,4,[-5.74575842  2.08375639  3.78236644],entering,[ 0.63925976  0.24903542 -0.34837281]
697.0204174518585,1004,False,6,2,[8.89610371 9.07190137 1.34248029],queued,[-0.62185191  0.08809385  0.93462812]
697.0204174518585,1005,False,5,0,[-8.09875459  7.93031459  1.27326942],waiting,[ 0.50568378 -0.03156594 -0.11489306]
697.1105282306671,1000,False,1,3,[-0.75635189 -4.98906311  3.99999993],exiting,[-0.82138112 -0.19970136 -0.21083176]
697.1105282306671,1001,False,4,1,[ 5.1452355  -4.44902593  3.92746594],cruising,[-0.48080528  0.59740651 -0.20557775]
697.1105282306671,1002,False,0,6,[2.89354985 8.57378954 1.28764824],waiting,[ 0.5677905  -0.59831228 -0.99408226]
697.1105282306671,1003,False,2,4,[-5.74756563  2.28374823  3.81501147],entering,[ 0.63925976  0.24903542 -0.34837281]
697.1105282306671,1004,False,6,2,[8.89610371 9.07190137 1.40248029],queued,[-0.62185191  0.08809385  0.93462812]
697.1105282306671,1005,False,5,0,[-8.09875459  7.93031459  1.27326942],waiting,[ 0.50568378 -0.03156594 -0.11489306]
697.2080144882202,1000,False,1,3,[-0.73944958 -5.08762432  3.99999994],exiting,[-0.82138112 -0.19970136 -0.21083176]
697.2080144882202,1001,False,4,1,[ 4.96487413 -4.36259806  3.93834605],cruising,[-0.48080528  0.59740651 -0.20557775]
697.2080144882202,1002,False,0,6,[2.89354985 8.57378954 1.28764824],waiting,[ 0.5677905  -0.59831228 -0.99408226]
697.2080144882202,1003,False,2,4,[-5.76537534  2.48295368  3.84275975],cruising,[ 0.63925976  0.24903542 -0.34837281]
697.2080144882202,1004,False,6,2,[8.89610371 9.07190137 1.47748029],queued,[-0.62185191  0.08809385  0.93462812]
697.2080144882202,1005,False,5,0,[-8.09875459  7.93031459  1.27326942],waiting,[ 0.50568378 -0.03156594 -0.11489306]
697.321168422699,1000,False,1,3,[-0.72254728 -5.18618553  3.99999996],exiting,[-0.82138112 -0.19970136 -0.21083176]
697.321168422699,1001,False,4,1,[ 4.78353639 -4.27823797  3.94759414],cruising,[-0.48080528  0.59740651 -0.20557775]
697.321168422699,1002,False,0,6,[2.89354985 8.57378954 1.28764824],waiting,[ 0.5677905  -0.59831228 -0.99408226]
697.321168422699,1003,False,2,4,[-5.79698804  2.68043947  3.86634579],cruising,[ 0.63925976  0.24903542 -0.34837281]
697.321168422699,1004,False,6,2,[8.89610371 9.07190137 1.55248029],entering,[-0.62185191  0.08809385  0.93462812]
697.321168422699,1005,False,5,0,[-8.09875459  7.93031459  1.27326942],waiting,[ 0.50568378 -0.03156594 -0.11489306]
697.4173822402954,1000,False,1,3,[-0.70564498 -5.28474674  3.99999996],exiting,[-0.82138112 -0.19970136 -0.21083176]
697.4173822402954,1001,False,4,1,[ 4.60133699 -4.19575538  3.95545502],cruising,[-0.48080528  0.59740651 -0.20557775]
697.4173822402954,1002,False,0,6,[2.89354985 8.57378954 1.28764824],waiting,[ 0.5677905  -0.59831228 -0.99408226]
697.4173822402954,1003,False,2,4,[-5.84183168  2.87534727  3.88639392],cruising,[ 0.63925976  0.24903542 -0.34837281]
697.4173822402954,1004,False,6,2,[8.89187608 9.05235329 1.62748029],entering,[-0.62185191  0.08809385  0.93462812]
697.4173822402954,1005,False,5,0,[-8.09875459  7.93031459  1.27326942],waiting,[ 0.50568378 -0.03156594 -0.11489306]
697.5225763320923,1000,False,1,3,[-0.68874267 -5.38330795  3.99999997],exiting,[-0.82138112 -0.19970136 -0.21083176]
697.5225763320923,1001,False,4,1,[ 4.41784889 -4.11618077  3.96213677],cruising,[-0.48080528  0.59740651 -0.20557775]
697.5225763320923,1002,False,0,6,[2.89354985 8.57378954 1.28764824],queued,[ 0.5677905  -0.59831228 -0.99408226]
697.5225763320923,1003,False,2,4,[-5.89621395  3.06781173  3.90343483],cruising,[ 0.63925976  0.24903542 -0.34837281]
697.5225763320923,1004,False,6,2,[8.88342083 9.01325715 1.70248029],entering,[-0.62185191  0.08809385  0.93462812]
697.5225763320923,1005,False,5,0,[-8.09875459  7.93031459  1.27326942],waiting,[ 0.50568378 -0.03156594 -0.11489306]
697.6075406074524,1000,False,1,3,[-0.67184037 -5.48186916  3.99999998],exiting,[-0.82138112 -0.19970136 -0.21083176]
697.6075406074524,1001,False,4,1,[ 4.23396523 -4.03752455  3.96781625],cruising,[-0.48080528  0.59740651 -0.20557775]
697.6075406074524,1002,False,0,6,[2.89354985 8.57378954 1.30764824],queued,[ 0.5677905  -0.59831228 -0.99408226]
697.6075406074524,1003,False,2,4,[-5.95769674  3.2581269   3.91791961],cruising,[ 0.63925976  0.24903542 -0.34837281]
697.6075406074524,1004,False,6,2,[8.87073795 8.95461293 1.77748029],entering,[-0.62185191  0.08809385  0.93462812]
697.6075406074524,1005,False,5,0,[-8.09875459  7.93031459  1.27326942],waiting,[ 0.50568378 -0.03156594 -0.11489306]
697.7109916210175,1000,False,1,3,[-0.65493807 -5.58043037  3.99999998],exiting,[-0.82138112 -0.19970136 -0.21083176]
697.7109916210175,1001,False,4,1,[ 4.04932303 -3.96066586  3.97264381],cruising,[-0.48080528  0.59740651 -0.20557775]
697.7109916210175,1002,False,0,6,[2.89354985 8.57378954 1.34764824],queued,[ 0.5677905  -0.59831228 -0.99408226]
697.7109916210175,1003,False,2,4,[-6.02389016  3.44685536  3.93023167],cruising,[ 0.63925976  0.24903542 -0.34837281]
697.7109916210175,1004,False,6,2,[8.85382744 8.87642063 1.85248029],entering,[-0.62185191  0.08809385  0.93462812]
697.7109916210175,1005,False,5,0,[-8.09875459  7.93031459  1.27326942],waiting,[ 0.50568378 -0.03156594 -0.11489306]
697.8088502883911,1000,False,1,3,[-0.63803577 -5.67899158  3.99999998],exiting,[-0.82138112 -0.19970136 -0.21083176]
697.8088502883911,1001,False,4,1,[ 3.8644718  -3.88431129  3.97674724],cruising,[-0.48080528  0.59740651 -0.20557775]
697.8088502883911,1002,False,0,6,[2.89354985 8.57378954 1.40764824],queued,[ 0.5677905  -0.59831228 -0.99408226]
697.8088502883911,1003,False,2,4,[-6.0925193   3.6347118   3.94069692],cruising,[ 0.63925976  0.24903542 -0.34837281]
697.8088502883911,1004,False,6,2,[8.83269203 8.77867968 1.92748029],entering,[-0.62185191  0.08809385  0.93462812]
697.8088502883911,1005,False,5,0,[-8.09875459  7.93031459  1.27326942],waiting,[ 0.50568378 -0.03156594 -0.11489306]
697.9078602790833,1000,False,1,3,[-0.62113346 -5.77755279  3.99999999],exiting,[-0.82138112 -0.19970136 -0.21083176]
697.9078602790833,1001,False,4,1,[ 3.67913683 -3.80913848  3.98023516],cruising,[-0.48080528  0.59740651 -0.20557775]
697.9078602790833,1002,False,0,6,[2.89354985 8.57378954 1.48264824],queued,[ 0.5677905  -0.59831228 -0.99408226]
697.9078602790833,1003,False,2,4,[-6.16140838  3.82247307  3.94959238],cruising,[ 0.63925976  0.24903542 -0.34837281]
697.9078602790833,1004,False,6,2,[8.80748912 8.6613567  2.00248029],entering,[-0.62185191  0.08809385  0.93462812]
697.9078602790833,1005,False,5,0,[-8.09875459  7.93031459  1.27326942],waiting,[ 0.50568378 -0.03156594 -0.11489306]
698.0077159404755,1000,False,1,3,[-0.60423116 -5.876114    3.99999999],exiting,[-0.82138112 -0.19970136 -0.21083176]
698.0077159404755,1001,False,4,1,[ 3.49360798 -3.73444548  3.98319988],cruising,[-0.48080528  0.59740651 -0.20557775]
698.0077159404755,1002,False,0,6,[2.89354985 8.57378954 1.55764824],queued,[ 0.5677905  -0.59831228 -0.99408226]
698.0077159404755,1003,False,2,4,[-6.22841002  4.01091611  3.95715352],cruising,[ 0.63925976  0.24903542 -0.34837281]
698.0077159404755,1004,False,6,2,[8.77846412 8.52440234 2.07748029],entering,[-0.62185191  0.08809385  0.93462812]
698.0077159404755,1005,False,5,0,[-8.09875459  7.93031459  1.27326942],waiting,[ 0.50568378 -0.03156594 -0.11489306]
698.111822605133,1000,False,1,3,[-0.58732886 -5.97467521  3.99999999],exiting,[-0.82138112 -0.19970136 -0.21083176]
698.111822605133,1001,False,4,1,[ 3.30771657 -3.66065942  3.9857199 ],cruising,[-0.48080528  0.59740651 -0.20557775]
698.111822605133,1002,False,0,6,[2.89354985 8.57378954 1.63264824],queued,[ 0.5677905  -0.59831228 -0.99408226]
698.111822605133,1003,False,2,4,[-6.29129868  4.20077136  3.96358049],cruising,[ 0.63925976  0.24903542 -0.34837281]
698.111822605133,1004,False,6,2,[8.74602059 8.36774229 2.15248029],entering,[-0.62185191  0.08809385  0.93462812]
698.111822605133,1005,False,5,0,[-8.09875459  7.93031459  1.27326942],waiting,[ 0.50568378 -0.03156594 -0.11489306]
698.207572221756,1000,False,1,3,[-0.57042656 -6.07323642  3.99999999],exiting,[-0.82138112 -0.19970136 -0.21083176]
698.207572221756,1001,False,4,1,[ 3.12153442 -3.58761007  3.98786192],cruising,[-0.48080528  0.59740651 -0.20557775]
698.207572221756,1002,False,0,6,[2.89354985 8.57378954 1.70764824],queued,[ 0.5677905  -0.59831228 -0.99408226]
698.207572221756,1003,False,2,4,[-6.34763678  4.39267243  3.96904342],cruising,[ 0.63925976  0.24903542 -0.34837281]
698.207572221756,1004,False,6,2,[8.71050924 8.19131894 2.22748029],entering,[-0.62185191  0.08809385  0.93462812]
698.207572221756,1005,False,5,0,[-8.09875459  7.93031459  1.27326942],waiting,[ 0.50568378 -0.03156594 -0.11489306]
698.308840751648,1000,False,1,3,[-0.55352425 -6.17179763  3.99999999],exiting,[-0.82138112 -0.19970136 -0.21083176]
698.308840751648,1001,False,4,1,[ 2.93501299 -3.51543141  3.98968263],cruising,[-0.48080528  0.59740651 -0.20557775]
698.308840751648,1002,False,0,6,[2.89354985 8.57378954 1.78264824],queued,[ 0.5677905  -0.59831228 -0.99408226]
698.308840751648,1003,False,2,4,[-6.38837733  4.58847898  3.97368691],cruising,[ 0.63925976  0.24903542 -0.34837281]
698.308840751648,1004,False,6,2,[8.67196778 7.99512645 2.30248029],entering,[-0.62185191  0.08809385  0.93462812]
698.308840751648,1005,False,5,0,[-8.09875459  7.93031459  1.27326942],waiting,[ 0.50568378 -0.03156594 -0.11489306]
698.4086172580719,1000,False,1,3,[-0.53662195 -6.27035884  4.        ],exiting,[-0.82138112 -0.19970136 -0.21083176]
698.4086172580719,1001,False,4,1,[ 2.74802043 -3.44448228  3.99123023],cruising,[-0.48080528  0.59740651 -0.20557775]
698.4086172580719,1002,False,0,6,[2.89354985 8.57378954 1.85764824],queued,[ 0.5677905  -0.59831228 -0.99408226]
698.4086172580719,1003,False,2,4,[-6.41604273  4.78655631  3.97763387],cruising,[ 0.63925976  0.24903542 -0.34837281]
698.4086172580719,1004,False,6,2,[8.6334177  7.79887689 2.37748029],entering,[-0.62185191  0.08809385  0.93462812]
698.4086172580719,1005,False,5,0,[-8.09875459  7.93031459  1.27326942],queued,[ 0.50568378 -0.03156594 -0.11489306]
698.5092556476593,1000,False,1,3,[-0.51971965 -6.36892005  4.        ],exiting,[-0.82138112 -0.19970136 -0.21083176]
698.5092556476593,1001,False,4,1,[ 2.56040868 -3.37518703  3.9925457 ],cruising,[-0.48080528  0.59740651 -0.20557775]
698.5092556476593,1002,False,0,6,[2.89354985 8.57378954 1.93264824],queued,[ 0.5677905  -0.59831228 -0.99408226]
698.5092556476593,1003,False,2,4,[-6.42376     4.98600925  3.98115722],cruising,[ 0.63925976  0.24903542 -0.34837281]
698.5092556476593,1004,False,6,2,[8.59542961 7.60251777 2.45248029],entering,[-0.62185191  0.08809385  0.93462812]
698.5092556476593,1005,False,5,0,[-8.09875459  7.93031459  1.29326942],queued,[ 0.50568378 -0.03156594 -0.11489306]
698.619246006012,1000,False,1,3,[-0.50281735 -6.46748126  4.        ],exiting,[-0.82138112 -0.19970136 -0.21083176]
698.619246006012,1001,False,4,1,[ 2.37235498 -3.30710028  3.99366384],cruising,[-0.48080528  0.59740651 -0.20557775]
698.619246006012,1002,False,0,6,[2.89354985 8.57378954 2.00764824],queued,[ 0.5677905  -0.59831228 -0.99408226]
698.619246006012,1003,False,2,4,[-6.41152321  5.18414192  3.98437586],cruising,[ 0.63925976  0.24903542 -0.34837281]
698.619246006012,1004,False,6,2,[8.56003105 7.40567534 2.52748029],entering,[-0.62185191  0.08809385  0.93462812]
698.619246006012,1005,False,5,0,[-8.09875459  7.93031459  1.33326942],queued,[ 0.50568378 -0.03156594 -0.11489306]
698.7152502536774,1000,False,1,3,[-0.48591504 -6.56604247  4.        ],exiting,[-0.82138112 -0.19970136 -0.21083176]
698.7152502536774,1001,False,4,1,[ 2.18339614 -3.24156739  3.99461427],cruising,[-0.48080528  0.59740651 -0.20557775]
698.7152502536774,1002,False,0,6,[2.89354985 8.57378954 2.08264824],queued,[ 0.5677905  -0.59831228 -0.99408226]
698.7152502536774,1003,False,2,4,[-6.37966854  5.37839297  3.98732687],cruising,[ 0.63925976  0.24903542 -0.34837281]
698.7152502536774,1004,False,6,2,[8.52585278 7.20861736 2.60248029],entering,[-0.62185191  0.08809385  0.93462812]
698.7152502536774,1005,False,5,0,[-8.09875459  7.93031459  1.39326942],queued,[ 0.50568378 -0.03156594 -0.11489306]
698.8198506832123,1000,False,1,3,[-0.46901274 -6.66460368  4.        ],exiting,[-0.82138112 -0.19970136 -0.21083176]
698.8198506832123,1001,False,4,1,[ 1.99335652 -3.1792381   3.99542213],cruising,[-0.48080528  0.59740651 -0.20557775]
698.8198506832123,1002,False,0,6,[2.89354985 8.57378954 2.15764824],queued,[ 0.5677905  -0.59831228 -0.99408226]
698.8198506832123,1003,False,2,4,[-6.3288249   5.56637071  3.99002414],cruising,[ 0.63925976  0.24903542 -0.34837281]
698.8198506832123,1004,False,6,2,[8.49167452 7.01155938 2.67748029],entering,[-0.62185191  0.08809385  0.93462812]
698.8198506832123,1005,False,5,0,[-8.09875459  7.93031459  1.46826942],queued,[ 0.50568378 -0.03156594 -0.11489306]
698.9133915901184,1000,False,1,3,[-0.45211044 -6.76316489  4.        ],exiting,[-0.82138112 -0.19970136 -0.21083176]
698.9133915901184,1001,False,4,1,[ 1.80204586 -3.12092658  3.99610881],cruising,[-0.48080528  0.59740651 -0.20557775]
698.9133915901184,1002,False,0,6,[2.89354985 8.57378954 2.23264824],queued,[ 0.5677905  -0.59831228 -0.99408226]
698.9133915901184,1003,False,2,4,[-6.259882    5.74584224  3.99247315],cruising,[ 0.63925976  0.24903542 -0.34837281]
698.9133915901184,1004,False,6,2,[8.45894829 6.81425507 2.75248029],entering,[-0.62185191  0.08809385  0.93462812]
698.9133915901184,1005,False,5,0,[-8.09875459  7.93031459  1.54326942],queued,[ 0.50568378 -0.03156594 -0.11489306]
699.0124039649963,1000,False,1,3,[-0.43520813 -6.8617261   4.        ],exiting,[-0.82138112 -0.19970136 -0.21083176]
699.0124039649963,1001,False,4,1,[ 1.60998673 -3.06512973  3.99669249],cruising,[-0.48080528  0.59740651 -0.20557775]
699.0124039649963,1002,False,0,6,[2.89354985 8.57378954 2.30764824],queued,[ 0.5677905  -0.59831228 -0.99408226]
699.0124039649963,1003,False,2,4,[-6.17387758  5.91488139  3.99465871],cruising,[ 0.63925976  0.24903542 -0.34837281]
699.0124039649963,1004,False,6,2,[8.42980898 6.6163892  2.82748029],entering,[-0.62185191  0.08809385  0.93462812]
699.0124039649963,1005,False,5,0,[-8.09875459  7.93031459  1.61826942],queued,[ 0.50568378 -0.03156594 -0.11489306]
699.1075694561005,1000,False,1,3,[-0.41830583 -6.96028732  4.        ],exiting,[-0.82138112 -0.19970136 -0.21083176]
699.1075694561005,1001,False,4,1,[ 1.41621089 -3.01562292  3.99718861],cruising,[-0.48080528  0.59740651 -0.20557775]
699.1075694561005,1002,False,0,6,[2.89354985 8.57378954 2.38264824],entering,[ 0.5677905  -0.59831228 -0.99408226]
699.1075694561005,1003,False,2,4,[-6.07197454  6.07178932  3.99658372],cruising,[ 0.63925976  0.24903542 -0.34837281]
699.1075694561005,1004,False,6,2,[8.40066966 6.41852334 2.90248029],entering,[-0.62185191  0.08809385  0.93462812]
699.1075694561005,1005,False,5,0,[-8.09875459  7.93031459  1.69326942],queued,[ 0.50568378 -0.03156594 -0.11489306]
699.2107579708099,1000,False,1,3,[-0.40140353 -7.05884853  4.        ],exiting,[-0.82138112 -0.19970136 -0.21083176]
699.2107579708099,1001,False,4,1,[ 1.21968883 -2.97848692  3.99761032],cruising,[-0.48080528  0.59740651 -0.20557775]
699.2107579708099,1002,False,0,6,[2.88995189 8.55411583 2.45764824],entering,[ 0.5677905  -0.59831228 -0.99408226]
699.2107579708099,1003,False,2,4,[-5.95507239  6.21547032  3.99823484],cruising,[ 0.63925976  0.24903542 -0.34837281]
699.2107579708099,1004,False,6,2,[8.37400513 6.2203088  2.97748029],entering,[-0.62185191  0.08809385  0.93462812]
699.2107579708099,1005,False,5,0,[-8.09875459  7.93031459  1.76826942],queued,[ 0.50568378 -0.03156594 -0.11489306]
699.3139295578003,1000,False,1,3,[-0.38450123 -7.15740974  4.        ],exiting,[-0.82138112 -0.19970136 -0.21083176]
699.3139295578003,1001,False,4,1,[ 1.02140528 -2.95234058  3.99796877],cruising,[-0.48080528  0.59740651 -0.20557775]
699.3139295578003,1002,False,0,6,[2.88297705 8.51472927 2.53264824],entering,[ 0.5677905  -0.59831228 -0.99408226]
699.3139295578003,1003,False,2,4,[-5.82406133  6.34497892  3.99960079],cruising,[ 0.63925976  0.24903542 -0.34837281]
699.3139295578003,1004,False,6,2,[8.35051869 6.02169262 3.05248029],entering,[-0.62185191  0.08809385  0.93462812]
699.3139295578003,1005,False,5,0,[-8.09875459  7.93031459  1.84326942],queued,[ 0.50568378 -0.03156594 -0.11489306]
699.4072968959808,1000,False,1,3,[-0.36759892 -7.25597095  4.        ],exiting,[-0.82138112 -0.19970136 -0.21083176]
699.4072968959808,1001,False,4,1,[ 0.82174149 -2.94074878  3.99827346],cruising,[-0.48080528  0.59740651 -0.20557775]
699.4072968959808,1002,False,0,6,[2.87272551 8.45561296 2.60764824],entering,[ 0.5677905  -0.59831228 -0.99408226]
699.4072968959808,1003,False,2,4,[-5.67978739  6.45952058  4.0006718 ],cruising,[ 0.63925976  0.24903542 -0.34837281]
699.4072968959808,1004,False,6,2,[8.32819961 5.82294187 3.12748029],entering,[-0.62185191  0.08809385  0.93462812]
699.4072968959808,1005,False,5,0,[-8.09875459  7.93031459  1.91826942],queued,[ 0.50568378 -0.03156594 -0.11489306]
699.5075280666351,1000,False,1,3,[-0.35069662 -7.35453216  4.        ],exiting,[-0.82138112 -0.19970136 -0.21083176]
699.5075280666351,1001,False,4,1,[ 0.62179259 -2.94526967  3.99853244],cruising,[-0.48080528  0.59740651 -0.20557775]
699.5075280666351,1002,False,0,6,[2.85931898 8.37674706 2.68264824],entering,[ 0.5677905  -0.59831228 -0.99408226]
699.5075280666351,1003,False,2,4,[-5.52301891  6.55844833  4.00143916],cruising,[ 0.63925976  0.24903542 -0.34837281]
699.5075280666351,1004,False,6,2,[8.31081562 5.62369881 3.20248029],entering,[-0.62185191  0.08809385  0.93462812]
699.5075280666351,1005,False,5,0,[-8.09875459  7.93031459  1.99326942],queued,[ 0.50568378 -0.03156594 -0.11489306]
699.61270570755,1000,False,1,3,[-0.33379432 -7.45309337  4.        ],exiting,[-0.82138112 -0.19970136 -0.21083176]
699.61270570755,1001,False,4,1,[ 0.4227593  -2.9649102   3.99875257],cruising,[-0.48080528  0.59740651 -0.20557775]
699.61270570755,1002,False,0,6,[2.84327144 8.2780563  2.75764824],entering,[ 0.5677905  -0.59831228 -0.99408226]
699.61270570755,1003,False,2,4,[-5.35444591  6.64123429  4.00189667],cruising,[ 0.63925976  0.24903542 -0.34837281]
699.61270570755,1004,False,6,2,[8.29607099 5.42424306 3.27748029],entering,[-0.62185191  0.08809385  0.93462812]
699.61270570755,1005,False,5,0,[-8.09875459  7.93031459  2.06826942],queued,[ 0.50568378 -0.03156594 -0.11489306]
699.7113001346588,1000,False,1,3,[-0.31689202 -7.55165458  4.        ],exiting,[-0.82138112 -0.19970136 -0.21083176]
699.7113001346588,1001,False,4,1,[ 0.22568239 -2.99897911  3.99893969],cruising,[-0.48080528  0.59740651 -0.20557775]
699.7113001346588,1002,False,0,6,[2.82513907 8.1594745  2.83264824],entering,[ 0.5677905  -0.59831228 -0.99408226]
699.7113001346588,1003,False,2,4,[-5.17491216  6.70729387  4.00205389],cruising,[ 0.63925976  0.24903542 -0.34837281]
699.7113001346588,1004,False,6,2,[8.28497044 5.22455136 3.35248029],entering,[-0.62185191  0.08809385  0.93462812]
699.7113001346588,1005,False,5,0,[-8.09875459  7.93031459  2.14326942],queued,[ 0.50568378 -0.03156594 -0.11489306]
699.8097214698792,1000,False,1,3,[-0.29998971 -7.65021579  4.        ],exiting,[-0.82138112 -0.19970136 -0.21083176]
699.8097214698792,1001,False,4,1,[ 0.03141842 -3.04653446  3.99909873],cruising,[-0.48080528  0.59740651 -0.20557775]
699.8097214698792,1002,False,0,6,[2.80610372 8.0209131  2.90764824],entering,[ 0.5677905  -0.59831228 -0.99408226]
699.8097214698792,1003,False,2,4,[-4.98443463  6.75661624  4.0018956 ],cruising,[ 0.63925976  0.24903542 -0.34837281]
699.8097214698792,1004,False,6,2,[8.28000514 5.024613   3.42748029],entering,[-0.62185191  0.08809385  0.93462812]
699.8097214698792,1005,False,5,0,[-8.09875459  7.93031459  2.21826942],queued,[ 0.50568378 -0.03156594 -0.11489306]
699.9074943065643,1000,False,1,3,[-0.28308741 -7.748777    4.        ],landing,[-0.82138112 -0.19970136 -0.21083176]
699.9074943065643,1001,False,4,1,[-0.15823772 -3.11002104  3.99923392],cruising,[-0.48080528  0.59740651 -0.20557775]
699.9074943065643,1002,False,0,6,[2.78795244 7.86237124 2.98264824],entering,[ 0.5677905  -0.59831228 -0.99408226]
699.9074943065643,1003,False,2,4,[-4.78943031  6.80103822  4.00161126],cruising,[ 0.63925976  0.24903542 -0.34837281]
699.9074943065643,1004,False,6,2,[8.28046179 4.82461352 3.50248029],entering,[-0.62185191  0.08809385  0.93462812]
699.9074943065643,1005,False,5,0,[-8.09875459  7.93031459  2.29326942],queued,[ 0.50568378 -0.03156594 -0.11489306]
700.0143377780914,1000,False,1,3,[-0.271719   -7.83421303  3.98596056],landing,[-0.82138112 -0.19970136 -0.21083176]
700.0143377780914,1001,False,4,1,[-0.34443586 -3.18302965  3.99934884],cruising,[-0.48080528  0.59740651 -0.20557775]
700.0143377780914,1002,False,0,6,[2.77362234 7.68419781 3.05764824],entering,[ 0.5677905  -0.59831228 -0.99408226]
700.0143377780914,1003,False,2,4,[-4.59529117  6.84910062  4.00136957],cruising,[ 0.63925976  0.24903542 -0.34837281]
700.0143377780914,1004,False,6,2,[8.28503791 4.62466588 3.57710825],entering,[-0.62185191  0.08809385  0.93462812]
700.0143377780914,1005,False,5,0,[-8.09875459  7.93031459  2.36826942],queued,[ 0.50568378 -0.03156594 -0.11489306]
700.1092548370361,1000,False,1,3,[-0.26587645 -7.90634808  3.95804493],landing,[-0.82138112 -0.19970136 -0.21083176]
700.1092548370361,1001,False,4,1,[-0.52629635 -3.2662568   3.99944651],cruising,[-0.48080528  0.59740651 -0.20557775]
700.1092548370361,1002,False,0,6,[2.7685305  7.48828588 3.13264824],entering,[ 0.5677905  -0.59831228 -0.99408226]
700.1092548370361,1003,False,2,4,[-4.40170455  6.89934225  4.00116413],cruising,[ 0.63925976  0.24903542 -0.34837281]
700.1092548370361,1004,False,6,2,[8.29441387 4.42488578 3.64054201],entering,[-0.62185191  0.08809385  0.93462812]
700.1092548370361,1005,False,5,0,[-8.09875459  7.93031459  2.44326942],queued,[ 0.50568378 -0.03156594 -0.11489306]
700.2192084789276,1000,False,1,3,[-0.26554917 -7.96497547  3.91644995],landing,[-0.82138112 -0.19970136 -0.21083176]
700.2192084789276,1001,False,4,1,[-0.70516755 -3.35572799  3.99952953],cruising,[-0.48080528  0.59740651 -0.20557775]
700.2192084789276,1002,False,0,6,[2.77378278 7.28835486 3.20764824],entering,[ 0.5677905  -0.59831228 -0.99408226]
700.2192084789276,1003,False,2,4,[-4.20835248  6.9504791   4.00098951],cruising,[ 0.63925976  0.24903542 -0.34837281]
700.2192084789276,1004,False,6,2,[8.30668691 4.2252627  3.69446071],entering,[-0.62185191  0.08809385  0.93462812]
700.2192084789276,1005,False,5,0,[-8.09875459  7.93031459  2.51826942],entering,[ 0.50568378 -0.03156594 -0.11489306]
700.3206906318665,1000,False,1,3,[-0.27072066 -8.00981352  3.86145281],landing,[-0.82138112 -0.19970136 -0.21083176]
700.3206906318665,1001,False,4,1,[-0.88301816 -3.44721112  3.9996001 ],cruising,[-0.48080528  0.59740651 -0.20557775]
700.3206906318665,1002,False,0,6,[2.79267016 7.08924869 3.28264824],entering,[ 0.5677905  -0.59831228 -0.99408226]
700.3206906318665,1003,False,2,4,[-4.01431621  6.99895512  4.00084109],cruising,[ 0.63925976  0.24903542 -0.34837281]
700.3206906318665,1004,False,6,2,[8.31621251 4.02548967 3.7402916 ],entering,[-0.62185191  0.08809385  0.93462812]
700.3206906318665,1005,False,5,0,[-8.08090817  7.92128656  2.59326942],entering,[ 0.50568378 -0.03156594 -0.11489306]
700.4172697067261,1000,False,1,3,[-0.28137511 -8.04062608  3.79329426],landing,[-0.82138112 -0.19970136 -0.21083176]
700.4172697067261,1001,False,4,1,[-1.06295785 -3.53451351  3.99966009],cruising,[-0.48080528  0.59740651 -0.20557775]
700.4172697067261,1002,False,0,6,[2.82847754 6.89248022 3.35764824],entering,[ 0.5677905  -0.59831228 -0.99408226]
700.4172697067261,1003,False,2,4,[-3.82012067  7.04678913  4.00071492],cruising,[ 0.63925976  0.24903542 -0.34837281]
700.4172697067261,1004,False,6,2,[8.33098218 3.82603577 3.77924786],cruising,[-0.62185191  0.08809385  0.93462812]
700.4172697067261,1005,False,5,0,[-8.04520168  7.90325753  2.66826942],entering,[ 0.50568378 -0.03156594 -0.11489306]
700.5151255130768,1000,False,1,3,[-0.2974963  -8.05719551  3.71220326],landing,[-0.82138112 -0.19970136 -0.21083176]
700.5151255130768,1001,False,4,1,[-1.24766163 -3.61122408  3.99971107],cruising,[-0.48080528  0.59740651 -0.20557775]
700.5151255130768,1002,False,0,6,[2.88032603 6.69931776 3.43264824],entering,[ 0.5677905  -0.59831228 -0.99408226]
700.5151255130768,1003,False,2,4,[-3.62554696  7.09306084  4.00060769],cruising,[ 0.63925976  0.24903542 -0.34837281]
700.5151255130768,1004,False,6,2,[8.33996944 3.6262378  3.81236068],cruising,[-0.62185191  0.08809385  0.93462812]
700.5151255130768,1005,False,5,0,[-7.99160501  7.87628752  2.74326942],entering,[ 0.50568378 -0.03156594 -0.11489306]
700.6075303554535,1000,False,1,3,[-0.31906621 -8.05930265  3.61841765],landing,[-0.82138112 -0.19970136 -0.21083176]
700.6075303554535,1001,False,4,1,[-1.43879173 -3.66899521  3.99975631],cruising,[-0.48080528  0.59740651 -0.20557775]
700.6075303554535,1002,False,0,6,[2.94427284 6.5098163  3.50764824],entering,[ 0.5677905  -0.59831228 -0.99408226]
700.6075303554535,1003,False,2,4,[-3.42989794  7.13455134  4.00051653],cruising,[ 0.63925976  0.24903542 -0.34837281]
700.6075303554535,1004,False,6,2,[8.34734887 3.42637399 3.84050658],cruising,[-0.62185191  0.08809385  0.93462812]
700.6075303554535,1005,False,5,0,[-7.92006111  7.84049156  2.81826942],entering,[ 0.50568378 -0.03156594 -0.11489306]
700.715970993042,1000,False,1,3,[-0.34215865 -8.05729152  3.52114126],landing,[-0.82138112 -0.19970136 -0.21083176]
700.715970993042,1001,False,4,1,[-1.63309267 -3.70701929  3.99979847],cruising,[-0.48080528  0.59740651 -0.20557775]
700.715970993042,1002,False,0,6,[3.02098096 6.32511149 3.58150101],entering,[ 0.5677905  -0.59831228 -0.99408226]
700.715970993042,1003,False,2,4,[-3.23369526  7.17333933  4.00043905],cruising,[ 0.63925976  0.24903542 -0.34837281]
700.715970993042,1004,False,6,2,[8.3608248  3.22682851 3.86443059],cruising,[-0.62185191  0.08809385  0.93462812]
700.715970993042,1005,False,5,0,[-7.83051814  7.79597591  2.89326942],entering,[ 0.50568378 -0.03156594 -0.11489306]
700.814948797226,1000,False,1,3,[-0.3652511  -8.0552804   3.42386488],landing,[-0.82138112 -0.19970136 -0.21083176]
700.814948797226,1001,False,4,1,[-1.82737109 -3.72504338  3.99983811],cruising,[-0.48080528  0.59740651 -0.20557775]
700.814948797226,1002,False,0,6,[3.11305323 6.14760246 3.64476306],entering,[ 0.5677905  -0.59831228 -0.99408226]
700.814948797226,1003,False,2,4,[-3.03683429  7.20863463  4.00037319],cruising,[ 0.63925976  0.24903542 -0.34837281]
700.814948797226,1004,False,6,2,[8.37294162 3.02719589 3.884766  ],cruising,[-0.62185191  0.08809385  0.93462812]
700.814948797226,1005,False,5,0,[-7.72295024  7.74279412  2.96826942],entering,[ 0.50568378 -0.03156594 -0.11489306]
700.9140088558197,1000,False,1,3,[-0.38834354 -8.05326927  3.3265885 ],landing,[-0.82138112 -0.19970136 -0.21083176]
700.9140088558197,1001,False,4,1,[-2.01861263 -3.72329938  3.99987541],cruising,[-0.48080528  0.59740651 -0.20557775]
700.9140088558197,1002,False,0,6,[3.21950967 5.97828906 3.6980486 ],entering,[ 0.5677905  -0.59831228 -0.99408226]
700.9140088558197,1003,False,2,4,[-2.83883631  7.2368623   4.00031722],cruising,[ 0.63925976  0.24903542 -0.34837281]
700.9140088558197,1004,False,6,2,[8.38446325 2.82752803 3.9020511 ],cruising,[-0.62185191  0.08809385  0.93462812]
700.9140088558197,1005,False,5,0,[-7.59734473  7.68097261  3.04326942],entering,[ 0.50568378 -0.03156594 -0.11489306]
701.0149967670441,1000,False,1,3,[-0.41143599 -8.05125815  3.22931212],landing,[-0.82138112 -0.19970136 -0.21083176]
701.0149967670441,1001,False,4,1,[-2.20417731 -3.70237798  3.99991036],cruising,[-0.48080528  0.59740651 -0.20557775]
701.0149967670441,1002,False,0,6,[3.34110959 5.81954565 3.74365623],entering,[ 0.5677905  -0.59831228 -0.99408226]
701.0149967670441,1003,False,2,4,[-2.64021769  7.26032807  4.00026963],cruising,[ 0.63925976  0.24903542 -0.34837281]
701.0149967670441,1004,False,6,2,[8.39949838 2.62809397 3.91674344],cruising,[-0.62185191  0.08809385  0.93462812]
701.0149967670441,1005,False,5,0,[-7.45325454  7.61151455  3.11826942],entering,[ 0.50568378 -0.03156594 -0.11489306]
701.1077988147736,1000,False,1,3,[-0.43452843 -8.04924702  3.13203574],landing,[-0.82138112 -0.19970136 -0.21083176]
701.1077988147736,1001,False,4,1,[-2.38166438 -3.66316033  3.99994291],cruising,[-0.48080528  0.59740651 -0.20557775]
701.1077988147736,1002,False,0,6,[3.47701291 5.67281481 3.78211467],entering,[ 0.5677905  -0.59831228 -0.99408226]
701.1077988147736,1003,False,2,4,[-2.44072986  7.27463212  4.00022919],cruising,[ 0.63925976  0.24903542 -0.34837281]
701.1077988147736,1004,False,6,2,[8.41279173 2.42853625 3.92923192],cruising,[-0.62185191  0.08809385  0.93462812]
701.1077988147736,1005,False,5,0,[-7.29043881  7.53503127  3.19326942],entering,[ 0.50568378 -0.03156594 -0.11489306]
701.2133822441101,1000,False,1,3,[-0.45762088 -8.0472359   3.03475936],landing,[-0.82138112 -0.19970136 -0.21083176]
701.2133822441101,1001,False,4,1,[-2.5488917  -3.60677476  3.99997298],cruising,[-0.48080528  0.59740651 -0.20557775]
701.2133822441101,1002,False,0,6,[3.62634651 5.53984462 3.81507112],entering,[ 0.5677905  -0.59831228 -0.99408226]
701.2133822441101,1003,False,2,4,[-2.24076526  7.27839514  4.00019481],cruising,[ 0.63925976  0.24903542 -0.34837281]
701.2133822441101,1004,False,6,2,[8.42779858 2.22910005 3.93984713],cruising,[-0.62185191  0.08809385  0.93462812]
701.2133822441101,1005,False,5,0,[-7.10814121  7.45402506  3.26826942],entering,[ 0.50568378 -0.03156594 -0.11489306]
701.3136205673218,1000,False,1,3,[-0.48071332 -8.04522477  2.93748298],landing,[-0.82138112 -0.19970136 -0.21083176]
701.3136205673218,1001,False,4,1,[-2.70401785 -3.53446557  4.00000045],cruising,[-0.48080528  0.59740651 -0.20557775]
701.3136205673218,1002,False,0,6,[3.78784503 5.42188877 3.84287158],cruising,[ 0.5677905  -0.59831228 -0.99408226]
701.3136205673218,1003,False,2,4,[-2.04122806  7.26479714  4.00016559],cruising,[ 0.63925976  0.24903542 -0.34837281]
701.3136205673218,1004,False,6,2,[8.44032154 2.0294925  3.94887006],cruising,[-0.62185191  0.08809385  0.93462812]
701.3136205673218,1005,False,5,0,[-6.92431184  7.37524203  3.34326942],entering,[ 0.50568378 -0.03156594 -0.11489306]
701.4076888561249,1000,False,1,3,[-0.50380576 -8.04321365  2.84020659],landing,[-0.82138112 -0.19970136 -0.21083176]
701.4076888561249,1001,False,4,1,[-2.84542677 -3.44760175  4.00002518],cruising,[-0.48080528  0.59740651 -0.20557775]
701.4076888561249,1002,False,0,6,[3.95986495 5.31986354 3.86644084],cruising,[ 0.5677905  -0.59831228 -0.99408226]
701.4076888561249,1003,False,2,4,[-1.84387513  7.23236536  4.00014075],cruising,[ 0.63925976  0.24903542 -0.34837281]
701.4076888561249,1004,False,6,2,[8.45337443 1.8299189  3.95653955],cruising,[-0.62185191  0.08809385  0.93462812]
701.4076888561249,1005,False,5,0,[-6.738352    7.30162862  3.41826942],entering,[ 0.50568378 -0.03156594 -0.11489306]
701.5085608959198,1000,False,1,3,[-0.52689821 -8.04120252  2.74293021],landing,[-0.82138112 -0.19970136 -0.21083176]
701.5085608959198,1001,False,4,1,[-2.97166603 -3.34770406  4.00004702],cruising,[-0.48080528  0.59740651 -0.20557775]
701.5085608959198,1002,False,0,6,[4.13985781 5.23267082 3.88647471],cruising,[ 0.5677905  -0.59831228 -0.99408226]
701.5085608959198,1003,False,2,4,[-1.6487013   7.18869411  4.00011964],cruising,[ 0.63925976  0.24903542 -0.34837281]
701.5085608959198,1004,False,6,2,[8.46357124 1.63017901 3.96305862],cruising,[-0.62185191  0.08809385  0.93462812]
701.5085608959198,1005,False,5,0,[-6.55085009  7.23203669  3.49326942],entering,[ 0.50568378 -0.03156594 -0.11489306]
701.6076369285583,1000,False,1,3,[-0.54999065 -8.03919139  2.64565383],landing,[-0.82138112 -0.19970136 -0.21083176]
701.6076369285583,1001,False,4,1,[-3.08150689 -3.23635681  4.00006582],cruising,[-0.48080528  0.59740651 -0.20557775]
701.6076369285583,1002,False,0,6,[4.32557865 5.15845646 3.90350351],cruising,[ 0.5677905  -0.59831228 -0.99408226]
701.6076369285583,1003,False,2,4,[-1.45777838  7.12912536  4.00010169],cruising,[ 0.63925976  0.24903542 -0.34837281]
701.6076369285583,1004,False,6,2,[8.47355458 1.43042833 3.96859983],cruising,[-0.62185191  0.08809385  0.93462812]
701.6076369285583,1005,False,5,0,[-6.36164556  7.16721659  3.56826942],entering,[ 0.50568378 -0.03156594 -0.11489306]
701.7077577114105,1000,False,1,3,[-0.5730831  -8.03718027  2.54837745],landing,[-0.82138112 -0.19970136 -0.21083176]
701.7077577114105,1001,False,4,1,[-3.17386719 -3.11529206  4.00008135],cruising,[-0.48080528  0.59740651 -0.20557775]
701.7077577114105,1002,False,0,6,[4.51547057 5.09567862 3.91797798],cruising,[ 0.5677905  -0.59831228 -0.99408226]
701.7077577114105,1003,False,2,4,[-1.27141128  7.05654915  4.00008644],cruising,[ 0.63925976  0.24903542 -0.34837281]
701.7077577114105,1004,False,6,2,[8.48281113 1.23064265 3.97330985],cruising,[-0.62185191  0.08809385  0.93462812]
701.7077577114105,1005,False,5,0,[-6.1703926   7.10871614  3.63302901],entering,[ 0.50568378 -0.03156594 -0.11489306]
701.8095307350159,1000,False,1,3,[-0.59617554 -8.03516914  2.45110107],landing,[-0.82138112 -0.19970136 -0.21083176]
701.8095307350159,1001,False,4,1,[-3.24819417 -2.98557863  4.00009352],cruising,[-0.48080528  0.59740651 -0.20557775]
701.8095307350159,1002,False,0,6,[4.70813769 5.04201877 3.93028128],cruising,[ 0.5677905  -0.59831228 -0.99408226]
701.8095307350159,1003,False,2,4,[-1.0894208   6.97360661  4.00007347],cruising,[ 0.63925976  0.24903542 -0.34837281]
701.8095307350159,1004,False,6,2,[8.4886323  1.03072739 3.97731338],cruising,[-0.62185191  0.08809385  0.93462812]
701.8095307350159,1005,False,5,0,[-5.9768783   7.05819667  3.68807465],entering,[ 0.50568378 -0.03156594 -0.11489306]
701.9109828472137,1000,False,1,3,[-0.61926799 -8.03315802  2.35382469],landing,[-0.82138112 -0.19970136 -0.21083176]
701.9109828472137,1001,False,4,1,[-3.30422989 -2.84777633  4.00010217],cruising,[-0.48080528  0.59740651 -0.20557775]
701.9109828472137,1002,False,0,6,[4.90271899 4.99577899 3.94073909],cruising,[ 0.5677905  -0.59831228 -0.99408226]
701.9109828472137,1003,False,2,4,[-0.91131881  6.88261386  4.00006245],cruising,[ 0.63925976  0.24903542 -0.34837281]
701.9109828472137,1004,False,6,2,[8.49348894 0.83078636 3.98071637],cruising,[-0.62185191  0.08809385  0.93462812]
701.9109828472137,1005,False,5,0,[-5.78129481  7.01639835  3.73486346],entering,[ 0.50568378 -0.03156594 -0.11489306]
702.0191330909729,1000,False,1,3,[-0.64236043 -8.03114689  2.25654831],landing,[-0.82138112 -0.19970136 -0.21083176]
702.0191330909729,1001,False,4,1,[-3.34181191 -2.70226297  4.00010719],cruising,[-0.48080528  0.59740651 -0.20557775]
702.0191330909729,1002,False,0,6,[5.09841381 4.95450504 3.94962823],cruising,[ 0.5677905  -0.59831228 -0.99408226]
702.0191330909729,1003,False,2,4,[-0.73532404  6.78760944  4.00005308],cruising,[ 0.63925976  0.24903542 -0.34837281]
702.0191330909729,1004,False,6,2,[8.49707181 0.63081846 3.98360891],cruising,[-0.62185191  0.08809385  0.93462812]
702.0191330909729,1005,False,5,0,[-5.58408103  6.98313086  3.77463394],entering,[ 0.50568378 -0.03156594 -0.11489306]
702.1145615577698,1000,False,1,3,[-0.66545288 -8.02913577  2.15927192],landing,[-0.82138112 -0.19970136 -0.21083176]
702.1145615577698,1001,False,4,1,[-3.36081999 -2.5493328   4.00010853],cruising,[-0.48080528  0.59740651 -0.20557775]
702.1145615577698,1002,False,0,6,[5.29472614 4.9162759  3.95718399],cruising,[ 0.5677905  -0.59831228 -0.99408226]
702.1145615577698,1003,False,2,4,[-0.56233551  6.6872353   4.00004512],cruising,[ 0.63925976  0.24903542 -0.34837281]
702.1145615577698,1004,False,6,2,[8.49705602 0.43081846 3.98606758],cruising,[-0.62185191  0.08809385  0.93462812]
702.1145615577698,1005,False,5,0,[-5.3851539   6.96244282  3.80843885],entering,[ 0.50568378 -0.03156594 -0.11489306]
702.212655544281,1000,False,1,3,[-0.68854532 -8.02712464  2.06199554],landing,[-0.82138112 -0.19970136 -0.21083176]
702.212655544281,1001,False,4,1,[-3.36135989 -2.38872629  4.00010606],cruising,[-0.48080528  0.59740651 -0.20557775]
702.212655544281,1002,False,0,6,[5.49129309 4.87937827 3.96360639],cruising,[ 0.5677905  -0.59831228 -0.99408226]
702.212655544281,1003,False,2,4,[-0.39153481  6.58318183  4.00003835],cruising,[ 0.63925976  0.24903542 -0.34837281]
702.212655544281,1004,False,6,2,[8.49572384 0.23082289 3.98815744],cruising,[-0.62185191  0.08809385  0.93462812]
702.212655544281,1005,False,5,0,[-5.18543765  6.95179288  3.83717302],entering,[ 0.50568378 -0.03156594 -0.11489306]
702.3131597042084,1000,False,1,3,[-0.71163776 -8.02511352  1.96471916],landing,[-0.82138112 -0.19970136 -0.21083176]
702.3131597042084,1001,False,4,1,[-3.3438286  -2.21955051  4.00009971],cruising,[-0.48080528  0.59740651 -0.20557775]
702.3131597042084,1002,False,0,6,[5.6878199  4.84226744 3.96906544],exiting,[ 0.5677905  -0.59831228 -0.99408226]
702.3131597042084,1003,False,2,4,[-0.22163004  6.4776718   4.0000326 ],cruising,[ 0.63925976  0.24903542 -0.34837281]
702.3131597042084,1004,False,6,2,[8.49285366 0.03084349 3.98993382],cruising,[-0.62185191  0.08809385  0.93462812]
702.3131597042084,1005,False,5,0,[-4.98543802  6.95140931  3.86159707],cruising,[ 0.50568378 -0.03156594 -0.11489306]
702.408135175705,1000,False,1,3,[-0.73473021 -8.02310239  1.86744278],landing,[-0.82138112 -0.19970136 -0.21083176]
702.408135175705,1001,False,4,1,[-3.30947249 -2.03956154  4.00008938],cruising,[-0.48080528  0.59740651 -0.20557775]
702.408135175705,1002,False,0,6,[5.86907498 4.81807071 3.97450136],exiting,[ 0.5677905  -0.59831228 -0.99408226]
702.408135175705,1003,False,2,4,[-0.05277037  6.37049713  4.00002771],cruising,[ 0.63925976  0.24903542 -0.34837281]
702.408135175705,1004,False,6,2,[ 8.48826995 -0.16910398  3.99144375],cruising,[-0.62185191  0.08809385  0.93462812]
702.408135175705,1005,False,5,0,[-4.78565998  6.96082927  3.88235751],cruising,[ 0.50568378 -0.03156594 -0.11489306]
702.5114300251007,1000,False,1,3,[-0.75782265 -8.02109127  1.7701664 ],landing,[-0.82138112 -0.19970136 -0.21083176]
702.5114300251007,1001,False,4,1,[-3.26818034 -1.84387056  4.00007597],cruising,[-0.48080528  0.59740651 -0.20557775]
702.5114300251007,1002,False,0,6,[6.03502389 4.80674683 3.97983412],exiting,[ 0.5677905  -0.59831228 -0.99408226]
702.5114300251007,1003,False,2,4,[0.11591396 6.26304668 4.00002355],cruising,[ 0.63925976  0.24903542 -0.34837281]
702.5114300251007,1004,False,6,2,[ 8.47978741 -0.36892401  3.99272719],cruising,[-0.62185191  0.08809385  0.93462812]
702.5114300251007,1005,False,5,0,[-4.58647717  6.9788905   3.90000388],cruising,[ 0.50568378 -0.03156594 -0.11489306]
702.6140446662903,1000,False,1,3,[-0.7809151  -8.01908014  1.67289002],landing,[-0.82138112 -0.19970136 -0.21083176]
702.6140446662903,1001,False,4,1,[-3.24345646 -1.64540462  4.00006457],cruising,[-0.48080528  0.59740651 -0.20557775]
702.6140446662903,1002,False,0,6,[6.18562453 4.80824451 3.98497076],exiting,[ 0.5677905  -0.59831228 -0.99408226]
702.6140446662903,1003,False,2,4,[0.28468534 6.15573302 4.00002002],cruising,[ 0.63925976  0.24903542 -0.34837281]
702.6140446662903,1004,False,6,2,[ 8.46966701 -0.56866779  3.99381811],cruising,[-0.62185191  0.08809385  0.93462812]
702.6140446662903,1005,False,5,0,[-4.38805924  7.00399674  3.9150033 ],cruising,[ 0.50568378 -0.03156594 -0.11489306]
702.715564250946,1000,False,1,3,[-0.80400754 -8.01706902  1.57561364],landing,[-0.82138112 -0.19970136 -0.21083176]
702.715564250946,1001,False,4,1,[-3.23481617 -1.44559134  4.00005489],cruising,[-0.48080528  0.59740651 -0.20557775]
702.715564250946,1002,False,0,6,[6.32082473 4.82249882 3.9897996 ],exiting,[ 0.5677905  -0.59831228 -0.99408226]
702.715564250946,1003,False,2,4,[0.45396145 6.04921731 4.00001702],cruising,[ 0.63925976  0.24903542 -0.34837281]
702.715564250946,1004,False,6,2,[ 8.45772918 -0.76831119  3.99474539],cruising,[-0.62185191  0.08809385  0.93462812]
702.715564250946,1005,False,5,0,[-4.19038222  7.03439074  3.9277528 ],cruising,[ 0.50568378 -0.03156594 -0.11489306]
702.8113768100739,1000,False,1,3,[-0.82709999 -8.01505789  1.47833725],fake_landed,[-0.82138112 -0.19970136 -0.21083176]
702.8113768100739,1001,False,4,1,[-3.24185161 -1.24571512  4.00004665],cruising,[-0.48080528  0.59740651 -0.20557775]
702.8113768100739,1002,False,0,6,[6.44055624 4.84942261 3.99417669],exiting,[ 0.5677905  -0.59831228 -0.99408226]
702.8113768100739,1003,False,2,4,[0.62400404 5.94392952 4.00001446],cruising,[ 0.63925976  0.24903542 -0.34837281]
702.8113768100739,1004,False,6,2,[ 8.4438199  -0.96782694  3.99553358],cruising,[-0.62185191  0.08809385  0.93462812]
702.8113768100739,1005,False,5,0,[-3.99328728  7.06835521  3.93858988],cruising,[ 0.50568378 -0.03156594 -0.11489306]
702.9083518981934,1000,False,1,3,[-0.84557394 -8.01344899  1.40051615],fake_landed,[-0.82138112 -0.19970136 -0.21083176]
702.9083518981934,1001,False,4,1,[-3.26352417 -1.04689284  4.00003966],cruising,[-0.48080528  0.59740651 -0.20557775]
702.9083518981934,1002,False,0,6,[6.54472435 4.88889062 3.99790346],exiting,[ 0.5677905  -0.59831228 -0.99408226]
702.9083518981934,1003,False,2,4,[0.79557747 5.84115522 4.0000123 ],cruising,[ 0.63925976  0.24903542 -0.34837281]
702.9083518981934,1004,False,6,2,[ 8.4256306  -1.16699809  3.99620355],cruising,[-0.62185191  0.08809385  0.93462812]
702.9083518981934,1005,False,5,0,[-3.79654786  7.10432188  3.9478014 ],cruising,[ 0.50568378 -0.03156594 -0.11489306]
703.0080764293671,1000,False,1,3,[-0.85942941 -8.01224232  1.34215032],fake_landed,[-0.82138112 -0.19970136 -0.21083176]
703.0080764293671,1001,False,4,1,[-3.29865361 -0.85000221  4.00003371],cruising,[-0.48080528  0.59740651 -0.20557775]
703.0080764293671,1002,False,0,6,[6.63326224 4.94081167 4.0008441 ],exiting,[ 0.5677905  -0.59831228 -0.99408226]
703.0080764293671,1003,False,2,4,[0.96849467 5.74065823 4.00001045],cruising,[ 0.63925976  0.24903542 -0.34837281]
703.0080764293671,1004,False,6,2,[ 8.40552043 -1.36598448  3.99677301],cruising,[-0.62185191  0.08809385  0.93462812]
703.0080764293671,1005,False,5,0,[-3.59948312  7.13846112  3.95563119],cruising,[ 0.50568378 -0.03156594 -0.11489306]
703.1126387119293,1000,False,1,3,[-0.86866639 -8.01143787  1.30323977],fake_landed,[-0.82138112 -0.19970136 -0.21083176]
703.1126387119293,1001,False,4,1,[-3.34463021 -0.65535855  4.00002865],cruising,[-0.48080528  0.59740651 -0.20557775]
703.1126387119293,1002,False,0,6,[6.7061011  5.00508959 4.00286373],exiting,[ 0.5677905  -0.59831228 -0.99408226]
703.1126387119293,1003,False,2,4,[1.14377238 5.6443373  4.00000888],cruising,[ 0.63925976  0.24903542 -0.34837281]
703.1126387119293,1004,False,6,2,[ 8.38328691 -1.56474481  3.99725706],cruising,[-0.62185191  0.08809385  0.93462812]
703.1126387119293,1005,False,5,0,[-3.4023891   7.17243091  3.96228651],cruising,[ 0.50568378 -0.03156594 -0.11489306]
703.2223353385925,1000,False,1,3,[-0.87328488 -8.01103564  1.28378449],fake_landed,[-0.82138112 -0.19970136 -0.21083176]
703.2223353385925,1001,False,4,1,[-3.40207142 -0.46378479  4.00002435],cruising,[-0.48080528  0.59740651 -0.20557775]
703.2223353385925,1002,False,0,6,[6.76317052 5.08162424 4.00383571],exiting,[ 0.5677905  -0.59831228 -0.99408226]
703.2223353385925,1003,False,2,4,[1.3208444  5.55135611 4.00000755],cruising,[ 0.63925976  0.24903542 -0.34837281]
703.2223353385925,1004,False,6,2,[ 8.35638631 -1.76292745  3.9976685 ],cruising,[-0.62185191  0.08809385  0.93462812]
703.2223353385925,1005,False,5,0,[-3.20506687  7.20504896  3.96794354],cruising,[ 0.50568378 -0.03156594 -0.11489306]
703.3127942085266,1000,False,3,5,[-0.87328488 -8.01103564  1.28378449],waiting,[-0.82138112 -0.19970136 -0.21083176]
703.3127942085266,1001,False,4,1,[-3.47019054 -0.27574281  4.0000207 ],cruising,[-0.48080528  0.59740651 -0.20557775]
703.3127942085266,1002,False,0,6,[6.80439821 5.17031326 4.00366287],exiting,[ 0.5677905  -0.59831228 -0.99408226]
703.3127942085266,1003,False,2,4,[1.49992636 5.46230753 4.00000642],cruising,[ 0.63925976  0.24903542 -0.34837281]
703.3127942085266,1004,False,6,2,[ 8.32728756 -1.96079928  3.99801823],cruising,[-0.62185191  0.08809385  0.93462812]
703.3127942085266,1005,False,5,0,[-3.00697132  7.23258358  3.97275201],cruising,[ 0.50568378 -0.03156594 -0.11489306]
703.4079196453094,1000,False,3,5,[-0.87328488 -8.01103564  1.28378449],waiting,[-0.82138112 -0.19970136 -0.21083176]
703.4079196453094,1001,False,4,1,[-3.54632214 -0.09079963  4.0000176 ],cruising,[-0.48080528  0.59740651 -0.20557775]
703.4079196453094,1002,False,0,6,[6.83870093 5.26424576 4.00303009],exiting,[ 0.5677905  -0.59831228 -0.99408226]
703.4079196453094,1003,False,2,4,[1.68223474 5.38006609 4.00000546],cruising,[ 0.63925976  0.24903542 -0.34837281]
703.4079196453094,1004,False,6,2,[ 8.29572589 -2.15829324  3.99831549],cruising,[-0.62185191  0.08809385  0.93462812]
703.4079196453094,1005,False,5,0,[-2.80847122  7.25703171  3.9768392 ],cruising,[ 0.50568378 -0.03156594 -0.11489306]
703.5095281600952,1000,False,3,5,[-0.87328488 -8.01103564  1.28378449],waiting,[-0.82138112 -0.19970136 -0.21083176]
703.5095281600952,1001,False,4,1,[-3.63319752  0.08934661  4.00001496],cruising,[-0.48080528  0.59740651 -0.20557775]
703.5095281600952,1002,False,0,6,[6.87300365 5.35817828 4.00250502],exiting,[ 0.5677905  -0.59831228 -0.99408226]
703.5095281600952,1003,False,2,4,[1.86673678 5.30287152 4.00000464],cruising,[ 0.63925976  0.24903542 -0.34837281]
703.5095281600952,1004,False,6,2,[ 8.25868519 -2.35483327  3.99856817],cruising,[-0.62185191  0.08809385  0.93462812]
703.5095281600952,1005,False,5,0,[-2.60920903  7.27419502  3.98031332],cruising,[ 0.50568378 -0.03156594 -0.11489306]
703.6076092720032,1000,False,3,5,[-0.87328488 -8.01103564  1.28378449],waiting,[-0.82138112 -0.19970136 -0.21083176]
703.6076092720032,1001,False,4,1,[-3.72774725  0.26558608  4.00001271],cruising,[-0.48080528  0.59740651 -0.20557775]
703.6076092720032,1002,False,0,6,[6.90730638 5.45211081 4.00206955],exiting,[ 0.5677905  -0.59831228 -0.99408226]
703.6076092720032,1003,False,2,4,[2.05354001 5.23142538 4.00000394],cruising,[ 0.63925976  0.24903542 -0.34837281]
703.6076092720032,1004,False,6,2,[ 8.21895484 -2.5508473   3.99878294],cruising,[-0.62185191  0.08809385  0.93462812]
703.6076092720032,1005,False,5,0,[-2.40957467  7.28628307  3.98326633],cruising,[ 0.50568378 -0.03156594 -0.11489306]
703.7084572315216,1000,False,3,5,[-0.87328488 -8.01103564  1.28378449],waiting,[-0.82138112 -0.19970136 -0.21083176]
703.7084572315216,1001,False,4,1,[-3.83003462  0.43745025  4.00001081],cruising,[-0.48080528  0.59740651 -0.20557775]
703.7084572315216,1002,False,0,6,[6.94160911 5.54604334 4.00170857],exiting,[ 0.5677905  -0.59831228 -0.99408226]
703.7084572315216,1003,False,2,4,[2.24268482 5.16643122 4.00000335],cruising,[ 0.63925976  0.24903542 -0.34837281]
703.7084572315216,1004,False,6,2,[ 8.17304634 -2.74550703  3.9989655 ],cruising,[-0.62185191  0.08809385  0.93462812]
703.7084572315216,1005,False,5,0,[-2.2095814   7.28792397  3.98577638],cruising,[ 0.50568378 -0.03156594 -0.11489306]
703.8077595233917,1000,False,3,5,[-0.87328488 -8.01103564  1.28378449],waiting,[-0.82138112 -0.19970136 -0.21083176]
703.8077595233917,1001,False,4,1,[-3.93634438  0.60685578  4.00000919],cruising,[-0.48080528  0.59740651 -0.20557775]
703.8077595233917,1002,False,0,6,[6.97591184 5.63997587 4.00140952],exiting,[ 0.5677905  -0.59831228 -0.99408226]
703.8077595233917,1003,False,2,4,[2.43642572 5.11678785 4.00000285],cruising,[ 0.63925976  0.24903542 -0.34837281]
703.8077595233917,1004,False,6,2,[ 8.12398319 -2.93939568  3.99912068],cruising,[-0.62185191  0.08809385  0.93462812]
703.8077595233917,1005,False,5,0,[-2.01020958  7.27208486  3.98790992],cruising,[ 0.50568378 -0.03156594 -0.11489306]
703.9092311859131,1000,False,3,5,[-0.87328488 -8.01103564  1.28378449],waiting,[-0.82138112 -0.19970136 -0.21083176]
703.9092311859131,1001,False,4,1,[-4.04578747  0.77425414  4.00000781],cruising,[-0.48080528  0.59740651 -0.20557775]
703.9092311859131,1002,False,0,6,[7.01021457 5.73390841 4.0011619 ],exiting,[ 0.5677905  -0.59831228 -0.99408226]
703.9092311859131,1003,False,2,4,[2.63216146 5.07570842 4.00000242],cruising,[ 0.63925976  0.24903542 -0.34837281]
703.9092311859131,1004,False,6,2,[ 8.06754279 -3.13126668  3.99925258],cruising,[-0.62185191  0.08809385  0.93462812]
703.9092311859131,1005,False,5,0,[-1.81325516  7.23731483  3.98972343],cruising,[ 0.50568378 -0.03156594 -0.11489306]
704.0082747936249,1000,False,3,5,[-0.87328488 -8.01103564  1.28378449],waiting,[-0.82138112 -0.19970136 -0.21083176]
704.0082747936249,1001,False,4,1,[-4.15762549  0.94006203  4.00000664],cruising,[-0.48080528  0.59740651 -0.20557775]
704.0082747936249,1002,False,0,6,[7.0445173  5.82784095 4.00095699],exiting,[ 0.5677905  -0.59831228 -0.99408226]
704.0082747936249,1003,False,2,4,[2.82927431 5.04184807 4.00000206],cruising,[ 0.63925976  0.24903542 -0.34837281]
704.0082747936249,1004,False,6,2,[ 8.00720257 -3.32194719  3.99936469],cruising,[-0.62185191  0.08809385  0.93462812]
704.0082747936249,1005,False,5,0,[-1.61993547  7.18605571  3.99126492],cruising,[ 0.50568378 -0.03156594 -0.11489306]
704.1134946346283,1000,False,3,5,[-0.87328488 -8.01103564  1.28378449],waiting,[-0.82138112 -0.19970136 -0.21083176]
704.1134946346283,1001,False,4,1,[-4.27124264  1.1046559   4.00000564],cruising,[-0.48080528  0.59740651 -0.20557775]
704.1134946346283,1002,False,0,6,[7.07882004 5.92177349 4.00078754],exiting,[ 0.5677905  -0.59831228 -0.99408226]
704.1134946346283,1003,False,2,4,[3.02731893 5.01394953 4.00000175],cruising,[ 0.63925976  0.24903542 -0.34837281]
704.1134946346283,1004,False,6,2,[ 7.93758905 -3.50944108  3.99945999],cruising,[-0.62185191  0.08809385  0.93462812]
704.1134946346283,1005,False,5,0,[-1.43084959  7.12089028  3.99257518],cruising,[ 0.50568378 -0.03156594 -0.11489306]
704.2106120586395,1000,False,3,5,[-0.87328488 -8.01103564  1.28378449],waiting,[-0.82138112 -0.19970136 -0.21083176]
704.2106120586395,1001,False,4,1,[-4.38612119  1.26837188  4.00000479],cruising,[-0.48080528  0.59740651 -0.20557775]
704.2106120586395,1002,False,0,6,[7.11312277 6.01570603 4.0006475 ],exiting,[ 0.5677905  -0.59831228 -0.99408226]
704.2106120586395,1003,False,2,4,[3.22598237 4.99086627 4.00000149],cruising,[ 0.63925976  0.24903542 -0.34837281]
704.2106120586395,1004,False,6,2,[ 7.85763538 -3.69276432  3.99954099],cruising,[-0.62185191  0.08809385  0.93462812]
704.2106120586395,1005,False,5,0,[-1.24608556  7.04432494  3.9936889 ],cruising,[ 0.50568378 -0.03156594 -0.11489306]
704.3226671218872,1000,False,3,5,[-0.87328488 -8.01103564  1.28378449],waiting,[-0.82138112 -0.19970136 -0.21083176]
704.3226671218872,1001,False,4,1,[-4.50182048  1.43150886  4.00000408],cruising,[-0.48080528  0.59740651 -0.20557775]
704.3226671218872,1002,False,0,6,[7.1474255  6.10963857 4.00053185],exiting,[ 0.5677905  -0.59831228 -0.99408226]
704.3226671218872,1003,False,2,4,[3.42504908 4.9715674  4.00000126],cruising,[ 0.63925976  0.24903542 -0.34837281]
704.3226671218872,1004,False,6,2,[ 7.76577986 -3.87042288  3.99960984],cruising,[-0.62185191  0.08809385  0.93462812]
704.3226671218872,1005,False,5,0,[-1.06395483  6.96169083  3.99463557],cruising,[ 0.50568378 -0.03156594 -0.11489306]
704.4113972187042,1000,False,3,5,[-0.87328488 -8.01103564  1.28378449],waiting,[-0.82138112 -0.19970136 -0.21083176]
704.4113972187042,1001,False,4,1,[-4.61785914  1.59440462  4.00000346],cruising,[-0.48080528  0.59740651 -0.20557775]
704.4113972187042,1002,False,0,6,[7.18172823 6.20357111 4.0004364 ],exiting,[ 0.5677905  -0.59831228 -0.99408226]
704.4113972187042,1003,False,2,4,[3.6243726  4.9551316  4.00000107],cruising,[ 0.63925976  0.24903542 -0.34837281]
704.4113972187042,1004,False,6,2,[ 7.65990411 -4.0401      3.99966836],cruising,[-0.62185191  0.08809385  0.93462812]
704.4113972187042,1005,False,5,0,[-0.8858582   6.87068758  3.99544023],cruising,[ 0.50568378 -0.03156594 -0.11489306]
704.5076997280121,1000,False,3,5,[-0.87328488 -8.01103564  1.28378449],queued,[-0.82138112 -0.19970136 -0.21083176]
704.5076997280121,1001,False,4,1,[-4.73416196  1.75711188  4.00000294],cruising,[-0.48080528  0.59740651 -0.20557775]
704.5076997280121,1002,False,0,6,[7.21603097 6.29750365 4.0003577 ],exiting,[ 0.5677905  -0.59831228 -0.99408226]
704.5076997280121,1003,False,2,4,[3.82385377 4.94073502 4.00000091],cruising,[ 0.63925976  0.24903542 -0.34837281]
704.5076997280121,1004,False,6,2,[ 7.53762068 -4.19834088  3.99971825],cruising,[-0.62185191  0.08809385  0.93462812]
704.5076997280121,1005,False,5,0,[-0.71110416  6.77341977  3.9961242 ],cruising,[ 0.50568378 -0.03156594 -0.11489306]
704.6149761676788,1000,False,3,5,[-0.87328488 -8.01103564  1.30378449],queued,[-0.82138112 -0.19970136 -0.21083176]
704.6149761676788,1001,False,4,1,[-4.85037979  1.91987987  4.0000025 ],cruising,[-0.48080528  0.59740651 -0.20557775]
704.6149761676788,1002,False,0,6,[7.2503337  6.39143619 4.00029285],exiting,[ 0.5677905  -0.59831228 -0.99408226]
704.6149761676788,1003,False,2,4,[4.02342437 4.92763631 4.00000078],cruising,[ 0.63925976  0.24903542 -0.34837281]
704.6149761676788,1004,False,6,2,[ 7.40035016 -4.34333838  3.99976239],cruising,[-0.62185191  0.08809385  0.93462812]
704.6149761676788,1005,False,5,0,[-0.5380235   6.67320458  3.99670557],cruising,[ 0.50568378 -0.03156594 -0.11489306]
704.7074337005615,1000,False,3,5,[-0.87328488 -8.01103564  1.34378449],queued,[-0.82138112 -0.19970136 -0.21083176]
704.7074337005615,1001,False,4,1,[-4.96619535  2.08293432  4.00000213],cruising,[-0.48080528  0.59740651 -0.20557775]
704.7074337005615,1002,False,0,6,[7.28463643 6.48536873 4.00023946],exiting,[ 0.5677905  -0.59831228 -0.99408226]
704.7074337005615,1003,False,2,4,[4.22300981 4.91476572 4.00000066],cruising,[ 0.63925976  0.24903542 -0.34837281]
704.7074337005615,1004,False,6,2,[ 7.25052298 -4.47276891  3.99980351],cruising,[-0.62185191  0.08809385  0.93462812]
704.7074337005615,1005,False,5,0,[-0.36722278  6.56915116  3.99719973],cruising,[ 0.50568378 -0.03156594 -0.11489306]
704.8152022361755,1000,False,3,5,[-0.87328488 -8.01103564  1.40378449],queued,[-0.82138112 -0.19970136 -0.21083176]
704.8152022361755,1001,False,4,1,[-5.08130997  2.24648439  4.00000181],cruising,[-0.48080528  0.59740651 -0.20557775]
704.8152022361755,1002,False,0,6,[7.31893917 6.57930127 4.00019554],exiting,[ 0.5677905  -0.59831228 -0.99408226]
704.8152022361755,1003,False,2,4,[4.42262106 4.90230184 4.00000056],cruising,[ 0.63925976  0.24903542 -0.34837281]
704.8152022361755,1004,False,6,2,[ 7.09004146 -4.58527357  3.99984162],cruising,[-0.62185191  0.08809385  0.93462812]
704.8152022361755,1005,False,5,0,[-0.19788462  6.46273412  3.99761977],cruising,[ 0.50568378 -0.03156594 -0.11489306]
704.9088451862335,1000,False,3,5,[-0.87328488 -8.01103564  1.47878449],queued,[-0.82138112 -0.19970136 -0.21083176]
704.9088451862335,1001,False,4,1,[-5.19596725  2.4103554   4.00000154],cruising,[-0.48080528  0.59740651 -0.20557775]
704.9088451862335,1002,False,0,6,[7.3532419  6.67323382 4.00015946],exiting,[ 0.5677905  -0.59831228 -0.99408226]
704.9088451862335,1003,False,2,4,[4.62221406 4.88954898 4.00000048],cruising,[ 0.63925976  0.24903542 -0.34837281]
704.9088451862335,1004,False,6,2,[ 6.92095828 -4.67972245  3.99987666],cruising,[-0.62185191  0.08809385  0.93462812]
704.9088451862335,1005,False,5,0,[-0.02898338  6.35562496  3.99797681],cruising,[ 0.50568378 -0.03156594 -0.11489306]
705.0112128257751,1000,False,3,5,[-0.87328488 -8.01103564  1.55378449],queued,[-0.82138112 -0.19970136 -0.21083176]
705.0112128257751,1001,False,4,1,[-5.30936104  2.57510323  4.00000131],cruising,[-0.48080528  0.59740651 -0.20557775]
705.0112128257751,1002,False,0,6,[7.38754463 6.76716636 4.00012983],exiting,[ 0.5677905  -0.59831228 -0.99408226]
705.0112128257751,1003,False,2,4,[4.82174488 4.87585764 4.00000041],cruising,[ 0.63925976  0.24903542 -0.34837281]
705.0112128257751,1004,False,6,2,[ 6.74542033 -4.75524156  3.99990859],cruising,[-0.62185191  0.08809385  0.93462812]
705.0112128257751,1005,False,5,0,[0.13957817 6.24798201 3.99828029],cruising,[ 0.50568378 -0.03156594 -0.11489306]
705.1147272586823,1000,False,3,5,[-0.87328488 -8.01103564  1.62878449],queued,[-0.82138112 -0.19970136 -0.21083176]
705.1147272586823,1001,False,4,1,[-5.42117788  2.74092541  4.00000111],cruising,[-0.48080528  0.59740651 -0.20557775]
705.1147272586823,1002,False,0,6,[7.42184737 6.8610989  4.00010554],exiting,[ 0.5677905  -0.59831228 -0.99408226]
705.1147272586823,1003,False,2,4,[5.02116234 4.86060389 4.00000034],cruising,[ 0.63925976  0.24903542 -0.34837281]
705.1147272586823,1004,False,6,2,[ 6.56561577 -4.81122107  3.99993734],cruising,[-0.62185191  0.08809385  0.93462812]
705.1147272586823,1005,False,5,0,[0.30838731 6.14072776 3.99853824],cruising,[ 0.50568378 -0.03156594 -0.11489306]
705.2116892337799,1000,False,3,5,[-0.87328488 -8.01103564  1.70378449],queued,[-0.82138112 -0.19970136 -0.21083176]
705.2116892337799,1001,False,4,1,[-5.53107895  2.90802345  4.00000094],cruising,[-0.48080528  0.59740651 -0.20557775]
705.2116892337799,1002,False,0,6,[7.4561501  6.95503144 4.00008564],exiting,[ 0.5677905  -0.59831228 -0.99408226]
705.2116892337799,1003,False,2,4,[5.22049133 4.84423465 4.00000029],cruising,[ 0.63925976  0.24903542 -0.34837281]
705.2116892337799,1004,False,6,2,[ 6.38375639 -4.84730642  3.9999628 ],cruising,[-0.62185191  0.08809385  0.93462812]
705.2116892337799,1005,False,5,0,[0.47769981 6.0342699  3.99875751],exiting,[ 0.50568378 -0.03156594 -0.11489306]
705.3100984096527,1000,False,3,5,[-0.87328488 -8.01103564  1.77878449],queued,[-0.82138112 -0.19970136 -0.21083176]
705.3100984096527,1001,False,4,1,[-5.63868516  3.07660845  4.0000008 ],cruising,[-0.48080528  0.59740651 -0.20557775]
705.3100984096527,1002,False,0,6,[7.49045283 7.04896398 4.00006936],exiting,[ 0.5677905  -0.59831228 -0.99408226]
705.3100984096527,1003,False,2,4,[5.41957864 4.82514946 4.00000025],cruising,[ 0.63925976  0.24903542 -0.34837281]
705.3100984096527,1004,False,6,2,[ 6.20122525 -4.86340306  3.99998467],cruising,[-0.62185191  0.08809385  0.93462812]
705.3100984096527,1005,False,5,0,[0.63671135 5.94495526 3.99897718],exiting,[ 0.50568378 -0.03156594 -0.11489306]
705.4076564311981,1000,False,3,5,[-0.87328488 -8.01103564  1.85378449],entering,[-0.82138112 -0.19970136 -0.21083176]
705.4076564311981,1001,False,4,1,[-5.74355954  3.24690632  4.00000068],cruising,[-0.48080528  0.59740651 -0.20557775]
705.4076564311981,1002,False,0,6,[7.52475557 7.14289653 4.00005606],exiting,[ 0.5677905  -0.59831228 -0.99408226]
705.4076564311981,1003,False,2,4,[5.6183121  4.80267701 4.00000021],cruising,[ 0.63925976  0.24903542 -0.34837281]
705.4076564311981,1004,False,6,2,[ 6.01948265 -4.85951524  4.00000287],cruising,[-0.62185191  0.08809385  0.93462812]
705.4076564311981,1005,False,5,0,[0.78526594 5.87268915 3.99919436],exiting,[ 0.50568378 -0.03156594 -0.11489306]
705.5171546936035,1000,False,3,5,[-0.87977606 -7.99211834  1.92878449],entering,[-0.82138112 -0.19970136 -0.21083176]
705.5171546936035,1001,False,4,1,[-5.8468632   3.41816155  4.00000058],cruising,[-0.48080528  0.59740651 -0.20557775]
705.5171546936035,1002,False,0,6,[7.5590583  7.23682907 4.00004521],exiting,[ 0.5677905  -0.59831228 -0.99408226]
705.5171546936035,1003,False,2,4,[5.81653941 4.77610758 4.00000018],cruising,[ 0.63925976  0.24903542 -0.34837281]
705.5171546936035,1004,False,6,2,[ 5.83972101 -4.83572578  4.00001729],cruising,[-0.62185191  0.08809385  0.93462812]
705.5171546936035,1005,False,5,0,[0.92318899 5.81736323 3.99940582],exiting,[ 0.50568378 -0.03156594 -0.11489306]
705.6098356246948,1000,False,3,5,[-0.89275844 -7.95428372  2.00378449],entering,[-0.82138112 -0.19970136 -0.21083176]
705.6098356246948,1001,False,4,1,[-5.9462532   3.59171739  4.00000049],cruising,[-0.48080528  0.59740651 -0.20557775]
705.6098356246948,1002,False,0,6,[7.59336103 7.33076161 4.00003637],exiting,[ 0.5677905  -0.59831228 -0.99408226]
705.6098356246948,1003,False,2,4,[6.01405371 4.74467353 4.00000015],cruising,[ 0.63925976  0.24903542 -0.34837281]
705.6098356246948,1004,False,6,2,[ 5.66247882 -4.79209564  4.00002764],cruising,[-0.62185191  0.08809385  0.93462812]
705.6098356246948,1005,False,5,0,[1.05028321 5.77885208 3.99960788],exiting,[ 0.50568378 -0.03156594 -0.11489306]
705.7169146537781,1000,False,3,5,[-0.91223199 -7.8975318   2.07878449],entering,[-0.82138112 -0.19970136 -0.21083176]
705.7169146537781,1001,False,4,1,[-6.04104035  3.76782928  4.00000042],cruising,[-0.48080528  0.59740651 -0.20557775]
705.7169146537781,1002,False,0,6,[7.62766377 7.42469415 4.00002918],exiting,[ 0.5677905  -0.59831228 -0.99408226]
705.7169146537781,1003,False,2,4,[6.2105744  4.70753033 4.00000013],cruising,[ 0.63925976  0.24903542 -0.34837281]
705.7169146537781,1004,False,6,2,[ 5.48849229 -4.72873226  4.00003377],cruising,[-0.62185191  0.08809385  0.93462812]
705.7169146537781,1005,False,5,0,[1.1663201  5.75700632 3.99979626],exiting,[ 0.50568378 -0.03156594 -0.11489306]
705.8144841194153,1000,False,3,5,[-0.93819674 -7.82186257  2.15378449],entering,[-0.82138112 -0.19970136 -0.21083176]
705.8144841194153,1001,False,4,1,[-6.12746935  3.9481901   4.00000036],cruising,[-0.48080528  0.59740651 -0.20557775]
705.8144841194153,1002,False,0,6,[7.6619665  7.51862669 4.00002334],exiting,[ 0.5677905  -0.59831228 -0.99408226]
705.8144841194153,1003,False,2,4,[6.40572135 4.66373915 4.00000011],cruising,[ 0.63925976  0.24903542 -0.34837281]
705.8144841194153,1004,False,6,2,[ 5.31756401 -4.64560409  4.00003521],cruising,[-0.62185191  0.08809385  0.93462812]
705.8144841194153,1005,False,5,0,[1.27101996 5.75163695 3.99996562],exiting,[ 0.50568378 -0.03156594 -0.11489306]
705.9085326194763,1000,False,3,5,[-0.97065267 -7.72727604  2.22878449],entering,[-0.82138112 -0.19970136 -0.21083176]
705.9085326194763,1001,False,4,1,[-6.20729426  4.13156944  4.0000003 ],cruising,[-0.48080528  0.59740651 -0.20557775]
705.9085326194763,1002,False,0,6,[7.69626924 7.61255924 4.0000186 ],exiting,[ 0.5677905  -0.59831228 -0.99408226]
705.9085326194763,1003,False,2,4,[6.59898064 4.61225275 4.00000009],cruising,[ 0.63925976  0.24903542 -0.34837281]
705.9085326194763,1004,False,6,2,[ 5.14916982 -4.5426371   4.00003152],cruising,[-0.62185191  0.08809385  0.93462812]
705.9085326194763,1005,False,5,0,[1.36399527 5.76247049 4.00010855],exiting,[ 0.50568378 -0.03156594 -0.11489306]
706.0159711837769,1000,False,3,5,[-1.00959979 -7.6137722   2.30378449],entering,[-0.82138112 -0.19970136 -0.21083176]
706.0159711837769,1001,False,4,1,[-6.27891199  4.31830696  4.00000026],cruising,[-0.48080528  0.59740651 -0.20557775]
706.0159711837769,1002,False,0,6,[7.73057197 7.70649178 4.00001478],exiting,[ 0.5677905  -0.59831228 -0.99408226]
706.0159711837769,1003,False,2,4,[6.7896599  4.55190857 4.00000008],cruising,[ 0.63925976  0.24903542 -0.34837281]
706.0159711837769,1004,False,6,2,[ 4.97720481 -4.44051936  4.00002679],cruising,[-0.62185191  0.08809385  0.93462812]
706.0159711837769,1005,False,5,0,[1.44500813 5.78933209 4.00022067],exiting,[ 0.50568378 -0.03156594 -0.11489306]
706.1095342636108,1000,False,3,5,[-1.05503809 -7.48135105  2.37878449],entering,[-0.82138112 -0.19970136 -0.21083176]
706.1095342636108,1001,False,4,1,[-6.34027241  4.50866163  4.00000022],cruising,[-0.48080528  0.59740651 -0.20557775]
706.1095342636108,1002,False,0,6,[7.7648747  7.80042432 4.00001169],exiting,[ 0.5677905  -0.59831228 -0.99408226]
706.1095342636108,1003,False,2,4,[6.97683238 4.48143543 4.00000007],cruising,[ 0.63925976  0.24903542 -0.34837281]
706.1095342636108,1004,False,6,2,[ 4.80242878 -4.34329108  4.00002277],cruising,[-0.62185191  0.08809385  0.93462812]
706.1095342636108,1005,False,5,0,[1.5138185  5.83203976 4.00029794],exiting,[ 0.50568378 -0.03156594 -0.11489306]
706.2222602367401,1000,False,3,5,[-1.10696758 -7.33001259  2.45378449],entering,[-0.82138112 -0.19970136 -0.21083176]
706.2222602367401,1001,False,4,1,[-6.38230612  4.70416205  4.00000019],cruising,[-0.48080528  0.59740651 -0.20557775]
706.2222602367401,1002,False,0,6,[7.79917744 7.89435686 4.0000092 ],exiting,[ 0.5677905  -0.59831228 -0.99408226]
706.2222602367401,1003,False,2,4,[7.1592711  4.39948354 4.00000006],cruising,[ 0.63925976  0.24903542 -0.34837281]
706.2222602367401,1004,False,6,2,[ 4.62451935 -4.2519224   4.00001936],cruising,[-0.62185191  0.08809385  0.93462812]
706.2222602367401,1005,False,5,0,[1.57018428 5.89040409 4.00033694],exiting,[ 0.50568378 -0.03156594 -0.11489306]
706.3130214214325,1000,False,3,5,[-1.16538826 -7.15975683  2.52878449],entering,[-0.82138112 -0.19970136 -0.21083176]
706.3130214214325,1001,False,4,1,[-6.4045505   4.90255763  4.00000016],cruising,[-0.48080528  0.59740651 -0.20557775]
706.3130214214325,1002,False,0,6,[7.83348017 7.9882894  4.00000721],exiting,[ 0.5677905  -0.59831228 -0.99408226]
706.3130214214325,1003,False,2,4,[7.33538032 4.30469144 4.00000005],cruising,[ 0.63925976  0.24903542 -0.34837281]
706.3130214214325,1004,False,6,2,[ 4.44504731 -4.16366263  4.00001645],cruising,[-0.62185191  0.08809385  0.93462812]
706.3130214214325,1005,False,5,0,[1.61386125 5.9642278  4.00033551],exiting,[ 0.50568378 -0.03156594 -0.11489306]
706.4140703678131,1000,False,3,5,[-1.23155376 -6.9710615   2.60378449],entering,[-0.82138112 -0.19970136 -0.21083176]
706.4140703678131,1001,False,4,1,[-6.40679684  5.10123334  4.00000013],cruising,[-0.48080528  0.59740651 -0.20557775]
706.4140703678131,1002,False,0,6,[7.8677829  8.08222195 4.00000561],exiting,[ 0.5677905  -0.59831228 -0.99408226]
706.4140703678131,1003,False,2,4,[7.50314093 4.19580444 4.00000004],cruising,[ 0.63925976  0.24903542 -0.34837281]
706.4140703678131,1004,False,6,2,[ 4.2637299  -4.07925886  4.00001399],cruising,[-0.62185191  0.08809385  0.93462812]
706.4140703678131,1005,False,5,0,[1.64460295 6.05330527 4.0002945 ],exiting,[ 0.50568378 -0.03156594 -0.11489306]
706.5137484073639,1000,False,3,5,[-1.29773512 -6.78232881  2.67878449],entering,[-0.82138112 -0.19970136 -0.21083176]
706.5137484073639,1001,False,4,1,[-6.38918937  5.29749525  4.00000011],cruising,[-0.48080528  0.59740651 -0.20557775]
706.5137484073639,1002,False,0,6,[7.90208564 8.17615449 4.00000433],exiting,[ 0.5677905  -0.59831228 -0.99408226]
706.5137484073639,1003,False,2,4,[7.65887544 4.07093706 4.00000004],cruising,[ 0.63925976  0.24903542 -0.34837281]
706.5137484073639,1004,False,6,2,[ 4.08155664 -3.99671855  4.00001189],cruising,[-0.62185191  0.08809385  0.93462812]
706.5137484073639,1005,False,5,0,[1.66825735 6.15046734 4.00023992],exiting,[ 0.50568378 -0.03156594 -0.11489306]
706.6269392967224,1000,False,3,5,[-1.36391647 -6.59359612  2.75378449],entering,[-0.82138112 -0.19970136 -0.21083176]
706.6269392967224,1001,False,4,1,[-6.35219082  5.48885963  4.00000008],cruising,[-0.48080528  0.59740651 -0.20557775]
706.6269392967224,1002,False,0,6,[7.93638837 8.27008703 4.00000332],exiting,[ 0.5677905  -0.59831228 -0.99408226]
706.6269392967224,1003,False,2,4,[7.80119343 3.93123738 4.00000003],cruising,[ 0.63925976  0.24903542 -0.34837281]
706.6269392967224,1004,False,6,2,[ 3.89827595 -3.91666738  4.0000101 ],cruising,[-0.62185191  0.08809385  0.93462812]
706.6269392967224,1005,False,5,0,[1.69191174 6.24762942 4.00019515],exiting,[ 0.50568378 -0.03156594 -0.11489306]
706.7190752029419,1000,False,3,5,[-1.43087943 -6.40513933  2.82878449],entering,[-0.82138112 -0.19970136 -0.21083176]
706.7190752029419,1001,False,4,1,[-6.29654598  5.67299102  4.00000006],cruising,[-0.48080528  0.59740651 -0.20557775]
706.7190752029419,1002,False,0,6,[7.9706911  8.36401957 4.00000252],exiting,[ 0.5677905  -0.59831228 -0.99408226]
706.7190752029419,1003,False,2,4,[7.92863247 3.77817293 4.00000002],cruising,[ 0.63925976  0.24903542 -0.34837281]
706.7190752029419,1004,False,6,2,[ 3.71447021 -3.83782926  4.00000859],cruising,[-0.62185191  0.08809385  0.93462812]
706.7190752029419,1005,False,5,0,[1.71556614 6.3447915  4.00015846],exiting,[ 0.50568378 -0.03156594 -0.11489306]
706.8133587837219,1000,False,3,5,[-1.49837569 -6.21687288  2.90378449],entering,[-0.82138112 -0.19970136 -0.21083176]
706.8133587837219,1001,False,4,1,[-6.22316922  5.84787153  4.00000004],cruising,[-0.48080528  0.59740651 -0.20557775]
706.8133587837219,1002,False,0,6,[8.00499384 8.45795212 4.00000189],exiting,[ 0.5677905  -0.59831228 -0.99408226]
706.8133587837219,1003,False,2,4,[8.03984311 3.61341922 4.00000002],cruising,[ 0.63925976  0.24903542 -0.34837281]
706.8133587837219,1004,False,6,2,[ 3.52995348 -3.76066983  4.0000073 ],cruising,[-0.62185191  0.08809385  0.93462812]
706.8133587837219,1005,False,5,0,[1.73922054 6.44195358 4.00012843],exiting,[ 0.50568378 -0.03156594 -0.11489306]
706.9180114269257,1000,False,3,5,[-1.56587195 -6.02860644  2.97878449],entering,[-0.82138112 -0.19970136 -0.21083176]
706.9180114269257,1001,False,4,1,[-6.13308146  6.01176375  4.00000003],cruising,[-0.48080528  0.59740651 -0.20557775]
706.9180114269257,1002,False,0,6,[8.03929657 8.55188466 4.00000139],exiting,[ 0.5677905  -0.59831228 -0.99408226]
706.9180114269257,1003,False,2,4,[8.13346757 3.43914049 4.00000002],cruising,[ 0.63925976  0.24903542 -0.34837281]
706.9180114269257,1004,False,6,2,[ 3.34500929 -3.68454068  4.00000621],cruising,[-0.62185191  0.08809385  0.93462812]
706.9180114269257,1005,False,5,0,[1.76287493 6.53911566 4.00010388],exiting,[ 0.50568378 -0.03156594 -0.11489306]
707.015095949173,1000,False,3,5,[-1.63464445 -5.84080244  3.05378449],entering,[-0.82138112 -0.19970136 -0.21083176]
707.015095949173,1001,False,4,1,[-6.02746821  6.16304807  4.00000001],cruising,[-0.48080528  0.59740651 -0.20557775]
707.015095949173,1002,False,0,6,[8.0735993  8.6458172  4.00000101],exiting,[ 0.5677905  -0.59831228 -0.99408226]
707.015095949173,1003,False,2,4,[8.20908192 3.25616484 4.00000001],cruising,[ 0.63925976  0.24903542 -0.34837281]
707.015095949173,1004,False,6,2,[ 3.15956248 -3.60964423  4.00000527],cruising,[-0.62185191  0.08809385  0.93462812]
707.015095949173,1005,False,5,0,[1.78652933 6.63627774 4.00008384],exiting,[ 0.50568378 -0.03156594 -0.11489306]
707.1174247264862,1000,False,3,5,[-1.70341695 -5.65299843  3.12878449],entering,[-0.82138112 -0.19970136 -0.21083176]
707.1174247264862,1001,False,4,1,[-5.90724145  6.30067789  4.        ],cruising,[-0.48080528  0.59740651 -0.20557775]
707.1174247264862,1002,False,0,6,[8.10790204 8.73974974 4.00000071],exiting,[ 0.5677905  -0.59831228 -0.99408226]
707.1174247264862,1003,False,2,4,[8.26604335 3.06597333 4.00000001],cruising,[ 0.63925976  0.24903542 -0.34837281]
707.1174247264862,1004,False,6,2,[ 2.97361537 -3.53599865  4.00000448],cruising,[-0.62185191  0.08809385  0.93462812]
707.1174247264862,1005,False,5,0,[1.81018373 6.73343982 4.0000675 ],exiting,[ 0.50568378 -0.03156594 -0.11489306]
707.2144777774811,1000,False,3,5,[-1.77333079 -5.46561632  3.20378449],entering,[-0.82138112 -0.19970136 -0.21083176]
707.2144777774811,1001,False,4,1,[-5.77328444  6.42376535  3.99999999],cruising,[-0.48080528  0.59740651 -0.20557775]
707.2144777774811,1002,False,0,6,[8.14220477 8.83368228 4.00000049],exiting,[ 0.5677905  -0.59831228 -0.99408226]
707.2144777774811,1003,False,2,4,[8.30387561 2.86994449 4.00000001],cruising,[ 0.63925976  0.24903542 -0.34837281]
707.2144777774811,1004,False,6,2,[ 2.78707768 -3.46386204  4.00000381],cruising,[-0.62185191  0.08809385  0.93462812]
707.2144777774811,1005,False,5,0,[1.83383812 6.83060189 4.00005421],exiting,[ 0.50568378 -0.03156594 -0.11489306]
707.3186726570129,1000,False,3,5,[-1.84278496 -5.27806335  3.27878449],entering,[-0.82138112 -0.19970136 -0.21083176]
707.3186726570129,1001,False,4,1,[-5.6264185   6.5315767   3.99999999],cruising,[-0.48080528  0.59740651 -0.20557775]
707.3186726570129,1002,False,0,6,[8.1765075  8.92761483 4.00000031],exiting,[ 0.5677905  -0.59831228 -0.99408226]
707.3186726570129,1003,False,2,4,[8.33291237 2.67206355 4.00000001],cruising,[ 0.63925976  0.24903542 -0.34837281]
707.3186726570129,1004,False,6,2,[ 2.60006287 -3.39297154  4.00000324],cruising,[-0.62185191  0.08809385  0.93462812]
707.3186726570129,1005,False,5,0,[1.85749252 6.92776397 4.00004341],exiting,[ 0.50568378 -0.03156594 -0.11489306]
707.4239504337311,1000,False,3,5,[-1.91370252 -5.0910588   3.35378449],entering,[-0.82138112 -0.19970136 -0.21083176]
707.4239504337311,1001,False,4,1,[-5.46736899  6.62352739  3.99999998],cruising,[-0.48080528  0.59740651 -0.20557775]
707.4239504337311,1002,False,0,6,[8.21081024 9.02154737 4.00000019],exiting,[ 0.5677905  -0.59831228 -0.99408226]
707.4239504337311,1003,False,2,4,[8.36145144 2.47411022 4.00000001],cruising,[ 0.63925976  0.24903542 -0.34837281]
707.4239504337311,1004,False,6,2,[ 2.41226166 -3.32419142  4.00000275],cruising,[-0.62185191  0.08809385  0.93462812]
707.4239504337311,1005,False,5,0,[1.88114692 7.02492605 4.00003465],exiting,[ 0.50568378 -0.03156594 -0.11489306]
707.5185239315033,1000,False,3,5,[-1.98523955 -4.90429036  3.42878449],entering,[-0.82138112 -0.19970136 -0.21083176]
707.5185239315033,1001,False,4,1,[-5.29671986  6.69918548  3.99999998],cruising,[-0.48080528  0.59740651 -0.20557775]
707.5185239315033,1002,False,0,6,[8.24511297 9.11547991 4.0000001 ],landing,[ 0.5677905  -0.59831228 -0.99408226]
707.5185239315033,1003,False,2,4,[8.3852022  2.27552547 4.00000001],cruising,[ 0.63925976  0.24903542 -0.34837281]
707.5185239315033,1004,False,6,2,[ 2.22352729 -3.25801485  4.00000234],cruising,[-0.62185191  0.08809385  0.93462812]
707.5185239315033,1005,False,5,0,[1.90480131 7.12208813 4.00002756],exiting,[ 0.50568378 -0.03156594 -0.11489306]
707.6170976161957,1000,False,3,5,[-2.05703914 -4.71762269  3.50378449],entering,[-0.82138112 -0.19970136 -0.21083176]
707.6170976161957,1001,False,4,1,[-5.1152768   6.75800637  3.99999998],cruising,[-0.48080528  0.59740651 -0.20557775]
707.6170976161957,1002,False,0,6,[8.27772374 9.1953179  3.98591168],landing,[ 0.5677905  -0.59831228 -0.99408226]
707.6170976161957,1003,False,2,4,[8.40801601 2.07683091 4.        ],cruising,[ 0.63925976  0.24903542 -0.34837281]
707.6170976161957,1004,False,6,2,[ 2.03419582 -3.19356646  4.00000199],cruising,[-0.62185191  0.08809385  0.93462812]
707.6170976161957,1005,False,5,0,[1.92845571 7.21925021 4.00002183],exiting,[ 0.50568378 -0.03156594 -0.11489306]
707.7145988941193,1000,False,3,5,[-2.12873074 -4.53091352  3.57821682],entering,[-0.82138112 -0.19970136 -0.21083176]
707.7145988941193,1001,False,4,1,[-4.92282831  6.80012755  3.99999998],cruising,[-0.48080528  0.59740651 -0.20557775]
707.7145988941193,1002,False,0,6,[8.30854814 9.26091211 3.95789762],landing,[ 0.5677905  -0.59831228 -0.99408226]
707.7145988941193,1003,False,2,4,[8.42639128 1.87767682 4.        ],cruising,[ 0.63925976  0.24903542 -0.34837281]
707.7145988941193,1004,False,6,2,[ 1.84359182 -3.132985    4.00000169],cruising,[-0.62185191  0.08809385  0.93462812]
707.7145988941193,1005,False,5,0,[1.9521101  7.31641229 4.00001722],exiting,[ 0.50568378 -0.03156594 -0.11489306]
707.8243274688721,1000,False,3,5,[-2.19878685 -4.34358455  3.64148429],entering,[-0.82138112 -0.19970136 -0.21083176]
707.8243274688721,1001,False,4,1,[-4.7267799   6.83968788  3.99999998],cruising,[-0.48080528  0.59740651 -0.20557775]
707.8243274688721,1002,False,0,6,[8.33747404 9.3120874  3.91615438],landing,[ 0.5677905  -0.59831228 -0.99408226]
707.8243274688721,1003,False,2,4,[8.44361573 1.67841991 4.        ],cruising,[ 0.63925976  0.24903542 -0.34837281]
707.8243274688721,1004,False,6,2,[ 1.65152973 -3.07719833  4.00000144],cruising,[-0.62185191  0.08809385  0.93462812]
707.8243274688721,1005,False,5,0,[1.9757645  7.41357437 4.00001351],exiting,[ 0.50568378 -0.03156594 -0.11489306]
707.9143340587616,1000,False,3,5,[-2.26347325 -4.15433427  3.69526165],entering,[-0.82138112 -0.19970136 -0.21083176]
707.9143340587616,1001,False,4,1,[-4.53163639  6.8834944   3.99999999],cruising,[-0.48080528  0.59740651 -0.20557775]
707.9143340587616,1002,False,0,6,[8.36434616 9.34860514 3.86095981],landing,[ 0.5677905  -0.59831228 -0.99408226]
707.9143340587616,1003,False,2,4,[8.4567695  1.47885293 4.        ],cruising,[ 0.63925976  0.24903542 -0.34837281]
707.9143340587616,1004,False,6,2,[ 1.4578163  -3.02744788  4.00000122],cruising,[-0.62185191  0.08809385  0.93462812]
707.9143340587616,1005,False,5,0,[1.9994189  7.51073644 4.00001054],exiting,[ 0.50568378 -0.03156594 -0.11489306]
708.017425775528,1000,False,3,5,[-2.32599752 -3.9643587   3.7409724 ],entering,[-0.82138112 -0.19970136 -0.21083176]
708.017425775528,1001,False,4,1,[-4.33711715  6.92999459  3.99999999],cruising,[-0.48080528  0.59740651 -0.20557775]
708.017425775528,1002,False,0,6,[8.38903475 9.37026949 3.79255126],landing,[ 0.5677905  -0.59831228 -0.99408226]
708.017425775528,1003,False,2,4,[8.46866098 1.27920676 4.        ],cruising,[ 0.63925976  0.24903542 -0.34837281]
708.017425775528,1004,False,6,2,[ 1.26227885 -2.98543471  4.00000104],cruising,[-0.62185191  0.08809385  0.93462812]
708.017425775528,1005,False,5,0,[2.02307329 7.60789852 4.00000817],exiting,[ 0.50568378 -0.03156594 -0.11489306]
708.1281385421753,1000,False,3,5,[-2.38768161 -3.77410867  3.77982654],entering,[-0.82138112 -0.19970136 -0.21083176]
708.1281385421753,1001,False,4,1,[-4.1429167   6.97780862  3.99999999],cruising,[-0.48080528  0.59740651 -0.20557775]
708.1281385421753,1002,False,0,6,[8.41141747 9.3768987  3.71115705],landing,[ 0.5677905  -0.59831228 -0.99408226]
708.1281385421753,1003,False,2,4,[8.47900934 1.07947466 4.        ],cruising,[ 0.63925976  0.24903542 -0.34837281]
708.1281385421753,1004,False,6,2,[ 1.06483855 -2.95353911  4.00000088],cruising,[-0.62185191  0.08809385  0.93462812]
708.1281385421753,1005,False,5,0,[2.04672769 7.7050606  4.00000628],exiting,[ 0.50568378 -0.03156594 -0.11489306]
708.2232277393341,1000,False,3,5,[-2.44884085 -3.58368928  3.81285256],cruising,[-0.82138112 -0.19970136 -0.21083176]
708.2232277393341,1001,False,4,1,[-3.94816976  7.02334577  3.99999999],cruising,[-0.48080528  0.59740651 -0.20557775]
708.2232277393341,1002,False,0,6,[8.43136958 9.36831054 3.61701437],landing,[ 0.5677905  -0.59831228 -0.99408226]
708.2232277393341,1003,False,2,4,[8.48535504 0.87957536 4.        ],cruising,[ 0.63925976  0.24903542 -0.34837281]
708.2232277393341,1004,False,6,2,[ 0.86524233 -2.94152697  4.00000075],cruising,[-0.62185191  0.08809385  0.93462812]
708.2232277393341,1005,False,5,0,[2.07038209 7.80222268 4.00000478],exiting,[ 0.50568378 -0.03156594 -0.11489306]
708.3187954425812,1000,False,3,5,[-2.5041146  -3.39147894  3.84092468],cruising,[-0.82138112 -0.19970136 -0.21083176]
708.3187954425812,1001,False,4,1,[-3.75332495  7.06846229  3.99999999],cruising,[-0.48080528  0.59740651 -0.20557775]
708.3187954425812,1002,False,0,6,[8.45067153 9.35580837 3.51969464],landing,[ 0.5677905  -0.59831228 -0.99408226]
708.3187954425812,1003,False,2,4,[8.49022601 0.67963468 4.        ],cruising,[ 0.63925976  0.24903542 -0.34837281]
708.3187954425812,1004,False,6,2,[ 0.6652898  -2.94588399  4.00000064],cruising,[-0.62185191  0.08809385  0.93462812]
708.3187954425812,1005,False,5,0,[2.09403648 7.89938476 4.0000036 ],exiting,[ 0.50568378 -0.03156594 -0.11489306]
708.426919221878,1000,False,3,5,[-2.54969148 -3.1967413   3.86478598],cruising,[-0.82138112 -0.19970136 -0.21083176]
708.426919221878,1001,False,4,1,[-3.5581588   7.1121678   3.99999999],cruising,[-0.48080528  0.59740651 -0.20557775]
708.426919221878,1002,False,0,6,[8.46997347 9.34330621 3.4223749 ],landing,[ 0.5677905  -0.59831228 -0.99408226]
708.426919221878,1003,False,2,4,[8.49342589 0.47966028 4.        ],cruising,[ 0.63925976  0.24903542 -0.34837281]
708.426919221878,1004,False,6,2,[ 0.46578748 -2.95998446  4.00000054],cruising,[-0.62185191  0.08809385  0.93462812]
708.426919221878,1005,False,5,0,[2.11769088 7.99654684 4.00000267],exiting,[ 0.50568378 -0.03156594 -0.11489306]
708.5149760246277,1000,False,3,5,[-2.59373478 -3.0016511   3.88506808],cruising,[-0.82138112 -0.19970136 -0.21083176]
708.5149760246277,1001,False,4,1,[-3.36249724  7.15359911  3.99999999],cruising,[-0.48080528  0.59740651 -0.20557775]
708.5149760246277,1002,False,0,6,[8.48927542 9.33080404 3.32505517],landing,[ 0.5677905  -0.59831228 -0.99408226]
708.5149760246277,1003,False,2,4,[8.49275688 0.2796614  4.        ],cruising,[ 0.63925976  0.24903542 -0.34837281]
708.5149760246277,1004,False,6,2,[ 0.26793829 -2.98923683  4.00000046],cruising,[-0.62185191  0.08809385  0.93462812]
708.5149760246277,1005,False,5,0,[2.14134528 8.09370892 4.00000195],exiting,[ 0.50568378 -0.03156594 -0.11489306]
708.614488363266,1000,False,3,5,[-2.63700135 -2.80638716  3.90230787],cruising,[-0.82138112 -0.19970136 -0.21083176]
708.614488363266,1001,False,4,1,[-3.16573122  7.18941998  4.        ],cruising,[-0.48080528  0.59740651 -0.20557775]
708.614488363266,1002,False,0,6,[8.50857737 9.31830188 3.22773544],landing,[ 0.5677905  -0.59831228 -0.99408226]
708.614488363266,1003,False,2,4,[8.49051438 0.07967397 4.        ],cruising,[ 0.63925976  0.24903542 -0.34837281]
708.614488363266,1004,False,6,2,[ 0.07371075 -3.03694072  4.00000039],cruising,[-0.62185191  0.08809385  0.93462812]
708.614488363266,1005,False,5,0,[2.16499967 8.19087099 4.00000139],exiting,[ 0.50568378 -0.03156594 -0.11489306]
708.7175233364105,1000,False,3,5,[-2.67748512 -2.61052735  3.91696169],cruising,[-0.82138112 -0.19970136 -0.21083176]
708.7175233364105,1001,False,4,1,[-2.96836976  7.22179983  4.        ],cruising,[-0.48080528  0.59740651 -0.20557775]
708.7175233364105,1002,False,0,6,[8.52787932 9.30579972 3.1304157 ],landing,[ 0.5677905  -0.59831228 -0.99408226]
708.7175233364105,1003,False,2,4,[ 8.48652941 -0.12028632  4.        ],cruising,[ 0.63925976  0.24903542 -0.34837281]
708.7175233364105,1004,False,6,2,[-0.11726596 -3.0963368   4.00000033],cruising,[-0.62185191  0.08809385  0.93462812]
708.7175233364105,1005,False,5,0,[2.18865407 8.28803307 4.00000096],exiting,[ 0.50568378 -0.03156594 -0.11489306]
708.8164358139038,1000,False,3,5,[-2.7193439  -2.4149568   3.92941743],cruising,[-0.82138112 -0.19970136 -0.21083176]
708.8164358139038,1001,False,4,1,[-2.76996659  7.24702247  4.        ],cruising,[-0.48080528  0.59740651 -0.20557775]
708.8164358139038,1002,False,0,6,[8.54718126 9.29329755 3.03309597],landing,[ 0.5677905  -0.59831228 -0.99408226]
708.8164358139038,1003,False,2,4,[ 8.48066582 -0.32020035  4.        ],cruising,[ 0.63925976  0.24903542 -0.34837281]
708.8164358139038,1004,False,6,2,[-0.30470149 -3.16610732  4.00000028],cruising,[-0.62185191  0.08809385  0.93462812]
708.8164358139038,1005,False,5,0,[2.21230846 8.38519515 4.00000064],exiting,[ 0.50568378 -0.03156594 -0.11489306]
708.9251186847687,1000,False,3,5,[-2.76282843 -2.21974129  3.94000482],cruising,[-0.82138112 -0.19970136 -0.21083176]
708.9251186847687,1001,False,4,1,[-2.57100176  7.26734484  4.        ],cruising,[-0.48080528  0.59740651 -0.20557775]
708.9251186847687,1002,False,0,6,[8.56648321 9.28079539 2.93577623],landing,[ 0.5677905  -0.59831228 -0.99408226]
708.9251186847687,1003,False,2,4,[ 8.47077547 -0.51995565  4.        ],cruising,[ 0.63925976  0.24903542 -0.34837281]
708.9251186847687,1004,False,6,2,[-0.48753502 -3.24717457  4.00000024],cruising,[-0.62185191  0.08809385  0.93462812]
708.9251186847687,1005,False,5,0,[2.23596286 8.48235723 4.00000039],exiting,[ 0.50568378 -0.03156594 -0.11489306]
709.0241696834564,1000,False,3,5,[-2.80744469 -2.02478132  3.9490041 ],cruising,[-0.82138112 -0.19970136 -0.21083176]
709.0241696834564,1001,False,4,1,[-2.37129247  7.27812429  4.        ],cruising,[-0.48080528  0.59740651 -0.20557775]
709.0241696834564,1002,False,0,6,[8.58578516 9.26829322 2.8384565 ],landing,[ 0.5677905  -0.59831228 -0.99408226]
709.0241696834564,1003,False,2,4,[ 8.45912239 -0.71961588  4.        ],cruising,[ 0.63925976  0.24903542 -0.34837281]
709.0241696834564,1004,False,6,2,[-0.66695521 -3.3355397   4.0000002 ],cruising,[-0.62185191  0.08809385  0.93462812]
709.0241696834564,1005,False,5,0,[2.25961726 8.57951931 4.00000022],exiting,[ 0.50568378 -0.03156594 -0.11489306]
709.126716375351,1000,False,3,5,[-2.85494098 -1.8305029   3.95665348],cruising,[-0.82138112 -0.19970136 -0.21083176]
709.126716375351,1001,False,4,1,[-2.17129367  7.27743032  4.        ],cruising,[-0.48080528  0.59740651 -0.20557775]
709.126716375351,1002,False,0,6,[8.60508711 9.25579106 2.74113676],landing,[ 0.5677905  -0.59831228 -0.99408226]
709.126716375351,1003,False,2,4,[ 8.44554195 -0.91915427  4.        ],cruising,[ 0.63925976  0.24903542 -0.34837281]
709.126716375351,1004,False,6,2,[-0.84480257 -3.42702913  4.00000017],cruising,[-0.62185191  0.08809385  0.93462812]
709.126716375351,1005,False,5,0,[2.28327165 8.67668139 4.00000009],landing,[ 0.50568378 -0.03156594 -0.11489306]
709.2192611694336,1000,False,3,5,[-2.90559083 -1.63702269  3.96315546],cruising,[-0.82138112 -0.19970136 -0.21083176]
709.2192611694336,1001,False,4,1,[-1.97234034  7.25699574  4.        ],cruising,[-0.48080528  0.59740651 -0.20557775]
709.2192611694336,1002,False,0,6,[8.62438906 9.2432889  2.64381703],landing,[ 0.5677905  -0.59831228 -0.99408226]
709.2192611694336,1003,False,2,4,[ 8.42988934 -1.11854082  4.        ],cruising,[ 0.63925976  0.24903542 -0.34837281]
709.2192611694336,1004,False,6,2,[-1.02393006 -3.51598609  4.00000015],cruising,[-0.62185191  0.08809385  0.93462812]
709.2192611694336,1005,False,5,0,[2.30662224 8.75935757 3.9862135 ],landing,[ 0.50568378 -0.03156594 -0.11489306]
709.3179705142975,1000,False,3,5,[-2.95972931 -1.44448951  3.96868214],cruising,[-0.82138112 -0.19970136 -0.21083176]
709.3179705142975,1001,False,4,1,[-1.77608239  7.21848839  4.        ],cruising,[-0.48080528  0.59740651 -0.20557775]
709.3179705142975,1002,False,0,6,[8.643691   9.23078673 2.54649729],landing,[ 0.5677905  -0.59831228 -0.99408226]
709.3179705142975,1003,False,2,4,[ 8.40982721 -1.31753206  4.        ],cruising,[ 0.63925976  0.24903542 -0.34837281]
709.3179705142975,1004,False,6,2,[-1.20719536 -3.59607249  4.00000013],cruising,[-0.62185191  0.08809385  0.93462812]
709.3179705142975,1005,False,5,0,[2.3295925  8.82739323 3.9588067 ],landing,[ 0.50568378 -0.03156594 -0.11489306]
709.422532081604,1000,False,3,5,[-3.01773231 -1.25308509  3.97337982],cruising,[-0.82138112 -0.19970136 -0.21083176]
709.422532081604,1001,False,4,1,[-1.58221566  7.1693387   4.        ],cruising,[-0.48080528  0.59740651 -0.20557775]
709.422532081604,1002,False,0,6,[8.66299295 9.21828457 2.44917756],landing,[ 0.5677905  -0.59831228 -0.99408226]
709.422532081604,1003,False,2,4,[ 8.387743   -1.51630904  4.        ],cruising,[ 0.63925976  0.24903542 -0.34837281]
709.422532081604,1004,False,6,2,[-1.39737211 -3.65739105  4.00000011],cruising,[-0.62185191  0.08809385  0.93462812]
709.422532081604,1005,False,5,0,[2.35209214 8.88060843 3.91797854],landing,[ 0.50568378 -0.03156594 -0.11489306]
709.5137135982513,1000,False,3,5,[-3.07999913 -1.06302499  3.97737285],cruising,[-0.82138112 -0.19970136 -0.21083176]
709.5137135982513,1001,False,4,1,[-1.39277837  7.10520202  4.        ],cruising,[-0.48080528  0.59740651 -0.20557775]
709.5137135982513,1002,False,0,6,[8.6822949  9.20578241 2.35185783],landing,[ 0.5677905  -0.59831228 -0.99408226]
709.5137135982513,1003,False,2,4,[ 8.36343078 -1.71482583  4.        ],cruising,[ 0.63925976  0.24903542 -0.34837281]
709.5137135982513,1004,False,6,2,[-1.59130863 -3.69906618  4.00000009],cruising,[-0.62185191  0.08809385  0.93462812]
709.5137135982513,1005,False,5,0,[2.37399879 8.91876374 3.86400322],landing,[ 0.50568378 -0.03156594 -0.11489306]
709.616907119751,1000,False,3,5,[-3.14582793 -0.87416904  3.98076692],cruising,[-0.82138112 -0.19970136 -0.21083176]
709.616907119751,1001,False,4,1,[-1.20789667  7.02892124  4.        ],cruising,[-0.48080528  0.59740651 -0.20557775]
709.616907119751,1002,False,0,6,[8.70159685 9.19328024 2.25453809],landing,[ 0.5677905  -0.59831228 -0.99408226]
709.616907119751,1003,False,2,4,[ 8.33425995 -1.91268705  4.        ],cruising,[ 0.63925976  0.24903542 -0.34837281]
709.616907119751,1004,False,6,2,[-1.78589076 -3.72075174  4.00000007],cruising,[-0.62185191  0.08809385  0.93462812]
709.616907119751,1005,False,5,0,[2.3951995  8.94164276 3.7971385 ],landing,[ 0.50568378 -0.03156594 -0.11489306]
709.7176501750946,1000,False,3,5,[-3.21674421 -0.68716401  3.98365188],cruising,[-0.82138112 -0.19970136 -0.21083176]
709.7176501750946,1001,False,4,1,[-1.02726924  6.94305081  4.        ],cruising,[-0.48080528  0.59740651 -0.20557775]
709.7176501750946,1002,False,0,6,[8.72089879 9.18077808 2.15721836],landing,[ 0.5677905  -0.59831228 -0.99408226]
709.7176501750946,1003,False,2,4,[ 8.30276723 -2.11019201  4.        ],cruising,[ 0.63925976  0.24903542 -0.34837281]
709.7176501750946,1004,False,6,2,[-1.97811767 -3.72257646  4.00000006],cruising,[-0.62185191  0.08809385  0.93462812]
709.7176501750946,1005,False,5,0,[2.41559416 8.94905736 3.71761668],landing,[ 0.50568378 -0.03156594 -0.11489306]
709.8188986778259,1000,False,3,5,[-3.29316215 -0.50233896  3.9861041 ],cruising,[-0.82138112 -0.19970136 -0.21083176]
709.8188986778259,1001,False,4,1,[-0.85033566  6.84980647  4.        ],cruising,[-0.48080528  0.59740651 -0.20557775]
709.8188986778259,1002,False,0,6,[8.74020074 9.16827591 2.05989862],landing,[ 0.5677905  -0.59831228 -0.99408226]
709.8188986778259,1003,False,2,4,[ 8.26867285 -2.30726451  4.        ],cruising,[ 0.63925976  0.24903542 -0.34837281]
709.8188986778259,1004,False,6,2,[-2.16509051 -3.70510365  4.00000004],cruising,[-0.62185191  0.08809385  0.93462812]
709.8188986778259,1005,False,5,0,[2.43508048 8.94081889 3.62567889],landing,[ 0.50568378 -0.03156594 -0.11489306]
709.922604560852,1000,False,3,5,[-3.37546648 -0.32005897  3.98818848],cruising,[-0.82138112 -0.19970136 -0.21083176]
709.922604560852,1001,False,4,1,[-0.67535737  6.75294266  4.        ],cruising,[-0.48080528  0.59740651 -0.20557775]
709.922604560852,1002,False,0,6,[8.75950269 9.15577375 1.96257889],landing,[ 0.5677905  -0.59831228 -0.99408226]
709.922604560852,1003,False,2,4,[ 8.2287888  -2.50324732  4.        ],cruising,[ 0.63925976  0.24903542 -0.34837281]
709.922604560852,1004,False,6,2,[-2.34448193 -3.66912348  4.00000003],cruising,[-0.62185191  0.08809385  0.93462812]
709.922604560852,1005,False,5,0,[2.45414235 8.9259445  3.52864592],landing,[ 0.50568378 -0.03156594 -0.11489306]
710.0241694450378,1000,False,3,5,[-3.46210275 -0.13979761  3.98996021],cruising,[-0.82138112 -0.19970136 -0.21083176]
710.0241694450378,1001,False,4,1,[-0.50313235  6.65126403  4.        ],cruising,[-0.48080528  0.59740651 -0.20557775]
710.0241694450378,1002,False,0,6,[8.77880464 9.14327159 1.86525915],landing,[ 0.5677905  -0.59831228 -0.99408226]
710.0241694450378,1003,False,2,4,[ 8.18603707 -2.69862463  4.        ],cruising,[ 0.63925976  0.24903542 -0.34837281]
710.0241694450378,1004,False,6,2,[-2.51410319 -3.61569213  4.00000001],cruising,[-0.62185191  0.08809385  0.93462812]
710.0241694450378,1005,False,5,0,[2.47320422 8.91107011 3.43161295],landing,[ 0.50568378 -0.03156594 -0.11489306]
710.1249711513519,1000,False,3,5,[-3.55567423  0.03696318  3.99146618],cruising,[-0.82138112 -0.19970136 -0.21083176]
710.1249711513519,1001,False,4,1,[-0.33284577  6.54637132  4.        ],cruising,[-0.48080528  0.59740651 -0.20557775]
710.1249711513519,1002,False,0,6,[8.79810659 9.13076942 1.76793942],landing,[ 0.5677905  -0.59831228 -0.99408226]
710.1249711513519,1003,False,2,4,[ 8.13666652 -2.89243523  4.        ],cruising,[ 0.63925976  0.24903542 -0.34837281]
710.1249711513519,1004,False,6,2,[-2.67196103 -3.54608604  4.        ],cruising,[-0.62185191  0.08809385  0.93462812]
710.1249711513519,1005,False,5,0,[2.49226609 8.89619572 3.33457998],landing,[ 0.50568378 -0.03156594 -0.11489306]
710.2215466499329,1000,False,3,5,[-3.65529758  0.21038518  3.99274625],cruising,[-0.82138112 -0.19970136 -0.21083176]
710.2215466499329,1001,False,4,1,[-0.16330285  6.4402808   4.        ],cruising,[-0.48080528  0.59740651 -0.20557775]
710.2215466499329,1002,False,0,6,[8.81740853 9.11826726 1.67061968],landing,[ 0.5677905  -0.59831228 -0.99408226]
710.2215466499329,1003,False,2,4,[ 8.08390012 -3.08534896  4.        ],cruising,[ 0.63925976  0.24903542 -0.34837281]
710.2215466499329,1004,False,6,2,[-2.81637815 -3.46166959  3.99999999],cruising,[-0.62185191  0.08809385  0.93462812]
710.2215466499329,1005,False,5,0,[2.51132796 8.88132134 3.237547  ],landing,[ 0.50568378 -0.03156594 -0.11489306]
710.3156960010529,1000,False,3,5,[-3.76173365  0.37971138  3.99383432],cruising,[-0.82138112 -0.19970136 -0.21083176]
710.3156960010529,1001,False,4,1,[5.43207859e-03 6.33290984e+00 4.00000000e+00],cruising,[-0.48080528  0.59740651 -0.20557775]
710.3156960010529,1002,False,0,6,[8.83671048 9.10576509 1.57329995],landing,[ 0.5677905  -0.59831228 -0.99408226]
710.3156960010529,1003,False,2,4,[ 8.02311718 -3.2758888   4.        ],cruising,[ 0.63925976  0.24903542 -0.34837281]
710.3156960010529,1004,False,6,2,[-2.94590154 -3.36390485  3.99999998],cruising,[-0.62185191  0.08809385  0.93462812]
710.3156960010529,1005,False,5,0,[2.53038983 8.86644695 3.14051403],landing,[ 0.50568378 -0.03156594 -0.11489306]
710.4145016670227,1000,False,3,5,[-3.87130553  0.54702547  3.99475917],cruising,[-0.82138112 -0.19970136 -0.21083176]
710.4145016670227,1001,False,4,1,[0.17412855 6.22547847 4.        ],cruising,[-0.48080528  0.59740651 -0.20557775]
710.4145016670227,1002,False,0,6,[8.85601243 9.09326293 1.47598022],fake_landed,[ 0.5677905  -0.59831228 -0.99408226]
710.4145016670227,1003,False,2,4,[ 7.95809624 -3.46502441  4.        ],exiting,[ 0.63925976  0.24903542 -0.34837281]
710.4145016670227,1004,False,6,2,[-3.05922979 -3.2544048   3.99999997],cruising,[-0.62185191  0.08809385  0.93462812]
710.4145016670227,1005,False,5,0,[2.5494517  8.85157256 3.04348106],landing,[ 0.50568378 -0.03156594 -0.11489306]
710.5156133174896,1000,False,3,5,[-3.98334365  0.71269821  3.99554529],cruising,[-0.82138112 -0.19970136 -0.21083176]
710.5156133174896,1001,False,4,1,[0.34304142 6.11838764 4.        ],cruising,[-0.48080528  0.59740651 -0.20557775]
710.5156133174896,1002,False,0,6,[8.87145399 9.0832612  1.39812443],fake_landed,[ 0.5677905  -0.59831228 -0.99408226]
710.5156133174896,1003,False,2,4,[ 7.906674   -3.63949457  4.        ],exiting,[ 0.63925976  0.24903542 -0.34837281]
710.5156133174896,1004,False,6,2,[-3.15526366 -3.13485962  3.99999997],cruising,[-0.62185191  0.08809385  0.93462812]
710.5156133174896,1005,False,5,0,[2.56851357 8.83669817 2.94644809],landing,[ 0.50568378 -0.03156594 -0.11489306]
710.6244380474091,1000,False,3,5,[-4.09727517  0.87707464  3.9962135 ],cruising,[-0.82138112 -0.19970136 -0.21083176]
710.6244380474091,1001,False,4,1,[0.51267235 6.01243791 4.        ],cruising,[-0.48080528  0.59740651 -0.20557775]
710.6244380474091,1002,False,0,6,[8.88303516 9.0757599  1.33973259],fake_landed,[ 0.5677905  -0.59831228 -0.99408226]
710.6244380474091,1003,False,2,4,[ 7.86899864 -3.79943808  4.        ],exiting,[ 0.63925976  0.24903542 -0.34837281]
710.6244380474091,1004,False,6,2,[-3.23338272 -3.0064229   3.99999996],cruising,[-0.62185191  0.08809385  0.93462812]
710.6244380474091,1005,False,5,0,[2.58757545 8.82182378 2.84941512],landing,[ 0.50568378 -0.03156594 -0.11489306]
710.7163639068604,1000,False,3,5,[-4.21261     1.04046949  3.99678147],cruising,[-0.82138112 -0.19970136 -0.21083176]
710.7163639068604,1001,False,4,1,[0.6831822  5.90790853 4.        ],cruising,[-0.48080528  0.59740651 -0.20557775]
710.7163639068604,1002,False,0,6,[8.89075593 9.07075904 1.30080469],fake_landed,[ 0.5677905  -0.59831228 -0.99408226]
710.7163639068604,1003,False,2,4,[ 7.84525275 -3.94502995  4.        ],exiting,[ 0.63925976  0.24903542 -0.34837281]
710.7163639068604,1004,False,6,2,[-3.29321372 -2.8698901   3.99999996],cruising,[-0.62185191  0.08809385  0.93462812]
710.7163639068604,1005,False,5,0,[2.60663732 8.80694939 2.75238215],landing,[ 0.50568378 -0.03156594 -0.11489306]
710.8163049221039,1000,False,3,5,[-4.32892665  1.20316687  3.99726425],cruising,[-0.82138112 -0.19970136 -0.21083176]
710.8163049221039,1001,False,4,1,[0.85538641 5.80619466 4.        ],cruising,[-0.48080528  0.59740651 -0.20557775]
710.8163049221039,1002,False,0,6,[8.89461632 9.0682586  1.28134075],fake_landed,[ 0.5677905  -0.59831228 -0.99408226]
710.8163049221039,1003,False,2,4,[ 7.83566937 -4.07650009  4.        ],exiting,[ 0.63925976  0.24903542 -0.34837281]
710.8163049221039,1004,False,6,2,[-3.33458301 -2.72566537  3.99999996],cruising,[-0.62185191  0.08809385  0.93462812]
710.8163049221039,1005,False,5,0,[2.62569919 8.792075   2.65534917],landing,[ 0.50568378 -0.03156594 -0.11489306]
710.9160869121552,1000,False,3,5,[-4.44585897  1.36542232  3.99767461],cruising,[-0.82138112 -0.19970136 -0.21083176]
710.9160869121552,1001,False,4,1,[1.0290231  5.70694598 4.        ],cruising,[-0.48080528  0.59740651 -0.20557775]
710.9160869121552,1002,False,6,3,[8.89461632 9.0682586  1.28134075],waiting,[ 0.5677905  -0.59831228 -0.99408226]
710.9160869121552,1003,False,2,4,[ 7.84042843 -4.19403127  4.        ],exiting,[ 0.63925976  0.24903542 -0.34837281]
710.9160869121552,1004,False,6,2,[-3.35741779 -2.57392587  3.99999995],cruising,[-0.62185191  0.08809385  0.93462812]
710.9160869121552,1005,False,5,0,[2.64476106 8.77720061 2.5583162 ],landing,[ 0.50568378 -0.03156594 -0.11489306]
711.0162901878357,1000,False,3,5,[-4.56308417  1.52746631  3.99802342],cruising,[-0.82138112 -0.19970136 -0.21083176]
711.0162901878357,1001,False,4,1,[1.2043381  5.61069293 4.        ],cruising,[-0.48080528  0.59740651 -0.20557775]
711.0162901878357,1002,False,6,3,[8.89461632 9.0682586  1.28134075],waiting,[ 0.5677905  -0.59831228 -0.99408226]
711.0162901878357,1003,False,2,4,[ 7.85970865 -4.29780979  4.        ],exiting,[ 0.63925976  0.24903542 -0.34837281]
711.0162901878357,1004,False,6,2,[-3.36172146 -2.41466321  3.99999996],cruising,[-0.62185191  0.08809385  0.93462812]
711.0162901878357,1005,False,5,0,[2.66382293 8.76232622 2.46128323],landing,[ 0.50568378 -0.03156594 -0.11489306]
711.1163258552551,1000,False,3,5,[-4.68028334  1.68952912  3.99831991],cruising,[-0.82138112 -0.19970136 -0.21083176]
711.1163258552551,1001,False,4,1,[1.38247281 5.51976426 4.        ],cruising,[-0.48080528  0.59740651 -0.20557775]
711.1163258552551,1002,False,6,3,[8.89461632 9.0682586  1.28134075],waiting,[ 0.5677905  -0.59831228 -0.99408226]
711.1163258552551,1003,False,2,4,[ 7.88728713 -4.39393173  4.        ],exiting,[ 0.63925976  0.24903542 -0.34837281]
711.1163258552551,1004,False,6,2,[-3.34781567 -2.24712919  3.99999996],cruising,[-0.62185191  0.08809385  0.93462812]
711.1163258552551,1005,False,5,0,[2.6828848  8.74745183 2.36425026],landing,[ 0.50568378 -0.03156594 -0.11489306]
711.21653175354,1000,False,3,5,[-4.79736083  1.85167985  3.99857192],cruising,[-0.82138112 -0.19970136 -0.21083176]
711.21653175354,1001,False,4,1,[1.56263192 5.43291556 4.        ],cruising,[-0.48080528  0.59740651 -0.20557775]
711.21653175354,1002,False,6,3,[8.89461632 9.0682586  1.28134075],waiting,[ 0.5677905  -0.59831228 -0.99408226]
711.21653175354,1003,False,2,4,[ 7.91486561 -4.49005367  4.        ],exiting,[ 0.63925976  0.24903542 -0.34837281]
711.21653175354,1004,False,6,2,[-3.31673116 -2.0693535   3.99999996],cruising,[-0.62185191  0.08809385  0.93462812]
711.21653175354,1005,False,5,0,[2.70194667 8.73257744 2.26721729],landing,[ 0.50568378 -0.03156594 -0.11489306]
711.3161911964417,1000,False,3,5,[-4.91402531  2.01412799  3.99878613],cruising,[-0.82138112 -0.19970136 -0.21083176]
711.3161911964417,1001,False,4,1,[1.74499231 5.35078951 4.        ],cruising,[-0.48080528  0.59740651 -0.20557775]
711.3161911964417,1002,False,6,3,[8.89461632 9.0682586  1.28134075],waiting,[ 0.5677905  -0.59831228 -0.99408226]
711.3161911964417,1003,False,2,4,[ 7.94244409 -4.58617561  4.        ],exiting,[ 0.63925976  0.24903542 -0.34837281]
711.3161911964417,1004,False,6,2,[-3.27385202 -1.87542583  3.99999997],cruising,[-0.62185191  0.08809385  0.93462812]
711.3161911964417,1005,False,5,0,[2.72100854 8.71770305 2.17018431],landing,[ 0.50568378 -0.03156594 -0.11489306]
711.4211418628693,1000,False,3,5,[-5.03000167  2.17706812  3.99896821],cruising,[-0.82138112 -0.19970136 -0.21083176]
711.4211418628693,1001,False,4,1,[1.93077709 5.27673537 4.        ],cruising,[-0.48080528  0.59740651 -0.20557775]
711.4211418628693,1002,False,6,3,[8.89461632 9.0682586  1.28134075],waiting,[ 0.5677905  -0.59831228 -0.99408226]
711.4211418628693,1003,False,2,4,[ 7.97002257 -4.68229755  4.        ],exiting,[ 0.63925976  0.24903542 -0.34837281]
711.4211418628693,1004,False,6,2,[-3.2463498  -1.67732578  3.99999997],cruising,[-0.62185191  0.08809385  0.93462812]
711.4211418628693,1005,False,5,0,[2.74007041 8.70282866 2.07315134],landing,[ 0.50568378 -0.03156594 -0.11489306]
711.5168526172638,1000,False,3,5,[-5.14502031  2.3406857   3.99912298],cruising,[-0.82138112 -0.19970136 -0.21083176]
711.5168526172638,1001,False,4,1,[2.1187858  5.20852447 4.        ],cruising,[-0.48080528  0.59740651 -0.20557775]
711.5168526172638,1002,False,6,3,[8.89461632 9.0682586  1.28134075],waiting,[ 0.5677905  -0.59831228 -0.99408226]
711.5168526172638,1003,False,2,4,[ 7.99760105 -4.77841949  4.        ],exiting,[ 0.63925976  0.24903542 -0.34837281]
711.5168526172638,1004,False,6,2,[-3.23532913 -1.47762965  3.99999998],cruising,[-0.62185191  0.08809385  0.93462812]
711.5168526172638,1005,False,5,0,[2.75913228 8.68795428 1.97611837],landing,[ 0.50568378 -0.03156594 -0.11489306]
711.6171128749847,1000,False,3,5,[-5.25942008  2.50473659  3.99925453],cruising,[-0.82138112 -0.19970136 -0.21083176]
711.6171128749847,1001,False,4,1,[2.30942411 5.14805106 4.        ],cruising,[-0.48080528  0.59740651 -0.20557775]
711.6171128749847,1002,False,6,3,[8.89461632 9.0682586  1.28134075],waiting,[ 0.5677905  -0.59831228 -0.99408226]
711.6171128749847,1003,False,2,4,[ 8.02517953 -4.87454143  4.        ],exiting,[ 0.63925976  0.24903542 -0.34837281]
711.6171128749847,1004,False,6,2,[-3.24022674 -1.27768963  3.99999998],cruising,[-0.62185191  0.08809385  0.93462812]
711.6171128749847,1005,False,5,0,[2.77819416 8.67307989 1.8790854 ],landing,[ 0.50568378 -0.03156594 -0.11489306]
711.7310338020325,1000,False,3,5,[-5.37231387  2.66982744  3.99936635],cruising,[-0.82138112 -0.19970136 -0.21083176]
711.7310338020325,1001,False,4,1,[2.50316926 5.09842429 4.        ],cruising,[-0.48080528  0.59740651 -0.20557775]
711.7310338020325,1002,False,6,3,[8.89461632 9.0682586  1.28134075],waiting,[ 0.5677905  -0.59831228 -0.99408226]
711.7310338020325,1003,False,2,4,[ 8.05275801 -4.97066337  4.        ],exiting,[ 0.63925976  0.24903542 -0.34837281]
711.7310338020325,1004,False,6,2,[-3.25903143 -1.07857563  3.99999998],cruising,[-0.62185191  0.08809385  0.93462812]
711.7310338020325,1005,False,5,0,[2.79725603 8.6582055  1.78205243],landing,[ 0.50568378 -0.03156594 -0.11489306]
711.8162291049957,1000,False,3,5,[-5.48339066  2.83614626  3.9994614 ],cruising,[-0.82138112 -0.19970136 -0.21083176]
711.8162291049957,1001,False,4,1,[2.69978293 5.06177642 4.        ],cruising,[-0.48080528  0.59740651 -0.20557775]
711.8162291049957,1002,False,6,3,[8.89461632 9.0682586  1.28134075],waiting,[ 0.5677905  -0.59831228 -0.99408226]
711.8162291049957,1003,False,2,4,[ 8.08033649 -5.06678531  4.        ],exiting,[ 0.63925976  0.24903542 -0.34837281]
711.8162291049957,1004,False,6,2,[-3.29146738 -0.88122338  3.99999999],cruising,[-0.62185191  0.08809385  0.93462812]
711.8162291049957,1005,False,5,0,[2.8163179  8.64333111 1.68501946],landing,[ 0.50568378 -0.03156594 -0.11489306]
711.922351360321,1000,False,3,5,[-5.59230341  3.00389015  3.99954219],cruising,[-0.82138112 -0.19970136 -0.21083176]
711.922351360321,1001,False,4,1,[2.89745583 5.03135565 4.        ],cruising,[-0.48080528  0.59740651 -0.20557775]
711.922351360321,1002,False,6,3,[8.89461632 9.0682586  1.28134075],waiting,[ 0.5677905  -0.59831228 -0.99408226]
711.922351360321,1003,False,2,4,[ 8.10791497 -5.16290725  4.        ],exiting,[ 0.63925976  0.24903542 -0.34837281]
711.922351360321,1004,False,6,2,[-3.33641321 -0.68633913  3.99999999],cruising,[-0.62185191  0.08809385  0.93462812]
711.922351360321,1005,False,5,0,[2.83537977 8.62845672 1.58798648],landing,[ 0.50568378 -0.03156594 -0.11489306]
712.0250871181488,1000,False,3,5,[-5.6986536   3.1732703   3.99961086],cruising,[-0.82138112 -0.19970136 -0.21083176]
712.0250871181488,1001,False,4,1,[3.09585048 5.00606609 4.        ],cruising,[-0.48080528  0.59740651 -0.20557775]
712.0250871181488,1002,False,6,3,[8.89461632 9.0682586  1.28134075],waiting,[ 0.5677905  -0.59831228 -0.99408226]
712.0250871181488,1003,False,2,4,[ 8.13549345 -5.25902919  4.        ],exiting,[ 0.63925976  0.24903542 -0.34837281]
712.0250871181488,1004,False,6,2,[-3.39121504 -0.49399371  3.99999999],cruising,[-0.62185191  0.08809385  0.93462812]
712.0250871181488,1005,False,5,0,[2.85444164 8.61358233 1.49095351],fake_landed,[ 0.50568378 -0.03156594 -0.11489306]
712.1162693500519,1000,False,3,5,[-5.80197208  3.34451659  3.99966923],cruising,[-0.82138112 -0.19970136 -0.21083176]
712.1162693500519,1001,False,4,1,[3.29472752 4.98490193 4.        ],cruising,[-0.48080528  0.59740651 -0.20557775]
712.1162693500519,1002,False,6,3,[8.89461632 9.0682586  1.28134075],waiting,[ 0.5677905  -0.59831228 -0.99408226]
712.1162693500519,1003,False,2,4,[ 8.16307193 -5.35515113  4.        ],exiting,[ 0.63925976  0.24903542 -0.34837281]
712.1162693500519,1004,False,6,2,[-3.45689046 -0.30508437  3.99999999],cruising,[-0.62185191  0.08809385  0.93462812]
712.1162693500519,1005,False,5,0,[2.86969114 8.60168282 1.41332713],fake_landed,[ 0.50568378 -0.03156594 -0.11489306]
712.2310817241669,1000,False,3,5,[-5.9016948   3.51788146  3.99971885],cruising,[-0.82138112 -0.19970136 -0.21083176]
712.2310817241669,1001,False,4,1,[3.49392031 4.96695102 4.        ],cruising,[-0.48080528  0.59740651 -0.20557775]
712.2310817241669,1002,False,6,3,[8.89461632 9.0682586  1.28134075],waiting,[ 0.5677905  -0.59831228 -0.99408226]
712.2310817241669,1003,False,2,4,[ 8.19065041 -5.45127307  4.        ],exiting,[ 0.63925976  0.24903542 -0.34837281]
712.2310817241669,1004,False,6,2,[-3.53278943 -0.1200456   3.99999999],cruising,[-0.62185191  0.08809385  0.93462812]
712.2310817241669,1005,False,5,0,[2.88112826 8.59275818 1.35510735],fake_landed,[ 0.50568378 -0.03156594 -0.11489306]
712.3158206939697,1000,False,3,5,[-5.99713108  3.69364243  3.99976102],cruising,[-0.82138112 -0.19970136 -0.21083176]
712.3158206939697,1001,False,4,1,[3.69320952 4.95010431 4.        ],cruising,[-0.48080528  0.59740651 -0.20557775]
712.3158206939697,1002,False,6,3,[8.89461632 9.0682586  1.28134075],waiting,[ 0.5677905  -0.59831228 -0.99408226]
712.3158206939697,1003,False,2,4,[ 8.21822889 -5.54739501  4.        ],exiting,[ 0.63925976  0.24903542 -0.34837281]
712.3158206939697,1004,False,6,2,[-3.61634852  0.06166262  3.99999999],exiting,[-0.62185191  0.08809385  0.93462812]
712.3158206939697,1005,False,5,0,[2.88875301 8.58680843 1.31629416],fake_landed,[ 0.50568378 -0.03156594 -0.11489306]
712.4158918857574,1000,False,3,5,[-6.08742166  3.87210142  3.99979687],cruising,[-0.82138112 -0.19970136 -0.21083176]
712.4158918857574,1001,False,4,1,[3.8926797  4.93555629 4.        ],cruising,[-0.48080528  0.59740651 -0.20557775]
712.4158918857574,1002,False,6,3,[8.89461632 9.0682586  1.28134075],queued,[ 0.5677905  -0.59831228 -0.99408226]
712.4158918857574,1003,False,2,4,[ 8.24580737 -5.64351695  4.        ],exiting,[ 0.63925976  0.24903542 -0.34837281]
712.4158918857574,1004,False,6,2,[-3.70047699  0.22337895  3.99999999],exiting,[-0.62185191  0.08809385  0.93462812]
712.4158918857574,1005,False,5,0,[2.89256538 8.58383355 1.29688757],fake_landed,[ 0.50568378 -0.03156594 -0.11489306]
712.5165946483612,1000,False,3,5,[-6.1714825   4.05357807  3.99982734],cruising,[-0.82138112 -0.19970136 -0.21083176]
712.5165946483612,1001,False,4,1,[4.09225035 4.92245841 4.        ],cruising,[-0.48080528  0.59740651 -0.20557775]
712.5165946483612,1002,False,6,3,[8.89461632 9.0682586  1.30134075],queued,[ 0.5677905  -0.59831228 -0.99408226]
712.5165946483612,1003,False,2,4,[ 8.27338585 -5.73963889  4.        ],exiting,[ 0.63925976  0.24903542 -0.34837281]
712.5165946483612,1004,False,6,2,[-3.78500967  0.36509936  4.        ],exiting,[-0.62185191  0.08809385  0.93462812]
712.5165946483612,1005,False,5,0,[2.89256538 8.58383355 1.29688757],fake_landed,[ 0.50568378 -0.03156594 -0.11489306]
712.616418838501,1000,False,3,5,[-6.24792964  4.23839104  3.99985324],cruising,[-0.82138112 -0.19970136 -0.21083176]
712.616418838501,1001,False,4,1,[4.2918653  4.91005375 4.        ],cruising,[-0.48080528  0.59740651 -0.20557775]
712.616418838501,1002,False,6,3,[8.89461632 9.0682586  1.34134075],queued,[ 0.5677905  -0.59831228 -0.99408226]
712.616418838501,1003,False,2,4,[ 8.30096433 -5.83576083  4.        ],exiting,[ 0.63925976  0.24903542 -0.34837281]
712.616418838501,1004,False,6,2,[-3.86976307  0.48682099  4.        ],exiting,[-0.62185191  0.08809385  0.93462812]
712.616418838501,1005,False,0,6,[2.89256538 8.58383355 1.29688757],waiting,[ 0.50568378 -0.03156594 -0.11489306]
712.7162659168243,1000,False,3,5,[-6.31497978  4.42681683  3.99987525],cruising,[-0.82138112 -0.19970136 -0.21083176]
712.7162659168243,1001,False,4,1,[4.49148058 4.89765471 4.        ],cruising,[-0.48080528  0.59740651 -0.20557775]
712.7162659168243,1002,False,6,3,[8.89461632 9.0682586  1.40134075],queued,[ 0.5677905  -0.59831228 -0.99408226]
712.7162659168243,1003,False,2,4,[ 8.32854281 -5.93188277  4.        ],exiting,[ 0.63925976  0.24903542 -0.34837281]
712.7162659168243,1004,False,6,2,[-3.95453053  0.58854263  4.        ],exiting,[-0.62185191  0.08809385  0.93462812]
712.7162659168243,1005,False,0,6,[2.89256538 8.58383355 1.29688757],waiting,[ 0.50568378 -0.03156594 -0.11489306]
712.8264627456665,1000,False,3,5,[-6.36399862  4.62071669  3.99989396],exiting,[-0.82138112 -0.19970136 -0.21083176]
712.8264627456665,1001,False,4,1,[4.69105552 4.88462222 4.        ],cruising,[-0.48080528  0.59740651 -0.20557775]
712.8264627456665,1002,False,6,3,[8.89461632 9.0682586  1.47634075],queued,[ 0.5677905  -0.59831228 -0.99408226]
712.8264627456665,1003,False,2,4,[ 8.35612129 -6.02800471  4.        ],exiting,[ 0.63925976  0.24903542 -0.34837281]
712.8264627456665,1004,False,6,2,[-4.0390728   0.67026553  4.        ],exiting,[-0.62185191  0.08809385  0.93462812]
712.8264627456665,1005,False,0,6,[2.89256538 8.58383355 1.29688757],waiting,[ 0.50568378 -0.03156594 -0.11489306]
712.9185621738434,1000,False,3,5,[-6.41501557  4.7947166   3.9999127 ],exiting,[-0.82138112 -0.19970136 -0.21083176]
712.9185621738434,1001,False,4,1,[4.89058536 4.87091669 4.        ],cruising,[-0.48080528  0.59740651 -0.20557775]
712.9185621738434,1002,False,6,3,[8.89461632 9.0682586  1.55134075],entering,[ 0.5677905  -0.59831228 -0.99408226]
712.9185621738434,1003,False,2,4,[ 8.38369977 -6.12412665  4.        ],exiting,[ 0.63925976  0.24903542 -0.34837281]
712.9185621738434,1004,False,6,2,[-4.1230962   0.73199517  4.        ],exiting,[-0.62185191  0.08809385  0.93462812]
712.9185621738434,1005,False,0,6,[2.89256538 8.58383355 1.29688757],queued,[ 0.50568378 -0.03156594 -0.11489306]
713.0179765224457,1000,False,3,5,[-6.46826721  4.94884176  3.99993092],exiting,[-0.82138112 -0.19970136 -0.21083176]
713.0179765224457,1001,False,4,1,[5.08999462 4.85555611 4.        ],cruising,[-0.48080528  0.59740651 -0.20557775]
713.0179765224457,1002,False,6,3,[8.89039134 9.04870996 1.62634075],entering,[ 0.5677905  -0.59831228 -0.99408226]
713.0179765224457,1003,False,2,4,[ 8.41127825 -6.22024859  4.        ],exiting,[ 0.63925976  0.24903542 -0.34837281]
713.0179765224457,1004,False,6,2,[-4.20618532  0.77374664  4.        ],exiting,[-0.62185191  0.08809385  0.93462812]
713.0179765224457,1005,False,0,6,[2.89256538 8.58383355 1.31688757],queued,[ 0.50568378 -0.03156594 -0.11489306]
713.1229526996613,1000,False,3,5,[-6.52407024  5.08313032  3.99994777],exiting,[-0.82138112 -0.19970136 -0.21083176]
713.1229526996613,1001,False,4,1,[5.28921319 4.83789366 4.        ],cruising,[-0.48080528  0.59740651 -0.20557775]
713.1229526996613,1002,False,6,3,[8.88194138 9.00961267 1.70134075],entering,[ 0.5677905  -0.59831228 -0.99408226]
713.1229526996613,1003,False,2,4,[ 8.43885674 -6.31637053  4.        ],exiting,[ 0.63925976  0.24903542 -0.34837281]
713.1229526996613,1004,False,6,2,[-4.28808588  0.79553346  4.        ],exiting,[-0.62185191  0.08809385  0.93462812]
713.1229526996613,1005,False,0,6,[2.89256538 8.58383355 1.35688757],queued,[ 0.50568378 -0.03156594 -0.11489306]
713.216792345047,1000,False,3,5,[-6.58279366  5.19763324  3.99996211],exiting,[-0.82138112 -0.19970136 -0.21083176]
713.216792345047,1001,False,4,1,[5.48814745 4.81727421 4.        ],cruising,[-0.48080528  0.59740651 -0.20557775]
713.216792345047,1002,False,6,3,[8.86926644 8.95096673 1.77634075],entering,[ 0.5677905  -0.59831228 -0.99408226]
713.216792345047,1003,False,2,4,[ 8.46643522 -6.41249247  4.        ],exiting,[ 0.63925976  0.24903542 -0.34837281]
713.216792345047,1004,False,6,2,[-4.36853958  0.79737268  4.        ],exiting,[-0.62185191  0.08809385  0.93462812]
713.216792345047,1005,False,0,6,[2.89256538 8.58383355 1.41688757],queued,[ 0.50568378 -0.03156594 -0.11489306]
713.323254108429,1000,False,3,5,[-6.64475864  5.29240061  3.99997266],exiting,[-0.82138112 -0.19970136 -0.21083176]
713.323254108429,1001,False,4,1,[5.68667064 4.79301434 4.        ],cruising,[-0.48080528  0.59740651 -0.20557775]
713.323254108429,1002,False,6,3,[8.85236652 8.87277215 1.85134075],entering,[ 0.5677905  -0.59831228 -0.99408226]
713.323254108429,1003,False,2,4,[ 8.4940137  -6.50861441  4.        ],exiting,[ 0.63925976  0.24903542 -0.34837281]
713.323254108429,1004,False,6,2,[-4.44728397  0.77928508  4.        ],exiting,[-0.62185191  0.08809385  0.93462812]
713.323254108429,1005,False,0,6,[2.89256538 8.58383355 1.49188757],queued,[ 0.50568378 -0.03156594 -0.11489306]
713.421881198883,1000,False,3,5,[-6.71020061  5.36801375  3.99997772],exiting,[-0.82138112 -0.19970136 -0.21083176]
713.421881198883,1001,False,4,1,[5.88461063 4.76438285 4.        ],cruising,[-0.48080528  0.59740651 -0.20557775]
713.421881198883,1002,False,6,3,[8.83124485 8.77502822 1.92634075],entering,[ 0.5677905  -0.59831228 -0.99408226]
713.421881198883,1003,False,2,4,[ 8.52159218 -6.60473636  4.        ],exiting,[ 0.63925976  0.24903542 -0.34837281]
713.421881198883,1004,False,6,2,[-4.52405216  0.74129535  4.        ],exiting,[-0.62185191  0.08809385  0.93462812]
713.421881198883,1005,False,0,6,[2.89256538 8.58383355 1.56688757],queued,[ 0.50568378 -0.03156594 -0.11489306]
713.5253720283508,1000,False,3,5,[-6.77564259  5.4436269   3.99998186],exiting,[-0.82138112 -0.19970136 -0.21083176]
713.5253720283508,1001,False,4,1,[6.08216433 4.73319738 4.        ],cruising,[-0.48080528  0.59740651 -0.20557775]
713.5253720283508,1002,False,6,3,[8.80605933 8.65770152 2.00134075],entering,[ 0.5677905  -0.59831228 -0.99408226]
713.5253720283508,1003,False,2,4,[ 8.54917066 -6.7008583   4.        ],exiting,[ 0.63925976  0.24903542 -0.34837281]
713.5253720283508,1004,False,6,2,[-4.5985726   0.68343234  4.        ],exiting,[-0.62185191  0.08809385  0.93462812]
713.5253720283508,1005,False,0,6,[2.89256538 8.58383355 1.64188757],queued,[ 0.50568378 -0.03156594 -0.11489306]
713.6170973777771,1000,False,3,5,[-6.84108457  5.51924004  3.99998526],exiting,[-0.82138112 -0.19970136 -0.21083176]
713.6170973777771,1001,False,4,1,[6.27864652 4.69585104 4.        ],cruising,[-0.48080528  0.59740651 -0.20557775]
713.6170973777771,1002,False,6,3,[8.77705574 8.52074264 2.07634075],entering,[ 0.5677905  -0.59831228 -0.99408226]
713.6170973777771,1003,False,2,4,[ 8.57674914 -6.79698024  4.        ],exiting,[ 0.63925976  0.24903542 -0.34837281]
713.6170973777771,1004,False,6,2,[-4.6717889   0.61531939  4.        ],exiting,[-0.62185191  0.08809385  0.93462812]
713.6170973777771,1005,False,0,6,[2.89256538 8.58383355 1.71688757],queued,[ 0.50568378 -0.03156594 -0.11489306]
713.7172102928162,1000,False,3,5,[-6.90652655  5.59485318  3.99998805],exiting,[-0.82138112 -0.19970136 -0.21083176]
713.7172102928162,1001,False,4,1,[6.47365186 4.65143352 4.        ],cruising,[-0.48080528  0.59740651 -0.20557775]
713.7172102928162,1002,False,6,3,[8.74463836 8.36407727 2.15134075],entering,[ 0.5677905  -0.59831228 -0.99408226]
713.7172102928162,1003,False,2,4,[ 8.60432762 -6.89310218  4.        ],exiting,[ 0.63925976  0.24903542 -0.34837281]
713.7172102928162,1004,False,6,2,[-4.74500521  0.54720645  4.        ],exiting,[-0.62185191  0.08809385  0.93462812]
713.7172102928162,1005,False,0,6,[2.89256538 8.58383355 1.79188757],queued,[ 0.50568378 -0.03156594 -0.11489306]
713.8239779472351,1000,False,3,5,[-6.97196853  5.67046632  3.99999032],exiting,[-0.82138112 -0.19970136 -0.21083176]
713.8239779472351,1001,False,4,1,[6.66663379 4.59891707 4.        ],cruising,[-0.48080528  0.59740651 -0.20557775]
713.8239779472351,1002,False,6,3,[8.70915461 8.18764836 2.22634075],entering,[ 0.5677905  -0.59831228 -0.99408226]
713.8239779472351,1003,False,2,4,[ 8.6319061  -6.98922412  4.        ],exiting,[ 0.63925976  0.24903542 -0.34837281]
713.8239779472351,1004,False,6,2,[-4.81822151  0.47909351  4.        ],exiting,[-0.62185191  0.08809385  0.93462812]
713.8239779472351,1005,False,0,6,[2.89256538 8.58383355 1.86688757],queued,[ 0.50568378 -0.03156594 -0.11489306]
713.9167177677155,1000,False,3,5,[-7.03741051  5.74607947  3.99999218],exiting,[-0.82138112 -0.19970136 -0.21083176]
713.9167177677155,1001,False,4,1,[6.85685797 4.53715332 4.        ],cruising,[-0.48080528  0.59740651 -0.20557775]
713.9167177677155,1002,False,6,3,[8.67064219 7.99145009 2.30134075],entering,[ 0.5677905  -0.59831228 -0.99408226]
713.9167177677155,1003,False,2,4,[ 8.65948458 -7.08534606  4.        ],landing,[ 0.63925976  0.24903542 -0.34837281]
713.9167177677155,1004,False,6,2,[-4.89143781  0.41098057  4.        ],exiting,[-0.62185191  0.08809385  0.93462812]
713.9167177677155,1005,False,0,6,[2.89256538 8.58383355 1.94188757],queued,[ 0.50568378 -0.03156594 -0.11489306]
714.017032623291,1000,False,3,5,[-7.10285249  5.82169261  3.9999937 ],exiting,[-0.82138112 -0.19970136 -0.21083176]
714.017032623291,1001,False,4,1,[7.04334453 4.46488464 4.        ],cruising,[-0.48080528  0.59740651 -0.20557775]
714.017032623291,1002,False,6,3,[8.63212117 7.79519482 2.37634075],entering,[ 0.5677905  -0.59831228 -0.99408226]
714.017032623291,1003,False,2,4,[ 8.68014415 -7.16922538  3.98577864],landing,[ 0.63925976  0.24903542 -0.34837281]
714.017032623291,1004,False,6,2,[-4.96465412  0.34286763  4.        ],exiting,[-0.62185191  0.08809385  0.93462812]
714.017032623291,1005,False,0,6,[2.89256538 8.58383355 2.01688757],queued,[ 0.50568378 -0.03156594 -0.11489306]
714.2224791049957,1000,False,3,5,[-7.16829447  5.89730575  3.99999494],exiting,[-0.82138112 -0.19970136 -0.21083176]
714.2224791049957,1001,False,4,1,[7.22192231 4.37482924 4.        ],cruising,[-0.48080528  0.59740651 -0.20557775]
714.2224791049957,1002,False,6,3,[8.59418243 7.59882616 2.45134075],entering,[ 0.5677905  -0.59831228 -0.99408226]
714.2224791049957,1003,False,2,4,[ 8.69387241 -7.24068441  3.95749694],landing,[ 0.63925976  0.24903542 -0.34837281]
714.2224791049957,1004,False,6,2,[-5.03787042  0.27475469  4.        ],exiting,[-0.62185191  0.08809385  0.93462812]
714.2224791049957,1005,False,0,6,[2.89256538 8.58383355 2.09188757],queued,[ 0.50568378 -0.03156594 -0.11489306]
714.3163638114929,1000,False,3,5,[-7.23373645  5.97291889  3.99999594],exiting,[-0.82138112 -0.19970136 -0.21083176]
714.3163638114929,1001,False,4,1,[7.39355811 4.27215912 4.        ],cruising,[-0.48080528  0.59740651 -0.20557775]
714.3163638114929,1002,False,6,3,[8.55883837 7.40197394 2.52634075],entering,[ 0.5677905  -0.59831228 -0.99408226]
714.3163638114929,1003,False,2,4,[ 8.70065582 -7.29951293  3.9153502 ],landing,[ 0.63925976  0.24903542 -0.34837281]
714.3163638114929,1004,False,6,2,[-5.11108673  0.20664174  4.        ],exiting,[-0.62185191  0.08809385  0.93462812]
714.3163638114929,1005,False,0,6,[2.89256538 8.58383355 2.16688757],queued,[ 0.50568378 -0.03156594 -0.11489306]
714.4168062210083,1000,False,3,5,[-7.29917843  6.04853204  3.99999676],exiting,[-0.82138112 -0.19970136 -0.21083176]
714.4168062210083,1001,False,4,1,[7.5560588  4.15556785 4.        ],cruising,[-0.48080528  0.59740651 -0.20557775]
714.4168062210083,1002,False,6,3,[8.52469108 7.20491059 2.60134075],entering,[ 0.5677905  -0.59831228 -0.99408226]
714.4168062210083,1003,False,2,4,[ 8.70047777 -7.34541954  3.8596181 ],landing,[ 0.63925976  0.24903542 -0.34837281]
714.4168062210083,1004,False,6,2,[-5.18430303  0.1385288   4.        ],exiting,[-0.62185191  0.08809385  0.93462812]
714.4168062210083,1005,False,0,6,[2.89256538 8.58383355 2.24188757],queued,[ 0.50568378 -0.03156594 -0.11489306]
714.5155508518219,1000,False,3,5,[-7.36462041  6.12414518  3.99999742],exiting,[-0.82138112 -0.19970136 -0.21083176]
714.5155508518219,1001,False,4,1,[7.70682408 4.02415312 4.        ],cruising,[-0.48080528  0.59740651 -0.20557775]
714.5155508518219,1002,False,6,3,[8.49054378 7.00784725 2.67634075],entering,[ 0.5677905  -0.59831228 -0.99408226]
714.5155508518219,1003,False,2,4,[ 8.69332701 -7.37817517  3.7905281 ],landing,[ 0.63925976  0.24903542 -0.34837281]
714.5155508518219,1004,False,6,2,[-5.25751933  0.07041586  4.        ],exiting,[-0.62185191  0.08809385  0.93462812]
714.5155508518219,1005,False,0,6,[2.89256538 8.58383355 2.31688757],queued,[ 0.50568378 -0.03156594 -0.11489306]
714.6192104816437,1000,False,3,5,[-7.43006239  6.19975832  3.99999795],exiting,[-0.82138112 -0.19970136 -0.21083176]
714.6192104816437,1001,False,4,1,[7.84330593 3.87873898 4.        ],cruising,[-0.48080528  0.59740651 -0.20557775]
714.6192104816437,1002,False,6,3,[8.45789236 6.81053053 2.75134075],entering,[ 0.5677905  -0.59831228 -0.99408226]
714.6192104816437,1003,False,2,4,[ 8.6791943  -7.39755864  3.70830655],landing,[ 0.63925976  0.24903542 -0.34837281]
714.6192104816437,1004,False,6,2,[-5.33073564e+00  2.30291872e-03  4.00000000e+00],exiting,[-0.62185191  0.08809385  0.93462812]
714.6192104816437,1005,False,0,6,[2.89256538 8.58383355 2.39188757],entering,[ 0.50568378 -0.03156594 -0.11489306]
714.715255022049,1000,False,3,5,[-7.49550437  6.27537146  3.99999838],exiting,[-0.82138112 -0.19970136 -0.21083176]
714.715255022049,1001,False,4,1,[7.96426403 3.72071479 4.        ],cruising,[-0.48080528  0.59740651 -0.20557775]
714.715255022049,1002,False,6,3,[8.42878716 6.61265965 2.82634075],entering,[ 0.5677905  -0.59831228 -0.99408226]
714.715255022049,1003,False,2,4,[ 8.65807198 -7.40334686  3.6131887 ],landing,[ 0.63925976  0.24903542 -0.34837281]
714.715255022049,1004,False,6,2,[-5.40395194 -0.06581002  4.        ],exiting,[-0.62185191  0.08809385  0.93462812]
714.715255022049,1005,False,0,6,[2.88895456 8.5641622  2.46688757],entering,[ 0.50568378 -0.03156594 -0.11489306]
714.8173060417175,1000,False,3,5,[-7.56094635  6.35098461  3.99999873],exiting,[-0.82138112 -0.19970136 -0.21083176]
714.8173060417175,1001,False,4,1,[8.0684763  3.55175546 4.        ],cruising,[-0.48080528  0.59740651 -0.20557775]
714.8173060417175,1002,False,6,3,[8.39968195 6.41478876 2.90134075],entering,[ 0.5677905  -0.59831228 -0.99408226]
714.8173060417175,1003,False,2,4,[ 8.63568424 -7.40663502  3.51578245],landing,[ 0.63925976  0.24903542 -0.34837281]
714.8173060417175,1004,False,6,2,[-5.47716825 -0.13392296  4.        ],exiting,[-0.62185191  0.08809385  0.93462812]
714.8173060417175,1005,False,0,6,[2.88175744 8.52481502 2.54188757],entering,[ 0.50568378 -0.03156594 -0.11489306]
714.9158821105957,1000,False,3,5,[-7.62638833  6.42659775  3.999999  ],exiting,[-0.82138112 -0.19970136 -0.21083176]
714.9158821105957,1001,False,4,1,[8.15501794 3.37342869 4.        ],cruising,[-0.48080528  0.59740651 -0.20557775]
714.9158821105957,1002,False,6,3,[8.3731247  6.21655983 2.97634075],entering,[ 0.5677905  -0.59831228 -0.99408226]
714.9158821105957,1003,False,2,4,[ 8.6132965  -7.40992318  3.4183762 ],landing,[ 0.63925976  0.24903542 -0.34837281]
714.9158821105957,1004,False,6,2,[-5.55038455 -0.20203591  4.        ],exiting,[-0.62185191  0.08809385  0.93462812]
714.9158821105957,1005,False,0,6,[2.8712203  8.4657487  2.61688757],entering,[ 0.50568378 -0.03156594 -0.11489306]
715.015793800354,1000,False,3,5,[-7.69183031  6.50221089  3.99999923],exiting,[-0.82138112 -0.19970136 -0.21083176]
715.015793800354,1001,False,4,1,[8.22319884 3.18717206 4.        ],exiting,[-0.48080528  0.59740651 -0.20557775]
715.015793800354,1002,False,6,3,[8.34967451 6.01793936 3.05134075],entering,[ 0.5677905  -0.59831228 -0.99408226]
715.015793800354,1003,False,2,4,[ 8.59090876 -7.41321134  3.32096996],landing,[ 0.63925976  0.24903542 -0.34837281]
715.015793800354,1004,False,6,2,[-5.62360085 -0.27014885  4.        ],exiting,[-0.62185191  0.08809385  0.93462812]
715.015793800354,1005,False,0,6,[2.85751944 8.3869342  2.69188757],entering,[ 0.50568378 -0.03156594 -0.11489306]
715.115585565567,1000,False,3,5,[-7.75727229  6.57782403  3.9999994 ],exiting,[-0.82138112 -0.19970136 -0.21083176]
715.115585565567,1001,False,4,1,[8.27342349 3.00972302 4.        ],exiting,[-0.48080528  0.59740651 -0.20557775]
715.115585565567,1002,False,6,3,[8.32749415 5.81917309 3.12634075],entering,[ 0.5677905  -0.59831228 -0.99408226]
715.115585565567,1003,False,2,4,[ 8.56852102 -7.4164995   3.22356371],landing,[ 0.63925976  0.24903542 -0.34837281]
715.115585565567,1004,False,6,2,[-5.69681716 -0.33826179  4.        ],exiting,[-0.62185191  0.08809385  0.93462812]
715.115585565567,1005,False,0,6,[2.84089317 8.2883348  2.76688757],entering,[ 0.50568378 -0.03156594 -0.11489306]
715.214994430542,1000,False,3,5,[-7.82271427  6.65343717  3.99999954],exiting,[-0.82138112 -0.19970136 -0.21083176]
715.214994430542,1001,False,4,1,[8.30820258 2.84497966 4.        ],exiting,[-0.48080528  0.59740651 -0.20557775]
715.214994430542,1002,False,6,3,[8.31014663 5.61992685 3.20134075],entering,[ 0.5677905  -0.59831228 -0.99408226]
715.214994430542,1003,False,2,4,[ 8.54613328 -7.41978766  3.12615746],landing,[ 0.63925976  0.24903542 -0.34837281]
715.214994430542,1004,False,6,2,[-5.77003346 -0.40637473  4.        ],exiting,[-0.62185191  0.08809385  0.93462812]
715.214994430542,1005,False,0,6,[2.82226861 8.16983548 2.84188757],entering,[ 0.50568378 -0.03156594 -0.11489306]
715.3210816383362,1000,False,3,5,[-7.88815625  6.72905032  3.99999965],exiting,[-0.82138112 -0.19970136 -0.21083176]
715.3210816383362,1001,False,4,1,[8.32864484 2.69418104 4.        ],exiting,[-0.48080528  0.59740651 -0.20557775]
715.3210816383362,1002,False,6,3,[8.29558382 5.42045774 3.27634075],entering,[ 0.5677905  -0.59831228 -0.99408226]
715.3210816383362,1003,False,2,4,[ 8.52374555 -7.42307582  3.02875121],landing,[ 0.63925976  0.24903542 -0.34837281]
715.3210816383362,1004,False,6,2,[-5.84324977 -0.47448767  4.        ],exiting,[-0.62185191  0.08809385  0.93462812]
715.3210816383362,1005,False,0,6,[2.80282465 8.03135296 2.91688757],entering,[ 0.50568378 -0.03156594 -0.11489306]
715.4158146381378,1000,False,3,5,[-7.95359823  6.80466346  3.99999974],exiting,[-0.82138112 -0.19970136 -0.21083176]
715.4158146381378,1001,False,4,1,[8.33537531 2.55794218 4.        ],exiting,[-0.48080528  0.59740651 -0.20557775]
715.4158146381378,1002,False,6,3,[8.2845152  5.22076426 3.35134075],entering,[ 0.5677905  -0.59831228 -0.99408226]
715.4158146381378,1003,False,2,4,[ 8.50135781 -7.42636398  2.93134496],landing,[ 0.63925976  0.24903542 -0.34837281]
715.4158146381378,1004,False,6,2,[-5.91646607 -0.54260062  4.        ],exiting,[-0.62185191  0.08809385  0.93462812]
715.4158146381378,1005,False,0,6,[2.78434106 7.8728935  2.99188757],entering,[ 0.50568378 -0.03156594 -0.11489306]
715.5210926532745,1000,False,3,5,[-8.01904021  6.8802766   3.99999981],exiting,[-0.82138112 -0.19970136 -0.21083176]
715.5210926532745,1001,False,4,1,[8.32885228 2.43668146 4.        ],exiting,[-0.48080528  0.59740651 -0.20557775]
715.5210926532745,1002,False,6,3,[8.27959469 5.0208248  3.42634075],entering,[ 0.5677905  -0.59831228 -0.99408226]
715.5210926532745,1003,False,2,4,[ 8.47897007 -7.42965214  2.83393872],landing,[ 0.63925976  0.24903542 -0.34837281]
715.5210926532745,1004,False,6,2,[-5.98968237 -0.61071356  4.        ],exiting,[-0.62185191  0.08809385  0.93462812]
715.5210926532745,1005,False,0,6,[2.76841432 7.69459816 3.06688757],entering,[ 0.50568378 -0.03156594 -0.11489306]
715.6148252487183,1000,False,3,5,[-8.08448219  6.95588974  3.99999986],exiting,[-0.82138112 -0.19970136 -0.21083176]
715.6148252487183,1001,False,4,1,[8.30949935 2.33076328 4.        ],exiting,[-0.48080528  0.59740651 -0.20557775]
715.6148252487183,1002,False,6,3,[8.28021146 4.82082575 3.50134075],entering,[ 0.5677905  -0.59831228 -0.99408226]
715.6148252487183,1003,False,2,4,[ 8.45658233 -7.43294029  2.73653247],landing,[ 0.63925976  0.24903542 -0.34837281]
715.6148252487183,1004,False,6,2,[-6.06289868 -0.6788265   4.        ],exiting,[-0.62185191  0.08809385  0.93462812]
715.6148252487183,1005,False,0,6,[2.76262739 7.49906378 3.14188757],entering,[ 0.50568378 -0.03156594 -0.11489306]
715.7154550552368,1000,False,3,5,[-8.14992417  7.03150289  3.9999999 ],exiting,[-0.82138112 -0.19970136 -0.21083176]
715.7154550552368,1001,False,4,1,[8.27781631 2.24059211 4.        ],exiting,[-0.48080528  0.59740651 -0.20557775]
715.7154550552368,1002,False,6,3,[8.28508225 4.62088507 3.57613963],entering,[ 0.5677905  -0.59831228 -0.99408226]
715.7154550552368,1003,False,2,4,[ 8.43419459 -7.43622845  2.63912622],landing,[ 0.63925976  0.24903542 -0.34837281]
715.7154550552368,1004,False,6,2,[-6.13611498 -0.74693944  4.        ],exiting,[-0.62185191  0.08809385  0.93462812]
715.7154550552368,1005,False,0,6,[2.76764359 7.29912669 3.21688757],entering,[ 0.50568378 -0.03156594 -0.11489306]
715.8223302364349,1000,False,3,5,[-8.21536615  7.10711603  3.99999994],exiting,[-0.82138112 -0.19970136 -0.21083176]
715.8223302364349,1001,False,4,1,[8.23406641 2.16637058 4.        ],exiting,[-0.48080528  0.59740651 -0.20557775]
715.8223302364349,1002,False,6,3,[8.29447886 4.42110594 3.63971869],entering,[ 0.5677905  -0.59831228 -0.99408226]
715.8223302364349,1003,False,2,4,[ 8.41180685 -7.43951661  2.54171997],landing,[ 0.63925976  0.24903542 -0.34837281]
715.8223302364349,1004,False,6,2,[-6.20933129 -0.81505238  4.        ],exiting,[-0.62185191  0.08809385  0.93462812]
715.8223302364349,1005,False,0,6,[2.78625131 7.09999419 3.29188757],entering,[ 0.50568378 -0.03156594 -0.11489306]
715.9153156280518,1000,False,3,5,[-8.28080812  7.18272917  3.99999996],exiting,[-0.82138112 -0.19970136 -0.21083176]
715.9153156280518,1001,False,4,1,[8.17852164 2.10830087 4.        ],exiting,[-0.48080528  0.59740651 -0.20557775]
715.9153156280518,1002,False,6,3,[8.30678008 4.22148459 3.69376089],entering,[ 0.5677905  -0.59831228 -0.99408226]
715.9153156280518,1003,False,2,4,[ 8.38941911 -7.44280477  2.44431372],landing,[ 0.63925976  0.24903542 -0.34837281]
715.9153156280518,1004,False,6,2,[-6.28254759 -0.88316532  4.        ],exiting,[-0.62185191  0.08809385  0.93462812]
715.9153156280518,1005,False,0,6,[2.82172448 6.90316519 3.36688757],entering,[ 0.50568378 -0.03156594 -0.11489306]
716.014778137207,1000,False,3,5,[-8.3462501   7.25834231  3.99999998],exiting,[-0.82138112 -0.19970136 -0.21083176]
716.014778137207,1001,False,4,1,[8.11146313 2.06658456 4.        ],exiting,[-0.48080528  0.59740651 -0.20557775]
716.014778137207,1002,False,6,3,[8.31662071 4.02172684 3.73969675],entering,[ 0.5677905  -0.59831228 -0.99408226]
716.014778137207,1003,False,2,4,[ 8.36703137 -7.44609293  2.34690748],landing,[ 0.63925976  0.24903542 -0.34837281]
716.014778137207,1004,False,6,2,[-6.35576389 -0.95127827  4.        ],exiting,[-0.62185191  0.08809385  0.93462812]
716.014778137207,1005,False,0,6,[2.86913576 6.70886601 3.44188757],entering,[ 0.50568378 -0.03156594 -0.11489306]
716.1210958957672,1000,False,3,5,[-8.41169208  7.33395546  3.99999999],landing,[-0.82138112 -0.19970136 -0.21083176]
716.1210958957672,1001,False,4,1,[8.03318182 2.04142266 4.        ],exiting,[-0.48080528  0.59740651 -0.20557775]
716.1210958957672,1002,False,6,3,[8.33155451 3.82228516 3.77874224],cruising,[ 0.5677905  -0.59831228 -0.99408226]
716.1210958957672,1003,False,2,4,[ 8.34464363 -7.44938109  2.24950123],landing,[ 0.63925976  0.24903542 -0.34837281]
716.1210958957672,1004,False,6,2,[-6.4289802  -1.01939121  4.        ],exiting,[-0.62185191  0.08809385  0.93462812]
716.1210958957672,1005,False,0,6,[2.93272365 6.51924381 3.51688757],entering,[ 0.50568378 -0.03156594 -0.11489306]
716.2149069309235,1000,False,3,5,[-8.46573087  7.40140164  3.98574279],landing,[-0.82138112 -0.19970136 -0.21083176]
716.2149069309235,1001,False,4,1,[7.94397937 2.03301573 4.        ],exiting,[-0.48080528  0.59740651 -0.20557775]
716.2149069309235,1002,False,6,3,[8.34075185 3.62249675 3.8119309 ],cruising,[ 0.5677905  -0.59831228 -0.99408226]
716.2149069309235,1003,False,2,4,[ 8.32225589 -7.45266925  2.15209498],landing,[ 0.63925976  0.24903542 -0.34837281]
716.2149069309235,1004,False,6,2,[-6.5021965  -1.08750415  4.        ],exiting,[-0.62185191  0.08809385  0.93462812]
716.2149069309235,1005,False,0,6,[3.00901759 6.33436754 3.58935443],entering,[ 0.50568378 -0.03156594 -0.11489306]
716.3154101371765,1000,False,3,5,[-8.5082801   7.46052466  3.95738897],landing,[-0.82138112 -0.19970136 -0.21083176]
716.3154101371765,1001,False,4,1,[7.84432441 2.04131571 4.        ],exiting,[-0.48080528  0.59740651 -0.20557775]
716.3154101371765,1002,False,6,3,[8.34826595 3.42263795 3.84014127],cruising,[ 0.5677905  -0.59831228 -0.99408226]
716.3154101371765,1003,False,2,4,[ 8.29986815 -7.45595741  2.05468873],landing,[ 0.63925976  0.24903542 -0.34837281]
716.3154101371765,1004,False,6,2,[-6.57541281 -1.15561709  4.        ],exiting,[-0.62185191  0.08809385  0.93462812]
716.3154101371765,1005,False,0,6,[3.10075196 6.15667624 3.65133469],entering,[ 0.50568378 -0.03156594 -0.11489306]
716.4280214309692,1000,False,3,5,[-8.53923849  7.51113901  3.91513352],landing,[-0.82138112 -0.19970136 -0.21083176]
716.4280214309692,1001,False,4,1,[7.74466946 2.04961569 4.        ],exiting,[-0.48080528  0.59740651 -0.20557775]
716.4280214309692,1002,False,6,3,[8.36183403 3.22309872 3.86412008],cruising,[ 0.5677905  -0.59831228 -0.99408226]
716.4280214309692,1003,False,2,4,[ 8.27748041 -7.45924557  1.95728249],landing,[ 0.63925976  0.24903542 -0.34837281]
716.4280214309692,1004,False,6,2,[-6.64862911 -1.22373003  4.        ],exiting,[-0.62185191  0.08809385  0.93462812]
716.4280214309692,1005,False,0,6,[3.20667099 5.98702613 3.70363449],entering,[ 0.50568378 -0.03156594 -0.11489306]
716.5183365345001,1000,False,3,5,[-8.55846717  7.55298577  3.85925665],landing,[-0.82138112 -0.19970136 -0.21083176]
716.5183365345001,1001,False,4,1,[7.6450145  2.05791567 4.        ],exiting,[-0.48080528  0.59740651 -0.20557775]
716.5183365345001,1002,False,6,3,[8.37398463 3.02346815 3.88450207],cruising,[ 0.5677905  -0.59831228 -0.99408226]
716.5183365345001,1003,False,2,4,[ 8.25509267 -7.46253372  1.85987624],landing,[ 0.63925976  0.24903542 -0.34837281]
716.5183365345001,1004,False,6,2,[-6.72184541 -1.29184297  4.        ],exiting,[-0.62185191  0.08809385  0.93462812]
716.5183365345001,1005,False,0,6,[3.32779932 5.82791471 3.74834395],entering,[ 0.50568378 -0.03156594 -0.11489306]
716.6168854236603,1000,False,3,5,[-8.5658601   7.58586347  3.7899831 ],landing,[-0.82138112 -0.19970136 -0.21083176]
716.6168854236603,1001,False,4,1,[7.54535954 2.06621565 4.        ],exiting,[-0.48080528  0.59740651 -0.20557775]
716.6168854236603,1002,False,6,3,[8.38549663 2.82379974 3.90182676],cruising,[ 0.5677905  -0.59831228 -0.99408226]
716.6168854236603,1003,False,2,4,[ 8.23270493 -7.46582188  1.76246999],landing,[ 0.63925976  0.24903542 -0.34837281]
716.6168854236603,1004,False,6,2,[-6.79506172 -1.35995592  4.        ],exiting,[-0.62185191  0.08809385  0.93462812]
716.6168854236603,1005,False,0,6,[3.46311388 5.68063957 3.78609236],entering,[ 0.50568378 -0.03156594 -0.11489306]
716.7154049873352,1000,False,3,5,[-8.5613153   7.60957497  3.7075387 ],landing,[-0.82138112 -0.19970136 -0.21083176]
716.7154049873352,1001,False,4,1,[7.44570459 2.07451563 4.        ],exiting,[-0.48080528  0.59740651 -0.20557775]
716.7154049873352,1002,False,6,3,[8.40050709 2.62436382 3.91655274],cruising,[ 0.5677905  -0.59831228 -0.99408226]
716.7154049873352,1003,False,2,4,[ 8.21031719 -7.46911004  1.66506374],landing,[ 0.63925976  0.24903542 -0.34837281]
716.7154049873352,1004,False,6,2,[-6.86827802 -1.42806886  4.        ],exiting,[-0.62185191  0.08809385  0.93462812]
716.7154049873352,1005,False,0,6,[3.61193182 5.54708479 3.81841764],entering,[ 0.50568378 -0.03156594 -0.11489306]
716.8245460987091,1000,False,3,5,[-8.54473142  7.62392071  3.61215818],landing,[-0.82138112 -0.19970136 -0.21083176]
716.8245460987091,1001,False,4,1,[7.34604963 2.08281561 4.        ],exiting,[-0.48080528  0.59740651 -0.20557775]
716.8245460987091,1002,False,6,3,[8.41375017 2.42480275 3.92906983],cruising,[ 0.5677905  -0.59831228 -0.99408226]
716.8245460987091,1003,False,2,4,[ 8.18792945 -7.4723982   1.56765749],landing,[ 0.63925976  0.24903542 -0.34837281]
716.8245460987091,1004,False,6,2,[-6.94149432 -1.4961818   4.        ],landing,[-0.62185191  0.08809385  0.93462812]
716.8245460987091,1005,False,0,6,[3.77298897 5.42851364 3.84567415],cruising,[ 0.50568378 -0.03156594 -0.11489306]
716.9297540187836,1000,False,3,5,[-8.52618868  7.63672251  3.51472984],landing,[-0.82138112 -0.19970136 -0.21083176]
716.9297540187836,1001,False,4,1,[7.24639467 2.09111559 4.        ],exiting,[-0.48080528  0.59740651 -0.20557775]
716.9297540187836,1002,False,6,3,[8.42870303 2.2253625  3.93970936],cruising,[ 0.5677905  -0.59831228 -0.99408226]
716.9297540187836,1003,False,2,4,[ 8.16554171 -7.47568636  1.47025125],fake_landed,[ 0.63925976  0.24903542 -0.34837281]
716.9297540187836,1004,False,6,2,[-7.00663847 -1.55243101  3.98606831],landing,[-0.62185191  0.08809385  0.93462812]
716.9297540187836,1005,False,0,6,[3.94453904 5.32570034 3.86882302],cruising,[ 0.50568378 -0.03156594 -0.11489306]
717.0219080448151,1000,False,3,5,[-8.50764593  7.64952431  3.41730151],landing,[-0.82138112 -0.19970136 -0.21083176]
717.0219080448151,1001,False,4,1,[7.14673972 2.09941557 4.        ],exiting,[-0.48080528  0.59740651 -0.20557775]
717.0219080448151,1002,False,6,3,[8.44115776 2.02575068 3.94875295],cruising,[ 0.5677905  -0.59831228 -0.99408226]
717.0219080448151,1003,False,2,4,[ 8.14763152 -7.47831689  1.39232625],fake_landed,[ 0.63925976  0.24903542 -0.34837281]
717.0219080448151,1004,False,6,2,[-7.06356    -1.59672796  3.95836955],landing,[-0.62185191  0.08809385  0.93462812]
717.0219080448151,1005,False,0,6,[4.12390936 5.23723403 3.88849957],cruising,[ 0.50568378 -0.03156594 -0.11489306]
717.1152257919312,1000,False,3,5,[-8.48910318  7.66232611  3.31987317],landing,[-0.82138112 -0.19970136 -0.21083176]
717.1152257919312,1001,False,4,1,[7.04708476 2.10771555 4.        ],exiting,[-0.48080528  0.59740651 -0.20557775]
717.1152257919312,1002,False,6,3,[8.45414488 1.82617279 3.95644001],cruising,[ 0.5677905  -0.59831228 -0.99408226]
717.1152257919312,1003,False,2,4,[ 8.13419888 -7.48028978  1.3338825 ],fake_landed,[ 0.63925976  0.24903542 -0.34837281]
717.1152257919312,1004,False,6,2,[-7.11208201 -1.62896991  3.91710152],landing,[-0.62185191  0.08809385  0.93462812]
717.1152257919312,1005,False,0,6,[4.30938679 5.16241341 3.90522463],cruising,[ 0.50568378 -0.03156594 -0.11489306]
717.2217893600464,1000,False,3,5,[-8.47056044  7.67512791  3.22244484],landing,[-0.82138112 -0.19970136 -0.21083176]
717.2217893600464,1001,False,4,1,[6.9474298  2.11601554 4.        ],exiting,[-0.48080528  0.59740651 -0.20557775]
717.2217893600464,1002,False,6,3,[8.46426797 1.62642915 3.96297401],cruising,[ 0.5677905  -0.59831228 -0.99408226]
717.2217893600464,1003,False,2,4,[ 8.12524378 -7.48160505  1.29492   ],fake_landed,[ 0.63925976  0.24903542 -0.34837281]
717.2217893600464,1004,False,6,2,[-7.1519645  -1.64901983  3.86254014],landing,[-0.62185191  0.08809385  0.93462812]
717.2217893600464,1005,False,0,6,[4.49910258 5.09910529 3.91944094],cruising,[ 0.50568378 -0.03156594 -0.11489306]
717.3180420398712,1000,False,3,5,[-8.45201769  7.68792971  3.1250165 ],landing,[-0.82138112 -0.19970136 -0.21083176]
717.3180420398712,1001,False,4,1,[6.84777485 2.12431552 4.        ],exiting,[-0.48080528  0.59740651 -0.20557775]
717.3180420398712,1002,False,6,3,[8.47418287 1.42667506 3.96852791],cruising,[ 0.5677905  -0.59831228 -0.99408226]
717.3180420398712,1003,False,2,4,[ 8.12076624 -7.48226268  1.27543875],fake_landed,[ 0.63925976  0.24903542 -0.34837281]
717.3180420398712,1004,False,6,2,[-7.18299782 -1.65676031  3.79493385],landing,[-0.62185191  0.08809385  0.93462812]
717.3180420398712,1005,False,0,6,[4.6916466  5.04500537 3.9315248 ],cruising,[ 0.50568378 -0.03156594 -0.11489306]
717.419383764267,1000,False,3,5,[-8.43347494  7.70073151  3.02758817],landing,[-0.82138112 -0.19970136 -0.21083176]
717.419383764267,1001,False,4,1,[6.74811989 2.1326155  4.        ],exiting,[-0.48080528  0.59740651 -0.20557775]
717.419383764267,1002,False,6,3,[8.4833756  1.22688644 3.97324872],cruising,[ 0.5677905  -0.59831228 -0.99408226]
717.419383764267,1003,False,2,4,[ 8.12076624 -7.48226268  1.27543875],fake_landed,[ 0.63925976  0.24903542 -0.34837281]
717.419383764267,1004,False,6,2,[-7.20499259 -1.65208723  3.71451318],landing,[-0.62185191  0.08809385  0.93462812]
717.419383764267,1005,False,0,6,[4.88614314 4.99841035 3.94179608],cruising,[ 0.50568378 -0.03156594 -0.11489306]
717.5296714305878,1000,False,3,5,[-8.41493219  7.71353331  2.93015983],landing,[-0.82138112 -0.19970136 -0.21083176]
717.5296714305878,1001,False,4,1,[6.64846494 2.14091548 4.        ],exiting,[-0.48080528  0.59740651 -0.20557775]
717.5296714305878,1002,False,6,3,[8.48912792 1.02696918 3.97726141],cruising,[ 0.5677905  -0.59831228 -0.99408226]
717.5296714305878,1003,False,4,0,[ 8.12076624 -7.48226268  1.27543875],waiting,[ 0.63925976  0.24903542 -0.34837281]
717.5296714305878,1004,False,6,2,[-7.21775723 -1.63489719  3.62151752],landing,[-0.62185191  0.08809385  0.93462812]
717.5296714305878,1005,False,0,6,[5.08178177 4.95687089 3.95052667],cruising,[ 0.50568378 -0.03156594 -0.11489306]
717.6187121868134,1000,False,3,5,[-8.39638945  7.72633511  2.8327315 ],landing,[-0.82138112 -0.19970136 -0.21083176]
717.6187121868134,1001,False,4,1,[6.54880998 2.14921546 4.        ],exiting,[-0.48080528  0.59740651 -0.20557775]
717.6187121868134,1002,False,6,3,[8.49392136 0.82702663 3.9806722 ],cruising,[ 0.5677905  -0.59831228 -0.99408226]
717.6187121868134,1003,False,4,0,[ 8.12076624 -7.48226268  1.27543875],waiting,[ 0.63925976  0.24903542 -0.34837281]
717.6187121868134,1004,False,6,2,[-7.2273106  -1.61340717  3.52432229],landing,[-0.62185191  0.08809385  0.93462812]
717.6187121868134,1005,False,0,6,[5.27805916 4.91846277 3.95794767],cruising,[ 0.50568378 -0.03156594 -0.11489306]
717.726377248764,1000,False,3,5,[-8.3778467   7.73913691  2.73530316],landing,[-0.82138112 -0.19970136 -0.21083176]
717.726377248764,1001,False,4,1,[6.44915502 2.15751544 4.        ],exiting,[-0.48080528  0.59740651 -0.20557775]
717.726377248764,1002,False,6,3,[8.49744574 0.62705769 3.98357137],cruising,[ 0.5677905  -0.59831228 -0.99408226]
717.726377248764,1003,False,4,0,[ 8.12076624 -7.48226268  1.27543875],waiting,[ 0.63925976  0.24903542 -0.34837281]
717.726377248764,1004,False,6,2,[-7.23686396 -1.59191715  3.42712706],landing,[-0.62185191  0.08809385  0.93462812]
717.726377248764,1005,False,0,6,[5.47460801 4.88146886 3.96425552],cruising,[ 0.50568378 -0.03156594 -0.11489306]
717.8226675987244,1000,False,3,5,[-8.35930395  7.75193872  2.63787483],landing,[-0.82138112 -0.19970136 -0.21083176]
717.8226675987244,1001,False,4,1,[6.34950007 2.16581542 4.        ],exiting,[-0.48080528  0.59740651 -0.20557775]
717.8226675987244,1002,False,6,3,[8.49736716 0.4270577  3.98603567],cruising,[ 0.5677905  -0.59831228 -0.99408226]
717.8226675987244,1003,False,4,0,[ 8.12076624 -7.48226268  1.27543875],waiting,[ 0.63925976  0.24903542 -0.34837281]
717.8226675987244,1004,False,6,2,[-7.24641732 -1.57042712  3.32993184],landing,[-0.62185191  0.08809385  0.93462812]
717.8226675987244,1005,False,0,6,[5.67146023 4.84612475 3.96961719],exiting,[ 0.50568378 -0.03156594 -0.11489306]
717.9239187240601,1000,False,3,5,[-8.34076121  7.76474052  2.5404465 ],landing,[-0.82138112 -0.19970136 -0.21083176]
717.9239187240601,1001,False,4,1,[6.24984511 2.1741154  4.        ],exiting,[-0.48080528  0.59740651 -0.20557775]
717.9239187240601,1002,False,6,3,[8.49597728 0.22706253 3.98813032],cruising,[ 0.5677905  -0.59831228 -0.99408226]
717.9239187240601,1003,False,4,0,[ 8.12076624 -7.48226268  1.27543875],waiting,[ 0.63925976  0.24903542 -0.34837281]
717.9239187240601,1004,False,6,2,[-7.25597069 -1.5489371   3.23273661],landing,[-0.62185191  0.08809385  0.93462812]
717.9239187240601,1005,False,0,6,[5.8529386  4.823573   3.97495596],exiting,[ 0.50568378 -0.03156594 -0.11489306]
718.0290775299072,1000,False,3,5,[-8.32221846  7.77754232  2.44301816],landing,[-0.82138112 -0.19970136 -0.21083176]
718.0290775299072,1001,False,4,1,[6.15019015 2.18241538 4.        ],exiting,[-0.48080528  0.59740651 -0.20557775]
718.0290775299072,1002,False,6,3,[8.49305353 0.0270839  3.98991077],cruising,[ 0.5677905  -0.59831228 -0.99408226]
718.0290775299072,1003,False,4,0,[ 8.12076624 -7.48226268  1.27543875],waiting,[ 0.63925976  0.24903542 -0.34837281]
718.0290775299072,1004,False,6,2,[-7.26552405 -1.52744708  3.13554138],landing,[-0.62185191  0.08809385  0.93462812]
718.0290775299072,1005,False,0,6,[6.01901099 4.81377449 3.98019262],exiting,[ 0.50568378 -0.03156594 -0.11489306]
718.11478972435,1000,False,3,5,[-8.30367571  7.79034412  2.34558983],landing,[-0.82138112 -0.19970136 -0.21083176]
718.11478972435,1001,False,4,1,[6.0505352  2.19071536 4.        ],exiting,[-0.48080528  0.59740651 -0.20557775]
718.11478972435,1002,False,6,3,[ 8.48841957 -0.17286241  3.99142415],cruising,[ 0.5677905  -0.59831228 -0.99408226]
718.11478972435,1003,False,4,0,[ 8.12076624 -7.48226268  1.27543875],waiting,[ 0.63925976  0.24903542 -0.34837281]
718.11478972435,1004,False,6,2,[-7.27507741 -1.50595706  3.03834616],landing,[-0.62185191  0.08809385  0.93462812]
718.11478972435,1005,False,0,6,[6.16963779 4.81668015 3.98523511],exiting,[ 0.50568378 -0.03156594 -0.11489306]
718.2259180545807,1000,False,3,5,[-8.28513296  7.80314592  2.24816149],landing,[-0.82138112 -0.19970136 -0.21083176]
718.2259180545807,1001,False,4,1,[5.95088024 2.19901534 4.        ],exiting,[-0.48080528  0.59740651 -0.20557775]
718.2259180545807,1002,False,6,3,[ 8.47988161 -0.37268008  3.99271053],cruising,[ 0.5677905  -0.59831228 -0.99408226]
718.2259180545807,1003,False,4,0,[ 8.12076624 -7.48226268  1.27543875],queued,[ 0.63925976  0.24903542 -0.34837281]
718.2259180545807,1004,False,6,2,[-7.28463078 -1.48446703  2.94115093],landing,[-0.62185191  0.08809385  0.93462812]
718.2259180545807,1005,False,0,6,[6.30476951 4.83222739 3.98997247],exiting,[ 0.50568378 -0.03156594 -0.11489306]
718.3154807090759,1000,False,3,5,[-8.26659022  7.81594772  2.15073316],landing,[-0.82138112 -0.19970136 -0.21083176]
718.3154807090759,1001,False,4,1,[5.85122529 2.20731532 4.        ],exiting,[-0.48080528  0.59740651 -0.20557775]
718.3154807090759,1002,False,6,3,[ 8.46970955 -0.57242124  3.99380395],cruising,[ 0.5677905  -0.59831228 -0.99408226]
718.3154807090759,1003,False,4,0,[ 8.12076624 -7.48226268  1.29543875],queued,[ 0.63925976  0.24903542 -0.34837281]
718.3154807090759,1004,False,6,2,[-7.29418414 -1.46297701  2.8439557 ],landing,[-0.62185191  0.08809385  0.93462812]
718.3154807090759,1005,False,0,6,[6.42434089 4.86033149 3.99426113],exiting,[ 0.50568378 -0.03156594 -0.11489306]
718.4156272411346,1000,False,3,5,[-8.24804747  7.82874952  2.05330482],landing,[-0.82138112 -0.19970136 -0.21083176]
718.4156272411346,1001,False,4,1,[5.75157033 2.21561531 4.        ],exiting,[-0.48080528  0.59740651 -0.20557775]
718.4156272411346,1002,False,6,3,[ 8.45772299 -0.77206172  3.99473336],cruising,[ 0.5677905  -0.59831228 -0.99408226]
718.4156272411346,1003,False,4,0,[ 8.12076624 -7.48226268  1.33543875],queued,[ 0.63925976  0.24903542 -0.34837281]
718.4156272411346,1004,False,6,2,[-7.3037375  -1.44148699  2.74676047],landing,[-0.62185191  0.08809385  0.93462812]
718.4156272411346,1005,False,0,6,[6.52826248 4.90087219 3.99790598],exiting,[ 0.50568378 -0.03156594 -0.11489306]
718.5284090042114,1000,False,3,5,[-8.22950472  7.84155132  1.95587649],landing,[-0.82138112 -0.19970136 -0.21083176]
718.5284090042114,1001,False,4,1,[5.65191537 2.22391529 4.        ],exiting,[-0.48080528  0.59740651 -0.20557775]
718.5284090042114,1002,False,6,3,[ 8.44376724 -0.97157422  3.99552335],cruising,[ 0.5677905  -0.59831228 -0.99408226]
718.5284090042114,1003,False,4,0,[ 8.12076624 -7.48226268  1.39543875],queued,[ 0.63925976  0.24903542 -0.34837281]
718.5284090042114,1004,False,6,2,[-7.31329087 -1.41999697  2.64956525],landing,[-0.62185191  0.08809385  0.93462812]
718.5284090042114,1005,False,0,6,[6.61647034 4.95376088 4.00077229],exiting,[ 0.50568378 -0.03156594 -0.11489306]
718.6157140731812,1000,False,3,5,[-8.21096197  7.85435312  1.85844815],landing,[-0.82138112 -0.19970136 -0.21083176]
718.6157140731812,1001,False,4,1,[5.55226042 2.23221527 4.        ],landing,[-0.48080528  0.59740651 -0.20557775]
718.6157140731812,1002,False,6,3,[ 8.425525   -1.17074053  3.99619485],cruising,[ 0.5677905  -0.59831228 -0.99408226]
718.6157140731812,1003,False,4,0,[ 8.12076624 -7.48226268  1.47043875],queued,[ 0.63925976  0.24903542 -0.34837281]
718.6157140731812,1004,False,6,2,[-7.32284423 -1.39850694  2.55237002],landing,[-0.62185191  0.08809385  0.93462812]
718.6157140731812,1005,False,0,6,[6.6888985  5.01890389 4.00272606],exiting,[ 0.50568378 -0.03156594 -0.11489306]
718.7159202098846,1000,False,3,5,[-8.19241923  7.86715492  1.76101982],landing,[-0.82138112 -0.19970136 -0.21083176]
718.7159202098846,1001,False,4,1,[5.46645892 2.23623914 3.98622333],landing,[-0.48080528  0.59740651 -0.20557775]
718.7159202098846,1002,False,6,3,[ 8.40536466 -1.36972184  3.99676562],cruising,[ 0.5677905  -0.59831228 -0.99408226]
718.7159202098846,1003,False,4,0,[ 8.12076624 -7.48226268  1.54543875],queued,[ 0.63925976  0.24903542 -0.34837281]
718.7159202098846,1004,False,6,2,[-7.33239759 -1.37701692  2.45517479],landing,[-0.62185191  0.08809385  0.93462812]
718.7159202098846,1005,False,0,6,[6.74547942 5.09620366 4.00364146],exiting,[ 0.50568378 -0.03156594 -0.11489306]
718.8281495571136,1000,False,3,5,[-8.17387648  7.87995673  1.66359148],landing,[-0.82138112 -0.19970136 -0.21083176]
718.8281495571136,1001,False,4,1,[5.3946816  2.23601041 3.95883646],landing,[-0.48080528  0.59740651 -0.20557775]
718.8281495571136,1002,False,6,3,[ 8.383083   -1.56847678  3.99725078],cruising,[ 0.5677905  -0.59831228 -0.99408226]
718.8281495571136,1003,False,4,0,[ 8.12076624 -7.48226268  1.62043875],queued,[ 0.63925976  0.24903542 -0.34837281]
718.8281495571136,1004,False,6,2,[-7.34195095 -1.3555269   2.35797957],landing,[-0.62185191  0.08809385  0.93462812]
718.8281495571136,1005,False,0,6,[6.78614365 5.18556049 4.00342272],exiting,[ 0.50568378 -0.03156594 -0.11489306]
718.9150731563568,1000,False,3,5,[-8.15533373  7.89275853  1.56616315],landing,[-0.82138112 -0.19970136 -0.21083176]
718.9150731563568,1001,False,4,1,[5.33712745 2.23155762 3.91803843],landing,[-0.48080528  0.59740651 -0.20557775]
718.9150731563568,1002,False,6,3,[ 8.35612671 -1.76665185  3.99766316],cruising,[ 0.5677905  -0.59831228 -0.99408226]
718.9150731563568,1003,False,4,0,[ 8.12076624 -7.48226268  1.69543875],queued,[ 0.63925976  0.24903542 -0.34837281]
718.9150731563568,1004,False,6,2,[-7.35150432 -1.33403687  2.26078434],landing,[-0.62185191  0.08809385  0.93462812]
718.9150731563568,1005,False,0,6,[6.82092509 5.27931679 4.00283129],exiting,[ 0.50568378 -0.03156594 -0.11489306]
719.0180215835571,1000,False,3,5,[-8.13679099  7.90556033  1.46873481],fake_landed,[-0.82138112 -0.19970136 -0.21083176]
719.0180215835571,1001,False,4,1,[5.29406168 2.22292082 3.86410341],landing,[-0.48080528  0.59740651 -0.20557775]
719.0180215835571,1002,False,6,3,[ 8.32697472 -1.96451585  3.99801369],cruising,[ 0.5677905  -0.59831228 -0.99408226]
719.0180215835571,1003,False,4,0,[ 8.12076624 -7.48226268  1.77043875],queued,[ 0.63925976  0.24903542 -0.34837281]
719.0180215835571,1004,False,6,2,[-7.36105768 -1.31254685  2.16358911],landing,[-0.62185191  0.08809385  0.93462812]
719.0180215835571,1005,False,0,6,[6.85570654 5.37307311 4.00234055],exiting,[ 0.50568378 -0.03156594 -0.11489306]
719.1154773235321,1000,False,3,5,[-8.12195679  7.91580177  1.39079214],fake_landed,[-0.82138112 -0.19970136 -0.21083176]
719.1154773235321,1001,False,4,1,[5.26572562 2.21013852 3.79729009],landing,[-0.48080528  0.59740651 -0.20557775]
719.1154773235321,1002,False,6,3,[ 8.29536144 -2.16200155  3.99831164],cruising,[ 0.5677905  -0.59831228 -0.99408226]
719.1154773235321,1003,False,4,0,[ 8.12076624 -7.48226268  1.84543875],queued,[ 0.63925976  0.24903542 -0.34837281]
719.1154773235321,1004,False,6,2,[-7.37061104 -1.29105683  2.06639389],landing,[-0.62185191  0.08809385  0.93462812]
719.1154773235321,1005,False,0,6,[6.89048799 5.46682943 4.00193356],exiting,[ 0.50568378 -0.03156594 -0.11489306]
719.2150905132294,1000,False,3,5,[-8.11083114  7.92348285  1.33233514],fake_landed,[-0.82138112 -0.19970136 -0.21083176]
719.2150905132294,1001,False,4,1,[5.25232915 2.19324598 3.71783104],landing,[-0.48080528  0.59740651 -0.20557775]
719.2150905132294,1002,False,6,3,[ 8.25825978 -2.35853009  3.99856489],cruising,[ 0.5677905  -0.59831228 -0.99408226]
719.2150905132294,1003,False,4,0,[ 8.12076624 -7.48226268  1.92043875],queued,[ 0.63925976  0.24903542 -0.34837281]
719.2150905132294,1004,False,6,2,[-7.38016441 -1.26956681  1.96919866],landing,[-0.62185191  0.08809385  0.93462812]
719.2150905132294,1005,False,0,6,[6.92526944 5.56058575 4.00159621],exiting,[ 0.50568378 -0.03156594 -0.11489306]
719.3190116882324,1000,False,3,5,[-8.10341404  7.92860357  1.29336381],fake_landed,[-0.82138112 -0.19970136 -0.21083176]
719.3190116882324,1001,False,4,1,[5.25408333 2.1722803  3.62596765],landing,[-0.48080528  0.59740651 -0.20557775]
719.3190116882324,1002,False,6,3,[ 8.21847051 -2.55453216  3.99878016],cruising,[ 0.5677905  -0.59831228 -0.99408226]
719.3190116882324,1003,False,4,0,[ 8.12076624 -7.48226268  1.99543875],queued,[ 0.63925976  0.24903542 -0.34837281]
719.3190116882324,1004,False,6,2,[-7.38971777 -1.24807678  1.87200343],landing,[-0.62185191  0.08809385  0.93462812]
719.3190116882324,1005,False,0,6,[6.9600509  5.65434208 4.00131674],exiting,[ 0.50568378 -0.03156594 -0.11489306]
719.4251489639282,1000,False,3,5,[-8.09970549  7.93116393  1.27387814],fake_landed,[-0.82138112 -0.19970136 -0.21083176]
719.4251489639282,1001,False,4,1,[5.2623809  2.14959662 3.52892848],landing,[-0.48080528  0.59740651 -0.20557775]
719.4251489639282,1002,False,6,3,[ 8.17249242 -2.74917547  3.99896313],cruising,[ 0.5677905  -0.59831228 -0.99408226]
719.4251489639282,1003,False,4,0,[ 8.12076624 -7.48226268  2.07043875],queued,[ 0.63925976  0.24903542 -0.34837281]
719.4251489639282,1004,False,6,2,[-7.39927113 -1.22658676  1.7748082 ],landing,[-0.62185191  0.08809385  0.93462812]
719.4251489639282,1005,False,0,6,[6.99483235 5.74809841 4.00108535],exiting,[ 0.50568378 -0.03156594 -0.11489306]
719.5211977958679,1000,False,5,4,[-8.09970549  7.93116393  1.27387814],waiting,[-0.82138112 -0.19970136 -0.21083176]
719.5211977958679,1001,False,4,1,[5.27067847 2.12691294 3.4318893 ],landing,[-0.48080528  0.59740651 -0.20557775]
719.5211977958679,1002,False,6,3,[ 8.12336184 -2.94304704  3.99911866],cruising,[ 0.5677905  -0.59831228 -0.99408226]
719.5211977958679,1003,False,4,0,[ 8.12076624 -7.48226268  2.14543875],queued,[ 0.63925976  0.24903542 -0.34837281]
719.5211977958679,1004,False,6,2,[-7.4088245  -1.20509674  1.67761298],landing,[-0.62185191  0.08809385  0.93462812]
719.5211977958679,1005,False,0,6,[7.0296138  5.84185474 4.00089389],exiting,[ 0.50568378 -0.03156594 -0.11489306]
719.6151351928711,1000,False,5,4,[-8.09970549  7.93116393  1.27387814],waiting,[-0.82138112 -0.19970136 -0.21083176]
719.6151351928711,1001,False,4,1,[5.27897605 2.10422927 3.33485013],landing,[-0.48080528  0.59740651 -0.20557775]
719.6151351928711,1002,False,6,3,[ 8.06684122 -3.13489442  3.99925086],cruising,[ 0.5677905  -0.59831228 -0.99408226]
719.6151351928711,1003,False,4,0,[ 8.12076624 -7.48226268  2.22043875],queued,[ 0.63925976  0.24903542 -0.34837281]
719.6151351928711,1004,False,6,2,[-7.41837786 -1.18360671  1.58041775],landing,[-0.62185191  0.08809385  0.93462812]
719.6151351928711,1005,False,0,6,[7.06439526 5.93561107 4.00073556],exiting,[ 0.50568378 -0.03156594 -0.11489306]
719.7208132743835,1000,False,5,4,[-8.09970549  7.93116393  1.27387814],waiting,[-0.82138112 -0.19970136 -0.21083176]
719.7208132743835,1001,False,4,1,[5.28727362 2.08154559 3.23781096],landing,[-0.48080528  0.59740651 -0.20557775]
719.7208132743835,1002,False,6,3,[ 8.0064229  -3.32555021  3.99936323],cruising,[ 0.5677905  -0.59831228 -0.99408226]
719.7208132743835,1003,False,4,0,[ 8.12076624 -7.48226268  2.29543875],queued,[ 0.63925976  0.24903542 -0.34837281]
719.7208132743835,1004,False,6,2,[-7.42793122 -1.16211669  1.48322252],fake_landed,[-0.62185191  0.08809385  0.93462812]
719.7208132743835,1005,False,0,6,[7.09917671 6.02936741 4.00060472],exiting,[ 0.50568378 -0.03156594 -0.11489306]
719.827184677124,1000,False,5,4,[-8.09970549  7.93116393  1.27387814],waiting,[-0.82138112 -0.19970136 -0.21083176]
719.827184677124,1001,False,4,1,[5.29557119 2.05886191 3.14077179],landing,[-0.48080528  0.59740651 -0.20557775]
719.827184677124,1002,False,6,3,[ 7.93671552 -3.51300922  3.99945875],cruising,[ 0.5677905  -0.59831228 -0.99408226]
719.827184677124,1003,False,4,0,[ 8.12076624 -7.48226268  2.37043875],queued,[ 0.63925976  0.24903542 -0.34837281]
719.827184677124,1004,False,6,2,[-7.43557391 -1.14492467  1.40546634],fake_landed,[-0.62185191  0.08809385  0.93462812]
719.827184677124,1005,False,0,6,[7.13395817 6.12312374 4.00049666],exiting,[ 0.50568378 -0.03156594 -0.11489306]
719.9182562828064,1000,False,5,4,[-8.09970549  7.93116393  1.27387814],waiting,[-0.82138112 -0.19970136 -0.21083176]
719.9182562828064,1001,False,4,1,[5.30386876 2.03617823 3.04373261],landing,[-0.48080528  0.59740651 -0.20557775]
719.9182562828064,1002,False,6,3,[ 7.85665129 -3.6962842   3.99953994],cruising,[ 0.5677905  -0.59831228 -0.99408226]
719.9182562828064,1003,False,4,0,[ 8.12076624 -7.48226268  2.44543875],entering,[ 0.63925976  0.24903542 -0.34837281]
719.9182562828064,1004,False,6,2,[-7.44130593 -1.13203066  1.3471492 ],fake_landed,[-0.62185191  0.08809385  0.93462812]
719.9182562828064,1005,False,0,6,[7.16873962 6.21688008 4.0004075 ],exiting,[ 0.50568378 -0.03156594 -0.11489306]
720.0149960517883,1000,False,5,4,[-8.09970549  7.93116393  1.27387814],waiting,[-0.82138112 -0.19970136 -0.21083176]
720.0149960517883,1001,False,4,1,[5.31216634 2.01349455 2.94669344],landing,[-0.48080528  0.59740651 -0.20557775]
720.0149960517883,1002,False,6,3,[ 7.76466726 -3.87387626  3.99960895],cruising,[ 0.5677905  -0.59831228 -0.99408226]
720.0149960517883,1003,False,4,0,[ 8.10927615 -7.46589264  2.52043875],entering,[ 0.63925976  0.24903542 -0.34837281]
720.0149960517883,1004,False,6,2,[-7.44512728 -1.12343465  1.30827111],fake_landed,[-0.62185191  0.08809385  0.93462812]
720.0149960517883,1005,False,0,6,[7.20352108 6.31063641 4.00033398],exiting,[ 0.50568378 -0.03156594 -0.11489306]
720.1154592037201,1000,False,5,4,[-8.09970549  7.93116393  1.27387814],waiting,[-0.82138112 -0.19970136 -0.21083176]
720.1154592037201,1001,False,4,1,[5.32046391 1.99081088 2.84965427],landing,[-0.48080528  0.59740651 -0.20557775]
720.1154592037201,1002,False,6,3,[ 7.65864413 -4.04346133  3.9996676 ],cruising,[ 0.5677905  -0.59831228 -0.99408226]
720.1154592037201,1003,False,4,0,[ 8.08629599 -7.43315257  2.59543875],entering,[ 0.63925976  0.24903542 -0.34837281]
720.1154592037201,1004,False,6,2,[-7.44703795 -1.11913665  1.28883207],fake_landed,[-0.62185191  0.08809385  0.93462812]
720.1154592037201,1005,False,0,6,[7.23830253 6.40439274 4.0002734 ],exiting,[ 0.50568378 -0.03156594 -0.11489306]
720.2159707546234,1000,False,5,4,[-8.09970549  7.93116393  1.27387814],waiting,[-0.82138112 -0.19970136 -0.21083176]
720.2159707546234,1001,False,4,1,[5.32876148 1.9681272  2.7526151 ],landing,[-0.48080528  0.59740651 -0.20557775]
720.2159707546234,1002,False,6,3,[ 7.53622428 -4.20159444  3.99971762],cruising,[ 0.5677905  -0.59831228 -0.99408226]
720.2159707546234,1003,False,4,0,[ 8.05182575 -7.38404247  2.67043875],entering,[ 0.63925976  0.24903542 -0.34837281]
720.2159707546234,1004,False,6,2,[-7.44703795 -1.11913665  1.28883207],fake_landed,[-0.62185191  0.08809385  0.93462812]
720.2159707546234,1005,False,0,6,[7.27308399 6.49814908 4.00022353],exiting,[ 0.50568378 -0.03156594 -0.11489306]
720.3286120891571,1000,False,5,4,[-8.09970549  7.93116393  1.27387814],waiting,[-0.82138112 -0.19970136 -0.21083176]
720.3286120891571,1001,False,4,1,[5.33705905 1.94544352 2.65557592],landing,[-0.48080528  0.59740651 -0.20557775]
720.3286120891571,1002,False,6,3,[ 7.39883087 -4.34646888  3.99976189],cruising,[ 0.5677905  -0.59831228 -0.99408226]
720.3286120891571,1003,False,4,0,[ 8.00586543 -7.31856233  2.74543875],entering,[ 0.63925976  0.24903542 -0.34837281]
720.3286120891571,1004,False,2,5,[-7.44703795 -1.11913665  1.28883207],waiting,[-0.62185191  0.08809385  0.93462812]
720.3286120891571,1005,False,0,6,[7.30786544 6.59190541 4.00018252],exiting,[ 0.50568378 -0.03156594 -0.11489306]
720.4175179004669,1000,False,5,4,[-8.09970549  7.93116393  1.27387814],waiting,[-0.82138112 -0.19970136 -0.21083176]
720.4175179004669,1001,False,4,1,[5.34535663 1.92275984 2.55853675],landing,[-0.48080528  0.59740651 -0.20557775]
720.4175179004669,1002,False,6,3,[ 7.24889897 -4.4757617   3.99980312],cruising,[ 0.5677905  -0.59831228 -0.99408226]
720.4175179004669,1003,False,4,0,[ 7.94841502 -7.23671215  2.82043875],entering,[ 0.63925976  0.24903542 -0.34837281]
720.4175179004669,1004,False,2,5,[-7.44703795 -1.11913665  1.28883207],waiting,[-0.62185191  0.08809385  0.93462812]
720.4175179004669,1005,False,0,6,[7.3426469  6.68566175 4.00014882],exiting,[ 0.50568378 -0.03156594 -0.11489306]
720.5246458053589,1000,False,5,4,[-8.09970549  7.93116393  1.27387814],waiting,[-0.82138112 -0.19970136 -0.21083176]
720.5246458053589,1001,False,4,1,[5.3536542  1.90007616 2.46149758],landing,[-0.48080528  0.59740651 -0.20557775]
720.5246458053589,1002,False,6,3,[ 7.08833443 -4.58811503  3.99984134],cruising,[ 0.5677905  -0.59831228 -0.99408226]
720.5246458053589,1003,False,4,0,[ 7.87947454 -7.13849194  2.89543875],entering,[ 0.63925976  0.24903542 -0.34837281]
720.5246458053589,1004,False,2,5,[-7.44703795 -1.11913665  1.28883207],waiting,[-0.62185191  0.08809385  0.93462812]
720.5246458053589,1005,False,0,6,[7.37742836 6.77941808 4.00012115],exiting,[ 0.50568378 -0.03156594 -0.11489306]
720.6171255111694,1000,False,5,4,[-8.09970549  7.93116393  1.27387814],waiting,[-0.82138112 -0.19970136 -0.21083176]
720.6171255111694,1001,False,4,1,[5.36195177 1.87739249 2.3644584 ],landing,[-0.48080528  0.59740651 -0.20557775]
720.6171255111694,1002,False,6,3,[ 6.91919156 -4.68240148  3.99987648],cruising,[ 0.5677905  -0.59831228 -0.99408226]
720.6171255111694,1003,False,4,0,[ 7.79912414 -7.02384572  2.97043875],entering,[ 0.63925976  0.24903542 -0.34837281]
720.6171255111694,1004,False,2,5,[-7.44703795 -1.11913665  1.28883207],waiting,[-0.62185191  0.08809385  0.93462812]
720.6171255111694,1005,False,0,6,[7.41220981 6.87317442 4.00009847],exiting,[ 0.50568378 -0.03156594 -0.11489306]
720.774352312088,1000,False,5,4,[-8.09970549  7.93116393  1.27387814],waiting,[-0.82138112 -0.19970136 -0.21083176]
720.774352312088,1001,False,4,1,[5.37024934 1.85470881 2.26741923],landing,[-0.48080528  0.59740651 -0.20557775]
720.774352312088,1002,False,6,3,[ 6.74361784 -4.75775002  3.99990851],cruising,[ 0.5677905  -0.59831228 -0.99408226]
720.774352312088,1003,False,4,0,[ 7.70656135 -6.89336102  3.04543875],entering,[ 0.63925976  0.24903542 -0.34837281]
720.774352312088,1004,False,2,5,[-7.44703795 -1.11913665  1.28883207],waiting,[-0.62185191  0.08809385  0.93462812]
720.774352312088,1005,False,0,6,[7.44699127 6.96693075 4.00007989],exiting,[ 0.50568378 -0.03156594 -0.11489306]
720.8216602802277,1000,False,5,4,[-8.09970549  7.93116393  1.27387814],waiting,[-0.82138112 -0.19970136 -0.21083176]
720.8216602802277,1001,False,4,1,[5.37854692 1.83202513 2.17038006],landing,[-0.48080528  0.59740651 -0.20557775]
720.8216602802277,1002,False,6,3,[ 6.56380111 -4.81355382  3.99993734],cruising,[ 0.5677905  -0.59831228 -0.99408226]
720.8216602802277,1003,False,4,0,[ 7.60109804 -6.7475931   3.12043875],entering,[ 0.63925976  0.24903542 -0.34837281]
720.8216602802277,1004,False,2,5,[-7.44703795 -1.11913665  1.28883207],waiting,[-0.62185191  0.08809385  0.93462812]
720.8216602802277,1005,False,0,6,[7.48177272 7.06068709 4.0000647 ],exiting,[ 0.50568378 -0.03156594 -0.11489306]
720.932489156723,1000,False,5,4,[-8.09970549  7.93116393  1.27387814],waiting,[-0.82138112 -0.19970136 -0.21083176]
720.932489156723,1001,False,4,1,[5.38684449 1.80934145 2.07334089],landing,[-0.48080528  0.59740651 -0.20557775]
720.932489156723,1002,False,6,3,[ 6.38195195 -4.84946115  3.99996289],cruising,[ 0.5677905  -0.59831228 -0.99408226]
720.932489156723,1003,False,4,0,[ 7.48265297 -6.58661092  3.19543875],entering,[ 0.63925976  0.24903542 -0.34837281]
720.932489156723,1004,False,2,5,[-7.44703795 -1.11913665  1.28883207],waiting,[-0.62185191  0.08809385  0.93462812]
720.932489156723,1005,False,0,6,[7.51655418 7.15444342 4.00005228],exiting,[ 0.50568378 -0.03156594 -0.11489306]
721.0220146179199,1000,False,5,4,[-8.09970549  7.93116393  1.27387814],waiting,[-0.82138112 -0.19970136 -0.21083176]
721.0220146179199,1001,False,4,1,[5.39514206 1.78665777 1.97630171],landing,[-0.48080528  0.59740651 -0.20557775]
721.0220146179199,1002,False,6,3,[ 6.19945821 -4.86537888  3.99998482],cruising,[ 0.5677905  -0.59831228 -0.99408226]
721.0220146179199,1003,False,4,0,[ 7.36370091 -6.4258303   3.27043875],entering,[ 0.63925976  0.24903542 -0.34837281]
721.0220146179199,1004,False,2,5,[-7.44703795 -1.11913665  1.28883207],waiting,[-0.62185191  0.08809385  0.93462812]
721.0220146179199,1005,False,0,6,[7.55133563 7.24819976 4.00004215],exiting,[ 0.50568378 -0.03156594 -0.11489306]
721.1221604347229,1000,False,5,4,[-8.09970549  7.93116393  1.27387814],waiting,[-0.82138112 -0.19970136 -0.21083176]
721.1221604347229,1001,False,4,1,[5.40343963 1.7639741  1.87926254],landing,[-0.48080528  0.59740651 -0.20557775]
721.1221604347229,1002,False,6,3,[ 6.01777778 -4.86131315  4.00000309],cruising,[ 0.5677905  -0.59831228 -0.99408226]
721.1221604347229,1003,False,4,0,[ 7.24114464 -6.2677798   3.34543875],entering,[ 0.63925976  0.24903542 -0.34837281]
721.1221604347229,1004,False,2,5,[-7.44703795 -1.11913665  1.28883207],waiting,[-0.62185191  0.08809385  0.93462812]
721.1221604347229,1005,False,0,6,[7.58611709 7.34195609 4.0000339 ],exiting,[ 0.50568378 -0.03156594 -0.11489306]
721.2343053817749,1000,False,5,4,[-8.09970549  7.93116393  1.27387814],waiting,[-0.82138112 -0.19970136 -0.21083176]
721.2343053817749,1001,False,4,1,[5.41173721 1.74129042 1.78222337],landing,[-0.48080528  0.59740651 -0.20557775]
721.2343053817749,1002,False,6,3,[ 5.83810051 -4.83734799  4.00001756],cruising,[ 0.5677905  -0.59831228 -0.99408226]
721.2343053817749,1003,False,4,0,[ 7.119557   -6.10898293  3.42043875],entering,[ 0.63925976  0.24903542 -0.34837281]
721.2343053817749,1004,False,2,5,[-7.44703795 -1.11913665  1.28883207],waiting,[-0.62185191  0.08809385  0.93462812]
721.2343053817749,1005,False,0,6,[7.62089854 7.43571243 4.00002719],exiting,[ 0.50568378 -0.03156594 -0.11489306]
721.3356273174286,1000,False,5,4,[-8.09970549  7.93116393  1.27387814],waiting,[-0.82138112 -0.19970136 -0.21083176]
721.3356273174286,1001,False,4,1,[5.42003478 1.71860674 1.6851842 ],landing,[-0.48080528  0.59740651 -0.20557775]
721.3356273174286,1002,False,6,3,[ 5.66096175 -4.79354459  4.00002794],cruising,[ 0.5677905  -0.59831228 -0.99408226]
721.3356273174286,1003,False,4,0,[ 6.99252333 -5.95450819  3.49543875],entering,[ 0.63925976  0.24903542 -0.34837281]
721.3356273174286,1004,False,2,5,[-7.44703795 -1.11913665  1.28883207],waiting,[-0.62185191  0.08809385  0.93462812]
721.3356273174286,1005,False,0,6,[7.65568    7.52946876 4.00002174],exiting,[ 0.50568378 -0.03156594 -0.11489306]
721.4415771961212,1000,False,5,4,[-8.09970549  7.93116393  1.27387814],waiting,[-0.82138112 -0.19970136 -0.21083176]
721.4415771961212,1001,False,4,1,[5.42833235 1.69592306 1.58814502],landing,[-0.48080528  0.59740651 -0.20557775]
721.4415771961212,1002,False,6,3,[ 5.48709468 -4.7300106   4.00003408],cruising,[ 0.5677905  -0.59831228 -0.99408226]
721.4415771961212,1003,False,4,0,[ 6.86430621 -5.80101431  3.57043875],entering,[ 0.63925976  0.24903542 -0.34837281]
721.4415771961212,1004,False,2,5,[-7.44703795 -1.11913665  1.28883207],waiting,[-0.62185191  0.08809385  0.93462812]
721.4415771961212,1005,False,0,6,[7.69046145 7.6232251  4.00001733],exiting,[ 0.50568378 -0.03156594 -0.11489306]
721.5366504192352,1000,False,5,4,[-8.09970549  7.93116393  1.27387814],waiting,[-0.82138112 -0.19970136 -0.21083176]
721.5366504192352,1001,False,4,1,[5.43662993 1.67323938 1.49110585],fake_landed,[-0.48080528  0.59740651 -0.20557775]
721.5366504192352,1002,False,6,3,[ 5.31629743 -4.64671361  4.00003552],cruising,[ 0.5677905  -0.59831228 -0.99408226]
721.5366504192352,1003,False,4,0,[ 6.73446044 -5.64889568  3.63487294],entering,[ 0.63925976  0.24903542 -0.34837281]
721.5366504192352,1004,False,2,5,[-7.44703795 -1.11913665  1.28883207],waiting,[-0.62185191  0.08809385  0.93462812]
721.5366504192352,1005,False,0,6,[7.72524291 7.71698143 4.00001376],exiting,[ 0.50568378 -0.03156594 -0.11489306]
721.6385910511017,1000,False,5,4,[-8.09970549  7.93116393  1.27387814],queued,[-0.82138112 -0.19970136 -0.21083176]
721.6385910511017,1001,False,4,1,[5.44326798 1.65509244 1.41347451],fake_landed,[-0.48080528  0.59740651 -0.20557775]
721.6385910511017,1002,False,6,3,[ 5.14803869 -4.54357838  4.0000318 ],cruising,[ 0.5677905  -0.59831228 -0.99408226]
721.6385910511017,1003,False,4,0,[ 6.59768623 -5.50297511  3.689642  ],entering,[ 0.63925976  0.24903542 -0.34837281]
721.6385910511017,1004,False,2,5,[-7.44703795 -1.11913665  1.28883207],waiting,[-0.62185191  0.08809385  0.93462812]
721.6385910511017,1005,False,0,6,[7.76002437 7.81073777 4.00001088],exiting,[ 0.50568378 -0.03156594 -0.11489306]
721.7395186424255,1000,False,5,4,[-8.09970549  7.93116393  1.29387814],queued,[-0.82138112 -0.19970136 -0.21083176]
721.7395186424255,1001,False,4,1,[5.44824653 1.64148223 1.35525101],fake_landed,[-0.48080528  0.59740651 -0.20557775]
721.7395186424255,1002,False,6,3,[ 4.97619389 -4.44125845  4.00002703],cruising,[ 0.5677905  -0.59831228 -0.99408226]
721.7395186424255,1003,False,4,0,[ 6.45617526 -5.36164342  3.7361957 ],entering,[ 0.63925976  0.24903542 -0.34837281]
721.7395186424255,1004,False,2,5,[-7.44703795 -1.11913665  1.28883207],waiting,[-0.62185191  0.08809385  0.93462812]
721.7395186424255,1005,False,0,6,[7.79480582 7.9044941  4.00000856],exiting,[ 0.50568378 -0.03156594 -0.11489306]
721.836124420166,1000,False,5,4,[-8.09970549  7.93116393  1.33387814],queued,[-0.82138112 -0.19970136 -0.21083176]
721.836124420166,1001,False,4,1,[5.45156556 1.63240876 1.31643534],fake_landed,[-0.48080528  0.59740651 -0.20557775]
721.836124420166,1002,False,6,3,[ 4.80151485 -4.34385602  4.00002298],cruising,[ 0.5677905  -0.59831228 -0.99408226]
721.836124420166,1003,False,4,0,[ 6.31230506 -5.22271407  3.77576634],entering,[ 0.63925976  0.24903542 -0.34837281]
721.836124420166,1004,False,2,5,[-7.44703795 -1.11913665  1.28883207],waiting,[-0.62185191  0.08809385  0.93462812]
721.836124420166,1005,False,0,6,[7.82958728 7.99825044 4.0000067 ],exiting,[ 0.50568378 -0.03156594 -0.11489306]
721.9433190822601,1000,False,5,4,[-8.09970549  7.93116393  1.39387814],queued,[-0.82138112 -0.19970136 -0.21083176]
721.9433190822601,1001,False,4,1,[5.45322507 1.62787203 1.2970275 ],fake_landed,[-0.48080528  0.59740651 -0.20557775]
721.9433190822601,1002,False,6,3,[ 4.62368067 -4.25234097  4.00001953],cruising,[ 0.5677905  -0.59831228 -0.99408226]
721.9433190822601,1003,False,4,0,[ 6.16153409 -5.09130587  3.80940139],entering,[ 0.63925976  0.24903542 -0.34837281]
721.9433190822601,1004,False,2,5,[-7.44703795 -1.11913665  1.28883207],waiting,[-0.62185191  0.08809385  0.93462812]
721.9433190822601,1005,False,0,6,[7.86436873 8.09200677 4.00000521],exiting,[ 0.50568378 -0.03156594 -0.11489306]
722.0435035228729,1000,False,5,4,[-8.09970549  7.93116393  1.46887814],queued,[-0.82138112 -0.19970136 -0.21083176]
722.0435035228729,1001,False,1,2,[5.45322507 1.62787203 1.2970275 ],waiting,[-0.48080528  0.59740651 -0.20557775]
722.0435035228729,1002,False,6,3,[ 4.44426841 -4.16395975  4.0000166 ],cruising,[ 0.5677905  -0.59831228 -0.99408226]
722.0435035228729,1003,False,4,0,[ 6.00374721 -4.96841038  3.83799118],cruising,[ 0.63925976  0.24903542 -0.34837281]
722.0435035228729,1004,False,2,5,[-7.44703795 -1.11913665  1.28883207],waiting,[-0.62185191  0.08809385  0.93462812]
722.0435035228729,1005,False,0,6,[7.89915019 8.18576311 4.00000403],exiting,[ 0.50568378 -0.03156594 -0.11489306]
722.1366014480591,1000,False,5,4,[-8.09970549  7.93116393  1.54387814],queued,[-0.82138112 -0.19970136 -0.21083176]
722.1366014480591,1001,False,1,2,[5.45322507 1.62787203 1.2970275 ],waiting,[-0.48080528  0.59740651 -0.20557775]
722.1366014480591,1002,False,6,3,[ 4.26299725 -4.07945669  4.00001411],cruising,[ 0.5677905  -0.59831228 -0.99408226]
722.1366014480591,1003,False,4,0,[ 5.84222438 -4.85046812  3.86229251],cruising,[ 0.63925976  0.24903542 -0.34837281]
722.1366014480591,1004,False,2,5,[-7.44703795 -1.11913665  1.28883207],waiting,[-0.62185191  0.08809385  0.93462812]
722.1366014480591,1005,False,0,6,[7.93393164 8.27951944 4.00000308],exiting,[ 0.50568378 -0.03156594 -0.11489306]
722.2439308166504,1000,False,5,4,[-8.09970549  7.93116393  1.61887814],queued,[-0.82138112 -0.19970136 -0.21083176]
722.2439308166504,1001,False,1,2,[5.45322507 1.62787203 1.2970275 ],waiting,[-0.48080528  0.59740651 -0.20557775]
722.2439308166504,1002,False,6,3,[ 4.08086071 -3.99683539  4.00001199],cruising,[ 0.5677905  -0.59831228 -0.99408226]
722.2439308166504,1003,False,4,0,[ 5.67432652 -4.74179289  3.88294863],cruising,[ 0.63925976  0.24903542 -0.34837281]
722.2439308166504,1004,False,2,5,[-7.44703795 -1.11913665  1.28883207],waiting,[-0.62185191  0.08809385  0.93462812]
722.2439308166504,1005,False,0,6,[7.9687131  8.37327578 4.00000234],exiting,[ 0.50568378 -0.03156594 -0.11489306]
722.3491706848145,1000,False,5,4,[-8.09970549  7.93116393  1.69387814],queued,[-0.82138112 -0.19970136 -0.21083176]
722.3491706848145,1001,False,1,2,[5.45322507 1.62787203 1.2970275 ],waiting,[-0.48080528  0.59740651 -0.20557775]
722.3491706848145,1002,False,6,3,[ 3.89760858 -3.91671887  4.00001019],cruising,[ 0.5677905  -0.59831228 -0.99408226]
722.3491706848145,1003,False,4,0,[ 5.50317147 -4.63832333  3.90050633],cruising,[ 0.63925976  0.24903542 -0.34837281]
722.3491706848145,1004,False,2,5,[-7.44703795 -1.11913665  1.28883207],waiting,[-0.62185191  0.08809385  0.93462812]
722.3491706848145,1005,False,0,6,[8.00349455 8.46703211 4.00000175],exiting,[ 0.50568378 -0.03156594 -0.11489306]
722.4423005580902,1000,False,5,4,[-8.09970549  7.93116393  1.76887814],queued,[-0.82138112 -0.19970136 -0.21083176]
722.4423005580902,1001,False,1,2,[5.45322507 1.62787203 1.2970275 ],waiting,[-0.48080528  0.59740651 -0.20557775]
722.4423005580902,1002,False,6,3,[ 3.71382553 -3.83782787  4.00000867],cruising,[ 0.5677905  -0.59831228 -0.99408226]
722.4423005580902,1003,False,4,0,[ 5.32755304 -4.54262501  3.91543038],cruising,[ 0.63925976  0.24903542 -0.34837281]
722.4423005580902,1004,False,2,5,[-7.44703795 -1.11913665  1.28883207],waiting,[-0.62185191  0.08809385  0.93462812]
722.4423005580902,1005,False,0,6,[8.03827601 8.56078845 4.00000129],exiting,[ 0.50568378 -0.03156594 -0.11489306]
722.5473783016205,1000,False,5,4,[-8.09970549  7.93116393  1.84387814],queued,[-0.82138112 -0.19970136 -0.21083176]
722.5473783016205,1001,False,1,2,[5.45322507 1.62787203 1.2970275 ],waiting,[-0.48080528  0.59740651 -0.20557775]
722.5473783016205,1002,False,6,3,[ 3.52932653 -3.76062605  4.00000737],cruising,[ 0.5677905  -0.59831228 -0.99408226]
722.5473783016205,1003,False,4,0,[ 5.14994738 -4.45066726  3.92811583],cruising,[ 0.63925976  0.24903542 -0.34837281]
722.5473783016205,1004,False,2,5,[-7.44703795 -1.11913665  1.28883207],queued,[-0.62185191  0.08809385  0.93462812]
722.5473783016205,1005,False,0,6,[8.07305746 8.65454478 4.00000093],exiting,[ 0.50568378 -0.03156594 -0.11489306]
722.6423234939575,1000,False,5,4,[-8.09970549  7.93116393  1.91887814],queued,[-0.82138112 -0.19970136 -0.21083176]
722.6423234939575,1001,False,1,2,[5.45322507 1.62787203 1.2970275 ],waiting,[-0.48080528  0.59740651 -0.20557775]
722.6423234939575,1002,False,6,3,[ 3.34439636 -3.68446285  4.00000626],cruising,[ 0.5677905  -0.59831228 -0.99408226]
722.6423234939575,1003,False,4,0,[ 4.96961609 -4.36417664  3.93889845],cruising,[ 0.63925976  0.24903542 -0.34837281]
722.6423234939575,1004,False,2,5,[-7.44703795 -1.11913665  1.30883207],queued,[-0.62185191  0.08809385  0.93462812]
722.6423234939575,1005,False,0,6,[8.10783892 8.74830112 4.00000066],exiting,[ 0.50568378 -0.03156594 -0.11489306]
722.7389614582062,1000,False,5,4,[-8.09970549  7.93116393  1.99387814],queued,[-0.82138112 -0.19970136 -0.21083176]
722.7389614582062,1001,False,1,2,[5.45322507 1.62787203 1.2970275 ],waiting,[-0.48080528  0.59740651 -0.20557775]
722.7389614582062,1002,False,6,3,[ 3.15896051 -3.60953927  4.00000532],cruising,[ 0.5677905  -0.59831228 -0.99408226]
722.7389614582062,1003,False,4,0,[ 4.78829248 -4.2797862   3.94806369],cruising,[ 0.63925976  0.24903542 -0.34837281]
722.7389614582062,1004,False,2,5,[-7.44703795 -1.11913665  1.34883207],queued,[-0.62185191  0.08809385  0.93462812]
722.7389614582062,1005,False,0,6,[8.14262038 8.84205745 4.00000045],exiting,[ 0.50568378 -0.03156594 -0.11489306]
722.8372776508331,1000,False,5,4,[-8.09970549  7.93116393  2.06887814],queued,[-0.82138112 -0.19970136 -0.21083176]
722.8372776508331,1001,False,1,2,[5.45322507 1.62787203 1.2970275 ],waiting,[-0.48080528  0.59740651 -0.20557775]
722.8372776508331,1002,False,6,3,[ 2.9730219  -3.53587223  4.00000452],cruising,[ 0.5677905  -0.59831228 -0.99408226]
722.8372776508331,1003,False,4,0,[ 4.60609631 -4.19729647  3.95585413],cruising,[ 0.63925976  0.24903542 -0.34837281]
722.8372776508331,1004,False,2,5,[-7.44703795 -1.11913665  1.40883207],queued,[-0.62185191  0.08809385  0.93462812]
722.8372776508331,1005,False,0,6,[8.17740183 8.93581379 4.00000029],exiting,[ 0.50568378 -0.03156594 -0.11489306]
722.9461388587952,1000,False,5,4,[-8.09970549  7.93116393  2.14387814],queued,[-0.82138112 -0.19970136 -0.21083176]
722.9461388587952,1001,False,1,2,[5.45322507 1.62787203 1.2970275 ],waiting,[-0.48080528  0.59740651 -0.20557775]
722.9461388587952,1002,False,6,3,[ 2.78649065 -3.46371896  4.00000384],cruising,[ 0.5677905  -0.59831228 -0.99408226]
722.9461388587952,1003,False,4,0,[ 4.42260744 -4.11772364  3.96247601],cruising,[ 0.63925976  0.24903542 -0.34837281]
722.9461388587952,1004,False,2,5,[-7.44703795 -1.11913665  1.48383207],queued,[-0.62185191  0.08809385  0.93462812]
722.9461388587952,1005,False,0,6,[8.21218329 9.02957012 4.00000017],exiting,[ 0.50568378 -0.03156594 -0.11489306]
723.0396904945374,1000,False,5,4,[-8.09970549  7.93116393  2.21887814],queued,[-0.82138112 -0.19970136 -0.21083176]
723.0396904945374,1001,False,1,2,[5.45322507 1.62787203 1.2970275 ],waiting,[-0.48080528  0.59740651 -0.20557775]
723.0396904945374,1002,False,6,3,[ 2.59948074 -3.39281556  4.00000327],cruising,[ 0.5677905  -0.59831228 -0.99408226]
723.0396904945374,1003,False,4,0,[ 4.23871769 -4.03908165  3.96810461],cruising,[ 0.63925976  0.24903542 -0.34837281]
723.0396904945374,1004,False,2,5,[-7.44703795 -1.11913665  1.55883207],queued,[-0.62185191  0.08809385  0.93462812]
723.0396904945374,1005,False,0,6,[8.24696474 9.12332646 4.00000009],landing,[ 0.50568378 -0.03156594 -0.11489306]
723.1404469013214,1000,False,5,4,[-8.09970549  7.93116393  2.29387814],queued,[-0.82138112 -0.19970136 -0.21083176]
723.1404469013214,1001,False,1,2,[5.45322507 1.62787203 1.2970275 ],queued,[-0.48080528  0.59740651 -0.20557775]
723.1404469013214,1002,False,6,3,[ 2.41168295 -3.32402608  4.00000278],cruising,[ 0.5677905  -0.59831228 -0.99408226]
723.1404469013214,1003,False,4,0,[ 4.05406854 -3.96223967  3.97288892],cruising,[ 0.63925976  0.24903542 -0.34837281]
723.1404469013214,1004,False,2,5,[-7.44703795 -1.11913665  1.63383207],queued,[-0.62185191  0.08809385  0.93462812]
723.1404469013214,1005,False,0,6,[8.27997821 9.20298894 3.98592032],landing,[ 0.50568378 -0.03156594 -0.11489306]
723.2367753982544,1000,False,5,4,[-8.09970549  7.93116393  2.36887814],queued,[-0.82138112 -0.19970136 -0.21083176]
723.2367753982544,1001,False,1,2,[5.45322507 1.62787203 1.3170275 ],queued,[-0.48080528  0.59740651 -0.20557775]
723.2367753982544,1002,False,6,3,[ 2.22295074 -3.25784337  4.00000236],cruising,[ 0.5677905  -0.59831228 -0.99408226]
723.2367753982544,1003,False,4,0,[ 3.86920824 -3.88590704  3.97695558],cruising,[ 0.63925976  0.24903542 -0.34837281]
723.2367753982544,1004,False,2,5,[-7.44703795 -1.11913665  1.70883207],queued,[-0.62185191  0.08809385  0.93462812]
723.2367753982544,1005,False,0,6,[8.31112856 9.26840893 3.95792364],landing,[ 0.50568378 -0.03156594 -0.11489306]
723.3374552726746,1000,False,5,4,[-8.09970549  7.93116393  2.44387814],queued,[-0.82138112 -0.19970136 -0.21083176]
723.3374552726746,1001,False,1,2,[5.45322507 1.62787203 1.3570275 ],queued,[-0.48080528  0.59740651 -0.20557775]
723.3374552726746,1002,False,6,3,[ 2.03362065 -3.19339094  4.00000201],cruising,[ 0.5677905  -0.59831228 -0.99408226]
723.3374552726746,1003,False,4,0,[ 3.68386485 -3.81075503  3.98041224],cruising,[ 0.63925976  0.24903542 -0.34837281]
723.3374552726746,1004,False,2,5,[-7.44703795 -1.11913665  1.78383207],queued,[-0.62185191  0.08809385  0.93462812]
723.3374552726746,1005,False,0,6,[8.34030278 9.31941206 3.91620658],landing,[ 0.50568378 -0.03156594 -0.11489306]
723.4397346973419,1000,False,5,4,[-8.09970549  7.93116393  2.51887814],entering,[-0.82138112 -0.19970136 -0.21083176]
723.4397346973419,1001,False,1,2,[5.45322507 1.62787203 1.4170275 ],queued,[-0.48080528  0.59740651 -0.20557775]
723.4397346973419,1002,False,6,3,[ 1.84301701 -3.13280831  4.00000171],cruising,[ 0.5677905  -0.59831228 -0.99408226]
723.4397346973419,1003,False,4,0,[ 3.49832741 -3.73608335  3.98335041],cruising,[ 0.63925976  0.24903542 -0.34837281]
723.4397346973419,1004,False,2,5,[-7.44703795 -1.11913665  1.85883207],queued,[-0.62185191  0.08809385  0.93462812]
723.4397346973419,1005,False,0,6,[8.36734454 9.35576091 3.86104688],landing,[ 0.50568378 -0.03156594 -0.11489306]
723.5475182533264,1000,False,5,4,[-8.08186014  7.92213379  2.59387814],entering,[-0.82138112 -0.19970136 -0.21083176]
723.5475182533264,1001,False,1,2,[5.45322507 1.62787203 1.4920275 ],queued,[-0.48080528  0.59740651 -0.20557775]
723.5475182533264,1002,False,6,3,[ 1.65095441 -3.0770234   4.00000145],cruising,[ 0.5677905  -0.59831228 -0.99408226]
723.5475182533264,1003,False,4,0,[ 3.31242871 -3.66231565  3.98584785],cruising,[ 0.63925976  0.24903542 -0.34837281]
723.5475182533264,1004,False,2,5,[-7.44703795 -1.11913665  1.93383207],queued,[-0.62185191  0.08809385  0.93462812]
723.5475182533264,1005,False,0,6,[8.39212287 9.37726008 3.79268247],landing,[ 0.50568378 -0.03156594 -0.11489306]
723.6471688747406,1000,False,5,4,[-8.0461558   7.90410051  2.66887814],entering,[-0.82138112 -0.19970136 -0.21083176]
723.6471688747406,1001,False,1,2,[5.45322507 1.62787203 1.5670275 ],queued,[-0.48080528  0.59740651 -0.20557775]
723.6471688747406,1002,False,6,3,[ 1.45723972 -3.02727786  4.00000123],cruising,[ 0.5677905  -0.59831228 -0.99408226]
723.6471688747406,1003,False,4,0,[ 3.12624043 -3.58928192  3.98797067],cruising,[ 0.63925976  0.24903542 -0.34837281]
723.6471688747406,1004,False,2,5,[-7.44703795 -1.11913665  2.00883207],queued,[-0.62185191  0.08809385  0.93462812]
723.6471688747406,1005,False,0,6,[8.41451451 9.38372864 3.71134178],landing,[ 0.50568378 -0.03156594 -0.11489306]
723.742035150528,1000,False,5,4,[-7.99256236  7.87712408  2.74387814],entering,[-0.82138112 -0.19970136 -0.21083176]
723.742035150528,1001,False,1,2,[5.45322507 1.62787203 1.6420275 ],queued,[-0.48080528  0.59740651 -0.20557775]
723.742035150528,1002,False,6,3,[ 1.26170046 -2.98527312  4.00000105],cruising,[ 0.5677905  -0.59831228 -0.99408226]
723.742035150528,1003,False,4,0,[ 2.93971439 -3.5171152   3.98977507],cruising,[ 0.63925976  0.24903542 -0.34837281]
723.742035150528,1004,False,2,5,[-7.44703795 -1.11913665  2.08383207],queued,[-0.62185191  0.08809385  0.93462812]
723.742035150528,1005,False,0,6,[8.43439382 9.37498513 3.61726211],landing,[ 0.50568378 -0.03156594 -0.11489306]
723.8431670665741,1000,False,5,4,[-7.92102282  7.84131942  2.81887814],entering,[-0.82138112 -0.19970136 -0.21083176]
723.8431670665741,1001,False,1,2,[5.45322507 1.62787203 1.7170275 ],queued,[-0.48080528  0.59740651 -0.20557775]
723.8431670665741,1002,False,6,3,[ 1.06425813 -2.95339012  4.00000089],cruising,[ 0.5677905  -0.59831228 -0.99408226]
723.8431670665741,1003,False,4,0,[ 2.75271933 -3.44617264  3.99130881],cruising,[ 0.63925976  0.24903542 -0.34837281]
723.8431670665741,1004,False,2,5,[-7.44703795 -1.11913665  2.15883207],entering,[-0.62185191  0.08809385  0.93462812]
723.8431670665741,1005,False,0,6,[8.45358984 9.36225857 3.51995051],landing,[ 0.50568378 -0.03156594 -0.11489306]
723.9419672489166,1000,False,5,4,[-7.8314851   7.79679319  2.89387814],entering,[-0.82138112 -0.19970136 -0.21083176]
723.9419672489166,1001,False,1,2,[5.45322507 1.62787203 1.7920275 ],queued,[-0.48080528  0.59740651 -0.20557775]
723.9419672489166,1002,False,6,3,[ 0.86466161 -2.94139076  4.00000076],cruising,[ 0.5677905  -0.59831228 -0.99408226]
723.9419672489166,1003,False,4,0,[ 2.56510778 -3.37687684  3.99261249],cruising,[ 0.63925976  0.24903542 -0.34837281]
723.9419672489166,1004,False,2,5,[-7.43396103 -1.1040041   2.23383207],entering,[-0.62185191  0.08809385  0.93462812]
723.9419672489166,1005,False,0,6,[8.47278587 9.349532   3.42263891],landing,[ 0.50568378 -0.03156594 -0.11489306]
724.0436406135559,1000,False,5,4,[-7.72392328  7.74359912  2.96887814],entering,[-0.82138112 -0.19970136 -0.21083176]
724.0436406135559,1001,False,1,2,[5.45322507 1.62787203 1.8670275 ],queued,[-0.48080528  0.59740651 -0.20557775]
724.0436406135559,1002,False,6,3,[ 0.6647097  -2.94577637  4.00000064],cruising,[ 0.5677905  -0.59831228 -0.99408226]
724.0436406135559,1003,False,4,0,[ 2.37705571 -3.3087856   3.99372061],cruising,[ 0.63925976  0.24903542 -0.34837281]
724.0436406135559,1004,False,2,5,[-7.40782212 -1.0737261   2.30883207],entering,[-0.62185191  0.08809385  0.93462812]
724.0436406135559,1005,False,0,6,[8.4919819  9.33680543 3.32532731],landing,[ 0.50568378 -0.03156594 -0.11489306]
724.1486828327179,1000,False,5,4,[-7.59832561  7.68176166  3.04387814],entering,[-0.82138112 -0.19970136 -0.21083176]
724.1486828327179,1001,False,1,2,[5.45322507 1.62787203 1.9420275 ],queued,[-0.48080528  0.59740651 -0.20557775]
724.1486828327179,1002,False,6,3,[ 0.46520938 -2.95990523  4.00000055],cruising,[ 0.5677905  -0.59831228 -0.99408226]
724.1486828327179,1003,False,4,0,[ 2.18810184 -3.24323839  3.99466252],cruising,[ 0.63925976  0.24903542 -0.34837281]
724.1486828327179,1004,False,2,5,[-7.36865432 -1.02827418  2.38383207],entering,[-0.62185191  0.08809385  0.93462812]
724.1486828327179,1005,False,0,6,[8.51117792 9.32407887 3.22801571],landing,[ 0.50568378 -0.03156594 -0.11489306]
724.2387607097626,1000,False,5,4,[-7.45424515  7.61228307  3.11887814],entering,[-0.82138112 -0.19970136 -0.21083176]
724.2387607097626,1001,False,1,2,[5.45322507 1.62787203 2.0170275 ],queued,[-0.48080528  0.59740651 -0.20557775]
724.2387607097626,1002,False,6,3,[ 0.26736474 -2.98918827  4.00000046],cruising,[ 0.5677905  -0.59831228 -0.99408226]
724.2387607097626,1003,False,4,0,[ 1.99807079 -3.18088297  3.99546314],cruising,[ 0.63925976  0.24903542 -0.34837281]
724.2387607097626,1004,False,2,5,[-7.3165208  -0.96759432  2.45883207],entering,[-0.62185191  0.08809385  0.93462812]
724.2387607097626,1005,False,0,6,[8.53037395 9.3113523  3.13070412],landing,[ 0.50568378 -0.03156594 -0.11489306]
724.3381593227386,1000,False,5,4,[-7.29143909  7.53577944  3.19387814],entering,[-0.82138112 -0.19970136 -0.21083176]
724.3381593227386,1001,False,1,2,[5.45322507 1.62787203 2.0920275 ],queued,[-0.48080528  0.59740651 -0.20557775]
724.3381593227386,1002,False,6,3,[ 0.07314555 -3.03692617  4.00000039],cruising,[ 0.5677905  -0.59831228 -0.99408226]
724.3381593227386,1003,False,4,0,[ 1.80738955 -3.12054506  3.99614367],cruising,[ 0.63925976  0.24903542 -0.34837281]
724.3381593227386,1004,False,2,5,[-7.25154541 -0.89158193  2.53383207],entering,[-0.62185191  0.08809385  0.93462812]
724.3381593227386,1005,False,0,6,[8.54956998 9.29862573 3.03339252],landing,[ 0.50568378 -0.03156594 -0.11489306]
724.4403963088989,1000,False,5,4,[-7.10915506  7.45473608  3.26887814],entering,[-0.82138112 -0.19970136 -0.21083176]
724.4403963088989,1001,False,1,2,[5.45322507 1.62787203 2.1670275 ],queued,[-0.48080528  0.59740651 -0.20557775]
724.4403963088989,1002,False,6,3,[-0.11782085 -3.09635541  4.00000034],exiting,[ 0.5677905  -0.59831228 -0.99408226]
724.4403963088989,1003,False,4,0,[ 1.6152217  -3.06512376  3.99672212],cruising,[ 0.63925976  0.24903542 -0.34837281]
724.4403963088989,1004,False,2,5,[-7.17404642 -0.79997597  2.60883207],entering,[-0.62185191  0.08809385  0.93462812]
724.4403963088989,1005,False,0,6,[8.56876601 9.28589917 2.93608092],landing,[ 0.50568378 -0.03156594 -0.11489306]
724.5407180786133,1000,False,5,4,[-6.92533472  7.375932    3.34387814],entering,[-0.82138112 -0.19970136 -0.21083176]
724.5407180786133,1001,False,1,2,[5.45322507 1.62787203 2.2420275 ],queued,[-0.48080528  0.59740651 -0.20557775]
724.5407180786133,1002,False,6,3,[-0.28923591 -3.15999715  4.00000028],exiting,[ 0.5677905  -0.59831228 -0.99408226]
724.5407180786133,1003,False,4,0,[ 1.4213771  -3.01588688  3.9972138 ],cruising,[ 0.63925976  0.24903542 -0.34837281]
724.5407180786133,1004,False,2,5,[-7.08434879 -0.69252094  2.68383207],entering,[-0.62185191  0.08809385  0.93462812]
724.5407180786133,1005,False,0,6,[8.58796203 9.2731726  2.83876932],landing,[ 0.50568378 -0.03156594 -0.11489306]
724.6364517211914,1000,False,5,4,[-6.73938428  7.30229482  3.41887814],entering,[-0.82138112 -0.19970136 -0.21083176]
724.6364517211914,1001,False,1,2,[5.45322507 1.62787203 2.3170275 ],queued,[-0.48080528  0.59740651 -0.20557775]
724.6364517211914,1002,False,6,3,[-0.44108664 -3.22779062  4.00000022],exiting,[ 0.5677905  -0.59831228 -0.99408226]
724.6364517211914,1003,False,4,0,[ 1.22569119 -2.97457072  3.99763173],cruising,[ 0.63925976  0.24903542 -0.34837281]
724.6364517211914,1004,False,2,5,[-6.98300286 -0.56880808  2.75883207],entering,[-0.62185191  0.08809385  0.93462812]
724.6364517211914,1005,False,0,6,[8.60715806 9.26044603 2.74145773],landing,[ 0.50568378 -0.03156594 -0.11489306]
724.7362353801727,1000,False,5,4,[-6.55190344  7.23264619  3.49387814],entering,[-0.82138112 -0.19970136 -0.21083176]
724.7362353801727,1001,False,1,2,[5.45322507 1.62787203 2.3920275 ],queued,[-0.48080528  0.59740651 -0.20557775]
724.7362353801727,1002,False,6,3,[-0.5733573  -3.29966099  4.00000016],exiting,[ 0.5677905  -0.59831228 -0.99408226]
724.7362353801727,1003,False,4,0,[ 1.02728028 -2.94940907  3.99798697],cruising,[ 0.63925976  0.24903542 -0.34837281]
724.7362353801727,1004,False,2,5,[-6.8711867  -0.42805484  2.83383207],entering,[-0.62185191  0.08809385  0.93462812]
724.7362353801727,1005,False,0,6,[8.62635409 9.24771947 2.64414613],landing,[ 0.50568378 -0.03156594 -0.11489306]
724.8366978168488,1000,False,5,4,[-6.36272113  7.16776123  3.56887814],entering,[-0.82138112 -0.19970136 -0.21083176]
724.8366978168488,1001,False,1,2,[5.45322507 1.62787203 2.4670275 ],queued,[-0.48080528  0.59740651 -0.20557775]
724.8366978168488,1002,False,6,3,[-0.68602865 -3.37551468  4.00000011],exiting,[ 0.5677905  -0.59831228 -0.99408226]
724.8366978168488,1003,False,4,0,[ 0.82757683 -2.93852172  3.99828893],cruising,[ 0.63925976  0.24903542 -0.34837281]
724.8366978168488,1004,False,2,5,[-6.75155827 -0.26889051  2.90883207],entering,[-0.62185191  0.08809385  0.93462812]
724.8366978168488,1005,False,0,6,[8.64555012 9.2349929  2.54683453],landing,[ 0.50568378 -0.03156594 -0.11489306]
724.9384908676147,1000,False,5,4,[-6.17149079  7.10918689  3.63354642],entering,[-0.82138112 -0.19970136 -0.21083176]
724.9384908676147,1001,False,1,2,[5.45322507 1.62787203 2.5420275 ],queued,[-0.48080528  0.59740651 -0.20557775]
724.9384908676147,1002,False,6,3,[-0.77907602 -3.45522833  4.00000006],exiting,[ 0.5677905  -0.59831228 -0.99408226]
724.9384908676147,1003,False,4,0,[ 0.62763904 -2.94350982  3.99854559],cruising,[ 0.63925976  0.24903542 -0.34837281]
724.9384908676147,1004,False,2,5,[-6.63484395 -0.10647817  2.98383207],entering,[-0.62185191  0.08809385  0.93462812]
724.9384908676147,1005,False,0,6,[8.66474614 9.22226633 2.44952293],landing,[ 0.50568378 -0.03156594 -0.11489306]
725.0361733436584,1000,False,5,4,[-5.97799827  7.05858408  3.68851446],entering,[-0.82138112 -0.19970136 -0.21083176]
725.0361733436584,1001,False,1,2,[5.45322507 1.62787203 2.6170275 ],entering,[-0.48080528  0.59740651 -0.20557775]
725.0361733436584,1002,False,6,3,[-0.85246482 -3.5386218   4.00000002],exiting,[ 0.5677905  -0.59831228 -0.99408226]
725.0361733436584,1003,False,4,0,[ 0.4286334  -2.96342847  3.99876375],cruising,[ 0.63925976  0.24903542 -0.34837281]
725.0361733436584,1004,False,2,5,[-6.52167184  0.05842202  3.05883207],entering,[-0.62185191  0.08809385  0.93462812]
725.0361733436584,1005,False,0,6,[8.68394217 9.20953977 2.35221134],landing,[ 0.50568378 -0.03156594 -0.11489306]
725.1399304866791,1000,False,5,4,[-5.78241914  7.01676534  3.73523729],entering,[-0.82138112 -0.19970136 -0.21083176]
725.1399304866791,1001,False,1,2,[5.47291858 1.62438408 2.6920275 ],entering,[-0.48080528  0.59740651 -0.20557775]
725.1399304866791,1002,False,6,3,[-0.90617158 -3.62556729  3.99999999],exiting,[ 0.5677905  -0.59831228 -0.99408226]
725.1399304866791,1003,False,4,0,[ 0.23157904 -2.99762757  3.99894919],cruising,[ 0.63925976  0.24903542 -0.34837281]
725.1399304866791,1004,False,2,5,[-6.41265939  0.22610114  3.13383207],entering,[-0.62185191  0.08809385  0.93462812]
725.1399304866791,1005,False,0,6,[8.7031382  9.1968132  2.25489974],landing,[ 0.50568378 -0.03156594 -0.11489306]
725.2414131164551,1000,False,5,4,[-5.58522284  6.98339442  3.7749517 ],entering,[-0.82138112 -0.19970136 -0.21083176]
725.2414131164551,1001,False,1,2,[5.51229993 1.61737639 2.7670275 ],entering,[-0.48080528  0.59740651 -0.20557775]
725.2414131164551,1002,False,6,3,[-0.94017259 -3.71593093  3.99999997],exiting,[ 0.5677905  -0.59831228 -0.99408226]
725.2414131164551,1003,False,4,0,[ 0.03731976 -3.04520207  3.99910681],cruising,[ 0.63925976  0.24903542 -0.34837281]
725.2414131164551,1004,False,2,5,[-6.30834714  0.3967439   3.20883207],entering,[-0.62185191  0.08809385  0.93462812]
725.2414131164551,1005,False,0,6,[8.72233422 9.18408663 2.15758814],landing,[ 0.50568378 -0.03156594 -0.11489306]
725.3381597995758,1000,False,5,4,[-5.38629818  6.96268261  3.80870894],entering,[-0.82138112 -0.19970136 -0.21083176]
725.3381597995758,1001,False,1,2,[5.57135641 1.60677849 2.8420275 ],entering,[-0.48080528  0.59740651 -0.20557775]
725.3381597995758,1002,False,6,3,[-0.95444429 -3.80957387  3.99999995],exiting,[ 0.5677905  -0.59831228 -0.99408226]
725.3381597995758,1003,False,4,0,[-0.15236386 -3.10860654  3.99924079],cruising,[ 0.63925976  0.24903542 -0.34837281]
725.3381597995758,1004,False,2,5,[-6.20944045  0.57057563  3.28383207],entering,[-0.62185191  0.08809385  0.93462812]
725.3381597995758,1005,False,0,6,[8.74153025 9.17136007 2.06027654],landing,[ 0.50568378 -0.03156594 -0.11489306]
725.4449188709259,1000,False,5,4,[-5.18658809  6.95191783  3.8374026 ],entering,[-0.82138112 -0.19970136 -0.21083176]
725.4449188709259,1001,False,1,2,[5.65001401 1.59220616 2.9170275 ],entering,[-0.48080528  0.59740651 -0.20557775]
725.4449188709259,1002,False,6,3,[-0.94896348 -3.90635352  3.99999996],exiting,[ 0.5677905  -0.59831228 -0.99408226]
725.4449188709259,1003,False,4,0,[-0.33861092 -3.18149023  3.99935467],cruising,[ 0.63925976  0.24903542 -0.34837281]
725.4449188709259,1004,False,2,5,[-6.11677458  0.74781286  3.35883207],entering,[-0.62185191  0.08809385  0.93462812]
725.4449188709259,1005,False,0,6,[8.76072628 9.1586335  1.96296495],landing,[ 0.50568378 -0.03156594 -0.11489306]
725.5421011447906,1000,False,5,4,[-4.98658869  6.95142786  3.86179221],cruising,[-0.82138112 -0.19970136 -0.21083176]
725.5421011447906,1001,False,1,2,[5.74819153 1.57327806 2.9920275 ],entering,[-0.48080528  0.59740651 -0.20557775]
725.5421011447906,1002,False,6,3,[-0.93189537 -4.00488615  3.99999996],exiting,[ 0.5677905  -0.59831228 -0.99408226]
725.5421011447906,1003,False,4,0,[-0.52054451 -3.26455747  3.99945147],cruising,[ 0.63925976  0.24903542 -0.34837281]
725.5421011447906,1004,False,2,5,[-6.03132134  0.92863803  3.43383207],entering,[-0.62185191  0.08809385  0.93462812]
725.5421011447906,1005,False,0,6,[8.77992231 9.14590693 1.86565335],landing,[ 0.50568378 -0.03156594 -0.11489306]
725.6458594799042,1000,False,5,4,[-4.78680628  6.9607547   3.88252338],cruising,[-0.82138112 -0.19970136 -0.21083176]
725.6458594799042,1001,False,1,2,[5.86574774 1.54940365 3.0670275 ],entering,[-0.48080528  0.59740651 -0.20557775]
725.6458594799042,1002,False,6,3,[-0.91482725 -4.10341878  3.99999997],exiting,[ 0.5677905  -0.59831228 -0.99408226]
725.6458594799042,1003,False,4,0,[-0.6994985  -3.35386297  3.99953375],cruising,[ 0.63925976  0.24903542 -0.34837281]
725.6458594799042,1004,False,2,5,[-5.95423951  1.11318719  3.50883207],entering,[-0.62185191  0.08809385  0.93462812]
725.6458594799042,1005,False,0,6,[8.79911833 9.13318037 1.76834175],landing,[ 0.50568378 -0.03156594 -0.11489306]
725.7445378303528,1000,False,5,4,[-4.5876165   6.97873891  3.90014487],cruising,[-0.82138112 -0.19970136 -0.21083176]
725.7445378303528,1001,False,1,2,[6.0024968  1.51990473 3.1420275 ],entering,[-0.48080528  0.59740651 -0.20557775]
725.7445378303528,1002,False,6,3,[-0.89775913 -4.20195142  3.99999998],exiting,[ 0.5677905  -0.59831228 -0.99408226]
725.7445378303528,1003,False,4,0,[-0.87742473 -3.44519891  3.99960369],cruising,[ 0.63925976  0.24903542 -0.34837281]
725.7445378303528,1004,False,2,5,[-5.88688032  1.30150272  3.58250726],entering,[-0.62185191  0.08809385  0.93462812]
725.7445378303528,1005,False,0,6,[8.81831436 9.1204538  1.67103015],landing,[ 0.50568378 -0.03156594 -0.11489306]
725.8362317085266,1000,False,5,4,[-4.38919095  7.00378488  3.91512314],cruising,[-0.82138112 -0.19970136 -0.21083176]
725.8362317085266,1001,False,1,2,[6.15776308 1.48284856 3.2170275 ],entering,[-0.48080528  0.59740651 -0.20557775]
725.8362317085266,1002,False,6,3,[-0.88069102 -4.30048405  3.99999998],exiting,[ 0.5677905  -0.59831228 -0.99408226]
725.8362317085266,1003,False,4,0,[-1.05678878 -3.53367795  3.99966313],cruising,[ 0.63925976  0.24903542 -0.34837281]
725.8362317085266,1004,False,2,5,[-5.83076192  1.49346815  3.64513117],entering,[-0.62185191  0.08809385  0.93462812]
725.8362317085266,1005,False,0,6,[8.83751039 9.10772723 1.57371855],landing,[ 0.50568378 -0.03156594 -0.11489306]
725.9383680820465,1000,False,5,4,[-4.19150709  7.03413432  3.92785467],cruising,[-0.82138112 -0.19970136 -0.21083176]
725.9383680820465,1001,False,1,2,[6.33062592 1.43628652 3.2920275 ],entering,[-0.48080528  0.59740651 -0.20557775]
725.9383680820465,1002,False,6,3,[-0.8636229  -4.39901668  3.99999998],exiting,[ 0.5677905  -0.59831228 -0.99408226]
725.9383680820465,1003,False,4,0,[-1.24161572 -3.6100913   3.99971366],cruising,[ 0.63925976  0.24903542 -0.34837281]
725.9383680820465,1004,False,2,5,[-5.78748935  1.68873075  3.69836149],entering,[-0.62185191  0.08809385  0.93462812]
725.9383680820465,1005,False,0,6,[8.85670641 9.09500067 1.47640696],fake_landed,[ 0.50568378 -0.03156594 -0.11489306]
726.0396649837494,1000,False,5,4,[-3.99440685  7.06806802  3.93867647],cruising,[-0.82138112 -0.19970136 -0.21083176]
726.0396649837494,1001,False,1,2,[6.51697813 1.37495842 3.3670275 ],entering,[-0.48080528  0.59740651 -0.20557775]
726.0396649837494,1002,False,6,3,[-0.84655478 -4.49754931  3.99999999],exiting,[ 0.5677905  -0.59831228 -0.99408226]
726.0396649837494,1003,False,4,0,[-1.43284884 -3.66755838  3.99975845],cruising,[ 0.63925976  0.24903542 -0.34837281]
726.0396649837494,1004,False,2,5,[-5.75859536  1.88663259  3.74360727],entering,[-0.62185191  0.08809385  0.93462812]
726.0396649837494,1005,False,0,6,[8.87206324 9.08481941 1.39855768],fake_landed,[ 0.50568378 -0.03156594 -0.11489306]
726.1479816436768,1000,False,5,4,[-3.79766392  7.10401551  3.947875  ],cruising,[-0.82138112 -0.19970136 -0.21083176]
726.1479816436768,1001,False,1,2,[6.7039214  1.30387949 3.4420275 ],entering,[-0.48080528  0.59740651 -0.20557775]
726.1479816436768,1002,False,6,3,[-0.82948667 -4.59608194  3.99999999],exiting,[ 0.5677905  -0.59831228 -0.99408226]
726.1479816436768,1003,False,4,0,[-1.62723891 -3.7052762   3.99980017],cruising,[ 0.63925976  0.24903542 -0.34837281]
726.1479816436768,1004,False,2,5,[-5.74529764  2.08619003  3.78206618],entering,[-0.62185191  0.08809385  0.93462812]
726.1479816436768,1005,False,0,6,[8.88358085 9.07718347 1.34017072],fake_landed,[ 0.50568378 -0.03156594 -0.11489306]
726.237619638443,1000,False,5,4,[-3.600598    7.13814795  3.95569375],cruising,[-0.82138112 -0.19970136 -0.21083176]
726.237619638443,1001,False,1,2,[6.88686638 1.22306406 3.5170275 ],entering,[-0.48080528  0.59740651 -0.20557775]
726.237619638443,1002,False,6,3,[-0.81241855 -4.69461457  3.99999999],exiting,[ 0.5677905  -0.59831228 -0.99408226]
726.237619638443,1003,False,4,0,[-1.82160271 -3.72299403  3.9998394 ],cruising,[ 0.63925976  0.24903542 -0.34837281]
726.237619638443,1004,False,2,5,[-5.74735904  2.2861794   3.81475625],entering,[-0.62185191  0.08809385  0.93462812]
726.237619638443,1005,False,0,6,[8.89125926 9.07209285 1.30124608],fake_landed,[ 0.50568378 -0.03156594 -0.11489306]
726.3384420871735,1000,False,5,4,[-3.40350405  7.17211814  3.96233969],cruising,[-0.82138112 -0.19970136 -0.21083176]
726.3384420871735,1001,False,1,2,[7.06481631 1.13177428 3.58947338],entering,[-0.48080528  0.59740651 -0.20557775]
726.3384420871735,1002,False,6,3,[-0.79535043 -4.7931472   3.99999999],exiting,[ 0.5677905  -0.59831228 -0.99408226]
726.3384420871735,1003,False,4,0,[-2.01293436 -3.72094305  3.9998763 ],cruising,[ 0.63925976  0.24903542 -0.34837281]
726.3384420871735,1004,False,2,5,[-5.76541444  2.48536274  3.84254281],cruising,[-0.62185191  0.08809385  0.93462812]
726.3384420871735,1005,False,0,6,[8.89509847 9.06954753 1.28178376],fake_landed,[ 0.50568378 -0.03156594 -0.11489306]
726.4366281032562,1000,False,5,4,[-3.20618286  7.20474248  3.96798873],cruising,[-0.82138112 -0.19970136 -0.21083176]
726.4366281032562,1001,False,1,2,[7.23653648 1.02924536 3.65105237],entering,[-0.48080528  0.59740651 -0.20557775]
726.4366281032562,1002,False,6,3,[-0.77828232 -4.89167983  3.99999999],exiting,[ 0.5677905  -0.59831228 -0.99408226]
726.4366281032562,1003,False,4,0,[-2.19859908 -3.69971172  3.99991087],cruising,[ 0.63925976  0.24903542 -0.34837281]
726.4366281032562,1004,False,2,5,[-5.79725031  2.68281268  3.86616139],cruising,[-0.62185191  0.08809385  0.93462812]
726.4366281032562,1005,False,0,6,[8.89509847 9.06954753 1.28178376],fake_landed,[ 0.50568378 -0.03156594 -0.11489306]
726.5500729084015,1000,False,5,4,[-3.00808931  7.23229146  3.97279042],cruising,[-0.82138112 -0.19970136 -0.21083176]
726.5500729084015,1001,False,1,2,[7.4017817  0.91657763 3.70339452],entering,[-0.48080528  0.59740651 -0.20557775]
726.5500729084015,1002,False,6,3,[-0.7612142  -4.99021246  3.99999999],exiting,[ 0.5677905  -0.59831228 -0.99408226]
726.5500729084015,1003,False,4,0,[-2.37619815 -3.66017887  3.99994306],cruising,[ 0.63925976  0.24903542 -0.34837281]
726.5500729084015,1004,False,2,5,[-5.84228836  2.87767564  3.88623718],cruising,[-0.62185191  0.08809385  0.93462812]
726.5500729084015,1005,False,6,1,[8.89509847 9.06954753 1.28178376],waiting,[ 0.50568378 -0.03156594 -0.11489306]
726.6438641548157,1000,False,5,4,[-2.80959143  7.2567576   3.97687186],cruising,[-0.82138112 -0.19970136 -0.21083176]
726.6438641548157,1001,False,1,2,[7.55755692 0.79114206 3.74788534],entering,[-0.48080528  0.59740651 -0.20557775]
726.6438641548157,1002,False,6,3,[-0.74414608 -5.0887451   4.        ],exiting,[ 0.5677905  -0.59831228 -0.99408226]
726.6438641548157,1003,False,4,0,[-2.54354914 -3.60347114  3.99997279],cruising,[ 0.63925976  0.24903542 -0.34837281]
726.6438641548157,1004,False,2,5,[-5.89683013  3.07009496  3.90330161],cruising,[-0.62185191  0.08809385  0.93462812]
726.6438641548157,1005,False,6,1,[8.89509847 9.06954753 1.28178376],waiting,[ 0.50568378 -0.03156594 -0.11489306]
726.7416923046112,1000,False,5,4,[-2.6103314   7.27394589  3.98034108],cruising,[-0.82138112 -0.19970136 -0.21083176]
726.7416923046112,1001,False,1,2,[7.70188411 0.65268751 3.78570254],entering,[-0.48080528  0.59740651 -0.20557775]
726.7416923046112,1002,False,6,3,[-0.72707797 -5.18727773  4.        ],exiting,[ 0.5677905  -0.59831228 -0.99408226]
726.7416923046112,1003,False,4,0,[-2.69880895 -3.5308322   3.99999994],cruising,[ 0.63925976  0.24903542 -0.34837281]
726.7416923046112,1004,False,2,5,[-5.95843781  3.26036974  3.91780637],cruising,[-0.62185191  0.08809385  0.93462812]
726.7416923046112,1005,False,6,1,[8.89509847 9.06954753 1.28178376],waiting,[ 0.50568378 -0.03156594 -0.11489306]
726.84605884552,1000,False,5,4,[-2.41069871  7.28606154  3.98328992],cruising,[-0.82138112 -0.19970136 -0.21083176]
726.84605884552,1001,False,1,2,[7.83277425 0.50146657 3.81784716],entering,[-0.48080528  0.59740651 -0.20557775]
726.84605884552,1002,False,6,3,[-0.71000985 -5.28581036  4.        ],exiting,[ 0.5677905  -0.59831228 -0.99408226]
726.84605884552,1003,False,4,0,[-2.84035916 -3.44363142  4.00002438],cruising,[ 0.63925976  0.24903542 -0.34837281]
726.84605884552,1004,False,2,5,[-6.0247241   3.44906561  3.93013541],cruising,[-0.62185191  0.08809385  0.93462812]
726.84605884552,1005,False,6,1,[8.89509847 9.06954753 1.28178376],waiting,[ 0.50568378 -0.03156594 -0.11489306]
726.9392127990723,1000,False,5,4,[-2.21070573  7.28773734  3.98579643],cruising,[-0.82138112 -0.19970136 -0.21083176]
726.9392127990723,1001,False,1,2,[7.94851368 0.33835807 3.84517008],entering,[-0.48080528  0.59740651 -0.20557775]
726.9392127990723,1002,False,6,3,[-0.69294173 -5.38434299  4.        ],exiting,[ 0.5677905  -0.59831228 -0.99408226]
726.9392127990723,1003,False,4,0,[-2.96674406 -3.34339174  4.00004596],cruising,[ 0.63925976  0.24903542 -0.34837281]
726.9392127990723,1004,False,2,5,[-6.09341741  3.63689859  3.9406151 ],cruising,[-0.62185191  0.08809385  0.93462812]
726.9392127990723,1005,False,6,1,[8.89509847 9.06954753 1.28178376],queued,[ 0.50568378 -0.03156594 -0.11489306]
727.0363986492157,1000,False,5,4,[-2.0113301   7.2719462   3.98792697],cruising,[-0.82138112 -0.19970136 -0.21083176]
727.0363986492157,1001,False,1,2,[8.04798854 0.16485086 3.86839457],cruising,[-0.48080528  0.59740651 -0.20557775]
727.0363986492157,1002,False,6,3,[-0.67587362 -5.48287562  4.        ],exiting,[ 0.5677905  -0.59831228 -0.99408226]
727.0363986492157,1003,False,4,0,[-3.07673175 -3.2317008   4.00006452],cruising,[ 0.63925976  0.24903542 -0.34837281]
727.0363986492157,1004,False,2,5,[-6.16234514  3.82464568  3.94952283],cruising,[-0.62185191  0.08809385  0.93462812]
727.0363986492157,1005,False,6,1,[8.89509847 9.06954753 1.30178376],queued,[ 0.50568378 -0.03156594 -0.11489306]
727.1365282535553,1000,False,5,4,[-1.8143653   7.23723502  3.98973792],cruising,[-0.82138112 -0.19970136 -0.21083176]
727.1365282535553,1001,False,1,2,[ 8.12987245 -0.01757002  3.88828662],cruising,[-0.48080528  0.59740651 -0.20557775]
727.1365282535553,1002,False,6,3,[-0.6588055  -5.58140825  4.        ],exiting,[ 0.5677905  -0.59831228 -0.99408226]
727.1365282535553,1003,False,4,0,[-3.16923382 -3.11030143  4.00007986],cruising,[ 0.63925976  0.24903542 -0.34837281]
727.1365282535553,1004,False,2,5,[-6.22936236  4.01308318  3.95709441],cruising,[-0.62185191  0.08809385  0.93462812]
727.1365282535553,1005,False,6,1,[8.89509847 9.06954753 1.34178376],queued,[ 0.50568378 -0.03156594 -0.11489306]
727.2478628158569,1000,False,5,4,[-1.6210286   7.18604007  3.99127723],cruising,[-0.82138112 -0.19970136 -0.21083176]
727.2478628158569,1001,False,1,2,[ 8.19504853 -0.20665222  3.90504363],cruising,[-0.48080528  0.59740651 -0.20557775]
727.2478628158569,1002,False,6,3,[-0.64173738 -5.67994088  4.        ],exiting,[ 0.5677905  -0.59831228 -0.99408226]
727.2478628158569,1003,False,4,0,[-3.24371008 -2.98023778  4.00009186],cruising,[ 0.63925976  0.24903542 -0.34837281]
727.2478628158569,1004,False,2,5,[-6.29224512  4.20294038  3.96353025],cruising,[-0.62185191  0.08809385  0.93462812]
727.2478628158569,1005,False,6,1,[8.89509847 9.06954753 1.40178376],queued,[ 0.50568378 -0.03156594 -0.11489306]
727.3421890735626,1000,False,5,4,[-1.43192028  7.12093982  3.99258565],cruising,[-0.82138112 -0.19970136 -0.21083176]
727.3421890735626,1001,False,1,2,[ 8.24569197 -0.40013411  3.91928708],cruising,[-0.48080528  0.59740651 -0.20557775]
727.3421890735626,1002,False,6,3,[-0.62466926 -5.77847351  4.        ],exiting,[ 0.5677905  -0.59831228 -0.99408226]
727.3421890735626,1003,False,4,0,[-3.29990121 -2.84207141  4.0001004 ],cruising,[ 0.63925976  0.24903542 -0.34837281]
727.3421890735626,1004,False,2,5,[-6.34855642  4.39484931  3.96900071],cruising,[-0.62185191  0.08809385  0.93462812]
727.3421890735626,1005,False,6,1,[8.89509847 9.06954753 1.47678376],queued,[ 0.50568378 -0.03156594 -0.11489306]
727.4359691143036,1000,False,5,4,[-1.24713009  7.04443762  3.9936978 ],cruising,[-0.82138112 -0.19970136 -0.21083176]
727.4359691143036,1001,False,1,2,[ 8.28336567 -0.59655379  3.93139402],cruising,[-0.48080528  0.59740651 -0.20557775]
727.4359691143036,1002,False,6,3,[-0.60760115 -5.87700614  4.        ],exiting,[ 0.5677905  -0.59831228 -0.99408226]
727.4359691143036,1003,False,4,0,[-3.33764401 -2.6961811   4.00010535],cruising,[ 0.63925976  0.24903542 -0.34837281]
727.4359691143036,1004,False,2,5,[-6.38923339  4.59066909  3.9736506 ],exiting,[-0.62185191  0.08809385  0.93462812]
727.4359691143036,1005,False,6,1,[8.89509847 9.06954753 1.55178376],entering,[ 0.50568378 -0.03156594 -0.11489306]
727.5387852191925,1000,False,5,4,[-1.06497379  6.9618599   3.99464313],cruising,[-0.82138112 -0.19970136 -0.21083176]
727.5387852191925,1001,False,1,2,[ 8.30970839 -0.79481136  3.94168492],cruising,[-0.48080528  0.59740651 -0.20557775]
727.5387852191925,1002,False,6,3,[-0.59053303 -5.97553878  4.        ],exiting,[ 0.5677905  -0.59831228 -0.99408226]
727.5387852191925,1003,False,4,0,[-3.35681791 -2.54286139  4.00010666],cruising,[ 0.63925976  0.24903542 -0.34837281]
727.5387852191925,1004,False,2,5,[-6.43314848  4.76675274  3.97830719],exiting,[-0.62185191  0.08809385  0.93462812]
727.5387852191925,1005,False,6,1,[8.89087272 9.04999905 1.62678376],entering,[ 0.50568378 -0.03156594 -0.11489306]
727.6403450965881,1000,False,5,4,[-0.88685038  6.87090908  3.99544666],cruising,[-0.82138112 -0.19970136 -0.21083176]
727.6403450965881,1001,False,1,2,[ 8.32413855 -0.9942901   3.95043218],cruising,[-0.48080528  0.59740651 -0.20557775]
727.6403450965881,1002,False,6,3,[-0.57346491 -6.07407141  4.        ],exiting,[ 0.5677905  -0.59831228 -0.99408226]
727.6403450965881,1003,False,4,0,[-3.35753011 -2.38184976  4.00010421],cruising,[ 0.63925976  0.24903542 -0.34837281]
727.6403450965881,1004,False,2,5,[-6.48053418  4.92314023  3.98283656],exiting,[-0.62185191  0.08809385  0.93462812]
727.6403450965881,1005,False,6,1,[8.88242122 9.0109021  1.70178376],entering,[ 0.50568378 -0.03156594 -0.11489306]
727.7450671195984,1000,False,5,4,[-0.71206985  6.77368889  3.99612966],cruising,[-0.82138112 -0.19970136 -0.21083176]
727.7450671195984,1001,False,1,2,[ 8.33042203 -1.19419137  3.95786735],cruising,[-0.48080528  0.59740651 -0.20557775]
727.7450671195984,1002,False,6,3,[-0.5563968  -6.17260404  4.        ],exiting,[ 0.5677905  -0.59831228 -0.99408226]
727.7450671195984,1003,False,4,0,[-3.34018325 -2.21224335  4.00009791],cruising,[ 0.63925976  0.24903542 -0.34837281]
727.7450671195984,1004,False,2,5,[-6.53169497  5.05988993  3.98704051],exiting,[-0.62185191  0.08809385  0.93462812]
727.7450671195984,1005,False,6,1,[8.86974397 8.95225666 1.77678376],entering,[ 0.50568378 -0.03156594 -0.11489306]
727.8451325893402,1000,False,5,4,[-0.53896547  6.67351467  3.99671021],cruising,[-0.82138112 -0.19970136 -0.21083176]
727.8451325893402,1001,False,1,2,[ 8.32961336 -1.39418974  3.96418725],cruising,[-0.48080528  0.59740651 -0.20557775]
727.8451325893402,1002,False,6,3,[-0.53932868 -6.27113667  4.        ],exiting,[ 0.5677905  -0.59831228 -0.99408226]
727.8451325893402,1003,False,4,0,[-3.30605161 -2.03176169  4.00008768],cruising,[ 0.63925976  0.24903542 -0.34837281]
727.8451325893402,1004,False,2,5,[-6.5869959   5.17708216  3.99064074],exiting,[-0.62185191  0.08809385  0.93462812]
727.8451325893402,1005,False,6,1,[8.85284096 8.87406274 1.85178376],entering,[ 0.50568378 -0.03156594 -0.11489306]
727.941278219223,1000,False,5,4,[-0.36814267  6.5694975   3.99720368],cruising,[-0.82138112 -0.19970136 -0.21083176]
727.941278219223,1001,False,1,2,[ 8.32028378 -1.59397202  3.96955916],cruising,[-0.48080528  0.59740651 -0.20557775]
727.941278219223,1002,False,6,3,[-0.52226056 -6.3696693   4.        ],exiting,[ 0.5677905  -0.59831228 -0.99408226]
727.941278219223,1003,False,4,0,[-3.26563564 -1.83588788  4.00007453],cruising,[ 0.63925976  0.24903542 -0.34837281]
727.941278219223,1004,False,2,5,[-6.64674349  5.27479564  3.99334357],exiting,[-0.62185191  0.08809385  0.93462812]
727.941278219223,1005,False,6,1,[8.83171508 8.77631973 1.92678376],entering,[ 0.50568378 -0.03156594 -0.11489306]
728.0505411624908,1000,False,5,4,[-0.19878479  6.46311184  3.99762313],cruising,[-0.82138112 -0.19970136 -0.21083176]
728.0505411624908,1001,False,1,2,[ 8.30565692 -1.79343644  3.97412529],cruising,[-0.48080528  0.59740651 -0.20557775]
728.0505411624908,1002,False,6,3,[-0.50519245 -6.46820193  4.        ],exiting,[ 0.5677905  -0.59831228 -0.99408226]
728.0505411624908,1003,False,4,0,[-3.24175442 -1.63731878  4.00006335],cruising,[ 0.63925976  0.24903542 -0.34837281]
728.0505411624908,1004,False,2,5,[-6.71124803  5.35312725  3.99473683],exiting,[-0.62185191  0.08809385  0.93462812]
728.0505411624908,1005,False,6,1,[8.80652395 8.65899423 2.00178376],entering,[ 0.50568378 -0.03156594 -0.11489306]
728.1402308940887,1000,False,5,4,[-0.02986704  6.35602873  3.99797966],cruising,[-0.82138112 -0.19970136 -0.21083176]
728.1402308940887,1001,False,1,2,[ 8.28614945 -1.99248281  3.9780065 ],cruising,[-0.48080528  0.59740651 -0.20557775]
728.1402308940887,1002,False,6,3,[-0.48812433 -6.56673456  4.        ],exiting,[ 0.5677905  -0.59831228 -0.99408226]
728.1402308940887,1003,False,4,0,[-3.23388748 -1.43747356  4.00005385],cruising,[ 0.63925976  0.24903542 -0.34837281]
728.1402308940887,1004,False,2,5,[-6.77640287  5.42898772  3.99571565],exiting,[-0.62185191  0.08809385  0.93462812]
728.1402308940887,1005,False,6,1,[8.77751322 8.52203685 2.07678376],entering,[ 0.50568378 -0.03156594 -0.11489306]
728.2393801212311,1000,False,5,4,[0.13884881 6.24862778 3.99828271],cruising,[-0.82138112 -0.19970136 -0.21083176]
728.2393801212311,1001,False,1,2,[ 8.25943879 -2.19069114  3.98130552],cruising,[-0.48080528  0.59740651 -0.20557775]
728.2393801212311,1002,False,6,3,[-0.47105621 -6.66526719  4.        ],exiting,[ 0.5677905  -0.59831228 -0.99408226]
728.2393801212311,1003,False,4,0,[-3.24161048 -1.23762273  4.00004577],cruising,[ 0.63925976  0.24903542 -0.34837281]
728.2393801212311,1004,False,2,5,[-6.84155775  5.50484823  3.99651819],exiting,[-0.62185191  0.08809385  0.93462812]
728.2393801212311,1005,False,6,1,[8.74508693 8.36537328 2.15178376],entering,[ 0.50568378 -0.03156594 -0.11489306]
728.3442413806915,1000,False,5,4,[0.30763942 6.14134437 3.9985403 ],cruising,[-0.82138112 -0.19970136 -0.21083176]
728.3442413806915,1001,False,1,2,[ 8.2286062  -2.38830023  3.98410969],cruising,[-0.48080528  0.59740651 -0.20557775]
728.3442413806915,1002,False,6,3,[-0.4539881  -6.76379982  4.        ],exiting,[ 0.5677905  -0.59831228 -0.99408226]
728.3442413806915,1003,False,4,0,[-3.26388158 -1.0388666   4.0000389 ],cruising,[ 0.63925976  0.24903542 -0.34837281]
728.3442413806915,1004,False,2,5,[-6.90671265  5.58070876  3.99717543],exiting,[-0.62185191  0.08809385  0.93462812]
728.3442413806915,1005,False,6,1,[8.70959447 8.18894614 2.22678376],entering,[ 0.50568378 -0.03156594 -0.11489306]
728.4408512115479,1000,False,5,4,[0.47693715 6.03486302 3.99875926],cruising,[-0.82138112 -0.19970136 -0.21083176]
728.4408512115479,1001,False,1,2,[ 8.19365264 -2.58522216  3.98649324],cruising,[-0.48080528  0.59740651 -0.20557775]
728.4408512115479,1002,False,6,3,[-0.43691998 -6.86233246  4.        ],exiting,[ 0.5677905  -0.59831228 -0.99408226]
728.4408512115479,1003,False,4,0,[-3.29952807 -0.84206892  4.00003307],cruising,[ 0.63925976  0.24903542 -0.34837281]
728.4408512115479,1004,False,2,5,[-6.97186757  5.65656932  3.99771303],exiting,[-0.62185191  0.08809385  0.93462812]
728.4408512115479,1005,False,6,1,[8.67107358 7.99274961 2.30178376],entering,[ 0.50568378 -0.03156594 -0.11489306]
728.5431623458862,1000,False,5,4,[0.64737367 5.93021412 3.99894537],cruising,[-0.82138112 -0.19970136 -0.21083176]
728.5431623458862,1001,False,1,2,[ 8.15124539 -2.78067452  3.98851925],cruising,[-0.48080528  0.59740651 -0.20557775]
728.5431623458862,1002,False,6,3,[-0.41985186 -6.96086509  4.        ],exiting,[ 0.5677905  -0.59831228 -0.99408226]
728.5431623458862,1003,False,4,0,[-3.34594231 -0.64752916  4.00002811],cruising,[ 0.63925976  0.24903542 -0.34837281]
728.5431623458862,1004,False,2,5,[-7.0370225   5.73242989  3.99815218],exiting,[-0.62185191  0.08809385  0.93462812]
728.5431623458862,1005,False,6,1,[8.63254406 7.79649601 2.37678376],entering,[ 0.50568378 -0.03156594 -0.11489306]
728.6382930278778,1000,False,5,4,[0.81893203 5.82741465 3.99910356],cruising,[-0.82138112 -0.19970136 -0.21083176]
728.6382930278778,1001,False,1,2,[ 8.10480176 -2.97520727  3.99024137],cruising,[-0.48080528  0.59740651 -0.20557775]
728.6382930278778,1002,False,6,3,[-0.40278375 -7.05939772  4.        ],exiting,[ 0.5677905  -0.59831228 -0.99408226]
728.6382930278778,1003,False,4,0,[-3.40376811 -0.45607113  4.00002389],cruising,[ 0.63925976  0.24903542 -0.34837281]
728.6382930278778,1004,False,2,5,[-7.10217743  5.80829047  3.99851041],exiting,[-0.62185191  0.08809385  0.93462812]
728.6382930278778,1005,False,6,1,[8.59458807 7.60013068 2.45178376],entering,[ 0.50568378 -0.03156594 -0.11489306]
728.7400608062744,1000,False,5,4,[0.99186984 5.72695315 3.99923803],cruising,[-0.82138112 -0.19970136 -0.21083176]
728.7400608062744,1001,False,1,2,[ 8.05011335 -3.16758496  3.99170516],cruising,[-0.48080528  0.59740651 -0.20557775]
728.7400608062744,1002,False,6,3,[-0.38571563 -7.15793035  4.        ],exiting,[ 0.5677905  -0.59831228 -0.99408226]
728.7400608062744,1003,False,4,0,[-3.47223228 -0.26815451  4.00002031],cruising,[ 0.63925976  0.24903542 -0.34837281]
728.7400608062744,1004,False,2,5,[-7.16733238  5.88415105  3.99880219],exiting,[-0.62185191  0.08809385  0.93462812]
728.7400608062744,1005,False,6,1,[8.55922494 7.40328188 2.52678376],entering,[ 0.50568378 -0.03156594 -0.11489306]
728.8397331237793,1000,False,5,4,[1.16722269 5.63076907 3.99935233],cruising,[-0.82138112 -0.19970136 -0.21083176]
728.8397331237793,1001,False,1,2,[ 7.9867477  -3.35728155  3.99294939],cruising,[-0.48080528  0.59740651 -0.20557775]
728.8397331237793,1002,False,6,3,[-0.36864751 -7.25646298  4.        ],exiting,[ 0.5677905  -0.59831228 -0.99408226]
728.8397331237793,1003,False,4,0,[-3.54866557 -0.08333581  4.00001726],cruising,[ 0.63925976  0.24903542 -0.34837281]
728.8397331237793,1004,False,2,5,[-7.23248733  5.96001164  3.99903946],exiting,[-0.62185191  0.08809385  0.93462812]
728.8397331237793,1005,False,6,1,[8.52506866 7.2062201  2.60178376],entering,[ 0.50568378 -0.03156594 -0.11489306]
728.9470536708832,1000,False,5,4,[1.34439874 5.53798627 3.99944948],cruising,[-0.82138112 -0.19970136 -0.21083176]
728.9470536708832,1001,False,1,2,[ 7.91859029 -3.54530965  3.99400698],cruising,[-0.48080528  0.59740651 -0.20557775]
728.9470536708832,1002,False,6,3,[-0.3515794  -7.35499561  4.        ],exiting,[ 0.5677905  -0.59831228 -0.99408226]
728.9470536708832,1003,False,4,0,[-3.63583184  0.09666986  4.00001467],cruising,[ 0.63925976  0.24903542 -0.34837281]
728.9470536708832,1004,False,2,5,[-7.29764228  6.03587224  3.99923206],exiting,[-0.62185191  0.08809385  0.93462812]
728.9470536708832,1005,False,6,1,[8.49091237 7.00915831 2.67678376],entering,[ 0.50568378 -0.03156594 -0.11489306]
729.051709651947,1000,False,5,4,[1.52458628 5.45119658 3.99953205],cruising,[-0.82138112 -0.19970136 -0.21083176]
729.051709651947,1001,False,1,2,[ 7.83933899 -3.72893762  3.99490593],cruising,[-0.48080528  0.59740651 -0.20557775]
729.051709651947,1002,False,6,3,[-0.33451128 -7.45352824  4.        ],exiting,[ 0.5677905  -0.59831228 -0.99408226]
729.051709651947,1003,False,4,0,[-3.73064742  0.27276644  4.00001247],cruising,[ 0.63925976  0.24903542 -0.34837281]
729.051709651947,1004,False,2,5,[-7.36279723  6.11173284  3.99938811],exiting,[-0.62185191  0.08809385  0.93462812]
729.051709651947,1005,False,6,1,[8.45823479 6.81184593 2.75178376],entering,[ 0.50568378 -0.03156594 -0.11489306]
729.1372864246368,1000,False,5,4,[1.70687996 5.36892257 3.99960225],cruising,[-0.82138112 -0.19970136 -0.21083176]
729.1372864246368,1001,False,1,2,[ 7.74752851 -3.90661946  3.99567004],cruising,[-0.48080528  0.59740651 -0.20557775]
729.1372864246368,1002,False,6,3,[-0.31744316 -7.55206087  4.        ],exiting,[ 0.5677905  -0.59831228 -0.99408226]
729.1372864246368,1003,False,4,0,[-3.83318502  0.44448144  4.0000106 ],cruising,[ 0.63925976  0.24903542 -0.34837281]
729.1372864246368,1004,False,2,5,[-7.42795219  6.18759344  3.99951427],exiting,[-0.62185191  0.08809385  0.93462812]
729.1372864246368,1005,False,6,1,[8.42911958 6.61397651 2.82678376],entering,[ 0.50568378 -0.03156594 -0.11489306]
729.2443363666534,1000,False,5,4,[1.89142967 5.29184205 3.99966191],cruising,[-0.82138112 -0.19970136 -0.21083176]
729.2443363666534,1001,False,1,2,[ 7.6411137  -4.07595903  3.99631954],cruising,[-0.48080528  0.59740651 -0.20557775]
729.2443363666534,1002,False,6,3,[-0.30037505 -7.6505935   4.        ],exiting,[ 0.5677905  -0.59831228 -0.99408226]
729.2443363666534,1003,False,4,0,[-3.9397122   0.61375034  4.00000901],cruising,[ 0.63925976  0.24903542 -0.34837281]
729.2443363666534,1004,False,2,5,[-7.49310715  6.26345404  3.99961605],exiting,[-0.62185191  0.08809385  0.93462812]
729.2443363666534,1005,False,6,1,[8.40000437 6.4161071  2.90178376],entering,[ 0.50568378 -0.03156594 -0.11489306]
729.3419773578644,1000,False,5,4,[2.07832703 5.22064251 3.99971262],cruising,[-0.82138112 -0.19970136 -0.21083176]
729.3419773578644,1001,False,1,2,[ 7.5183479  -4.23378181  3.99687636],cruising,[-0.48080528  0.59740651 -0.20557775]
729.3419773578644,1002,False,6,3,[-0.28330693 -7.74912614  4.        ],landing,[ 0.5677905  -0.59831228 -0.99408226]
729.3419773578644,1003,False,4,0,[-4.0493427   0.78102602  4.00000766],cruising,[ 0.63925976  0.24903542 -0.34837281]
729.3419773578644,1004,False,2,5,[-7.5582621   6.33931464  3.99969795],exiting,[-0.62185191  0.08809385  0.93462812]
729.3419773578644,1005,False,6,1,[8.37340958 6.2178832  2.97678376],entering,[ 0.50568378 -0.03156594 -0.11489306]
729.4474046230316,1000,False,5,4,[2.26904073 5.16040725 3.99975573],cruising,[-0.82138112 -0.19970136 -0.21083176]
729.4474046230316,1001,False,1,2,[ 7.3812046  -4.37770186  3.99739251],cruising,[-0.48080528  0.59740651 -0.20557775]
729.4474046230316,1002,False,6,3,[-0.27179438 -7.83453942  3.98596367],landing,[ 0.5677905  -0.59831228 -0.99408226]
729.4474046230316,1003,False,4,0,[-4.16134104  0.94672567  4.00000651],cruising,[ 0.63925976  0.24903542 -0.34837281]
729.4474046230316,1004,False,2,5,[-7.62341706  6.41517524  3.99976367],exiting,[-0.62185191  0.08809385  0.93462812]
729.4474046230316,1005,False,6,1,[8.34994872 6.01926399 3.05178376],entering,[ 0.50568378 -0.03156594 -0.11489306]
729.53693151474,1000,False,5,4,[2.46272112 5.11052834 3.99979237],cruising,[-0.82138112 -0.19970136 -0.21083176]
729.53693151474,1001,False,1,2,[ 7.23146093 -4.50609036  3.99786853],cruising,[-0.48080528  0.59740651 -0.20557775]
729.53693151474,1002,False,6,3,[-0.26582964 -7.90665758  3.9580543 ],landing,[ 0.5677905  -0.59831228 -0.99408226]
729.53693151474,1003,False,4,0,[-4.27509417  1.11122559  4.00000553],cruising,[ 0.63925976  0.24903542 -0.34837281]
729.53693151474,1004,False,2,5,[-7.68857202  6.49103584  3.99981625],exiting,[-0.62185191  0.08809385  0.93462812]
729.53693151474,1005,False,6,1,[8.32771984 5.82050314 3.12678376],entering,[ 0.50568378 -0.03156594 -0.11489306]
729.6415100097656,1000,False,5,4,[2.65846825 5.06950321 3.99982351],cruising,[-0.82138112 -0.19970136 -0.21083176]
729.6415100097656,1001,False,1,2,[ 7.07113533 -4.61750768  3.99830576],cruising,[-0.48080528  0.59740651 -0.20557775]
729.6415100097656,1002,False,6,3,[-0.26540248 -7.96527399  3.91646875],landing,[ 0.5677905  -0.59831228 -0.99408226]
729.6415100097656,1003,False,4,0,[-4.39008685  1.27486141  4.0000047 ],cruising,[ 0.63925976  0.24903542 -0.34837281]
729.6415100097656,1004,False,2,5,[-7.75372698  6.56689645  3.99985817],exiting,[-0.62185191  0.08809385  0.93462812]
729.6415100097656,1005,False,6,1,[8.31036168 5.62125783 3.20178376],entering,[ 0.50568378 -0.03156594 -0.11489306]
729.7446005344391,1000,False,5,4,[2.85562356 5.03589098 3.99984999],cruising,[-0.82138112 -0.19970136 -0.21083176]
729.7446005344391,1001,False,1,2,[ 6.9023844  -4.71078629  3.99870517],cruising,[-0.48080528  0.59740651 -0.20557775]
729.7446005344391,1002,False,6,3,[-0.27049682 -8.0101071   3.86148417],landing,[ 0.5677905  -0.59831228 -0.99408226]
729.7446005344391,1003,False,4,0,[-4.50588064  1.43793133  4.000004  ],cruising,[ 0.63925976  0.24903542 -0.34837281]
729.7446005344391,1004,False,2,5,[-7.81888194  6.64275705  3.99989147],exiting,[-0.62185191  0.08809385  0.93462812]
729.7446005344391,1005,False,6,1,[8.29573526 5.42179337 3.27678376],entering,[ 0.50568378 -0.03156594 -0.11489306]
729.8444452285767,1000,False,5,4,[3.0537197  5.00836059 3.99987249],cruising,[-0.82138112 -0.19970136 -0.21083176]
729.8444452285767,1001,False,1,2,[ 6.72743091 -4.78505105  3.99906713],cruising,[-0.48080528  0.59740651 -0.20557775]
729.8444452285767,1002,False,6,3,[-0.28109725 -8.04092063  3.79334155],landing,[ 0.5677905  -0.59831228 -0.99408226]
729.8444452285767,1003,False,4,0,[-4.62199525  1.60077297  4.0000034 ],cruising,[ 0.63925976  0.24903542 -0.34837281]
729.8444452285767,1004,False,2,5,[-7.8840369   6.71861765  3.9999178 ],exiting,[-0.62185191  0.08809385  0.93462812]
729.8444452285767,1005,False,6,1,[8.28465771 5.22210039 3.35178376],entering,[ 0.50568378 -0.03156594 -0.11489306]
729.9376819133759,1000,False,5,4,[3.25243295 4.98571014 3.99989162],cruising,[-0.82138112 -0.19970136 -0.21083176]
729.9376819133759,1001,False,1,2,[ 6.54852329 -4.83971062  3.99939145],cruising,[-0.48080528  0.59740651 -0.20557775]
729.9376819133759,1002,False,6,3,[-0.29718789 -8.05749698  3.71226987],landing,[ 0.5677905  -0.59831228 -0.99408226]
729.9376819133759,1003,False,4,0,[-4.73835903  1.76343664  4.00000289],cruising,[ 0.63925976  0.24903542 -0.34837281]
729.9376819133759,1004,False,2,5,[-7.94919186  6.79447826  3.99993852],exiting,[-0.62185191  0.08809385  0.93462812]
729.9376819133759,1005,False,6,1,[8.27972362 5.02216126 3.42678376],entering,[ 0.50568378 -0.03156594 -0.11489306]
730.0438454151154,1000,False,5,4,[3.4515434  4.96686795 3.99990787],cruising,[-0.82138112 -0.19970136 -0.21083176]
730.0438454151154,1001,False,1,2,[ 6.3679278  -4.87444157  3.99967731],cruising,[-0.48080528  0.59740651 -0.20557775]
730.0438454151154,1002,False,6,3,[-0.31875107 -8.059617    3.61850702],landing,[ 0.5677905  -0.59831228 -0.99408226]
730.0438454151154,1003,False,4,0,[-4.85462381  1.92617109  4.00000246],cruising,[ 0.63925976  0.24903542 -0.34837281]
730.0438454151154,1004,False,2,5,[-8.01434682  6.87033886  3.99995473],exiting,[-0.62185191  0.08809385  0.93462812]
730.0438454151154,1005,False,6,1,[8.28032266 4.82216216 3.50178376],entering,[ 0.50568378 -0.03156594 -0.11489306]
730.1373405456543,1000,False,5,4,[3.65090359 4.95088307 3.99992169],cruising,[-0.82138112 -0.19970136 -0.21083176]
730.1373405456543,1001,False,1,2,[ 6.18726178 -4.88917269  3.99992353],cruising,[-0.48080528  0.59740651 -0.20557775]
730.1373405456543,1002,False,6,3,[-0.3418529  -8.05759533  3.52123309],landing,[ 0.5677905  -0.59831228 -0.99408226]
730.1373405456543,1003,False,4,0,[-4.97047307  2.08920161  4.00000209],cruising,[ 0.63925976  0.24903542 -0.34837281]
730.1373405456543,1004,False,2,5,[-8.07950178  6.94619947  3.99996733],exiting,[-0.62185191  0.08809385  0.93462812]
730.1373405456543,1005,False,6,1,[8.28508787 4.62221893 3.5765162 ],entering,[ 0.50568378 -0.03156594 -0.11489306]
730.2450983524323,1000,False,5,4,[3.8504149  4.93691044 3.99993344],cruising,[-0.82138112 -0.19970136 -0.21083176]
730.2450983524323,1001,False,1,2,[ 6.00743481 -4.88392146  4.00012694],cruising,[-0.48080528  0.59740651 -0.20557775]
730.2450983524323,1002,False,6,3,[-0.36495473 -8.05557366  3.42395915],landing,[ 0.5677905  -0.59831228 -0.99408226]
730.2450983524323,1003,False,4,0,[-5.08560867  2.2527369   4.00000177],cruising,[ 0.63925976  0.24903542 -0.34837281]
730.2450983524323,1004,False,2,5,[-8.14465674  7.02206007  3.99997704],exiting,[-0.62185191  0.08809385  0.93462812]
730.2450983524323,1005,False,6,1,[8.29447389 4.4224393  3.64003877],entering,[ 0.50568378 -0.03156594 -0.11489306]
730.3463544845581,1000,False,5,4,[4.0500102  4.92419359 3.99994342],cruising,[-0.82138112 -0.19970136 -0.21083176]
730.3463544845581,1001,False,1,2,[ 5.82963386 -4.85877316  4.00028645],cruising,[-0.48080528  0.59740651 -0.20557775]
730.3463544845581,1002,False,6,3,[-0.38805656 -8.05355199  3.32668522],landing,[ 0.5677905  -0.59831228 -0.99408226]
730.3463544845581,1003,False,4,0,[-5.20027884  2.4165989   4.00000151],cruising,[ 0.63925976  0.24903542 -0.34837281]
730.3463544845581,1004,False,2,5,[-8.2098117   7.09792067  3.99998444],exiting,[-0.62185191  0.08809385  0.93462812]
730.3463544845581,1005,False,6,1,[8.30676213 4.22281716 3.69403295],entering,[ 0.50568378 -0.03156594 -0.11489306]
730.4425141811371,1000,False,5,4,[4.249641   4.9120469  3.99995191],cruising,[-0.82138112 -0.19970136 -0.21083176]
730.4425141811371,1001,False,1,2,[ 5.65437524 -4.81378716  4.00039874],cruising,[-0.48080528  0.59740651 -0.20557775]
730.4425141811371,1002,False,6,3,[-0.41115839 -8.05153032  3.22941128],landing,[ 0.5677905  -0.59831228 -0.99408226]
730.4425141811371,1003,False,4,0,[-5.31367355  2.58134609  4.00000128],cruising,[ 0.63925976  0.24903542 -0.34837281]
730.4425141811371,1004,False,2,5,[-8.27496665  7.17378128  3.99999002],exiting,[-0.62185191  0.08809385  0.93462812]
730.4425141811371,1005,False,6,1,[8.31648981 4.02305387 3.73992801],entering,[ 0.50568378 -0.03156594 -0.11489306]
730.539014339447,1000,False,5,4,[4.44926364 4.89976672 3.99995912],cruising,[-0.82138112 -0.19970136 -0.21083176]
730.539014339447,1001,False,1,2,[ 5.48237298 -4.7490681   4.00046242],cruising,[-0.48080528  0.59740651 -0.20557775]
730.539014339447,1002,False,6,3,[-0.43426022 -8.04950864  3.13213735],landing,[ 0.5677905  -0.59831228 -0.99408226]
730.539014339447,1003,False,4,0,[-5.42547923  2.7471758   4.00000109],cruising,[ 0.63925976  0.24903542 -0.34837281]
730.539014339447,1004,False,2,5,[-8.34012161  7.24964188  3.99999415],exiting,[-0.62185191  0.08809385  0.93462812]
730.539014339447,1005,False,6,1,[8.33142938 3.82361263 3.77893881],cruising,[ 0.50568378 -0.03156594 -0.11489306]
730.6477739810944,1000,False,5,4,[4.64886582 4.88715844 3.99996525],cruising,[-0.82138112 -0.19970136 -0.21083176]
730.6477739810944,1001,False,1,2,[ 5.31338845 -4.6645781   4.00047242],cruising,[-0.48080528  0.59740651 -0.20557775]
730.6477739810944,1002,False,6,3,[-0.45736205 -8.04748697  3.03486342],landing,[ 0.5677905  -0.59831228 -0.99408226]
730.6477739810944,1003,False,4,0,[-5.53535665  2.91428938  4.00000093],cruising,[ 0.63925976  0.24903542 -0.34837281]
730.6477739810944,1004,False,2,5,[-8.40527657  7.32550248  3.99999712],landing,[-0.62185191  0.08809385  0.93462812]
730.6477739810944,1005,False,6,1,[8.34054044 3.62382026 3.81209799],cruising,[ 0.50568378 -0.03156594 -0.11489306]
730.7479236125946,1000,False,5,4,[4.84840317 4.87356257 3.99997047],cruising,[-0.82138112 -0.19970136 -0.21083176]
730.7479236125946,1001,False,1,2,[ 5.14683752 -4.56023678  4.0004244 ],cruising,[-0.48080528  0.59740651 -0.20557775]
730.7479236125946,1002,False,6,3,[-0.48046389 -8.0454653   2.93758948],landing,[ 0.5677905  -0.59831228 -0.99408226]
730.7479236125946,1003,False,4,0,[-5.64292606  3.08289787  4.00000079],cruising,[ 0.63925976  0.24903542 -0.34837281]
730.7479236125946,1004,False,2,5,[-8.45907482  7.39317865  3.98571584],landing,[-0.62185191  0.08809385  0.93462812]
730.7479236125946,1005,False,6,1,[8.34799583 3.42395927 3.84028329],exiting,[ 0.50568378 -0.03156594 -0.11489306]
730.8512878417969,1000,False,5,4,[5.04782355 4.85834712 3.9999749 ],cruising,[-0.82138112 -0.19970136 -0.21083176]
730.8512878417969,1001,False,1,2,[ 4.97664181 -4.45519668  4.00036074],cruising,[-0.48080528  0.59740651 -0.20557775]
730.8512878417969,1002,False,6,3,[-0.50356572 -8.04344363  2.84031555],landing,[ 0.5677905  -0.59831228 -0.99408226]
730.8512878417969,1003,False,4,0,[-5.74774948  3.25322711  4.00000067],cruising,[ 0.63925976  0.24903542 -0.34837281]
730.8512878417969,1004,False,2,5,[-8.50143029  7.45251365  3.95731053],landing,[-0.62185191  0.08809385  0.93462812]
730.8512878417969,1005,False,6,1,[8.34496632 3.24112941 3.86855307],exiting,[ 0.50568378 -0.03156594 -0.11489306]
730.9474592208862,1000,False,5,4,[5.24705999 4.84088745 3.99997866],cruising,[-0.82138112 -0.19970136 -0.21083176]
730.9474592208862,1001,False,1,2,[ 4.8032631  -4.35549803  4.00030663],cruising,[-0.48080528  0.59740651 -0.20557775]
730.9474592208862,1002,False,6,3,[-0.52666755 -8.04142196  2.74304161],landing,[ 0.5677905  -0.59831228 -0.99408226]
730.9474592208862,1003,False,4,0,[-5.84930886  3.42552248  4.00000057],cruising,[ 0.63925976  0.24903542 -0.34837281]
730.9474592208862,1004,False,2,5,[-8.53224201  7.50332125  3.91497593],landing,[-0.62185191  0.08809385  0.93462812]
730.9474592208862,1005,False,6,1,[8.33152958 3.07537479 3.89646807],exiting,[ 0.50568378 -0.03156594 -0.11489306]
731.0421764850616,1000,False,5,4,[5.44616333 4.82197019 3.99998186],cruising,[-0.82138112 -0.19970136 -0.21083176]
731.0421764850616,1001,False,1,2,[ 4.62642558 -4.26207163  4.00026063],cruising,[-0.48080528  0.59740651 -0.20557775]
731.0421764850616,1002,False,6,3,[-0.54976938 -8.03940028  2.64576768],landing,[ 0.5677905  -0.59831228 -0.99408226]
731.0421764850616,1003,False,4,0,[-5.94697814  3.60005245  4.00000048],cruising,[ 0.63925976  0.24903542 -0.34837281]
731.0421764850616,1004,False,2,5,[-8.55137114  7.5453408   3.85899262],landing,[-0.62185191  0.08809385  0.93462812]
731.0421764850616,1005,False,6,1,[8.30779369 2.92674311 3.92352727],exiting,[ 0.50568378 -0.03156594 -0.11489306]
731.1368315219879,1000,False,5,4,[5.64490208 4.79954454 3.99998458],cruising,[-0.82138112 -0.19970136 -0.21083176]
731.1368315219879,1001,False,1,2,[ 4.44778291 -4.17214502  4.00022154],cruising,[-0.48080528  0.59740651 -0.20557775]
731.1368315219879,1002,False,6,3,[-0.57287121 -8.03737861  2.54849375],landing,[ 0.5677905  -0.59831228 -0.99408226]
731.1368315219879,1003,False,4,0,[-6.03998666  3.77711011  4.00000041],cruising,[ 0.63925976  0.24903542 -0.34837281]
731.1368315219879,1004,False,2,5,[-8.55871281  7.57837169  3.78958322],landing,[-0.62185191  0.08809385  0.93462812]
731.1368315219879,1005,False,6,1,[8.27390656 2.79528343 3.94914598],exiting,[ 0.50568378 -0.03156594 -0.11489306]
731.2385051250458,1000,False,5,4,[5.84311998 4.77290506 3.9999869 ],cruising,[-0.82138112 -0.19970136 -0.21083176]
731.2385051250458,1001,False,1,2,[ 4.26709813 -4.08639532  4.00018831],cruising,[-0.48080528  0.59740651 -0.20557775]
731.2385051250458,1002,False,6,3,[-0.59597304 -8.03535694  2.45121981],landing,[ 0.5677905  -0.59831228 -0.99408226]
731.2385051250458,1003,False,4,0,[-6.12737052  3.95701025  4.00000035],cruising,[ 0.63925976  0.24903542 -0.34837281]
731.2385051250458,1004,False,2,5,[-8.55416541  7.6022161   3.70697313],landing,[-0.62185191  0.08809385  0.93462812]
731.2385051250458,1005,False,6,1,[8.2300754  2.68104238 3.97261181],exiting,[ 0.50568378 -0.03156594 -0.11489306]
731.3372623920441,1000,False,5,4,[6.04060477 4.7412861  3.99998886],cruising,[-0.82138112 -0.19970136 -0.21083176]
731.3372623920441,1001,False,1,2,[ 4.08541232 -4.00278751  4.00016006],cruising,[-0.48080528  0.59740651 -0.20557775]
731.3372623920441,1002,False,6,3,[-0.61907487 -8.03333527  2.35394588],landing,[ 0.5677905  -0.59831228 -0.99408226]
731.3372623920441,1003,False,4,0,[-6.20790759  4.14007795  4.0000003 ],cruising,[ 0.63925976  0.24903542 -0.34837281]
731.3372623920441,1004,False,2,5,[-8.53762794  7.6166738   3.61139662],landing,[-0.62185191  0.08809385  0.93462812]
731.3372623920441,1005,False,6,1,[8.17662246 2.58405574 3.99296208],exiting,[ 0.50568378 -0.03156594 -0.11489306]
731.437420129776,1000,False,5,4,[6.2370686  4.70384328 3.99999053],cruising,[-0.82138112 -0.19970136 -0.21083176]
731.437420129776,1001,False,1,2,[ 3.90250492 -3.92188706  4.00013605],cruising,[-0.48080528  0.59740651 -0.20557775]
731.437420129776,1002,False,6,3,[-0.6421767  -8.0313136   2.25667194],landing,[ 0.5677905  -0.59831228 -0.99408226]
731.437420129776,1003,False,4,0,[-6.28003082  4.32662081  4.00000025],cruising,[ 0.63925976  0.24903542 -0.34837281]
731.437420129776,1004,False,2,5,[-8.51932006  7.62972724  3.51395726],landing,[-0.62185191  0.08809385  0.93462812]
731.437420129776,1005,False,6,1,[8.11384576 2.50433297 4.009436  ],exiting,[ 0.50568378 -0.03156594 -0.11489306]
731.5391693115234,1000,False,5,4,[6.43212181 4.65963643 3.99999195],cruising,[-0.82138112 -0.19970136 -0.21083176]
731.5391693115234,1001,False,1,2,[ 3.71898691 -3.84238146  4.00011564],cruising,[-0.48080528  0.59740651 -0.20557775]
731.5391693115234,1002,False,6,3,[-0.66527853 -8.02929192  2.15939801],landing,[ 0.5677905  -0.59831228 -0.99408226]
731.5391693115234,1003,False,4,0,[-6.33614608  4.51858715  4.00000021],cruising,[ 0.63925976  0.24903542 -0.34837281]
731.5391693115234,1004,False,2,5,[-8.50101217  7.64278067  3.41651789],landing,[-0.62185191  0.08809385  0.93462812]
731.5391693115234,1005,False,6,1,[8.04202264 2.44187363 4.02142256],exiting,[ 0.50568378 -0.03156594 -0.11489306]
731.6369404792786,1000,False,5,4,[6.62523805 4.60761608 3.99999316],cruising,[-0.82138112 -0.19970136 -0.21083176]
731.6369404792786,1001,False,1,2,[ 3.53469177 -3.76469426  4.0000983 ],cruising,[-0.48080528  0.59740651 -0.20557775]
731.6369404792786,1002,False,6,3,[-0.68838036 -8.02727025  2.06212407],landing,[ 0.5677905  -0.59831228 -0.99408226]
731.6369404792786,1003,False,4,0,[-6.37885841  4.71397307  4.00000018],cruising,[ 0.63925976  0.24903542 -0.34837281]
731.6369404792786,1004,False,2,5,[-8.48270429  7.65583411  3.31907853],landing,[-0.62185191  0.08809385  0.93462812]
731.6369404792786,1005,False,6,1,[7.96144124 2.39667753 4.02838189],exiting,[ 0.50568378 -0.03156594 -0.11489306]
731.739099740982,1000,False,5,4,[6.81570895 4.54661743 3.99999419],cruising,[-0.82138112 -0.19970136 -0.21083176]
731.739099740982,1001,False,1,2,[ 3.34991876 -3.68815058  4.00008355],cruising,[-0.48080528  0.59740651 -0.20557775]
731.739099740982,1002,False,6,3,[-0.71148219 -8.02524858  1.96485014],landing,[ 0.5677905  -0.59831228 -0.99408226]
731.739099740982,1003,False,4,0,[-6.40178988  4.91231153  4.00000015],cruising,[ 0.63925976  0.24903542 -0.34837281]
731.739099740982,1004,False,2,5,[-8.4643964   7.66888755  3.22163917],landing,[-0.62185191  0.08809385  0.93462812]
731.739099740982,1005,False,6,1,[7.87238734 2.36876553 4.02991198],exiting,[ 0.50568378 -0.03156594 -0.11489306]
731.8423528671265,1000,False,5,4,[7.00258745 4.4753684  3.99999506],cruising,[-0.82138112 -0.19970136 -0.21083176]
731.8423528671265,1001,False,1,2,[ 3.16460455 -3.61292661  4.00007102],cruising,[-0.48080528  0.59740651 -0.20557775]
731.8423528671265,1002,False,6,3,[-0.73458402 -8.02322691  1.86757621],landing,[ 0.5677905  -0.59831228 -0.99408226]
731.8423528671265,1003,False,4,0,[-6.40472411  5.11098278  4.00000013],cruising,[ 0.63925976  0.24903542 -0.34837281]
731.8423528671265,1004,False,2,5,[-8.44608851  7.68194098  3.12419981],landing,[-0.62185191  0.08809385  0.93462812]
731.8423528671265,1005,False,6,1,[7.77511421 2.35823867 4.02594652],exiting,[ 0.50568378 -0.03156594 -0.11489306]
731.9396650791168,1000,False,5,4,[7.18462152 4.39252156 3.9999958 ],cruising,[-0.82138112 -0.19970136 -0.21083176]
731.9396650791168,1001,False,1,2,[ 2.97876069 -3.53902087  4.00006037],cruising,[-0.48080528  0.59740651 -0.20557775]
731.9396650791168,1002,False,6,3,[-0.75768585 -8.02120523  1.77030227],landing,[ 0.5677905  -0.59831228 -0.99408226]
731.9396650791168,1003,False,4,0,[-6.38779894  5.30728678  4.0000001 ],cruising,[ 0.63925976  0.24903542 -0.34837281]
731.9396650791168,1004,False,2,5,[-8.42778063  7.69499442  3.02676045],landing,[-0.62185191  0.08809385  0.93462812]
731.9396650791168,1005,False,6,1,[7.67523584 2.35343101 4.02095999],exiting,[ 0.50568378 -0.03156594 -0.11489306]
732.0450346469879,1000,False,5,4,[7.36018574 4.29672382 3.99999643],cruising,[-0.82138112 -0.19970136 -0.21083176]
732.0450346469879,1001,False,1,2,[ 2.79230421 -3.46667461  4.00005131],cruising,[-0.48080528  0.59740651 -0.20557775]
732.0450346469879,1002,False,6,3,[-0.78078768 -8.01918356  1.67302834],landing,[ 0.5677905  -0.59831228 -0.99408226]
732.0450346469879,1003,False,4,0,[-6.35147289  5.4987322   4.00000008],cruising,[ 0.63925976  0.24903542 -0.34837281]
732.0450346469879,1004,False,2,5,[-8.40947274  7.70804786  2.92932109],landing,[-0.62185191  0.08809385  0.93462812]
732.0450346469879,1005,False,6,1,[7.57535574 2.34862327 4.01689283],exiting,[ 0.50568378 -0.03156594 -0.11489306]
732.1504426002502,1000,False,5,4,[7.52509579 4.1840001  3.99999698],cruising,[-0.82138112 -0.19970136 -0.21083176]
732.1504426002502,1001,False,1,2,[ 2.60535357 -3.39561507  4.00004362],cruising,[-0.48080528  0.59740651 -0.20557775]
732.1504426002502,1002,False,6,3,[-0.80388951 -8.01716189  1.5757544 ],landing,[ 0.5677905  -0.59831228 -0.99408226]
732.1504426002502,1003,False,4,0,[-6.29648756  5.68297822  4.00000006],cruising,[ 0.63925976  0.24903542 -0.34837281]
732.1504426002502,1004,False,2,5,[-8.39116486  7.72110129  2.83188173],landing,[-0.62185191  0.08809385  0.93462812]
732.1504426002502,1005,False,6,1,[7.47547442 2.34381547 4.01358059],exiting,[ 0.50568378 -0.03156594 -0.11489306]
732.2476258277893,1000,False,5,4,[7.6779127  4.05534667 3.99999745],cruising,[-0.82138112 -0.19970136 -0.21083176]
732.2476258277893,1001,False,1,2,[ 2.41760469 -3.32669222  4.00003707],cruising,[-0.48080528  0.59740651 -0.20557775]
732.2476258277893,1002,False,6,3,[-0.82699135 -8.01514022  1.47848047],fake_landed,[ 0.5677905  -0.59831228 -0.99408226]
732.2476258277893,1003,False,4,0,[-6.22375218  5.85800817  4.00000004],cruising,[ 0.63925976  0.24903542 -0.34837281]
732.2476258277893,1004,False,2,5,[-8.37285697  7.73415473  2.73444237],landing,[-0.62185191  0.08809385  0.93462812]
732.2476258277893,1005,False,6,1,[7.37559222 2.33900763 4.01088757],exiting,[ 0.50568378 -0.03156594 -0.11489306]
732.3504059314728,1000,False,5,4,[7.81706438 3.91208976 3.99999785],cruising,[-0.82138112 -0.19970136 -0.21083176]
732.3504059314728,1001,False,1,2,[ 2.22891454 -3.2603897   4.00003151],cruising,[-0.48080528  0.59740651 -0.20557775]
732.3504059314728,1002,False,6,3,[-0.84547281 -8.01352288  1.40066132],fake_landed,[ 0.5677905  -0.59831228 -0.99408226]
732.3504059314728,1003,False,4,0,[-6.13448431  6.02178305  4.00000003],cruising,[ 0.63925976  0.24903542 -0.34837281]
732.3504059314728,1004,False,2,5,[-8.35454908  7.74720817  2.63700301],landing,[-0.62185191  0.08809385  0.93462812]
732.3504059314728,1005,False,6,1,[7.27570939 2.33419975 4.00870188],exiting,[ 0.50568378 -0.03156594 -0.11489306]
732.4400584697723,1000,False,5,4,[7.94108031 3.75575962 3.99999819],cruising,[-0.82138112 -0.19970136 -0.21083176]
732.4400584697723,1001,False,1,2,[ 2.03961981 -3.19583347  4.00002679],cruising,[-0.48080528  0.59740651 -0.20557775]
732.4400584697723,1002,False,6,3,[-0.85933391 -8.01230988  1.34229696],fake_landed,[ 0.5677905  -0.59831228 -0.99408226]
732.4400584697723,1003,False,4,0,[-6.02968983  6.17295141  4.00000001],cruising,[ 0.63925976  0.24903542 -0.34837281]
732.4400584697723,1004,False,2,5,[-8.3362412   7.7602616   2.53956364],landing,[-0.62185191  0.08809385  0.93462812]
732.4400584697723,1005,False,6,1,[7.17582612 2.32939186 4.00693136],exiting,[ 0.50568378 -0.03156594 -0.11489306]
732.5471930503845,1000,False,5,4,[8.04830481 3.58856452 3.9999985 ],cruising,[-0.82138112 -0.19970136 -0.21083176]
732.5471930503845,1001,False,1,2,[ 1.84904945 -3.13514625  4.00002277],cruising,[-0.48080528  0.59740651 -0.20557775]
732.5471930503845,1002,False,6,3,[-0.86857464 -8.01150121  1.30338739],fake_landed,[ 0.5677905  -0.59831228 -0.99408226]
732.5471930503845,1003,False,4,0,[-5.91028498  6.31046191  4.        ],cruising,[ 0.63925976  0.24903542 -0.34837281]
732.5471930503845,1004,False,2,5,[-8.31793331  7.77331504  2.44212428],landing,[-0.62185191  0.08809385  0.93462812]
732.5471930503845,1005,False,6,1,[7.07594253 2.32458395 4.00550014],exiting,[ 0.50568378 -0.03156594 -0.11489306]
732.6392226219177,1000,False,5,4,[8.13790758 3.4119103  3.99999877],cruising,[-0.82138112 -0.19970136 -0.21083176]
732.6392226219177,1001,False,1,2,[ 1.65701946 -3.07924917  4.00001935],cruising,[-0.48080528  0.59740651 -0.20557775]
732.6392226219177,1002,False,6,3,[-0.87319501 -8.01109687  1.2839326 ],fake_landed,[ 0.5677905  -0.59831228 -0.99408226]
732.6392226219177,1003,False,4,0,[-5.77715595  6.43342432  3.99999999],cruising,[ 0.63925976  0.24903542 -0.34837281]
732.6392226219177,1004,False,2,5,[-8.29962542  7.78636848  2.34468492],landing,[-0.62185191  0.08809385  0.93462812]
732.6392226219177,1005,False,6,1,[6.97605872 2.31977603 4.00434585],exiting,[ 0.50568378 -0.03156594 -0.11489306]
732.7426054477692,1000,False,5,4,[8.2092272  3.22714889 3.999999  ],cruising,[-0.82138112 -0.19970136 -0.21083176]
732.7426054477692,1001,False,1,2,[ 1.46333739 -3.02937678  4.00001645],cruising,[-0.48080528  0.59740651 -0.20557775]
732.7426054477692,1002,False,6,3,[-0.87319501 -8.01109687  1.2839326 ],fake_landed,[ 0.5677905  -0.59831228 -0.99408226]
732.7426054477692,1003,False,4,0,[-5.63112592  6.54110392  3.99999999],cruising,[ 0.63925976  0.24903542 -0.34837281]
732.7426054477692,1004,False,2,5,[-8.28131754  7.79942191  2.24724556],landing,[-0.62185191  0.08809385  0.93462812]
732.7426054477692,1005,False,6,1,[6.87617475 2.3149681  4.00341723],exiting,[ 0.50568378 -0.03156594 -0.11489306]
732.8490388393402,1000,False,5,4,[8.26174917 3.03555754 3.99999918],cruising,[-0.82138112 -0.19970136 -0.21083176]
732.8490388393402,1001,False,1,2,[ 1.26783031 -2.98722253  4.00001398],cruising,[-0.48080528  0.59740651 -0.20557775]
732.8490388393402,1002,False,3,6,[-0.87319501 -8.01109687  1.2839326 ],waiting,[ 0.5677905  -0.59831228 -0.99408226]
732.8490388393402,1003,False,4,0,[-5.47292137  6.63291592  3.99999998],cruising,[ 0.63925976  0.24903542 -0.34837281]
732.8490388393402,1004,False,2,5,[-8.26300965  7.81247535  2.1498062 ],landing,[-0.62185191  0.08809385  0.93462812]
732.8490388393402,1005,False,6,1,[6.77629067 2.31016016 4.00267225],exiting,[ 0.50568378 -0.03156594 -0.11489306]
732.940981388092,1000,False,5,4,[8.29917024 2.83908957 3.9999993 ],cruising,[-0.82138112 -0.19970136 -0.21083176]
732.940981388092,1001,False,1,2,[ 1.07041743 -2.95515769  4.00001188],cruising,[-0.48080528  0.59740651 -0.20557775]
732.940981388092,1002,False,3,6,[-0.87319501 -8.01109687  1.2839326 ],waiting,[ 0.5677905  -0.59831228 -0.99408226]
732.940981388092,1003,False,4,0,[-5.30312823  6.70842746  3.99999998],cruising,[ 0.63925976  0.24903542 -0.34837281]
732.940981388092,1004,False,2,5,[-8.24470177  7.82552879  2.05236684],landing,[-0.62185191  0.08809385  0.93462812]
732.940981388092,1005,False,6,1,[6.67640651 2.30535223 4.00207641],exiting,[ 0.50568378 -0.03156594 -0.11489306]
733.0503149032593,1000,False,5,4,[8.33065409 2.64158319 3.99999941],cruising,[-0.82138112 -0.19970136 -0.21083176]
733.0503149032593,1001,False,1,2,[ 0.87082759 -2.94297402  4.00001009],cruising,[-0.48080528  0.59740651 -0.20557775]
733.0503149032593,1002,False,3,6,[-0.87319501 -8.01109687  1.2839326 ],waiting,[ 0.5677905  -0.59831228 -0.99408226]
733.0503149032593,1003,False,4,0,[-5.12215266  6.7673573   3.99999998],cruising,[ 0.63925976  0.24903542 -0.34837281]
733.0503149032593,1004,False,2,5,[-8.22639388  7.83858223  1.95492748],landing,[-0.62185191  0.08809385  0.93462812]
733.0503149032593,1005,False,6,1,[6.57652229 2.30054428 4.0016015 ],exiting,[ 0.50568378 -0.03156594 -0.11489306]
733.1376841068268,1000,False,5,4,[8.35733646 2.44337106 3.9999995 ],cruising,[-0.82138112 -0.19970136 -0.21083176]
733.1376841068268,1001,False,1,2,[ 0.67082914 -2.94218698  4.00000858],cruising,[-0.48080528  0.59740651 -0.20557775]
733.1376841068268,1002,False,3,6,[-0.87319501 -8.01109687  1.2839326 ],waiting,[ 0.5677905  -0.59831228 -0.99408226]
733.1376841068268,1003,False,4,0,[-4.93046877  6.80939535  3.99999998],cruising,[ 0.63925976  0.24903542 -0.34837281]
733.1376841068268,1004,False,2,5,[-8.20808599  7.85163566  1.85748812],landing,[-0.62185191  0.08809385  0.93462812]
733.1376841068268,1005,False,6,1,[6.47663803 2.29573634 4.00122444],exiting,[ 0.50568378 -0.03156594 -0.11489306]
733.2406098842621,1000,False,5,4,[8.38309237 2.24503641 3.99999957],cruising,[-0.82138112 -0.19970136 -0.21083176]
733.2406098842621,1001,False,1,2,[ 0.47137878 -2.95700425  4.00000729],cruising,[-0.48080528  0.59740651 -0.20557775]
733.2406098842621,1002,False,3,6,[-0.87319501 -8.01109687  1.2839326 ],waiting,[ 0.5677905  -0.59831228 -0.99408226]
733.2406098842621,1003,False,4,0,[-4.73398148  6.84671485  3.99999998],cruising,[ 0.63925976  0.24903542 -0.34837281]
733.2406098842621,1004,False,2,5,[-8.18977811  7.8646891   1.76004876],landing,[-0.62185191  0.08809385  0.93462812]
733.2406098842621,1005,False,6,1,[6.37675375 2.2909284  4.00092638],exiting,[ 0.50568378 -0.03156594 -0.11489306]
733.3481557369232,1000,False,5,4,[8.40431555 2.04616565 3.99999964],cruising,[-0.82138112 -0.19970136 -0.21083176]
733.3481557369232,1001,False,1,2,[ 0.27360047 -2.98673203  4.0000062 ],cruising,[-0.48080528  0.59740651 -0.20557775]
733.3481557369232,1002,False,3,6,[-0.87319501 -8.01109687  1.2839326 ],waiting,[ 0.5677905  -0.59831228 -0.99408226]
733.3481557369232,1003,False,4,0,[-4.53843433  6.88868283  3.99999999],cruising,[ 0.63925976  0.24903542 -0.34837281]
733.3481557369232,1004,False,2,5,[-8.17147022  7.87774254  1.66260939],landing,[-0.62185191  0.08809385  0.93462812]
733.3481557369232,1005,False,6,1,[6.27686944 2.28612045 4.00069196],exiting,[ 0.50568378 -0.03156594 -0.11489306]
733.4408144950867,1000,False,5,4,[8.42433261 1.84716988 3.99999969],cruising,[-0.82138112 -0.19970136 -0.21083176]
733.4408144950867,1001,False,1,2,[ 0.07943668 -3.03469477  4.00000527],cruising,[-0.48080528  0.59740651 -0.20557775]
733.4408144950867,1002,False,3,6,[-0.87319501 -8.01109687  1.2839326 ],waiting,[ 0.5677905  -0.59831228 -0.99408226]
733.4408144950867,1003,False,4,0,[-4.34356773  6.93370516  3.99999999],cruising,[ 0.63925976  0.24903542 -0.34837281]
733.4408144950867,1004,False,2,5,[-8.15316234  7.89079597  1.56517003],landing,[-0.62185191  0.08809385  0.93462812]
733.4408144950867,1005,False,6,1,[6.17698512 2.28131251 4.00050867],exiting,[ 0.50568378 -0.03156594 -0.11489306]
733.5456078052521,1000,False,5,4,[8.44276999 1.64802154 3.99999974],cruising,[-0.82138112 -0.19970136 -0.21083176]
733.5456078052521,1001,False,1,2,[-0.11150077 -3.09421694  4.00000448],cruising,[-0.48080528  0.59740651 -0.20557775]
733.5456078052521,1002,False,3,6,[-0.87319501 -8.01109687  1.2839326 ],waiting,[ 0.5677905  -0.59831228 -0.99408226]
733.5456078052521,1003,False,4,0,[-4.14908307  6.98034971  3.99999999],cruising,[ 0.63925976  0.24903542 -0.34837281]
733.5456078052521,1004,False,2,5,[-8.13485445  7.90384941  1.46773067],fake_landed,[-0.62185191  0.08809385  0.93462812]
733.5456078052521,1005,False,6,1,[6.07710079 2.27650456 4.00036634],exiting,[ 0.50568378 -0.03156594 -0.11489306]
733.6492733955383,1000,False,5,4,[8.45672159 1.44850875 3.99999978],cruising,[-0.82138112 -0.19970136 -0.21083176]
733.6492733955383,1001,False,1,2,[-0.2989244  -3.16401939  4.00000381],cruising,[-0.48080528  0.59740651 -0.20557775]
733.6492733955383,1002,False,3,6,[-0.87319501 -8.01109687  1.2839326 ],waiting,[ 0.5677905  -0.59831228 -0.99408226]
733.6492733955383,1003,False,4,0,[-3.95469042  7.02737629  3.99999999],cruising,[ 0.63925976  0.24903542 -0.34837281]
733.6492733955383,1004,False,2,5,[-8.12020814  7.91429216  1.38977918],fake_landed,[-0.62185191  0.08809385  0.93462812]
733.6492733955383,1005,False,6,1,[5.97721646 2.27169661 4.00025674],exiting,[ 0.50568378 -0.03156594 -0.11489306]
733.7487473487854,1000,False,5,4,[8.46916715 1.24889636 3.99999981],cruising,[-0.82138112 -0.19970136 -0.21083176]
733.7487473487854,1001,False,1,2,[-0.48177821 -3.24504089  4.00000323],cruising,[-0.48080528  0.59740651 -0.20557775]
733.7487473487854,1002,False,3,6,[-0.87319501 -8.01109687  1.2839326 ],waiting,[ 0.5677905  -0.59831228 -0.99408226]
733.7487473487854,1003,False,4,0,[-3.75957317  7.07129962  3.99999999],cruising,[ 0.63925976  0.24903542 -0.34837281]
733.7487473487854,1004,False,2,5,[-8.10922341  7.92212422  1.33131557],fake_landed,[-0.62185191  0.08809385  0.93462812]
733.7487473487854,1005,False,6,1,[5.87733212 2.26688867 4.00017322],exiting,[ 0.50568378 -0.03156594 -0.11489306]
733.8377575874329,1000,False,5,4,[8.47760446 1.04907441 3.99999984],cruising,[-0.82138112 -0.19970136 -0.21083176]
733.8377575874329,1001,False,1,2,[-0.66123971 -3.33332209  4.00000275],cruising,[-0.48080528  0.59740651 -0.20557775]
733.8377575874329,1002,False,3,6,[-0.87319501 -8.01109687  1.2839326 ],waiting,[ 0.5677905  -0.59831228 -0.99408226]
733.8377575874329,1003,False,4,0,[-3.56420213  7.11407995  3.99999999],cruising,[ 0.63925976  0.24903542 -0.34837281]
733.8377575874329,1004,False,2,5,[-8.10190025  7.9273456   1.29233982],fake_landed,[-0.62185191  0.08809385  0.93462812]
733.8377575874329,1005,False,6,1,[5.77744777 2.26208072 4.00011041],exiting,[ 0.50568378 -0.03156594 -0.11489306]
733.9390149116516,1000,False,5,4,[8.4845733  0.84919585 3.99999986],cruising,[-0.82138112 -0.19970136 -0.21083176]
733.9390149116516,1001,False,1,2,[-0.83913327 -3.42472167  4.00000234],cruising,[-0.48080528  0.59740651 -0.20557775]
733.9390149116516,1002,False,3,6,[-0.87319501 -8.01109687  1.2839326 ],waiting,[ 0.5677905  -0.59831228 -0.99408226]
733.9390149116516,1003,False,4,0,[-3.36839171  7.1548019   3.99999999],cruising,[ 0.63925976  0.24903542 -0.34837281]
733.9390149116516,1004,False,2,5,[-8.09823868  7.92995628  1.27285195],fake_landed,[-0.62185191  0.08809385  0.93462812]
733.9390149116516,1005,False,6,1,[5.67756342 2.25727277 4.00006404],exiting,[ 0.50568378 -0.03156594 -0.11489306]
734.0446217060089,1000,False,5,4,[8.48986822 0.64926596 3.99999988],cruising,[-0.82138112 -0.19970136 -0.21083176]
734.0446217060089,1001,False,1,2,[-1.0178273  -3.51454617  4.00000199],cruising,[-0.48080528  0.59740651 -0.20557775]
734.0446217060089,1002,False,3,6,[-0.87319501 -8.01109687  1.2839326 ],waiting,[ 0.5677905  -0.59831228 -0.99408226]
734.0446217060089,1003,False,4,0,[-3.17153121  7.19009982  4.        ],cruising,[ 0.63925976  0.24903542 -0.34837281]
734.0446217060089,1004,False,2,5,[-8.09823868  7.92995628  1.27285195],fake_landed,[-0.62185191  0.08809385  0.93462812]
734.0446217060089,1005,False,6,1,[5.57767908 2.25246483 4.00003075],landing,[ 0.50568378 -0.03156594 -0.11489306]
734.1387572288513,1000,False,5,4,[8.49333592 0.44929602 3.9999999 ],cruising,[-0.82138112 -0.19970136 -0.21083176]
734.1387572288513,1001,False,1,2,[-1.20118033 -3.59443153  4.00000169],cruising,[-0.48080528  0.59740651 -0.20557775]
734.1387572288513,1002,False,3,6,[-0.87319501 -8.01109687  1.2839326 ],waiting,[ 0.5677905  -0.59831228 -0.99408226]
734.1387572288513,1003,False,4,0,[-2.97410692  7.22209438  4.        ],cruising,[ 0.63925976  0.24903542 -0.34837281]
734.1387572288513,1004,False,5,3,[-8.09823868  7.92995628  1.27285195],waiting,[-0.62185191  0.08809385  0.93462812]
734.1387572288513,1005,False,6,1,[5.49183503 2.24510348 3.98598496],landing,[ 0.50568378 -0.03156594 -0.11489306]
734.2360663414001,1000,False,5,4,[8.49274731 0.24929689 3.99999992],cruising,[-0.82138112 -0.19970136 -0.21083176]
734.2360663414001,1001,False,1,2,[-1.39143277 -3.65554461  4.00000143],cruising,[-0.48080528  0.59740651 -0.20557775]
734.2360663414001,1002,False,3,6,[-0.87319501 -8.01109687  1.2839326 ],waiting,[ 0.5677905  -0.59831228 -0.99408226]
734.2360663414001,1003,False,4,0,[-2.77567115  7.24705925  4.        ],cruising,[ 0.63925976  0.24903542 -0.34837281]
734.2360663414001,1004,False,5,3,[-8.09823868  7.92995628  1.27285195],waiting,[-0.62185191  0.08809385  0.93462812]
734.2360663414001,1005,False,6,1,[5.42020085 2.23523457 3.95809028],landing,[ 0.50568378 -0.03156594 -0.11489306]
734.3498711585999,1000,False,5,4,[8.49050387 0.04930947 3.99999993],cruising,[-0.82138112 -0.19970136 -0.21083176]
734.3498711585999,1001,False,1,2,[-1.58544009 -3.69701334  4.00000119],cruising,[-0.48080528  0.59740651 -0.20557775]
734.3498711585999,1002,False,3,6,[-0.87319501 -8.01109687  1.2839326 ],queued,[ 0.5677905  -0.59831228 -0.99408226]
734.3498711585999,1003,False,4,0,[-2.57668914  7.26721263  4.        ],cruising,[ 0.63925976  0.24903542 -0.34837281]
734.3498711585999,1004,False,5,3,[-8.09823868  7.92995628  1.27285195],waiting,[-0.62185191  0.08809385  0.93462812]
734.3498711585999,1005,False,6,1,[5.36297548 2.22291307 3.91654382],landing,[ 0.50568378 -0.03156594 -0.11489306]
734.4366495609283,1000,False,5,4,[ 8.48645413 -0.15064952  3.99999994],cruising,[-0.82138112 -0.19970136 -0.21083176]
734.4366495609283,1001,False,1,2,[-1.7800973  -3.71849262  4.00000096],cruising,[-0.48080528  0.59740651 -0.20557775]
734.4366495609283,1002,False,3,6,[-0.87319501 -8.01109687  1.3039326 ],queued,[ 0.5677905  -0.59831228 -0.99408226]
734.4366495609283,1003,False,4,0,[-2.37697581  7.27791722  4.        ],cruising,[ 0.63925976  0.24903542 -0.34837281]
734.4366495609283,1004,False,5,3,[-8.09823868  7.92995628  1.27285195],waiting,[-0.62185191  0.08809385  0.93462812]
734.4366495609283,1005,False,6,1,[5.32042906 2.20821579 3.86162261],landing,[ 0.50568378 -0.03156594 -0.11489306]
734.5363247394562,1000,False,5,4,[ 8.47847048 -0.35049011  3.99999995],cruising,[-0.82138112 -0.19970136 -0.21083176]
734.5363247394562,1001,False,1,2,[-1.97241122 -3.72010966  4.00000075],cruising,[-0.48080528  0.59740651 -0.20557775]
734.5363247394562,1002,False,3,6,[-0.87319501 -8.01109687  1.3439326 ],queued,[ 0.5677905  -0.59831228 -0.99408226]
734.5363247394562,1003,False,4,0,[-2.17697698  7.27723463  4.        ],cruising,[ 0.63925976  0.24903542 -0.34837281]
734.5363247394562,1004,False,5,3,[-8.09823868  7.92995628  1.27285195],waiting,[-0.62185191  0.08809385  0.93462812]
734.5363247394562,1005,False,6,1,[5.29278941 2.19120953 3.79356912],landing,[ 0.50568378 -0.03156594 -0.11489306]
734.6476130485535,1000,False,5,4,[ 8.46878272 -0.55025534  3.99999996],cruising,[-0.82138112 -0.19970136 -0.21083176]
734.6476130485535,1001,False,1,2,[-2.15949186 -3.70242351  4.00000055],cruising,[-0.48080528  0.59740651 -0.20557775]
734.6476130485535,1002,False,3,6,[-0.87319501 -8.01109687  1.4039326 ],queued,[ 0.5677905  -0.59831228 -0.99408226]
734.6476130485535,1003,False,4,0,[-1.97801092  7.25692431  4.        ],cruising,[ 0.63925976  0.24903542 -0.34837281]
734.6476130485535,1004,False,5,3,[-8.09823868  7.92995628  1.27285195],waiting,[-0.62185191  0.08809385  0.93462812]
734.6476130485535,1005,False,6,1,[5.28026499 2.17195715 3.71261273],landing,[ 0.50568378 -0.03156594 -0.11489306]
734.7500920295715,1000,False,5,4,[ 8.45722537 -0.74992113  3.99999996],cruising,[-0.82138112 -0.19970136 -0.21083176]
734.7500920295715,1001,False,1,2,[-2.33901544 -3.66622006  4.00000036],cruising,[-0.48080528  0.59740651 -0.20557775]
734.7500920295715,1002,False,3,6,[-0.87319501 -8.01109687  1.4789326 ],queued,[ 0.5677905  -0.59831228 -0.99408226]
734.7500920295715,1003,False,4,0,[-1.78067588  7.22438388  4.        ],cruising,[ 0.63925976  0.24903542 -0.34837281]
734.7500920295715,1004,False,5,3,[-8.09823868  7.92995628  1.27285195],waiting,[-0.62185191  0.08809385  0.93462812]
734.7500920295715,1005,False,6,1,[5.28306535 2.15052361 3.61899168],landing,[ 0.50568378 -0.03156594 -0.11489306]
734.837126493454,1000,False,5,4,[ 8.44365564 -0.94946026  3.99999997],cruising,[-0.82138112 -0.19970136 -0.21083176]
734.837126493454,1001,False,1,2,[-2.50878873 -3.6125543   4.00000019],cruising,[-0.48080528  0.59740651 -0.20557775]
734.837126493454,1002,False,3,6,[-0.87319501 -8.01109687  1.5539326 ],queued,[ 0.5677905  -0.59831228 -0.99408226]
734.837126493454,1003,False,4,0,[-1.58705744  7.17426503  4.        ],cruising,[ 0.63925976  0.24903542 -0.34837281]
734.837126493454,1004,False,5,3,[-8.09823868  7.92995628  1.27285195],waiting,[-0.62185191  0.08809385  0.93462812]
734.837126493454,1005,False,6,1,[5.29041955 2.12847051 3.52173132],landing,[ 0.50568378 -0.03156594 -0.11489306]
734.9449441432953,1000,False,5,4,[ 8.42581393 -1.14866285  3.99999997],cruising,[-0.82138112 -0.19970136 -0.21083176]
734.9449441432953,1001,False,1,2,[-2.66681437 -3.54270236  4.00000003],cruising,[-0.48080528  0.59740651 -0.20557775]
734.9449441432953,1002,False,3,6,[-0.87319501 -8.01109687  1.6289326 ],queued,[ 0.5677905  -0.59831228 -0.99408226]
734.9449441432953,1003,False,4,0,[-1.39784518  7.10946749  4.        ],cruising,[ 0.63925976  0.24903542 -0.34837281]
734.9449441432953,1004,False,5,3,[-8.09823868  7.92995628  1.27285195],waiting,[-0.62185191  0.08809385  0.93462812]
734.9449441432953,1005,False,6,1,[5.29777375 2.10641741 3.42447097],landing,[ 0.50568378 -0.03156594 -0.11489306]
735.0447661876678,1000,False,5,4,[ 8.40601905 -1.34768085  3.99999998],cruising,[-0.82138112 -0.19970136 -0.21083176]
735.0447661876678,1001,False,1,2,[-2.81141119 -3.45802925  3.99999989],cruising,[-0.48080528  0.59740651 -0.20557775]
735.0447661876678,1002,False,3,6,[-0.87319501 -8.01109687  1.7039326 ],queued,[ 0.5677905  -0.59831228 -0.99408226]
735.0447661876678,1003,False,4,0,[-1.21314291  7.03275326  4.        ],cruising,[ 0.63925976  0.24903542 -0.34837281]
735.0447661876678,1004,False,5,3,[-8.09823868  7.92995628  1.27285195],waiting,[-0.62185191  0.08809385  0.93462812]
735.0447661876678,1005,False,6,1,[5.30512795 2.08436432 3.32721061],landing,[ 0.50568378 -0.03156594 -0.11489306]
735.140930891037,1000,False,5,4,[ 8.38407617 -1.54647348  3.99999998],cruising,[-0.82138112 -0.19970136 -0.21083176]
735.140930891037,1001,False,1,2,[-2.94112193 -3.35999933  3.99999976],cruising,[-0.48080528  0.59740651 -0.20557775]
735.140930891037,1002,False,3,6,[-0.87319501 -8.01109687  1.7789326 ],queued,[ 0.5677905  -0.59831228 -0.99408226]
735.140930891037,1003,False,4,0,[-1.03264437  6.94661224  4.        ],cruising,[ 0.63925976  0.24903542 -0.34837281]
735.140930891037,1004,False,5,3,[-8.09823868  7.92995628  1.27285195],waiting,[-0.62185191  0.08809385  0.93462812]
735.140930891037,1005,False,6,1,[5.31248215 2.06231122 3.22995026],landing,[ 0.50568378 -0.03156594 -0.11489306]
735.2499387264252,1000,False,5,4,[ 8.35749143 -1.74469873  3.99999998],cruising,[-0.82138112 -0.19970136 -0.21083176]
735.2499387264252,1001,False,1,2,[-3.05464191 -3.25022806  3.99999965],cruising,[-0.48080528  0.59740651 -0.20557775]
735.2499387264252,1002,False,3,6,[-0.87319501 -8.01109687  1.8539326 ],entering,[ 0.5677905  -0.59831228 -0.99408226]
735.2499387264252,1003,False,4,0,[-0.85579371  6.85321071  4.        ],cruising,[ 0.63925976  0.24903542 -0.34837281]
735.2499387264252,1004,False,5,3,[-8.09823868  7.92995628  1.27285195],waiting,[-0.62185191  0.08809385  0.93462812]
735.2499387264252,1005,False,6,1,[5.31983635 2.04025812 3.13268991],landing,[ 0.50568378 -0.03156594 -0.11489306]
735.349732875824,1000,False,5,4,[ 8.32868732 -1.94261367  3.99999999],cruising,[-0.82138112 -0.19970136 -0.21083176]
735.349732875824,1001,False,1,2,[-3.15086875 -3.13040953  3.99999956],cruising,[-0.48080528  0.59740651 -0.20557775]
735.349732875824,1002,False,3,6,[-0.87968647 -7.99217966  1.9289326 ],entering,[ 0.5677905  -0.59831228 -0.99408226]
735.349732875824,1003,False,4,0,[-0.68086751  6.75625287  4.        ],cruising,[ 0.63925976  0.24903542 -0.34837281]
735.349732875824,1004,False,5,3,[-8.09823868  7.92995628  1.27285195],waiting,[-0.62185191  0.08809385  0.93462812]
735.349732875824,1005,False,6,1,[5.32719056 2.01820502 3.03542955],landing,[ 0.50568378 -0.03156594 -0.11489306]
735.4377694129944,1000,False,5,4,[ 8.29740506 -2.14015208  3.99999999],cruising,[-0.82138112 -0.19970136 -0.21083176]
735.4377694129944,1001,False,1,2,[-3.2291806  -3.00169982  3.99999949],cruising,[-0.48080528  0.59740651 -0.20557775]
735.4377694129944,1002,False,3,6,[-0.89266939 -7.95434524  2.0039326 ],entering,[ 0.5677905  -0.59831228 -0.99408226]
735.4377694129944,1003,False,4,0,[-0.50866521  6.65453576  4.        ],cruising,[ 0.63925976  0.24903542 -0.34837281]
735.4377694129944,1004,False,5,3,[-8.09823868  7.92995628  1.27285195],waiting,[-0.62185191  0.08809385  0.93462812]
735.4377694129944,1005,False,6,1,[5.33454476 1.99615192 2.9381692 ],landing,[ 0.50568378 -0.03156594 -0.11489306]
735.537752866745,1000,False,5,4,[ 8.26068374 -2.33675204  3.99999999],cruising,[-0.82138112 -0.19970136 -0.21083176]
735.537752866745,1001,False,1,2,[-3.28921113 -2.86487881  3.99999944],cruising,[-0.48080528  0.59740651 -0.20557775]
735.537752866745,1002,False,3,6,[-0.91214376 -7.8975936   2.0789326 ],entering,[ 0.5677905  -0.59831228 -0.99408226]
735.537752866745,1003,False,4,0,[-0.33770145  6.55075044  4.        ],cruising,[ 0.63925976  0.24903542 -0.34837281]
735.537752866745,1004,False,5,3,[-8.09823868  7.92995628  1.27285195],waiting,[-0.62185191  0.08809385  0.93462812]
735.537752866745,1005,False,6,1,[5.34189896 1.97409882 2.84090884],landing,[ 0.50568378 -0.03156594 -0.11489306]
735.6403760910034,1000,False,5,4,[ 8.22125823 -2.53282761  3.99999999],cruising,[-0.82138112 -0.19970136 -0.21083176]
735.6403760910034,1001,False,1,2,[-3.33078564 -2.72035226  3.99999941],cruising,[-0.48080528  0.59740651 -0.20557775]
735.6403760910034,1002,False,3,6,[-0.9381096  -7.82192474  2.1539326 ],entering,[ 0.5677905  -0.59831228 -0.99408226]
735.6403760910034,1003,False,4,0,[-0.16829845  6.44443665  4.        ],cruising,[ 0.63925976  0.24903542 -0.34837281]
735.6403760910034,1004,False,5,3,[-8.09823868  7.92995628  1.27285195],waiting,[-0.62185191  0.08809385  0.93462812]
735.6403760910034,1005,False,6,1,[5.34925316 1.95204572 2.74364849],landing,[ 0.50568378 -0.03156594 -0.11489306]
735.7509410381317,1000,False,5,4,[ 8.17877379 -2.7282632   3.99999999],cruising,[-0.82138112 -0.19970136 -0.21083176]
735.7509410381317,1001,False,1,2,[-3.35383085 -2.56829807  3.99999939],cruising,[-0.48080528  0.59740651 -0.20557775]
735.7509410381317,1002,False,3,6,[-0.9705669  -7.72733868  2.2289326 ],entering,[ 0.5677905  -0.59831228 -0.99408226]
735.7509410381317,1003,False,4,0,[6.24380841e-04 6.33736155e+00 4.00000000e+00],cruising,[ 0.63925976  0.24903542 -0.34837281]
735.7509410381317,1004,False,5,3,[-8.09823868  7.92995628  1.27285195],waiting,[-0.62185191  0.08809385  0.93462812]
735.7509410381317,1005,False,6,1,[5.35660736 1.92999262 2.64638813],landing,[ 0.50568378 -0.03156594 -0.11489306]
735.8422160148621,1000,False,5,4,[ 8.12940986 -2.92207549  3.99999999],cruising,[-0.82138112 -0.19970136 -0.21083176]
735.8422160148621,1001,False,1,2,[-3.35835029 -2.4087076   3.9999994 ],cruising,[-0.48080528  0.59740651 -0.20557775]
735.8422160148621,1002,False,3,6,[-1.00951566 -7.6138354   2.3039326 ],entering,[ 0.5677905  -0.59831228 -0.99408226]
735.8422160148621,1003,False,4,0,[0.16917929 6.22970819 4.        ],cruising,[ 0.63925976  0.24903542 -0.34837281]
735.8422160148621,1004,False,5,3,[-8.09823868  7.92995628  1.27285195],waiting,[-0.62185191  0.08809385  0.93462812]
735.8422160148621,1005,False,6,1,[5.36396156 1.90793952 2.54912778],landing,[ 0.50568378 -0.03156594 -0.11489306]
735.9465041160583,1000,False,5,4,[ 8.07653805 -3.11496036  3.99999999],cruising,[-0.82138112 -0.19970136 -0.21083176]
735.9465041160583,1001,False,1,2,[-3.34466839 -2.24082789  3.99999943],cruising,[-0.48080528  0.59740651 -0.20557775]
735.9465041160583,1002,False,3,6,[-1.05495587 -7.48141491  2.3789326 ],entering,[ 0.5677905  -0.59831228 -0.99408226]
735.9465041160583,1003,False,4,0,[0.33798106 6.12244236 4.        ],exiting,[ 0.63925976  0.24903542 -0.34837281]
735.9465041160583,1004,False,5,3,[-8.09823868  7.92995628  1.27285195],waiting,[-0.62185191  0.08809385  0.93462812]
735.9465041160583,1005,False,6,1,[5.37131576 1.88588643 2.45186742],landing,[ 0.50568378 -0.03156594 -0.11489306]
736.0495357513428,1000,False,5,4,[ 8.01543106 -3.30539653  4.        ],cruising,[-0.82138112 -0.19970136 -0.21083176]
736.0495357513428,1001,False,1,2,[-3.31383028 -2.06266886  3.99999949],cruising,[-0.48080528  0.59740651 -0.20557775]
736.0495357513428,1002,False,3,6,[-1.10688755 -7.3300772   2.4539326 ],entering,[ 0.5677905  -0.59831228 -0.99408226]
736.0495357513428,1003,False,4,0,[0.49670946 6.03245445 4.        ],exiting,[ 0.63925976  0.24903542 -0.34837281]
736.0495357513428,1004,False,5,3,[-8.09823868  7.92995628  1.27285195],waiting,[-0.62185191  0.08809385  0.93462812]
736.0495357513428,1005,False,6,1,[5.37866996 1.86383333 2.35460707],landing,[ 0.50568378 -0.03156594 -0.11489306]
736.1409096717834,1000,False,5,4,[ 7.94538747 -3.49273018  4.        ],exiting,[-0.82138112 -0.19970136 -0.21083176]
736.1409096717834,1001,False,1,2,[-3.27140009 -1.86821188  3.99999956],cruising,[-0.48080528  0.59740651 -0.20557775]
736.1409096717834,1002,False,3,6,[-1.16531069 -7.15982228  2.5289326 ],entering,[ 0.5677905  -0.59831228 -0.99408226]
736.1409096717834,1003,False,4,0,[0.645216   5.95965706 4.        ],exiting,[ 0.63925976  0.24903542 -0.34837281]
736.1409096717834,1004,False,5,3,[-8.09823868  7.92995628  1.27285195],queued,[-0.62185191  0.08809385  0.93462812]
736.1409096717834,1005,False,6,1,[5.38602416 1.84178023 2.25734672],landing,[ 0.50568378 -0.03156594 -0.11489306]
736.2405371665955,1000,False,5,4,[ 7.88953081 -3.66596662  4.        ],exiting,[-0.82138112 -0.19970136 -0.21083176]
736.2405371665955,1001,False,1,2,[-3.24467112 -1.67000602  3.99999963],cruising,[-0.48080528  0.59740651 -0.20557775]
736.2405371665955,1002,False,3,6,[-1.23147885 -6.97112788  2.6039326 ],entering,[ 0.5677905  -0.59831228 -0.99408226]
736.2405371665955,1003,False,4,0,[0.78333255 5.90394908 4.        ],exiting,[ 0.63925976  0.24903542 -0.34837281]
736.2405371665955,1004,False,5,3,[-8.09823868  7.92995628  1.29285195],queued,[-0.62185191  0.08809385  0.93462812]
736.2405371665955,1005,False,6,1,[5.39337836 1.81972713 2.16008636],landing,[ 0.50568378 -0.03156594 -0.11489306]
736.3460376262665,1000,False,5,4,[ 7.84799836 -3.82524538  4.        ],exiting,[-0.82138112 -0.19970136 -0.21083176]
736.3460376262665,1001,False,1,2,[-3.23436683 -1.47027164  3.99999968],cruising,[-0.48080528  0.59740651 -0.20557775]
736.3460376262665,1002,False,3,6,[-1.29766286 -6.78239612  2.6789326 ],entering,[ 0.5677905  -0.59831228 -0.99408226]
736.3460376262665,1003,False,4,0,[0.91086689 5.86521217 4.        ],exiting,[ 0.63925976  0.24903542 -0.34837281]
736.3460376262665,1004,False,5,3,[-8.09823868  7.92995628  1.33285195],queued,[-0.62185191  0.08809385  0.93462812]
736.3460376262665,1005,False,6,1,[5.40073256 1.79767403 2.06282601],landing,[ 0.50568378 -0.03156594 -0.11489306]
736.4476203918457,1000,False,5,4,[ 7.82095629 -3.97073904  4.        ],exiting,[-0.82138112 -0.19970136 -0.21083176]
736.4476203918457,1001,False,1,2,[-3.23990506 -1.27034834  3.99999973],cruising,[-0.48080528  0.59740651 -0.20557775]
736.4476203918457,1002,False,3,6,[-1.36384687 -6.59366436  2.7539326 ],entering,[ 0.5677905  -0.59831228 -0.99408226]
736.4476203918457,1003,False,4,0,[1.02759362 5.84330366 4.        ],exiting,[ 0.63925976  0.24903542 -0.34837281]
736.4476203918457,1004,False,5,3,[-8.09823868  7.92995628  1.39285195],queued,[-0.62185191  0.08809385  0.93462812]
736.4476203918457,1005,False,6,1,[5.40808676 1.77562093 1.96556565],landing,[ 0.50568378 -0.03156594 -0.11489306]
736.5473308563232,1000,False,5,4,[ 7.80862099 -4.10267871  4.        ],exiting,[-0.82138112 -0.19970136 -0.21083176]
736.5473308563232,1001,False,1,2,[-3.25926314 -1.07128738  3.99999977],cruising,[-0.48080528  0.59740651 -0.20557775]
736.5473308563232,1002,False,3,6,[-1.43080853 -6.40520711  2.8289326 ],entering,[ 0.5677905  -0.59831228 -0.99408226]
736.5473308563232,1003,False,4,0,[1.1332321 5.83804   4.       ],exiting,[ 0.63925976  0.24903542 -0.34837281]
736.5473308563232,1004,False,5,3,[-8.09823868  7.92995628  1.46785195],queued,[-0.62185191  0.08809385  0.93462812]
736.5473308563232,1005,False,6,1,[5.41544097 1.75356783 1.8683053 ],landing,[ 0.50568378 -0.03156594 -0.11489306]
736.642927646637,1000,False,5,4,[ 7.81115522 -4.22124313  4.        ],exiting,[-0.82138112 -0.19970136 -0.21083176]
736.642927646637,1001,False,1,2,[-3.29217673 -0.87401423  3.99999981],cruising,[-0.48080528  0.59740651 -0.20557775]
736.642927646637,1002,False,3,6,[-1.49830762 -6.21694168  2.9039326 ],entering,[ 0.5677905  -0.59831228 -0.99408226]
736.642927646637,1003,False,4,0,[1.22740984 5.84916693 4.        ],exiting,[ 0.63925976  0.24903542 -0.34837281]
736.642927646637,1004,False,5,3,[-8.09823868  7.92995628  1.54285195],queued,[-0.62185191  0.08809385  0.93462812]
736.642927646637,1005,False,6,1,[5.42279517 1.73151473 1.77104494],landing,[ 0.50568378 -0.03156594 -0.11489306]
736.7474894523621,1000,False,5,4,[ 7.82871947 -4.32661291  4.        ],exiting,[-0.82138112 -0.19970136 -0.21083176]
736.7474894523621,1001,False,1,2,[-3.33753582 -0.67922575  3.99999984],cruising,[-0.48080528  0.59740651 -0.20557775]
736.7474894523621,1002,False,3,6,[-1.56580672 -6.02867625  2.9789326 ],entering,[ 0.5677905  -0.59831228 -0.99408226]
736.7474894523621,1003,False,4,0,[1.30988951 5.87651592 4.        ],exiting,[ 0.63925976  0.24903542 -0.34837281]
736.7474894523621,1004,False,5,3,[-8.09823868  7.92995628  1.61785195],queued,[-0.62185191  0.08809385  0.93462812]
736.7474894523621,1005,False,6,1,[5.43014937 1.70946163 1.67378459],landing,[ 0.50568378 -0.03156594 -0.11489306]
736.8423371315002,1000,False,5,4,[ 7.85748619 -4.42238596  4.        ],exiting,[-0.82138112 -0.19970136 -0.21083176]
736.8423371315002,1001,False,1,2,[-3.39436626 -0.48746991  3.99999986],cruising,[-0.48080528  0.59740651 -0.20557775]
736.8423371315002,1002,False,3,6,[-1.63458195 -5.84087325  3.0539326 ],entering,[ 0.5677905  -0.59831228 -0.99408226]
736.8423371315002,1003,False,4,0,[1.38043074 5.91991089 4.        ],exiting,[ 0.63925976  0.24903542 -0.34837281]
736.8423371315002,1004,False,5,3,[-8.09823868  7.92995628  1.69285195],queued,[-0.62185191  0.08809385  0.93462812]
736.8423371315002,1005,False,6,1,[5.43750357 1.68740854 1.57652423],landing,[ 0.50568378 -0.03156594 -0.11489306]
736.9388873577118,1000,False,5,4,[ 7.88625291 -4.518159    4.        ],exiting,[-0.82138112 -0.19970136 -0.21083176]
736.9388873577118,1001,False,1,2,[-3.46001562 -0.29855151  3.99999988],cruising,[-0.48080528  0.59740651 -0.20557775]
736.9388873577118,1002,False,3,6,[-1.70335717 -5.65307024  3.1289326 ],entering,[ 0.5677905  -0.59831228 -0.99408226]
736.9388873577118,1003,False,4,0,[1.43879044 5.97916809 4.        ],exiting,[ 0.63925976  0.24903542 -0.34837281]
736.9388873577118,1004,False,5,3,[-8.09823868  7.92995628  1.76785195],queued,[-0.62185191  0.08809385  0.93462812]
736.9388873577118,1005,False,6,1,[5.44485777 1.66535544 1.47926388],fake_landed,[ 0.50568378 -0.03156594 -0.11489306]
737.0488193035126,1000,False,5,4,[ 7.91501962 -4.61393204  4.        ],exiting,[-0.82138112 -0.19970136 -0.21083176]
737.0488193035126,1001,False,1,2,[-3.53593806 -0.11352237  3.9999999 ],cruising,[-0.48080528  0.59740651 -0.20557775]
737.0488193035126,1002,False,3,6,[-1.77327361 -5.4656891   3.2039326 ],entering,[ 0.5677905  -0.59831228 -0.99408226]
737.0488193035126,1003,False,4,0,[1.48472295 6.05409579 4.        ],exiting,[ 0.63925976  0.24903542 -0.34837281]
737.0488193035126,1004,False,5,3,[-8.09823868  7.92995628  1.84285195],queued,[-0.62185191  0.08809385  0.93462812]
737.0488193035126,1005,False,6,1,[5.45074113 1.64771296 1.4014556 ],fake_landed,[ 0.50568378 -0.03156594 -0.11489306]
737.1450293064117,1000,False,5,4,[ 7.94378634 -4.70970509  4.        ],exiting,[-0.82138112 -0.19970136 -0.21083176]
737.1450293064117,1001,False,1,2,[-3.6224646   0.06679168  3.99999991],exiting,[-0.48080528  0.59740651 -0.20557775]
737.1450293064117,1002,False,3,6,[-1.84272508 -5.27813513  3.2789326 ],entering,[ 0.5677905  -0.59831228 -0.99408226]
737.1450293064117,1003,False,4,0,[1.51798012 6.14449399 4.        ],exiting,[ 0.63925976  0.24903542 -0.34837281]
737.1450293064117,1004,False,5,3,[-8.09823868  7.92995628  1.91785195],queued,[-0.62185191  0.08809385  0.93462812]
737.1450293064117,1005,False,6,1,[5.45515365 1.6344811  1.34309938],fake_landed,[ 0.50568378 -0.03156594 -0.11489306]
737.2513053417206,1000,False,5,4,[ 7.97255306 -4.80547813  4.        ],exiting,[-0.82138112 -0.19970136 -0.21083176]
737.2513053417206,1001,False,1,2,[-3.70929159  0.22710799  3.99999993],exiting,[-0.48080528  0.59740651 -0.20557775]
737.2513053417206,1002,False,3,6,[-1.91364567 -5.09113173  3.3539326 ],entering,[ 0.5677905  -0.59831228 -0.99408226]
737.2513053417206,1003,False,4,0,[1.54666419 6.24029182 4.        ],exiting,[ 0.63925976  0.24903542 -0.34837281]
737.2513053417206,1004,False,5,3,[-8.09823868  7.92995628  1.99285195],queued,[-0.62185191  0.08809385  0.93462812]
737.2513053417206,1005,False,6,1,[5.45809533 1.62565986 1.30419524],fake_landed,[ 0.50568378 -0.03156594 -0.11489306]
737.3384163379669,1000,False,5,4,[ 8.00131977 -4.90125118  4.        ],exiting,[-0.82138112 -0.19970136 -0.21083176]
737.3384163379669,1001,False,1,2,[-3.79625605  0.36742478  3.99999994],exiting,[-0.48080528  0.59740651 -0.20557775]
737.3384163379669,1002,False,3,6,[-1.98518558 -4.90436439  3.4289326 ],entering,[ 0.5677905  -0.59831228 -0.99408226]
737.3384163379669,1003,False,4,0,[1.57534826 6.33608964 4.        ],exiting,[ 0.63925976  0.24903542 -0.34837281]
737.3384163379669,1004,False,5,3,[-8.09823868  7.92995628  2.06785195],queued,[-0.62185191  0.08809385  0.93462812]
737.3384163379669,1005,False,6,1,[5.45956617 1.62124924 1.28474317],fake_landed,[ 0.50568378 -0.03156594 -0.11489306]
737.4472494125366,1000,False,5,4,[ 8.03008649 -4.99702422  4.        ],exiting,[-0.82138112 -0.19970136 -0.21083176]
737.4472494125366,1001,False,1,2,[-3.88317638  0.48774161  3.99999996],exiting,[-0.48080528  0.59740651 -0.20557775]
737.4472494125366,1002,False,3,6,[-2.05698793 -4.71769778  3.5039326 ],entering,[ 0.5677905  -0.59831228 -0.99408226]
737.4472494125366,1003,False,4,0,[1.60403234 6.43188747 4.        ],exiting,[ 0.63925976  0.24903542 -0.34837281]
737.4472494125366,1004,False,5,3,[-8.09823868  7.92995628  2.14285195],queued,[-0.62185191  0.08809385  0.93462812]
737.4472494125366,1005,False,1,5,[5.45956617 1.62124924 1.28474317],waiting,[ 0.50568378 -0.03156594 -0.11489306]
737.5366661548615,1000,False,5,4,[ 8.05885321 -5.09279727  4.        ],exiting,[-0.82138112 -0.19970136 -0.21083176]
737.5366661548615,1001,False,1,2,[-3.9698475   0.58805999  3.99999997],exiting,[-0.48080528  0.59740651 -0.20557775]
737.5366661548615,1002,False,3,6,[-2.12868217 -4.53098962  3.57834271],entering,[ 0.5677905  -0.59831228 -0.99408226]
737.5366661548615,1003,False,4,0,[1.63271641 6.5276853  4.        ],exiting,[ 0.63925976  0.24903542 -0.34837281]
737.5366661548615,1004,False,5,3,[-8.09823868  7.92995628  2.21785195],queued,[-0.62185191  0.08809385  0.93462812]
737.5366661548615,1005,False,1,5,[5.45956617 1.62124924 1.28474317],waiting,[ 0.50568378 -0.03156594 -0.11489306]
737.6500492095947,1000,False,5,4,[ 8.08761992 -5.18857031  4.        ],exiting,[-0.82138112 -0.19970136 -0.21083176]
737.6500492095947,1001,False,1,2,[-4.05603124  0.66838432  3.99999999],exiting,[-0.48080528  0.59740651 -0.20557775]
737.6500492095947,1002,False,3,6,[-2.19873356 -4.34365889  3.6415913 ],entering,[ 0.5677905  -0.59831228 -0.99408226]
737.6500492095947,1003,False,4,0,[1.66140048 6.62348313 4.        ],exiting,[ 0.63925976  0.24903542 -0.34837281]
737.6500492095947,1004,False,5,3,[-8.09823868  7.92995628  2.29285195],queued,[-0.62185191  0.08809385  0.93462812]
737.6500492095947,1005,False,1,5,[5.45956617 1.62124924 1.28474317],waiting,[ 0.50568378 -0.03156594 -0.11489306]
737.7431471347809,1000,False,5,4,[ 8.11638664 -5.28434335  4.        ],exiting,[-0.82138112 -0.19970136 -0.21083176]
737.7431471347809,1001,False,1,2,[-4.14143394  0.7287239   4.        ],exiting,[-0.48080528  0.59740651 -0.20557775]
737.7431471347809,1002,False,3,6,[-2.26341566 -4.15440714  3.69535261],entering,[ 0.5677905  -0.59831228 -0.99408226]
737.7431471347809,1003,False,4,0,[1.69008455 6.71928096 4.        ],exiting,[ 0.63925976  0.24903542 -0.34837281]
737.7431471347809,1004,False,5,3,[-8.09823868  7.92995628  2.36785195],queued,[-0.62185191  0.08809385  0.93462812]
737.7431471347809,1005,False,1,5,[5.45956617 1.62124924 1.28474317],waiting,[ 0.50568378 -0.03156594 -0.11489306]
737.8417143821716,1000,False,5,4,[ 8.14515336 -5.3801164   4.        ],exiting,[-0.82138112 -0.19970136 -0.21083176]
737.8417143821716,1001,False,1,2,[-4.22564562  0.76909897  4.00000001],exiting,[-0.48080528  0.59740651 -0.20557775]
737.8417143821716,1002,False,3,6,[-2.3259449  -3.96443321  3.74104972],entering,[ 0.5677905  -0.59831228 -0.99408226]
737.8417143821716,1003,False,4,0,[1.71876862 6.81507879 4.        ],exiting,[ 0.63925976  0.24903542 -0.34837281]
737.8417143821716,1004,False,5,3,[-8.09823868  7.92995628  2.44285195],queued,[-0.62185191  0.08809385  0.93462812]
737.8417143821716,1005,False,1,5,[5.45956617 1.62124924 1.28474317],queued,[ 0.50568378 -0.03156594 -0.11489306]
737.9476764202118,1000,False,5,4,[ 8.17392008 -5.47588944  4.        ],exiting,[-0.82138112 -0.19970136 -0.21083176]
737.9476764202118,1001,False,1,2,[-4.30841279  0.78952628  4.00000001],exiting,[-0.48080528  0.59740651 -0.20557775]
737.9476764202118,1002,False,3,6,[-2.3876254  -3.77418202  3.77989226],entering,[ 0.5677905  -0.59831228 -0.99408226]
737.9476764202118,1003,False,4,0,[1.7474527  6.91087662 4.        ],exiting,[ 0.63925976  0.24903542 -0.34837281]
737.9476764202118,1004,False,5,3,[-8.09823868  7.92995628  2.51785195],entering,[-0.62185191  0.08809385  0.93462812]
737.9476764202118,1005,False,1,5,[5.45956617 1.62124924 1.30474317],queued,[ 0.50568378 -0.03156594 -0.11489306]
738.0361697673798,1000,False,5,4,[ 8.20268679 -5.57166249  4.        ],exiting,[-0.82138112 -0.19970136 -0.21083176]
738.0361697673798,1001,False,1,2,[-4.38947778  0.79002616  4.00000002],exiting,[-0.48080528  0.59740651 -0.20557775]
738.0361697673798,1002,False,3,6,[-2.44879011 -3.58376437  3.81290842],cruising,[ 0.5677905  -0.59831228 -0.99408226]
738.0361697673798,1003,False,4,0,[1.77613677 7.00667445 4.        ],exiting,[ 0.63925976  0.24903542 -0.34837281]
738.0361697673798,1004,False,5,3,[-8.08039174  7.92092928  2.59285195],entering,[-0.62185191  0.08809385  0.93462812]
738.0361697673798,1005,False,1,5,[5.45956617 1.62124924 1.34474317],queued,[ 0.50568378 -0.03156594 -0.11489306]
738.1382880210876,1000,False,5,4,[ 8.23145351 -5.66743553  4.        ],exiting,[-0.82138112 -0.19970136 -0.21083176]
738.1382880210876,1001,False,1,2,[-4.46857865  0.77062271  4.00000002],exiting,[-0.48080528  0.59740651 -0.20557775]
738.1382880210876,1002,False,3,6,[-2.50406898 -3.39155551  3.84097216],cruising,[ 0.5677905  -0.59831228 -0.99408226]
738.1382880210876,1003,False,4,0,[1.80482084 7.10247227 4.        ],exiting,[ 0.63925976  0.24903542 -0.34837281]
738.1382880210876,1004,False,5,3,[-8.04468421  7.90290232  2.66785195],entering,[-0.62185191  0.08809385  0.93462812]
738.1382880210876,1005,False,1,5,[5.45956617 1.62124924 1.40474317],queued,[ 0.50568378 -0.03156594 -0.11489306]
738.2384781837463,1000,False,5,4,[ 8.26022023 -5.76320857  4.        ],exiting,[-0.82138112 -0.19970136 -0.21083176]
738.2384781837463,1001,False,1,2,[-4.54544899  0.73134403  4.00000002],exiting,[-0.48080528  0.59740651 -0.20557775]
738.2384781837463,1002,False,3,6,[-2.5496448  -3.19681763  3.86482633],cruising,[ 0.5677905  -0.59831228 -0.99408226]
738.2384781837463,1003,False,4,0,[1.83350491 7.1982701  4.        ],exiting,[ 0.63925976  0.24903542 -0.34837281]
738.2384781837463,1004,False,5,3,[-7.99108596  7.87593544  2.74285195],entering,[-0.62185191  0.08809385  0.93462812]
738.2384781837463,1005,False,1,5,[5.45956617 1.62124924 1.47974317],queued,[ 0.50568378 -0.03156594 -0.11489306]
738.3411853313446,1000,False,5,4,[ 8.28898694 -5.85898162  4.        ],exiting,[-0.82138112 -0.19970136 -0.21083176]
738.3411853313446,1001,False,1,2,[-4.61981774  0.67222242  4.00000002],exiting,[-0.48080528  0.59740651 -0.20557775]
738.3411853313446,1002,False,3,6,[-2.59368835 -3.00172748  3.88510238],cruising,[ 0.5677905  -0.59831228 -0.99408226]
738.3411853313446,1003,False,4,0,[1.86218899 7.29406793 4.        ],exiting,[ 0.63925976  0.24903542 -0.34837281]
738.3411853313446,1004,False,5,3,[-7.91953995  7.84014371  2.81785195],entering,[-0.62185191  0.08809385  0.93462812]
738.3411853313446,1005,False,1,5,[5.45956617 1.62124924 1.55474317],queued,[ 0.50568378 -0.03156594 -0.11489306]
738.4440588951111,1000,False,5,4,[ 8.31775366 -5.95475466  4.        ],exiting,[-0.82138112 -0.19970136 -0.21083176]
738.4440588951111,1001,False,1,2,[-4.69290637  0.6039725   4.00000002],exiting,[-0.48080528  0.59740651 -0.20557775]
738.4440588951111,1002,False,3,6,[-2.63695613 -2.80646381  3.90233703],cruising,[ 0.5677905  -0.59831228 -0.99408226]
738.4440588951111,1003,False,4,0,[1.89087306 7.38986576 4.        ],exiting,[ 0.63925976  0.24903542 -0.34837281]
738.4440588951111,1004,False,5,3,[-7.82999467  7.79563268  2.89285195],entering,[-0.62185191  0.08809385  0.93462812]
738.4440588951111,1005,False,1,5,[5.45956617 1.62124924 1.62974317],queued,[ 0.50568378 -0.03156594 -0.11489306]
738.5426397323608,1000,False,5,4,[ 8.34652038 -6.05052771  4.        ],exiting,[-0.82138112 -0.19970136 -0.21083176]
738.5426397323608,1001,False,1,2,[-4.76599501  0.53572258  4.00000001],exiting,[-0.48080528  0.59740651 -0.20557775]
738.5426397323608,1002,False,3,6,[-2.6774419  -2.61060442  3.91698647],cruising,[ 0.5677905  -0.59831228 -0.99408226]
738.5426397323608,1003,False,4,0,[1.91955713 7.48566359 4.        ],exiting,[ 0.63925976  0.24903542 -0.34837281]
738.5426397323608,1004,False,5,3,[-7.72242444  7.74245554  2.96785195],entering,[-0.62185191  0.08809385  0.93462812]
738.5426397323608,1005,False,1,5,[5.45956617 1.62124924 1.70474317],queued,[ 0.50568378 -0.03156594 -0.11489306]
738.6463494300842,1000,False,5,4,[ 8.37528709 -6.14630075  4.        ],exiting,[-0.82138112 -0.19970136 -0.21083176]
738.6463494300842,1001,False,1,2,[-4.83908364  0.46747265  4.00000001],exiting,[-0.48080528  0.59740651 -0.20557775]
738.6463494300842,1002,False,3,6,[-2.7193029  -2.41503434  3.9294385 ],cruising,[ 0.5677905  -0.59831228 -0.99408226]
738.6463494300842,1003,False,4,0,[1.9482412  7.58146142 4.        ],exiting,[ 0.63925976  0.24903542 -0.34837281]
738.6463494300842,1004,False,5,3,[-7.5968156   7.6806408   3.04285195],entering,[-0.62185191  0.08809385  0.93462812]
738.6463494300842,1005,False,1,5,[5.45956617 1.62124924 1.77974317],queued,[ 0.50568378 -0.03156594 -0.11489306]
738.7471203804016,1000,False,5,4,[ 8.40405381 -6.2420738   4.        ],exiting,[-0.82138112 -0.19970136 -0.21083176]
738.7471203804016,1001,False,1,2,[-4.91217227  0.39922273  4.00000001],exiting,[-0.48080528  0.59740651 -0.20557775]
738.7471203804016,1002,False,3,6,[-2.76278964 -2.21981932  3.94002273],cruising,[ 0.5677905  -0.59831228 -0.99408226]
738.7471203804016,1003,False,4,0,[1.97692527 7.67725925 4.        ],exiting,[ 0.63925976  0.24903542 -0.34837281]
738.7471203804016,1004,False,5,3,[-7.45272103  7.61119207  3.11785195],entering,[-0.62185191  0.08809385  0.93462812]
738.7471203804016,1005,False,1,5,[5.45956617 1.62124924 1.85474317],queued,[ 0.50568378 -0.03156594 -0.11489306]
738.8439881801605,1000,False,5,4,[ 8.43282053 -6.33784684  4.        ],exiting,[-0.82138112 -0.19970136 -0.21083176]
738.8439881801605,1001,False,1,2,[-4.9852609   0.33097281  4.00000001],exiting,[-0.48080528  0.59740651 -0.20557775]
738.8439881801605,1002,False,3,6,[-2.80740803 -2.02485984  3.94901932],cruising,[ 0.5677905  -0.59831228 -0.99408226]
738.8439881801605,1003,False,4,0,[2.00560935 7.77305708 4.        ],exiting,[ 0.63925976  0.24903542 -0.34837281]
738.8439881801605,1004,False,5,3,[-7.28990174  7.53471589  3.19285195],entering,[-0.62185191  0.08809385  0.93462812]
738.8439881801605,1005,False,1,5,[5.45956617 1.62124924 1.92974317],queued,[ 0.50568378 -0.03156594 -0.11489306]
738.9420530796051,1000,False,5,4,[ 8.46158725 -6.43361988  4.        ],exiting,[-0.82138112 -0.19970136 -0.21083176]
738.9420530796051,1001,False,1,2,[-5.05834953  0.26272289  4.00000001],exiting,[-0.48080528  0.59740651 -0.20557775]
738.9420530796051,1002,False,3,6,[-2.85490615 -1.83058187  3.95666642],cruising,[ 0.5677905  -0.59831228 -0.99408226]
738.9420530796051,1003,False,4,0,[2.03429342 7.86885491 4.        ],exiting,[ 0.63925976  0.24903542 -0.34837281]
738.9420530796051,1004,False,5,3,[-7.10759804  7.45372776  3.26785195],entering,[-0.62185191  0.08809385  0.93462812]
738.9420530796051,1005,False,1,5,[5.45956617 1.62124924 2.00474317],queued,[ 0.50568378 -0.03156594 -0.11489306]
739.0423543453217,1000,False,5,4,[ 8.49035396 -6.52939293  4.        ],exiting,[-0.82138112 -0.19970136 -0.21083176]
739.0423543453217,1001,False,1,2,[-5.13143816  0.19447296  4.        ],exiting,[-0.48080528  0.59740651 -0.20557775]
739.0423543453217,1002,False,3,6,[-2.90555751 -1.63710205  3.96316646],cruising,[ 0.5677905  -0.59831228 -0.99408226]
739.0423543453217,1003,False,4,0,[2.06297749 7.96465273 4.        ],exiting,[ 0.63925976  0.24903542 -0.34837281]
739.0423543453217,1004,False,5,3,[-6.92376657  7.37494965  3.34285195],entering,[-0.62185191  0.08809385  0.93462812]
739.0423543453217,1005,False,1,5,[5.45956617 1.62124924 2.07974317],queued,[ 0.50568378 -0.03156594 -0.11489306]
739.1437573432922,1000,False,5,4,[ 8.51912068 -6.62516597  4.        ],exiting,[-0.82138112 -0.19970136 -0.21083176]
739.1437573432922,1001,False,1,2,[-5.2045268   0.12622304  4.        ],exiting,[-0.48080528  0.59740651 -0.20557775]
739.1437573432922,1002,False,3,6,[-2.95969713 -1.44456919  3.96869149],cruising,[ 0.5677905  -0.59831228 -0.99408226]
739.1437573432922,1003,False,4,0,[2.09166156 8.06045056 4.        ],exiting,[ 0.63925976  0.24903542 -0.34837281]
739.1437573432922,1004,False,5,3,[-6.73780419  7.30134261  3.41785195],entering,[-0.62185191  0.08809385  0.93462812]
739.1437573432922,1005,False,1,5,[5.45956617 1.62124924 2.15474317],queued,[ 0.50568378 -0.03156594 -0.11489306]
739.2393341064453,1000,False,5,4,[ 8.5478874  -6.72093902  4.        ],exiting,[-0.82138112 -0.19970136 -0.21083176]
739.2393341064453,1001,False,1,2,[-5.27761543  0.05797312  4.        ],exiting,[-0.48080528  0.59740651 -0.20557775]
739.2393341064453,1002,False,3,6,[-3.0177009  -1.25316501  3.97338777],cruising,[ 0.5677905  -0.59831228 -0.99408226]
739.2393341064453,1003,False,4,0,[2.12034564 8.15624839 4.        ],exiting,[ 0.63925976  0.24903542 -0.34837281]
739.2393341064453,1004,False,5,3,[-6.55029204  7.2317783   3.49285195],entering,[-0.62185191  0.08809385  0.93462812]
739.2393341064453,1005,False,1,5,[5.45956617 1.62124924 2.22974317],queued,[ 0.50568378 -0.03156594 -0.11489306]
739.3421792984009,1000,False,5,4,[ 8.57665411 -6.81671206  4.        ],exiting,[-0.82138112 -0.19970136 -0.21083176]
739.3421792984009,1001,False,1,2,[-5.35070406 -0.0102768   4.        ],exiting,[-0.48080528  0.59740651 -0.20557775]
739.3421792984009,1002,False,3,6,[-3.07996812 -1.06310503  3.9773796 ],cruising,[ 0.5677905  -0.59831228 -0.99408226]
739.3421792984009,1003,False,4,0,[2.14902971 8.25204622 4.        ],exiting,[ 0.63925976  0.24903542 -0.34837281]
739.3421792984009,1004,False,5,3,[-6.36107672  7.16698971  3.56785195],entering,[-0.62185191  0.08809385  0.93462812]
739.3421792984009,1005,False,1,5,[5.45956617 1.62124924 2.30474317],queued,[ 0.50568378 -0.03156594 -0.11489306]
739.4437799453735,1000,False,5,4,[ 8.60542083 -6.9124851   4.        ],exiting,[-0.82138112 -0.19970136 -0.21083176]
739.4437799453735,1001,False,1,2,[-5.42379269 -0.07852673  4.        ],exiting,[-0.48080528  0.59740651 -0.20557775]
739.4437799453735,1002,False,3,6,[-3.14579705 -0.87424913  3.98077266],cruising,[ 0.5677905  -0.59831228 -0.99408226]
739.4437799453735,1003,False,4,0,[2.17771378 8.34784405 4.        ],exiting,[ 0.63925976  0.24903542 -0.34837281]
739.4437799453735,1004,False,5,3,[-6.16981281  7.10852506  3.63267416],entering,[-0.62185191  0.08809385  0.93462812]
739.4437799453735,1005,False,1,5,[5.45956617 1.62124924 2.37974317],queued,[ 0.50568378 -0.03156594 -0.11489306]
739.5365719795227,1000,False,5,4,[ 8.63418755 -7.00825815  4.        ],exiting,[-0.82138112 -0.19970136 -0.21083176]
739.5365719795227,1001,False,1,2,[-5.49688132 -0.14677665  4.        ],exiting,[-0.48080528  0.59740651 -0.20557775]
739.5365719795227,1002,False,3,6,[-3.21671311 -0.68724402  3.98365676],cruising,[ 0.5677905  -0.59831228 -0.99408226]
739.5365719795227,1003,False,4,0,[2.20639785 8.44364188 4.        ],exiting,[ 0.63925976  0.24903542 -0.34837281]
739.5365719795227,1004,False,5,3,[-5.976288    7.05804587  3.68777303],entering,[-0.62185191  0.08809385  0.93462812]
739.5365719795227,1005,False,1,5,[5.45956617 1.62124924 2.45474317],queued,[ 0.50568378 -0.03156594 -0.11489306]
739.6360590457916,1000,False,5,4,[ 8.66295426 -7.10403119  4.        ],landing,[-0.82138112 -0.19970136 -0.21083176]
739.6360590457916,1001,False,1,2,[-5.56996995 -0.21502657  4.        ],exiting,[-0.48080528  0.59740651 -0.20557775]
739.6360590457916,1002,False,3,6,[-3.29313049 -0.50241874  3.98610825],cruising,[ 0.5677905  -0.59831228 -0.99408226]
739.6360590457916,1003,False,4,0,[2.23508192 8.53943971 4.        ],exiting,[ 0.63925976  0.24903542 -0.34837281]
739.6360590457916,1004,False,5,3,[-5.78070378  7.01625095  3.73460708],entering,[-0.62185191  0.08809385  0.93462812]
739.6360590457916,1005,False,1,5,[5.45956617 1.62124924 2.52974317],queued,[ 0.50568378 -0.03156594 -0.11489306]
739.7368109226227,1000,False,5,4,[ 8.68464348 -7.18758648  3.98583542],landing,[-0.82138112 -0.19970136 -0.21083176]
739.7368109226227,1001,False,1,2,[-5.64305858 -0.28327649  4.        ],exiting,[-0.48080528  0.59740651 -0.20557775]
739.7368109226227,1002,False,3,6,[-3.37543394 -0.32013834  3.98819201],cruising,[ 0.5677905  -0.59831228 -0.99408226]
739.7368109226227,1003,False,4,0,[2.263766   8.63523754 4.        ],landing,[ 0.63925976  0.24903542 -0.34837281]
739.7368109226227,1004,False,5,3,[-5.58348156  6.98303357  3.77441602],entering,[-0.62185191  0.08809385  0.93462812]
739.7368109226227,1005,False,1,5,[5.45956617 1.62124924 2.60474317],entering,[ 0.50568378 -0.03156594 -0.11489306]
739.8360257148743,1000,False,5,4,[ 8.69924098 -7.2587471   3.95766799],landing,[-0.82138112 -0.19970136 -0.21083176]
739.8360257148743,1001,False,1,2,[-5.71614722 -0.35152642  4.        ],exiting,[-0.48080528  0.59740651 -0.20557775]
739.8360257148743,1002,False,3,6,[-3.46206918 -0.1398765   3.98996321],cruising,[ 0.5677905  -0.59831228 -0.99408226]
739.8360257148743,1003,False,4,0,[2.29150381 8.71673799 3.98604687],landing,[ 0.63925976  0.24903542 -0.34837281]
739.8360257148743,1004,False,5,3,[-5.38455383  6.96235128  3.80825361],entering,[-0.62185191  0.08809385  0.93462812]
739.8360257148743,1005,False,1,5,[5.47925781 1.61775075 2.67974317],entering,[ 0.50568378 -0.03156594 -0.11489306]
739.9359934329987,1000,False,5,4,[ 8.70673109 -7.31730412  3.91569351],landing,[-0.82138112 -0.19970136 -0.21083176]
739.9359934329987,1001,False,1,2,[-5.78923585 -0.41977634  4.        ],exiting,[-0.48080528  0.59740651 -0.20557775]
739.9359934329987,1002,False,3,6,[-3.55563932  0.03688501  3.99146873],cruising,[ 0.5677905  -0.59831228 -0.99408226]
739.9359934329987,1003,False,4,0,[2.31821033 8.7837883  3.95830499],landing,[ 0.63925976  0.24903542 -0.34837281]
739.9359934329987,1004,False,5,3,[-5.18483461  6.95175723  3.83701557],entering,[-0.62185191  0.08809385  0.93462812]
739.9359934329987,1005,False,1,5,[5.51863539 1.61072189 2.75474317],entering,[ 0.50568378 -0.03156594 -0.11489306]
740.0359070301056,1000,False,5,4,[ 8.70709438 -7.3629694   3.86019087],landing,[-0.82138112 -0.19970136 -0.21083176]
740.0359070301056,1001,False,1,2,[-5.86232448 -0.48802626  4.        ],exiting,[-0.48080528  0.59740651 -0.20557775]
740.0359070301056,1002,False,3,6,[-3.65526115  0.21030788  3.99274842],cruising,[ 0.5677905  -0.59831228 -0.99408226]
740.0359070301056,1003,False,4,0,[2.34378484 8.83620986 3.91697201],landing,[ 0.63925976  0.24903542 -0.34837281]
740.0359070301056,1004,False,5,3,[-4.98483488  6.95142517  3.86146324],cruising,[-0.62185191  0.08809385  0.93462812]
740.0359070301056,1005,False,1,5,[5.57768611 1.60009197 2.82974317],entering,[ 0.50568378 -0.03156594 -0.11489306]
740.135867357254,1000,False,5,4,[ 8.70031708 -7.39551151  3.79139182],landing,[-0.82138112 -0.19970136 -0.21083176]
740.135867357254,1001,False,1,2,[-5.93541311 -0.55627618  4.        ],exiting,[-0.48080528  0.59740651 -0.20557775]
740.135867357254,1002,False,3,6,[-3.76169549  0.37963517  3.99383616],cruising,[ 0.5677905  -0.59831228 -0.99408226]
740.135867357254,1003,False,4,0,[2.36808928 8.873762   3.8623241 ],landing,[ 0.63925976  0.24903542 -0.34837281]
740.135867357254,1004,False,5,3,[-4.78505896  6.96088994  3.88224375],cruising,[-0.62185191  0.08809385  0.93462812]
740.135867357254,1005,False,1,5,[5.65633563 1.58547619 2.90474317],entering,[ 0.50568378 -0.03156594 -0.11489306]
740.237056016922,1000,False,5,4,[ 8.68638774 -7.41471032  3.70952356],landing,[-0.82138112 -0.19970136 -0.21083176]
740.237056016922,1001,False,1,2,[-6.00850174 -0.62452611  4.        ],exiting,[-0.48080528  0.59740651 -0.20557775]
740.237056016922,1002,False,3,6,[-3.87126575  0.54695032  3.99476073],cruising,[ 0.5677905  -0.59831228 -0.99408226]
740.237056016922,1003,False,4,0,[2.39100266 8.89623782 3.79460829],landing,[ 0.63925976  0.24903542 -0.34837281]
740.237056016922,1004,False,5,3,[-4.58587949  6.97898794  3.89990719],cruising,[-0.62185191  0.08809385  0.93462812]
740.237056016922,1005,False,1,5,[5.75450231 1.56649228 2.97974317],entering,[ 0.50568378 -0.03156594 -0.11489306]
740.3363490104675,1000,False,5,4,[ 8.66529646 -7.42034381  3.61482217],landing,[-0.82138112 -0.19970136 -0.21083176]
740.3363490104675,1001,False,1,2,[-6.08159037 -0.69277603  4.        ],exiting,[-0.48080528  0.59740651 -0.20557775]
740.3363490104675,1002,False,3,6,[-3.98330238  0.71262407  3.99554662],cruising,[ 0.5677905  -0.59831228 -0.99408226]
740.3363490104675,1003,False,4,0,[2.41241425 8.90345129 3.71405485],landing,[ 0.63925976  0.24903542 -0.34837281]
740.3363490104675,1004,False,5,3,[-4.38746516  7.00412264  3.91492111],cruising,[-0.62185191  0.08809385  0.93462812]
740.3363490104675,1005,False,1,5,[5.87204408 1.54254795 3.05474317],entering,[ 0.50568378 -0.03156594 -0.11489306]
740.4374804496765,1000,False,5,4,[ 8.64268377 -7.42305124  3.51745002],landing,[-0.82138112 -0.19970136 -0.21083176]
740.4374804496765,1001,False,1,2,[-6.15467901 -0.76102595  4.        ],exiting,[-0.48080528  0.59740651 -0.20557775]
740.4374804496765,1002,False,3,6,[-4.09723257  0.87700142  3.99621463],cruising,[ 0.5677905  -0.59831228 -0.99408226]
740.4374804496765,1003,False,4,0,[2.43221102 8.89521581 3.6209029 ],landing,[ 0.63925976  0.24903542 -0.34837281]
740.4374804496765,1004,False,5,3,[-4.18979132  7.03453735  3.92768294],cruising,[-0.62185191  0.08809385  0.93462812]
740.4374804496765,1005,False,1,5,[6.0087739  1.5129628  3.12974317],entering,[ 0.50568378 -0.03156594 -0.11489306]
740.5360963344574,1000,False,5,4,[ 8.62007108 -7.42575866  3.42007787],landing,[-0.82138112 -0.19970136 -0.21083176]
740.5360963344574,1001,False,1,2,[-6.22776764 -0.82927587  4.        ],exiting,[-0.48080528  0.59740651 -0.20557775]
740.5360963344574,1002,False,3,6,[-4.21256621  1.0403971   3.99678243],cruising,[ 0.5677905  -0.59831228 -0.99408226]
740.5360963344574,1003,False,4,0,[2.45143805 8.88183262 3.52368556],landing,[ 0.63925976  0.24903542 -0.34837281]
740.5360963344574,1004,False,5,3,[-3.99269879  7.06851576  3.9385305 ],cruising,[-0.62185191  0.08809385  0.93462812]
740.5360963344574,1005,False,1,5,[6.16401262 1.4758     3.20474317],entering,[ 0.50568378 -0.03156594 -0.11489306]
740.6368269920349,1000,False,5,4,[ 8.59745838 -7.42846609  3.32270571],landing,[-0.82138112 -0.19970136 -0.21083176]
740.6368269920349,1001,False,1,2,[-6.30085627 -0.8975258   4.        ],exiting,[-0.48080528  0.59740651 -0.20557775]
740.6368269920349,1002,False,3,6,[-4.32888183  1.20309522  3.99726507],cruising,[ 0.5677905  -0.59831228 -0.99408226]
740.6368269920349,1003,False,4,0,[2.47066508 8.86844944 3.42646821],landing,[ 0.63925976  0.24903542 -0.34837281]
740.6368269920349,1004,False,5,3,[-3.79596088  7.10449068  3.94775093],cruising,[-0.62185191  0.08809385  0.93462812]
740.6368269920349,1005,False,1,5,[6.33683378 1.42910529 3.27974317],entering,[ 0.50568378 -0.03156594 -0.11489306]
740.7412130832672,1000,False,5,4,[ 8.57484569 -7.43117352  3.22533356],landing,[-0.82138112 -0.19970136 -0.21083176]
740.7412130832672,1001,False,1,2,[-6.3739449  -0.96577572  4.        ],exiting,[-0.48080528  0.59740651 -0.20557775]
740.7412130832672,1002,False,3,6,[-4.44581328  1.3653513   3.99767531],cruising,[ 0.5677905  -0.59831228 -0.99408226]
740.7412130832672,1003,False,4,0,[2.48989211 8.85506625 3.32925087],landing,[ 0.63925976  0.24903542 -0.34837281]
740.7412130832672,1004,False,5,3,[-3.5988965   7.13863201  3.95558829],cruising,[-0.62185191  0.08809385  0.93462812]
740.7412130832672,1005,False,1,5,[6.52311239 1.3676154  3.35474317],entering,[ 0.50568378 -0.03156594 -0.11489306]
740.8381881713867,1000,False,5,4,[ 8.55223299 -7.43388094  3.12796141],landing,[-0.82138112 -0.19970136 -0.21083176]
740.8381881713867,1001,False,1,2,[-6.44703353 -1.03402564  4.        ],exiting,[-0.48080528  0.59740651 -0.20557775]
740.8381881713867,1002,False,3,6,[-4.56303776  1.52739581  3.99802401],cruising,[ 0.5677905  -0.59831228 -0.99408226]
740.8381881713867,1003,False,4,0,[2.50911914 8.84168306 3.23203353],landing,[ 0.63925976  0.24903542 -0.34837281]
740.8381881713867,1004,False,5,3,[-3.40180223  7.17260038  3.96225004],cruising,[-0.62185191  0.08809385  0.93462812]
740.8381881713867,1005,False,1,5,[6.7090952  1.29406001 3.42974317],entering,[ 0.50568378 -0.03156594 -0.11489306]
740.943794965744,1000,False,5,4,[ 8.5296203  -7.43658837  3.03058926],landing,[-0.82138112 -0.19970136 -0.21083176]
740.943794965744,1001,False,1,2,[-6.52012216 -1.10227557  4.        ],exiting,[-0.48080528  0.59740651 -0.20557775]
740.943794965744,1002,False,3,6,[-4.68023634  1.68945904  3.99832041],cruising,[ 0.5677905  -0.59831228 -0.99408226]
740.943794965744,1003,False,4,0,[2.52834617 8.82829988 3.13481619],landing,[ 0.63925976  0.24903542 -0.34837281]
740.943794965744,1004,False,5,3,[-3.2044793   7.20521415  3.96791254],cruising,[-0.62185191  0.08809385  0.93462812]
740.943794965744,1005,False,1,5,[6.89195526 1.21305261 3.50474317],entering,[ 0.50568378 -0.03156594 -0.11489306]
741.0368597507477,1000,False,5,4,[ 8.5070076  -7.43929579  2.93321711],landing,[-0.82138112 -0.19970136 -0.21083176]
741.0368597507477,1001,False,1,2,[-6.5932108  -1.17052549  4.        ],exiting,[-0.48080528  0.59740651 -0.20557775]
741.0368597507477,1002,False,3,6,[-4.79731337  1.85161011  3.99857235],cruising,[ 0.5677905  -0.59831228 -0.99408226]
741.0368597507477,1003,False,4,0,[2.5475732  8.81491669 3.03759884],landing,[ 0.63925976  0.24903542 -0.34837281]
741.0368597507477,1004,False,5,3,[-3.00638259  7.23274043  3.97272566],cruising,[-0.62185191  0.08809385  0.93462812]
741.0368597507477,1005,False,1,5,[7.06979204 1.12154263 3.57903169],entering,[ 0.50568378 -0.03156594 -0.11489306]
741.1381134986877,1000,False,5,4,[ 8.48439491 -7.44200322  2.83584496],landing,[-0.82138112 -0.19970136 -0.21083176]
741.1381134986877,1001,False,1,2,[-6.66629943 -1.23877541  4.        ],exiting,[-0.48080528  0.59740651 -0.20557775]
741.1381134986877,1002,False,3,6,[-4.91397752  2.01405849  3.9987865 ],cruising,[ 0.5677905  -0.59831228 -0.99408226]
741.1381134986877,1003,False,4,0,[2.56680023 8.8015335  2.9403815 ],landing,[ 0.63925976  0.24903542 -0.34837281]
741.1381134986877,1004,False,5,3,[-2.80788125  7.25717846  3.97681681],cruising,[-0.62185191  0.08809385  0.93462812]
741.1381134986877,1005,False,1,5,[7.24136287 1.01876398 3.64217694],entering,[ 0.50568378 -0.03156594 -0.11489306]
741.2361476421356,1000,False,5,4,[ 8.46178221 -7.44471065  2.7384728 ],landing,[-0.82138112 -0.19970136 -0.21083176]
741.2361476421356,1001,False,1,2,[-6.73938806 -1.30702533  4.        ],exiting,[-0.48080528  0.59740651 -0.20557775]
741.2361476421356,1002,False,3,6,[-5.02995366  2.17699877  3.99896852],cruising,[ 0.5677905  -0.59831228 -0.99408226]
741.2361476421356,1003,False,4,0,[2.58602726 8.78815031 2.84316416],landing,[ 0.63925976  0.24903542 -0.34837281]
741.2361476421356,1004,False,5,3,[-2.60861788  7.27432812  3.98029429],cruising,[-0.62185191  0.08809385  0.93462812]
741.2361476421356,1005,False,1,5,[7.4051592  0.90400004 3.6958504 ],entering,[ 0.50568378 -0.03156594 -0.11489306]
741.3375930786133,1000,False,5,4,[ 8.43916952 -7.44741807  2.64110065],landing,[-0.82138112 -0.19970136 -0.21083176]
741.3375930786133,1001,False,1,2,[-6.81247669 -1.37527526  4.        ],exiting,[-0.48080528  0.59740651 -0.20557775]
741.3375930786133,1002,False,3,6,[-5.14497221  2.34061642  3.99912324],cruising,[ 0.5677905  -0.59831228 -0.99408226]
741.3375930786133,1003,False,4,0,[2.60525429 8.77476713 2.74594682],landing,[ 0.63925976  0.24903542 -0.34837281]
741.3375930786133,1004,False,5,3,[-2.40898262  7.28640124  3.98325014],cruising,[-0.62185191  0.08809385  0.93462812]
741.3375930786133,1005,False,1,5,[7.56077466 0.77836632 3.74147284],entering,[ 0.50568378 -0.03156594 -0.11489306]
741.4397141933441,1000,False,5,4,[ 8.41655683 -7.4501255   2.5437285 ],landing,[-0.82138112 -0.19970136 -0.21083176]
741.4397141933441,1001,False,1,2,[-6.88556532 -1.44352518  4.        ],exiting,[-0.48080528  0.59740651 -0.20557775]
741.4397141933441,1002,False,3,6,[-5.25937194  2.50466733  3.99925476],cruising,[ 0.5677905  -0.59831228 -0.99408226]
741.4397141933441,1003,False,4,0,[2.62448132 8.76138394 2.64872948],landing,[ 0.63925976  0.24903542 -0.34837281]
741.4397141933441,1004,False,5,3,[-2.2089892   7.28802344  3.98576262],cruising,[-0.62185191  0.08809385  0.93462812]
741.4397141933441,1005,False,1,5,[7.70489774 0.63969932 3.78025191],entering,[ 0.50568378 -0.03156594 -0.11489306]
741.5366721153259,1000,False,5,4,[ 8.39394413 -7.45283293  2.44635635],landing,[-0.82138112 -0.19970136 -0.21083176]
741.5366721153259,1001,False,1,2,[-6.95865395 -1.5117751   4.        ],landing,[-0.48080528  0.59740651 -0.20557775]
741.5366721153259,1002,False,3,6,[-5.37226584  2.66975812  3.99936654],cruising,[ 0.5677905  -0.59831228 -0.99408226]
741.5366721153259,1003,False,4,0,[2.64370835 8.74800075 2.55151213],landing,[ 0.63925976  0.24903542 -0.34837281]
741.5366721153259,1004,False,5,3,[-2.0096194   7.27215883  3.98789823],cruising,[-0.62185191  0.08809385  0.93462812]
741.5366721153259,1005,False,1,5,[7.83553718 0.48826175 3.81321413],entering,[ 0.50568378 -0.03156594 -0.11489306]
741.6367633342743,1000,False,5,4,[ 8.37133144 -7.45554035  2.3489842 ],landing,[-0.82138112 -0.19970136 -0.21083176]
741.6367633342743,1001,False,1,2,[-7.02364587 -1.56811928  3.98611848],landing,[-0.48080528  0.59740651 -0.20557775]
741.6367633342743,1002,False,3,6,[-5.48334284  2.83607678  3.99946156],cruising,[ 0.5677905  -0.59831228 -0.99408226]
741.6367633342743,1003,False,4,0,[2.66293538 8.73461757 2.45429479],landing,[ 0.63925976  0.24903542 -0.34837281]
741.6367633342743,1004,False,5,3,[-1.81267049  7.23735762  3.98971349],cruising,[-0.62185191  0.08809385  0.93462812]
741.6367633342743,1005,False,1,5,[7.95098332 0.32494553 3.84123201],entering,[ 0.50568378 -0.03156594 -0.11489306]
741.7447488307953,1000,False,5,4,[ 8.34871874 -7.45824778  2.25161205],landing,[-0.82138112 -0.19970136 -0.21083176]
741.7447488307953,1001,False,1,2,[-7.08039121 -1.61246949  3.9585206 ],landing,[-0.48080528  0.59740651 -0.20557775]
741.7447488307953,1002,False,3,6,[-5.59225595  3.00382044  3.99954233],cruising,[ 0.5677905  -0.59831228 -0.99408226]
741.7447488307953,1003,False,4,0,[2.68216241 8.72123438 2.35707745],landing,[ 0.63925976  0.24903542 -0.34837281]
741.7447488307953,1004,False,5,3,[-1.6193598   7.18606455  3.99125647],cruising,[-0.62185191  0.08809385  0.93462812]
741.7447488307953,1005,False,1,5,[8.05013327 0.15125245 3.86504721],cruising,[ 0.50568378 -0.03156594 -0.11489306]
741.850323677063,1000,False,5,4,[ 8.32610605 -7.4609552   2.1542399 ],landing,[-0.82138112 -0.19970136 -0.21083176]
741.850323677063,1001,False,1,2,[-7.12871406 -1.64472345  3.91740449],landing,[-0.48080528  0.59740651 -0.20557775]
741.850323677063,1002,False,3,6,[-5.69860665  3.17320028  3.99961098],cruising,[ 0.5677905  -0.59831228 -0.99408226]
741.850323677063,1003,False,4,0,[2.70138944 8.70785119 2.25986011],landing,[ 0.63925976  0.24903542 -0.34837281]
741.850323677063,1004,False,5,3,[-1.4302858   7.12086469  3.992568  ],cruising,[-0.62185191  0.08809385  0.93462812]
741.850323677063,1005,False,1,5,[ 8.13168709 -0.03131427  3.88545145],cruising,[ 0.50568378 -0.03156594 -0.11489306]
741.9367063045502,1000,False,5,4,[ 8.30349335 -7.46366263  2.05686774],landing,[-0.82138112 -0.19970136 -0.21083176]
741.9367063045502,1001,False,1,2,[-7.16837666 -1.66474533  3.86304543],landing,[-0.48080528  0.59740651 -0.20557775]
741.9367063045502,1002,False,3,6,[-5.8019258   3.34444616  3.99966933],cruising,[ 0.5677905  -0.59831228 -0.99408226]
741.9367063045502,1003,False,4,0,[2.72061647 8.694468   2.16264276],landing,[ 0.63925976  0.24903542 -0.34837281]
741.9367063045502,1004,False,5,3,[-1.24553558  7.04426601  3.9936828 ],cruising,[-0.62185191  0.08809385  0.93462812]
741.9367063045502,1005,False,1,5,[ 8.19649622 -0.22052256  3.90263373],cruising,[ 0.50568378 -0.03156594 -0.11489306]
742.0383672714233,1000,False,5,4,[ 8.28088066 -7.46637006  1.95949559],landing,[-0.82138112 -0.19970136 -0.21083176]
742.0383672714233,1001,False,1,2,[-7.19916814 -1.67241696  3.79569501],landing,[-0.48080528  0.59740651 -0.20557775]
742.0383672714233,1002,False,3,6,[-5.90164936  3.51781055  3.99971893],cruising,[ 0.5677905  -0.59831228 -0.99408226]
742.0383672714233,1003,False,4,0,[2.7398435  8.68108482 2.06542542],landing,[ 0.63925976  0.24903542 -0.34837281]
742.0383672714233,1004,False,5,3,[-1.06341835  6.96160215  3.99463038],cruising,[-0.62185191  0.08809385  0.93462812]
742.0383672714233,1005,False,1,5,[ 8.24678981 -0.41409568  3.91723867],cruising,[ 0.50568378 -0.03156594 -0.11489306]
742.1494209766388,1000,False,5,4,[ 8.25826797 -7.46907748  1.86212344],landing,[-0.82138112 -0.19970136 -0.21083176]
742.1494209766388,1001,False,1,2,[-7.22090002 -1.66763469  3.71558436],landing,[-0.48080528  0.59740651 -0.20557775]
742.1494209766388,1002,False,3,6,[-5.99708669  3.69357094  3.99976109],cruising,[ 0.5677905  -0.59831228 -0.99408226]
742.1494209766388,1003,False,4,0,[2.75907053 8.66770163 1.96820808],landing,[ 0.63925976  0.24903542 -0.34837281]
742.1494209766388,1004,False,5,3,[-0.88533586  6.87057123  3.99543582],cruising,[-0.62185191  0.08809385  0.93462812]
742.1494209766388,1005,False,1,5,[ 8.28413823 -0.61057748  3.92965287],cruising,[ 0.50568378 -0.03156594 -0.11489306]
742.2358069419861,1000,False,5,4,[ 8.23565527 -7.47178491  1.76475129],landing,[-0.82138112 -0.19970136 -0.21083176]
742.2358069419861,1001,False,1,2,[-7.23338162 -1.65029556  3.62295342],landing,[-0.48080528  0.59740651 -0.20557775]
742.2358069419861,1002,False,3,6,[-6.08737856  3.87202928  3.99979693],cruising,[ 0.5677905  -0.59831228 -0.99408226]
742.2358069419861,1003,False,4,0,[2.77829756 8.65431844 1.87099074],landing,[ 0.63925976  0.24903542 -0.34837281]
742.2358069419861,1004,False,5,3,[-0.7105958   6.77327832  3.99612045],cruising,[-0.62185191  0.08809385  0.93462812]
742.2358069419861,1005,False,1,5,[ 8.30815789 -0.80912988  3.94020494],cruising,[ 0.50568378 -0.03156594 -0.11489306]
742.3398163318634,1000,False,5,4,[ 8.21304258 -7.47449233  1.66737914],landing,[-0.82138112 -0.19970136 -0.21083176]
742.3398163318634,1001,False,1,2,[-7.24239608 -1.62830884  3.52581783],landing,[-0.48080528  0.59740651 -0.20557775]
742.3398163318634,1002,False,3,6,[-6.17144097  4.05350521  3.99982739],cruising,[ 0.5677905  -0.59831228 -0.99408226]
742.3398163318634,1003,False,4,0,[2.79752459 8.64093526 1.7737734 ],landing,[ 0.63925976  0.24903542 -0.34837281]
742.3398163318634,1004,False,5,3,[-0.53752765  6.67304153  3.99670238],cruising,[-0.62185191  0.08809385  0.93462812]
742.3398163318634,1005,False,1,5,[ 8.32269647 -1.00860075  3.9491742 ],cruising,[ 0.50568378 -0.03156594 -0.11489306]
742.436395406723,1000,False,5,4,[ 8.19042988 -7.47719976  1.57000699],landing,[-0.82138112 -0.19970136 -0.21083176]
742.436395406723,1001,False,1,2,[-7.25141054 -1.60632211  3.42868223],landing,[-0.48080528  0.59740651 -0.20557775]
742.436395406723,1002,False,3,6,[-6.24788999  4.2383174   3.99985328],cruising,[ 0.5677905  -0.59831228 -0.99408226]
742.436395406723,1003,False,4,0,[2.81675162 8.62755207 1.67655605],landing,[ 0.63925976  0.24903542 -0.34837281]
742.436395406723,1004,False,5,3,[-0.36673858  6.56896899  3.99719702],cruising,[-0.62185191  0.08809385  0.93462812]
742.436395406723,1005,False,1,5,[ 8.32903587 -1.20850026  3.95679807],cruising,[ 0.50568378 -0.03156594 -0.11489306]
742.5362062454224,1000,False,5,4,[ 8.16781719 -7.47990719  1.47263483],fake_landed,[-0.82138112 -0.19970136 -0.21083176]
742.5362062454224,1001,False,1,2,[-7.26042501 -1.58433538  3.33154664],landing,[-0.48080528  0.59740651 -0.20557775]
742.5362062454224,1002,False,3,6,[-6.31494243  4.42674237  3.99987529],cruising,[ 0.5677905  -0.59831228 -0.99408226]
742.5362062454224,1003,False,4,0,[2.83597865 8.61416888 1.57933871],landing,[ 0.63925976  0.24903542 -0.34837281]
742.5362062454224,1004,False,5,3,[-0.19741081  6.46253542  3.99761747],cruising,[-0.62185191  0.08809385  0.93462812]
742.5362062454224,1005,False,1,5,[ 8.32823973 -1.40849867  3.96327836],cruising,[ 0.50568378 -0.03156594 -0.11489306]
742.6360692977905,1000,False,5,4,[ 8.14972703 -7.48207313  1.39473711],fake_landed,[-0.82138112 -0.19970136 -0.21083176]
742.6360692977905,1001,False,1,2,[-7.26943947 -1.56234865  3.23441105],landing,[-0.48080528  0.59740651 -0.20557775]
742.6360692977905,1002,False,3,6,[-6.36396459  4.62064139  3.999894  ],cruising,[ 0.5677905  -0.59831228 -0.99408226]
742.6360692977905,1003,False,4,0,[2.85520568 8.60078569 1.48212137],fake_landed,[ 0.63925976  0.24903542 -0.34837281]
742.6360692977905,1004,False,5,3,[-0.02851828  6.35541253  3.99797485],cruising,[-0.62185191  0.08809385  0.93462812]
742.6360692977905,1005,False,1,5,[ 8.31885333 -1.60827829  3.96878661],cruising,[ 0.50568378 -0.03156594 -0.11489306]
742.7395005226135,1000,False,5,4,[ 8.13615942 -7.48369758  1.33631382],fake_landed,[-0.82138112 -0.19970136 -0.21083176]
742.7395005226135,1001,False,1,2,[-7.27845394 -1.54036193  3.13727546],landing,[-0.48080528  0.59740651 -0.20557775]
742.7395005226135,1002,False,3,6,[-6.39333942  4.81827978  3.99991035],cruising,[ 0.5677905  -0.59831228 -0.99408226]
742.7395005226135,1003,False,4,0,[2.8705873  8.59007914 1.4043475 ],fake_landed,[ 0.63925976  0.24903542 -0.34837281]
742.7395005226135,1004,False,5,3,[0.14003602 6.24775822 3.99827862],cruising,[-0.62185191  0.08809385  0.93462812]
742.7395005226135,1005,False,1,5,[ 8.3041466  -1.80773684  3.97346861],cruising,[ 0.50568378 -0.03156594 -0.11489306]
742.8370015621185,1000,False,5,4,[ 8.12711434 -7.48478055  1.29736496],fake_landed,[-0.82138112 -0.19970136 -0.21083176]
742.8370015621185,1001,False,1,2,[-7.2874684  -1.5183752   3.04013987],landing,[-0.48080528  0.59740651 -0.20557775]
742.8370015621185,1002,False,3,6,[-6.40275561  5.01720347  3.99992505],cruising,[ 0.5677905  -0.59831228 -0.99408226]
742.8370015621185,1003,False,4,0,[2.88212352 8.58204923 1.34601709],fake_landed,[ 0.63925976  0.24903542 -0.34837281]
742.8370015621185,1004,False,5,3,[0.30883941 6.14049492 3.99853683],cruising,[-0.62185191  0.08809385  0.93462812]
742.8370015621185,1005,False,1,5,[ 8.28453996 -2.00677347  3.97744832],cruising,[ 0.50568378 -0.03156594 -0.11489306]
742.9371590614319,1000,False,5,4,[ 8.1225918  -7.48532204  1.27789053],fake_landed,[-0.82138112 -0.19970136 -0.21083176]
742.9371590614319,1001,False,1,2,[-7.29648286 -1.49638847  2.94300427],landing,[-0.48080528  0.59740651 -0.20557775]
742.9371590614319,1002,False,3,6,[-6.39222516  5.21466699  3.99993852],cruising,[ 0.5677905  -0.59831228 -0.99408226]
742.9371590614319,1003,False,4,0,[2.88981433 8.57669596 1.30713015],fake_landed,[ 0.63925976  0.24903542 -0.34837281]
742.9371590614319,1004,False,5,3,[0.47814753 6.03403009 3.99875631],cruising,[-0.62185191  0.08809385  0.93462812]
742.9371590614319,1005,False,1,5,[ 8.25767507 -2.20496095  3.98083107],cruising,[ 0.50568378 -0.03156594 -0.11489306]
743.0362968444824,1000,False,4,1,[ 8.1225918  -7.48532204  1.27789053],waiting,[-0.82138112 -0.19970136 -0.21083176]
743.0362968444824,1001,False,1,2,[-7.30549733 -1.47440174  2.84586868],landing,[-0.48080528  0.59740651 -0.20557775]
743.0362968444824,1002,False,3,6,[-6.36209381  5.40815506  3.99995085],cruising,[ 0.5677905  -0.59831228 -0.99408226]
743.0362968444824,1003,False,4,0,[2.89365974 8.57401932 1.28768668],fake_landed,[ 0.63925976  0.24903542 -0.34837281]
743.0362968444824,1004,False,5,3,[0.64859343 5.92939646 3.99894286],cruising,[-0.62185191  0.08809385  0.93462812]
743.0362968444824,1005,False,1,5,[ 8.22668047 -2.40254469  3.98370641],cruising,[ 0.50568378 -0.03156594 -0.11489306]
743.1442816257477,1000,False,4,1,[ 8.1225918  -7.48532204  1.27789053],waiting,[-0.82138112 -0.19970136 -0.21083176]
743.1442816257477,1001,False,1,2,[-7.31451179 -1.45241501  2.74873309],landing,[-0.48080528  0.59740651 -0.20557775]
743.1442816257477,1002,False,3,6,[-6.31292568  5.59551114  3.99996201],cruising,[ 0.5677905  -0.59831228 -0.99408226]
743.1442816257477,1003,False,0,4,[2.89365974 8.57401932 1.28768668],waiting,[ 0.63925976  0.24903542 -0.34837281]
743.1442816257477,1004,False,5,3,[0.82016044 5.82661145 3.99910143],cruising,[-0.62185191  0.08809385  0.93462812]
743.1442816257477,1005,False,1,5,[ 8.18860116 -2.59888614  3.98615045],cruising,[ 0.50568378 -0.03156594 -0.11489306]
743.2359299659729,1000,False,4,1,[ 8.1225918  -7.48532204  1.27789053],waiting,[-0.82138112 -0.19970136 -0.21083176]
743.2359299659729,1001,False,1,2,[-7.32352625 -1.43042829  2.6515975 ],landing,[-0.48080528  0.59740651 -0.20557775]
743.2359299659729,1002,False,3,6,[-6.24562359  5.77443161  3.99997205],cruising,[ 0.5677905  -0.59831228 -0.99408226]
743.2359299659729,1003,False,0,4,[2.89365974 8.57401932 1.28768668],waiting,[ 0.63925976  0.24903542 -0.34837281]
743.2359299659729,1004,False,5,3,[0.99310669 5.72616447 3.99923622],cruising,[-0.62185191  0.08809385  0.93462812]
743.2359299659729,1005,False,1,5,[ 8.14658645 -2.79442326  3.98822788],cruising,[ 0.50568378 -0.03156594 -0.11489306]
743.3386902809143,1000,False,4,1,[ 8.1225918  -7.48532204  1.27789053],waiting,[-0.82138112 -0.19970136 -0.21083176]
743.3386902809143,1001,False,1,2,[-7.33254072 -1.40844156  2.55446191],landing,[-0.48080528  0.59740651 -0.20557775]
743.3386902809143,1002,False,3,6,[-6.1613398   5.94278695  3.99998102],cruising,[ 0.5677905  -0.59831228 -0.99408226]
743.3386902809143,1003,False,0,4,[2.89365974 8.57401932 1.28768668],waiting,[ 0.63925976  0.24903542 -0.34837281]
743.3386902809143,1004,False,5,3,[1.16846913 5.62999787 3.99935078],cruising,[-0.62185191  0.08809385  0.93462812]
743.3386902809143,1005,False,1,5,[ 8.10040187 -2.98901767  3.9899937 ],cruising,[ 0.50568378 -0.03156594 -0.11489306]
743.4375584125519,1000,False,4,1,[ 8.1225918  -7.48532204  1.27789053],waiting,[-0.82138112 -0.19970136 -0.21083176]
743.4375584125519,1001,False,1,2,[-7.34155518 -1.38645483  2.45732631],landing,[-0.48080528  0.59740651 -0.20557775]
743.4375584125519,1002,False,3,6,[-6.06105518  6.09914341  3.99998887],cruising,[ 0.5677905  -0.59831228 -0.99408226]
743.4375584125519,1003,False,0,4,[2.89365974 8.57401932 1.28768668],waiting,[ 0.63925976  0.24903542 -0.34837281]
743.4375584125519,1004,False,5,3,[1.34565501 5.53723385 3.99944817],cruising,[-0.62185191  0.08809385  0.93462812]
743.4375584125519,1005,False,1,5,[ 8.04580754 -3.18142208  3.99149465],cruising,[ 0.50568378 -0.03156594 -0.11489306]
743.5366683006287,1000,False,4,1,[ 8.1225918  -7.48532204  1.27789053],waiting,[-0.82138112 -0.19970136 -0.21083176]
743.5366683006287,1001,False,1,2,[-7.35056965 -1.3644681   2.36019072],landing,[-0.48080528  0.59740651 -0.20557775]
743.5366683006287,1002,False,3,6,[-5.94569383  6.24235863  3.99999555],cruising,[ 0.5677905  -0.59831228 -0.99408226]
743.5366683006287,1003,False,0,4,[2.89365974 8.57401932 1.28768668],waiting,[ 0.63925976  0.24903542 -0.34837281]
743.5366683006287,1004,False,5,3,[1.52585399 5.45046792 3.99953094],cruising,[-0.62185191  0.08809385  0.93462812]
743.5366683006287,1005,False,1,5,[ 7.98239212 -3.37110204  3.99277045],cruising,[ 0.50568378 -0.03156594 -0.11489306]
743.6360747814178,1000,False,4,1,[ 8.1225918  -7.48532204  1.27789053],waiting,[-0.82138112 -0.19970136 -0.21083176]
743.6360747814178,1001,False,1,2,[-7.35958411 -1.34248138  2.26305513],landing,[-0.48080528  0.59740651 -0.20557775]
743.6360747814178,1002,False,3,6,[-5.81616718  6.3714549   4.00000103],cruising,[ 0.5677905  -0.59831228 -0.99408226]
743.6360747814178,1003,False,0,4,[2.89365974 8.57401932 1.28768668],waiting,[ 0.63925976  0.24903542 -0.34837281]
743.6360747814178,1004,False,5,3,[1.70815929 5.36821964 3.9996013 ],cruising,[-0.62185191  0.08809385  0.93462812]
743.6360747814178,1005,False,1,5,[ 7.91412735 -3.55909119  3.99385488],cruising,[ 0.50568378 -0.03156594 -0.11489306]
743.7364127635956,1000,False,4,1,[ 8.1225918  -7.48532204  1.27789053],waiting,[-0.82138112 -0.19970136 -0.21083176]
743.7364127635956,1001,False,1,2,[-7.36859857 -1.32049465  2.16591954],landing,[-0.48080528  0.59740651 -0.20557775]
743.7364127635956,1002,False,3,6,[-5.67337285  6.4855856   4.0000053 ],cruising,[ 0.5677905  -0.59831228 -0.99408226]
743.7364127635956,1003,False,0,4,[2.89365974 8.57401932 1.28768668],waiting,[ 0.63925976  0.24903542 -0.34837281]
743.7364127635956,1004,False,5,3,[1.89272073 5.29116722 3.9996611 ],cruising,[-0.62185191  0.08809385  0.93462812]
743.7364127635956,1005,False,1,5,[ 7.83464189 -3.74261792  3.99477665],cruising,[ 0.50568378 -0.03156594 -0.11489306]
743.8509712219238,1000,False,4,1,[ 8.1225918  -7.48532204  1.27789053],waiting,[-0.82138112 -0.19970136 -0.21083176]
743.8509712219238,1001,False,1,2,[-7.37761304 -1.29850792  2.06878395],landing,[-0.48080528  0.59740651 -0.20557775]
743.8509712219238,1002,False,3,6,[-5.51836272  6.58388044  4.00000836],cruising,[ 0.5677905  -0.59831228 -0.99408226]
743.8509712219238,1003,False,0,4,[2.89365974 8.57401932 1.28768668],waiting,[ 0.63925976  0.24903542 -0.34837281]
743.8509712219238,1004,False,5,3,[2.07962983 5.21999851 3.99971194],cruising,[-0.62185191  0.08809385  0.93462812]
743.8509712219238,1005,False,1,5,[ 7.74247762 -3.9201165   3.99556015],cruising,[ 0.50568378 -0.03156594 -0.11489306]
743.9386067390442,1000,False,4,1,[ 8.1225918  -7.48532204  1.27789053],waiting,[-0.82138112 -0.19970136 -0.21083176]
743.9386067390442,1001,False,1,2,[-7.3866275  -1.27652119  1.97164835],landing,[-0.48080528  0.59740651 -0.20557775]
743.9386067390442,1002,False,3,6,[-5.35174817  6.66588611  4.00001019],cruising,[ 0.5677905  -0.59831228 -0.99408226]
743.9386067390442,1003,False,0,4,[2.89365974 8.57401932 1.28768668],waiting,[ 0.63925976  0.24903542 -0.34837281]
743.9386067390442,1004,False,5,3,[2.27035634 5.15980383 3.99975515],cruising,[-0.62185191  0.08809385  0.93462812]
743.9386067390442,1005,False,1,5,[ 7.63559524 -4.08916134  3.99622613],cruising,[ 0.50568378 -0.03156594 -0.11489306]
744.0445997714996,1000,False,4,1,[ 8.1225918  -7.48532204  1.27789053],waiting,[-0.82138112 -0.19970136 -0.21083176]
744.0445997714996,1001,False,1,2,[-7.39564196 -1.25453446  1.87451276],landing,[-0.48080528  0.59740651 -0.20557775]
744.0445997714996,1002,False,3,6,[-5.1739538   6.7313083   4.00001076],cruising,[ 0.5677905  -0.59831228 -0.99408226]
744.0445997714996,1003,False,0,4,[2.89365974 8.57401932 1.28768668],waiting,[ 0.63925976  0.24903542 -0.34837281]
744.0445997714996,1004,False,5,3,[2.46404899 5.10997252 3.99979188],cruising,[-0.62185191  0.08809385  0.93462812]
744.0445997714996,1005,False,1,5,[ 7.51239879 -4.24663717  3.99679786],cruising,[ 0.50568378 -0.03156594 -0.11489306]
744.1358363628387,1000,False,4,1,[ 8.1225918  -7.48532204  1.27789053],waiting,[-0.82138112 -0.19970136 -0.21083176]
744.1358363628387,1001,False,1,2,[-7.40465643 -1.23254774  1.77737717],landing,[-0.48080528  0.59740651 -0.20557775]
744.1358363628387,1002,False,3,6,[-4.98503888  6.78010721  4.00001003],cruising,[ 0.5677905  -0.59831228 -0.99408226]
744.1358363628387,1003,False,0,4,[2.89365974 8.57401932 1.28768668],waiting,[ 0.63925976  0.24903542 -0.34837281]
744.1358363628387,1004,False,5,3,[2.65980675 5.06899817 3.99982309],cruising,[-0.62185191  0.08809385  0.93462812]
744.1358363628387,1005,False,1,5,[ 7.37488009 -4.39015336  3.99732801],cruising,[ 0.50568378 -0.03156594 -0.11489306]
744.2398645877838,1000,False,4,1,[ 8.1225918  -7.48532204  1.27789053],waiting,[-0.82138112 -0.19970136 -0.21083176]
744.2398645877838,1001,False,1,2,[-7.41367089 -1.21056101  1.68024158],landing,[-0.48080528  0.59740651 -0.20557775]
744.2398645877838,1002,False,3,6,[-4.78915749  6.82048643  4.00000852],cruising,[ 0.5677905  -0.59831228 -0.99408226]
744.2398645877838,1003,False,0,4,[2.89365974 8.57401932 1.28768668],waiting,[ 0.63925976  0.24903542 -0.34837281]
744.2398645877838,1004,False,5,3,[2.85697077 5.03543705 3.99984963],cruising,[-0.62185191  0.08809385  0.93462812]
744.2398645877838,1005,False,1,5,[ 7.22482686 -4.51808481  3.99781722],cruising,[ 0.50568378 -0.03156594 -0.11489306]
744.3427791595459,1000,False,4,1,[ 8.1225918  -7.48532204  1.27789053],waiting,[-0.82138112 -0.19970136 -0.21083176]
744.3427791595459,1001,False,1,2,[-7.42268536 -1.18857428  1.58310599],landing,[-0.48080528  0.59740651 -0.20557775]
744.3427791595459,1002,False,3,6,[-4.59420981  6.86515637  4.00000725],cruising,[ 0.5677905  -0.59831228 -0.99408226]
744.3427791595459,1003,False,0,4,[2.89365974 8.57401932 1.28768668],waiting,[ 0.63925976  0.24903542 -0.34837281]
744.3427791595459,1004,False,5,3,[3.05507378 5.00795616 3.99987219],cruising,[-0.62185191  0.08809385  0.93462812]
744.3427791595459,1005,False,1,5,[ 7.06426696 -4.62899839  3.99826684],cruising,[ 0.50568378 -0.03156594 -0.11489306]
744.4369306564331,1000,False,4,1,[ 8.1225918  -7.48532204  1.27789053],waiting,[-0.82138112 -0.19970136 -0.21083176]
744.4369306564331,1001,False,1,2,[-7.43169982 -1.16658755  1.48597039],fake_landed,[-0.48080528  0.59740651 -0.20557775]
744.4369306564331,1002,False,3,6,[-4.39991691  6.91259335  4.00000616],cruising,[ 0.5677905  -0.59831228 -0.99408226]
744.4369306564331,1003,False,0,4,[2.89365974 8.57401932 1.28768668],waiting,[ 0.63925976  0.24903542 -0.34837281]
744.4369306564331,1004,False,5,3,[3.25379233 4.98535227 3.99989136],cruising,[-0.62185191  0.08809385  0.93462812]
744.4369306564331,1005,False,1,5,[ 6.89564178 -4.72161032  3.99868052],cruising,[ 0.50568378 -0.03156594 -0.11489306]
744.5361340045929,1000,False,4,1,[ 8.1225918  -7.48532204  1.27789053],waiting,[-0.82138112 -0.19970136 -0.21083176]
744.5361340045929,1001,False,1,2,[-7.43891139 -1.14899817  1.40826192],fake_landed,[-0.48080528  0.59740651 -0.20557775]
744.5361340045929,1002,False,3,6,[-4.20536155  6.95894215  4.00000524],cruising,[ 0.5677905  -0.59831228 -0.99408226]
744.5361340045929,1003,False,0,4,[2.89365974 8.57401932 1.28768668],waiting,[ 0.63925976  0.24903542 -0.34837281]
744.5361340045929,1004,False,5,3,[3.45290683 4.96655284 3.99990765],cruising,[-0.62185191  0.08809385  0.93462812]
744.5361340045929,1005,False,1,5,[ 6.72092538 -4.79517244  3.99905602],cruising,[ 0.50568378 -0.03156594 -0.11489306]
744.6365442276001,1000,False,4,1,[ 8.1225918  -7.48532204  1.27789053],queued,[-0.82138112 -0.19970136 -0.21083176]
744.6365442276001,1001,False,1,2,[-7.44432007 -1.13580613  1.34998056],fake_landed,[-0.48080528  0.59740651 -0.20557775]
744.6365442276001,1002,False,3,6,[-4.01098485  7.00603463  4.00000445],cruising,[ 0.5677905  -0.59831228 -0.99408226]
744.6365442276001,1003,False,0,4,[2.89365974 8.57401932 1.28768668],waiting,[ 0.63925976  0.24903542 -0.34837281]
744.6365442276001,1004,False,5,3,[3.65227009 4.95060644 3.99992151],cruising,[-0.62185191  0.08809385  0.93462812]
744.6365442276001,1005,False,1,5,[ 6.54229931 -4.84912045  3.99939237],cruising,[ 0.50568378 -0.03156594 -0.11489306]
744.7361514568329,1000,False,4,1,[ 8.1225918  -7.48532204  1.29789053],queued,[-0.82138112 -0.19970136 -0.21083176]
744.7361514568329,1001,False,1,2,[-7.44792585 -1.12701144  1.31112633],fake_landed,[-0.48080528  0.59740651 -0.20557775]
744.7361514568329,1002,False,3,6,[-3.81651391  7.05273635  4.00000378],cruising,[ 0.5677905  -0.59831228 -0.99408226]
744.7361514568329,1003,False,0,4,[2.89365974 8.57401932 1.28768668],waiting,[ 0.63925976  0.24903542 -0.34837281]
744.7361514568329,1004,False,5,3,[3.85178378 4.9366677  3.99993328],cruising,[-0.62185191  0.08809385  0.93462812]
744.7361514568329,1005,False,1,5,[ 6.36201881 -4.88313705  3.99968858],cruising,[ 0.50568378 -0.03156594 -0.11489306]
744.8376457691193,1000,False,4,1,[ 8.1225918  -7.48532204  1.33789053],queued,[-0.82138112 -0.19970136 -0.21083176]
744.8376457691193,1001,False,1,2,[-7.44972875 -1.1226141   1.29169921],fake_landed,[-0.48080528  0.59740651 -0.20557775]
744.8376457691193,1002,False,3,6,[-3.62172178  7.0980798   4.00000322],cruising,[ 0.5677905  -0.59831228 -0.99408226]
744.8376457691193,1003,False,0,4,[2.89365974 8.57401932 1.28768668],waiting,[ 0.63925976  0.24903542 -0.34837281]
744.8376457691193,1004,False,5,3,[4.05138093 4.92398007 3.99994329],cruising,[-0.62185191  0.08809385  0.93462812]
744.8376457691193,1005,False,1,5,[ 6.18173353 -4.8971537   3.9999434 ],cruising,[ 0.50568378 -0.03156594 -0.11489306]
744.9365553855896,1000,False,4,1,[ 8.1225918  -7.48532204  1.39789053],queued,[-0.82138112 -0.19970136 -0.21083176]
744.9365553855896,1001,False,1,2,[-7.44972875 -1.1226141   1.29169921],fake_landed,[-0.48080528  0.59740651 -0.20557775]
744.9365553855896,1002,False,3,6,[-3.42590921  7.13879141  4.00000273],cruising,[ 0.5677905  -0.59831228 -0.99408226]
744.9365553855896,1003,False,0,4,[2.89365974 8.57401932 1.28768668],waiting,[ 0.63925976  0.24903542 -0.34837281]
744.9365553855896,1004,False,5,3,[4.25101323 4.91185788 3.99995179],cruising,[-0.62185191  0.08809385  0.93462812]
744.9365553855896,1005,False,1,5,[ 6.00234431 -4.89119048  4.00015357],cruising,[ 0.50568378 -0.03156594 -0.11489306]
745.0361216068268,1000,False,4,1,[ 8.1225918  -7.48532204  1.47289053],queued,[-0.82138112 -0.19970136 -0.21083176]
745.0361216068268,1001,False,2,0,[-7.44972875 -1.1226141   1.29169921],waiting,[-0.48080528  0.59740651 -0.20557775]
745.0361216068268,1002,False,3,6,[-3.22958024  7.17693505  4.00000232],cruising,[ 0.5677905  -0.59831228 -0.99408226]
745.0361216068268,1003,False,0,4,[2.89365974 8.57401932 1.28768668],waiting,[ 0.63925976  0.24903542 -0.34837281]
745.0361216068268,1004,False,5,3,[4.45063708 4.89959739 3.99995903],cruising,[-0.62185191  0.08809385  0.93462812]
745.0361216068268,1005,False,1,5,[ 5.82503145 -4.86533538  4.00031793],cruising,[ 0.50568378 -0.03156594 -0.11489306]
745.1361312866211,1000,False,4,1,[ 8.1225918  -7.48532204  1.54789053],queued,[-0.82138112 -0.19970136 -0.21083176]
745.1361312866211,1001,False,2,0,[-7.44972875 -1.1226141   1.29169921],waiting,[-0.48080528  0.59740651 -0.20557775]
745.1361312866211,1002,False,3,6,[-3.03262366  7.21169288  4.00000197],cruising,[ 0.5677905  -0.59831228 -0.99408226]
745.1361312866211,1003,False,0,4,[2.89365974 8.57401932 1.28768668],waiting,[ 0.63925976  0.24903542 -0.34837281]
745.1361312866211,1004,False,5,3,[4.65024024 4.88700465 3.99996517],cruising,[-0.62185191  0.08809385  0.93462812]
745.1361312866211,1005,False,1,5,[ 5.65029991 -4.81964763  4.00043305],cruising,[ 0.50568378 -0.03156594 -0.11489306]
745.2360761165619,1000,False,4,1,[ 8.1225918  -7.48532204  1.62289053],queued,[-0.82138112 -0.19970136 -0.21083176]
745.2360761165619,1001,False,2,0,[-7.44972875 -1.1226141   1.29169921],waiting,[-0.48080528  0.59740651 -0.20557775]
745.2360761165619,1002,False,3,6,[-2.83455958  7.23945288  4.00000168],cruising,[ 0.5677905  -0.59831228 -0.99408226]
745.2360761165619,1003,False,0,4,[2.89365974 8.57401932 1.28768668],queued,[ 0.63925976  0.24903542 -0.34837281]
745.2360761165619,1004,False,5,3,[4.84977835 4.87342008 3.9999704 ],cruising,[-0.62185191  0.08809385  0.93462812]
745.2360761165619,1005,False,1,5,[ 5.47885302 -4.75423151  4.00049751],cruising,[ 0.50568378 -0.03156594 -0.11489306]
745.3363099098206,1000,False,4,1,[ 8.1225918  -7.48532204  1.69789053],queued,[-0.82138112 -0.19970136 -0.21083176]
745.3363099098206,1001,False,2,0,[-7.44972875 -1.1226141   1.29169921],waiting,[-0.48080528  0.59740651 -0.20557775]
745.3363099098206,1002,False,3,6,[-2.6358942   7.26251946  4.00000143],cruising,[ 0.5677905  -0.59831228 -0.99408226]
745.3363099098206,1003,False,0,4,[2.89365974 8.57401932 1.30768668],queued,[ 0.63925976  0.24903542 -0.34837281]
745.3363099098206,1004,False,5,3,[5.04919927 4.85821164 3.99997484],cruising,[-0.62185191  0.08809385  0.93462812]
745.3363099098206,1005,False,1,5,[ 5.31043139 -4.66904559  4.00050605],cruising,[ 0.50568378 -0.03156594 -0.11489306]
745.435985326767,1000,False,4,1,[ 8.1225918  -7.48532204  1.77289053],queued,[-0.82138112 -0.19970136 -0.21083176]
745.435985326767,1001,False,2,0,[-7.44972875 -1.1226141   1.29169921],waiting,[-0.48080528  0.59740651 -0.20557775]
745.435985326767,1002,False,3,6,[-2.43638069  7.27646084  4.00000121],cruising,[ 0.5677905  -0.59831228 -0.99408226]
745.435985326767,1003,False,0,4,[2.89365974 8.57401932 1.34768668],queued,[ 0.63925976  0.24903542 -0.34837281]
745.435985326767,1004,False,5,3,[5.24843595 4.84075461 3.99997861],cruising,[-0.62185191  0.08809385  0.93462812]
745.435985326767,1005,False,1,5,[ 5.1444134  -4.56400473  4.00045416],cruising,[ 0.50568378 -0.03156594 -0.11489306]
745.5360209941864,1000,False,4,1,[ 8.1225918  -7.48532204  1.84789053],queued,[-0.82138112 -0.19970136 -0.21083176]
745.5360209941864,1001,False,2,0,[-7.44972875 -1.1226141   1.29169921],waiting,[-0.48080528  0.59740651 -0.20557775]
745.5360209941864,1002,False,3,6,[-2.23641001  7.27988516  4.00000103],cruising,[ 0.5677905  -0.59831228 -0.99408226]
745.5360209941864,1003,False,0,4,[2.89365974 8.57401932 1.40768668],queued,[ 0.63925976  0.24903542 -0.34837281]
745.5360209941864,1004,False,5,3,[5.44753931 4.82183762 3.99998182],cruising,[-0.62185191  0.08809385  0.93462812]
745.5360209941864,1005,False,1,5,[ 4.97465231 -4.45826368  4.00038604],cruising,[ 0.50568378 -0.03156594 -0.11489306]
745.6360077857971,1000,False,4,1,[ 8.1225918  -7.48532204  1.92289053],queued,[-0.82138112 -0.19970136 -0.21083176]
745.6360077857971,1001,False,2,0,[-7.44972875 -1.1226141   1.29169921],waiting,[-0.48080528  0.59740651 -0.20557775]
745.6360077857971,1002,False,3,6,[-2.03689673  7.26594066  4.00000088],cruising,[ 0.5677905  -0.59831228 -0.99408226]
745.6360077857971,1003,False,0,4,[2.89365974 8.57401932 1.48268668],queued,[ 0.63925976  0.24903542 -0.34837281]
745.6360077857971,1004,False,5,3,[5.64627758 4.79940776 3.99998455],cruising,[-0.62185191  0.08809385  0.93462812]
745.6360077857971,1005,False,1,5,[ 4.80162185 -4.35796184  4.00032813],cruising,[ 0.50568378 -0.03156594 -0.11489306]
745.7359526157379,1000,False,4,1,[ 8.1225918  -7.48532204  1.99789053],queued,[-0.82138112 -0.19970136 -0.21083176]
745.7359526157379,1001,False,2,0,[-7.44972875 -1.1226141   1.29169921],waiting,[-0.48080528  0.59740651 -0.20557775]
745.7359526157379,1002,False,3,6,[-1.83960209  7.23315615  4.00000074],cruising,[ 0.5677905  -0.59831228 -0.99408226]
745.7359526157379,1003,False,0,4,[2.89365974 8.57401932 1.55768668],queued,[ 0.63925976  0.24903542 -0.34837281]
745.7359526157379,1004,False,5,3,[5.8444943  4.77275944 3.99998686],cruising,[-0.62185191  0.08809385  0.93462812]
745.7359526157379,1005,False,1,5,[ 4.62505357 -4.26402758  4.00027891],cruising,[ 0.50568378 -0.03156594 -0.11489306]
745.8377640247345,1000,False,4,1,[ 8.1225918  -7.48532204  2.07289053],queued,[-0.82138112 -0.19970136 -0.21083176]
745.8377640247345,1001,False,2,0,[-7.44972875 -1.1226141   1.29169921],waiting,[-0.48080528  0.59740651 -0.20557775]
745.8377640247345,1002,False,3,6,[-1.64576964  7.18387144  4.00000063],cruising,[ 0.5677905  -0.59831228 -0.99408226]
745.8377640247345,1003,False,0,4,[2.89365974 8.57401932 1.63268668],queued,[ 0.63925976  0.24903542 -0.34837281]
745.8377640247345,1004,False,5,3,[6.0419769  4.74112683 3.99998883],cruising,[-0.62185191  0.08809385  0.93462812]
745.8377640247345,1005,False,1,5,[ 4.44662215 -4.17368254  4.00023708],cruising,[ 0.50568378 -0.03156594 -0.11489306]
745.9369773864746,1000,False,4,1,[ 8.1225918  -7.48532204  2.14789053],queued,[-0.82138112 -0.19970136 -0.21083176]
745.9369773864746,1001,False,2,0,[-7.44972875 -1.1226141   1.29169921],waiting,[-0.48080528  0.59740651 -0.20557775]
745.9369773864746,1002,False,3,6,[-1.45460611  7.12507937  4.00000054],cruising,[ 0.5677905  -0.59831228 -0.99408226]
745.9369773864746,1003,False,0,4,[2.89365974 8.57401932 1.70768668],queued,[ 0.63925976  0.24903542 -0.34837281]
745.9369773864746,1004,False,5,3,[6.23843716 4.70366533 3.99999051],cruising,[-0.62185191  0.08809385  0.93462812]
745.9369773864746,1005,False,1,5,[ 4.26609966 -4.08759171  4.00020151],cruising,[ 0.50568378 -0.03156594 -0.11489306]
746.0364027023315,1000,False,4,1,[ 8.1225918  -7.48532204  2.22289053],queued,[-0.82138112 -0.19970136 -0.21083176]
746.0364027023315,1001,False,2,0,[-7.44972875 -1.1226141   1.29169921],waiting,[-0.48080528  0.59740651 -0.20557775]
746.0364027023315,1002,False,3,6,[-1.26802836  7.05304644  4.00000046],cruising,[ 0.5677905  -0.59831228 -0.99408226]
746.0364027023315,1003,False,0,4,[2.89365974 8.57401932 1.78268668],queued,[ 0.63925976  0.24903542 -0.34837281]
746.0364027023315,1004,False,5,3,[6.43348494 4.65943451 3.99999193],cruising,[-0.62185191  0.08809385  0.93462812]
746.0364027023315,1005,False,1,5,[ 4.08454078 -4.00370861  4.00017129],cruising,[ 0.50568378 -0.03156594 -0.11489306]
746.136727809906,1000,False,4,1,[ 8.1225918  -7.48532204  2.29789053],queued,[-0.82138112 -0.19970136 -0.21083176]
746.136727809906,1001,False,2,0,[-7.44972875 -1.1226141   1.29169921],waiting,[-0.48080528  0.59740651 -0.20557775]
746.136727809906,1002,False,3,6,[-1.08586919  6.97047504  4.00000039],cruising,[ 0.5677905  -0.59831228 -0.99408226]
746.136727809906,1003,False,0,4,[2.89365974 8.57401932 1.85768668],queued,[ 0.63925976  0.24903542 -0.34837281]
746.136727809906,1004,False,5,3,[6.62659323 4.60738465 3.99999314],cruising,[-0.62185191  0.08809385  0.93462812]
746.136727809906,1005,False,1,5,[ 3.90173131 -3.92258711  4.00014559],cruising,[ 0.50568378 -0.03156594 -0.11489306]
746.2456550598145,1000,False,4,1,[ 8.1225918  -7.48532204  2.37289053],queued,[-0.82138112 -0.19970136 -0.21083176]
746.2456550598145,1001,False,2,0,[-7.44972875 -1.1226141   1.29169921],waiting,[-0.48080528  0.59740651 -0.20557775]
746.2456550598145,1002,False,3,6,[-0.90764118  6.87972937  4.00000033],cruising,[ 0.5677905  -0.59831228 -0.99408226]
746.2456550598145,1003,False,0,4,[2.89365974 8.57401932 1.93268668],queued,[ 0.63925976  0.24903542 -0.34837281]
746.2456550598145,1004,False,5,3,[6.81705284 4.54635074 3.99999417],cruising,[-0.62185191  0.08809385  0.93462812]
746.2456550598145,1005,False,1,5,[ 3.71828998 -3.84290476  4.00012375],cruising,[ 0.50568378 -0.03156594 -0.11489306]
746.3361973762512,1000,False,4,1,[ 8.1225918  -7.48532204  2.44789053],entering,[-0.82138112 -0.19970136 -0.21083176]
746.3361973762512,1001,False,2,0,[-7.44972875 -1.1226141   1.29169921],waiting,[-0.48080528  0.59740651 -0.20557775]
746.3361973762512,1002,False,3,6,[-0.73155441  6.78489557  4.00000028],cruising,[ 0.5677905  -0.59831228 -0.99408226]
746.3361973762512,1003,False,0,4,[2.89365974 8.57401932 2.00768668],queued,[ 0.63925976  0.24903542 -0.34837281]
746.3361973762512,1004,False,5,3,[7.00391565 4.47506055 3.99999505],cruising,[-0.62185191  0.08809385  0.93462812]
746.3361973762512,1005,False,1,5,[ 3.5340543  -3.76507664  4.00010519],cruising,[ 0.50568378 -0.03156594 -0.11489306]
746.4362688064575,1000,False,4,1,[ 8.11110301 -7.4689511   2.52289053],entering,[-0.82138112 -0.19970136 -0.21083176]
746.4362688064575,1001,False,2,0,[-7.44972875 -1.1226141   1.29169921],waiting,[-0.48080528  0.59740651 -0.20557775]
746.4362688064575,1002,False,3,6,[-0.55850483  6.68462673  4.00000024],cruising,[ 0.5677905  -0.59831228 -0.99408226]
746.4362688064575,1003,False,0,4,[2.89365974 8.57401932 2.08268668],queued,[ 0.63925976  0.24903542 -0.34837281]
746.4362688064575,1004,False,5,3,[7.18592833 4.39216674 3.99999579],cruising,[-0.62185191  0.08809385  0.93462812]
746.4362688064575,1005,False,1,5,[ 3.3493278  -3.6884208   4.00008941],cruising,[ 0.50568378 -0.03156594 -0.11489306]
746.5361225605011,1000,False,4,1,[ 8.08812544 -7.43620921  2.59789053],entering,[-0.82138112 -0.19970136 -0.21083176]
746.5361225605011,1001,False,2,0,[-7.44972875 -1.1226141   1.29169921],waiting,[-0.48080528  0.59740651 -0.20557775]
746.5361225605011,1002,False,3,6,[-0.38766651  6.58063504  4.0000002 ],cruising,[ 0.5677905  -0.59831228 -0.99408226]
746.5361225605011,1003,False,0,4,[2.89365974 8.57401932 2.15768668],queued,[ 0.63925976  0.24903542 -0.34837281]
746.5361225605011,1004,False,5,3,[7.36146393 4.29631659 3.99999642],cruising,[-0.62185191  0.08809385  0.93462812]
746.5361225605011,1005,False,1,5,[ 3.16404978 -3.61310775  4.000076  ],cruising,[ 0.50568378 -0.03156594 -0.11489306]
746.6363396644592,1000,False,4,1,[ 8.05365908 -7.38709638  2.67289053],entering,[-0.82138112 -0.19970136 -0.21083176]
746.6363396644592,1001,False,2,0,[-7.44972875 -1.1226141   1.29169921],waiting,[-0.48080528  0.59740651 -0.20557775]
746.6363396644592,1002,False,3,6,[-0.21773789  6.47516343  4.00000017],cruising,[ 0.5677905  -0.59831228 -0.99408226]
746.6363396644592,1003,False,0,4,[2.89365974 8.57401932 2.23268668],queued,[ 0.63925976  0.24903542 -0.34837281]
746.6363396644592,1004,False,5,3,[7.52633948 4.18354416 3.99999698],cruising,[-0.62185191  0.08809385  0.93462812]
746.6363396644592,1005,False,1,5,[ 2.978234   -3.53913142  4.0000646 ],cruising,[ 0.50568378 -0.03156594 -0.11489306]
746.7357754707336,1000,False,4,1,[ 8.00770393 -7.32161261  2.74789053],entering,[-0.82138112 -0.19970136 -0.21083176]
746.7357754707336,1001,False,2,0,[-7.44972875 -1.1226141   1.29169921],waiting,[-0.48080528  0.59740651 -0.20557775]
746.7357754707336,1002,False,3,6,[-0.04886565  6.36800855  4.00000015],cruising,[ 0.5677905  -0.59831228 -0.99408226]
746.7357754707336,1003,False,0,4,[2.89365974 8.57401932 2.30768668],queued,[ 0.63925976  0.24903542 -0.34837281]
746.7357754707336,1004,False,5,3,[7.67911634 4.05484624 3.99999745],cruising,[-0.62185191  0.08809385  0.93462812]
746.7357754707336,1005,False,1,5,[ 2.79179915 -3.46672944  4.00005491],cruising,[ 0.50568378 -0.03156594 -0.11489306]
746.8381514549255,1000,False,4,1,[ 7.95025999 -7.2397579   2.82289053],entering,[-0.82138112 -0.19970136 -0.21083176]
746.8381514549255,1001,False,2,0,[-7.44972875 -1.1226141   1.29169921],waiting,[-0.48080528  0.59740651 -0.20557775]
746.8381514549255,1002,False,3,6,[0.11982615 6.26056985 4.00000012],cruising,[ 0.5677905  -0.59831228 -0.99408226]
746.8381514549255,1003,False,0,4,[2.89365974 8.57401932 2.38268668],entering,[ 0.63925976  0.24903542 -0.34837281]
746.8381514549255,1004,False,5,3,[7.81822293 3.91154956 3.99999785],cruising,[-0.62185191  0.08809385  0.93462812]
746.8381514549255,1005,False,1,5,[ 2.60486521 -3.39562597  4.00004667],cruising,[ 0.50568378 -0.03156594 -0.11489306]
746.9365088939667,1000,False,4,1,[ 7.88132727 -7.14153224  2.89789053],entering,[-0.82138112 -0.19970136 -0.21083176]
746.9365088939667,1001,False,2,0,[-7.44972875 -1.1226141   1.29169921],waiting,[-0.48080528  0.59740651 -0.20557775]
746.9365088939667,1002,False,3,6,[0.28860247 6.15326395 4.00000011],cruising,[ 0.5677905  -0.59831228 -0.99408226]
746.9365088939667,1003,False,0,4,[2.89006139 8.55434568 2.45768668],entering,[ 0.63925976  0.24903542 -0.34837281]
746.9365088939667,1004,False,5,3,[7.9421891  3.75518506 3.99999819],cruising,[-0.62185191  0.08809385  0.93462812]
746.9365088939667,1005,False,1,5,[ 2.41712889 -3.32666894  4.00003967],cruising,[ 0.50568378 -0.03156594 -0.11489306]
747.0447487831116,1000,False,4,1,[ 7.80099789 -7.02687137  2.97289053],entering,[-0.82138112 -0.19970136 -0.21083176]
747.0447487831116,1001,False,2,0,[-7.44972875 -1.1226141   1.29169921],waiting,[-0.48080528  0.59740651 -0.20557775]
747.0447487831116,1002,False,3,6,[0.45788357 6.04675616 4.00000009],cruising,[ 0.5677905  -0.59831228 -0.99408226]
747.0447487831116,1003,False,0,4,[2.88308578 8.51495926 2.53268668],entering,[ 0.63925976  0.24903542 -0.34837281]
747.0447487831116,1004,False,5,3,[8.04935936 3.58796251 3.9999985 ],cruising,[-0.62185191  0.08809385  0.93462812]
747.0447487831116,1005,False,1,5,[ 2.22844793 -3.26034025  4.00003372],cruising,[ 0.50568378 -0.03156594 -0.11489306]
747.1376025676727,1000,False,4,1,[ 7.70847061 -6.89636085  3.04789053],entering,[-0.82138112 -0.19970136 -0.21083176]
747.1376025676727,1001,False,2,0,[-7.44972875 -1.1226141   1.29169921],waiting,[-0.48080528  0.59740651 -0.20557775]
747.1376025676727,1002,False,3,6,[0.62793251 5.94147864 4.00000008],cruising,[ 0.5677905  -0.59831228 -0.99408226]
747.1376025676727,1003,False,0,4,[2.87283308 8.45584315 2.60768668],entering,[ 0.63925976  0.24903542 -0.34837281]
747.1376025676727,1004,False,5,3,[8.13890374 3.41128857 3.99999877],cruising,[-0.62185191  0.08809385  0.93462812]
747.1376025676727,1005,False,1,5,[ 2.03916006 -3.19576392  4.00002866],cruising,[ 0.50568378 -0.03156594 -0.11489306]
747.2452075481415,1000,False,4,1,[ 7.60303285 -6.75057554  3.12289053],entering,[-0.82138112 -0.19970136 -0.21083176]
747.2452075481415,1001,False,2,0,[-7.44972875 -1.1226141   1.29169921],waiting,[-0.48080528  0.59740651 -0.20557775]
747.2452075481415,1002,False,3,6,[0.7995169  5.83872262 4.00000007],cruising,[ 0.5677905  -0.59831228 -0.99408226]
747.2452075481415,1003,False,0,4,[2.85942498 8.37697751 2.68268668],entering,[ 0.63925976  0.24903542 -0.34837281]
747.2452075481415,1004,False,5,3,[8.21016171 3.22651484 3.999999  ],cruising,[-0.62185191  0.08809385  0.93462812]
747.2452075481415,1005,False,1,5,[ 1.8485943  -3.13506227  4.00002436],cruising,[ 0.50568378 -0.03156594 -0.11489306]
747.337028503418,1000,False,4,1,[ 7.48460265 -6.58958508  3.19789053],entering,[-0.82138112 -0.19970136 -0.21083176]
747.337028503418,1001,False,2,0,[-7.44972875 -1.1226141   1.29169921],queued,[-0.48080528  0.59740651 -0.20557775]
747.337028503418,1002,False,3,6,[0.97244805 5.73824966 4.00000006],cruising,[ 0.5677905  -0.59831228 -0.99408226]
747.337028503418,1003,False,0,4,[2.84337543 8.27828708 2.75768668],entering,[ 0.63925976  0.24903542 -0.34837281]
747.337028503418,1004,False,5,3,[8.26261968 3.03491758 3.99999918],cruising,[-0.62185191  0.08809385  0.93462812]
747.337028503418,1005,False,1,5,[ 1.65656705 -3.07915576  4.00002071],cruising,[ 0.50568378 -0.03156594 -0.11489306]
747.4409012794495,1000,False,4,1,[ 7.36574073 -6.42873781  3.27289053],entering,[-0.82138112 -0.19970136 -0.21083176]
747.4409012794495,1001,False,2,0,[-7.44972875 -1.1226141   1.31169921],queued,[-0.48080528  0.59740651 -0.20557775]
747.4409012794495,1002,False,3,6,[1.14774652 5.64196649 4.00000005],cruising,[ 0.5677905  -0.59831228 -0.99408226]
747.4409012794495,1003,False,0,4,[2.82524055 8.15970566 2.83268668],entering,[ 0.63925976  0.24903542 -0.34837281]
747.4409012794495,1004,False,5,3,[8.2999065  2.83842409 3.9999993 ],cruising,[-0.62185191  0.08809385  0.93462812]
747.4409012794495,1005,False,1,5,[ 1.46288623 -3.02927855  4.0000176 ],cruising,[ 0.50568378 -0.03156594 -0.11489306]
747.5441496372223,1000,False,4,1,[ 7.24319662 -6.27067788  3.34789053],entering,[-0.82138112 -0.19970136 -0.21083176]
747.5441496372223,1001,False,2,0,[-7.44972875 -1.1226141   1.35169921],queued,[-0.48080528  0.59740651 -0.20557775]
747.5441496372223,1002,False,3,6,[1.32484234 5.54903067 4.00000004],cruising,[ 0.5677905  -0.59831228 -0.99408226]
747.5441496372223,1003,False,0,4,[2.80620212 8.02114465 2.90768668],entering,[ 0.63925976  0.24903542 -0.34837281]
747.5441496372223,1004,False,5,3,[8.33127545 2.64089944 3.99999941],cruising,[-0.62185191  0.08809385  0.93462812]
747.5441496372223,1005,False,1,5,[ 1.26737923 -2.98712392  4.00001496],cruising,[ 0.50568378 -0.03156594 -0.11489306]
747.6367411613464,1000,False,4,1,[ 7.12172392 -6.11179308  3.42289053],entering,[-0.82138112 -0.19970136 -0.21083176]
747.6367411613464,1001,False,2,0,[-7.44972875 -1.1226141   1.41169921],queued,[-0.48080528  0.59740651 -0.20557775]
747.6367411613464,1002,False,3,6,[1.50395107 5.46003593 4.00000003],cruising,[ 0.5677905  -0.59831228 -0.99408226]
747.6367411613464,1003,False,0,4,[2.78804704 7.86260317 2.98268668],entering,[ 0.63925976  0.24903542 -0.34837281]
747.6367411613464,1004,False,5,3,[8.35785994 2.44267415 3.9999995 ],cruising,[-0.62185191  0.08809385  0.93462812]
747.6367411613464,1005,False,1,5,[ 1.06996566 -2.9550633   4.00001272],cruising,[ 0.50568378 -0.03156594 -0.11489306]
747.7362132072449,1000,False,4,1,[ 6.99469933 -5.95731086  3.49789053],entering,[-0.82138112 -0.19970136 -0.21083176]
747.7362132072449,1001,False,2,0,[-7.44972875 -1.1226141   1.48669921],queued,[-0.48080528  0.59740651 -0.20557775]
747.7362132072449,1002,False,3,6,[1.68629301 5.37786892 4.00000003],cruising,[ 0.5677905  -0.59831228 -0.99408226]
747.7362132072449,1003,False,0,4,[2.77371223 7.68442994 3.05768668],entering,[ 0.63925976  0.24903542 -0.34837281]
747.7362132072449,1004,False,5,3,[8.38353539 2.24432906 3.99999957],cruising,[-0.62185191  0.08809385  0.93462812]
747.7362132072449,1005,False,1,5,[ 0.87037598 -2.94288395  4.0000108 ],cruising,[ 0.50568378 -0.03156594 -0.11489306]
747.8454332351685,1000,False,4,1,[ 6.86662702 -5.80369614  3.57289053],entering,[-0.82138112 -0.19970136 -0.21083176]
747.8454332351685,1001,False,2,0,[-7.44972875 -1.1226141   1.56169921],queued,[-0.48080528  0.59740651 -0.20557775]
747.8454332351685,1002,False,3,6,[1.87082988 5.30075768 4.00000002],cruising,[ 0.5677905  -0.59831228 -0.99408226]
747.8454332351685,1003,False,0,4,[2.76861454 7.48851761 3.13268668],entering,[ 0.63925976  0.24903542 -0.34837281]
747.8454332351685,1004,False,5,3,[8.40468963 2.04545097 3.99999964],cruising,[-0.62185191  0.08809385  0.93462812]
747.8454332351685,1005,False,1,5,[ 0.67037747 -2.94211351  4.00000918],cruising,[ 0.50568378 -0.03156594 -0.11489306]
747.9366412162781,1000,False,4,1,[ 6.73693934 -5.65144272  3.63695695],entering,[-0.82138112 -0.19970136 -0.21083176]
747.9366412162781,1001,False,2,0,[-7.44972875 -1.1226141   1.63669921],queued,[-0.48080528  0.59740651 -0.20557775]
747.9366412162781,1002,False,3,6,[2.05766867 5.22940457 4.00000002],cruising,[ 0.5677905  -0.59831228 -0.99408226]
747.9366412162781,1003,False,0,4,[2.77385955 7.28858639 3.20768668],entering,[ 0.63925976  0.24903542 -0.34837281]
747.9366412162781,1004,False,5,3,[8.42464981 1.84644948 3.99999969],cruising,[-0.62185191  0.08809385  0.93462812]
747.9366412162781,1005,False,1,5,[ 0.47092858 -2.95695072  4.0000078 ],cruising,[ 0.50568378 -0.03156594 -0.11489306]
748.0368556976318,1000,False,4,1,[ 6.60015849 -5.50552835  3.69141341],entering,[-0.82138112 -0.19970136 -0.21083176]
748.0368556976318,1001,False,2,0,[-7.44972875 -1.1226141   1.71169921],queued,[-0.48080528  0.59740651 -0.20557775]
748.0368556976318,1002,False,3,6,[2.24826584 5.16880161 4.00000002],cruising,[ 0.5677905  -0.59831228 -0.99408226]
748.0368556976318,1003,False,0,4,[2.79273868 7.08947944 3.28268668],entering,[ 0.63925976  0.24903542 -0.34837281]
748.0368556976318,1004,False,5,3,[8.44304    1.64729677 3.99999974],cruising,[-0.62185191  0.08809385  0.93462812]
748.0368556976318,1005,False,1,5,[ 0.27315361 -2.98670069  4.00000663],cruising,[ 0.50568378 -0.03156594 -0.11489306]
748.1368281841278,1000,False,4,1,[ 6.4586537  -5.36419048  3.7377014 ],entering,[-0.82138112 -0.19970136 -0.21083176]
748.1368281841278,1001,False,2,0,[-7.44972875 -1.1226141   1.78669921],queued,[-0.48080528  0.59740651 -0.20557775]
748.1368281841278,1002,False,3,6,[2.4418092  5.11839359 4.00000002],cruising,[ 0.5677905  -0.59831228 -0.99408226]
748.1368281841278,1003,False,0,4,[2.82853676 6.89270928 3.35768668],entering,[ 0.63925976  0.24903542 -0.34837281]
748.1368281841278,1004,False,5,3,[8.45695017 1.44778109 3.99999978],cruising,[-0.62185191  0.08809385  0.93462812]
748.1368281841278,1005,False,1,5,[ 0.07899605 -3.03468862  4.00000564],cruising,[ 0.50568378 -0.03156594 -0.11489306]
748.2446749210358,1000,False,4,1,[ 6.31498188 -5.22505599  3.77704619],entering,[-0.82138112 -0.19970136 -0.21083176]
748.2446749210358,1001,False,2,0,[-7.44972875 -1.1226141   1.86169921],queued,[-0.48080528  0.59740651 -0.20557775]
748.2446749210358,1002,False,3,6,[2.63742506 5.07674701 4.00000001],cruising,[ 0.5677905  -0.59831228 -0.99408226]
748.2446749210358,1003,False,0,4,[2.88037478 6.69954401 3.43268668],entering,[ 0.63925976  0.24903542 -0.34837281]
748.2446749210358,1004,False,5,3,[8.46936107 1.24816654 3.99999981],cruising,[-0.62185191  0.08809385  0.93462812]
748.2446749210358,1005,False,1,5,[-0.11193366 -3.09423563  4.00000479],cruising,[ 0.50568378 -0.03156594 -0.11489306]
748.3365111351013,1000,False,4,1,[ 6.16439961 -5.09343159  3.81048926],entering,[-0.82138112 -0.19970136 -0.21083176]
748.3365111351013,1001,False,2,0,[-7.44972875 -1.1226141   1.93669921],queued,[-0.48080528  0.59740651 -0.20557775]
748.3365111351013,1002,False,3,6,[2.83446637 5.04247283 4.00000001],cruising,[ 0.5677905  -0.59831228 -0.99408226]
748.3365111351013,1003,False,0,4,[2.94430981 6.51003857 3.50768668],entering,[ 0.63925976  0.24903542 -0.34837281]
748.3365111351013,1004,False,5,3,[8.47776737 1.04834328 3.99999984],cruising,[-0.62185191  0.08809385  0.93462812]
748.3365111351013,1005,False,1,5,[-0.29934844 -3.16406185  4.00000407],cruising,[ 0.50568378 -0.03156594 -0.11489306]
748.4398319721222,1000,False,4,1,[ 6.00678197 -4.97031913  3.83891587],entering,[-0.82138112 -0.19970136 -0.21083176]
748.4398319721222,1001,False,2,0,[-7.44972875 -1.1226141   2.01169921],queued,[-0.48080528  0.59740651 -0.20557775]
748.4398319721222,1002,False,3,6,[3.03246896 5.01427752 4.00000001],cruising,[ 0.5677905  -0.59831228 -0.99408226]
748.4398319721222,1003,False,0,4,[3.02100477 6.3253283  3.58153368],entering,[ 0.63925976  0.24903542 -0.34837281]
748.4398319721222,1004,False,5,3,[8.48470998 0.84846382 3.99999986],cruising,[-0.62185191  0.08809385  0.93462812]
748.4398319721222,1005,False,1,5,[-0.48219204 -3.24510639  4.00000346],cruising,[ 0.50568378 -0.03156594 -0.11489306]
748.5412533283234,1000,False,4,1,[ 5.84539918 -4.85218533  3.86307849],cruising,[-0.82138112 -0.19970136 -0.21083176]
748.5412533283234,1001,False,2,0,[-7.44972875 -1.1226141   2.08669921],queued,[-0.48080528  0.59740651 -0.20557775]
748.5412533283234,1002,False,3,6,[3.23110803 4.99098549 4.00000001],cruising,[ 0.5677905  -0.59831228 -0.99408226]
748.5412533283234,1003,False,0,4,[3.11306429 6.14781257 3.64478969],entering,[ 0.63925976  0.24903542 -0.34837281]
748.5412533283234,1004,False,5,3,[8.4899825  0.64853333 3.99999988],cruising,[-0.62185191  0.08809385  0.93462812]
748.5412533283234,1005,False,1,5,[-0.66164316 -3.33340868  4.00000294],cruising,[ 0.50568378 -0.03156594 -0.11489306]
748.6375229358673,1000,False,4,1,[ 5.6776129  -4.74333789  3.88361672],cruising,[-0.82138112 -0.19970136 -0.21083176]
748.6375229358673,1001,False,2,0,[-7.44972875 -1.1226141   2.16169921],entering,[-0.48080528  0.59740651 -0.20557775]
748.6375229358673,1002,False,3,6,[3.43016075 4.97154285 4.00000001],cruising,[ 0.5677905  -0.59831228 -0.99408226]
748.6375229358673,1003,False,0,4,[3.21950509 5.97848934 3.69807124],entering,[ 0.63925976  0.24903542 -0.34837281]
748.6375229358673,1004,False,5,3,[8.49343087 0.44856306 3.9999999 ],cruising,[-0.62185191  0.08809385  0.93462812]
748.6375229358673,1005,False,1,5,[-0.83952741 -3.42482637  4.0000025 ],cruising,[ 0.50568378 -0.03156594 -0.11489306]
748.7371978759766,1000,False,4,1,[ 5.50653864 -4.63973481  3.90107421],cruising,[-0.82138112 -0.19970136 -0.21083176]
748.7371978759766,1001,False,2,0,[-7.43664803 -1.10748482  2.23669921],entering,[-0.48080528  0.59740651 -0.20557775]
748.7371978759766,1002,False,3,6,[3.62947626 4.95501029 4.00000001],cruising,[ 0.5677905  -0.59831228 -0.99408226]
748.7371978759766,1003,False,0,4,[3.34109033 5.81973457 3.74367466],entering,[ 0.63925976  0.24903542 -0.34837281]
748.7371978759766,1004,False,5,3,[8.49282381 0.24856398 3.99999992],cruising,[-0.62185191  0.08809385  0.93462812]
748.7371978759766,1005,False,1,5,[-1.01821435 -3.51466499  4.00000213],cruising,[ 0.50568378 -0.03156594 -0.11489306]
748.8364589214325,1000,False,4,1,[ 5.33097858 -4.54392946  3.91591308],cruising,[-0.82138112 -0.19970136 -0.21083176]
748.8364589214325,1001,False,2,0,[-7.41050152 -1.0772134   2.31169921],entering,[-0.48080528  0.59740651 -0.20557775]
748.8364589214325,1002,False,3,6,[3.82895283 4.94055001 4.        ],cruising,[ 0.5677905  -0.59831228 -0.99408226]
748.8364589214325,1003,False,0,4,[3.47698014 5.67299098 3.7821289 ],entering,[ 0.63925976  0.24903542 -0.34837281]
748.8364589214325,1004,False,5,3,[8.49056423 0.04857674 3.99999993],cruising,[-0.62185191  0.08809385  0.93462812]
748.8364589214325,1005,False,1,5,[-1.20156394 -3.59455822  4.00000181],cruising,[ 0.50568378 -0.03156594 -0.11489306]
748.9428417682648,1000,False,4,1,[ 5.1534099  -4.45190031  3.92852612],cruising,[-0.82138112 -0.19970136 -0.21083176]
748.9428417682648,1001,False,2,0,[-7.3713222  -1.0317714   2.38669921],entering,[-0.48080528  0.59740651 -0.20557775]
748.9428417682648,1002,False,3,6,[4.0285207  4.92740985 4.        ],cruising,[ 0.5677905  -0.59831228 -0.99408226]
748.9428417682648,1003,False,0,4,[3.62630167 5.54000685 3.81508168],entering,[ 0.63925976  0.24903542 -0.34837281]
748.9428417682648,1004,False,5,3,[ 8.48650021 -0.15138196  3.99999994],cruising,[-0.62185191  0.08809385  0.93462812]
748.9428417682648,1005,False,1,5,[-1.39181326 -3.6556793   4.00000153],cruising,[ 0.50568378 -0.03156594 -0.11489306]
749.0371263027191,1000,False,4,1,[ 4.97310303 -4.36535882  3.9392472 ],cruising,[-0.82138112 -0.19970136 -0.21083176]
749.0371263027191,1001,False,2,0,[-7.31917314 -0.9711049   2.46169921],entering,[-0.48080528  0.59740651 -0.20557775]
749.0371263027191,1002,False,3,6,[4.22810423 4.91450957 4.        ],cruising,[ 0.5677905  -0.59831228 -0.99408226]
749.0371263027191,1003,False,0,4,[3.78778963 5.422036   3.84287895],cruising,[ 0.63925976  0.24903542 -0.34837281]
749.0371263027191,1004,False,5,3,[ 8.4785022  -0.35122198  3.99999995],cruising,[-0.62185191  0.08809385  0.93462812]
749.0371263027191,1005,False,1,5,[-1.58581728 -3.69715598  4.00000127],cruising,[ 0.50568378 -0.03156594 -0.11489306]
749.1363785266876,1000,False,4,1,[ 4.79179157 -4.28094226  3.94836012],cruising,[-0.82138112 -0.19970136 -0.21083176]
749.1363785266876,1001,False,2,0,[-7.25417788 -0.8951095   2.53669921],entering,[-0.48080528  0.59740651 -0.20557775]
749.1363785266876,1002,False,3,6,[4.42771423 4.90202564 4.        ],cruising,[ 0.5677905  -0.59831228 -0.99408226]
749.1363785266876,1003,False,0,4,[3.95979726 5.31999005 3.86644711],cruising,[ 0.63925976  0.24903542 -0.34837281]
749.1363785266876,1004,False,5,3,[ 8.46880158 -0.55098658  3.99999996],cruising,[-0.62185191  0.08809385  0.93462812]
749.1363785266876,1005,False,1,5,[-1.78047046 -3.7186432   4.00000103],cruising,[ 0.50568378 -0.03156594 -0.11489306]
749.2449424266815,1000,False,4,1,[ 4.60959916 -4.19844421  3.9561061 ],cruising,[-0.82138112 -0.19970136 -0.21083176]
749.2449424266815,1001,False,2,0,[-7.17665409 -0.80352448  2.61169921],entering,[-0.48080528  0.59740651 -0.20557775]
749.2449424266815,1002,False,3,6,[4.6273062  4.88925684 4.        ],cruising,[ 0.5677905  -0.59831228 -0.99408226]
749.2449424266815,1003,False,0,4,[4.13978053 5.23277754 3.88648004],cruising,[ 0.63925976  0.24903542 -0.34837281]
749.2449424266815,1004,False,5,3,[ 8.45723252 -0.75065169  3.99999996],cruising,[-0.62185191  0.08809385  0.93462812]
749.2449424266815,1005,False,1,5,[-1.97277917 -3.72026831  4.0000008 ],cruising,[ 0.50568378 -0.03156594 -0.11489306]
749.3407933712006,1000,False,4,1,[ 4.42611079 -4.11887024  3.96269019],cruising,[-0.82138112 -0.19970136 -0.21083176]
749.3407933712006,1001,False,2,0,[-7.08692595 -0.69609479  2.68669921],entering,[-0.48080528  0.59740651 -0.20557775]
749.3407933712006,1002,False,3,6,[4.82683591 4.87554935 4.        ],cruising,[ 0.5677905  -0.59831228 -0.99408226]
749.3407933712006,1003,False,0,4,[4.32549423 5.15854532 3.90350803],cruising,[ 0.63925976  0.24903542 -0.34837281]
749.3407933712006,1004,False,5,3,[ 8.44365199 -0.95019008  3.99999997],cruising,[-0.62185191  0.08809385  0.93462812]
749.3407933712006,1005,False,1,5,[-2.15985289 -3.7025907   4.00000059],cruising,[ 0.50568378 -0.03156594 -0.11489306]
749.4378352165222,1000,False,4,1,[ 4.2422174  -4.04023679  3.96828666],cruising,[-0.82138112 -0.19970136 -0.21083176]
749.4378352165222,1001,False,2,0,[-6.98554242 -0.57241234  2.76169921],entering,[-0.48080528  0.59740651 -0.20557775]
749.4378352165222,1002,False,3,6,[5.02625185 4.86027578 4.        ],cruising,[ 0.5677905  -0.59831228 -0.99408226]
749.4378352165222,1003,False,0,4,[4.51538102 5.09575197 3.91798183],cruising,[ 0.63925976  0.24903542 -0.34837281]
749.4378352165222,1004,False,5,3,[ 8.42579859 -1.14939163  3.99999997],cruising,[-0.62185191  0.08809385  0.93462812]
749.4378352165222,1005,False,1,5,[-2.33936765 -3.66639655  4.00000039],cruising,[ 0.50568378 -0.03156594 -0.11489306]
749.5425562858582,1000,False,4,1,[ 4.05756377 -3.96340556  3.97304366],cruising,[-0.82138112 -0.19970136 -0.21083176]
749.5425562858582,1001,False,2,0,[-6.87367884 -0.43169556  2.83669921],entering,[-0.48080528  0.59740651 -0.20557775]
749.5425562858582,1002,False,3,6,[5.22557916 4.84388602 4.        ],cruising,[ 0.5677905  -0.59831228 -0.99408226]
749.5425562858582,1003,False,0,4,[4.70804453 5.04207913 3.93028455],cruising,[ 0.63925976  0.24903542 -0.34837281]
749.5425562858582,1004,False,5,3,[ 8.40599285 -1.34840855  3.99999998],cruising,[-0.62185191  0.08809385  0.93462812]
749.5425562858582,1005,False,1,5,[-2.50913055 -3.61274098  4.0000002 ],cruising,[ 0.50568378 -0.03156594 -0.11489306]
749.6437690258026,1000,False,4,1,[ 3.8726973  -3.88708787  3.97708711],cruising,[-0.82138112 -0.19970136 -0.21083176]
749.6437690258026,1001,False,2,0,[-6.75398643 -0.27257472  2.91169921],entering,[-0.48080528  0.59740651 -0.20557775]
749.6437690258026,1002,False,3,6,[5.42466372 4.82477215 4.        ],cruising,[ 0.5677905  -0.59831228 -0.99408226]
749.6437690258026,1003,False,0,4,[4.9026233  4.99582871 3.94074187],cruising,[ 0.63925976  0.24903542 -0.34837281]
749.6437690258026,1004,False,5,3,[ 8.38403974 -1.54720005  3.99999998],cruising,[-0.62185191  0.08809385  0.93462812]
749.6437690258026,1005,False,1,5,[-2.66714454 -3.54290015  4.00000003],cruising,[ 0.50568378 -0.03156594 -0.11489306]
749.7367930412292,1000,False,4,1,[ 3.68734809 -3.8119502   3.98052404],cruising,[-0.82138112 -0.19970136 -0.21083176]
749.7367930412292,1001,False,2,0,[-6.63720038 -0.11021395  2.98669921],entering,[-0.48080528  0.59740651 -0.20557775]
749.7367930412292,1002,False,3,6,[5.62339277 4.80226078 4.        ],exiting,[ 0.5677905  -0.59831228 -0.99408226]
749.7367930412292,1003,False,0,4,[5.09831633 4.95454627 3.94963059],cruising,[ 0.63925976  0.24903542 -0.34837281]
749.7367930412292,1004,False,5,3,[ 8.35744347 -1.74542376  3.99999998],cruising,[-0.62185191  0.08809385  0.93462812]
749.7367930412292,1005,False,1,5,[-2.81172871 -3.45823905  3.99999988],cruising,[ 0.50568378 -0.03156594 -0.11489306]
749.8406631946564,1000,False,4,1,[ 3.50180465 -3.73729345  3.98344544],cruising,[-0.82138112 -0.19970136 -0.21083176]
749.8406631946564,1001,False,2,0,[-6.5239464   0.05463002  3.06169921],entering,[-0.48080528  0.59740651 -0.20557775]
749.8406631946564,1002,False,3,6,[5.80600617 4.79159364 4.        ],exiting,[ 0.5677905  -0.59831228 -0.99408226]
749.8406631946564,1003,False,0,4,[5.29462737 4.91631052 3.957186  ],cruising,[ 0.63925976  0.24903542 -0.34837281]
749.8406631946564,1004,False,5,3,[ 8.32862847 -1.94333711  3.99999999],cruising,[-0.62185191  0.08809385  0.93462812]
749.8406631946564,1005,False,1,5,[-2.94142608 -3.36022194  3.99999975],cruising,[ 0.50568378 -0.03156594 -0.11489306]
749.9388663768768,1000,False,4,1,[ 3.31590082 -3.66353868  3.98592862],cruising,[-0.82138112 -0.19970136 -0.21083176]
749.9388663768768,1001,False,2,0,[-6.41483993  0.22224797  3.13669921],entering,[-0.48080528  0.59740651 -0.20557775]
749.9388663768768,1002,False,3,6,[5.97248487 4.79274476 4.        ],exiting,[ 0.5677905  -0.59831228 -0.99408226]
749.9388663768768,1003,False,0,4,[5.49119339 4.8794079  3.9636081 ],cruising,[ 0.63925976  0.24903542 -0.34837281]
749.9388663768768,1004,False,5,3,[ 8.29733575 -2.14087385  3.99999999],cruising,[-0.62185191  0.08809385  0.93462812]
749.9388663768768,1005,False,1,5,[-3.05493222 -3.25046413  3.99999963],cruising,[ 0.50568378 -0.03156594 -0.11489306]
750.0410447120667,1000,False,4,1,[ 3.12970822 -3.59051597  3.98803933],cruising,[-0.82138112 -0.19970136 -0.21083176]
750.0410447120667,1001,False,2,0,[-6.31041913  0.39282434  3.21169921],entering,[-0.48080528  0.59740651 -0.20557775]
750.0410447120667,1002,False,3,6,[6.12280346 4.80567937 4.        ],exiting,[ 0.5677905  -0.59831228 -0.99408226]
750.0410447120667,1003,False,0,4,[5.68771951 4.84229348 3.96906689],cruising,[ 0.63925976  0.24903542 -0.34837281]
750.0410447120667,1004,False,5,3,[ 8.26060222 -2.33747153  3.99999999],cruising,[-0.62185191  0.08809385  0.93462812]
750.0410447120667,1005,False,1,5,[-3.15114497 -3.13065949  3.99999953],cruising,[ 0.50568378 -0.03156594 -0.11489306]
750.1396887302399,1000,False,4,1,[ 2.94317892 -3.51835766  3.98983343],cruising,[-0.82138112 -0.19970136 -0.21083176]
750.1396887302399,1001,False,2,0,[-6.21138649  0.56658433  3.28669921],entering,[-0.48080528  0.59740651 -0.20557775]
750.1396887302399,1002,False,3,6,[6.25692792 4.83035069 4.        ],exiting,[ 0.5677905  -0.59831228 -0.99408226]
750.1396887302399,1003,False,0,4,[5.88434816 4.80572608 3.97370685],cruising,[ 0.63925976  0.24903542 -0.34837281]
750.1396887302399,1004,False,5,3,[ 8.22116499 -2.53354475  3.99999999],cruising,[-0.62185191  0.08809385  0.93462812]
750.1396887302399,1005,False,1,5,[-3.22944258 -3.00196397  3.99999945],cruising,[ 0.50568378 -0.03156594 -0.11489306]
750.2453963756561,1000,False,4,1,[ 2.75618214 -3.44741964  3.99135841],cruising,[-0.82138112 -0.19970136 -0.21083176]
750.2453963756561,1001,False,2,0,[-6.11857387  0.74374476  3.36169921],entering,[-0.48080528  0.59740651 -0.20557775]
750.2453963756561,1002,False,3,6,[6.37480988 4.8666917  4.        ],exiting,[ 0.5677905  -0.59831228 -0.99408226]
750.2453963756561,1003,False,0,4,[6.08038555 4.76611116 3.97765083],cruising,[ 0.63925976  0.24903542 -0.34837281]
750.2453963756561,1004,False,5,3,[ 8.17866908 -2.72897785  3.99999999],cruising,[-0.62185191  0.08809385  0.93462812]
750.2453963756561,1005,False,1,5,[-3.28945841 -2.86515819  3.9999994 ],cruising,[ 0.50568378 -0.03156594 -0.11489306]
750.3376641273499,1000,False,4,1,[ 2.56857083 -3.37812319  3.99265465],cruising,[-0.82138112 -0.19970136 -0.21083176]
750.3376641273499,1001,False,2,0,[-6.03294923  0.92448884  3.43669921],entering,[-0.48080528  0.59740651 -0.20557775]
750.3376641273499,1002,False,3,6,[6.47638699 4.91461508 4.        ],exiting,[ 0.5677905  -0.59831228 -0.99408226]
750.3376641273499,1003,False,0,4,[6.27550068 4.72217841 3.9810032 ],cruising,[ 0.63925976  0.24903542 -0.34837281]
750.3376641273499,1004,False,5,3,[ 8.12929139 -2.92278663  3.99999999],cruising,[-0.62185191  0.08809385  0.93462812]
750.3376641273499,1005,False,1,5,[-3.33101783 -2.72064778  3.99999936],cruising,[ 0.50568378 -0.03156594 -0.11489306]
750.4363968372345,1000,False,4,1,[ 2.38052002 -3.31002845  3.99375645],cruising,[-0.82138112 -0.19970136 -0.21083176]
750.4363968372345,1001,False,2,0,[-5.95566721  1.10895425  3.51169921],entering,[-0.48080528  0.59740651 -0.20557775]
750.4363968372345,1002,False,3,6,[6.56160987 4.97405103 4.        ],exiting,[ 0.5677905  -0.59831228 -0.99408226]
750.4363968372345,1003,False,0,4,[6.46927082 4.67264927 3.98385272],cruising,[ 0.63925976  0.24903542 -0.34837281]
750.4363968372345,1004,False,5,3,[ 8.07640616 -3.11566782  3.99999999],cruising,[-0.62185191  0.08809385  0.93462812]
750.4363968372345,1005,False,1,5,[-3.35404761 -2.56861059  3.99999935],cruising,[ 0.50568378 -0.03156594 -0.11489306]
750.5377297401428,1000,False,4,1,[ 2.19156987 -3.24447054  3.99469299],cruising,[-0.82138112 -0.19970136 -0.21083176]
750.5377297401428,1001,False,2,0,[-5.888075    1.29718628  3.58494433],entering,[-0.48080528  0.59740651 -0.20557775]
750.5377297401428,1002,False,3,6,[6.6304265 5.0449253 4.       ],exiting,[ 0.5677905  -0.59831228 -0.99408226]
750.5377297401428,1003,False,0,4,[6.66114099 4.61620608 3.98627481],cruising,[ 0.63925976  0.24903542 -0.34837281]
750.5377297401428,1004,False,5,3,[ 8.01528301 -3.30609881  4.        ],cruising,[-0.62185191  0.08809385  0.93462812]
750.5377297401428,1005,False,1,5,[-3.35855129 -2.40903793  3.99999936],cruising,[ 0.50568378 -0.03156594 -0.11489306]
750.6517751216888,1000,False,4,1,[ 2.00154518 -3.18209574  3.99548904],cruising,[-0.82138112 -0.19970136 -0.21083176]
750.6517751216888,1001,False,2,0,[-5.8316879   1.48907295  3.64720268],entering,[-0.48080528  0.59740651 -0.20557775]
750.6517751216888,1002,False,3,6,[6.682783  5.1271602 4.       ],exiting,[ 0.5677905  -0.59831228 -0.99408226]
750.6517751216888,1003,False,0,4,[6.85037512 4.55147242 3.98833359],cruising,[ 0.63925976  0.24903542 -0.34837281]
750.6517751216888,1004,False,5,3,[ 7.94522042 -3.49342535  4.        ],cruising,[-0.62185191  0.08809385  0.93462812]
750.6517751216888,1005,False,1,5,[-3.34485319 -2.24117702  3.99999939],cruising,[ 0.50568378 -0.03156594 -0.11489306]
750.7527554035187,1000,False,4,1,[ 1.81087092 -3.12173575  3.99616568],cruising,[-0.82138112 -0.19970136 -0.21083176]
750.7527554035187,1001,False,2,0,[-5.78811056  1.68426776  3.70012228],entering,[-0.48080528  0.59740651 -0.20557775]
750.7527554035187,1002,False,3,6,[6.71916304 5.2203079  4.        ],exiting,[ 0.5677905  -0.59831228 -0.99408226]
750.7527554035187,1003,False,0,4,[7.035997   4.47701092 3.99008355],cruising,[ 0.63925976  0.24903542 -0.34837281]
750.7527554035187,1004,False,5,3,[ 7.86510461 -3.67667779  4.        ],cruising,[-0.62185191  0.08809385  0.93462812]
750.7527554035187,1005,False,1,5,[-3.31399774 -2.06303868  3.99999945],cruising,[ 0.50568378 -0.03156594 -0.11489306]
750.8590934276581,1000,False,4,1,[ 1.61871291 -3.06628039  3.99674083],cruising,[-0.82138112 -0.19970136 -0.21083176]
750.8590934276581,1001,False,2,0,[-5.75887985  1.88212014  3.74510394],entering,[-0.48080528  0.59740651 -0.20557775]
750.8590934276581,1002,False,3,6,[6.75554307 5.31345559 4.        ],exiting,[ 0.5677905  -0.59831228 -0.99408226]
750.8590934276581,1003,False,0,4,[7.21672295 4.39134801 3.99157102],cruising,[ 0.63925976  0.24903542 -0.34837281]
750.8590934276581,1004,False,5,3,[ 7.77937108 -3.85737024  4.        ],cruising,[-0.62185191  0.08809385  0.93462812]
750.8590934276581,1005,False,1,5,[-3.27154005 -1.8686096   3.99999953],cruising,[ 0.50568378 -0.03156594 -0.11489306]
750.9521443843842,1000,False,4,1,[ 1.42488064 -3.01699498  3.99722971],cruising,[-0.82138112 -0.19970136 -0.21083176]
750.9521443843842,1001,False,2,0,[-5.74522349  2.08165336  3.78333834],entering,[-0.48080528  0.59740651 -0.20557775]
750.9521443843842,1002,False,3,6,[6.7919231  5.40660329 4.        ],exiting,[ 0.5677905  -0.59831228 -0.99408226]
750.9521443843842,1003,False,0,4,[7.38791253 4.28810627 3.99285345],cruising,[ 0.63925976  0.24903542 -0.34837281]
750.9521443843842,1004,False,5,3,[ 7.67968565 -4.03075656  4.        ],cruising,[-0.62185191  0.08809385  0.93462812]
750.9521443843842,1005,False,1,5,[-3.24476761 -1.67040961  3.9999996 ],cruising,[ 0.50568378 -0.03156594 -0.11489306]
751.0533246994019,1000,False,4,1,[ 1.22920875 -2.97561248  3.99764525],cruising,[-0.82138112 -0.19970136 -0.21083176]
751.0533246994019,1001,False,2,0,[-5.74692259  2.28164614  3.81583759],entering,[-0.48080528  0.59740651 -0.20557775]
751.0533246994019,1002,False,3,6,[6.82830313 5.49975099 4.        ],exiting,[ 0.5677905  -0.59831228 -0.99408226]
751.0533246994019,1003,False,0,4,[7.54917575 4.1698093  3.99392543],cruising,[ 0.63925976  0.24903542 -0.34837281]
751.0533246994019,1004,False,5,3,[ 7.56344921 -4.19291506  4.        ],cruising,[-0.62185191  0.08809385  0.93462812]
751.0533246994019,1005,False,1,5,[-3.23442309 -1.47067731  3.99999966],cruising,[ 0.50568378 -0.03156594 -0.11489306]
751.1645493507385,1000,False,4,1,[ 1.0308119  -2.95034011  3.99799846],cruising,[-0.82138112 -0.19970136 -0.21083176]
751.1645493507385,1001,False,2,0,[-5.76462875  2.48086083  3.84346195],cruising,[-0.48080528  0.59740651 -0.20557775]
751.1645493507385,1002,False,3,6,[6.86468317 5.59289868 4.        ],exiting,[ 0.5677905  -0.59831228 -0.99408226]
751.1645493507385,1003,False,0,4,[7.69901608 4.03734089 3.99483662],cruising,[ 0.63925976  0.24903542 -0.34837281]
751.1645493507385,1004,False,5,3,[ 7.43192916 -4.3421735   4.        ],cruising,[-0.62185191  0.08809385  0.93462812]
751.1645493507385,1005,False,1,5,[-3.23992539 -1.27075301  3.99999971],cruising,[ 0.50568378 -0.03156594 -0.11489306]
751.252911567688,1000,False,4,1,[ 0.83111611 -2.93931329  3.99829869],cruising,[-0.82138112 -0.19970136 -0.21083176]
751.252911567688,1001,False,2,0,[-5.7961498   2.67836127  3.86694266],cruising,[-0.48080528  0.59740651 -0.20557775]
751.252911567688,1002,False,3,6,[6.9010632  5.68604638 4.        ],exiting,[ 0.5677905  -0.59831228 -0.99408226]
751.252911567688,1003,False,0,4,[7.83486241 3.89058437 3.9956139 ],cruising,[ 0.63925976  0.24903542 -0.34837281]
751.252911567688,1004,False,5,3,[ 7.28699222 -4.47659999  4.        ],cruising,[-0.62185191  0.08809385  0.93462812]
751.252911567688,1005,False,1,5,[-3.25925248 -1.07168904  3.99999976],cruising,[ 0.50568378 -0.03156594 -0.11489306]
751.3670451641083,1000,False,4,1,[ 0.63117425 -2.94413526  3.99855389],cruising,[-0.82138112 -0.19970136 -0.21083176]
751.3670451641083,1001,False,2,0,[-5.84091509  2.87328707  3.88690126],cruising,[-0.48080528  0.59740651 -0.20557775]
751.3670451641083,1002,False,3,6,[6.93744323 5.77919407 4.        ],exiting,[ 0.5677905  -0.59831228 -0.99408226]
751.3670451641083,1003,False,0,4,[7.95494656 3.73151735 3.99632035],cruising,[ 0.63925976  0.24903542 -0.34837281]
751.3670451641083,1004,False,5,3,[ 7.13101474 -4.59434995  4.        ],cruising,[-0.62185191  0.08809385  0.93462812]
751.3670451641083,1005,False,1,5,[-3.29213935 -0.87441143  3.99999979],cruising,[ 0.50568378 -0.03156594 -0.11489306]
751.4556484222412,1000,False,4,1,[ 0.4321503  -2.9638702   3.99877081],cruising,[-0.82138112 -0.19970136 -0.21083176]
751.4556484222412,1001,False,2,0,[-5.8952367   3.06576866  3.90386607],cruising,[-0.48080528  0.59740651 -0.20557775]
751.4556484222412,1002,False,3,6,[6.97382327 5.87234177 4.        ],exiting,[ 0.5677905  -0.59831228 -0.99408226]
751.4556484222412,1003,False,0,4,[8.05819137 3.56166005 3.99694527],cruising,[ 0.63925976  0.24903542 -0.34837281]
751.4556484222412,1004,False,5,3,[ 6.96614624 -4.69418484  4.        ],cruising,[-0.62185191  0.08809385  0.93462812]
751.4556484222412,1005,False,1,5,[-3.33747535 -0.67961758  3.99999982],cruising,[ 0.50568378 -0.03156594 -0.11489306]
751.5541200637817,1000,False,4,1,[ 0.23506237 -2.9978753   3.99895518],cruising,[-0.82138112 -0.19970136 -0.21083176]
751.5541200637817,1001,False,2,0,[-5.95667652  3.25609771  3.91828616],cruising,[-0.48080528  0.59740651 -0.20557775]
751.5541200637817,1002,False,3,6,[7.0102033  5.96548946 4.        ],exiting,[ 0.5677905  -0.59831228 -0.99408226]
751.5541200637817,1003,False,0,4,[8.14371799 3.382526   3.99748284],cruising,[ 0.63925976  0.24903542 -0.34837281]
751.5541200637817,1004,False,5,3,[ 6.79455003 -4.77518524  4.        ],cruising,[-0.62185191  0.08809385  0.93462812]
751.5541200637817,1005,False,1,5,[-3.39428559 -0.48785575  3.99999985],cruising,[ 0.50568378 -0.03156594 -0.11489306]
751.6614208221436,1000,False,4,1,[ 0.04075489 -3.04525257  3.99911191],cruising,[-0.82138112 -0.19970136 -0.21083176]
751.6614208221436,1001,False,2,0,[-6.02284375  3.44483536  3.93054324],cruising,[-0.48080528  0.59740651 -0.20557775]
751.6614208221436,1002,False,3,6,[7.04658333 6.05863716 4.        ],exiting,[ 0.5677905  -0.59831228 -0.99408226]
751.6614208221436,1003,False,0,4,[8.21085355 3.1955332  3.99792639],cruising,[ 0.63925976  0.24903542 -0.34837281]
751.6614208221436,1004,False,5,3,[ 6.61821066 -4.83675621  4.        ],cruising,[-0.62185191  0.08809385  0.93462812]
751.6614208221436,1005,False,1,5,[-3.45991763 -0.29893134  3.99999987],cruising,[ 0.50568378 -0.03156594 -0.11489306]
751.7530770301819,1000,False,4,1,[-0.14899723 -3.10845171  3.99924512],cruising,[-0.82138112 -0.19970136 -0.21083176]
751.7530770301819,1001,False,2,0,[-6.09146226  3.63269568  3.94096175],cruising,[-0.48080528  0.59740651 -0.20557775]
751.7530770301819,1002,False,3,6,[7.08296336 6.15178486 4.        ],exiting,[ 0.5677905  -0.59831228 -0.99408226]
751.7530770301819,1003,False,0,4,[8.25907777 3.00203263 3.99826695],cruising,[ 0.63925976  0.24903542 -0.34837281]
751.7530770301819,1004,False,5,3,[ 6.43938964 -4.87848176  4.        ],cruising,[-0.62185191  0.08809385  0.93462812]
751.7530770301819,1005,False,1,5,[-3.53582423 -0.1138957   3.99999989],cruising,[ 0.50568378 -0.03156594 -0.11489306]
751.8521342277527,1000,False,4,1,[-0.33531945 -3.18114305  3.99935835],cruising,[-0.82138112 -0.19970136 -0.21083176]
751.8521342277527,1001,False,2,0,[-6.16035528  3.8204555   3.94981749],cruising,[-0.48080528  0.59740651 -0.20557775]
751.8521342277527,1002,False,3,6,[7.1193434  6.24493255 4.        ],exiting,[ 0.5677905  -0.59831228 -0.99408226]
751.8521342277527,1003,False,0,4,[8.29435894 2.80516913 3.99852691],cruising,[ 0.63925976  0.24903542 -0.34837281]
751.8521342277527,1004,False,5,3,[ 6.25979478 -4.90022227  4.        ],cruising,[-0.62185191  0.08809385  0.93462812]
751.8521342277527,1005,False,1,5,[-3.62233564  0.06642561  3.99999991],cruising,[ 0.50568378 -0.03156594 -0.11489306]
751.9529111385345,1000,False,4,1,[-0.51733621 -3.2640279   3.9994546 ],cruising,[-0.82138112 -0.19970136 -0.21083176]
751.9529111385345,1001,False,2,0,[-6.2273749   4.00889215  3.95734487],cruising,[-0.48080528  0.59740651 -0.20557775]
751.9529111385345,1002,False,3,6,[7.15572343 6.33808025 4.        ],exiting,[ 0.5677905  -0.59831228 -0.99408226]
751.9529111385345,1003,False,0,4,[8.32846072 2.6080979  3.99874787],cruising,[ 0.63925976  0.24903542 -0.34837281]
751.9529111385345,1004,False,5,3,[ 6.0804505  -4.90196436  4.        ],cruising,[-0.62185191  0.08809385  0.93462812]
751.9529111385345,1005,False,1,5,[-3.71646962  0.24288749  3.99999992],cruising,[ 0.50568378 -0.03156594 -0.11489306]
752.0521638393402,1000,False,4,1,[-0.6963718  -3.35316968  3.99953641],cruising,[-0.82138112 -0.19970136 -0.21083176]
752.0521638393402,1001,False,2,0,[-6.29029563  4.19873678  3.96374314],cruising,[-0.48080528  0.59740651 -0.20557775]
752.0521638393402,1002,False,3,6,[7.19210346 6.43122794 4.        ],exiting,[ 0.5677905  -0.59831228 -0.99408226]
752.0521638393402,1003,False,0,4,[8.35697232 2.41014061 3.99893569],cruising,[ 0.63925976  0.24903542 -0.34837281]
752.0521638393402,1004,False,5,3,[ 5.90263511 -4.88376497  4.        ],cruising,[-0.62185191  0.08809385  0.93462812]
752.0521638393402,1005,False,1,5,[-3.81663165  0.41599893  3.99999993],cruising,[ 0.50568378 -0.03156594 -0.11489306]
752.1531322002411,1000,False,4,1,[-0.87436861 -3.44436802  3.99960595],cruising,[-0.82138112 -0.19970136 -0.21083176]
752.1531322002411,1001,False,2,0,[-6.34668055  4.39062409  3.96918167],cruising,[-0.48080528  0.59740651 -0.20557775]
752.1531322002411,1002,False,3,6,[7.22848349 6.52437564 4.        ],exiting,[ 0.5677905  -0.59831228 -0.99408226]
752.1531322002411,1003,False,0,4,[8.38406184 2.21198371 3.99909534],cruising,[ 0.63925976  0.24903542 -0.34837281]
752.1531322002411,1004,False,5,3,[ 5.72738138 -4.84573031  4.        ],cruising,[-0.62185191  0.08809385  0.93462812]
752.1531322002411,1005,False,1,5,[-3.92151302  0.58629249  3.99999994],cruising,[ 0.50568378 -0.03156594 -0.11489306]
752.2524302005768,1000,False,4,1,[-1.05378373 -3.53274344  3.99966506],cruising,[-0.82138112 -0.19970136 -0.21083176]
752.2524302005768,1001,False,2,0,[-6.38749887  4.58641445  3.97380442],cruising,[-0.48080528  0.59740651 -0.20557775]
752.2524302005768,1002,False,3,6,[7.26486353 6.61752333 4.        ],exiting,[ 0.5677905  -0.59831228 -0.99408226]
752.2524302005768,1003,False,0,4,[8.40612808 2.01320473 3.99923104],cruising,[ 0.63925976  0.24903542 -0.34837281]
752.2524302005768,1004,False,5,3,[ 5.55502289 -4.78790633  4.        ],cruising,[-0.62185191  0.08809385  0.93462812]
752.2524302005768,1005,False,1,5,[-4.03109404  0.75360059  3.99999995],cruising,[ 0.50568378 -0.03156594 -0.11489306]
752.352420091629,1000,False,4,1,[-1.2386313  -3.60910689  3.9997153 ],cruising,[-0.82138112 -0.19970136 -0.21083176]
752.352420091629,1001,False,2,0,[-6.41525975  4.78447841  3.97773375],cruising,[-0.48080528  0.59740651 -0.20557775]
752.352420091629,1002,False,3,6,[7.30124356 6.71067103 4.        ],exiting,[ 0.5677905  -0.59831228 -0.99408226]
752.352420091629,1003,False,0,4,[8.42671296 1.8142669  3.99934638],cruising,[ 0.63925976  0.24903542 -0.34837281]
752.352420091629,1004,False,5,3,[ 5.38602888 -4.71036736  4.        ],cruising,[-0.62185191  0.08809385  0.93462812]
752.352420091629,1005,False,1,5,[-4.14299455  0.91936631  3.99999996],cruising,[ 0.50568378 -0.03156594 -0.11489306]
752.452211856842,1000,False,4,1,[-1.42988413 -3.66652377  3.9997598 ],cruising,[-0.82138112 -0.19970136 -0.21083176]
752.452211856842,1001,False,2,0,[-6.42307327  4.98392967  3.98124074],cruising,[-0.48080528  0.59740651 -0.20557775]
752.452211856842,1002,False,3,6,[7.33762359 6.80381873 4.        ],exiting,[ 0.5677905  -0.59831228 -0.99408226]
752.452211856842,1003,False,0,4,[8.44281167 1.61491587 3.99944442],cruising,[ 0.63925976  0.24903542 -0.34837281]
752.452211856842,1004,False,5,3,[ 5.2195574  -4.61298811  4.        ],cruising,[-0.62185191  0.08809385  0.93462812]
752.452211856842,1005,False,1,5,[-4.25662653  1.08394995  3.99999997],cruising,[ 0.50568378 -0.03156594 -0.11489306]
752.5523521900177,1000,False,4,1,[-1.62429647 -3.70419179  3.99980127],cruising,[-0.82138112 -0.19970136 -0.21083176]
752.5523521900177,1001,False,2,0,[-6.41093186  5.1820737   3.9844441 ],cruising,[-0.48080528  0.59740651 -0.20557775]
752.5523521900177,1002,False,3,6,[7.37400362 6.89696642 4.        ],exiting,[ 0.5677905  -0.59831228 -0.99408226]
752.5523521900177,1003,False,0,4,[8.45743155 1.41545094 3.99952776],cruising,[ 0.63925976  0.24903542 -0.34837281]
752.5523521900177,1004,False,5,3,[ 5.0526309  -4.50282666  4.        ],cruising,[-0.62185191  0.08809385  0.93462812]
752.5523521900177,1005,False,1,5,[-4.37108007  1.24796332  3.99999997],cruising,[ 0.50568378 -0.03156594 -0.11489306]
752.6523866653442,1000,False,4,1,[-1.81868964 -3.72185982  3.99984025],cruising,[-0.82138112 -0.19970136 -0.21083176]
752.6523866653442,1001,False,2,0,[-6.37916992  5.37634948  3.98738084],cruising,[-0.48080528  0.59740651 -0.20557775]
752.6523866653442,1002,False,3,6,[7.41038366 6.99011412 4.        ],exiting,[ 0.5677905  -0.59831228 -0.99408226]
752.6523866653442,1003,False,0,4,[8.47032166 1.21586676 3.9995986 ],cruising,[ 0.63925976  0.24903542 -0.34837281]
752.6523866653442,1004,False,5,3,[ 4.8806374  -4.40075691  4.        ],cruising,[-0.62185191  0.08809385  0.93462812]
752.6523866653442,1005,False,1,5,[-4.48659332  1.41123209  3.99999997],cruising,[ 0.50568378 -0.03156594 -0.11489306]
752.7532529830933,1000,False,4,1,[-2.01006116 -3.71975743  3.99987692],cruising,[-0.82138112 -0.19970136 -0.21083176]
752.7532529830933,1001,False,2,0,[-6.32841462  5.56436518  3.99006485],cruising,[-0.48080528  0.59740651 -0.20557775]
752.7532529830933,1002,False,3,6,[7.44676369 7.08326181 4.        ],exiting,[ 0.5677905  -0.59831228 -0.99408226]
752.7532529830933,1003,False,0,4,[8.47895075 1.016053   3.99965881],cruising,[ 0.63925976  0.24903542 -0.34837281]
752.7532529830933,1004,False,5,3,[ 4.70577176 -4.30368988  4.        ],cruising,[-0.62185191  0.08809385  0.93462812]
752.7532529830933,1005,False,1,5,[-4.60272692  1.57406018  3.99999998],cruising,[ 0.50568378 -0.03156594 -0.11489306]
752.8603105545044,1000,False,4,1,[-2.19577795 -3.69847108  3.99991126],cruising,[-0.82138112 -0.19970136 -0.21083176]
752.8603105545044,1001,False,2,0,[-6.25955418  5.7438872   3.99250162],cruising,[-0.48080528  0.59740651 -0.20557775]
752.8603105545044,1002,False,3,6,[7.48314372 7.17640951 4.        ],exiting,[ 0.5677905  -0.59831228 -0.99408226]
752.8603105545044,1003,False,0,4,[8.48599461 0.81617708 3.99970999],cruising,[ 0.63925976  0.24903542 -0.34837281]
752.8603105545044,1004,False,5,3,[ 4.52784364 -4.2123576   4.        ],cruising,[-0.62185191  0.08809385  0.93462812]
752.8603105545044,1005,False,1,5,[-4.71910119  1.73671635  3.99999998],cruising,[ 0.50568378 -0.03156594 -0.11489306]
752.9628717899323,1000,False,4,1,[-2.37344144 -3.65887779  3.99994324],cruising,[-0.82138112 -0.19970136 -0.21083176]
752.9628717899323,1001,False,2,0,[-6.17362548  5.91298779  3.99467606],cruising,[-0.48080528  0.59740651 -0.20557775]
752.9628717899323,1002,False,3,6,[7.51952375 7.26955721 4.        ],exiting,[ 0.5677905  -0.59831228 -0.99408226]
752.9628717899323,1003,False,0,4,[8.49127407 0.61624677 3.99975349],cruising,[ 0.63925976  0.24903542 -0.34837281]
752.9628717899323,1004,False,5,3,[ 4.34830868 -4.1242259   4.        ],cruising,[-0.62185191  0.08809385  0.93462812]
752.9628717899323,1005,False,1,5,[-4.83537959  1.89944107  3.99999998],cruising,[ 0.50568378 -0.03156594 -0.11489306]
753.0521755218506,1000,False,4,1,[-2.54086829 -3.60210279  3.99997277],cruising,[-0.82138112 -0.19970136 -0.21083176]
753.0521755218506,1001,False,2,0,[-6.07178682  6.06997206  3.99659113],cruising,[-0.48080528  0.59740651 -0.20557775]
753.0521755218506,1002,False,3,6,[7.55590379 7.3627049  4.        ],exiting,[ 0.5677905  -0.59831228 -0.99408226]
753.0521755218506,1003,False,0,4,[8.492536   0.41625075 3.99979046],cruising,[ 0.63925976  0.24903542 -0.34837281]
753.0521755218506,1004,False,5,3,[ 4.16697475 -4.03985762  4.        ],cruising,[-0.62185191  0.08809385  0.93462812]
753.0521755218506,1005,False,1,5,[-4.95125464  2.06245325  3.99999999],cruising,[ 0.50568378 -0.03156594 -0.11489306]
753.1525204181671,1000,False,4,1,[-2.69621388 -3.52938905  3.99999973],cruising,[-0.82138112 -0.19970136 -0.21083176]
753.1525204181671,1001,False,2,0,[-5.95493768  6.21374227  3.99823362],cruising,[-0.48080528  0.59740651 -0.20557775]
753.1525204181671,1002,False,3,6,[7.59228382 7.4558526  4.        ],exiting,[ 0.5677905  -0.59831228 -0.99408226]
753.1525204181671,1003,False,0,4,[8.49218229 0.21625106 3.99982189],cruising,[ 0.63925976  0.24903542 -0.34837281]
753.1525204181671,1004,False,5,3,[ 3.98473668 -3.95746051  4.        ],cruising,[-0.62185191  0.08809385  0.93462812]
753.1525204181671,1005,False,1,5,[-5.06682382  2.22568243  3.99999999],cruising,[ 0.50568378 -0.03156594 -0.11489306]
753.2527964115143,1000,False,4,1,[-2.83785851 -3.44210535  4.000024  ],cruising,[-0.82138112 -0.19970136 -0.21083176]
753.2527964115143,1001,False,2,0,[-5.82396859  6.34335102  3.99959235],cruising,[-0.48080528  0.59740651 -0.20557775]
753.2527964115143,1002,False,3,6,[7.62866385 7.54900029 4.        ],exiting,[ 0.5677905  -0.59831228 -0.99408226]
753.2527964115143,1003,False,0,4,[8.49005425 0.01626239 3.99984861],cruising,[ 0.63925976  0.24903542 -0.34837281]
753.2527964115143,1004,False,5,3,[ 3.80141445 -3.8775045   4.        ],cruising,[-0.62185191  0.08809385  0.93462812]
753.2527964115143,1005,False,1,5,[-5.18146423  2.38956524  3.99999999],cruising,[ 0.50568378 -0.03156594 -0.11489306]
753.3528509140015,1000,False,4,1,[-2.96434407 -3.34177549  4.00004542],cruising,[-0.82138112 -0.19970136 -0.21083176]
753.3528509140015,1001,False,2,0,[-5.67972621  6.45800205  4.00065764],cruising,[-0.48080528  0.59740651 -0.20557775]
753.3528509140015,1002,False,3,6,[7.66504388 7.64214799 4.        ],exiting,[ 0.5677905  -0.59831228 -0.99408226]
753.3528509140015,1003,False,0,4,[ 8.48602602 -0.18369704  3.99987132],cruising,[ 0.63925976  0.24903542 -0.34837281]
753.3528509140015,1004,False,5,3,[ 3.61751222 -3.79889173  4.        ],cruising,[-0.62185191  0.08809385  0.93462812]
753.3528509140015,1005,False,1,5,[-5.29487569  2.55430091  3.99999999],cruising,[ 0.50568378 -0.03156594 -0.11489306]
753.4523837566376,1000,False,4,1,[-3.07443652 -3.22998849  4.00006385],cruising,[-0.82138112 -0.19970136 -0.21083176]
753.4523837566376,1001,False,2,0,[-5.5229798   6.55704674  4.0014209 ],cruising,[-0.48080528  0.59740651 -0.20557775]
753.4523837566376,1002,False,3,6,[7.70142392 7.73529568 4.        ],exiting,[ 0.5677905  -0.59831228 -0.99408226]
753.4523837566376,1003,False,0,4,[ 8.47792064 -0.38353273  3.99989062],cruising,[ 0.63925976  0.24903542 -0.34837281]
753.4523837566376,1004,False,5,3,[ 3.43290468 -3.72194982  4.        ],cruising,[-0.62185191  0.08809385  0.93462812]
753.4523837566376,1005,False,1,5,[-5.40674633  2.7200868   3.99999999],cruising,[ 0.50568378 -0.03156594 -0.11489306]
753.5523216724396,1000,False,4,1,[-3.16704482 -3.10849044  4.00007908],cruising,[-0.82138112 -0.19970136 -0.21083176]
753.5523216724396,1001,False,2,0,[-5.35441558  6.63995934  4.00187576],cruising,[-0.48080528  0.59740651 -0.20557775]
753.5523216724396,1002,False,3,6,[7.73780395 7.82844338 4.        ],exiting,[ 0.5677905  -0.59831228 -0.99408226]
753.5523216724396,1003,False,0,4,[ 8.46806724 -0.58328986  3.99990703],cruising,[ 0.63925976  0.24903542 -0.34837281]
753.5523216724396,1004,False,5,3,[ 3.24780759 -3.64619321  4.        ],cruising,[-0.62185191  0.08809385  0.93462812]
753.5523216724396,1005,False,1,5,[-5.51673952  2.88712421  3.99999999],cruising,[ 0.50568378 -0.03156594 -0.11489306]
753.6523234844208,1000,False,4,1,[-3.24163184 -2.97831866  4.000091  ],cruising,[-0.82138112 -0.19970136 -0.21083176]
753.6523234844208,1001,False,2,0,[-5.17488603  6.70614852  4.00203216],cruising,[-0.48080528  0.59740651 -0.20557775]
753.6523234844208,1002,False,3,6,[7.77418398 7.92159108 4.        ],exiting,[ 0.5677905  -0.59831228 -0.99408226]
753.6523234844208,1003,False,0,4,[ 8.45630919 -0.78294393  3.99992097],cruising,[ 0.63925976  0.24903542 -0.34837281]
753.6523234844208,1004,False,5,3,[ 3.06218254 -3.57173959  4.        ],cruising,[-0.62185191  0.08809385  0.93462812]
753.6523234844208,1005,False,1,5,[-5.62564463  3.05487306  4.        ],cruising,[ 0.50568378 -0.03156594 -0.11489306]
753.7535135746002,1000,False,4,1,[-3.29793745 -2.84003578  4.00009948],cruising,[-0.82138112 -0.19970136 -0.21083176]
753.7535135746002,1001,False,2,0,[-4.98441103  6.75560156  4.00187506],cruising,[-0.48080528  0.59740651 -0.20557775]
753.7535135746002,1002,False,3,6,[7.81056401 8.01473877 4.        ],exiting,[ 0.5677905  -0.59831228 -0.99408226]
753.7535135746002,1003,False,0,4,[ 8.44043572 -0.98231302  3.99993283],cruising,[ 0.63925976  0.24903542 -0.34837281]
753.7535135746002,1004,False,5,3,[ 2.87600674 -3.49867406  4.        ],cruising,[-0.62185191  0.08809385  0.93462812]
753.7535135746002,1005,False,1,5,[-5.73183042  3.22435633  4.        ],cruising,[ 0.50568378 -0.03156594 -0.11489306]
753.8638153076172,1000,False,4,1,[-3.33579646 -2.69402486  4.0001044 ],cruising,[-0.82138112 -0.19970136 -0.21083176]
753.8638153076172,1001,False,2,0,[-4.78944665  6.80019853  4.00159381],cruising,[-0.48080528  0.59740651 -0.20557775]
753.8638153076172,1002,False,3,6,[7.84694405 8.10788647 4.        ],exiting,[ 0.5677905  -0.59831228 -0.99408226]
753.8638153076172,1003,False,0,4,[ 8.42270467 -1.1815255   3.9999429 ],cruising,[ 0.63925976  0.24903542 -0.34837281]
753.8638153076172,1004,False,5,3,[ 2.68917051 -3.42731424  4.        ],cruising,[-0.62185191  0.08809385  0.93462812]
753.8638153076172,1005,False,1,5,[-5.83482775  3.39579597  4.        ],cruising,[ 0.50568378 -0.03156594 -0.11489306]
753.9518868923187,1000,False,4,1,[-3.35508955 -2.54057705  4.00010569],cruising,[-0.82138112 -0.19970136 -0.21083176]
753.9518868923187,1001,False,2,0,[-4.5953438   6.84840727  4.00135473],cruising,[-0.48080528  0.59740651 -0.20557775]
753.9518868923187,1002,False,3,6,[7.88332408 8.20103416 4.        ],exiting,[ 0.5677905  -0.59831228 -0.99408226]
753.9518868923187,1003,False,0,4,[ 8.40292321 -1.38054483  3.99995147],cruising,[ 0.63925976  0.24903542 -0.34837281]
753.9518868923187,1004,False,5,3,[ 2.50183171 -3.35728443  4.        ],cruising,[-0.62185191  0.08809385  0.93462812]
753.9518868923187,1005,False,1,5,[-5.93406706  3.56943801  4.        ],cruising,[ 0.50568378 -0.03156594 -0.11489306]
754.0530295372009,1000,False,4,1,[-3.35592415 -2.37942967  4.00010326],cruising,[-0.82138112 -0.19970136 -0.21083176]
754.0530295372009,1001,False,2,0,[-4.40178855  6.89876962  4.00115152],cruising,[-0.48080528  0.59740651 -0.20557775]
754.0530295372009,1002,False,3,6,[7.91970411 8.29418186 4.        ],exiting,[ 0.5677905  -0.59831228 -0.99408226]
754.0530295372009,1003,False,0,4,[ 8.3809153  -1.57933027  3.99995875],cruising,[ 0.63925976  0.24903542 -0.34837281]
754.0530295372009,1004,False,5,3,[ 2.31361948 -3.28963713  4.        ],cruising,[-0.62185191  0.08809385  0.93462812]
754.0530295372009,1005,False,1,5,[-6.02884622  3.7455542   4.        ],cruising,[ 0.50568378 -0.03156594 -0.11489306]
754.1530058383942,1000,False,4,1,[-3.33870426 -2.20967789  4.00009701],cruising,[-0.82138112 -0.19970136 -0.21083176]
754.1530058383942,1001,False,2,0,[-4.20846264  6.95000527  4.0009788 ],cruising,[-0.48080528  0.59740651 -0.20557775]
754.1530058383942,1002,False,3,6,[7.95608414 8.38732956 4.        ],exiting,[ 0.5677905  -0.59831228 -0.99408226]
754.1530058383942,1003,False,0,4,[ 8.35412208 -1.77752745  3.99996494],cruising,[ 0.63925976  0.24903542 -0.34837281]
754.1530058383942,1004,False,5,3,[ 2.1243828  -3.22491095  4.        ],cruising,[-0.62185191  0.08809385  0.93462812]
754.1530058383942,1005,False,1,5,[-6.11828789  3.92444016  4.        ],cruising,[ 0.50568378 -0.03156594 -0.11489306]
754.2522113323212,1000,False,4,1,[-3.30471178 -2.02903206  4.00008685],cruising,[-0.82138112 -0.19970136 -0.21083176]
754.2522113323212,1001,False,2,0,[-4.01444674  6.99856279  4.00083198],cruising,[-0.48080528  0.59740651 -0.20557775]
754.2522113323212,1002,False,3,6,[7.99246418 8.48047725 4.        ],exiting,[ 0.5677905  -0.59831228 -0.99408226]
754.2522113323212,1003,False,0,4,[ 8.32507115 -1.97540631  3.9999702 ],cruising,[ 0.63925976  0.24903542 -0.34837281]
754.2522113323212,1004,False,5,3,[ 1.93450384 -3.16209392  4.        ],cruising,[-0.62185191  0.08809385  0.93462812]
754.2522113323212,1005,False,1,5,[-6.20128228  4.106407    4.        ],cruising,[ 0.50568378 -0.03156594 -0.11489306]
754.3580131530762,1000,False,4,1,[-3.26462437 -1.83309075  4.00007382],cruising,[-0.82138112 -0.19970136 -0.21083176]
754.3580131530762,1001,False,2,0,[-3.82026755  7.04646312  4.00070718],cruising,[-0.48080528  0.59740651 -0.20557775]
754.3580131530762,1002,False,3,6,[8.02884421 8.57362495 4.        ],exiting,[ 0.5677905  -0.59831228 -0.99408226]
754.3580131530762,1003,False,0,4,[ 8.29350896 -2.17290018  3.99997467],cruising,[ 0.63925976  0.24903542 -0.34837281]
754.3580131530762,1004,False,5,3,[ 1.74323831 -3.10363453  4.        ],cruising,[-0.62185191  0.08809385  0.93462812]
754.3580131530762,1005,False,1,5,[-6.27216838  4.29342348  4.        ],cruising,[ 0.50568378 -0.03156594 -0.11489306]
754.4615468978882,1000,False,4,1,[-3.24105851 -1.63448397  4.00006275],cruising,[-0.82138112 -0.19970136 -0.21083176]
754.4615468978882,1001,False,2,0,[-3.6257067   7.09278885  4.0006011 ],cruising,[-0.48080528  0.59740651 -0.20557775]
754.4615468978882,1002,False,3,6,[8.06522424 8.66677264 4.        ],exiting,[ 0.5677905  -0.59831228 -0.99408226]
754.4615468978882,1003,False,0,4,[ 8.25638683 -2.36942485  3.99997847],cruising,[ 0.63925976  0.24903542 -0.34837281]
754.4615468978882,1004,False,5,3,[ 1.55039923 -3.05059599  4.        ],cruising,[-0.62185191  0.08809385  0.93462812]
754.4615468978882,1005,False,1,5,[-6.33320023  4.48388374  4.        ],exiting,[ 0.50568378 -0.03156594 -0.11489306]
754.5556256771088,1000,False,4,1,[-3.23348035 -1.4346276   4.00005334],cruising,[-0.82138112 -0.19970136 -0.21083176]
754.5556256771088,1001,False,2,0,[-3.43006719  7.13432416  4.00051094],cruising,[-0.48080528  0.59740651 -0.20557775]
754.5556256771088,1002,False,3,6,[8.10160427 8.75992034 4.        ],exiting,[ 0.5677905  -0.59831228 -0.99408226]
754.5556256771088,1003,False,0,4,[ 8.21654901 -2.56541707  3.9999817 ],cruising,[ 0.63925976  0.24903542 -0.34837281]
754.5556256771088,1004,False,5,3,[ 1.35580191 -3.00442368  4.        ],cruising,[-0.62185191  0.08809385  0.93462812]
754.5556256771088,1005,False,1,5,[-6.39390421  4.6543467   4.        ],exiting,[ 0.50568378 -0.03156594 -0.11489306]
754.6630010604858,1000,False,4,1,[-3.24145941 -1.23478682  4.00004534],cruising,[-0.82138112 -0.19970136 -0.21083176]
754.6630010604858,1001,False,2,0,[-3.23387178  7.17314891  4.0004343 ],cruising,[-0.48080528  0.59740651 -0.20557775]
754.6630010604858,1002,False,3,6,[8.13798431 8.85306803 4.        ],exiting,[ 0.5677905  -0.59831228 -0.99408226]
754.6630010604858,1003,False,0,4,[ 8.17046319 -2.76003489  3.99998444],cruising,[ 0.63925976  0.24903542 -0.34837281]
754.6630010604858,1004,False,5,3,[ 1.15931084 -2.96712406  4.        ],cruising,[-0.62185191  0.08809385  0.93462812]
754.6630010604858,1005,False,1,5,[-6.45450172  4.80480993  4.        ],exiting,[ 0.50568378 -0.03156594 -0.11489306]
754.752447605133,1000,False,4,1,[-3.26395269 -1.03605572  4.00003854],cruising,[-0.82138112 -0.19970136 -0.21083176]
754.752447605133,1001,False,2,0,[-3.03701625  7.20847454  4.00036915],cruising,[-0.48080528  0.59740651 -0.20557775]
754.752447605133,1002,False,3,6,[8.17436434 8.94621573 4.        ],exiting,[ 0.5677905  -0.59831228 -0.99408226]
754.752447605133,1003,False,0,4,[ 8.12121007 -2.95387537  3.99998678],cruising,[ 0.63925976  0.24903542 -0.34837281]
754.752447605133,1004,False,5,3,[ 0.96021991 -2.94807674  4.        ],cruising,[-0.62185191  0.08809385  0.93462812]
754.752447605133,1005,False,1,5,[-6.51530408  4.93527422  4.        ],exiting,[ 0.50568378 -0.03156594 -0.11489306]
754.857882976532,1000,False,4,1,[-3.29979033 -0.83929275  4.00003275],cruising,[-0.82138112 -0.19970136 -0.21083176]
754.857882976532,1001,False,2,0,[-2.83902196  7.23672812  4.00031378],cruising,[-0.48080528  0.59740651 -0.20557775]
754.857882976532,1002,False,3,6,[8.21074437 9.03936343 4.        ],exiting,[ 0.5677905  -0.59831228 -0.99408226]
754.857882976532,1003,False,0,4,[ 8.06451149 -3.14567023  3.99998876],cruising,[ 0.63925976  0.24903542 -0.34837281]
754.857882976532,1004,False,5,3,[ 0.76031449 -2.9419266   4.        ],cruising,[-0.62185191  0.08809385  0.93462812]
754.857882976532,1005,False,1,5,[-6.57664253  5.04574569  4.        ],exiting,[ 0.50568378 -0.03156594 -0.11489306]
754.9633250236511,1000,False,4,1,[-3.34636582 -0.64479154  4.00002784],cruising,[-0.82138112 -0.19970136 -0.21083176]
754.9633250236511,1001,False,2,0,[-2.64040592  7.2602157   4.00026671],cruising,[-0.48080528  0.59740651 -0.20557775]
754.9633250236511,1002,False,3,6,[8.2471244  9.13251112 4.        ],landing,[ 0.5677905  -0.59831228 -0.99408226]
754.9633250236511,1003,False,0,4,[ 8.00390829 -3.33626733  3.99999045],exiting,[ 0.63925976  0.24903542 -0.34837281]
754.9633250236511,1004,False,5,3,[ 0.56053119 -2.95123417  4.        ],cruising,[-0.62185191  0.08809385  0.93462812]
754.9633250236511,1005,False,1,5,[-6.63882924  5.13623516  4.        ],exiting,[ 0.50568378 -0.03156594 -0.11489306]
755.0524141788483,1000,False,4,1,[-3.40433249 -0.45337611  4.00002367],cruising,[-0.82138112 -0.19970136 -0.21083176]
755.0524141788483,1001,False,2,0,[-2.44091948  7.27453906  4.00022671],cruising,[-0.48080528  0.59740651 -0.20557775]
755.0524141788483,1002,False,3,6,[8.28150295 9.2116041  3.98591246],landing,[ 0.5677905  -0.59831228 -0.99408226]
755.0524141788483,1003,False,0,4,[ 7.95625042 -3.51161915  3.99999213],exiting,[ 0.63925976  0.24903542 -0.34837281]
755.0524141788483,1004,False,5,3,[ 0.36200212 -2.9754459   4.        ],cruising,[-0.62185191  0.08809385  0.93462812]
755.0524141788483,1005,False,1,5,[-6.70176742  5.21394478  4.        ],exiting,[ 0.50568378 -0.03156594 -0.11489306]
755.1594002246857,1000,False,4,1,[-3.4729222  -0.26550527  4.00002012],cruising,[-0.82138112 -0.19970136 -0.21083176]
755.1594002246857,1001,False,2,0,[-2.24095521  7.27831964  4.0001927 ],cruising,[-0.48080528  0.59740651 -0.20557775]
755.1594002246857,1002,False,3,6,[8.3137823  9.27649527 3.95790004],landing,[ 0.5677905  -0.59831228 -0.99408226]
755.1594002246857,1003,False,0,4,[ 7.92169386 -3.67185952  3.99999377],exiting,[ 0.63925976  0.24903542 -0.34837281]
755.1594002246857,1004,False,5,3,[ 0.16571444 -3.01380144  4.        ],cruising,[-0.62185191  0.08809385  0.93462812]
755.1594002246857,1005,False,1,5,[-6.7647056   5.29165441  4.        ],exiting,[ 0.50568378 -0.03156594 -0.11489306]
755.2563967704773,1000,False,4,1,[-3.54946475 -0.08073179  4.0000171 ],cruising,[-0.82138112 -0.19970136 -0.21083176]
755.2563967704773,1001,False,2,0,[-2.04141683  7.26473896  4.00016379],cruising,[-0.48080528  0.59740651 -0.20557775]
755.2563967704773,1002,False,3,6,[8.34384642 9.32701207 3.91615918],landing,[ 0.5677905  -0.59831228 -0.99408226]
755.2563967704773,1003,False,0,4,[ 7.90043548 -3.81716141  3.99999529],exiting,[ 0.63925976  0.24903542 -0.34837281]
755.2563967704773,1004,False,5,3,[-0.02754854 -3.06527395  4.        ],exiting,[-0.62185191  0.08809385  0.93462812]
755.2563967704773,1005,False,1,5,[-6.82764378  5.36936403  4.        ],exiting,[ 0.50568378 -0.03156594 -0.11489306]
755.3549411296844,1000,False,4,1,[-3.6367355   0.09922324  4.00001453],cruising,[-0.82138112 -0.19970136 -0.21083176]
755.3549411296844,1001,False,2,0,[-1.84406109  7.23232426  4.00013923],cruising,[-0.48080528  0.59740651 -0.20557775]
755.3549411296844,1002,False,3,6,[8.37153471 9.3629194  3.8609677 ],landing,[ 0.5677905  -0.59831228 -0.99408226]
755.3549411296844,1003,False,0,4,[ 7.8927187  -3.94774511  3.9999966 ],exiting,[ 0.63925976  0.24903542 -0.34837281]
755.3549411296844,1004,False,5,3,[-0.2014399  -3.12172042  4.        ],exiting,[-0.62185191  0.08809385  0.93462812]
755.3549411296844,1005,False,1,5,[-6.89058196  5.44707365  4.        ],exiting,[ 0.50568378 -0.03156594 -0.11489306]
755.4669218063354,1000,False,4,1,[-3.73164609  0.27526864  4.00001235],cruising,[-0.82138112 -0.19970136 -0.21083176]
755.4669218063354,1001,False,2,0,[-1.64888381  7.18866845  4.00011834],cruising,[-0.48080528  0.59740651 -0.20557775]
755.4669218063354,1002,False,3,6,[8.39671307 9.38402439 3.79256294],landing,[ 0.5677905  -0.59831228 -0.99408226]
755.4669218063354,1003,False,0,4,[ 7.89873813 -4.06379208  3.99999761],exiting,[ 0.63925976  0.24903542 -0.34837281]
755.4669218063354,1004,False,5,3,[-0.35594295 -3.18307538  4.        ],exiting,[-0.62185191  0.08809385  0.93462812]
755.4669218063354,1005,False,1,5,[-6.95352014  5.52478327  4.        ],exiting,[ 0.50568378 -0.03156594 -0.11489306]
755.5555093288422,1000,False,4,1,[-3.83427266  0.44693047  4.0000105 ],cruising,[-0.82138112 -0.19970136 -0.21083176]
755.5555093288422,1001,False,2,0,[-1.45795633  7.12911432  4.00010059],cruising,[-0.48080528  0.59740651 -0.20557775]
755.5555093288422,1002,False,3,6,[8.41925509 9.39014808 3.71117318],landing,[ 0.5677905  -0.59831228 -0.99408226]
755.5555093288422,1003,False,0,4,[ 7.91868886 -4.16548918  3.99999818],exiting,[ 0.63925976  0.24903542 -0.34837281]
755.5555093288422,1004,False,5,3,[-0.49103773 -3.24925932  4.        ],exiting,[-0.62185191  0.08809385  0.93462812]
755.5555093288422,1005,False,1,5,[-7.01645832  5.6024929   4.        ],exiting,[ 0.50568378 -0.03156594 -0.11489306]
755.6531400680542,1000,False,4,1,[-3.94087697  0.61615081  4.00000893],cruising,[-0.82138112 -0.19970136 -0.21083176]
755.6531400680542,1001,False,2,0,[-1.27158399  7.05655158  4.0000855 ],cruising,[-0.48080528  0.59740651 -0.20557775]
755.6531400680542,1002,False,3,6,[8.439032   9.38111107 3.61703558],landing,[ 0.5677905  -0.59831228 -0.99408226]
755.6531400680542,1003,False,0,4,[ 7.94343701 -4.26237844  3.99999851],exiting,[ 0.63925976  0.24903542 -0.34837281]
755.6531400680542,1004,False,5,3,[-0.60670006 -3.32017402  4.        ],exiting,[-0.62185191  0.08809385  0.93462812]
755.6531400680542,1005,False,1,5,[-7.0793965   5.68020252  4.        ],exiting,[ 0.50568378 -0.03156594 -0.11489306]
755.7547461986542,1000,False,4,1,[-4.05057383  0.78338298  4.00000759],cruising,[-0.82138112 -0.19970136 -0.21083176]
755.7547461986542,1001,False,2,0,[-1.08958796  6.97362121  4.00007268],cruising,[-0.48080528  0.59740651 -0.20557775]
755.7547461986542,1002,False,3,6,[8.45807269 9.36817519 3.51972106],landing,[ 0.5677905  -0.59831228 -0.99408226]
755.7547461986542,1003,False,0,4,[ 7.96818515 -4.35926771  3.99999879],exiting,[ 0.63925976  0.24903542 -0.34837281]
755.7547461986542,1004,False,5,3,[-0.70289931 -3.39569181  4.        ],exiting,[-0.62185191  0.08809385  0.93462812]
755.7547461986542,1005,False,1,5,[-7.14233468  5.75791214  4.        ],exiting,[ 0.50568378 -0.03156594 -0.11489306]
755.8594379425049,1000,False,4,1,[-4.16262884  0.94904431  4.00000645],cruising,[-0.82138112 -0.19970136 -0.21083176]
755.8594379425049,1001,False,2,0,[-0.91148044  6.88263928  4.00006178],cruising,[-0.48080528  0.59740651 -0.20557775]
755.8594379425049,1002,False,3,6,[8.47711338 9.3552393  3.42240655],landing,[ 0.5677905  -0.59831228 -0.99408226]
755.8594379425049,1003,False,0,4,[ 7.99293329 -4.45615697  3.99999901],exiting,[ 0.63925976  0.24903542 -0.34837281]
755.8594379425049,1004,False,5,3,[-0.7795915  -3.47562263  4.        ],exiting,[-0.62185191  0.08809385  0.93462812]
755.8594379425049,1005,False,1,5,[-7.20527286  5.83562177  4.        ],exiting,[ 0.50568378 -0.03156594 -0.11489306]
755.9605309963226,1000,False,4,1,[-4.27642998  1.11351102  4.00000548],cruising,[-0.82138112 -0.19970136 -0.21083176]
755.9605309963226,1001,False,2,0,[-0.73548069  6.78764408  4.00005251],cruising,[-0.48080528  0.59740651 -0.20557775]
755.9605309963226,1002,False,3,6,[8.49615406 9.34230342 3.32509203],landing,[ 0.5677905  -0.59831228 -0.99408226]
755.9605309963226,1003,False,0,4,[ 8.01768144 -4.55304623  3.99999919],exiting,[ 0.63925976  0.24903542 -0.34837281]
755.9605309963226,1004,False,5,3,[-0.83674724 -3.55983444  4.        ],exiting,[-0.62185191  0.08809385  0.93462812]
755.9605309963226,1005,False,1,5,[-7.26821104  5.91333139  4.        ],exiting,[ 0.50568378 -0.03156594 -0.11489306]
756.0536684989929,1000,False,4,1,[-4.39146292  1.27711855  4.00000466],cruising,[-0.82138112 -0.19970136 -0.21083176]
756.0536684989929,1001,False,2,0,[-0.56248747  6.68727802  4.00004463],cruising,[-0.48080528  0.59740651 -0.20557775]
756.0536684989929,1002,False,3,6,[8.51519475 9.32936753 3.22777751],landing,[ 0.5677905  -0.59831228 -0.99408226]
756.0536684989929,1003,False,0,4,[ 8.04242958 -4.6499355   3.99999934],exiting,[ 0.63925976  0.24903542 -0.34837281]
756.0536684989929,1004,False,5,3,[-0.8743368  -3.64818929  4.        ],exiting,[-0.62185191  0.08809385  0.93462812]
756.0536684989929,1005,False,1,5,[-7.33114922  5.99104101  4.        ],exiting,[ 0.50568378 -0.03156594 -0.11489306]
756.1563947200775,1000,False,4,1,[-4.50729002  1.44016481  4.00000396],cruising,[-0.82138112 -0.19970136 -0.21083176]
756.1563947200775,1001,False,2,0,[-0.39168253  6.58323154  4.00003794],cruising,[-0.48080528  0.59740651 -0.20557775]
756.1563947200775,1002,False,3,6,[8.53423544 9.31643165 3.130463  ],landing,[ 0.5677905  -0.59831228 -0.99408226]
756.1563947200775,1003,False,0,4,[ 8.06717772 -4.74682476  3.99999947],exiting,[ 0.63925976  0.24903542 -0.34837281]
756.1563947200775,1004,False,5,3,[-0.89233049 -3.74054434  4.        ],exiting,[-0.62185191  0.08809385  0.93462812]
756.1563947200775,1005,False,1,5,[-7.3940874   6.06875063  4.        ],exiting,[ 0.50568378 -0.03156594 -0.11489306]
756.2610237598419,1000,False,4,1,[-4.62343139  1.60298736  4.00000337],cruising,[-0.82138112 -0.19970136 -0.21083176]
756.2610237598419,1001,False,2,0,[-0.22177413  6.47772733  4.00003225],cruising,[-0.48080528  0.59740651 -0.20557775]
756.2610237598419,1002,False,3,6,[8.55327613 9.30349577 3.03314848],landing,[ 0.5677905  -0.59831228 -0.99408226]
756.2610237598419,1003,False,0,4,[ 8.09192587 -4.84371403  3.99999957],exiting,[ 0.63925976  0.24903542 -0.34837281]
756.2610237598419,1004,False,5,3,[-0.89069895 -3.836753    4.        ],exiting,[-0.62185191  0.08809385  0.93462812]
756.2610237598419,1005,False,1,5,[-7.45702558  6.14646026  4.        ],exiting,[ 0.50568378 -0.03156594 -0.11489306]
756.3627688884735,1000,False,4,1,[-4.73981665  1.76563566  4.00000286],cruising,[-0.82138112 -0.19970136 -0.21083176]
756.3627688884735,1001,False,2,0,[-0.05291134  6.37055757  4.00002741],cruising,[-0.48080528  0.59740651 -0.20557775]
756.3627688884735,1002,False,3,6,[8.57231682 9.29055988 2.93583396],landing,[ 0.5677905  -0.59831228 -0.99408226]
756.3627688884735,1003,False,0,4,[ 8.11667401 -4.94060329  3.99999965],exiting,[ 0.63925976  0.24903542 -0.34837281]
756.3627688884735,1004,False,5,3,[-0.87528918 -3.93555856  4.        ],exiting,[-0.62185191  0.08809385  0.93462812]
756.3627688884735,1005,False,1,5,[-7.51996376  6.22416988  4.        ],exiting,[ 0.50568378 -0.03156594 -0.11489306]
756.4567053318024,1000,False,4,1,[-4.85609798  1.92835829  4.00000243],cruising,[-0.82138112 -0.19970136 -0.21083176]
756.4567053318024,1001,False,2,0,[0.11577554 6.26311113 4.0000233 ],cruising,[-0.48080528  0.59740651 -0.20557775]
756.4567053318024,1002,False,3,6,[8.5913575  9.277624   2.83851945],landing,[ 0.5677905  -0.59831228 -0.99408226]
756.4567053318024,1003,False,0,4,[ 8.14142215 -5.03749255  3.99999972],exiting,[ 0.63925976  0.24903542 -0.34837281]
756.4567053318024,1004,False,5,3,[-0.85987941 -4.03436412  4.        ],exiting,[-0.62185191  0.08809385  0.93462812]
756.4567053318024,1005,False,1,5,[-7.58290194  6.3018795   4.        ],exiting,[ 0.50568378 -0.03156594 -0.11489306]
756.5545120239258,1000,False,4,1,[-4.97195913  2.09138035  4.00000207],cruising,[-0.82138112 -0.19970136 -0.21083176]
756.5545120239258,1001,False,2,0,[0.28454896 6.15580069 4.0000198 ],cruising,[-0.48080528  0.59740651 -0.20557775]
756.5545120239258,1002,False,3,6,[8.61039819 9.26468812 2.74120493],landing,[ 0.5677905  -0.59831228 -0.99408226]
756.5545120239258,1003,False,0,4,[ 8.16617029 -5.13438182  3.99999977],exiting,[ 0.63925976  0.24903542 -0.34837281]
756.5545120239258,1004,False,5,3,[-0.84446964 -4.13316969  4.        ],exiting,[-0.62185191  0.08809385  0.93462812]
756.5545120239258,1005,False,1,5,[-7.64584012  6.37958913  4.        ],exiting,[ 0.50568378 -0.03156594 -0.11489306]
756.6526589393616,1000,False,4,1,[-5.08710218  2.25491041  4.00000176],cruising,[-0.82138112 -0.19970136 -0.21083176]
756.6526589393616,1001,False,2,0,[0.45382664 6.04928747 4.00001683],exiting,[-0.48080528  0.59740651 -0.20557775]
756.6526589393616,1002,False,3,6,[8.62943888 9.25175223 2.64389041],landing,[ 0.5677905  -0.59831228 -0.99408226]
756.6526589393616,1003,False,0,4,[ 8.19091844 -5.23127108  3.99999982],exiting,[ 0.63925976  0.24903542 -0.34837281]
756.6526589393616,1004,False,5,3,[-0.82905988 -4.23197525  4.        ],exiting,[-0.62185191  0.08809385  0.93462812]
756.6526589393616,1005,False,1,5,[-7.7087783   6.45729875  4.        ],exiting,[ 0.50568378 -0.03156594 -0.11489306]
756.7634677886963,1000,False,4,1,[-5.20177693  2.41876919  4.00000149],cruising,[-0.82138112 -0.19970136 -0.21083176]
756.7634677886963,1001,False,2,0,[0.61283599 5.95993703 4.00001386],exiting,[-0.48080528  0.59740651 -0.20557775]
756.7634677886963,1002,False,3,6,[8.64847957 9.23881635 2.5465759 ],landing,[ 0.5677905  -0.59831228 -0.99408226]
756.7634677886963,1003,False,0,4,[ 8.21566658 -5.32816034  3.99999985],exiting,[ 0.63925976  0.24903542 -0.34837281]
756.7634677886963,1004,False,5,3,[-0.81365011 -4.33078081  4.        ],exiting,[-0.62185191  0.08809385  0.93462812]
756.7634677886963,1005,False,1,5,[-7.77171648  6.53500837  4.        ],exiting,[ 0.50568378 -0.03156594 -0.11489306]
756.8575687408447,1000,False,4,1,[-5.31517206  2.5835161   4.00000127],cruising,[-0.82138112 -0.19970136 -0.21083176]
756.8575687408447,1001,False,2,0,[0.76142229 5.88765587 4.00001091],exiting,[-0.48080528  0.59740651 -0.20557775]
756.8575687408447,1002,False,3,6,[8.66752026 9.22588046 2.44926138],landing,[ 0.5677905  -0.59831228 -0.99408226]
756.8575687408447,1003,False,0,4,[ 8.24041472 -5.42504961  3.99999988],exiting,[ 0.63925976  0.24903542 -0.34837281]
756.8575687408447,1004,False,5,3,[-0.79824034 -4.42958637  4.        ],exiting,[-0.62185191  0.08809385  0.93462812]
756.8575687408447,1005,False,1,5,[-7.83465466  6.612718    4.        ],exiting,[ 0.50568378 -0.03156594 -0.11489306]
756.9557406902313,1000,False,4,1,[-5.42697393  2.74934837  4.00000108],cruising,[-0.82138112 -0.19970136 -0.21083176]
756.9557406902313,1001,False,2,0,[0.89941209 5.83233684 4.00000805],exiting,[-0.48080528  0.59740651 -0.20557775]
756.9557406902313,1002,False,3,6,[8.68656094 9.21294458 2.35194687],landing,[ 0.5677905  -0.59831228 -0.99408226]
756.9557406902313,1003,False,0,4,[ 8.26516287 -5.52193887  3.99999991],exiting,[ 0.63925976  0.24903542 -0.34837281]
756.9557406902313,1004,False,5,3,[-0.78283058 -4.52839193  4.        ],exiting,[-0.62185191  0.08809385  0.93462812]
756.9557406902313,1005,False,1,5,[-7.89759284  6.69042762  4.        ],exiting,[ 0.50568378 -0.03156594 -0.11489306]
757.0584762096405,1000,False,4,1,[-5.5368432   2.91646732  4.00000092],cruising,[-0.82138112 -0.19970136 -0.21083176]
757.0584762096405,1001,False,2,0,[1.02660893 5.79385564 4.00000531],exiting,[-0.48080528  0.59740651 -0.20557775]
757.0584762096405,1002,False,3,6,[8.70560163 9.2000087  2.25463235],landing,[ 0.5677905  -0.59831228 -0.99408226]
757.0584762096405,1003,False,0,4,[ 8.28991101 -5.61882813  3.99999993],exiting,[ 0.63925976  0.24903542 -0.34837281]
757.0584762096405,1004,False,5,3,[-0.76742081 -4.6271975   4.        ],exiting,[-0.62185191  0.08809385  0.93462812]
757.0584762096405,1005,False,1,5,[-7.96053102  6.76813724  4.        ],exiting,[ 0.50568378 -0.03156594 -0.11489306]
757.1525828838348,1000,False,4,1,[-5.64439986  3.08508394  4.00000078],cruising,[-0.82138112 -0.19970136 -0.21083176]
757.1525828838348,1001,False,2,0,[1.14278482 5.7720639  4.00000276],exiting,[-0.48080528  0.59740651 -0.20557775]
757.1525828838348,1002,False,3,6,[8.72464232 9.18707281 2.15731783],landing,[ 0.5677905  -0.59831228 -0.99408226]
757.1525828838348,1003,False,0,4,[ 8.31465915 -5.7157174   3.99999994],exiting,[ 0.63925976  0.24903542 -0.34837281]
757.1525828838348,1004,False,5,3,[-0.75201104 -4.72600306  4.        ],exiting,[-0.62185191  0.08809385  0.93462812]
757.1525828838348,1005,False,1,5,[-8.0234692   6.84584686  4.        ],exiting,[ 0.50568378 -0.03156594 -0.11489306]
757.254159450531,1000,False,4,1,[-5.7492056   3.25542406  4.00000066],cruising,[-0.82138112 -0.19970136 -0.21083176]
757.254159450531,1001,False,2,0,[1.24765983 5.76677339 4.00000047],exiting,[-0.48080528  0.59740651 -0.20557775]
757.254159450531,1002,False,3,6,[8.74368301 9.17413693 2.06000332],landing,[ 0.5677905  -0.59831228 -0.99408226]
757.254159450531,1003,False,0,4,[ 8.3394073  -5.81260666  3.99999995],exiting,[ 0.63925976  0.24903542 -0.34837281]
757.254159450531,1004,False,5,3,[-0.73660128 -4.82480862  4.        ],exiting,[-0.62185191  0.08809385  0.93462812]
757.254159450531,1005,False,1,5,[-8.08640738  6.92355649  4.        ],exiting,[ 0.50568378 -0.03156594 -0.11489306]
757.3544914722443,1000,False,4,1,[-5.85074189  3.42773303  4.00000056],cruising,[-0.82138112 -0.19970136 -0.21083176]
757.3544914722443,1001,False,2,0,[1.34084899 5.77771374 3.99999854],exiting,[-0.48080528  0.59740651 -0.20557775]
757.3544914722443,1002,False,3,6,[8.76272369 9.16120104 1.9626888 ],landing,[ 0.5677905  -0.59831228 -0.99408226]
757.3544914722443,1003,False,0,4,[ 8.36415544 -5.90949593  3.99999996],exiting,[ 0.63925976  0.24903542 -0.34837281]
757.3544914722443,1004,False,5,3,[-0.72119151 -4.92361418  4.        ],exiting,[-0.62185191  0.08809385  0.93462812]
757.3544914722443,1005,False,1,5,[-8.14934556  7.00126611  4.        ],exiting,[ 0.50568378 -0.03156594 -0.11489306]
757.4643440246582,1000,False,4,1,[-5.94838201  3.60227932  4.00000048],cruising,[-0.82138112 -0.19970136 -0.21083176]
757.4643440246582,1001,False,2,0,[1.42211443 5.80471102 3.99999703],exiting,[-0.48080528  0.59740651 -0.20557775]
757.4643440246582,1002,False,3,6,[8.78176438 9.14826516 1.86537428],landing,[ 0.5677905  -0.59831228 -0.99408226]
757.4643440246582,1003,False,0,4,[ 8.38890358 -6.00638519  3.99999997],exiting,[ 0.63925976  0.24903542 -0.34837281]
757.4643440246582,1004,False,5,3,[-0.70578174 -5.02241974  4.        ],exiting,[-0.62185191  0.08809385  0.93462812]
757.4643440246582,1005,False,1,5,[-8.21228374  7.07897573  4.        ],exiting,[ 0.50568378 -0.03156594 -0.11489306]
757.5613324642181,1000,False,4,1,[-6.04135443  3.77935594  4.00000041],cruising,[-0.82138112 -0.19970136 -0.21083176]
757.5613324642181,1001,False,2,0,[1.49121601 5.84758407 3.99999599],exiting,[-0.48080528  0.59740651 -0.20557775]
757.5613324642181,1002,False,3,6,[8.80080507 9.13532928 1.76805977],landing,[ 0.5677905  -0.59831228 -0.99408226]
757.5613324642181,1003,False,0,4,[ 8.41365173 -6.10327445  3.99999998],exiting,[ 0.63925976  0.24903542 -0.34837281]
757.5613324642181,1004,False,5,3,[-0.69037197 -5.12122531  4.        ],exiting,[-0.62185191  0.08809385  0.93462812]
757.5613324642181,1005,False,1,5,[-8.27522192  7.15668536  4.        ],exiting,[ 0.50568378 -0.03156594 -0.11489306]
757.6614553928375,1000,False,4,1,[-6.12869414  3.95927752  4.00000035],cruising,[-0.82138112 -0.19970136 -0.21083176]
757.6614553928375,1001,False,2,0,[1.5479114  5.90614428 3.99999547],exiting,[-0.48080528  0.59740651 -0.20557775]
757.6614553928375,1002,False,3,6,[8.81984576 9.12239339 1.67074525],landing,[ 0.5677905  -0.59831228 -0.99408226]
757.6614553928375,1003,False,0,4,[ 8.43839987 -6.20016372  3.99999998],exiting,[ 0.63925976  0.24903542 -0.34837281]
757.6614553928375,1004,False,5,3,[-0.67496221 -5.22003087  4.        ],exiting,[-0.62185191  0.08809385  0.93462812]
757.6614553928375,1005,False,1,5,[-8.3381601   7.23439498  4.        ],exiting,[ 0.50568378 -0.03156594 -0.11489306]
757.7610759735107,1000,False,4,1,[-6.20917756  4.14236881  4.00000029],cruising,[-0.82138112 -0.19970136 -0.21083176]
757.7610759735107,1001,False,2,0,[1.59195608 5.9801951  3.9999955 ],exiting,[-0.48080528  0.59740651 -0.20557775]
757.7610759735107,1002,False,3,6,[8.83888645 9.10945751 1.57343073],landing,[ 0.5677905  -0.59831228 -0.99408226]
757.7610759735107,1003,False,0,4,[ 8.46314801 -6.29705298  3.99999999],exiting,[ 0.63925976  0.24903542 -0.34837281]
757.7610759735107,1004,False,5,3,[-0.65955244 -5.31883643  4.        ],exiting,[-0.62185191  0.08809385  0.93462812]
757.7610759735107,1005,False,1,5,[-8.40109828  7.3121046   4.        ],landing,[ 0.50568378 -0.03156594 -0.11489306]
757.8529994487762,1000,False,4,1,[-6.28123582  4.32893678  4.00000025],cruising,[-0.82138112 -0.19970136 -0.21083176]
757.8529994487762,1001,False,2,0,[1.62310322 6.06953166 3.99999606],exiting,[-0.48080528  0.59740651 -0.20557775]
757.8529994487762,1002,False,3,6,[8.85792713 9.09652162 1.47611622],fake_landed,[ 0.5677905  -0.59831228 -0.99408226]
757.8529994487762,1003,False,0,4,[ 8.48789615 -6.39394224  3.99999999],exiting,[ 0.63925976  0.24903542 -0.34837281]
757.8529994487762,1004,False,5,3,[-0.64414267 -5.41764199  4.        ],exiting,[-0.62185191  0.08809385  0.93462812]
757.8529994487762,1005,False,1,5,[-8.45296338  7.38136786  3.98564571],landing,[ 0.50568378 -0.03156594 -0.11489306]
757.9552204608917,1000,False,4,1,[-6.33725678  4.52093066  4.00000021],cruising,[-0.82138112 -0.19970136 -0.21083176]
757.9552204608917,1001,False,2,0,[1.64760872 6.16648258 3.99999679],exiting,[-0.48080528  0.59740651 -0.20557775]
757.9552204608917,1002,False,3,6,[8.87315968 9.08617292 1.3982646 ],fake_landed,[ 0.5677905  -0.59831228 -0.99408226]
757.9552204608917,1003,False,0,4,[ 8.5126443  -6.49083151  3.99999999],exiting,[ 0.63925976  0.24903542 -0.34837281]
757.9552204608917,1004,False,5,3,[-0.62873291 -5.51644755  4.        ],exiting,[-0.62185191  0.08809385  0.93462812]
757.9552204608917,1005,False,1,5,[-8.49367315  7.4420252   3.95709645],landing,[ 0.50568378 -0.03156594 -0.11489306]
758.0665891170502,1000,False,4,1,[-6.37985865  4.7163407   4.00000018],cruising,[-0.82138112 -0.19970136 -0.21083176]
758.0665891170502,1001,False,2,0,[1.67211422 6.2634335  3.99999739],exiting,[-0.48080528  0.59740651 -0.20557775]
758.0665891170502,1002,False,3,6,[8.8845841  9.07841139 1.33987589],fake_landed,[ 0.5677905  -0.59831228 -0.99408226]
758.0665891170502,1003,False,0,4,[ 8.53739244 -6.58772077  3.99999999],exiting,[ 0.63925976  0.24903542 -0.34837281]
758.0665891170502,1004,False,5,3,[-0.61332314 -5.61525312  4.        ],exiting,[-0.62185191  0.08809385  0.93462812]
758.0665891170502,1005,False,1,5,[-8.52313093  7.4938866   3.91454633],landing,[ 0.50568378 -0.03156594 -0.11489306]
758.1642107963562,1000,False,4,1,[-6.40267768  4.91469003  4.00000015],cruising,[-0.82138112 -0.19970136 -0.21083176]
758.1642107963562,1001,False,2,0,[1.69661972 6.36038441 3.99999788],exiting,[-0.48080528  0.59740651 -0.20557775]
758.1642107963562,1002,False,3,6,[8.89220037 9.07323703 1.30095009],fake_landed,[ 0.5677905  -0.59831228 -0.99408226]
758.1642107963562,1003,False,0,4,[ 8.56214058 -6.68461004  4.        ],exiting,[ 0.63925976  0.24903542 -0.34837281]
758.1642107963562,1004,False,5,3,[-0.59791337 -5.71405868  4.        ],exiting,[-0.62185191  0.08809385  0.93462812]
758.1642107963562,1005,False,1,5,[-8.54120299  7.53668442  3.858277  ],landing,[ 0.50568378 -0.03156594 -0.11489306]
758.2525706291199,1000,False,4,1,[-6.40549924  5.11335722  4.00000013],cruising,[-0.82138112 -0.19970136 -0.21083176]
758.2525706291199,1001,False,2,0,[1.72112522 6.45733533 3.99999828],exiting,[-0.48080528  0.59740651 -0.20557775]
758.2525706291199,1002,False,3,6,[8.89600851 9.07064986 1.28148718],fake_landed,[ 0.5677905  -0.59831228 -0.99408226]
758.2525706291199,1003,False,0,4,[ 8.58688873 -6.7814993   4.        ],exiting,[ 0.63925976  0.24903542 -0.34837281]
758.2525706291199,1004,False,5,3,[-0.58250361 -5.81286424  4.        ],exiting,[-0.62185191  0.08809385  0.93462812]
758.2525706291199,1005,False,1,5,[-8.5477913   7.57021863  3.78850549],landing,[ 0.50568378 -0.03156594 -0.11489306]
758.361335515976,1000,False,4,1,[-6.38846325  5.30964163  4.0000001 ],cruising,[-0.82138112 -0.19970136 -0.21083176]
758.361335515976,1001,False,2,0,[1.74563072 6.55428625 3.99999861],exiting,[-0.48080528  0.59740651 -0.20557775]
758.361335515976,1002,False,6,2,[8.89600851 9.07064986 1.28148718],waiting,[ 0.5677905  -0.59831228 -0.99408226]
758.361335515976,1003,False,0,4,[ 8.61163687 -6.87838856  4.        ],exiting,[ 0.63925976  0.24903542 -0.34837281]
758.361335515976,1004,False,5,3,[-0.56709384 -5.9116698   4.        ],exiting,[-0.62185191  0.08809385  0.93462812]
758.361335515976,1005,False,1,5,[-8.54279893  7.59428788  3.70545608],landing,[ 0.50568378 -0.03156594 -0.11489306]
758.4584376811981,1000,False,4,1,[-6.35203034  5.50105168  4.00000008],cruising,[-0.82138112 -0.19970136 -0.21083176]
758.4584376811981,1001,False,2,0,[1.77013622 6.65123717 3.99999888],exiting,[-0.48080528  0.59740651 -0.20557775]
758.4584376811981,1002,False,6,2,[8.89600851 9.07064986 1.28148718],waiting,[ 0.5677905  -0.59831228 -0.99408226]
758.4584376811981,1003,False,0,4,[ 8.63638501 -6.97527783  4.        ],exiting,[ 0.63925976  0.24903542 -0.34837281]
758.4584376811981,1004,False,5,3,[-0.55168407 -6.01047536  4.        ],exiting,[-0.62185191  0.08809385  0.93462812]
758.4584376811981,1005,False,1,5,[-8.5261296   7.60868841  3.60936196],landing,[ 0.50568378 -0.03156594 -0.11489306]
758.5600187778473,1000,False,4,1,[-6.29694408  5.68524697  4.00000006],cruising,[-0.82138112 -0.19970136 -0.21083176]
758.5600187778473,1001,False,2,0,[1.79464172 6.74818809 3.9999991 ],exiting,[-0.48080528  0.59740651 -0.20557775]
758.5600187778473,1002,False,6,2,[8.89600851 9.07064986 1.28148718],waiting,[ 0.5677905  -0.59831228 -0.99408226]
758.5600187778473,1003,False,0,4,[ 8.66113316 -7.07216709  4.        ],landing,[ 0.63925976  0.24903542 -0.34837281]
758.5600187778473,1004,False,5,3,[-0.53627431 -6.10928093  4.        ],exiting,[-0.62185191  0.08809385  0.93462812]
758.5600187778473,1005,False,1,5,[-8.50819487  7.62202746  3.51189189],landing,[ 0.50568378 -0.03156594 -0.11489306]
758.6560437679291,1000,False,4,1,[-6.22411504  5.86021222  4.00000004],cruising,[-0.82138112 -0.19970136 -0.21083176]
758.6560437679291,1001,False,2,0,[1.81914722 6.845139   3.99999928],exiting,[-0.48080528  0.59740651 -0.20557775]
758.6560437679291,1002,False,6,2,[8.89600851 9.07064986 1.28148718],waiting,[ 0.5677905  -0.59831228 -0.99408226]
758.6560437679291,1003,False,0,4,[ 8.67933504 -7.15669052  3.985709  ],landing,[ 0.63925976  0.24903542 -0.34837281]
758.6560437679291,1004,False,5,3,[-0.52086454 -6.20808649  4.        ],exiting,[-0.62185191  0.08809385  0.93462812]
758.6560437679291,1005,False,1,5,[-8.49026013  7.63536651  3.41442182],landing,[ 0.50568378 -0.03156594 -0.11489306]
758.7612640857697,1000,False,4,1,[-6.13476166  6.02391043  4.00000003],cruising,[-0.82138112 -0.19970136 -0.21083176]
758.7612640857697,1001,False,2,0,[1.84365272 6.94208992 3.99999942],exiting,[-0.48080528  0.59740651 -0.20557775]
758.7612640857697,1002,False,6,2,[8.89600851 9.07064986 1.28148718],waiting,[ 0.5677905  -0.59831228 -0.99408226]
758.7612640857697,1003,False,0,4,[ 8.690983   -7.22866942  3.95728716],landing,[ 0.63925976  0.24903542 -0.34837281]
758.7612640857697,1004,False,5,3,[-0.50545477 -6.30689205  4.        ],exiting,[-0.62185191  0.08809385  0.93462812]
758.7612640857697,1005,False,1,5,[-8.4723254   7.64870556  3.31695174],landing,[ 0.50568378 -0.03156594 -0.11489306]
758.8638837337494,1000,False,4,1,[-6.0298951   6.17498559  4.00000001],cruising,[-0.82138112 -0.19970136 -0.21083176]
758.8638837337494,1001,False,2,0,[1.86815822 7.03904084 3.99999954],exiting,[-0.48080528  0.59740651 -0.20557775]
758.8638837337494,1002,False,6,2,[8.89600851 9.07064986 1.28148718],waiting,[ 0.5677905  -0.59831228 -0.99408226]
758.8638837337494,1003,False,0,4,[ 8.69606906 -7.28789195  3.91492915],landing,[ 0.63925976  0.24903542 -0.34837281]
758.8638837337494,1004,False,5,3,[-0.490045   -6.40569761  4.        ],exiting,[-0.62185191  0.08809385  0.93462812]
758.8638837337494,1005,False,1,5,[-8.45439067  7.66204461  3.21948167],landing,[ 0.50568378 -0.03156594 -0.11489306]
758.9589178562164,1000,False,4,1,[-5.91043141  6.31238875  4.        ],cruising,[-0.82138112 -0.19970136 -0.21083176]
758.9589178562164,1001,False,2,0,[1.89266372 7.13599176 3.99999963],exiting,[-0.48080528  0.59740651 -0.20557775]
758.9589178562164,1002,False,6,2,[8.89600851 9.07064986 1.28148718],waiting,[ 0.5677905  -0.59831228 -0.99408226]
758.9589178562164,1003,False,0,4,[ 8.69458429 -7.33406257  3.85891569],landing,[ 0.63925976  0.24903542 -0.34837281]
758.9589178562164,1004,False,5,3,[-0.47463524 -6.50450317  4.        ],exiting,[-0.62185191  0.08809385  0.93462812]
758.9589178562164,1005,False,1,5,[-8.43645594  7.67538365  3.1220116 ],landing,[ 0.50568378 -0.03156594 -0.11489306]
759.05814909935,1000,False,4,1,[-5.77725626  6.43523182  3.99999999],cruising,[-0.82138112 -0.19970136 -0.21083176]
759.05814909935,1001,False,2,0,[1.91716922 7.23294268 3.99999971],exiting,[-0.48080528  0.59740651 -0.20557775]
759.05814909935,1002,False,6,2,[8.89600851 9.07064986 1.28148718],waiting,[ 0.5677905  -0.59831228 -0.99408226]
759.05814909935,1003,False,0,4,[ 8.68652359 -7.3669553   3.78946886],landing,[ 0.63925976  0.24903542 -0.34837281]
759.05814909935,1004,False,5,3,[-0.45922547 -6.60330874  4.        ],exiting,[-0.62185191  0.08809385  0.93462812]
759.05814909935,1005,False,1,5,[-8.41852121  7.6887227   3.02454152],landing,[ 0.50568378 -0.03156594 -0.11489306]
759.151837348938,1000,False,4,1,[-5.63119204  6.54278203  3.99999999],cruising,[-0.82138112 -0.19970136 -0.21083176]
759.151837348938,1001,False,2,0,[1.94167472 7.32989359 3.99999977],exiting,[-0.48080528  0.59740651 -0.20557775]
759.151837348938,1002,False,6,2,[8.89600851 9.07064986 1.28148718],waiting,[ 0.5677905  -0.59831228 -0.99408226]
759.151837348938,1003,False,0,4,[ 8.67188357 -7.38634768  3.70681397],landing,[ 0.63925976  0.24903542 -0.34837281]
759.151837348938,1004,False,5,3,[-0.4438157 -6.7021143  4.       ],exiting,[-0.62185191  0.08809385  0.93462812]
759.151837348938,1005,False,1,5,[-8.40058647  7.70206175  2.92707145],landing,[ 0.50568378 -0.03156594 -0.11489306]
759.2587971687317,1000,False,4,1,[-5.4729641   6.63445635  3.99999998],cruising,[-0.82138112 -0.19970136 -0.21083176]
759.2587971687317,1001,False,2,0,[1.96618022 7.42684451 3.99999982],exiting,[-0.48080528  0.59740651 -0.20557775]
759.2587971687317,1002,False,6,2,[8.89600851 9.07064986 1.28148718],queued,[ 0.5677905  -0.59831228 -0.99408226]
759.2587971687317,1003,False,0,4,[ 8.65066243 -7.39201536  3.61118521],landing,[ 0.63925976  0.24903542 -0.34837281]
759.2587971687317,1004,False,5,3,[-0.42840594 -6.80091986  4.        ],exiting,[-0.62185191  0.08809385  0.93462812]
759.2587971687317,1005,False,1,5,[-8.38265174  7.7154008   2.82960138],landing,[ 0.50568378 -0.03156594 -0.11489306]
759.3547747135162,1000,False,4,1,[-5.30316289  6.70981934  3.99999998],cruising,[-0.82138112 -0.19970136 -0.21083176]
759.3547747135162,1001,False,2,0,[1.99068572 7.52379543 3.99999986],exiting,[-0.48080528  0.59740651 -0.20557775]
759.3547747135162,1002,False,6,2,[8.89600851 9.07064986 1.30148718],queued,[ 0.5677905  -0.59831228 -0.99408226]
759.3547747135162,1003,False,0,4,[ 8.62850258 -7.39569303  3.51374079],landing,[ 0.63925976  0.24903542 -0.34837281]
759.3547747135162,1004,False,5,3,[-0.41299617 -6.89972542  4.        ],exiting,[-0.62185191  0.08809385  0.93462812]
759.3547747135162,1005,False,1,5,[-8.36471701  7.72873985  2.7321313 ],landing,[ 0.50568378 -0.03156594 -0.11489306]
759.4634912014008,1000,False,4,1,[-5.12219068  6.76859291  3.99999998],cruising,[-0.82138112 -0.19970136 -0.21083176]
759.4634912014008,1001,False,2,0,[2.01519122 7.62074635 3.99999989],exiting,[-0.48080528  0.59740651 -0.20557775]
759.4634912014008,1002,False,6,2,[8.89600851 9.07064986 1.34148718],queued,[ 0.5677905  -0.59831228 -0.99408226]
759.4634912014008,1003,False,0,4,[ 8.60634274 -7.3993707   3.41629636],landing,[ 0.63925976  0.24903542 -0.34837281]
759.4634912014008,1004,False,5,3,[-0.3975864  -6.99853098  4.        ],exiting,[-0.62185191  0.08809385  0.93462812]
759.4634912014008,1005,False,1,5,[-8.34678228  7.7420789   2.63466123],landing,[ 0.50568378 -0.03156594 -0.11489306]
759.5666170120239,1000,False,4,1,[-4.93050703  6.81047669  3.99999998],cruising,[-0.82138112 -0.19970136 -0.21083176]
759.5666170120239,1001,False,2,0,[2.03969671 7.71769727 3.99999992],exiting,[-0.48080528  0.59740651 -0.20557775]
759.5666170120239,1002,False,6,2,[8.89600851 9.07064986 1.40148718],queued,[ 0.5677905  -0.59831228 -0.99408226]
759.5666170120239,1003,False,0,4,[ 8.58418289 -7.40304837  3.31885194],landing,[ 0.63925976  0.24903542 -0.34837281]
759.5666170120239,1004,False,5,3,[-0.38217664 -7.09733655  4.        ],exiting,[-0.62185191  0.08809385  0.93462812]
759.5666170120239,1005,False,1,5,[-8.32884755  7.75541795  2.53719116],landing,[ 0.50568378 -0.03156594 -0.11489306]
759.6583249568939,1000,False,4,1,[-4.73398412  6.84760814  3.99999998],cruising,[-0.82138112 -0.19970136 -0.21083176]
759.6583249568939,1001,False,2,0,[2.06420221 7.81464818 3.99999994],exiting,[-0.48080528  0.59740651 -0.20557775]
759.6583249568939,1002,False,6,2,[8.89600851 9.07064986 1.47648718],queued,[ 0.5677905  -0.59831228 -0.99408226]
759.6583249568939,1003,False,0,4,[ 8.56202304 -7.40672605  3.22140751],landing,[ 0.63925976  0.24903542 -0.34837281]
759.6583249568939,1004,False,5,3,[-0.36676687 -7.19614211  4.        ],exiting,[-0.62185191  0.08809385  0.93462812]
759.6583249568939,1005,False,1,5,[-8.31091281  7.768757    2.43972108],landing,[ 0.50568378 -0.03156594 -0.11489306]
759.7635722160339,1000,False,4,1,[-4.53840306  6.88941782  3.99999999],cruising,[-0.82138112 -0.19970136 -0.21083176]
759.7635722160339,1001,False,2,0,[2.08870771 7.9115991  3.99999995],exiting,[-0.48080528  0.59740651 -0.20557775]
759.7635722160339,1002,False,6,2,[8.89600851 9.07064986 1.55148718],entering,[ 0.5677905  -0.59831228 -0.99408226]
759.7635722160339,1003,False,0,4,[ 8.5398632  -7.41040372  3.12396309],landing,[ 0.63925976  0.24903542 -0.34837281]
759.7635722160339,1004,False,5,3,[-0.3513571  -7.29494767  4.        ],exiting,[-0.62185191  0.08809385  0.93462812]
759.7635722160339,1005,False,1,5,[-8.29297808  7.78209605  2.34225101],landing,[ 0.50568378 -0.03156594 -0.11489306]
759.865719795227,1000,False,4,1,[-4.34350624  6.93430912  3.99999999],cruising,[-0.82138112 -0.19970136 -0.21083176]
759.865719795227,1001,False,2,0,[2.11321321 8.00855002 3.99999996],exiting,[-0.48080528  0.59740651 -0.20557775]
759.865719795227,1002,False,6,2,[8.89178022 9.05110193 1.62648718],entering,[ 0.5677905  -0.59831228 -0.99408226]
759.865719795227,1003,False,0,4,[ 8.51770335 -7.41408139  3.02651866],landing,[ 0.63925976  0.24903542 -0.34837281]
759.865719795227,1004,False,5,3,[-0.33594733 -7.39375323  4.        ],exiting,[-0.62185191  0.08809385  0.93462812]
759.865719795227,1005,False,1,5,[-8.27504335  7.7954351   2.24478094],landing,[ 0.50568378 -0.03156594 -0.11489306]
759.9654412269592,1000,False,4,1,[-4.14899587  6.98084636  3.99999999],cruising,[-0.82138112 -0.19970136 -0.21083176]
759.9654412269592,1001,False,2,0,[2.13771871 8.10550094 3.99999997],exiting,[-0.48080528  0.59740651 -0.20557775]
759.9654412269592,1002,False,6,2,[8.88332364 9.01200607 1.70148718],entering,[ 0.5677905  -0.59831228 -0.99408226]
759.9654412269592,1003,False,0,4,[ 8.4955435  -7.41775906  2.92907424],landing,[ 0.63925976  0.24903542 -0.34837281]
759.9654412269592,1004,False,5,3,[-0.32053757 -7.49255879  4.        ],exiting,[-0.62185191  0.08809385  0.93462812]
759.9654412269592,1005,False,1,5,[-8.25710862  7.80877414  2.14731086],landing,[ 0.50568378 -0.03156594 -0.11489306]
760.0523812770844,1000,False,4,1,[-3.95458209  7.02778552  3.99999999],cruising,[-0.82138112 -0.19970136 -0.21083176]
760.0523812770844,1001,False,2,0,[2.16222421 8.20245186 3.99999998],exiting,[-0.48080528  0.59740651 -0.20557775]
760.0523812770844,1002,False,6,2,[8.87063877 8.95336228 1.77648718],entering,[ 0.5677905  -0.59831228 -0.99408226]
760.0523812770844,1003,False,0,4,[ 8.47338366 -7.42143673  2.83162981],landing,[ 0.63925976  0.24903542 -0.34837281]
760.0523812770844,1004,False,5,3,[-0.3051278  -7.59136436  4.        ],exiting,[-0.62185191  0.08809385  0.93462812]
760.0523812770844,1005,False,1,5,[-8.23917389  7.82211319  2.04984079],landing,[ 0.50568378 -0.03156594 -0.11489306]
760.1541316509247,1000,False,4,1,[-3.75944869  7.07163702  3.99999999],cruising,[-0.82138112 -0.19970136 -0.21083176]
760.1541316509247,1001,False,2,0,[2.18672971 8.29940277 3.99999999],exiting,[-0.48080528  0.59740651 -0.20557775]
760.1541316509247,1002,False,6,2,[8.85372561 8.87517056 1.85148718],entering,[ 0.5677905  -0.59831228 -0.99408226]
760.1541316509247,1003,False,0,4,[ 8.45122381 -7.42511441  2.73418539],landing,[ 0.63925976  0.24903542 -0.34837281]
760.1541316509247,1004,False,5,3,[-0.28971803 -7.69016992  4.        ],exiting,[-0.62185191  0.08809385  0.93462812]
760.1541316509247,1005,False,1,5,[-8.22123915  7.83545224  1.95237072],landing,[ 0.50568378 -0.03156594 -0.11489306]
760.2649691104889,1000,False,4,1,[-3.56406488  7.11435902  3.99999999],cruising,[-0.82138112 -0.19970136 -0.21083176]
760.2649691104889,1001,False,2,0,[2.21123521 8.39635369 3.99999999],exiting,[-0.48080528  0.59740651 -0.20557775]
760.2649691104889,1002,False,6,2,[8.83258883 8.7774299  1.92648718],entering,[ 0.5677905  -0.59831228 -0.99408226]
760.2649691104889,1003,False,0,4,[ 8.42906396 -7.42879208  2.63674096],landing,[ 0.63925976  0.24903542 -0.34837281]
760.2649691104889,1004,False,5,3,[-0.27430827 -7.78897548  4.        ],landing,[-0.62185191  0.08809385  0.93462812]
760.2649691104889,1005,False,1,5,[-8.20330442  7.84879129  1.85490065],landing,[ 0.50568378 -0.03156594 -0.11489306]
760.3620429039001,1000,False,4,1,[-3.36824459  7.1550335   3.99999999],cruising,[-0.82138112 -0.19970136 -0.21083176]
760.3620429039001,1001,False,2,0,[2.23574071 8.49330461 3.99999999],exiting,[-0.48080528  0.59740651 -0.20557775]
760.3620429039001,1002,False,6,2,[8.80738677 8.66010676 2.00148718],entering,[ 0.5677905  -0.59831228 -0.99408226]
760.3620429039001,1003,False,0,4,[ 8.40690411 -7.43246975  2.53929654],landing,[ 0.63925976  0.24903542 -0.34837281]
760.3620429039001,1004,False,5,3,[-0.26423132 -7.87450853  3.98602139],landing,[-0.62185191  0.08809385  0.93462812]
760.3620429039001,1005,False,1,5,[-8.18536969  7.86213034  1.75743057],landing,[ 0.50568378 -0.03156594 -0.11489306]
760.4566314220428,1000,False,4,1,[-3.17137704  7.19029205  4.        ],cruising,[-0.82138112 -0.19970136 -0.21083176]
760.4566314220428,1001,False,2,0,[2.26024621 8.59025553 4.        ],exiting,[-0.48080528  0.59740651 -0.20557775]
760.4566314220428,1002,False,6,2,[8.77836493 8.52315178 2.07648718],entering,[ 0.5677905  -0.59831228 -0.99408226]
760.4566314220428,1003,False,0,4,[ 8.38474427 -7.43614742  2.44185211],landing,[ 0.63925976  0.24903542 -0.34837281]
760.4566314220428,1004,False,5,3,[-0.25947622 -7.94659418  3.9582281 ],landing,[-0.62185191  0.08809385  0.93462812]
760.4566314220428,1005,False,1,5,[-8.16743496  7.87546939  1.6599605 ],landing,[ 0.50568378 -0.03156594 -0.11489306]
760.5571532249451,1000,False,4,1,[-2.97394752  7.22225429  4.        ],cruising,[-0.82138112 -0.19970136 -0.21083176]
760.5571532249451,1001,False,2,0,[2.28475171 8.68720645 4.        ],landing,[-0.48080528  0.59740651 -0.20557775]
760.5571532249451,1002,False,6,2,[8.74592712 8.36649067 2.15148718],entering,[ 0.5677905  -0.59831228 -0.99408226]
760.5571532249451,1003,False,0,4,[ 8.36258442 -7.4398251   2.34440769],landing,[ 0.63925976  0.24903542 -0.34837281]
760.5571532249451,1004,False,5,3,[-0.2600289  -8.00502723  3.91681741],landing,[-0.62185191  0.08809385  0.93462812]
760.5571532249451,1005,False,1,5,[-8.14950023  7.88880844  1.56249043],landing,[ 0.50568378 -0.03156594 -0.11489306]
760.6540586948395,1000,False,4,1,[-2.77550831  7.24719183  4.        ],cruising,[-0.82138112 -0.19970136 -0.21083176]
760.6540586948395,1001,False,2,0,[2.30882682 8.76966563 3.98622304],landing,[-0.48080528  0.59740651 -0.20557775]
760.6540586948395,1002,False,6,2,[8.71041525 8.19006723 2.22648718],entering,[ 0.5677905  -0.59831228 -0.99408226]
760.6540586948395,1003,False,0,4,[ 8.34042457 -7.44350277  2.24696327],landing,[ 0.63925976  0.24903542 -0.34837281]
760.6540586948395,1004,False,5,3,[-0.26586826 -8.04952943  3.86206569],landing,[-0.62185191  0.08809385  0.93462812]
760.6540586948395,1005,False,1,5,[-8.13156549  7.90214749  1.46502035],fake_landed,[ 0.50568378 -0.03156594 -0.11489306]
760.7527887821198,1000,False,4,1,[-2.57652399  7.26732241  4.        ],cruising,[-0.82138112 -0.19970136 -0.21083176]
760.7527887821198,1001,False,2,0,[2.33239365 8.83747929 3.95883543],landing,[-0.48080528  0.59740651 -0.20557775]
760.7527887821198,1002,False,6,2,[8.67186678 7.99387566 2.30148718],entering,[ 0.5677905  -0.59831228 -0.99408226]
760.7527887821198,1003,False,0,4,[ 8.31826473 -7.44718044  2.14951884],landing,[ 0.63925976  0.24903542 -0.34837281]
760.7527887821198,1004,False,5,3,[-0.27697425 -8.07986294  3.79421778],landing,[-0.62185191  0.08809385  0.93462812]
760.7527887821198,1005,False,1,5,[-8.11721771  7.91281873  1.38704429],fake_landed,[ 0.50568378 -0.03156594 -0.11489306]
760.8669891357422,1000,False,4,1,[-2.3768096   7.27800707  4.        ],cruising,[-0.82138112 -0.19970136 -0.21083176]
760.8669891357422,1001,False,2,0,[2.35536031 8.89046851 3.91803604],landing,[-0.48080528  0.59740651 -0.20557775]
760.8669891357422,1002,False,6,2,[8.63330973 7.79762746 2.37648718],entering,[ 0.5677905  -0.59831228 -0.99408226]
760.8669891357422,1003,False,0,4,[ 8.29610488 -7.45085811  2.05207442],landing,[ 0.63925976  0.24903542 -0.34837281]
760.8669891357422,1004,False,5,3,[-0.29332696 -8.09581154  3.71350337],landing,[-0.62185191  0.08809385  0.93462812]
760.8669891357422,1005,False,1,5,[-8.10645687  7.92082216  1.32856225],fake_landed,[ 0.50568378 -0.03156594 -0.11489306]
760.9640612602234,1000,False,4,1,[-2.17681082  7.27730657  4.        ],cruising,[-0.82138112 -0.19970136 -0.21083176]
760.9640612602234,1001,False,2,0,[2.37760237 8.92839537 3.8640989 ],landing,[-0.48080528  0.59740651 -0.20557775]
760.9640612602234,1002,False,6,2,[8.59533658 7.60126545 2.45148718],entering,[ 0.5677905  -0.59831228 -0.99408226]
760.9640612602234,1003,False,0,4,[ 8.27394503 -7.45453578  1.95462999],landing,[ 0.63925976  0.24903542 -0.34837281]
760.9640612602234,1004,False,5,3,[-0.31490466 -8.09715757  3.62016105],landing,[-0.62185191  0.08809385  0.93462812]
760.9640612602234,1005,False,1,5,[-8.09928298  7.92615778  1.28957422],fake_landed,[ 0.50568378 -0.03156594 -0.11489306]
761.0537097454071,1000,False,4,1,[-1.97784655  7.25697883  4.        ],cruising,[-0.82138112 -0.19970136 -0.21083176]
761.0537097454071,1001,False,2,0,[2.39900478 8.95104438 3.79728223],landing,[-0.48080528  0.59740651 -0.20557775]
761.0537097454071,1002,False,6,2,[8.5599545  7.40442006 2.52648718],entering,[ 0.5677905  -0.59831228 -0.99408226]
761.0537097454071,1003,False,0,4,[ 8.25178519 -7.45821346  1.85718557],landing,[ 0.63925976  0.24903542 -0.34837281]
761.0537097454071,1004,False,5,3,[-0.33810941 -8.09386676  3.52294629],landing,[-0.62185191  0.08809385  0.93462812]
761.0537097454071,1005,False,1,5,[-8.09569603  7.92882559  1.27008021],fake_landed,[ 0.50568378 -0.03156594 -0.11489306]
761.1522943973541,1000,False,4,1,[-1.78051425  7.22442171  4.        ],cruising,[-0.82138112 -0.19970136 -0.21083176]
761.1522943973541,1001,False,2,0,[2.41946573 8.95822851 3.71781838],landing,[-0.48080528  0.59740651 -0.20557775]
761.1522943973541,1002,False,6,2,[8.5257683  7.20736346 2.60148718],entering,[ 0.5677905  -0.59831228 -0.99408226]
761.1522943973541,1003,False,0,4,[ 8.22962534 -7.46189113  1.75974114],landing,[ 0.63925976  0.24903542 -0.34837281]
761.1522943973541,1004,False,5,3,[-0.36131417 -8.09057595  3.42573153],landing,[-0.62185191  0.08809385  0.93462812]
761.1522943973541,1005,False,1,5,[-8.09569603  7.92882559  1.27008021],fake_landed,[ 0.50568378 -0.03156594 -0.11489306]
761.2650628089905,1000,False,4,1,[-1.58689958  7.1742883   4.        ],cruising,[-0.82138112 -0.19970136 -0.21083176]
761.2650628089905,1001,False,2,0,[2.43888126 8.94976025 3.6259485 ],landing,[-0.48080528  0.59740651 -0.20557775]
761.2650628089905,1002,False,6,2,[8.4915821  7.01030686 2.67648718],entering,[ 0.5677905  -0.59831228 -0.99408226]
761.2650628089905,1003,False,0,4,[ 8.20746549 -7.4655688   1.66229672],landing,[ 0.63925976  0.24903542 -0.34837281]
761.2650628089905,1004,False,5,3,[-0.38451892 -8.08728514  3.32851676],landing,[-0.62185191  0.08809385  0.93462812]
761.2650628089905,1005,False,5,6,[-8.09569603  7.92882559  1.27008021],waiting,[ 0.50568378 -0.03156594 -0.11489306]
761.3642885684967,1000,False,4,1,[-1.39769192  7.10947736  4.        ],cruising,[-0.82138112 -0.19970136 -0.21083176]
761.3642885684967,1001,False,2,0,[2.45780924 8.93458867 3.52893533],landing,[-0.48080528  0.59740651 -0.20557775]
761.3642885684967,1002,False,6,2,[8.4588785  6.81299879 2.75148718],entering,[ 0.5677905  -0.59831228 -0.99408226]
761.3642885684967,1003,False,0,4,[ 8.18530565 -7.46924647  1.56485229],landing,[ 0.63925976  0.24903542 -0.34837281]
761.3642885684967,1004,False,5,3,[-0.40772367 -8.08399433  3.231302  ],landing,[-0.62185191  0.08809385  0.93462812]
761.3642885684967,1005,False,5,6,[-8.09569603  7.92882559  1.27008021],waiting,[ 0.50568378 -0.03156594 -0.11489306]
761.4614193439484,1000,False,4,1,[-1.21299468  7.03275101  4.        ],cruising,[-0.82138112 -0.19970136 -0.21083176]
761.4614193439484,1001,False,2,0,[2.47673722 8.9194171  3.43192216],landing,[-0.48080528  0.59740651 -0.20557775]
761.4614193439484,1002,False,6,2,[8.42973145 6.61513406 2.82648718],entering,[ 0.5677905  -0.59831228 -0.99408226]
761.4614193439484,1003,False,0,4,[ 8.1631458  -7.47292415  1.46740787],fake_landed,[ 0.63925976  0.24903542 -0.34837281]
761.4614193439484,1004,False,5,3,[-0.43092843 -8.08070353  3.13408724],landing,[-0.62185191  0.08809385  0.93462812]
761.4614193439484,1005,False,5,6,[-8.09569603  7.92882559  1.27008021],waiting,[ 0.50568378 -0.03156594 -0.11489306]
761.5560274124146,1000,False,4,1,[-1.03250128  6.94659922  4.        ],cruising,[-0.82138112 -0.19970136 -0.21083176]
761.5560274124146,1001,False,2,0,[2.49566521 8.90424553 3.33490899],landing,[-0.48080528  0.59740651 -0.20557775]
761.5560274124146,1002,False,6,2,[8.4005844  6.41726934 2.90148718],entering,[ 0.5677905  -0.59831228 -0.99408226]
761.5560274124146,1003,False,0,4,[ 8.14541792 -7.47586628  1.38945233],fake_landed,[ 0.63925976  0.24903542 -0.34837281]
761.5560274124146,1004,False,5,3,[-0.45413318 -8.07741272  3.03687248],landing,[-0.62185191  0.08809385  0.93462812]
761.5560274124146,1005,False,5,6,[-8.09569603  7.92882559  1.27008021],waiting,[ 0.50568378 -0.03156594 -0.11489306]
761.6526207923889,1000,False,4,1,[-0.85565562  6.85318824  4.        ],cruising,[-0.82138112 -0.19970136 -0.21083176]
761.6526207923889,1001,False,2,0,[2.51459319 8.88907395 3.23789583],landing,[-0.48080528  0.59740651 -0.20557775]
761.6526207923889,1002,False,6,2,[8.37395238 6.21905043 2.97648718],entering,[ 0.5677905  -0.59831228 -0.99408226]
761.6526207923889,1003,False,0,4,[ 8.13212201 -7.47807289  1.33098567],fake_landed,[ 0.63925976  0.24903542 -0.34837281]
761.6526207923889,1004,False,5,3,[-0.47733794 -8.07412191  2.93965772],landing,[-0.62185191  0.08809385  0.93462812]
761.6526207923889,1005,False,5,6,[-8.09569603  7.92882559  1.27008021],waiting,[ 0.50568378 -0.03156594 -0.11489306]
761.7666404247284,1000,False,4,1,[-0.68073384  6.7562224   4.        ],cruising,[-0.82138112 -0.19970136 -0.21083176]
761.7666404247284,1001,False,2,0,[2.53352118 8.87390238 3.14088266],landing,[-0.48080528  0.59740651 -0.20557775]
761.7666404247284,1002,False,6,2,[8.35045797 6.02043519 3.05148718],entering,[ 0.5677905  -0.59831228 -0.99408226]
761.7666404247284,1003,False,0,4,[ 8.12325807 -7.47954396  1.2920079 ],fake_landed,[ 0.63925976  0.24903542 -0.34837281]
761.7666404247284,1004,False,5,3,[-0.50054269 -8.0708311   2.84244295],landing,[-0.62185191  0.08809385  0.93462812]
761.7666404247284,1005,False,5,6,[-8.09569603  7.92882559  1.27008021],waiting,[ 0.50568378 -0.03156594 -0.11489306]
761.8606023788452,1000,False,4,1,[-0.50853565  6.65449836  4.        ],cruising,[-0.82138112 -0.19970136 -0.21083176]
761.8606023788452,1001,False,2,0,[2.55244916 8.8587308  3.04386949],landing,[-0.48080528  0.59740651 -0.20557775]
761.8606023788452,1002,False,6,2,[8.32818087 5.82167973 3.12648718],entering,[ 0.5677905  -0.59831228 -0.99408226]
761.8606023788452,1003,False,0,4,[ 8.1188261  -7.48027949  1.27251902],fake_landed,[ 0.63925976  0.24903542 -0.34837281]
761.8606023788452,1004,False,5,3,[-0.52374744 -8.06754029  2.74522819],landing,[-0.62185191  0.08809385  0.93462812]
761.8606023788452,1005,False,5,6,[-8.09569603  7.92882559  1.27008021],queued,[ 0.50568378 -0.03156594 -0.11489306]
761.9586927890778,1000,False,4,1,[-0.33757541  6.55070723  4.        ],cruising,[-0.82138112 -0.19970136 -0.21083176]
761.9586927890778,1001,False,2,0,[2.57137714 8.84355923 2.94685632],landing,[-0.48080528  0.59740651 -0.20557775]
761.9586927890778,1002,False,6,2,[8.31078805 5.62243745 3.20148718],entering,[ 0.5677905  -0.59831228 -0.99408226]
761.9586927890778,1003,False,0,4,[ 8.1188261  -7.48027949  1.27251902],fake_landed,[ 0.63925976  0.24903542 -0.34837281]
761.9586927890778,1004,False,5,3,[-0.5469522  -8.06424948  2.64801343],landing,[-0.62185191  0.08809385  0.93462812]
761.9586927890778,1005,False,5,6,[-8.09569603  7.92882559  1.29008021],queued,[ 0.50568378 -0.03156594 -0.11489306]
762.0588827133179,1000,False,4,1,[-0.16817551  6.44438849  4.        ],cruising,[-0.82138112 -0.19970136 -0.21083176]
762.0588827133179,1001,False,2,0,[2.59030513 8.82838765 2.84984315],landing,[-0.48080528  0.59740651 -0.20557775]
762.0588827133179,1002,False,6,2,[8.29609845 5.42297764 3.27648718],entering,[ 0.5677905  -0.59831228 -0.99408226]
762.0588827133179,1003,False,4,5,[ 8.1188261  -7.48027949  1.27251902],waiting,[ 0.63925976  0.24903542 -0.34837281]
762.0588827133179,1004,False,5,3,[-0.57015695 -8.06095868  2.55079867],landing,[-0.62185191  0.08809385  0.93462812]
762.0588827133179,1005,False,5,6,[-8.09569603  7.92882559  1.33008021],queued,[ 0.50568378 -0.03156594 -0.11489306]
762.1554238796234,1000,False,4,1,[7.44732691e-04 6.33730931e+00 4.00000000e+00],cruising,[-0.82138112 -0.19970136 -0.21083176]
762.1554238796234,1001,False,2,0,[2.60923311 8.81321608 2.75282999],landing,[-0.48080528  0.59740651 -0.20557775]
762.1554238796234,1002,False,6,2,[8.28498663 5.22328656 3.35148718],entering,[ 0.5677905  -0.59831228 -0.99408226]
762.1554238796234,1003,False,4,5,[ 8.1188261  -7.48027949  1.27251902],waiting,[ 0.63925976  0.24903542 -0.34837281]
762.1554238796234,1004,False,5,3,[-0.59336171 -8.05766787  2.45358391],landing,[-0.62185191  0.08809385  0.93462812]
762.1554238796234,1005,False,5,6,[-8.09569603  7.92882559  1.39008021],queued,[ 0.50568378 -0.03156594 -0.11489306]
762.2634861469269,1000,False,4,1,[0.1692975  6.22965261 4.        ],cruising,[-0.82138112 -0.19970136 -0.21083176]
762.2634861469269,1001,False,2,0,[2.6281611  8.7980445  2.65581682],landing,[-0.48080528  0.59740651 -0.20557775]
762.2634861469269,1002,False,6,2,[8.28001543 5.02334835 3.42648718],entering,[ 0.5677905  -0.59831228 -0.99408226]
762.2634861469269,1003,False,4,5,[ 8.1188261  -7.48027949  1.27251902],waiting,[ 0.63925976  0.24903542 -0.34837281]
762.2634861469269,1004,False,5,3,[-0.61656646 -8.05437706  2.35636914],landing,[-0.62185191  0.08809385  0.93462812]
762.2634861469269,1005,False,5,6,[-8.09569603  7.92882559  1.46508021],queued,[ 0.50568378 -0.03156594 -0.11489306]
762.4831788539886,1000,False,4,1,[0.33809758 6.12238411 4.        ],cruising,[-0.82138112 -0.19970136 -0.21083176]
762.4831788539886,1001,False,2,0,[2.64708908 8.78287293 2.55880365],landing,[-0.48080528  0.59740651 -0.20557775]
762.4831788539886,1002,False,6,2,[8.28055426 4.82334907 3.50148718],entering,[ 0.5677905  -0.59831228 -0.99408226]
762.4831788539886,1003,False,4,5,[ 8.1188261  -7.48027949  1.27251902],waiting,[ 0.63925976  0.24903542 -0.34837281]
762.4831788539886,1004,False,5,3,[-0.63977121 -8.05108625  2.25915438],landing,[-0.62185191  0.08809385  0.93462812]
762.4831788539886,1005,False,5,6,[-8.09569603  7.92882559  1.54008021],queued,[ 0.50568378 -0.03156594 -0.11489306]
762.5941298007965,1000,False,4,1,[0.5076374  6.01628863 4.        ],cruising,[-0.82138112 -0.19970136 -0.21083176]
762.5941298007965,1001,False,2,0,[2.66601706 8.76770136 2.46179048],landing,[-0.48080528  0.59740651 -0.20557775]
762.5941298007965,1002,False,6,2,[8.28521704 4.62340343 3.57626411],entering,[ 0.5677905  -0.59831228 -0.99408226]
762.5941298007965,1003,False,4,5,[ 8.1188261  -7.48027949  1.27251902],waiting,[ 0.63925976  0.24903542 -0.34837281]
762.5941298007965,1004,False,5,3,[-0.66297597 -8.04779544  2.16193962],landing,[-0.62185191  0.08809385  0.93462812]
762.5941298007965,1005,False,5,6,[-8.09569603  7.92882559  1.61508021],queued,[ 0.50568378 -0.03156594 -0.11489306]
762.6833002567291,1000,False,4,1,[0.678072  5.9116366 4.       ],cruising,[-0.82138112 -0.19970136 -0.21083176]
762.6833002567291,1001,False,2,0,[2.68494505 8.75252978 2.36477731],landing,[-0.48080528  0.59740651 -0.20557775]
762.6833002567291,1002,False,6,2,[8.29457444 4.42362246 3.63982449],entering,[ 0.5677905  -0.59831228 -0.99408226]
762.6833002567291,1003,False,4,5,[ 8.1188261  -7.48027949  1.27251902],waiting,[ 0.63925976  0.24903542 -0.34837281]
762.6833002567291,1004,False,5,3,[-0.68618072 -8.04450464  2.06472486],landing,[-0.62185191  0.08809385  0.93462812]
762.6833002567291,1005,False,5,6,[-8.09569603  7.92882559  1.69008021],queued,[ 0.50568378 -0.03156594 -0.11489306]
762.7934980392456,1000,False,4,1,[0.85020892 5.8098089  4.        ],cruising,[-0.82138112 -0.19970136 -0.21083176]
762.7934980392456,1001,False,2,0,[2.70387303 8.73735821 2.26776415],landing,[-0.48080528  0.59740651 -0.20557775]
762.7934980392456,1002,False,6,2,[8.30683355 4.22399852 3.69385082],entering,[ 0.5677905  -0.59831228 -0.99408226]
762.7934980392456,1003,False,4,5,[ 8.1188261  -7.48027949  1.27251902],waiting,[ 0.63925976  0.24903542 -0.34837281]
762.7934980392456,1004,False,5,3,[-0.70938547 -8.04121383  1.96751009],landing,[-0.62185191  0.08809385  0.93462812]
762.7934980392456,1005,False,5,6,[-8.09569603  7.92882559  1.76508021],queued,[ 0.50568378 -0.03156594 -0.11489306]
762.8862595558167,1000,False,4,1,[1.02378549 5.71045511 4.        ],cruising,[-0.82138112 -0.19970136 -0.21083176]
762.8862595558167,1001,False,2,0,[2.72280101 8.72218663 2.17075098],landing,[-0.48080528  0.59740651 -0.20557775]
762.8862595558167,1002,False,6,2,[8.31645088 4.02422989 3.73977319],entering,[ 0.5677905  -0.59831228 -0.99408226]
762.8862595558167,1003,False,4,5,[ 8.1188261  -7.48027949  1.27251902],waiting,[ 0.63925976  0.24903542 -0.34837281]
762.8862595558167,1004,False,5,3,[-0.73259023 -8.03792302  1.87029533],landing,[-0.62185191  0.08809385  0.93462812]
762.8862595558167,1005,False,5,6,[-8.09569603  7.92882559  1.84008021],queued,[ 0.50568378 -0.03156594 -0.11489306]
762.9914751052856,1000,False,4,1,[1.19904481 5.61410072 4.        ],cruising,[-0.82138112 -0.19970136 -0.21083176]
762.9914751052856,1001,False,2,0,[2.741729   8.70701506 2.07373781],landing,[-0.48080528  0.59740651 -0.20557775]
762.9914751052856,1002,False,6,2,[8.33129897 3.82478182 3.77880722],cruising,[ 0.5677905  -0.59831228 -0.99408226]
762.9914751052856,1003,False,4,5,[ 8.1188261  -7.48027949  1.27251902],waiting,[ 0.63925976  0.24903542 -0.34837281]
762.9914751052856,1004,False,5,3,[-0.75579498 -8.03463221  1.77308057],landing,[-0.62185191  0.08809385  0.93462812]
762.9914751052856,1005,False,5,6,[-8.09569603  7.92882559  1.91508021],queued,[ 0.50568378 -0.03156594 -0.11489306]
763.0940659046173,1000,False,4,1,[1.37712148 5.52305842 4.        ],cruising,[-0.82138112 -0.19970136 -0.21083176]
763.0940659046173,1001,False,2,0,[2.76065698 8.69184348 1.97672464],landing,[-0.48080528  0.59740651 -0.20557775]
763.0940659046173,1002,False,6,2,[8.34033716 3.62498614 3.81198613],cruising,[ 0.5677905  -0.59831228 -0.99408226]
763.0940659046173,1003,False,4,5,[ 8.1188261  -7.48027949  1.27251902],queued,[ 0.63925976  0.24903542 -0.34837281]
763.0940659046173,1004,False,5,3,[-0.77899974 -8.0313414   1.67586581],landing,[-0.62185191  0.08809385  0.93462812]
763.0940659046173,1005,False,5,6,[-8.09569603  7.92882559  1.99008021],queued,[ 0.50568378 -0.03156594 -0.11489306]
763.1846613883972,1000,False,4,1,[1.55722446 5.4360934  4.        ],cruising,[-0.82138112 -0.19970136 -0.21083176]
763.1846613883972,1001,False,2,0,[2.77958497 8.67667191 1.87971147],landing,[-0.48080528  0.59740651 -0.20557775]
763.1846613883972,1002,False,6,2,[8.34774373 3.42512333 3.84018821],cruising,[ 0.5677905  -0.59831228 -0.99408226]
763.1846613883972,1003,False,4,5,[ 8.1188261  -7.48027949  1.29251902],queued,[ 0.63925976  0.24903542 -0.34837281]
763.1846613883972,1004,False,5,3,[-0.80220449 -8.02805059  1.57865105],landing,[-0.62185191  0.08809385  0.93462812]
763.1846613883972,1005,False,5,6,[-8.09569603  7.92882559  2.06508021],queued,[ 0.50568378 -0.03156594 -0.11489306]
763.287976026535,1000,False,4,1,[1.73952991 5.35384546 4.        ],cruising,[-0.82138112 -0.19970136 -0.21083176]
763.287976026535,1001,False,2,0,[2.79851295 8.66150034 1.78269831],landing,[-0.48080528  0.59740651 -0.20557775]
763.287976026535,1002,False,6,2,[8.3612348  3.22557888 3.86415998],cruising,[ 0.5677905  -0.59831228 -0.99408226]
763.287976026535,1003,False,4,5,[ 8.1188261  -7.48027949  1.33251902],queued,[ 0.63925976  0.24903542 -0.34837281]
763.287976026535,1004,False,5,3,[-0.82540924 -8.02475979  1.48143628],fake_landed,[-0.62185191  0.08809385  0.93462812]
763.287976026535,1005,False,5,6,[-8.09569603  7.92882559  2.14008021],queued,[ 0.50568378 -0.03156594 -0.11489306]
763.3966748714447,1000,False,4,1,[1.92525564 5.27964334 4.        ],cruising,[-0.82138112 -0.19970136 -0.21083176]
763.3966748714447,1001,False,2,0,[2.81744093 8.64632876 1.68568514],landing,[-0.48080528  0.59740651 -0.20557775]
763.3966748714447,1002,False,6,2,[8.37334945 3.02594612 3.88453598],cruising,[ 0.5677905  -0.59831228 -0.99408226]
763.3966748714447,1003,False,4,5,[ 8.1188261  -7.48027949  1.39251902],queued,[ 0.63925976  0.24903542 -0.34837281]
763.3966748714447,1004,False,5,3,[-0.84397305 -8.02212714  1.40366447],fake_landed,[-0.62185191  0.08809385  0.93462812]
763.3966748714447,1005,False,5,6,[-8.09569603  7.92882559  2.21508021],queued,[ 0.50568378 -0.03156594 -0.11489306]
763.4834585189819,1000,False,4,1,[2.11320777 5.21127672 4.        ],cruising,[-0.82138112 -0.19970136 -0.21083176]
763.4834585189819,1001,False,2,0,[2.83636892 8.63115719 1.58867197],landing,[-0.48080528  0.59740651 -0.20557775]
763.4834585189819,1002,False,6,2,[8.38485655 2.82627743 3.90185559],cruising,[ 0.5677905  -0.59831228 -0.99408226]
763.4834585189819,1003,False,4,5,[ 8.1188261  -7.48027949  1.46751902],queued,[ 0.63925976  0.24903542 -0.34837281]
763.4834585189819,1004,False,5,3,[-0.8578959  -8.02015265  1.34533562],fake_landed,[-0.62185191  0.08809385  0.93462812]
763.4834585189819,1005,False,5,6,[-8.09569603  7.92882559  2.29008021],queued,[ 0.50568378 -0.03156594 -0.11489306]
763.5958278179169,1000,False,4,1,[2.30379122 5.15063063 4.        ],cruising,[-0.82138112 -0.19970136 -0.21083176]
763.5958278179169,1001,False,2,0,[2.8552969  8.61598561 1.4916588 ],fake_landed,[-0.48080528  0.59740651 -0.20557775]
763.5958278179169,1002,False,6,2,[8.39987416 2.62684205 3.91657725],cruising,[ 0.5677905  -0.59831228 -0.99408226]
763.5958278179169,1003,False,4,5,[ 8.1188261  -7.48027949  1.54251902],queued,[ 0.63925976  0.24903542 -0.34837281]
763.5958278179169,1004,False,5,3,[-0.8671778  -8.01883633  1.30644971],fake_landed,[-0.62185191  0.08809385  0.93462812]
763.5958278179169,1005,False,5,6,[-8.09569603  7.92882559  2.36508021],queued,[ 0.50568378 -0.03156594 -0.11489306]
763.6894061565399,1000,False,4,1,[2.49748425 5.1008008  4.        ],cruising,[-0.82138112 -0.19970136 -0.21083176]
763.6894061565399,1001,False,2,0,[2.87043929 8.60384835 1.41404827],fake_landed,[-0.48080528  0.59740651 -0.20557775]
763.6894061565399,1002,False,6,2,[8.41314314 2.4272827  3.92909066],cruising,[ 0.5677905  -0.59831228 -0.99408226]
763.6894061565399,1003,False,4,5,[ 8.1188261  -7.48027949  1.61751902],queued,[ 0.63925976  0.24903542 -0.34837281]
763.6894061565399,1004,False,5,3,[-0.87181875 -8.01817817  1.28700676],fake_landed,[-0.62185191  0.08809385  0.93462812]
763.6894061565399,1005,False,5,6,[-8.09569603  7.92882559  2.44008021],queued,[ 0.50568378 -0.03156594 -0.11489306]
763.7884743213654,1000,False,4,1,[2.69405273 5.06391134 4.        ],cruising,[-0.82138112 -0.19970136 -0.21083176]
763.7884743213654,1001,False,2,0,[2.88179608 8.59474541 1.35584037],fake_landed,[-0.48080528  0.59740651 -0.20557775]
763.7884743213654,1002,False,6,2,[8.42812583 2.22784469 3.93972706],cruising,[ 0.5677905  -0.59831228 -0.99408226]
763.7884743213654,1003,False,4,5,[ 8.1188261  -7.48027949  1.69251902],queued,[ 0.63925976  0.24903542 -0.34837281]
763.7884743213654,1004,False,3,4,[-0.87181875 -8.01817817  1.28700676],waiting,[-0.62185191  0.08809385  0.93462812]
763.7884743213654,1005,False,5,6,[-8.09569603  7.92882559  2.51508021],entering,[ 0.50568378 -0.03156594 -0.11489306]
763.8947234153748,1000,False,4,1,[2.89168951 5.03325676 4.        ],cruising,[-0.82138112 -0.19970136 -0.21083176]
763.8947234153748,1001,False,2,0,[2.88936727 8.58867678 1.3170351 ],fake_landed,[-0.48080528  0.59740651 -0.20557775]
763.8947234153748,1002,False,6,2,[8.44062105 2.0282354  3.948768  ],cruising,[ 0.5677905  -0.59831228 -0.99408226]
763.8947234153748,1003,False,4,5,[ 8.1188261  -7.48027949  1.76751902],queued,[ 0.63925976  0.24903542 -0.34837281]
763.8947234153748,1004,False,3,4,[-0.87181875 -8.01817817  1.28700676],waiting,[-0.62185191  0.08809385  0.93462812]
763.8947234153748,1005,False,5,6,[-8.0778469   7.91980292  2.59008021],entering,[ 0.50568378 -0.03156594 -0.11489306]
763.984845161438,1000,False,4,1,[3.09005599 5.00774718 4.        ],cruising,[-0.82138112 -0.19970136 -0.21083176]
763.984845161438,1001,False,2,0,[2.89315287 8.58564246 1.29763247],fake_landed,[-0.48080528  0.59740651 -0.20557775]
763.984845161438,1002,False,6,2,[8.45364801 1.82866011 3.9564528 ],cruising,[ 0.5677905  -0.59831228 -0.99408226]
763.984845161438,1003,False,4,5,[ 8.1188261  -7.48027949  1.84251902],queued,[ 0.63925976  0.24903542 -0.34837281]
763.984845161438,1004,False,3,4,[-0.87181875 -8.01817817  1.28700676],waiting,[-0.62185191  0.08809385  0.93462812]
763.984845161438,1005,False,5,6,[-8.04213497  7.90178468  2.66508021],entering,[ 0.50568378 -0.03156594 -0.11489306]
764.0924632549286,1000,False,4,1,[3.28891139 4.98638054 4.        ],cruising,[-0.82138112 -0.19970136 -0.21083176]
764.0924632549286,1001,False,2,0,[2.89315287 8.58564246 1.29763247],fake_landed,[-0.48080528  0.59740651 -0.20557775]
764.0924632549286,1002,False,6,2,[8.463817   1.62891879 3.96298488],cruising,[ 0.5677905  -0.59831228 -0.99408226]
764.0924632549286,1003,False,4,5,[ 8.1188261  -7.48027949  1.91751902],queued,[ 0.63925976  0.24903542 -0.34837281]
764.0924632549286,1004,False,3,4,[-0.87181875 -8.01817817  1.28700676],waiting,[-0.62185191  0.08809385  0.93462812]
764.0924632549286,1005,False,5,6,[-7.98853008  7.87483099  2.74008021],entering,[ 0.50568378 -0.03156594 -0.11489306]
764.188238620758,1000,False,4,1,[3.48808762 4.96824694 4.        ],cruising,[-0.82138112 -0.19970136 -0.21083176]
764.188238620758,1001,False,0,3,[2.89315287 8.58564246 1.29763247],waiting,[-0.48080528  0.59740651 -0.20557775]
764.188238620758,1002,False,6,2,[8.47377492 1.42916685 3.96853715],cruising,[ 0.5677905  -0.59831228 -0.99408226]
764.188238620758,1003,False,4,5,[ 8.1188261  -7.48027949  1.99251902],queued,[ 0.63925976  0.24903542 -0.34837281]
764.188238620758,1004,False,3,4,[-0.87181875 -8.01817817  1.28700676],waiting,[-0.62185191  0.08809385  0.93462812]
764.188238620758,1005,False,5,6,[-7.91697514  7.83905713  2.81508021],entering,[ 0.50568378 -0.03156594 -0.11489306]
764.2837090492249,1000,False,4,1,[3.68736378 4.95124655 4.        ],cruising,[-0.82138112 -0.19970136 -0.21083176]
764.2837090492249,1001,False,0,3,[2.89315287 8.58564246 1.29763247],waiting,[-0.48080528  0.59740651 -0.20557775]
764.2837090492249,1002,False,6,2,[8.48300811 1.22938009 3.97325658],cruising,[ 0.5677905  -0.59831228 -0.99408226]
764.2837090492249,1003,False,4,5,[ 8.1188261  -7.48027949  2.06751902],queued,[ 0.63925976  0.24903542 -0.34837281]
764.2837090492249,1004,False,3,4,[-0.87181875 -8.01817817  1.28700676],queued,[-0.62185191  0.08809385  0.93462812]
764.2837090492249,1005,False,5,6,[-7.82742193  7.79456188  2.89008021],entering,[ 0.50568378 -0.03156594 -0.11489306]
764.3839602470398,1000,False,4,1,[3.88682397 4.93656211 4.        ],cruising,[-0.82138112 -0.19970136 -0.21083176]
764.3839602470398,1001,False,0,3,[2.89315287 8.58564246 1.29763247],waiting,[-0.48080528  0.59740651 -0.20557775]
764.3839602470398,1002,False,6,2,[8.48880462 1.02946411 3.97726809],cruising,[ 0.5677905  -0.59831228 -0.99408226]
764.3839602470398,1003,False,4,5,[ 8.1188261  -7.48027949  2.14251902],queued,[ 0.63925976  0.24903542 -0.34837281]
764.3839602470398,1004,False,3,4,[-0.87181875 -8.01817817  1.30700676],queued,[-0.62185191  0.08809385  0.93462812]
764.3839602470398,1005,False,5,6,[-7.71984632  7.74139527  2.96508021],entering,[ 0.50568378 -0.03156594 -0.11489306]
764.4850642681122,1000,False,4,1,[4.08638683 4.92334606 4.        ],cruising,[-0.82138112 -0.19970136 -0.21083176]
764.4850642681122,1001,False,0,3,[2.89315287 8.58564246 1.29763247],waiting,[-0.48080528  0.59740651 -0.20557775]
764.4850642681122,1002,False,6,2,[8.49363882 0.82952254 3.98067788],cruising,[ 0.5677905  -0.59831228 -0.99408226]
764.4850642681122,1003,False,4,5,[ 8.1188261  -7.48027949  2.21751902],queued,[ 0.63925976  0.24903542 -0.34837281]
764.4850642681122,1004,False,3,4,[-0.87181875 -8.01817817  1.34700676],queued,[-0.62185191  0.08809385  0.93462812]
764.4850642681122,1005,False,5,6,[-7.59422675  7.67960219  3.04008021],entering,[ 0.50568378 -0.03156594 -0.11489306]
764.5954809188843,1000,False,4,1,[4.28599557 4.91084199 4.        ],cruising,[-0.82138112 -0.19970136 -0.21083176]
764.5954809188843,1001,False,0,3,[2.89315287 8.58564246 1.29763247],waiting,[-0.48080528  0.59740651 -0.20557775]
764.5954809188843,1002,False,6,2,[8.49720107 0.62955427 3.9835762 ],cruising,[ 0.5677905  -0.59831228 -0.99408226]
764.5954809188843,1003,False,4,5,[ 8.1188261  -7.48027949  2.29251902],queued,[ 0.63925976  0.24903542 -0.34837281]
764.5954809188843,1004,False,3,4,[-0.87181875 -8.01817817  1.40700676],queued,[-0.62185191  0.08809385  0.93462812]
764.5954809188843,1005,False,5,6,[-7.45011605  7.61018823  3.11508021],entering,[ 0.50568378 -0.03156594 -0.11489306]
764.6931042671204,1000,False,4,1,[4.48560584 4.89836251 4.        ],cruising,[-0.82138112 -0.19970136 -0.21083176]
764.6931042671204,1001,False,0,3,[2.89315287 8.58564246 1.29763247],waiting,[-0.48080528  0.59740651 -0.20557775]
764.6931042671204,1002,False,6,2,[8.49716343 0.42955427 3.98603977],cruising,[ 0.5677905  -0.59831228 -0.99408226]
764.6931042671204,1003,False,4,5,[ 8.1188261  -7.48027949  2.36751902],queued,[ 0.63925976  0.24903542 -0.34837281]
764.6931042671204,1004,False,3,4,[-0.87181875 -8.01817817  1.48200676],queued,[-0.62185191  0.08809385  0.93462812]
764.6931042671204,1005,False,5,6,[-7.28728975  7.53372256  3.19008021],entering,[ 0.50568378 -0.03156594 -0.11489306]
764.7948553562164,1000,False,4,1,[4.68517676 4.8852686  4.        ],cruising,[-0.82138112 -0.19970136 -0.21083176]
764.7948553562164,1001,False,0,3,[2.89315287 8.58564246 1.29763247],waiting,[-0.48080528  0.59740651 -0.20557775]
764.7948553562164,1002,False,6,2,[8.49581126 0.22955884 3.9881338 ],cruising,[ 0.5677905  -0.59831228 -0.99408226]
764.7948553562164,1003,False,4,5,[ 8.1188261  -7.48027949  2.44251902],entering,[ 0.63925976  0.24903542 -0.34837281]
764.7948553562164,1004,False,3,4,[-0.87181875 -8.01817817  1.55700676],queued,[-0.62185191  0.08809385  0.93462812]
764.7948553562164,1005,False,5,6,[-7.10496395  7.45281062  3.26508021],entering,[ 0.50568378 -0.03156594 -0.11489306]
764.8839702606201,1000,False,4,1,[4.88470344 4.87151713 4.        ],cruising,[-0.82138112 -0.19970136 -0.21083176]
764.8839702606201,1001,False,0,3,[2.89315287 8.58564246 1.29763247],waiting,[-0.48080528  0.59740651 -0.20557775]
764.8839702606201,1002,False,6,2,[8.49292261 0.0295797  3.98991373],cruising,[ 0.5677905  -0.59831228 -0.99408226]
764.8839702606201,1003,False,4,5,[ 8.10733823 -7.46390791  2.51751902],entering,[ 0.63925976  0.24903542 -0.34837281]
764.8839702606201,1004,False,3,4,[-0.87181875 -8.01817817  1.63200676],queued,[-0.62185191  0.08809385  0.93462812]
764.8839702606201,1005,False,5,6,[-6.9211394   7.37401636  3.34008021],entering,[ 0.50568378 -0.03156594 -0.11489306]
764.9932589530945,1000,False,4,1,[5.08411053 4.85612846 4.        ],cruising,[-0.82138112 -0.19970136 -0.21083176]
764.9932589530945,1001,False,0,3,[2.89315287 8.58564246 1.29763247],waiting,[-0.48080528  0.59740651 -0.20557775]
764.9932589530945,1002,False,6,2,[ 8.48832164 -0.17036737  3.99142667],cruising,[ 0.5677905  -0.59831228 -0.99408226]
764.9932589530945,1003,False,4,5,[ 8.08436249 -7.43116474  2.59251902],entering,[ 0.63925976  0.24903542 -0.34837281]
764.9932589530945,1004,False,3,4,[-0.87181875 -8.01817817  1.70700676],queued,[-0.62185191  0.08809385  0.93462812]
764.9932589530945,1005,False,5,6,[-6.73518055  7.30040042  3.41508021],entering,[ 0.50568378 -0.03156594 -0.11489306]
765.0908753871918,1000,False,4,1,[5.28332823 4.8384562  4.        ],cruising,[-0.82138112 -0.19970136 -0.21083176]
765.0908753871918,1001,False,0,3,[2.89315287 8.58564246 1.29763247],waiting,[-0.48080528  0.59740651 -0.20557775]
765.0908753871918,1002,False,6,2,[ 8.47982018 -0.3701866   3.99271267],cruising,[ 0.5677905  -0.59831228 -0.99408226]
765.0908753871918,1003,False,4,5,[ 8.04989887 -7.38204998  2.66751902],entering,[ 0.63925976  0.24903542 -0.34837281]
765.0908753871918,1004,False,3,4,[-0.87181875 -8.01817817  1.78200676],queued,[-0.62185191  0.08809385  0.93462812]
765.0908753871918,1005,False,5,6,[-6.5476252   7.23095267  3.49008021],entering,[ 0.50568378 -0.03156594 -0.11489306]
765.1944952011108,1000,False,4,1,[5.48226341 4.81784566 4.        ],cruising,[-0.82138112 -0.19970136 -0.21083176]
765.1944952011108,1001,False,0,3,[2.89315287 8.58564246 1.29763247],waiting,[-0.48080528  0.59740651 -0.20557775]
765.1944952011108,1002,False,6,2,[ 8.46968218 -0.56992949  3.99380577],cruising,[ 0.5677905  -0.59831228 -0.99408226]
765.1944952011108,1003,False,4,5,[ 8.00394737 -7.31656365  2.74251902],entering,[ 0.63925976  0.24903542 -0.34837281]
765.1944952011108,1004,False,3,4,[-0.87181875 -8.01817817  1.85700676],entering,[-0.62185191  0.08809385  0.93462812]
765.1944952011108,1005,False,5,6,[-6.35836458  7.16629653  3.56508021],entering,[ 0.50568378 -0.03156594 -0.11489306]
765.2842185497284,1000,False,4,1,[5.68079005 4.79361404 4.        ],cruising,[-0.82138112 -0.19970136 -0.21083176]
765.2842185497284,1001,False,0,3,[2.89315287 8.58564246 1.29763247],waiting,[-0.48080528  0.59740651 -0.20557775]
765.2842185497284,1002,False,6,2,[ 8.45772778 -0.7695719   3.9947349 ],cruising,[ 0.5677905  -0.59831228 -0.99408226]
765.2842185497284,1003,False,4,5,[ 7.94650801 -7.23470573  2.81751902],entering,[ 0.63925976  0.24903542 -0.34837281]
765.2842185497284,1004,False,3,4,[-0.87830604 -7.99925952  1.93200676],entering,[-0.62185191  0.08809385  0.93462812]
765.2842185497284,1005,False,5,6,[-6.16705491  7.10798178  3.63031818],entering,[ 0.50568378 -0.03156594 -0.11489306]
765.391711473465,1000,False,4,1,[5.87904231 4.7672314  4.        ],cruising,[-0.82138112 -0.19970136 -0.21083176]
765.391711473465,1001,False,0,3,[2.89315287 8.58564246 1.29763247],waiting,[-0.48080528  0.59740651 -0.20557775]
765.391711473465,1002,False,6,2,[ 8.44380274 -0.96908654  3.99552467],cruising,[ 0.5677905  -0.59831228 -0.99408226]
765.391711473465,1003,False,4,5,[ 7.87758077 -7.13647622  2.89251902],entering,[ 0.63925976  0.24903542 -0.34837281]
765.391711473465,1004,False,3,4,[-0.8912806  -7.96142223  2.00700676],entering,[-0.62185191  0.08809385  0.93462812]
765.391711473465,1005,False,5,6,[-5.97348638  7.0576705   3.68577045],entering,[ 0.50568378 -0.03156594 -0.11489306]
765.4880843162537,1000,False,4,1,[6.07653124 4.73563832 4.        ],cruising,[-0.82138112 -0.19970136 -0.21083176]
765.4880843162537,1001,False,0,3,[2.89315287 8.58564246 1.29763247],waiting,[-0.48080528  0.59740651 -0.20557775]
765.4880843162537,1002,False,6,2,[ 8.42559553 -1.16825606  3.99619597],cruising,[ 0.5677905  -0.59831228 -0.99408226]
765.4880843162537,1003,False,4,5,[ 7.79722937 -7.02183061  2.96751902],entering,[ 0.63925976  0.24903542 -0.34837281]
765.4880843162537,1004,False,3,4,[-0.91074246 -7.9046663   2.08200676],entering,[-0.62185191  0.08809385  0.93462812]
765.4880843162537,1005,False,5,6,[-5.77790877  7.01584469  3.73290488],entering,[ 0.50568378 -0.03156594 -0.11489306]
765.593855381012,1000,False,4,1,[6.27295888 4.69800611 4.        ],cruising,[-0.82138112 -0.19970136 -0.21083176]
765.593855381012,1001,False,0,3,[2.89315287 8.58564246 1.29763247],waiting,[-0.48080528  0.59740651 -0.20557775]
765.593855381012,1002,False,6,2,[ 8.40546841 -1.36724073  3.99676657],cruising,[ 0.5677905  -0.59831228 -0.99408226]
765.593855381012,1003,False,4,5,[ 7.7046506  -6.89135808  3.04251902],entering,[ 0.63925976  0.24903542 -0.34837281]
765.593855381012,1004,False,3,4,[-0.9366916  -7.82899172  2.15700676],entering,[-0.62185191  0.08809385  0.93462812]
765.593855381012,1005,False,5,6,[-5.58065133  6.98283706  3.77296915],entering,[ 0.50568378 -0.03156594 -0.11489306]
765.6914691925049,1000,False,4,1,[6.46792231 4.65340501 4.        ],cruising,[-0.82138112 -0.19970136 -0.21083176]
765.6914691925049,1001,False,0,3,[2.89315287 8.58564246 1.29763247],waiting,[-0.48080528  0.59740651 -0.20557775]
765.6914691925049,1002,False,6,2,[ 8.38321864 -1.56599925  3.99725159],cruising,[ 0.5677905  -0.59831228 -0.99408226]
765.6914691925049,1003,False,4,5,[ 7.59918894 -6.74558747  3.11751902],entering,[ 0.63925976  0.24903542 -0.34837281]
765.6914691925049,1004,False,3,4,[-0.96912802 -7.73439849  2.23200676],entering,[-0.62185191  0.08809385  0.93462812]
765.6914691925049,1005,False,5,6,[-5.38172527  6.96213866  3.80702378],entering,[ 0.50568378 -0.03156594 -0.11489306]
765.7846369743347,1000,False,4,1,[6.660878   4.60079225 4.        ],cruising,[-0.82138112 -0.19970136 -0.21083176]
765.7846369743347,1001,False,0,3,[2.89315287 8.58564246 1.29763247],waiting,[-0.48080528  0.59740651 -0.20557775]
765.7846369743347,1002,False,6,2,[ 8.35629926 -1.76417933  3.99766385],cruising,[ 0.5677905  -0.59831228 -0.99408226]
765.7846369743347,1003,False,4,5,[ 7.4807642  -6.58458667  3.19251902],entering,[ 0.63925976  0.24903542 -0.34837281]
765.7846369743347,1004,False,3,4,[-1.00805173 -7.62088662  2.30700676],entering,[-0.62185191  0.08809385  0.93462812]
765.7846369743347,1005,False,5,6,[-5.18199369  6.95178037  3.83597021],entering,[ 0.50568378 -0.03156594 -0.11489306]
765.8870227336884,1000,False,4,1,[6.85109544 4.53900774 4.        ],cruising,[-0.82138112 -0.19970136 -0.21083176]
765.8870227336884,1001,False,0,3,[2.89315287 8.58564246 1.29763247],waiting,[-0.48080528  0.59740651 -0.20557775]
765.8870227336884,1002,False,6,2,[ 8.32718257 -1.96204853  3.99801427],cruising,[ 0.5677905  -0.59831228 -0.99408226]
765.8870227336884,1003,False,4,5,[ 7.36174728 -6.42385406  3.26751902],entering,[ 0.63925976  0.24903542 -0.34837281]
765.8870227336884,1004,False,3,4,[-1.05346272 -7.4884561   2.38200676],entering,[-0.62185191  0.08809385  0.93462812]
765.8870227336884,1005,False,5,6,[-4.98199372  6.95166375  3.86057468],cruising,[ 0.50568378 -0.03156594 -0.11489306]
765.9867253303528,1000,False,4,1,[7.03759957 4.4667844  4.        ],cruising,[-0.82138112 -0.19970136 -0.21083176]
765.9867253303528,1001,False,0,3,[2.89315287 8.58564246 1.29763247],queued,[-0.48080528  0.59740651 -0.20557775]
765.9867253303528,1002,False,6,2,[ 8.29560352 -2.1595397   3.99831213],cruising,[ 0.5677905  -0.59831228 -0.99408226]
765.9867253303528,1003,False,4,5,[ 7.23921494 -6.26578501  3.34251902],entering,[ 0.63925976  0.24903542 -0.34837281]
765.9867253303528,1004,False,3,4,[-1.10536099 -7.33710694  2.45700676],entering,[-0.62185191  0.08809385  0.93462812]
765.9867253303528,1005,False,5,6,[-4.78222668  6.96131395  3.88148848],cruising,[ 0.50568378 -0.03156594 -0.11489306]
766.0833466053009,1000,False,4,1,[7.21624718 4.3768676  4.        ],cruising,[-0.82138112 -0.19970136 -0.21083176]
766.0833466053009,1001,False,0,3,[2.89315287 8.58564246 1.31763247],queued,[-0.48080528  0.59740651 -0.20557775]
766.0833466053009,1002,False,6,2,[ 8.2585423  -2.35607587  3.99856531],cruising,[ 0.5677905  -0.59831228 -0.99408226]
766.0833466053009,1003,False,4,5,[ 7.11754488 -6.10705128  3.41751902],entering,[ 0.63925976  0.24903542 -0.34837281]
766.0833466053009,1004,False,3,4,[-1.16374656 -7.16683913  2.53200676],entering,[-0.62185191  0.08809385  0.93462812]
766.0833466053009,1005,False,5,6,[-4.5830609   6.97956205  3.89926521],cruising,[ 0.50568378 -0.03156594 -0.11489306]
766.1870472431183,1000,False,4,1,[7.38799221 4.27438031 4.        ],cruising,[-0.82138112 -0.19970136 -0.21083176]
766.1870472431183,1001,False,0,3,[2.89315287 8.58564246 1.35763247],queued,[-0.48080528  0.59740651 -0.20557775]
766.1870472431183,1002,False,6,2,[ 8.21879212 -2.55208588  3.99878051],cruising,[ 0.5677905  -0.59831228 -0.99408226]
766.1870472431183,1003,False,4,5,[ 6.99053802 -5.95255449  3.49251902],entering,[ 0.63925976  0.24903542 -0.34837281]
766.1870472431183,1004,False,3,4,[-1.22987122 -6.97812935  2.60700676],entering,[-0.62185191  0.08809385  0.93462812]
766.1870472431183,1005,False,5,6,[-4.38466105  7.0048108   3.91437542],cruising,[ 0.50568378 -0.03156594 -0.11489306]
766.2845406532288,1000,False,4,1,[7.55064918 4.15800717 4.        ],cruising,[-0.82138112 -0.19970136 -0.21083176]
766.2845406532288,1001,False,0,3,[2.89315287 8.58564246 1.41763247],queued,[-0.48080528  0.59740651 -0.20557775]
766.2845406532288,1002,False,6,2,[ 8.17286022 -2.74674009  3.99896344],cruising,[ 0.5677905  -0.59831228 -0.99408226]
766.2845406532288,1003,False,4,5,[ 6.86221708 -5.7991474   3.56751902],entering,[ 0.63925976  0.24903542 -0.34837281]
766.2845406532288,1004,False,3,4,[-1.29601167 -6.78938232  2.68200676],entering,[-0.62185191  0.08809385  0.93462812]
766.2845406532288,1005,False,5,6,[-4.18699963  7.03530614  3.92721911],cruising,[ 0.50568378 -0.03156594 -0.11489306]
766.3880364894867,1000,False,4,1,[7.70162503 4.02683441 4.        ],cruising,[-0.82138112 -0.19970136 -0.21083176]
766.3880364894867,1001,False,0,3,[2.89315287 8.58564246 1.49263247],queued,[-0.48080528  0.59740651 -0.20557775]
766.3880364894867,1002,False,6,2,[ 8.12377439 -2.94062299  3.99911892],cruising,[ 0.5677905  -0.59831228 -0.99408226]
766.3880364894867,1003,False,4,5,[ 6.73225908 -5.64712464  3.63239117],entering,[ 0.63925976  0.24903542 -0.34837281]
766.3880364894867,1004,False,3,4,[-1.36215211 -6.60063529  2.75700676],entering,[-0.62185191  0.08809385  0.93462812]
766.3880364894867,1005,False,5,6,[-3.989916    7.06933615  3.93813624],cruising,[ 0.50568378 -0.03156594 -0.11489306]
766.4854726791382,1000,False,4,1,[7.83834369 3.88163551 4.        ],cruising,[-0.82138112 -0.19970136 -0.21083176]
766.4854726791382,1001,False,0,3,[2.89315287 8.58564246 1.56763247],queued,[-0.48080528  0.59740651 -0.20557775]
766.4854726791382,1002,False,6,2,[ 8.06730701 -3.13248606  3.99925108],cruising,[ 0.5677905  -0.59831228 -0.99408226]
766.4854726791382,1003,False,4,5,[ 6.59552423 -5.50116717  3.68753249],entering,[ 0.63925976  0.24903542 -0.34837281]
766.4854726791382,1004,False,3,4,[-1.42898367 -6.41213186  2.83200676],entering,[-0.62185191  0.08809385  0.93462812]
766.4854726791382,1005,False,5,6,[-3.7931831   7.10533843  3.94741581],cruising,[ 0.50568378 -0.03156594 -0.11489306]
766.5848844051361,1000,False,4,1,[7.95956289 3.72379673 4.        ],cruising,[-0.82138112 -0.19970136 -0.21083176]
766.5848844051361,1001,False,0,3,[2.89315287 8.58564246 1.64263247],queued,[-0.48080528  0.59740651 -0.20557775]
766.5848844051361,1002,False,6,2,[ 8.00694053 -3.32315826  3.99936342],cruising,[ 0.5677905  -0.59831228 -0.99408226]
766.5848844051361,1003,False,4,5,[ 6.45403918 -5.35980955  3.73440262],entering,[ 0.63925976  0.24903542 -0.34837281]
766.5848844051361,1004,False,3,4,[-1.49644281 -6.22385211  2.90700676],entering,[-0.62185191  0.08809385  0.93462812]
766.5848844051361,1005,False,5,6,[-3.59611877  7.13948009  3.95530344],cruising,[ 0.50568378 -0.03156594 -0.11489306]
766.688483953476,1000,False,4,1,[8.06405775 3.55498999 4.        ],cruising,[-0.82138112 -0.19970136 -0.21083176]
766.688483953476,1001,False,0,3,[2.89315287 8.58564246 1.71763247],queued,[-0.48080528  0.59740651 -0.20557775]
766.688483953476,1002,False,6,2,[ 7.93729546 -3.51064043  3.99945891],cruising,[ 0.5677905  -0.59831228 -0.99408226]
766.688483953476,1003,False,4,5,[ 6.31002707 -5.22102729  3.77424222],entering,[ 0.63925976  0.24903542 -0.34837281]
766.688483953476,1004,False,3,4,[-1.56390196 -6.03557236  2.98200676],entering,[-0.62185191  0.08809385  0.93462812]
766.688483953476,1005,False,5,6,[-3.39902203  7.17343409  3.96200792],cruising,[ 0.50568378 -0.03156594 -0.11489306]
766.7913067340851,1000,False,4,1,[8.15090003 3.37678181 4.        ],cruising,[-0.82138112 -0.19970136 -0.21083176]
766.7913067340851,1001,False,0,3,[2.89315287 8.58564246 1.79263247],queued,[-0.48080528  0.59740651 -0.20557775]
766.7913067340851,1002,False,6,2,[ 7.85730462 -3.69394745  3.99954007],cruising,[ 0.5677905  -0.59831228 -0.99408226]
766.7913067340851,1003,False,4,5,[ 6.15912223 -5.08977285  3.80810589],entering,[ 0.63925976  0.24903542 -0.34837281]
766.7913067340851,1004,False,3,4,[-1.63263467 -5.8477538   3.05700676],entering,[-0.62185191  0.08809385  0.93462812]
766.7913067340851,1005,False,5,6,[-3.20169473  7.20602144  3.96770673],cruising,[ 0.50568378 -0.03156594 -0.11489306]
766.8856582641602,1000,False,4,1,[8.21939592 3.19061062 4.        ],exiting,[-0.82138112 -0.19970136 -0.21083176]
766.8856582641602,1001,False,0,3,[2.89315287 8.58564246 1.86763247],queued,[-0.48080528  0.59740651 -0.20557775]
766.8856582641602,1002,False,6,2,[ 7.76540589 -3.87158367  3.99960906],cruising,[ 0.5677905  -0.59831228 -0.99408226]
766.8856582641602,1003,False,4,5,[ 6.00121641 -4.96703022  3.83689001],cruising,[ 0.63925976  0.24903542 -0.34837281]
766.8856582641602,1004,False,3,4,[-1.70136737 -5.65993523  3.13200676],entering,[-0.62185191  0.08809385  0.93462812]
766.8856582641602,1005,False,5,6,[-3.00359185  7.23350325  3.97255072],cruising,[ 0.50568378 -0.03156594 -0.11489306]
766.9852550029755,1000,False,4,1,[8.26994919 3.01327473 4.        ],exiting,[-0.82138112 -0.19970136 -0.21083176]
766.9852550029755,1001,False,0,3,[2.89315287 8.58564246 1.94263247],queued,[-0.48080528  0.59740651 -0.20557775]
766.9852550029755,1002,False,6,2,[ 7.6594806  -4.04122986  3.9996677 ],cruising,[ 0.5677905  -0.59831228 -0.99408226]
766.9852550029755,1003,False,4,5,[ 5.83959716 -4.84922013  3.86135651],cruising,[ 0.63925976  0.24903542 -0.34837281]
766.9852550029755,1004,False,3,4,[-1.77123887 -5.47253732  3.20700676],entering,[-0.62185191  0.08809385  0.93462812]
766.9852550029755,1005,False,5,6,[-2.80508414  7.25788945  3.97666811],cruising,[ 0.50568378 -0.03156594 -0.11489306]
767.0854756832123,1000,False,4,1,[8.30505247 2.84863916 4.        ],exiting,[-0.82138112 -0.19970136 -0.21083176]
767.0854756832123,1001,False,0,3,[2.89315287 8.58564246 2.01763247],queued,[-0.48080528  0.59740651 -0.20557775]
767.0854756832123,1002,False,6,2,[ 7.53715129 -4.19943453  3.99971769],cruising,[ 0.5677905  -0.59831228 -0.99408226]
767.0854756832123,1003,False,4,5,[ 5.67162345 -4.74066217  3.88215303],cruising,[ 0.63925976  0.24903542 -0.34837281]
767.0854756832123,1004,False,3,4,[-1.84042032 -5.28488358  3.28200676],entering,[-0.62185191  0.08809385  0.93462812]
767.0854756832123,1005,False,5,6,[-2.60581494  7.27497124  3.9801679 ],cruising,[ 0.50568378 -0.03156594 -0.11489306]
767.1846249103546,1000,False,4,1,[8.32580165 2.69793053 4.        ],exiting,[-0.82138112 -0.19970136 -0.21083176]
767.1846249103546,1001,False,0,3,[2.89315287 8.58564246 2.09263247],queued,[-0.48080528  0.59740651 -0.20557775]
767.1846249103546,1002,False,6,2,[ 7.39983945 -4.34439067  3.99976193],cruising,[ 0.5677905  -0.59831228 -0.99408226]
767.1846249103546,1003,False,4,5,[ 5.50041526 -4.63728056  3.89983008],cruising,[ 0.63925976  0.24903542 -0.34837281]
767.1846249103546,1004,False,3,4,[-1.91131741 -5.09787127  3.35700676],entering,[-0.62185191  0.08809385  0.93462812]
767.1846249103546,1005,False,5,6,[-2.40617525  7.28697109  3.98314271],cruising,[ 0.50568378 -0.03156594 -0.11489306]
767.2893662452698,1000,False,4,1,[8.33281479 2.56175879 4.        ],exiting,[-0.82138112 -0.19970136 -0.21083176]
767.2893662452698,1001,False,0,3,[2.89315287 8.58564246 2.16763247],queued,[-0.48080528  0.59740651 -0.20557775]
767.2893662452698,1002,False,6,2,[ 7.24997706 -4.47377492  3.99980314],cruising,[ 0.5677905  -0.59831228 -0.99408226]
767.2893662452698,1003,False,4,5,[ 5.32475931 -4.54165114  3.91485556],cruising,[ 0.63925976  0.24903542 -0.34837281]
767.2893662452698,1004,False,3,4,[-1.98283217 -4.9110943   3.43200676],entering,[-0.62185191  0.08809385  0.93462812]
767.2893662452698,1005,False,5,6,[-2.20618112  7.28850265  3.98567131],cruising,[ 0.50568378 -0.03156594 -0.11489306]
767.3842487335205,1000,False,4,1,[8.32654616 2.44054013 4.        ],exiting,[-0.82138112 -0.19970136 -0.21083176]
767.3842487335205,1001,False,0,3,[2.89315287 8.58564246 2.24263247],queued,[-0.48080528  0.59740651 -0.20557775]
767.3842487335205,1002,False,6,2,[ 7.08946761 -4.58622872  3.99984133],cruising,[ 0.5677905  -0.59831228 -0.99408226]
767.3842487335205,1003,False,4,5,[ 5.14713148 -4.4497362   3.92762723],cruising,[ 0.63925976  0.24903542 -0.34837281]
767.3842487335205,1004,False,3,4,[-2.05460922 -4.72441796  3.50700676],entering,[-0.62185191  0.08809385  0.93462812]
767.3842487335205,1005,False,5,6,[-2.00682111  7.27251552  3.98782061],cruising,[ 0.50568378 -0.03156594 -0.11489306]
767.4894518852234,1000,False,4,1,[8.3074167  2.33463809 4.        ],exiting,[-0.82138112 -0.19970136 -0.21083176]
767.4894518852234,1001,False,0,3,[2.89315287 8.58564246 2.31763247],queued,[-0.48080528  0.59740651 -0.20557775]
767.4894518852234,1002,False,6,2,[ 6.92036435 -4.680623    3.99987645],cruising,[ 0.5677905  -0.59831228 -0.99408226]
767.4894518852234,1003,False,4,5,[ 4.96678644 -4.36327427  3.93848315],cruising,[ 0.63925976  0.24903542 -0.34837281]
767.4894518852234,1004,False,3,4,[-2.12627976 -4.5377007   3.58095575],entering,[-0.62185191  0.08809385  0.93462812]
767.4894518852234,1005,False,5,6,[-1.8098986   7.23756524  3.98964752],cruising,[ 0.50568378 -0.03156594 -0.11489306]
767.5906269550323,1000,False,4,1,[8.27592508 2.24445792 4.        ],exiting,[-0.82138112 -0.19970136 -0.21083176]
767.5906269550323,1001,False,0,3,[2.89315287 8.58564246 2.39263247],entering,[-0.48080528  0.59740651 -0.20557775]
767.5906269550323,1002,False,6,2,[ 6.74481436 -4.75608477  3.99990845],cruising,[ 0.5677905  -0.59831228 -0.99408226]
767.5906269550323,1003,False,4,5,[ 4.78545769 -4.27889487  3.94771067],cruising,[ 0.63925976  0.24903542 -0.34837281]
767.5906269550323,1004,False,3,4,[-2.19585127 -4.35019123  3.64381238],entering,[-0.62185191  0.08809385  0.93462812]
767.5906269550323,1005,False,5,6,[-1.61663092  7.18611034  3.99120039],cruising,[ 0.50568378 -0.03156594 -0.11489306]
767.6842274665833,1000,False,4,1,[8.23233445 2.17020301 4.        ],exiting,[-0.82138112 -0.19970136 -0.21083176]
767.6842274665833,1001,False,0,3,[2.88953923 8.56597163 2.46763247],entering,[-0.48080528  0.59740651 -0.20557775]
767.6842274665833,1002,False,6,2,[ 6.56500569 -4.81200522  3.99993726],cruising,[ 0.5677905  -0.59831228 -0.99408226]
767.6842274665833,1003,False,4,5,[ 4.60326215 -4.19640373  3.95555407],cruising,[ 0.63925976  0.24903542 -0.34837281]
767.6842274665833,1004,False,3,4,[-2.26543156 -4.162685    3.69724053],entering,[-0.62185191  0.08809385  0.93462812]
767.6842274665833,1005,False,5,6,[-1.42761353  7.12074654  3.99252033],cruising,[ 0.50568378 -0.03156594 -0.11489306]
767.7863187789917,1000,False,4,1,[8.17691665 2.11207627 4.        ],exiting,[-0.82138112 -0.19970136 -0.21083176]
767.7863187789917,1001,False,0,3,[2.88233647 8.52662548 2.54263247],entering,[-0.48080528  0.59740651 -0.20557775]
767.7863187789917,1002,False,6,2,[ 6.38314972 -4.84803072  3.99996278],cruising,[ 0.5677905  -0.59831228 -0.99408226]
767.7863187789917,1003,False,4,5,[ 4.41977571 -4.11682531  3.96222096],cruising,[ 0.63925976  0.24903542 -0.34837281]
767.7863187789917,1004,False,3,4,[-2.32726343 -3.97248295  3.74265445],entering,[-0.62185191  0.08809385  0.93462812]
767.7863187789917,1005,False,5,6,[-1.24292913  7.04398933  3.99364228],cruising,[ 0.50568378 -0.03156594 -0.11489306]
767.8850700855255,1000,False,4,1,[8.10995268 2.07028006 4.        ],exiting,[-0.82138112 -0.19970136 -0.21083176]
767.8850700855255,1001,False,0,3,[2.87179079 8.46756069 2.61763247],entering,[-0.48080528  0.59740651 -0.20557775]
767.8850700855255,1002,False,6,2,[ 6.20063114 -4.8640672   3.9999847 ],cruising,[ 0.5677905  -0.59831228 -0.99408226]
767.8850700855255,1003,False,4,5,[ 4.23589113 -4.03817125  3.96788782],cruising,[ 0.63925976  0.24903542 -0.34837281]
767.8850700855255,1004,False,3,4,[-2.38796217 -3.78191627  3.78125628],entering,[-0.62185191  0.08809385  0.93462812]
767.8850700855255,1005,False,5,6,[-1.06087616  6.96118403  3.99459594],cruising,[ 0.50568378 -0.03156594 -0.11489306]
767.9896278381348,1000,False,4,1,[8.03173337 2.04501616 4.        ],exiting,[-0.82138112 -0.19970136 -0.21083176]
767.9896278381348,1001,False,0,3,[2.85807837 8.38874819 2.69263247],entering,[-0.48080528  0.59740651 -0.20557775]
767.9896278381348,1002,False,6,2,[ 6.01890942 -4.86011957  4.00000294],cruising,[ 0.5677905  -0.59831228 -0.99408226]
767.9896278381348,1003,False,4,5,[ 4.05124731 -3.96131647  3.97270464],cruising,[ 0.63925976  0.24903542 -0.34837281]
767.9896278381348,1004,False,3,4,[-2.44865833 -3.59134875  3.81406784],cruising,[-0.62185191  0.08809385  0.93462812]
767.9896278381348,1005,False,5,6,[-0.8828609   6.87002171  3.99540655],cruising,[ 0.50568378 -0.03156594 -0.11489306]
768.0846989154816,1000,False,4,1,[7.94256029 2.0364859  4.        ],exiting,[-0.82138112 -0.19970136 -0.21083176]
768.0846989154816,1001,False,0,3,[2.84143732 8.29015128 2.76763247],entering,[-0.48080528  0.59740651 -0.20557775]
768.0846989154816,1002,False,6,2,[ 5.83917613 -4.83627103  4.0000174 ],cruising,[ 0.5677905  -0.59831228 -0.99408226]
768.0846989154816,1003,False,4,5,[ 3.86639333 -3.88496853  3.97679895],cruising,[ 0.63925976  0.24903542 -0.34837281]
768.0846989154816,1004,False,3,4,[-2.5033037  -3.39895883  3.84195766],cruising,[-0.62185191  0.08809385  0.93462812]
768.0846989154816,1005,False,5,6,[-0.70818727  6.77260959  3.99609557],cruising,[ 0.50568378 -0.03156594 -0.11489306]
768.1900026798248,1000,False,4,1,[7.84289451 2.044655   4.        ],exiting,[-0.82138112 -0.19970136 -0.21083176]
768.1900026798248,1001,False,0,3,[2.82279428 8.17165481 2.84263247],entering,[-0.48080528  0.59740651 -0.20557775]
768.1900026798248,1002,False,6,2,[ 5.66196869 -4.79258263  4.00002777],cruising,[ 0.5677905  -0.59831228 -0.99408226]
768.1900026798248,1003,False,4,5,[ 3.68105568 -3.80980235  3.98027911],cruising,[ 0.63925976  0.24903542 -0.34837281]
768.1900026798248,1004,False,3,4,[-2.55308166 -3.20525246  3.86566401],cruising,[-0.62185191  0.08809385  0.93462812]
768.1900026798248,1005,False,5,6,[-0.53517855  6.67227024  3.99668123],cruising,[ 0.50568378 -0.03156594 -0.11489306]
768.2967884540558,1000,False,4,1,[7.74322874 2.0528241  4.        ],exiting,[-0.82138112 -0.19970136 -0.21083176]
768.2967884540558,1001,False,0,3,[2.80332755 8.03317532 2.91763247],entering,[-0.48080528  0.59740651 -0.20557775]
768.2967884540558,1002,False,6,2,[ 5.48802231 -4.72916188  4.00003392],cruising,[ 0.5677905  -0.59831228 -0.99408226]
768.2967884540558,1003,False,4,5,[ 3.49552391 -3.73511658  3.98323724],cruising,[ 0.63925976  0.24903542 -0.34837281]
768.2967884540558,1004,False,3,4,[-2.59578174 -3.00986387  3.88581441],cruising,[-0.62185191  0.08809385  0.93462812]
768.2967884540558,1005,False,5,6,[-0.36444478  6.56810701  3.99717905],cruising,[ 0.50568378 -0.03156594 -0.11489306]
768.395359992981,1000,False,4,1,[7.64356297 2.0609932  4.        ],exiting,[-0.82138112 -0.19970136 -0.21083176]
768.395359992981,1001,False,0,3,[2.78481594 7.87471865 2.99263247],entering,[-0.48080528  0.59740651 -0.20557775]
768.395359992981,1002,False,6,2,[ 5.31713806 -4.64597694  4.00003536],cruising,[ 0.5677905  -0.59831228 -0.99408226]
768.395359992981,1003,False,4,5,[ 3.30962999 -3.66133684  3.98575165],cruising,[ 0.63925976  0.24903542 -0.34837281]
768.395359992981,1004,False,3,4,[-2.63797893 -2.81436605  3.90294225],cruising,[-0.62185191  0.08809385  0.93462812]
768.395359992981,1005,False,5,6,[-0.19516636  6.46159496  3.99760219],cruising,[ 0.50568378 -0.03156594 -0.11489306]
768.4909861087799,1000,False,4,1,[7.5438972 2.0691623 4.       ],exiting,[-0.82138112 -0.19970136 -0.21083176]
768.4909861087799,1001,False,0,3,[2.76885423 7.69642519 3.06763247],entering,[-0.48080528  0.59740651 -0.20557775]
768.4909861087799,1002,False,6,2,[ 5.14878938 -4.54295338  4.00003165],cruising,[ 0.5677905  -0.59831228 -0.99408226]
768.4909861087799,1003,False,4,5,[ 3.1234457  -3.58829294  3.98788891],cruising,[ 0.63925976  0.24903542 -0.34837281]
768.4909861087799,1004,False,3,4,[-2.67765206 -2.61834043  3.91750091],cruising,[-0.62185191  0.08809385  0.93462812]
768.4909861087799,1005,False,5,6,[-0.02631516  6.35440694  3.99796186],cruising,[ 0.50568378 -0.03156594 -0.11489306]
768.5947258472443,1000,False,4,1,[7.44423143 2.0773314  4.        ],exiting,[-0.82138112 -0.19970136 -0.21083176]
768.5947258472443,1001,False,0,3,[2.76302429 7.50088798 3.14263247],entering,[-0.48080528  0.59740651 -0.20557775]
768.5947258472443,1002,False,6,2,[ 4.97686475 -4.44076765  4.0000269 ],cruising,[ 0.5677905  -0.59831228 -0.99408226]
768.5947258472443,1003,False,4,5,[ 2.93692268 -3.51611842  3.98970557],cruising,[ 0.63925976  0.24903542 -0.34837281]
768.5947258472443,1004,False,3,4,[-2.71889568 -2.42263922  3.92987578],cruising,[-0.62185191  0.08809385  0.93462812]
768.5947258472443,1005,False,5,6,[0.14220467 6.2466987  3.99826758],cruising,[ 0.50568378 -0.03156594 -0.11489306]
768.684718132019,1000,False,4,1,[7.34456566 2.0855005  4.        ],exiting,[-0.82138112 -0.19970136 -0.21083176]
768.684718132019,1001,False,0,3,[2.76798635 7.30094954 3.21763247],entering,[-0.48080528  0.59740651 -0.20557775]
768.684718132019,1002,False,6,2,[ 4.8021213  -4.34348082  4.00002287],cruising,[ 0.5677905  -0.59831228 -0.99408226]
768.684718132019,1003,False,4,5,[ 2.74992931 -3.44517139  3.99124973],cruising,[ 0.63925976  0.24903542 -0.34837281]
768.684718132019,1004,False,3,4,[-2.76191958 -2.22732168  3.94039441],cruising,[-0.62185191  0.08809385  0.93462812]
768.684718132019,1005,False,5,6,[0.31098079 6.13939249 3.99852744],cruising,[ 0.50568378 -0.03156594 -0.11489306]
768.7990226745605,1000,False,4,1,[7.24489989 2.0936696  4.        ],exiting,[-0.82138112 -0.19970136 -0.21083176]
768.7990226745605,1001,False,0,3,[2.78653237 7.10181129 3.29263247],entering,[-0.48080528  0.59740651 -0.20557775]
768.7990226745605,1002,False,6,2,[ 4.62423715 -4.25206295  4.00001944],cruising,[ 0.5677905  -0.59831228 -0.99408226]
768.7990226745605,1003,False,4,5,[ 2.56231781 -3.37587547  3.99256227],cruising,[ 0.63925976  0.24903542 -0.34837281]
768.7990226745605,1004,False,3,4,[-2.80619834 -2.03228478  3.94933525],cruising,[-0.62185191  0.08809385  0.93462812]
768.7990226745605,1005,False,5,6,[0.4802681  6.03289457 3.99874833],cruising,[ 0.50568378 -0.03156594 -0.11489306]
768.8964233398438,1000,False,4,1,[7.14523412 2.1018387  4.        ],exiting,[-0.82138112 -0.19970136 -0.21083176]
768.8964233398438,1001,False,0,3,[2.82193538 6.90496966 3.36763247],entering,[-0.48080528  0.59740651 -0.20557775]
768.8964233398438,1002,False,6,2,[ 4.44478519 -4.16376235  4.00001652],cruising,[ 0.5677905  -0.59831228 -0.99408226]
768.8964233398438,1003,False,4,5,[ 2.3742649  -3.30778654  3.99367793],cruising,[ 0.63925976  0.24903542 -0.34837281]
768.8964233398438,1004,False,3,4,[-2.85343873 -1.83794398  3.95693496],cruising,[-0.62185191  0.08809385  0.93462812]
768.8964233398438,1005,False,5,6,[0.65070001 5.92823816 3.99893608],cruising,[ 0.50568378 -0.03156594 -0.11489306]
768.9965567588806,1000,False,4,1,[7.04556835 2.11000779 4.        ],exiting,[-0.82138112 -0.19970136 -0.21083176]
768.9965567588806,1001,False,0,3,[2.86926708 6.71065108 3.44263247],entering,[-0.48080528  0.59740651 -0.20557775]
768.9965567588806,1002,False,6,2,[ 4.26348332 -4.07932521  4.00001404],cruising,[ 0.5677905  -0.59831228 -0.99408226]
768.9965567588806,1003,False,4,5,[ 2.18530818 -3.24224755  3.99462624],cruising,[ 0.63925976  0.24903542 -0.34837281]
768.9965567588806,1004,False,3,4,[-2.90388984 -1.64441185  3.96339472],cruising,[-0.62185191  0.08809385  0.93462812]
768.9965567588806,1005,False,5,6,[0.82225843 5.82543879 3.99909567],cruising,[ 0.50568378 -0.03156594 -0.11489306]
769.0975801944733,1000,False,4,1,[6.94590258 2.11817689 4.        ],exiting,[-0.82138112 -0.19970136 -0.21083176]
769.0975801944733,1001,False,0,3,[2.93276527 6.52099882 3.51763247],entering,[-0.48080528  0.59740651 -0.20557775]
769.0975801944733,1002,False,6,2,[ 4.08132239 -3.99675768  4.00001194],cruising,[ 0.5677905  -0.59831228 -0.99408226]
769.0975801944733,1003,False,4,5,[ 1.99527211 -3.17990742  3.99543231],cruising,[ 0.63925976  0.24903542 -0.34837281]
769.0975801944733,1004,False,3,4,[-2.95786741 -1.4518335   3.96888551],cruising,[-0.62185191  0.08809385  0.93462812]
769.0975801944733,1005,False,5,6,[0.99586208 5.72613234 3.99923132],cruising,[ 0.50568378 -0.03156594 -0.11489306]
769.192708492279,1000,False,4,1,[6.84623681 2.12634599 4.        ],exiting,[-0.82138112 -0.19970136 -0.21083176]
769.192708492279,1001,False,0,3,[3.00895871 6.33608111 3.5899876 ],entering,[-0.48080528  0.59740651 -0.20557775]
769.192708492279,1002,False,6,2,[ 3.8980513  -3.91668455  4.00001015],cruising,[ 0.5677905  -0.59831228 -0.99408226]
769.192708492279,1003,False,4,5,[ 1.80396651 -3.12157933  3.99611746],cruising,[ 0.63925976  0.24903542 -0.34837281]
769.192708492279,1004,False,3,4,[-3.01573237 -1.2603873   3.97355268],cruising,[-0.62185191  0.08809385  0.93462812]
769.192708492279,1005,False,5,6,[1.17109312 5.62972651 3.99934662],cruising,[ 0.50568378 -0.03156594 -0.11489306]
769.2928740978241,1000,False,4,1,[6.74657104 2.13451509 4.        ],exiting,[-0.82138112 -0.19970136 -0.21083176]
769.2928740978241,1001,False,0,3,[3.10059947 6.1583406  3.65186094],entering,[-0.48080528  0.59740651 -0.20557775]
769.2928740978241,1002,False,6,2,[ 3.71425318 -3.83782866  4.00000863],cruising,[ 0.5677905  -0.59831228 -0.99408226]
769.2928740978241,1003,False,4,5,[ 1.6119126  -3.06576449  3.99669984],cruising,[ 0.63925976  0.24903542 -0.34837281]
769.2928740978241,1004,False,3,4,[-3.07701743 -1.07000836  3.97751978],cruising,[-0.62185191  0.08809385  0.93462812]
769.2928740978241,1005,False,5,6,[1.3481831  5.53677954 3.99944463],cruising,[ 0.50568378 -0.03156594 -0.11489306]
769.3998644351959,1000,False,4,1,[6.64690527 2.14268419 4.        ],exiting,[-0.82138112 -0.19970136 -0.21083176]
769.3998644351959,1001,False,0,3,[3.20639793 5.98861527 3.7040818 ],entering,[-0.48080528  0.59740651 -0.20557775]
769.3998644351959,1002,False,6,2,[ 3.52974241 -3.76065498  4.00000733],cruising,[ 0.5677905  -0.59831228 -0.99408226]
769.3998644351959,1003,False,4,5,[ 1.41814344 -3.01623157  3.99719487],cruising,[ 0.63925976  0.24903542 -0.34837281]
769.3998644351959,1004,False,3,4,[-3.14290907 -0.88117433  3.98089181],cruising,[-0.62185191  0.08809385  0.93462812]
769.3998644351959,1005,False,5,6,[1.52831827 5.44988122 3.99952793],cruising,[ 0.50568378 -0.03156594 -0.11489306]
769.4943039417267,1000,False,4,1,[6.5472395  2.15085329 4.        ],exiting,[-0.82138112 -0.19970136 -0.21083176]
769.4943039417267,1001,False,0,3,[3.32741503 5.82941819 3.74871654],entering,[-0.48080528  0.59740651 -0.20557775]
769.4943039417267,1002,False,6,2,[ 3.34480294 -3.68451439  4.00000623],cruising,[ 0.5677905  -0.59831228 -0.99408226]
769.4943039417267,1003,False,4,5,[ 1.22162997 -2.97905014  3.99761564],cruising,[ 0.63925976  0.24903542 -0.34837281]
769.4943039417267,1004,False,3,4,[-3.21384591 -0.6941771   3.98375804],cruising,[-0.62185191  0.08809385  0.93462812]
769.4943039417267,1005,False,5,6,[1.71058096 5.36753858 3.99959874],cruising,[ 0.50568378 -0.03156594 -0.11489306]
769.5934743881226,1000,False,4,1,[6.44757373 2.15902239 4.        ],exiting,[-0.82138112 -0.19970136 -0.21083176]
769.5934743881226,1001,False,0,3,[3.46260196 5.68202588 3.78640906],entering,[-0.48080528  0.59740651 -0.20557775]
769.5934743881226,1002,False,6,2,[ 3.1593598  -3.60960882  4.0000053 ],cruising,[ 0.5677905  -0.59831228 -0.99408226]
769.5934743881226,1003,False,4,5,[ 1.02335416 -2.95284513  3.99797329],cruising,[ 0.63925976  0.24903542 -0.34837281]
769.5934743881226,1004,False,3,4,[-3.29024554 -0.50934448  3.98619434],cruising,[-0.62185191  0.08809385  0.93462812]
769.5934743881226,1005,False,5,6,[1.89511627 5.29042358 3.99965893],cruising,[ 0.50568378 -0.03156594 -0.11489306]
769.693597316742,1000,False,4,1,[6.34790796 2.16719149 4.        ],exiting,[-0.82138112 -0.19970136 -0.21083176]
769.693597316742,1001,False,0,3,[3.61130549 5.548343   3.81868373],entering,[-0.48080528  0.59740651 -0.20557775]
769.693597316742,1002,False,6,2,[ 2.97341555 -3.53595603  4.0000045 ],cruising,[ 0.5677905  -0.59831228 -0.99408226]
769.693597316742,1003,False,4,5,[ 0.82369474 -2.9411783   3.9982773 ],cruising,[ 0.63925976  0.24903542 -0.34837281]
769.693597316742,1004,False,3,4,[-3.37075995 -0.32626682  3.98826518],cruising,[-0.62185191  0.08809385  0.93462812]
769.693597316742,1005,False,5,6,[2.08310163 5.22214838 3.99971009],cruising,[ 0.50568378 -0.03156594 -0.11489306]
769.7993023395538,1000,False,4,1,[6.24824219 2.17536059 4.        ],exiting,[-0.82138112 -0.19970136 -0.21083176]
769.7993023395538,1001,False,0,3,[3.77226237 5.42963459 3.84589669],cruising,[-0.48080528  0.59740651 -0.20557775]
769.7993023395538,1002,False,6,2,[ 2.78688002 -3.46381382  4.00000383],cruising,[ 0.5677905  -0.59831228 -0.99408226]
769.7993023395538,1003,False,4,5,[ 0.62374382 -2.94560903  3.9985357 ],cruising,[ 0.63925976  0.24903542 -0.34837281]
769.7993023395538,1004,False,3,4,[-3.45768412 -0.14614411  3.99002541],cruising,[-0.62185191  0.08809385  0.93462812]
769.7993023395538,1005,False,5,6,[2.27362926 5.16132715 3.99975358],cruising,[ 0.50568378 -0.03156594 -0.11489306]
769.8934779167175,1000,False,4,1,[6.14857642 2.18352968 4.        ],exiting,[-0.82138112 -0.19970136 -0.21083176]
769.8934779167175,1001,False,0,3,[3.94372061 5.32666823 3.86901219],cruising,[-0.48080528  0.59740651 -0.20557775]
769.8934779167175,1002,False,6,2,[ 2.59986686 -3.39291899  4.00000325],cruising,[ 0.5677905  -0.59831228 -0.99408226]
769.8934779167175,1003,False,4,5,[ 0.42470067 -2.96514936  3.99875535],cruising,[ 0.63925976  0.24903542 -0.34837281]
769.8934779167175,1004,False,3,4,[-3.55142956  0.03052448  3.9915216 ],cruising,[-0.62185191  0.08809385  0.93462812]
769.8934779167175,1005,False,5,6,[2.46719921 5.11102132 3.99979054],cruising,[ 0.50568378 -0.03156594 -0.11489306]
769.9934508800507,1000,False,4,1,[6.04891064 2.19169878 4.        ],exiting,[-0.82138112 -0.19970136 -0.21083176]
769.9934508800507,1001,False,0,3,[4.12301867 5.23805556 3.88866036],cruising,[-0.48080528  0.59740651 -0.20557775]
769.9934508800507,1002,False,6,2,[ 2.4120668  -3.32413572  4.00000277],cruising,[ 0.5677905  -0.59831228 -0.99408226]
769.9934508800507,1003,False,4,5,[ 0.22760544 -2.99911213  3.99894204],cruising,[ 0.63925976  0.24903542 -0.34837281]
769.9934508800507,1004,False,3,4,[-3.65114418  0.20389401  3.99279336],cruising,[-0.62185191  0.08809385  0.93462812]
769.9934508800507,1005,False,5,6,[2.66288258 5.06969316 3.99982196],cruising,[ 0.50568378 -0.03156594 -0.11489306]
770.0940177440643,1000,False,4,1,[5.94924487 2.19986788 4.        ],exiting,[-0.82138112 -0.19970136 -0.21083176]
770.0940177440643,1001,False,0,3,[4.30844224 5.16310156 3.90536131],cruising,[-0.48080528  0.59740651 -0.20557775]
770.0940177440643,1002,False,6,2,[ 2.22333316 -3.25795709  4.00000235],cruising,[ 0.5677905  -0.59831228 -0.99408226]
770.0940177440643,1003,False,4,5,[ 0.03331504 -3.04655935  3.99910074],cruising,[ 0.63925976  0.24903542 -0.34837281]
770.0940177440643,1004,False,3,4,[-3.75760063  0.37320741  3.99387435],cruising,[-0.62185191  0.08809385  0.93462812]
770.0940177440643,1005,False,5,6,[2.8600022  5.03587224 3.99984867],cruising,[ 0.50568378 -0.03156594 -0.11489306]
770.194219827652,1000,False,4,1,[5.8495791  2.20803698 4.        ],exiting,[-0.82138112 -0.19970136 -0.21083176]
770.194219827652,1001,False,0,3,[4.49811927 5.0996774  3.91955711],cruising,[-0.48080528  0.59740651 -0.20557775]
770.194219827652,1002,False,6,2,[ 2.03400215 -3.19350734  4.000002  ],cruising,[ 0.5677905  -0.59831228 -0.99408226]
770.194219827652,1003,False,4,5,[-0.15637882 -3.10993317  3.99923563],cruising,[ 0.63925976  0.24903542 -0.34837281]
770.194219827652,1004,False,3,4,[-3.86716334  0.54052749  3.9947932 ],cruising,[-0.62185191  0.08809385  0.93462812]
770.194219827652,1005,False,5,6,[3.05807907 5.00820358 3.99987137],cruising,[ 0.50568378 -0.03156594 -0.11489306]
770.2994177341461,1000,False,4,1,[5.74991333 2.21620608 4.        ],exiting,[-0.82138112 -0.19970136 -0.21083176]
770.2994177341461,1001,False,0,3,[4.69063594 5.04548024 3.93162354],cruising,[-0.48080528  0.59740651 -0.20557775]
770.2994177341461,1002,False,6,2,[ 1.84339827 -3.13292549  4.0000017 ],cruising,[ 0.5677905  -0.59831228 -0.99408226]
770.2994177341461,1003,False,4,5,[-0.34261837 -3.18283604  3.99935028],cruising,[ 0.63925976  0.24903542 -0.34837281]
770.2994177341461,1004,False,3,4,[-3.97917444  0.70621851  3.99557422],cruising,[-0.62185191  0.08809385  0.93462812]
770.2994177341461,1005,False,5,6,[3.2567824  4.98546625 3.99989066],cruising,[ 0.50568378 -0.03156594 -0.11489306]
770.3942141532898,1000,False,4,1,[5.65024756 2.22437518 4.        ],exiting,[-0.82138112 -0.19970136 -0.21083176]
770.3942141532898,1001,False,0,3,[4.88511338 4.99880559 3.94188001],cruising,[-0.48080528  0.59740651 -0.20557775]
770.3942141532898,1002,False,6,2,[ 1.651336   -3.07713941  4.00000144],cruising,[ 0.5677905  -0.59831228 -0.99408226]
770.3942141532898,1003,False,4,5,[-0.52452475 -3.26596287  3.99944774],cruising,[ 0.63925976  0.24903542 -0.34837281]
770.3942141532898,1004,False,3,4,[-4.09306923  0.87062039  3.99623809],cruising,[-0.62185191  0.08809385  0.93462812]
770.3942141532898,1005,False,5,6,[3.45588808 4.96657371 3.99990706],cruising,[ 0.50568378 -0.03156594 -0.11489306]
770.494148015976,1000,False,4,1,[5.55058179 2.23254428 4.        ],landing,[-0.82138112 -0.19970136 -0.21083176]
770.494148015976,1001,False,0,3,[5.08073859 4.95720298 3.95059801],cruising,[-0.48080528  0.59740651 -0.20557775]
770.494148015976,1002,False,6,2,[ 1.45762215 -3.02739062  4.00000123],cruising,[ 0.5677905  -0.59831228 -0.99408226]
770.494148015976,1003,False,4,5,[-0.70344098 -3.35534397  3.99953058],cruising,[ 0.63925976  0.24903542 -0.34837281]
770.494148015976,1004,False,3,4,[-4.20836329  1.03404401  3.99680237],cruising,[-0.62185191  0.08809385  0.93462812]
770.494148015976,1005,False,5,6,[3.65524624 4.95056354 3.999921  ],cruising,[ 0.50568378 -0.03156594 -0.11489306]
770.5935955047607,1000,False,4,1,[5.4647766  2.23645487 3.98622504],landing,[-0.82138112 -0.19970136 -0.21083176]
770.5935955047607,1001,False,0,3,[5.27700649 4.91874633 3.95800831],cruising,[-0.48080528  0.59740651 -0.20557775]
770.5935955047607,1002,False,6,2,[ 1.26208409 -2.98538029  4.00000104],cruising,[ 0.5677905  -0.59831228 -0.99408226]
770.5935955047607,1003,False,4,5,[-0.88133052 -3.44675136  3.99960099],cruising,[ 0.63925976  0.24903542 -0.34837281]
770.5935955047607,1004,False,3,4,[-4.3246391   1.19677058  3.99728202],cruising,[-0.62185191  0.08809385  0.93462812]
770.5935955047607,1005,False,5,6,[3.85475692 4.93658184 3.99993285],cruising,[ 0.50568378 -0.03156594 -0.11489306]
770.6931161880493,1000,False,4,1,[5.39300265 2.2361307  3.95884159],landing,[-0.82138112 -0.19970136 -0.21083176]
770.6931161880493,1001,False,0,3,[5.47354861 4.8817167  3.96430706],cruising,[-0.48080528  0.59740651 -0.20557775]
770.6931161880493,1002,False,6,2,[ 1.06464311 -2.95348893  4.00000089],cruising,[ 0.5677905  -0.59831228 -0.99408226]
770.6931161880493,1003,False,4,5,[-1.06067046 -3.53527925  3.99966084],cruising,[ 0.63925976  0.24903542 -0.34837281]
770.6931161880493,1004,False,3,4,[-4.44153328  1.35905351  3.99768972],cruising,[-0.62185191  0.08809385  0.93462812]
770.6931161880493,1005,False,5,6,[4.05435224 4.92386544 3.99994292],cruising,[ 0.50568378 -0.03156594 -0.11489306]
770.7939903736115,1000,False,4,1,[5.33545886 2.2316006  3.91804872],landing,[-0.82138112 -0.19970136 -0.21083176]
770.7939903736115,1001,False,0,3,[5.67039604 4.84634597 3.969661  ],cruising,[-0.48080528  0.59740651 -0.20557775]
770.7939903736115,1002,False,6,2,[ 0.86504679 -2.9414811   4.00000075],cruising,[ 0.5677905  -0.59831228 -0.99408226]
770.7939903736115,1003,False,4,5,[-1.24550009 -3.61168611  3.99971172],cruising,[ 0.63925976  0.24903542 -0.34837281]
770.7939903736115,1004,False,3,4,[-4.55872495  1.52112174  3.99803626],cruising,[-0.62185191  0.08809385  0.93462812]
770.7939903736115,1005,False,5,6,[4.25398334 4.91172355 3.99995149],cruising,[ 0.50568378 -0.03156594 -0.11489306]
770.8944745063782,1000,False,4,1,[5.29241031 2.22290496 3.86412054],landing,[-0.82138112 -0.19970136 -0.21083176]
770.8944745063782,1001,False,0,3,[5.86695639 4.80941318 3.97421185],cruising,[-0.48080528  0.59740651 -0.20557775]
770.8944745063782,1002,False,6,2,[ 0.66509446 -2.94584775  4.00000064],cruising,[ 0.5677905  -0.59831228 -0.99408226]
770.8944745063782,1003,False,4,5,[-1.43673038 -3.66914484  3.99975683],cruising,[ 0.63925976  0.24903542 -0.34837281]
770.8944745063782,1004,False,3,4,[-4.67589682  1.68320429  3.99833082],cruising,[-0.62185191  0.08809385  0.93462812]
770.8944745063782,1005,False,5,6,[4.45360627 4.89944824 3.99995876],cruising,[ 0.50568378 -0.03156594 -0.11489306]
771.0016462802887,1000,False,4,1,[5.26409831 2.21008267 3.79731583],landing,[-0.82138112 -0.19970136 -0.21083176]
771.0016462802887,1001,False,0,3,[6.0629526  4.76959502 3.97808007],cruising,[-0.48080528  0.59740651 -0.20557775]
771.0016462802887,1002,False,6,2,[ 0.46559282 -2.95995778  4.00000054],cruising,[ 0.5677905  -0.59831228 -0.99408226]
771.0016462802887,1003,False,4,5,[-1.63110744 -3.70685268  3.99979886],cruising,[ 0.63925976  0.24903542 -0.34837281]
771.0016462802887,1004,False,3,4,[-4.79295283  1.84537054  3.9985812 ],cruising,[-0.62185191  0.08809385  0.93462812]
771.0016462802887,1005,False,5,6,[4.65320869 4.88684372 3.99996495],cruising,[ 0.50568378 -0.03156594 -0.11489306]
771.0965180397034,1000,False,4,1,[5.25073266 2.19316924 3.71786718],landing,[-0.82138112 -0.19970136 -0.21083176]
771.0965180397034,1001,False,0,3,[6.25805456 4.72560386 3.98136806],cruising,[-0.48080528  0.59740651 -0.20557775]
771.0965180397034,1002,False,6,2,[ 0.26774516 -2.98922048  4.00000046],cruising,[ 0.5677905  -0.59831228 -0.99408226]
771.0965180397034,1003,False,4,5,[-1.82544242 -3.72456057  3.99983839],cruising,[ 0.63925976  0.24903542 -0.34837281]
771.0965180397034,1004,False,3,4,[-4.90960269  2.00782918  3.99879402],cruising,[-0.62185191  0.08809385  0.93462812]
771.0965180397034,1005,False,5,6,[4.85274603 4.87324778 3.99997021],cruising,[ 0.50568378 -0.03156594 -0.11489306]
771.1931066513062,1000,False,4,1,[5.25252432 2.17220212 3.62601598],landing,[-0.82138112 -0.19970136 -0.21083176]
771.1931066513062,1001,False,0,3,[6.45184346 4.67614818 3.98416285],cruising,[-0.48080528  0.59740651 -0.20557775]
771.1931066513062,1002,False,6,2,[ 0.07352043 -3.03693582  4.00000039],cruising,[ 0.5677905  -0.59831228 -0.99408226]
771.1931066513062,1003,False,4,5,[-2.01672558 -3.72250266  3.99987557],cruising,[ 0.63925976  0.24903542 -0.34837281]
771.1931066513062,1004,False,3,4,[-5.0255721   2.17077425  3.99897491],cruising,[-0.62185191  0.08809385  0.93462812]
771.1931066513062,1005,False,5,6,[5.05216595 4.85802623 3.99997468],cruising,[ 0.50568378 -0.03156594 -0.11489306]
771.2936828136444,1000,False,4,1,[5.26087405 2.14952229 3.52898038],landing,[-0.82138112 -0.19970136 -0.21083176]
771.2936828136444,1001,False,0,3,[6.6437711  4.61990068 3.98653843],cruising,[-0.48080528  0.59740651 -0.20557775]
771.2936828136444,1002,False,6,2,[-0.11745281 -3.09634307  4.00000033],cruising,[ 0.5677905  -0.59831228 -0.99408226]
771.2936828136444,1003,False,4,5,[-2.20232059 -3.70127069  3.99991041],cruising,[ 0.63925976  0.24903542 -0.34837281]
771.2936828136444,1004,False,3,4,[-5.1405922   2.3343908   3.99912868],cruising,[-0.62185191  0.08809385  0.93462812]
771.2936828136444,1005,False,5,6,[5.25140118 4.84055266 3.99997847],cruising,[ 0.50568378 -0.03156594 -0.11489306]
771.3936755657196,1000,False,4,1,[5.26922378 2.12684247 3.43194478],landing,[-0.82138112 -0.19970136 -0.21083176]
771.3936755657196,1001,False,0,3,[6.83311118 4.55547759 3.98855766],cruising,[-0.48080528  0.59740651 -0.20557775]
771.3936755657196,1002,False,6,2,[-0.30488439 -3.16612418  4.00000028],cruising,[ 0.5677905  -0.59831228 -0.99408226]
771.3936755657196,1003,False,4,5,[-2.37982916 -3.66174638  3.99994285],cruising,[ 0.63925976  0.24903542 -0.34837281]
771.3936755657196,1004,False,3,4,[-5.25499751  2.49843783  3.99925938],cruising,[-0.62185191  0.08809385  0.93462812]
771.3936755657196,1005,False,5,6,[5.45050292 4.82161869 3.9999817 ],cruising,[ 0.50568378 -0.03156594 -0.11489306]
771.4941453933716,1000,False,4,1,[5.27757351 2.10416265 3.33490918],landing,[-0.82138112 -0.19970136 -0.21083176]
771.4941453933716,1001,False,0,3,[7.01890058 4.48143504 3.99027401],cruising,[-0.48080528  0.59740651 -0.20557775]
771.4941453933716,1002,False,6,2,[-0.4877134  -3.24720163  4.00000024],cruising,[ 0.5677905  -0.59831228 -0.99408226]
771.4941453933716,1003,False,4,5,[-2.54707059 -3.60505856  3.99997282],cruising,[ 0.63925976  0.24903542 -0.34837281]
771.4941453933716,1004,False,3,4,[-5.36790643  2.66351834  3.99937047],cruising,[-0.62185191  0.08809385  0.93462812]
771.4941453933716,1005,False,5,6,[5.64923861 4.79916595 3.99998445],exiting,[ 0.50568378 -0.03156594 -0.11489306]
771.5932643413544,1000,False,4,1,[5.28592324 2.08148282 3.23787358],landing,[-0.82138112 -0.19970136 -0.21083176]
771.5932643413544,1001,False,0,3,[7.1998721  4.39629217 3.99173291],cruising,[-0.48080528  0.59740651 -0.20557775]
771.5932643413544,1002,False,6,2,[-0.66712901 -3.33557604  4.00000021],cruising,[ 0.5677905  -0.59831228 -0.99408226]
771.5932643413544,1003,False,4,5,[-2.70220429 -3.53245213  4.0000002 ],cruising,[ 0.63925976  0.24903542 -0.34837281]
771.5932643413544,1004,False,3,4,[-5.47900871  2.82982012  3.9994649 ],cruising,[-0.62185191  0.08809385  0.93462812]
771.5932643413544,1005,False,5,6,[5.83185249 4.78854906 3.99998718],exiting,[ 0.50568378 -0.03156594 -0.11489306]
771.694183588028,1000,False,4,1,[5.29427296 2.058803   3.14083798],landing,[-0.82138112 -0.19970136 -0.21083176]
771.694183588028,1001,False,0,3,[7.37438581 4.29859384 3.99297297],cruising,[-0.48080528  0.59740651 -0.20557775]
771.694183588028,1002,False,6,2,[-0.84497228 -3.42707344  4.00000017],cruising,[ 0.5677905  -0.59831228 -0.99408226]
771.694183588028,1003,False,4,5,[-2.84361357 -3.44529782  4.00002483],cruising,[ 0.63925976  0.24903542 -0.34837281]
771.694183588028,1004,False,3,4,[-5.58795831  2.99754008  3.99954516],cruising,[-0.62185191  0.08809385  0.93462812]
771.694183588028,1005,False,5,6,[5.99832481 4.78974106 3.99998986],exiting,[ 0.50568378 -0.03156594 -0.11489306]
771.7940881252289,1000,False,4,1,[5.30262269 2.03612318 3.04380238],landing,[-0.82138112 -0.19970136 -0.21083176]
771.7940881252289,1001,False,0,3,[7.53807    4.18408187 3.99406258],cruising,[-0.48080528  0.59740651 -0.20557775]
771.7940881252289,1002,False,6,2,[-1.02409676 -3.51603645  4.00000015],cruising,[ 0.5677905  -0.59831228 -0.99408226]
771.7940881252289,1003,False,4,5,[-2.96984641 -3.34511755  4.00004659],cruising,[ 0.63925976  0.24903542 -0.34837281]
771.7940881252289,1004,False,3,4,[-5.69435788  3.16688922  3.99961339],cruising,[-0.62185191  0.08809385  0.93462812]
771.7940881252289,1005,False,5,6,[6.14862937 4.80270606 3.99999243],exiting,[ 0.50568378 -0.03156594 -0.11489306]
771.8935980796814,1000,False,4,1,[5.31097242 2.01344335 2.94676678],landing,[-0.82138112 -0.19970136 -0.21083176]
771.8935980796814,1001,False,0,3,[7.68950367 4.0537618  3.99498296],cruising,[-0.48080528  0.59740651 -0.20557775]
771.8935980796814,1002,False,6,2,[-1.20736052 -3.59612639  4.00000013],cruising,[ 0.5677905  -0.59831228 -0.99408226]
771.8935980796814,1003,False,4,5,[-3.07967405 -3.23349746  4.00006531],cruising,[ 0.63925976  0.24903542 -0.34837281]
771.8935980796814,1004,False,3,4,[-5.79773975  3.33809725  3.99967138],cruising,[-0.62185191  0.08809385  0.93462812]
771.8935980796814,1005,False,5,6,[6.28273129 4.82739601 3.99999484],exiting,[ 0.50568378 -0.03156594 -0.11489306]
771.9941687583923,1000,False,4,1,[5.31932215 1.99076353 2.84973118],landing,[-0.82138112 -0.19970136 -0.21083176]
771.9941687583923,1001,False,0,3,[7.82712784 3.90897527 3.99576409],cruising,[-0.48080528  0.59740651 -0.20557775]
771.9941687583923,1002,False,6,2,[-1.39753586 -3.65744853  4.00000011],cruising,[ 0.5677905  -0.59831228 -0.99408226]
771.9941687583923,1003,False,4,5,[-3.17201127 -3.11217764  4.00008078],cruising,[ 0.63925976  0.24903542 -0.34837281]
771.9941687583923,1004,False,3,4,[-5.89754171  3.51141652  3.99972067],cruising,[-0.62185191  0.08809385  0.93462812]
771.9941687583923,1005,False,5,6,[6.40058122 4.86374241 3.999997  ],exiting,[ 0.50568378 -0.03156594 -0.11489306]
772.0934679508209,1000,False,4,1,[5.32767187 1.9680837  2.75269558],landing,[-0.82138112 -0.19970136 -0.21083176]
772.0934679508209,1001,False,0,3,[7.94911408 3.75172083 3.99646704],cruising,[-0.48080528  0.59740651 -0.20557775]
772.0934679508209,1002,False,6,2,[-1.59147093 -3.69912725  4.00000009],cruising,[ 0.5677905  -0.59831228 -0.99408226]
772.0934679508209,1003,False,4,5,[-3.24631619 -2.98220701  4.00009288],cruising,[ 0.63925976  0.24903542 -0.34837281]
772.0934679508209,1004,False,3,4,[-5.99307546  3.68712452  3.99976257],cruising,[-0.62185191  0.08809385  0.93462812]
772.0934679508209,1005,False,5,6,[6.50211519 4.91165557 3.99999882],exiting,[ 0.50568378 -0.03156594 -0.11489306]
772.1942734718323,1000,False,4,1,[5.3360216  1.94540388 2.65565998],landing,[-0.82138112 -0.19970136 -0.21083176]
772.1942734718323,1001,False,0,3,[8.05435986 3.58352334 3.99708667],cruising,[-0.48080528  0.59740651 -0.20557775]
772.1942734718323,1002,False,6,2,[-1.78605131 -3.72081637  4.00000007],cruising,[ 0.5677905  -0.59831228 -0.99408226]
772.1942734718323,1003,False,4,5,[-3.3023307  -2.8441456   4.00010149],cruising,[ 0.63925976  0.24903542 -0.34837281]
772.1942734718323,1004,False,3,4,[-6.08348474  3.86552341  3.99979819],cruising,[-0.62185191  0.08809385  0.93462812]
772.1942734718323,1005,False,5,6,[6.58728292 4.97106419 4.00000022],exiting,[ 0.50568378 -0.03156594 -0.11489306]
772.2936809062958,1000,False,4,1,[5.34437133 1.92272406 2.55862438],landing,[-0.82138112 -0.19970136 -0.21083176]
772.2936809062958,1001,False,0,3,[8.14197356 3.40588646 3.99761914],cruising,[-0.48080528  0.59740651 -0.20557775]
772.2936809062958,1002,False,6,2,[-1.97827596 -3.72264472  4.00000006],cruising,[ 0.5677905  -0.59831228 -0.99408226]
772.2936809062958,1003,False,4,5,[-3.33989246 -2.69837081  4.00010648],cruising,[ 0.63925976  0.24903542 -0.34837281]
772.2936809062958,1004,False,3,4,[-6.16768935  4.0469334   3.99982846],cruising,[-0.62185191  0.08809385  0.93462812]
772.2936809062958,1005,False,5,6,[6.65603147 5.04189256 4.00000113],exiting,[ 0.50568378 -0.03156594 -0.11489306]
772.4065685272217,1000,False,4,1,[5.35272106 1.90004423 2.46158878],landing,[-0.82138112 -0.19970136 -0.21083176]
772.4065685272217,1001,False,0,3,[8.21127395 3.22021127 3.99805916],cruising,[-0.48080528  0.59740651 -0.20557775]
772.4065685272217,1002,False,6,2,[-2.16524581 -3.70517573  4.00000004],cruising,[ 0.5677905  -0.59831228 -0.99408226]
772.4065685272217,1003,False,4,5,[-3.35888158 -2.54517599  4.00010779],cruising,[ 0.63925976  0.24903542 -0.34837281]
772.4065685272217,1004,False,3,4,[-6.24431013  4.23167445  3.99985419],cruising,[-0.62185191  0.08809385  0.93462812]
772.4065685272217,1005,False,5,6,[6.70830602 5.12406145 4.00000148],exiting,[ 0.50568378 -0.03156594 -0.11489306]
772.5070080757141,1000,False,4,1,[5.36107079 1.87736441 2.36455318],landing,[-0.82138112 -0.19970136 -0.21083176]
772.5070080757141,1001,False,0,3,[8.26173952 3.02781007 3.99839939],cruising,[-0.48080528  0.59740651 -0.20557775]
772.5070080757141,1002,False,6,2,[-2.34463344 -3.66919972  4.00000003],cruising,[ 0.5677905  -0.59831228 -0.99408226]
772.5070080757141,1003,False,4,5,[-3.35940542 -2.38429785  4.00010532],cruising,[ 0.63925976  0.24903542 -0.34837281]
772.5070080757141,1004,False,3,4,[-6.31156987  4.42002552  3.99987606],cruising,[-0.62185191  0.08809385  0.93462812]
772.5070080757141,1005,False,5,6,[6.74416678 5.21741029 4.00000123],exiting,[ 0.50568378 -0.03156594 -0.11489306]
772.6071546077728,1000,False,4,1,[5.36942051 1.85468458 2.26751758],landing,[-0.82138112 -0.19970136 -0.21083176]
772.6071546077728,1001,False,0,3,[8.29960555 2.83142737 3.99863948],cruising,[-0.48080528  0.59740651 -0.20557775]
772.6071546077728,1002,False,6,2,[-2.51425025 -3.6157729   4.00000001],cruising,[ 0.5677905  -0.59831228 -0.99408226]
772.6071546077728,1003,False,4,5,[-3.34186595 -2.21483385  4.00009896],cruising,[ 0.63925976  0.24903542 -0.34837281]
772.6071546077728,1004,False,3,4,[-6.36089192  4.61384847  3.99989465],cruising,[-0.62185191  0.08809385  0.93462812]
772.6071546077728,1005,False,5,6,[6.78002753 5.31075913 4.00000102],exiting,[ 0.50568378 -0.03156594 -0.11489306]
772.7074632644653,1000,False,4,1,[5.37777024 1.83200476 2.17048198],landing,[-0.82138112 -0.19970136 -0.21083176]
772.7074632644653,1001,False,0,3,[8.33137614 2.63396692 3.99884356],cruising,[-0.48080528  0.59740651 -0.20557775]
772.7074632644653,1002,False,6,2,[-2.67210308 -3.54617174  4.        ],cruising,[ 0.5677905  -0.59831228 -0.99408226]
772.7074632644653,1003,False,4,5,[-3.30753266 -2.03450858  4.00008864],cruising,[ 0.63925976  0.24903542 -0.34837281]
772.7074632644653,1004,False,3,4,[-6.39057348  4.81144653  3.99991089],cruising,[-0.62185191  0.08809385  0.93462812]
772.7074632644653,1005,False,5,6,[6.81588829 5.40410797 4.00000084],exiting,[ 0.50568378 -0.03156594 -0.11489306]
772.8120946884155,1000,False,4,1,[5.38611997 1.80932494 2.07344638],landing,[-0.82138112 -0.19970136 -0.21083176]
772.8120946884155,1001,False,0,3,[8.35822671 2.4357775  3.99901703],cruising,[-0.48080528  0.59740651 -0.20557775]
772.8120946884155,1002,False,6,2,[-2.81651478 -3.46176058  3.99999999],cruising,[ 0.5677905  -0.59831228 -0.99408226]
772.8120946884155,1003,False,4,5,[-3.26676769 -1.8387071   4.00007534],cruising,[ 0.63925976  0.24903542 -0.34837281]
772.8120946884155,1004,False,3,4,[-6.40034654  5.01095539  3.99992477],cruising,[-0.62185191  0.08809385  0.93462812]
772.8120946884155,1005,False,5,6,[6.85174905 5.49745681 4.00000069],exiting,[ 0.50568378 -0.03156594 -0.11489306]
772.90771484375,1000,False,4,1,[5.3944697  1.78664511 1.97641078],landing,[-0.82138112 -0.19970136 -0.21083176]
772.90771484375,1001,False,0,3,[8.38408866 2.23745665 3.99916447],cruising,[-0.48080528  0.59740651 -0.20557775]
772.90771484375,1002,False,6,2,[-2.94603244 -3.36400149  3.99999998],cruising,[ 0.5677905  -0.59831228 -0.99408226]
772.90771484375,1003,False,4,5,[-3.24255118 -1.64017862  4.00006404],cruising,[ 0.63925976  0.24903542 -0.34837281]
772.90771484375,1004,False,3,4,[-6.39018535  5.20884384  3.99993768],cruising,[-0.62185191  0.08809385  0.93462812]
772.90771484375,1005,False,5,6,[6.88760981 5.59080565 4.00000057],exiting,[ 0.50568378 -0.03156594 -0.11489306]
773.0070283412933,1000,False,4,1,[5.40281942 1.76396529 1.87937518],landing,[-0.82138112 -0.19970136 -0.21083176]
773.0070283412933,1001,False,0,3,[8.40534576 2.03858952 3.9992898 ],cruising,[-0.48080528  0.59740651 -0.20557775]
773.0070283412933,1002,False,6,2,[-3.05935477 -3.25450736  3.99999997],cruising,[ 0.5677905  -0.59831228 -0.99408226]
773.0070283412933,1003,False,4,5,[-3.23437699 -1.44034573  4.00005444],cruising,[ 0.63925976  0.24903542 -0.34837281]
773.0070283412933,1004,False,3,4,[-6.36042237  5.40276112  3.99994964],cruising,[-0.62185191  0.08809385  0.93462812]
773.0070283412933,1005,False,5,6,[6.92347057 5.68415449 4.00000047],exiting,[ 0.50568378 -0.03156594 -0.11489306]
773.1081478595734,1000,False,4,1,[5.41116915 1.74128547 1.78233958],landing,[-0.82138112 -0.19970136 -0.21083176]
773.1081478595734,1001,False,0,3,[8.42536652 1.83959412 3.99939633],cruising,[-0.48080528  0.59740651 -0.20557775]
773.1081478595734,1002,False,6,2,[-3.15538261 -3.13496828  3.99999997],cruising,[ 0.5677905  -0.59831228 -0.99408226]
773.1081478595734,1003,False,4,5,[-3.24182763 -1.24048456  4.00004627],cruising,[ 0.63925976  0.24903542 -0.34837281]
773.1081478595734,1004,False,3,4,[-6.31157094  5.59070927  3.99996056],cruising,[-0.62185191  0.08809385  0.93462812]
773.1081478595734,1005,False,5,6,[6.95933132 5.77750333 4.00000039],exiting,[ 0.50568378 -0.03156594 -0.11489306]
773.2077629566193,1000,False,4,1,[5.41951888 1.71860564 1.68530398],landing,[-0.82138112 -0.19970136 -0.21083176]
773.2077629566193,1001,False,0,3,[8.44378477 1.640444   3.99948688],cruising,[-0.48080528  0.59740651 -0.20557775]
773.2077629566193,1002,False,6,2,[-3.2334956  -3.00653776  3.99999996],cruising,[ 0.5677905  -0.59831228 -0.99408226]
773.2077629566193,1003,False,4,5,[-3.26386271 -1.04170213  4.00003933],cruising,[ 0.63925976  0.24903542 -0.34837281]
773.2077629566193,1004,False,3,4,[-6.24448247  5.770447    3.99997047],cruising,[-0.62185191  0.08809385  0.93462812]
773.2077629566193,1005,False,5,6,[6.99519208 5.87085217 4.00000032],exiting,[ 0.50568378 -0.03156594 -0.11489306]
773.3071010112762,1000,False,4,1,[5.42786861 1.69592582 1.58826838],landing,[-0.82138112 -0.19970136 -0.21083176]
773.3071010112762,1001,False,0,3,[8.45767992 1.44092727 3.99956385],cruising,[-0.48080528  0.59740651 -0.20557775]
773.3071010112762,1002,False,6,2,[-3.29332031 -2.8700116   3.99999996],cruising,[ 0.5677905  -0.59831228 -0.99408226]
773.3071010112762,1003,False,4,5,[-3.29930662 -0.84486786  4.00003343],cruising,[ 0.63925976  0.24903542 -0.34837281]
773.3071010112762,1004,False,3,4,[-6.16025735  5.93987284  3.99997936],cruising,[-0.62185191  0.08809385  0.93462812]
773.3071010112762,1005,False,5,6,[7.03105284 5.96420102 4.00000026],exiting,[ 0.50568378 -0.03156594 -0.11489306]
773.5090706348419,1000,False,4,1,[5.43621834 1.67324599 1.49123278],fake_landed,[-0.82138112 -0.19970136 -0.21083176]
773.5090706348419,1001,False,0,3,[8.47006141 1.24131089 3.99962927],cruising,[-0.48080528  0.59740651 -0.20557775]
773.5090706348419,1002,False,6,2,[-3.33468317 -2.72579391  3.99999996],cruising,[ 0.5677905  -0.59831228 -0.99408226]
773.5090706348419,1003,False,4,5,[-3.34555038 -0.6502875   4.00002842],cruising,[ 0.63925976  0.24903542 -0.34837281]
773.5090706348419,1004,False,3,4,[-6.0600999  6.097209   3.9999872],cruising,[-0.62185191  0.08809385  0.93462812]
773.5090706348419,1005,False,5,6,[7.0669136  6.05754986 4.00000022],exiting,[ 0.50568378 -0.03156594 -0.11489306]
773.6307096481323,1000,False,4,1,[5.44289812 1.65510213 1.4136043 ],fake_landed,[-0.82138112 -0.19970136 -0.21083176]
773.6307096481323,1001,False,0,3,[8.47841108 1.04148526 3.99968488],cruising,[-0.48080528  0.59740651 -0.20557775]
773.6307096481323,1002,False,6,2,[-3.35751137 -2.5740618   3.99999995],cruising,[ 0.5677905  -0.59831228 -0.99408226]
773.6307096481323,1003,False,4,5,[-3.40322793 -0.45878476  4.00002415],cruising,[ 0.63925976  0.24903542 -0.34837281]
773.6307096481323,1004,False,3,4,[-5.94492788  6.24133292  3.99999392],cruising,[-0.62185191  0.08809385  0.93462812]
773.6307096481323,1005,False,5,6,[7.10277435 6.1508987  4.00000018],exiting,[ 0.50568378 -0.03156594 -0.11489306]
773.7239801883698,1000,False,4,1,[5.44790796 1.64149424 1.35538294],fake_landed,[-0.82138112 -0.19970136 -0.21083176]
773.7239801883698,1001,False,0,3,[8.48529298 0.8416037  3.99973215],cruising,[-0.48080528  0.59740651 -0.20557775]
773.7239801883698,1002,False,6,2,[-3.36180831 -2.41480688  3.99999996],cruising,[ 0.5677905  -0.59831228 -0.99408226]
773.7239801883698,1003,False,4,5,[-3.47156069 -0.27082031  4.00002053],cruising,[ 0.63925976  0.24903542 -0.34837281]
773.7239801883698,1004,False,3,4,[-5.81564866  6.37127987  3.99999949],cruising,[-0.62185191  0.08809385  0.93462812]
773.7239801883698,1005,False,5,6,[7.13863511 6.24424754 4.00000015],exiting,[ 0.50568378 -0.03156594 -0.11489306]
773.8347914218903,1000,False,4,1,[5.45124785 1.63242231 1.3165687 ],fake_landed,[-0.82138112 -0.19970136 -0.21083176]
773.8347914218903,1001,False,0,3,[8.49050195 0.64167154 3.99977233],cruising,[-0.48080528  0.59740651 -0.20557775]
773.8347914218903,1002,False,6,2,[-3.3478956  -2.24728103  3.99999996],cruising,[ 0.5677905  -0.59831228 -0.99408226]
773.8347914218903,1003,False,4,5,[-3.54788012 -0.08595456  4.00001745],cruising,[ 0.63925976  0.24903542 -0.34837281]
773.8347914218903,1004,False,3,4,[-5.67315862  6.48621102  4.00000388],cruising,[-0.62185191  0.08809385  0.93462812]
773.8347914218903,1005,False,5,6,[7.17449587 6.33759638 4.00000012],exiting,[ 0.50568378 -0.03156594 -0.11489306]
773.9240119457245,1000,False,4,1,[5.45291779 1.62788635 1.29716158],fake_landed,[-0.82138112 -0.19970136 -0.21083176]
773.9240119457245,1001,False,0,3,[8.49388488 0.44170016 3.99980648],cruising,[-0.48080528  0.59740651 -0.20557775]
773.9240119457245,1002,False,6,2,[-3.3168037  -2.06951431  3.99999996],cruising,[ 0.5677905  -0.59831228 -0.99408226]
773.9240119457245,1003,False,4,5,[-3.63493827  0.09410342  4.00001483],cruising,[ 0.63925976  0.24903542 -0.34837281]
773.9240119457245,1004,False,3,4,[-5.51850427  6.58526672  4.0000071 ],cruising,[-0.62185191  0.08809385  0.93462812]
773.9240119457245,1005,False,5,6,[7.21035663 6.43094522 4.0000001 ],exiting,[ 0.50568378 -0.03156594 -0.11489306]
774.0242435932159,1000,False,1,0,[5.45291779 1.62788635 1.29716158],waiting,[-0.82138112 -0.19970136 -0.21083176]
774.0242435932159,1001,False,0,3,[8.4931964  0.24170134 3.99983551],cruising,[-0.48080528  0.59740651 -0.20557775]
774.0242435932159,1002,False,6,2,[-3.27391294 -1.87559869  3.99999997],cruising,[ 0.5677905  -0.59831228 -0.99408226]
774.0242435932159,1003,False,4,5,[-3.72965599  0.27025266  4.00001261],cruising,[ 0.63925976  0.24903542 -0.34837281]
774.0242435932159,1004,False,3,4,[-5.35230106  6.66799381  4.00000912],cruising,[-0.62185191  0.08809385  0.93462812]
774.0242435932159,1005,False,5,6,[7.24621739 6.52429406 4.00000008],exiting,[ 0.50568378 -0.03156594 -0.11489306]
774.1237325668335,1000,False,1,0,[5.45291779 1.62788635 1.29716158],waiting,[-0.82138112 -0.19970136 -0.21083176]
774.1237325668335,1001,False,0,3,[8.49085792 0.04171501 3.99986018],cruising,[-0.48080528  0.59740651 -0.20557775]
774.1237325668335,1002,False,6,2,[-3.24639189 -1.67750126  3.99999997],cruising,[ 0.5677905  -0.59831228 -0.99408226]
774.1237325668335,1003,False,4,5,[-3.83210237  0.4420221   4.00001072],cruising,[ 0.63925976  0.24903542 -0.34837281]
774.1237325668335,1004,False,3,4,[-5.17498345  6.73409351  4.0000099 ],cruising,[-0.62185191  0.08809385  0.93462812]
774.1237325668335,1005,False,5,6,[7.28207814 6.6176429  4.00000007],exiting,[ 0.50568378 -0.03156594 -0.11489306]
774.2238986492157,1000,False,1,0,[5.45291779 1.62788635 1.29716158],waiting,[-0.82138112 -0.19970136 -0.21083176]
774.2238986492157,1001,False,0,3,[ 8.48671711 -0.15824212  3.99988115],cruising,[-0.48080528  0.59740651 -0.20557775]
774.2238986492157,1002,False,6,2,[-3.23535377 -1.47780609  3.99999998],cruising,[ 0.5677905  -0.59831228 -0.99408226]
774.2238986492157,1003,False,4,5,[-3.93855065  0.61134062  4.00000911],cruising,[ 0.63925976  0.24903542 -0.34837281]
774.2238986492157,1004,False,3,4,[-4.98663969  6.78350716  4.00000938],cruising,[-0.62185191  0.08809385  0.93462812]
774.2238986492157,1005,False,5,6,[7.3179389  6.71099174 4.00000005],exiting,[ 0.50568378 -0.03156594 -0.11489306]
774.3239464759827,1000,False,1,0,[5.45291779 1.62788635 1.29716158],waiting,[-0.82138112 -0.19970136 -0.21083176]
774.3239464759827,1001,False,0,3,[ 8.47862971 -0.35807853  3.99989898],cruising,[-0.48080528  0.59740651 -0.20557775]
774.3239464759827,1002,False,6,2,[-3.24023575 -1.27786568  3.99999998],cruising,[ 0.5677905  -0.59831228 -0.99408226]
774.3239464759827,1003,False,4,5,[-4.0481134   0.77866068  4.00000774],cruising,[ 0.63925976  0.24903542 -0.34837281]
774.3239464759827,1004,False,3,4,[-4.79061223  6.82317117  4.00000797],cruising,[-0.62185191  0.08809385  0.93462812]
774.3239464759827,1005,False,5,6,[7.35379966 6.80434058 4.00000004],exiting,[ 0.50568378 -0.03156594 -0.11489306]
774.4286239147186,1000,False,1,0,[5.45291779 1.62788635 1.29716158],waiting,[-0.82138112 -0.19970136 -0.21083176]
774.4286239147186,1001,False,0,3,[ 8.46884408 -0.55783899  3.99991413],cruising,[-0.48080528  0.59740651 -0.20557775]
774.4286239147186,1002,False,6,2,[-3.25902694 -1.07875041  3.99999998],cruising,[ 0.5677905  -0.59831228 -0.99408226]
774.4286239147186,1003,False,4,5,[-4.16005396  0.94439937  4.00000658],cruising,[ 0.63925976  0.24903542 -0.34837281]
774.4286239147186,1004,False,3,4,[-4.59552954  6.86724775  4.00000677],cruising,[-0.62185191  0.08809385  0.93462812]
774.4286239147186,1005,False,5,6,[7.38966042 6.89768942 4.00000004],exiting,[ 0.50568378 -0.03156594 -0.11489306]
774.5245056152344,1000,False,1,0,[5.45291779 1.62788635 1.29716158],waiting,[-0.82138112 -0.19970136 -0.21083176]
774.5245056152344,1001,False,0,3,[ 8.45719342 -0.75749936  3.99992701],cruising,[-0.48080528  0.59740651 -0.20557775]
774.5245056152344,1002,False,6,2,[-3.29145124 -0.88139625  3.99999999],cruising,[ 0.5677905  -0.59831228 -0.99408226]
774.5245056152344,1003,False,4,5,[-4.27375821  1.10893308  4.00000559],cruising,[ 0.63925976  0.24903542 -0.34837281]
774.5245056152344,1004,False,3,4,[-4.40111935  6.91420176  4.00000576],cruising,[-0.62185191  0.08809385  0.93462812]
774.5245056152344,1005,False,5,6,[7.42552117 6.99103826 4.00000003],exiting,[ 0.50568378 -0.03156594 -0.11489306]
774.6242475509644,1000,False,1,0,[5.45291779 1.62788635 1.29716158],waiting,[-0.82138112 -0.19970136 -0.21083176]
774.6242475509644,1001,False,0,3,[ 8.44353386 -0.95703236  3.99993796],cruising,[-0.48080528  0.59740651 -0.20557775]
774.6242475509644,1002,False,6,2,[-3.336387   -0.68650968  3.99999999],cruising,[ 0.5677905  -0.59831228 -0.99408226]
774.6242475509644,1003,False,4,5,[-4.38870995  1.27259767  4.00000476],cruising,[ 0.63925976  0.24903542 -0.34837281]
774.6242475509644,1004,False,3,4,[-4.20647202  6.96016277  4.00000489],cruising,[-0.62185191  0.08809385  0.93462812]
774.6242475509644,1005,False,5,6,[7.46138193 7.0843871  4.00000002],exiting,[ 0.50568378 -0.03156594 -0.11489306]
774.7236304283142,1000,False,1,0,[5.45291779 1.62788635 1.29716158],waiting,[-0.82138112 -0.19970136 -0.21083176]
774.7236304283142,1001,False,0,3,[ 8.42558834 -1.15622563  3.99994727],cruising,[-0.48080528  0.59740651 -0.20557775]
774.7236304283142,1002,False,6,2,[-3.39118029 -0.49416183  3.99999999],cruising,[ 0.5677905  -0.59831228 -0.99408226]
774.7236304283142,1003,False,4,5,[-4.50446988  1.43569163  4.00000404],cruising,[ 0.63925976  0.24903542 -0.34837281]
774.7236304283142,1004,False,3,4,[-4.01202091  7.00694701  4.00000416],cruising,[-0.62185191  0.08809385  0.93462812]
774.7236304283142,1005,False,5,6,[7.49724269 7.17773594 4.00000002],exiting,[ 0.50568378 -0.03156594 -0.11489306]
774.8238925933838,1000,False,1,0,[5.45291779 1.62788635 1.29716158],waiting,[-0.82138112 -0.19970136 -0.21083176]
774.8238925933838,1001,False,0,3,[ 8.40569461 -1.35523376  3.99995518],cruising,[-0.48080528  0.59740651 -0.20557775]
774.8238925933838,1002,False,6,2,[-3.45684808 -0.30524983  3.99999999],cruising,[ 0.5677905  -0.59831228 -0.99408226]
774.8238925933838,1003,False,4,5,[-4.62055729  1.59855265  4.00000344],cruising,[ 0.63925976  0.24903542 -0.34837281]
774.8238925933838,1004,False,3,4,[-3.81749178  7.05340578  4.00000354],cruising,[-0.62185191  0.08809385  0.93462812]
774.8238925933838,1005,False,5,6,[7.53310345 7.27108478 4.00000002],exiting,[ 0.50568378 -0.03156594 -0.11489306]
774.9240543842316,1000,False,1,0,[5.45291779 1.62788635 1.29716158],waiting,[-0.82138112 -0.19970136 -0.21083176]
774.9240543842316,1001,False,0,3,[ 8.38365642 -1.55401585  3.9999619 ],cruising,[-0.48080528  0.59740651 -0.20557775]
774.9240543842316,1002,False,6,2,[-3.5327401  -0.12020821  3.99999999],cruising,[ 0.5677905  -0.59831228 -0.99408226]
774.9240543842316,1003,False,4,5,[-4.73689925  1.76123193  4.00000292],cruising,[ 0.63925976  0.24903542 -0.34837281]
774.9240543842316,1004,False,3,4,[-3.62265551  7.09855919  4.00000301],cruising,[-0.62185191  0.08809385  0.93462812]
774.9240543842316,1005,False,5,6,[7.56896421 7.36443362 4.00000001],exiting,[ 0.50568378 -0.03156594 -0.11489306]
775.0263404846191,1000,False,1,0,[5.45291779 1.62788635 1.29716158],waiting,[-0.82138112 -0.19970136 -0.21083176]
775.0263404846191,1001,False,0,3,[ 8.35696068 -1.75222619  3.99996762],cruising,[-0.48080528  0.59740651 -0.20557775]
775.0263404846191,1002,False,6,2,[-3.61629302  0.06150285  3.99999999],exiting,[ 0.5677905  -0.59831228 -0.99408226]
775.0263404846191,1003,False,4,5,[-4.85314722  1.92397839  4.00000248],cruising,[ 0.63925976  0.24903542 -0.34837281]
775.0263404846191,1004,False,3,4,[-3.42681266  7.13912492  4.00000256],cruising,[-0.62185191  0.08809385  0.93462812]
775.0263404846191,1005,False,5,6,[7.60482496 7.45778247 4.00000001],exiting,[ 0.50568378 -0.03156594 -0.11489306]
775.124674320221,1000,False,1,0,[5.45291779 1.62788635 1.29716158],waiting,[-0.82138112 -0.19970136 -0.21083176]
775.124674320221,1001,False,0,3,[ 8.3280502  -1.95012562  3.99997247],cruising,[-0.48080528  0.59740651 -0.20557775]
775.124674320221,1002,False,6,2,[-3.70041604  0.22322203  3.99999999],exiting,[ 0.5677905  -0.59831228 -0.99408226]
775.124674320221,1003,False,4,5,[-4.96898437  2.08701751  4.00000211],cruising,[ 0.63925976  0.24903542 -0.34837281]
775.124674320221,1004,False,3,4,[-3.23046199  7.17715668  4.00000217],cruising,[-0.62185191  0.08809385  0.93462812]
775.124674320221,1005,False,5,6,[7.64068572 7.55113131 4.00000001],exiting,[ 0.50568378 -0.03156594 -0.11489306]
775.22403216362,1000,False,1,0,[5.45291779 1.62788635 1.29716158],waiting,[-0.82138112 -0.19970136 -0.21083176]
775.22403216362,1001,False,0,3,[ 8.2966646  -2.14764763  3.9999766 ],cruising,[-0.48080528  0.59740651 -0.20557775]
775.22403216362,1002,False,6,2,[-3.78494399  0.36494532  4.        ],exiting,[ 0.5677905  -0.59831228 -0.99408226]
775.22403216362,1003,False,4,5,[-5.08411238  2.25055816  4.00000179],cruising,[ 0.63925976  0.24903542 -0.34837281]
775.22403216362,1004,False,3,4,[-3.03349051  7.21182996  4.00000185],cruising,[-0.62185191  0.08809385  0.93462812]
775.22403216362,1005,False,5,6,[7.67654648 7.64448015 4.00000001],exiting,[ 0.50568378 -0.03156594 -0.11489306]
775.324462890625,1000,False,1,0,[5.45291779 1.62788635 1.29716158],waiting,[-0.82138112 -0.19970136 -0.21083176]
775.324462890625,1001,False,0,3,[ 8.25982078 -2.34422467  3.99998011],cruising,[-0.48080528  0.59740651 -0.20557775]
775.324462890625,1002,False,6,2,[-3.86969337  0.48666983  4.        ],exiting,[ 0.5677905  -0.59831228 -0.99408226]
775.324462890625,1003,False,4,5,[-5.19877782  2.41442345  4.00000152],cruising,[ 0.63925976  0.24903542 -0.34837281]
775.324462890625,1004,False,3,4,[-2.83541798  7.23952965  4.00000157],cruising,[-0.62185191  0.08809385  0.93462812]
775.324462890625,1005,False,5,6,[7.71240724 7.73782899 4.        ],exiting,[ 0.50568378 -0.03156594 -0.11489306]
775.4239118099213,1000,False,1,0,[5.45291779 1.62788635 1.29716158],waiting,[-0.82138112 -0.19970136 -0.21083176]
775.4239118099213,1001,False,0,3,[ 8.22027676 -2.54027637  3.99998309],cruising,[-0.48080528  0.59740651 -0.20557775]
775.4239118099213,1002,False,6,2,[-3.95445755  0.58839435  4.        ],exiting,[ 0.5677905  -0.59831228 -0.99408226]
775.4239118099213,1003,False,4,5,[-5.31217203  2.579171    4.0000013 ],cruising,[ 0.63925976  0.24903542 -0.34837281]
775.4239118099213,1004,False,3,4,[-2.63674764  7.26255346  4.00000133],cruising,[-0.62185191  0.08809385  0.93462812]
775.4239118099213,1005,False,5,6,[7.748268   7.83117783 4.        ],exiting,[ 0.50568378 -0.03156594 -0.11489306]
775.5235822200775,1000,False,1,0,[5.45291779 1.62788635 1.29716158],waiting,[-0.82138112 -0.19970136 -0.21083176]
775.5235822200775,1001,False,0,3,[ 8.1745814  -2.73498624  3.99998563],cruising,[-0.48080528  0.59740651 -0.20557775]
775.5235822200775,1002,False,6,2,[-4.03899724  0.67012013  4.        ],exiting,[ 0.5677905  -0.59831228 -0.99408226]
775.5235822200775,1003,False,4,5,[-5.42398145  2.74499818  4.0000011 ],cruising,[ 0.63925976  0.24903542 -0.34837281]
775.5235822200775,1004,False,3,4,[-2.43723236  7.27646932  4.00000113],cruising,[-0.62185191  0.08809385  0.93462812]
775.5235822200775,1005,False,5,6,[7.78412875 7.92452667 4.        ],exiting,[ 0.50568378 -0.03156594 -0.11489306]
775.6239268779755,1000,False,1,0,[5.45291779 1.62788635 1.29716158],waiting,[-0.82138112 -0.19970136 -0.21083176]
775.6239268779755,1001,False,0,3,[ 8.12572223 -2.92892639  3.99998779],cruising,[-0.48080528  0.59740651 -0.20557775]
775.6239268779755,1002,False,6,2,[-4.1230188   0.73185262  4.        ],exiting,[ 0.5677905  -0.59831228 -0.99408226]
775.6239268779755,1003,False,4,5,[-5.533867    2.91210643  4.00000094],cruising,[ 0.63925976  0.24903542 -0.34837281]
775.6239268779755,1004,False,3,4,[-2.2372615   7.27988316  4.00000096],cruising,[-0.62185191  0.08809385  0.93462812]
775.6239268779755,1005,False,5,6,[7.81998951 8.01787551 4.        ],exiting,[ 0.50568378 -0.03156594 -0.11489306]
775.7331624031067,1000,False,1,0,[5.45291779 1.62788635 1.29716158],waiting,[-0.82138112 -0.19970136 -0.21083176]
775.7331624031067,1001,False,0,3,[ 8.06952015 -3.12086734  3.99998962],cruising,[-0.48080528  0.59740651 -0.20557775]
775.7331624031067,1002,False,6,2,[-4.20610678  0.77360691  4.        ],exiting,[ 0.5677905  -0.59831228 -0.99408226]
775.7331624031067,1003,False,4,5,[-5.64144913  3.08070679  4.0000008 ],cruising,[ 0.63925976  0.24903542 -0.34837281]
775.7331624031067,1004,False,3,4,[-2.03774771  7.26594589  4.00000082],cruising,[-0.62185191  0.08809385  0.93462812]
775.7331624031067,1005,False,5,6,[7.85585027 8.11122435 4.        ],exiting,[ 0.50568378 -0.03156594 -0.11489306]
775.8238682746887,1000,False,1,0,[5.45291779 1.62788635 1.29716158],waiting,[-0.82138112 -0.19970136 -0.21083176]
775.8238682746887,1001,False,0,3,[ 8.00941033 -3.31162061  3.99999118],cruising,[-0.48080528  0.59740651 -0.20557775]
775.8238682746887,1002,False,6,2,[-4.28800692  0.79539651  4.        ],exiting,[ 0.5677905  -0.59831228 -0.99408226]
775.8238682746887,1003,False,4,5,[-5.74629023  3.25102516  4.00000068],cruising,[ 0.63925976  0.24903542 -0.34837281]
775.8238682746887,1004,False,3,4,[-1.84044939  7.23318351  4.0000007 ],cruising,[-0.62185191  0.08809385  0.93462812]
775.8238682746887,1005,False,5,6,[7.89171103 8.20457319 4.        ],exiting,[ 0.50568378 -0.03156594 -0.11489306]
775.9240403175354,1000,False,1,0,[5.45291779 1.62788635 1.29716158],waiting,[-0.82138112 -0.19970136 -0.21083176]
775.9240403175354,1001,False,0,3,[ 7.94007092 -3.49921604  3.9999925 ],cruising,[-0.48080528  0.59740651 -0.20557775]
775.9240403175354,1002,False,6,2,[-4.36846093  0.79723846  4.        ],exiting,[ 0.5677905  -0.59831228 -0.99408226]
775.9240403175354,1003,False,4,5,[-5.84787273  3.42330689  4.00000057],cruising,[ 0.63925976  0.24903542 -0.34837281]
775.9240403175354,1004,False,3,4,[-1.64660891  7.18393041  4.00000059],cruising,[-0.62185191  0.08809385  0.93462812]
775.9240403175354,1005,False,5,6,[7.92757178 8.29792203 4.        ],exiting,[ 0.50568378 -0.03156594 -0.11489306]
776.0244941711426,1000,False,1,0,[5.45291779 1.62788635 1.29716158],waiting,[-0.82138112 -0.19970136 -0.21083176]
776.0244941711426,1001,False,0,3,[ 7.86043805 -3.68267885  3.99999362],cruising,[-0.48080528  0.59740651 -0.20557775]
776.0244941711426,1002,False,6,2,[-4.44720633  0.77915352  4.        ],exiting,[ 0.5677905  -0.59831228 -0.99408226]
776.0244941711426,1003,False,4,5,[-5.94757445  3.59668384  4.00000049],cruising,[ 0.63925976  0.24903542 -0.34837281]
776.0244941711426,1004,False,3,4,[-1.45543521  7.12517144  4.0000005 ],cruising,[-0.62185191  0.08809385  0.93462812]
776.0244941711426,1005,False,5,6,[7.96343254 8.39127087 4.        ],exiting,[ 0.50568378 -0.03156594 -0.11489306]
776.1235659122467,1000,False,1,0,[5.45291779 1.62788635 1.29716158],waiting,[-0.82138112 -0.19970136 -0.21083176]
776.1235659122467,1001,False,0,3,[ 7.77503729 -3.86352882  3.99999458],cruising,[-0.48080528  0.59740651 -0.20557775]
776.1235659122467,1002,False,6,2,[-4.52397626  0.74116639  4.        ],exiting,[ 0.5677905  -0.59831228 -0.99408226]
776.1235659122467,1003,False,4,5,[-6.04019087  3.77394692  4.00000042],cruising,[ 0.63925976  0.24903542 -0.34837281]
776.1235659122467,1004,False,3,4,[-1.26884344  7.05317483  4.00000043],cruising,[-0.62185191  0.08809385  0.93462812]
776.1235659122467,1005,False,5,6,[7.9992933  8.48461971 4.        ],exiting,[ 0.50568378 -0.03156594 -0.11489306]
776.2238767147064,1000,False,1,0,[5.45291779 1.62788635 1.29716158],waiting,[-0.82138112 -0.19970136 -0.21083176]
776.2238767147064,1001,False,0,3,[ 7.67550667 -4.03700405  3.99999539],cruising,[-0.48080528  0.59740651 -0.20557775]
776.2238767147064,1002,False,6,2,[-4.59849913  0.68330589  4.        ],exiting,[ 0.5677905  -0.59831228 -0.99408226]
776.2238767147064,1003,False,4,5,[-6.12727582  3.95399194  4.00000035],cruising,[ 0.63925976  0.24903542 -0.34837281]
776.2238767147064,1004,False,3,4,[-1.08666756  6.97064029  4.00000036],cruising,[-0.62185191  0.08809385  0.93462812]
776.2238767147064,1005,False,5,6,[8.03515406 8.57796855 4.        ],exiting,[ 0.50568378 -0.03156594 -0.11489306]
776.3236060142517,1000,False,1,0,[5.45291779 1.62788635 1.29716158],queued,[-0.82138112 -0.19970136 -0.21083176]
776.3236060142517,1001,False,0,3,[ 7.55942227 -4.19925555  3.99999613],cruising,[-0.48080528  0.59740651 -0.20557775]
776.3236060142517,1002,False,6,2,[-4.67171832  0.61519604  4.        ],exiting,[ 0.5677905  -0.59831228 -0.99408226]
776.3236060142517,1003,False,4,5,[-6.20759186  4.13715671  4.0000003 ],cruising,[ 0.63925976  0.24903542 -0.34837281]
776.3236060142517,1004,False,3,4,[-0.90842145  6.87993019  4.00000031],cruising,[-0.62185191  0.08809385  0.93462812]
776.3236060142517,1005,False,5,6,[8.07101482 8.67131739 4.        ],exiting,[ 0.50568378 -0.03156594 -0.11489306]
776.4238755702972,1000,False,1,0,[5.45291779 1.62788635 1.31716158],queued,[-0.82138112 -0.19970136 -0.21083176]
776.4238755702972,1001,False,0,3,[ 7.42805625 -4.34860463  3.99999678],cruising,[-0.48080528  0.59740651 -0.20557775]
776.4238755702972,1002,False,6,2,[-4.74493751  0.5470862   4.        ],exiting,[ 0.5677905  -0.59831228 -0.99408226]
776.4238755702972,1003,False,4,5,[-6.27956074  4.32375918  4.00000026],cruising,[ 0.63925976  0.24903542 -0.34837281]
776.4238755702972,1004,False,3,4,[-0.73231764  6.78512804  4.00000026],cruising,[-0.62185191  0.08809385  0.93462812]
776.4238755702972,1005,False,5,6,[8.10687557 8.76466623 4.        ],exiting,[ 0.50568378 -0.03156594 -0.11489306]
776.5243442058563,1000,False,1,0,[5.45291779 1.62788635 1.35716158],queued,[-0.82138112 -0.19970136 -0.21083176]
776.5243442058563,1001,False,0,3,[ 7.28327785 -4.48311767  3.99999737],cruising,[-0.48080528  0.59740651 -0.20557775]
776.5243442058563,1002,False,6,2,[-4.8181567   0.47897636  4.        ],exiting,[ 0.5677905  -0.59831228 -0.99408226]
776.5243442058563,1003,False,4,5,[-6.33559633  4.5157488   4.00000022],exiting,[ 0.63925976  0.24903542 -0.34837281]
776.5243442058563,1004,False,3,4,[-0.55925112  6.68488843  4.00000022],cruising,[-0.62185191  0.08809385  0.93462812]
776.5243442058563,1005,False,5,6,[8.14273633 8.85801508 4.        ],exiting,[ 0.50568378 -0.03156594 -0.11489306]
776.6770453453064,1000,False,1,0,[5.45291779 1.62788635 1.41716158],queued,[-0.82138112 -0.19970136 -0.21083176]
776.6770453453064,1001,False,0,3,[ 7.12746712 -4.60094876  3.99999791],cruising,[-0.48080528  0.59740651 -0.20557775]
776.6770453453064,1002,False,6,2,[-4.89137588  0.41086652  4.        ],exiting,[ 0.5677905  -0.59831228 -0.99408226]
776.6770453453064,1003,False,4,5,[-6.39227014  4.6877486   4.00000018],exiting,[ 0.63925976  0.24903542 -0.34837281]
776.6770453453064,1004,False,3,4,[-0.38839683  6.58092298  4.00000019],cruising,[-0.62185191  0.08809385  0.93462812]
776.6770453453064,1005,False,5,6,[8.17859709 8.95136392 4.        ],exiting,[ 0.50568378 -0.03156594 -0.11489306]
776.7488510608673,1000,False,1,0,[5.45291779 1.62788635 1.49216158],queued,[-0.82138112 -0.19970136 -0.21083176]
776.7488510608673,1001,False,0,3,[ 6.96278    -4.70085752  3.9999984 ],cruising,[-0.48080528  0.59740651 -0.20557775]
776.7488510608673,1002,False,6,2,[-4.96459507  0.34275668  4.        ],exiting,[ 0.5677905  -0.59831228 -0.99408226]
776.7488510608673,1003,False,4,5,[-6.4498104   4.83976718  4.00000014],exiting,[ 0.63925976  0.24903542 -0.34837281]
776.7488510608673,1004,False,3,4,[-0.21845435  6.47547369  4.00000016],cruising,[-0.62185191  0.08809385  0.93462812]
776.7488510608673,1005,False,5,6,[8.21445785 9.04471276 4.        ],exiting,[ 0.50568378 -0.03156594 -0.11489306]
776.8492975234985,1000,False,1,0,[5.45291779 1.62788635 1.56716158],queued,[-0.82138112 -0.19970136 -0.21083176]
776.8492975234985,1001,False,0,3,[ 6.79138327 -4.78192534  3.99999886],cruising,[-0.48080528  0.59740651 -0.20557775]
776.8492975234985,1002,False,6,2,[-5.03781426  0.27464684  4.        ],exiting,[ 0.5677905  -0.59831228 -0.99408226]
776.8492975234985,1003,False,4,5,[-6.50853185  4.97182066  4.00000011],exiting,[ 0.63925976  0.24903542 -0.34837281]
776.8492975234985,1004,False,3,4,[-0.04956988  6.36833809  4.00000014],cruising,[-0.62185191  0.08809385  0.93462812]
776.8492975234985,1005,False,5,6,[8.2503186 9.1380616 4.       ],landing,[ 0.50568378 -0.03156594 -0.11489306]
776.9484920501709,1000,False,1,0,[5.45291779 1.62788635 1.64216158],queued,[-0.82138112 -0.19970136 -0.21083176]
776.9484920501709,1001,False,0,3,[ 6.61546495 -4.84351098  3.99999927],cruising,[-0.48080528  0.59740651 -0.20557775]
776.9484920501709,1002,False,6,2,[-5.11103345  0.206537    4.        ],exiting,[ 0.5677905  -0.59831228 -0.99408226]
776.9484920501709,1003,False,4,5,[-6.56878203  5.08393266  4.00000008],exiting,[ 0.63925976  0.24903542 -0.34837281]
776.9484920501709,1004,False,3,4,[0.11913202 6.26091524 4.00000012],cruising,[-0.62185191  0.08809385  0.93462812]
776.9484920501709,1005,False,5,6,[8.28424285 9.21732559 3.98593348],landing,[ 0.50568378 -0.03156594 -0.11489306]
777.0496115684509,1000,False,1,0,[5.45291779 1.62788635 1.71716158],queued,[-0.82138112 -0.19970136 -0.21083176]
777.0496115684509,1001,False,0,3,[ 6.43705442 -4.88525251  3.99999963],cruising,[-0.48080528  0.59740651 -0.20557775]
777.0496115684509,1002,False,6,2,[-5.18425264  0.13842716  4.        ],exiting,[ 0.5677905  -0.59831228 -0.99408226]
777.0496115684509,1003,False,4,5,[-6.63087812  5.17613003  4.00000006],exiting,[ 0.63925976  0.24903542 -0.34837281]
777.0496115684509,1004,False,3,4,[0.28791646 6.15362214 4.0000001 ],cruising,[-0.62185191  0.08809385  0.93462812]
777.0496115684509,1005,False,5,6,[8.31613372 9.2823574  3.95796335],landing,[ 0.50568378 -0.03156594 -0.11489306]
777.1479685306549,1000,False,1,0,[5.45291779 1.62788635 1.79216158],queued,[-0.82138112 -0.19970136 -0.21083176]
777.1479685306549,1001,False,0,3,[ 6.25789182 -4.90700818  3.99999994],cruising,[-0.48080528  0.59740651 -0.20557775]
777.1479685306549,1002,False,6,2,[-5.25747183  0.07031732  4.        ],exiting,[ 0.5677905  -0.59831228 -0.99408226]
777.1479685306549,1003,False,4,5,[-6.69463233  5.25317158  4.00000005],exiting,[ 0.63925976  0.24903542 -0.34837281]
777.1479685306549,1004,False,3,4,[0.45720375 6.04712419 4.00000008],cruising,[-0.62185191  0.08809385  0.93462812]
777.1479685306549,1005,False,5,6,[8.3458763  9.33298422 3.91628624],landing,[ 0.50568378 -0.03156594 -0.11489306]
777.2493193149567,1000,False,1,0,[5.45291779 1.62788635 1.86716158],queued,[-0.82138112 -0.19970136 -0.21083176]
777.2493193149567,1001,False,0,3,[ 6.07900898 -4.90876581  4.00000019],cruising,[-0.48080528  0.59740651 -0.20557775]
777.2493193149567,1002,False,6,2,[-5.33069101e+00  2.20747414e-03  4.00000000e+00],exiting,[ 0.5677905  -0.59831228 -0.99408226]
777.2493193149567,1003,False,4,5,[-6.75838654  5.33021313  4.00000004],exiting,[ 0.63925976  0.24903542 -0.34837281]
777.2493193149567,1004,False,3,4,[0.62725712 5.94185381 4.00000007],cruising,[-0.62185191  0.08809385  0.93462812]
777.2493193149567,1005,False,5,6,[8.37331177 9.36897112 3.8611797 ],landing,[ 0.50568378 -0.03156594 -0.11489306]
777.348382472992,1000,False,1,0,[5.45291779 1.62788635 1.94216158],queued,[-0.82138112 -0.19970136 -0.21083176]
777.348382472992,1001,False,0,3,[ 5.90167116 -4.8905832   4.0000004 ],cruising,[-0.48080528  0.59740651 -0.20557775]
777.348382472992,1002,False,6,2,[-5.4039102  -0.06590237  4.        ],exiting,[ 0.5677905  -0.59831228 -0.99408226]
777.348382472992,1003,False,4,5,[-6.82214075  5.40725468  4.00000003],exiting,[ 0.63925976  0.24903542 -0.34837281]
777.348382472992,1004,False,3,4,[0.7988439  5.8391018  4.00000006],cruising,[-0.62185191  0.08809385  0.93462812]
777.348382472992,1005,False,5,6,[8.39830654 9.39012391 3.79288255],landing,[ 0.50568378 -0.03156594 -0.11489306]
777.4493937492371,1000,False,1,0,[5.45291779 1.62788635 2.01716158],queued,[-0.82138112 -0.19970136 -0.21083176]
777.4493937492371,1001,False,0,3,[ 5.72690846 -4.85256707  4.00000055],cruising,[-0.48080528  0.59740651 -0.20557775]
777.4493937492371,1002,False,6,2,[-5.47712939 -0.13401221  4.        ],exiting,[ 0.5677905  -0.59831228 -0.99408226]
777.4493937492371,1003,False,4,5,[-6.88589496  5.48429623  4.00000003],exiting,[ 0.63925976  0.24903542 -0.34837281]
777.4493937492371,1004,False,3,4,[0.971776   5.73863046 4.00000005],cruising,[-0.62185191  0.08809385  0.93462812]
777.4493937492371,1005,False,5,6,[8.42073528 9.39626332 3.71162337],landing,[ 0.50568378 -0.03156594 -0.11489306]
777.5486307144165,1000,False,1,0,[5.45291779 1.62788635 2.09216158],queued,[-0.82138112 -0.19970136 -0.21083176]
777.5486307144165,1001,False,0,3,[ 5.55505266 -4.79476332  4.00000064],cruising,[-0.48080528  0.59740651 -0.20557775]
777.5486307144165,1002,False,6,2,[-5.55034858 -0.20212205  4.        ],exiting,[ 0.5677905  -0.59831228 -0.99408226]
777.5486307144165,1003,False,4,5,[-6.94964917  5.56133779  4.00000002],exiting,[ 0.63925976  0.24903542 -0.34837281]
777.5486307144165,1004,False,3,4,[1.14707348 5.64234549 4.00000004],cruising,[-0.62185191  0.08809385  0.93462812]
777.5486307144165,1005,False,5,6,[8.44047032 9.38720965 3.61763964],landing,[ 0.50568378 -0.03156594 -0.11489306]
777.6483910083771,1000,False,1,0,[5.45291779 1.62788635 2.16716158],queued,[-0.82138112 -0.19970136 -0.21083176]
777.6483910083771,1001,False,0,3,[ 5.38656978 -4.71724604  4.00000066],cruising,[-0.48080528  0.59740651 -0.20557775]
777.6483910083771,1002,False,6,2,[-5.62356777 -0.27023189  4.        ],exiting,[ 0.5677905  -0.59831228 -0.99408226]
777.6483910083771,1003,False,4,5,[-7.01340338  5.63837934  4.00000002],exiting,[ 0.63925976  0.24903542 -0.34837281]
777.6483910083771,1004,False,3,4,[1.32416721 5.54940568 4.00000004],cruising,[-0.62185191  0.08809385  0.93462812]
777.6483910083771,1005,False,5,6,[8.45945504 9.37407171 3.52034126],landing,[ 0.50568378 -0.03156594 -0.11489306]
777.7489309310913,1000,False,1,0,[5.45291779 1.62788635 2.24216158],queued,[-0.82138112 -0.19970136 -0.21083176]
777.7489309310913,1001,False,0,3,[ 5.22063349 -4.61989154  4.00000063],cruising,[-0.48080528  0.59740651 -0.20557775]
777.7489309310913,1002,False,6,2,[-5.69678696 -0.33834173  4.        ],exiting,[ 0.5677905  -0.59831228 -0.99408226]
777.7489309310913,1003,False,4,5,[-7.07715759  5.71542089  4.00000001],exiting,[ 0.63925976  0.24903542 -0.34837281]
777.7489309310913,1004,False,3,4,[1.5032729  5.46040483 4.00000003],cruising,[-0.62185191  0.08809385  0.93462812]
777.7489309310913,1005,False,5,6,[8.47843976 9.36093377 3.42304288],landing,[ 0.50568378 -0.03156594 -0.11489306]
777.8482542037964,1000,False,1,0,[5.45291779 1.62788635 2.31716158],queued,[-0.82138112 -0.19970136 -0.21083176]
777.8482542037964,1001,False,0,3,[ 5.05304404 -4.5107413   4.00000053],cruising,[-0.48080528  0.59740651 -0.20557775]
777.8482542037964,1002,False,6,2,[-5.77000614 -0.40645157  4.        ],exiting,[ 0.5677905  -0.59831228 -0.99408226]
777.8482542037964,1003,False,4,5,[-7.1409118   5.79246244  4.00000001],exiting,[ 0.63925976  0.24903542 -0.34837281]
777.8482542037964,1004,False,3,4,[1.68561027 5.37822769 4.00000003],cruising,[-0.62185191  0.08809385  0.93462812]
777.8482542037964,1005,False,5,6,[8.49742448 9.34779584 3.3257445 ],landing,[ 0.50568378 -0.03156594 -0.11489306]
777.948410987854,1000,False,1,0,[5.45291779 1.62788635 2.39216158],queued,[-0.82138112 -0.19970136 -0.21083176]
777.948410987854,1001,False,0,3,[ 4.8818051  -4.40741064  4.00000045],cruising,[-0.48080528  0.59740651 -0.20557775]
777.948410987854,1002,False,6,2,[-5.84322533 -0.47456141  4.        ],exiting,[ 0.5677905  -0.59831228 -0.99408226]
777.948410987854,1003,False,4,5,[-7.20466601  5.86950399  4.00000001],exiting,[ 0.63925976  0.24903542 -0.34837281]
777.948410987854,1004,False,3,4,[1.8701421  5.30110437 4.00000002],cruising,[-0.62185191  0.08809385  0.93462812]
777.948410987854,1005,False,5,6,[8.5164092  9.3346579  3.22844611],landing,[ 0.50568378 -0.03156594 -0.11489306]
778.0487563610077,1000,False,1,0,[5.45291779 1.62788635 2.46716158],queued,[-0.82138112 -0.19970136 -0.21083176]
778.0487563610077,1001,False,0,3,[ 4.70752885 -4.30928935  4.00000038],cruising,[-0.48080528  0.59740651 -0.20557775]
778.0487563610077,1002,False,6,2,[-5.91644452 -0.54267126  4.        ],exiting,[ 0.5677905  -0.59831228 -0.99408226]
778.0487563610077,1003,False,4,5,[-7.26842022  5.94654554  4.00000001],exiting,[ 0.63925976  0.24903542 -0.34837281]
778.0487563610077,1004,False,3,4,[2.05697551 5.22973717 4.00000002],cruising,[-0.62185191  0.08809385  0.93462812]
778.0487563610077,1005,False,5,6,[8.53539392 9.32151996 3.13114773],landing,[ 0.50568378 -0.03156594 -0.11489306]
778.1483240127563,1000,False,1,0,[5.45291779 1.62788635 2.54216158],queued,[-0.82138112 -0.19970136 -0.21083176]
778.1483240127563,1001,False,0,3,[ 4.53005065 -4.21708582  4.00000033],cruising,[-0.48080528  0.59740651 -0.20557775]
778.1483240127563,1002,False,6,2,[-5.98966371 -0.6107811   4.        ],exiting,[ 0.5677905  -0.59831228 -0.99408226]
778.1483240127563,1003,False,4,5,[-7.33217443  6.0235871   4.00000001],exiting,[ 0.63925976  0.24903542 -0.34837281]
778.1483240127563,1004,False,3,4,[2.24756643 5.16911455 4.00000002],cruising,[-0.62185191  0.08809385  0.93462812]
778.1483240127563,1005,False,5,6,[8.55437863 9.30838202 3.03384935],landing,[ 0.50568378 -0.03156594 -0.11489306]
778.2482612133026,1000,False,1,0,[5.45291779 1.62788635 2.61716158],entering,[-0.82138112 -0.19970136 -0.21083176]
778.2482612133026,1001,False,0,3,[ 4.35086099 -4.12825416  4.00000028],cruising,[-0.48080528  0.59740651 -0.20557775]
778.2482612133026,1002,False,6,2,[-6.0628829  -0.67889094  4.        ],exiting,[ 0.5677905  -0.59831228 -0.99408226]
778.2482612133026,1003,False,4,5,[-7.39592864  6.10062865  4.        ],exiting,[ 0.63925976  0.24903542 -0.34837281]
778.2482612133026,1004,False,3,4,[2.4411036  5.11868278 4.00000001],cruising,[-0.62185191  0.08809385  0.93462812]
778.2482612133026,1005,False,5,6,[8.57336335 9.29524408 2.93655097],landing,[ 0.50568378 -0.03156594 -0.11489306]
778.3492810726166,1000,False,1,0,[5.4726114  1.62439899 2.69216158],entering,[-0.82138112 -0.19970136 -0.21083176]
778.3492810726166,1001,False,0,3,[ 4.16978969 -4.0433237   4.00000024],cruising,[-0.48080528  0.59740651 -0.20557775]
778.3492810726166,1002,False,6,2,[-6.13610209 -0.74700078  4.        ],exiting,[ 0.5677905  -0.59831228 -0.99408226]
778.3492810726166,1003,False,4,5,[-7.45968285  6.1776702   4.        ],exiting,[ 0.63925976  0.24903542 -0.34837281]
778.3492810726166,1004,False,3,4,[2.63671397 5.07701047 4.00000001],cruising,[-0.62185191  0.08809385  0.93462812]
778.3492810726166,1005,False,5,6,[8.59234807 9.28210615 2.83925259],landing,[ 0.50568378 -0.03156594 -0.11489306]
778.4482641220093,1000,False,1,0,[5.51199297 1.61739249 2.76716158],entering,[-0.82138112 -0.19970136 -0.21083176]
778.4482641220093,1001,False,0,3,[ 3.98775252 -3.96048366  4.0000002 ],cruising,[-0.48080528  0.59740651 -0.20557775]
778.4482641220093,1002,False,6,2,[-6.20932127 -0.81511062  4.        ],exiting,[ 0.5677905  -0.59831228 -0.99408226]
778.4482641220093,1003,False,4,5,[-7.52343706  6.25471175  4.        ],exiting,[ 0.63925976  0.24903542 -0.34837281]
778.4482641220093,1004,False,3,4,[2.83375074 5.04271013 4.00000001],cruising,[-0.62185191  0.08809385  0.93462812]
778.4482641220093,1005,False,5,6,[8.61133279 9.26896821 2.74195421],landing,[ 0.50568378 -0.03156594 -0.11489306]
778.563036441803,1000,False,1,0,[5.57104977 1.60679639 2.84216158],entering,[-0.82138112 -0.19970136 -0.21083176]
778.563036441803,1001,False,0,3,[ 3.8045838  -3.88017663  4.00000017],cruising,[-0.48080528  0.59740651 -0.20557775]
778.563036441803,1002,False,6,2,[-6.28254046 -0.88322046  4.        ],exiting,[ 0.5677905  -0.59831228 -0.99408226]
778.563036441803,1003,False,4,5,[-7.58719127  6.3317533   4.        ],exiting,[ 0.63925976  0.24903542 -0.34837281]
778.563036441803,1004,False,3,4,[3.03174969 5.01448933 4.00000001],cruising,[-0.62185191  0.08809385  0.93462812]
778.563036441803,1005,False,5,6,[8.63031751 9.25583027 2.64465583],landing,[ 0.50568378 -0.03156594 -0.11489306]
778.6532316207886,1000,False,1,0,[5.64970782 1.59222649 2.91716158],entering,[-0.82138112 -0.19970136 -0.21083176]
778.6532316207886,1001,False,0,3,[ 3.62079916 -3.80128934  4.00000014],cruising,[-0.48080528  0.59740651 -0.20557775]
778.6532316207886,1002,False,6,2,[-6.35575965 -0.9513303   4.        ],exiting,[ 0.5677905  -0.59831228 -0.99408226]
778.6532316207886,1003,False,4,5,[-7.65094548  6.40879486  4.        ],exiting,[ 0.63925976  0.24903542 -0.34837281]
778.6532316207886,1004,False,3,4,[3.23038594 4.9911732  4.00000001],cruising,[-0.62185191  0.08809385  0.93462812]
778.6532316207886,1005,False,5,6,[8.64930223 9.24269233 2.54735744],landing,[ 0.50568378 -0.03156594 -0.11489306]
778.7533535957336,1000,False,1,0,[5.74788594 1.5733015  2.99216158],entering,[-0.82138112 -0.19970136 -0.21083176]
778.7533535957336,1001,False,0,3,[ 3.43628204 -3.72413084  4.00000012],cruising,[-0.48080528  0.59740651 -0.20557775]
778.7533535957336,1002,False,6,2,[-6.42897884 -1.01944014  4.        ],exiting,[ 0.5677905  -0.59831228 -0.99408226]
778.7533535957336,1003,False,4,5,[-7.71469969  6.48583641  4.        ],exiting,[ 0.63925976  0.24903542 -0.34837281]
778.7533535957336,1004,False,3,4,[3.42943648 4.97170834 4.00000001],cruising,[-0.62185191  0.08809385  0.93462812]
778.7533535957336,1005,False,5,6,[8.66828695 9.22955439 2.45005906],landing,[ 0.50568378 -0.03156594 -0.11489306]
778.8485214710236,1000,False,1,0,[5.86544296 1.54943097 3.06716158],entering,[-0.82138112 -0.19970136 -0.21083176]
778.8485214710236,1001,False,0,3,[ 3.25125461 -3.64820424  4.0000001 ],cruising,[-0.48080528  0.59740651 -0.20557775]
778.8485214710236,1002,False,6,2,[-6.50219803 -1.08754998  4.        ],exiting,[ 0.5677905  -0.59831228 -0.99408226]
778.8485214710236,1003,False,4,5,[-7.7784539   6.56287796  4.        ],exiting,[ 0.63925976  0.24903542 -0.34837281]
778.8485214710236,1004,False,3,4,[3.62875033 4.95515575 4.00000001],cruising,[-0.62185191  0.08809385  0.93462812]
778.8485214710236,1005,False,5,6,[8.68727167 9.21641645 2.35276068],landing,[ 0.50568378 -0.03156594 -0.11489306]
778.9500916004181,1000,False,1,0,[6.00219307 1.51993684 3.14216158],entering,[-0.82138112 -0.19970136 -0.21083176]
778.9500916004181,1001,False,0,3,[ 3.06568362 -3.57361598  4.00000009],cruising,[-0.48080528  0.59740651 -0.20557775]
778.9500916004181,1002,False,6,2,[-6.57541722 -1.15565983  4.        ],exiting,[ 0.5677905  -0.59831228 -0.99408226]
778.9500916004181,1003,False,4,5,[-7.84220811  6.63991951  4.        ],exiting,[ 0.63925976  0.24903542 -0.34837281]
778.9500916004181,1004,False,3,4,[3.82822562 4.94067777 4.        ],cruising,[-0.62185191  0.08809385  0.93462812]
778.9500916004181,1005,False,5,6,[8.70625638 9.20327852 2.2554623 ],landing,[ 0.50568378 -0.03156594 -0.11489306]
779.0512526035309,1000,False,1,0,[6.15746087 1.48288653 3.21716158],entering,[-0.82138112 -0.19970136 -0.21083176]
779.0512526035309,1001,False,0,3,[ 2.87955022 -3.5004425   4.00000008],cruising,[-0.48080528  0.59740651 -0.20557775]
779.0512526035309,1002,False,6,2,[-6.6486364  -1.22376967  4.        ],exiting,[ 0.5677905  -0.59831228 -0.99408226]
779.0512526035309,1003,False,4,5,[-7.90596232  6.71696106  4.        ],exiting,[ 0.63925976  0.24903542 -0.34837281]
779.0512526035309,1004,False,3,4,[4.02779248 4.92752234 4.        ],cruising,[-0.62185191  0.08809385  0.93462812]
779.0512526035309,1005,False,5,6,[8.7252411  9.19014058 2.15816392],landing,[ 0.50568378 -0.03156594 -0.11489306]
779.1641547679901,1000,False,1,0,[6.33032595 1.43633175 3.29216158],entering,[-0.82138112 -0.19970136 -0.21083176]
779.1641547679901,1001,False,0,3,[ 2.692748   -3.4289937   4.00000006],cruising,[-0.48080528  0.59740651 -0.20557775]
779.1641547679901,1002,False,6,2,[-6.72185559 -1.29187951  4.        ],exiting,[ 0.5677905  -0.59831228 -0.99408226]
779.1641547679901,1003,False,4,5,[-7.96971653  6.79400261  4.        ],exiting,[ 0.63925976  0.24903542 -0.34837281]
779.1641547679901,1004,False,3,4,[4.2273752  4.91460955 4.        ],cruising,[-0.62185191  0.08809385  0.93462812]
779.1641547679901,1005,False,5,6,[8.74422582 9.17700264 2.06086554],landing,[ 0.50568378 -0.03156594 -0.11489306]
779.2549176216125,1000,False,1,0,[6.51668206 1.3750124  3.36716158],entering,[-0.82138112 -0.19970136 -0.21083176]
779.2549176216125,1001,False,0,3,[ 2.50543653 -3.35889083  4.00000005],cruising,[-0.48080528  0.59740651 -0.20557775]
779.2549176216125,1002,False,6,2,[-6.79507478 -1.35998935  4.        ],exiting,[ 0.5677905  -0.59831228 -0.99408226]
779.2549176216125,1003,False,4,5,[-8.03347074  6.87104417  4.        ],exiting,[ 0.63925976  0.24903542 -0.34837281]
779.2549176216125,1004,False,3,4,[4.42698455 4.90211526 4.        ],cruising,[-0.62185191  0.08809385  0.93462812]
779.2549176216125,1005,False,5,6,[8.76321054 9.1638647  1.96356715],landing,[ 0.50568378 -0.03156594 -0.11489306]
779.3621242046356,1000,False,1,0,[6.70362961 1.30394471 3.44216158],entering,[-0.82138112 -0.19970136 -0.21083176]
779.3621242046356,1001,False,0,3,[ 2.3172477  -3.29117847  4.00000005],cruising,[-0.48080528  0.59740651 -0.20557775]
779.3621242046356,1002,False,6,2,[-6.86829397 -1.42809919  4.        ],exiting,[ 0.5677905  -0.59831228 -0.99408226]
779.3621242046356,1003,False,4,5,[-8.09722495  6.94808572  4.        ],exiting,[ 0.63925976  0.24903542 -0.34837281]
779.3621242046356,1004,False,3,4,[4.626576   4.88933828 4.        ],cruising,[-0.62185191  0.08809385  0.93462812]
779.3621242046356,1005,False,5,6,[8.78219526 9.15072676 1.86626877],landing,[ 0.50568378 -0.03156594 -0.11489306]
779.4482555389404,1000,False,1,0,[6.88658018 1.22314195 3.51716158],entering,[-0.82138112 -0.19970136 -0.21083176]
779.4482555389404,1001,False,0,3,[ 2.12848115 -3.22509377  4.00000004],cruising,[-0.48080528  0.59740651 -0.20557775]
779.4482555389404,1002,False,6,2,[-6.94151316 -1.49620903  4.        ],landing,[ 0.5677905  -0.59831228 -0.99408226]
779.4482555389404,1003,False,4,5,[-8.16097916  7.02512727  4.        ],exiting,[ 0.63925976  0.24903542 -0.34837281]
779.4482555389404,1004,False,3,4,[4.8261053  4.87562484 4.        ],cruising,[-0.62185191  0.08809385  0.93462812]
779.4482555389404,1005,False,5,6,[8.80117998 9.13758883 1.76897039],landing,[ 0.50568378 -0.03156594 -0.11489306]
779.5511028766632,1000,False,1,0,[7.06453739 1.13186636 3.58958735],entering,[-0.82138112 -0.19970136 -0.21083176]
779.5511028766632,1001,False,0,3,[ 1.93853003 -3.16249525  4.00000003],cruising,[-0.48080528  0.59740651 -0.20557775]
779.5511028766632,1002,False,6,2,[-7.00665969 -1.55245547  3.98606831],landing,[ 0.5677905  -0.59831228 -0.99408226]
779.5511028766632,1003,False,4,5,[-8.22473337  7.10216882  4.        ],exiting,[ 0.63925976  0.24903542 -0.34837281]
779.5511028766632,1004,False,3,4,[5.02552096 4.86034759 4.        ],cruising,[-0.62185191  0.08809385  0.93462812]
779.5511028766632,1005,False,5,6,[8.8201647  9.12445089 1.67167201],landing,[ 0.50568378 -0.03156594 -0.11489306]
779.665629863739,1000,False,1,0,[7.23626694 1.02935314 3.65114924],entering,[-0.82138112 -0.19970136 -0.21083176]
779.665629863739,1001,False,0,3,[ 1.74721618 -3.10419423  4.00000003],cruising,[-0.48080528  0.59740651 -0.20557775]
779.665629863739,1002,False,6,2,[-7.06358311 -1.59674998  3.95836956],landing,[ 0.5677905  -0.59831228 -0.99408226]
779.665629863739,1003,False,4,5,[-8.28848758  7.17921037  4.        ],exiting,[ 0.63925976  0.24903542 -0.34837281]
779.665629863739,1004,False,3,4,[5.22484809 4.84395563 4.        ],cruising,[-0.62185191  0.08809385  0.93462812]
779.665629863739,1005,False,5,6,[8.83914942 9.11131295 1.57437363],landing,[ 0.50568378 -0.03156594 -0.11489306]
779.7870364189148,1000,False,1,0,[7.40152385 0.91670256 3.70347686],entering,[-0.82138112 -0.19970136 -0.21083176]
779.7870364189148,1001,False,0,3,[ 1.55434802 -3.0512615   4.00000002],cruising,[-0.48080528  0.59740651 -0.20557775]
779.7870364189148,1002,False,6,2,[-7.11210652 -1.62898984  3.91710155],landing,[ 0.5677905  -0.59831228 -0.99408226]
779.7870364189148,1003,False,4,5,[-8.35224179  7.25625192  4.        ],exiting,[ 0.63925976  0.24903542 -0.34837281]
779.7870364189148,1004,False,3,4,[5.42393265 4.82484182 4.        ],cruising,[-0.62185191  0.08809385  0.93462812]
779.7870364189148,1005,False,5,6,[8.85813413 9.09817501 1.47707525],fake_landed,[ 0.50568378 -0.03156594 -0.11489306]
779.897115945816,1000,False,1,0,[7.55731376 0.79128523 3.74795533],entering,[-0.82138112 -0.19970136 -0.21083176]
779.897115945816,1001,False,0,3,[ 1.35973696 -3.00514712  4.00000002],cruising,[-0.48080528  0.59740651 -0.20557775]
779.897115945816,1002,False,6,2,[-7.15198991 -1.64903802  3.86254019],landing,[ 0.5677905  -0.59831228 -0.99408226]
779.897115945816,1003,False,4,5,[-8.415996    7.33329348  4.        ],landing,[ 0.63925976  0.24903542 -0.34837281]
779.897115945816,1004,False,3,4,[5.62266198 4.80233285 4.        ],cruising,[-0.62185191  0.08809385  0.93462812]
779.897115945816,1005,False,5,6,[8.87332191 9.08766466 1.39923654],fake_landed,[ 0.50568378 -0.03156594 -0.11489306]
780.0038862228394,1000,False,1,0,[7.70165887 0.65284937 3.78576203],entering,[-0.82138112 -0.19970136 -0.21083176]
780.0038862228394,1001,False,0,3,[ 1.16324364 -2.96785939  4.00000002],cruising,[-0.48080528  0.59740651 -0.20557775]
780.0038862228394,1002,False,6,2,[-7.1830236  -1.65677712  3.79493393],landing,[ 0.5677905  -0.59831228 -0.99408226]
780.0038862228394,1003,False,4,5,[-8.46855045  7.40194175  3.98571301],landing,[ 0.63925976  0.24903542 -0.34837281]
780.0038862228394,1004,False,3,4,[5.82088309 4.77571723 4.        ],cruising,[-0.62185191  0.08809385  0.93462812]
780.0038862228394,1005,False,5,6,[8.88471274 9.0797819  1.34085751],fake_landed,[ 0.50568378 -0.03156594 -0.11489306]
780.098711013794,1000,False,1,0,[7.83257004 0.50164664 3.81789772],entering,[-0.82138112 -0.19970136 -0.21083176]
780.098711013794,1001,False,0,3,[ 0.96415871 -2.94874944  4.00000001],cruising,[-0.48080528  0.59740651 -0.20557775]
780.098711013794,1002,False,6,2,[-7.20501823 -1.65210304  3.71451329],landing,[ 0.5677905  -0.59831228 -0.99408226]
780.098711013794,1003,False,4,5,[-8.50982189  7.4620385   3.95729926],landing,[ 0.63925976  0.24903542 -0.34837281]
780.098711013794,1004,False,3,4,[6.01838824 4.7442257  4.        ],cruising,[-0.62185191  0.08809385  0.93462812]
780.098711013794,1005,False,5,6,[8.89230663 9.07452672 1.30193816],fake_landed,[ 0.50568378 -0.03156594 -0.11489306]
780.2334649562836,1000,False,1,0,[7.94833295 0.3385548  3.84521307],entering,[-0.82138112 -0.19970136 -0.21083176]
780.2334649562836,1001,False,0,3,[ 0.76425642 -2.94249836  4.00000001],cruising,[-0.48080528  0.59740651 -0.20557775]
780.2334649562836,1002,False,6,2,[-7.21778221 -1.63491237  3.62151767],landing,[ 0.5677905  -0.59831228 -0.99408226]
780.2334649562836,1003,False,4,5,[-8.53971268  7.51339567  3.91495352],landing,[ 0.63925976  0.24903542 -0.34837281]
780.2334649562836,1004,False,3,4,[6.21489564 4.70701223 4.        ],cruising,[-0.62185191  0.08809385  0.93462812]
780.2334649562836,1005,False,5,6,[8.89610357 9.07189913 1.28247848],fake_landed,[ 0.50568378 -0.03156594 -0.11489306]
780.3494117259979,1000,False,1,0,[8.0478326  0.1650618  3.86843111],cruising,[-0.82138112 -0.19970136 -0.21083176]
780.3494117259979,1001,False,0,3,[ 0.56446665 -2.95166599  4.00000001],cruising,[-0.48080528  0.59740651 -0.20557775]
780.3494117259979,1002,False,6,2,[-7.22733472 -1.61342184  3.52432247],landing,[ 0.5677905  -0.59831228 -0.99408226]
780.3494117259979,1003,False,4,5,[-8.55808862  7.55575009  3.85895644],landing,[ 0.63925976  0.24903542 -0.34837281]
780.3494117259979,1004,False,3,4,[6.41002361 4.66313657 4.        ],cruising,[-0.62185191  0.08809385  0.93462812]
780.3494117259979,1005,False,6,1,[8.89610357 9.07189913 1.28247848],waiting,[ 0.50568378 -0.03156594 -0.11489306]
780.4591763019562,1000,False,1,0,[ 8.12974239 -0.01734741  3.88831778],cruising,[-0.82138112 -0.19970136 -0.21083176]
780.4591763019562,1001,False,0,3,[ 0.36591712 -2.97570935  4.00000001],cruising,[-0.48080528  0.59740651 -0.20557775]
780.4591763019562,1002,False,6,2,[-7.23688724 -1.59193131  3.42712727],landing,[ 0.5677905  -0.59831228 -0.99408226]
780.4591763019562,1003,False,4,5,[-8.5648485   7.58889938  3.78953056],landing,[ 0.63925976  0.24903542 -0.34837281]
780.4591763019562,1004,False,3,4,[6.60325622 4.61155016 4.        ],cruising,[-0.62185191  0.08809385  0.93462812]
780.4591763019562,1005,False,6,1,[8.89610357 9.07189913 1.28247848],waiting,[ 0.50568378 -0.03156594 -0.11489306]
780.5672929286957,1000,False,1,0,[ 8.194942   -0.20642149  3.90507011],cruising,[-0.82138112 -0.19970136 -0.21083176]
780.5672929286957,1001,False,0,3,[ 0.16959308 -3.01387835  4.00000001],cruising,[-0.48080528  0.59740651 -0.20557775]
780.5672929286957,1002,False,6,2,[-7.24643975 -1.57044078  3.32993207],landing,[ 0.5677905  -0.59831228 -0.99408226]
780.5672929286957,1003,False,4,5,[-8.55989424  7.61264392  3.70690129],landing,[ 0.63925976  0.24903542 -0.34837281]
780.5672929286957,1004,False,3,4,[6.79389853 4.55108934 4.        ],cruising,[-0.62185191  0.08809385  0.93462812]
780.5672929286957,1005,False,6,1,[8.89610357 9.07189913 1.28247848],waiting,[ 0.50568378 -0.03156594 -0.11489306]
780.6600289344788,1000,False,1,0,[ 8.24560666 -0.39989783  3.9193096 ],cruising,[-0.82138112 -0.19970136 -0.21083176]
780.6600289344788,1001,False,0,3,[-0.02372179 -3.06515564  4.00000001],exiting,[-0.48080528  0.59740651 -0.20557775]
780.6600289344788,1002,False,6,2,[-7.25599227 -1.54895025  3.23273688],landing,[ 0.5677905  -0.59831228 -0.99408226]
780.6600289344788,1003,False,4,5,[-8.54312843  7.6267817   3.61130293],landing,[ 0.63925976  0.24903542 -0.34837281]
780.6600289344788,1004,False,3,4,[6.98102048 4.48048215 4.        ],cruising,[-0.62185191  0.08809385  0.93462812]
780.6600289344788,1005,False,6,1,[8.89610357 9.07189913 1.28247848],waiting,[ 0.50568378 -0.03156594 -0.11489306]
780.7668261528015,1000,False,1,0,[ 8.28329889 -0.59631396  3.93141316],cruising,[-0.82138112 -0.19970136 -0.21083176]
780.7668261528015,1001,False,0,3,[-0.19766996 -3.12142599  4.00000001],exiting,[-0.48080528  0.59740651 -0.20557775]
780.7668261528015,1002,False,6,2,[-7.26554478 -1.52745972  3.13554168],landing,[ 0.5677905  -0.59831228 -0.99408226]
780.7668261528015,1003,False,4,5,[-8.52463084  7.63949258  3.51385411],landing,[ 0.63925976  0.24903542 -0.34837281]
780.7668261528015,1004,False,3,4,[7.16339107 4.39837874 4.        ],cruising,[-0.62185191  0.08809385  0.93462812]
780.7668261528015,1005,False,6,1,[8.89610357 9.07189913 1.28247848],waiting,[ 0.50568378 -0.03156594 -0.11489306]
780.8660910129547,1000,False,1,0,[ 8.30965748 -0.79456941  3.94170118],cruising,[-0.82138112 -0.19970136 -0.21083176]
780.8660910129547,1001,False,0,3,[-0.35223465 -3.18262391  4.        ],exiting,[-0.48080528  0.59740651 -0.20557775]
780.8660910129547,1002,False,6,2,[-7.27509729 -1.5059692   3.03834648],landing,[ 0.5677905  -0.59831228 -0.99408226]
780.8660910129547,1003,False,4,5,[-8.50613324  7.65220346  3.41640529],landing,[ 0.63925976  0.24903542 -0.34837281]
780.8660910129547,1004,False,3,4,[7.33940973 4.3034186  4.        ],cruising,[-0.62185191  0.08809385  0.93462812]
780.8660910129547,1005,False,6,1,[8.89610357 9.07189913 1.28247848],waiting,[ 0.50568378 -0.03156594 -0.11489306]
780.9712188243866,1000,False,1,0,[ 8.32410159 -0.99404715  3.95044601],cruising,[-0.82138112 -0.19970136 -0.21083176]
780.9712188243866,1001,False,0,3,[-0.48739582 -3.24866987  4.        ],exiting,[-0.48080528  0.59740651 -0.20557775]
780.9712188243866,1002,False,6,2,[-7.28464981 -1.48447867  2.94115128],landing,[ 0.5677905  -0.59831228 -0.99408226]
780.9712188243866,1003,False,4,5,[-8.48763565  7.66491434  3.31895647],landing,[ 0.63925976  0.24903542 -0.34837281]
780.9712188243866,1004,False,3,4,[7.50705207 4.19434959 4.        ],cruising,[-0.62185191  0.08809385  0.93462812]
780.9712188243866,1005,False,6,1,[8.89610357 9.07189913 1.28247848],waiting,[ 0.50568378 -0.03156594 -0.11489306]
781.0614061355591,1000,False,1,0,[ 8.33039681 -1.19394805  3.9578791 ],cruising,[-0.82138112 -0.19970136 -0.21083176]
781.0614061355591,1001,False,0,3,[-0.60312919 -3.31946561  4.        ],exiting,[-0.48080528  0.59740651 -0.20557775]
781.0614061355591,1002,False,6,2,[-7.29420232 -1.46298814  2.84395608],landing,[ 0.5677905  -0.59831228 -0.99408226]
781.0614061355591,1003,False,4,5,[-8.46913805  7.67762522  3.22150765],landing,[ 0.63925976  0.24903542 -0.34837281]
781.0614061355591,1004,False,3,4,[7.66264837 4.06931521 4.        ],cruising,[-0.62185191  0.08809385  0.93462812]
781.0614061355591,1005,False,6,1,[8.89610357 9.07189913 1.28247848],waiting,[ 0.50568378 -0.03156594 -0.11489306]
781.1797382831573,1000,False,1,0,[ 8.32959805 -1.39394646  3.96419724],cruising,[-0.82138112 -0.19970136 -0.21083176]
781.1797382831573,1001,False,0,3,[-0.69940398 -3.39488343  4.        ],exiting,[-0.48080528  0.59740651 -0.20557775]
781.1797382831573,1002,False,6,2,[-7.30375484 -1.44149761  2.74676088],landing,[ 0.5677905  -0.59831228 -0.99408226]
781.1797382831573,1003,False,4,5,[-8.45064046  7.6903361   3.12405884],landing,[ 0.63925976  0.24903542 -0.34837281]
781.1797382831573,1004,False,3,4,[7.80480937 3.92946555 4.        ],cruising,[-0.62185191  0.08809385  0.93462812]
781.1797382831573,1005,False,6,1,[8.89610357 9.07189913 1.28247848],waiting,[ 0.50568378 -0.03156594 -0.11489306]
781.280490398407,1000,False,1,0,[ 8.32027746 -1.59372915  3.96956765],cruising,[-0.82138112 -0.19970136 -0.21083176]
781.280490398407,1001,False,0,3,[-0.77617601 -3.47473321  4.        ],exiting,[-0.48080528  0.59740651 -0.20557775]
781.280490398407,1002,False,6,2,[-7.31330735 -1.42000708  2.64956568],landing,[ 0.5677905  -0.59831228 -0.99408226]
781.280490398407,1003,False,4,5,[-8.43214286  7.70304699  3.02661002],landing,[ 0.63925976  0.24903542 -0.34837281]
781.280490398407,1004,False,3,4,[7.93207427 3.77627025 4.        ],cruising,[-0.62185191  0.08809385  0.93462812]
781.280490398407,1005,False,6,1,[8.89610357 9.07189913 1.28247848],waiting,[ 0.50568378 -0.03156594 -0.11489306]
781.3916323184967,1000,False,1,0,[ 8.30565829 -1.79319414  3.97413251],cruising,[-0.82138112 -0.19970136 -0.21083176]
781.3916323184967,1001,False,0,3,[-0.83341573 -3.5588829   4.        ],exiting,[-0.48080528  0.59740651 -0.20557775]
781.3916323184967,1002,False,6,2,[-7.32285987 -1.39851655  2.55237049],landing,[ 0.5677905  -0.59831228 -0.99408226]
781.3916323184967,1003,False,4,5,[-8.41364526  7.71575787  2.9291612 ],landing,[ 0.63925976  0.24903542 -0.34837281]
781.3916323184967,1004,False,3,4,[8.04309533 3.61140714 4.        ],cruising,[-0.62185191  0.08809385  0.93462812]
781.3916323184967,1005,False,6,1,[8.89610357 9.07189913 1.28247848],waiting,[ 0.50568378 -0.03156594 -0.11489306]
781.4816250801086,1000,False,1,0,[ 8.28615751 -1.99224117  3.97801263],cruising,[-0.82138112 -0.19970136 -0.21083176]
781.4816250801086,1001,False,0,3,[-0.87109329 -3.64719451  4.        ],exiting,[-0.48080528  0.59740651 -0.20557775]
781.4816250801086,1002,False,6,2,[-7.33241238 -1.37702602  2.45517529],landing,[ 0.5677905  -0.59831228 -0.99408226]
781.4816250801086,1003,False,4,5,[-8.39514767  7.72846875  2.83171238],landing,[ 0.63925976  0.24903542 -0.34837281]
781.4816250801086,1004,False,3,4,[8.13651647 3.4370444  4.        ],cruising,[-0.62185191  0.08809385  0.93462812]
781.4816250801086,1005,False,6,1,[8.89610357 9.07189913 1.28247848],waiting,[ 0.50568378 -0.03156594 -0.11489306]
781.5825126171112,1000,False,1,0,[ 8.25945338 -2.19045037  3.98131073],cruising,[-0.82138112 -0.19970136 -0.21083176]
781.5825126171112,1001,False,0,3,[-0.88917883 -3.7395252   4.        ],exiting,[-0.48080528  0.59740651 -0.20557775]
781.5825126171112,1002,False,6,2,[-7.3419649  -1.35553549  2.35798009],landing,[ 0.5677905  -0.59831228 -0.99408226]
781.5825126171112,1003,False,4,5,[-8.37665007  7.74117963  2.73426356],landing,[ 0.63925976  0.24903542 -0.34837281]
781.5825126171112,1004,False,3,4,[8.21170875 3.25445314 4.        ],cruising,[-0.62185191  0.08809385  0.93462812]
781.5825126171112,1005,False,6,1,[8.89610357 9.07189913 1.28247848],waiting,[ 0.50568378 -0.03156594 -0.11489306]
781.6825518608093,1000,False,1,0,[ 8.22862663 -2.38806037  3.98411412],cruising,[-0.82138112 -0.19970136 -0.21083176]
781.6825518608093,1001,False,0,3,[-0.88764285 -3.83572835  4.        ],exiting,[-0.48080528  0.59740651 -0.20557775]
781.6825518608093,1002,False,6,2,[-7.35151741 -1.33404496  2.26078489],landing,[ 0.5677905  -0.59831228 -0.99408226]
781.6825518608093,1003,False,4,5,[-8.35815248  7.75389051  2.63681474],landing,[ 0.63925976  0.24903542 -0.34837281]
781.6825518608093,1004,False,3,4,[8.26834801 3.06439292 4.        ],cruising,[-0.62185191  0.08809385  0.93462812]
781.6825518608093,1005,False,6,1,[8.89610357 9.07189913 1.28247848],waiting,[ 0.50568378 -0.03156594 -0.11489306]
781.781343460083,1000,False,1,0,[ 8.19367836 -2.58498325  3.98649701],cruising,[-0.82138112 -0.19970136 -0.21083176]
781.781343460083,1001,False,0,3,[-0.87230923 -3.93454576  4.        ],exiting,[-0.48080528  0.59740651 -0.20557775]
781.781343460083,1002,False,6,2,[-7.36106993 -1.31255443  2.16358969],landing,[ 0.5677905  -0.59831228 -0.99408226]
781.781343460083,1003,False,4,5,[-8.33965488  7.76660139  2.53936592],landing,[ 0.63925976  0.24903542 -0.34837281]
781.781343460083,1004,False,3,4,[8.30590259 2.86835148 4.        ],cruising,[-0.62185191  0.08809385  0.93462812]
781.781343460083,1005,False,6,1,[8.89610357 9.07189913 1.28247848],waiting,[ 0.50568378 -0.03156594 -0.11489306]
781.8824663162231,1000,False,1,0,[ 8.15127678 -2.78043683  3.98852246],cruising,[-0.82138112 -0.19970136 -0.21083176]
781.8824663162231,1001,False,0,3,[-0.85697561 -4.03336317  4.        ],exiting,[-0.48080528  0.59740651 -0.20557775]
781.8824663162231,1002,False,6,2,[-7.37062244 -1.2910639   2.06639449],landing,[ 0.5677905  -0.59831228 -0.99408226]
781.8824663162231,1003,False,4,5,[-8.32115729  7.77931228  2.4419171 ],landing,[ 0.63925976  0.24903542 -0.34837281]
781.8824663162231,1004,False,3,4,[8.33461145 2.67042271 4.        ],cruising,[-0.62185191  0.08809385  0.93462812]
781.8824663162231,1005,False,6,1,[8.89610357 9.07189913 1.28247848],waiting,[ 0.50568378 -0.03156594 -0.11489306]
781.9857172966003,1000,False,1,0,[ 8.10483843 -2.97497084  3.99024409],cruising,[-0.82138112 -0.19970136 -0.21083176]
781.9857172966003,1001,False,0,3,[-0.84164198 -4.13218057  4.        ],exiting,[-0.48080528  0.59740651 -0.20557775]
781.9857172966003,1002,False,6,2,[-7.38017496 -1.26957338  1.96919929],landing,[ 0.5677905  -0.59831228 -0.99408226]
781.9857172966003,1003,False,4,5,[-8.30265969  7.79202316  2.34446828],landing,[ 0.63925976  0.24903542 -0.34837281]
781.9857172966003,1004,False,3,4,[8.36288158 2.47243079 4.        ],cruising,[-0.62185191  0.08809385  0.93462812]
781.9857172966003,1005,False,6,1,[8.89610357 9.07189913 1.28247848],waiting,[ 0.50568378 -0.03156594 -0.11489306]
782.0824055671692,1000,False,1,0,[ 8.05015592 -3.16735021  3.99170747],cruising,[-0.82138112 -0.19970136 -0.21083176]
782.0824055671692,1001,False,0,3,[-0.82630836 -4.23099798  4.        ],exiting,[-0.48080528  0.59740651 -0.20557775]
782.0824055671692,1002,False,6,2,[-7.38972747 -1.24808285  1.8720041 ],landing,[ 0.5677905  -0.59831228 -0.99408226]
782.0824055671692,1003,False,4,5,[-8.28416209  7.80473404  2.24701946],landing,[ 0.63925976  0.24903542 -0.34837281]
782.0824055671692,1004,False,3,4,[8.38640402 2.27381887 4.        ],cruising,[-0.62185191  0.08809385  0.93462812]
782.0824055671692,1005,False,6,1,[8.89610357 9.07189913 1.28247848],waiting,[ 0.50568378 -0.03156594 -0.11489306]
782.1804072856903,1000,False,1,0,[ 7.98679688 -3.35704901  3.99295135],cruising,[-0.82138112 -0.19970136 -0.21083176]
782.1804072856903,1001,False,0,3,[-0.81097474 -4.32981539  4.        ],exiting,[-0.48080528  0.59740651 -0.20557775]
782.1804072856903,1002,False,6,2,[-7.39927998 -1.22659232  1.7748089 ],landing,[ 0.5677905  -0.59831228 -0.99408226]
782.1804072856903,1003,False,4,5,[-8.2656645   7.81744492  2.14957064],landing,[ 0.63925976  0.24903542 -0.34837281]
782.1804072856903,1004,False,3,4,[8.40903042 2.07510287 4.        ],cruising,[-0.62185191  0.08809385  0.93462812]
782.1804072856903,1005,False,6,1,[8.89610357 9.07189913 1.28247848],queued,[ 0.50568378 -0.03156594 -0.11489306]
782.2806091308594,1000,False,1,0,[ 7.91864576 -3.54507939  3.99400865],cruising,[-0.82138112 -0.19970136 -0.21083176]
782.2806091308594,1001,False,0,3,[-0.79564111 -4.42863279  4.        ],exiting,[-0.48080528  0.59740651 -0.20557775]
782.2806091308594,1002,False,6,2,[-7.4088325  -1.20510179  1.6776137 ],landing,[ 0.5677905  -0.59831228 -0.99408226]
782.2806091308594,1003,False,4,5,[-8.2471669   7.8301558   2.05212182],landing,[ 0.63925976  0.24903542 -0.34837281]
782.2806091308594,1004,False,3,4,[8.42724542 1.87593407 4.        ],cruising,[-0.62185191  0.08809385  0.93462812]
782.2806091308594,1005,False,6,1,[8.89610357 9.07189913 1.30247848],queued,[ 0.50568378 -0.03156594 -0.11489306]
782.3806195259094,1000,False,1,0,[ 7.83940177 -3.72871052  3.99490735],cruising,[-0.82138112 -0.19970136 -0.21083176]
782.3806195259094,1001,False,0,3,[-0.78030749 -4.5274502   4.        ],exiting,[-0.48080528  0.59740651 -0.20557775]
782.3806195259094,1002,False,6,2,[-7.41838501 -1.18361126  1.5804185 ],landing,[ 0.5677905  -0.59831228 -0.99408226]
782.3806195259094,1003,False,4,5,[-8.22866931  7.84286669  1.954673  ],landing,[ 0.63925976  0.24903542 -0.34837281]
782.3806195259094,1004,False,3,4,[8.44433768 1.67666577 4.        ],cruising,[-0.62185191  0.08809385  0.93462812]
782.3806195259094,1005,False,6,1,[8.89610357 9.07189913 1.34247848],queued,[ 0.50568378 -0.03156594 -0.11489306]
782.48117852211,1000,False,1,0,[ 7.7475997  -3.9063967   3.99567125],cruising,[-0.82138112 -0.19970136 -0.21083176]
782.48117852211,1001,False,0,3,[-0.76497387 -4.62626761  4.        ],exiting,[-0.48080528  0.59740651 -0.20557775]
782.48117852211,1002,False,6,2,[-7.42793753 -1.16212073  1.4832233 ],fake_landed,[ 0.5677905  -0.59831228 -0.99408226]
782.48117852211,1003,False,4,5,[-8.21017171  7.85557757  1.85722418],landing,[ 0.63925976  0.24903542 -0.34837281]
782.48117852211,1004,False,3,4,[8.45737692 1.47709128 4.        ],cruising,[-0.62185191  0.08809385  0.93462812]
782.48117852211,1005,False,6,1,[8.89610357 9.07189913 1.40247848],queued,[ 0.50568378 -0.03156594 -0.11489306]
782.583188533783,1000,False,1,0,[ 7.64119447 -4.07574228  3.99632056],cruising,[-0.82138112 -0.19970136 -0.21083176]
782.583188533783,1001,False,0,3,[-0.74964024 -4.72508502  4.        ],exiting,[-0.48080528  0.59740651 -0.20557775]
782.583188533783,1002,False,6,2,[-7.43557954 -1.14492831  1.40546714],fake_landed,[ 0.5677905  -0.59831228 -0.99408226]
782.583188533783,1003,False,4,5,[-8.19167412  7.86828845  1.75977536],landing,[ 0.63925976  0.24903542 -0.34837281]
782.583188533783,1004,False,3,4,[8.46917321 1.27743946 4.        ],cruising,[-0.62185191  0.08809385  0.93462812]
782.583188533783,1005,False,6,1,[8.89610357 9.07189913 1.47747848],queued,[ 0.50568378 -0.03156594 -0.11489306]
782.681848526001,1000,False,1,0,[ 7.51843753 -4.2335721   3.99687722],cruising,[-0.82138112 -0.19970136 -0.21083176]
782.681848526001,1001,False,0,3,[-0.73430662 -4.82390242  4.        ],exiting,[-0.48080528  0.59740651 -0.20557775]
782.681848526001,1002,False,6,2,[-7.44131105 -1.13203399  1.34715002],fake_landed,[ 0.5677905  -0.59831228 -0.99408226]
782.681848526001,1003,False,4,5,[-8.17317652  7.88099933  1.66232654],landing,[ 0.63925976  0.24903542 -0.34837281]
782.681848526001,1004,False,3,4,[8.47944187 1.07770325 4.        ],cruising,[-0.62185191  0.08809385  0.93462812]
782.681848526001,1005,False,6,1,[8.89610357 9.07189913 1.55247848],entering,[ 0.50568378 -0.03156594 -0.11489306]
782.78058385849,1000,False,1,0,[ 7.38130206 -4.37750026  3.99739321],cruising,[-0.82138112 -0.19970136 -0.21083176]
782.78058385849,1001,False,0,3,[-0.718973   -4.92271983  4.        ],exiting,[-0.48080528  0.59740651 -0.20557775]
782.78058385849,1002,False,6,2,[-7.44513205 -1.12343778  1.30827194],fake_landed,[ 0.5677905  -0.59831228 -0.99408226]
782.78058385849,1003,False,4,5,[-8.15467892  7.89371021  1.56487772],landing,[ 0.63925976  0.24903542 -0.34837281]
782.78058385849,1004,False,3,4,[8.4857161  0.87780169 4.        ],cruising,[-0.62185191  0.08809385  0.93462812]
782.78058385849,1005,False,6,1,[8.89187594 9.05235106 1.62747848],entering,[ 0.50568378 -0.03156594 -0.11489306]
782.881196975708,1000,False,1,0,[ 7.23156501 -4.50589784  3.99786908],cruising,[-0.82138112 -0.19970136 -0.21083176]
782.881196975708,1001,False,0,3,[-0.70363937 -5.02153724  4.        ],exiting,[-0.48080528  0.59740651 -0.20557775]
782.881196975708,1002,False,6,2,[-7.44704256 -1.11913967  1.2888329 ],fake_landed,[ 0.5677905  -0.59831228 -0.99408226]
782.881196975708,1003,False,4,5,[-8.13618133  7.90642109  1.4674289 ],fake_landed,[ 0.63925976  0.24903542 -0.34837281]
782.881196975708,1004,False,3,4,[8.49052653 0.67785955 4.        ],cruising,[-0.62185191  0.08809385  0.93462812]
782.881196975708,1005,False,6,1,[8.88342069 9.01325492 1.70247848],entering,[ 0.50568378 -0.03156594 -0.11489306]
782.9805109500885,1000,False,1,0,[ 7.07124472 -4.61732506  3.99830617],cruising,[-0.82138112 -0.19970136 -0.21083176]
782.9805109500885,1001,False,0,3,[-0.68830575 -5.12035465  4.        ],exiting,[-0.48080528  0.59740651 -0.20557775]
782.9805109500885,1002,False,6,2,[-7.44704256 -1.11913967  1.2888329 ],fake_landed,[ 0.5677905  -0.59831228 -0.99408226]
782.9805109500885,1003,False,4,5,[-8.12138325  7.9165898   1.38946985],fake_landed,[ 0.63925976  0.24903542 -0.34837281]
782.9805109500885,1004,False,3,4,[8.49367462 0.47788432 4.        ],cruising,[-0.62185191  0.08809385  0.93462812]
782.9805109500885,1005,False,6,1,[8.8707378  8.9546107  1.77747848],entering,[ 0.50568378 -0.03156594 -0.11489306]
783.08358502388,1000,False,1,0,[ 6.90249754 -4.7106143   3.99870545],cruising,[-0.82138112 -0.19970136 -0.21083176]
783.08358502388,1001,False,0,3,[-0.67297213 -5.21917205  4.        ],exiting,[-0.48080528  0.59740651 -0.20557775]
783.08358502388,1002,False,2,6,[-7.44704256 -1.11913967  1.2888329 ],waiting,[ 0.5677905  -0.59831228 -0.99408226]
783.08358502388,1003,False,4,5,[-8.11028469  7.92421633  1.33100055],fake_landed,[ 0.63925976  0.24903542 -0.34837281]
783.08358502388,1004,False,3,4,[8.49295698 0.27788561 4.        ],cruising,[-0.62185191  0.08809385  0.93462812]
783.08358502388,1005,False,6,1,[8.85382729 8.8764184  1.85247848],entering,[ 0.50568378 -0.03156594 -0.11489306]
783.1898729801178,1000,False,1,0,[ 6.72754636 -4.78489015  3.9990673 ],cruising,[-0.82138112 -0.19970136 -0.21083176]
783.1898729801178,1001,False,0,3,[-0.6576385  -5.31798946  4.        ],exiting,[-0.48080528  0.59740651 -0.20557775]
783.1898729801178,1002,False,2,6,[-7.44704256 -1.11913967  1.2888329 ],waiting,[ 0.5677905  -0.59831228 -0.99408226]
783.1898729801178,1003,False,4,5,[-8.10288566  7.92930068  1.29202103],fake_landed,[ 0.63925976  0.24903542 -0.34837281]
783.1898729801178,1004,False,3,4,[8.4906723  0.07789866 4.        ],cruising,[-0.62185191  0.08809385  0.93462812]
783.1898729801178,1005,False,6,1,[8.83269188 8.77867745 1.92747848],entering,[ 0.50568378 -0.03156594 -0.11489306]
783.2827110290527,1000,False,1,0,[ 6.54863965 -4.83956109  3.9993915 ],cruising,[-0.82138112 -0.19970136 -0.21083176]
783.2827110290527,1001,False,0,3,[-0.64230488 -5.41680687  4.        ],exiting,[-0.48080528  0.59740651 -0.20557775]
783.2827110290527,1002,False,2,6,[-7.44704256 -1.11913967  1.2888329 ],waiting,[ 0.5677905  -0.59831228 -0.99408226]
783.2827110290527,1003,False,4,5,[-8.09918614  7.93184286  1.27253126],fake_landed,[ 0.63925976  0.24903542 -0.34837281]
783.2827110290527,1004,False,3,4,[ 8.48665026 -0.12206089  4.        ],cruising,[-0.62185191  0.08809385  0.93462812]
783.2827110290527,1005,False,6,1,[8.80748897 8.66135447 2.00247848],entering,[ 0.50568378 -0.03156594 -0.11489306]
783.3940570354462,1000,False,1,0,[ 6.36804377 -4.87430353  3.99967727],cruising,[-0.82138112 -0.19970136 -0.21083176]
783.3940570354462,1001,False,0,3,[-0.62697126 -5.51562428  4.        ],exiting,[-0.48080528  0.59740651 -0.20557775]
783.3940570354462,1002,False,2,6,[-7.44704256 -1.11913967  1.2888329 ],queued,[ 0.5677905  -0.59831228 -0.99408226]
783.3940570354462,1003,False,5,2,[-8.09918614  7.93184286  1.27253126],waiting,[ 0.63925976  0.24903542 -0.34837281]
783.3940570354462,1004,False,3,4,[ 8.48075368 -0.32197395  4.        ],cruising,[-0.62185191  0.08809385  0.93462812]
783.3940570354462,1005,False,6,1,[8.77846397 8.52440011 2.07747848],entering,[ 0.50568378 -0.03156594 -0.11489306]
783.4816129207611,1000,False,1,0,[ 6.18737554 -4.88904614  3.99992339],cruising,[-0.82138112 -0.19970136 -0.21083176]
783.4816129207611,1001,False,0,3,[-0.61163763 -5.61444168  4.        ],exiting,[-0.48080528  0.59740651 -0.20557775]
783.4816129207611,1002,False,2,6,[-7.44704256 -1.11913967  1.3088329 ],queued,[ 0.5677905  -0.59831228 -0.99408226]
783.4816129207611,1003,False,5,2,[-8.09918614  7.93184286  1.27253126],waiting,[ 0.63925976  0.24903542 -0.34837281]
783.4816129207611,1004,False,3,4,[ 8.47082984 -0.52172759  4.        ],cruising,[-0.62185191  0.08809385  0.93462812]
783.4816129207611,1005,False,6,1,[8.74602046 8.36774006 2.15247848],entering,[ 0.50568378 -0.03156594 -0.11489306]
783.5826485157013,1000,False,1,0,[ 6.00754472 -4.88380634  4.00012674],cruising,[-0.82138112 -0.19970136 -0.21083176]
783.5826485157013,1001,False,0,3,[-0.59630401 -5.71325909  4.        ],exiting,[-0.48080528  0.59740651 -0.20557775]
783.5826485157013,1002,False,2,6,[-7.44704256 -1.11913967  1.3488329 ],queued,[ 0.5677905  -0.59831228 -0.99408226]
783.5826485157013,1003,False,5,2,[-8.09918614  7.93184286  1.27253126],waiting,[ 0.63925976  0.24903542 -0.34837281]
783.5826485157013,1004,False,3,4,[ 8.45914658 -0.72138605  4.        ],cruising,[-0.62185191  0.08809385  0.93462812]
783.5826485157013,1005,False,6,1,[8.7105091  8.19131671 2.22747848],entering,[ 0.50568378 -0.03156594 -0.11489306]
783.6843490600586,1000,False,1,0,[ 5.82973845 -4.85866932  4.0002862 ],cruising,[-0.82138112 -0.19970136 -0.21083176]
783.6843490600586,1001,False,0,3,[-0.58097039 -5.8120765   4.        ],exiting,[-0.48080528  0.59740651 -0.20557775]
783.6843490600586,1002,False,2,6,[-7.44704256 -1.11913967  1.4088329 ],queued,[ 0.5677905  -0.59831228 -0.99408226]
783.6843490600586,1003,False,5,2,[-8.09918614  7.93184286  1.27253126],waiting,[ 0.63925976  0.24903542 -0.34837281]
783.6843490600586,1004,False,3,4,[ 8.44553853 -0.92092257  4.        ],cruising,[-0.62185191  0.08809385  0.93462812]
783.6843490600586,1005,False,6,1,[8.67196763 7.99512422 2.30247848],entering,[ 0.50568378 -0.03156594 -0.11489306]
783.7821459770203,1000,False,1,0,[ 5.65447324 -4.81369443  4.00039845],cruising,[-0.82138112 -0.19970136 -0.21083176]
783.7821459770203,1001,False,0,3,[-0.56563676 -5.9108939   4.        ],exiting,[-0.48080528  0.59740651 -0.20557775]
783.7821459770203,1002,False,2,6,[-7.44704256 -1.11913967  1.4838329 ],queued,[ 0.5677905  -0.59831228 -0.99408226]
783.7821459770203,1003,False,5,2,[-8.09918614  7.93184286  1.27253126],waiting,[ 0.63925976  0.24903542 -0.34837281]
783.7821459770203,1004,False,3,4,[ 8.42986031 -1.12030711  4.        ],cruising,[-0.62185191  0.08809385  0.93462812]
783.7821459770203,1005,False,6,1,[8.63341753 7.79887466 2.37747848],entering,[ 0.50568378 -0.03156594 -0.11489306]
783.8882851600647,1000,False,1,0,[ 5.48246334 -4.74898631  4.00046211],cruising,[-0.82138112 -0.19970136 -0.21083176]
783.8882851600647,1001,False,0,3,[-0.55030314 -6.00971131  4.        ],exiting,[-0.48080528  0.59740651 -0.20557775]
783.8882851600647,1002,False,2,6,[-7.44704256 -1.11913967  1.5588329 ],queued,[ 0.5677905  -0.59831228 -0.99408226]
783.8882851600647,1003,False,5,2,[-8.09918614  7.93184286  1.27253126],waiting,[ 0.63925976  0.24903542 -0.34837281]
783.8882851600647,1004,False,3,4,[ 8.40977018 -1.31929551  4.        ],cruising,[-0.62185191  0.08809385  0.93462812]
783.8882851600647,1005,False,6,1,[8.59542947 7.60251553 2.45247848],entering,[ 0.50568378 -0.03156594 -0.11489306]
783.9841814041138,1000,False,1,0,[ 5.31347035 -4.66450712  4.00047212],cruising,[-0.82138112 -0.19970136 -0.21083176]
783.9841814041138,1001,False,0,3,[-0.53496952 -6.10852872  4.        ],exiting,[-0.48080528  0.59740651 -0.20557775]
783.9841814041138,1002,False,2,6,[-7.44704256 -1.11913967  1.6338329 ],queued,[ 0.5677905  -0.59831228 -0.99408226]
783.9841814041138,1003,False,5,2,[-8.09918614  7.93184286  1.27253126],waiting,[ 0.63925976  0.24903542 -0.34837281]
783.9841814041138,1004,False,3,4,[ 8.38765984 -1.51806959  4.        ],cruising,[-0.62185191  0.08809385  0.93462812]
783.9841814041138,1005,False,6,1,[8.56003094 7.4056731  2.52747848],entering,[ 0.50568378 -0.03156594 -0.11489306]
784.0847406387329,1000,False,1,0,[ 5.1469106  -4.56017658  4.00042412],cruising,[-0.82138112 -0.19970136 -0.21083176]
784.0847406387329,1001,False,0,3,[-0.51963589 -6.20734613  4.        ],exiting,[-0.48080528  0.59740651 -0.20557775]
784.0847406387329,1002,False,2,6,[-7.44704256 -1.11913967  1.7088329 ],queued,[ 0.5677905  -0.59831228 -0.99408226]
784.0847406387329,1003,False,5,2,[-8.09918614  7.93184286  1.27253126],waiting,[ 0.63925976  0.24903542 -0.34837281]
784.0847406387329,1004,False,3,4,[ 8.36332286 -1.71658334  4.        ],cruising,[-0.62185191  0.08809385  0.93462812]
784.0847406387329,1005,False,6,1,[8.52585265 7.20861513 2.60247848],entering,[ 0.50568378 -0.03156594 -0.11489306]
784.1929922103882,1000,False,1,0,[ 4.97670705 -4.45514919  4.0003605 ],cruising,[-0.82138112 -0.19970136 -0.21083176]
784.1929922103882,1001,False,0,3,[-0.50430227 -6.30616353  4.        ],exiting,[-0.48080528  0.59740651 -0.20557775]
784.1929922103882,1002,False,2,6,[-7.44704256 -1.11913967  1.7838329 ],queued,[ 0.5677905  -0.59831228 -0.99408226]
784.1929922103882,1003,False,5,2,[-8.09918614  7.93184286  1.27253126],waiting,[ 0.63925976  0.24903542 -0.34837281]
784.1929922103882,1004,False,3,4,[ 8.33412391 -1.91444042  4.        ],cruising,[-0.62185191  0.08809385  0.93462812]
784.1929922103882,1005,False,6,1,[8.49167437 7.01155715 2.67747848],entering,[ 0.50568378 -0.03156594 -0.11489306]
784.2850658893585,1000,False,1,0,[ 4.80332198 -4.35546159  4.00030643],cruising,[-0.82138112 -0.19970136 -0.21083176]
784.2850658893585,1001,False,0,3,[-0.48896865 -6.40498094  4.        ],exiting,[-0.48080528  0.59740651 -0.20557775]
784.2850658893585,1002,False,2,6,[-7.44704256 -1.11913967  1.8588329 ],queued,[ 0.5677905  -0.59831228 -0.99408226]
784.2850658893585,1003,False,5,2,[-8.09918614  7.93184286  1.27253126],waiting,[ 0.63925976  0.24903542 -0.34837281]
784.2850658893585,1004,False,3,4,[ 8.30260447 -2.11194111  4.        ],cruising,[-0.62185191  0.08809385  0.93462812]
784.2850658893585,1005,False,6,1,[8.45894819 6.81425283 2.75247848],entering,[ 0.50568378 -0.03156594 -0.11489306]
784.3835229873657,1000,False,1,0,[ 4.62647953 -4.26204454  4.00026046],cruising,[-0.82138112 -0.19970136 -0.21083176]
784.3835229873657,1001,False,0,3,[-0.47363502 -6.50379835  4.        ],exiting,[-0.48080528  0.59740651 -0.20557775]
784.3835229873657,1002,False,2,6,[-7.44704256 -1.11913967  1.9338329 ],queued,[ 0.5677905  -0.59831228 -0.99408226]
784.3835229873657,1003,False,5,2,[-8.09918614  7.93184286  1.27253126],waiting,[ 0.63925976  0.24903542 -0.34837281]
784.3835229873657,1004,False,3,4,[ 8.26848432 -2.30900916  4.        ],cruising,[-0.62185191  0.08809385  0.93462812]
784.3835229873657,1005,False,6,1,[8.42980886 6.61638697 2.82747848],entering,[ 0.50568378 -0.03156594 -0.11489306]
784.492107629776,1000,False,1,0,[ 4.44783293 -4.17212571  4.00022139],cruising,[-0.82138112 -0.19970136 -0.21083176]
784.492107629776,1001,False,0,3,[-0.4583014  -6.60261576  4.        ],exiting,[-0.48080528  0.59740651 -0.20557775]
784.492107629776,1002,False,2,6,[-7.44704256 -1.11913967  2.0088329 ],queued,[ 0.5677905  -0.59831228 -0.99408226]
784.492107629776,1003,False,5,2,[-8.09918614  7.93184286  1.27253126],waiting,[ 0.63925976  0.24903542 -0.34837281]
784.492107629776,1004,False,3,4,[ 8.22856999 -2.50498581  4.        ],cruising,[-0.62185191  0.08809385  0.93462812]
784.492107629776,1005,False,6,1,[8.40066953 6.4185211  2.90247848],entering,[ 0.50568378 -0.03156594 -0.11489306]
784.5871605873108,1000,False,1,0,[ 4.26714513 -4.08638239  4.00018819],cruising,[-0.82138112 -0.19970136 -0.21083176]
784.5871605873108,1001,False,0,3,[-0.44296778 -6.70143316  4.        ],exiting,[-0.48080528  0.59740651 -0.20557775]
784.5871605873108,1002,False,2,6,[-7.44704256 -1.11913967  2.0838329 ],queued,[ 0.5677905  -0.59831228 -0.99408226]
784.5871605873108,1003,False,5,2,[-8.09918614  7.93184286  1.27253126],waiting,[ 0.63925976  0.24903542 -0.34837281]
784.5871605873108,1004,False,3,4,[ 8.18578905 -2.70035671  4.        ],cruising,[-0.62185191  0.08809385  0.93462812]
784.5871605873108,1005,False,6,1,[8.37400506 6.22030656 2.97747848],entering,[ 0.50568378 -0.03156594 -0.11489306]
784.6888802051544,1000,False,1,0,[ 4.08545692 -4.0027798   4.00015996],cruising,[-0.82138112 -0.19970136 -0.21083176]
784.6888802051544,1001,False,0,3,[-0.42763415 -6.80025057  4.        ],exiting,[-0.48080528  0.59740651 -0.20557775]
784.6888802051544,1002,False,2,6,[-7.44704256 -1.11913967  2.1588329 ],entering,[ 0.5677905  -0.59831228 -0.99408226]
784.6888802051544,1003,False,5,2,[-8.09918614  7.93184286  1.27253126],waiting,[ 0.63925976  0.24903542 -0.34837281]
784.6888802051544,1004,False,3,4,[ 8.136384   -2.89415852  4.        ],cruising,[-0.62185191  0.08809385  0.93462812]
784.6888802051544,1005,False,6,1,[8.3505186  6.02169038 3.05247848],entering,[ 0.50568378 -0.03156594 -0.11489306]
784.7907290458679,1000,False,1,0,[ 3.90254765 -3.92188357  4.00013596],cruising,[-0.82138112 -0.19970136 -0.21083176]
784.7907290458679,1001,False,0,3,[-0.41230053 -6.89906798  4.        ],exiting,[-0.48080528  0.59740651 -0.20557775]
784.7907290458679,1002,False,2,6,[-7.43396563 -1.10400713  2.2338329 ],entering,[ 0.5677905  -0.59831228 -0.99408226]
784.7907290458679,1003,False,5,2,[-8.09918614  7.93184286  1.27253126],waiting,[ 0.63925976  0.24903542 -0.34837281]
784.7907290458679,1004,False,3,4,[ 8.08358417 -3.08706311  4.        ],cruising,[-0.62185191  0.08809385  0.93462812]
784.7907290458679,1005,False,6,1,[8.32819959 5.82293963 3.12747848],entering,[ 0.50568378 -0.03156594 -0.11489306]
784.8856287002563,1000,False,1,0,[ 3.71902816 -3.84238139  4.00011557],cruising,[-0.82138112 -0.19970136 -0.21083176]
784.8856287002563,1001,False,0,3,[-0.39696691 -6.99788539  4.        ],exiting,[-0.48080528  0.59740651 -0.20557775]
784.8856287002563,1002,False,2,6,[-7.40782672 -1.07372913  2.3088329 ],entering,[ 0.5677905  -0.59831228 -0.99408226]
784.8856287002563,1003,False,5,2,[-8.09918614  7.93184286  1.27253126],waiting,[ 0.63925976  0.24903542 -0.34837281]
784.8856287002563,1004,False,3,4,[ 8.02276138 -3.27759024  4.        ],cruising,[-0.62185191  0.08809385  0.93462812]
784.8856287002563,1005,False,6,1,[8.31081558 5.62369657 3.20247848],entering,[ 0.50568378 -0.03156594 -0.11489306]
784.9942038059235,1000,False,1,0,[ 3.53473187 -3.76469692  4.00009823],cruising,[-0.82138112 -0.19970136 -0.21083176]
784.9942038059235,1001,False,0,3,[-0.38163328 -7.09670279  4.        ],exiting,[-0.48080528  0.59740651 -0.20557775]
784.9942038059235,1002,False,2,6,[-7.3686589  -1.02827723  2.3838329 ],entering,[ 0.5677905  -0.59831228 -0.99408226]
784.9942038059235,1003,False,5,2,[-8.09918614  7.93184286  1.27253126],waiting,[ 0.63925976  0.24903542 -0.34837281]
784.9942038059235,1004,False,3,4,[ 7.9577016  -3.46671249  4.        ],exiting,[-0.62185191  0.08809385  0.93462812]
784.9942038059235,1005,False,6,1,[8.29607106 5.42424081 3.27747848],entering,[ 0.50568378 -0.03156594 -0.11489306]
785.0863437652588,1000,False,1,0,[ 3.34995795 -3.68815544  4.0000835 ],cruising,[-0.82138112 -0.19970136 -0.21083176]
785.0863437652588,1001,False,0,3,[-0.36629966 -7.1955202   4.        ],exiting,[-0.48080528  0.59740651 -0.20557775]
785.0863437652588,1002,False,2,6,[-7.31652536 -0.96759739  2.4588329 ],entering,[ 0.5677905  -0.59831228 -0.99408226]
785.0863437652588,1003,False,5,2,[-8.09918614  7.93184286  1.27253126],waiting,[ 0.63925976  0.24903542 -0.34837281]
785.0863437652588,1004,False,3,4,[ 7.90624624 -3.6411746   4.        ],exiting,[-0.62185191  0.08809385  0.93462812]
785.0863437652588,1005,False,6,1,[8.28497048 5.22454911 3.35247848],entering,[ 0.50568378 -0.03156594 -0.11489306]
785.191707611084,1000,False,1,0,[ 3.16464303 -3.61293323  4.00007097],cruising,[-0.82138112 -0.19970136 -0.21083176]
785.191707611084,1001,False,0,3,[-0.35096604 -7.29433761  4.        ],exiting,[-0.48080528  0.59740651 -0.20557775]
785.191707611084,1002,False,2,6,[-7.25154994 -0.89158503  2.5338329 ],entering,[ 0.5677905  -0.59831228 -0.99408226]
785.191707611084,1003,False,5,2,[-8.09918614  7.93184286  1.27253126],queued,[ 0.63925976  0.24903542 -0.34837281]
785.191707611084,1004,False,3,4,[ 7.86854342 -3.80111542  4.        ],exiting,[-0.62185191  0.08809385  0.93462812]
785.191707611084,1005,False,6,1,[8.28000517 5.02461075 3.42747848],entering,[ 0.50568378 -0.03156594 -0.11489306]
785.2964110374451,1000,False,1,0,[ 2.97879861 -3.53902888  4.00006033],cruising,[-0.82138112 -0.19970136 -0.21083176]
785.2964110374451,1001,False,0,3,[-0.33563241 -7.39315501  4.        ],exiting,[-0.48080528  0.59740651 -0.20557775]
785.2964110374451,1002,False,2,6,[-7.17405092 -0.79997909  2.6088329 ],entering,[ 0.5677905  -0.59831228 -0.99408226]
785.2964110374451,1003,False,5,2,[-8.09918614  7.93184286  1.29253126],queued,[ 0.63925976  0.24903542 -0.34837281]
785.2964110374451,1004,False,3,4,[ 7.8447756  -3.94670997  4.        ],exiting,[-0.62185191  0.08809385  0.93462812]
785.2964110374451,1005,False,6,1,[8.28046197 4.82461127 3.50247848],entering,[ 0.50568378 -0.03156594 -0.11489306]
785.3889775276184,1000,False,1,0,[ 2.79234172 -3.46668369  4.00005128],cruising,[-0.82138112 -0.19970136 -0.21083176]
785.3889775276184,1001,False,0,3,[-0.32029879 -7.49197242  4.        ],exiting,[-0.48080528  0.59740651 -0.20557775]
785.3889775276184,1002,False,2,6,[-7.08435325 -0.69252409  2.6838329 ],entering,[ 0.5677905  -0.59831228 -0.99408226]
785.3889775276184,1003,False,5,2,[-8.09918614  7.93184286  1.33253126],queued,[ 0.63925976  0.24903542 -0.34837281]
785.3889775276184,1004,False,3,4,[ 7.83517575 -4.07818826  4.        ],exiting,[-0.62185191  0.08809385  0.93462812]
785.3889775276184,1005,False,6,1,[8.28503824 4.62466364 3.57710671],entering,[ 0.50568378 -0.03156594 -0.11489306]
785.4957818984985,1000,False,1,0,[ 2.60539076 -3.39562499  4.00004359],cruising,[-0.82138112 -0.19970136 -0.21083176]
785.4957818984985,1001,False,0,3,[-0.30496517 -7.59078983  4.        ],exiting,[-0.48080528  0.59740651 -0.20557775]
785.4957818984985,1002,False,2,6,[-6.98300727 -0.56881127  2.7588329 ],entering,[ 0.5677905  -0.59831228 -0.99408226]
785.4957818984985,1003,False,5,2,[-8.09918614  7.93184286  1.39253126],queued,[ 0.63925976  0.24903542 -0.34837281]
785.4957818984985,1004,False,3,4,[ 7.83992364 -4.19573305  4.        ],exiting,[-0.62185191  0.08809385  0.93462812]
785.4957818984985,1005,False,6,1,[8.29441417 4.42488353 3.64054071],entering,[ 0.50568378 -0.03156594 -0.11489306]
785.5834500789642,1000,False,1,0,[ 2.41764166 -3.32670274  4.00003705],cruising,[-0.82138112 -0.19970136 -0.21083176]
785.5834500789642,1001,False,0,3,[-0.28963154 -7.68960724  4.        ],exiting,[-0.48080528  0.59740651 -0.20557775]
785.5834500789642,1002,False,2,6,[-6.87119105 -0.42805808  2.8338329 ],entering,[ 0.5677905  -0.59831228 -0.99408226]
785.5834500789642,1003,False,5,2,[-8.09918614  7.93184286  1.46753126],queued,[ 0.63925976  0.24903542 -0.34837281]
785.5834500789642,1004,False,3,4,[ 7.85919787 -4.29953065  4.        ],exiting,[-0.62185191  0.08809385  0.93462812]
785.5834500789642,1005,False,6,1,[8.30668718 4.22526045 3.6944596 ],entering,[ 0.50568378 -0.03156594 -0.11489306]
785.6946823596954,1000,False,1,0,[ 2.22895136 -3.26040062  4.00003149],cruising,[-0.82138112 -0.19970136 -0.21083176]
785.6946823596954,1001,False,0,3,[-0.27429792 -7.78842464  4.        ],landing,[-0.48080528  0.59740651 -0.20557775]
785.6946823596954,1002,False,2,6,[-6.75156253 -0.26889381  2.9088329 ],entering,[ 0.5677905  -0.59831228 -0.99408226]
785.6946823596954,1003,False,5,2,[-8.09918614  7.93184286  1.54253126],queued,[ 0.63925976  0.24903542 -0.34837281]
785.6946823596954,1004,False,3,4,[ 7.88680664 -4.39564389  4.        ],exiting,[-0.62185191  0.08809385  0.93462812]
785.6946823596954,1005,False,6,1,[8.31621294 4.02548743 3.74029066],entering,[ 0.50568378 -0.03156594 -0.11489306]
785.7963991165161,1000,False,1,0,[ 2.03965654 -3.19584466  4.00002677],cruising,[-0.82138112 -0.19970136 -0.21083176]
785.7963991165161,1001,False,0,3,[-0.26428712 -7.87396791  3.98601913],landing,[-0.48080528  0.59740651 -0.20557775]
785.7963991165161,1002,False,2,6,[-6.63484812 -0.10648154  2.9838329 ],entering,[ 0.5677905  -0.59831228 -0.99408226]
785.7963991165161,1003,False,5,2,[-8.09918614  7.93184286  1.61753126],queued,[ 0.63925976  0.24903542 -0.34837281]
785.7963991165161,1004,False,3,4,[ 7.91441541 -4.49175714  4.        ],exiting,[-0.62185191  0.08809385  0.93462812]
785.7963991165161,1005,False,6,1,[8.33098275 3.82603354 3.77924706],cruising,[ 0.50568378 -0.03156594 -0.11489306]
785.8950958251953,1000,False,1,0,[ 1.84908616 -3.13515752  4.00002275],cruising,[-0.82138112 -0.19970136 -0.21083176]
785.8950958251953,1001,False,0,3,[-0.25958803 -7.94606211  3.9582213 ],landing,[-0.48080528  0.59740651 -0.20557775]
785.8950958251953,1002,False,2,6,[-6.5216759   0.05841858  3.0588329 ],entering,[ 0.5677905  -0.59831228 -0.99408226]
785.8950958251953,1003,False,5,2,[-8.09918614  7.93184286  1.69253126],queued,[ 0.63925976  0.24903542 -0.34837281]
785.8950958251953,1004,False,3,4,[ 7.94202417 -4.58787039  4.        ],exiting,[-0.62185191  0.08809385  0.93462812]
785.8950958251953,1005,False,6,1,[8.3399701  3.62623558 3.81236   ],cruising,[ 0.50568378 -0.03156594 -0.11489306]
785.9908151626587,1000,False,1,0,[ 1.65705621 -3.07926033  4.00001934],cruising,[-0.82138112 -0.19970136 -0.21083176]
785.9908151626587,1001,False,0,3,[-0.26018647 -8.00450202  3.91680376],landing,[-0.48080528  0.59740651 -0.20557775]
785.9908151626587,1002,False,2,6,[-6.41266333  0.22609762  3.1338329 ],entering,[ 0.5677905  -0.59831228 -0.99408226]
785.9908151626587,1003,False,5,2,[-8.09918614  7.93184286  1.76753126],queued,[ 0.63925976  0.24903542 -0.34837281]
785.9908151626587,1004,False,3,4,[ 7.96963294 -4.68398363  4.        ],exiting,[-0.62185191  0.08809385  0.93462812]
785.9908151626587,1005,False,6,1,[8.34734957 3.42637176 3.840506  ],exiting,[ 0.50568378 -0.03156594 -0.11489306]
786.0864958763123,1000,False,1,0,[ 1.46337421 -3.02938763  4.00001644],cruising,[-0.82138112 -0.19970136 -0.21083176]
786.0864958763123,1001,False,0,3,[-0.2660611  -8.0490093   3.86204292],landing,[-0.48080528  0.59740651 -0.20557775]
786.0864958763123,1002,False,2,6,[-6.30835094  0.3967403   3.2088329 ],entering,[ 0.5677905  -0.59831228 -0.99408226]
786.0864958763123,1003,False,5,2,[-8.09918614  7.93184286  1.84253126],queued,[ 0.63925976  0.24903542 -0.34837281]
786.0864958763123,1004,False,3,4,[ 7.99724171 -4.78009688  4.        ],exiting,[-0.62185191  0.08809385  0.93462812]
786.0864958763123,1005,False,6,1,[8.34424883 3.24354198 3.86873636],exiting,[ 0.50568378 -0.03156594 -0.11489306]
786.1967043876648,1000,False,1,0,[ 1.26786725 -2.98723284  4.00001397],cruising,[-0.82138112 -0.19970136 -0.21083176]
786.1967043876648,1001,False,0,3,[-0.27719173 -8.07934616  3.79418346],landing,[-0.48080528  0.59740651 -0.20557775]
786.1967043876648,1002,False,2,6,[-6.20944409  0.57057193  3.2838329 ],entering,[ 0.5677905  -0.59831228 -0.99408226]
786.1967043876648,1003,False,5,2,[-8.09918614  7.93184286  1.91753126],queued,[ 0.63925976  0.24903542 -0.34837281]
786.1967043876648,1004,False,3,4,[ 8.02485048 -4.87621012  4.        ],exiting,[-0.62185191  0.08809385  0.93462812]
786.1967043876648,1005,False,6,1,[8.33074515 3.07779005 3.89661216],exiting,[ 0.50568378 -0.03156594 -0.11489306]
786.2908842563629,1000,False,1,0,[ 1.0704545  -2.9551672   4.00001188],cruising,[-0.82138112 -0.19970136 -0.21083176]
786.2908842563629,1001,False,0,3,[-0.29355828 -8.09529639  3.71345506],landing,[-0.48080528  0.59740651 -0.20557775]
786.2908842563629,1002,False,2,6,[-6.11677802  0.74780906  3.3588329 ],entering,[ 0.5677905  -0.59831228 -0.99408226]
786.2908842563629,1003,False,5,2,[-8.09918614  7.93184286  1.99253126],queued,[ 0.63925976  0.24903542 -0.34837281]
786.2908842563629,1004,False,3,4,[ 8.05245925 -4.97232337  4.        ],exiting,[-0.62185191  0.08809385  0.93462812]
786.2908842563629,1005,False,6,1,[8.30694621 2.92916342 3.92363267],exiting,[ 0.50568378 -0.03156594 -0.11489306]
786.3900535106659,1000,False,1,0,[ 0.87086468 -2.94298272  4.00001008],cruising,[-0.82138112 -0.19970136 -0.21083176]
786.3900535106659,1001,False,0,3,[-0.31513888 -8.09664228  3.62009626],landing,[-0.48080528  0.59740651 -0.20557775]
786.3900535106659,1002,False,2,6,[-6.03132455  0.92863412  3.4338329 ],entering,[ 0.5677905  -0.59831228 -0.99408226]
786.3900535106659,1003,False,5,2,[-8.09918614  7.93184286  2.06753126],queued,[ 0.63925976  0.24903542 -0.34837281]
786.3900535106659,1004,False,3,4,[ 8.08006801 -5.06843661  4.        ],exiting,[-0.62185191  0.08809385  0.93462812]
786.3900535106659,1005,False,6,1,[8.27299947 2.79771089 3.94921344],exiting,[ 0.50568378 -0.03156594 -0.11489306]
786.4859211444855,1000,False,1,0,[ 0.67086624 -2.94219404  4.00000857],cruising,[-0.82138112 -0.19970136 -0.21083176]
786.4859211444855,1001,False,0,3,[-0.33833676 -8.09336877  3.52287927],landing,[-0.48080528  0.59740651 -0.20557775]
786.4859211444855,1002,False,2,6,[-5.95424247  1.11318317  3.5088329 ],entering,[ 0.5677905  -0.59831228 -0.99408226]
786.4859211444855,1003,False,5,2,[-8.09918614  7.93184286  2.14253126],queued,[ 0.63925976  0.24903542 -0.34837281]
786.4859211444855,1004,False,3,4,[ 8.10767678 -5.16454986  4.        ],exiting,[-0.62185191  0.08809385  0.93462812]
786.4859211444855,1005,False,6,1,[8.22911172 2.68347882 3.97264214],exiting,[ 0.50568378 -0.03156594 -0.11489306]
786.5892181396484,1000,False,1,0,[ 0.47141573 -2.95700946  4.00000729],cruising,[-0.82138112 -0.19970136 -0.21083176]
786.5892181396484,1001,False,0,3,[-0.36153463 -8.09009527  3.42566228],landing,[-0.48080528  0.59740651 -0.20557775]
786.5892181396484,1002,False,2,6,[-5.88688296  1.30149859  3.58250797],entering,[ 0.5677905  -0.59831228 -0.99408226]
786.5892181396484,1003,False,5,2,[-8.09918614  7.93184286  2.21753126],queued,[ 0.63925976  0.24903542 -0.34837281]
786.5892181396484,1004,False,3,4,[ 8.13528555 -5.2606631   4.        ],exiting,[-0.62185191  0.08809385  0.93462812]
786.5892181396484,1005,False,6,1,[8.17560494 2.58650272 3.99295534],exiting,[ 0.50568378 -0.03156594 -0.11489306]
786.6838729381561,1000,False,1,0,[ 0.27363713 -2.98673525  4.00000619],cruising,[-0.82138112 -0.19970136 -0.21083176]
786.6838729381561,1001,False,0,3,[-0.38473251 -8.08682177  3.32844529],landing,[-0.48080528  0.59740651 -0.20557775]
786.6838729381561,1002,False,2,6,[-5.83076422  1.49346392  3.64513177],entering,[ 0.5677905  -0.59831228 -0.99408226]
786.6838729381561,1003,False,5,2,[-8.09918614  7.93184286  2.29253126],queued,[ 0.63925976  0.24903542 -0.34837281]
786.6838729381561,1004,False,3,4,[ 8.16289432 -5.35677635  4.        ],exiting,[-0.62185191  0.08809385  0.93462812]
786.6838729381561,1005,False,6,1,[8.11277575 2.50679187 4.00939506],exiting,[ 0.50568378 -0.03156594 -0.11489306]
786.7851302623749,1000,False,1,0,[ 0.0794728  -3.03469579  4.00000526],cruising,[-0.82138112 -0.19970136 -0.21083176]
786.7851302623749,1001,False,0,3,[-0.40793038 -8.08354826  3.23122831],landing,[-0.48080528  0.59740651 -0.20557775]
786.7851302623749,1002,False,2,6,[-5.78749124  1.68872643  3.69836201],entering,[ 0.5677905  -0.59831228 -0.99408226]
786.7851302623749,1003,False,5,2,[-8.09918614  7.93184286  2.36753126],queued,[ 0.63925976  0.24903542 -0.34837281]
786.7851302623749,1004,False,3,4,[ 8.19050308 -5.45288959  4.        ],exiting,[-0.62185191  0.08809385  0.93462812]
786.7851302623749,1005,False,6,1,[8.04090103 2.44434574 4.02135063],exiting,[ 0.50568378 -0.03156594 -0.11489306]
786.884316444397,1000,False,1,0,[-0.11146532 -3.09421583  4.00000447],cruising,[-0.82138112 -0.19970136 -0.21083176]
786.884316444397,1001,False,0,3,[-0.43112826 -8.08027476  3.13401132],landing,[-0.48080528  0.59740651 -0.20557775]
786.884316444397,1002,False,2,6,[-5.75859682  1.88662821  3.74360771],entering,[ 0.5677905  -0.59831228 -0.99408226]
786.884316444397,1003,False,5,2,[-8.09918614  7.93184286  2.44253126],queued,[ 0.63925976  0.24903542 -0.34837281]
786.884316444397,1004,False,3,4,[ 8.21811185 -5.54900284  4.        ],exiting,[-0.62185191  0.08809385  0.93462812]
786.884316444397,1005,False,6,1,[7.96026843 2.39916408 4.0282825 ],exiting,[ 0.50568378 -0.03156594 -0.11489306]
787.0384137630463,1000,False,1,0,[-0.29888971 -3.16401625  4.0000038 ],cruising,[-0.82138112 -0.19970136 -0.21083176]
787.0384137630463,1001,False,0,3,[-0.45432613 -8.07700125  3.03679433],landing,[-0.48080528  0.59740651 -0.20557775]
787.0384137630463,1002,False,2,6,[-5.74529862  2.08618561  3.78206655],entering,[ 0.5677905  -0.59831228 -0.99408226]
787.0384137630463,1003,False,5,2,[-8.09918614  7.93184286  2.51753126],entering,[ 0.63925976  0.24903542 -0.34837281]
787.0384137630463,1004,False,3,4,[ 8.24572062 -5.64511608  4.        ],exiting,[-0.62185191  0.08809385  0.93462812]
787.0384137630463,1005,False,6,1,[7.87116328 2.37126777 4.02978915],exiting,[ 0.50568378 -0.03156594 -0.11489306]
787.1169707775116,1000,False,1,0,[-0.48174438 -3.24503581  4.00000323],cruising,[-0.82138112 -0.19970136 -0.21083176]
787.1169707775116,1001,False,0,3,[-0.47752401 -8.07372775  2.93957734],landing,[-0.48080528  0.59740651 -0.20557775]
787.1169707775116,1002,False,2,6,[-5.74735954  2.286175    3.81475657],entering,[ 0.5677905  -0.59831228 -0.99408226]
787.1169707775116,1003,False,5,2,[-8.08134087  7.92281255  2.59253126],entering,[ 0.63925976  0.24903542 -0.34837281]
787.1169707775116,1004,False,3,4,[ 8.27332939 -5.74122933  4.        ],exiting,[-0.62185191  0.08809385  0.93462812]
787.1169707775116,1005,False,6,1,[7.7738382  2.36075817 4.0258063 ],exiting,[ 0.50568378 -0.03156594 -0.11489306]
787.226802110672,1000,False,1,0,[-0.66120675 -3.33331524  4.00000275],cruising,[-0.82138112 -0.19970136 -0.21083176]
787.226802110672,1001,False,0,3,[-0.50072188 -8.07045425  2.84236035],landing,[-0.48080528  0.59740651 -0.20557775]
787.226802110672,1002,False,2,6,[-5.76541448  2.48535838  3.84254308],cruising,[ 0.5677905  -0.59831228 -0.99408226]
787.226802110672,1003,False,5,2,[-8.0456367   7.90477894  2.66753126],entering,[ 0.63925976  0.24903542 -0.34837281]
787.226802110672,1004,False,3,4,[ 8.30093816 -5.83734257  4.        ],exiting,[-0.62185191  0.08809385  0.93462812]
787.226802110672,1005,False,6,1,[7.67396507 2.35584183 4.02084619],exiting,[ 0.50568378 -0.03156594 -0.11489306]
787.3188645839691,1000,False,1,0,[-0.83910109 -3.4247133   4.00000234],cruising,[-0.82138112 -0.19970136 -0.21083176]
787.3188645839691,1001,False,0,3,[-0.52391976 -8.06718074  2.74514337],landing,[-0.48080528  0.59740651 -0.20557775]
787.3188645839691,1002,False,2,6,[-5.79724993  2.68280838  3.86616162],cruising,[ 0.5677905  -0.59831228 -0.99408226]
787.3188645839691,1003,False,5,2,[-7.99204351  7.877802    2.74253126],entering,[ 0.63925976  0.24903542 -0.34837281]
787.3188645839691,1004,False,3,4,[ 8.32854692 -5.93345582  4.        ],exiting,[-0.62185191  0.08809385  0.93462812]
787.3188645839691,1005,False,6,1,[7.57409022 2.35092541 4.01680065],exiting,[ 0.50568378 -0.03156594 -0.11489306]
787.426590681076,1000,False,1,0,[-1.01779571 -3.51453662  4.00000199],cruising,[-0.82138112 -0.19970136 -0.21083176]
787.426590681076,1001,False,0,3,[-0.54711764 -8.06390724  2.64792638],landing,[-0.48080528  0.59740651 -0.20557775]
787.426590681076,1002,False,2,6,[-5.84228761  2.87767143  3.88623738],cruising,[ 0.5677905  -0.59831228 -0.99408226]
787.426590681076,1003,False,5,2,[-7.92050431  7.84199666  2.81753126],entering,[ 0.63925976  0.24903542 -0.34837281]
787.426590681076,1004,False,3,4,[ 8.35615569 -6.02956907  4.        ],exiting,[-0.62185191  0.08809385  0.93462812]
787.426590681076,1005,False,6,1,[7.47421415 2.34600893 4.01350607],exiting,[ 0.50568378 -0.03156594 -0.11489306]
787.5307726860046,1000,False,1,0,[-1.20114903 -3.5944213   4.00000169],cruising,[-0.82138112 -0.19970136 -0.21083176]
787.5307726860046,1001,False,0,3,[-0.57031551 -8.06063374  2.55070939],landing,[-0.48080528  0.59740651 -0.20557775]
787.5307726860046,1002,False,2,6,[-5.89682908  3.07009083  3.90330177],cruising,[ 0.5677905  -0.59831228 -0.99408226]
787.5307726860046,1003,False,5,2,[-7.83096989  7.79746366  2.89253126],entering,[ 0.63925976  0.24903542 -0.34837281]
787.5307726860046,1004,False,3,4,[ 8.38376446 -6.12568231  4.        ],exiting,[-0.62185191  0.08809385  0.93462812]
787.5307726860046,1005,False,6,1,[7.37433722 2.34109241 4.01082746],exiting,[ 0.50568378 -0.03156594 -0.11489306]
787.6268520355225,1000,False,1,0,[-1.39140174 -3.65553371  4.00000143],cruising,[-0.82138112 -0.19970136 -0.21083176]
787.6268520355225,1001,False,0,3,[-0.59351339 -8.05736023  2.4534924 ],landing,[-0.48080528  0.59740651 -0.20557775]
787.6268520355225,1002,False,2,6,[-5.95843653  3.26036569  3.9178065 ],cruising,[ 0.5677905  -0.59831228 -0.99408226]
787.6268520355225,1003,False,5,2,[-7.72341564  7.74425393  2.96753126],entering,[ 0.63925976  0.24903542 -0.34837281]
787.6268520355225,1004,False,3,4,[ 8.41137323 -6.22179556  4.        ],exiting,[-0.62185191  0.08809385  0.93462812]
787.6268520355225,1005,False,6,1,[7.27445967 2.33617586 4.00865352],exiting,[ 0.50568378 -0.03156594 -0.11489306]
787.7309272289276,1000,False,1,0,[-1.58540933 -3.69700176  4.00000119],cruising,[-0.82138112 -0.19970136 -0.21083176]
787.7309272289276,1001,False,0,3,[-0.61671126 -8.05408673  2.35627541],landing,[-0.48080528  0.59740651 -0.20557775]
787.7309272289276,1002,False,2,6,[-6.02472264  3.44906162  3.93013553],cruising,[ 0.5677905  -0.59831228 -0.99408226]
787.7309272289276,1003,False,5,2,[-7.59782395  7.68240411  3.04253126],entering,[ 0.63925976  0.24903542 -0.34837281]
787.7309272289276,1004,False,3,4,[ 8.438982  -6.3179088  4.       ],exiting,[-0.62185191  0.08809385  0.93462812]
787.7309272289276,1005,False,6,1,[7.17458168 2.33125928 4.00689255],exiting,[ 0.50568378 -0.03156594 -0.11489306]
787.8229992389679,1000,False,1,0,[-1.78006687 -3.71848037  4.00000096],cruising,[-0.82138112 -0.19970136 -0.21083176]
787.8229992389679,1001,False,0,3,[-0.63990914 -8.05081322  2.25905843],landing,[-0.48080528  0.59740651 -0.20557775]
787.8229992389679,1002,False,2,6,[-6.09341583  3.63689464  3.9406152 ],cruising,[ 0.5677905  -0.59831228 -0.99408226]
787.8229992389679,1003,False,5,2,[-7.45374811  7.6129165   3.11753126],entering,[ 0.63925976  0.24903542 -0.34837281]
787.8229992389679,1004,False,3,4,[ 8.46659076 -6.41402205  4.        ],exiting,[-0.62185191  0.08809385  0.93462812]
787.8229992389679,1005,False,6,1,[7.07470338 2.32634269 4.00546909],exiting,[ 0.50568378 -0.03156594 -0.11489306]
787.9366929531097,1000,False,1,0,[-1.97238122 -3.72009672  4.00000075],cruising,[-0.82138112 -0.19970136 -0.21083176]
787.9366929531097,1001,False,0,3,[-0.66310701 -8.04753972  2.16184144],landing,[-0.48080528  0.59740651 -0.20557775]
787.9366929531097,1002,False,2,6,[-6.16234348  3.82464176  3.94952292],cruising,[ 0.5677905  -0.59831228 -0.99408226]
787.9366929531097,1003,False,5,2,[-7.29095564  7.53637993  3.19253126],entering,[ 0.63925976  0.24903542 -0.34837281]
787.9366929531097,1004,False,3,4,[ 8.49419953 -6.51013529  4.        ],exiting,[-0.62185191  0.08809385  0.93462812]
787.9366929531097,1005,False,6,1,[6.97482485 2.32142609 4.00432109],exiting,[ 0.50568378 -0.03156594 -0.11489306]
788.030862569809,1000,False,1,0,[-2.15946242 -3.70240986  4.00000055],cruising,[-0.82138112 -0.19970136 -0.21083176]
788.030862569809,1001,False,0,3,[-0.68630489 -8.04426622  2.06462445],landing,[-0.48080528  0.59740651 -0.20557775]
788.030862569809,1002,False,2,6,[-6.22936067  4.01307927  3.95709448],cruising,[ 0.5677905  -0.59831228 -0.99408226]
788.030862569809,1003,False,5,2,[-7.10867827  7.45533355  3.26753126],entering,[ 0.63925976  0.24903542 -0.34837281]
788.030862569809,1004,False,3,4,[ 8.5218083  -6.60624854  4.        ],exiting,[-0.62185191  0.08809385  0.93462812]
788.030862569809,1005,False,6,1,[6.87494617 2.31650948 4.00339756],exiting,[ 0.50568378 -0.03156594 -0.11489306]
788.1312274932861,1000,False,1,0,[-2.33898672 -3.66620561  4.00000036],cruising,[-0.82138112 -0.19970136 -0.21083176]
788.1312274932861,1001,False,0,3,[-0.70950276 -8.04099271  1.96740746],landing,[-0.48080528  0.59740651 -0.20557775]
788.1312274932861,1002,False,2,6,[-6.29224344  4.20293648  3.96353031],cruising,[ 0.5677905  -0.59831228 -0.99408226]
788.1312274932861,1003,False,5,2,[-6.92488411  7.37646842  3.34253126],entering,[ 0.63925976  0.24903542 -0.34837281]
788.1312274932861,1004,False,3,4,[ 8.54941707 -6.70236178  4.        ],exiting,[-0.62185191  0.08809385  0.93462812]
788.1312274932861,1005,False,6,1,[6.77506738 2.31159286 4.00265668],exiting,[ 0.50568378 -0.03156594 -0.11489306]
788.2337872982025,1000,False,1,0,[-2.50876085 -3.612539    4.00000019],cruising,[-0.82138112 -0.19970136 -0.21083176]
788.2337872982025,1001,False,0,3,[-0.73270064 -8.03771921  1.87019047],landing,[-0.48080528  0.59740651 -0.20557775]
788.2337872982025,1002,False,2,6,[-6.34855478  4.39484539  3.96900076],cruising,[ 0.5677905  -0.59831228 -0.99408226]
788.2337872982025,1003,False,5,2,[-6.73895728  7.30277165  3.41753126],entering,[ 0.63925976  0.24903542 -0.34837281]
788.2337872982025,1004,False,3,4,[ 8.57702584 -6.79847503  4.        ],exiting,[-0.62185191  0.08809385  0.93462812]
788.2337872982025,1005,False,6,1,[6.6751885  2.30667624 4.00206415],exiting,[ 0.50568378 -0.03156594 -0.11489306]
788.3323516845703,1000,False,1,0,[-2.66678744 -3.54268613  4.00000003],cruising,[-0.82138112 -0.19970136 -0.21083176]
788.3323516845703,1001,False,0,3,[-0.75589851 -8.0344457   1.77297349],landing,[-0.48080528  0.59740651 -0.20557775]
788.3323516845703,1002,False,2,6,[-6.38923186  4.59066514  3.97365065],cruising,[ 0.5677905  -0.59831228 -0.99408226]
788.3323516845703,1003,False,5,2,[-6.55147808  7.23311859  3.49253126],entering,[ 0.63925976  0.24903542 -0.34837281]
788.3323516845703,1004,False,3,4,[ 8.6046346  -6.89458827  4.        ],exiting,[-0.62185191  0.08809385  0.93462812]
788.3323516845703,1005,False,6,1,[6.57530958 2.30175962 4.0015919 ],exiting,[ 0.50568378 -0.03156594 -0.11489306]
788.4445724487305,1000,False,1,0,[-2.81138529 -3.45801202  3.99999989],cruising,[-0.82138112 -0.19970136 -0.21083176]
788.4445724487305,1001,False,0,3,[-0.77909639 -8.0311722   1.6757565 ],landing,[-0.48080528  0.59740651 -0.20557775]
788.4445724487305,1002,False,2,6,[-6.41681155  4.78875442  3.97760305],cruising,[ 0.5677905  -0.59831228 -0.99408226]
788.4445724487305,1003,False,5,2,[-6.36229781  7.16822772  3.56753126],entering,[ 0.63925976  0.24903542 -0.34837281]
788.4445724487305,1004,False,3,4,[ 8.63224337 -6.99070152  4.        ],exiting,[-0.62185191  0.08809385  0.93462812]
788.4445724487305,1005,False,6,1,[6.47543061 2.296843   4.00121697],exiting,[ 0.50568378 -0.03156594 -0.11489306]
788.541294336319,1000,False,1,0,[-2.94109711 -3.35998103  3.99999976],cruising,[-0.82138112 -0.19970136 -0.21083176]
788.541294336319,1001,False,0,3,[-0.80229426 -8.0278987   1.57853951],landing,[-0.48080528  0.59740651 -0.20557775]
788.541294336319,1002,False,2,6,[-6.42444235  4.98820835  3.98113196],cruising,[ 0.5677905  -0.59831228 -0.99408226]
788.541294336319,1003,False,5,2,[-6.17106983  7.10964565  3.63240157],entering,[ 0.63925976  0.24903542 -0.34837281]
788.541294336319,1004,False,3,4,[ 8.65985214 -7.08681476  4.        ],landing,[-0.62185191  0.08809385  0.93462812]
788.541294336319,1005,False,6,1,[6.37555161 2.29192637 4.0009206 ],exiting,[ 0.50568378 -0.03156594 -0.11489306]
788.6358923912048,1000,False,1,0,[-3.05461821 -3.25020864  3.99999965],cruising,[-0.82138112 -0.19970136 -0.21083176]
788.6358923912048,1001,False,0,3,[-0.82549214 -8.02462519  1.48132252],fake_landed,[-0.48080528  0.59740651 -0.20557775]
788.6358923912048,1002,False,2,6,[-6.41211994  5.18632954  3.98435606],cruising,[ 0.5677905  -0.59831228 -0.99408226]
788.6358923912048,1003,False,5,2,[-5.97757989  7.05903297  3.68754134],entering,[ 0.63925976  0.24903542 -0.34837281]
788.6358923912048,1004,False,3,4,[ 8.6805378  -7.17068371  3.98578213],landing,[-0.62185191  0.08809385  0.93462812]
788.6358923912048,1005,False,6,1,[6.2756726  2.28700975 4.00068753],exiting,[ 0.50568378 -0.03156594 -0.11489306]
788.7334613800049,1000,False,1,0,[-3.15084619 -3.13038897  3.99999956],cruising,[-0.82138112 -0.19970136 -0.21083176]
788.7334613800049,1001,False,0,3,[-0.84405044 -8.02200639  1.40354893],fake_landed,[-0.48080528  0.59740651 -0.20557775]
788.7334613800049,1002,False,2,6,[-6.38018219  5.38055621  3.98731237],cruising,[ 0.5677905  -0.59831228 -0.99408226]
788.7334613800049,1003,False,5,2,[-5.78201665  7.01713999  3.73441014],entering,[ 0.63925976  0.24903542 -0.34837281]
788.7334613800049,1004,False,3,4,[ 8.69428791 -7.24213072  3.95750747],landing,[-0.62185191  0.08809385  0.93462812]
788.7334613800049,1005,False,6,1,[6.17579357 2.28209312 4.00050531],exiting,[ 0.50568378 -0.03156594 -0.11489306]
788.8456676006317,1000,False,1,0,[-3.22915919 -3.00167808  3.99999949],cruising,[-0.82138112 -0.19970136 -0.21083176]
788.8456676006317,1001,False,0,3,[-0.85796916 -8.02004229  1.34521874],fake_landed,[-0.48080528  0.59740651 -0.20557775]
788.8456676006317,1002,False,2,6,[-6.32925973  5.56849672  3.99001474],cruising,[ 0.5677905  -0.59831228 -0.99408226]
788.8456676006317,1003,False,5,2,[-5.58482217  6.98375829  3.77424862],entering,[ 0.63925976  0.24903542 -0.34837281]
788.8456676006317,1004,False,3,4,[ 8.70108889 -7.30094564  3.91537135],landing,[-0.62185191  0.08809385  0.93462812]
788.8456676006317,1005,False,6,1,[6.07591453 2.27717649 4.00036382],exiting,[ 0.50568378 -0.03156594 -0.11489306]
788.9422450065613,1000,False,1,0,[-3.28919091 -2.86485581  3.99999944],cruising,[-0.82138112 -0.19970136 -0.21083176]
788.9422450065613,1001,False,0,3,[-0.86724831 -8.01873289  1.30633194],fake_landed,[-0.48080528  0.59740651 -0.20557775]
788.9422450065613,1002,False,2,6,[-6.26024376  5.74791882  3.99246859],cruising,[ 0.5677905  -0.59831228 -0.99408226]
788.9422450065613,1003,False,5,2,[-5.38590446  6.96297989  3.80811132],entering,[ 0.63925976  0.24903542 -0.34837281]
788.9422450065613,1004,False,3,4,[ 8.70092408 -7.34683728  3.85965338],landing,[-0.62185191  0.08809385  0.93462812]
788.9422450065613,1005,False,6,1,[5.97603548 2.27225987 4.00025488],exiting,[ 0.50568378 -0.03156594 -0.11489306]
789.035671710968,1000,False,1,0,[-3.33076664 -2.72032792  3.99999941],cruising,[-0.82138112 -0.19970136 -0.21083176]
789.035671710968,1001,False,0,3,[-0.87188789 -8.01807819  1.28688855],fake_landed,[-0.48080528  0.59740651 -0.20557775]
789.035671710968,1002,False,2,6,[-6.17417275  5.91689793  3.99465874],cruising,[ 0.5677905  -0.59831228 -0.99408226]
789.035671710968,1003,False,5,2,[-5.18619485  6.95220619  3.83689463],entering,[ 0.63925976  0.24903542 -0.34837281]
789.035671710968,1004,False,3,4,[ 8.6937822  -7.37957641  3.79058131],landing,[-0.62185191  0.08809385  0.93462812]
789.035671710968,1005,False,6,1,[5.87615643 2.26734324 4.00017187],exiting,[ 0.50568378 -0.03156594 -0.11489306]
789.1428627967834,1000,False,1,0,[-3.3538131  -2.56827233  3.99999939],cruising,[-0.82138112 -0.19970136 -0.21083176]
789.1428627967834,1001,False,3,5,[-0.87188789 -8.01807819  1.28688855],waiting,[-0.48080528  0.59740651 -0.20557775]
789.1428627967834,1002,False,2,6,[-6.07221491  6.0737304   3.99658795],cruising,[ 0.5677905  -0.59831228 -0.99408226]
789.1428627967834,1003,False,5,2,[-4.98619548  6.95170514  3.86136043],cruising,[ 0.63925976  0.24903542 -0.34837281]
789.1428627967834,1004,False,3,4,[ 8.67965395 -7.3989419   3.70838155],landing,[-0.62185191  0.08809385  0.93462812]
789.1428627967834,1005,False,6,1,[5.77627738 2.26242661 4.00010946],exiting,[ 0.50568378 -0.03156594 -0.11489306]
789.2311689853668,1000,False,1,0,[-3.35833382 -2.40868039  3.9999994 ],cruising,[-0.82138112 -0.19970136 -0.21083176]
789.2311689853668,1001,False,3,5,[-0.87188789 -8.01807819  1.28688855],waiting,[-0.48080528  0.59740651 -0.20557775]
789.2311689853668,1002,False,2,6,[-5.95526975  6.21732261  3.99824282],cruising,[ 0.5677905  -0.59831228 -0.99408226]
789.2311689853668,1003,False,5,2,[-4.78641248  6.96101928  3.88215637],cruising,[ 0.63925976  0.24903542 -0.34837281]
789.2311689853668,1004,False,3,4,[ 8.65853164 -7.40471073  3.61328938],landing,[-0.62185191  0.08809385  0.93462812]
789.2311689853668,1005,False,6,1,[5.67639832 2.25750998 4.0000634 ],exiting,[ 0.50568378 -0.03156594 -0.11489306]
789.3313553333282,1000,False,1,0,[-3.34465323 -2.24079913  3.99999943],cruising,[-0.82138112 -0.19970136 -0.21083176]
789.3313553333282,1001,False,3,5,[-0.87188789 -8.01807819  1.28688855],waiting,[-0.48080528  0.59740651 -0.20557775]
789.3313553333282,1002,False,2,6,[-5.82422714  6.346731    3.999612  ],cruising,[ 0.5677905  -0.59831228 -0.99408226]
789.3313553333282,1003,False,5,2,[-4.58722147  6.97898983  3.89983291],cruising,[ 0.63925976  0.24903542 -0.34837281]
789.3313553333282,1004,False,3,4,[ 8.63612946 -7.40795232  3.5158849 ],landing,[-0.62185191  0.08809385  0.93462812]
789.3313553333282,1005,False,6,1,[5.57651926 2.25259336 4.00003034],landing,[ 0.50568378 -0.03156594 -0.11489306]
789.4354219436646,1000,False,1,0,[-3.31381653 -2.0626384   3.99999949],cruising,[-0.82138112 -0.19970136 -0.21083176]
789.4354219436646,1001,False,3,5,[-0.87188789 -8.01807819  1.28688855],waiting,[-0.48080528  0.59740651 -0.20557775]
789.4354219436646,1002,False,2,6,[-5.67993249  6.46116288  4.00068564],cruising,[ 0.5677905  -0.59831228 -0.99408226]
789.4354219436646,1003,False,5,2,[-4.38879414  7.00402173  3.91485798],cruising,[ 0.63925976  0.24903542 -0.34837281]
789.4354219436646,1004,False,3,4,[ 8.61372727 -7.4111939   3.41848041],landing,[-0.62185191  0.08809385  0.93462812]
789.4354219436646,1005,False,6,1,[5.49068399 2.24513855 3.98598552],landing,[ 0.50568378 -0.03156594 -0.11489306]
789.5410943031311,1000,False,1,0,[-3.27138859 -1.8681791   3.99999956],cruising,[-0.82138112 -0.19970136 -0.21083176]
789.5410943031311,1001,False,3,5,[-0.87188789 -8.01807819  1.28688855],waiting,[-0.48080528  0.59740651 -0.20557775]
789.5410943031311,1002,False,2,6,[-5.52315322  6.55997293  4.00145497],cruising,[ 0.5677905  -0.59831228 -0.99408226]
789.5410943031311,1003,False,5,2,[-4.19110812  7.03435713  3.92762928],cruising,[ 0.63925976  0.24903542 -0.34837281]
789.5410943031311,1004,False,3,4,[ 8.59132509 -7.41443549  3.32107592],landing,[-0.62185191  0.08809385  0.93462812]
789.5410943031311,1005,False,6,1,[5.41906202 2.2351916  3.95809253],landing,[ 0.50568378 -0.03156594 -0.11489306]
789.6386682987213,1000,False,1,0,[-3.24466319 -1.66997276  3.99999963],cruising,[-0.82138112 -0.19970136 -0.21083176]
789.6386682987213,1001,False,3,5,[-0.87188789 -8.01807819  1.28688855],queued,[-0.48080528  0.59740651 -0.20557775]
789.6386682987213,1002,False,2,6,[-5.35488769  6.64241295  4.00192778],cruising,[ 0.5677905  -0.59831228 -0.99408226]
789.6386682987213,1003,False,5,2,[-3.99400551  7.06827708  3.93848489],cruising,[ 0.63925976  0.24903542 -0.34837281]
789.6386682987213,1004,False,3,4,[ 8.56892291 -7.41767708  3.22367143],landing,[-0.62185191  0.08809385  0.93462812]
789.6386682987213,1005,False,6,1,[5.3618522  2.22280769 3.9165485 ],landing,[ 0.50568378 -0.03156594 -0.11489306]
789.7339947223663,1000,False,1,0,[-3.23436221 -1.47023822  3.99999969],cruising,[-0.82138112 -0.19970136 -0.21083176]
789.7339947223663,1001,False,3,5,[-0.87188789 -8.01807819  1.30688855],queued,[-0.48080528  0.59740651 -0.20557775]
789.7339947223663,1002,False,2,6,[-5.17553935  6.70820734  4.00209282],cruising,[ 0.5677905  -0.59831228 -0.99408226]
789.7339947223663,1003,False,5,2,[-3.79726015  7.10421121  3.94771215],cruising,[ 0.63925976  0.24903542 -0.34837281]
789.7339947223663,1004,False,3,4,[ 8.54652072 -7.42091866  3.12626694],landing,[-0.62185191  0.08809385  0.93462812]
789.7339947223663,1005,False,6,1,[5.31932456 2.20806393 3.86163045],landing,[ 0.50568378 -0.03156594 -0.11489306]
789.8456616401672,1000,False,1,0,[-3.2399034  -1.27031499  3.99999973],cruising,[-0.82138112 -0.19970136 -0.21083176]
789.8456616401672,1001,False,3,5,[-0.87188789 -8.01807819  1.34688855],queued,[-0.48080528  0.59740651 -0.20557775]
789.8456616401672,1002,False,2,6,[-4.98512106  6.75734788  4.00193394],cruising,[ 0.5677905  -0.59831228 -0.99408226]
789.8456616401672,1003,False,5,2,[-3.60019179  7.13832958  3.95555533],cruising,[ 0.63925976  0.24903542 -0.34837281]
789.8456616401672,1004,False,3,4,[ 8.52411854 -7.42416025  3.02886246],landing,[-0.62185191  0.08809385  0.93462812]
789.8456616401672,1005,False,6,1,[5.29170688 2.19102738 3.79358089],landing,[ 0.50568378 -0.03156594 -0.11489306]
789.9342143535614,1000,False,1,0,[-3.25926404 -1.07125428  3.99999977],cruising,[-0.82138112 -0.19970136 -0.21083176]
789.9342143535614,1001,False,3,5,[-0.87188789 -8.01807819  1.40688855],queued,[-0.48080528  0.59740651 -0.20557775]
789.9342143535614,1002,False,2,6,[-4.79007464  6.80158468  4.00164385],cruising,[ 0.5677905  -0.59831228 -0.99408226]
789.9342143535614,1003,False,5,2,[-3.40309552  7.1722863   3.96222203],cruising,[ 0.63925976  0.24903542 -0.34837281]
789.9342143535614,1004,False,3,4,[ 8.50171635 -7.42740184  2.93145797],landing,[-0.62185191  0.08809385  0.93462812]
789.9342143535614,1005,False,6,1,[5.27920752 2.17176114 3.71262921],landing,[ 0.50568378 -0.03156594 -0.11489306]
790.0357732772827,1000,False,1,0,[-3.29217982 -0.8739815   3.99999981],cruising,[-0.82138112 -0.19970136 -0.21083176]
790.0357732772827,1001,False,3,5,[-0.87188789 -8.01807819  1.48188855],queued,[-0.48080528  0.59740651 -0.20557775]
790.0357732772827,1002,False,2,6,[-4.59589824  6.84949633  4.00139727],cruising,[ 0.5677905  -0.59831228 -0.99408226]
790.0357732772827,1003,False,5,2,[-3.20577218  7.20489765  3.96788873],cruising,[ 0.63925976  0.24903542 -0.34837281]
790.0357732772827,1004,False,3,4,[ 8.47931417 -7.43064343  2.83405348],landing,[-0.62185191  0.08809385  0.93462812]
790.0357732772827,1005,False,6,1,[5.28203595 2.1503304  3.61901364],landing,[ 0.50568378 -0.03156594 -0.11489306]
790.1358330249786,1000,False,1,0,[-3.33754081 -0.67919346  3.99999984],cruising,[-0.82138112 -0.19970136 -0.21083176]
790.1358330249786,1001,False,3,5,[-0.87188789 -8.01807819  1.55688855],queued,[-0.48080528  0.59740651 -0.20557775]
790.1358330249786,1002,False,2,6,[-4.4022804   6.89961751  4.00118768],cruising,[ 0.5677905  -0.59831228 -0.99408226]
790.1358330249786,1003,False,5,2,[-3.0076767   7.23243276  3.97270542],cruising,[ 0.63925976  0.24903542 -0.34837281]
790.1358330249786,1004,False,3,4,[ 8.45691198 -7.43388501  2.73664899],landing,[-0.62185191  0.08809385  0.93462812]
790.1358330249786,1005,False,6,1,[5.28942491 2.12828426 3.52175435],landing,[ 0.50568378 -0.03156594 -0.11489306]
790.2340271472931,1000,False,1,0,[-3.39437291 -0.48743811  3.99999986],cruising,[-0.82138112 -0.19970136 -0.21083176]
790.2340271472931,1001,False,3,5,[-0.87188789 -8.01807819  1.63188855],queued,[-0.48080528  0.59740651 -0.20557775]
790.2340271472931,1002,False,2,6,[-4.20890328  6.95065953  4.00100953],cruising,[ 0.5677905  -0.59831228 -0.99408226]
790.2340271472931,1003,False,5,2,[-2.80917716  7.25688541  3.9767996 ],cruising,[ 0.63925976  0.24903542 -0.34837281]
790.2340271472931,1004,False,3,4,[ 8.4345098  -7.4371266   2.63924451],landing,[-0.62185191  0.08809385  0.93462812]
790.2340271472931,1005,False,6,1,[5.29681387 2.10623812 3.42449505],landing,[ 0.50568378 -0.03156594 -0.11489306]
790.3420920372009,1000,False,1,0,[-3.4600237  -0.29852021  3.99999988],cruising,[-0.82138112 -0.19970136 -0.21083176]
790.3420920372009,1001,False,3,5,[-0.87188789 -8.01807819  1.70688855],queued,[-0.48080528  0.59740651 -0.20557775]
790.3420920372009,1002,False,2,6,[-4.01484883  6.99906273  4.0008581 ],cruising,[ 0.5677905  -0.59831228 -0.99408226]
790.3420920372009,1003,False,5,2,[-2.60991586  7.274059    3.98027966],cruising,[ 0.63925976  0.24903542 -0.34837281]
790.3420920372009,1004,False,3,4,[ 8.41210761 -7.44036819  2.54184002],landing,[-0.62185191  0.08809385  0.93462812]
790.3420920372009,1005,False,6,1,[5.30420283 2.08419198 3.32723575],landing,[ 0.50568378 -0.03156594 -0.11489306]
790.4326586723328,1000,False,1,0,[-3.53594744 -0.1134916   3.9999999 ],cruising,[-0.82138112 -0.19970136 -0.21083176]
790.4326586723328,1001,False,3,5,[-0.87188789 -8.01807819  1.78188855],queued,[-0.48080528  0.59740651 -0.20557775]
790.4326586723328,1002,False,2,6,[-3.82063955  7.04684094  4.00072939],cruising,[ 0.5677905  -0.59831228 -0.99408226]
790.4326586723328,1003,False,5,2,[-2.41028228  7.28616008  3.98323771],cruising,[ 0.63925976  0.24903542 -0.34837281]
790.4326586723328,1004,False,3,4,[ 8.38970543 -7.44360978  2.44443553],landing,[-0.62185191  0.08809385  0.93462812]
790.4326586723328,1005,False,6,1,[5.31159179 2.06214584 3.22997645],landing,[ 0.50568378 -0.03156594 -0.11489306]
790.536034822464,1000,False,1,0,[-3.62247523  0.06682185  3.99999991],cruising,[-0.82138112 -0.19970136 -0.21083176]
790.536034822464,1001,False,3,5,[-0.87188789 -8.01807819  1.85688855],entering,[-0.48080528  0.59740651 -0.20557775]
790.536034822464,1002,False,2,6,[-3.62605584  7.09307057  4.00061998],cruising,[ 0.5677905  -0.59831228 -0.99408226]
790.536034822464,1003,False,5,2,[-2.21028917  7.2878195   3.98575206],cruising,[ 0.63925976  0.24903542 -0.34837281]
790.536034822464,1004,False,3,4,[ 8.36730324 -7.44685136  2.34703104],landing,[-0.62185191  0.08809385  0.93462812]
790.536034822464,1005,False,6,1,[5.31898075 2.0400997  3.13271716],landing,[ 0.50568378 -0.03156594 -0.11489306]
790.6432347297668,1000,False,1,0,[-3.71662408  0.24327579  3.99999993],cruising,[-0.82138112 -0.19970136 -0.21083176]
790.6432347297668,1001,False,3,5,[-0.87837504 -7.99915949  1.93188855],entering,[-0.48080528  0.59740651 -0.20557775]
790.6432347297668,1002,False,2,6,[-3.43040048  7.13453116  4.00052698],cruising,[ 0.5677905  -0.59831228 -0.99408226]
790.6432347297668,1003,False,5,2,[-2.01091517  7.27200787  3.98788925],cruising,[ 0.63925976  0.24903542 -0.34837281]
790.6432347297668,1004,False,3,4,[ 8.34490106 -7.45009295  2.24962656],landing,[-0.62185191  0.08809385  0.93462812]
790.6432347297668,1005,False,6,1,[5.32636972 2.01805356 3.03545786],landing,[ 0.50568378 -0.03156594 -0.11489306]
790.7351717948914,1000,False,1,0,[-3.81679937  0.41637955  3.99999994],cruising,[-0.82138112 -0.19970136 -0.21083176]
790.7351717948914,1001,False,3,5,[-0.89134933 -7.96132211  2.00688855],entering,[-0.48080528  0.59740651 -0.20557775]
790.7351717948914,1002,False,2,6,[-3.2341936   7.17329792  4.00044793],cruising,[ 0.5677905  -0.59831228 -0.99408226]
790.7351717948914,1003,False,5,2,[-1.81395458  7.23727278  3.98970586],cruising,[ 0.63925976  0.24903542 -0.34837281]
790.7351717948914,1004,False,3,4,[ 8.32249887 -7.45333454  2.15222207],landing,[-0.62185191  0.08809385  0.93462812]
790.7351717948914,1005,False,6,1,[5.33375868 1.99600741 2.93819856],landing,[ 0.50568378 -0.03156594 -0.11489306]
790.8353652954102,1000,False,1,0,[-3.92169242  0.58666592  3.99999995],cruising,[-0.82138112 -0.19970136 -0.21083176]
790.8353652954102,1001,False,3,5,[-0.91081077 -7.90456603  2.08188855],entering,[-0.48080528  0.59740651 -0.20557775]
790.8353652954102,1002,False,2,6,[-3.03733008  7.20857899  4.00038074],cruising,[ 0.5677905  -0.59831228 -0.99408226]
790.8353652954102,1003,False,5,2,[-1.6206246   7.18605246  3.99124998],cruising,[ 0.63925976  0.24903542 -0.34837281]
790.8353652954102,1004,False,3,4,[ 8.30009669 -7.45657613  2.05481758],landing,[-0.62185191  0.08809385  0.93462812]
790.8353652954102,1005,False,6,1,[5.34114764 1.97396127 2.84093926],landing,[ 0.50568378 -0.03156594 -0.11489306]
790.9450671672821,1000,False,1,0,[-4.03128403  0.75396708  3.99999996],cruising,[-0.82138112 -0.19970136 -0.21083176]
790.9450671672821,1001,False,3,5,[-0.93675935 -7.82889126  2.15688855],entering,[-0.48080528  0.59740651 -0.20557775]
790.9450671672821,1002,False,2,6,[-2.83933109  7.23679954  4.00032363],cruising,[ 0.5677905  -0.59831228 -0.99408226]
790.9450671672821,1003,False,5,2,[-1.43152501  7.12092687  3.99256248],cruising,[ 0.63925976  0.24903542 -0.34837281]
790.9450671672821,1004,False,3,4,[ 8.27769451 -7.45981771  1.95741309],landing,[-0.62185191  0.08809385  0.93462812]
790.9450671672821,1005,False,6,1,[5.3485366  1.95191513 2.74367997],landing,[ 0.50568378 -0.03156594 -0.11489306]
791.0345227718353,1000,False,1,0,[-4.14319357  0.91972672  3.99999996],cruising,[-0.82138112 -0.19970136 -0.21083176]
791.0345227718353,1001,False,3,5,[-0.96919509 -7.7342978   2.23188855],entering,[-0.48080528  0.59740651 -0.20557775]
791.0345227718353,1002,False,2,6,[-2.64071216  7.26026271  4.00027509],cruising,[ 0.5677905  -0.59831228 -0.99408226]
791.0345227718353,1003,False,5,2,[-1.24674487  7.04440039  3.99367811],cruising,[ 0.63925976  0.24903542 -0.34837281]
791.0345227718353,1004,False,3,4,[ 8.25529232 -7.4630593   1.8600086 ],landing,[-0.62185191  0.08809385  0.93462812]
791.0345227718353,1005,False,6,1,[5.35592556 1.92986899 2.64642067],landing,[ 0.50568378 -0.03156594 -0.11489306]
791.1352517604828,1000,False,1,0,[-4.25683318  1.08430508  3.99999997],cruising,[-0.82138112 -0.19970136 -0.21083176]
791.1352517604828,1001,False,3,5,[-1.00811796 -7.62078564  2.30688855],entering,[-0.48080528  0.59740651 -0.20557775]
791.1352517604828,1002,False,2,6,[-2.44122454  7.27456967  4.00023382],cruising,[ 0.5677905  -0.59831228 -0.99408226]
791.1352517604828,1003,False,5,2,[-1.06459834  6.96180111  3.9946264 ],cruising,[ 0.63925976  0.24903542 -0.34837281]
791.1352517604828,1004,False,3,4,[ 8.23289014 -7.46630089  1.76260412],landing,[-0.62185191  0.08809385  0.93462812]
791.1352517604828,1005,False,6,1,[5.36331452 1.90782285 2.54916137],landing,[ 0.50568378 -0.03156594 -0.11489306]
791.244354724884,1000,False,1,0,[-4.37129294  1.24831411  3.99999997],cruising,[-0.82138112 -0.19970136 -0.21083176]
791.244354724884,1001,False,3,5,[-1.05352799 -7.48835479  2.38188855],entering,[-0.48080528  0.59740651 -0.20557775]
791.244354724884,1002,False,2,6,[-2.24126009  7.27834072  4.00019875],cruising,[ 0.5677905  -0.59831228 -0.99408226]
791.244354724884,1003,False,5,2,[-0.8864851   6.87083038  3.99543244],cruising,[ 0.63925976  0.24903542 -0.34837281]
791.244354724884,1004,False,3,4,[ 8.21048795 -7.46954248  1.66519963],landing,[-0.62185191  0.08809385  0.93462812]
791.244354724884,1005,False,6,1,[5.37070348 1.88577671 2.45190207],landing,[ 0.50568378 -0.03156594 -0.11489306]
791.3460414409637,1000,False,1,0,[-4.4868114   1.41157919  3.99999998],cruising,[-0.82138112 -0.19970136 -0.21083176]
791.3460414409637,1001,False,3,5,[-1.10542516 -7.33700525  2.45688855],entering,[-0.48080528  0.59740651 -0.20557775]
791.3460414409637,1002,False,2,6,[-2.04172185  7.26475807  4.00016894],cruising,[ 0.5677905  -0.59831228 -0.99408226]
791.3460414409637,1003,False,5,2,[-0.71171458  6.77359219  3.99611757],cruising,[ 0.63925976  0.24903542 -0.34837281]
791.3460414409637,1004,False,3,4,[ 8.18808577 -7.47278406  1.56779514],landing,[-0.62185191  0.08809385  0.93462812]
791.3460414409637,1005,False,6,1,[5.37809244 1.86373057 2.35464278],landing,[ 0.50568378 -0.03156594 -0.11489306]
791.4339716434479,1000,False,1,0,[-4.60294929  1.57440422  3.99999998],cruising,[-0.82138112 -0.19970136 -0.21083176]
791.4339716434479,1001,False,3,5,[-1.16380948 -7.16673702  2.53188855],entering,[-0.48080528  0.59740651 -0.20557775]
791.4339716434479,1002,False,2,6,[-1.84436539  7.23234777  4.0001436 ],cruising,[ 0.5677905  -0.59831228 -0.99408226]
791.4339716434479,1003,False,5,2,[-0.53861914  6.67340253  3.99669994],cruising,[ 0.63925976  0.24903542 -0.34837281]
791.4339716434479,1004,False,3,4,[ 8.16568358 -7.47602565  1.47039065],fake_landed,[-0.62185191  0.08809385  0.93462812]
791.4339716434479,1005,False,6,1,[5.38548141 1.84168443 2.25738348],landing,[ 0.50568378 -0.03156594 -0.11489306]
791.5387854576111,1000,False,1,0,[-4.719327    1.73705793  3.99999998],cruising,[-0.82138112 -0.19970136 -0.21083176]
791.5387854576111,1001,False,3,5,[-1.22993282 -6.97802678  2.60688855],entering,[-0.48080528  0.59740651 -0.20557775]
791.5387854576111,1002,False,2,6,[-1.64918654  7.18869898  4.00012206],cruising,[ 0.5677905  -0.59831228 -0.99408226]
791.5387854576111,1003,False,5,2,[-0.36780464  6.56937174  3.99719494],cruising,[ 0.63925976  0.24903542 -0.34837281]
791.5387854576111,1004,False,3,4,[ 8.14776183 -7.47861892  1.39246706],fake_landed,[-0.62185191  0.08809385  0.93462812]
791.5387854576111,1005,False,6,1,[5.39287037 1.81963829 2.16012418],landing,[ 0.50568378 -0.03156594 -0.11489306]
791.6449897289276,1000,False,1,0,[-4.83560806  1.89978075  3.99999999],cruising,[-0.82138112 -0.19970136 -0.21083176]
791.6449897289276,1001,False,3,5,[-1.29607195 -6.78927929  2.68188855],entering,[-0.48080528  0.59740651 -0.20557775]
791.6449897289276,1002,False,2,6,[-1.45825589  7.12915497  4.00010375],cruising,[ 0.5677905  -0.59831228 -0.99408226]
791.6449897289276,1003,False,5,2,[-0.19845415  6.46297432  3.9976157 ],cruising,[ 0.63925976  0.24903542 -0.34837281]
791.6449897289276,1004,False,3,4,[ 8.13432052 -7.48056387  1.33402437],fake_landed,[-0.62185191  0.08809385  0.93462812]
791.6449897289276,1005,False,6,1,[5.40025933 1.79759215 2.06286488],landing,[ 0.50568378 -0.03156594 -0.11489306]
791.7335731983185,1000,False,1,0,[-4.95148503  2.06279157  3.99999999],cruising,[-0.82138112 -0.19970136 -0.21083176]
791.7335731983185,1001,False,3,5,[-1.36221108 -6.6005318   2.75688855],entering,[-0.48080528  0.59740651 -0.20557775]
791.7335731983185,1002,False,2,6,[-1.27187898  7.05660398  4.00008819],cruising,[ 0.5677905  -0.59831228 -0.99408226]
791.7335731983185,1003,False,5,2,[-0.02954258  6.35588145  3.99797335],cruising,[ 0.63925976  0.24903542 -0.34837281]
791.7335731983185,1004,False,3,4,[ 8.12535965 -7.48186051  1.29506258],fake_landed,[-0.62185191  0.08809385  0.93462812]
791.7335731983185,1005,False,6,1,[5.40764829 1.77554601 1.96560559],landing,[ 0.50568378 -0.03156594 -0.11489306]
791.8428058624268,1000,False,1,0,[-5.06705558  2.22601978  3.99999999],cruising,[-0.82138112 -0.19970136 -0.21083176]
791.8428058624268,1001,False,3,5,[-1.42904458 -6.41202906  2.83188855],entering,[-0.48080528  0.59740651 -0.20557775]
791.8428058624268,1002,False,2,6,[-1.08987736  6.97368589  4.00007496],cruising,[ 0.5677905  -0.59831228 -0.99408226]
791.8428058624268,1003,False,5,2,[0.13916818 6.24847251 3.99827735],cruising,[ 0.63925976  0.24903542 -0.34837281]
791.8428058624268,1004,False,3,4,[ 8.12087921 -7.48250883  1.27558168],fake_landed,[-0.62185191  0.08809385  0.93462812]
791.8428058624268,1005,False,6,1,[5.41503725 1.75349987 1.86834629],landing,[ 0.50568378 -0.03156594 -0.11489306]
791.9449229240417,1000,False,1,0,[-5.18169671  2.38990209  3.99999999],cruising,[-0.82138112 -0.19970136 -0.21083176]
791.9449229240417,1001,False,3,5,[-1.49650226 -6.22374878  2.90688855],entering,[-0.48080528  0.59740651 -0.20557775]
791.9449229240417,1002,False,2,6,[-0.91176367  6.88271604  4.00006371],cruising,[ 0.5677905  -0.59831228 -0.99408226]
791.9449229240417,1003,False,5,2,[0.3079547  6.14118267 3.99853574],cruising,[ 0.63925976  0.24903542 -0.34837281]
791.9449229240417,1004,False,4,3,[ 8.12087921 -7.48250883  1.27558168],waiting,[-0.62185191  0.08809385  0.93462812]
791.9449229240417,1005,False,6,1,[5.42242621 1.73145373 1.77108699],landing,[ 0.50568378 -0.03156594 -0.11489306]
792.044109582901,1000,False,1,0,[-5.29510824  2.55463771  3.99999999],cruising,[-0.82138112 -0.19970136 -0.21083176]
792.044109582901,1001,False,3,5,[-1.56395994 -6.03546851  2.98188855],entering,[-0.48080528  0.59740651 -0.20557775]
792.044109582901,1002,False,2,6,[-0.73575807  6.78773168  4.00005416],cruising,[ 0.5677905  -0.59831228 -0.99408226]
792.044109582901,1003,False,5,2,[0.47724931 6.03469636 3.99875538],cruising,[ 0.63925976  0.24903542 -0.34837281]
792.044109582901,1004,False,4,3,[ 8.12087921 -7.48250883  1.27558168],waiting,[-0.62185191  0.08809385  0.93462812]
792.044109582901,1005,False,6,1,[5.42981517 1.70940759 1.67382769],landing,[ 0.50568378 -0.03156594 -0.11489306]
792.1345481872559,1000,False,1,0,[-5.40697829  2.72042399  3.99999999],cruising,[-0.82138112 -0.19970136 -0.21083176]
792.1345481872559,1001,False,3,5,[-1.63269128 -5.84764944  3.05688855],entering,[-0.48080528  0.59740651 -0.20557775]
792.1345481872559,1002,False,2,6,[-0.56275898  6.68737574  4.00004603],cruising,[ 0.5677905  -0.59831228 -0.99408226]
792.1345481872559,1003,False,5,2,[0.64768372 5.93004402 3.99894207],cruising,[ 0.63925976  0.24903542 -0.34837281]
792.1345481872559,1004,False,4,3,[ 8.12087921 -7.48250883  1.27558168],waiting,[-0.62185191  0.08809385  0.93462812]
792.1345481872559,1005,False,6,1,[5.43720413 1.68736145 1.5765684 ],landing,[ 0.50568378 -0.03156594 -0.11489306]
792.2322463989258,1000,False,1,0,[-5.51697022  2.88746224  3.99999999],cruising,[-0.82138112 -0.19970136 -0.21083176]
792.2322463989258,1001,False,3,5,[-1.70142262 -5.65983037  3.13188855],entering,[-0.48080528  0.59740651 -0.20557775]
792.2322463989258,1002,False,2,6,[-0.39194846  6.58333841  4.00003913],cruising,[ 0.5677905  -0.59831228 -0.99408226]
792.2322463989258,1003,False,5,2,[0.81924078 5.82724239 3.99910076],cruising,[ 0.63925976  0.24903542 -0.34837281]
792.2322463989258,1004,False,4,3,[ 8.12087921 -7.48250883  1.27558168],waiting,[-0.62185191  0.08809385  0.93462812]
792.2322463989258,1005,False,6,1,[5.44459309 1.66531531 1.4793091 ],fake_landed,[ 0.50568378 -0.03156594 -0.11489306]
792.3429343700409,1000,False,1,0,[-5.62587387  3.05521203  4.        ],cruising,[-0.82138112 -0.19970136 -0.21083176]
792.3429343700409,1001,False,3,5,[-1.77129285 -5.47243199  3.20688855],entering,[-0.48080528  0.59740651 -0.20557775]
792.3429343700409,1002,False,2,6,[-0.22203521  6.47784202  4.00003326],cruising,[ 0.5677905  -0.59831228 -0.99408226]
792.3429343700409,1003,False,5,2,[0.99217801 5.72677988 3.99923565],cruising,[ 0.63925976  0.24903542 -0.34837281]
792.3429343700409,1004,False,4,3,[ 8.12087921 -7.48250883  1.27558168],waiting,[-0.62185191  0.08809385  0.93462812]
792.3429343700409,1005,False,6,1,[5.45050426 1.6476784  1.40150166],fake_landed,[ 0.50568378 -0.03156594 -0.11489306]
792.4348700046539,1000,False,1,0,[-5.73205743  3.2246967   4.        ],cruising,[-0.82138112 -0.19970136 -0.21083176]
792.4348700046539,1001,False,3,5,[-1.84047833 -5.28477974  3.28188855],entering,[-0.48080528  0.59740651 -0.20557775]
792.4348700046539,1002,False,2,6,[-0.05316812  6.37067904  4.00002827],cruising,[ 0.5677905  -0.59831228 -0.99408226]
792.4348700046539,1003,False,5,2,[1.16753119 5.63059641 3.9993503 ],cruising,[ 0.63925976  0.24903542 -0.34837281]
792.4348700046539,1004,False,4,3,[ 8.12087921 -7.48250883  1.27558168],waiting,[-0.62185191  0.08809385  0.93462812]
792.4348700046539,1005,False,6,1,[5.45493764 1.63445071 1.34314608],fake_landed,[ 0.50568378 -0.03156594 -0.11489306]
792.5320725440979,1000,False,1,0,[-5.8350517   3.39613818  4.        ],cruising,[-0.82138112 -0.19970136 -0.21083176]
792.5320725440979,1001,False,3,5,[-1.91137369 -5.09776678  3.35688855],entering,[-0.48080528  0.59740651 -0.20557775]
792.5320725440979,1002,False,2,6,[0.11552232 6.26323818 4.00002403],cruising,[ 0.5677905  -0.59831228 -0.99408226]
792.5320725440979,1003,False,5,2,[1.34470811 5.53781526 3.99944776],cruising,[ 0.63925976  0.24903542 -0.34837281]
792.5320725440979,1004,False,4,3,[ 8.12087921 -7.48250883  1.27558168],waiting,[-0.62185191  0.08809385  0.93462812]
792.5320725440979,1005,False,6,1,[5.45789323 1.62563226 1.30424236],fake_landed,[ 0.50568378 -0.03156594 -0.11489306]
792.6466732025146,1000,False,1,0,[-5.93428704  3.56978249  4.        ],cruising,[-0.82138112 -0.19970136 -0.21083176]
792.6466732025146,1001,False,3,5,[-1.98288685 -4.91098918  3.43188855],entering,[-0.48080528  0.59740651 -0.20557775]
792.6466732025146,1002,False,2,6,[0.28429861 6.15593225 4.00002043],cruising,[ 0.5677905  -0.59831228 -0.99408226]
792.6466732025146,1003,False,5,2,[1.5248973  5.45102899 3.99953059],cruising,[ 0.63925976  0.24903542 -0.34837281]
792.6466732025146,1004,False,4,3,[ 8.12087921 -7.48250883  1.27558168],waiting,[-0.62185191  0.08809385  0.93462812]
792.6466732025146,1005,False,6,1,[5.45937102 1.62122303 1.2847905 ],fake_landed,[ 0.50568378 -0.03156594 -0.11489306]
792.7346169948578,1000,False,1,0,[-6.02906121  3.74590136  4.        ],cruising,[-0.82138112 -0.19970136 -0.21083176]
792.7346169948578,1001,False,3,5,[-2.05466235 -4.72431225  3.50688855],entering,[-0.48080528  0.59740651 -0.20557775]
792.7346169948578,1002,False,2,6,[0.45357847 6.04942249 4.00001736],cruising,[ 0.5677905  -0.59831228 -0.99408226]
792.7346169948578,1003,False,5,2,[1.70719295 5.36875935 3.999601  ],cruising,[ 0.63925976  0.24903542 -0.34837281]
792.7346169948578,1004,False,4,3,[ 8.12087921 -7.48250883  1.27558168],waiting,[-0.62185191  0.08809385  0.93462812]
792.7346169948578,1005,False,1,4,[5.45937102 1.62122303 1.2847905 ],waiting,[ 0.50568378 -0.03156594 -0.11489306]
792.8382985591888,1000,False,1,0,[-6.11849671  3.92479041  4.        ],cruising,[-0.82138112 -0.19970136 -0.21083176]
792.8382985591888,1001,False,3,5,[-2.12633142 -4.53759443  3.58085526],entering,[-0.48080528  0.59740651 -0.20557775]
792.8382985591888,1002,False,2,6,[0.62362375 5.94413905 4.00001476],cruising,[ 0.5677905  -0.59831228 -0.99408226]
792.8382985591888,1003,False,5,2,[1.89174487 5.29168414 3.99966085],cruising,[ 0.63925976  0.24903542 -0.34837281]
792.8382985591888,1004,False,4,3,[ 8.12087921 -7.48250883  1.27558168],waiting,[-0.62185191  0.08809385  0.93462812]
792.8382985591888,1005,False,1,4,[5.45937102 1.62122303 1.2847905 ],waiting,[ 0.50568378 -0.03156594 -0.11489306]
792.940997838974,1000,False,1,0,[-6.20148357  4.10676069  4.        ],cruising,[-0.82138112 -0.19970136 -0.21083176]
792.940997838974,1001,False,3,5,[-2.19591005 -4.35008759  3.64372697],entering,[-0.48080528  0.59740651 -0.20557775]
792.940997838974,1002,False,2,6,[0.7951987  5.84136728 4.00001254],cruising,[ 0.5677905  -0.59831228 -0.99408226]
792.940997838974,1003,False,5,2,[2.07864463 5.22049087 3.99971173],cruising,[ 0.63925976  0.24903542 -0.34837281]
792.940997838974,1004,False,4,3,[ 8.12087921 -7.48250883  1.27558168],waiting,[-0.62185191  0.08809385  0.93462812]
792.940997838974,1005,False,1,4,[5.45937102 1.62122303 1.2847905 ],waiting,[ 0.50568378 -0.03156594 -0.11489306]
793.0375955104828,1000,False,1,0,[-6.27235866  4.29378133  4.        ],cruising,[-0.82138112 -0.19970136 -0.21083176]
793.0375955104828,1001,False,3,5,[-2.26548753 -4.16258033  3.69716793],entering,[-0.48080528  0.59740651 -0.20557775]
793.0375955104828,1002,False,2,6,[0.96811654 5.74087141 4.00001066],cruising,[ 0.5677905  -0.59831228 -0.99408226]
793.0375955104828,1003,False,5,2,[2.26936113 5.16026449 3.99975497],cruising,[ 0.63925976  0.24903542 -0.34837281]
793.0375955104828,1004,False,4,3,[ 8.12087921 -7.48250883  1.27558168],waiting,[-0.62185191  0.08809385  0.93462812]
793.0375955104828,1005,False,1,4,[5.45937102 1.62122303 1.2847905 ],waiting,[ 0.50568378 -0.03156594 -0.11489306]
793.1346535682678,1000,False,1,0,[-6.33337758  4.48424574  4.        ],cruising,[-0.82138112 -0.19970136 -0.21083176]
793.1346535682678,1001,False,3,5,[-2.32731617 -3.97237723  3.74259274],entering,[-0.48080528  0.59740651 -0.20557775]
793.1346535682678,1002,False,2,6,[1.14339379 5.64454964 4.00000906],cruising,[ 0.5677905  -0.59831228 -0.99408226]
793.1346535682678,1003,False,5,2,[2.46304429 5.11039635 3.99979172],cruising,[ 0.63925976  0.24903542 -0.34837281]
793.1346535682678,1004,False,4,3,[ 8.12087921 -7.48250883  1.27558168],waiting,[-0.62185191  0.08809385  0.93462812]
793.1346535682678,1005,False,1,4,[5.45937102 1.62122303 1.2847905 ],waiting,[ 0.50568378 -0.03156594 -0.11489306]
793.2382161617279,1000,False,1,0,[-6.37506806  4.67984932  4.        ],cruising,[-0.82138112 -0.19970136 -0.21083176]
793.2382161617279,1001,False,3,5,[-2.38802183 -3.78181275  3.78120383],entering,[-0.48080528  0.59740651 -0.20557775]
793.2382161617279,1002,False,2,6,[1.32046471 5.55156636 4.0000077 ],cruising,[ 0.5677905  -0.59831228 -0.99408226]
793.2382161617279,1003,False,5,2,[2.65879387 5.06938292 3.99982296],cruising,[ 0.63925976  0.24903542 -0.34837281]
793.2382161617279,1004,False,4,3,[ 8.12087921 -7.48250883  1.27558168],waiting,[-0.62185191  0.08809385  0.93462812]
793.2382161617279,1005,False,1,4,[5.45937102 1.62122303 1.2847905 ],queued,[ 0.50568378 -0.03156594 -0.11489306]
793.3384094238281,1000,False,1,0,[-6.39697045  4.87835659  4.        ],cruising,[-0.82138112 -0.19970136 -0.21083176]
793.3384094238281,1001,False,3,5,[-2.44871355 -3.59124382  3.81402325],cruising,[-0.48080528  0.59740651 -0.20557775]
793.3384094238281,1002,False,2,6,[1.49954502 5.46251444 4.00000655],cruising,[ 0.5677905  -0.59831228 -0.99408226]
793.3384094238281,1003,False,5,2,[2.85595122 5.0357826  3.99984952],cruising,[ 0.63925976  0.24903542 -0.34837281]
793.3384094238281,1004,False,4,3,[ 8.12087921 -7.48250883  1.27558168],waiting,[-0.62185191  0.08809385  0.93462812]
793.3384094238281,1005,False,1,4,[5.45937102 1.62122303 1.3047905 ],queued,[ 0.50568378 -0.03156594 -0.11489306]
793.4411103725433,1000,False,1,0,[-6.39889628  5.07783212  4.        ],cruising,[-0.82138112 -0.19970136 -0.21083176]
793.4411103725433,1001,False,3,5,[-2.5033635  -3.39885519  3.84191977],cruising,[-0.48080528  0.59740651 -0.20557775]
793.4411103725433,1002,False,2,6,[1.68185087 5.3802674  4.00000557],cruising,[ 0.5677905  -0.59831228 -0.99408226]
793.4411103725433,1003,False,5,2,[3.05404897 5.00826383 3.99987209],cruising,[ 0.63925976  0.24903542 -0.34837281]
793.4411103725433,1004,False,4,3,[ 8.12087921 -7.48250883  1.27558168],waiting,[-0.62185191  0.08809385  0.93462812]
793.4411103725433,1005,False,1,4,[5.45937102 1.62122303 1.3447905 ],queued,[ 0.50568378 -0.03156594 -0.11489306]
793.5320489406586,1000,False,1,0,[-6.38097736  5.27482059  4.        ],cruising,[-0.82138112 -0.19970136 -0.21083176]
793.5320489406586,1001,False,3,5,[-2.55313535 -3.20514726  3.8656318 ],cruising,[-0.48080528  0.59740651 -0.20557775]
793.5320489406586,1002,False,2,6,[1.86635009 5.30306611 4.00000473],cruising,[ 0.5677905  -0.59831228 -0.99408226]
793.5320489406586,1003,False,5,2,[3.25276347 4.98562438 3.99989128],cruising,[ 0.63925976  0.24903542 -0.34837281]
793.5320489406586,1004,False,4,3,[ 8.12087921 -7.48250883  1.27558168],waiting,[-0.62185191  0.08809385  0.93462812]
793.5320489406586,1005,False,1,4,[5.45937102 1.62122303 1.4047905 ],queued,[ 0.50568378 -0.03156594 -0.11489306]
793.6337285041809,1000,False,1,0,[-6.34365642  5.46695501  4.        ],cruising,[-0.82138112 -0.19970136 -0.21083176]
793.6337285041809,1001,False,3,5,[-2.59583678 -3.00975896  3.88578703],cruising,[-0.48080528  0.59740651 -0.20557775]
793.6337285041809,1002,False,2,6,[2.05315032 5.23161212 4.00000402],cruising,[ 0.5677905  -0.59831228 -0.99408226]
793.6337285041809,1003,False,5,2,[3.45187488 4.96679232 3.99990759],cruising,[ 0.63925976  0.24903542 -0.34837281]
793.6337285041809,1004,False,4,3,[ 8.12087921 -7.48250883  1.27558168],waiting,[-0.62185191  0.08809385  0.93462812]
793.6337285041809,1005,False,1,4,[5.45937102 1.62122303 1.4797905 ],queued,[ 0.50568378 -0.03156594 -0.11489306]
793.7364072799683,1000,False,1,0,[-6.28753921  5.65225567  4.        ],cruising,[-0.82138112 -0.19970136 -0.21083176]
793.7364072799683,1001,False,3,5,[-2.63803382 -2.81426111  3.90291898],cruising,[-0.48080528  0.59740651 -0.20557775]
793.7364072799683,1002,False,2,6,[2.24229204 5.16660895 4.00000342],cruising,[ 0.5677905  -0.59831228 -0.99408226]
793.7364072799683,1003,False,5,2,[3.6512358  4.9508166  3.99992145],cruising,[ 0.63925976  0.24903542 -0.34837281]
793.7364072799683,1004,False,4,3,[ 8.12087921 -7.48250883  1.27558168],waiting,[-0.62185191  0.08809385  0.93462812]
793.7364072799683,1005,False,1,4,[5.45937102 1.62122303 1.5547905 ],queued,[ 0.50568378 -0.03156594 -0.11489306]
793.8375995159149,1000,False,1,0,[-6.21356157  5.82855606  4.        ],cruising,[-0.82138112 -0.19970136 -0.21083176]
793.8375995159149,1001,False,3,5,[-2.67770545 -2.61823519  3.91748113],cruising,[-0.48080528  0.59740651 -0.20557775]
793.8375995159149,1002,False,2,6,[2.43602942 5.11695185 4.00000291],cruising,[ 0.5677905  -0.59831228 -0.99408226]
793.8375995159149,1003,False,5,2,[3.85074768 4.93685204 3.99993323],cruising,[ 0.63925976  0.24903542 -0.34837281]
793.8375995159149,1004,False,4,3,[ 8.12087921 -7.48250883  1.27558168],queued,[-0.62185191  0.08809385  0.93462812]
793.8375995159149,1005,False,1,4,[5.45937102 1.62122303 1.6297905 ],queued,[ 0.50568378 -0.03156594 -0.11489306]
793.9319870471954,1000,False,1,0,[-6.12281162  5.99396197  4.        ],cruising,[-0.82138112 -0.19970136 -0.21083176]
793.9319870471954,1001,False,3,5,[-2.71894708 -2.42253356  3.92985896],cruising,[-0.48080528  0.59740651 -0.20557775]
793.9319870471954,1002,False,2,6,[2.63176206 5.07585764 4.00000247],cruising,[ 0.5677905  -0.59831228 -0.99408226]
793.9319870471954,1003,False,5,2,[4.05034342 4.92414217 3.99994325],cruising,[ 0.63925976  0.24903542 -0.34837281]
793.9319870471954,1004,False,4,3,[ 8.12087921 -7.48250883  1.29558168],queued,[-0.62185191  0.08809385  0.93462812]
793.9319870471954,1005,False,1,4,[5.45937102 1.62122303 1.7047905 ],queued,[ 0.50568378 -0.03156594 -0.11489306]
794.0441765785217,1000,False,1,0,[-6.01655309  6.14673918  4.        ],cruising,[-0.82138112 -0.19970136 -0.21083176]
794.0441765785217,1001,False,3,5,[-2.76196882 -2.22721554  3.94038012],cruising,[-0.48080528  0.59740651 -0.20557775]
794.0441765785217,1002,False,2,6,[2.82887234 5.04198234 4.0000021 ],cruising,[ 0.5677905  -0.59831228 -0.99408226]
794.0441765785217,1003,False,5,2,[4.24997458 4.91200133 3.99995176],cruising,[ 0.63925976  0.24903542 -0.34837281]
794.0441765785217,1004,False,4,3,[ 8.12087921 -7.48250883  1.33558168],queued,[-0.62185191  0.08809385  0.93462812]
794.0441765785217,1005,False,1,4,[5.45937102 1.62122303 1.7797905 ],queued,[ 0.50568378 -0.03156594 -0.11489306]
794.1352300643921,1000,False,1,0,[-5.89569206  6.28585012  4.        ],cruising,[-0.82138112 -0.19970136 -0.21083176]
794.1352300643921,1001,False,3,5,[-2.80624535 -2.03217813  3.9493231 ],cruising,[-0.48080528  0.59740651 -0.20557775]
794.1352300643921,1002,False,2,6,[3.02691491 5.01406927 4.00000178],cruising,[ 0.5677905  -0.59831228 -0.99408226]
794.1352300643921,1003,False,5,2,[4.44959751 4.89972586 3.999959  ],cruising,[ 0.63925976  0.24903542 -0.34837281]
794.1352300643921,1004,False,4,3,[ 8.12087921 -7.48250883  1.39558168],queued,[-0.62185191  0.08809385  0.93462812]
794.1352300643921,1005,False,1,4,[5.45937102 1.62122303 1.8547905 ],queued,[ 0.50568378 -0.03156594 -0.11489306]
794.2347915172577,1000,False,1,0,[-5.76111106  6.410409    4.        ],cruising,[-0.82138112 -0.19970136 -0.21083176]
794.2347915172577,1001,False,3,5,[-2.85348377 -1.83783686  3.95692463],cruising,[-0.48080528  0.59740651 -0.20557775]
794.2347915172577,1002,False,2,6,[3.22557676 4.99097232 4.00000152],cruising,[ 0.5677905  -0.59831228 -0.99408226]
794.2347915172577,1003,False,5,2,[4.64919993 4.8871213  3.99996515],cruising,[ 0.63925976  0.24903542 -0.34837281]
794.2347915172577,1004,False,4,3,[ 8.12087921 -7.48250883  1.47058168],queued,[-0.62185191  0.08809385  0.93462812]
794.2347915172577,1005,False,1,4,[5.45937102 1.62122303 1.9297905 ],queued,[ 0.50568378 -0.03156594 -0.11489306]
794.3378684520721,1000,False,1,0,[-5.61363542  6.51967971  4.        ],cruising,[-0.82138112 -0.19970136 -0.21083176]
794.3378684520721,1001,False,3,5,[-2.90393327 -1.64430431  3.96338594],cruising,[-0.48080528  0.59740651 -0.20557775]
794.3378684520721,1002,False,2,6,[3.42464225 4.97166085 4.00000129],cruising,[ 0.5677905  -0.59831228 -0.99408226]
794.3378684520721,1003,False,5,2,[4.84873746 4.87352812 3.99997037],cruising,[ 0.63925976  0.24903542 -0.34837281]
794.3378684520721,1004,False,4,3,[ 8.12087921 -7.48250883  1.54558168],queued,[-0.62185191  0.08809385  0.93462812]
794.3378684520721,1005,False,1,4,[5.45937102 1.62122303 2.0047905 ],queued,[ 0.50568378 -0.03156594 -0.11489306]
794.4380202293396,1000,False,1,0,[-5.45399933  6.61307203  4.        ],cruising,[-0.82138112 -0.19970136 -0.21083176]
794.4380202293396,1001,False,3,5,[-2.95790962 -1.45172561  3.96887805],cruising,[-0.48080528  0.59740651 -0.20557775]
794.4380202293396,1002,False,2,6,[3.62396483 4.95521369 4.0000011 ],cruising,[ 0.5677905  -0.59831228 -0.99408226]
794.4380202293396,1003,False,5,2,[5.04815797 4.85831434 3.99997482],cruising,[ 0.63925976  0.24903542 -0.34837281]
794.4380202293396,1004,False,4,3,[ 8.12087921 -7.48250883  1.62058168],queued,[-0.62185191  0.08809385  0.93462812]
794.4380202293396,1005,False,1,4,[5.45937102 1.62122303 2.0797905 ],queued,[ 0.50568378 -0.03156594 -0.11489306]
794.5380911827087,1000,False,1,0,[-5.28283891  6.6901184   4.        ],cruising,[-0.82138112 -0.19970136 -0.21083176]
794.5380911827087,1001,False,3,5,[-3.0157738  -1.26027918  3.97354634],cruising,[-0.48080528  0.59740651 -0.20557775]
794.5380911827087,1002,False,2,6,[3.82344528 4.94080709 4.00000093],cruising,[ 0.5677905  -0.59831228 -0.99408226]
794.5380911827087,1003,False,5,2,[5.24739446 4.84085527 3.9999786 ],cruising,[ 0.63925976  0.24903542 -0.34837281]
794.5380911827087,1004,False,4,3,[ 8.12087921 -7.48250883  1.69558168],queued,[-0.62185191  0.08809385  0.93462812]
794.5380911827087,1005,False,1,4,[5.45937102 1.62122303 2.1547905 ],queued,[ 0.50568378 -0.03156594 -0.11489306]
794.6345956325531,1000,False,1,0,[-5.10093232  6.75029705  4.        ],cruising,[-0.82138112 -0.19970136 -0.21083176]
794.6345956325531,1001,False,3,5,[-3.07705842 -1.0699001   3.97751439],cruising,[-0.48080528  0.59740651 -0.20557775]
794.6345956325531,1002,False,2,6,[4.02301531 4.92769974 4.00000079],cruising,[ 0.5677905  -0.59831228 -0.99408226]
794.6345956325531,1003,False,5,2,[5.4464978  4.82193806 3.99998181],cruising,[ 0.63925976  0.24903542 -0.34837281]
794.6345956325531,1004,False,4,3,[ 8.12087921 -7.48250883  1.77058168],queued,[-0.62185191  0.08809385  0.93462812]
794.6345956325531,1005,False,1,4,[5.45937102 1.62122303 2.2297905 ],queued,[ 0.50568378 -0.03156594 -0.11489306]
794.7323243618011,1000,False,1,0,[-4.90810305  6.79372175  4.        ],cruising,[-0.82138112 -0.19970136 -0.21083176]
794.7323243618011,1001,False,3,5,[-3.14295005 -0.88106606  3.98088723],cruising,[-0.48080528  0.59740651 -0.20557775]
794.7323243618011,1002,False,2,6,[4.22260029 4.91482207 4.00000067],cruising,[ 0.5677905  -0.59831228 -0.99408226]
794.7323243618011,1003,False,5,2,[5.64523643 4.79951137 3.99998454],cruising,[ 0.63925976  0.24903542 -0.34837281]
794.7323243618011,1004,False,4,3,[ 8.12087921 -7.48250883  1.84558168],queued,[-0.62185191  0.08809385  0.93462812]
794.7323243618011,1005,False,1,4,[5.45937102 1.62122303 2.3047905 ],queued,[ 0.50568378 -0.03156594 -0.11489306]
794.8313908576965,1000,False,1,0,[-4.71254698  6.83564815  4.        ],cruising,[-0.82138112 -0.19970136 -0.21083176]
794.8313908576965,1001,False,3,5,[-3.21388733 -0.694069    3.98375415],cruising,[-0.48080528  0.59740651 -0.20557775]
794.8313908576965,1002,False,2,6,[4.42221118 4.90235233 4.00000057],cruising,[ 0.5677905  -0.59831228 -0.99408226]
794.8313908576965,1003,False,5,2,[5.84345405 4.77286972 3.99998685],cruising,[ 0.63925976  0.24903542 -0.34837281]
794.8313908576965,1004,False,4,3,[ 8.12087921 -7.48250883  1.92058168],queued,[-0.62185191  0.08809385  0.93462812]
794.8313908576965,1005,False,1,4,[5.45937102 1.62122303 2.3797905 ],queued,[ 0.50568378 -0.03156594 -0.11489306]
794.9423213005066,1000,False,1,0,[-4.51783799  6.88134726  4.        ],cruising,[-0.82138112 -0.19970136 -0.21083176]
794.9423213005066,1001,False,3,5,[-3.29028783 -0.50923674  3.98619102],cruising,[-0.48080528  0.59740651 -0.20557775]
794.9423213005066,1002,False,2,6,[4.62180388 4.88959484 4.00000049],cruising,[ 0.5677905  -0.59831228 -0.99408226]
794.9423213005066,1003,False,5,2,[6.0409383  4.74124743 3.99998883],cruising,[ 0.63925976  0.24903542 -0.34837281]
794.9423213005066,1004,False,4,3,[ 8.12087921 -7.48250883  1.99558168],queued,[-0.62185191  0.08809385  0.93462812]
794.9423213005066,1005,False,1,4,[5.45937102 1.62122303 2.4547905 ],queued,[ 0.50568378 -0.03156594 -0.11489306]
795.0408935546875,1000,False,1,0,[-4.3236779   6.92932496  4.        ],cruising,[-0.82138112 -0.19970136 -0.21083176]
795.0408935546875,1001,False,3,5,[-3.3708033  -0.32615954  3.98826237],cruising,[-0.48080528  0.59740651 -0.20557775]
795.0408935546875,1002,False,2,6,[4.82133447 4.87590014 4.00000041],cruising,[ 0.5677905  -0.59831228 -0.99408226]
795.0408935546875,1003,False,5,2,[6.23740126 4.70380006 3.9999905 ],cruising,[ 0.63925976  0.24903542 -0.34837281]
795.0408935546875,1004,False,4,3,[ 8.12087921 -7.48250883  2.07058168],queued,[-0.62185191  0.08809385  0.93462812]
795.0408935546875,1005,False,1,4,[5.45937102 1.62122303 2.5297905 ],queued,[ 0.50568378 -0.03156594 -0.11489306]
795.1574544906616,1000,False,1,0,[-4.12975867  6.9782671   4.        ],cruising,[-0.82138112 -0.19970136 -0.21083176]
795.1574544906616,1001,False,3,5,[-3.45772896 -0.14603756  3.99002302],cruising,[-0.48080528  0.59740651 -0.20557775]
795.1574544906616,1002,False,2,6,[5.02075176 4.8606443  4.00000035],cruising,[ 0.5677905  -0.59831228 -0.99408226]
795.1574544906616,1003,False,5,2,[6.43245315 4.65958738 3.99999193],cruising,[ 0.63925976  0.24903542 -0.34837281]
795.1574544906616,1004,False,4,3,[ 8.12087921 -7.48250883  2.14558168],queued,[-0.62185191  0.08809385  0.93462812]
795.1574544906616,1005,False,1,4,[5.45937102 1.62122303 2.6047905 ],entering,[ 0.50568378 -0.03156594 -0.11489306]
795.2683913707733,1000,False,1,0,[-3.93520351  7.02461673  4.        ],cruising,[-0.82138112 -0.19970136 -0.21083176]
795.2683913707733,1001,False,3,5,[-3.55147629  0.03063003  3.99151956],cruising,[-0.48080528  0.59740651 -0.20557775]
795.2683913707733,1002,False,2,6,[5.22008066 4.84427381 4.0000003 ],cruising,[ 0.5677905  -0.59831228 -0.99408226]
795.2683913707733,1003,False,5,2,[6.62556746 4.60755985 3.99999314],cruising,[ 0.63925976  0.24903542 -0.34837281]
795.2683913707733,1004,False,4,3,[ 8.12087921 -7.48250883  2.22058168],queued,[-0.62185191  0.08809385  0.93462812]
795.2683913707733,1005,False,1,4,[5.47906272 1.61772493 2.6797905 ],entering,[ 0.50568378 -0.03156594 -0.11489306]
795.3614454269409,1000,False,1,0,[-3.74049522  7.07031882  4.        ],cruising,[-0.82138112 -0.19970136 -0.21083176]
795.3614454269409,1001,False,3,5,[-3.65119303  0.20399834  3.99279163],cruising,[-0.48080528  0.59740651 -0.20557775]
795.3614454269409,1002,False,2,6,[5.41916796 4.82518864 4.00000025],cruising,[ 0.5677905  -0.59831228 -0.99408226]
795.3614454269409,1003,False,5,2,[6.81603561 4.54655263 3.99999417],cruising,[ 0.63925976  0.24903542 -0.34837281]
795.3614454269409,1004,False,4,3,[ 8.12087921 -7.48250883  2.29558168],queued,[-0.62185191  0.08809385  0.93462812]
795.3614454269409,1005,False,1,4,[5.51844045 1.61069684 2.7547905 ],entering,[ 0.50568378 -0.03156594 -0.11489306]
795.4594957828522,1000,False,1,0,[-3.54541966  7.11442697  4.        ],cruising,[-0.82138112 -0.19970136 -0.21083176]
795.4594957828522,1001,False,3,5,[-3.75765186  0.37331024  3.99387288],cruising,[-0.48080528  0.59740651 -0.20557775]
795.4594957828522,1002,False,2,6,[5.61790158 4.80271753 4.00000022],exiting,[ 0.5677905  -0.59831228 -0.99408226]
795.4594957828522,1003,False,5,2,[7.0029103  4.47529358 3.99999504],cruising,[ 0.63925976  0.24903542 -0.34837281]
795.4594957828522,1004,False,4,3,[ 8.12087921 -7.48250883  2.37058168],queued,[-0.62185191  0.08809385  0.93462812]
795.4594957828522,1005,False,1,4,[5.57749138 1.6000681  2.8297905 ],entering,[ 0.50568378 -0.03156594 -0.11489306]
795.5580551624298,1000,False,1,0,[-3.34981131  7.15610876  4.        ],cruising,[-0.82138112 -0.19970136 -0.21083176]
795.5580551624298,1001,False,3,5,[-3.8672168   0.54062887  3.99479195],cruising,[-0.48080528  0.59740651 -0.20557775]
795.5580551624298,1002,False,2,6,[5.80051783 4.79208832 4.00000018],exiting,[ 0.5677905  -0.59831228 -0.99408226]
795.5580551624298,1003,False,5,2,[7.18493917 4.39243533 3.99999579],cruising,[ 0.63925976  0.24903542 -0.34837281]
795.5580551624298,1004,False,4,3,[ 8.12087921 -7.48250883  2.44558168],entering,[-0.62185191  0.08809385  0.93462812]
795.5580551624298,1005,False,1,4,[5.65614119 1.5854539  2.9047905 ],entering,[ 0.50568378 -0.03156594 -0.11489306]
795.6692414283752,1000,False,1,0,[-3.15306423  7.19203347  4.        ],cruising,[-0.82138112 -0.19970136 -0.21083176]
795.6692414283752,1001,False,3,5,[-3.97922994  0.70631851  3.99557316],cruising,[-0.48080528  0.59740651 -0.20557775]
795.6692414283752,1002,False,2,6,[5.96699789 4.79327533 4.00000014],exiting,[ 0.5677905  -0.59831228 -0.99408226]
795.6692414283752,1003,False,5,2,[7.36049643 4.29662485 3.99999642],cruising,[ 0.63925976  0.24903542 -0.34837281]
795.6692414283752,1004,False,4,3,[ 8.10938937 -7.46613862  2.52058168],entering,[-0.62185191  0.08809385  0.93462812]
795.6692414283752,1005,False,1,4,[5.75430827 1.56647202 2.9797905 ],entering,[ 0.50568378 -0.03156594 -0.11489306]
795.7674329280853,1000,False,1,0,[-2.95570476  7.22442546  4.        ],cruising,[-0.82138112 -0.19970136 -0.21083176]
795.7674329280853,1001,False,3,5,[-4.09312655  0.87071912  3.99623719],cruising,[-0.48080528  0.59740651 -0.20557775]
795.7674329280853,1002,False,2,6,[6.11731654 4.80624407 4.00000011],exiting,[ 0.5677905  -0.59831228 -0.99408226]
795.7674329280853,1003,False,5,2,[7.5253981  4.18388928 3.99999697],cruising,[ 0.63925976  0.24903542 -0.34837281]
795.7674329280853,1004,False,4,3,[ 8.08640969 -7.43339821  2.59558168],entering,[-0.62185191  0.08809385  0.93462812]
795.7674329280853,1005,False,1,4,[5.87185056 1.54253023 3.0547905 ],entering,[ 0.50568378 -0.03156594 -0.11489306]
795.8624956607819,1000,False,1,0,[-2.75728852  7.24954513  4.        ],cruising,[-0.82138112 -0.19970136 -0.21083176]
795.8624956607819,1001,False,3,5,[-4.20842223  1.0341416   3.99680161],cruising,[-0.48080528  0.59740651 -0.20557775]
795.8624956607819,1002,False,2,6,[6.25144003 4.83094809 4.00000007],exiting,[ 0.5677905  -0.59831228 -0.99408226]
795.8624956607819,1003,False,5,2,[7.67820527 4.05522503 3.99999744],cruising,[ 0.63925976  0.24903542 -0.34837281]
795.8624956607819,1004,False,4,3,[ 8.05194017 -7.3842876   2.67058168],entering,[-0.62185191  0.08809385  0.93462812]
795.8624956607819,1005,False,1,4,[6.00858107 1.51294819 3.1297905 ],entering,[ 0.50568378 -0.03156594 -0.11489306]
795.9708299636841,1000,False,1,0,[-2.55830713  7.26970461  4.        ],cruising,[-0.82138112 -0.19970136 -0.21083176]
795.9708299636841,1001,False,3,5,[-4.32469944  1.19686717  3.99728137],cruising,[-0.48080528  0.59740651 -0.20557775]
795.9708299636841,1002,False,2,6,[6.36932027 4.86732074 4.00000004],exiting,[ 0.5677905  -0.59831228 -0.99408226]
795.9708299636841,1003,False,5,2,[7.81734599 3.91195845 3.99999785],cruising,[ 0.63925976  0.24903542 -0.34837281]
795.9708299636841,1004,False,4,3,[ 8.00598081 -7.31880679  2.74558168],entering,[-0.62185191  0.08809385  0.93462812]
795.9708299636841,1005,False,1,4,[6.16382077 1.47578922 3.2047905 ],entering,[ 0.50568378 -0.03156594 -0.11489306]
796.0639564990997,1000,False,1,0,[-2.35858377  7.28022028  4.        ],cruising,[-0.82138112 -0.19970136 -0.21083176]
796.0639564990997,1001,False,3,5,[-4.4415948   1.35914925  3.99768916],cruising,[-0.48080528  0.59740651 -0.20557775]
796.0639564990997,1002,False,2,6,[6.47089534 4.91527532 4.00000002],exiting,[ 0.5677905  -0.59831228 -0.99408226]
796.0639564990997,1003,False,5,2,[7.94134983 3.75561996 3.99999819],cruising,[ 0.63925976  0.24903542 -0.34837281]
796.0639564990997,1004,False,4,3,[ 7.94853161 -7.23695577  2.82058168],entering,[-0.62185191  0.08809385  0.93462812]
796.0639564990997,1005,False,1,4,[6.33664341 1.42909923 3.2797905 ],entering,[ 0.50568378 -0.03156594 -0.11489306]
796.1650695800781,1000,False,1,0,[-2.15858659  7.27915841  4.        ],cruising,[-0.82138112 -0.19970136 -0.21083176]
796.1650695800781,1001,False,3,5,[-4.55878746  1.52121677  3.99803579],cruising,[-0.48080528  0.59740651 -0.20557775]
796.1650695800781,1002,False,2,6,[6.55611614 4.97474241 4.        ],exiting,[ 0.5677905  -0.59831228 -0.99408226]
796.1650695800781,1003,False,5,2,[8.04856114 3.58841818 3.9999985 ],cruising,[ 0.63925976  0.24903542 -0.34837281]
796.1650695800781,1004,False,4,3,[ 7.87959257 -7.13873455  2.89558168],entering,[-0.62185191  0.08809385  0.93462812]
796.1650695800781,1005,False,1,4,[6.52292455 1.36761502 3.3547905 ],entering,[ 0.50568378 -0.03156594 -0.11489306]
796.2742714881897,1000,False,1,0,[-1.95969013  7.25817749  4.        ],cruising,[-0.82138112 -0.19970136 -0.21083176]
796.2742714881897,1001,False,3,5,[-4.67596012  1.68329875  3.99833042],cruising,[-0.48080528  0.59740651 -0.20557775]
796.2742714881897,1002,False,2,6,[6.6249309  5.04564811 3.99999998],exiting,[ 0.5677905  -0.59831228 -0.99408226]
796.2742714881897,1003,False,5,2,[8.13814972 3.41175916 3.99999877],cruising,[ 0.63925976  0.24903542 -0.34837281]
796.2742714881897,1004,False,4,3,[ 7.79924443 -7.02408675  2.97058168],entering,[-0.62185191  0.08809385  0.93462812]
796.2742714881897,1005,False,1,4,[6.70891023 1.2940669  3.4297905 ],entering,[ 0.50568378 -0.03156594 -0.11489306]
796.3678662776947,1000,False,1,0,[-1.7635625   7.21901178  4.        ],cruising,[-0.82138112 -0.19970136 -0.21083176]
796.3678662776947,1001,False,3,5,[-4.79301676  1.84546454  3.99858086],cruising,[-0.48080528  0.59740651 -0.20557775]
796.3678662776947,1002,False,2,6,[6.67728601 5.12791515 3.99999998],exiting,[ 0.5677905  -0.59831228 -0.99408226]
796.3678662776947,1003,False,5,2,[8.20945435 3.22699475 3.999999  ],cruising,[ 0.63925976  0.24903542 -0.34837281]
796.3678662776947,1004,False,4,3,[ 7.70668481 -6.89359976  3.04558168],entering,[-0.62185191  0.08809385  0.93462812]
796.3678662776947,1005,False,1,4,[6.89177392 1.21306769 3.5047905 ],entering,[ 0.50568378 -0.03156594 -0.11489306]
796.4644355773926,1000,False,1,0,[-1.57123783  7.16413719  4.        ],cruising,[-0.82138112 -0.19970136 -0.21083176]
796.4644355773926,1001,False,3,5,[-4.90966708  2.00792285  3.99879373],cruising,[-0.48080528  0.59740651 -0.20557775]
796.4644355773926,1002,False,2,6,[6.7137782  5.22101897 3.99999998],exiting,[ 0.5677905  -0.59831228 -0.99408226]
796.4644355773926,1003,False,5,2,[8.26196076 3.03540196 3.99999918],cruising,[ 0.63925976  0.24903542 -0.34837281]
796.4644355773926,1004,False,4,3,[ 7.60122438 -6.74782981  3.12058168],entering,[-0.62185191  0.08809385  0.93462812]
796.4644355773926,1005,False,1,4,[7.06961541 1.12156685 3.57907193],entering,[ 0.50568378 -0.03156594 -0.11489306]
796.5756547451019,1000,False,1,0,[-1.38316446  7.0961048   4.        ],cruising,[-0.82138112 -0.19970136 -0.21083176]
796.5756547451019,1001,False,3,5,[-5.02563679  2.17086771  3.99897467],cruising,[-0.48080528  0.59740651 -0.20557775]
796.5756547451019,1002,False,2,6,[6.7502704  5.31412278 3.99999999],exiting,[ 0.5677905  -0.59831228 -0.99408226]
796.5756547451019,1003,False,5,2,[8.2993492  2.83892778 3.9999993 ],cruising,[ 0.63925976  0.24903542 -0.34837281]
796.5756547451019,1004,False,4,3,[ 7.48278185 -6.58684588  3.19558168],entering,[-0.62185191  0.08809385  0.93462812]
796.5756547451019,1005,False,1,4,[7.24119229 1.01879831 3.64221114],entering,[ 0.50568378 -0.03156594 -0.11489306]
796.6702723503113,1000,False,1,0,[-1.19787061  7.02083071  4.        ],cruising,[-0.82138112 -0.19970136 -0.21083176]
796.6702723503113,1001,False,3,5,[-5.14065702  2.33448417  3.99912847],cruising,[-0.48080528  0.59740651 -0.20557775]
796.6702723503113,1002,False,2,6,[6.78676259 5.40722659 3.99999999],exiting,[ 0.5677905  -0.59831228 -0.99408226]
796.6702723503113,1003,False,5,2,[8.33080513 2.64141696 3.99999941],cruising,[ 0.63925976  0.24903542 -0.34837281]
796.6702723503113,1004,False,4,3,[ 7.36383676 -6.4260601   3.27058168],entering,[-0.62185191  0.08809385  0.93462812]
796.6702723503113,1005,False,1,4,[7.40499631 0.90404534 3.69587947],entering,[ 0.50568378 -0.03156594 -0.11489306]
796.7677915096283,1000,False,1,0,[-1.01693498  6.93561157  4.        ],cruising,[-0.82138112 -0.19970136 -0.21083176]
796.7677915096283,1001,False,3,5,[-5.25506236  2.49853117  3.9992592 ],cruising,[-0.48080528  0.59740651 -0.20557775]
796.7677915096283,1002,False,2,6,[6.82325479 5.5003304  3.99999999],exiting,[ 0.5677905  -0.59831228 -0.99408226]
796.7677915096283,1003,False,5,2,[8.35746371 2.44320162 3.99999949],cruising,[ 0.63925976  0.24903542 -0.34837281]
796.7677915096283,1004,False,4,3,[ 7.24128289 -6.26800774  3.34558168],entering,[-0.62185191  0.08809385  0.93462812]
796.7677915096283,1005,False,1,4,[7.56062119 0.7784233  3.74149755],entering,[ 0.50568378 -0.03156594 -0.11489306]
796.8744854927063,1000,False,1,0,[-0.83979047  6.84276858  4.        ],cruising,[-0.82138112 -0.19970136 -0.21083176]
796.8744854927063,1001,False,3,5,[-5.36797116  2.66361177  3.99937032],cruising,[-0.48080528  0.59740651 -0.20557775]
796.8744854927063,1002,False,2,6,[6.85974698 5.59343421 3.99999999],exiting,[ 0.5677905  -0.59831228 -0.99408226]
796.8744854927063,1003,False,5,2,[8.38320006 2.24486443 3.99999957],cruising,[ 0.63925976  0.24903542 -0.34837281]
796.8744854927063,1004,False,4,3,[ 7.11970415 -6.10920405  3.42058168],entering,[-0.62185191  0.08809385  0.93462812]
796.8744854927063,1005,False,1,4,[7.70475573 0.63976821 3.78027292],entering,[ 0.50568378 -0.03156594 -0.11489306]
796.9654142856598,1000,False,1,0,[-0.66573073  6.74426372  4.        ],cruising,[-0.82138112 -0.19970136 -0.21083176]
796.9654142856598,1001,False,3,5,[-5.47907314  2.82991375  3.99946477],cruising,[-0.48080528  0.59740651 -0.20557775]
796.9654142856598,1002,False,2,6,[6.89623918 5.68653802 3.99999999],exiting,[ 0.5677905  -0.59831228 -0.99408226]
796.9654142856598,1003,False,5,2,[8.40440648 2.04599189 3.99999964],cruising,[ 0.63925976  0.24903542 -0.34837281]
796.9654142856598,1004,False,4,3,[ 6.99267268 -5.9547275   3.49558168],entering,[-0.62185191  0.08809385  0.93462812]
796.9654142856598,1005,False,1,4,[7.83540858 0.48834221 3.81323198],entering,[ 0.50568378 -0.03156594 -0.11489306]
797.0712158679962,1000,False,1,0,[-0.49319684  6.6431101   4.        ],cruising,[-0.82138112 -0.19970136 -0.21083176]
797.0712158679962,1001,False,3,5,[-5.58802226  2.99763402  3.99954506],cruising,[-0.48080528  0.59740651 -0.20557775]
797.0712158679962,1002,False,2,6,[6.93273137 5.77964183 3.99999999],exiting,[ 0.5677905  -0.59831228 -0.99408226]
797.0712158679962,1003,False,5,2,[8.42440971 1.84699473 3.99999969],cruising,[ 0.63925976  0.24903542 -0.34837281]
797.0712158679962,1004,False,4,3,[ 6.86446678 -5.80122425  3.57058168],entering,[-0.62185191  0.08809385  0.93462812]
797.0712158679962,1005,False,1,4,[7.95086964 0.32503654 3.84124718],entering,[ 0.50568378 -0.03156594 -0.11489306]
797.1697683334351,1000,False,1,0,[-0.32268902  6.5385774   4.        ],cruising,[-0.82138112 -0.19970136 -0.21083176]
797.1697683334351,1001,False,3,5,[-5.69442115  3.16698359  3.9996133 ],cruising,[-0.48080528  0.59740651 -0.20557775]
797.1697683334351,1002,False,2,6,[6.96922357 5.87274565 4.        ],exiting,[ 0.5677905  -0.59831228 -0.99408226]
797.1697683334351,1003,False,5,2,[8.44283563 1.64784532 3.99999974],cruising,[ 0.63925976  0.24903542 -0.34837281]
797.1697683334351,1004,False,4,3,[ 6.73463331 -5.64909513  3.63499443],entering,[-0.62185191  0.08809385  0.93462812]
797.1697683334351,1005,False,1,4,[8.05003528 0.15135241 3.8650601 ],cruising,[ 0.50568378 -0.03156594 -0.11489306]
797.2644555568695,1000,False,1,0,[-0.15298435  6.43274582  4.        ],cruising,[-0.82138112 -0.19970136 -0.21083176]
797.2644555568695,1001,False,3,5,[-5.79780212  3.33819216  3.9996713 ],cruising,[-0.48080528  0.59740651 -0.20557775]
797.2644555568695,1002,False,2,6,[7.00571576 5.96584946 4.        ],exiting,[ 0.5677905  -0.59831228 -0.99408226]
797.2644555568695,1003,False,5,2,[8.45677715 1.44833183 3.99999978],cruising,[ 0.63925976  0.24903542 -0.34837281]
797.2644555568695,1004,False,4,3,[ 6.59786012 -5.5031736   3.68974526],entering,[-0.62185191  0.08809385  0.93462812]
797.2644555568695,1005,False,1,4,[ 8.1316055  -0.03120694  3.88546252],cruising,[ 0.50568378 -0.03156594 -0.11489306]
797.3700320720673,1000,False,1,0,[0.01586507 6.32555499 4.        ],cruising,[-0.82138112 -0.19970136 -0.21083176]
797.3700320720673,1001,False,3,5,[-5.89760294  3.51151209  3.99972061],cruising,[-0.48080528  0.59740651 -0.20557775]
797.3700320720673,1002,False,2,6,[7.04220796 6.05895327 4.        ],exiting,[ 0.5677905  -0.59831228 -0.99408226]
797.3700320720673,1003,False,5,2,[8.46921429 1.24871891 3.99999981],cruising,[ 0.63925976  0.24903542 -0.34837281]
797.3700320720673,1004,False,4,3,[ 6.45635098 -5.36184008  3.73628347],entering,[-0.62185191  0.08809385  0.93462812]
797.3700320720673,1005,False,1,4,[ 8.19642931 -0.2204102   3.90264314],cruising,[ 0.50568378 -0.03156594 -0.11489306]
797.4792172908783,1000,False,1,0,[0.18464731 6.21825841 4.        ],cruising,[-0.82138112 -0.19970136 -0.21083176]
797.4792172908783,1001,False,3,5,[-5.99313527  3.68722086  3.99976252],cruising,[-0.48080528  0.59740651 -0.20557775]
797.4792172908783,1002,False,2,6,[7.07870015 6.15205708 4.        ],exiting,[ 0.5677905  -0.59831228 -0.99408226]
797.4792172908783,1003,False,5,2,[8.47764406 1.04889664 3.99999984],cruising,[ 0.63925976  0.24903542 -0.34837281]
797.4792172908783,1004,False,4,3,[ 6.31249615 -5.22289481  3.77584095],entering,[-0.62185191  0.08809385  0.93462812]
797.4792172908783,1005,False,1,4,[ 8.24673607 -0.4139799   3.91724667],cruising,[ 0.50568378 -0.03156594 -0.11489306]
797.5652740001678,1000,False,1,0,[0.35370741 6.11140018 4.        ],exiting,[-0.82138112 -0.19970136 -0.21083176]
797.5652740001678,1001,False,3,5,[-6.08354282  3.86562062  3.99979814],cruising,[-0.48080528  0.59740651 -0.20557775]
797.5652740001678,1002,False,2,6,[7.11519235 6.24516089 4.        ],exiting,[ 0.5677905  -0.59831228 -0.99408226]
797.5652740001678,1003,False,5,2,[8.48460653 0.84901787 3.99999986],cruising,[ 0.63925976  0.24903542 -0.34837281]
797.5652740001678,1004,False,4,3,[ 6.16173984 -5.0914698   3.80946481],entering,[-0.62185191  0.08809385  0.93462812]
797.5652740001678,1005,False,1,4,[ 8.28409591 -0.61045953  3.92965967],cruising,[ 0.50568378 -0.03156594 -0.11489306]
797.6658453941345,1000,False,1,0,[0.51264188 6.02178931 4.        ],exiting,[-0.82138112 -0.19970136 -0.21083176]
797.6658453941345,1001,False,3,5,[-6.16774532  4.04703159  3.99982842],cruising,[-0.48080528  0.59740651 -0.20557775]
797.6658453941345,1002,False,2,6,[7.15168454 6.3382647  4.        ],exiting,[ 0.5677905  -0.59831228 -0.99408226]
797.6658453941345,1003,False,5,2,[8.489896   0.64908783 3.99999988],cruising,[ 0.63925976  0.24903542 -0.34837281]
797.6658453941345,1004,False,4,3,[ 6.00396615 -4.96855738  3.83804509],cruising,[-0.62185191  0.08809385  0.93462812]
797.6658453941345,1005,False,1,4,[ 8.30812554 -0.80901072  3.94021072],cruising,[ 0.50568378 -0.03156594 -0.11489306]
797.7725577354431,1000,False,1,0,[0.66130184 5.94933753 4.        ],exiting,[-0.82138112 -0.19970136 -0.21083176]
797.7725577354431,1001,False,3,5,[-6.24436355  4.2317737   3.99985416],cruising,[-0.48080528  0.59740651 -0.20557775]
797.7725577354431,1002,False,2,6,[7.18817674 6.43136851 4.        ],exiting,[ 0.5677905  -0.59831228 -0.99408226]
797.7725577354431,1003,False,5,2,[8.493359   0.44911781 3.9999999 ],cruising,[ 0.63925976  0.24903542 -0.34837281]
797.7725577354431,1004,False,4,3,[ 5.84245431 -4.85060007  3.86233832],cruising,[-0.62185191  0.08809385  0.93462812]
797.7725577354431,1005,False,1,4,[ 8.32267248 -1.00848098  3.94917911],cruising,[ 0.50568378 -0.03156594 -0.11489306]
797.8651540279388,1000,False,1,0,[0.79951884 5.89394285 4.        ],exiting,[-0.82138112 -0.19970136 -0.21083176]
797.8651540279388,1001,False,3,5,[-6.3116202   4.42012587  3.99987603],cruising,[-0.48080528  0.59740651 -0.20557775]
797.8651540279388,1002,False,2,6,[7.22466893 6.52447233 4.        ],exiting,[ 0.5677905  -0.59831228 -0.99408226]
797.8651540279388,1003,False,5,2,[8.49276591 0.24911869 3.99999992],cruising,[ 0.63925976  0.24903542 -0.34837281]
797.8651540279388,1004,False,4,3,[ 5.67456525 -4.74191124  3.88298758],cruising,[-0.62185191  0.08809385  0.93462812]
797.8651540279388,1005,False,1,4,[ 8.32901886 -1.20838027  3.95680224],cruising,[ 0.50568378 -0.03156594 -0.11489306]
797.9768693447113,1000,False,1,0,[0.92710049 5.85548598 4.        ],exiting,[-0.82138112 -0.19970136 -0.21083176]
797.9768693447113,1001,False,3,5,[-6.36093778  4.61394996  3.99989463],exiting,[-0.48080528  0.59740651 -0.20557775]
797.9768693447113,1002,False,2,6,[7.26116113 6.61757614 4.        ],exiting,[ 0.5677905  -0.59831228 -0.99408226]
797.9768693447113,1003,False,5,2,[8.49051854 0.04913132 3.99999993],cruising,[ 0.63925976  0.24903542 -0.34837281]
797.9768693447113,1004,False,4,3,[ 5.50341665 -4.63843101  3.90053944],cruising,[-0.62185191  0.08809385  0.93462812]
797.9768693447113,1005,False,1,4,[ 8.32822856 -1.40837871  3.96328191],cruising,[ 0.50568378 -0.03156594 -0.11489306]
798.0684373378754,1000,False,1,0,[1.04382142 5.8338233  4.        ],exiting,[-0.82138112 -0.19970136 -0.21083176]
798.0684373378754,1001,False,3,5,[-6.41219733  4.78786855  3.99991325],exiting,[-0.48080528  0.59740651 -0.20557775]
798.0684373378754,1002,False,2,6,[7.29765333 6.71067995 4.        ],exiting,[ 0.5677905  -0.59831228 -0.99408226]
798.0684373378754,1003,False,5,2,[ 8.48646533 -0.15082761  3.99999994],cruising,[ 0.63925976  0.24903542 -0.34837281]
798.0684373378754,1004,False,4,3,[ 5.32780291 -4.54272408  3.91545852],cruising,[-0.62185191  0.08809385  0.93462812]
798.0684373378754,1005,False,1,4,[ 8.31884734 -1.60815857  3.96878962],cruising,[ 0.50568378 -0.03156594 -0.11489306]
798.1776206493378,1000,False,1,0,[1.14940142 5.82877024 4.        ],exiting,[-0.82138112 -0.19970136 -0.21083176]
798.1776206493378,1001,False,3,5,[-6.46563501  4.9419061   3.99993135],exiting,[-0.48080528  0.59740651 -0.20557775]
798.1776206493378,1002,False,2,6,[7.33414552 6.80378376 4.        ],exiting,[ 0.5677905  -0.59831228 -0.99408226]
798.1776206493378,1003,False,5,2,[ 8.47847819 -0.35066806  3.99999995],cruising,[ 0.63925976  0.24903542 -0.34837281]
798.1776206493378,1004,False,4,3,[ 5.15020029 -4.45076045  3.92813975],cruising,[-0.62185191  0.08809385  0.93462812]
798.1776206493378,1005,False,1,4,[ 8.30414499 -1.80761744  3.97347118],cruising,[ 0.50568378 -0.03156594 -0.11489306]
798.2737174034119,1000,False,1,0,[1.2434673  5.84007032 4.        ],exiting,[-0.82138112 -0.19970136 -0.21083176]
798.2737174034119,1001,False,3,5,[-6.52156737  5.07609985  3.99994809],exiting,[-0.48080528  0.59740651 -0.20557775]
798.2737174034119,1002,False,2,6,[7.37063772 6.89688757 4.        ],exiting,[ 0.5677905  -0.59831228 -0.99408226]
798.2737174034119,1003,False,5,2,[ 8.4687873  -0.55043314  3.99999996],cruising,[ 0.63925976  0.24903542 -0.34837281]
798.2737174034119,1004,False,4,3,[ 4.96987106 -4.36426556  3.93891878],cruising,[-0.62185191  0.08809385  0.93462812]
798.2737174034119,1005,False,1,4,[ 8.28454213 -2.00665444  3.9774505 ],cruising,[ 0.50568378 -0.03156594 -0.11489306]
798.3793182373047,1000,False,1,0,[1.325782   5.86755403 4.        ],exiting,[-0.82138112 -0.19970136 -0.21083176]
798.3793182373047,1001,False,3,5,[-6.58036239  5.19049952  3.99996232],exiting,[-0.48080528  0.59740651 -0.20557775]
798.3793182373047,1002,False,2,6,[7.40712991 6.98999138 4.        ],exiting,[ 0.5677905  -0.59831228 -0.99408226]
798.3793182373047,1003,False,5,2,[ 8.45722711 -0.75009876  3.99999996],cruising,[ 0.63925976  0.24903542 -0.34837281]
798.3793182373047,1004,False,4,3,[ 4.78854853 -4.27987277  3.94808097],cruising,[-0.62185191  0.08809385  0.93462812]
798.3793182373047,1005,False,1,4,[ 8.25768083 -2.20484241  3.98083293],cruising,[ 0.50568378 -0.03156594 -0.11489306]
798.4672820568085,1000,False,1,0,[1.39610551 5.91104433 4.        ],exiting,[-0.82138112 -0.19970136 -0.21083176]
798.4672820568085,1001,False,3,5,[-6.64234101  5.28515421  3.99997279],exiting,[-0.48080528  0.59740651 -0.20557775]
798.4672820568085,1002,False,2,6,[7.44362211 7.08309519 4.        ],exiting,[ 0.5677905  -0.59831228 -0.99408226]
798.4672820568085,1003,False,5,2,[ 8.44365476 -0.94963771  3.99999997],cruising,[ 0.63925976  0.24903542 -0.34837281]
798.4672820568085,1004,False,4,3,[ 4.6063528  -4.19738208  3.95586882],cruising,[-0.62185191  0.08809385  0.93462812]
798.4672820568085,1005,False,1,4,[ 8.22668938 -2.40242664  3.98370799],cruising,[ 0.50568378 -0.03156594 -0.11489306]
798.5735819339752,1000,False,1,0,[1.45419516 5.97035655 4.        ],exiting,[-0.82138112 -0.19970136 -0.21083176]
798.5735819339752,1001,False,3,5,[-6.70770635  5.36083362  3.99997782],exiting,[-0.48080528  0.59740651 -0.20557775]
798.5735819339752,1002,False,2,6,[7.4801143 7.176199  4.       ],exiting,[ 0.5677905  -0.59831228 -0.99408226]
798.5735819339752,1003,False,5,2,[ 8.4258102  -1.14884005  3.99999997],cruising,[ 0.63925976  0.24903542 -0.34837281]
798.5735819339752,1004,False,4,3,[ 4.42286409 -4.11780888  3.9624885 ],cruising,[-0.62185191  0.08809385  0.93462812]
798.5735819339752,1005,False,1,4,[ 8.18861327 -2.59876872  3.98615179],cruising,[ 0.50568378 -0.03156594 -0.11489306]
798.6726217269897,1000,False,1,0,[1.49980575 6.045298   4.        ],exiting,[-0.82138112 -0.19970136 -0.21083176]
798.6726217269897,1001,False,3,5,[-6.77307168  5.43651303  3.99998194],exiting,[-0.48080528  0.59740651 -0.20557775]
798.6726217269897,1002,False,2,6,[7.5166065  7.26930282 4.        ],exiting,[ 0.5677905  -0.59831228 -0.99408226]
798.6726217269897,1003,False,5,2,[ 8.40601268 -1.34785778  3.99999998],cruising,[ 0.63925976  0.24903542 -0.34837281]
798.6726217269897,1004,False,4,3,[ 4.23897418 -4.03916729  3.96811522],cruising,[-0.62185191  0.08809385  0.93462812]
798.6726217269897,1005,False,1,4,[ 8.14660145 -2.79430645  3.98822902],cruising,[ 0.50568378 -0.03156594 -0.11489306]
798.7697479724884,1000,False,1,0,[1.53268965 6.13566772 4.        ],exiting,[-0.82138112 -0.19970136 -0.21083176]
798.7697479724884,1001,False,3,5,[-6.83843701  5.51219244  3.99998533],exiting,[-0.48080528  0.59740651 -0.20557775]
798.7697479724884,1002,False,2,6,[7.55309869 7.36240663 4.        ],exiting,[ 0.5677905  -0.59831228 -0.99408226]
798.7697479724884,1003,False,5,2,[ 8.38406731 -1.54665014  3.99999998],cruising,[ 0.63925976  0.24903542 -0.34837281]
798.7697479724884,1004,False,4,3,[ 4.05432477 -3.96232592  3.97289794],cruising,[-0.62185191  0.08809385  0.93462812]
798.7697479724884,1005,False,1,4,[ 8.10041955 -2.9889015   3.98999467],cruising,[ 0.50568378 -0.03156594 -0.11489306]
798.8688080310822,1000,False,1,0,[1.56080037 6.23163536 4.        ],exiting,[-0.82138112 -0.19970136 -0.21083176]
798.8688080310822,1001,False,3,5,[-6.90380235  5.58787185  3.9999881 ],exiting,[-0.48080528  0.59740651 -0.20557775]
798.8688080310822,1002,False,2,6,[7.58959089 7.45551044 4.        ],exiting,[ 0.5677905  -0.59831228 -0.99408226]
798.8688080310822,1003,False,5,2,[ 8.35747977 -1.74487502  3.99999998],cruising,[ 0.63925976  0.24903542 -0.34837281]
798.8688080310822,1004,False,4,3,[ 3.86946408 -3.88599425  3.97696325],cruising,[-0.62185191  0.08809385  0.93462812]
798.8688080310822,1005,False,1,4,[ 8.04582818 -3.18130676  3.99149547],cruising,[ 0.50568378 -0.03156594 -0.11489306]
798.9715006351471,1000,False,1,0,[1.58891108 6.327603   4.        ],exiting,[-0.82138112 -0.19970136 -0.21083176]
798.9715006351471,1001,False,3,5,[-6.96916768  5.66355127  3.99999036],exiting,[-0.48080528  0.59740651 -0.20557775]
798.9715006351471,1002,False,2,6,[7.62608308 7.54861425 4.        ],exiting,[ 0.5677905  -0.59831228 -0.99408226]
798.9715006351471,1003,False,5,2,[ 8.32867301 -1.94278957  3.99999999],cruising,[ 0.63925976  0.24903542 -0.34837281]
798.9715006351471,1004,False,4,3,[ 3.6841203  -3.81084317  3.98041876],cruising,[-0.62185191  0.08809385  0.93462812]
798.9715006351471,1005,False,1,4,[ 7.98241606 -3.37098781  3.99277115],exiting,[ 0.50568378 -0.03156594 -0.11489306]
799.0746958255768,1000,False,1,0,[1.61702179 6.42357064 4.        ],exiting,[-0.82138112 -0.19970136 -0.21083176]
799.0746958255768,1001,False,3,5,[-7.03453301  5.73923068  3.99999221],exiting,[-0.48080528  0.59740651 -0.20557775]
799.0746958255768,1002,False,2,6,[7.66257528 7.64171806 4.        ],exiting,[ 0.5677905  -0.59831228 -0.99408226]
799.0746958255768,1003,False,5,2,[ 8.29738821 -2.14032757  3.99999999],cruising,[ 0.63925976  0.24903542 -0.34837281]
799.0746958255768,1004,False,4,3,[ 3.49858246 -3.73617249  3.98335595],cruising,[-0.62185191  0.08809385  0.93462812]
799.0746958255768,1005,False,1,4,[ 7.93233939 -3.54576365  3.99404554],exiting,[ 0.50568378 -0.03156594 -0.11489306]
799.1867392063141,1000,False,1,0,[1.6451325  6.51953828 4.        ],exiting,[-0.82138112 -0.19970136 -0.21083176]
799.1867392063141,1001,False,3,5,[-7.09989835  5.81491009  3.99999372],exiting,[-0.48080528  0.59740651 -0.20557775]
799.1867392063141,1002,False,2,6,[7.69906747 7.73482187 4.        ],exiting,[ 0.5677905  -0.59831228 -0.99408226]
799.1867392063141,1003,False,5,2,[ 8.26066392 -2.33692697  3.99999999],cruising,[ 0.63925976  0.24903542 -0.34837281]
799.1867392063141,1004,False,4,3,[ 3.31268341 -3.66240567  3.98585256],cruising,[-0.62185191  0.08809385  0.93462812]
799.1867392063141,1005,False,1,4,[ 7.89574866 -3.70577031  3.99528465],exiting,[ 0.50568378 -0.03156594 -0.11489306]
799.2762815952301,1000,False,1,0,[1.67324321 6.61550592 4.        ],exiting,[-0.82138112 -0.19970136 -0.21083176]
799.2762815952301,1001,False,3,5,[-7.16526368  5.8905895   3.99999495],exiting,[-0.48080528  0.59740651 -0.20557775]
799.2762815952301,1002,False,2,6,[7.73555967 7.82792568 4.        ],exiting,[ 0.5677905  -0.59831228 -0.99408226]
799.2762815952301,1003,False,5,2,[ 8.22123556 -2.53300197  3.99999999],cruising,[ 0.63925976  0.24903542 -0.34837281]
799.2762815952301,1004,False,4,3,[ 3.12649484 -3.5893727   3.98797467],cruising,[-0.62185191  0.08809385  0.93462812]
799.2762815952301,1005,False,1,4,[ 7.87283138 -3.85118143  3.99644023],exiting,[ 0.50568378 -0.03156594 -0.11489306]
799.3787076473236,1000,False,1,0,[1.70135392 6.71147356 4.        ],exiting,[-0.82138112 -0.19970136 -0.21083176]
799.3787076473236,1001,False,3,5,[-7.23062901  5.96626891  3.99999595],exiting,[-0.48080528  0.59740651 -0.20557775]
799.3787076473236,1002,False,2,6,[7.77205186 7.9210295  4.        ],exiting,[ 0.5677905  -0.59831228 -0.99408226]
799.3787076473236,1003,False,5,2,[ 8.17874833 -2.72843696  3.99999999],cruising,[ 0.63925976  0.24903542 -0.34837281]
799.3787076473236,1004,False,4,3,[ 2.93996858 -3.51720655  3.98977847],cruising,[-0.62185191  0.08809385  0.93462812]
799.3787076473236,1005,False,1,4,[ 7.86382318 -3.98222199  3.99744114],exiting,[ 0.50568378 -0.03156594 -0.11489306]
799.4815843105316,1000,False,1,0,[1.72946463 6.8074412  4.        ],exiting,[-0.82138112 -0.19970136 -0.21083176]
799.4815843105316,1001,False,3,5,[-7.29599435  6.04194832  3.99999677],exiting,[-0.48080528  0.59740651 -0.20557775]
799.4815843105316,1002,False,2,6,[7.80854406 8.01413331 4.        ],exiting,[ 0.5677905  -0.59831228 -0.99408226]
799.4815843105316,1003,False,5,2,[ 8.12938106 -2.9222484   3.99999999],cruising,[ 0.63925976  0.24903542 -0.34837281]
799.4815843105316,1004,False,4,3,[ 2.7529734  -3.44626429  3.9913117 ],cruising,[-0.62185191  0.08809385  0.93462812]
799.4815843105316,1005,False,1,4,[ 7.86890883 -4.09907405  3.99821761],exiting,[ 0.50568378 -0.03156594 -0.11489306]
799.5780785083771,1000,False,1,0,[1.75757534 6.90340884 4.        ],exiting,[-0.82138112 -0.19970136 -0.21083176]
799.5780785083771,1001,False,3,5,[-7.36135968  6.11762773  3.99999742],exiting,[-0.48080528  0.59740651 -0.20557775]
799.5780785083771,1002,False,2,6,[7.84503625 8.10723712 4.        ],exiting,[ 0.5677905  -0.59831228 -0.99408226]
799.5780785083771,1003,False,5,2,[ 8.07650598 -3.11513237  3.99999999],cruising,[ 0.63925976  0.24903542 -0.34837281]
799.5780785083771,1004,False,4,3,[ 2.56536188 -3.37696841  3.99261495],cruising,[-0.62185191  0.08809385  0.93462812]
799.5780785083771,1005,False,1,4,[ 7.88827226 -4.20192448  3.99867929],exiting,[ 0.50568378 -0.03156594 -0.11489306]
799.6807706356049,1000,False,1,0,[1.78568605 6.99937648 4.        ],exiting,[-0.82138112 -0.19970136 -0.21083176]
799.6807706356049,1001,False,3,5,[-7.42672501  6.19330714  3.99999795],exiting,[-0.48080528  0.59740651 -0.20557775]
799.6807706356049,1002,False,2,6,[7.88152845 8.20034093 4.        ],exiting,[ 0.5677905  -0.59831228 -0.99408226]
799.6807706356049,1003,False,5,2,[ 8.01539506 -3.30556728  4.        ],cruising,[ 0.63925976  0.24903542 -0.34837281]
799.6807706356049,1004,False,4,3,[ 2.37730991 -3.30887689  3.9937227 ],cruising,[-0.62185191  0.08809385  0.93462812]
799.6807706356049,1005,False,1,4,[ 7.9142022  -4.29850417  3.99891932],exiting,[ 0.50568378 -0.03156594 -0.11489306]
799.7813882827759,1000,False,1,0,[1.81379676 7.09534412 4.        ],exiting,[-0.82138112 -0.19970136 -0.21083176]
799.7813882827759,1001,False,3,5,[-7.49209034  6.26898655  3.99999838],exiting,[-0.48080528  0.59740651 -0.20557775]
799.7813882827759,1002,False,2,6,[7.91802064 8.29344474 4.        ],exiting,[ 0.5677905  -0.59831228 -0.99408226]
799.7813882827759,1003,False,5,2,[ 7.94534686 -3.4928992   4.        ],cruising,[ 0.63925976  0.24903542 -0.34837281]
799.7813882827759,1004,False,4,3,[ 2.18835632 -3.24332888  3.9946643 ],cruising,[-0.62185191  0.08809385  0.93462812]
799.7813882827759,1005,False,1,4,[ 7.94013214 -4.39508386  3.99911685],exiting,[ 0.50568378 -0.03156594 -0.11489306]
799.8757507801056,1000,False,1,0,[1.84190747 7.19131176 4.        ],exiting,[-0.82138112 -0.19970136 -0.21083176]
799.8757507801056,1001,False,3,5,[-7.55745568  6.34466596  3.99999873],exiting,[-0.48080528  0.59740651 -0.20557775]
799.8757507801056,1002,False,2,6,[7.95451284 8.38654855 4.        ],exiting,[ 0.5677905  -0.59831228 -0.99408226]
799.8757507801056,1003,False,5,2,[ 7.87047078 -3.67835425  4.        ],cruising,[ 0.63925976  0.24903542 -0.34837281]
799.8757507801056,1004,False,4,3,[ 1.99832574 -3.18097203  3.99546465],cruising,[-0.62185191  0.08809385  0.93462812]
799.8757507801056,1005,False,1,4,[ 7.96606208 -4.49166356  3.99927926],exiting,[ 0.50568378 -0.03156594 -0.11489306]
799.9809441566467,1000,False,1,0,[1.87001818 7.2872794  4.        ],exiting,[-0.82138112 -0.19970136 -0.21083176]
799.9809441566467,1001,False,3,5,[-7.62282101  6.42034537  3.99999901],exiting,[-0.48080528  0.59740651 -0.20557775]
799.9809441566467,1002,False,2,6,[7.99100503 8.47965236 4.        ],exiting,[ 0.5677905  -0.59831228 -0.99408226]
799.9809441566467,1003,False,5,2,[ 7.7836808  -3.85854165  4.        ],cruising,[ 0.63925976  0.24903542 -0.34837281]
799.9809441566467,1004,False,4,3,[ 1.80764501 -3.12063248  3.99614496],cruising,[-0.62185191  0.08809385  0.93462812]
799.9809441566467,1005,False,1,4,[ 7.99199202 -4.58824325  3.99941265],exiting,[ 0.50568378 -0.03156594 -0.11489306]
800.0775282382965,1000,False,1,0,[1.89812889 7.38324704 4.        ],exiting,[-0.82138112 -0.19970136 -0.21083176]
800.0775282382965,1001,False,3,5,[-7.68818634  6.49602478  3.99999923],exiting,[-0.48080528  0.59740651 -0.20557775]
800.0775282382965,1002,False,2,6,[8.02749723 8.57275618 4.        ],exiting,[ 0.5677905  -0.59831228 -0.99408226]
800.0775282382965,1003,False,5,2,[ 7.68320607 -4.03147177  4.        ],cruising,[ 0.63925976  0.24903542 -0.34837281]
800.0775282382965,1004,False,4,3,[ 1.61547789 -3.06520867  3.99672321],cruising,[-0.62185191  0.08809385  0.93462812]
800.0775282382965,1005,False,1,4,[ 8.01792196 -4.68482295  3.99952211],exiting,[ 0.50568378 -0.03156594 -0.11489306]
800.1770033836365,1000,False,1,0,[1.9262396  7.47921468 4.        ],exiting,[-0.82138112 -0.19970136 -0.21083176]
800.1770033836365,1001,False,3,5,[-7.75355168  6.57170419  3.9999994 ],exiting,[-0.48080528  0.59740651 -0.20557775]
800.1770033836365,1002,False,2,6,[8.06398942 8.66585999 4.        ],exiting,[ 0.5677905  -0.59831228 -0.99408226]
800.1770033836365,1003,False,5,2,[ 7.56622518 -4.19310824  4.        ],cruising,[ 0.63925976  0.24903542 -0.34837281]
800.1770033836365,1004,False,4,3,[ 1.4216342  -3.01596822  3.99721473],cruising,[-0.62185191  0.08809385  0.93462812]
800.1770033836365,1005,False,1,4,[ 8.04385191 -4.78140264  3.99961182],exiting,[ 0.50568378 -0.03156594 -0.11489306]
800.2763459682465,1000,False,1,0,[1.95435031 7.57518232 4.        ],exiting,[-0.82138112 -0.19970136 -0.21083176]
800.2763459682465,1001,False,3,5,[-7.81891701  6.64738361  3.99999954],exiting,[-0.48080528  0.59740651 -0.20557775]
800.2763459682465,1002,False,2,6,[8.10048162 8.7589638  4.        ],exiting,[ 0.5677905  -0.59831228 -0.99408226]
800.2763459682465,1003,False,5,2,[ 7.43400655 -4.34179051  4.        ],cruising,[ 0.63925976  0.24903542 -0.34837281]
800.2763459682465,1004,False,4,3,[ 1.22594932 -2.97464719  3.99763252],cruising,[-0.62185191  0.08809385  0.93462812]
800.2763459682465,1005,False,1,4,[ 8.06978185 -4.87798234  3.99968527],exiting,[ 0.50568378 -0.03156594 -0.11489306]
800.3780853748322,1000,False,1,0,[1.98246102 7.67114996 4.        ],exiting,[-0.82138112 -0.19970136 -0.21083176]
800.3780853748322,1001,False,3,5,[-7.88428234  6.72306302  3.99999965],exiting,[-0.48080528  0.59740651 -0.20557775]
800.3780853748322,1002,False,2,6,[8.13697381 8.85206761 4.        ],exiting,[ 0.5677905  -0.59831228 -0.99408226]
800.3780853748322,1003,False,5,2,[ 7.28842199 -4.47559488  4.        ],cruising,[ 0.63925976  0.24903542 -0.34837281]
800.3780853748322,1004,False,4,3,[ 1.02753943 -2.94947741  3.99798764],cruising,[-0.62185191  0.08809385  0.93462812]
800.3780853748322,1005,False,1,4,[ 8.09571179 -4.97456204  3.99974532],exiting,[ 0.50568378 -0.03156594 -0.11489306]
800.4773824214935,1000,False,1,0,[2.01057173 7.7671176  4.        ],exiting,[-0.82138112 -0.19970136 -0.21083176]
800.4773824214935,1001,False,3,5,[-7.94964768  6.79874243  3.99999974],exiting,[-0.48080528  0.59740651 -0.20557775]
800.4773824214935,1002,False,2,6,[8.17346601 8.94517142 4.        ],exiting,[ 0.5677905  -0.59831228 -0.99408226]
800.4773824214935,1003,False,5,2,[ 7.13185249 -4.59268605  4.        ],cruising,[ 0.63925976  0.24903542 -0.34837281]
800.4773824214935,1004,False,4,3,[ 0.82783655 -2.93857982  3.9982895 ],cruising,[-0.62185191  0.08809385  0.93462812]
800.4773824214935,1005,False,1,4,[ 8.12164173 -5.07114174  3.99979436],exiting,[ 0.50568378 -0.03156594 -0.11489306]
800.5769820213318,1000,False,1,0,[2.03868245 7.86308524 4.        ],exiting,[-0.82138112 -0.19970136 -0.21083176]
800.5769820213318,1001,False,3,5,[-8.01501301  6.87442184  3.99999981],exiting,[-0.48080528  0.59740651 -0.20557775]
800.5769820213318,1002,False,2,6,[8.2099582  9.03827523 4.        ],exiting,[ 0.5677905  -0.59831228 -0.99408226]
800.5769820213318,1003,False,5,2,[ 6.96644504 -4.69183591  4.        ],cruising,[ 0.63925976  0.24903542 -0.34837281]
800.5769820213318,1004,False,4,3,[ 0.62789846 -2.94355573  3.99854607],cruising,[-0.62185191  0.08809385  0.93462812]
800.5769820213318,1005,False,1,4,[ 8.14757167 -5.16772144  3.99983434],exiting,[ 0.50568378 -0.03156594 -0.11489306]
800.6759049892426,1000,False,1,0,[2.06679316 7.95905288 4.        ],exiting,[-0.82138112 -0.19970136 -0.21083176]
800.6759049892426,1001,False,3,5,[-8.08037834  6.95010125  3.99999986],exiting,[-0.48080528  0.59740651 -0.20557775]
800.6759049892426,1002,False,2,6,[8.2464504  9.13137904 4.        ],landing,[ 0.5677905  -0.59831228 -0.99408226]
800.6759049892426,1003,False,5,2,[ 6.79436121 -4.77213302  4.        ],cruising,[ 0.63925976  0.24903542 -0.34837281]
800.6759049892426,1004,False,4,3,[ 0.42889146 -2.9634609   3.99876416],cruising,[-0.62185191  0.08809385  0.93462812]
800.6759049892426,1005,False,1,4,[ 8.17350161 -5.26430113  3.9998669 ],exiting,[ 0.50568378 -0.03156594 -0.11489306]
800.7894554138184,1000,False,1,0,[2.09490387 8.05502052 4.        ],exiting,[-0.82138112 -0.19970136 -0.21083176]
800.7894554138184,1001,False,3,5,[-8.14574368  7.02578066  3.9999999 ],exiting,[-0.48080528  0.59740651 -0.20557775]
800.7894554138184,1002,False,2,6,[8.280927   9.21043457 3.98590805],landing,[ 0.5677905  -0.59831228 -0.99408226]
800.7894554138184,1003,False,5,2,[ 6.61758451 -4.8329885   4.        ],cruising,[ 0.63925976  0.24903542 -0.34837281]
800.7894554138184,1004,False,4,3,[ 0.23183463 -2.99764576  3.99894954],cruising,[-0.62185191  0.08809385  0.93462812]
800.7894554138184,1005,False,1,4,[ 8.19943155 -5.36088083  3.99989335],exiting,[ 0.50568378 -0.03156594 -0.11489306]
800.8758354187012,1000,False,1,0,[2.12301458 8.15098816 4.        ],exiting,[-0.82138112 -0.19970136 -0.21083176]
800.8758354187012,1001,False,3,5,[-8.21110901  7.10146007  3.99999993],exiting,[-0.48080528  0.59740651 -0.20557775]
800.8758354187012,1002,False,2,6,[8.31329011 9.27529478 3.95788677],landing,[ 0.5677905  -0.59831228 -0.99408226]
800.8758354187012,1003,False,5,2,[ 6.43835427 -4.87399506  4.        ],cruising,[ 0.63925976  0.24903542 -0.34837281]
800.8758354187012,1004,False,4,3,[ 0.03757181 -3.04520579  3.99910711],cruising,[-0.62185191  0.08809385  0.93462812]
800.8758354187012,1005,False,1,4,[ 8.22536149 -5.45746053  3.99991482],exiting,[ 0.50568378 -0.03156594 -0.11489306]
800.9768223762512,1000,False,1,0,[2.15112529 8.2469558  4.        ],exiting,[-0.82138112 -0.19970136 -0.21083176]
800.9768223762512,1001,False,3,5,[-8.27647434  7.17713948  3.99999996],exiting,[-0.48080528  0.59740651 -0.20557775]
800.9768223762512,1002,False,2,6,[8.34342344 9.32578717 3.91613255],landing,[ 0.5677905  -0.59831228 -0.99408226]
800.9768223762512,1003,False,5,2,[ 6.2583554  -4.89501638  4.        ],cruising,[ 0.63925976  0.24903542 -0.34837281]
800.9768223762512,1004,False,4,3,[-0.15211684 -3.10859519  3.99924104],exiting,[-0.62185191  0.08809385  0.93462812]
800.9768223762512,1005,False,1,4,[ 8.25129144 -5.55404023  3.9999322 ],exiting,[ 0.50568378 -0.03156594 -0.11489306]
801.0808284282684,1000,False,1,0,[2.179236   8.34292344 4.        ],exiting,[-0.82138112 -0.19970136 -0.21083176]
801.0808284282684,1001,False,3,5,[-8.34183968  7.25281889  3.99999998],exiting,[-0.48080528  0.59740651 -0.20557775]
801.0808284282684,1002,False,2,6,[8.37116603 9.36167661 3.86092328],landing,[ 0.5677905  -0.59831228 -0.99408226]
801.0808284282684,1003,False,5,2,[ 6.07861969 -4.89603944  4.        ],cruising,[ 0.63925976  0.24903542 -0.34837281]
801.0808284282684,1004,False,4,3,[-0.32217557 -3.17581425  3.99937453],exiting,[-0.62185191  0.08809385  0.93462812]
801.0808284282684,1005,False,1,4,[ 8.27722138 -5.65061993  3.99994624],exiting,[ 0.50568378 -0.03156594 -0.11489306]
801.1784749031067,1000,False,1,0,[2.20734671 8.43889108 4.        ],exiting,[-0.82138112 -0.19970136 -0.21083176]
801.1784749031067,1001,False,3,5,[-8.40720501  7.3284983   3.99999999],landing,[-0.48080528  0.59740651 -0.20557775]
801.1784749031067,1002,False,2,6,[8.39638366 9.38277052 3.79249596],landing,[ 0.5677905  -0.59831228 -0.99408226]
801.1784749031067,1003,False,5,2,[ 5.90041313 -4.87712104  4.        ],cruising,[ 0.63925976  0.24903542 -0.34837281]
801.1784749031067,1004,False,4,3,[-0.47259323 -3.24680536  3.99950558],exiting,[-0.62185191  0.08809385  0.93462812]
801.1784749031067,1005,False,1,4,[ 8.30315132 -5.74719962  3.99995756],exiting,[ 0.50568378 -0.03156594 -0.11489306]
801.2834277153015,1000,False,1,0,[2.23545742 8.53485872 4.        ],exiting,[-0.82138112 -0.19970136 -0.21083176]
801.2834277153015,1001,False,3,5,[-8.46118411  7.39601428  3.98572723],landing,[-0.48080528  0.59740651 -0.20557775]
801.2834277153015,1002,False,2,6,[8.4189497  9.38889    3.71107882],landing,[ 0.5677905  -0.59831228 -0.99408226]
801.2834277153015,1003,False,5,2,[ 5.72476779 -4.83836732  4.        ],cruising,[ 0.63925976  0.24903542 -0.34837281]
801.2834277153015,1004,False,4,3,[-0.6033562  -3.32149689  3.99963193],exiting,[-0.62185191  0.08809385  0.93462812]
801.2834277153015,1005,False,1,4,[ 8.32908126 -5.84377932  3.99996667],exiting,[ 0.50568378 -0.03156594 -0.11489306]
801.379266500473,1000,False,1,0,[2.26356813 8.63082636 4.        ],landing,[-0.82138112 -0.19970136 -0.21083176]
801.379266500473,1001,False,3,5,[-8.5036906   7.45521042  3.95734208],landing,[-0.48080528  0.59740651 -0.20557775]
801.379266500473,1002,False,2,6,[8.43873512 9.37985572 3.61690897],landing,[ 0.5677905  -0.59831228 -0.99408226]
801.379266500473,1003,False,5,2,[ 5.55200867 -4.77982294  4.        ],cruising,[ 0.63925976  0.24903542 -0.34837281]
801.379266500473,1004,False,4,3,[-0.7144477  -3.39979858  3.99975081],exiting,[-0.62185191  0.08809385  0.93462812]
801.379266500473,1005,False,1,4,[ 8.3550112  -5.94035902  3.99997396],exiting,[ 0.50568378 -0.03156594 -0.11489306]
801.4854068756104,1000,False,1,0,[2.29081567 8.71249158 3.98604666],landing,[-0.82138112 -0.19970136 -0.21083176]
801.4854068756104,1001,False,3,5,[-8.53462317  7.50590089  3.91503938],landing,[-0.48080528  0.59740651 -0.20557775]
801.4854068756104,1002,False,2,6,[8.45778736 9.36696144 3.51959119],landing,[ 0.5677905  -0.59831228 -0.99408226]
801.4854068756104,1003,False,5,2,[ 5.38259824 -4.70156091  4.        ],cruising,[ 0.63925976  0.24903542 -0.34837281]
801.4854068756104,1004,False,4,3,[-0.80584607 -3.48159035  3.99985871],exiting,[-0.62185191  0.08809385  0.93462812]
801.4854068756104,1005,False,1,4,[ 8.38094114 -6.03693872  3.9999798 ],exiting,[ 0.50568378 -0.03156594 -0.11489306]
801.5815632343292,1000,False,1,0,[2.31711595 8.77970109 3.95830437],landing,[-0.82138112 -0.19970136 -0.21083176]
801.5815632343292,1001,False,3,5,[-8.55384265  7.54782596  3.85909956],landing,[-0.48080528  0.59740651 -0.20557775]
801.5815632343292,1002,False,2,6,[8.47683961 9.35406717 3.42227341],landing,[ 0.5677905  -0.59831228 -0.99408226]
801.5815632343292,1003,False,5,2,[ 5.21562652 -4.60344811  4.        ],cruising,[ 0.63925976  0.24903542 -0.34837281]
801.5815632343292,1004,False,4,3,[-0.8775214  -3.56669891  3.99995073],exiting,[-0.62185191  0.08809385  0.93462812]
801.5815632343292,1005,False,1,4,[ 8.40687108 -6.13351842  3.99998444],exiting,[ 0.50568378 -0.03156594 -0.11489306]
801.6834576129913,1000,False,1,0,[2.34236936 8.83227567 3.91697079],landing,[-0.82138112 -0.19970136 -0.21083176]
801.6834576129913,1001,False,3,5,[-8.56124346  7.58078477  3.78974613],landing,[-0.48080528  0.59740651 -0.20557775]
801.6834576129913,1002,False,2,6,[8.49589185 9.34117289 3.32495564],landing,[ 0.5677905  -0.59831228 -0.99408226]
801.6834576129913,1003,False,5,2,[ 5.04784983 -4.4945859   4.        ],cruising,[ 0.63925976  0.24903542 -0.34837281]
801.6834576129913,1004,False,4,3,[-0.92945313 -3.65499971  4.00002354],exiting,[-0.62185191  0.08809385  0.93462812]
801.6834576129913,1005,False,1,4,[ 8.43280103 -6.23009812  3.99998813],exiting,[ 0.50568378 -0.03156594 -0.11489306]
801.7772674560547,1000,False,1,0,[2.36643931 8.86997383 3.86232214],landing,[-0.82138112 -0.19970136 -0.21083176]
801.7772674560547,1001,False,3,5,[-8.55672359  7.60457989  3.70720465],landing,[-0.48080528  0.59740651 -0.20557775]
801.7772674560547,1002,False,2,6,[8.51494409 9.32827861 3.22763786],landing,[ 0.5677905  -0.59831228 -0.99408226]
801.7772674560547,1003,False,5,2,[ 4.87519623 -4.39363673  4.        ],cruising,[ 0.63925976  0.24903542 -0.34837281]
801.7772674560547,1004,False,4,3,[-0.96162059 -3.74636198  4.00007387],exiting,[-0.62185191  0.08809385  0.93462812]
801.7772674560547,1005,False,1,4,[ 8.45873097 -6.32667781  3.99999104],exiting,[ 0.50568378 -0.03156594 -0.11489306]
801.8780763149261,1000,False,1,0,[2.38920609 8.89258794 3.79460546],landing,[-0.82138112 -0.19970136 -0.21083176]
801.8780763149261,1001,False,3,5,[-8.54018167  7.61901151  3.61170961],landing,[-0.48080528  0.59740651 -0.20557775]
801.8780763149261,1002,False,2,6,[8.53399634 9.31538434 3.13032008],landing,[ 0.5677905  -0.59831228 -0.99408226]
801.8780763149261,1003,False,5,2,[ 4.69982455 -4.29748698  4.        ],cruising,[ 0.63925976  0.24903542 -0.34837281]
801.8780763149261,1004,False,4,3,[-0.97400322 -3.84065002  4.00009864],exiting,[-0.62185191  0.08809385  0.93462812]
801.8780763149261,1005,False,1,4,[ 8.48466091 -6.42325751  3.99999333],exiting,[ 0.50568378 -0.03156594 -0.11489306]
801.9778034687042,1000,False,1,0,[2.4105601  8.89993127 3.71405105],landing,[-0.82138112 -0.19970136 -0.21083176]
801.9778034687042,1001,False,3,5,[-8.52178976  7.63198326  3.51427516],landing,[-0.48080528  0.59740651 -0.20557775]
801.9778034687042,1002,False,2,6,[8.55304858 9.30249006 3.03300231],landing,[ 0.5677905  -0.59831228 -0.99408226]
801.9778034687042,1003,False,5,2,[ 4.52151407 -4.20690347  4.        ],cruising,[ 0.63925976  0.24903542 -0.34837281]
801.9778034687042,1004,False,4,3,[-0.96658091 -3.93772437  4.0000955 ],exiting,[-0.62185191  0.08809385  0.93462812]
801.9778034687042,1005,False,1,4,[ 8.51059085 -6.51983721  3.99999511],exiting,[ 0.50568378 -0.03156594 -0.11489306]
802.0775165557861,1000,False,1,0,[2.43038949 8.89181656 3.62089805],landing,[-0.82138112 -0.19970136 -0.21083176]
802.0775165557861,1001,False,3,5,[-8.50339786  7.64495502  3.41684071],landing,[-0.48080528  0.59740651 -0.20557775]
802.0775165557861,1002,False,2,6,[8.57210083 9.28959579 2.93568453],landing,[ 0.5677905  -0.59831228 -0.99408226]
802.0775165557861,1003,False,5,2,[ 4.34169184 -4.1193594   4.        ],cruising,[ 0.63925976  0.24903542 -0.34837281]
802.0775165557861,1004,False,4,3,[-0.94895853 -4.03615938  4.00007881],exiting,[-0.62185191  0.08809385  0.93462812]
802.0775165557861,1005,False,1,4,[ 8.53652079 -6.61641691  3.9999965 ],exiting,[ 0.50568378 -0.03156594 -0.11489306]
802.1826994419098,1000,False,1,0,[2.4496789  8.878548   3.52367735],landing,[-0.82138112 -0.19970136 -0.21083176]
802.1826994419098,1001,False,3,5,[-8.48500595  7.65792678  3.31940627],landing,[-0.48080528  0.59740651 -0.20557775]
802.1826994419098,1002,False,2,6,[8.59115307 9.27670151 2.83836675],landing,[ 0.5677905  -0.59831228 -0.99408226]
802.1826994419098,1003,False,5,2,[ 4.16014191 -4.03545693  4.        ],cruising,[ 0.63925976  0.24903542 -0.34837281]
802.1826994419098,1004,False,4,3,[-0.93133615 -4.13459439  4.00006498],exiting,[-0.62185191  0.08809385  0.93462812]
802.1826994419098,1005,False,1,4,[ 8.56245073 -6.71299661  3.99999756],exiting,[ 0.50568378 -0.03156594 -0.11489306]
802.2778234481812,1000,False,1,0,[2.46896831 8.86527944 3.42645666],landing,[-0.82138112 -0.19970136 -0.21083176]
802.2778234481812,1001,False,3,5,[-8.46661404  7.67089853  3.22197182],landing,[-0.48080528  0.59740651 -0.20557775]
802.2778234481812,1002,False,2,6,[8.61020532 9.26380724 2.74104898],landing,[ 0.5677905  -0.59831228 -0.99408226]
802.2778234481812,1003,False,5,2,[ 3.9777427  -3.95341713  4.        ],cruising,[ 0.63925976  0.24903542 -0.34837281]
802.2778234481812,1004,False,4,3,[-0.91371377 -4.23302941  4.00005354],exiting,[-0.62185191  0.08809385  0.93462812]
802.2778234481812,1005,False,1,4,[ 8.58838067 -6.80957631  3.99999837],exiting,[ 0.50568378 -0.03156594 -0.11489306]
802.3835563659668,1000,False,1,0,[2.48825772 8.85201088 3.32923596],landing,[-0.82138112 -0.19970136 -0.21083176]
802.3835563659668,1001,False,3,5,[-8.44822213  7.68387029  3.12453738],landing,[-0.48080528  0.59740651 -0.20557775]
802.3835563659668,1002,False,2,6,[8.62925756 9.25091296 2.6437312 ],landing,[ 0.5677905  -0.59831228 -0.99408226]
802.3835563659668,1003,False,5,2,[ 3.79429897 -3.8737403   4.        ],cruising,[ 0.63925976  0.24903542 -0.34837281]
802.3835563659668,1004,False,4,3,[-0.89609139 -4.33146442  4.00004408],exiting,[-0.62185191  0.08809385  0.93462812]
802.3835563659668,1005,False,1,4,[ 8.61431061 -6.90615601  3.99999898],exiting,[ 0.50568378 -0.03156594 -0.11489306]
802.4873464107513,1000,False,1,0,[2.50754713 8.83874232 3.23201526],landing,[-0.82138112 -0.19970136 -0.21083176]
802.4873464107513,1001,False,3,5,[-8.42983022  7.69684205  3.02710293],landing,[-0.48080528  0.59740651 -0.20557775]
802.4873464107513,1002,False,2,6,[8.64830981 9.23801869 2.54641342],landing,[ 0.5677905  -0.59831228 -0.99408226]
802.4873464107513,1003,False,5,2,[ 3.61030612 -3.79533984  4.        ],cruising,[ 0.63925976  0.24903542 -0.34837281]
802.4873464107513,1004,False,4,3,[-0.878469   -4.42989943  4.00003625],exiting,[-0.62185191  0.08809385  0.93462812]
802.4873464107513,1005,False,1,4,[ 8.64024056 -7.0027357   3.99999942],exiting,[ 0.50568378 -0.03156594 -0.11489306]
802.578063249588,1000,False,1,0,[2.52683654 8.82547376 3.13479456],landing,[-0.82138112 -0.19970136 -0.21083176]
802.578063249588,1001,False,3,5,[-8.41143831  7.70981381  2.92966849],landing,[-0.48080528  0.59740651 -0.20557775]
802.578063249588,1002,False,2,6,[8.66736205 9.22512441 2.44909565],landing,[ 0.5677905  -0.59831228 -0.99408226]
802.578063249588,1003,False,5,2,[ 3.42562974 -3.71856332  4.        ],cruising,[ 0.63925976  0.24903542 -0.34837281]
802.578063249588,1004,False,4,3,[-0.86084662 -4.52833444  4.00002979],exiting,[-0.62185191  0.08809385  0.93462812]
802.578063249588,1005,False,1,4,[ 8.6661705  -7.0993154   3.99999974],landing,[ 0.50568378 -0.03156594 -0.11489306]
802.6757433414459,1000,False,1,0,[2.54612595 8.8122052  3.03757387],landing,[-0.82138112 -0.19970136 -0.21083176]
802.6757433414459,1001,False,3,5,[-8.3930464   7.72278556  2.83223404],landing,[-0.48080528  0.59740651 -0.20557775]
802.6757433414459,1002,False,2,6,[8.68641429 9.21223014 2.35177787],landing,[ 0.5677905  -0.59831228 -0.99408226]
802.6757433414459,1003,False,5,2,[ 3.24048053 -3.64293417  4.        ],cruising,[ 0.63925976  0.24903542 -0.34837281]
802.6757433414459,1004,False,4,3,[-0.84322424 -4.62676946  4.00002445],exiting,[-0.62185191  0.08809385  0.93462812]
802.6757433414459,1005,False,1,4,[ 8.68539565 -7.18352944  3.98578259],landing,[ 0.50568378 -0.03156594 -0.11489306]
802.7764682769775,1000,False,1,0,[2.56541536 8.79893665 2.94035317],landing,[-0.82138112 -0.19970136 -0.21083176]
802.7764682769775,1001,False,3,5,[-8.37465449  7.73575732  2.73479959],landing,[-0.48080528  0.59740651 -0.20557775]
802.7764682769775,1002,False,2,6,[8.70546654 9.19933586 2.25446009],landing,[ 0.5677905  -0.59831228 -0.99408226]
802.7764682769775,1003,False,5,2,[ 3.05481511 -3.56858127  4.        ],cruising,[ 0.63925976  0.24903542 -0.34837281]
802.7764682769775,1004,False,4,3,[-0.82560186 -4.72520447  4.00002005],exiting,[-0.62185191  0.08809385  0.93462812]
802.7764682769775,1005,False,1,4,[ 8.69790663 -7.25520001  3.95750909],landing,[ 0.50568378 -0.03156594 -0.11489306]
802.8757894039154,1000,False,1,0,[2.58470477 8.78566809 2.84313247],landing,[-0.82138112 -0.19970136 -0.21083176]
802.8757894039154,1001,False,3,5,[-8.35626259  7.74872908  2.63736515],landing,[-0.48080528  0.59740651 -0.20557775]
802.8757894039154,1002,False,2,6,[8.72451878 9.18644159 2.15714232],landing,[ 0.5677905  -0.59831228 -0.99408226]
802.8757894039154,1003,False,5,2,[ 2.86860705 -3.49559801  4.        ],cruising,[ 0.63925976  0.24903542 -0.34837281]
802.8757894039154,1004,False,4,3,[-0.80797948 -4.82363948  4.00001643],exiting,[-0.62185191  0.08809385  0.93462812]
802.8757894039154,1005,False,1,4,[ 8.70369349 -7.31411678  3.9153746 ],landing,[ 0.50568378 -0.03156594 -0.11489306]
802.9786145687103,1000,False,1,0,[2.60399418 8.77239953 2.74591177],landing,[-0.82138112 -0.19970136 -0.21083176]
802.9786145687103,1001,False,3,5,[-8.33787068  7.76170084  2.5399307 ],landing,[-0.48080528  0.59740651 -0.20557775]
802.9786145687103,1002,False,2,6,[8.74357103 9.17354731 2.05982454],landing,[ 0.5677905  -0.59831228 -0.99408226]
802.9786145687103,1003,False,5,2,[ 2.68174329 -3.4243103   4.        ],cruising,[ 0.63925976  0.24903542 -0.34837281]
802.9786145687103,1004,False,4,3,[-0.7903571  -4.92207449  4.00001344],exiting,[-0.62185191  0.08809385  0.93462812]
802.9786145687103,1005,False,1,4,[ 8.70274456 -7.35998839  3.85965877],landing,[ 0.50568378 -0.03156594 -0.11489306]
803.0771298408508,1000,False,1,0,[2.62328359 8.75913097 2.64869108],landing,[-0.82138112 -0.19970136 -0.21083176]
803.0771298408508,1001,False,3,5,[-8.31947877  7.77467259  2.44249626],landing,[-0.48080528  0.59740651 -0.20557775]
803.0771298408508,1002,False,2,6,[8.76262327 9.16065303 1.96250676],landing,[ 0.5677905  -0.59831228 -0.99408226]
803.0771298408508,1003,False,5,2,[ 2.4943812  -3.35434283  4.        ],cruising,[ 0.63925976  0.24903542 -0.34837281]
803.0771298408508,1004,False,4,3,[-0.77273472 -5.02050951  4.00001098],exiting,[-0.62185191  0.08809385  0.93462812]
803.0771298408508,1005,False,1,4,[ 8.69505252 -7.39258539  3.79058947],landing,[ 0.50568378 -0.03156594 -0.11489306]
803.1884729862213,1000,False,1,0,[2.642573   8.74586241 2.55147038],landing,[-0.82138112 -0.19970136 -0.21083176]
803.1884729862213,1001,False,3,5,[-8.30108686  7.78764435  2.34506181],landing,[-0.48080528  0.59740651 -0.20557775]
803.1884729862213,1002,False,2,6,[8.78167552 9.14775876 1.86518899],landing,[ 0.5677905  -0.59831228 -0.99408226]
803.1884729862213,1003,False,5,2,[ 2.30614603 -3.28675939  4.        ],cruising,[ 0.63925976  0.24903542 -0.34837281]
803.1884729862213,1004,False,4,3,[-0.75511234 -5.11894452  4.00000896],exiting,[-0.62185191  0.08809385  0.93462812]
803.1884729862213,1005,False,1,4,[ 8.68061185 -7.41168654  3.70839316],landing,[ 0.50568378 -0.03156594 -0.11489306]
803.2800221443176,1000,False,1,0,[2.66186241 8.73259385 2.45424968],landing,[-0.82138112 -0.19970136 -0.21083176]
803.2800221443176,1001,False,3,5,[-8.28269495  7.80061611  2.24762737],landing,[-0.48080528  0.59740651 -0.20557775]
803.2800221443176,1002,False,2,6,[8.80072776 9.13486448 1.76787121],landing,[ 0.5677905  -0.59831228 -0.99408226]
803.2800221443176,1003,False,5,2,[ 2.11688508 -3.22210422  4.        ],cruising,[ 0.63925976  0.24903542 -0.34837281]
803.2800221443176,1004,False,4,3,[-0.73748995 -5.21737953  4.0000073 ],exiting,[-0.62185191  0.08809385  0.93462812]
803.2800221443176,1005,False,1,4,[ 8.65941872 -7.41706874  3.61330521],landing,[ 0.50568378 -0.03156594 -0.11489306]
803.3808615207672,1000,False,1,0,[2.68115182 8.7193253  2.35702899],landing,[-0.82138112 -0.19970136 -0.21083176]
803.3808615207672,1001,False,3,5,[-8.26430304  7.81358787  2.15019292],landing,[-0.48080528  0.59740651 -0.20557775]
803.3808615207672,1002,False,2,6,[8.81978001 9.12197021 1.67055343],landing,[ 0.5677905  -0.59831228 -0.99408226]
803.3808615207672,1003,False,5,2,[ 1.92698332 -3.15935614  4.        ],cruising,[ 0.63925976  0.24903542 -0.34837281]
803.3808615207672,1004,False,4,3,[-0.71986757 -5.31581454  4.00000594],exiting,[-0.62185191  0.08809385  0.93462812]
803.3808615207672,1005,False,1,4,[ 8.63698513 -7.41989008  3.51589487],landing,[ 0.50568378 -0.03156594 -0.11489306]
803.4847273826599,1000,False,1,0,[2.70044124 8.70605674 2.25980829],landing,[-0.82138112 -0.19970136 -0.21083176]
803.4847273826599,1001,False,3,5,[-8.24591113  7.82655962  2.05275847],landing,[-0.48080528  0.59740651 -0.20557775]
803.4847273826599,1002,False,2,6,[8.83883225 9.10907593 1.57323566],landing,[ 0.5677905  -0.59831228 -0.99408226]
803.4847273826599,1003,False,5,2,[ 1.73569147 -3.10098296  4.        ],cruising,[ 0.63925976  0.24903542 -0.34837281]
803.4847273826599,1004,False,4,3,[-0.70224519 -5.41424956  4.00000482],exiting,[-0.62185191  0.08809385  0.93462812]
803.4847273826599,1005,False,1,4,[ 8.61455155 -7.42271142  3.41848453],landing,[ 0.50568378 -0.03156594 -0.11489306]
803.5758428573608,1000,False,1,0,[2.71973065 8.69278818 2.16258759],landing,[-0.82138112 -0.19970136 -0.21083176]
803.5758428573608,1001,False,3,5,[-8.22751922  7.83953138  1.95532403],landing,[-0.48080528  0.59740651 -0.20557775]
803.5758428573608,1002,False,2,6,[8.8578845  9.09618166 1.47591788],fake_landed,[ 0.5677905  -0.59831228 -0.99408226]
803.5758428573608,1003,False,5,2,[ 1.5428223 -3.0480539  4.       ],cruising,[ 0.63925976  0.24903542 -0.34837281]
803.5758428573608,1004,False,4,3,[-0.68462281 -5.51268457  4.00000391],exiting,[-0.62185191  0.08809385  0.93462812]
803.5758428573608,1005,False,1,4,[ 8.59211796 -7.42553277  3.32107419],landing,[ 0.50568378 -0.03156594 -0.11489306]
803.6801302433014,1000,False,1,0,[2.73902006 8.67951962 2.06536689],landing,[-0.82138112 -0.19970136 -0.21083176]
803.6801302433014,1001,False,3,5,[-8.20912732  7.85250314  1.85788958],landing,[-0.48080528  0.59740651 -0.20557775]
803.6801302433014,1002,False,2,6,[8.87312629 9.08586624 1.39806366],fake_landed,[ 0.5677905  -0.59831228 -0.99408226]
803.6801302433014,1003,False,5,2,[ 1.3481918  -3.00202166  4.        ],cruising,[ 0.63925976  0.24903542 -0.34837281]
803.6801302433014,1004,False,4,3,[-0.66700043 -5.61111958  4.00000316],exiting,[-0.62185191  0.08809385  0.93462812]
803.6801302433014,1005,False,1,4,[ 8.56968438 -7.42835411  3.22366385],landing,[ 0.50568378 -0.03156594 -0.11489306]
803.7808754444122,1000,False,1,0,[2.75830947 8.66625106 1.9681462 ],landing,[-0.82138112 -0.19970136 -0.21083176]
803.7808754444122,1001,False,3,5,[-8.19073541  7.8654749   1.76045514],landing,[-0.48080528  0.59740651 -0.20557775]
803.7808754444122,1002,False,2,6,[8.88455764 9.07812967 1.33967299],fake_landed,[ 0.5677905  -0.59831228 -0.99408226]
803.7808754444122,1003,False,5,2,[ 1.15166666 -2.964902    4.        ],cruising,[ 0.63925976  0.24903542 -0.34837281]
803.7808754444122,1004,False,4,3,[-0.64937805 -5.70955459  4.00000255],exiting,[-0.62185191  0.08809385  0.93462812]
803.7808754444122,1005,False,1,4,[ 8.54725079 -7.43117545  3.12625351],landing,[ 0.50568378 -0.03156594 -0.11489306]
803.8761613368988,1000,False,1,0,[2.77759888 8.6529825  1.8709255 ],landing,[-0.82138112 -0.19970136 -0.21083176]
803.8761613368988,1001,False,3,5,[-8.1723435   7.87844665  1.66302069],landing,[-0.48080528  0.59740651 -0.20557775]
803.8761613368988,1002,False,2,6,[8.89217854 9.07297196 1.30074588],fake_landed,[ 0.5677905  -0.59831228 -0.99408226]
803.8761613368988,1003,False,5,2,[ 0.95254853 -2.94614112  4.        ],cruising,[ 0.63925976  0.24903542 -0.34837281]
803.8761613368988,1004,False,4,3,[-0.63175567 -5.80798961  4.00000205],exiting,[-0.62185191  0.08809385  0.93462812]
803.8761613368988,1005,False,1,4,[ 8.52481721 -7.43399679  3.02884317],landing,[ 0.50568378 -0.03156594 -0.11489306]
803.9800267219543,1000,False,1,0,[2.79688829 8.63971394 1.7737048 ],landing,[-0.82138112 -0.19970136 -0.21083176]
803.9800267219543,1001,False,3,5,[-8.15395159  7.89141841  1.56558625],landing,[-0.48080528  0.59740651 -0.20557775]
803.9800267219543,1002,False,2,6,[8.89598898 9.07039311 1.28128233],fake_landed,[ 0.5677905  -0.59831228 -0.99408226]
803.9800267219543,1003,False,5,2,[ 0.7526333  -2.94031867  4.        ],cruising,[ 0.63925976  0.24903542 -0.34837281]
803.9800267219543,1004,False,4,3,[-0.61413328 -5.90642462  4.00000165],exiting,[-0.62185191  0.08809385  0.93462812]
803.9800267219543,1005,False,1,4,[ 8.50238362 -7.43681813  2.93143283],landing,[ 0.50568378 -0.03156594 -0.11489306]
804.0855104923248,1000,False,1,0,[2.8161777  8.62644539 1.6764841 ],landing,[-0.82138112 -0.19970136 -0.21083176]
804.0855104923248,1001,False,3,5,[-8.13555968  7.90439017  1.4681518 ],fake_landed,[-0.48080528  0.59740651 -0.20557775]
804.0855104923248,1002,False,6,1,[8.89598898 9.07039311 1.28128233],waiting,[ 0.5677905  -0.59831228 -0.99408226]
804.0855104923248,1003,False,5,2,[ 0.55286788 -2.95000239  4.        ],cruising,[ 0.63925976  0.24903542 -0.34837281]
804.0855104923248,1004,False,4,3,[-0.5965109  -6.00485963  4.00000132],exiting,[-0.62185191  0.08809385  0.93462812]
804.0855104923248,1005,False,1,4,[ 8.47995004 -7.43963947  2.83402249],landing,[ 0.50568378 -0.03156594 -0.11489306]
804.1847894191742,1000,False,1,0,[2.83546711 8.61317683 1.57926341],landing,[-0.82138112 -0.19970136 -0.21083176]
804.1847894191742,1001,False,3,5,[-8.12084615  7.91476757  1.39020424],fake_landed,[-0.48080528  0.59740651 -0.20557775]
804.1847894191742,1002,False,6,1,[8.89598898 9.07039311 1.28128233],waiting,[ 0.5677905  -0.59831228 -0.99408226]
804.1847894191742,1003,False,5,2,[ 0.35438909 -2.97462292  4.        ],cruising,[ 0.63925976  0.24903542 -0.34837281]
804.1847894191742,1004,False,4,3,[-0.57888852 -6.10329464  4.00000106],exiting,[-0.62185191  0.08809385  0.93462812]
804.1847894191742,1005,False,1,4,[ 8.45751645 -7.44246082  2.73661215],landing,[ 0.50568378 -0.03156594 -0.11489306]
804.2870690822601,1000,False,1,0,[2.85475652 8.59990827 1.48204271],fake_landed,[-0.82138112 -0.19970136 -0.21083176]
804.2870690822601,1001,False,3,5,[-8.10981101  7.92255063  1.33174358],fake_landed,[-0.48080528  0.59740651 -0.20557775]
804.2870690822601,1002,False,6,1,[8.89598898 9.07039311 1.28128233],waiting,[ 0.5677905  -0.59831228 -0.99408226]
804.2870690822601,1003,False,5,2,[ 0.15818507 -3.01340417  4.        ],cruising,[ 0.63925976  0.24903542 -0.34837281]
804.2870690822601,1004,False,4,3,[-0.56126614 -6.20172966  4.00000084],exiting,[-0.62185191  0.08809385  0.93462812]
804.2870690822601,1005,False,1,4,[ 8.43508287 -7.44528216  2.63920181],landing,[ 0.50568378 -0.03156594 -0.11489306]
804.376868724823,1000,False,1,0,[2.87018805 8.58929342 1.40426615],fake_landed,[-0.82138112 -0.19970136 -0.21083176]
804.376868724823,1001,False,3,5,[-8.10245425  7.92773933  1.2927698 ],fake_landed,[-0.48080528  0.59740651 -0.20557775]
804.376868724823,1002,False,6,1,[8.89598898 9.07039311 1.28128233],waiting,[ 0.5677905  -0.59831228 -0.99408226]
804.376868724823,1003,False,5,2,[-0.03496349 -3.06530439  4.        ],cruising,[ 0.63925976  0.24903542 -0.34837281]
804.376868724823,1004,False,4,3,[-0.54364376 -6.30016467  4.00000067],exiting,[-0.62185191  0.08809385  0.93462812]
804.376868724823,1005,False,1,4,[ 8.41264928 -7.4481035   2.54179147],landing,[ 0.50568378 -0.03156594 -0.11489306]
804.4779276847839,1000,False,1,0,[2.88176169 8.58133229 1.34593373],fake_landed,[-0.82138112 -0.19970136 -0.21083176]
804.4779276847839,1001,False,3,5,[-8.09877586  7.93033368  1.27328291],fake_landed,[-0.48080528  0.59740651 -0.20557775]
804.4779276847839,1002,False,6,1,[8.89598898 9.07039311 1.28128233],waiting,[ 0.5677905  -0.59831228 -0.99408226]
804.4779276847839,1003,False,5,2,[-0.22332834 -3.13252554  4.        ],cruising,[ 0.63925976  0.24903542 -0.34837281]
804.4779276847839,1004,False,4,3,[-0.52602138 -6.39859968  4.00000052],exiting,[-0.62185191  0.08809385  0.93462812]
804.4779276847839,1005,False,1,4,[ 8.3902157  -7.45092484  2.44438113],landing,[ 0.50568378 -0.03156594 -0.11489306]
804.5777320861816,1000,False,1,0,[2.88947746 8.57602486 1.30704545],fake_landed,[-0.82138112 -0.19970136 -0.21083176]
804.5777320861816,1001,False,3,5,[-8.09877586  7.93033368  1.27328291],fake_landed,[-0.48080528  0.59740651 -0.20557775]
804.5777320861816,1002,False,6,1,[8.89598898 9.07039311 1.28128233],waiting,[ 0.5677905  -0.59831228 -0.99408226]
804.5777320861816,1003,False,5,2,[-0.40713143 -3.21136984  4.        ],cruising,[ 0.63925976  0.24903542 -0.34837281]
804.5777320861816,1004,False,4,3,[-0.508399   -6.49703469  4.00000041],exiting,[-0.62185191  0.08809385  0.93462812]
804.5777320861816,1005,False,1,4,[ 8.36778211 -7.45374618  2.34697079],landing,[ 0.50568378 -0.03156594 -0.11489306]
804.6764495372772,1000,False,1,0,[2.89333534 8.57337115 1.28760131],fake_landed,[-0.82138112 -0.19970136 -0.21083176]
804.6764495372772,1001,False,5,6,[-8.09877586  7.93033368  1.27328291],waiting,[-0.48080528  0.59740651 -0.20557775]
804.6764495372772,1002,False,6,1,[8.89598898 9.07039311 1.28128233],queued,[ 0.5677905  -0.59831228 -0.99408226]
804.6764495372772,1003,False,5,2,[-0.58817637 -3.29635648  4.        ],cruising,[ 0.63925976  0.24903542 -0.34837281]
804.6764495372772,1004,False,4,3,[-0.49077662 -6.59546971  4.00000032],exiting,[-0.62185191  0.08809385  0.93462812]
804.6764495372772,1005,False,1,4,[ 8.34534853 -7.45656752  2.24956045],landing,[ 0.50568378 -0.03156594 -0.11489306]
804.7839508056641,1000,False,1,0,[2.89333534 8.57337115 1.28760131],fake_landed,[-0.82138112 -0.19970136 -0.21083176]
804.7839508056641,1001,False,5,6,[-8.09877586  7.93033368  1.27328291],waiting,[-0.48080528  0.59740651 -0.20557775]
804.7839508056641,1002,False,6,1,[8.89598898 9.07039311 1.30128233],queued,[ 0.5677905  -0.59831228 -0.99408226]
804.7839508056641,1003,False,5,2,[-0.76659937 -3.38671817  4.        ],cruising,[ 0.63925976  0.24903542 -0.34837281]
804.7839508056641,1004,False,4,3,[-0.47315423 -6.69390472  4.00000025],exiting,[-0.62185191  0.08809385  0.93462812]
804.7839508056641,1005,False,1,4,[ 8.32291494 -7.45938887  2.15215011],landing,[ 0.50568378 -0.03156594 -0.11489306]
804.8779408931732,1000,False,0,5,[2.89333534 8.57337115 1.28760131],waiting,[-0.82138112 -0.19970136 -0.21083176]
804.8779408931732,1001,False,5,6,[-8.09877586  7.93033368  1.27328291],waiting,[-0.48080528  0.59740651 -0.20557775]
804.8779408931732,1002,False,6,1,[8.89598898 9.07039311 1.34128233],queued,[ 0.5677905  -0.59831228 -0.99408226]
804.8779408931732,1003,False,5,2,[-0.94471053 -3.47769296  4.        ],cruising,[ 0.63925976  0.24903542 -0.34837281]
804.8779408931732,1004,False,4,3,[-0.45553185 -6.79233973  4.00000019],exiting,[-0.62185191  0.08809385  0.93462812]
804.8779408931732,1005,False,1,4,[ 8.30048135 -7.46221021  2.05473977],landing,[ 0.50568378 -0.03156594 -0.11489306]
804.9766891002655,1000,False,0,5,[2.89333534 8.57337115 1.28760131],waiting,[-0.82138112 -0.19970136 -0.21083176]
804.9766891002655,1001,False,5,6,[-8.09877586  7.93033368  1.27328291],waiting,[-0.48080528  0.59740651 -0.20557775]
804.9766891002655,1002,False,6,1,[8.89598898 9.07039311 1.40128233],queued,[ 0.5677905  -0.59831228 -0.99408226]
804.9766891002655,1003,False,5,2,[-1.12562292 -3.56296142  4.        ],cruising,[ 0.63925976  0.24903542 -0.34837281]
804.9766891002655,1004,False,4,3,[-0.43790947 -6.89077474  4.00000015],exiting,[-0.62185191  0.08809385  0.93462812]
804.9766891002655,1005,False,1,4,[ 8.27804777 -7.46503155  1.95732943],landing,[ 0.50568378 -0.03156594 -0.11489306]
805.0774960517883,1000,False,0,5,[2.89333534 8.57337115 1.28760131],waiting,[-0.82138112 -0.19970136 -0.21083176]
805.0774960517883,1001,False,5,6,[-8.09877586  7.93033368  1.27328291],waiting,[-0.48080528  0.59740651 -0.20557775]
805.0774960517883,1002,False,6,1,[8.89598898 9.07039311 1.47628233],queued,[ 0.5677905  -0.59831228 -0.99408226]
805.0774960517883,1003,False,5,2,[-1.31350761 -3.63151318  4.        ],cruising,[ 0.63925976  0.24903542 -0.34837281]
805.0774960517883,1004,False,4,3,[-0.42028709 -6.98920976  4.00000011],exiting,[-0.62185191  0.08809385  0.93462812]
805.0774960517883,1005,False,1,4,[ 8.25561418 -7.46785289  1.85991909],landing,[ 0.50568378 -0.03156594 -0.11489306]
805.1827883720398,1000,False,0,5,[2.89333534 8.57337115 1.28760131],waiting,[-0.82138112 -0.19970136 -0.21083176]
805.1827883720398,1001,False,5,6,[-8.09877586  7.93033368  1.27328291],waiting,[-0.48080528  0.59740651 -0.20557775]
805.1827883720398,1002,False,6,1,[8.89598898 9.07039311 1.55128233],entering,[ 0.5677905  -0.59831228 -0.99408226]
805.1827883720398,1003,False,5,2,[-1.50670379 -3.68078313  4.        ],cruising,[ 0.63925976  0.24903542 -0.34837281]
805.1827883720398,1004,False,4,3,[-0.40266471 -7.08764477  4.00000008],exiting,[-0.62185191  0.08809385  0.93462812]
805.1827883720398,1005,False,1,4,[ 8.2331806  -7.47067423  1.76250875],landing,[ 0.50568378 -0.03156594 -0.11489306]
805.2895069122314,1000,False,0,5,[2.89333534 8.57337115 1.28760131],waiting,[-0.82138112 -0.19970136 -0.21083176]
805.2895069122314,1001,False,5,6,[-8.09877586  7.93033368  1.27328291],waiting,[-0.48080528  0.59740651 -0.20557775]
805.2895069122314,1002,False,6,1,[8.89176056 9.05084521 1.62628233],entering,[ 0.5677905  -0.59831228 -0.99408226]
805.2895069122314,1003,False,5,2,[-1.70182008 -3.71014547  4.        ],cruising,[ 0.63925976  0.24903542 -0.34837281]
805.2895069122314,1004,False,4,3,[-0.38504233 -7.18607978  4.00000006],exiting,[-0.62185191  0.08809385  0.93462812]
805.2895069122314,1005,False,1,4,[ 8.21074701 -7.47349557  1.66509841],landing,[ 0.50568378 -0.03156594 -0.11489306]
805.3865232467651,1000,False,0,5,[2.89333534 8.57337115 1.28760131],waiting,[-0.82138112 -0.19970136 -0.21083176]
805.3865232467651,1001,False,5,6,[-8.09877586  7.93033368  1.27328291],waiting,[-0.48080528  0.59740651 -0.20557775]
805.3865232467651,1002,False,6,1,[8.88330371 9.01174941 1.70128233],entering,[ 0.5677905  -0.59831228 -0.99408226]
805.3865232467651,1003,False,5,2,[-1.8959121  -3.71953405  4.        ],cruising,[ 0.63925976  0.24903542 -0.34837281]
805.3865232467651,1004,False,4,3,[-0.36741995 -7.28451479  4.00000004],exiting,[-0.62185191  0.08809385  0.93462812]
805.3865232467651,1005,False,1,4,[ 8.18831343 -7.47631691  1.56768807],landing,[ 0.50568378 -0.03156594 -0.11489306]
805.4758276939392,1000,False,0,5,[2.89333534 8.57337115 1.28760131],waiting,[-0.82138112 -0.19970136 -0.21083176]
805.4758276939392,1001,False,5,6,[-8.09877586  7.93033368  1.27328291],queued,[-0.48080528  0.59740651 -0.20557775]
805.4758276939392,1002,False,6,1,[8.87061843 8.9531057  1.77628233],entering,[ 0.5677905  -0.59831228 -0.99408226]
805.4758276939392,1003,False,5,2,[-2.08601158 -3.7093252   4.        ],cruising,[ 0.63925976  0.24903542 -0.34837281]
805.4758276939392,1004,False,4,3,[-0.34979756 -7.3829498   4.00000003],exiting,[-0.62185191  0.08809385  0.93462812]
805.4758276939392,1005,False,1,4,[ 8.16587984 -7.47913826  1.47027774],fake_landed,[ 0.50568378 -0.03156594 -0.11489306]
805.5797576904297,1000,False,0,5,[2.89333534 8.57337115 1.28760131],waiting,[-0.82138112 -0.19970136 -0.21083176]
805.5797576904297,1001,False,5,6,[-8.09877586  7.93033368  1.29328291],queued,[-0.48080528  0.59740651 -0.20557775]
805.5797576904297,1002,False,6,1,[8.85370472 8.8749141  1.85128233],entering,[ 0.5677905  -0.59831228 -0.99408226]
805.5797576904297,1003,False,5,2,[-2.26952553 -3.68023167  4.        ],cruising,[ 0.63925976  0.24903542 -0.34837281]
805.5797576904297,1004,False,4,3,[-0.33217518 -7.48138482  4.00000002],exiting,[-0.62185191  0.08809385  0.93462812]
805.5797576904297,1005,False,1,4,[ 8.14793298 -7.48139533  1.39234946],fake_landed,[ 0.50568378 -0.03156594 -0.11489306]
805.6811215877533,1000,False,0,5,[2.89333534 8.57337115 1.28760131],waiting,[-0.82138112 -0.19970136 -0.21083176]
805.6811215877533,1001,False,5,6,[-8.09877586  7.93033368  1.33328291],queued,[-0.48080528  0.59740651 -0.20557775]
805.6811215877533,1002,False,6,1,[8.83256767 8.7771735  1.92628233],entering,[ 0.5677905  -0.59831228 -0.99408226]
805.6811215877533,1003,False,5,2,[-2.44410909 -3.63324266  4.        ],cruising,[ 0.63925976  0.24903542 -0.34837281]
805.6811215877533,1004,False,4,3,[-0.3145528  -7.57981983  4.00000001],exiting,[-0.62185191  0.08809385  0.93462812]
805.6811215877533,1005,False,1,4,[ 8.13447282 -7.48308813  1.33390326],fake_landed,[ 0.50568378 -0.03156594 -0.11489306]
805.7847516536713,1000,False,0,5,[2.89333534 8.57337115 1.28760131],waiting,[-0.82138112 -0.19970136 -0.21083176]
805.7847516536713,1001,False,5,6,[-8.09877586  7.93033368  1.39328291],queued,[-0.48080528  0.59740651 -0.20557775]
805.7847516536713,1002,False,6,1,[8.80736577 8.65985033 2.00128233],entering,[ 0.5677905  -0.59831228 -0.99408226]
805.7847516536713,1003,False,5,2,[-2.60765334 -3.56957633  4.        ],cruising,[ 0.63925976  0.24903542 -0.34837281]
805.7847516536713,1004,False,4,3,[-0.29693042 -7.67825484  4.00000001],exiting,[-0.62185191  0.08809385  0.93462812]
805.7847516536713,1005,False,1,4,[ 8.12549939 -7.48421667  1.29493912],fake_landed,[ 0.50568378 -0.03156594 -0.11489306]
805.8811421394348,1000,False,0,5,[2.89333534 8.57337115 1.28760131],waiting,[-0.82138112 -0.19970136 -0.21083176]
805.8811421394348,1001,False,5,6,[-8.09877586  7.93033368  1.46828291],queued,[-0.48080528  0.59740651 -0.20557775]
805.8811421394348,1002,False,6,1,[8.77834459 8.52289522 2.07628233],entering,[ 0.5677905  -0.59831228 -0.99408226]
805.8811421394348,1003,False,5,2,[-2.75839008 -3.49054874  4.        ],cruising,[ 0.63925976  0.24903542 -0.34837281]
805.8811421394348,1004,False,4,3,[-0.27930804 -7.77668985  4.        ],landing,[-0.62185191  0.08809385  0.93462812]
805.8811421394348,1005,False,1,4,[ 8.12101267 -7.48478094  1.27545706],fake_landed,[ 0.50568378 -0.03156594 -0.11489306]
805.9767756462097,1000,False,0,5,[2.89333534 8.57337115 1.28760131],waiting,[-0.82138112 -0.19970136 -0.21083176]
805.9767756462097,1001,False,5,6,[-8.09877586  7.93033368  1.54328291],queued,[-0.48080528  0.59740651 -0.20557775]
805.9767756462097,1002,False,6,1,[8.74590795 8.3662339  2.15128233],entering,[ 0.5677905  -0.59831228 -0.99408226]
805.9767756462097,1003,False,5,2,[-2.89472306 -3.39764557  4.        ],cruising,[ 0.63925976  0.24903542 -0.34837281]
805.9767756462097,1004,False,4,3,[-0.26731144 -7.86196629  3.98602852],landing,[-0.62185191  0.08809385  0.93462812]
805.9767756462097,1005,False,4,0,[ 8.12101267 -7.48478094  1.27545706],waiting,[ 0.50568378 -0.03156594 -0.11489306]
806.0780944824219,1000,False,0,5,[2.89333534 8.57337115 1.28760131],waiting,[-0.82138112 -0.19970136 -0.21083176]
806.0780944824219,1001,False,5,6,[-8.09877586  7.93033368  1.61828291],queued,[-0.48080528  0.59740651 -0.20557775]
806.0780944824219,1002,False,6,1,[8.71039597 8.18981044 2.22628233],entering,[ 0.5677905  -0.59831228 -0.99408226]
806.0780944824219,1003,False,5,2,[-3.0153179  -3.29240098  4.        ],cruising,[ 0.63925976  0.24903542 -0.34837281]
806.0780944824219,1004,False,4,3,[-0.26093356 -7.93390915  3.95824957],landing,[-0.62185191  0.08809385  0.93462812]
806.0780944824219,1005,False,4,0,[ 8.12101267 -7.48478094  1.27545706],waiting,[ 0.50568378 -0.03156594 -0.11489306]
806.1882991790771,1000,False,0,5,[2.89333534 8.57337115 1.28760131],waiting,[-0.82138112 -0.19970136 -0.21083176]
806.1882991790771,1001,False,5,6,[-8.09877586  7.93033368  1.69328291],queued,[-0.48080528  0.59740651 -0.20557775]
806.1882991790771,1002,False,6,1,[8.67184606 7.99361906 2.30128233],entering,[ 0.5677905  -0.59831228 -0.99408226]
806.1882991790771,1003,False,5,2,[-3.11903569 -3.17642488  4.        ],cruising,[ 0.63925976  0.24903542 -0.34837281]
806.1882991790771,1004,False,4,3,[-0.26016495 -7.99231314  3.91686052],landing,[-0.62185191  0.08809385  0.93462812]
806.1882991790771,1005,False,4,0,[ 8.12101267 -7.48478094  1.27545706],waiting,[ 0.50568378 -0.03156594 -0.11489306]
806.27605676651,1000,False,0,5,[2.89333534 8.57337115 1.28760131],waiting,[-0.82138112 -0.19970136 -0.21083176]
806.27605676651,1001,False,5,6,[-8.09877586  7.93033368  1.76828291],queued,[-0.48080528  0.59740651 -0.20557775]
806.27605676651,1002,False,6,1,[8.63328758 7.79737114 2.37628233],entering,[ 0.5677905  -0.59831228 -0.99408226]
806.27605676651,1003,False,5,2,[-3.20489401 -3.0514466   4.        ],cruising,[ 0.63925976  0.24903542 -0.34837281]
806.27605676651,1004,False,4,3,[-0.26499077 -8.03690001  3.86213769],landing,[-0.62185191  0.08809385  0.93462812]
806.27605676651,1005,False,4,0,[ 8.12101267 -7.48478094  1.27545706],waiting,[ 0.50568378 -0.03156594 -0.11489306]
806.4023761749268,1000,False,0,5,[2.89333534 8.57337115 1.28760131],waiting,[-0.82138112 -0.19970136 -0.21083176]
806.4023761749268,1001,False,5,6,[-8.09877586  7.93033368  1.84328291],queued,[-0.48080528  0.59740651 -0.20557775]
806.4023761749268,1002,False,6,1,[8.59531749 7.60100854 2.45128233],entering,[ 0.5677905  -0.59831228 -0.99408226]
806.4023761749268,1003,False,5,2,[-3.27257942 -2.91811695  4.        ],cruising,[ 0.63925976  0.24903542 -0.34837281]
806.4023761749268,1004,False,4,3,[-0.27539628 -8.06743128  3.79432643],landing,[-0.62185191  0.08809385  0.93462812]
806.4023761749268,1005,False,4,0,[ 8.12101267 -7.48478094  1.27545706],waiting,[ 0.50568378 -0.03156594 -0.11489306]
806.4828729629517,1000,False,0,5,[2.89333534 8.57337115 1.28760131],waiting,[-0.82138112 -0.19970136 -0.21083176]
806.4828729629517,1001,False,5,6,[-8.09877586  7.93033368  1.91828291],queued,[-0.48080528  0.59740651 -0.20557775]
806.4828729629517,1002,False,6,1,[8.5599388  7.40416254 2.52628233],entering,[ 0.5677905  -0.59831228 -0.99408226]
806.4828729629517,1003,False,5,2,[-3.32187426 -2.77692683  4.        ],cruising,[ 0.63925976  0.24903542 -0.34837281]
806.4828729629517,1004,False,4,3,[-0.29136644 -8.0836905   3.71365657],landing,[-0.62185191  0.08809385  0.93462812]
806.4828729629517,1005,False,4,0,[ 8.12101267 -7.48478094  1.27545706],waiting,[ 0.50568378 -0.03156594 -0.11489306]
806.5759723186493,1000,False,0,5,[2.89333534 8.57337115 1.28760131],waiting,[-0.82138112 -0.19970136 -0.21083176]
806.5759723186493,1001,False,5,6,[-8.09877586  7.93033368  1.99328291],queued,[-0.48080528  0.59740651 -0.20557775]
806.5759723186493,1002,False,6,1,[8.52575097 7.20710622 2.60128233],entering,[ 0.5677905  -0.59831228 -0.99408226]
806.5759723186493,1003,False,5,2,[-3.35264792 -2.62818913  4.        ],cruising,[ 0.63925976  0.24903542 -0.34837281]
806.5759723186493,1004,False,4,3,[-0.31288439 -8.08545971  3.62036683],landing,[-0.62185191  0.08809385  0.93462812]
806.5759723186493,1005,False,4,0,[ 8.12101267 -7.48478094  1.27545706],waiting,[ 0.50568378 -0.03156594 -0.11489306]
806.6769976615906,1000,False,0,5,[2.89333534 8.57337115 1.28760131],waiting,[-0.82138112 -0.19970136 -0.21083176]
806.6769976615906,1001,False,5,6,[-8.09877586  7.93033368  2.06828291],queued,[-0.48080528  0.59740651 -0.20557775]
806.6769976615906,1002,False,6,1,[8.49156315 7.0100499  2.67628233],entering,[ 0.5677905  -0.59831228 -0.99408226]
806.6769976615906,1003,False,5,2,[-3.36484548 -2.47204007  4.        ],cruising,[ 0.63925976  0.24903542 -0.34837281]
806.6769976615906,1004,False,4,3,[-0.33615514 -8.08256542  3.52315523],landing,[-0.62185191  0.08809385  0.93462812]
806.6769976615906,1005,False,4,0,[ 8.12101267 -7.48478094  1.27545706],waiting,[ 0.50568378 -0.03156594 -0.11489306]
806.7769086360931,1000,False,0,5,[2.89333534 8.57337115 1.28760131],waiting,[-0.82138112 -0.19970136 -0.21083176]
806.7769086360931,1001,False,5,6,[-8.09877586  7.93033368  2.14328291],queued,[-0.48080528  0.59740651 -0.20557775]
806.7769086360931,1002,False,6,1,[8.45886418 6.81274106 2.75128233],entering,[ 0.5677905  -0.59831228 -0.99408226]
806.7769086360931,1003,False,5,2,[-3.35865742 -2.30801896  4.        ],cruising,[ 0.63925976  0.24903542 -0.34837281]
806.7769086360931,1004,False,4,3,[-0.3594259  -8.07967113  3.42594363],landing,[-0.62185191  0.08809385  0.93462812]
806.7769086360931,1005,False,4,0,[ 8.12101267 -7.48478094  1.27545706],waiting,[ 0.50568378 -0.03156594 -0.11489306]
806.8792209625244,1000,False,0,5,[2.89333534 8.57337115 1.28760131],waiting,[-0.82138112 -0.19970136 -0.21083176]
806.8792209625244,1001,False,5,6,[-8.09877586  7.93033368  2.21828291],queued,[-0.48080528  0.59740651 -0.20557775]
806.8792209625244,1002,False,6,1,[8.42971554 6.61487657 2.82628233],entering,[ 0.5677905  -0.59831228 -0.99408226]
806.8792209625244,1003,False,5,2,[-3.33469888 -2.13482124  4.        ],cruising,[ 0.63925976  0.24903542 -0.34837281]
806.8792209625244,1004,False,4,3,[-0.38269666 -8.07677684  3.32873203],landing,[-0.62185191  0.08809385  0.93462812]
806.8792209625244,1005,False,4,0,[ 8.12101267 -7.48478094  1.27545706],waiting,[ 0.50568378 -0.03156594 -0.11489306]
806.9780530929565,1000,False,0,5,[2.89333534 8.57337115 1.28760131],waiting,[-0.82138112 -0.19970136 -0.21083176]
806.9780530929565,1001,False,5,6,[-8.09877586  7.93033368  2.29328291],queued,[-0.48080528  0.59740651 -0.20557775]
806.9780530929565,1002,False,6,1,[8.4005669  6.41701208 2.90128233],entering,[ 0.5677905  -0.59831228 -0.99408226]
806.9780530929565,1003,False,5,2,[-3.29526922 -1.94894897  4.        ],cruising,[ 0.63925976  0.24903542 -0.34837281]
806.9780530929565,1004,False,4,3,[-0.40596741 -8.07388255  3.23152043],landing,[-0.62185191  0.08809385  0.93462812]
806.9780530929565,1005,False,4,0,[ 8.12101267 -7.48478094  1.27545706],waiting,[ 0.50568378 -0.03156594 -0.11489306]
807.0771751403809,1000,False,0,5,[2.89333534 8.57337115 1.28760131],waiting,[-0.82138112 -0.19970136 -0.21083176]
807.0771751403809,1001,False,5,6,[-8.09877586  7.93033368  2.36828291],queued,[-0.48080528  0.59740651 -0.20557775]
807.0771751403809,1002,False,6,1,[8.37394156 6.21879227 2.97628233],entering,[ 0.5677905  -0.59831228 -0.99408226]
807.0771751403809,1003,False,5,2,[-3.26055756 -1.75198425  4.        ],cruising,[ 0.63925976  0.24903542 -0.34837281]
807.0771751403809,1004,False,4,3,[-0.42923817 -8.07098826  3.13430883],landing,[-0.62185191  0.08809385  0.93462812]
807.0771751403809,1005,False,4,0,[ 8.12101267 -7.48478094  1.27545706],waiting,[ 0.50568378 -0.03156594 -0.11489306]
807.1785202026367,1000,False,0,5,[2.89333534 8.57337115 1.28760131],queued,[-0.82138112 -0.19970136 -0.21083176]
807.1785202026367,1001,False,5,6,[-8.09877586  7.93033368  2.44328291],queued,[-0.48080528  0.59740651 -0.20557775]
807.1785202026367,1002,False,6,1,[8.35044552 6.02017723 3.05128233],entering,[ 0.5677905  -0.59831228 -0.99408226]
807.1785202026367,1003,False,5,2,[-3.24246059 -1.55280469  4.        ],cruising,[ 0.63925976  0.24903542 -0.34837281]
807.1785202026367,1004,False,4,3,[-0.45250893 -8.06809397  3.03709723],landing,[-0.62185191  0.08809385  0.93462812]
807.1785202026367,1005,False,4,0,[ 8.12101267 -7.48478094  1.27545706],waiting,[ 0.50568378 -0.03156594 -0.11489306]
807.2769813537598,1000,False,0,5,[2.89333534 8.57337115 1.30760131],queued,[-0.82138112 -0.19970136 -0.21083176]
807.2769813537598,1001,False,5,6,[-8.09877586  7.93033368  2.51828291],entering,[-0.48080528  0.59740651 -0.20557775]
807.2769813537598,1002,False,6,1,[8.32817704 5.82142081 3.12628233],entering,[ 0.5677905  -0.59831228 -0.99408226]
807.2769813537598,1003,False,5,2,[-3.24069842 -1.35281245  4.        ],cruising,[ 0.63925976  0.24903542 -0.34837281]
807.2769813537598,1004,False,4,3,[-0.47577968 -8.06519968  2.93988564],landing,[-0.62185191  0.08809385  0.93462812]
807.2769813537598,1005,False,4,0,[ 8.12101267 -7.48478094  1.27545706],waiting,[ 0.50568378 -0.03156594 -0.11489306]
807.3768999576569,1000,False,0,5,[2.89333534 8.57337115 1.34760131],queued,[-0.82138112 -0.19970136 -0.21083176]
807.3768999576569,1001,False,5,6,[-8.08092947  7.9213056   2.59328291],entering,[-0.48080528  0.59740651 -0.20557775]
807.3768999576569,1002,False,6,1,[8.3107824  5.62217868 3.20128233],entering,[ 0.5677905  -0.59831228 -0.99408226]
807.3768999576569,1003,False,5,2,[-3.25350289 -1.15322276  4.        ],cruising,[ 0.63925976  0.24903542 -0.34837281]
807.3768999576569,1004,False,4,3,[-0.49905044 -8.06230539  2.84267404],landing,[-0.62185191  0.08809385  0.93462812]
807.3768999576569,1005,False,4,0,[ 8.12101267 -7.48478094  1.27545706],waiting,[ 0.50568378 -0.03156594 -0.11489306]
807.477787733078,1000,False,0,5,[2.89333534 8.57337115 1.40760131],queued,[-0.82138112 -0.19970136 -0.21083176]
807.477787733078,1001,False,5,6,[-8.04522303  7.90327648  2.66828291],entering,[-0.48080528  0.59740651 -0.20557775]
807.477787733078,1002,False,6,1,[8.2961041  5.42271804 3.27628233],entering,[ 0.5677905  -0.59831228 -0.99408226]
807.477787733078,1003,False,5,2,[-3.28050614 -0.95505408  4.        ],cruising,[ 0.63925976  0.24903542 -0.34837281]
807.477787733078,1004,False,4,3,[-0.5223212  -8.0594111   2.74546244],landing,[-0.62185191  0.08809385  0.93462812]
807.477787733078,1005,False,4,0,[ 8.12101267 -7.48478094  1.27545706],waiting,[ 0.50568378 -0.03156594 -0.11489306]
807.5765492916107,1000,False,0,5,[2.89333534 8.57337115 1.48260131],queued,[-0.82138112 -0.19970136 -0.21083176]
807.5765492916107,1001,False,5,6,[-7.99162643  7.87630633  2.74328291],entering,[-0.48080528  0.59740651 -0.20557775]
807.5765492916107,1002,False,6,1,[8.28498997 5.22302709 3.35128233],entering,[ 0.5677905  -0.59831228 -0.99408226]
807.5765492916107,1003,False,5,2,[-3.32054619 -0.75910308  4.        ],cruising,[ 0.63925976  0.24903542 -0.34837281]
807.5765492916107,1004,False,4,3,[-0.54559195 -8.05651681  2.64825084],landing,[-0.62185191  0.08809385  0.93462812]
807.5765492916107,1005,False,4,0,[ 8.12101267 -7.48478094  1.27545706],waiting,[ 0.50568378 -0.03156594 -0.11489306]
807.6849822998047,1000,False,0,5,[2.89333534 8.57337115 1.55760131],queued,[-0.82138112 -0.19970136 -0.21083176]
807.6849822998047,1001,False,5,6,[-7.92008263  7.84051017  2.81828291],entering,[-0.48080528  0.59740651 -0.20557775]
807.6849822998047,1002,False,6,1,[8.28001755 5.02308891 3.42628233],entering,[ 0.5677905  -0.59831228 -0.99408226]
807.6849822998047,1003,False,5,2,[-3.37096699 -0.56556305  4.        ],cruising,[ 0.63925976  0.24903542 -0.34837281]
807.6849822998047,1004,False,4,3,[-0.56886271 -8.05362252  2.55103924],landing,[-0.62185191  0.08809385  0.93462812]
807.6849822998047,1005,False,4,0,[ 8.12101267 -7.48478094  1.27545706],waiting,[ 0.50568378 -0.03156594 -0.11489306]
807.7776138782501,1000,False,0,5,[2.89333534 8.57337115 1.63260131],queued,[-0.82138112 -0.19970136 -0.21083176]
807.7776138782501,1001,False,5,6,[-7.83053977  7.79599429  2.89328291],entering,[-0.48080528  0.59740651 -0.20557775]
807.7776138782501,1002,False,6,1,[8.28057325 4.82308968 3.50128233],entering,[ 0.5677905  -0.59831228 -0.99408226]
807.7776138782501,1003,False,5,2,[-3.43259836 -0.37529594  4.        ],cruising,[ 0.63925976  0.24903542 -0.34837281]
807.7776138782501,1004,False,4,3,[-0.59213346 -8.05072823  2.45382764],landing,[-0.62185191  0.08809385  0.93462812]
807.7776138782501,1005,False,4,0,[ 8.12101267 -7.48478094  1.27545706],waiting,[ 0.50568378 -0.03156594 -0.11489306]
807.8760185241699,1000,False,0,5,[2.89333534 8.57337115 1.70760131],queued,[-0.82138112 -0.19970136 -0.21083176]
807.8760185241699,1001,False,5,6,[-7.72297201  7.74281221  2.96828291],entering,[-0.48080528  0.59740651 -0.20557775]
807.8760185241699,1002,False,6,1,[8.28525381 4.62314446 3.57608998],entering,[ 0.5677905  -0.59831228 -0.99408226]
807.8760185241699,1003,False,5,2,[-3.50471873 -0.18875197  4.        ],cruising,[ 0.63925976  0.24903542 -0.34837281]
807.8760185241699,1004,False,4,3,[-0.61540422 -8.04783394  2.35661604],landing,[-0.62185191  0.08809385  0.93462812]
807.8760185241699,1005,False,4,0,[ 8.12101267 -7.48478094  1.27545706],waiting,[ 0.50568378 -0.03156594 -0.11489306]
807.986825466156,1000,False,0,5,[2.89333534 8.57337115 1.78260131],queued,[-0.82138112 -0.19970136 -0.21083176]
807.986825466156,1001,False,5,6,[-7.59736667  7.68099034  3.04328291],entering,[-0.48080528  0.59740651 -0.20557775]
807.986825466156,1002,False,6,1,[8.29460739 4.4233633  3.63967648],entering,[ 0.5677905  -0.59831228 -0.99408226]
807.986825466156,1003,False,5,2,[-3.58462007 -0.00540591  4.        ],exiting,[ 0.63925976  0.24903542 -0.34837281]
807.986825466156,1004,False,4,3,[-0.63867498 -8.04493965  2.25940444],landing,[-0.62185191  0.08809385  0.93462812]
807.986825466156,1005,False,4,0,[ 8.12101267 -7.48478094  1.27545706],waiting,[ 0.50568378 -0.03156594 -0.11489306]
808.0852844715118,1000,False,0,5,[2.89333534 8.57337115 1.85760131],queued,[-0.82138112 -0.19970136 -0.21083176]
808.0852844715118,1001,False,5,6,[-7.45327671  7.61153182  3.11828291],entering,[-0.48080528  0.59740651 -0.20557775]
808.0852844715118,1002,False,6,1,[8.30686365 4.22373919 3.69372501],entering,[ 0.5677905  -0.59831228 -0.99408226]
808.0852844715118,1003,False,5,2,[-3.66548849  0.15796353  4.        ],exiting,[ 0.63925976  0.24903542 -0.34837281]
808.0852844715118,1004,False,4,3,[-0.66194573 -8.04204536  2.16219284],landing,[-0.62185191  0.08809385  0.93462812]
808.0852844715118,1005,False,4,0,[ 8.12101267 -7.48478094  1.27545706],waiting,[ 0.50568378 -0.03156594 -0.11489306]
808.1780018806458,1000,False,0,5,[2.89333534 8.57337115 1.93260131],queued,[-0.82138112 -0.19970136 -0.21083176]
808.1780018806458,1001,False,5,6,[-7.29046119  7.53504809  3.19328291],entering,[-0.48080528  0.59740651 -0.20557775]
808.1780018806458,1002,False,6,1,[8.3164998  4.02397147 3.73966626],entering,[ 0.5677905  -0.59831228 -0.99408226]
808.1780018806458,1003,False,5,2,[-3.74715883  0.30134906  4.        ],exiting,[ 0.63925976  0.24903542 -0.34837281]
808.1780018806458,1004,False,4,3,[-0.68521649 -8.03915107  2.06498124],landing,[-0.62185191  0.08809385  0.93462812]
808.1780018806458,1005,False,4,0,[ 8.12101267 -7.48478094  1.27545706],waiting,[ 0.50568378 -0.03156594 -0.11489306]
808.2854068279266,1000,False,0,5,[2.89333534 8.57337115 2.00760131],queued,[-0.82138112 -0.19970136 -0.21083176]
808.2854068279266,1001,False,5,6,[-7.1081639   7.45404105  3.26828291],entering,[-0.48080528  0.59740651 -0.20557775]
808.2854068279266,1002,False,6,1,[8.33136397 3.82452459 3.77871632],cruising,[ 0.5677905  -0.59831228 -0.99408226]
808.2854068279266,1003,False,5,2,[-3.82944757  0.42474416  4.        ],exiting,[ 0.63925976  0.24903542 -0.34837281]
808.2854068279266,1004,False,4,3,[-0.70848725 -8.03625677  1.96776965],landing,[-0.62185191  0.08809385  0.93462812]
808.2854068279266,1005,False,4,0,[ 8.12101267 -7.48478094  1.27545706],queued,[ 0.50568378 -0.03156594 -0.11489306]
808.3768379688263,1000,False,0,5,[2.89333534 8.57337115 2.08260131],queued,[-0.82138112 -0.19970136 -0.21083176]
808.3768379688263,1001,False,5,6,[-6.92433474  7.37525754  3.34328291],entering,[-0.48080528  0.59740651 -0.20557775]
808.3768379688263,1002,False,6,1,[8.34041261 3.62472939 3.81190887],cruising,[ 0.5677905  -0.59831228 -0.99408226]
808.3768379688263,1003,False,5,2,[-3.91214808  0.52814349  4.        ],exiting,[ 0.63925976  0.24903542 -0.34837281]
808.3768379688263,1004,False,4,3,[-0.731758   -8.03336248  1.87055805],landing,[-0.62185191  0.08809385  0.93462812]
808.3768379688263,1005,False,4,0,[ 8.12101267 -7.48478094  1.29545706],queued,[ 0.50568378 -0.03156594 -0.11489306]
808.4823093414307,1000,False,0,5,[2.89333534 8.57337115 2.15760131],queued,[-0.82138112 -0.19970136 -0.21083176]
808.4823093414307,1001,False,5,6,[-6.7383751   7.30164359  3.41828291],entering,[-0.48080528  0.59740651 -0.20557775]
808.4823093414307,1002,False,6,1,[8.34782474 3.42486679 3.84012254],exiting,[ 0.5677905  -0.59831228 -0.99408226]
808.4823093414307,1003,False,5,2,[-3.99502104  0.61154357  4.        ],exiting,[ 0.63925976  0.24903542 -0.34837281]
808.4823093414307,1004,False,4,3,[-0.75502876 -8.03046819  1.77334645],landing,[-0.62185191  0.08809385  0.93462812]
808.4823093414307,1005,False,4,0,[ 8.12101267 -7.48478094  1.33545706],queued,[ 0.50568378 -0.03156594 -0.11489306]
808.5784170627594,1000,False,0,5,[2.89333534 8.57337115 2.23260131],queued,[-0.82138112 -0.19970136 -0.21083176]
808.5784170627594,1001,False,5,6,[-6.55087367  7.23205039  3.49328291],entering,[-0.48080528  0.59740651 -0.20557775]
808.5784170627594,1002,False,6,1,[8.34475493 3.24203714 3.86842076],exiting,[ 0.5677905  -0.59831228 -0.99408226]
808.5784170627594,1003,False,5,2,[-4.07777274  0.67494402  4.        ],exiting,[ 0.63925976  0.24903542 -0.34837281]
808.5784170627594,1004,False,4,3,[-0.77829952 -8.0275739   1.67613485],landing,[-0.62185191  0.08809385  0.93462812]
808.5784170627594,1005,False,4,0,[ 8.12101267 -7.48478094  1.39545706],queued,[ 0.50568378 -0.03156594 -0.11489306]
808.6815364360809,1000,False,0,5,[2.89333534 8.57337115 2.30760131],queued,[-0.82138112 -0.19970136 -0.21083176]
808.6815364360809,1001,False,5,6,[-6.36166964  7.16722883  3.56828291],entering,[-0.48080528  0.59740651 -0.20557775]
808.6815364360809,1002,False,6,1,[8.33128065 3.07628441 3.89636372],exiting,[ 0.5677905  -0.59831228 -0.99408226]
808.6815364360809,1003,False,5,2,[-4.15998727  0.71835168  4.        ],exiting,[ 0.63925976  0.24903542 -0.34837281]
808.6815364360809,1004,False,4,3,[-0.80157027 -8.02467961  1.57892325],landing,[-0.62185191  0.08809385  0.93462812]
808.6815364360809,1005,False,4,0,[ 8.12101267 -7.48478094  1.47045706],queued,[ 0.50568378 -0.03156594 -0.11489306]
808.778715133667,1000,False,0,5,[2.89333534 8.57337115 2.38260131],entering,[-0.82138112 -0.19970136 -0.21083176]
808.778715133667,1001,False,5,6,[-6.17041718  7.10872673  3.63304047],entering,[-0.48080528  0.59740651 -0.20557775]
808.778715133667,1002,False,6,1,[8.30750984 2.92765613 3.92344971],exiting,[ 0.5677905  -0.59831228 -0.99408226]
808.778715133667,1003,False,5,2,[-4.24141012  0.74177501  4.        ],exiting,[ 0.63925976  0.24903542 -0.34837281]
808.778715133667,1004,False,4,3,[-0.82484103 -8.02178532  1.48171165],fake_landed,[-0.62185191  0.08809385  0.93462812]
808.778715133667,1005,False,4,0,[ 8.12101267 -7.48478094  1.54545706],queued,[ 0.50568378 -0.03156594 -0.11489306]
808.877986907959,1000,False,0,5,[2.88973809 8.55369732 2.45760131],entering,[-0.82138112 -0.19970136 -0.21083176]
808.877986907959,1001,False,5,6,[-5.97690337  7.05820539  3.6880844 ],entering,[-0.48080528  0.59740651 -0.20557775]
808.877986907959,1002,False,6,1,[8.27359027 2.79620115 3.94909325],exiting,[ 0.5677905  -0.59831228 -0.99408226]
808.877986907959,1003,False,5,2,[-4.32178268  0.74522594  4.        ],exiting,[ 0.63925976  0.24903542 -0.34837281]
808.877986907959,1004,False,4,3,[-0.84345763 -8.01946989  1.40394237],fake_landed,[-0.62185191  0.08809385  0.93462812]
808.877986907959,1005,False,4,0,[ 8.12101267 -7.48478094  1.62045706],queued,[ 0.50568378 -0.03156594 -0.11489306]
808.9904539585114,1000,False,0,5,[2.88276466 8.51431051 2.53260131],entering,[-0.82138112 -0.19970136 -0.21083176]
808.9904539585114,1001,False,5,6,[-5.78131998  7.0164066   3.73487174],entering,[-0.48080528  0.59740651 -0.20557775]
808.9904539585114,1002,False,6,1,[8.22972903 2.68196578 3.97258083],exiting,[ 0.5677905  -0.59831228 -0.99408226]
808.9904539585114,1003,False,5,2,[-4.40084208  0.72872003  4.        ],exiting,[ 0.63925976  0.24903542 -0.34837281]
808.9904539585114,1004,False,4,3,[-0.85742009 -8.01773332  1.34561541],fake_landed,[-0.62185191  0.08809385  0.93462812]
808.9904539585114,1005,False,4,0,[ 8.12101267 -7.48478094  1.69545706],queued,[ 0.50568378 -0.03156594 -0.11489306]
809.0895473957062,1000,False,0,5,[2.87251527 8.45519382 2.60760131],entering,[-0.82138112 -0.19970136 -0.21083176]
809.0895473957062,1001,False,5,6,[-5.5841066   6.98313679  3.77464098],entering,[-0.48080528  0.59740651 -0.20557775]
809.0895473957062,1002,False,6,1,[8.17624841 2.5849853  3.9929481 ],exiting,[ 0.5677905  -0.59831228 -0.99408226]
809.0895473957062,1003,False,5,2,[-4.47832103  0.69227666  4.        ],exiting,[ 0.63925976  0.24903542 -0.34837281]
809.0895473957062,1004,False,4,3,[-0.86672839 -8.0165756   1.30673077],fake_landed,[-0.62185191  0.08809385  0.93462812]
809.0895473957062,1005,False,4,0,[ 8.12101267 -7.48478094  1.77045706],queued,[ 0.50568378 -0.03156594 -0.11489306]
809.1772809028625,1000,False,0,5,[2.85911164 8.37632743 2.68260131],entering,[-0.82138112 -0.19970136 -0.21083176]
809.1772809028625,1001,False,5,6,[-5.38517952  6.96244822  3.80844483],entering,[-0.48080528  0.59740651 -0.20557775]
809.1772809028625,1002,False,6,1,[8.11344606 2.50526871 4.00943422],exiting,[ 0.5677905  -0.59831228 -0.99408226]
809.1772809028625,1003,False,5,2,[-4.5539474   0.63591928  4.        ],exiting,[ 0.63925976  0.24903542 -0.34837281]
809.1772809028625,1004,False,4,3,[-0.87138254 -8.01599674  1.28728845],fake_landed,[-0.62185191  0.08809385  0.93462812]
809.1772809028625,1005,False,4,0,[ 8.12101267 -7.48478094  1.84545706],queued,[ 0.50568378 -0.03156594 -0.11489306]
809.2824749946594,1000,False,0,5,[2.8430678  8.27763607 2.75760131],entering,[-0.82138112 -0.19970136 -0.21083176]
809.2824749946594,1001,False,5,6,[-5.18546341  6.9517957   3.83717811],entering,[-0.48080528  0.59740651 -0.20557775]
809.2824749946594,1002,False,6,1,[8.04159928 2.44281516 4.02142749],exiting,[ 0.5677905  -0.59831228 -0.99408226]
809.2824749946594,1003,False,5,2,[-4.62846787  0.56923571  4.        ],exiting,[ 0.63925976  0.24903542 -0.34837281]
809.2824749946594,1004,False,3,4,[-0.87138254 -8.01599674  1.28728845],waiting,[-0.62185191  0.08809385  0.93462812]
809.2824749946594,1005,False,4,0,[ 8.12101267 -7.48478094  1.92045706],queued,[ 0.50568378 -0.03156594 -0.11489306]
809.3815543651581,1000,False,0,5,[2.82494006 8.15905357 2.83260131],entering,[-0.82138112 -0.19970136 -0.21083176]
809.3815543651581,1001,False,5,6,[-4.98546378  6.95140974  3.86160139],cruising,[-0.48080528  0.59740651 -0.20557775]
809.3815543651581,1002,False,6,1,[7.96099614 2.39762406 4.02838744],exiting,[ 0.5677905  -0.59831228 -0.99408226]
809.3815543651581,1003,False,5,2,[-4.70298835  0.50255214  4.        ],exiting,[ 0.63925976  0.24903542 -0.34837281]
809.3815543651581,1004,False,3,4,[-0.87138254 -8.01599674  1.28728845],waiting,[-0.62185191  0.08809385  0.93462812]
809.3815543651581,1005,False,4,0,[ 8.12101267 -7.48478094  1.99545706],queued,[ 0.50568378 -0.03156594 -0.11489306]
809.482372045517,1000,False,0,5,[2.80591041 8.02049142 2.90760131],entering,[-0.82138112 -0.19970136 -0.21083176]
809.482372045517,1001,False,5,6,[-4.78568565  6.96082762  3.88236118],cruising,[-0.48080528  0.59740651 -0.20557775]
809.482372045517,1002,False,6,1,[7.87192237 2.36971596 4.02991175],exiting,[ 0.5677905  -0.59831228 -0.99408226]
809.482372045517,1003,False,5,2,[-4.77750883  0.43586857  4.        ],exiting,[ 0.63925976  0.24903542 -0.34837281]
809.482372045517,1004,False,3,4,[-0.87138254 -8.01599674  1.28728845],waiting,[-0.62185191  0.08809385  0.93462812]
809.482372045517,1005,False,4,0,[ 8.12101267 -7.48478094  2.07045706],queued,[ 0.50568378 -0.03156594 -0.11489306]
809.585214138031,1000,False,0,5,[2.78776613 7.86194888 2.98260131],entering,[-0.82138112 -0.19970136 -0.21083176]
809.585214138031,1001,False,5,6,[-4.58650268  6.97888712  3.90000701],cruising,[-0.48080528  0.59740651 -0.20557775]
809.585214138031,1002,False,6,1,[7.77463095 2.35919191 4.02593471],exiting,[ 0.5677905  -0.59831228 -0.99408226]
809.585214138031,1003,False,5,2,[-4.8520293  0.369185   4.       ],exiting,[ 0.63925976  0.24903542 -0.34837281]
809.585214138031,1004,False,3,4,[-0.87138254 -8.01599674  1.28728845],waiting,[-0.62185191  0.08809385  0.93462812]
809.585214138031,1005,False,4,0,[ 8.12101267 -7.48478094  2.14545706],queued,[ 0.50568378 -0.03156594 -0.11489306]
809.6887302398682,1000,False,0,5,[2.77344471 7.68377509 3.05760131],entering,[-0.82138112 -0.19970136 -0.21083176]
809.6887302398682,1001,False,5,6,[-4.38808457  7.003992    3.91500595],cruising,[-0.48080528  0.59740651 -0.20557775]
809.6887302398682,1002,False,6,1,[7.67475457 2.35434315 4.02095025],exiting,[ 0.5677905  -0.59831228 -0.99408226]
809.6887302398682,1003,False,5,2,[-4.92654978  0.30250143  4.        ],exiting,[ 0.63925976  0.24903542 -0.34837281]
809.6887302398682,1004,False,3,4,[-0.87138254 -8.01599674  1.28728845],waiting,[-0.62185191  0.08809385  0.93462812]
809.6887302398682,1005,False,4,0,[ 8.12101267 -7.48478094  2.22045706],queued,[ 0.50568378 -0.03156594 -0.11489306]
809.7789387702942,1000,False,0,5,[2.76836365 7.48786389 3.13260131],entering,[-0.82138112 -0.19970136 -0.21083176]
809.7789387702942,1001,False,5,6,[-4.1904074   7.03438501  3.92775506],cruising,[-0.48080528  0.59740651 -0.20557775]
809.7789387702942,1002,False,6,1,[7.57487646 2.3494943  4.0168848 ],exiting,[ 0.5677905  -0.59831228 -0.99408226]
809.7789387702942,1003,False,5,2,[-5.00107025  0.23581785  4.        ],exiting,[ 0.63925976  0.24903542 -0.34837281]
809.7789387702942,1004,False,3,4,[-0.87138254 -8.01599674  1.28728845],waiting,[-0.62185191  0.08809385  0.93462812]
809.7789387702942,1005,False,4,0,[ 8.12101267 -7.48478094  2.29545706],queued,[ 0.50568378 -0.03156594 -0.11489306]
809.880437374115,1000,False,0,5,[2.77362931 7.28793322 3.20760131],entering,[-0.82138112 -0.19970136 -0.21083176]
809.880437374115,1001,False,5,6,[-3.99331234  7.06834879  3.9385918 ],cruising,[-0.48080528  0.59740651 -0.20557775]
809.880437374115,1002,False,6,1,[7.47499712 2.34464539 4.01357398],exiting,[ 0.5677905  -0.59831228 -0.99408226]
809.880437374115,1003,False,5,2,[-5.07559073  0.16913428  4.        ],exiting,[ 0.63925976  0.24903542 -0.34837281]
809.880437374115,1004,False,3,4,[-0.87138254 -8.01599674  1.28728845],waiting,[-0.62185191  0.08809385  0.93462812]
809.880437374115,1005,False,4,0,[ 8.12101267 -7.48478094  2.37045706],queued,[ 0.50568378 -0.03156594 -0.11489306]
809.9773001670837,1000,False,0,5,[2.79253185 7.08882849 3.28260131],entering,[-0.82138112 -0.19970136 -0.21083176]
809.9773001670837,1001,False,5,6,[-3.79657284  7.10431503  3.94780303],cruising,[-0.48080528  0.59740651 -0.20557775]
809.9773001670837,1002,False,6,1,[7.3751169  2.33979644 4.01088213],exiting,[ 0.5677905  -0.59831228 -0.99408226]
809.9773001670837,1003,False,5,2,[-5.15011121  0.10245071  4.        ],exiting,[ 0.63925976  0.24903542 -0.34837281]
809.9773001670837,1004,False,3,4,[-0.87138254 -8.01599674  1.28728845],waiting,[-0.62185191  0.08809385  0.93462812]
809.9773001670837,1005,False,4,0,[ 8.12101267 -7.48478094  2.44545706],entering,[ 0.50568378 -0.03156594 -0.11489306]
810.0860135555267,1000,False,0,5,[2.82835633 6.89206313 3.35760131],entering,[-0.82138112 -0.19970136 -0.21083176]
810.0860135555267,1001,False,5,6,[-3.59950808  7.13845412  3.95563258],cruising,[-0.48080528  0.59740651 -0.20557775]
810.0860135555267,1002,False,6,1,[7.27523606 2.33494746 4.00869741],exiting,[ 0.5677905  -0.59831228 -0.99408226]
810.0860135555267,1003,False,5,2,[-5.22463168  0.03576714  4.        ],exiting,[ 0.63925976  0.24903542 -0.34837281]
810.0860135555267,1004,False,3,4,[-0.87138254 -8.01599674  1.28728845],waiting,[-0.62185191  0.08809385  0.93462812]
810.0860135555267,1005,False,4,0,[ 8.10952871 -7.46840661  2.52045706],entering,[ 0.50568378 -0.03156594 -0.11489306]
810.1897194385529,1000,False,0,5,[2.88022403 6.69890583 3.43260131],entering,[-0.82138112 -0.19970136 -0.21083176]
810.1897194385529,1001,False,5,6,[-3.40241406  7.17242391  3.96228769],cruising,[-0.48080528  0.59740651 -0.20557775]
810.1897194385529,1002,False,6,1,[7.17535478 2.33009846 4.00692769],exiting,[ 0.5677905  -0.59831228 -0.99408226]
810.1897194385529,1003,False,5,2,[-5.29915216 -0.03091643  4.        ],exiting,[ 0.63925976  0.24903542 -0.34837281]
810.1897194385529,1004,False,3,4,[-0.87138254 -8.01599674  1.28728845],waiting,[-0.62185191  0.08809385  0.93462812]
810.1897194385529,1005,False,4,0,[ 8.08656078 -7.43565796  2.59545706],entering,[ 0.50568378 -0.03156594 -0.11489306]
810.2772850990295,1000,False,0,5,[2.94419242 6.50941165 3.50760131],entering,[-0.82138112 -0.19970136 -0.21083176]
810.2772850990295,1001,False,5,6,[-3.20509185  7.2050421   3.96794454],cruising,[-0.48080528  0.59740651 -0.20557775]
810.2772850990295,1002,False,6,1,[7.07547318 2.32524944 4.00549713],exiting,[ 0.5677905  -0.59831228 -0.99408226]
810.2772850990295,1003,False,5,2,[-5.37367264 -0.0976      4.        ],exiting,[ 0.63925976  0.24903542 -0.34837281]
810.2772850990295,1004,False,3,4,[-0.87138254 -8.01599674  1.28728845],waiting,[-0.62185191  0.08809385  0.93462812]
810.2772850990295,1005,False,4,0,[ 8.0521089  -7.38653498  2.67045706],entering,[ 0.50568378 -0.03156594 -0.11489306]
810.3851025104523,1000,False,0,5,[3.02092463 6.32471686 3.58146112],entering,[-0.82138112 -0.19970136 -0.21083176]
810.3851025104523,1001,False,5,6,[-3.00699635  7.23257704  3.97275286],cruising,[-0.48080528  0.59740651 -0.20557775]
810.3851025104523,1002,False,6,1,[6.97559136 2.32040041 4.00434339],exiting,[ 0.5677905  -0.59831228 -0.99408226]
810.3851025104523,1003,False,5,2,[-5.44819311 -0.16428357  4.        ],exiting,[ 0.63925976  0.24903542 -0.34837281]
810.3851025104523,1004,False,3,4,[-0.87138254 -8.01599674  1.28728845],waiting,[-0.62185191  0.08809385  0.93462812]
810.3851025104523,1005,False,4,0,[ 8.00617304 -7.32103767  2.74545706],entering,[ 0.50568378 -0.03156594 -0.11489306]
810.4789316654205,1000,False,0,5,[3.11302049 6.14722022 3.64473107],entering,[-0.82138112 -0.19970136 -0.21083176]
810.4789316654205,1001,False,5,6,[-2.8084963   7.25702557  3.97683993],cruising,[-0.48080528  0.59740651 -0.20557775]
810.4789316654205,1002,False,6,1,[6.87570937 2.31555137 4.00341522],exiting,[ 0.5677905  -0.59831228 -0.99408226]
810.4789316654205,1003,False,5,2,[-5.52271359 -0.23096714  4.        ],exiting,[ 0.63925976  0.24903542 -0.34837281]
810.4789316654205,1004,False,3,4,[-0.87138254 -8.01599674  1.28728845],waiting,[-0.62185191  0.08809385  0.93462812]
810.4789316654205,1005,False,4,0,[ 7.94875323 -7.23916603  2.82045706],entering,[ 0.50568378 -0.03156594 -0.11489306]
810.5769312381744,1000,False,0,5,[3.21950551 5.97792479 3.69802141],entering,[-0.82138112 -0.19970136 -0.21083176]
810.5769312381744,1001,False,5,6,[-2.60923416  7.27418944  3.98031394],cruising,[-0.48080528  0.59740651 -0.20557775]
810.5769312381744,1002,False,6,1,[6.77582728 2.31070233 4.0026706 ],exiting,[ 0.5677905  -0.59831228 -0.99408226]
810.5769312381744,1003,False,5,2,[-5.59723406 -0.29765071  4.        ],exiting,[ 0.63925976  0.24903542 -0.34837281]
810.5769312381744,1004,False,3,4,[-0.87138254 -8.01599674  1.28728845],waiting,[-0.62185191  0.08809385  0.93462812]
810.5769312381744,1005,False,4,0,[ 7.87984945 -7.14092007  2.89545706],entering,[ 0.50568378 -0.03156594 -0.11489306]
810.6910712718964,1000,False,0,5,[3.34113237 5.81920222 3.74363451],entering,[-0.82138112 -0.19970136 -0.21083176]
810.6910712718964,1001,False,5,6,[-2.40959983  7.28627811  3.98326685],cruising,[-0.48080528  0.59740651 -0.20557775]
810.6910712718964,1002,False,6,1,[6.6759451  2.30585328 4.00207507],exiting,[ 0.5677905  -0.59831228 -0.99408226]
810.6910712718964,1003,False,5,2,[-5.67175454 -0.36433428  4.        ],exiting,[ 0.63925976  0.24903542 -0.34837281]
810.6910712718964,1004,False,3,4,[-0.87138254 -8.01599674  1.28728845],waiting,[-0.62185191  0.08809385  0.93462812]
810.6910712718964,1005,False,4,0,[ 7.79953733 -7.026247    2.97045706],entering,[ 0.50568378 -0.03156594 -0.11489306]
810.7776849269867,1000,False,0,5,[3.47706055 5.67249485 3.78209873],entering,[-0.82138112 -0.19970136 -0.21083176]
810.7776849269867,1001,False,5,6,[-2.20960657  7.28791979  3.98577682],cruising,[-0.48080528  0.59740651 -0.20557775]
810.7776849269867,1002,False,6,1,[6.57606287 2.30100423 4.00160041],exiting,[ 0.5677905  -0.59831228 -0.99408226]
810.7776849269867,1003,False,5,2,[-5.74627502 -0.43101785  4.        ],exiting,[ 0.63925976  0.24903542 -0.34837281]
810.7776849269867,1004,False,3,4,[-0.87138254 -8.01599674  1.28728845],waiting,[-0.62185191  0.08809385  0.93462812]
810.7776849269867,1005,False,4,0,[ 7.70701549 -6.89573339  3.04545706],entering,[ 0.50568378 -0.03156594 -0.11489306]
810.878900051117,1000,False,0,5,[3.62641643 5.53955038 3.81506024],entering,[-0.82138112 -0.19970136 -0.21083176]
810.878900051117,1001,False,5,6,[-2.01023466  7.27208176  3.9879103 ],cruising,[-0.48080528  0.59740651 -0.20557775]
810.878900051117,1002,False,6,1,[6.4761806  2.29615518 4.00122356],exiting,[ 0.5677905  -0.59831228 -0.99408226]
810.878900051117,1003,False,5,2,[-5.82079549 -0.49770142  4.        ],exiting,[ 0.63925976  0.24903542 -0.34837281]
810.878900051117,1004,False,3,4,[-0.87138254 -8.01599674  1.28728845],waiting,[-0.62185191  0.08809385  0.93462812]
810.878900051117,1005,False,4,0,[ 7.60160341 -6.7499279   3.12045706],entering,[ 0.50568378 -0.03156594 -0.11489306]
810.9877145290375,1000,False,0,5,[3.78793453 5.42162222 3.84286511],cruising,[-0.82138112 -0.19970136 -0.21083176]
810.9877145290375,1001,False,5,6,[-1.81328001  7.23731304  3.98972375],cruising,[-0.48080528  0.59740651 -0.20557775]
810.9877145290375,1002,False,6,1,[6.3762983  2.29130613 4.00092567],exiting,[ 0.5677905  -0.59831228 -0.99408226]
810.9877145290375,1003,False,5,2,[-5.89531597 -0.564385    4.        ],exiting,[ 0.63925976  0.24903542 -0.34837281]
810.9877145290375,1004,False,3,4,[-0.87138254 -8.01599674  1.28728845],waiting,[-0.62185191  0.08809385  0.93462812]
810.9877145290375,1005,False,4,0,[ 7.48322019 -6.58889909  3.19545706],entering,[ 0.50568378 -0.03156594 -0.11489306]
811.083701133728,1000,False,0,5,[3.95997677 5.31963464 3.86643534],cruising,[-0.82138112 -0.19970136 -0.21083176]
811.083701133728,1001,False,5,6,[-1.61995994  7.18605536  3.99126519],cruising,[-0.48080528  0.59740651 -0.20557775]
811.083701133728,1002,False,6,1,[6.27641599 2.28645708 4.00069138],exiting,[ 0.5677905  -0.59831228 -0.99408226]
811.083701133728,1003,False,5,2,[-5.96983645 -0.63106857  4.        ],exiting,[ 0.63925976  0.24903542 -0.34837281]
811.083701133728,1004,False,3,4,[-0.87138254 -8.01599674  1.28728845],waiting,[-0.62185191  0.08809385  0.93462812]
811.083701133728,1005,False,4,0,[ 7.36433188 -6.42807133  3.27045706],entering,[ 0.50568378 -0.03156594 -0.11489306]
811.1874349117279,1000,False,0,5,[4.13998703 5.23247785 3.88647004],cruising,[-0.82138112 -0.19970136 -0.21083176]
811.1874349117279,1001,False,5,6,[-1.43087356  7.12089139  3.99257541],cruising,[-0.48080528  0.59740651 -0.20557775]
811.1874349117279,1002,False,6,1,[6.17653365 2.28160802 4.0005082 ],exiting,[ 0.5677905  -0.59831228 -0.99408226]
811.1874349117279,1003,False,5,2,[-6.04435692 -0.69775214  4.        ],exiting,[ 0.63925976  0.24903542 -0.34837281]
811.1874349117279,1004,False,3,4,[-0.87138254 -8.01599674  1.28728845],queued,[-0.62185191  0.08809385  0.93462812]
811.1874349117279,1005,False,4,0,[ 7.24183836 -6.26997218  3.34545706],entering,[ 0.50568378 -0.03156594 -0.11489306]
811.2830538749695,1000,False,0,5,[4.32572083 5.15829594 3.90349953],cruising,[-0.82138112 -0.19970136 -0.21083176]
811.2830538749695,1001,False,5,6,[-1.24610894  7.04432746  3.9936891 ],cruising,[-0.48080528  0.59740651 -0.20557775]
811.2830538749695,1002,False,6,1,[6.07665131 2.27675897 4.00036597],exiting,[ 0.5677905  -0.59831228 -0.99408226]
811.2830538749695,1003,False,5,2,[-6.1188774  -0.76443571  4.        ],exiting,[ 0.63925976  0.24903542 -0.34837281]
811.2830538749695,1004,False,3,4,[-0.87138254 -8.01599674  1.30728845],queued,[-0.62185191  0.08809385  0.93462812]
811.2830538749695,1005,False,4,0,[ 7.12033245 -6.11111277  3.42045706],entering,[ 0.50568378 -0.03156594 -0.11489306]
811.3835332393646,1000,False,0,5,[4.51562205 5.09554624 3.9179746 ],cruising,[-0.82138112 -0.19970136 -0.21083176]
811.3835332393646,1001,False,5,6,[-1.06397763  6.96169462  3.99463573],cruising,[-0.48080528  0.59740651 -0.20557775]
811.3835332393646,1002,False,6,1,[5.97676896 2.27190992 4.00025645],exiting,[ 0.5677905  -0.59831228 -0.99408226]
811.3835332393646,1003,False,5,2,[-6.19339787 -0.83111928  4.        ],exiting,[ 0.63925976  0.24903542 -0.34837281]
811.3835332393646,1004,False,3,4,[-0.87138254 -8.01599674  1.34728845],queued,[-0.62185191  0.08809385  0.93462812]
811.3835332393646,1005,False,4,0,[ 6.99336041 -5.95658736  3.49545706],entering,[ 0.50568378 -0.03156594 -0.11489306]
811.4800610542297,1000,False,0,5,[4.70829574 5.04190997 3.93027841],cruising,[-0.82138112 -0.19970136 -0.21083176]
811.4800610542297,1001,False,5,6,[-0.88588041  6.87069253  3.99544037],cruising,[-0.48080528  0.59740651 -0.20557775]
811.4800610542297,1002,False,6,1,[5.87688661 2.26706086 4.00017298],exiting,[ 0.5677905  -0.59831228 -0.99408226]
811.4800610542297,1003,False,5,2,[-6.26791835 -0.89780285  4.        ],exiting,[ 0.63925976  0.24903542 -0.34837281]
811.4800610542297,1004,False,3,4,[-0.87138254 -8.01599674  1.40728845],queued,[-0.62185191  0.08809385  0.93462812]
811.4800610542297,1005,False,4,0,[ 6.86524627 -5.80300752  3.57045706],entering,[ 0.50568378 -0.03156594 -0.11489306]
811.5812499523163,1000,False,0,5,[4.90288163 4.99568951 3.94073665],cruising,[-0.82138112 -0.19970136 -0.21083176]
811.5812499523163,1001,False,5,6,[-0.71112578  6.7734258   3.99612432],cruising,[-0.48080528  0.59740651 -0.20557775]
811.5812499523163,1002,False,6,1,[5.77700425 2.26221181 4.00011023],exiting,[ 0.5677905  -0.59831228 -0.99408226]
811.5812499523163,1003,False,5,2,[-6.34243883 -0.96448642  4.        ],exiting,[ 0.63925976  0.24903542 -0.34837281]
811.5812499523163,1004,False,3,4,[-0.87138254 -8.01599674  1.48228845],queued,[-0.62185191  0.08809385  0.93462812]
811.5812499523163,1005,False,4,0,[ 6.73551472 -5.65079148  3.6348885 ],entering,[ 0.50568378 -0.03156594 -0.11489306]
811.6838591098785,1000,False,0,5,[5.0985797  4.954431   3.94962615],cruising,[-0.82138112 -0.19970136 -0.21083176]
811.6838591098785,1001,False,5,6,[-0.53804459  6.67321152  3.99670567],cruising,[-0.48080528  0.59740651 -0.20557775]
811.6838591098785,1002,False,6,1,[5.67712189 2.25736275 4.0000639 ],exiting,[ 0.5677905  -0.59831228 -0.99408226]
811.6838591098785,1003,False,5,2,[-6.4169593  -1.03116999  4.        ],exiting,[ 0.63925976  0.24903542 -0.34837281]
811.6838591098785,1004,False,3,4,[-0.87138254 -8.01599674  1.55728845],queued,[-0.62185191  0.08809385  0.93462812]
811.6838591098785,1005,False,4,0,[ 6.59879289 -5.50482182  3.68965522],entering,[ 0.50568378 -0.03156594 -0.11489306]
811.7793979644775,1000,False,0,5,[5.29489438 4.91621389 3.95718223],cruising,[-0.82138112 -0.19970136 -0.21083176]
811.7793979644775,1001,False,5,6,[-0.36724338  6.56915891  3.99719982],cruising,[-0.48080528  0.59740651 -0.20557775]
811.7793979644775,1002,False,6,1,[5.57723953 2.2525137  4.00003064],landing,[ 0.5677905  -0.59831228 -0.99408226]
811.7793979644775,1003,False,5,2,[-6.49147978 -1.09785356  4.        ],exiting,[ 0.63925976  0.24903542 -0.34837281]
811.7793979644775,1004,False,3,4,[-0.87138254 -8.01599674  1.63228845],queued,[-0.62185191  0.08809385  0.93462812]
811.7793979644775,1005,False,4,0,[ 6.45733641 -5.36343559  3.73620694],entering,[ 0.50568378 -0.03156594 -0.11489306]
811.879631280899,1000,False,0,5,[5.49146304 4.87932537 3.9636049 ],cruising,[-0.82138112 -0.19970136 -0.21083176]
811.879631280899,1001,False,5,6,[-0.19790477  6.46274257  3.99761985],cruising,[-0.48080528  0.59740651 -0.20557775]
811.879631280899,1002,False,6,1,[5.4913988  2.245117   3.98598517],landing,[ 0.5677905  -0.59831228 -0.99408226]
811.879631280899,1003,False,5,2,[-6.56600026 -1.16453713  4.        ],exiting,[ 0.63925976  0.24903542 -0.34837281]
811.879631280899,1004,False,3,4,[-0.87138254 -8.01599674  1.70728845],queued,[-0.62185191  0.08809385  0.93462812]
811.879631280899,1005,False,4,0,[ 6.31360758 -5.22435999  3.7757759 ],entering,[ 0.50568378 -0.03156594 -0.11489306]
811.9797489643097,1000,False,0,5,[5.6879911  4.84222116 3.96906416],cruising,[-0.82138112 -0.19970136 -0.21083176]
811.9797489643097,1001,False,5,6,[-0.02900316  6.35563399  3.99797687],cruising,[-0.48080528  0.59740651 -0.20557775]
811.9797489643097,1002,False,6,1,[5.41976923 2.23521857 3.95809109],landing,[ 0.5677905  -0.59831228 -0.99408226]
811.9797489643097,1003,False,5,2,[-6.64052073 -1.2312207   4.        ],exiting,[ 0.63925976  0.24903542 -0.34837281]
811.9797489643097,1004,False,3,4,[-0.87138254 -8.01599674  1.78228845],queued,[-0.62185191  0.08809385  0.93462812]
811.9797489643097,1005,False,4,0,[ 6.16297273 -5.09279578  3.80940951],entering,[ 0.50568378 -0.03156594 -0.11489306]
812.086758852005,1000,False,0,5,[5.88462115 4.80566128 3.97370454],cruising,[-0.82138112 -0.19970136 -0.21083176]
812.086758852005,1001,False,5,6,[0.1395587  6.24799153 3.99828034],cruising,[-0.48080528  0.59740651 -0.20557775]
812.086758852005,1002,False,6,1,[5.36254975 2.22287346 3.91654552],landing,[ 0.5677905  -0.59831228 -0.99408226]
812.086758852005,1003,False,5,2,[-6.71504121 -1.29790428  4.        ],exiting,[ 0.63925976  0.24903542 -0.34837281]
812.086758852005,1004,False,3,4,[-0.87138254 -8.01599674  1.85728845],entering,[-0.62185191  0.08809385  0.93462812]
812.086758852005,1005,False,4,0,[ 6.00530958 -4.9697416   3.83799809],entering,[ 0.50568378 -0.03156594 -0.11489306]
812.1902313232422,1000,False,0,5,[6.08065946 4.76605096 3.97764886],cruising,[-0.82138112 -0.19970136 -0.21083176]
812.1902313232422,1001,False,5,6,[0.30836808 6.14073767 3.99853829],cruising,[-0.48080528  0.59740651 -0.20557775]
812.1902313232422,1002,False,6,1,[5.32001045 2.20815859 3.86162547],landing,[ 0.5677905  -0.59831228 -0.99408226]
812.1902313232422,1003,False,5,2,[-6.78956168 -1.36458785  4.        ],exiting,[ 0.63925976  0.24903542 -0.34837281]
812.1902313232422,1004,False,3,4,[-0.87787452 -7.99707971  1.93228845],entering,[-0.62185191  0.08809385  0.93462812]
812.1902313232422,1005,False,4,0,[ 5.84389233 -4.85165489  3.86229837],cruising,[ 0.50568378 -0.03156594 -0.11489306]
812.2800233364105,1000,False,0,5,[6.27577505 4.72212023 3.98100153],cruising,[-0.82138112 -0.19970136 -0.21083176]
812.2800233364105,1001,False,5,6,[0.47768077 6.0342801  3.99875755],cruising,[-0.48080528  0.59740651 -0.20557775]
812.2800233364105,1002,False,6,1,[5.29237914 2.19114087 3.79357345],landing,[ 0.5677905  -0.59831228 -0.99408226]
812.2800233364105,1003,False,5,2,[-6.86408216 -1.43127142  4.        ],exiting,[ 0.63925976  0.24903542 -0.34837281]
812.2800233364105,1004,False,3,4,[-0.89085848 -7.95924564  2.00728845],entering,[-0.62185191  0.08809385  0.93462812]
812.2800233364105,1005,False,4,0,[ 5.67608013 -4.74284742  3.88295362],cruising,[ 0.50568378 -0.03156594 -0.11489306]
812.3796229362488,1000,False,0,5,[6.4695451  4.67259079 3.9838513 ],cruising,[-0.82138112 -0.19970136 -0.21083176]
812.3796229362488,1001,False,5,6,[0.64812974 5.92965148 3.99894391],cruising,[-0.48080528  0.59740651 -0.20557775]
812.3796229362488,1002,False,6,1,[5.27986423 2.17188324 3.71261882],landing,[ 0.5677905  -0.59831228 -0.99408226]
812.3796229362488,1003,False,5,2,[-6.93860264 -1.49795499  4.        ],landing,[ 0.63925976  0.24903542 -0.34837281]
812.3796229362488,1004,False,3,4,[-0.91033442 -7.90249453  2.08228845],entering,[-0.62185191  0.08809385  0.93462812]
812.3796229362488,1005,False,4,0,[ 5.50499    -4.63927055  3.90051057],cruising,[ 0.50568378 -0.03156594 -0.11489306]
812.4794640541077,1000,False,0,5,[6.66141457 4.61614518 3.9862736 ],cruising,[-0.82138112 -0.19970136 -0.21083176]
812.4794640541077,1001,False,5,6,[0.81969864 5.82686962 3.99910233],cruising,[-0.48080528  0.59740651 -0.20557775]
812.4794640541077,1002,False,6,1,[5.28267524 2.15045075 3.61899983],landing,[ 0.5677905  -0.59831228 -0.99408226]
812.4794640541077,1003,False,5,2,[-7.00485694 -1.55294454  3.98603862],landing,[ 0.63925976  0.24903542 -0.34837281]
812.4794640541077,1004,False,3,4,[-0.93630233 -7.82682639  2.15728845],entering,[-0.62185191  0.08809385  0.93462812]
812.4794640541077,1005,False,4,0,[ 5.32941988 -4.54348363  3.91543399],cruising,[ 0.50568378 -0.03156594 -0.11489306]
812.579354763031,1000,False,0,5,[6.8506472  4.55140715 3.98833256],cruising,[-0.82138112 -0.19970136 -0.21083176]
812.579354763031,1001,False,5,6,[0.99264572 5.72642406 3.99923698],cruising,[-0.48080528  0.59740651 -0.20557775]
812.579354763031,1002,False,6,1,[5.29004262 2.12840027 3.52173988],landing,[ 0.5677905  -0.59831228 -0.99408226]
812.579354763031,1003,False,5,2,[-7.06269262 -1.5961542   3.95828009],landing,[ 0.63925976  0.24903542 -0.34837281]
812.579354763031,1004,False,3,4,[-0.96876223 -7.73224122  2.23228845],entering,[-0.62185191  0.08809385  0.93462812]
812.579354763031,1005,False,4,0,[ 5.1518475  -4.45146163  3.92811889],cruising,[ 0.50568378 -0.03156594 -0.11489306]
812.6794323921204,1000,False,0,5,[7.0362666  4.47693944 3.99008268],cruising,[-0.82138112 -0.19970136 -0.21083176]
812.6794323921204,1001,False,5,6,[1.16800762 5.63025649 3.99935143],cruising,[-0.48080528  0.59740651 -0.20557775]
812.6794323921204,1002,False,6,1,[5.29740999 2.1063498  3.42447993],landing,[ 0.5677905  -0.59831228 -0.99408226]
812.6794323921204,1003,False,5,2,[-7.11193029 -1.62748426  3.91692196],landing,[ 0.63925976  0.24903542 -0.34837281]
812.6794323921204,1004,False,3,4,[-1.0077141  -7.61873901  2.30728845],entering,[-0.62185191  0.08809385  0.93462812]
812.6794323921204,1005,False,4,0,[ 4.97153959 -4.36492228  3.93890106],cruising,[ 0.50568378 -0.03156594 -0.11489306]
812.781195640564,1000,False,0,5,[7.2169888  4.39126864 3.99157028],cruising,[-0.82138112 -0.19970136 -0.21083176]
812.781195640564,1001,False,5,6,[1.34519218 5.53748995 3.99944872],cruising,[-0.48080528  0.59740651 -0.20557775]
812.781195640564,1002,False,6,1,[5.30477737 2.08429932 3.32721997],landing,[ 0.5677905  -0.59831228 -0.99408226]
812.781195640564,1003,False,5,2,[-7.15232602 -1.64680145  3.8622405 ],landing,[ 0.63925976  0.24903542 -0.34837281]
812.781195640564,1004,False,3,4,[-1.05315796 -7.48631977  2.38228845],entering,[-0.62185191  0.08809385  0.93462812]
812.781195640564,1005,False,4,0,[ 4.79023046 -4.28050073  3.9480659 ],cruising,[ 0.50568378 -0.03156594 -0.11489306]
812.8802103996277,1000,False,0,5,[7.38817369 4.28801951 3.99285286],cruising,[-0.82138112 -0.19970136 -0.21083176]
812.8802103996277,1001,False,5,6,[1.52538868 5.45071885 3.99953141],cruising,[-0.48080528  0.59740651 -0.20557775]
812.8802103996277,1002,False,6,1,[5.31214474 2.06224885 3.22996002],landing,[ 0.5677905  -0.59831228 -0.99408226]
812.8802103996277,1003,False,5,2,[-7.1836688  -1.65399279  3.79448205],landing,[ 0.63925976  0.24903542 -0.34837281]
812.8802103996277,1004,False,3,4,[-1.10509379 -7.33498349  2.45728845],entering,[-0.62185191  0.08809385  0.93462812]
812.8802103996277,1005,False,4,0,[ 4.60804242 -4.19799305  3.95585601],cruising,[ 0.50568378 -0.03156594 -0.11489306]
812.9795184135437,1000,False,0,5,[7.54942767 4.16970995 3.99392493],cruising,[-0.82138112 -0.19970136 -0.21083176]
812.9795184135437,1001,False,5,6,[1.70769101 5.368464   3.9996017 ],cruising,[-0.48080528  0.59740651 -0.20557775]
812.9795184135437,1002,False,6,1,[5.31951211 2.04019837 3.13270007],landing,[ 0.5677905  -0.59831228 -0.99408226]
812.9795184135437,1003,False,5,2,[-7.20576679 -1.64895746  3.71387672],landing,[ 0.63925976  0.24903542 -0.34837281]
812.9795184135437,1004,False,3,4,[-1.1635216  -7.16473017  2.53228845],entering,[-0.62185191  0.08809385  0.93462812]
812.9795184135437,1005,False,4,0,[ 4.42455846 -4.11840889  3.96247761],cruising,[ 0.50568378 -0.03156594 -0.11489306]
813.0792782306671,1000,False,0,5,[7.69925657 4.03722863 3.99483619],cruising,[-0.82138112 -0.19970136 -0.21083176]
813.0792782306671,1001,False,5,6,[1.89224912 5.2914036  3.99966144],cruising,[-0.48080528  0.59740651 -0.20557775]
813.0792782306671,1002,False,6,1,[5.32687949 2.0181479  3.03544012],landing,[ 0.5677905  -0.59831228 -0.99408226]
813.0792782306671,1003,False,5,2,[-7.21842597 -1.63159535  3.62066348],landing,[ 0.63925976  0.24903542 -0.34837281]
813.0792782306671,1004,False,3,4,[-1.22969312 -6.97603682  2.60728845],entering,[-0.62185191  0.08809385  0.93462812]
813.0792782306671,1005,False,4,0,[ 4.24067032 -4.03976317  3.96810597],cruising,[ 0.50568378 -0.03156594 -0.11489306]
813.1821415424347,1000,False,0,5,[7.8350902  3.89046045 3.99561355],cruising,[-0.82138112 -0.19970136 -0.21083176]
813.1821415424347,1001,False,5,6,[2.07915464 5.22022548 3.99971223],cruising,[-0.48080528  0.59740651 -0.20557775]
813.1821415424347,1002,False,6,1,[5.33424686 1.99609742 2.93818016],landing,[ 0.5677905  -0.59831228 -0.99408226]
813.1821415424347,1003,False,5,2,[-7.22796187 -1.61020549  3.52344444],landing,[ 0.63925976  0.24903542 -0.34837281]
813.1821415424347,1004,False,3,4,[-1.29588044 -6.78730622  2.68228845],entering,[-0.62185191  0.08809385  0.93462812]
813.1821415424347,1005,False,4,0,[ 4.05602148 -3.96292043  3.97289007],cruising,[ 0.50568378 -0.03156594 -0.11489306]
813.2794253826141,1000,False,0,5,[7.95516042 3.73138333 3.99632008],cruising,[-0.82138112 -0.19970136 -0.21083176]
813.2794253826141,1001,False,5,6,[2.26987695 5.1600175  3.99975539],cruising,[-0.48080528  0.59740651 -0.20557775]
813.2794253826141,1002,False,6,1,[5.34161424 1.97404695 2.84092021],landing,[ 0.5677905  -0.59831228 -0.99408226]
813.2794253826141,1003,False,5,2,[-7.23749776 -1.58881563  3.42622541],landing,[ 0.63925976  0.24903542 -0.34837281]
813.2794253826141,1004,False,3,4,[-1.36206775 -6.59857562  2.75728845],entering,[-0.62185191  0.08809385  0.93462812]
813.2794253826141,1005,False,4,0,[ 3.87115994 -3.8865908   3.97695656],cruising,[ 0.50568378 -0.03156594 -0.11489306]
813.3803205490112,1000,False,0,5,[8.05839022 3.56151762 3.99694507],cruising,[-0.82138112 -0.19970136 -0.21083176]
813.3803205490112,1001,False,5,6,[2.46356545 5.11017006 3.99979208],cruising,[-0.48080528  0.59740651 -0.20557775]
813.3803205490112,1002,False,6,1,[5.34898161 1.95199647 2.74366026],landing,[ 0.5677905  -0.59831228 -0.99408226]
813.3803205490112,1003,False,5,2,[-7.24703366 -1.56742577  3.32900638],landing,[ 0.63925976  0.24903542 -0.34837281]
813.3803205490112,1004,False,3,4,[-1.42893737 -6.41008569  2.83228845],entering,[-0.62185191  0.08809385  0.93462812]
813.3803205490112,1005,False,4,0,[ 3.68581501 -3.81144256  3.98041308],cruising,[ 0.50568378 -0.03156594 -0.11489306]
813.4798514842987,1000,False,0,5,[8.14390094 3.38237686 3.9974827 ],cruising,[-0.82138112 -0.19970136 -0.21083176]
813.4798514842987,1001,False,5,6,[2.65931954 5.06917819 3.99982327],cruising,[-0.48080528  0.59740651 -0.20557775]
813.4798514842987,1002,False,6,1,[5.35634899 1.929946   2.64640031],landing,[ 0.5677905  -0.59831228 -0.99408226]
813.4798514842987,1003,False,5,2,[-7.25656956 -1.54603591  3.23178734],landing,[ 0.63925976  0.24903542 -0.34837281]
813.4798514842987,1004,False,3,4,[-1.49644388 -6.22182292  2.90728845],entering,[-0.62185191  0.08809385  0.93462812]
813.4798514842987,1005,False,4,0,[ 3.50027557 -3.73677588  3.98335112],cruising,[ 0.50568378 -0.03156594 -0.11489306]
813.5794684886932,1000,False,0,5,[8.21101989 3.19537901 3.99792631],cruising,[-0.82138112 -0.19970136 -0.21083176]
813.5794684886932,1001,False,5,6,[2.85648053 5.03559925 3.99984978],cruising,[-0.48080528  0.59740651 -0.20557775]
813.5794684886932,1002,False,6,1,[5.36371636 1.90789552 2.54914035],landing,[ 0.5677905  -0.59831228 -0.99408226]
813.5794684886932,1003,False,5,2,[-7.26610546 -1.52464605  3.13456831],landing,[ 0.63925976  0.24903542 -0.34837281]
813.5794684886932,1004,False,3,4,[-1.56395039 -6.03356015  2.98228845],entering,[-0.62185191  0.08809385  0.93462812]
813.5794684886932,1005,False,4,0,[ 3.31437505 -3.66301276  3.98584845],cruising,[ 0.50568378 -0.03156594 -0.11489306]
813.6797811985016,1000,False,0,5,[8.25922699 3.0018749  3.99826692],cruising,[-0.82138112 -0.19970136 -0.21083176]
813.6797811985016,1001,False,5,6,[3.05458112 5.00810095 3.99987231],cruising,[-0.48080528  0.59740651 -0.20557775]
813.6797811985016,1002,False,6,1,[5.37108373 1.88584505 2.4518804 ],landing,[ 0.5677905  -0.59831228 -0.99408226]
813.6797811985016,1003,False,5,2,[-7.27564136 -1.50325619  3.03734927],landing,[ 0.63925976  0.24903542 -0.34837281]
813.6797811985016,1004,False,3,4,[-1.63273026 -5.84575885  3.05728845],entering,[-0.62185191  0.08809385  0.93462812]
813.6797811985016,1005,False,4,0,[ 3.12818518 -3.58998309  3.98797118],cruising,[ 0.50568378 -0.03156594 -0.11489306]
813.7843446731567,1000,False,0,5,[8.29448689 2.80500759 3.99852688],cruising,[-0.82138112 -0.19970136 -0.21083176]
813.7843446731567,1001,False,5,6,[3.2532978  4.98548061 3.99989147],cruising,[-0.48080528  0.59740651 -0.20557775]
813.7843446731567,1002,False,6,1,[5.37845111 1.86379457 2.35462045],landing,[ 0.5677905  -0.59831228 -0.99408226]
813.7843446731567,1003,False,5,2,[-7.28517726 -1.48186633  2.94013024],landing,[ 0.63925976  0.24903542 -0.34837281]
813.7843446731567,1004,False,3,4,[-1.70151014 -5.65795755  3.13228845],entering,[-0.62185191  0.08809385  0.93462812]
813.7843446731567,1005,False,4,0,[ 2.94165796 -3.51781941  3.9897755 ],cruising,[ 0.50568378 -0.03156594 -0.11489306]
813.88241147995,1000,False,0,5,[8.32857095 2.6079333  3.99874785],cruising,[-0.82138112 -0.19970136 -0.21083176]
813.88241147995,1001,False,5,6,[3.45241086 4.96666601 3.99990775],cruising,[-0.48080528  0.59740651 -0.20557775]
813.88241147995,1002,False,6,1,[5.38581848 1.8417441  2.2573605 ],landing,[ 0.5677905  -0.59831228 -0.99408226]
813.88241147995,1003,False,5,2,[-7.29471315 -1.46047647  2.84291121],landing,[ 0.63925976  0.24903542 -0.34837281]
813.88241147995,1004,False,3,4,[-1.77142842 -5.47057709  3.20728845],entering,[-0.62185191  0.08809385  0.93462812]
813.88241147995,1005,False,4,0,[ 2.75466243 -3.44687808  3.99130918],cruising,[ 0.50568378 -0.03156594 -0.11489306]
813.9821400642395,1000,False,0,5,[8.35706698 2.40997376 3.99893567],cruising,[-0.82138112 -0.19970136 -0.21083176]
813.9821400642395,1001,False,5,6,[3.65177303 4.95070592 3.99992158],cruising,[-0.48080528  0.59740651 -0.20557775]
813.9821400642395,1002,False,6,1,[5.39318586 1.81969362 2.16010054],landing,[ 0.5677905  -0.59831228 -0.99408226]
813.9821400642395,1003,False,5,2,[-7.30424905 -1.43908661  2.74569217],landing,[ 0.63925976  0.24903542 -0.34837281]
813.9821400642395,1004,False,3,4,[-1.84068898 -5.28295254  3.28228845],entering,[-0.62185191  0.08809385  0.93462812]
813.9821400642395,1005,False,4,0,[ 2.56705141 -3.37758085  3.9926128 ],cruising,[ 0.50568378 -0.03156594 -0.11489306]
814.08238697052,1000,False,0,5,[8.38414349 2.21181508 3.99909532],cruising,[-0.82138112 -0.19970136 -0.21083176]
814.08238697052,1001,False,5,6,[3.85128588 4.93675509 3.99993335],cruising,[-0.48080528  0.59740651 -0.20557775]
814.08238697052,1002,False,6,1,[5.40055323 1.79764315 2.06284059],landing,[ 0.5677905  -0.59831228 -0.99408226]
814.08238697052,1003,False,5,2,[-7.31378495 -1.41769675  2.64847314],landing,[ 0.63925976  0.24903542 -0.34837281]
814.08238697052,1004,False,3,4,[-1.91162889 -5.09595647  3.35728845],entering,[-0.62185191  0.08809385  0.93462812]
814.08238697052,1005,False,4,0,[ 2.37900035 -3.30948681  3.99372088],cruising,[ 0.50568378 -0.03156594 -0.11489306]
814.1816008090973,1000,False,0,5,[8.40619824 2.01303483 3.99923102],cruising,[-0.82138112 -0.19970136 -0.21083176]
814.1816008090973,1001,False,5,6,[4.05088237 4.92405702 3.99994334],cruising,[-0.48080528  0.59740651 -0.20557775]
814.1816008090973,1002,False,6,1,[5.40792061 1.77559267 1.96558064],landing,[ 0.5677905  -0.59831228 -0.99408226]
814.1816008090973,1003,False,5,2,[-7.32332085 -1.39630689  2.5512541 ],landing,[ 0.63925976  0.24903542 -0.34837281]
814.1816008090973,1004,False,3,4,[-1.98318557 -4.90919555  3.43228845],entering,[-0.62185191  0.08809385  0.93462812]
814.1816008090973,1005,False,4,0,[ 2.1900488  -3.24393293  3.99466275],cruising,[ 0.50568378 -0.03156594 -0.11489306]
814.2795124053955,1000,False,0,5,[8.42677348 1.814096   3.99934637],cruising,[-0.82138112 -0.19970136 -0.21083176]
814.2795124053955,1001,False,5,6,[4.25051413 4.91192607 3.99995184],cruising,[-0.48080528  0.59740651 -0.20557775]
814.2795124053955,1002,False,6,1,[5.41528798 1.7535422  1.86832069],landing,[ 0.5677905  -0.59831228 -0.99408226]
814.2795124053955,1003,False,5,2,[-7.33285675 -1.37491703  2.45403507],landing,[ 0.63925976  0.24903542 -0.34837281]
814.2795124053955,1004,False,3,4,[-2.05500317 -4.72253481  3.50728845],entering,[-0.62185191  0.08809385  0.93462812]
814.2795124053955,1005,False,4,0,[ 2.00002149 -3.1815661   3.99546334],cruising,[ 0.50568378 -0.03156594 -0.11489306]
814.3851280212402,1000,False,0,5,[8.44286355 1.61474428 3.99944441],cruising,[-0.82138112 -0.19970136 -0.21083176]
814.3851280212402,1001,False,5,6,[4.45013754 4.89965853 3.99995907],cruising,[-0.48080528  0.59740651 -0.20557775]
814.3851280212402,1002,False,6,1,[5.42265535 1.73149172 1.77106073],landing,[ 0.5677905  -0.59831228 -0.99408226]
814.3851280212402,1003,False,5,2,[-7.34239265 -1.35352717  2.35681604],landing,[ 0.63925976  0.24903542 -0.34837281]
814.3851280212402,1004,False,3,4,[-2.12671239 -4.5358324   3.58119518],entering,[-0.62185191  0.08809385  0.93462812]
814.3851280212402,1005,False,4,0,[ 1.80934431 -3.12121537  3.99614384],cruising,[ 0.50568378 -0.03156594 -0.11489306]
814.4871339797974,1000,False,0,5,[8.45747613 1.41527881 3.99952775],cruising,[-0.82138112 -0.19970136 -0.21083176]
814.4871339797974,1001,False,5,6,[4.64974036 4.88706024 3.99996521],cruising,[-0.48080528  0.59740651 -0.20557775]
814.4871339797974,1002,False,6,1,[5.43002273 1.70944125 1.67380078],landing,[ 0.5677905  -0.59831228 -0.99408226]
814.4871339797974,1003,False,5,2,[-7.35192855 -1.33213731  2.259597  ],landing,[ 0.63925976  0.24903542 -0.34837281]
814.4871339797974,1004,False,3,4,[-2.19642538 -4.34837548  3.64401591],entering,[-0.62185191  0.08809385  0.93462812]
814.4871339797974,1005,False,4,0,[ 1.61718208 -3.0657746   3.99672226],cruising,[ 0.50568378 -0.03156594 -0.11489306]
814.5796482563019,1000,False,0,5,[8.47036002 1.21569423 3.99959859],cruising,[-0.82138112 -0.19970136 -0.21083176]
814.5796482563019,1001,False,5,6,[4.8492782  4.87347163 3.99997043],cruising,[-0.48080528  0.59740651 -0.20557775]
814.5796482563019,1002,False,6,1,[5.4373901  1.68739077 1.57654083],landing,[ 0.5677905  -0.59831228 -0.99408226]
814.5796482563019,1003,False,5,2,[-7.36146444 -1.31074745  2.16237797],landing,[ 0.63925976  0.24903542 -0.34837281]
814.5796482563019,1004,False,3,4,[-2.26601943 -4.16087436  3.69741352],entering,[-0.62185191  0.08809385  0.93462812]
814.5796482563019,1005,False,4,0,[ 1.42334447 -3.0165102   3.99721392],cruising,[ 0.50568378 -0.03156594 -0.11489306]
814.6791372299194,1000,False,0,5,[8.47898335 1.01588022 3.9996588 ],cruising,[-0.82138112 -0.19970136 -0.21083176]
814.6791372299194,1001,False,5,6,[5.04869893 4.85826069 3.99997486],cruising,[-0.48080528  0.59740651 -0.20557775]
814.6791372299194,1002,False,6,1,[5.44475748 1.6653403  1.47928088],fake_landed,[ 0.5677905  -0.59831228 -0.99408226]
814.6791372299194,1003,False,5,2,[-7.37100034 -1.28935759  2.06515894],landing,[ 0.63925976  0.24903542 -0.34837281]
814.6791372299194,1004,False,3,4,[-2.32785141 -3.97067235  3.74280149],entering,[-0.62185191  0.08809385  0.93462812]
814.6791372299194,1005,False,4,0,[ 1.22766648 -2.97515657  3.99763183],cruising,[ 0.50568378 -0.03156594 -0.11489306]
814.7863085269928,1000,False,0,5,[8.48602224 0.81600412 3.99970998],cruising,[-0.82138112 -0.19970136 -0.21083176]
814.7863085269928,1001,False,5,6,[5.24793552 4.84080275 3.99997863],cruising,[-0.48080528  0.59740651 -0.20557775]
814.7863085269928,1002,False,6,1,[5.45065138 1.64769992 1.40147291],fake_landed,[ 0.5677905  -0.59831228 -0.99408226]
814.7863085269928,1003,False,5,2,[-7.38053624 -1.26796773  1.9679399 ],landing,[ 0.63925976  0.24903542 -0.34837281]
814.7863085269928,1004,False,3,4,[-2.38869543 -3.78015199  3.78138127],entering,[-0.62185191  0.08809385  0.93462812]
814.7863085269928,1005,False,4,0,[ 1.02926348 -2.94993257  3.99798706],cruising,[ 0.50568378 -0.03156594 -0.11489306]
814.8798339366913,1000,False,0,5,[8.49129739 0.6160737  3.99975348],cruising,[-0.82138112 -0.19970136 -0.21083176]
814.8798339366913,1001,False,5,6,[5.44703887 4.8218857  3.99998184],cruising,[-0.48080528  0.59740651 -0.20557775]
814.8798339366913,1002,False,6,1,[5.4550718  1.63446964 1.34311694],fake_landed,[ 0.5677905  -0.59831228 -0.99408226]
814.8798339366913,1003,False,5,2,[-7.39007214 -1.24657787  1.87072087],landing,[ 0.63925976  0.24903542 -0.34837281]
814.8798339366913,1004,False,3,4,[-2.44936304 -3.58957539  3.81417408],cruising,[-0.62185191  0.08809385  0.93462812]
814.8798339366913,1005,False,4,0,[ 0.82956433 -2.93896676  3.998289  ],cruising,[ 0.50568378 -0.03156594 -0.11489306]
814.9791822433472,1000,False,0,5,[8.49255514 0.41607766 3.99979046],cruising,[-0.82138112 -0.19970136 -0.21083176]
814.9791822433472,1001,False,5,6,[5.64577732 4.7994574  3.99998456],exiting,[-0.48080528  0.59740651 -0.20557775]
814.9791822433472,1002,False,6,1,[5.45801875 1.62564945 1.30421296],fake_landed,[ 0.5677905  -0.59831228 -0.99408226]
814.9791822433472,1003,False,5,2,[-7.39960804 -1.22518801  1.77350183],landing,[ 0.63925976  0.24903542 -0.34837281]
814.9791822433472,1004,False,3,4,[-2.504114   -3.39721549  3.84204797],cruising,[-0.62185191  0.08809385  0.93462812]
814.9791822433472,1005,False,4,0,[ 0.62962423 -2.94386146  3.99854565],cruising,[ 0.50568378 -0.03156594 -0.11489306]
815.0836346149445,1000,False,0,5,[8.49219777 0.21607798 3.99982189],cruising,[-0.82138112 -0.19970136 -0.21083176]
815.0836346149445,1001,False,5,6,[5.82839296 4.78886359 3.99998727],exiting,[-0.48080528  0.59740651 -0.20557775]
815.0836346149445,1002,False,6,1,[5.45949223 1.62123935 1.28476097],fake_landed,[ 0.5677905  -0.59831228 -0.99408226]
815.0836346149445,1003,False,5,2,[-7.40914394 -1.20379815  1.6762828 ],landing,[ 0.63925976  0.24903542 -0.34837281]
815.0836346149445,1004,False,3,4,[-2.55382519 -3.20349198  3.86574077],cruising,[-0.62185191  0.08809385  0.93462812]
815.0836346149445,1005,False,4,0,[ 0.43060828 -2.96367686  3.9987638 ],cruising,[ 0.50568378 -0.03156594 -0.11489306]
815.1792664527893,1000,False,0,5,[8.49006646 0.01608933 3.99984861],cruising,[-0.82138112 -0.19970136 -0.21083176]
815.1792664527893,1001,False,5,6,[5.99486617 4.79007748 3.99998993],exiting,[-0.48080528  0.59740651 -0.20557775]
815.1792664527893,1002,False,1,3,[5.45949223 1.62123935 1.28476097],waiting,[ 0.5677905  -0.59831228 -0.99408226]
815.1792664527893,1003,False,5,2,[-7.41867983 -1.18240829  1.57906377],landing,[ 0.63925976  0.24903542 -0.34837281]
815.1792664527893,1004,False,3,4,[-2.59657251 -3.00811371  3.88587966],cruising,[-0.62185191  0.08809385  0.93462812]
815.1792664527893,1005,False,4,0,[ 0.23353503 -2.99776696  3.99894923],cruising,[ 0.50568378 -0.03156594 -0.11489306]
815.2796404361725,1000,False,0,5,[ 8.48603528 -0.18387004  3.99987132],cruising,[-0.82138112 -0.19970136 -0.21083176]
815.2796404361725,1001,False,5,6,[6.14517088 4.80306336 3.99999249],exiting,[-0.48080528  0.59740651 -0.20557775]
815.2796404361725,1002,False,1,3,[5.45949223 1.62123935 1.28476097],waiting,[ 0.5677905  -0.59831228 -0.99408226]
815.2796404361725,1003,False,5,2,[-7.42821573 -1.16101843  1.48184473],fake_landed,[ 0.63925976  0.24903542 -0.34837281]
815.2796404361725,1004,False,3,4,[-2.63878876 -2.81262001  3.90299771],cruising,[-0.62185191  0.08809385  0.93462812]
815.2796404361725,1005,False,4,0,[ 0.03924865 -3.04523066  3.99910685],cruising,[ 0.50568378 -0.03156594 -0.11489306]
815.3807179927826,1000,False,0,5,[ 8.47792685 -0.3837056   3.99989062],cruising,[-0.82138112 -0.19970136 -0.21083176]
815.3807179927826,1001,False,5,6,[6.27927237 4.82777338 3.99999488],exiting,[-0.48080528  0.59740651 -0.20557775]
815.3807179927826,1002,False,1,3,[5.45949223 1.62123935 1.28476097],waiting,[ 0.5677905  -0.59831228 -0.99408226]
815.3807179927826,1003,False,5,2,[-7.43584445 -1.14390654  1.40406951],fake_landed,[ 0.63925976  0.24903542 -0.34837281]
815.3807179927826,1004,False,3,4,[-2.67845559 -2.61659312  3.91754805],cruising,[-0.62185191  0.08809385  0.93462812]
815.3807179927826,1005,False,4,0,[-0.15047348 -3.1085198   3.99924082],cruising,[ 0.50568378 -0.03156594 -0.11489306]
815.4808130264282,1000,False,0,5,[ 8.46807068 -0.5834626   3.99990703],cruising,[-0.82138112 -0.19970136 -0.21083176]
815.4808130264282,1001,False,5,6,[6.39712145 4.86413928 3.99999702],exiting,[-0.48080528  0.59740651 -0.20557775]
815.4808130264282,1002,False,1,3,[5.45949223 1.62123935 1.28476097],waiting,[ 0.5677905  -0.59831228 -0.99408226]
815.4808130264282,1003,False,5,2,[-7.44156599 -1.13107263  1.34573809],fake_landed,[ 0.63925976  0.24903542 -0.34837281]
815.4808130264282,1004,False,3,4,[-2.71968159 -2.4208882   3.92991584],cruising,[-0.62185191  0.08809385  0.93462812]
815.4808130264282,1005,False,4,0,[-0.33676278 -3.18129546  3.9993547 ],cruising,[ 0.50568378 -0.03156594 -0.11489306]
815.5834403038025,1000,False,0,5,[ 8.45631008 -0.78311652  3.99992097],cruising,[-0.82138112 -0.19970136 -0.21083176]
815.5834403038025,1001,False,5,6,[6.49865446 4.91207175 3.99999883],exiting,[-0.48080528  0.59740651 -0.20557775]
815.5834403038025,1002,False,1,3,[5.45949223 1.62123935 1.28476097],waiting,[ 0.5677905  -0.59831228 -0.99408226]
815.5834403038025,1003,False,5,2,[-7.44538035 -1.12251668  1.30685047],fake_landed,[ 0.63925976  0.24903542 -0.34837281]
815.5834403038025,1004,False,3,4,[-2.76268199 -2.22556547  3.94042847],cruising,[-0.62185191  0.08809385  0.93462812]
815.5834403038025,1005,False,4,0,[-0.5187431  -3.26426027  3.99945149],cruising,[ 0.50568378 -0.03156594 -0.11489306]
815.6796026229858,1000,False,0,5,[ 8.44043385 -0.98248538  3.99993283],cruising,[-0.82138112 -0.19970136 -0.21083176]
815.6796026229858,1001,False,5,6,[6.58382125 4.97149975 4.00000022],exiting,[-0.48080528  0.59740651 -0.20557775]
815.6796026229858,1002,False,1,3,[5.45949223 1.62123935 1.28476097],waiting,[ 0.5677905  -0.59831228 -0.99408226]
815.6796026229858,1003,False,5,2,[-7.44728753 -1.11823871  1.28740667],fake_landed,[ 0.63925976  0.24903542 -0.34837281]
815.6796026229858,1004,False,3,4,[-2.80693383 -2.03052247  3.9493642 ],cruising,[-0.62185191  0.08809385  0.93462812]
815.6796026229858,1005,False,4,0,[-0.69774294 -3.35347383  3.99953377],cruising,[ 0.50568378 -0.03156594 -0.11489306]
815.7873110771179,1000,False,0,5,[ 8.42270026 -1.18169763  3.9999429 ],cruising,[-0.82138112 -0.19970136 -0.21083176]
815.7873110771179,1001,False,5,6,[6.65256906 5.04234776 4.00000112],exiting,[-0.48080528  0.59740651 -0.20557775]
815.7873110771179,1002,False,1,3,[5.45949223 1.62123935 1.28476097],waiting,[ 0.5677905  -0.59831228 -0.99408226]
815.7873110771179,1003,False,2,1,[-7.44728753 -1.11823871  1.28740667],waiting,[ 0.63925976  0.24903542 -0.34837281]
815.7873110771179,1004,False,3,4,[-2.85414964 -1.83617569  3.95695957],cruising,[-0.62185191  0.08809385  0.93462812]
815.7873110771179,1005,False,4,0,[-0.87570882 -3.4447325   3.9996037 ],cruising,[ 0.50568378 -0.03156594 -0.11489306]
815.883463382721,1000,False,0,5,[ 8.40291639 -1.38071672  3.99995147],cruising,[-0.82138112 -0.19970136 -0.21083176]
815.883463382721,1001,False,5,6,[6.70484324 5.12453684 4.00000147],exiting,[-0.48080528  0.59740651 -0.20557775]
815.883463382721,1002,False,1,3,[5.45949223 1.62123935 1.28476097],waiting,[ 0.5677905  -0.59831228 -0.99408226]
815.883463382721,1003,False,2,1,[-7.44728753 -1.11823871  1.28740667],waiting,[ 0.63925976  0.24903542 -0.34837281]
815.883463382721,1004,False,3,4,[-2.9045803  -1.64263823  3.96341563],cruising,[-0.62185191  0.08809385  0.93462812]
815.883463382721,1005,False,4,0,[-1.05510156 -3.53315334  3.99966315],cruising,[ 0.50568378 -0.03156594 -0.11489306]
815.981584072113,1000,False,0,5,[ 8.38090619 -1.57950191  3.99995875],cruising,[-0.82138112 -0.19970136 -0.21083176]
815.981584072113,1001,False,5,6,[6.74077501 5.21785837 4.00000122],exiting,[-0.48080528  0.59740651 -0.20557775]
815.981584072113,1002,False,1,3,[5.45949223 1.62123935 1.28476097],waiting,[ 0.5677905  -0.59831228 -0.99408226]
815.981584072113,1003,False,2,1,[-7.44728753 -1.11823871  1.28740667],waiting,[ 0.63925976  0.24903542 -0.34837281]
815.981584072113,1004,False,3,4,[-2.95854273 -1.45005564  3.96890329],cruising,[-0.62185191  0.08809385  0.93462812]
815.981584072113,1005,False,4,0,[-1.23994009 -3.60953866  3.99971368],cruising,[ 0.50568378 -0.03156594 -0.11489306]
816.0810708999634,1000,False,0,5,[ 8.35411036 -1.77769874  3.99996494],cruising,[-0.82138112 -0.19970136 -0.21083176]
816.0810708999634,1001,False,5,6,[6.77670679 5.3111799  4.00000101],exiting,[-0.48080528  0.59740651 -0.20557775]
816.0810708999634,1002,False,1,3,[5.45949223 1.62123935 1.28476097],waiting,[ 0.5677905  -0.59831228 -0.99408226]
816.0810708999634,1003,False,2,1,[-7.44728753 -1.11823871  1.28740667],waiting,[ 0.63925976  0.24903542 -0.34837281]
816.0810708999634,1004,False,3,4,[-3.01639863 -1.2586067   3.97356779],cruising,[-0.62185191  0.08809385  0.93462812]
816.0810708999634,1005,False,4,0,[-1.43118429 -3.66697754  3.99975844],cruising,[ 0.50568378 -0.03156594 -0.11489306]
816.1802697181702,1000,False,0,5,[ 8.32505693 -1.97557724  3.99997019],cruising,[-0.82138112 -0.19970136 -0.21083176]
816.1802697181702,1001,False,5,6,[6.81263856 5.40450143 4.00000083],exiting,[-0.48080528  0.59740651 -0.20557775]
816.1802697181702,1002,False,1,3,[5.45949223 1.62123935 1.28476097],waiting,[ 0.5677905  -0.59831228 -0.99408226]
816.1802697181702,1003,False,2,1,[-7.44728753 -1.11823871  1.28740667],waiting,[ 0.63925976  0.24903542 -0.34837281]
816.1802697181702,1004,False,3,4,[-3.07767942 -1.06822639  3.97753263],cruising,[-0.62185191  0.08809385  0.93462812]
816.1802697181702,1005,False,4,0,[-1.62558686 -3.70466739  3.99980016],cruising,[ 0.50568378 -0.03156594 -0.11489306]
816.2853608131409,1000,False,0,5,[ 8.29349234 -2.17307072  3.99997467],cruising,[-0.82138112 -0.19970136 -0.21083176]
816.2853608131409,1001,False,5,6,[6.84857033 5.49782295 4.00000069],exiting,[-0.48080528  0.59740651 -0.20557775]
816.2853608131409,1002,False,1,3,[5.45949223 1.62123935 1.28476097],waiting,[ 0.5677905  -0.59831228 -0.99408226]
816.2853608131409,1003,False,2,1,[-7.44728753 -1.11823871  1.28740667],waiting,[ 0.63925976  0.24903542 -0.34837281]
816.2853608131409,1004,False,3,4,[-3.14357334 -0.87939315  3.98090273],cruising,[-0.62185191  0.08809385  0.93462812]
816.2853608131409,1005,False,4,0,[-1.81996715 -3.72235724  3.99983937],cruising,[ 0.50568378 -0.03156594 -0.11489306]
816.3821280002594,1000,False,0,5,[ 8.25636737 -2.36959486  3.99997847],cruising,[-0.82138112 -0.19970136 -0.21083176]
816.3821280002594,1001,False,5,6,[6.88450211 5.59114448 4.00000057],exiting,[-0.48080528  0.59740651 -0.20557775]
816.3821280002594,1002,False,1,3,[5.45949223 1.62123935 1.28476097],waiting,[ 0.5677905  -0.59831228 -0.99408226]
816.3821280002594,1003,False,2,1,[-7.44728753 -1.11823871  1.28740667],waiting,[ 0.63925976  0.24903542 -0.34837281]
816.3821280002594,1004,False,3,4,[-3.21451915 -0.69239932  3.98376732],cruising,[-0.62185191  0.08809385  0.93462812]
816.3821280002594,1005,False,4,0,[-2.01132119 -3.72027738  3.99987626],cruising,[ 0.50568378 -0.03156594 -0.11489306]
816.4819507598877,1000,False,0,5,[ 8.21652683 -2.56558652  3.9999817 ],cruising,[-0.82138112 -0.19970136 -0.21083176]
816.4819507598877,1001,False,5,6,[6.92043388 5.68446601 4.00000047],exiting,[-0.48080528  0.59740651 -0.20557775]
816.4819507598877,1002,False,1,3,[5.45949223 1.62123935 1.28476097],waiting,[ 0.5677905  -0.59831228 -0.99408226]
816.4819507598877,1003,False,2,1,[-7.44728753 -1.11823871  1.28740667],waiting,[ 0.63925976  0.24903542 -0.34837281]
816.4819507598877,1004,False,3,4,[-3.29093438 -0.50757315  3.98620222],cruising,[-0.62185191  0.08809385  0.93462812]
816.4819507598877,1005,False,4,0,[-2.19701514 -3.69901514  3.99991081],cruising,[ 0.50568378 -0.03156594 -0.11489306]
816.5810959339142,1000,False,0,5,[ 8.17043778 -2.76020358  3.99998444],cruising,[-0.82138112 -0.19970136 -0.21083176]
816.5810959339142,1001,False,5,6,[6.95636565 5.77778754 4.00000039],exiting,[-0.48080528  0.59740651 -0.20557775]
816.5810959339142,1002,False,1,3,[5.45949223 1.62123935 1.28476097],waiting,[ 0.5677905  -0.59831228 -0.99408226]
816.5810959339142,1003,False,2,1,[-7.44728753 -1.11823871  1.28740667],waiting,[ 0.63925976  0.24903542 -0.34837281]
816.5810959339142,1004,False,3,4,[-3.3714675  -0.32450372  3.98827189],cruising,[-0.62185191  0.08809385  0.93462812]
816.5810959339142,1005,False,4,0,[-2.37465037 -3.65944834  3.99994298],cruising,[ 0.50568378 -0.03156594 -0.11489306]
816.6833243370056,1000,False,0,5,[ 8.12118156 -2.95404326  3.99998678],cruising,[-0.82138112 -0.19970136 -0.21083176]
816.6833243370056,1001,False,5,6,[6.99229742 5.87110907 4.00000032],exiting,[-0.48080528  0.59740651 -0.20557775]
816.6833243370056,1002,False,1,3,[5.45949223 1.62123935 1.28476097],waiting,[ 0.5677905  -0.59831228 -0.99408226]
816.6833243370056,1003,False,2,1,[-7.44728753 -1.11823871  1.28740667],waiting,[ 0.63925976  0.24903542 -0.34837281]
816.6833243370056,1004,False,3,4,[-3.45841697 -0.14439323  3.99003111],cruising,[-0.62185191  0.08809385  0.93462812]
816.6833243370056,1005,False,4,0,[-2.54204394 -3.60270282  3.99997269],cruising,[ 0.50568378 -0.03156594 -0.11489306]
816.7829611301422,1000,False,0,5,[ 8.06447927 -3.14583704  3.99998876],cruising,[-0.82138112 -0.19970136 -0.21083176]
816.7829611301422,1001,False,5,6,[7.0282292  5.9644306  4.00000026],exiting,[-0.48080528  0.59740651 -0.20557775]
816.7829611301422,1002,False,1,3,[5.45949223 1.62123935 1.28476097],waiting,[ 0.5677905  -0.59831228 -0.99408226]
816.7829611301422,1003,False,2,1,[-7.44728753 -1.11823871  1.28740667],waiting,[ 0.63925976  0.24903542 -0.34837281]
816.7829611301422,1004,False,3,4,[-3.55219414  0.03225852  3.99152644],cruising,[-0.62185191  0.08809385  0.93462812]
816.7829611301422,1005,False,4,0,[-2.6973519  -3.53002187  3.99999982],cruising,[ 0.50568378 -0.03156594 -0.11489306]
816.8861153125763,1000,False,0,5,[ 8.00387248 -3.33643299  3.99999045],cruising,[-0.82138112 -0.19970136 -0.21083176]
816.8861153125763,1001,False,5,6,[7.06416097 6.05775213 4.00000021],exiting,[-0.48080528  0.59740651 -0.20557775]
816.8861153125763,1002,False,1,3,[5.45949223 1.62123935 1.28476097],waiting,[ 0.5677905  -0.59831228 -0.99408226]
816.8861153125763,1003,False,2,1,[-7.44728753 -1.11823871  1.28740667],waiting,[ 0.63925976  0.24903542 -0.34837281]
816.8861153125763,1004,False,3,4,[-3.65194407  0.20560775  3.99279747],cruising,[-0.62185191  0.08809385  0.93462812]
816.8861153125763,1005,False,4,0,[-2.83895511 -3.44277452  4.00002424],cruising,[ 0.50568378 -0.03156594 -0.11489306]
816.9823710918427,1000,False,0,5,[ 7.93391791 -3.5237999   3.99999188],cruising,[-0.82138112 -0.19970136 -0.21083176]
816.9823710918427,1001,False,5,6,[7.10009274 6.15107365 4.00000018],exiting,[-0.48080528  0.59740651 -0.20557775]
816.9823710918427,1002,False,1,3,[5.45949223 1.62123935 1.28476097],waiting,[ 0.5677905  -0.59831228 -0.99408226]
816.9823710918427,1003,False,2,1,[-7.44728753 -1.11823871  1.28740667],waiting,[ 0.63925976  0.24903542 -0.34837281]
816.9823710918427,1004,False,3,4,[-3.75843997  0.37489633  3.99387785],cruising,[-0.62185191  0.08809385  0.93462812]
816.9823710918427,1005,False,4,0,[-2.96539651 -3.34248419  4.0000458 ],cruising,[ 0.50568378 -0.03156594 -0.11489306]
817.0826332569122,1000,False,0,5,[ 7.85354714 -3.70694066  3.9999931 ],cruising,[-0.82138112 -0.19970136 -0.21083176]
817.0826332569122,1001,False,5,6,[7.13602452 6.24439518 4.00000014],exiting,[-0.48080528  0.59740651 -0.20557775]
817.0826332569122,1002,False,1,3,[5.45949223 1.62123935 1.28476097],queued,[ 0.5677905  -0.59831228 -0.99408226]
817.0826332569122,1003,False,2,1,[-7.44728753 -1.11823871  1.28740667],waiting,[ 0.63925976  0.24903542 -0.34837281]
817.0826332569122,1004,False,3,4,[-3.86803959  0.54219224  3.99479618],cruising,[-0.62185191  0.08809385  0.93462812]
817.0826332569122,1005,False,4,0,[-3.075443   -3.2307393   4.00006435],cruising,[ 0.50568378 -0.03156594 -0.11489306]
817.1820530891418,1000,False,0,5,[ 7.76119518 -3.88434166  3.99999413],cruising,[-0.82138112 -0.19970136 -0.21083176]
817.1820530891418,1001,False,5,6,[7.17195629 6.33771671 4.00000012],exiting,[-0.48080528  0.59740651 -0.20557775]
817.1820530891418,1002,False,1,3,[5.45949223 1.62123935 1.30476097],queued,[ 0.5677905  -0.59831228 -0.99408226]
817.1820530891418,1003,False,2,1,[-7.44728753 -1.11823871  1.28740667],waiting,[ 0.63925976  0.24903542 -0.34837281]
817.1820530891418,1004,False,3,4,[-3.98008439  0.70786047  3.99557675],cruising,[-0.62185191  0.08809385  0.93462812]
817.1820530891418,1005,False,4,0,[-3.1680047  -3.10928451  4.00007968],cruising,[ 0.50568378 -0.03156594 -0.11489306]
817.2791407108307,1000,False,0,5,[ 7.65474121 -4.05365661  3.99999501],cruising,[-0.82138112 -0.19970136 -0.21083176]
817.2791407108307,1001,False,5,6,[7.20788806 6.43103824 4.0000001 ],exiting,[-0.48080528  0.59740651 -0.20557775]
817.2791407108307,1002,False,1,3,[5.45949223 1.62123935 1.34476097],queued,[ 0.5677905  -0.59831228 -0.99408226]
817.2791407108307,1003,False,2,1,[-7.44728753 -1.11823871  1.28740667],waiting,[ 0.63925976  0.24903542 -0.34837281]
817.2791407108307,1004,False,3,4,[-4.09400937  0.87224143  3.99624024],cruising,[-0.62185191  0.08809385  0.93462812]
817.2791407108307,1005,False,4,0,[-3.24254313 -2.97916013  4.00009167],cruising,[ 0.50568378 -0.03156594 -0.11489306]
817.390355348587,1000,False,0,5,[ 7.53192293 -4.21147332  3.99999576],cruising,[-0.82138112 -0.19970136 -0.21083176]
817.390355348587,1001,False,5,6,[7.24381984 6.52435977 4.00000008],exiting,[-0.48080528  0.59740651 -0.20557775]
817.390355348587,1002,False,1,3,[5.45949223 1.62123935 1.40476097],queued,[ 0.5677905  -0.59831228 -0.99408226]
817.390355348587,1003,False,2,1,[-7.44728753 -1.11823871  1.28740667],waiting,[ 0.63925976  0.24903542 -0.34837281]
817.390355348587,1004,False,3,4,[-4.20933003  1.03564628  3.9968042 ],cruising,[-0.62185191  0.08809385  0.93462812]
817.390355348587,1005,False,4,0,[-3.29879852 -2.84092834  4.0001002 ],cruising,[ 0.50568378 -0.03156594 -0.11489306]
817.4851658344269,1000,False,0,5,[ 7.39417123 -4.35598617  3.99999643],cruising,[-0.82138112 -0.19970136 -0.21083176]
817.4851658344269,1001,False,5,6,[7.27975161 6.6176813  4.00000006],exiting,[-0.48080528  0.59740651 -0.20557775]
817.4851658344269,1002,False,1,3,[5.45949223 1.62123935 1.47976097],queued,[ 0.5677905  -0.59831228 -0.99408226]
817.4851658344269,1003,False,2,1,[-7.44728753 -1.11823871  1.28740667],waiting,[ 0.63925976  0.24903542 -0.34837281]
817.4851658344269,1004,False,3,4,[-4.3256289   1.19835637  3.99728357],cruising,[-0.62185191  0.08809385  0.93462812]
817.4851658344269,1005,False,4,0,[-3.33660734 -2.69496839  4.00010515],cruising,[ 0.50568378 -0.03156594 -0.11489306]
817.5890936851501,1000,False,0,5,[ 7.24393508 -4.48487409  3.99999705],cruising,[-0.82138112 -0.19970136 -0.21083176]
817.5890936851501,1001,False,5,6,[7.31568338 6.71100283 4.00000005],exiting,[-0.48080528  0.59740651 -0.20557775]
817.5890936851501,1002,False,1,3,[5.45949223 1.62123935 1.55476097],queued,[ 0.5677905  -0.59831228 -0.99408226]
817.5890936851501,1003,False,2,1,[-7.44728753 -1.11823871  1.28740667],waiting,[ 0.63925976  0.24903542 -0.34837281]
817.5890936851501,1004,False,3,4,[-4.44254268  1.36062518  3.99769104],cruising,[-0.62185191  0.08809385  0.93462812]
817.5890936851501,1005,False,4,0,[-3.35584881 -2.54157519  4.00010645],cruising,[ 0.50568378 -0.03156594 -0.11489306]
817.6816599369049,1000,False,0,5,[ 7.08313109 -4.596782    3.99999762],cruising,[-0.82138112 -0.19970136 -0.21083176]
817.6816599369049,1001,False,5,6,[7.35161515 6.80432435 4.00000004],exiting,[-0.48080528  0.59740651 -0.20557775]
817.6816599369049,1002,False,1,3,[5.45949223 1.62123935 1.62976097],queued,[ 0.5677905  -0.59831228 -0.99408226]
817.6816599369049,1003,False,2,1,[-7.44728753 -1.11823871  1.28740667],waiting,[ 0.63925976  0.24903542 -0.34837281]
817.6816599369049,1004,False,3,4,[-4.55975066  1.52268162  3.99803738],cruising,[-0.62185191  0.08809385  0.93462812]
817.6816599369049,1005,False,4,0,[-3.35663023 -2.3804861   4.00010401],cruising,[ 0.50568378 -0.03156594 -0.11489306]
817.785676240921,1000,False,0,5,[ 6.9138187  -4.69058998  3.99999815],cruising,[-0.82138112 -0.19970136 -0.21083176]
817.785676240921,1001,False,5,6,[7.38754693 6.89764588 4.00000003],exiting,[-0.48080528  0.59740651 -0.20557775]
817.785676240921,1002,False,1,3,[5.45949223 1.62123935 1.70476097],queued,[ 0.5677905  -0.59831228 -0.99408226]
817.785676240921,1003,False,2,1,[-7.44728753 -1.11823871  1.28740667],waiting,[ 0.63925976  0.24903542 -0.34837281]
817.785676240921,1004,False,3,4,[-4.67693561  1.68475472  3.99833177],cruising,[-0.62185191  0.08809385  0.93462812]
817.785676240921,1005,False,4,0,[-3.33935498 -2.21079721  4.00009771],cruising,[ 0.50568378 -0.03156594 -0.11489306]
817.8827483654022,1000,False,0,5,[ 6.73814719 -4.76543586  3.99999863],cruising,[-0.82138112 -0.19970136 -0.21083176]
817.8827483654022,1001,False,5,6,[7.4234787  6.99096741 4.00000003],exiting,[-0.48080528  0.59740651 -0.20557775]
817.8827483654022,1002,False,1,3,[5.45949223 1.62123935 1.77976097],queued,[ 0.5677905  -0.59831228 -0.99408226]
817.8827483654022,1003,False,2,1,[-7.44728753 -1.11823871  1.28740667],waiting,[ 0.63925976  0.24903542 -0.34837281]
817.8827483654022,1004,False,3,4,[-4.79400193  1.84691351  3.99858201],cruising,[-0.62185191  0.08809385  0.93462812]
817.8827483654022,1005,False,4,0,[-3.30530155 -2.0302229   4.00008749],cruising,[ 0.50568378 -0.03156594 -0.11489306]
817.99485039711,1000,False,0,5,[ 6.55830339 -4.82072178  3.99999907],cruising,[-0.82138112 -0.19970136 -0.21083176]
817.99485039711,1001,False,5,6,[7.45941047 7.08428894 4.00000002],exiting,[-0.48080528  0.59740651 -0.20557775]
817.99485039711,1002,False,1,3,[5.45949223 1.62123935 1.85476097],queued,[ 0.5677905  -0.59831228 -0.99408226]
817.99485039711,1003,False,2,1,[-7.44728753 -1.11823871  1.28740667],waiting,[ 0.63925976  0.24903542 -0.34837281]
817.99485039711,1004,False,3,4,[-4.91065937  2.00936671  3.99879471],cruising,[-0.62185191  0.08809385  0.93462812]
817.99485039711,1005,False,4,0,[-3.26506994 -1.83431114  4.00007437],cruising,[ 0.50568378 -0.03156594 -0.11489306]
818.0839469432831,1000,False,0,5,[ 6.37649409 -4.85610451  3.99999945],cruising,[-0.82138112 -0.19970136 -0.21083176]
818.0839469432831,1001,False,5,6,[7.49534225 7.17761047 4.00000002],exiting,[-0.48080528  0.59740651 -0.20557775]
818.0839469432831,1002,False,1,3,[5.45949223 1.62123935 1.92976097],queued,[ 0.5677905  -0.59831228 -0.99408226]
818.0839469432831,1003,False,2,1,[-7.44728753 -1.11823871  1.28740667],queued,[ 0.63925976  0.24903542 -0.34837281]
818.0839469432831,1004,False,3,4,[-5.02663367  2.1723083   3.9989755 ],cruising,[-0.62185191  0.08809385  0.93462812]
818.0839469432831,1005,False,4,0,[-3.24136573 -1.63572083  4.00006321],cruising,[ 0.50568378 -0.03156594 -0.11489306]
818.1798794269562,1000,False,0,5,[ 6.194145   -4.87149453  3.99999978],cruising,[-0.82138112 -0.19970136 -0.21083176]
818.1798794269562,1001,False,5,6,[7.53127402 7.270932   4.00000001],exiting,[-0.48080528  0.59740651 -0.20557775]
818.1798794269562,1002,False,1,3,[5.45949223 1.62123935 2.00476097],queued,[ 0.5677905  -0.59831228 -0.99408226]
818.1798794269562,1003,False,2,1,[-7.44728753 -1.11823871  1.30740667],queued,[ 0.63925976  0.24903542 -0.34837281]
818.1798794269562,1004,False,3,4,[-5.14165596  2.33592332  3.99912918],cruising,[-0.62185191  0.08809385  0.93462812]
818.1798794269562,1005,False,4,0,[-3.23366091 -1.43586929  4.00005373],cruising,[ 0.50568378 -0.03156594 -0.11489306]
818.2825448513031,1000,False,0,5,[ 6.01268008 -4.8669041   4.00000006],cruising,[-0.82138112 -0.19970136 -0.21083176]
818.2825448513031,1001,False,5,6,[7.56720579 7.36425353 4.00000001],exiting,[-0.48080528  0.59740651 -0.20557775]
818.2825448513031,1002,False,1,3,[5.45949223 1.62123935 2.07976097],queued,[ 0.5677905  -0.59831228 -0.99408226]
818.2825448513031,1003,False,2,1,[-7.44728753 -1.11823871  1.34740667],queued,[ 0.63925976  0.24903542 -0.34837281]
818.2825448513031,1004,False,3,4,[-5.25606193  2.49996987  3.9992598 ],cruising,[-0.62185191  0.08809385  0.93462812]
818.2825448513031,1005,False,4,0,[-3.2415277  -1.23602407  4.00004567],cruising,[ 0.50568378 -0.03156594 -0.11489306]
818.3815181255341,1000,False,0,5,[ 5.83328195 -4.84242074  4.00000027],cruising,[-0.82138112 -0.19970136 -0.21083176]
818.3815181255341,1001,False,5,6,[7.60313757 7.45757505 4.00000001],exiting,[-0.48080528  0.59740651 -0.20557775]
818.3815181255341,1002,False,1,3,[5.45949223 1.62123935 2.15476097],queued,[ 0.5677905  -0.59831228 -0.99408226]
818.3815181255341,1003,False,2,1,[-7.44728753 -1.11823871  1.40740667],queued,[ 0.63925976  0.24903542 -0.34837281]
818.3815181255341,1004,False,3,4,[-5.36896879  2.6650518   3.99937083],cruising,[-0.62185191  0.08809385  0.93462812]
818.3815181255341,1005,False,4,0,[-3.2639236  -1.03728197  4.00003882],cruising,[ 0.50568378 -0.03156594 -0.11489306]
818.4880356788635,1000,False,0,5,[ 5.65647671 -4.79810618  4.00000043],cruising,[-0.82138112 -0.19970136 -0.21083176]
818.4880356788635,1001,False,5,6,[7.63906934 7.55089658 4.00000001],exiting,[-0.48080528  0.59740651 -0.20557775]
818.4880356788635,1002,False,1,3,[5.45949223 1.62123935 2.22976097],queued,[ 0.5677905  -0.59831228 -0.99408226]
818.4880356788635,1003,False,2,1,[-7.44728753 -1.11823871  1.48240667],queued,[ 0.63925976  0.24903542 -0.34837281]
818.4880356788635,1004,False,3,4,[-5.48006617  2.83135686  3.9994652 ],cruising,[-0.62185191  0.08809385  0.93462812]
818.4880356788635,1005,False,4,0,[-3.29967749 -0.84050377  4.000033  ],cruising,[ 0.50568378 -0.03156594 -0.11489306]
818.5837805271149,1000,False,0,5,[ 5.48298871 -4.73406864  4.00000052],cruising,[-0.82138112 -0.19970136 -0.21083176]
818.5837805271149,1001,False,5,6,[7.67500111 7.64421811 4.00000001],exiting,[-0.48080528  0.59740651 -0.20557775]
818.5837805271149,1002,False,1,3,[5.45949223 1.62123935 2.30476097],queued,[ 0.5677905  -0.59831228 -0.99408226]
818.5837805271149,1003,False,2,1,[-7.44728753 -1.11823871  1.55740667],queued,[ 0.63925976  0.24903542 -0.34837281]
818.5837805271149,1004,False,3,4,[-5.58900785  2.99908196  3.99954542],cruising,[-0.62185191  0.08809385  0.93462812]
818.5837805271149,1005,False,4,0,[-3.34618235 -0.64598565  4.00002805],cruising,[ 0.50568378 -0.03156594 -0.11489306]
818.682156085968,1000,False,0,5,[ 5.31260299 -4.65027316  4.00000054],cruising,[-0.82138112 -0.19970136 -0.21083176]
818.682156085968,1001,False,5,6,[7.71093288 7.73753964 4.        ],exiting,[-0.48080528  0.59740651 -0.20557775]
818.682156085968,1002,False,1,3,[5.45949223 1.62123935 2.37976097],queued,[ 0.5677905  -0.59831228 -0.99408226]
818.682156085968,1003,False,2,1,[-7.44728753 -1.11823871  1.63240667],queued,[ 0.63925976  0.24903542 -0.34837281]
818.682156085968,1004,False,3,4,[-5.69539625  3.16843812  3.99961361],cruising,[-0.62185191  0.08809385  0.93462812]
818.682156085968,1005,False,4,0,[-3.40408734 -0.45455156  4.00002384],cruising,[ 0.50568378 -0.03156594 -0.11489306]
818.7790441513062,1000,False,0,5,[ 5.14476758 -4.54664096  4.00000049],cruising,[-0.82138112 -0.19970136 -0.21083176]
818.7790441513062,1001,False,5,6,[7.74686466 7.83086117 4.        ],exiting,[-0.48080528  0.59740651 -0.20557775]
818.7790441513062,1002,False,1,3,[5.45949223 1.62123935 2.45476097],queued,[ 0.5677905  -0.59831228 -0.99408226]
818.7790441513062,1003,False,2,1,[-7.44728753 -1.11823871  1.70740667],queued,[ 0.63925976  0.24903542 -0.34837281]
818.7790441513062,1004,False,3,4,[-5.7987634   3.33965503  3.99967157],cruising,[-0.62185191  0.08809385  0.93462812]
818.7790441513062,1005,False,4,0,[-3.47262212 -0.26666067  4.00002026],cruising,[ 0.50568378 -0.03156594 -0.11489306]
818.8935031890869,1000,False,0,5,[ 4.97330426 -4.44368304  4.00000041],cruising,[-0.82138112 -0.19970136 -0.21083176]
818.8935031890869,1001,False,5,6,[7.78279643 7.9241827  4.        ],exiting,[-0.48080528  0.59740651 -0.20557775]
818.8935031890869,1002,False,1,3,[5.45949223 1.62123935 2.52976097],queued,[ 0.5677905  -0.59831228 -0.99408226]
818.8935031890869,1003,False,2,1,[-7.44728753 -1.11823871  1.78240667],queued,[ 0.63925976  0.24903542 -0.34837281]
818.8935031890869,1004,False,3,4,[-5.89854667  3.51298506  3.99972083],cruising,[-0.62185191  0.08809385  0.93462812]
818.8935031890869,1005,False,4,0,[-3.54911688 -0.08186741  4.00001722],cruising,[ 0.50568378 -0.03156594 -0.11489306]
818.9833064079285,1000,False,0,5,[ 4.79893241 -4.34573173  4.00000035],cruising,[-0.82138112 -0.19970136 -0.21083176]
818.9833064079285,1001,False,5,6,[7.8187282  8.01750423 4.        ],exiting,[-0.48080528  0.59740651 -0.20557775]
818.9833064079285,1002,False,1,3,[5.45949223 1.62123935 2.60476097],entering,[ 0.5677905  -0.59831228 -0.99408226]
818.9833064079285,1003,False,2,1,[-7.44728753 -1.11823871  1.85740667],queued,[ 0.63925976  0.24903542 -0.34837281]
818.9833064079285,1004,False,3,4,[-5.99405721  3.68870569  3.99976271],cruising,[-0.62185191  0.08809385  0.93462812]
818.9833064079285,1005,False,4,0,[-3.63634196  0.09810977  4.00001464],cruising,[ 0.50568378 -0.03156594 -0.11489306]
819.0831055641174,1000,False,0,5,[ 4.62133636 -4.25375542  4.0000003 ],cruising,[-0.82138112 -0.19970136 -0.21083176]
819.0831055641174,1001,False,5,6,[7.85465998 8.11082575 4.        ],exiting,[-0.48080528  0.59740651 -0.20557775]
819.0831055641174,1002,False,1,3,[5.47918389 1.61774101 2.67976097],entering,[ 0.5677905  -0.59831228 -0.99408226]
819.0831055641174,1003,False,2,1,[-7.44728753 -1.11823871  1.93240667],queued,[ 0.63925976  0.24903542 -0.34837281]
819.0831055641174,1004,False,3,4,[-6.08443805  3.86711898  3.9997983 ],cruising,[-0.62185191  0.08809385  0.93462812]
819.0831055641174,1005,False,4,0,[-3.73121104  0.27417754  4.00001244],cruising,[ 0.50568378 -0.03156594 -0.11489306]
819.1930623054504,1000,False,0,5,[ 4.44211277 -4.16499224  4.00000025],cruising,[-0.82138112 -0.19970136 -0.21083176]
819.1930623054504,1001,False,5,6,[7.89059175 8.20414728 4.        ],exiting,[-0.48080528  0.59740651 -0.20557775]
819.1930623054504,1002,False,1,3,[5.51856152 1.61071244 2.75476097],entering,[ 0.5677905  -0.59831228 -0.99408226]
819.1930623054504,1003,False,2,1,[-7.44728753 -1.11823871  2.00740667],queued,[ 0.63925976  0.24903542 -0.34837281]
819.1930623054504,1004,False,3,4,[-6.16860807  4.04854502  3.99982856],cruising,[-0.62185191  0.08809385  0.93462812]
819.1930623054504,1005,False,4,0,[-3.83379875  0.4458626   4.00001058],cruising,[ 0.50568378 -0.03156594 -0.11489306]
819.2890400886536,1000,False,0,5,[ 4.26098738 -4.08017719  4.00000022],cruising,[-0.82138112 -0.19970136 -0.21083176]
819.2890400886536,1001,False,5,6,[7.92652352 8.29746881 4.        ],exiting,[-0.48080528  0.59740651 -0.20557775]
819.2890400886536,1002,False,1,3,[5.57761233 1.60008297 2.82976097],entering,[ 0.5677905  -0.59831228 -0.99408226]
819.2890400886536,1003,False,2,1,[-7.44728753 -1.11823871  2.08240667],queued,[ 0.63925976  0.24903542 -0.34837281]
819.2890400886536,1004,False,3,4,[-6.24518697  4.23330343  3.99985427],cruising,[-0.62185191  0.08809385  0.93462812]
819.2890400886536,1005,False,4,0,[-3.94036938  0.61510415  4.00000899],cruising,[ 0.50568378 -0.03156594 -0.11489306]
819.3793640136719,1000,False,0,5,[ 4.07896621 -3.997302    4.00000018],cruising,[-0.82138112 -0.19970136 -0.21083176]
819.3793640136719,1001,False,5,6,[7.9624553  8.39079034 4.        ],exiting,[-0.48080528  0.59740651 -0.20557775]
819.3793640136719,1002,False,1,3,[5.65626196 1.58546779 2.90476097],entering,[ 0.5677905  -0.59831228 -0.99408226]
819.3793640136719,1003,False,2,1,[-7.44728753 -1.11823871  2.15740667],entering,[ 0.63925976  0.24903542 -0.34837281]
819.3793640136719,1004,False,3,4,[-6.31239607  4.42167259  3.99987613],cruising,[-0.62185191  0.08809385  0.93462812]
819.3793640136719,1005,False,4,0,[-4.05003727  0.78235532  4.00000764],cruising,[ 0.50568378 -0.03156594 -0.11489306]
819.4899134635925,1000,False,0,5,[ 3.89580369 -3.91698084  4.00000016],cruising,[-0.82138112 -0.19970136 -0.21083176]
819.4899134635925,1001,False,5,6,[7.99838707 8.48411187 4.        ],exiting,[-0.48080528  0.59740651 -0.20557775]
819.4899134635925,1002,False,1,3,[5.75442879 1.56648465 2.97976097],entering,[ 0.5677905  -0.59831228 -0.99408226]
819.4899134635925,1003,False,2,1,[-7.43421089 -1.10310591  2.23240667],entering,[ 0.63925976  0.24903542 -0.34837281]
819.4899134635925,1004,False,3,4,[-6.36164474  4.61551419  3.99989471],cruising,[-0.62185191  0.08809385  0.93462812]
819.4899134635925,1005,False,4,0,[-4.16206754  0.94803338  4.0000065 ],cruising,[ 0.50568378 -0.03156594 -0.11489306]
819.5799565315247,1000,False,0,5,[ 3.71209163 -3.83792466  4.00000013],cruising,[-0.82138112 -0.19970136 -0.21083176]
819.5799565315247,1001,False,5,6,[8.03431884 8.5774334  4.        ],exiting,[-0.48080528  0.59740651 -0.20557775]
819.5799565315247,1002,False,1,3,[5.87197076 1.54254128 3.05476097],entering,[ 0.5677905  -0.59831228 -0.99408226]
819.5799565315247,1003,False,2,1,[-7.40807256 -1.07282742  2.30740667],entering,[ 0.63925976  0.24903542 -0.34837281]
819.5799565315247,1004,False,3,4,[-6.39125126  4.81312216  3.99991094],cruising,[-0.62185191  0.08809385  0.93462812]
819.5799565315247,1005,False,4,0,[-4.27584772  1.11251459  4.00000552],cruising,[ 0.50568378 -0.03156594 -0.11489306]
819.6907577514648,1000,False,0,5,[ 3.52764802 -3.76059062  4.00000011],cruising,[-0.82138112 -0.19970136 -0.21083176]
819.6907577514648,1001,False,5,6,[8.07025061 8.67075493 4.        ],exiting,[-0.48080528  0.59740651 -0.20557775]
819.6907577514648,1002,False,1,3,[6.00870084 1.5129573  3.12976097],entering,[ 0.5677905  -0.59831228 -0.99408226]
819.6907577514648,1003,False,2,1,[-7.36890563 -1.02737475  2.38240667],entering,[ 0.63925976  0.24903542 -0.34837281]
819.6907577514648,1004,False,3,4,[-6.40094839  5.01263181  3.99992482],cruising,[-0.62185191  0.08809385  0.93462812]
819.6907577514648,1005,False,4,0,[-4.39086309  1.27613447  4.00000469],cruising,[ 0.50568378 -0.03156594 -0.11489306]
819.7932708263397,1000,False,0,5,[ 3.34276155 -3.68432139  4.0000001 ],cruising,[-0.82138112 -0.19970136 -0.21083176]
819.7932708263397,1001,False,5,6,[8.10618239 8.76407645 4.        ],exiting,[-0.48080528  0.59740651 -0.20557775]
819.7932708263397,1002,False,1,3,[6.16393993 1.47579596 3.20476097],entering,[ 0.5677905  -0.59831228 -0.99408226]
819.7932708263397,1003,False,2,1,[-7.31677328 -0.96669389  2.45740667],entering,[ 0.63925976  0.24903542 -0.34837281]
819.7932708263397,1004,False,3,4,[-6.39071213  5.21051052  3.99993772],cruising,[-0.62185191  0.08809385  0.93462812]
819.7932708263397,1005,False,4,0,[-4.50667565  1.43919106  4.00000399],cruising,[ 0.50568378 -0.03156594 -0.11489306]
819.8816475868225,1000,False,0,5,[ 3.15735983 -3.60931339  4.00000008],cruising,[-0.82138112 -0.19970136 -0.21083176]
819.8816475868225,1001,False,5,6,[8.14211416 8.85739798 4.        ],exiting,[-0.48080528  0.59740651 -0.20557775]
819.8816475868225,1002,False,1,3,[6.33676165 1.42910303 3.27976097],entering,[ 0.5677905  -0.59831228 -0.99408226]
819.8816475868225,1003,False,2,1,[-7.25179938 -0.89068023  2.53240667],entering,[ 0.63925976  0.24903542 -0.34837281]
819.8816475868225,1004,False,3,4,[-6.3608765   5.40440621  3.99994968],cruising,[-0.62185191  0.08809385  0.93462812]
819.8816475868225,1005,False,4,0,[-4.62280534  1.60202194  4.00000339],cruising,[ 0.50568378 -0.03156594 -0.11489306]
819.9829862117767,1000,False,0,5,[ 2.97144769 -3.53557957  4.00000007],cruising,[-0.82138112 -0.19970136 -0.21083176]
819.9829862117767,1001,False,5,6,[8.17804593 8.95071951 4.        ],exiting,[-0.48080528  0.59740651 -0.20557775]
819.9829862117767,1002,False,1,3,[6.52304121 1.3676153  3.35476097],entering,[ 0.5677905  -0.59831228 -0.99408226]
819.9829862117767,1003,False,2,1,[-7.17430227 -0.79907269  2.60740667],entering,[ 0.63925976  0.24903542 -0.34837281]
819.9829862117767,1004,False,3,4,[-6.31195606  5.59232106  3.9999606 ],cruising,[-0.62185191  0.08809385  0.93462812]
819.9829862117767,1005,False,4,0,[-4.73918123  1.76467695  4.00000288],cruising,[ 0.50568378 -0.03156594 -0.11489306]
820.0895307064056,1000,False,0,5,[ 2.78493658 -3.46337424  4.00000006],cruising,[-0.82138112 -0.19970136 -0.21083176]
820.0895307064056,1001,False,5,6,[8.21397771 9.04404104 4.        ],exiting,[-0.48080528  0.59740651 -0.20557775]
820.0895307064056,1002,False,1,3,[6.70902511 1.29406267 3.42976097],entering,[ 0.5677905  -0.59831228 -0.99408226]
820.0895307064056,1003,False,2,1,[-7.08460694 -0.69161574  2.68240667],entering,[ 0.63925976  0.24903542 -0.34837281]
820.0895307064056,1004,False,3,4,[-6.24480339  5.77201488  3.99997051],cruising,[-0.62185191  0.08809385  0.93462812]
820.0895307064056,1005,False,4,0,[-4.85545534  1.92740474  4.00000245],cruising,[ 0.50568378 -0.03156594 -0.11489306]
820.179176568985,1000,False,0,5,[ 2.59794201 -3.3924304   4.00000005],cruising,[-0.82138112 -0.19970136 -0.21083176]
820.179176568985,1001,False,5,6,[8.24990948 9.13736257 4.        ],landing,[-0.48080528  0.59740651 -0.20557775]
820.179176568985,1002,False,1,3,[6.89188655 1.21305837 3.50476097],entering,[ 0.5677905  -0.59831228 -0.99408226]
820.179176568985,1003,False,2,1,[-6.98326385 -0.56790058  2.75740667],entering,[ 0.63925976  0.24903542 -0.34837281]
820.179176568985,1004,False,3,4,[-6.1605198   5.94138727  3.9999794 ],cruising,[-0.62185191  0.08809385  0.93462812]
820.179176568985,1005,False,4,0,[-4.9713113   2.09043049  4.00000208],cruising,[ 0.50568378 -0.03156594 -0.11489306]
820.2869713306427,1000,False,0,5,[ 2.41015514 -3.32361113  4.00000004],cruising,[-0.82138112 -0.19970136 -0.21083176]
820.2869713306427,1001,False,5,6,[8.28389577 9.21660323 3.98593074],landing,[-0.48080528  0.59740651 -0.20557775]
820.2869713306427,1002,False,1,3,[7.06972512 1.12155185 3.57904683],entering,[ 0.5677905  -0.59831228 -0.99408226]
820.2869713306427,1003,False,2,1,[-6.87145129 -0.42714458  2.83240667],entering,[ 0.63925976  0.24903542 -0.34837281]
820.2869713306427,1004,False,3,4,[-6.06031269  6.09865837  3.99998724],cruising,[-0.62185191  0.08809385  0.93462812]
820.2869713306427,1005,False,4,0,[-5.08645109  2.25396283  4.00000177],cruising,[ 0.50568378 -0.03156594 -0.11489306]
820.3842027187347,1000,False,0,5,[ 2.22143003 -3.25740817  4.00000004],cruising,[-0.82138112 -0.19970136 -0.21083176]
820.3842027187347,1001,False,5,6,[8.31583961 9.2816157  3.9579551 ],landing,[-0.48080528  0.59740651 -0.20557775]
820.3842027187347,1002,False,1,3,[7.24129824 1.01877703 3.6421898 ],entering,[ 0.5677905  -0.59831228 -0.99408226]
820.3842027187347,1003,False,2,1,[-6.75182772 -0.26797695  2.90740667],entering,[ 0.63925976  0.24903542 -0.34837281]
820.3842027187347,1004,False,3,4,[-5.94509984  6.24270722  3.99999396],cruising,[-0.62185191  0.08809385  0.93462812]
820.3842027187347,1005,False,4,0,[-5.20112384  2.41782302  4.0000015 ],cruising,[ 0.50568378 -0.03156594 -0.11489306]
820.4850842952728,1000,False,0,5,[ 2.03210467 -3.19294185  4.00000003],cruising,[-0.82138112 -0.19970136 -0.21083176]
820.4850842952728,1001,False,5,6,[8.34562591 9.33222725 3.91626968],landing,[-0.48080528  0.59740651 -0.20557775]
820.4850842952728,1002,False,1,3,[7.40509748 0.90401725 3.69586133],entering,[ 0.5677905  -0.59831228 -0.99408226]
820.4850842952728,1003,False,2,1,[-6.63511887 -0.10556068  2.98240667],entering,[ 0.63925976  0.24903542 -0.34837281]
820.4850842952728,1004,False,3,4,[-5.81578834  6.37257058  3.99999953],cruising,[-0.62185191  0.08809385  0.93462812]
820.4850842952728,1005,False,4,0,[-5.31451878  2.58257006  4.00000128],cruising,[ 0.50568378 -0.03156594 -0.11489306]
820.5846154689789,1000,False,0,5,[ 1.84150283 -3.13235357  4.00000003],cruising,[-0.82138112 -0.19970136 -0.21083176]
820.5846154689789,1001,False,5,6,[8.37309563 9.36820289 3.86115206],landing,[-0.48080528  0.59740651 -0.20557775]
820.5846154689789,1002,False,1,3,[7.56071651 0.77838795 3.74148213],entering,[ 0.5677905  -0.59831228 -0.99408226]
820.5846154689789,1003,False,2,1,[-6.52195299  0.05934379  3.05740667],entering,[ 0.63925976  0.24903542 -0.34837281]
820.5846154689789,1004,False,3,4,[-5.67352259  6.48719624  4.00000396],cruising,[-0.62185191  0.08809385  0.93462812]
820.5846154689789,1005,False,4,0,[-5.42632231  2.74840121  4.00000109],cruising,[ 0.50568378 -0.03156594 -0.11489306]
820.6819257736206,1000,False,0,5,[ 1.64943947 -3.07657124  4.00000002],cruising,[-0.82138112 -0.19970136 -0.21083176]
820.6819257736206,1001,False,5,6,[8.3981151  9.38934863 3.79284088],landing,[-0.48080528  0.59740651 -0.20557775]
820.6819257736206,1002,False,1,3,[7.70484393 0.63972546 3.78025981],entering,[ 0.5677905  -0.59831228 -0.99408226]
820.6819257736206,1003,False,2,1,[-6.41294773  0.22702757  3.13240667],entering,[ 0.63925976  0.24903542 -0.34837281]
820.6819257736206,1004,False,3,4,[-5.51903878  6.5859878   4.00000722],cruising,[-0.62185191  0.08809385  0.93462812]
820.6819257736206,1005,False,4,0,[-5.53619513  2.91551783  4.00000092],cruising,[ 0.50568378 -0.03156594 -0.11489306]
820.7948274612427,1000,False,0,5,[ 1.45572189 -3.02683696  4.00000002],cruising,[-0.82138112 -0.19970136 -0.21083176]
820.7948274612427,1001,False,5,6,[8.42055885 9.39548523 3.71156468],landing,[-0.48080528  0.59740651 -0.20557775]
820.7948274612427,1002,False,1,3,[7.83548845 0.48829228 3.81322084],entering,[ 0.5677905  -0.59831228 -0.99408226]
820.7948274612427,1003,False,2,1,[-6.30864377  0.39767541  3.20740667],entering,[ 0.63925976  0.24903542 -0.34837281]
820.7948274612427,1004,False,3,4,[-5.35295423  6.66848755  4.00000925],cruising,[-0.62185191  0.08809385  0.93462812]
820.7948274612427,1005,False,4,0,[-5.64375735  3.0841309   4.00000079],cruising,[ 0.50568378 -0.03156594 -0.11489306]
820.8881764411926,1000,False,0,5,[ 1.26017815 -2.9848531   4.00000002],cruising,[-0.82138112 -0.19970136 -0.21083176]
820.8881764411926,1001,False,5,6,[8.44029905 9.38643306 3.61756089],landing,[-0.48080528  0.59740651 -0.20557775]
820.8881764411926,1002,False,1,3,[7.95094025 0.32498006 3.84123771],entering,[ 0.5677905  -0.59831228 -0.99408226]
820.8881764411926,1003,False,2,1,[-6.2097467   0.5715126   3.28240667],entering,[ 0.63925976  0.24903542 -0.34837281]
820.8881764411926,1004,False,3,4,[-5.17570339  6.73439472  4.00001003],cruising,[-0.62185191  0.08809385  0.93462812]
820.8881764411926,1005,False,4,0,[-5.7485708   3.25446628  4.00000067],cruising,[ 0.50568378 -0.03156594 -0.11489306]
820.989066362381,1000,False,0,5,[ 1.06273064 -2.95300216  4.00000001],cruising,[-0.82138112 -0.19970136 -0.21083176]
820.989066362381,1001,False,5,6,[8.45929052 9.37332082 3.52026036],landing,[-0.48080528  0.59740651 -0.20557775]
820.989066362381,1002,False,1,3,[8.05009615 0.15129037 3.86505206],cruising,[ 0.5677905  -0.59831228 -0.99408226]
820.989066362381,1003,False,2,1,[-6.11709203  0.74875569  3.35740667],entering,[ 0.63925976  0.24903542 -0.34837281]
820.989066362381,1004,False,3,4,[-4.98737051  6.78365291  4.0000095 ],cruising,[-0.62185191  0.08809385  0.93462812]
820.989066362381,1005,False,4,0,[-5.85011716  3.42676932  4.00000057],cruising,[ 0.50568378 -0.03156594 -0.11489306]
821.0802681446075,1000,False,0,5,[ 0.86313341 -2.94103535  4.00000001],cruising,[-0.82138112 -0.19970136 -0.21083176]
821.0802681446075,1001,False,5,6,[8.47828199 9.36020858 3.42295983],landing,[-0.48080528  0.59740651 -0.20557775]
821.0802681446075,1002,False,1,3,[ 8.13165618 -0.03127356  3.88545561],cruising,[ 0.5677905  -0.59831228 -0.99408226]
821.0802681446075,1003,False,2,1,[-6.03165184  0.92958703  3.43240667],entering,[ 0.63925976  0.24903542 -0.34837281]
821.0802681446075,1004,False,3,4,[-4.79132514  6.82322835  4.00000808],cruising,[-0.62185191  0.08809385  0.93462812]
821.0802681446075,1005,False,4,0,[-5.94776999  3.6013085   4.00000048],cruising,[ 0.50568378 -0.03156594 -0.11489306]
821.1877353191376,1000,False,0,5,[ 0.66318315 -2.94549556  4.00000001],cruising,[-0.82138112 -0.19970136 -0.21083176]
821.1877353191376,1001,False,5,6,[8.49727346 9.34709634 3.3256593 ],landing,[-0.48080528  0.59740651 -0.20557775]
821.1877353191376,1002,False,1,3,[ 8.19647087 -0.22047994  3.90263727],cruising,[ 0.5677905  -0.59831228 -0.99408226]
821.1877353191376,1003,False,2,1,[-5.95458523  1.11414255  3.50740667],entering,[ 0.63925976  0.24903542 -0.34837281]
821.1877353191376,1004,False,3,4,[-4.5962266   6.86723472  4.00000687],cruising,[-0.62185191  0.08809385  0.93462812]
821.1877353191376,1005,False,4,0,[-6.04075814  3.77837686  4.00000041],cruising,[ 0.50568378 -0.03156594 -0.11489306]
821.2907137870789,1000,False,0,5,[ 0.46368811 -2.95969863  4.00000001],cruising,[-0.82138112 -0.19970136 -0.21083176]
821.2907137870789,1001,False,5,6,[8.51626493 9.3339841  3.22835876],landing,[-0.48080528  0.59740651 -0.20557775]
821.2907137870789,1002,False,1,3,[ 8.24676945 -0.41405177  3.91724168],cruising,[ 0.5677905  -0.59831228 -0.99408226]
821.2907137870789,1003,False,2,1,[-5.88724365  1.30246438  3.58129567],entering,[ 0.63925976  0.24903542 -0.34837281]
821.2907137870789,1004,False,3,4,[-4.40180339  6.91413477  4.00000584],cruising,[-0.62185191  0.08809385  0.93462812]
821.2907137870789,1005,False,4,0,[-6.1281171   3.95828909  4.00000035],cruising,[ 0.50568378 -0.03156594 -0.11489306]
821.3803799152374,1000,False,0,5,[ 0.26585537 -2.98906198  4.00000001],cruising,[-0.82138112 -0.19970136 -0.21083176]
821.3803799152374,1001,False,5,6,[8.5352564  9.32087186 3.13105823],landing,[-0.48080528  0.59740651 -0.20557775]
821.3803799152374,1002,False,1,3,[ 8.2841222  -0.61053274  3.92965543],cruising,[ 0.5677905  -0.59831228 -0.99408226]
821.3803799152374,1003,False,2,1,[-5.83114546  1.49443571  3.64410132],entering,[ 0.63925976  0.24903542 -0.34837281]
821.3803799152374,1004,False,3,4,[-4.20714693  6.96005713  4.00000496],cruising,[-0.62185191  0.08809385  0.93462812]
821.3803799152374,1005,False,4,0,[-6.20862391  4.14137009  4.0000003 ],cruising,[ 0.50568378 -0.03156594 -0.11489306]
821.4873425960541,1000,False,0,5,[ 0.07165813 -3.03688908  4.00000001],cruising,[-0.82138112 -0.19970136 -0.21083176]
821.4873425960541,1001,False,5,6,[8.55424788 9.30775963 3.0337577 ],landing,[-0.48080528  0.59740651 -0.20557775]
821.4873425960541,1002,False,1,3,[ 8.30814564 -0.80908469  3.94020711],cruising,[ 0.5677905  -0.59831228 -0.99408226]
821.4873425960541,1003,False,2,1,[-5.78789561  1.68970335  3.69748612],entering,[ 0.63925976  0.24903542 -0.34837281]
821.4873425960541,1004,False,3,4,[-4.01268917  7.0068137   4.00000422],cruising,[-0.62185191  0.08809385  0.93462812]
821.4873425960541,1005,False,4,0,[-6.2807105   4.32792712  4.00000025],cruising,[ 0.50568378 -0.03156594 -0.11489306]
821.5923881530762,1000,False,0,5,[-0.11928118 -3.09640532  4.00000001],cruising,[-0.82138112 -0.19970136 -0.21083176]
821.5923881530762,1001,False,5,6,[8.57323935 9.29464739 2.93645717],landing,[-0.48080528  0.59740651 -0.20557775]
821.5923881530762,1002,False,1,3,[ 8.32268739 -1.00855533  3.94917605],cruising,[ 0.5677905  -0.59831228 -0.99408226]
821.5923881530762,1003,False,2,1,[-5.75902648  1.88760881  3.7428632 ],entering,[ 0.63925976  0.24903542 -0.34837281]
821.5923881530762,1004,False,3,4,[-3.81815556  7.05325371  4.00000358],cruising,[-0.62185191  0.08809385  0.93462812]
821.5923881530762,1005,False,4,0,[-6.33677257  4.51990901  4.00000021],cruising,[ 0.50568378 -0.03156594 -0.11489306]
821.6903297901154,1000,False,0,5,[-0.30549861 -3.16936467  4.        ],cruising,[-0.82138112 -0.19970136 -0.21083176]
821.6903297901154,1001,False,5,6,[8.59223082 9.28153515 2.83915664],landing,[-0.48080528  0.59740651 -0.20557775]
821.6903297901154,1002,False,1,3,[ 8.32902943 -1.20845475  3.95679964],cruising,[ 0.5677905  -0.59831228 -0.99408226]
821.6903297901154,1003,False,2,1,[-5.74575488  2.08716799  3.78143372],entering,[ 0.63925976  0.24903542 -0.34837281]
821.6903297901154,1004,False,3,4,[-3.62331661  7.09839554  4.00000305],cruising,[-0.62185191  0.08809385  0.93462812]
821.6903297901154,1005,False,4,0,[-6.37942259  4.71530853  4.00000018],cruising,[ 0.50568378 -0.03156594 -0.11489306]
821.7821464538574,1000,False,0,5,[-0.48856257 -3.24991023  4.        ],cruising,[-0.82138112 -0.19970136 -0.21083176]
821.7821464538574,1001,False,5,6,[8.61122229 9.26842291 2.74185611],landing,[-0.48080528  0.59740651 -0.20557775]
821.7821464538574,1002,False,1,3,[ 8.3282355  -1.40845318  3.96327969],cruising,[ 0.5677905  -0.59831228 -0.99408226]
821.7821464538574,1003,False,2,1,[-5.74784174  2.2871571   3.81421866],entering,[ 0.63925976  0.24903542 -0.34837281]
821.7821464538574,1004,False,3,4,[-3.42747291  7.13895716  4.00000259],cruising,[-0.62185191  0.08809385  0.93462812]
821.7821464538574,1005,False,4,0,[-6.40229064  4.91365313  4.00000015],cruising,[ 0.50568378 -0.03156594 -0.11489306]
821.8843538761139,1000,False,0,5,[-0.66817361 -3.33788679  4.        ],cruising,[-0.82138112 -0.19970136 -0.21083176]
821.8843538761139,1001,False,5,6,[8.63021376 9.25531067 2.64455558],landing,[-0.48080528  0.59740651 -0.20557775]
821.8843538761139,1002,False,1,3,[ 8.31885106 -1.60823289  3.96878774],cruising,[ 0.5677905  -0.59831228 -0.99408226]
821.8843538761139,1003,False,2,1,[-5.76592106  2.48633827  3.84208586],cruising,[ 0.63925976  0.24903542 -0.34837281]
821.8843538761139,1004,False,3,4,[-3.23112229  7.17698916  4.0000022 ],cruising,[-0.62185191  0.08809385  0.93462812]
821.8843538761139,1005,False,4,0,[-6.40516132  5.1123221   4.00000013],cruising,[ 0.50568378 -0.03156594 -0.11489306]
821.9828464984894,1000,False,0,5,[-0.84617299 -3.42908009  4.        ],cruising,[-0.82138112 -0.19970136 -0.21083176]
821.9828464984894,1001,False,5,6,[8.64920523 9.24219844 2.54725505],landing,[-0.48080528  0.59740651 -0.20557775]
821.9828464984894,1002,False,1,3,[ 8.30414599 -1.80769155  3.97346958],cruising,[ 0.5677905  -0.59831228 -0.99408226]
821.9828464984894,1003,False,2,1,[-5.79777694  2.68378498  3.86577298],cruising,[ 0.63925976  0.24903542 -0.34837281]
821.9828464984894,1004,False,3,4,[-3.03415148  7.21166625  4.00000187],cruising,[-0.62185191  0.08809385  0.93462812]
821.9828464984894,1005,False,4,0,[-6.38817364  5.30861506  4.0000001 ],cruising,[ 0.50568378 -0.03156594 -0.11489306]
822.0806827545166,1000,False,0,5,[-1.02541906 -3.51779789  4.        ],cruising,[-0.82138112 -0.19970136 -0.21083176]
822.0806827545166,1001,False,5,6,[8.6681967  9.2290862  2.44995452],landing,[-0.48080528  0.59740651 -0.20557775]
822.0806827545166,1002,False,1,3,[ 8.28454079 -2.00672833  3.97744914],cruising,[ 0.5677905  -0.59831228 -0.99408226]
822.0806827545166,1003,False,2,1,[-5.84283136  2.87864416  3.88590704],cruising,[ 0.63925976  0.24903542 -0.34837281]
822.0806827545166,1004,False,3,4,[-2.83608018  7.23937475  4.00000159],cruising,[-0.62185191  0.08809385  0.93462812]
822.0806827545166,1005,False,4,0,[-6.35178731  5.50004053  4.00000008],cruising,[ 0.50568378 -0.03156594 -0.11489306]
822.1818721294403,1000,False,0,5,[-1.20877595 -3.59767436  4.        ],cruising,[-0.82138112 -0.19970136 -0.21083176]
822.1818721294403,1001,False,5,6,[8.68718817 9.21597396 2.35265399],landing,[-0.48080528  0.59740651 -0.20557775]
822.1818721294403,1002,False,1,3,[ 8.25767726 -2.20491599  3.98083177],cruising,[ 0.5677905  -0.59831228 -0.99408226]
822.1818721294403,1003,False,2,1,[-5.89738406  3.07106038  3.90302098],cruising,[ 0.63925976  0.24903542 -0.34837281]
822.1818721294403,1004,False,3,4,[-2.63741113  7.26240967  4.00000135],cruising,[-0.62185191  0.08809385  0.93462812]
822.1818721294403,1005,False,4,0,[-6.29674505  5.68425794  4.00000006],cruising,[ 0.50568378 -0.03156594 -0.11489306]
822.2916479110718,1000,False,0,5,[-1.39902296 -3.65877516  4.        ],cruising,[-0.82138112 -0.19970136 -0.21083176]
822.2916479110718,1001,False,5,6,[8.70617964 9.20286172 2.25535346],landing,[-0.48080528  0.59740651 -0.20557775]
822.2916479110718,1002,False,1,3,[ 8.22668385 -2.40249992  3.983707  ],cruising,[ 0.5677905  -0.59831228 -0.99408226]
822.2916479110718,1003,False,2,1,[-5.95899717  3.26133341  3.91756783],cruising,[ 0.63925976  0.24903542 -0.34837281]
822.2916479110718,1004,False,3,4,[-2.43789693  7.27634111  4.00000115],cruising,[-0.62185191  0.08809385  0.93462812]
822.2916479110718,1005,False,4,0,[-6.22395683  5.85925141  4.00000004],cruising,[ 0.50568378 -0.03156594 -0.11489306]
822.3909380435944,1000,False,0,5,[-1.5930056  -3.70022792  4.        ],cruising,[-0.82138112 -0.19970136 -0.21083176]
822.3909380435944,1001,False,5,6,[8.72517111 9.18974948 2.15805293],landing,[-0.48080528  0.59740651 -0.20557775]
822.3909380435944,1002,False,1,3,[ 8.18860575 -2.59884161  3.98615095],cruising,[ 0.5677905  -0.59831228 -0.99408226]
822.3909380435944,1003,False,2,1,[-6.02528352  3.45002925  3.92993266],cruising,[ 0.63925976  0.24903542 -0.34837281]
822.3909380435944,1004,False,3,4,[-2.23792641  7.27977503  4.00000098],cruising,[-0.62185191  0.08809385  0.93462812]
822.3909380435944,1005,False,4,0,[-6.13464072  6.02298306  4.00000003],cruising,[ 0.50568378 -0.03156594 -0.11489306]
822.488772392273,1000,False,0,5,[-1.78760832 -3.7216903   4.        ],cruising,[-0.82138112 -0.19970136 -0.21083176]
822.488772392273,1001,False,5,6,[8.74416259 9.17663724 2.0607524 ],landing,[-0.48080528  0.59740651 -0.20557775]
822.488772392273,1002,False,1,3,[ 8.14659214 -2.79437896  3.98822831],cruising,[ 0.5677905  -0.59831228 -0.99408226]
822.488772392273,1003,False,2,1,[-6.09397173  3.63786409  3.94044276],cruising,[ 0.63925976  0.24903542 -0.34837281]
822.488772392273,1004,False,3,4,[-2.03841067  7.26586569  4.00000083],cruising,[-0.62185191  0.08809385  0.93462812]
822.488772392273,1005,False,4,0,[-6.02980557  6.17409885  4.00000001],cruising,[ 0.50568378 -0.03156594 -0.11489306]
822.5882503986359,1000,False,0,5,[-1.97983015 -3.7232949   4.        ],cruising,[-0.82138112 -0.19970136 -0.21083176]
822.5882503986359,1001,False,5,6,[8.76315406 9.16352501 1.96345187],landing,[-0.48080528  0.59740651 -0.20557775]
822.5882503986359,1002,False,1,3,[ 8.10040857 -2.98897361  3.98999406],cruising,[ 0.5677905  -0.59831228 -0.99408226]
822.5882503986359,1003,False,2,1,[-6.16288925  3.82561493  3.94937635],cruising,[ 0.63925976  0.24903542 -0.34837281]
822.5882503986359,1004,False,3,4,[-1.84110663  7.23313783  4.00000071],cruising,[-0.62185191  0.08809385  0.93462812]
822.5882503986359,1005,False,4,0,[-5.91036752  6.31154881  4.        ],cruising,[ 0.50568378 -0.03156594 -0.11489306]
822.6822376251221,1000,False,0,5,[-2.16677188 -3.70560908  4.        ],cruising,[-0.82138112 -0.19970136 -0.21083176]
822.6822376251221,1001,False,5,6,[8.78214553 9.15041277 1.86615134],landing,[-0.48080528  0.59740651 -0.20557775]
822.6822376251221,1002,False,1,3,[ 8.04581537 -3.18137835  3.99149495],cruising,[ 0.5677905  -0.59831228 -0.99408226]
822.6822376251221,1003,False,2,1,[-6.22989107  4.01405791  3.95696989],cruising,[ 0.63925976  0.24903542 -0.34837281]
822.6822376251221,1004,False,3,4,[-1.64725654  7.18392255  4.0000006 ],cruising,[-0.62185191  0.08809385  0.93462812]
822.6822376251221,1005,False,4,0,[-5.77721247  6.43444391  3.99999999],cruising,[ 0.50568378 -0.03156594 -0.11489306]
822.7901048660278,1000,False,0,5,[-2.34610736 -3.66942609  4.        ],cruising,[-0.82138112 -0.19970136 -0.21083176]
822.7901048660278,1001,False,5,6,[8.801137   9.13730053 1.76885081],landing,[-0.48080528  0.59740651 -0.20557775]
822.7901048660278,1002,False,1,3,[ 7.9824012  -3.37105872  3.99277071],cruising,[ 0.5677905  -0.59831228 -0.99408226]
822.7901048660278,1003,False,2,1,[-6.29275288  4.20392205  3.96342441],cruising,[ 0.63925976  0.24903542 -0.34837281]
822.7901048660278,1004,False,3,4,[-1.45607183  7.12519943  4.00000051],cruising,[-0.62185191  0.08809385  0.93462812]
822.7901048660278,1005,False,4,0,[-5.63116315  6.54205052  3.99999999],cruising,[ 0.50568378 -0.03156594 -0.11489306]
822.8818187713623,1000,False,0,5,[-2.51565141 -3.61580384  4.        ],cruising,[-0.82138112 -0.19970136 -0.21083176]
822.8818187713623,1001,False,5,6,[8.82012847 9.12418829 1.67155028],landing,[-0.48080528  0.59740651 -0.20557775]
822.8818187713623,1002,False,1,3,[ 7.91413762 -3.5590483   3.9938551 ],cruising,[ 0.5677905  -0.59831228 -0.99408226]
822.8818187713623,1003,False,2,1,[-6.34903711  4.39583892  3.96891075],cruising,[ 0.63925976  0.24903542 -0.34837281]
822.8818187713623,1004,False,3,4,[-1.26946625  7.05323862  4.00000043],cruising,[-0.62185191  0.08809385  0.93462812]
822.8818187713623,1005,False,4,0,[-5.47294539  6.63378486  3.99999998],cruising,[ 0.50568378 -0.03156594 -0.11489306]
822.9854414463043,1000,False,0,5,[-2.6734138  -3.54602014  4.        ],cruising,[-0.82138112 -0.19970136 -0.21083176]
822.9854414463043,1001,False,5,6,[8.83911994 9.11107605 1.57424975],landing,[-0.48080528  0.59740651 -0.20557775]
822.9854414463043,1002,False,1,3,[ 7.83465353 -3.74257563  3.99477684],cruising,[ 0.5677905  -0.59831228 -0.99408226]
822.9854414463043,1003,False,2,1,[-6.38967281  4.59166726  3.97357414],cruising,[ 0.63925976  0.24903542 -0.34837281]
822.9854414463043,1004,False,3,4,[-1.08727487  6.9707383   4.00000037],cruising,[-0.62185191  0.08809385  0.93462812]
822.9854414463043,1005,False,4,0,[-5.30314768  6.70921261  3.99999998],cruising,[ 0.50568378 -0.03156594 -0.11489306]
823.0795202255249,1000,False,0,5,[-2.81772    -3.46144012  4.        ],cruising,[-0.82138112 -0.19970136 -0.21083176]
823.0795202255249,1001,False,5,6,[8.85811141 9.09796382 1.47694922],fake_landed,[-0.48080528  0.59740651 -0.20557775]
823.0795202255249,1002,False,1,3,[ 7.74249083 -3.92007503  3.99556031],cruising,[ 0.5677905  -0.59831228 -0.99408226]
823.0795202255249,1003,False,2,1,[-6.4172032   4.78976339  3.97753802],cruising,[ 0.63925976  0.24903542 -0.34837281]
823.0795202255249,1004,False,3,4,[-0.9090126   6.88005995  4.00000031],cruising,[-0.62185191  0.08809385  0.93462812]
823.0795202255249,1005,False,4,0,[-5.12217399  6.7680543   3.99999998],cruising,[ 0.50568378 -0.03156594 -0.11489306]
823.1904442310333,1000,False,0,5,[-2.947118   -3.36352798  4.        ],cruising,[-0.82138112 -0.19970136 -0.21083176]
823.1904442310333,1001,False,5,6,[8.87330459 9.08747403 1.39910879],fake_landed,[-0.48080528  0.59740651 -0.20557775]
823.1904442310333,1002,False,1,3,[ 7.63561024 -4.08912099  3.99622627],cruising,[ 0.5677905  -0.59831228 -0.99408226]
823.1904442310333,1003,False,2,1,[-6.42478432  4.98921824  3.98107747],cruising,[ 0.63925976  0.24903542 -0.34837281]
823.1904442310333,1004,False,3,4,[-0.73289389  6.78528548  4.00000027],cruising,[-0.62185191  0.08809385  0.93462812]
823.1904442310333,1005,False,4,0,[-4.93049022  6.81000534  3.99999998],cruising,[ 0.50568378 -0.03156594 -0.11489306]
823.284196138382,1000,False,0,5,[-3.06030943 -3.25389633  4.        ],cruising,[-0.82138112 -0.19970136 -0.21083176]
823.284196138382,1001,False,5,6,[8.88469947 9.07960668 1.34072847],fake_landed,[-0.48080528  0.59740651 -0.20557775]
823.284196138382,1002,False,1,3,[ 7.51241544 -4.24659814  3.99679798],cruising,[ 0.5677905  -0.59831228 -0.99408226]
823.284196138382,1003,False,2,1,[-6.41241266  5.18733378  3.98431136],cruising,[ 0.63925976  0.24903542 -0.34837281]
823.284196138382,1004,False,3,4,[-0.55981293  6.68507082  4.00000023],cruising,[-0.62185191  0.08809385  0.93462812]
823.284196138382,1005,False,4,0,[-4.73398281  6.84721876  3.99999998],cruising,[ 0.50568378 -0.03156594 -0.11489306]
823.3930344581604,1000,False,0,5,[-3.15619723 -3.13423549  4.        ],cruising,[-0.82138112 -0.19970136 -0.21083176]
823.3930344581604,1001,False,5,6,[8.89229606 9.07436179 1.30180826],fake_landed,[-0.48080528  0.59740651 -0.20557775]
823.3930344581604,1002,False,1,3,[ 7.3748982  -4.39011584  3.9973281 ],cruising,[ 0.5677905  -0.59831228 -0.99408226]
823.3930344581604,1003,False,2,1,[-6.38042703  5.38154805  3.98727677],cruising,[ 0.63925976  0.24903542 -0.34837281]
823.3930344581604,1004,False,3,4,[-0.38894524  6.5811274   4.00000019],cruising,[-0.62185191  0.08809385  0.93462812]
823.3930344581604,1005,False,4,0,[-4.53841652  6.88909745  3.99999999],cruising,[ 0.50568378 -0.03156594 -0.11489306]
823.4841394424438,1000,False,0,5,[-3.23416209 -3.00569951  4.        ],cruising,[-0.82138112 -0.19970136 -0.21083176]
823.4841394424438,1001,False,5,6,[8.89609435 9.07173934 1.28234815],fake_landed,[-0.48080528  0.59740651 -0.20557775]
823.4841394424438,1002,False,1,3,[ 7.2248462  -4.518049    3.99781729],cruising,[ 0.5677905  -0.59831228 -0.99408226]
823.4841394424438,1003,False,2,1,[-6.32945889  5.56946953  3.98998756],cruising,[ 0.63925976  0.24903542 -0.34837281]
823.4841394424438,1004,False,3,4,[-0.21899123  6.47569669  4.00000016],cruising,[-0.62185191  0.08809385  0.93462812]
823.4841394424438,1005,False,4,0,[-4.34353286  6.93404588  3.99999999],cruising,[ 0.50568378 -0.03156594 -0.11489306]
823.5822134017944,1000,False,0,5,[-3.29383557 -2.86907494  4.        ],cruising,[-0.82138112 -0.19970136 -0.21083176]
823.5822134017944,1001,False,6,2,[8.89609435 9.07173934 1.28234815],waiting,[-0.48080528  0.59740651 -0.20557775]
823.5822134017944,1002,False,1,3,[ 7.06428726 -4.62896444  3.9982669 ],cruising,[ 0.5677905  -0.59831228 -0.99408226]
823.5822134017944,1003,False,2,1,[-6.26040021  5.7488663   3.99244916],cruising,[ 0.63925976  0.24903542 -0.34837281]
823.5822134017944,1004,False,3,4,[-0.05009669  6.36857696  4.00000014],cruising,[-0.62185191  0.08809385  0.93462812]
823.5822134017944,1005,False,4,0,[-4.14903369  6.9806299   3.99999999],cruising,[ 0.50568378 -0.03156594 -0.11489306]
823.6861562728882,1000,False,0,5,[-3.33504477 -2.72476462  4.        ],cruising,[-0.82138112 -0.19970136 -0.21083176]
823.6861562728882,1001,False,6,2,[8.89609435 9.07173934 1.28234815],waiting,[-0.48080528  0.59740651 -0.20557775]
823.6861562728882,1002,False,1,3,[ 6.89566277 -4.72157836  3.99868055],cruising,[ 0.5677905  -0.59831228 -0.99408226]
823.6861562728882,1003,False,2,1,[-6.17428989  5.91781456  3.99464631],cruising,[ 0.63925976  0.24903542 -0.34837281]
823.6861562728882,1004,False,3,4,[0.1186135  6.26116713 4.00000012],cruising,[-0.62185191  0.08809385  0.93462812]
823.6861562728882,1005,False,4,0,[-3.95462912  7.02760718  3.99999999],cruising,[ 0.50568378 -0.03156594 -0.11489306]
823.7862486839294,1000,False,0,5,[-3.35771768 -2.57294392  4.        ],cruising,[-0.82138112 -0.19970136 -0.21083176]
823.7862486839294,1001,False,6,2,[8.89609435 9.07173934 1.28234815],waiting,[-0.48080528  0.59740651 -0.20557775]
823.7862486839294,1002,False,1,3,[ 6.72094674 -4.79514257  3.99905603],cruising,[ 0.5677905  -0.59831228 -0.99408226]
823.7862486839294,1003,False,2,1,[-6.07229831  6.07460892  3.99658176],cruising,[ 0.63925976  0.24903542 -0.34837281]
823.7862486839294,1004,False,3,4,[0.2874046 6.1538845 4.0000001],cruising,[-0.62185191  0.08809385  0.93462812]
823.7862486839294,1005,False,4,0,[-3.75950275  7.07148999  3.99999999],cruising,[ 0.50568378 -0.03156594 -0.11489306]
823.887945652008,1000,False,0,5,[-3.36185872 -2.41360194  4.        ],cruising,[-0.82138112 -0.19970136 -0.21083176]
823.887945652008,1001,False,6,2,[8.89609435 9.07173934 1.28234815],waiting,[-0.48080528  0.59740651 -0.20557775]
823.887945652008,1002,False,1,3,[ 6.54232078 -4.84909272  3.99939237],cruising,[ 0.5677905  -0.59831228 -0.99408226]
823.887945652008,1003,False,2,1,[-5.95532496  6.21815674  3.99824202],cruising,[ 0.63925976  0.24903542 -0.34837281]
823.887945652008,1004,False,3,4,[0.45669698 6.04739463 4.00000009],cruising,[-0.62185191  0.08809385  0.93462812]
823.887945652008,1005,False,4,0,[-3.56412451  7.11423742  3.99999999],cruising,[ 0.50568378 -0.03156594 -0.11489306]
823.9825582504272,1000,False,0,5,[-3.34779198 -2.2459849   4.        ],cruising,[-0.82138112 -0.19970136 -0.21083176]
823.9825582504272,1001,False,6,2,[8.89609435 9.07173934 1.28234815],waiting,[-0.48080528  0.59740651 -0.20557775]
823.9825582504272,1002,False,1,3,[ 6.36204015 -4.88311149  3.99968857],cruising,[ 0.5677905  -0.59831228 -0.99408226]
823.9825582504272,1003,False,2,1,[-5.82425957  6.34751541  3.99961569],cruising,[ 0.63925976  0.24903542 -0.34837281]
823.9825582504272,1004,False,3,4,[0.62675401 5.94213018 4.00000007],cruising,[-0.62185191  0.08809385  0.93462812]
823.9825582504272,1005,False,4,0,[-3.36830852  7.1549326   3.99999999],cruising,[ 0.50568378 -0.03156594 -0.11489306]
824.0942959785461,1000,False,0,5,[-3.31655759 -2.06810764  4.        ],cruising,[-0.82138112 -0.19970136 -0.21083176]
824.0942959785461,1001,False,6,2,[8.89609435 9.07173934 1.28234815],waiting,[-0.48080528  0.59740651 -0.20557775]
824.0942959785461,1002,False,1,3,[ 6.1817544  -4.89713029  3.99994338],cruising,[ 0.5677905  -0.59831228 -0.99408226]
824.0942959785461,1003,False,2,1,[-5.67994723  6.46189307  4.00069287],cruising,[ 0.63925976  0.24903542 -0.34837281]
824.0942959785461,1004,False,3,4,[0.79834287 5.83938164 4.00000006],cruising,[-0.62185191  0.08809385  0.93462812]
824.0942959785461,1005,False,4,0,[-3.17144404  7.19020831  4.        ],cruising,[ 0.50568378 -0.03156594 -0.11489306]
824.1947436332703,1000,False,0,5,[-3.27363535 -1.87400096  4.        ],cruising,[-0.82138112 -0.19970136 -0.21083176]
824.1947436332703,1001,False,6,2,[8.89609435 9.07173934 1.28234815],waiting,[-0.48080528  0.59740651 -0.20557775]
824.1947436332703,1002,False,1,3,[ 6.00236442 -4.89116922  4.00015353],cruising,[ 0.5677905  -0.59831228 -0.99408226]
824.1947436332703,1003,False,2,1,[-5.52315491  6.56064521  4.00146474],cruising,[ 0.63925976  0.24903542 -0.34837281]
824.1947436332703,1004,False,3,4,[0.97127589 5.73891188 4.00000005],cruising,[-0.62185191  0.08809385  0.93462812]
824.1947436332703,1005,False,4,0,[-2.9740168   7.22218463  4.        ],cruising,[ 0.50568378 -0.03156594 -0.11489306]
824.287490606308,1000,False,0,5,[-3.24624358 -1.67588561  4.        ],cruising,[-0.82138112 -0.19970136 -0.21083176]
824.287490606308,1001,False,6,2,[8.89609435 9.07173934 1.28234815],waiting,[-0.48080528  0.59740651 -0.20557775]
824.287490606308,1002,False,1,3,[ 5.82505055 -4.86531625  4.00031789],cruising,[ 0.5677905  -0.59831228 -0.99408226]
824.287490606308,1003,False,2,1,[-5.35488054  6.64302439  4.00193907],cruising,[ 0.63925976  0.24903542 -0.34837281]
824.287490606308,1004,False,3,4,[1.1465728  5.64262589 4.00000004],cruising,[-0.62185191  0.08809385  0.93462812]
824.287490606308,1005,False,4,0,[-2.77557909  7.24713408  4.        ],cruising,[ 0.50568378 -0.03156594 -0.11489306]
824.3888475894928,1000,False,0,5,[-3.23532565 -1.47618384  4.        ],cruising,[-0.82138112 -0.19970136 -0.21083176]
824.3888475894928,1001,False,6,2,[8.89609435 9.07173934 1.28234815],waiting,[-0.48080528  0.59740651 -0.20557775]
824.3888475894928,1002,False,1,3,[ 5.65031777 -4.81963059  4.000433  ],cruising,[ 0.5677905  -0.59831228 -0.99408226]
824.3888475894928,1003,False,2,1,[-5.17552669  6.70875574  4.00210455],cruising,[ 0.63925976  0.24903542 -0.34837281]
824.3888475894928,1004,False,3,4,[1.32366512 5.54968338 4.00000004],cruising,[-0.62185191  0.08809385  0.93462812]
824.3888475894928,1005,False,4,0,[-2.57659577  7.2672746   4.        ],cruising,[ 0.50568378 -0.03156594 -0.11489306]
824.4924292564392,1000,False,0,5,[-3.24031592 -1.27624611  4.        ],cruising,[-0.82138112 -0.19970136 -0.21083176]
824.4924292564392,1001,False,6,2,[8.89609435 9.07173934 1.28234815],waiting,[-0.48080528  0.59740651 -0.20557775]
824.4924292564392,1002,False,1,3,[ 5.47886944 -4.75421652  4.00049746],cruising,[ 0.5677905  -0.59831228 -0.99408226]
824.4924292564392,1003,False,2,1,[-4.98510474  6.75783203  4.00194494],cruising,[ 0.63925976  0.24903542 -0.34837281]
824.4924292564392,1004,False,3,4,[1.50276864 5.46067817 4.00000003],cruising,[-0.62185191  0.08809385  0.93462812]
824.4924292564392,1005,False,4,0,[-2.37688185  7.27796794  4.        ],cruising,[ 0.50568378 -0.03156594 -0.11489306]
824.5840377807617,1000,False,0,5,[-3.25920138 -1.07713975  4.        ],cruising,[-0.82138112 -0.19970136 -0.21083176]
824.5840377807617,1001,False,6,2,[8.89609435 9.07173934 1.28234815],waiting,[-0.48080528  0.59740651 -0.20557775]
824.5840377807617,1002,False,1,3,[ 5.31044623 -4.66903265  4.00050599],cruising,[ 0.5677905  -0.59831228 -0.99408226]
824.5840377807617,1003,False,2,1,[-4.79003996  6.80198781  4.0016532 ],cruising,[ 0.63925976  0.24903542 -0.34837281]
824.5840377807617,1004,False,3,4,[1.6851027  5.37849366 4.00000003],cruising,[-0.62185191  0.08809385  0.93462812]
824.5840377807617,1005,False,4,0,[-2.17688305  7.27727524  4.        ],cruising,[ 0.50568378 -0.03156594 -0.11489306]
824.6936113834381,1000,False,0,5,[-3.29170836 -0.87979919  4.        ],cruising,[-0.82138112 -0.19970136 -0.21083176]
824.6936113834381,1001,False,6,2,[8.89609435 9.07173934 1.28234815],waiting,[-0.48080528  0.59740651 -0.20557775]
824.6936113834381,1002,False,1,3,[ 5.14442662 -4.56399382  4.00045412],cruising,[ 0.5677905  -0.59831228 -0.99408226]
824.6936113834381,1003,False,2,1,[-4.59584681  6.84983149  4.00140522],cruising,[ 0.63925976  0.24903542 -0.34837281]
824.6936113834381,1004,False,3,4,[1.86963082 5.3013615  4.00000002],cruising,[-0.62185191  0.08809385  0.93462812]
824.6936113834381,1005,False,4,0,[-1.977918    7.25695509  4.        ],cruising,[ 0.50568378 -0.03156594 -0.11489306]
824.7821481227875,1000,False,0,5,[-3.33671722 -0.68492949  4.        ],cruising,[-0.82138112 -0.19970136 -0.21083176]
824.7821481227875,1001,False,6,2,[8.89609435 9.07173934 1.28234815],waiting,[-0.48080528  0.59740651 -0.20557775]
824.7821481227875,1002,False,1,3,[ 4.9746641  -4.45825506  4.000386  ],cruising,[ 0.5677905  -0.59831228 -0.99408226]
824.7821481227875,1003,False,2,1,[-4.40221442  6.89989643  4.00119444],cruising,[ 0.63925976  0.24903542 -0.34837281]
824.7821481227875,1004,False,3,4,[2.05646028 5.22998395 4.00000002],cruising,[-0.62185191  0.08809385  0.93462812]
824.7821481227875,1005,False,4,0,[-1.78058451  7.22440523  4.        ],cruising,[ 0.50568378 -0.03156594 -0.11489306]
824.8842375278473,1000,False,0,5,[-3.39324249 -0.49308347  4.        ],cruising,[-0.82138112 -0.19970136 -0.21083176]
824.8842375278473,1001,False,6,2,[8.89609435 9.07173934 1.28234815],waiting,[-0.48080528  0.59740651 -0.20557775]
824.8842375278473,1002,False,1,3,[ 4.80163248 -4.35795521  4.0003281 ],cruising,[ 0.5677905  -0.59831228 -0.99408226]
824.8842375278473,1003,False,2,1,[-4.2088251   6.95089224  4.00101527],cruising,[ 0.63925976  0.24903542 -0.34837281]
824.8842375278473,1004,False,3,4,[2.24563098 5.16506519 4.00000002],cruising,[-0.62185191  0.08809385  0.93462812]
824.8842375278473,1005,False,4,0,[-1.58696819  7.17427816  4.        ],cruising,[ 0.50568378 -0.03156594 -0.11489306]
824.9809103012085,1000,False,0,5,[-3.45863087 -0.30407459  4.        ],cruising,[-0.82138112 -0.19970136 -0.21083176]
824.9809103012085,1001,False,6,2,[8.89609435 9.07173934 1.28234815],waiting,[-0.48080528  0.59740651 -0.20557775]
824.9809103012085,1002,False,1,3,[ 4.62506331 -4.26402265  4.00027888],cruising,[ 0.5677905  -0.59831228 -0.99408226]
824.9809103012085,1003,False,2,1,[-4.0147611   6.99925712  4.00086298],cruising,[ 0.63925976  0.24903542 -0.34837281]
824.9809103012085,1004,False,3,4,[2.43939991 5.11553134 4.00000001],cruising,[-0.62185191  0.08809385  0.93462812]
824.9809103012085,1005,False,4,0,[-1.39775853  7.10947305  4.        ],cruising,[ 0.50568378 -0.03156594 -0.11489306]
825.0861015319824,1000,False,0,5,[-3.53431605 -0.11894827  4.        ],cruising,[-0.82138112 -0.19970136 -0.21083176]
825.0861015319824,1001,False,6,2,[8.89609435 9.07173934 1.28234815],waiting,[-0.48080528  0.59740651 -0.20557775]
825.0861015319824,1002,False,1,3,[ 4.44663117 -4.17367902  4.00023705],cruising,[ 0.5677905  -0.59831228 -0.99408226]
825.0861015319824,1003,False,2,1,[-3.82054411  7.047004    4.00073353],cruising,[ 0.63925976  0.24903542 -0.34837281]
825.0861015319824,1004,False,3,4,[2.63515997 5.07456795 4.00000001],cruising,[-0.62185191  0.08809385  0.93462812]
825.0861015319824,1005,False,4,0,[-1.21305911  7.03275197  4.        ],cruising,[ 0.50568378 -0.03156594 -0.11489306]
825.187920331955,1000,False,0,5,[-3.61771607  0.06283302  4.        ],cruising,[-0.82138112 -0.19970136 -0.21083176]
825.187920331955,1001,False,6,2,[8.89609435 9.07173934 1.28234815],waiting,[-0.48080528  0.59740651 -0.20557775]
825.187920331955,1002,False,1,3,[ 4.26610812 -4.08758935  4.00020149],cruising,[ 0.5677905  -0.59831228 -0.99408226]
825.187920331955,1003,False,2,1,[-3.62595431  7.09320797  4.0006235 ],cruising,[ 0.63925976  0.24903542 -0.34837281]
825.187920331955,1004,False,3,4,[2.83229277 5.04082394 4.00000001],cruising,[-0.62185191  0.08809385  0.93462812]
825.187920331955,1005,False,4,0,[-1.03256347  6.94660486  4.        ],cruising,[ 0.50568378 -0.03156594 -0.11489306]
825.279928445816,1000,False,0,5,[-3.71224983  0.23908105  4.        ],cruising,[-0.82138112 -0.19970136 -0.21083176]
825.279928445816,1001,False,6,2,[8.89609435 9.07173934 1.28234815],waiting,[-0.48080528  0.59740651 -0.20557775]
825.279928445816,1002,False,1,3,[ 4.08454881 -4.00370719  4.00017127],cruising,[ 0.5677905  -0.59831228 -0.99408226]
825.279928445816,1003,False,2,1,[-3.43029439  7.13464706  4.00052998],cruising,[ 0.63925976  0.24903542 -0.34837281]
825.279928445816,1004,False,3,4,[3.03035318 5.01303774 4.00000001],cruising,[-0.62185191  0.08809385  0.93462812]
825.279928445816,1005,False,4,0,[-0.85571563  6.85319799  4.        ],cruising,[ 0.50568378 -0.03156594 -0.11489306]
825.3833575248718,1000,False,0,5,[-3.81269944  0.41202577  4.        ],cruising,[-0.82138112 -0.19970136 -0.21083176]
825.3833575248718,1001,False,6,2,[8.89609435 9.07173934 1.28234815],waiting,[-0.48080528  0.59740651 -0.20557775]
825.3833575248718,1002,False,1,3,[ 3.901739   -3.92258645  4.00014558],cruising,[ 0.5677905  -0.59831228 -0.99408226]
825.3833575248718,1003,False,2,1,[-3.23408401  7.17339606  4.00045048],cruising,[ 0.63925976  0.24903542 -0.34837281]
825.3833575248718,1004,False,3,4,[3.22902885 4.99005993 4.00000001],cruising,[-0.62185191  0.08809385  0.93462812]
825.3833575248718,1005,False,4,0,[-0.68079193  6.75623563  4.        ],cruising,[ 0.50568378 -0.03156594 -0.11489306]
825.4942054748535,1000,False,0,5,[-3.91778644  0.58219252  4.        ],cruising,[-0.82138112 -0.19970136 -0.21083176]
825.4942054748535,1001,False,6,2,[8.89609435 9.07173934 1.28234815],waiting,[-0.48080528  0.59740651 -0.20557775]
825.4942054748535,1002,False,1,3,[ 3.7182974  -3.84290473  4.00012374],cruising,[ 0.5677905  -0.59831228 -0.99408226]
825.4942054748535,1003,False,2,1,[-3.03721784  7.20866234  4.00038291],cruising,[ 0.63925976  0.24903542 -0.34837281]
825.4942054748535,1004,False,3,4,[3.42810491 4.97085778 4.00000001],cruising,[-0.62185191  0.08809385  0.93462812]
825.4942054748535,1005,False,4,0,[-0.50859195  6.6545146   4.        ],cruising,[ 0.50568378 -0.03156594 -0.11489306]
825.5907757282257,1000,False,0,5,[-4.02750692  0.74940919  4.        ],cruising,[-0.82138112 -0.19970136 -0.21083176]
825.5907757282257,1001,False,6,2,[8.89609435 9.07173934 1.28234815],queued,[-0.48080528  0.59740651 -0.20557775]
825.5907757282257,1002,False,1,3,[ 3.53406152 -3.7650771   4.00010518],cruising,[ 0.5677905  -0.59831228 -0.99408226]
825.5907757282257,1003,False,2,1,[-2.83921702  7.23687005  4.00032547],cruising,[ 0.63925976  0.24903542 -0.34837281]
825.5907757282257,1004,False,3,4,[3.62743557 4.9545089  4.00000001],cruising,[-0.62185191  0.08809385  0.93462812]
825.5907757282257,1005,False,4,0,[-0.33763018  6.550726    4.        ],cruising,[ 0.50568378 -0.03156594 -0.11489306]
825.679848909378,1000,False,0,5,[-4.13950678  0.91510781  4.        ],cruising,[-0.82138112 -0.19970136 -0.21083176]
825.679848909378,1001,False,6,2,[8.89609435 9.07173934 1.30234815],queued,[-0.48080528  0.59740651 -0.20557775]
825.679848909378,1002,False,1,3,[ 3.34933484 -3.68842166  4.0000894 ],cruising,[ 0.5677905  -0.59831228 -0.99408226]
825.679848909378,1003,False,2,1,[-2.64059679  7.26032228  4.00027665],cruising,[ 0.63925976  0.24903542 -0.34837281]
825.679848909378,1004,False,3,4,[3.82692226 4.94018885 4.        ],cruising,[-0.62185191  0.08809385  0.93462812]
825.679848909378,1005,False,4,0,[-0.16822894  6.44440941  4.        ],cruising,[ 0.50568378 -0.03156594 -0.11489306]
825.792206287384,1000,False,0,5,[-4.25261508  1.08005178  4.        ],cruising,[-0.82138112 -0.19970136 -0.21083176]
825.792206287384,1001,False,6,2,[8.89609435 9.07173934 1.34234815],queued,[-0.48080528  0.59740651 -0.20557775]
825.792206287384,1002,False,1,3,[ 3.1640567  -3.61310892  4.00007599],cruising,[ 0.5677905  -0.59831228 -0.99408226]
825.792206287384,1003,False,2,1,[-2.44110846  7.27461934  4.00023515],cruising,[ 0.63925976  0.24903542 -0.34837281]
825.792206287384,1004,False,3,4,[4.02649717 4.92715606 4.        ],cruising,[-0.62185191  0.08809385  0.93462812]
825.792206287384,1005,False,4,0,[6.92432374e-04 6.33733201e+00 4.00000000e+00],cruising,[ 0.50568378 -0.03156594 -0.11489306]
825.8807544708252,1000,False,0,5,[-4.36724543  1.24394163  4.        ],cruising,[-0.82138112 -0.19970136 -0.21083176]
825.8807544708252,1001,False,6,2,[8.89609435 9.07173934 1.40234815],queued,[-0.48080528  0.59740651 -0.20557775]
825.8807544708252,1002,False,1,3,[ 2.97824082 -3.53913285  4.00006459],cruising,[ 0.5677905  -0.59831228 -0.99408226]
825.8807544708252,1003,False,2,1,[-2.24114384  7.27838117  4.00019988],cruising,[ 0.63925976  0.24903542 -0.34837281]
825.8807544708252,1004,False,3,4,[4.22608608 4.9143394  4.        ],cruising,[-0.62185191  0.08809385  0.93462812]
825.8807544708252,1005,False,4,0,[0.16924613 6.22967676 4.        ],cruising,[ 0.50568378 -0.03156594 -0.11489306]
825.9833257198334,1000,False,0,5,[-4.48289344  1.40711496  4.        ],cruising,[-0.82138112 -0.19970136 -0.21083176]
825.9833257198334,1001,False,6,2,[8.89609435 9.07173934 1.47734815],queued,[-0.48080528  0.59740651 -0.20557775]
825.9833257198334,1002,False,1,3,[ 2.79180589 -3.46673106  4.00005491],cruising,[ 0.5677905  -0.59831228 -0.99408226]
825.9833257198334,1003,False,2,1,[-2.04160624  7.26478912  4.0001699 ],cruising,[ 0.63925976  0.24903542 -0.34837281]
825.9833257198334,1004,False,3,4,[4.42570012 4.90192021 4.        ],cruising,[-0.62185191  0.08809385  0.93462812]
825.9833257198334,1005,False,4,0,[0.33804695 6.12240942 4.        ],exiting,[ 0.50568378 -0.03156594 -0.11489306]
826.0885355472565,1000,False,0,5,[-4.59913077  1.56986902  4.        ],cruising,[-0.82138112 -0.19970136 -0.21083176]
826.0885355472565,1001,False,6,2,[8.89609435 9.07173934 1.55234815],entering,[-0.48080528  0.59740651 -0.20557775]
826.0885355472565,1002,False,1,3,[ 2.6048719  -3.39562775  4.00004667],cruising,[ 0.5677905  -0.59831228 -0.99408226]
826.0885355472565,1003,False,2,1,[-1.84425134  7.2323693   4.00014441],cruising,[ 0.63925976  0.24903542 -0.34837281]
826.0885355472565,1004,False,3,4,[4.62529536 4.88920259 4.        ],cruising,[-0.62185191  0.08809385  0.93462812]
826.0885355472565,1005,False,4,0,[0.49677444 6.03242004 4.        ],exiting,[ 0.50568378 -0.03156594 -0.11489306]
826.1810929775238,1000,False,0,5,[-4.71558615  1.73246713  4.        ],cruising,[-0.82138112 -0.19970136 -0.21083176]
826.1810929775238,1001,False,6,2,[8.89186663 9.05219129 1.62734815],entering,[-0.48080528  0.59740651 -0.20557775]
826.1810929775238,1002,False,1,3,[ 2.41713553 -3.32667082  4.00003967],cruising,[ 0.5677905  -0.59831228 -0.99408226]
826.1810929775238,1003,False,2,1,[-1.64907445  7.18871178  4.00012275],cruising,[ 0.63925976  0.24903542 -0.34837281]
826.1810929775238,1004,False,3,4,[4.82482794 4.87553692 4.        ],cruising,[-0.62185191  0.08809385  0.93462812]
826.1810929775238,1005,False,4,0,[0.64528014 5.95962121 4.        ],exiting,[ 0.50568378 -0.03156594 -0.11489306]
826.2848052978516,1000,False,0,5,[-4.83192954  1.89514539  4.        ],cruising,[-0.82138112 -0.19970136 -0.21083176]
826.2848052978516,1001,False,6,2,[8.88341118 9.01309518 1.70234815],entering,[-0.48080528  0.59740651 -0.20557775]
826.2848052978516,1002,False,1,3,[ 2.22845454 -3.26034221  4.00003372],cruising,[ 0.5677905  -0.59831228 -0.99408226]
826.2848052978516,1003,False,2,1,[-1.45814642  7.12915937  4.00010434],cruising,[ 0.63925976  0.24903542 -0.34837281]
826.2848052978516,1004,False,3,4,[5.02424662 4.86029914 4.        ],cruising,[-0.62185191  0.08809385  0.93462812]
826.2848052978516,1005,False,4,0,[0.78339588 5.90391181 4.        ],exiting,[ 0.50568378 -0.03156594 -0.11489306]
826.383428812027,1000,False,0,5,[-4.94785854  2.05811921  4.        ],cruising,[-0.82138112 -0.19970136 -0.21083176]
826.383428812027,1001,False,6,2,[8.87072801 8.95445103 1.77734815],entering,[-0.48080528  0.59740651 -0.20557775]
826.383428812027,1002,False,1,3,[ 2.03916666 -3.19576593  4.00002866],cruising,[ 0.5677905  -0.59831228 -0.99408226]
826.383428812027,1003,False,2,1,[-1.27177256  7.05660053  4.00008869],cruising,[ 0.63925976  0.24903542 -0.34837281]
826.383428812027,1004,False,3,4,[5.22357641 4.84393956 4.        ],cruising,[-0.62185191  0.08809385  0.93462812]
826.383428812027,1005,False,4,0,[0.91092945 5.8651735  4.        ],exiting,[ 0.50568378 -0.03156594 -0.11489306]
826.492190361023,1000,False,0,5,[-5.06347226  2.22131684  4.        ],cruising,[-0.82138112 -0.19970136 -0.21083176]
826.492190361023,1001,False,6,2,[8.85381712 8.87625882 1.85234815],entering,[-0.48080528  0.59740651 -0.20557775]
826.492190361023,1002,False,1,3,[ 1.84860089 -3.13506429  4.00002436],cruising,[ 0.5677905  -0.59831228 -0.99408226]
826.492190361023,1003,False,2,1,[-1.0897742   6.97367529  4.00007539],cruising,[ 0.63925976  0.24903542 -0.34837281]
826.492190361023,1004,False,3,4,[5.42266372 4.82485439 4.        ],cruising,[-0.62185191  0.08809385  0.93462812]
826.492190361023,1005,False,4,0,[1.02765545 5.84326363 4.        ],exiting,[ 0.50568378 -0.03156594 -0.11489306]
826.5811514854431,1000,False,0,5,[-5.17815299  2.38517145  4.        ],cruising,[-0.82138112 -0.19970136 -0.21083176]
826.5811514854431,1001,False,6,2,[8.83268148 8.77851791 1.92734815],entering,[-0.48080528  0.59740651 -0.20557775]
826.5811514854431,1002,False,1,3,[ 1.65657366 -3.07915776  4.00002071],cruising,[ 0.5677905  -0.59831228 -0.99408226]
826.5811514854431,1003,False,2,1,[-0.91166379  6.88269902  4.00006408],cruising,[ 0.63925976  0.24903542 -0.34837281]
826.5811514854431,1004,False,3,4,[5.62139606 4.80237205 4.        ],cruising,[-0.62185191  0.08809385  0.93462812]
826.5811514854431,1005,False,4,0,[1.13329322 5.83799861 4.        ],exiting,[ 0.50568378 -0.03156594 -0.11489306]
826.6903598308563,1000,False,0,5,[-5.29160319  2.54988044  4.        ],cruising,[-0.82138112 -0.19970136 -0.21083176]
826.6903598308563,1001,False,6,2,[8.80747865 8.66119492 2.00234815],entering,[-0.48080528  0.59740651 -0.20557775]
826.6903598308563,1002,False,1,3,[ 1.46289284 -3.02928049  4.0000176 ],cruising,[ 0.5677905  -0.59831228 -0.99408226]
826.6903598308563,1003,False,2,1,[-0.73566114  6.78770918  4.00005447],cruising,[ 0.63925976  0.24903542 -0.34837281]
826.6903598308563,1004,False,3,4,[5.81962066 4.77578246 4.        ],cruising,[-0.62185191  0.08809385  0.93462812]
826.6903598308563,1005,False,4,0,[1.22747028 5.8491242  4.        ],exiting,[ 0.50568378 -0.03156594 -0.11489306]
826.7839124202728,1000,False,0,5,[-5.40351326  2.71563971  4.        ],cruising,[-0.82138112 -0.19970136 -0.21083176]
826.7839124202728,1001,False,6,2,[8.77845402 8.52424048 2.07734815],entering,[-0.48080528  0.59740651 -0.20557775]
826.7839124202728,1002,False,1,3,[ 1.26738586 -2.98712577  4.00001496],cruising,[ 0.5677905  -0.59831228 -0.99408226]
826.7839124202728,1003,False,2,1,[-0.56266486  6.68734841  4.0000463 ],cruising,[ 0.63925976  0.24903542 -0.34837281]
826.7839124202728,1004,False,3,4,[6.01713005 4.74431751 4.        ],cruising,[-0.62185191  0.08809385  0.93462812]
826.7839124202728,1005,False,4,0,[1.30994927 5.87647185 4.        ],exiting,[ 0.50568378 -0.03156594 -0.11489306]
826.8805224895477,1000,False,0,5,[-5.51354852  2.88264942  4.        ],cruising,[-0.82138112 -0.19970136 -0.21083176]
826.8805224895477,1001,False,6,2,[8.74601122 8.3675803  2.15234815],entering,[-0.48080528  0.59740651 -0.20557775]
826.8805224895477,1002,False,1,3,[ 1.06997232 -2.95506501  4.00001272],cruising,[ 0.5677905  -0.59831228 -0.99408226]
826.8805224895477,1003,False,2,1,[-0.39185689  6.5833069   4.00003935],cruising,[ 0.63925976  0.24903542 -0.34837281]
826.8805224895477,1004,False,3,4,[6.21364278 4.70713219 4.        ],cruising,[-0.62185191  0.08809385  0.93462812]
826.8805224895477,1005,False,4,0,[1.38048983 5.9198655  4.        ],exiting,[ 0.50568378 -0.03156594 -0.11489306]
826.9887592792511,1000,False,0,5,[-5.62249318  3.05037258  4.        ],cruising,[-0.82138112 -0.19970136 -0.21083176]
826.9887592792511,1001,False,6,2,[8.71049972 8.19115695 2.22734815],entering,[-0.48080528  0.59740651 -0.20557775]
826.9887592792511,1002,False,1,3,[ 0.87038264 -2.94288551  4.0000108 ],cruising,[ 0.5677905  -0.59831228 -0.99408226]
826.9887592792511,1003,False,2,1,[-0.22194581  6.477807    4.00003345],cruising,[ 0.63925976  0.24903542 -0.34837281]
826.9887592792511,1004,False,3,4,[6.40877762 4.66328708 4.        ],cruising,[-0.62185191  0.08809385  0.93462812]
826.9887592792511,1005,False,4,0,[1.43884887 5.97912138 4.        ],exiting,[ 0.50568378 -0.03156594 -0.11489306]
827.0841519832611,1000,False,0,5,[-5.7287248   3.21982712  4.        ],cruising,[-0.82138112 -0.19970136 -0.21083176]
827.0841519832611,1001,False,6,2,[8.67195724 7.99496461 2.30234815],entering,[-0.48080528  0.59740651 -0.20557775]
827.0841519832611,1002,False,1,3,[ 0.67038413 -2.94211478  4.00000918],cruising,[ 0.5677905  -0.59831228 -0.99408226]
827.0841519832611,1003,False,2,1,[-0.0530806   6.37064105  4.00002843],cruising,[ 0.63925976  0.24903542 -0.34837281]
827.0841519832611,1004,False,3,4,[6.60201922 4.61173435 4.        ],cruising,[-0.62185191  0.08809385  0.93462812]
827.0841519832611,1005,False,4,0,[1.48478072 6.05404777 4.        ],exiting,[ 0.50568378 -0.03156594 -0.11489306]
827.1884496212006,1000,False,0,5,[-5.83177587  3.39123447  4.        ],cruising,[-0.82138112 -0.19970136 -0.21083176]
827.1884496212006,1001,False,6,2,[8.63340613 7.79871524 2.37734815],entering,[-0.48080528  0.59740651 -0.20557775]
827.1884496212006,1002,False,1,3,[ 0.47093522 -2.95695165  4.0000078 ],cruising,[ 0.5677905  -0.59831228 -0.99408226]
827.1884496212006,1003,False,2,1,[0.11560829 6.26319778 4.00002417],cruising,[ 0.63925976  0.24903542 -0.34837281]
827.1884496212006,1004,False,3,4,[6.79267338 4.55131092 4.        ],cruising,[-0.62185191  0.08809385  0.93462812]
827.1884496212006,1005,False,4,0,[1.51803723 6.14444464 4.        ],exiting,[ 0.50568378 -0.03156594 -0.11489306]
827.2845718860626,1000,False,0,5,[-5.93107858  3.56484026  4.        ],cruising,[-0.82138112 -0.19970136 -0.21083176]
827.2845718860626,1001,False,6,2,[8.59541996 7.60235575 2.45234815],entering,[-0.48080528  0.59740651 -0.20557775]
827.2845718860626,1002,False,1,3,[ 0.2731602  -2.98670127  4.00000663],cruising,[ 0.5677905  -0.59831228 -0.99408226]
827.2845718860626,1003,False,2,1,[0.28438335 6.15588991 4.00002054],cruising,[ 0.63925976  0.24903542 -0.34837281]
827.2845718860626,1004,False,3,4,[6.979811   4.48074528 4.        ],cruising,[-0.62185191  0.08809385  0.93462812]
827.2845718860626,1005,False,4,0,[1.54671893 6.24024318 4.        ],exiting,[ 0.50568378 -0.03156594 -0.11489306]
827.3934829235077,1000,False,0,5,[-6.02593285  3.74091601  4.        ],cruising,[-0.82138112 -0.19970136 -0.21083176]
827.3934829235077,1001,False,6,2,[8.56002351 7.40551294 2.52734815],entering,[-0.48080528  0.59740651 -0.20557775]
827.3934829235077,1002,False,1,3,[ 0.07900254 -3.0346888   4.00000564],cruising,[ 0.5677905  -0.59831228 -0.99408226]
827.3934829235077,1003,False,2,1,[0.45366226 6.04937864 4.00001746],cruising,[ 0.63925976  0.24903542 -0.34837281]
827.3934829235077,1004,False,3,4,[7.16220224 4.39868776 4.        ],cruising,[-0.62185191  0.08809385  0.93462812]
827.3934829235077,1005,False,4,0,[1.57540062 6.33604172 4.        ],exiting,[ 0.50568378 -0.03156594 -0.11489306]
827.4885971546173,1000,False,0,5,[-6.11546376  3.91975732  4.        ],cruising,[-0.82138112 -0.19970136 -0.21083176]
827.4885971546173,1001,False,6,2,[8.52584409 7.20845516 2.60234815],entering,[-0.48080528  0.59740651 -0.20557775]
827.4885971546173,1002,False,1,3,[-0.11192729 -3.09423543  4.00000479],exiting,[ 0.5677905  -0.59831228 -0.99408226]
827.4885971546173,1003,False,2,1,[0.62370686 5.94409409 4.00001484],cruising,[ 0.63925976  0.24903542 -0.34837281]
827.4885971546173,1004,False,3,4,[7.33824792 4.3037777  4.        ],cruising,[-0.62185191  0.08809385  0.93462812]
827.4885971546173,1005,False,4,0,[1.60408232 6.43184026 4.        ],exiting,[ 0.50568378 -0.03156594 -0.11489306]
827.5831844806671,1000,False,0,5,[-6.19856448  4.10167563  4.        ],cruising,[-0.82138112 -0.19970136 -0.21083176]
827.5831844806671,1001,False,6,2,[8.49166467 7.01139739 2.67734815],entering,[-0.48080528  0.59740651 -0.20557775]
827.5831844806671,1002,False,1,3,[-0.28330392 -3.15798591  4.00000395],exiting,[ 0.5677905  -0.59831228 -0.99408226]
827.5831844806671,1003,False,2,1,[0.7952814  5.84132164 4.00001262],cruising,[ 0.63925976  0.24903542 -0.34837281]
827.5831844806671,1004,False,3,4,[7.50592514 4.19476234 4.        ],cruising,[-0.62185191  0.08809385  0.93462812]
827.5831844806671,1005,False,4,0,[1.63276401 6.52763881 4.        ],exiting,[ 0.50568378 -0.03156594 -0.11489306]
827.6897675991058,1000,False,0,5,[-6.26960236  4.2886345   4.        ],cruising,[-0.82138112 -0.19970136 -0.21083176]
827.6897675991058,1001,False,6,2,[8.45894135 6.81409259 2.75234815],entering,[-0.48080528  0.59740651 -0.20557775]
827.6897675991058,1002,False,1,3,[-0.43511449 -3.22587997  4.00000312],exiting,[ 0.5677905  -0.59831228 -0.99408226]
827.6897675991058,1003,False,2,1,[0.96819904 5.74082542 4.00001072],cruising,[ 0.63925976  0.24903542 -0.34837281]
827.6897675991058,1004,False,3,4,[7.66156218 4.06977721 4.        ],cruising,[-0.62185191  0.08809385  0.93462812]
827.6897675991058,1005,False,4,0,[1.66144571 6.62343735 4.        ],exiting,[ 0.50568378 -0.03156594 -0.11489306]
827.7833685874939,1000,False,0,5,[-6.33081092  4.47903805  4.        ],exiting,[-0.82138112 -0.19970136 -0.21083176]
827.7833685874939,1001,False,6,2,[8.42980089 6.61622689 2.82734815],entering,[-0.48080528  0.59740651 -0.20557775]
827.7833685874939,1002,False,1,3,[-0.5673434  -3.2978433   4.00000232],exiting,[ 0.5677905  -0.59831228 -0.99408226]
827.7833685874939,1003,False,2,1,[1.14347635 5.64450375 4.00000911],cruising,[ 0.63925976  0.24903542 -0.34837281]
827.7833685874939,1004,False,3,4,[7.8037694  3.92997181 4.        ],cruising,[-0.62185191  0.08809385  0.93462812]
827.7833685874939,1005,False,4,0,[1.6901274  6.71923589 4.        ],exiting,[ 0.50568378 -0.03156594 -0.11489306]
827.8945825099945,1000,False,0,5,[-6.39165548  4.64944492  4.        ],exiting,[-0.82138112 -0.19970136 -0.21083176]
827.8945825099945,1001,False,6,2,[8.40066044 6.41836119 2.90234815],entering,[-0.48080528  0.59740651 -0.20557775]
827.8945825099945,1002,False,1,3,[-0.67997157 -3.37378288  4.00000157],exiting,[ 0.5677905  -0.59831228 -0.99408226]
827.8945825099945,1003,False,2,1,[1.32054747 5.55152086 4.00000775],cruising,[ 0.63925976  0.24903542 -0.34837281]
827.8945825099945,1004,False,3,4,[7.93108554 3.77681518 4.        ],cruising,[-0.62185191  0.08809385  0.93462812]
827.8945825099945,1005,False,4,0,[1.7188091  6.81503443 4.        ],exiting,[ 0.50568378 -0.03156594 -0.11489306]
827.987690448761,1000,False,0,5,[-6.45235684  4.79985229  4.        ],exiting,[-0.82138112 -0.19970136 -0.21083176]
827.987690448761,1001,False,6,2,[8.37400009 6.22014609 2.97734815],entering,[-0.48080528  0.59740651 -0.20557775]
827.987690448761,1002,False,1,3,[-0.77297448 -3.45357597  4.00000089],exiting,[ 0.5677905  -0.59831228 -0.99408226]
827.987690448761,1003,False,2,1,[1.49962811 5.46246961 4.00000659],cruising,[ 0.63925976  0.24903542 -0.34837281]
827.987690448761,1004,False,3,4,[8.04216234 3.61198448 4.        ],cruising,[-0.62185191  0.08809385  0.93462812]
827.987690448761,1005,False,4,0,[1.74749079 6.91083297 4.        ],exiting,[ 0.50568378 -0.03156594 -0.11489306]
828.0799436569214,1000,False,0,5,[-6.51322573  4.93026037  4.        ],exiting,[-0.82138112 -0.19970136 -0.21083176]
828.0799436569214,1001,False,6,2,[8.35051247 6.02153005 3.05234815],entering,[-0.48080528  0.59740651 -0.20557775]
828.0799436569214,1002,False,1,3,[-0.84631785 -3.53704359  4.00000031],exiting,[ 0.5677905  -0.59831228 -0.99408226]
828.0799436569214,1003,False,2,1,[1.68193449 5.38022375 4.0000056 ],cruising,[ 0.63925976  0.24903542 -0.34837281]
828.0799436569214,1004,False,3,4,[8.13564321 3.43764675 4.        ],cruising,[-0.62185191  0.08809385  0.93462812]
828.0799436569214,1005,False,4,0,[1.77617249 7.00663151 4.        ],exiting,[ 0.50568378 -0.03156594 -0.11489306]
828.180570602417,1000,False,0,5,[-6.57459218  5.04067464  4.        ],exiting,[-0.82138112 -0.19970136 -0.21083176]
828.180570602417,1001,False,6,2,[8.32819878 5.8227787  3.12734815],entering,[-0.48080528  0.59740651 -0.20557775]
828.180570602417,1002,False,1,3,[-0.89997833 -3.62405859  3.99999984],exiting,[ 0.5677905  -0.59831228 -0.99408226]
828.180570602417,1003,False,2,1,[1.86643431 5.30302389 4.00000476],cruising,[ 0.63925976  0.24903542 -0.34837281]
828.180570602417,1004,False,3,4,[8.21089852 3.2550732  4.        ],cruising,[-0.62185191  0.08809385  0.93462812]
828.180570602417,1005,False,4,0,[1.80485418 7.10243005 4.        ],exiting,[ 0.50568378 -0.03156594 -0.11489306]
828.2863712310791,1000,False,0,5,[-6.63676766  5.13110528  4.        ],exiting,[-0.82138112 -0.19970136 -0.21083176]
828.2863712310791,1001,False,6,2,[8.31081349 5.62353576 3.20234815],entering,[-0.48080528  0.59740651 -0.20557775]
828.2863712310791,1002,False,1,3,[-0.93393237 -3.71448769  3.99999952],exiting,[ 0.5677905  -0.59831228 -0.99408226]
828.2863712310791,1003,False,2,1,[2.05323518 5.23157158 4.00000404],cruising,[ 0.63925976  0.24903542 -0.34837281]
828.2863712310791,1004,False,3,4,[8.26760335 3.06502438 4.        ],cruising,[-0.62185191  0.08809385  0.93462812]
828.2863712310791,1005,False,4,0,[1.83353588 7.19822859 4.        ],exiting,[ 0.50568378 -0.03156594 -0.11489306]
828.3828687667847,1000,False,0,5,[-6.69966367  5.20884904  4.        ],exiting,[-0.82138112 -0.19970136 -0.21083176]
828.3828687667847,1001,False,6,2,[8.29607594 5.42407948 3.27734815],entering,[-0.48080528  0.59740651 -0.20557775]
828.3828687667847,1002,False,1,3,[-0.94815651 -3.80819269  3.99999936],exiting,[ 0.5677905  -0.59831228 -0.99408226]
828.3828687667847,1003,False,2,1,[2.24237756 5.16657035 4.00000344],cruising,[ 0.63925976  0.24903542 -0.34837281]
828.3828687667847,1004,False,3,4,[8.30522499 2.8689896  4.        ],cruising,[-0.62185191  0.08809385  0.93462812]
828.3828687667847,1005,False,4,0,[1.86221758 7.29402713 4.        ],exiting,[ 0.50568378 -0.03156594 -0.11489306]
828.4793801307678,1000,False,0,5,[-6.76255967  5.28659281  4.        ],exiting,[-0.82138112 -0.19970136 -0.21083176]
828.4793801307678,1001,False,6,2,[8.28497377 5.22438787 3.35234815],entering,[-0.48080528  0.59740651 -0.20557775]
828.4793801307678,1002,False,1,3,[-0.94262772 -3.90503162  3.99999937],exiting,[ 0.5677905  -0.59831228 -0.99408226]
828.4793801307678,1003,False,2,1,[2.4361157  5.11691621 4.00000292],cruising,[ 0.63925976  0.24903542 -0.34837281]
828.4793801307678,1004,False,3,4,[8.33403831 2.671076   4.        ],cruising,[-0.62185191  0.08809385  0.93462812]
828.4793801307678,1005,False,4,0,[1.89089927 7.38982567 4.        ],exiting,[ 0.50568378 -0.03156594 -0.11489306]
828.5805785655975,1000,False,0,5,[-6.82545568  5.36433657  4.        ],exiting,[-0.82138112 -0.19970136 -0.21083176]
828.5805785655975,1001,False,6,2,[8.28000755 5.02444954 3.42734815],entering,[-0.48080528  0.59740651 -0.20557775]
828.5805785655975,1002,False,1,3,[-0.92571646 -4.00359129  3.99999948],exiting,[ 0.5677905  -0.59831228 -0.99408226]
828.5805785655975,1003,False,2,1,[2.63184902 5.07582521 4.00000248],cruising,[ 0.63925976  0.24903542 -0.34837281]
828.5805785655975,1004,False,3,4,[8.36239467 2.47309641 4.        ],cruising,[-0.62185191  0.08809385  0.93462812]
828.5805785655975,1005,False,4,0,[1.91958097 7.48562421 4.        ],exiting,[ 0.50568378 -0.03156594 -0.11489306]
828.6810350418091,1000,False,0,5,[-6.88835169  5.44208033  4.        ],exiting,[-0.82138112 -0.19970136 -0.21083176]
828.6810350418091,1001,False,6,2,[8.28047476 4.82445008 3.50234815],entering,[-0.48080528  0.59740651 -0.20557775]
828.6810350418091,1002,False,1,3,[-0.9088052  -4.10215097  3.99999957],exiting,[ 0.5677905  -0.59831228 -0.99408226]
828.6810350418091,1003,False,2,1,[2.82895986 5.04195315 4.00000211],cruising,[ 0.63925976  0.24903542 -0.34837281]
828.6810350418091,1004,False,3,4,[8.38599129 2.27449329 4.        ],cruising,[-0.62185191  0.08809385  0.93462812]
828.6810350418091,1005,False,4,0,[1.94826266 7.58142275 4.        ],exiting,[ 0.50568378 -0.03156594 -0.11489306]
828.7830276489258,1000,False,0,5,[-6.9512477   5.51982409  4.        ],exiting,[-0.82138112 -0.19970136 -0.21083176]
828.7830276489258,1001,False,6,2,[8.28506201 4.6245027  3.57699593],entering,[-0.48080528  0.59740651 -0.20557775]
828.7830276489258,1002,False,1,3,[-0.89189394 -4.20071064  3.99999965],exiting,[ 0.5677905  -0.59831228 -0.99408226]
828.7830276489258,1003,False,2,1,[3.02700287 5.01404324 4.00000179],cruising,[ 0.63925976  0.24903542 -0.34837281]
828.7830276489258,1004,False,3,4,[8.40867899 2.07578429 4.        ],cruising,[-0.62185191  0.08809385  0.93462812]
828.7830276489258,1005,False,4,0,[1.97694436 7.67722129 4.        ],exiting,[ 0.50568378 -0.03156594 -0.11489306]
828.8793020248413,1000,False,0,5,[-7.0141437   5.59756785  4.        ],exiting,[-0.82138112 -0.19970136 -0.21083176]
828.8793020248413,1001,False,6,2,[8.29443543 4.42472247 3.64044654],entering,[-0.48080528  0.59740651 -0.20557775]
828.8793020248413,1002,False,1,3,[-0.87498267 -4.29927031  3.99999971],exiting,[ 0.5677905  -0.59831228 -0.99408226]
828.8793020248413,1003,False,2,1,[3.22566507 4.99094926 4.00000153],cruising,[ 0.63925976  0.24903542 -0.34837281]
828.8793020248413,1004,False,3,4,[8.42694715 1.87662035 4.        ],cruising,[-0.62185191  0.08809385  0.93462812]
828.8793020248413,1005,False,4,0,[2.00562605 7.77301983 4.        ],exiting,[ 0.50568378 -0.03156594 -0.11489306]
828.987035036087,1000,False,0,5,[-7.07703971  5.67531161  4.        ],exiting,[-0.82138112 -0.19970136 -0.21083176]
828.987035036087,1001,False,6,2,[8.30670654 4.22509927 3.69437956],entering,[-0.48080528  0.59740651 -0.20557775]
828.987035036087,1002,False,1,3,[-0.85807141 -4.39782999  3.99999976],exiting,[ 0.5677905  -0.59831228 -0.99408226]
828.987035036087,1003,False,2,1,[3.42473082 4.97164052 4.0000013 ],cruising,[ 0.63925976  0.24903542 -0.34837281]
828.987035036087,1004,False,3,4,[8.44408357 1.67735584 4.        ],cruising,[-0.62185191  0.08809385  0.93462812]
828.987035036087,1005,False,4,0,[2.03430775 7.86881837 4.        ],exiting,[ 0.50568378 -0.03156594 -0.11489306]
829.081175327301,1000,False,0,5,[-7.13993572  5.75305537  4.        ],exiting,[-0.82138112 -0.19970136 -0.21083176]
829.081175327301,1001,False,6,2,[8.31624391 4.02532681 3.74022263],entering,[-0.48080528  0.59740651 -0.20557775]
829.081175327301,1002,False,1,3,[-0.84116015 -4.49638966  3.9999998 ],exiting,[ 0.5677905  -0.59831228 -0.99408226]
829.081175327301,1003,False,2,1,[3.6240536  4.95519583 4.0000011 ],cruising,[ 0.63925976  0.24903542 -0.34837281]
829.081175327301,1004,False,3,4,[8.45716164 1.47778389 4.        ],cruising,[-0.62185191  0.08809385  0.93462812]
829.081175327301,1005,False,4,0,[2.06298944 7.96461691 4.        ],exiting,[ 0.50568378 -0.03156594 -0.11489306]
829.1898186206818,1000,False,0,5,[-7.20283172  5.83079913  4.        ],exiting,[-0.82138112 -0.19970136 -0.21083176]
829.1898186206818,1001,False,6,2,[8.33102364 3.82587366 3.77918923],cruising,[-0.48080528  0.59740651 -0.20557775]
829.1898186206818,1002,False,1,3,[-0.82424889 -4.59494933  3.99999984],exiting,[ 0.5677905  -0.59831228 -0.99408226]
829.1898186206818,1003,False,2,1,[3.82353421 4.94079141 4.00000094],cruising,[ 0.63925976  0.24903542 -0.34837281]
829.1898186206818,1004,False,3,4,[8.46899044 1.278134   4.        ],cruising,[-0.62185191  0.08809385  0.93462812]
829.1898186206818,1005,False,4,0,[2.09167114 8.06041545 4.        ],exiting,[ 0.50568378 -0.03156594 -0.11489306]
829.2854435443878,1000,False,0,5,[-7.26572773  5.90854289  4.        ],exiting,[-0.82138112 -0.19970136 -0.21083176]
829.2854435443878,1001,False,6,2,[8.34001741 3.62607598 3.81231085],cruising,[-0.48080528  0.59740651 -0.20557775]
829.2854435443878,1002,False,1,3,[-0.80733762 -4.69350901  3.99999987],exiting,[ 0.5677905  -0.59831228 -0.99408226]
829.2854435443878,1003,False,2,1,[4.02310437 4.92768594 4.0000008 ],cruising,[ 0.63925976  0.24903542 -0.34837281]
829.2854435443878,1004,False,3,4,[8.47928655 1.0783992  4.        ],cruising,[-0.62185191  0.08809385  0.93462812]
829.2854435443878,1005,False,4,0,[2.12035283 8.15621399 4.        ],exiting,[ 0.50568378 -0.03156594 -0.11489306]
829.3857841491699,1000,False,0,5,[-7.32862374  5.98628665  4.        ],exiting,[-0.82138112 -0.19970136 -0.21083176]
829.3857841491699,1001,False,6,2,[8.34740027 3.42621229 3.84046422],cruising,[-0.48080528  0.59740651 -0.20557775]
829.3857841491699,1002,False,1,3,[-0.79042636 -4.79206868  3.99999989],exiting,[ 0.5677905  -0.59831228 -0.99408226]
829.3857841491699,1003,False,2,1,[4.22268945 4.91480981 4.00000068],cruising,[ 0.63925976  0.24903542 -0.34837281]
829.3857841491699,1004,False,3,4,[8.4855858  0.87849843 4.        ],cruising,[-0.62185191  0.08809385  0.93462812]
829.3857841491699,1005,False,4,0,[2.14903453 8.25201253 4.        ],exiting,[ 0.50568378 -0.03156594 -0.11489306]
829.4851672649384,1000,False,0,5,[-7.39151974  6.06403041  4.        ],exiting,[-0.82138112 -0.19970136 -0.21083176]
829.4851672649384,1001,False,6,2,[8.36087809 3.22666694 3.86439459],cruising,[-0.48080528  0.59740651 -0.20557775]
829.4851672649384,1002,False,1,3,[-0.7735151  -4.89062835  3.99999991],exiting,[ 0.5677905  -0.59831228 -0.99408226]
829.4851672649384,1003,False,2,1,[4.42230041 4.90234134 4.00000058],cruising,[ 0.63925976  0.24903542 -0.34837281]
829.4851672649384,1004,False,3,4,[8.49041759 0.6785568  4.        ],cruising,[-0.62185191  0.08809385  0.93462812]
829.4851672649384,1005,False,4,0,[2.17771623 8.34781107 4.        ],exiting,[ 0.50568378 -0.03156594 -0.11489306]
829.5868241786957,1000,False,0,5,[-7.45441575  6.14177417  4.        ],exiting,[-0.82138112 -0.19970136 -0.21083176]
829.5868241786957,1001,False,6,2,[8.37299458 3.0270343  3.8847354 ],cruising,[-0.48080528  0.59740651 -0.20557775]
829.5868241786957,1002,False,1,3,[-0.75660384 -4.98918803  3.99999993],exiting,[ 0.5677905  -0.59831228 -0.99408226]
829.5868241786957,1003,False,2,1,[4.62189318 4.88958486 4.00000049],cruising,[ 0.63925976  0.24903542 -0.34837281]
829.5868241786957,1004,False,3,4,[8.49358411 0.47858187 4.        ],cruising,[-0.62185191  0.08809385  0.93462812]
829.5868241786957,1005,False,4,0,[2.20639792 8.44360961 4.        ],exiting,[ 0.50568378 -0.03156594 -0.11489306]
829.6804745197296,1000,False,0,5,[-7.51731176  6.21951793  4.        ],exiting,[-0.82138112 -0.19970136 -0.21083176]
829.6804745197296,1001,False,6,2,[8.38451429 2.82736633 3.90202509],cruising,[-0.48080528  0.59740651 -0.20557775]
829.6804745197296,1002,False,1,3,[-0.73969257 -5.0877477   3.99999994],exiting,[ 0.5677905  -0.59831228 -0.99408226]
829.6804745197296,1003,False,2,1,[4.82142382 4.87589089 4.00000042],cruising,[ 0.63925976  0.24903542 -0.34837281]
829.6804745197296,1004,False,3,4,[8.49288406 0.27858309 4.        ],cruising,[-0.62185191  0.08809385  0.93462812]
829.6804745197296,1005,False,4,0,[2.23507962 8.53940815 4.        ],exiting,[ 0.50568378 -0.03156594 -0.11489306]
829.7860052585602,1000,False,0,5,[-7.58020776  6.29726169  4.        ],exiting,[-0.82138112 -0.19970136 -0.21083176]
829.7860052585602,1001,False,6,2,[8.39954711 2.6279321  3.91672133],cruising,[-0.48080528  0.59740651 -0.20557775]
829.7860052585602,1002,False,1,3,[-0.72278131 -5.18630737  3.99999995],exiting,[ 0.5677905  -0.59831228 -0.99408226]
829.7860052585602,1003,False,2,1,[5.02084115 4.86063551 4.00000035],cruising,[ 0.63925976  0.24903542 -0.34837281]
829.7860052585602,1004,False,3,4,[8.49061476 0.07859597 4.        ],cruising,[-0.62185191  0.08809385  0.93462812]
829.7860052585602,1005,False,4,0,[2.26376131 8.63520669 4.        ],landing,[ 0.50568378 -0.03156594 -0.11489306]
829.8836991786957,1000,False,0,5,[-7.64310377  6.37500545  4.        ],exiting,[-0.82138112 -0.19970136 -0.21083176]
829.8836991786957,1001,False,6,2,[8.41283729 2.42837416 3.92921313],cruising,[-0.48080528  0.59740651 -0.20557775]
829.8836991786957,1002,False,1,3,[-0.70587005 -5.28486705  3.99999996],exiting,[ 0.5677905  -0.59831228 -0.99408226]
829.8836991786957,1003,False,2,1,[5.22017007 4.84426529 4.0000003 ],cruising,[ 0.63925976  0.24903542 -0.34837281]
829.8836991786957,1004,False,3,4,[ 8.48660634 -0.12136386  4.        ],cruising,[-0.62185191  0.08809385  0.93462812]
829.8836991786957,1005,False,4,0,[2.2914971  8.71670787 3.98604684],landing,[ 0.50568378 -0.03156594 -0.11489306]
829.9884653091431,1000,False,0,5,[-7.70599978  6.45274921  4.        ],exiting,[-0.82138112 -0.19970136 -0.21083176]
829.9884653091431,1001,False,6,2,[8.42784099 2.22893773 3.93983116],cruising,[-0.48080528  0.59740651 -0.20557775]
829.9884653091431,1002,False,1,3,[-0.68895879 -5.38342672  3.99999997],exiting,[ 0.5677905  -0.59831228 -0.99408226]
829.9884653091431,1003,False,2,1,[5.41925737 4.82518011 4.00000026],cruising,[ 0.63925976  0.24903542 -0.34837281]
829.9884653091431,1004,False,3,4,[ 8.48072197 -0.32127728  4.        ],cruising,[-0.62185191  0.08809385  0.93462812]
829.9884653091431,1005,False,4,0,[2.31820197 8.78375889 3.95830491],landing,[ 0.50568378 -0.03156594 -0.11489306]
830.0818316936493,1000,False,0,5,[-7.76889579  6.53049297  4.        ],exiting,[-0.82138112 -0.19970136 -0.21083176]
830.0818316936493,1001,False,6,2,[8.44036034 2.02932995 3.94885648],cruising,[-0.48080528  0.59740651 -0.20557775]
830.0818316936493,1002,False,1,3,[-0.67204752 -5.48198639  3.99999997],exiting,[ 0.5677905  -0.59831228 -0.99408226]
830.0818316936493,1003,False,2,1,[5.61799095 4.80270871 4.00000022],cruising,[ 0.63925976  0.24903542 -0.34837281]
830.0818316936493,1004,False,3,4,[ 8.4708107  -0.52103154  4.        ],cruising,[-0.62185191  0.08809385  0.93462812]
830.0818316936493,1005,False,4,0,[2.34377519 8.83618116 3.91697184],landing,[ 0.50568378 -0.03156594 -0.11489306]
830.1797008514404,1000,False,0,5,[-7.83179179  6.60823674  4.        ],exiting,[-0.82138112 -0.19970136 -0.21083176]
830.1797008514404,1001,False,6,2,[8.45340987 1.82975613 3.95652801],cruising,[-0.48080528  0.59740651 -0.20557775]
830.1797008514404,1002,False,1,3,[-0.65513626 -5.58054607  3.99999998],exiting,[ 0.5677905  -0.59831228 -0.99408226]
830.1797008514404,1003,False,2,1,[5.81621854 4.77614139 4.00000018],cruising,[ 0.63925976  0.24903542 -0.34837281]
830.1797008514404,1004,False,3,4,[ 8.45913883 -0.72069067  4.        ],cruising,[-0.62185191  0.08809385  0.93462812]
830.1797008514404,1005,False,4,0,[2.36807872 8.873734   3.86232382],landing,[ 0.50568378 -0.03156594 -0.11489306]
830.285318851471,1000,False,0,5,[-7.8946878  6.6859805  4.       ],exiting,[-0.82138112 -0.19970136 -0.21083176]
830.285318851471,1001,False,6,2,[8.46360307 1.63001605 3.96304881],cruising,[-0.48080528  0.59740651 -0.20557775]
830.285318851471,1002,False,1,3,[-0.638225   -5.67910574  3.99999998],exiting,[ 0.5677905  -0.59831228 -0.99408226]
830.285318851471,1003,False,2,1,[6.01373336 4.74471056 4.00000016],cruising,[ 0.63925976  0.24903542 -0.34837281]
830.285318851471,1004,False,3,4,[ 8.44554126 -0.9202279   4.        ],cruising,[-0.62185191  0.08809385  0.93462812]
830.285318851471,1005,False,4,0,[2.39099156 8.89621053 3.79460788],landing,[ 0.50568378 -0.03156594 -0.11489306]
830.3799977302551,1000,False,0,5,[-7.95758381  6.76372426  4.        ],exiting,[-0.82138112 -0.19970136 -0.21083176]
830.3799977302551,1001,False,6,2,[8.4735831  1.43026521 3.96859149],cruising,[-0.48080528  0.59740651 -0.20557775]
830.3799977302551,1002,False,1,3,[-0.62131374 -5.77766541  3.99999999],exiting,[ 0.5677905  -0.59831228 -0.99408226]
830.3799977302551,1003,False,2,1,[6.21025488 4.70757176 4.00000013],cruising,[ 0.63925976  0.24903542 -0.34837281]
830.3799977302551,1004,False,3,4,[ 8.42987281 -1.11961321  4.        ],cruising,[-0.62185191  0.08809385  0.93462812]
830.3799977302551,1005,False,4,0,[2.412403   8.90342468 3.71405426],landing,[ 0.50568378 -0.03156594 -0.11489306]
830.4799995422363,1000,False,0,5,[-8.02047981  6.84146802  4.        ],exiting,[-0.82138112 -0.19970136 -0.21083176]
830.4799995422363,1001,False,6,2,[8.48283663 1.23047939 3.97330277],cruising,[-0.48080528  0.59740651 -0.20557775]
830.4799995422363,1002,False,1,3,[-0.60440247 -5.87622509  3.99999999],exiting,[ 0.5677905  -0.59831228 -0.99408226]
830.4799995422363,1003,False,2,1,[6.4054031  4.6637862  4.00000011],cruising,[ 0.63925976  0.24903542 -0.34837281]
830.4799995422363,1004,False,3,4,[ 8.40979346 -1.3186027   4.        ],cruising,[-0.62185191  0.08809385  0.93462812]
830.4799995422363,1005,False,4,0,[2.4322     8.89518986 3.62090211],landing,[ 0.50568378 -0.03156594 -0.11489306]
830.5846924781799,1000,False,0,5,[-8.08337582  6.91921178  4.        ],exiting,[-0.82138112 -0.19970136 -0.21083176]
830.5846924781799,1001,False,6,2,[8.4886546  1.03056403 3.97730735],cruising,[-0.48080528  0.59740651 -0.20557775]
830.5846924781799,1002,False,1,3,[-0.58749121 -5.97478476  3.99999999],exiting,[ 0.5677905  -0.59831228 -0.99408226]
830.5846924781799,1003,False,2,1,[6.59866422 4.61230671 4.0000001 ],cruising,[ 0.63925976  0.24903542 -0.34837281]
830.5846924781799,1004,False,3,4,[ 8.3876932 -1.5173779  4.       ],cruising,[-0.62185191  0.08809385  0.93462812]
830.5846924781799,1005,False,4,0,[2.45142742 8.88180755 3.52368473],landing,[ 0.50568378 -0.03156594 -0.11489306]
830.6919071674347,1000,False,0,5,[-8.14627183  6.99695554  4.        ],exiting,[-0.82138112 -0.19970136 -0.21083176]
830.6919071674347,1001,False,6,2,[8.49350834 0.83062294 3.98071125],cruising,[-0.48080528  0.59740651 -0.20557775]
830.6919071674347,1002,False,1,3,[-0.57057995 -6.07334443  3.99999999],exiting,[ 0.5677905  -0.59831228 -0.99408226]
830.6919071674347,1003,False,2,1,[6.7893461  4.55197079 4.00000008],cruising,[ 0.63925976  0.24903542 -0.34837281]
830.6919071674347,1004,False,3,4,[ 8.3633658  -1.71589283  4.        ],cruising,[-0.62185191  0.08809385  0.93462812]
830.6919071674347,1005,False,4,0,[2.47065484 8.86842523 3.42646734],landing,[ 0.50568378 -0.03156594 -0.11489306]
830.7871654033661,1000,False,0,5,[-8.20916783  7.0746993   4.        ],exiting,[-0.82138112 -0.19970136 -0.21083176]
830.7871654033661,1001,False,6,2,[8.49708854 0.63065499 3.98360456],cruising,[-0.48080528  0.59740651 -0.20557775]
830.7871654033661,1002,False,1,3,[-0.55366869 -6.17190411  3.99999999],exiting,[ 0.5677905  -0.59831228 -0.99408226]
830.7871654033661,1003,False,2,1,[6.9765222  4.48150728 4.00000007],cruising,[ 0.63925976  0.24903542 -0.34837281]
830.7871654033661,1004,False,3,4,[ 8.33417779 -1.91375151  4.        ],cruising,[-0.62185191  0.08809385  0.93462812]
830.7871654033661,1005,False,4,0,[2.48988225 8.85504291 3.32924996],landing,[ 0.50568378 -0.03156594 -0.11489306]
830.8823051452637,1000,False,0,5,[-8.27206384  7.15244306  4.        ],exiting,[-0.82138112 -0.19970136 -0.21083176]
830.8823051452637,1001,False,6,2,[8.49706992 0.43065499 3.98606388],cruising,[-0.48080528  0.59740651 -0.20557775]
830.8823051452637,1002,False,1,3,[-0.53675742 -6.27046378  4.        ],exiting,[ 0.5677905  -0.59831228 -0.99408226]
830.8823051452637,1003,False,2,1,[7.15896587 4.3995664  4.00000006],cruising,[ 0.63925976  0.24903542 -0.34837281]
830.8823051452637,1004,False,3,4,[ 8.30266876 -2.11125387  4.        ],cruising,[-0.62185191  0.08809385  0.93462812]
830.8823051452637,1005,False,4,0,[2.50910967 8.84166059 3.23203257],landing,[ 0.50568378 -0.03156594 -0.11489306]
830.986457824707,1000,False,0,5,[-8.33495985  7.23018682  4.        ],exiting,[-0.82138112 -0.19970136 -0.21083176]
830.986457824707,1001,False,6,2,[8.49573515 0.23065944 3.9881543 ],cruising,[-0.48080528  0.59740651 -0.20557775]
830.986457824707,1002,False,1,3,[-0.51984616 -6.36902345  4.        ],exiting,[ 0.5677905  -0.59831228 -0.99408226]
830.986457824707,1003,False,2,1,[7.3350817  4.30478658 4.00000005],cruising,[ 0.63925976  0.24903542 -0.34837281]
830.986457824707,1004,False,3,4,[ 8.26855867 -2.30832366  4.        ],cruising,[-0.62185191  0.08809385  0.93462812]
830.986457824707,1005,False,4,0,[2.52833709 8.82827827 3.13481519],landing,[ 0.50568378 -0.03156594 -0.11489306]
831.083978176117,1000,False,0,5,[-8.39785586  7.30793058  4.        ],landing,[-0.82138112 -0.19970136 -0.21083176]
831.083978176117,1001,False,6,2,[8.49286259 0.03068007 3.98993115],cruising,[-0.48080528  0.59740651 -0.20557775]
831.083978176117,1002,False,1,3,[-0.5029349  -6.46758313  4.        ],exiting,[ 0.5677905  -0.59831228 -0.99408226]
831.083978176117,1003,False,2,1,[7.50285099 4.19591296 4.00000004],cruising,[ 0.63925976  0.24903542 -0.34837281]
831.083978176117,1004,False,3,4,[ 8.22865618 -2.50430272  4.        ],cruising,[-0.62185191  0.08809385  0.93462812]
831.083978176117,1005,False,4,0,[2.5475645  8.81489596 3.0375978 ],landing,[ 0.50568378 -0.03156594 -0.11489306]
831.1791417598724,1000,False,0,5,[-8.44968938  7.37723315  3.98563449],landing,[-0.82138112 -0.19970136 -0.21083176]
831.1791417598724,1001,False,6,2,[ 8.48827664 -0.16926735  3.99144148],cruising,[-0.48080528  0.59740651 -0.20557775]
831.1791417598724,1002,False,1,3,[-0.48602364 -6.5661428   4.        ],exiting,[ 0.5677905  -0.59831228 -0.99408226]
831.1791417598724,1003,False,2,1,[7.65859565 4.07105784 4.00000004],cruising,[ 0.63925976  0.24903542 -0.34837281]
831.1791417598724,1004,False,3,4,[ 8.18588667 -2.69967613  4.        ],cruising,[-0.62185191  0.08809385  0.93462812]
831.1791417598724,1005,False,4,0,[2.56679192 8.80151364 2.94038042],landing,[ 0.50568378 -0.03156594 -0.11489306]
831.283483505249,1000,False,0,5,[-8.49037817  7.43793486  3.95706265],landing,[-0.82138112 -0.19970136 -0.21083176]
831.283483505249,1001,False,6,2,[ 8.47979166 -0.36908728  3.99272526],cruising,[-0.48080528  0.59740651 -0.20557775]
831.283483505249,1002,False,1,3,[-0.46911237 -6.66470247  4.        ],exiting,[ 0.5677905  -0.59831228 -0.99408226]
831.283483505249,1003,False,2,1,[7.80092516 3.93136918 4.00000003],cruising,[ 0.63925976  0.24903542 -0.34837281]
831.283483505249,1004,False,3,4,[ 8.13649515 -2.89348138  4.        ],cruising,[-0.62185191  0.08809385  0.93462812]
831.283483505249,1005,False,4,0,[2.58601934 8.78813132 2.84316303],landing,[ 0.50568378 -0.03156594 -0.11489306]
831.3947060108185,1000,False,0,5,[-8.51982548  7.48984549  3.91447845],landing,[-0.82138112 -0.19970136 -0.21083176]
831.3947060108185,1001,False,6,2,[ 8.46966897 -0.56883094  3.99381647],cruising,[-0.48080528  0.59740651 -0.20557775]
831.3947060108185,1002,False,1,3,[-0.45220111 -6.76326215  4.        ],exiting,[ 0.5677905  -0.59831228 -0.99408226]
831.3947060108185,1003,False,2,1,[7.928377   3.77831434 4.00000003],cruising,[ 0.63925976  0.24903542 -0.34837281]
831.3947060108185,1004,False,3,4,[ 8.08370843 -3.08638955  4.        ],cruising,[-0.62185191  0.08809385  0.93462812]
831.3947060108185,1005,False,4,0,[2.60524675 8.774749   2.74594565],landing,[ 0.50568378 -0.03156594 -0.11489306]
831.4858899116516,1000,False,0,5,[-8.53789745  7.53269699  3.85816349],landing,[-0.82138112 -0.19970136 -0.21083176]
831.4858899116516,1001,False,6,2,[ 8.457729   -0.76847422  3.994744  ],cruising,[-0.48080528  0.59740651 -0.20557775]
831.4858899116516,1002,False,1,3,[-0.43528985 -6.86182182  4.        ],exiting,[ 0.5677905  -0.59831228 -0.99408226]
831.4858899116516,1003,False,2,1,[8.03960158 3.61356865 4.00000002],cruising,[ 0.63925976  0.24903542 -0.34837281]
831.4858899116516,1004,False,3,4,[ 8.02290127 -3.27692168  4.        ],cruising,[-0.62185191  0.08809385  0.93462812]
831.4858899116516,1005,False,4,0,[2.62447417 8.76136668 2.64872826],landing,[ 0.50568378 -0.03156594 -0.11489306]
831.5884761810303,1000,False,0,5,[-8.54449623  7.5662896   3.78833413],landing,[-0.82138112 -0.19970136 -0.21083176]
831.5884761810303,1001,False,6,2,[ 8.44381768 -0.96798982  3.9955324 ],cruising,[-0.48080528  0.59740651 -0.20557775]
831.5884761810303,1002,False,1,3,[-0.41837859 -6.96038149  4.        ],exiting,[ 0.5677905  -0.59831228 -0.99408226]
831.5884761810303,1003,False,2,1,[8.13324098 3.43929607 4.00000002],cruising,[ 0.63925976  0.24903542 -0.34837281]
831.5884761810303,1004,False,3,4,[ 7.95785674 -3.46604917  4.        ],exiting,[-0.62185191  0.08809385  0.93462812]
831.5884761810303,1005,False,4,0,[2.64370159 8.74798437 2.55151087],landing,[ 0.50568378 -0.03156594 -0.11489306]
831.6876044273376,1000,False,0,5,[-8.53952483  7.5904218   3.70521449],landing,[-0.82138112 -0.19970136 -0.21083176]
831.6876044273376,1001,False,6,2,[ 8.42562607 -1.16716076  3.99620254],cruising,[-0.48080528  0.59740651 -0.20557775]
831.6876044273376,1002,False,1,3,[-0.40146732 -7.05894117  4.        ],exiting,[ 0.5677905  -0.59831228 -0.99408226]
831.6876044273376,1003,False,2,1,[8.20887129 3.2563245  4.00000001],exiting,[ 0.63925976  0.24903542 -0.34837281]
831.6876044273376,1004,False,3,4,[ 7.90641438 -3.64051444  4.        ],exiting,[-0.62185191  0.08809385  0.93462812]
831.6876044273376,1005,False,4,0,[2.662929   8.73460205 2.45429349],landing,[ 0.50568378 -0.03156594 -0.11489306]
831.7800016403198,1000,False,0,5,[-8.52288692  7.60488967  3.60903755],landing,[-0.82138112 -0.19970136 -0.21083176]
831.7800016403198,1001,False,6,2,[ 8.40551371 -1.36614692  3.99677216],cruising,[-0.48080528  0.59740651 -0.20557775]
831.7800016403198,1002,False,1,3,[-0.38455606 -7.15750084  4.        ],exiting,[ 0.5677905  -0.59831228 -0.99408226]
831.7800016403198,1003,False,2,1,[8.26596611 3.08086531 4.00000001],exiting,[ 0.63925976  0.24903542 -0.34837281]
831.7800016403198,1004,False,3,4,[ 7.86872233 -3.80045632  4.        ],exiting,[-0.62185191  0.08809385  0.93462812]
831.7800016403198,1005,False,4,0,[2.68215642 8.72121973 2.3570761 ],landing,[ 0.50568378 -0.03156594 -0.11489306]
831.8855090141296,1000,False,0,5,[-8.50506037  7.61835998  3.51156568],landing,[-0.82138112 -0.19970136 -0.21083176]
831.8855090141296,1001,False,6,2,[ 8.38327808 -1.56490702  3.99725633],cruising,[-0.48080528  0.59740651 -0.20557775]
831.8855090141296,1002,False,1,3,[-0.3676448  -7.25606051  4.        ],exiting,[ 0.5677905  -0.59831228 -0.99408226]
831.8855090141296,1003,False,2,1,[8.30698655 2.9173063  4.00000001],exiting,[ 0.63925976  0.24903542 -0.34837281]
831.8855090141296,1004,False,3,4,[ 7.84496312 -3.94604982  4.        ],exiting,[-0.62185191  0.08809385  0.93462812]
831.8855090141296,1005,False,4,0,[2.70138384 8.70783741 2.25985872],landing,[ 0.50568378 -0.03156594 -0.11489306]
831.9841322898865,1000,False,0,5,[-8.48723383  7.6318303   3.41409382],landing,[-0.82138112 -0.19970136 -0.21083176]
831.9841322898865,1001,False,6,2,[ 8.35637505 -1.76308933  3.99766788],cruising,[-0.48080528  0.59740651 -0.20557775]
831.9841322898865,1002,False,1,3,[-0.35073354 -7.35462019  4.        ],exiting,[ 0.5677905  -0.59831228 -0.99408226]
831.9841322898865,1003,False,2,1,[8.33310453 2.76708582 4.00000001],exiting,[ 0.63925976  0.24903542 -0.34837281]
831.9841322898865,1004,False,3,4,[ 7.83536974 -4.07752491  4.        ],exiting,[-0.62185191  0.08809385  0.93462812]
831.9841322898865,1005,False,4,0,[2.72061125 8.69445509 2.16264133],landing,[ 0.50568378 -0.03156594 -0.11489306]
832.0827414989471,1000,False,0,5,[-8.46940728  7.64530062  3.31662195],landing,[-0.82138112 -0.19970136 -0.21083176]
832.0827414989471,1001,False,6,2,[ 8.32727398 -1.96096082  3.9980177 ],cruising,[-0.48080528  0.59740651 -0.20557775]
832.0827414989471,1002,False,1,3,[-0.33382227 -7.45317986  4.        ],exiting,[ 0.5677905  -0.59831228 -0.99408226]
832.0827414989471,1003,False,2,1,[8.34498517 2.63091163 4.        ],exiting,[ 0.63925976  0.24903542 -0.34837281]
832.0827414989471,1004,False,3,4,[ 7.84012201 -4.19506435  4.        ],exiting,[-0.62185191  0.08809385  0.93462812]
832.0827414989471,1005,False,4,0,[2.73983867 8.68107277 2.06542395],landing,[ 0.50568378 -0.03156594 -0.11489306]
832.1900544166565,1000,False,0,5,[-8.45158073  7.65877093  3.21915008],landing,[-0.82138112 -0.19970136 -0.21083176]
832.1900544166565,1001,False,6,2,[ 8.29571006 -2.15845442  3.99831505],cruising,[-0.48080528  0.59740651 -0.20557775]
832.1900544166565,1002,False,1,3,[-0.31691101 -7.55173953  4.        ],exiting,[ 0.5677905  -0.59831228 -0.99408226]
832.1900544166565,1003,False,2,1,[8.34310822 2.50925394 4.        ],exiting,[ 0.63925976  0.24903542 -0.34837281]
832.1900544166565,1004,False,3,4,[ 7.85939859 -4.29885446  4.        ],exiting,[-0.62185191  0.08809385  0.93462812]
832.1900544166565,1005,False,4,0,[2.75906609 8.66769046 1.96820656],landing,[ 0.50568378 -0.03156594 -0.11489306]
832.2831702232361,1000,False,0,5,[-8.43375419  7.67224125  3.12167822],landing,[-0.82138112 -0.19970136 -0.21083176]
832.2831702232361,1001,False,6,2,[ 8.25866671 -2.35499395  3.99856779],cruising,[-0.48080528  0.59740651 -0.20557775]
832.2831702232361,1002,False,1,3,[-0.29999975 -7.6502992   4.        ],exiting,[ 0.5677905  -0.59831228 -0.99408226]
832.2831702232361,1003,False,2,1,[8.32790658 2.4025111  4.        ],exiting,[ 0.63925976  0.24903542 -0.34837281]
832.2831702232361,1004,False,3,4,[ 7.88699545 -4.39497112  4.        ],exiting,[-0.62185191  0.08809385  0.93462812]
832.2831702232361,1005,False,4,0,[2.7782935  8.65430814 1.87098918],landing,[ 0.50568378 -0.03156594 -0.11489306]
832.3803641796112,1000,False,0,5,[-8.41592764  7.68571157  3.02420635],landing,[-0.82138112 -0.19970136 -0.21083176]
832.3803641796112,1001,False,6,2,[ 8.2189338  -2.55100746  3.99878262],cruising,[-0.48080528  0.59740651 -0.20557775]
832.3803641796112,1002,False,1,3,[-0.28308849 -7.74885888  4.        ],landing,[ 0.5677905  -0.59831228 -0.99408226]
832.3803641796112,1003,False,2,1,[8.29988265 2.31111716 4.        ],exiting,[ 0.63925976  0.24903542 -0.34837281]
832.3803641796112,1004,False,3,4,[ 7.91459232 -4.49108778  4.        ],exiting,[-0.62185191  0.08809385  0.93462812]
832.3803641796112,1005,False,4,0,[2.79752092 8.64092582 1.77377179],landing,[ 0.50568378 -0.03156594 -0.11489306]
832.4856293201447,1000,False,0,5,[-8.3981011   7.69918189  2.92673448],landing,[-0.82138112 -0.19970136 -0.21083176]
832.4856293201447,1001,False,6,2,[ 8.17302227 -2.74566648  3.99896523],cruising,[-0.48080528  0.59740651 -0.20557775]
832.4856293201447,1002,False,1,3,[-0.27171228 -7.83429355  3.98596086],landing,[ 0.5677905  -0.59831228 -0.99408226]
832.4856293201447,1003,False,2,1,[8.25929226 2.23528227 4.        ],exiting,[ 0.63925976  0.24903542 -0.34837281]
832.4856293201447,1004,False,3,4,[ 7.94218918 -4.58720445  4.        ],exiting,[-0.62185191  0.08809385  0.93462812]
832.4856293201447,1005,False,4,0,[2.81674834 8.6275435  1.67655441],landing,[ 0.50568378 -0.03156594 -0.11489306]
832.580991268158,1000,False,0,5,[-8.38027455  7.7126522   2.82926262],landing,[-0.82138112 -0.19970136 -0.21083176]
832.580991268158,1001,False,6,2,[ 8.12395619 -2.93955438  3.99912044],cruising,[-0.48080528  0.59740651 -0.20557775]
832.580991268158,1002,False,1,3,[-0.26586311 -7.90642741  3.95804583],landing,[ 0.5677905  -0.59831228 -0.99408226]
832.580991268158,1003,False,2,1,[8.20639969 2.17521623 4.        ],exiting,[ 0.63925976  0.24903542 -0.34837281]
832.580991268158,1004,False,3,4,[ 7.96978604 -4.68332111  4.        ],exiting,[-0.62185191  0.08809385  0.93462812]
832.580991268158,1005,False,4,0,[2.83597575 8.61416118 1.57933702],landing,[ 0.50568378 -0.03156594 -0.11489306]
832.6926624774933,1000,False,0,5,[-8.362448    7.72612252  2.73179075],landing,[-0.82138112 -0.19970136 -0.21083176]
832.6926624774933,1001,False,6,2,[ 8.0675123  -3.13142436  3.99925238],cruising,[-0.48080528  0.59740651 -0.20557775]
832.6926624774933,1002,False,1,3,[-0.26553042 -7.9650538   3.91645174],landing,[ 0.5677905  -0.59831228 -0.99408226]
832.6926624774933,1003,False,2,1,[8.1414781  2.13112838 3.99999999],exiting,[ 0.63925976  0.24903542 -0.34837281]
832.6926624774933,1004,False,3,4,[ 7.99738291 -4.77943778  4.        ],exiting,[-0.62185191  0.08809385  0.93462812]
832.6926624774933,1005,False,4,0,[2.85520317 8.60077887 1.48211964],fake_landed,[ 0.50568378 -0.03156594 -0.11489306]
832.7847323417664,1000,False,0,5,[-8.34462146  7.73959284  2.63431888],landing,[-0.82138112 -0.19970136 -0.21083176]
832.7847323417664,1001,False,6,2,[ 8.00716868 -3.3221038   3.99936452],cruising,[-0.48080528  0.59740651 -0.20557775]
832.7847323417664,1002,False,1,3,[-0.27069771 -8.00989104  3.86145581],landing,[ 0.5677905  -0.59831228 -0.99408226]
832.7847323417664,1003,False,2,1,[8.06481025 2.10322773 3.99999999],exiting,[ 0.63925976  0.24903542 -0.34837281]
832.7847323417664,1004,False,3,4,[ 8.02497977 -4.87555444  4.        ],exiting,[-0.62185191  0.08809385  0.93462812]
832.7847323417664,1005,False,4,0,[2.8705851  8.59007301 1.40434573],fake_landed,[ 0.50568378 -0.03156594 -0.11489306]
832.8794851303101,1000,False,0,5,[-8.32679491  7.75306315  2.53684702],landing,[-0.82138112 -0.19970136 -0.21083176]
832.8794851303101,1001,False,6,2,[ 7.93755109 -3.50959617  3.99945984],cruising,[-0.48080528  0.59740651 -0.20557775]
832.8794851303101,1002,False,1,3,[-0.28134921 -8.04070296  3.79329878],landing,[ 0.5677905  -0.59831228 -0.99408226]
832.8794851303101,1003,False,2,1,[7.97668944 2.0917231  4.        ],exiting,[ 0.63925976  0.24903542 -0.34837281]
832.8794851303101,1004,False,3,4,[ 8.05257663 -4.97167111  4.        ],exiting,[-0.62185191  0.08809385  0.93462812]
832.8794851303101,1005,False,4,0,[2.88212155 8.58204362 1.3460153 ],fake_landed,[ 0.50568378 -0.03156594 -0.11489306]
832.9941828250885,1000,False,0,5,[-8.30896837  7.76653347  2.43937515],landing,[-0.82138112 -0.19970136 -0.21083176]
832.9941828250885,1001,False,6,2,[ 7.85759261 -3.69291731  3.99954087],cruising,[-0.48080528  0.59740651 -0.20557775]
832.9941828250885,1002,False,1,3,[-0.2974687  -8.05727196  3.71220963],landing,[ 0.5677905  -0.59831228 -0.99408226]
832.9941828250885,1003,False,2,1,[7.8774205  2.09682326 4.        ],exiting,[ 0.63925976  0.24903542 -0.34837281]
832.9941828250885,1004,False,3,4,[ 8.08017349 -5.06778777  4.        ],exiting,[-0.62185191  0.08809385  0.93462812]
832.9941828250885,1005,False,4,0,[2.88981252 8.57669069 1.30712834],fake_landed,[ 0.50568378 -0.03156594 -0.11489306]
833.0838186740875,1000,False,0,5,[-8.29114182  7.78000379  2.34190328],landing,[-0.82138112 -0.19970136 -0.21083176]
833.0838186740875,1001,False,6,2,[ 7.7657315  -3.87057298  3.99960974],cruising,[-0.48080528  0.59740651 -0.20557775]
833.0838186740875,1002,False,1,3,[-0.31903818 -8.05937885  3.61842619],landing,[ 0.5677905  -0.59831228 -0.99408226]
833.0838186740875,1003,False,2,1,[7.77759822 2.10278244 4.        ],exiting,[ 0.63925976  0.24903542 -0.34837281]
833.0838186740875,1004,False,3,4,[ 8.10777036 -5.16390443  4.        ],exiting,[-0.62185191  0.08809385  0.93462812]
833.0838186740875,1005,False,4,0,[2.893658   8.57401423 1.28768487],fake_landed,[ 0.50568378 -0.03156594 -0.11489306]
833.189046382904,1000,False,0,5,[-8.27331528  7.7934741   2.24443142],landing,[-0.82138112 -0.19970136 -0.21083176]
833.189046382904,1001,False,6,2,[ 7.65984935 -4.04024611  3.99966828],cruising,[-0.48080528  0.59740651 -0.20557775]
833.189046382904,1002,False,1,3,[-0.34213145 -8.05736515  3.52115006],landing,[ 0.5677905  -0.59831228 -0.99408226]
833.189046382904,1003,False,2,1,[7.67777593 2.10874161 4.        ],exiting,[ 0.63925976  0.24903542 -0.34837281]
833.189046382904,1004,False,3,4,[ 8.13536722 -5.2600211   4.        ],exiting,[-0.62185191  0.08809385  0.93462812]
833.189046382904,1005,False,4,0,[2.893658   8.57401423 1.28768487],fake_landed,[ 0.50568378 -0.03156594 -0.11489306]
833.2901556491852,1000,False,0,5,[-8.25548873  7.80694442  2.14695955],landing,[-0.82138112 -0.19970136 -0.21083176]
833.2901556491852,1001,False,6,2,[ 7.53755998 -4.1984823   3.99971818],cruising,[-0.48080528  0.59740651 -0.20557775]
833.2901556491852,1002,False,1,3,[-0.36522472 -8.05535145  3.42387392],landing,[ 0.5677905  -0.59831228 -0.99408226]
833.2901556491852,1003,False,2,1,[7.57795365 2.11470079 4.        ],exiting,[ 0.63925976  0.24903542 -0.34837281]
833.2901556491852,1004,False,3,4,[ 8.16296408 -5.35613776  4.        ],exiting,[-0.62185191  0.08809385  0.93462812]
833.2901556491852,1005,False,0,6,[2.893658   8.57401423 1.28768487],waiting,[ 0.50568378 -0.03156594 -0.11489306]
833.3797283172607,1000,False,0,5,[-8.23766218  7.82041474  2.04948768],landing,[-0.82138112 -0.19970136 -0.21083176]
833.3797283172607,1001,False,6,2,[ 7.40028411 -4.34347445  3.99976233],cruising,[-0.48080528  0.59740651 -0.20557775]
833.3797283172607,1002,False,1,3,[-0.38831799 -8.05333776  3.32659779],landing,[ 0.5677905  -0.59831228 -0.99408226]
833.3797283172607,1003,False,2,1,[7.47813137 2.12065996 4.        ],exiting,[ 0.63925976  0.24903542 -0.34837281]
833.3797283172607,1004,False,3,4,[ 8.19056095 -5.45225443  4.        ],exiting,[-0.62185191  0.08809385  0.93462812]
833.3797283172607,1005,False,0,6,[2.893658   8.57401423 1.28768487],waiting,[ 0.50568378 -0.03156594 -0.11489306]
833.494202375412,1000,False,0,5,[-8.21983564  7.83388505  1.95201581],landing,[-0.82138112 -0.19970136 -0.21083176]
833.494202375412,1001,False,6,2,[ 7.25045238 -4.472899    3.99980346],cruising,[-0.48080528  0.59740651 -0.20557775]
833.494202375412,1002,False,1,3,[-0.41141125 -8.05132406  3.22932166],landing,[ 0.5677905  -0.59831228 -0.99408226]
833.494202375412,1003,False,2,1,[7.37830908 2.12661914 4.        ],exiting,[ 0.63925976  0.24903542 -0.34837281]
833.494202375412,1004,False,3,4,[ 8.21815781 -5.54837109  4.        ],exiting,[-0.62185191  0.08809385  0.93462812]
833.494202375412,1005,False,0,6,[2.893658   8.57401423 1.28768487],waiting,[ 0.50568378 -0.03156594 -0.11489306]
833.5812900066376,1000,False,0,5,[-8.20200909  7.84735537  1.85454395],landing,[-0.82138112 -0.19970136 -0.21083176]
833.5812900066376,1001,False,6,2,[ 7.08996725 -4.58539709  3.99984158],cruising,[-0.48080528  0.59740651 -0.20557775]
833.5812900066376,1002,False,1,3,[-0.43450452 -8.04931036  3.13204552],landing,[ 0.5677905  -0.59831228 -0.99408226]
833.5812900066376,1003,False,2,1,[7.2784868  2.13257831 4.        ],exiting,[ 0.63925976  0.24903542 -0.34837281]
833.5812900066376,1004,False,3,4,[ 8.24575467 -5.64448776  4.        ],exiting,[-0.62185191  0.08809385  0.93462812]
833.5812900066376,1005,False,0,6,[2.893658   8.57401423 1.28768487],waiting,[ 0.50568378 -0.03156594 -0.11489306]
833.6862947940826,1000,False,0,5,[-8.18418255  7.86082569  1.75707208],landing,[-0.82138112 -0.19970136 -0.21083176]
833.6862947940826,1001,False,6,2,[ 6.92088148 -4.6798389   3.99987664],cruising,[-0.48080528  0.59740651 -0.20557775]
833.6862947940826,1002,False,1,3,[-0.45759779 -8.04729666  3.03476939],landing,[ 0.5677905  -0.59831228 -0.99408226]
833.6862947940826,1003,False,2,1,[7.17866452 2.13853749 4.        ],exiting,[ 0.63925976  0.24903542 -0.34837281]
833.6862947940826,1004,False,3,4,[ 8.27335154 -5.74060442  4.        ],exiting,[-0.62185191  0.08809385  0.93462812]
833.6862947940826,1005,False,0,6,[2.893658   8.57401423 1.28768487],waiting,[ 0.50568378 -0.03156594 -0.11489306]
833.7858927249908,1000,False,0,5,[-8.166356    7.874296    1.65960021],landing,[-0.82138112 -0.19970136 -0.21083176]
833.7858927249908,1001,False,6,2,[ 6.74534196 -4.7553506   3.99990858],cruising,[-0.48080528  0.59740651 -0.20557775]
833.7858927249908,1002,False,1,3,[-0.48069105 -8.04528296  2.93749326],landing,[ 0.5677905  -0.59831228 -0.99408226]
833.7858927249908,1003,False,2,1,[7.07884223 2.14449666 4.        ],exiting,[ 0.63925976  0.24903542 -0.34837281]
833.7858927249908,1004,False,3,4,[ 8.3009484  -5.83672108  4.        ],exiting,[-0.62185191  0.08809385  0.93462812]
833.7858927249908,1005,False,0,6,[2.893658   8.57401423 1.28768487],queued,[ 0.50568378 -0.03156594 -0.11489306]
833.8794050216675,1000,False,0,5,[-8.14852945  7.88776632  1.56212835],landing,[-0.82138112 -0.19970136 -0.21083176]
833.8794050216675,1001,False,6,2,[ 6.56553687 -4.81132248  3.99993733],cruising,[-0.48080528  0.59740651 -0.20557775]
833.8794050216675,1002,False,1,3,[-0.50378432 -8.04326926  2.84021713],landing,[ 0.5677905  -0.59831228 -0.99408226]
833.8794050216675,1003,False,2,1,[6.97901995 2.15045584 4.        ],exiting,[ 0.63925976  0.24903542 -0.34837281]
833.8794050216675,1004,False,3,4,[ 8.32854526 -5.93283775  4.        ],exiting,[-0.62185191  0.08809385  0.93462812]
833.8794050216675,1005,False,0,6,[2.893658   8.57401423 1.30768487],queued,[ 0.50568378 -0.03156594 -0.11489306]
833.9888920783997,1000,False,0,5,[-8.13070291  7.90123664  1.46465648],fake_landed,[-0.82138112 -0.19970136 -0.21083176]
833.9888920783997,1001,False,6,2,[ 6.38367794 -4.84740009  3.99996279],cruising,[-0.48080528  0.59740651 -0.20557775]
833.9888920783997,1002,False,1,3,[-0.52687759 -8.04125557  2.74294099],landing,[ 0.5677905  -0.59831228 -0.99408226]
833.9888920783997,1003,False,2,1,[6.87919767 2.15641501 4.        ],exiting,[ 0.63925976  0.24903542 -0.34837281]
833.9888920783997,1004,False,3,4,[ 8.35614213 -6.02895441  4.        ],exiting,[-0.62185191  0.08809385  0.93462812]
833.9888920783997,1005,False,0,6,[2.893658   8.57401423 1.34768487],queued,[ 0.50568378 -0.03156594 -0.11489306]
834.0945241451263,1000,False,0,5,[-8.11644167  7.91201289  1.38667899],fake_landed,[-0.82138112 -0.19970136 -0.21083176]
834.0945241451263,1001,False,6,2,[ 6.20114842 -4.86348894  3.99998467],cruising,[-0.48080528  0.59740651 -0.20557775]
834.0945241451263,1002,False,1,3,[-0.54997086 -8.03924187  2.64566486],landing,[ 0.5677905  -0.59831228 -0.99408226]
834.0945241451263,1003,False,2,1,[6.77937538 2.16237419 4.        ],exiting,[ 0.63925976  0.24903542 -0.34837281]
834.0945241451263,1004,False,3,4,[ 8.38373899 -6.12507108  4.        ],exiting,[-0.62185191  0.08809385  0.93462812]
834.0945241451263,1005,False,0,6,[2.893658   8.57401423 1.40768487],queued,[ 0.50568378 -0.03156594 -0.11489306]
834.1877012252808,1000,False,0,5,[-8.10574574  7.92009508  1.32819587],fake_landed,[-0.82138112 -0.19970136 -0.21083176]
834.1877012252808,1001,False,6,2,[ 6.01940851 -4.85959339  4.00000288],cruising,[-0.48080528  0.59740651 -0.20557775]
834.1877012252808,1002,False,1,3,[-0.57306412 -8.03722817  2.54838873],landing,[ 0.5677905  -0.59831228 -0.99408226]
834.1877012252808,1003,False,2,1,[6.6795531  2.16833336 4.        ],exiting,[ 0.63925976  0.24903542 -0.34837281]
834.1877012252808,1004,False,3,4,[ 8.41133585 -6.22118774  4.        ],exiting,[-0.62185191  0.08809385  0.93462812]
834.1877012252808,1005,False,0,6,[2.893658   8.57401423 1.48268487],queued,[ 0.50568378 -0.03156594 -0.11489306]
834.2794122695923,1000,False,0,5,[-8.09861513  7.92548321  1.28920712],fake_landed,[-0.82138112 -0.19970136 -0.21083176]
834.2794122695923,1001,False,6,2,[ 5.83965054 -4.83579628  4.00001731],cruising,[-0.48080528  0.59740651 -0.20557775]
834.2794122695923,1002,False,1,3,[-0.59615739 -8.03521447  2.45111259],landing,[ 0.5677905  -0.59831228 -0.99408226]
834.2794122695923,1003,False,2,1,[6.57973082 2.17429254 4.        ],exiting,[ 0.63925976  0.24903542 -0.34837281]
834.2794122695923,1004,False,3,4,[ 8.43893271 -6.31730441  4.        ],exiting,[-0.62185191  0.08809385  0.93462812]
834.2794122695923,1005,False,0,6,[2.893658   8.57401423 1.55768487],queued,[ 0.50568378 -0.03156594 -0.11489306]
834.3871448040009,1000,False,0,5,[-8.09504982  7.92817727  1.26971275],fake_landed,[-0.82138112 -0.19970136 -0.21083176]
834.3871448040009,1001,False,6,2,[ 5.66241284 -4.79215861  4.00002766],cruising,[-0.48080528  0.59740651 -0.20557775]
834.3871448040009,1002,False,1,3,[-0.61925066 -8.03320077  2.35383646],landing,[ 0.5677905  -0.59831228 -0.99408226]
834.3871448040009,1003,False,2,1,[6.47990853 2.18025171 4.        ],exiting,[ 0.63925976  0.24903542 -0.34837281]
834.3871448040009,1004,False,3,4,[ 8.46652958 -6.41342107  4.        ],exiting,[-0.62185191  0.08809385  0.93462812]
834.3871448040009,1005,False,0,6,[2.893658   8.57401423 1.63268487],queued,[ 0.50568378 -0.03156594 -0.11489306]
834.4924516677856,1000,False,5,0,[-8.09504982  7.92817727  1.26971275],waiting,[-0.82138112 -0.19970136 -0.21083176]
834.4924516677856,1001,False,6,2,[ 5.48843151 -4.72878781  4.00003379],cruising,[-0.48080528  0.59740651 -0.20557775]
834.4924516677856,1002,False,1,3,[-0.64234392 -8.03118707  2.25656033],landing,[ 0.5677905  -0.59831228 -0.99408226]
834.4924516677856,1003,False,2,1,[6.38008625 2.18621089 4.        ],exiting,[ 0.63925976  0.24903542 -0.34837281]
834.4924516677856,1004,False,3,4,[ 8.49412644 -6.50953773  4.        ],exiting,[-0.62185191  0.08809385  0.93462812]
834.4924516677856,1005,False,0,6,[2.893658   8.57401423 1.70768487],queued,[ 0.50568378 -0.03156594 -0.11489306]
834.5794105529785,1000,False,5,0,[-8.09504982  7.92817727  1.26971275],waiting,[-0.82138112 -0.19970136 -0.21083176]
834.5794105529785,1001,False,6,2,[ 5.31750892 -4.6456523   4.00003523],cruising,[-0.48080528  0.59740651 -0.20557775]
834.5794105529785,1002,False,1,3,[-0.66543719 -8.02917338  2.15928419],landing,[ 0.5677905  -0.59831228 -0.99408226]
834.5794105529785,1003,False,2,1,[6.28026397 2.19217006 4.        ],exiting,[ 0.63925976  0.24903542 -0.34837281]
834.5794105529785,1004,False,3,4,[ 8.5217233 -6.6056544  4.       ],exiting,[-0.62185191  0.08809385  0.93462812]
834.5794105529785,1005,False,0,6,[2.893658   8.57401423 1.78268487],queued,[ 0.50568378 -0.03156594 -0.11489306]
834.6860997676849,1000,False,5,0,[-8.09504982  7.92817727  1.26971275],waiting,[-0.82138112 -0.19970136 -0.21083176]
834.6860997676849,1001,False,6,2,[ 5.14912062 -4.542678    4.00003154],cruising,[-0.48080528  0.59740651 -0.20557775]
834.6860997676849,1002,False,1,3,[-0.68853046 -8.02715968  2.06200806],landing,[ 0.5677905  -0.59831228 -0.99408226]
834.6860997676849,1003,False,2,1,[6.18044168 2.19812924 4.        ],exiting,[ 0.63925976  0.24903542 -0.34837281]
834.6860997676849,1004,False,3,4,[ 8.54932017 -6.70177106  4.        ],exiting,[-0.62185191  0.08809385  0.93462812]
834.6860997676849,1005,False,0,6,[2.893658   8.57401423 1.85768487],queued,[ 0.50568378 -0.03156594 -0.11489306]
834.7817103862762,1000,False,5,0,[-8.09504982  7.92817727  1.26971275],waiting,[-0.82138112 -0.19970136 -0.21083176]
834.7817103862762,1001,False,6,2,[ 4.97716082 -4.44055146  4.00002681],cruising,[-0.48080528  0.59740651 -0.20557775]
834.7817103862762,1002,False,1,3,[-0.71162372 -8.02514598  1.96473193],landing,[ 0.5677905  -0.59831228 -0.99408226]
834.7817103862762,1003,False,2,1,[6.0806194  2.20408841 4.        ],exiting,[ 0.63925976  0.24903542 -0.34837281]
834.7817103862762,1004,False,3,4,[ 8.57691703 -6.79788773  4.        ],exiting,[-0.62185191  0.08809385  0.93462812]
834.7817103862762,1005,False,0,6,[2.893658   8.57401423 1.93268487],queued,[ 0.50568378 -0.03156594 -0.11489306]
834.8939206600189,1000,False,5,0,[-8.09504982  7.92817727  1.26971275],waiting,[-0.82138112 -0.19970136 -0.21083176]
834.8939206600189,1001,False,6,2,[ 4.802389   -4.34331561  4.00002279],cruising,[-0.48080528  0.59740651 -0.20557775]
834.8939206600189,1002,False,1,3,[-0.73471699 -8.02313228  1.8674558 ],landing,[ 0.5677905  -0.59831228 -0.99408226]
834.8939206600189,1003,False,2,1,[5.98079712 2.21004758 4.        ],exiting,[ 0.63925976  0.24903542 -0.34837281]
834.8939206600189,1004,False,3,4,[ 8.60451389 -6.89400439  4.        ],exiting,[-0.62185191  0.08809385  0.93462812]
834.8939206600189,1005,False,0,6,[2.893658   8.57401423 2.00768487],queued,[ 0.50568378 -0.03156594 -0.11489306]
834.9820346832275,1000,False,5,0,[-8.09504982  7.92817727  1.26971275],waiting,[-0.82138112 -0.19970136 -0.21083176]
834.9820346832275,1001,False,6,2,[ 4.62448284 -4.25194057  4.00001937],cruising,[-0.48080528  0.59740651 -0.20557775]
834.9820346832275,1002,False,1,3,[-0.75781026 -8.02111858  1.77017966],landing,[ 0.5677905  -0.59831228 -0.99408226]
834.9820346832275,1003,False,2,1,[5.88097483 2.21600676 4.        ],exiting,[ 0.63925976  0.24903542 -0.34837281]
834.9820346832275,1004,False,3,4,[ 8.63211076 -6.99012106  4.        ],exiting,[-0.62185191  0.08809385  0.93462812]
834.9820346832275,1005,False,0,6,[2.893658   8.57401423 2.08268487],queued,[ 0.50568378 -0.03156594 -0.11489306]
835.087614774704,1000,False,5,0,[-8.09504982  7.92817727  1.26971275],waiting,[-0.82138112 -0.19970136 -0.21083176]
835.087614774704,1001,False,6,2,[ 4.4450134  -4.16367552  4.00001646],cruising,[-0.48080528  0.59740651 -0.20557775]
835.087614774704,1002,False,1,3,[-0.78090353 -8.01910488  1.67290353],landing,[ 0.5677905  -0.59831228 -0.99408226]
835.087614774704,1003,False,2,1,[5.78115255 2.22196593 4.        ],exiting,[ 0.63925976  0.24903542 -0.34837281]
835.087614774704,1004,False,3,4,[ 8.65970762 -7.08623772  4.        ],landing,[-0.62185191  0.08809385  0.93462812]
835.087614774704,1005,False,0,6,[2.893658   8.57401423 2.15768487],queued,[ 0.50568378 -0.03156594 -0.11489306]
835.1898412704468,1000,False,5,0,[-8.09504982  7.92817727  1.26971275],waiting,[-0.82138112 -0.19970136 -0.21083176]
835.1898412704468,1001,False,6,2,[ 4.263698   -4.07926743  4.00001399],cruising,[-0.48080528  0.59740651 -0.20557775]
835.1898412704468,1002,False,1,3,[-0.80399679 -8.01709119  1.5756274 ],landing,[ 0.5677905  -0.59831228 -0.99408226]
835.1898412704468,1003,False,2,1,[5.68133027 2.22792511 4.        ],exiting,[ 0.63925976  0.24903542 -0.34837281]
835.1898412704468,1004,False,3,4,[ 8.68038303 -7.17011075  3.98578076],landing,[-0.62185191  0.08809385  0.93462812]
835.1898412704468,1005,False,0,6,[2.893658   8.57401423 2.23268487],queued,[ 0.50568378 -0.03156594 -0.11489306]
835.2869334220886,1000,False,5,0,[-8.09504982  7.92817727  1.26971275],waiting,[-0.82138112 -0.19970136 -0.21083176]
835.2869334220886,1001,False,6,2,[ 4.08152633 -3.9967236   4.00001189],cruising,[-0.48080528  0.59740651 -0.20557775]
835.2869334220886,1002,False,1,3,[-0.82709006 -8.01507749  1.47835126],fake_landed,[ 0.5677905  -0.59831228 -0.99408226]
835.2869334220886,1003,False,2,1,[5.58150798 2.23388428 4.        ],landing,[ 0.63925976  0.24903542 -0.34837281]
835.2869334220886,1004,False,3,4,[ 8.69412455 -7.24156248  3.95750333],landing,[-0.62185191  0.08809385  0.93462812]
835.2869334220886,1005,False,0,6,[2.893658   8.57401423 2.30768487],queued,[ 0.50568378 -0.03156594 -0.11489306]
835.3850047588348,1000,False,5,0,[-8.09504982  7.92817727  1.26971275],queued,[-0.82138112 -0.19970136 -0.21083176]
835.3850047588348,1001,False,6,2,[ 3.89824688 -3.91666959  4.00001011],cruising,[-0.48080528  0.59740651 -0.20557775]
835.3850047588348,1002,False,1,3,[-0.84556467 -8.01346653  1.40053036],fake_landed,[ 0.5677905  -0.59831228 -0.99408226]
835.3850047588348,1003,False,2,1,[5.49553525 2.23586409 3.9861308 ],landing,[ 0.63925976  0.24903542 -0.34837281]
835.3850047588348,1004,False,3,4,[ 8.70091862 -7.30038275  3.91536304],landing,[-0.62185191  0.08809385  0.93462812]
835.3850047588348,1005,False,0,6,[2.893658   8.57401423 2.38268487],entering,[ 0.50568378 -0.03156594 -0.11489306]
835.4916682243347,1000,False,5,0,[-8.09504982  7.92817727  1.28971275],queued,[-0.82138112 -0.19970136 -0.21083176]
835.4916682243347,1001,False,6,2,[ 3.71444212 -3.83782918  4.00000859],cruising,[-0.48080528  0.59740651 -0.20557775]
835.4916682243347,1002,False,1,3,[-0.85942063 -8.01225831  1.34216468],fake_landed,[ 0.5677905  -0.59831228 -0.99408226]
835.4916682243347,1003,False,2,1,[5.42358355 2.23389191 3.95855787],landing,[ 0.63925976  0.24903542 -0.34837281]
835.4916682243347,1004,False,3,4,[ 8.70074861 -7.34628026  3.85963952],landing,[-0.62185191  0.08809385  0.93462812]
835.4916682243347,1005,False,0,6,[2.89005967 8.55434059 2.45768487],entering,[ 0.50568378 -0.03156594 -0.11489306]
835.5843262672424,1000,False,5,0,[-8.09504982  7.92817727  1.32971275],queued,[-0.82138112 -0.19970136 -0.21083176]
835.5843262672424,1001,False,6,2,[ 3.52992617 -3.76066791  4.0000073 ],cruising,[-0.48080528  0.59740651 -0.20557775]
835.5843262672424,1002,False,1,3,[-0.86865794 -8.01145283  1.30325423],fake_landed,[ 0.5677905  -0.59831228 -0.99408226]
835.5843262672424,1003,False,2,1,[5.36585327 2.22800088 3.91747961],landing,[ 0.63925976  0.24903542 -0.34837281]
835.5843262672424,1004,False,3,4,[ 8.69360324 -7.37902588  3.7905604 ],landing,[-0.62185191  0.08809385  0.93462812]
835.5843262672424,1005,False,0,6,[2.88308407 8.51495417 2.53268487],entering,[ 0.50568378 -0.03156594 -0.11489306]
835.6881492137909,1000,False,5,0,[-8.09504982  7.92817727  1.38971275],queued,[-0.82138112 -0.19970136 -0.21083176]
835.6881492137909,1001,False,6,2,[ 3.34498259 -3.68453727  4.00000621],cruising,[-0.48080528  0.59740651 -0.20557775]
835.6881492137909,1002,False,1,3,[-0.87327659 -8.01105009  1.283799  ],fake_landed,[ 0.5677905  -0.59831228 -0.99408226]
835.6881492137909,1003,False,2,1,[5.32261336 2.21823751 3.8631713 ],landing,[ 0.63925976  0.24903542 -0.34837281]
835.6881492137909,1004,False,3,4,[ 8.67947324 -7.39839843  3.70835208],landing,[-0.62185191  0.08809385  0.93462812]
835.6881492137909,1005,False,0,6,[2.87283139 8.45583805 2.60768487],entering,[ 0.50568378 -0.03156594 -0.11489306]
835.7894356250763,1000,False,5,0,[-8.09504982  7.92817727  1.46471275],queued,[-0.82138112 -0.19970136 -0.21083176]
835.7894356250763,1001,False,6,2,[ 3.15953625 -3.60963965  4.00000528],cruising,[-0.48080528  0.59740651 -0.20557775]
835.7894356250763,1002,False,3,5,[-0.87327659 -8.01105009  1.283799  ],waiting,[ 0.5677905  -0.59831228 -0.99408226]
835.7894356250763,1003,False,2,1,[5.29410206 2.20464507 3.79588586],landing,[ 0.63925976  0.24903542 -0.34837281]
835.7894356250763,1004,False,3,4,[ 8.65835093 -7.40417488  3.61324982],landing,[-0.62185191  0.08809385  0.93462812]
835.7894356250763,1005,False,0,6,[2.85942333 8.37697241 2.68268487],entering,[ 0.50568378 -0.03156594 -0.11489306]
835.8891875743866,1000,False,5,0,[-8.09504982  7.92817727  1.53971275],queued,[-0.82138112 -0.19970136 -0.21083176]
835.8891875743866,1001,False,6,2,[ 2.97358951 -3.53599313  4.00000449],cruising,[-0.48080528  0.59740651 -0.20557775]
835.8891875743866,1002,False,3,5,[-0.87327659 -8.01105009  1.283799  ],waiting,[ 0.5677905  -0.59831228 -0.99408226]
835.8891875743866,1003,False,2,1,[5.28053039 2.18726359 3.71585478],landing,[ 0.63925976  0.24903542 -0.34837281]
835.8891875743866,1004,False,3,4,[ 8.63595442 -7.40743476  3.51584464],landing,[-0.62185191  0.08809385  0.93462812]
835.8891875743866,1005,False,0,6,[2.84337382 8.27828197 2.75768487],entering,[ 0.50568378 -0.03156594 -0.11489306]
835.98561835289,1000,False,5,0,[-8.09504982  7.92817727  1.61471275],queued,[-0.82138112 -0.19970136 -0.21083176]
835.98561835289,1001,False,6,2,[ 2.7870521  -3.4638558   4.00000381],cruising,[-0.48080528  0.59740651 -0.20557775]
835.98561835289,1002,False,3,5,[-0.87327659 -8.01105009  1.283799  ],waiting,[ 0.5677905  -0.59831228 -0.99408226]
835.98561835289,1003,False,2,1,[5.28211052 2.16613503 3.62331843],landing,[ 0.63925976  0.24903542 -0.34837281]
835.98561835289,1004,False,3,4,[ 8.61355791 -7.41069465  3.41843945],landing,[-0.62185191  0.08809385  0.93462812]
835.98561835289,1005,False,0,6,[2.82523899 8.15970054 2.83268487],entering,[ 0.50568378 -0.03156594 -0.11489306]
836.0946731567383,1000,False,5,0,[-8.09504982  7.92817727  1.68971275],queued,[-0.82138112 -0.19970136 -0.21083176]
836.0946731567383,1001,False,6,2,[ 2.60003751 -3.39296474  4.00000324],cruising,[-0.48080528  0.59740651 -0.20557775]
836.0946731567383,1002,False,3,5,[-0.87327659 -8.01105009  1.283799  ],waiting,[ 0.5677905  -0.59831228 -0.99408226]
836.0946731567383,1003,False,2,1,[5.28947772 2.14361192 3.52616683],landing,[ 0.63925976  0.24903542 -0.34837281]
836.0946731567383,1004,False,3,4,[ 8.59116141 -7.41395453  3.32103427],landing,[-0.62185191  0.08809385  0.93462812]
836.0946731567383,1005,False,0,6,[2.80620063 8.02113953 2.90768487],entering,[ 0.50568378 -0.03156594 -0.11489306]
836.1829333305359,1000,False,5,0,[-8.09504982  7.92817727  1.76471275],queued,[-0.82138112 -0.19970136 -0.21083176]
836.1829333305359,1001,False,6,2,[ 2.41223644 -3.32418421  4.00000275],cruising,[-0.48080528  0.59740651 -0.20557775]
836.1829333305359,1002,False,3,5,[-0.87327659 -8.01105009  1.283799  ],waiting,[ 0.5677905  -0.59831228 -0.99408226]
836.1829333305359,1003,False,2,1,[5.29684492 2.1210888  3.42901523],landing,[ 0.63925976  0.24903542 -0.34837281]
836.1829333305359,1004,False,3,4,[ 8.5687649  -7.41721442  3.22362909],landing,[-0.62185191  0.08809385  0.93462812]
836.1829333305359,1005,False,0,6,[2.78804563 7.86259804 2.98268487],entering,[ 0.50568378 -0.03156594 -0.11489306]
836.2940626144409,1000,False,5,0,[-8.09504982  7.92817727  1.83971275],queued,[-0.82138112 -0.19970136 -0.21083176]
836.2940626144409,1001,False,6,2,[ 2.22350217 -3.25800738  4.00000234],cruising,[-0.48080528  0.59740651 -0.20557775]
836.2940626144409,1002,False,3,5,[-0.87327659 -8.01105009  1.283799  ],queued,[ 0.5677905  -0.59831228 -0.99408226]
836.2940626144409,1003,False,2,1,[5.30421212 2.09856568 3.33186363],landing,[ 0.63925976  0.24903542 -0.34837281]
836.2940626144409,1004,False,3,4,[ 8.54636839 -7.4204743   3.1262239 ],landing,[-0.62185191  0.08809385  0.93462812]
836.2940626144409,1005,False,0,6,[2.77371092 7.6844248  3.05768487],entering,[ 0.50568378 -0.03156594 -0.11489306]
836.3796219825745,1000,False,5,0,[-8.09504982  7.92817727  1.91471275],queued,[-0.82138112 -0.19970136 -0.21083176]
836.3796219825745,1001,False,6,2,[ 2.03417076 -3.19355881  4.00000199],cruising,[-0.48080528  0.59740651 -0.20557775]
836.3796219825745,1002,False,3,5,[-0.87327659 -8.01105009  1.303799  ],queued,[ 0.5677905  -0.59831228 -0.99408226]
836.3796219825745,1003,False,2,1,[5.31157932 2.07604257 3.23471203],landing,[ 0.63925976  0.24903542 -0.34837281]
836.3796219825745,1004,False,3,4,[ 8.52397189 -7.42373419  3.02881872],landing,[-0.62185191  0.08809385  0.93462812]
836.3796219825745,1005,False,0,6,[2.76861335 7.48851248 3.13268487],entering,[ 0.50568378 -0.03156594 -0.11489306]
836.4892637729645,1000,False,5,0,[-8.09504982  7.92817727  1.98971275],queued,[-0.82138112 -0.19970136 -0.21083176]
836.4892637729645,1001,False,6,2,[ 1.84356677 -3.1329773   4.00000169],cruising,[-0.48080528  0.59740651 -0.20557775]
836.4892637729645,1002,False,3,5,[-0.87327659 -8.01105009  1.343799  ],queued,[ 0.5677905  -0.59831228 -0.99408226]
836.4892637729645,1003,False,2,1,[5.31894652 2.05351945 3.13756043],landing,[ 0.63925976  0.24903542 -0.34837281]
836.4892637729645,1004,False,3,4,[ 8.50157538 -7.42699407  2.93141354],landing,[-0.62185191  0.08809385  0.93462812]
836.4892637729645,1005,False,0,6,[2.77385852 7.28858127 3.20768487],entering,[ 0.50568378 -0.03156594 -0.11489306]
836.590224981308,1000,False,5,0,[-8.09504982  7.92817727  2.06471275],queued,[-0.82138112 -0.19970136 -0.21083176]
836.590224981308,1001,False,6,2,[ 1.65150466 -3.0771907   4.00000144],cruising,[-0.48080528  0.59740651 -0.20557775]
836.590224981308,1002,False,3,5,[-0.87327659 -8.01105009  1.403799  ],queued,[ 0.5677905  -0.59831228 -0.99408226]
836.590224981308,1003,False,2,1,[5.32631372 2.03099633 3.04040883],landing,[ 0.63925976  0.24903542 -0.34837281]
836.590224981308,1004,False,3,4,[ 8.47917888 -7.43025396  2.83400836],landing,[-0.62185191  0.08809385  0.93462812]
836.590224981308,1005,False,0,6,[2.79273782 7.08947433 3.28268487],entering,[ 0.50568378 -0.03156594 -0.11489306]
836.680835723877,1000,False,5,0,[-8.09504982  7.92817727  2.13971275],queued,[-0.82138112 -0.19970136 -0.21083176]
836.680835723877,1001,False,6,2,[ 1.45779117 -3.02744047  4.00000122],cruising,[-0.48080528  0.59740651 -0.20557775]
836.680835723877,1002,False,3,5,[-0.87327659 -8.01105009  1.478799  ],queued,[ 0.5677905  -0.59831228 -0.99408226]
836.680835723877,1003,False,2,1,[5.33368092 2.00847322 2.94325723],landing,[ 0.63925976  0.24903542 -0.34837281]
836.680835723877,1004,False,3,4,[ 8.45678237 -7.43351384  2.73660317],landing,[-0.62185191  0.08809385  0.93462812]
836.680835723877,1005,False,0,6,[2.8285361  6.8927042  3.35768487],entering,[ 0.50568378 -0.03156594 -0.11489306]
836.7895715236664,1000,False,5,0,[-8.09504982  7.92817727  2.21471275],queued,[-0.82138112 -0.19970136 -0.21083176]
836.7895715236664,1001,False,6,2,[ 1.26225365 -2.98542766  4.00000104],cruising,[-0.48080528  0.59740651 -0.20557775]
836.7895715236664,1002,False,3,5,[-0.87327659 -8.01105009  1.553799  ],queued,[ 0.5677905  -0.59831228 -0.99408226]
836.7895715236664,1003,False,2,1,[5.34104812 1.9859501  2.84610562],landing,[ 0.63925976  0.24903542 -0.34837281]
836.7895715236664,1004,False,3,4,[ 8.43438586 -7.43677372  2.63919799],landing,[-0.62185191  0.08809385  0.93462812]
836.7895715236664,1005,False,0,6,[2.88037435 6.699539   3.43268487],entering,[ 0.50568378 -0.03156594 -0.11489306]
836.8861248493195,1000,False,5,0,[-8.09504982  7.92817727  2.28971275],queued,[-0.82138112 -0.19970136 -0.21083176]
836.8861248493195,1001,False,6,2,[ 1.06481326 -2.95353261  4.00000088],cruising,[-0.48080528  0.59740651 -0.20557775]
836.8861248493195,1002,False,3,5,[-0.87327659 -8.01105009  1.628799  ],queued,[ 0.5677905  -0.59831228 -0.99408226]
836.8861248493195,1003,False,2,1,[5.34841532 1.96342699 2.74895402],landing,[ 0.63925976  0.24903542 -0.34837281]
836.8861248493195,1004,False,3,4,[ 8.41198936 -7.44003361  2.54179281],landing,[-0.62185191  0.08809385  0.93462812]
836.8861248493195,1005,False,0,6,[2.94430963 6.51003365 3.50768487],entering,[ 0.50568378 -0.03156594 -0.11489306]
836.9919941425323,1000,False,5,0,[-8.09504982  7.92817727  2.36471275],queued,[-0.82138112 -0.19970136 -0.21083176]
836.9919941425323,1001,False,6,2,[ 0.86521703 -2.94152103  4.00000075],cruising,[-0.48080528  0.59740651 -0.20557775]
836.9919941425323,1002,False,3,5,[-0.87327659 -8.01105009  1.703799  ],queued,[ 0.5677905  -0.59831228 -0.99408226]
836.9919941425323,1003,False,2,1,[5.35578252 1.94090387 2.65180242],landing,[ 0.63925976  0.24903542 -0.34837281]
836.9919941425323,1004,False,3,4,[ 8.38959285 -7.44329349  2.44438762],landing,[-0.62185191  0.08809385  0.93462812]
836.9919941425323,1005,False,0,6,[3.02100487 6.32532349 3.58153214],entering,[ 0.50568378 -0.03156594 -0.11489306]
837.0833353996277,1000,False,5,0,[-8.09504982  7.92817727  2.43971275],queued,[-0.82138112 -0.19970136 -0.21083176]
837.0833353996277,1001,False,6,2,[ 0.66526452 -2.9458793   4.00000064],cruising,[-0.48080528  0.59740651 -0.20557775]
837.0833353996277,1002,False,3,5,[-0.87327659 -8.01105009  1.778799  ],queued,[ 0.5677905  -0.59831228 -0.99408226]
837.0833353996277,1003,False,2,1,[5.36314972 1.91838075 2.55465082],landing,[ 0.63925976  0.24903542 -0.34837281]
837.0833353996277,1004,False,3,4,[ 8.36719634 -7.44655338  2.34698244],landing,[-0.62185191  0.08809385  0.93462812]
837.0833353996277,1005,False,0,6,[3.11306466 6.1478079  3.64478841],entering,[ 0.50568378 -0.03156594 -0.11489306]
837.1804122924805,1000,False,5,0,[-8.09504982  7.92817727  2.51471275],entering,[-0.82138112 -0.19970136 -0.21083176]
837.1804122924805,1001,False,6,2,[ 0.46576229 -2.959981    4.00000054],cruising,[-0.48080528  0.59740651 -0.20557775]
837.1804122924805,1002,False,3,5,[-0.87327659 -8.01105009  1.853799  ],entering,[ 0.5677905  -0.59831228 -0.99408226]
837.1804122924805,1003,False,2,1,[5.37051692 1.89585764 2.45749922],landing,[ 0.63925976  0.24903542 -0.34837281]
837.1804122924805,1004,False,3,4,[ 8.34479984 -7.44981326  2.24957726],landing,[-0.62185191  0.08809385  0.93462812]
837.1804122924805,1005,False,0,6,[3.2195058  5.97848489 3.69807015],entering,[ 0.50568378 -0.03156594 -0.11489306]
837.2821106910706,1000,False,5,0,[-8.07719992  7.91915613  2.58971275],entering,[-0.82138112 -0.19970136 -0.21083176]
837.2821106910706,1001,False,6,2,[ 0.2679133  -2.98923471  4.00000046],cruising,[-0.48080528  0.59740651 -0.20557775]
837.2821106910706,1002,False,3,5,[-0.87976779 -7.99213279  1.928799  ],entering,[ 0.5677905  -0.59831228 -0.99408226]
837.2821106910706,1003,False,2,1,[5.37788412 1.87333452 2.36034762],landing,[ 0.63925976  0.24903542 -0.34837281]
837.2821106910706,1004,False,3,4,[ 8.32240333 -7.45307315  2.15217207],landing,[-0.62185191  0.08809385  0.93462812]
837.2821106910706,1005,False,0,6,[3.34109135 5.81973036 3.74367375],entering,[ 0.50568378 -0.03156594 -0.11489306]
837.389876127243,1000,False,5,0,[-8.04148644  7.90114095  2.66471275],entering,[-0.82138112 -0.19970136 -0.21083176]
837.389876127243,1001,False,6,2,[ 0.07368612 -3.03694008  4.00000039],cruising,[-0.48080528  0.59740651 -0.20557775]
837.389876127243,1002,False,3,5,[-0.89275019 -7.95429818  2.003799  ],entering,[ 0.5677905  -0.59831228 -0.99408226]
837.389876127243,1003,False,2,1,[5.38525132 1.85081141 2.26319602],landing,[ 0.63925976  0.24903542 -0.34837281]
837.389876127243,1004,False,3,4,[ 8.30000683 -7.45633303  2.05476689],landing,[-0.62185191  0.08809385  0.93462812]
837.389876127243,1005,False,0,6,[3.47698146 5.67298704 3.78212817],entering,[ 0.50568378 -0.03156594 -0.11489306]
837.4840290546417,1000,False,5,0,[-7.98787923  7.87419189  2.73971275],entering,[-0.82138112 -0.19970136 -0.21083176]
837.4840290546417,1001,False,6,2,[-0.11729014 -3.09633761  4.00000033],cruising,[-0.48080528  0.59740651 -0.20557775]
837.4840290546417,1002,False,3,5,[-0.91222379 -7.89754628  2.078799  ],entering,[ 0.5677905  -0.59831228 -0.99408226]
837.4840290546417,1003,False,2,1,[5.39261852 1.82828829 2.16604442],landing,[ 0.63925976  0.24903542 -0.34837281]
837.4840290546417,1004,False,3,4,[ 8.27761032 -7.45959291  1.95736171],landing,[-0.62185191  0.08809385  0.93462812]
837.4840290546417,1005,False,0,6,[3.62630324 5.5400032  3.81508109],entering,[ 0.50568378 -0.03156594 -0.11489306]
837.589736700058,1000,False,5,0,[-7.91632115  7.8384243   2.81471275],entering,[-0.82138112 -0.19970136 -0.21083176]
837.589736700058,1001,False,6,2,[-0.30472515 -3.1661095   4.00000028],cruising,[-0.48080528  0.59740651 -0.20557775]
837.589736700058,1002,False,3,5,[-0.93818859 -7.82187707  2.153799  ],entering,[ 0.5677905  -0.59831228 -0.99408226]
837.589736700058,1003,False,2,1,[5.39998572 1.80576517 2.06889282],landing,[ 0.63925976  0.24903542 -0.34837281]
837.589736700058,1004,False,3,4,[ 8.25521381 -7.4628528   1.85995653],landing,[-0.62185191  0.08809385  0.93462812]
837.589736700058,1005,False,0,6,[3.78779142 5.42203268 3.84287849],cruising,[ 0.50568378 -0.03156594 -0.11489306]
837.6932427883148,1000,False,5,0,[-7.82676398  7.79393704  2.88971275],entering,[-0.82138112 -0.19970136 -0.21083176]
837.6932427883148,1001,False,6,2,[-0.4875581  -3.24717807  4.00000024],cruising,[-0.48080528  0.59740651 -0.20557775]
837.6932427883148,1002,False,3,5,[-0.97064459 -7.72729056  2.228799  ],entering,[ 0.5677905  -0.59831228 -0.99408226]
837.6932427883148,1003,False,2,1,[5.40735292 1.78324206 1.97174121],landing,[ 0.63925976  0.24903542 -0.34837281]
837.6932427883148,1004,False,3,4,[ 8.23281731 -7.46611268  1.76255134],landing,[-0.62185191  0.08809385  0.93462812]
837.6932427883148,1005,False,0,6,[3.95979932 5.31998718 3.86644672],cruising,[ 0.50568378 -0.03156594 -0.11489306]
837.7920014858246,1000,False,5,0,[-7.71918355  7.74078017  2.96471275],entering,[-0.82138112 -0.19970136 -0.21083176]
837.7920014858246,1001,False,6,2,[-0.6669777 -3.3355444  4.0000002],cruising,[-0.48080528  0.59740651 -0.20557775]
837.7920014858246,1002,False,3,5,[-1.00959178 -7.61378674  2.303799  ],entering,[ 0.5677905  -0.59831228 -0.99408226]
837.7920014858246,1003,False,2,1,[5.41472012 1.76071894 1.87458961],landing,[ 0.63925976  0.24903542 -0.34837281]
837.7920014858246,1004,False,3,4,[ 8.2104208  -7.46937257  1.66514616],landing,[-0.62185191  0.08809385  0.93462812]
837.7920014858246,1005,False,0,6,[4.13978281 5.23277512 3.88647971],cruising,[ 0.50568378 -0.03156594 -0.11489306]
837.8910636901855,1000,False,5,0,[-7.59355801  7.67899928  3.03971275],entering,[-0.82138112 -0.19970136 -0.21083176]
837.8910636901855,1001,False,6,2,[-0.84482453 -3.42703487  4.00000017],cruising,[-0.48080528  0.59740651 -0.20557775]
837.8910636901855,1002,False,3,5,[-1.05503018 -7.48136562  2.378799  ],entering,[ 0.5677905  -0.59831228 -0.99408226]
837.8910636901855,1003,False,2,1,[5.42208732 1.73819582 1.77743801],landing,[ 0.63925976  0.24903542 -0.34837281]
837.8910636901855,1004,False,3,4,[ 8.1880243  -7.47263245  1.56774098],landing,[-0.62185191  0.08809385  0.93462812]
837.8910636901855,1005,False,0,6,[4.32549666 5.15854329 3.90350775],cruising,[ 0.50568378 -0.03156594 -0.11489306]
837.9859628677368,1000,False,5,0,[-7.44944006  7.60960057  3.11471275],entering,[-0.82138112 -0.19970136 -0.21083176]
837.9859628677368,1001,False,6,2,[-1.02395164 -3.51599261  4.00000015],cruising,[-0.48080528  0.59740651 -0.20557775]
837.9859628677368,1002,False,3,5,[-1.10695977 -7.33002721  2.453799  ],entering,[ 0.5677905  -0.59831228 -0.99408226]
837.9859628677368,1003,False,2,1,[5.42945452 1.71567271 1.68028641],landing,[ 0.63925976  0.24903542 -0.34837281]
837.9859628677368,1004,False,3,4,[ 8.16562779 -7.47589234  1.47033579],fake_landed,[-0.62185191  0.08809385  0.93462812]
837.9859628677368,1005,False,0,6,[4.51538357 5.09575029 3.91798159],cruising,[ 0.50568378 -0.03156594 -0.11489306]
838.0912165641785,1000,False,5,0,[-7.28660601  7.53315152  3.18971275],entering,[-0.82138112 -0.19970136 -0.21083176]
838.0912165641785,1001,False,6,2,[-1.20721673 -3.59607946  4.00000013],cruising,[-0.48080528  0.59740651 -0.20557775]
838.0912165641785,1002,False,3,5,[-1.16538057 -7.15977148  2.528799  ],entering,[ 0.5677905  -0.59831228 -0.99408226]
838.0912165641785,1003,False,2,1,[5.43682172 1.69314959 1.58313481],landing,[ 0.63925976  0.24903542 -0.34837281]
838.0912165641785,1004,False,3,4,[ 8.14771058 -7.47850024  1.39241165],fake_landed,[-0.62185191  0.08809385  0.93462812]
838.0912165641785,1005,False,0,6,[4.70804716 5.04207774 3.93028435],cruising,[ 0.50568378 -0.03156594 -0.11489306]
838.1906571388245,1000,False,5,0,[-7.10427014  7.45226636  3.26471275],entering,[-0.82138112 -0.19970136 -0.21083176]
838.1906571388245,1001,False,6,2,[-1.3973933  -3.65739849  4.00000011],cruising,[-0.48080528  0.59740651 -0.20557775]
838.1906571388245,1002,False,3,5,[-1.2315462 -6.9710762  2.603799 ],entering,[ 0.5677905  -0.59831228 -0.99408226]
838.1906571388245,1003,False,2,1,[5.44418892 1.67062648 1.48598321],fake_landed,[ 0.63925976  0.24903542 -0.34837281]
838.1906571388245,1004,False,3,4,[ 8.13427268 -7.48045617  1.33396854],fake_landed,[-0.62185191  0.08809385  0.93462812]
838.1906571388245,1005,False,0,6,[4.90262599 4.99582756 3.9407417 ],cruising,[ 0.50568378 -0.03156594 -0.11489306]
838.2866923809052,1000,False,5,0,[-6.92043752  7.37349094  3.33971275],entering,[-0.82138112 -0.19970136 -0.21083176]
838.2866923809052,1001,False,6,2,[-1.59132964 -3.69907409  4.00000009],cruising,[-0.48080528  0.59740651 -0.20557775]
838.2866923809052,1002,False,3,5,[-1.29772768 -6.78234355  2.678799  ],entering,[ 0.5677905  -0.59831228 -0.99408226]
838.2866923809052,1003,False,2,1,[5.45008268 1.65260798 1.40826193],fake_landed,[ 0.63925976  0.24903542 -0.34837281]
838.2866923809052,1004,False,3,4,[ 8.12531408 -7.48176013  1.29500646],fake_landed,[-0.62185191  0.08809385  0.93462812]
838.2866923809052,1005,False,0,6,[5.09831906 4.95454531 3.94963044],cruising,[ 0.50568378 -0.03156594 -0.11489306]
838.38441157341,1000,False,5,0,[-6.73447048  7.29989569  3.41471275],entering,[-0.82138112 -0.19970136 -0.21083176]
838.38441157341,1001,False,6,2,[-1.78591154 -3.72076011  4.00000007],cruising,[-0.48080528  0.59740651 -0.20557775]
838.38441157341,1002,False,3,5,[-1.36390915 -6.5936109   2.753799  ],entering,[ 0.5677905  -0.59831228 -0.99408226]
838.38441157341,1003,False,2,1,[5.454503   1.63909411 1.34997097],fake_landed,[ 0.63925976  0.24903542 -0.34837281]
838.38441157341,1004,False,3,4,[ 8.12083478 -7.48241211  1.27552543],fake_landed,[-0.62185191  0.08809385  0.93462812]
838.38441157341,1005,False,0,6,[5.29463013 4.91630971 3.95718588],cruising,[ 0.50568378 -0.03156594 -0.11489306]
838.480138540268,1000,False,5,0,[-6.54689999  7.23048883  3.48971275],entering,[-0.82138112 -0.19970136 -0.21083176]
838.480138540268,1001,False,6,2,[-1.97813816 -3.72258529  4.00000006],cruising,[-0.48080528  0.59740651 -0.20557775]
838.480138540268,1002,False,3,5,[-1.43087183 -6.40515401  2.828799  ],entering,[ 0.5677905  -0.59831228 -0.99408226]
838.480138540268,1003,False,2,1,[5.45744988 1.63008487 1.31111033],fake_landed,[ 0.63925976  0.24903542 -0.34837281]
838.480138540268,1004,False,3,4,[ 8.12083478 -7.48241211  1.27552543],fake_landed,[-0.62185191  0.08809385  0.93462812]
838.480138540268,1005,False,0,6,[5.49119616 4.87940719 3.963608  ],cruising,[ 0.50568378 -0.03156594 -0.11489306]
838.5846946239471,1000,False,5,0,[-6.35762338  7.16587951  3.56471275],entering,[-0.82138112 -0.19970136 -0.21083176]
838.5846946239471,1001,False,6,2,[-2.1651106  -3.70511298  4.00000004],cruising,[-0.48080528  0.59740651 -0.20557775]
838.5846946239471,1002,False,3,5,[-1.49836824 -6.21688762  2.903799  ],entering,[ 0.5677905  -0.59831228 -0.99408226]
838.5846946239471,1003,False,2,1,[5.45892332 1.62558024 1.29168001],fake_landed,[ 0.63925976  0.24903542 -0.34837281]
838.5846946239471,1004,False,4,3,[ 8.12083478 -7.48241211  1.27552543],waiting,[-0.62185191  0.08809385  0.93462812]
838.5846946239471,1005,False,0,6,[5.68772231 4.84229285 3.9690668 ],exiting,[ 0.50568378 -0.03156594 -0.11489306]
838.6862144470215,1000,False,5,0,[-6.16629744  7.10761814  3.63000583],entering,[-0.82138112 -0.19970136 -0.21083176]
838.6862144470215,1001,False,6,2,[-2.34450154 -3.66913335  4.00000003],cruising,[-0.48080528  0.59740651 -0.20557775]
838.6862144470215,1002,False,3,5,[-1.56586464 -6.02862122  2.978799  ],entering,[ 0.5677905  -0.59831228 -0.99408226]
838.6862144470215,1003,False,2,1,[5.45892332 1.62558024 1.29168001],fake_landed,[ 0.63925976  0.24903542 -0.34837281]
838.6862144470215,1004,False,4,3,[ 8.12083478 -7.48241211  1.27552543],waiting,[-0.62185191  0.08809385  0.93462812]
838.6862144470215,1005,False,0,6,[5.86897695 4.81809287 3.97450248],exiting,[ 0.50568378 -0.03156594 -0.11489306]
838.794599533081,1000,False,5,0,[-5.97271326  7.05736714  3.68550496],entering,[-0.82138112 -0.19970136 -0.21083176]
838.794599533081,1001,False,6,2,[-2.51412222 -3.61570258  4.00000001],cruising,[-0.48080528  0.59740651 -0.20557775]
838.794599533081,1002,False,3,5,[-1.63463727 -5.84081727  3.053799  ],entering,[ 0.5677905  -0.59831228 -0.99408226]
838.794599533081,1003,False,1,4,[5.45892332 1.62558024 1.29168001],waiting,[ 0.63925976  0.24903542 -0.34837281]
838.794599533081,1004,False,4,3,[ 8.12083478 -7.48241211  1.27552543],waiting,[-0.62185191  0.08809385  0.93462812]
838.794599533081,1005,False,0,6,[6.03492566 4.80676602 3.979835  ],exiting,[ 0.50568378 -0.03156594 -0.11489306]
838.8927311897278,1000,False,5,0,[-5.77713157  7.01556043  3.73267922],entering,[-0.82138112 -0.19970136 -0.21083176]
838.8927311897278,1001,False,6,2,[-2.67197942 -3.54609713  4.        ],cruising,[-0.48080528  0.59740651 -0.20557775]
838.8927311897278,1002,False,3,5,[-1.7034099  -5.65301331  3.128799  ],entering,[ 0.5677905  -0.59831228 -0.99408226]
838.8927311897278,1003,False,1,4,[5.45892332 1.62558024 1.29168001],waiting,[ 0.63925976  0.24903542 -0.34837281]
838.8927311897278,1004,False,4,3,[ 8.12083478 -7.48241211  1.27552543],waiting,[-0.62185191  0.08809385  0.93462812]
838.8927311897278,1005,False,0,6,[6.18552633 4.80826101 3.98497142],exiting,[ 0.50568378 -0.03156594 -0.11489306]
838.9812202453613,1000,False,5,0,[-5.57986165  6.98262745  3.77277733],entering,[-0.82138112 -0.19970136 -0.21083176]
838.9812202453613,1001,False,6,2,[-2.81639584 -3.46168136  3.99999999],cruising,[-0.48080528  0.59740651 -0.20557775]
838.9812202453613,1002,False,3,5,[-1.77332386 -5.46563125  3.203799  ],entering,[ 0.5677905  -0.59831228 -0.99408226]
838.9812202453613,1003,False,1,4,[5.45892332 1.62558024 1.29168001],waiting,[ 0.63925976  0.24903542 -0.34837281]
838.9812202453613,1004,False,4,3,[ 8.12083478 -7.48241211  1.27552543],waiting,[-0.62185191  0.08809385  0.93462812]
838.9812202453613,1005,False,0,6,[6.32072679 4.8225129  3.98980004],exiting,[ 0.50568378 -0.03156594 -0.11489306]
839.0910713672638,1000,False,5,0,[-5.38093341  6.96195006  3.80686073],entering,[-0.82138112 -0.19970136 -0.21083176]
839.0910713672638,1001,False,6,2,[-2.94591848 -3.36391735  3.99999998],cruising,[-0.48080528  0.59740651 -0.20557775]
839.0910713672638,1002,False,3,5,[-1.84277745 -5.27807806  3.278799  ],entering,[ 0.5677905  -0.59831228 -0.99408226]
839.0910713672638,1003,False,1,4,[5.45892332 1.62558024 1.29168001],waiting,[ 0.63925976  0.24903542 -0.34837281]
839.0910713672638,1004,False,4,3,[ 8.12083478 -7.48241211  1.27552543],waiting,[-0.62185191  0.08809385  0.93462812]
839.0910713672638,1005,False,0,6,[6.44045879 4.84943455 3.99417694],exiting,[ 0.50568378 -0.03156594 -0.11489306]
839.1795635223389,1000,False,5,0,[-5.18119756  6.95167435  3.83583162],entering,[-0.82138112 -0.19970136 -0.21083176]
839.1795635223389,1001,False,6,2,[-3.05924596 -3.25441807  3.99999997],cruising,[-0.48080528  0.59740651 -0.20557775]
839.1795635223389,1002,False,3,5,[-1.91369519 -5.09107358  3.353799  ],entering,[ 0.5677905  -0.59831228 -0.99408226]
839.1795635223389,1003,False,1,4,[5.45892332 1.62558024 1.29168001],waiting,[ 0.63925976  0.24903542 -0.34837281]
839.1795635223389,1004,False,4,3,[ 8.12083478 -7.48241211  1.27552543],waiting,[-0.62185191  0.08809385  0.93462812]
839.1795635223389,1005,False,0,6,[6.54462762 4.88890071 3.99790355],exiting,[ 0.50568378 -0.03156594 -0.11489306]
839.2828192710876,1000,False,5,0,[-4.98119756  6.95163431  3.86045688],cruising,[-0.82138112 -0.19970136 -0.21083176]
839.2828192710876,1001,False,6,2,[-3.15527905 -3.13487368  3.99999997],cruising,[-0.48080528  0.59740651 -0.20557775]
839.2828192710876,1002,False,3,5,[-1.98523239 -4.9043052   3.428799  ],entering,[ 0.5677905  -0.59831228 -0.99408226]
839.2828192710876,1003,False,1,4,[5.45892332 1.62558024 1.29168001],waiting,[ 0.63925976  0.24903542 -0.34837281]
839.2828192710876,1004,False,4,3,[ 8.12083478 -7.48241211  1.27552543],waiting,[-0.62185191  0.08809385  0.93462812]
839.2828192710876,1005,False,0,6,[6.63316646 4.94082021 4.00084405],exiting,[ 0.50568378 -0.03156594 -0.11489306]
839.3828938007355,1000,False,5,0,[-4.78143377  6.96135164  3.88138835],cruising,[-0.82138112 -0.19970136 -0.21083176]
839.3828938007355,1001,False,6,2,[-3.23339733 -3.00643776  3.99999996],cruising,[-0.48080528  0.59740651 -0.20557775]
839.3828938007355,1002,False,3,5,[-2.05703214 -4.71763759  3.503799  ],entering,[ 0.5677905  -0.59831228 -0.99408226]
839.3828938007355,1003,False,1,4,[5.45892332 1.62558024 1.29168001],waiting,[ 0.63925976  0.24903542 -0.34837281]
839.3828938007355,1004,False,4,3,[ 8.12083478 -7.48241211  1.27552543],queued,[-0.62185191  0.08809385  0.93462812]
839.3828938007355,1005,False,0,6,[6.70600649 5.00509685 4.00286358],exiting,[ 0.50568378 -0.03156594 -0.11489306]
839.4799342155457,1000,False,5,0,[-4.5822731   6.97965539  3.8991801 ],cruising,[-0.82138112 -0.19970136 -0.21083176]
839.4799342155457,1001,False,6,2,[-3.29322751 -2.86990582  3.99999996],cruising,[-0.48080528  0.59740651 -0.20557775]
839.4799342155457,1002,False,3,5,[-2.12872389 -4.53092848  3.57822915],entering,[ 0.5677905  -0.59831228 -0.99408226]
839.4799342155457,1003,False,1,4,[5.45892332 1.62558024 1.29168001],waiting,[ 0.63925976  0.24903542 -0.34837281]
839.4799342155457,1004,False,4,3,[ 8.12083478 -7.48241211  1.29552543],queued,[-0.62185191  0.08809385  0.93462812]
839.4799342155457,1005,False,0,6,[6.7630773  5.08163051 4.00383552],exiting,[ 0.50568378 -0.03156594 -0.11489306]
839.5836477279663,1000,False,5,0,[-4.38387882  7.00494786  3.91430308],cruising,[-0.82138112 -0.19970136 -0.21083176]
839.5836477279663,1001,False,6,2,[-3.33459597 -2.72568201  3.99999996],cruising,[-0.48080528  0.59740651 -0.20557775]
839.5836477279663,1002,False,3,5,[-2.19877898 -4.34359913  3.64149478],entering,[ 0.5677905  -0.59831228 -0.99408226]
839.5836477279663,1003,False,1,4,[5.45892332 1.62558024 1.29168001],waiting,[ 0.63925976  0.24903542 -0.34837281]
839.5836477279663,1004,False,4,3,[ 8.12083478 -7.48241211  1.33552543],queued,[-0.62185191  0.08809385  0.93462812]
839.5836477279663,1005,False,0,6,[6.80430661 5.17031884 4.00366268],exiting,[ 0.50568378 -0.03156594 -0.11489306]
839.6920092105865,1000,False,5,0,[-4.18622242  7.03547572  3.92715762],cruising,[-0.82138112 -0.19970136 -0.21083176]
839.6920092105865,1001,False,6,2,[-3.3574299  -2.57394346  3.99999995],cruising,[-0.48080528  0.59740651 -0.20557775]
839.6920092105865,1002,False,3,5,[-2.2634644  -4.15434851  3.69527056],entering,[ 0.5677905  -0.59831228 -0.99408226]
839.6920092105865,1003,False,1,4,[5.45892332 1.62558024 1.29168001],waiting,[ 0.63925976  0.24903542 -0.34837281]
839.6920092105865,1004,False,4,3,[ 8.12083478 -7.48241211  1.39552543],queued,[-0.62185191  0.08809385  0.93462812]
839.6920092105865,1005,False,0,6,[6.83861121 5.26425066 4.00302993],exiting,[ 0.50568378 -0.03156594 -0.11489306]
839.7938079833984,1000,False,5,0,[-3.98914271  7.06952841  3.93808398],cruising,[-0.82138112 -0.19970136 -0.21083176]
839.7938079833984,1001,False,6,2,[-3.3617327  -2.4146818   3.99999996],cruising,[-0.48080528  0.59740651 -0.20557775]
839.7938079833984,1002,False,3,5,[-2.32598929 -3.96437315  3.74097998],entering,[ 0.5677905  -0.59831228 -0.99408226]
839.7938079833984,1003,False,1,4,[5.45892332 1.62558024 1.29168001],queued,[ 0.63925976  0.24903542 -0.34837281]
839.7938079833984,1004,False,4,3,[ 8.12083478 -7.48241211  1.47052543],queued,[-0.62185191  0.08809385  0.93462812]
839.7938079833984,1005,False,0,6,[6.87291581 5.3581825  4.00250489],exiting,[ 0.50568378 -0.03156594 -0.11489306]
839.8793635368347,1000,False,5,0,[-3.79241244  7.1055451   3.94737138],cruising,[-0.82138112 -0.19970136 -0.21083176]
839.8793635368347,1001,False,6,2,[-3.34782601 -2.24714884  3.99999996],cruising,[-0.48080528  0.59740651 -0.20557775]
839.8793635368347,1002,False,3,5,[-2.38767251 -3.77412284  3.77983298],entering,[ 0.5677905  -0.59831228 -0.99408226]
839.8793635368347,1003,False,1,4,[5.45892332 1.62558024 1.31168001],queued,[ 0.63925976  0.24903542 -0.34837281]
839.8793635368347,1004,False,4,3,[ 8.12083478 -7.48241211  1.54552543],queued,[-0.62185191  0.08809385  0.93462812]
839.8793635368347,1005,False,0,6,[6.90722042 5.45211434 4.00206944],exiting,[ 0.50568378 -0.03156594 -0.11489306]
839.9896576404572,1000,False,5,0,[-3.5953491   7.13969241  3.95526567],cruising,[-0.82138112 -0.19970136 -0.21083176]
839.9896576404572,1001,False,6,2,[-3.31674055 -2.06937431  3.99999996],cruising,[-0.48080528  0.59740651 -0.20557775]
839.9896576404572,1002,False,3,5,[-2.44883252 -3.58370369  3.81285803],cruising,[ 0.5677905  -0.59831228 -0.99408226]
839.9896576404572,1003,False,1,4,[5.45892332 1.62558024 1.35168001],queued,[ 0.63925976  0.24903542 -0.34837281]
839.9896576404572,1004,False,4,3,[ 8.12083478 -7.48241211  1.62052543],queued,[-0.62185191  0.08809385  0.93462812]
839.9896576404572,1005,False,0,6,[6.94152503 5.54604618 4.00170849],exiting,[ 0.50568378 -0.03156594 -0.11489306]
840.0947041511536,1000,False,5,0,[-3.39825244  7.1736469   3.96197582],cruising,[-0.82138112 -0.19970136 -0.21083176]
840.0947041511536,1001,False,6,2,[-3.2738599  -1.8754482   3.99999997],cruising,[-0.48080528  0.59740651 -0.20557775]
840.0947041511536,1002,False,3,5,[-2.504107   -3.39149357  3.84092933],cruising,[ 0.5677905  -0.59831228 -0.99408226]
840.0947041511536,1003,False,1,4,[5.45892332 1.62558024 1.41168001],queued,[ 0.63925976  0.24903542 -0.34837281]
840.0947041511536,1004,False,4,3,[ 8.12083478 -7.48241211  1.69552543],queued,[-0.62185191  0.08809385  0.93462812]
840.0947041511536,1005,False,0,6,[6.97582964 5.63997803 4.00140945],exiting,[ 0.50568378 -0.03156594 -0.11489306]
840.1815030574799,1000,False,5,0,[-3.20092452  7.20623052  3.96767945],cruising,[-0.82138112 -0.19970136 -0.21083176]
840.1815030574799,1001,False,6,2,[-3.24635525 -1.67734849  3.99999997],cruising,[-0.48080528  0.59740651 -0.20557775]
840.1815030574799,1002,False,3,5,[-2.54968351 -3.19675584  3.86478993],cruising,[ 0.5677905  -0.59831228 -0.99408226]
840.1815030574799,1003,False,1,4,[5.45892332 1.62558024 1.48668001],queued,[ 0.63925976  0.24903542 -0.34837281]
840.1815030574799,1004,False,4,3,[ 8.12083478 -7.48241211  1.77052543],queued,[-0.62185191  0.08809385  0.93462812]
840.1815030574799,1005,False,0,6,[7.01013425 5.73390988 4.00116184],exiting,[ 0.50568378 -0.03156594 -0.11489306]
840.2918906211853,1000,False,5,0,[-3.00282034  7.23370291  3.97252753],cruising,[-0.82138112 -0.19970136 -0.21083176]
840.2918906211853,1001,False,6,2,[-3.23533232 -1.47765248  3.99999998],cruising,[-0.48080528  0.59740651 -0.20557775]
840.2918906211853,1002,False,3,5,[-2.59372671 -3.00166561  3.88507144],cruising,[ 0.5677905  -0.59831228 -0.99408226]
840.2918906211853,1003,False,1,4,[5.45892332 1.62558024 1.56168001],queued,[ 0.63925976  0.24903542 -0.34837281]
840.2918906211853,1004,False,4,3,[ 8.12083478 -7.48241211  1.84552543],queued,[-0.62185191  0.08809385  0.93462812]
840.2918906211853,1005,False,0,6,[7.04443886 5.82784173 4.00095695],exiting,[ 0.50568378 -0.03156594 -0.11489306]
840.3840279579163,1000,False,5,0,[-2.80431114  7.25807708  3.9766484 ],cruising,[-0.82138112 -0.19970136 -0.21083176]
840.3840279579163,1001,False,6,2,[-3.2402279  -1.27771241  3.99999998],cruising,[-0.48080528  0.59740651 -0.20557775]
840.3840279579163,1002,False,3,5,[-2.63699339 -2.8064017   3.90231072],cruising,[ 0.5677905  -0.59831228 -0.99408226]
840.3840279579163,1003,False,1,4,[5.45892332 1.62558024 1.63668001],queued,[ 0.63925976  0.24903542 -0.34837281]
840.3840279579163,1004,False,4,3,[ 8.12083478 -7.48241211  1.92052543],queued,[-0.62185191  0.08809385  0.93462812]
840.3840279579163,1005,False,0,6,[7.07874347 5.92177358 4.0007875 ],exiting,[ 0.50568378 -0.03156594 -0.11489306]
840.4910709857941,1000,False,5,0,[-2.6050405   7.27514194  3.98015114],cruising,[-0.82138112 -0.19970136 -0.21083176]
840.4910709857941,1001,False,6,2,[-3.25903085 -1.07859825  3.99999998],cruising,[-0.48080528  0.59740651 -0.20557775]
840.4910709857941,1002,False,3,5,[-2.67747742 -2.61054195  3.91696411],cruising,[ 0.5677905  -0.59831228 -0.99408226]
840.4910709857941,1003,False,1,4,[5.45892332 1.62558024 1.71168001],queued,[ 0.63925976  0.24903542 -0.34837281]
840.4910709857941,1004,False,4,3,[ 8.12083478 -7.48241211  1.99552543],queued,[-0.62185191  0.08809385  0.93462812]
840.4910709857941,1005,False,0,6,[7.11304809 6.01570543 4.00064747],exiting,[ 0.50568378 -0.03156594 -0.11489306]
840.5930879116058,1000,False,5,0,[-2.40539968  7.287123    3.98312847],cruising,[-0.82138112 -0.19970136 -0.21083176]
840.5930879116058,1001,False,6,2,[-3.29146529 -0.88124575  3.99999999],cruising,[-0.48080528  0.59740651 -0.20557775]
840.5930879116058,1002,False,3,5,[-2.71933654 -2.41497147  3.9294195 ],cruising,[ 0.5677905  -0.59831228 -0.99408226]
840.5930879116058,1003,False,1,4,[5.45892332 1.62558024 1.78668001],queued,[ 0.63925976  0.24903542 -0.34837281]
840.5930879116058,1004,False,4,3,[ 8.12083478 -7.48241211  2.07052543],queued,[-0.62185191  0.08809385  0.93462812]
840.5930879116058,1005,False,0,6,[7.1473527  6.10963729 4.00053182],exiting,[ 0.50568378 -0.03156594 -0.11489306]
840.6917953491211,1000,False,5,0,[-2.20540537  7.28863067  3.9856592 ],cruising,[-0.82138112 -0.19970136 -0.21083176]
840.6917953491211,1001,False,6,2,[-3.33640982 -0.6863612   3.99999999],cruising,[-0.48080528  0.59740651 -0.20557775]
840.6917953491211,1002,False,3,5,[-2.76282141 -2.21975603  3.94000657],cruising,[ 0.5677905  -0.59831228 -0.99408226]
840.6917953491211,1003,False,1,4,[5.45892332 1.62558024 1.86168001],queued,[ 0.63925976  0.24903542 -0.34837281]
840.6917953491211,1004,False,4,3,[ 8.12083478 -7.48241211  2.14552543],queued,[-0.62185191  0.08809385  0.93462812]
840.6917953491211,1005,False,0,6,[7.18165731 6.20356914 4.00043638],exiting,[ 0.50568378 -0.03156594 -0.11489306]
840.7942132949829,1000,False,5,0,[-2.006048    7.27261061  3.98781032],cruising,[-0.82138112 -0.19970136 -0.21083176]
840.7942132949829,1001,False,6,2,[-3.39121054 -0.49401547  3.99999999],cruising,[-0.48080528  0.59740651 -0.20557775]
840.7942132949829,1002,False,3,5,[-2.80743801 -2.02479614  3.94900559],cruising,[ 0.5677905  -0.59831228 -0.99408226]
840.7942132949829,1003,False,1,4,[5.45892332 1.62558024 1.93668001],queued,[ 0.63925976  0.24903542 -0.34837281]
840.7942132949829,1004,False,4,3,[ 8.12083478 -7.48241211  2.22052543],queued,[-0.62185191  0.08809385  0.93462812]
840.7942132949829,1005,False,0,6,[7.21596193 6.297501   4.00035768],exiting,[ 0.50568378 -0.03156594 -0.11489306]
840.8806176185608,1000,False,5,0,[-1.80913267  7.23761986  3.98963877],cruising,[-0.82138112 -0.19970136 -0.21083176]
840.8806176185608,1001,False,6,2,[-3.45688497 -0.30510578  3.99999999],cruising,[-0.48080528  0.59740651 -0.20557775]
840.8806176185608,1002,False,3,5,[-2.8549346  -1.8305178   3.95665475],cruising,[ 0.5677905  -0.59831228 -0.99408226]
840.8806176185608,1003,False,1,4,[5.45892332 1.62558024 2.01168001],queued,[ 0.63925976  0.24903542 -0.34837281]
840.8806176185608,1004,False,4,3,[ 8.12083478 -7.48241211  2.29552543],queued,[-0.62185191  0.08809385  0.93462812]
840.8806176185608,1005,False,0,6,[7.25026654 6.39143285 4.00029283],exiting,[ 0.50568378 -0.03156594 -0.11489306]
840.9914014339447,1000,False,5,0,[-1.61587677  7.1861208   3.99119296],cruising,[-0.82138112 -0.19970136 -0.21083176]
840.9914014339447,1001,False,6,2,[-3.53278304 -0.12006664  3.99999999],cruising,[-0.48080528  0.59740651 -0.20557775]
840.9914014339447,1002,False,3,5,[-2.9055847  -1.63703765  3.96315654],cruising,[ 0.5677905  -0.59831228 -0.99408226]
840.9914014339447,1003,False,1,4,[5.45892332 1.62558024 2.08668001],queued,[ 0.63925976  0.24903542 -0.34837281]
840.9914014339447,1004,False,4,3,[ 8.12083478 -7.48241211  2.37052543],queued,[-0.62185191  0.08809385  0.93462812]
840.9914014339447,1005,False,0,6,[7.28457115 6.48536471 4.00023945],exiting,[ 0.50568378 -0.03156594 -0.11489306]
841.0850830078125,1000,False,5,0,[-1.4268749   7.12071212  3.99251401],cruising,[-0.82138112 -0.19970136 -0.21083176]
841.0850830078125,1001,False,6,2,[-3.61634134  0.06164195  3.99999999],exiting,[-0.48080528  0.59740651 -0.20557775]
841.0850830078125,1002,False,3,5,[-2.95972337 -1.44450453  3.96868306],cruising,[ 0.5677905  -0.59831228 -0.99408226]
841.0850830078125,1003,False,1,4,[5.45892332 1.62558024 2.16168001],queued,[ 0.63925976  0.24903542 -0.34837281]
841.0850830078125,1004,False,4,3,[ 8.12083478 -7.48241211  2.44552543],entering,[-0.62185191  0.08809385  0.93462812]
841.0850830078125,1005,False,0,6,[7.31887577 6.57929656 4.00019553],exiting,[ 0.50568378 -0.03156594 -0.11489306]
841.1907849311829,1000,False,5,0,[-1.24220858  7.04391141  3.99363691],cruising,[-0.82138112 -0.19970136 -0.21083176]
841.1907849311829,1001,False,6,2,[-3.7004691   0.22335864  3.99999999],exiting,[-0.48080528  0.59740651 -0.20557775]
841.1907849311829,1002,False,3,5,[-3.01772649 -1.25310014  3.9733806 ],cruising,[ 0.5677905  -0.59831228 -0.99408226]
841.1907849311829,1003,False,1,4,[5.45892332 1.62558024 2.23668001],queued,[ 0.63925976  0.24903542 -0.34837281]
841.1907849311829,1004,False,4,3,[ 8.10934484 -7.46604197  2.52052543],entering,[-0.62185191  0.08809385  0.93462812]
841.1907849311829,1005,False,0,6,[7.35318038 6.67322842 4.00015945],exiting,[ 0.50568378 -0.03156594 -0.11489306]
841.2926518917084,1000,False,5,0,[-1.06017328  6.96106728  3.99459137],cruising,[-0.82138112 -0.19970136 -0.21083176]
841.2926518917084,1001,False,6,2,[-3.78500117  0.36507943  4.        ],exiting,[-0.48080528  0.59740651 -0.20557775]
841.2926518917084,1002,False,3,5,[-3.07999337 -1.06304006  3.97737351],cruising,[ 0.5677905  -0.59831228 -0.99408226]
841.2926518917084,1003,False,1,4,[5.45892332 1.62558024 2.31168001],queued,[ 0.63925976  0.24903542 -0.34837281]
841.2926518917084,1004,False,4,3,[ 8.08636497 -7.43330169  2.59552543],entering,[-0.62185191  0.08809385  0.93462812]
841.2926518917084,1005,False,0,6,[7.38748499 6.76716027 4.00012983],exiting,[ 0.50568378 -0.03156594 -0.11489306]
841.3828711509705,1000,False,5,0,[-0.88217653  6.86986883  3.99540267],cruising,[-0.82138112 -0.19970136 -0.21083176]
841.3828711509705,1001,False,6,2,[-3.86975405  0.48680143  4.        ],exiting,[-0.48080528  0.59740651 -0.20557775]
841.3828711509705,1002,False,3,5,[-3.14582218 -0.87418411  3.98076748],cruising,[ 0.5677905  -0.59831228 -0.99408226]
841.3828711509705,1003,False,1,4,[5.45892332 1.62558024 2.38668001],queued,[ 0.63925976  0.24903542 -0.34837281]
841.3828711509705,1004,False,4,3,[ 8.05189517 -7.38419128  2.67052543],entering,[-0.62185191  0.08809385  0.93462812]
841.3828711509705,1005,False,0,6,[7.42178961 6.86109213 4.00010553],exiting,[ 0.50568378 -0.03156594 -0.11489306]
841.4828770160675,1000,False,5,0,[-0.70752119  6.77242391  3.99609227],cruising,[-0.82138112 -0.19970136 -0.21083176]
841.4828770160675,1001,False,6,2,[-3.95452109  0.58852344  4.        ],exiting,[-0.48080528  0.59740651 -0.20557775]
841.4828770160675,1002,False,3,5,[-3.2167384  -0.68717906  3.98365236],cruising,[ 0.5677905  -0.59831228 -0.99408226]
841.4828770160675,1003,False,1,4,[5.45892332 1.62558024 2.46168001],queued,[ 0.63925976  0.24903542 -0.34837281]
841.4828770160675,1004,False,4,3,[ 8.00593543 -7.31871073  2.74552543],entering,[-0.62185191  0.08809385  0.93462812]
841.4828770160675,1005,False,0,6,[7.45609422 6.95502398 4.00008564],exiting,[ 0.50568378 -0.03156594 -0.11489306]
841.5939192771912,1000,False,5,0,[-0.53452886  6.67205632  3.99667843],cruising,[-0.82138112 -0.19970136 -0.21083176]
841.5939192771912,1001,False,6,2,[-4.03906302  0.67024672  4.        ],exiting,[-0.48080528  0.59740651 -0.20557775]
841.5939192771912,1002,False,3,5,[-3.29315623 -0.50235397  3.98610451],cruising,[ 0.5677905  -0.59831228 -0.99408226]
841.5939192771912,1003,False,1,4,[5.45892332 1.62558024 2.53668001],queued,[ 0.63925976  0.24903542 -0.34837281]
841.5939192771912,1004,False,4,3,[ 7.94848576 -7.23686004  2.82052543],entering,[-0.62185191  0.08809385  0.93462812]
841.5939192771912,1005,False,0,6,[7.49039883 7.04895584 4.00006936],exiting,[ 0.50568378 -0.03156594 -0.11489306]
841.6825337409973,1000,False,5,0,[-0.36381033  6.5678681   3.99717666],cruising,[-0.82138112 -0.19970136 -0.21083176]
841.6825337409973,1001,False,6,2,[-4.12308619  0.73197672  4.        ],exiting,[-0.48080528  0.59740651 -0.20557775]
841.6825337409973,1002,False,3,5,[-3.37546039 -0.32007389  3.98818883],cruising,[ 0.5677905  -0.59831228 -0.99408226]
841.6825337409973,1003,False,1,4,[5.45892332 1.62558024 2.61168001],entering,[ 0.63925976  0.24903542 -0.34837281]
841.6825337409973,1004,False,4,3,[ 7.87954615 -7.13863922  2.89552543],entering,[-0.62185191  0.08809385  0.93462812]
841.6825337409973,1005,False,0,6,[7.52470345 7.14288769 4.00005606],exiting,[ 0.50568378 -0.03156594 -0.11489306]
841.7929720878601,1000,False,5,0,[-0.19454552  6.46133442  3.99760016],cruising,[-0.82138112 -0.19970136 -0.21083176]
841.7929720878601,1001,False,6,2,[-4.20617515  0.77372856  4.        ],exiting,[-0.48080528  0.59740651 -0.20557775]
841.7929720878601,1002,False,3,5,[-3.46209646 -0.13981244  3.98996051],cruising,[ 0.5677905  -0.59831228 -0.99408226]
841.7929720878601,1003,False,1,4,[5.47861498 1.62208184 2.68668001],entering,[ 0.63925976  0.24903542 -0.34837281]
841.7929720878601,1004,False,4,3,[ 7.79919712 -7.02399204  2.97052543],entering,[-0.62185191  0.08809385  0.93462812]
841.7929720878601,1005,False,0,6,[7.55900806 7.23681955 4.00004521],exiting,[ 0.50568378 -0.03156594 -0.11489306]
841.8826494216919,1000,False,5,0,[-0.02570572  6.35412846  3.99796014],cruising,[-0.82138112 -0.19970136 -0.21083176]
841.8826494216919,1001,False,6,2,[-4.28807566  0.79551574  4.        ],exiting,[-0.48080528  0.59740651 -0.20557775]
841.8826494216919,1002,False,3,5,[-3.55566769  0.03694849  3.99146643],cruising,[ 0.5677905  -0.59831228 -0.99408226]
841.8826494216919,1003,False,1,4,[5.51799259 1.61505315 2.76168001],entering,[ 0.63925976  0.24903542 -0.34837281]
841.8826494216919,1004,False,4,3,[ 7.70663626 -6.89350595  3.04552543],entering,[-0.62185191  0.08809385  0.93462812]
841.8826494216919,1005,False,0,6,[7.59331267 7.3307514  4.00003637],exiting,[ 0.50568378 -0.03156594 -0.11489306]
841.9840075969696,1000,False,5,0,[0.14280461 6.24640534 3.99826612],cruising,[-0.82138112 -0.19970136 -0.21083176]
841.9840075969696,1001,False,6,2,[-4.36852941  0.79735531  4.        ],exiting,[-0.48080528  0.59740651 -0.20557775]
841.9840075969696,1002,False,3,5,[-3.65529075  0.21037065  3.99274647],cruising,[ 0.5677905  -0.59831228 -0.99408226]
841.9840075969696,1003,False,1,4,[5.57704336 1.60442349 2.83668001],entering,[ 0.63925976  0.24903542 -0.34837281]
841.9840075969696,1004,False,4,3,[ 7.6011747  -6.74773679  3.12052543],entering,[-0.62185191  0.08809385  0.93462812]
841.9840075969696,1005,False,0,6,[7.62761729 7.42468326 4.00002917],exiting,[ 0.50568378 -0.03156594 -0.11489306]
842.0944812297821,1000,False,5,0,[0.31157321 6.1390873  3.9985262 ],cruising,[-0.82138112 -0.19970136 -0.21083176]
842.0944812297821,1001,False,6,2,[-4.44727392  0.77926805  4.        ],exiting,[-0.48080528  0.59740651 -0.20557775]
842.0944812297821,1002,False,3,5,[-3.76172649  0.37969706  3.9938345 ],cruising,[ 0.5677905  -0.59831228 -0.99408226]
842.0944812297821,1003,False,1,4,[5.65569297 1.58980817 2.91168001],entering,[ 0.63925976  0.24903542 -0.34837281]
842.0944812297821,1004,False,4,3,[ 7.48273117 -6.58675355  3.19552543],entering,[-0.62185191  0.08809385  0.93462812]
842.0944812297821,1005,False,0,6,[7.6619219  7.51861512 4.00002334],exiting,[ 0.50568378 -0.03156594 -0.11489306]
842.183628320694,1000,False,5,0,[0.48085478 6.03258026 3.99874727],exiting,[-0.82138112 -0.19970136 -0.21083176]
842.183628320694,1001,False,6,2,[-4.52404234  0.74127866  4.        ],exiting,[-0.48080528  0.59740651 -0.20557775]
842.183628320694,1002,False,3,5,[-3.87129806  0.54701134  3.99475932],cruising,[ 0.5677905  -0.59831228 -0.99408226]
842.183628320694,1003,False,1,4,[5.7538598  1.57082501 2.98668001],entering,[ 0.63925976  0.24903542 -0.34837281]
842.183628320694,1004,False,4,3,[ 7.36378335 -6.4259698   3.27052543],entering,[-0.62185191  0.08809385  0.93462812]
842.183628320694,1005,False,0,6,[7.69622652 7.61254697 4.0000186 ],exiting,[ 0.50568378 -0.03156594 -0.11489306]
842.2839918136597,1000,False,5,0,[0.63983584 5.94321672 3.99896875],exiting,[-0.82138112 -0.19970136 -0.21083176]
842.2839918136597,1001,False,6,2,[-4.59856309  0.68341597  4.        ],exiting,[-0.48080528  0.59740651 -0.20557775]
842.2839918136597,1002,False,3,5,[-3.9833359   0.71268428  3.99554542],cruising,[ 0.5677905  -0.59831228 -0.99408226]
842.2839918136597,1003,False,1,4,[5.8714018  1.54688175 3.06168001],entering,[ 0.63925976  0.24903542 -0.34837281]
842.2839918136597,1004,False,4,3,[ 7.24122853 -6.26791817  3.34552543],entering,[-0.62185191  0.08809385  0.93462812]
842.2839918136597,1005,False,0,6,[7.73053113 7.70647883 4.00001478],exiting,[ 0.50568378 -0.03156594 -0.11489306]
842.3892934322357,1000,False,5,0,[0.78836012 5.87090181 3.99918772],exiting,[-0.82138112 -0.19970136 -0.21083176]
842.3892934322357,1001,False,6,2,[-4.67177977  0.61530343  4.        ],exiting,[-0.48080528  0.59740651 -0.20557775]
842.3892934322357,1002,False,3,5,[-4.09726717  0.87706088  3.99621361],cruising,[ 0.5677905  -0.59831228 -0.99408226]
842.3892934322357,1003,False,1,4,[6.00813196 1.51729804 3.13668001],entering,[ 0.63925976  0.24903542 -0.34837281]
842.3892934322357,1004,False,4,3,[ 7.1196463  -6.10911716  3.42052543],entering,[-0.62185191  0.08809385  0.93462812]
842.3892934322357,1005,False,0,6,[7.76483574 7.80041068 4.00001169],exiting,[ 0.50568378 -0.03156594 -0.11489306]
842.4805111885071,1000,False,5,0,[0.92625282 5.81552706 3.99940093],exiting,[-0.82138112 -0.19970136 -0.21083176]
842.4805111885071,1001,False,6,2,[-4.74499645  0.54719089  4.        ],exiting,[-0.48080528  0.59740651 -0.20557775]
842.4805111885071,1002,False,3,5,[-4.21260178  1.04045589  3.99678157],cruising,[ 0.5677905  -0.59831228 -0.99408226]
842.4805111885071,1003,False,1,4,[6.16337141 1.48013762 3.21168001],entering,[ 0.63925976  0.24903542 -0.34837281]
842.4805111885071,1004,False,4,3,[ 6.99261396 -5.95464132  3.49552543],entering,[-0.62185191  0.08809385  0.93462812]
842.4805111885071,1005,False,0,6,[7.79914036 7.89434254 4.0000092 ],exiting,[ 0.50568378 -0.03156594 -0.11489306]
842.5925054550171,1000,False,5,0,[1.05331646 5.77696694 3.99960467],exiting,[-0.82138112 -0.19970136 -0.21083176]
842.5925054550171,1001,False,6,2,[-4.81821312  0.47907835  4.        ],exiting,[-0.48080528  0.59740651 -0.20557775]
842.5925054550171,1002,False,3,5,[-4.32891823  1.20315341  3.99726433],cruising,[ 0.5677905  -0.59831228 -0.99408226]
842.5925054550171,1003,False,1,4,[6.33619387 1.43344634 3.28668001],entering,[ 0.63925976  0.24903542 -0.34837281]
842.5925054550171,1004,False,4,3,[ 6.86440366 -5.80114175  3.57052543],entering,[-0.62185191  0.08809385  0.93462812]
842.5925054550171,1005,False,0,6,[7.83344497 7.98827439 4.00000721],exiting,[ 0.50568378 -0.03156594 -0.11489306]
842.6794946193695,1000,False,5,0,[1.16932238 5.75507195 3.99979462],exiting,[-0.82138112 -0.19970136 -0.21083176]
842.6794946193695,1001,False,6,2,[-4.8914298   0.41096581  4.        ],exiting,[-0.48080528  0.59740651 -0.20557775]
842.6794946193695,1002,False,3,5,[-4.44585039  1.36540898  3.99767468],cruising,[ 0.5677905  -0.59831228 -0.99408226]
842.6794946193695,1003,False,1,4,[6.52247587 1.37196179 3.36168001],entering,[ 0.63925976  0.24903542 -0.34837281]
842.6794946193695,1004,False,4,3,[ 6.73456535 -5.64901675  3.63494661],entering,[-0.62185191  0.08809385  0.93462812]
842.6794946193695,1005,False,0,6,[7.86774958 8.08220625 4.00000561],exiting,[ 0.50568378 -0.03156594 -0.11489306]
842.7821829319,1000,False,5,0,[1.27399084 5.74965305 3.99996542],exiting,[-0.82138112 -0.19970136 -0.21083176]
842.7821829319,1001,False,6,2,[-4.96464648  0.34285327  4.        ],exiting,[-0.48080528  0.59740651 -0.20557775]
842.7821829319,1002,False,3,5,[-4.56307545  1.52745306  3.99802348],cruising,[ 0.5677905  -0.59831228 -0.99408226]
842.7821829319,1003,False,1,4,[6.70934232 1.30068116 3.43668001],entering,[ 0.63925976  0.24903542 -0.34837281]
842.7821829319,1004,False,4,3,[ 6.59779176 -5.5030956   3.68970462],entering,[-0.62185191  0.08809385  0.93462812]
842.7821829319,1005,False,0,6,[7.9020542  8.1761381  4.00000433],exiting,[ 0.50568378 -0.03156594 -0.11489306]
842.8842930793762,1000,False,5,0,[1.36693379 5.76043636 4.00010958],exiting,[-0.82138112 -0.19970136 -0.21083176]
842.8842930793762,1001,False,6,2,[-5.03786315  0.27474073  4.        ],exiting,[-0.48080528  0.59740651 -0.20557775]
842.8842930793762,1002,False,3,5,[-4.68027451  1.68951595  3.99831996],cruising,[ 0.5677905  -0.59831228 -0.99408226]
842.8842930793762,1003,False,1,4,[6.89218632 1.21963751 3.51168001],entering,[ 0.63925976  0.24903542 -0.34837281]
842.8842930793762,1004,False,4,3,[ 6.45628191 -5.36176279  3.73624893],entering,[-0.62185191  0.08809385  0.93462812]
842.8842930793762,1005,False,0,6,[7.93635881 8.27006996 4.00000332],exiting,[ 0.50568378 -0.03156594 -0.11489306]
842.9803779125214,1000,False,5,0,[1.44791325 5.78724696 4.0002227 ],exiting,[-0.82138112 -0.19970136 -0.21083176]
842.9803779125214,1001,False,6,2,[-5.11107983  0.20662819  4.        ],exiting,[-0.48080528  0.59740651 -0.20557775]
842.9803779125214,1002,False,3,5,[-4.79735191  1.85166675  3.99857196],cruising,[ 0.5677905  -0.59831228 -0.99408226]
842.9803779125214,1003,False,1,4,[7.07000432 1.12809103 3.58492801],entering,[ 0.63925976  0.24903542 -0.34837281]
842.9803779125214,1004,False,4,3,[ 6.31242103 -5.22282378  3.77581159],entering,[-0.62185191  0.08809385  0.93462812]
842.9803779125214,1005,False,0,6,[7.97066342 8.36400182 4.00000252],exiting,[ 0.50568378 -0.03156594 -0.11489306]
843.085898399353,1000,False,5,0,[1.51668912 5.82990279 4.00030069],exiting,[-0.82138112 -0.19970136 -0.21083176]
843.085898399353,1001,False,6,2,[-5.18429651  0.13851565  4.        ],exiting,[-0.48080528  0.59740651 -0.20557775]
843.085898399353,1002,False,3,5,[-4.91401633  2.01411494  3.99878617],cruising,[ 0.5677905  -0.59831228 -0.99408226]
843.085898399353,1003,False,1,4,[7.24155361 1.02527642 3.6471888 ],entering,[ 0.63925976  0.24903542 -0.34837281]
843.085898399353,1004,False,4,3,[ 6.16165896 -5.09140537  3.80943985],entering,[-0.62185191  0.08809385  0.93462812]
843.085898399353,1005,False,0,6,[8.00496804 8.45793367 4.00000189],exiting,[ 0.50568378 -0.03156594 -0.11489306]
843.1946516036987,1000,False,5,0,[1.57301928 5.88821438 4.00034012],exiting,[-0.82138112 -0.19970136 -0.21083176]
843.1946516036987,1001,False,6,2,[-5.25751319  0.07040311  4.        ],exiting,[-0.48080528  0.59740651 -0.20557775]
843.1946516036987,1002,False,3,5,[-5.02999266  2.17705509  3.99896824],cruising,[ 0.5677905  -0.59831228 -0.99408226]
843.1946516036987,1003,False,1,4,[7.40532593 0.91047822 3.70011048],entering,[ 0.63925976  0.24903542 -0.34837281]
843.1946516036987,1004,False,4,3,[ 6.00388009 -4.96849961  3.83802387],cruising,[-0.62185191  0.08809385  0.93462812]
843.1946516036987,1005,False,0,6,[8.03927265 8.55186553 4.00000139],exiting,[ 0.50568378 -0.03156594 -0.11489306]
843.2922854423523,1000,False,5,0,[1.61665946 5.96198438 4.0003388 ],exiting,[-0.82138112 -0.19970136 -0.21083176]
843.2922854423523,1001,False,6,2,[-5.33072986e+00  2.29056747e-03  4.00000000e+00],exiting,[-0.48080528  0.59740651 -0.20557775]
843.2922854423523,1002,False,3,5,[-5.14501128  2.34067268  3.99912301],cruising,[ 0.5677905  -0.59831228 -0.99408226]
843.2922854423523,1003,False,1,4,[7.56091196 0.78480808 3.74509391],entering,[ 0.63925976  0.24903542 -0.34837281]
843.2922854423523,1004,False,4,3,[ 5.84236393 -4.85054821  3.86232029],cruising,[-0.62185191  0.08809385  0.93462812]
843.2922854423523,1005,False,0,6,[8.07357726 8.64579738 4.00000101],exiting,[ 0.50568378 -0.03156594 -0.11489306]
843.3794937133789,1000,False,5,0,[1.64736317 6.05100714 4.00029758],exiting,[-0.82138112 -0.19970136 -0.21083176]
843.3794937133789,1001,False,6,2,[-5.40394654 -0.06582197  4.        ],exiting,[-0.48080528  0.59740651 -0.20557775]
843.3794937133789,1002,False,3,5,[-5.25941103  2.50472357  3.99925456],cruising,[ 0.5677905  -0.59831228 -0.99408226]
843.3794937133789,1003,False,1,4,[7.70500467 0.64610951 3.78332982],entering,[ 0.63925976  0.24903542 -0.34837281]
843.3794937133789,1004,False,4,3,[ 5.67447141 -4.74186473  3.88297225],cruising,[-0.62185191  0.08809385  0.93462812]
843.3794937133789,1005,False,0,6,[8.10788188 8.73972924 4.00000071],exiting,[ 0.50568378 -0.03156594 -0.11489306]
843.4911458492279,1000,False,5,0,[1.6709069  6.14819609 4.00024244],exiting,[-0.82138112 -0.19970136 -0.21083176]
843.4911458492279,1001,False,6,2,[-5.47716322 -0.13393451  4.        ],exiting,[-0.48080528  0.59740651 -0.20557775]
843.4911458492279,1002,False,3,5,[-5.37230485  2.66981442  3.99936637],cruising,[ 0.5677905  -0.59831228 -0.99408226]
843.4911458492279,1003,False,1,4,[7.83561527 0.49464707 3.81583035],entering,[ 0.63925976  0.24903542 -0.34837281]
843.4911458492279,1004,False,4,3,[ 5.50332028 -4.63838869  3.90052641],cruising,[-0.62185191  0.08809385  0.93462812]
843.4911458492279,1005,False,0,6,[8.14218649 8.83366109 4.00000049],exiting,[ 0.50568378 -0.03156594 -0.11489306]
843.5796914100647,1000,False,5,0,[1.69445062 6.24538505 4.0001972 ],exiting,[-0.82138112 -0.19970136 -0.21083176]
843.5796914100647,1001,False,6,2,[-5.55037989 -0.20204705  4.        ],exiting,[-0.48080528  0.59740651 -0.20557775]
843.5796914100647,1002,False,3,5,[-5.48338167  2.8361332   3.99946142],cruising,[ 0.5677905  -0.59831228 -0.99408226]
843.5796914100647,1003,False,1,4,[7.95103732 0.33131382 3.8434558 ],entering,[ 0.63925976  0.24903542 -0.34837281]
843.5796914100647,1004,False,4,3,[ 5.3277047  -4.54268515  3.91544745],cruising,[-0.62185191  0.08809385  0.93462812]
843.5796914100647,1005,False,0,6,[8.1764911  8.92759295 4.00000031],exiting,[ 0.50568378 -0.03156594 -0.11489306]
843.6824882030487,1000,False,5,0,[1.71799434 6.342574   4.00016013],exiting,[-0.82138112 -0.19970136 -0.21083176]
843.6824882030487,1001,False,6,2,[-5.62359657 -0.27015959  4.        ],exiting,[-0.48080528  0.59740651 -0.20557775]
843.6824882030487,1002,False,3,5,[-5.59229449  3.00387705  3.9995422 ],cruising,[ 0.5677905  -0.59831228 -0.99408226]
843.6824882030487,1003,False,1,4,[8.05017122 0.15761157 3.86693743],cruising,[ 0.63925976  0.24903542 -0.34837281]
843.6824882030487,1004,False,4,3,[ 5.15010088 -4.45072383  3.92813033],cruising,[-0.62185191  0.08809385  0.93462812]
843.6824882030487,1005,False,0,6,[8.21079572 9.0215248  4.00000019],exiting,[ 0.50568378 -0.03156594 -0.11489306]
843.7889673709869,1000,False,5,0,[1.74153806 6.43976296 4.00012978],exiting,[-0.82138112 -0.19970136 -0.21083176]
843.7889673709869,1001,False,6,2,[-5.69681325 -0.33827214  4.        ],exiting,[-0.48080528  0.59740651 -0.20557775]
843.7889673709869,1002,False,3,5,[-5.69864477  3.17325715  3.99961087],cruising,[ 0.5677905  -0.59831228 -0.99408226]
843.7889673709869,1003,False,1,4,[ 8.13170213 -0.02496702  3.88705079],cruising,[ 0.63925976  0.24903542 -0.34837281]
843.7889673709869,1004,False,4,3,[ 4.96977084 -4.36423061  3.93891078],cruising,[-0.62185191  0.08809385  0.93462812]
843.7889673709869,1005,False,0,6,[8.24510033 9.11545666 4.0000001 ],landing,[ 0.50568378 -0.03156594 -0.11489306]
843.8874123096466,1000,False,5,0,[1.76508178 6.53695192 4.00010498],exiting,[-0.82138112 -0.19970136 -0.21083176]
843.8874123096466,1001,False,6,2,[-5.77002993 -0.40638468  4.        ],exiting,[-0.48080528  0.59740651 -0.20557775]
843.8874123096466,1002,False,3,5,[-5.80196339  3.34450336  3.99966924],cruising,[ 0.5677905  -0.59831228 -0.99408226]
843.8874123096466,1003,False,1,4,[ 8.19653143 -0.2141684   3.90399317],cruising,[ 0.63925976  0.24903542 -0.34837281]
843.8874123096466,1004,False,4,3,[ 4.78844789 -4.27983875  3.94807416],cruising,[-0.62185191  0.08809385  0.93462812]
843.8874123096466,1005,False,0,6,[8.27771275 9.19529408 3.9859116 ],landing,[ 0.50568378 -0.03156594 -0.11489306]
843.9939076900482,1000,False,5,0,[1.7886255  6.63414087 4.00008473],exiting,[-0.82138112 -0.19970136 -0.21083176]
843.9939076900482,1001,False,6,2,[-5.8432466  -0.47449722  4.        ],exiting,[-0.48080528  0.59740651 -0.20557775]
843.9939076900482,1002,False,3,5,[-5.90168626  3.51786814  3.99971886],cruising,[ 0.5677905  -0.59831228 -0.99408226]
843.9939076900482,1003,False,1,4,[ 8.24685472 -0.40773381  3.9183942 ],cruising,[ 0.63925976  0.24903542 -0.34837281]
843.9939076900482,1004,False,4,3,[ 4.60625198 -4.19734843  3.95586304],cruising,[-0.62185191  0.08809385  0.93462812]
843.9939076900482,1005,False,0,6,[8.30853857 9.26088782 3.95789737],landing,[ 0.50568378 -0.03156594 -0.11489306]
844.0928757190704,1000,False,5,0,[1.81216922 6.73132983 4.00006822],exiting,[-0.82138112 -0.19970136 -0.21083176]
844.0928757190704,1001,False,6,2,[-5.91646328 -0.54260976  4.        ],exiting,[-0.48080528  0.59740651 -0.20557775]
844.0928757190704,1002,False,3,5,[-5.99712274  3.693629    3.99976103],cruising,[ 0.5677905  -0.59831228 -0.99408226]
844.0928757190704,1003,False,1,4,[ 8.28424091 -0.60420842  3.93063507],cruising,[ 0.63925976  0.24903542 -0.34837281]
844.0928757190704,1004,False,4,3,[ 4.42276321 -4.11777538  3.96248358],cruising,[-0.62185191  0.08809385  0.93462812]
844.0928757190704,1005,False,0,6,[8.33746565 9.31206275 3.91615388],landing,[ 0.50568378 -0.03156594 -0.11489306]
844.1814572811127,1000,False,5,0,[1.83571295 6.82851878 4.00005479],exiting,[-0.82138112 -0.19970136 -0.21083176]
844.1814572811127,1001,False,6,2,[-5.98967996 -0.6107223   4.        ],exiting,[-0.48080528  0.59740651 -0.20557775]
844.1814572811127,1002,False,3,5,[-6.08741356  3.87208787  3.99979687],cruising,[ 0.5677905  -0.59831228 -0.99408226]
844.1814572811127,1003,False,1,4,[ 8.3103296  -0.80249957  3.94103981],cruising,[ 0.63925976  0.24903542 -0.34837281]
844.1814572811127,1004,False,4,3,[ 4.23887336 -4.03913363  3.96811105],cruising,[-0.62185191  0.08809385  0.93462812]
844.1814572811127,1005,False,0,6,[8.3643387  9.34858024 3.86095898],landing,[ 0.50568378 -0.03156594 -0.11489306]
844.2825412750244,1000,False,5,0,[1.85925667 6.92570774 4.00004388],exiting,[-0.82138112 -0.19970136 -0.21083176]
844.2825412750244,1001,False,6,2,[-6.06289664 -0.67883484  4.        ],exiting,[-0.48080528  0.59740651 -0.20557775]
844.2825412750244,1002,False,3,5,[-6.1714747   4.05356438  3.99982734],cruising,[ 0.5677905  -0.59831228 -0.99408226]
844.2825412750244,1003,False,1,4,[ 8.32452041 -1.00199548  3.94988384],cruising,[ 0.63925976  0.24903542 -0.34837281]
844.2825412750244,1004,False,4,3,[ 4.05422406 -3.96229202  3.97289439],cruising,[-0.62185191  0.08809385  0.93462812]
844.2825412750244,1005,False,0,6,[8.38902798 9.37024446 3.79255002],landing,[ 0.50568378 -0.03156594 -0.11489306]
844.3837656974792,1000,False,5,0,[1.88280039 7.0228967  4.00003502],exiting,[-0.82138112 -0.19970136 -0.21083176]
844.3837656974792,1001,False,6,2,[-6.13611331 -0.74694738  4.        ],exiting,[-0.48080528  0.59740651 -0.20557775]
844.3837656974792,1002,False,3,5,[-6.24792219  4.23837721  3.99985324],cruising,[ 0.5677905  -0.59831228 -0.99408226]
844.3837656974792,1003,False,1,4,[ 8.33059474 -1.20190322  3.95740126],cruising,[ 0.63925976  0.24903542 -0.34837281]
844.3837656974792,1004,False,4,3,[ 3.86936352 -3.88595997  3.97696023],cruising,[-0.62185191  0.08809385  0.93462812]
844.3837656974792,1005,False,0,6,[8.41141114 9.37687366 3.7111553 ],landing,[ 0.50568378 -0.03156594 -0.11489306]
844.4832983016968,1000,False,5,0,[1.90634411 7.12008565 4.00002786],exiting,[-0.82138112 -0.19970136 -0.21083176]
844.4832983016968,1001,False,6,2,[-6.20932999 -0.81505992  4.        ],exiting,[-0.48080528  0.59740651 -0.20557775]
844.4832983016968,1002,False,3,5,[-6.31497276  4.42680284  3.99987526],cruising,[ 0.5677905  -0.59831228 -0.99408226]
844.4832983016968,1003,False,1,4,[ 8.32960198 -1.40190076  3.96379107],cruising,[ 0.63925976  0.24903542 -0.34837281]
844.4832983016968,1004,False,4,3,[ 3.68401989 -3.81080852  3.9804162 ],cruising,[-0.62185191  0.08809385  0.93462812]
844.4832983016968,1005,False,0,6,[8.43136343 9.3682856  3.61701201],landing,[ 0.50568378 -0.03156594 -0.11489306]
844.584659576416,1000,False,5,0,[1.92988783 7.21727461 4.00002207],exiting,[-0.82138112 -0.19970136 -0.21083176]
844.584659576416,1001,False,6,2,[-6.28254667 -0.88317246  4.        ],exiting,[-0.48080528  0.59740651 -0.20557775]
844.584659576416,1002,False,3,5,[-6.36399222  4.62070254  3.99989397],exiting,[ 0.5677905  -0.59831228 -0.99408226]
844.584659576416,1003,False,1,4,[ 8.32009058 -1.60167446  3.96922241],cruising,[ 0.63925976  0.24903542 -0.34837281]
844.584659576416,1004,False,4,3,[ 3.49848221 -3.73613745  3.98335377],cruising,[-0.62185191  0.08809385  0.93462812]
844.584659576416,1005,False,0,6,[8.45066562 9.35578426 3.51969222],landing,[ 0.50568378 -0.03156594 -0.11489306]
844.6832687854767,1000,False,5,0,[1.95343155 7.31446356 4.00001741],exiting,[-0.82138112 -0.19970136 -0.21083176]
844.6832687854767,1001,False,6,2,[-6.35576334 -0.951285    4.        ],exiting,[-0.48080528  0.59740651 -0.20557775]
844.6832687854767,1002,False,3,5,[-6.41500968  4.79470229  3.99991271],exiting,[ 0.5677905  -0.59831228 -0.99408226]
844.6832687854767,1003,False,1,4,[ 8.30530118 -1.8011269   3.97383905],cruising,[ 0.63925976  0.24903542 -0.34837281]
844.6832687854767,1004,False,4,3,[ 3.3125833  -3.66237029  3.9858507 ],cruising,[-0.62185191  0.08809385  0.93462812]
844.6832687854767,1005,False,0,6,[8.4699678  9.34328293 3.42237243],landing,[ 0.50568378 -0.03156594 -0.11489306]
844.7863111495972,1000,False,5,0,[1.97697528 7.41165252 4.00001366],exiting,[-0.82138112 -0.19970136 -0.21083176]
844.7863111495972,1001,False,6,2,[-6.42898002 -1.01939754  4.        ],exiting,[-0.48080528  0.59740651 -0.20557775]
844.7863111495972,1002,False,3,5,[-6.46826171  4.94882726  3.99993092],exiting,[ 0.5677905  -0.59831228 -0.99408226]
844.7863111495972,1003,False,1,4,[ 8.28564604 -2.00015874  3.97776319],cruising,[ 0.63925976  0.24903542 -0.34837281]
844.7863111495972,1004,False,4,3,[ 3.12639484 -3.58933702  3.9879731 ],cruising,[-0.62185191  0.08809385  0.93462812]
844.7863111495972,1005,False,0,6,[8.48926999 9.33078159 3.32505263],landing,[ 0.50568378 -0.03156594 -0.11489306]
844.8808145523071,1000,False,5,0,[2.000519   7.50884148 4.00001066],exiting,[-0.82138112 -0.19970136 -0.21083176]
844.8808145523071,1001,False,6,2,[-6.5021967  -1.08751008  4.        ],exiting,[-0.48080528  0.59740651 -0.20557775]
844.8808145523071,1002,False,3,5,[-6.52406502  5.08311562  3.99994777],exiting,[ 0.5677905  -0.59831228 -0.99408226]
844.8808145523071,1003,False,1,4,[ 8.25877846 -2.19834586  3.98109871],cruising,[ 0.63925976  0.24903542 -0.34837281]
844.8808145523071,1004,False,4,3,[ 2.93986867 -3.51717064  3.98977713],cruising,[-0.62185191  0.08809385  0.93462812]
844.8808145523071,1005,False,0,6,[8.50857217 9.31828026 3.22773284],landing,[ 0.50568378 -0.03156594 -0.11489306]
844.9930090904236,1000,False,5,0,[2.02406272 7.60603043 4.00000826],exiting,[-0.82138112 -0.19970136 -0.21083176]
844.9930090904236,1001,False,6,2,[-6.57541338 -1.15562262  4.        ],exiting,[-0.48080528  0.59740651 -0.20557775]
844.9930090904236,1002,False,3,5,[-6.58278858  5.19761833  3.99996211],exiting,[ 0.5677905  -0.59831228 -0.99408226]
844.9930090904236,1003,False,1,4,[ 8.22780063 -2.39593223  3.98393391],cruising,[ 0.63925976  0.24903542 -0.34837281]
844.9930090904236,1004,False,4,3,[ 2.75287353 -3.44622826  3.99131056],cruising,[-0.62185191  0.08809385  0.93462812]
844.9930090904236,1005,False,0,6,[8.52787435 9.30577892 3.13041304],landing,[ 0.50568378 -0.03156594 -0.11489306]
845.0801122188568,1000,False,5,0,[2.04760644 7.70321939 4.00000635],exiting,[-0.82138112 -0.19970136 -0.21083176]
845.0801122188568,1001,False,6,2,[-6.64863005 -1.22373516  4.        ],exiting,[-0.48080528  0.59740651 -0.20557775]
845.0801122188568,1002,False,3,5,[-6.64475358  5.29238546  3.99997266],exiting,[ 0.5677905  -0.59831228 -0.99408226]
845.0801122188568,1003,False,1,4,[ 8.19271014 -2.59282981  3.98634382],cruising,[ 0.63925976  0.24903542 -0.34837281]
845.0801122188568,1004,False,4,3,[ 2.56526201 -3.37693242  3.99261398],cruising,[-0.62185191  0.08809385  0.93462812]
845.0801122188568,1005,False,0,6,[8.54717654 9.29327759 3.03309325],landing,[ 0.50568378 -0.03156594 -0.11489306]
845.1801726818085,1000,False,5,0,[2.07115016 7.80040834 4.00000484],exiting,[-0.82138112 -0.19970136 -0.21083176]
845.1801726818085,1001,False,6,2,[-6.72184673 -1.2918477   4.        ],exiting,[-0.48080528  0.59740651 -0.20557775]
845.1801726818085,1002,False,3,5,[-6.7101954   5.36799875  3.99997772],exiting,[ 0.5677905  -0.59831228 -0.99408226]
845.1801726818085,1003,False,1,4,[ 8.15014713 -2.78824831  3.98839225],cruising,[ 0.63925976  0.24903542 -0.34837281]
845.1801726818085,1004,False,4,3,[ 2.37720999 -3.30884101  3.99372188],cruising,[-0.62185191  0.08809385  0.93462812]
845.1801726818085,1005,False,0,6,[8.56647872 9.28077625 2.93577346],landing,[ 0.50568378 -0.03156594 -0.11489306]
845.2828996181488,1000,False,5,0,[2.09469388 7.8975973  4.00000364],exiting,[-0.82138112 -0.19970136 -0.21083176]
845.2828996181488,1001,False,6,2,[-6.79506341 -1.35996024  4.        ],exiting,[-0.48080528  0.59740651 -0.20557775]
845.2828996181488,1002,False,3,5,[-6.77563722  5.44361203  3.99998186],exiting,[ 0.5677905  -0.59831228 -0.99408226]
845.2828996181488,1003,False,1,4,[ 8.10355484 -2.98274551  3.99013341],cruising,[ 0.63925976  0.24903542 -0.34837281]
845.2828996181488,1004,False,4,3,[ 2.18825629 -3.24329331  3.9946636 ],cruising,[-0.62185191  0.08809385  0.93462812]
845.2828996181488,1005,False,0,6,[8.58578091 9.26827492 2.83845366],landing,[ 0.50568378 -0.03156594 -0.11489306]
845.3866600990295,1000,False,5,0,[2.1182376  7.99478626 4.00000271],exiting,[-0.82138112 -0.19970136 -0.21083176]
845.3866600990295,1001,False,6,2,[-6.86828008 -1.42807278  4.        ],exiting,[-0.48080528  0.59740651 -0.20557775]
845.3866600990295,1002,False,3,5,[-6.84107904  5.51922531  3.99998526],exiting,[ 0.5677905  -0.59831228 -0.99408226]
845.3866600990295,1003,False,1,4,[ 8.0486934  -3.17507393  3.9916134 ],cruising,[ 0.63925976  0.24903542 -0.34837281]
845.3866600990295,1004,False,4,3,[ 1.99822553 -3.18093702  3.99546406],cruising,[-0.62185191  0.08809385  0.93462812]
845.3866600990295,1005,False,0,6,[8.60508309 9.25577358 2.74113387],landing,[ 0.50568378 -0.03156594 -0.11489306]
845.4849171638489,1000,False,5,0,[2.14178133 8.09197521 4.00000197],exiting,[-0.82138112 -0.19970136 -0.21083176]
845.4849171638489,1001,False,6,2,[-6.94149676 -1.49618532  4.        ],landing,[-0.48080528  0.59740651 -0.20557775]
845.4849171638489,1002,False,3,5,[-6.90652086  5.59483859  3.99998805],exiting,[ 0.5677905  -0.59831228 -0.99408226]
845.4849171638489,1003,False,1,4,[ 7.98512865 -3.36470389  3.99287139],exiting,[ 0.63925976  0.24903542 -0.34837281]
845.4849171638489,1004,False,4,3,[ 1.8075446  -3.12059812  3.99614445],cruising,[-0.62185191  0.08809385  0.93462812]
845.4849171638489,1005,False,0,6,[8.62438527 9.24327225 2.64381407],landing,[ 0.50568378 -0.03156594 -0.11489306]
845.5807294845581,1000,False,5,0,[2.16532505 8.18916417 4.00000141],exiting,[-0.82138112 -0.19970136 -0.21083176]
845.5807294845581,1001,False,6,2,[-7.00664121 -1.55243417  3.98606831],landing,[-0.48080528  0.59740651 -0.20557775]
845.5807294845581,1002,False,3,5,[-6.97196268  5.67045187  3.99999032],exiting,[ 0.5677905  -0.59831228 -0.99408226]
845.5807294845581,1003,False,1,4,[ 7.93491014 -3.53943828  3.99412807],exiting,[ 0.63925976  0.24903542 -0.34837281]
845.5807294845581,1004,False,4,3,[ 1.6153772  -3.06517529  3.99672278],cruising,[-0.62185191  0.08809385  0.93462812]
845.5807294845581,1005,False,0,6,[8.64368746 9.23077091 2.54649428],landing,[ 0.50568378 -0.03156594 -0.11489306]
845.6810419559479,1000,False,5,0,[2.18886877 8.28635312 4.00000097],exiting,[-0.82138112 -0.19970136 -0.21083176]
845.6810419559479,1001,False,6,2,[-7.06356299 -1.59673081  3.95836955],landing,[-0.48080528  0.59740651 -0.20557775]
845.6810419559479,1002,False,3,5,[-7.0374045   5.74606515  3.99999218],exiting,[ 0.5677905  -0.59831228 -0.99408226]
845.6810419559479,1003,False,1,4,[ 7.89818805 -3.6994131   3.99534991],exiting,[ 0.63925976  0.24903542 -0.34837281]
845.6810419559479,1004,False,4,3,[ 1.42153314 -3.01593625  3.99721437],cruising,[-0.62185191  0.08809385  0.93462812]
845.6810419559479,1005,False,0,6,[8.66298964 9.21826957 2.44917449],landing,[ 0.50568378 -0.03156594 -0.11489306]
845.7897753715515,1000,False,5,0,[2.21241249 8.38354208 4.00000065],exiting,[-0.82138112 -0.19970136 -0.21083176]
845.7897753715515,1001,False,6,2,[-7.11208518 -1.62897249  3.91710152],landing,[-0.48080528  0.59740651 -0.20557775]
845.7897753715515,1002,False,3,5,[-7.10284632  5.82167843  3.9999937 ],exiting,[ 0.5677905  -0.59831228 -0.99408226]
845.7897753715515,1003,False,1,4,[ 7.87514956 -3.84480188  3.99648933],exiting,[ 0.63925976  0.24903542 -0.34837281]
845.7897753715515,1004,False,4,3,[ 1.22584786 -2.97461714  3.99763221],cruising,[-0.62185191  0.08809385  0.93462812]
845.7897753715515,1005,False,0,6,[8.68229183 9.20576824 2.35185469],landing,[ 0.50568378 -0.03156594 -0.11489306]
845.8878617286682,1000,False,5,0,[2.23595621 8.48073104 4.0000004 ],exiting,[-0.82138112 -0.19970136 -0.21083176]
845.8878617286682,1001,False,6,2,[-7.15196779 -1.64902219  3.86254014],landing,[-0.48080528  0.59740651 -0.20557775]
845.8878617286682,1002,False,3,5,[-7.16828814  5.89729172  3.99999494],exiting,[ 0.5677905  -0.59831228 -0.99408226]
845.8878617286682,1003,False,1,4,[ 7.86602985 -3.97582945  3.99747618],exiting,[ 0.63925976  0.24903542 -0.34837281]
845.8878617286682,1004,False,4,3,[ 1.02743757 -2.94945055  3.99798738],cruising,[-0.62185191  0.08809385  0.93462812]
845.8878617286682,1005,False,0,6,[8.70159401 9.1932669  2.2545349 ],landing,[ 0.50568378 -0.03156594 -0.11489306]
845.9855422973633,1000,False,5,0,[2.25949993 8.57791999 4.00000022],exiting,[-0.82138112 -0.19970136 -0.21083176]
845.9855422973633,1001,False,6,2,[-7.18300116 -1.65676249  3.79493386],landing,[-0.48080528  0.59740651 -0.20557775]
845.9855422973633,1002,False,3,5,[-7.23372996  5.972905    3.99999594],exiting,[ 0.5677905  -0.59831228 -0.99408226]
845.9855422973633,1003,False,1,4,[ 7.87101333 -4.09267777  3.99824164],exiting,[ 0.63925976  0.24903542 -0.34837281]
845.9855422973633,1004,False,4,3,[ 0.82773446 -2.93855699  3.99828927],cruising,[-0.62185191  0.08809385  0.93462812]
845.9855422973633,1005,False,0,6,[8.72089619 9.18076557 2.1572151 ],landing,[ 0.50568378 -0.03156594 -0.11489306]
846.0852391719818,1000,False,5,0,[2.28304365 8.67510895 4.00000009],landing,[-0.82138112 -0.19970136 -0.21083176]
846.0852391719818,1001,False,6,2,[-7.20499591 -1.65208928  3.71451319],landing,[-0.48080528  0.59740651 -0.20557775]
846.0852391719818,1002,False,3,5,[-7.29917177  6.04851828  3.99999676],exiting,[ 0.5677905  -0.59831228 -0.99408226]
846.0852391719818,1003,False,1,4,[ 7.89028364 -4.19553359  3.99869657],exiting,[ 0.63925976  0.24903542 -0.34837281]
846.0852391719818,1004,False,4,3,[ 0.62779649 -2.94353768  3.99854588],cruising,[-0.62185191  0.08809385  0.93462812]
846.0852391719818,1005,False,0,6,[8.74019838 9.16826423 2.05989531],landing,[ 0.50568378 -0.03156594 -0.11489306]
846.1839563846588,1000,False,5,0,[2.30630018 8.75781326 3.98621183],landing,[-0.82138112 -0.19970136 -0.21083176]
846.1839563846588,1001,False,6,2,[-7.21776046 -1.63489916  3.62151754],landing,[-0.48080528  0.59740651 -0.20557775]
846.1839563846588,1002,False,3,5,[-7.36461359  6.12413156  3.99999742],exiting,[ 0.5677905  -0.59831228 -0.99408226]
846.1839563846588,1003,False,1,4,[ 7.9161034  -4.29214279  3.99893338],exiting,[ 0.63925976  0.24903542 -0.34837281]
846.1839563846588,1004,False,4,3,[ 0.42879003 -2.96344815  3.998764  ],cruising,[-0.62185191  0.08809385  0.93462812]
846.1839563846588,1005,False,0,6,[8.75950056 9.1557629  1.96257551],landing,[ 0.50568378 -0.03156594 -0.11489306]
846.2909593582153,1000,False,5,0,[2.32919317 8.82587819 3.95880167],landing,[-0.82138112 -0.19970136 -0.21083176]
846.2909593582153,1001,False,6,2,[-7.22731372 -1.61340907  3.52432232],landing,[-0.48080528  0.59740651 -0.20557775]
846.2909593582153,1002,False,3,5,[-7.43005541  6.19974484  3.99999795],exiting,[ 0.5677905  -0.59831228 -0.99408226]
846.2909593582153,1003,False,1,4,[ 7.94192317 -4.388752    3.99912828],exiting,[ 0.63925976  0.24903542 -0.34837281]
846.2909593582153,1004,False,4,3,[ 0.23173417 -2.99763861  3.9989494 ],cruising,[-0.62185191  0.08809385  0.93462812]
846.2909593582153,1005,False,0,6,[8.77880275 9.14326156 1.86525572],landing,[ 0.50568378 -0.03156594 -0.11489306]
846.3911454677582,1000,False,5,0,[2.35163255 8.87912366 3.91796847],landing,[-0.82138112 -0.19970136 -0.21083176]
846.3911454677582,1001,False,6,2,[-7.23686697 -1.59191898  3.42712709],landing,[-0.48080528  0.59740651 -0.20557775]
846.3911454677582,1002,False,3,5,[-7.49549723  6.27535812  3.99999838],exiting,[ 0.5677905  -0.59831228 -0.99408226]
846.3911454677582,1003,False,1,4,[ 7.96774294 -4.4853612   3.99928852],exiting,[ 0.63925976  0.24903542 -0.34837281]
846.3911454677582,1004,False,4,3,[ 0.03747274 -3.04520433  3.99910699],cruising,[-0.62185191  0.08809385  0.93462812]
846.3911454677582,1005,False,0,6,[8.79810493 9.13076023 1.76793593],landing,[ 0.50568378 -0.03156594 -0.11489306]
846.4844269752502,1000,False,5,0,[2.37349618 8.91731002 3.86398644],landing,[-0.82138112 -0.19970136 -0.21083176]
846.4844269752502,1001,False,6,2,[-7.24642023 -1.57042889  3.32993187],landing,[-0.48080528  0.59740651 -0.20557775]
846.4844269752502,1002,False,3,5,[-7.56093905  6.3509714   3.99999873],exiting,[ 0.5677905  -0.59831228 -0.99408226]
846.4844269752502,1003,False,1,4,[ 7.99356271 -4.58197041  3.99942016],exiting,[ 0.63925976  0.24903542 -0.34837281]
846.4844269752502,1004,False,4,3,[-0.15221393 -3.10859965  3.99924094],exiting,[-0.62185191  0.08809385  0.93462812]
846.4844269752502,1005,False,0,6,[8.81740711 9.11825889 1.67061613],landing,[ 0.50568378 -0.03156594 -0.11489306]
846.5932548046112,1000,False,5,0,[2.39467143 8.94022076 3.79711326],landing,[-0.82138112 -0.19970136 -0.21083176]
846.5932548046112,1001,False,6,2,[-7.25597348 -1.5489388   3.23273664],landing,[-0.48080528  0.59740651 -0.20557775]
846.5932548046112,1002,False,3,5,[-7.62638087  6.42658469  3.999999  ],exiting,[ 0.5677905  -0.59831228 -0.99408226]
846.5932548046112,1003,False,1,4,[ 8.01938248 -4.67857962  3.99952817],exiting,[ 0.63925976  0.24903542 -0.34837281]
846.5932548046112,1004,False,4,3,[-0.32227057 -3.17582404  3.99937444],exiting,[-0.62185191  0.08809385  0.93462812]
846.5932548046112,1005,False,0,6,[8.8367093  9.10575756 1.57329634],landing,[ 0.50568378 -0.03156594 -0.11489306]
846.680253982544,1000,False,5,0,[2.41505838 8.94766761 3.71758123],landing,[-0.82138112 -0.19970136 -0.21083176]
846.680253982544,1001,False,6,2,[-7.26552673 -1.52744872  3.13554142],landing,[-0.48080528  0.59740651 -0.20557775]
846.680253982544,1002,False,3,5,[-7.69182269  6.50219797  3.99999923],exiting,[ 0.5677905  -0.59831228 -0.99408226]
846.680253982544,1003,False,1,4,[ 8.04520225 -4.77518883  3.99961671],exiting,[ 0.63925976  0.24903542 -0.34837281]
846.680253982544,1004,False,4,3,[-0.47268602 -3.24681988  3.99950552],exiting,[-0.62185191  0.08809385  0.93462812]
846.680253982544,1005,False,0,6,[8.85601148 9.09325622 1.47597654],fake_landed,[ 0.50568378 -0.03156594 -0.11489306]
846.7831354141235,1000,False,5,0,[2.43455498 8.93946175 3.62563147],landing,[-0.82138112 -0.19970136 -0.21083176]
846.7831354141235,1001,False,6,2,[-7.27507999 -1.50595863  3.0383462 ],landing,[-0.48080528  0.59740651 -0.20557775]
846.7831354141235,1002,False,3,5,[-7.75726451  6.57781125  3.9999994 ],exiting,[ 0.5677905  -0.59831228 -0.99408226]
846.7831354141235,1003,False,1,4,[ 8.07102202 -4.87179803  3.9996892 ],exiting,[ 0.63925976  0.24903542 -0.34837281]
846.7831354141235,1004,False,4,3,[-0.60344667 -3.32151556  3.99963188],exiting,[-0.62185191  0.08809385  0.93462812]
846.7831354141235,1005,False,0,6,[8.87145323 9.08325515 1.39812071],fake_landed,[ 0.50568378 -0.03156594 -0.11489306]
846.8923227787018,1000,False,5,0,[2.45363554 8.92463242 3.52859527],landing,[-0.82138112 -0.19970136 -0.21083176]
846.8923227787018,1001,False,6,2,[-7.28463324 -1.48446854  2.94115097],landing,[-0.48080528  0.59740651 -0.20557775]
846.8923227787018,1002,False,3,5,[-7.82270633  6.65342453  3.99999954],exiting,[ 0.5677905  -0.59831228 -0.99408226]
846.8923227787018,1003,False,1,4,[ 8.09684179 -4.96840724  3.99974847],exiting,[ 0.63925976  0.24903542 -0.34837281]
846.8923227787018,1004,False,4,3,[-0.71453574 -3.39982082  3.99975077],exiting,[-0.62185191  0.08809385  0.93462812]
846.8923227787018,1005,False,0,6,[8.88303454 9.07575435 1.33972883],fake_landed,[ 0.50568378 -0.03156594 -0.11489306]
846.9913949966431,1000,False,5,0,[2.47271609 8.90980309 3.43155908],landing,[-0.82138112 -0.19970136 -0.21083176]
846.9913949966431,1001,False,6,2,[-7.29418649 -1.46297845  2.84395575],landing,[-0.48080528  0.59740651 -0.20557775]
846.9913949966431,1002,False,3,5,[-7.88814815  6.72903781  3.99999965],exiting,[ 0.5677905  -0.59831228 -0.99408226]
846.9913949966431,1003,False,1,4,[ 8.12266156 -5.06501645  3.99979688],exiting,[ 0.63925976  0.24903542 -0.34837281]
846.9913949966431,1004,False,4,3,[-0.80593159 -3.48161556  3.99985869],exiting,[-0.62185191  0.08809385  0.93462812]
846.9913949966431,1005,False,0,6,[8.89075541 9.07075382 1.30080092],fake_landed,[ 0.50568378 -0.03156594 -0.11489306]
847.0937819480896,1000,False,5,0,[2.49179664 8.89497375 3.33452288],landing,[-0.82138112 -0.19970136 -0.21083176]
847.0937819480896,1001,False,6,2,[-7.30373975 -1.44148836  2.74676053],landing,[-0.48080528  0.59740651 -0.20557775]
847.0937819480896,1002,False,3,5,[-7.95358996  6.80465109  3.99999974],exiting,[ 0.5677905  -0.59831228 -0.99408226]
847.0937819480896,1003,False,1,4,[ 8.14848132 -5.16162566  3.99983635],exiting,[ 0.63925976  0.24903542 -0.34837281]
847.0937819480896,1004,False,4,3,[-0.87760429 -3.56672653  3.99995072],exiting,[-0.62185191  0.08809385  0.93462812]
847.0937819480896,1005,False,0,6,[8.89461585 9.06825355 1.28133696],fake_landed,[ 0.50568378 -0.03156594 -0.11489306]
847.1879196166992,1000,False,5,0,[2.51087719 8.88014442 3.23748668],landing,[-0.82138112 -0.19970136 -0.21083176]
847.1879196166992,1001,False,6,2,[-7.313293   -1.41999827  2.6495653 ],landing,[-0.48080528  0.59740651 -0.20557775]
847.1879196166992,1002,False,3,5,[-8.01903178  6.88026437  3.99999981],exiting,[ 0.5677905  -0.59831228 -0.99408226]
847.1879196166992,1003,False,1,4,[ 8.17430109 -5.25823487  3.99986849],exiting,[ 0.63925976  0.24903542 -0.34837281]
847.1879196166992,1004,False,4,3,[-0.9295333  -3.65502915  4.00002354],exiting,[-0.62185191  0.08809385  0.93462812]
847.1879196166992,1005,False,6,1,[8.89461585 9.06825355 1.28133696],waiting,[ 0.50568378 -0.03156594 -0.11489306]
847.283212184906,1000,False,5,0,[2.52995774 8.86531509 3.14045049],landing,[-0.82138112 -0.19970136 -0.21083176]
847.283212184906,1001,False,6,2,[-7.32284625 -1.39850819  2.55237008],landing,[-0.48080528  0.59740651 -0.20557775]
847.283212184906,1002,False,3,5,[-8.0844736   6.95587766  3.99999986],exiting,[ 0.5677905  -0.59831228 -0.99408226]
847.283212184906,1003,False,1,4,[ 8.20012086 -5.35484408  3.99989461],exiting,[ 0.63925976  0.24903542 -0.34837281]
847.283212184906,1004,False,4,3,[-0.96169795 -3.74639268  4.00007388],exiting,[-0.62185191  0.08809385  0.93462812]
847.283212184906,1005,False,6,1,[8.89461585 9.06825355 1.28133696],waiting,[ 0.50568378 -0.03156594 -0.11489306]
847.3821167945862,1000,False,5,0,[2.54903829 8.85048575 3.04341429],landing,[-0.82138112 -0.19970136 -0.21083176]
847.3821167945862,1001,False,6,2,[-7.33239951 -1.3770181   2.45517486],landing,[-0.48080528  0.59740651 -0.20557775]
847.3821167945862,1002,False,3,5,[-8.14991542  7.03149094  3.9999999 ],exiting,[ 0.5677905  -0.59831228 -0.99408226]
847.3821167945862,1003,False,1,4,[ 8.22594063 -5.45145329  3.99991581],exiting,[ 0.63925976  0.24903542 -0.34837281]
847.3821167945862,1004,False,4,3,[-0.97407769 -3.8406814   4.00009865],exiting,[-0.62185191  0.08809385  0.93462812]
847.3821167945862,1005,False,6,1,[8.89461585 9.06825355 1.28133696],waiting,[ 0.50568378 -0.03156594 -0.11489306]
847.493266582489,1000,False,5,0,[2.56811884 8.83565642 2.94637809],landing,[-0.82138112 -0.19970136 -0.21083176]
847.493266582489,1001,False,6,2,[-7.34195276 -1.35552801  2.35797963],landing,[-0.48080528  0.59740651 -0.20557775]
847.493266582489,1002,False,3,5,[-8.21535724  7.10710422  3.99999994],exiting,[ 0.5677905  -0.59831228 -0.99408226]
847.493266582489,1003,False,1,4,[ 8.2517604  -5.5480625   3.99993297],exiting,[ 0.63925976  0.24903542 -0.34837281]
847.493266582489,1004,False,4,3,[-0.9666524  -3.93775586  4.00009551],exiting,[-0.62185191  0.08809385  0.93462812]
847.493266582489,1005,False,6,1,[8.89461585 9.06825355 1.28133696],waiting,[ 0.50568378 -0.03156594 -0.11489306]
847.582442522049,1000,False,5,0,[2.58719939 8.82082709 2.8493419 ],landing,[-0.82138112 -0.19970136 -0.21083176]
847.582442522049,1001,False,6,2,[-7.35150601 -1.33403792  2.26078441],landing,[-0.48080528  0.59740651 -0.20557775]
847.582442522049,1002,False,3,5,[-8.28079906  7.1827175   3.99999996],exiting,[ 0.5677905  -0.59831228 -0.99408226]
847.582442522049,1003,False,1,4,[ 8.27758017 -5.64467171  3.99994684],exiting,[ 0.63925976  0.24903542 -0.34837281]
847.582442522049,1004,False,4,3,[-0.94902817 -4.03619054  4.00007881],exiting,[-0.62185191  0.08809385  0.93462812]
847.582442522049,1005,False,6,1,[8.89461585 9.06825355 1.28133696],waiting,[ 0.50568378 -0.03156594 -0.11489306]
847.6857273578644,1000,False,5,0,[2.60627995 8.80599775 2.7523057 ],landing,[-0.82138112 -0.19970136 -0.21083176]
847.6857273578644,1001,False,6,2,[-7.36105927 -1.31254783  2.16358919],landing,[-0.48080528  0.59740651 -0.20557775]
847.6857273578644,1002,False,3,5,[-8.34624088  7.25833078  3.99999998],exiting,[ 0.5677905  -0.59831228 -0.99408226]
847.6857273578644,1003,False,1,4,[ 8.30339994 -5.74128092  3.99995803],exiting,[ 0.63925976  0.24903542 -0.34837281]
847.6857273578644,1004,False,4,3,[-0.93140394 -4.13462522  4.00006499],exiting,[-0.62185191  0.08809385  0.93462812]
847.6857273578644,1005,False,6,1,[8.89461585 9.06825355 1.28133696],waiting,[ 0.50568378 -0.03156594 -0.11489306]
847.7848930358887,1000,False,5,0,[2.6253605  8.79116842 2.65526951],landing,[-0.82138112 -0.19970136 -0.21083176]
847.7848930358887,1001,False,6,2,[-7.37061252 -1.29105774  2.06639396],landing,[-0.48080528  0.59740651 -0.20557775]
847.7848930358887,1002,False,3,5,[-8.4116827   7.33394406  3.99999999],landing,[ 0.5677905  -0.59831228 -0.99408226]
847.7848930358887,1003,False,1,4,[ 8.32921971 -5.83789013  3.99996702],exiting,[ 0.63925976  0.24903542 -0.34837281]
847.7848930358887,1004,False,4,3,[-0.9137797  -4.2330599   4.00005355],exiting,[-0.62185191  0.08809385  0.93462812]
847.7848930358887,1005,False,6,1,[8.89461585 9.06825355 1.28133696],waiting,[ 0.50568378 -0.03156594 -0.11489306]
847.8816847801208,1000,False,5,0,[2.64444105 8.77633909 2.55823331],landing,[-0.82138112 -0.19970136 -0.21083176]
847.8816847801208,1001,False,6,2,[-7.38016577 -1.26956766  1.96919874],landing,[-0.48080528  0.59740651 -0.20557775]
847.8816847801208,1002,False,3,5,[-8.46572136  7.40139039  3.98574276],landing,[ 0.5677905  -0.59831228 -0.99408226]
847.8816847801208,1003,False,1,4,[ 8.35503948 -5.93449934  3.99997423],exiting,[ 0.63925976  0.24903542 -0.34837281]
847.8816847801208,1004,False,4,3,[-0.89615547 -4.33149458  4.00004408],exiting,[-0.62185191  0.08809385  0.93462812]
847.8816847801208,1005,False,6,1,[8.89461585 9.06825355 1.28133696],waiting,[ 0.50568378 -0.03156594 -0.11489306]
847.991947889328,1000,False,5,0,[2.6635216  8.76150975 2.46119711],landing,[-0.82138112 -0.19970136 -0.21083176]
847.991947889328,1001,False,6,2,[-7.38971903 -1.24807757  1.87200352],landing,[-0.48080528  0.59740651 -0.20557775]
847.991947889328,1002,False,3,5,[-8.5082705   7.46051356  3.95738887],landing,[ 0.5677905  -0.59831228 -0.99408226]
847.991947889328,1003,False,1,4,[ 8.38085925 -6.03110855  3.99998   ],exiting,[ 0.63925976  0.24903542 -0.34837281]
847.991947889328,1004,False,4,3,[-0.87853124 -4.42992926  4.00003626],exiting,[-0.62185191  0.08809385  0.93462812]
847.991947889328,1005,False,6,1,[8.89461585 9.06825355 1.28133696],queued,[ 0.50568378 -0.03156594 -0.11489306]
848.0798768997192,1000,False,5,0,[2.68260215 8.74668042 2.36416092],landing,[-0.82138112 -0.19970136 -0.21083176]
848.0798768997192,1001,False,6,2,[-7.39927228 -1.22658748  1.77480829],landing,[-0.48080528  0.59740651 -0.20557775]
848.0798768997192,1002,False,3,5,[-8.53922884  7.51112807  3.91513332],landing,[ 0.5677905  -0.59831228 -0.99408226]
848.0798768997192,1003,False,1,4,[ 8.40667902 -6.12771776  3.99998459],exiting,[ 0.63925976  0.24903542 -0.34837281]
848.0798768997192,1004,False,4,3,[-0.86090701 -4.52836395  4.00002979],exiting,[-0.62185191  0.08809385  0.93462812]
848.0798768997192,1005,False,6,1,[8.89461585 9.06825355 1.30133696],queued,[ 0.50568378 -0.03156594 -0.11489306]
848.194482088089,1000,False,5,0,[2.7016827  8.73185109 2.26712472],landing,[-0.82138112 -0.19970136 -0.21083176]
848.194482088089,1001,False,6,2,[-7.40882553 -1.20509739  1.67761307],landing,[-0.48080528  0.59740651 -0.20557775]
848.194482088089,1002,False,3,5,[-8.5584575   7.552975    3.85925632],landing,[ 0.5677905  -0.59831228 -0.99408226]
848.194482088089,1003,False,1,4,[ 8.43249879 -6.22432697  3.99998823],exiting,[ 0.63925976  0.24903542 -0.34837281]
848.194482088089,1004,False,4,3,[-0.84328277 -4.62679863  4.00002446],exiting,[-0.62185191  0.08809385  0.93462812]
848.194482088089,1005,False,6,1,[8.89461585 9.06825355 1.34133696],queued,[ 0.50568378 -0.03156594 -0.11489306]
848.2862765789032,1000,False,5,0,[2.72076325 8.71702176 2.17008852],landing,[-0.82138112 -0.19970136 -0.21083176]
848.2862765789032,1001,False,6,2,[-7.41837879 -1.1836073   1.58041785],landing,[-0.48080528  0.59740651 -0.20557775]
848.2862765789032,1002,False,3,5,[-8.56585044  7.58585287  3.7899826 ],landing,[ 0.5677905  -0.59831228 -0.99408226]
848.2862765789032,1003,False,1,4,[ 8.45831856 -6.32093619  3.99999111],exiting,[ 0.63925976  0.24903542 -0.34837281]
848.2862765789032,1004,False,4,3,[-0.82565854 -4.72523331  4.00002005],exiting,[-0.62185191  0.08809385  0.93462812]
848.2862765789032,1005,False,6,1,[8.89461585 9.06825355 1.40133696],queued,[ 0.50568378 -0.03156594 -0.11489306]
848.381557226181,1000,False,5,0,[2.7398438  8.70219242 2.07305233],landing,[-0.82138112 -0.19970136 -0.21083176]
848.381557226181,1001,False,6,2,[-7.42793204 -1.16211721  1.48322262],fake_landed,[-0.48080528  0.59740651 -0.20557775]
848.381557226181,1002,False,3,5,[-8.56130569  7.60956454  3.707538  ],landing,[ 0.5677905  -0.59831228 -0.99408226]
848.381557226181,1003,False,1,4,[ 8.48413833 -6.4175454   3.99999338],exiting,[ 0.63925976  0.24903542 -0.34837281]
848.381557226181,1004,False,4,3,[-0.80803431 -4.82366799  4.00001643],exiting,[-0.62185191  0.08809385  0.93462812]
848.381557226181,1005,False,6,1,[8.89461585 9.06825355 1.47633696],queued,[ 0.50568378 -0.03156594 -0.11489306]
848.4934539794922,1000,False,5,0,[2.75892436 8.68736309 1.97601613],landing,[-0.82138112 -0.19970136 -0.21083176]
848.4934539794922,1001,False,6,2,[-7.43557464 -1.14492514  1.40546644],fake_landed,[-0.48080528  0.59740651 -0.20557775]
848.4934539794922,1002,False,3,5,[-8.54472191  7.62391046  3.61215724],landing,[ 0.5677905  -0.59831228 -0.99408226]
848.4934539794922,1003,False,1,4,[ 8.5099581  -6.51415461  3.99999514],exiting,[ 0.63925976  0.24903542 -0.34837281]
848.4934539794922,1004,False,4,3,[-0.79041007 -4.92210267  4.00001344],exiting,[-0.62185191  0.08809385  0.93462812]
848.4934539794922,1005,False,6,1,[8.89461585 9.06825355 1.55133696],entering,[ 0.50568378 -0.03156594 -0.11489306]
848.5870132446289,1000,False,5,0,[2.77800491 8.67253376 1.87897993],landing,[-0.82138112 -0.19970136 -0.21083176]
848.5870132446289,1001,False,6,2,[-7.44130659 -1.13203109  1.34714931],fake_landed,[-0.48080528  0.59740651 -0.20557775]
848.5870132446289,1002,False,3,5,[-8.52617947  7.63671261  3.51472889],landing,[ 0.5677905  -0.59831228 -0.99408226]
848.5870132446289,1003,False,1,4,[ 8.53577787 -6.61076382  3.99999651],exiting,[ 0.63925976  0.24903542 -0.34837281]
848.5870132446289,1004,False,4,3,[-0.77278584 -5.02053735  4.00001098],exiting,[-0.62185191  0.08809385  0.93462812]
848.5870132446289,1005,False,6,1,[8.89039087 9.04870491 1.62633696],entering,[ 0.50568378 -0.03156594 -0.11489306]
848.6842923164368,1000,False,5,0,[2.79708546 8.65770442 1.78194374],landing,[-0.82138112 -0.19970136 -0.21083176]
848.6842923164368,1001,False,6,2,[-7.4451279  -1.12343506  1.30827122],fake_landed,[-0.48080528  0.59740651 -0.20557775]
848.6842923164368,1002,False,3,5,[-8.50763704  7.64951477  3.41730054],landing,[ 0.5677905  -0.59831228 -0.99408226]
848.6842923164368,1003,False,1,4,[ 8.56159764 -6.70737303  3.99999757],exiting,[ 0.63925976  0.24903542 -0.34837281]
848.6842923164368,1004,False,4,3,[-0.75516161 -5.11897203  4.00000896],exiting,[-0.62185191  0.08809385  0.93462812]
848.6842923164368,1005,False,6,1,[8.8819409  9.00960762 1.70133696],entering,[ 0.50568378 -0.03156594 -0.11489306]
848.780469417572,1000,False,5,0,[2.81616601 8.64287509 1.68490754],landing,[-0.82138112 -0.19970136 -0.21083176]
848.780469417572,1001,False,6,2,[-7.44703855 -1.11913704  1.28883218],fake_landed,[-0.48080528  0.59740651 -0.20557775]
848.780469417572,1002,False,3,5,[-8.48909461  7.66231692  3.31987219],landing,[ 0.5677905  -0.59831228 -0.99408226]
848.780469417572,1003,False,1,4,[ 8.58741741 -6.80398224  3.99999837],exiting,[ 0.63925976  0.24903542 -0.34837281]
848.780469417572,1004,False,4,3,[-0.73753737 -5.21740671  4.0000073 ],exiting,[-0.62185191  0.08809385  0.93462812]
848.780469417572,1005,False,6,1,[8.86926595 8.95096168 1.77633696],entering,[ 0.50568378 -0.03156594 -0.11489306]
848.8842079639435,1000,False,5,0,[2.83524656 8.62804576 1.58787134],landing,[-0.82138112 -0.19970136 -0.21083176]
848.8842079639435,1001,False,2,6,[-7.44703855 -1.11913704  1.28883218],waiting,[-0.48080528  0.59740651 -0.20557775]
848.8842079639435,1002,False,3,5,[-8.47055218  7.67511908  3.22244385],landing,[ 0.5677905  -0.59831228 -0.99408226]
848.8842079639435,1003,False,1,4,[ 8.61323718 -6.90059145  3.99999897],exiting,[ 0.63925976  0.24903542 -0.34837281]
848.8842079639435,1004,False,4,3,[-0.71991314 -5.31584139  4.00000594],exiting,[-0.62185191  0.08809385  0.93462812]
848.8842079639435,1005,False,6,1,[8.85236602 8.8727671  1.85133696],entering,[ 0.50568378 -0.03156594 -0.11489306]
848.9859850406647,1000,False,5,0,[2.85432711 8.61321642 1.49083515],fake_landed,[-0.82138112 -0.19970136 -0.21083176]
848.9859850406647,1001,False,2,6,[-7.44703855 -1.11913704  1.28883218],queued,[-0.48080528  0.59740651 -0.20557775]
848.9859850406647,1002,False,3,5,[-8.45200975  7.68792124  3.1250155 ],landing,[ 0.5677905  -0.59831228 -0.99408226]
848.9859850406647,1003,False,1,4,[ 8.63905695 -6.99720066  3.99999941],exiting,[ 0.63925976  0.24903542 -0.34837281]
848.9859850406647,1004,False,4,3,[-0.70228891 -5.41427607  4.00000482],exiting,[-0.62185191  0.08809385  0.93462812]
848.9859850406647,1005,False,6,1,[8.83124435 8.77502317 1.92633696],entering,[ 0.50568378 -0.03156594 -0.11489306]
849.0831391811371,1000,False,5,0,[2.86959155 8.60135296 1.41320619],fake_landed,[-0.82138112 -0.19970136 -0.21083176]
849.0831391811371,1001,False,2,6,[-7.44703855 -1.11913704  1.30883218],queued,[-0.48080528  0.59740651 -0.20557775]
849.0831391811371,1002,False,3,5,[-8.43346731  7.70072339  3.02758715],landing,[ 0.5677905  -0.59831228 -0.99408226]
849.0831391811371,1003,False,1,4,[ 8.66487672 -7.09380987  3.99999973],landing,[ 0.63925976  0.24903542 -0.34837281]
849.0831391811371,1004,False,4,3,[-0.68466467 -5.51271075  4.00000391],exiting,[-0.62185191  0.08809385  0.93462812]
849.0831391811371,1005,False,6,1,[8.80605883 8.65769647 2.00133696],entering,[ 0.50568378 -0.03156594 -0.11489306]
849.1926152706146,1000,False,5,0,[2.88103988 8.59245536 1.35498447],fake_landed,[-0.82138112 -0.19970136 -0.21083176]
849.1926152706146,1001,False,2,6,[-7.44703855 -1.11913704  1.34883218],queued,[-0.48080528  0.59740651 -0.20557775]
849.1926152706146,1002,False,3,5,[-8.41492488  7.71352555  2.9301588 ],landing,[ 0.5677905  -0.59831228 -0.99408226]
849.1926152706146,1003,False,1,4,[ 8.68400689 -7.17806017  3.98576957],landing,[ 0.63925976  0.24903542 -0.34837281]
849.1926152706146,1004,False,4,3,[-0.66704044 -5.61114544  4.00000316],exiting,[-0.62185191  0.08809385  0.93462812]
849.1926152706146,1005,False,6,1,[8.77705526 8.52073759 2.07633696],entering,[ 0.50568378 -0.03156594 -0.11489306]
849.2908306121826,1000,False,5,0,[2.8886721  8.58652362 1.31616999],fake_landed,[-0.82138112 -0.19970136 -0.21083176]
849.2908306121826,1001,False,2,6,[-7.44703855 -1.11913704  1.40883218],queued,[-0.48080528  0.59740651 -0.20557775]
849.2908306121826,1002,False,3,5,[-8.39638245  7.7263277   2.83273045],landing,[ 0.5677905  -0.59831228 -0.99408226]
849.2908306121826,1003,False,1,4,[ 8.69643819 -7.24977359  3.95746986],landing,[ 0.63925976  0.24903542 -0.34837281]
849.2908306121826,1004,False,4,3,[-0.64941621 -5.70958012  4.00000255],exiting,[-0.62185191  0.08809385  0.93462812]
849.2908306121826,1005,False,6,1,[8.7446379  8.36407221 2.15133696],entering,[ 0.50568378 -0.03156594 -0.11489306]
849.3819880485535,1000,False,5,0,[2.89248821 8.58355776 1.29676275],fake_landed,[-0.82138112 -0.19970136 -0.21083176]
849.3819880485535,1001,False,2,6,[-7.44703855 -1.11913704  1.48383218],queued,[-0.48080528  0.59740651 -0.20557775]
849.3819880485535,1002,False,3,5,[-8.37784002  7.73912986  2.73530211],landing,[ 0.5677905  -0.59831228 -0.99408226]
849.3819880485535,1003,False,1,4,[ 8.70216082 -7.30873955  3.91529587],landing,[ 0.63925976  0.24903542 -0.34837281]
849.3819880485535,1004,False,4,3,[-0.63179197 -5.8080148   4.00000206],exiting,[-0.62185191  0.08809385  0.93462812]
849.3819880485535,1005,False,6,1,[8.70915415 8.1876433  2.22633696],entering,[ 0.50568378 -0.03156594 -0.11489306]
849.4913365840912,1000,False,0,2,[2.89248821 8.58355776 1.29676275],waiting,[-0.82138112 -0.19970136 -0.21083176]
849.4913365840912,1001,False,2,6,[-7.44703855 -1.11913704  1.55883218],queued,[-0.48080528  0.59740651 -0.20557775]
849.4913365840912,1002,False,3,5,[-8.35929759  7.75193202  2.63787376],landing,[ 0.5677905  -0.59831228 -0.99408226]
849.4913365840912,1003,False,1,4,[ 8.7011633  -7.35466595  3.85952741],landing,[ 0.63925976  0.24903542 -0.34837281]
849.4913365840912,1004,False,4,3,[-0.61416774 -5.90644948  4.00000165],exiting,[-0.62185191  0.08809385  0.93462812]
849.4913365840912,1005,False,6,1,[8.67064171 7.99144504 2.30133696],entering,[ 0.50568378 -0.03156594 -0.11489306]
849.5918853282928,1000,False,0,2,[2.89248821 8.58355776 1.29676275],waiting,[-0.82138112 -0.19970136 -0.21083176]
849.5918853282928,1001,False,2,6,[-7.44703855 -1.11913704  1.63383218],queued,[-0.48080528  0.59740651 -0.20557775]
849.5918853282928,1002,False,3,5,[-8.34075516  7.76473417  2.54044541],landing,[ 0.5677905  -0.59831228 -0.99408226]
849.5918853282928,1003,False,1,4,[ 8.69343845 -7.38732395  3.79039136],landing,[ 0.63925976  0.24903542 -0.34837281]
849.5918853282928,1004,False,4,3,[-0.59654351 -6.00488416  4.00000132],exiting,[-0.62185191  0.08809385  0.93462812]
849.5918853282928,1005,False,6,1,[8.63212066 7.79518978 2.37633696],entering,[ 0.50568378 -0.03156594 -0.11489306]
849.6840369701385,1000,False,0,2,[2.89248821 8.58355776 1.29676275],waiting,[-0.82138112 -0.19970136 -0.21083176]
849.6840369701385,1001,False,2,6,[-7.44703855 -1.11913704  1.70883218],queued,[-0.48080528  0.59740651 -0.20557775]
849.6840369701385,1002,False,3,5,[-8.32221272  7.77753633  2.44301706],landing,[ 0.5677905  -0.59831228 -0.99408226]
849.6840369701385,1003,False,1,4,[ 8.67898094 -7.40649209  3.70811397],landing,[ 0.63925976  0.24903542 -0.34837281]
849.6840369701385,1004,False,4,3,[-0.57891928 -6.10331884  4.00000106],exiting,[-0.62185191  0.08809385  0.93462812]
849.6840369701385,1005,False,6,1,[8.59418199 7.5988211  2.45133696],entering,[ 0.50568378 -0.03156594 -0.11489306]
849.782279253006,1000,False,0,2,[2.89248821 8.58355776 1.29676275],waiting,[-0.82138112 -0.19970136 -0.21083176]
849.782279253006,1001,False,2,6,[-7.44703855 -1.11913704  1.78383218],queued,[-0.48080528  0.59740651 -0.20557775]
849.782279253006,1002,False,3,5,[-8.30367029  7.79033848  2.34558871],landing,[ 0.5677905  -0.59831228 -0.99408226]
849.782279253006,1003,False,1,4,[ 8.65778705 -7.41194704  3.61293039],landing,[ 0.63925976  0.24903542 -0.34837281]
849.782279253006,1004,False,4,3,[-0.56129504 -6.20175352  4.00000084],exiting,[-0.62185191  0.08809385  0.93462812]
849.782279253006,1005,False,6,1,[8.55883799 7.40196887 2.52633696],entering,[ 0.50568378 -0.03156594 -0.11489306]
849.8839888572693,1000,False,0,2,[2.89248821 8.58355776 1.29676275],waiting,[-0.82138112 -0.19970136 -0.21083176]
849.8839888572693,1001,False,2,6,[-7.44703855 -1.11913704  1.85883218],queued,[-0.48080528  0.59740651 -0.20557775]
849.8839888572693,1002,False,3,5,[-8.28512786  7.80314064  2.24816036],landing,[ 0.5677905  -0.59831228 -0.99408226]
849.8839888572693,1003,False,1,4,[ 8.63540454 -7.41494322  3.51551352],landing,[ 0.63925976  0.24903542 -0.34837281]
849.8839888572693,1004,False,4,3,[-0.54367081 -6.3001882   4.00000067],exiting,[-0.62185191  0.08809385  0.93462812]
849.8839888572693,1005,False,6,1,[8.52469067 7.20490553 2.60133696],entering,[ 0.50568378 -0.03156594 -0.11489306]
849.9917118549347,1000,False,0,2,[2.89248821 8.58355776 1.29676275],waiting,[-0.82138112 -0.19970136 -0.21083176]
849.9917118549347,1001,False,2,6,[-7.44703855 -1.11913704  1.93383218],queued,[-0.48080528  0.59740651 -0.20557775]
849.9917118549347,1002,False,3,5,[-8.26658543  7.81594279  2.15073202],landing,[ 0.5677905  -0.59831228 -0.99408226]
849.9917118549347,1003,False,1,4,[ 8.61302203 -7.41793939  3.41809665],landing,[ 0.63925976  0.24903542 -0.34837281]
849.9917118549347,1004,False,4,3,[-0.52604658 -6.39862288  4.00000052],exiting,[-0.62185191  0.08809385  0.93462812]
849.9917118549347,1005,False,6,1,[8.49054335 7.00784219 2.67633696],entering,[ 0.50568378 -0.03156594 -0.11489306]
850.0828647613525,1000,False,0,2,[2.89248821 8.58355776 1.29676275],waiting,[-0.82138112 -0.19970136 -0.21083176]
850.0828647613525,1001,False,2,6,[-7.44703855 -1.11913704  2.00883218],queued,[-0.48080528  0.59740651 -0.20557775]
850.0828647613525,1002,False,3,5,[-8.248043    7.82874495  2.05330367],landing,[ 0.5677905  -0.59831228 -0.99408226]
850.0828647613525,1003,False,1,4,[ 8.59063953 -7.42093557  3.32067978],landing,[ 0.63925976  0.24903542 -0.34837281]
850.0828647613525,1004,False,4,3,[-0.50842234 -6.49705756  4.00000041],exiting,[-0.62185191  0.08809385  0.93462812]
850.0828647613525,1005,False,6,1,[8.45789202 6.81052546 2.75133696],entering,[ 0.50568378 -0.03156594 -0.11489306]
850.1825785636902,1000,False,0,2,[2.89248821 8.58355776 1.29676275],waiting,[-0.82138112 -0.19970136 -0.21083176]
850.1825785636902,1001,False,2,6,[-7.44703855 -1.11913704  2.08383218],queued,[-0.48080528  0.59740651 -0.20557775]
850.1825785636902,1002,False,3,5,[-8.22950056  7.84154711  1.95587532],landing,[ 0.5677905  -0.59831228 -0.99408226]
850.1825785636902,1003,False,1,4,[ 8.56825702 -7.42393174  3.22326291],landing,[ 0.63925976  0.24903542 -0.34837281]
850.1825785636902,1004,False,4,3,[-0.49079811 -6.59549224  4.00000032],exiting,[-0.62185191  0.08809385  0.93462812]
850.1825785636902,1005,False,6,1,[8.42878679 6.61265458 2.82633696],entering,[ 0.50568378 -0.03156594 -0.11489306]
850.2817878723145,1000,False,0,2,[2.89248821 8.58355776 1.29676275],waiting,[-0.82138112 -0.19970136 -0.21083176]
850.2817878723145,1001,False,2,6,[-7.44703855 -1.11913704  2.15883218],entering,[-0.48080528  0.59740651 -0.20557775]
850.2817878723145,1002,False,3,5,[-8.21095813  7.85434926  1.85844697],landing,[ 0.5677905  -0.59831228 -0.99408226]
850.2817878723145,1003,False,1,4,[ 8.54587452 -7.42692792  3.12584604],landing,[ 0.63925976  0.24903542 -0.34837281]
850.2817878723145,1004,False,4,3,[-0.47317388 -6.69392693  4.00000025],exiting,[-0.62185191  0.08809385  0.93462812]
850.2817878723145,1005,False,6,1,[8.39968156 6.4147837  2.90133696],entering,[ 0.50568378 -0.03156594 -0.11489306]
850.3851778507233,1000,False,0,2,[2.89248821 8.58355776 1.29676275],waiting,[-0.82138112 -0.19970136 -0.21083176]
850.3851778507233,1001,False,2,6,[-7.43396162 -1.10400449  2.23383218],entering,[-0.48080528  0.59740651 -0.20557775]
850.3851778507233,1002,False,3,5,[-8.1924157   7.86715142  1.76101862],landing,[ 0.5677905  -0.59831228 -0.99408226]
850.3851778507233,1003,False,1,4,[ 8.52349201 -7.4299241   3.02842917],landing,[ 0.63925976  0.24903542 -0.34837281]
850.3851778507233,1004,False,4,3,[-0.45554964 -6.79236161  4.00000019],exiting,[-0.62185191  0.08809385  0.93462812]
850.3851778507233,1005,False,6,1,[8.37312443 6.21655474 2.97633696],entering,[ 0.50568378 -0.03156594 -0.11489306]
850.4894027709961,1000,False,0,2,[2.89248821 8.58355776 1.29676275],waiting,[-0.82138112 -0.19970136 -0.21083176]
850.4894027709961,1001,False,2,6,[-7.40782272 -1.07372649  2.30883218],entering,[-0.48080528  0.59740651 -0.20557775]
850.4894027709961,1002,False,3,5,[-8.17387327  7.87995357  1.66359028],landing,[ 0.5677905  -0.59831228 -0.99408226]
850.4894027709961,1003,False,1,4,[ 8.50110951 -7.43292027  2.93101231],landing,[ 0.63925976  0.24903542 -0.34837281]
850.4894027709961,1004,False,4,3,[-0.43792541 -6.89079629  4.00000015],exiting,[-0.62185191  0.08809385  0.93462812]
850.4894027709961,1005,False,6,1,[8.34967422 6.01793428 3.05133696],entering,[ 0.50568378 -0.03156594 -0.11489306]
850.5935997962952,1000,False,0,2,[2.89248821 8.58355776 1.29676275],queued,[-0.82138112 -0.19970136 -0.21083176]
850.5935997962952,1001,False,2,6,[-7.36865491 -1.02827457  2.38383218],entering,[-0.48080528  0.59740651 -0.20557775]
850.5935997962952,1002,False,3,5,[-8.15533084  7.89275573  1.56616193],landing,[ 0.5677905  -0.59831228 -0.99408226]
850.5935997962952,1003,False,1,4,[ 8.478727   -7.43591645  2.83359544],landing,[ 0.63925976  0.24903542 -0.34837281]
850.5935997962952,1004,False,4,3,[-0.42030118 -6.98923097  4.00000011],exiting,[-0.62185191  0.08809385  0.93462812]
850.5935997962952,1005,False,6,1,[8.32749403 5.81916799 3.12633696],entering,[ 0.50568378 -0.03156594 -0.11489306]
850.6792516708374,1000,False,0,2,[2.89248821 8.58355776 1.31676275],queued,[-0.82138112 -0.19970136 -0.21083176]
850.6792516708374,1001,False,2,6,[-7.31652139 -0.96759471  2.45883218],entering,[-0.48080528  0.59740651 -0.20557775]
850.6792516708374,1002,False,3,5,[-8.13678841  7.90555788  1.46873358],fake_landed,[ 0.5677905  -0.59831228 -0.99408226]
850.6792516708374,1003,False,1,4,[ 8.4563445  -7.43891263  2.73617857],landing,[ 0.63925976  0.24903542 -0.34837281]
850.6792516708374,1004,False,4,3,[-0.40267694 -7.08766565  4.00000008],exiting,[-0.62185191  0.08809385  0.93462812]
850.6792516708374,1005,False,6,1,[8.31014647 5.61992175 3.20133696],entering,[ 0.50568378 -0.03156594 -0.11489306]
850.7902426719666,1000,False,0,2,[2.89248821 8.58355776 1.35676275],queued,[-0.82138112 -0.19970136 -0.21083176]
850.7902426719666,1001,False,2,6,[-7.25154599 -0.89158233  2.53383218],entering,[-0.48080528  0.59740651 -0.20557775]
850.7902426719666,1002,False,3,5,[-8.12195446  7.91579961  1.3907909 ],fake_landed,[ 0.5677905  -0.59831228 -0.99408226]
850.7902426719666,1003,False,1,4,[ 8.43396199 -7.4419088   2.6387617 ],landing,[ 0.63925976  0.24903542 -0.34837281]
850.7902426719666,1004,False,4,3,[-0.38505271 -7.18610033  4.00000006],exiting,[-0.62185191  0.08809385  0.93462812]
850.7902426719666,1005,False,6,1,[8.29558389 5.42045263 3.27633696],entering,[ 0.50568378 -0.03156594 -0.11489306]
850.881000995636,1000,False,0,2,[2.89248821 8.58355776 1.41676275],queued,[-0.82138112 -0.19970136 -0.21083176]
850.881000995636,1001,False,2,6,[-7.174047   -0.79997638  2.60883218],entering,[-0.48080528  0.59740651 -0.20557775]
850.881000995636,1002,False,3,5,[-8.110829    7.9234809   1.33233389],fake_landed,[ 0.5677905  -0.59831228 -0.99408226]
850.881000995636,1003,False,1,4,[ 8.41157949 -7.44490498  2.54134483],landing,[ 0.63925976  0.24903542 -0.34837281]
850.881000995636,1004,False,4,3,[-0.36742848 -7.28453501  4.00000004],exiting,[-0.62185191  0.08809385  0.93462812]
850.881000995636,1005,False,6,1,[8.28451523 5.22075915 3.35133696],entering,[ 0.50568378 -0.03156594 -0.11489306]
850.9910337924957,1000,False,0,2,[2.89248821 8.58355776 1.49176275],queued,[-0.82138112 -0.19970136 -0.21083176]
850.9910337924957,1001,False,2,6,[-7.08434937 -0.69252135  2.68383218],entering,[-0.48080528  0.59740651 -0.20557775]
850.9910337924957,1002,False,3,5,[-8.10341203  7.92860177  1.29336255],fake_landed,[ 0.5677905  -0.59831228 -0.99408226]
850.9910337924957,1003,False,1,4,[ 8.38919698 -7.44790115  2.44392796],landing,[ 0.63925976  0.24903542 -0.34837281]
850.9910337924957,1004,False,4,3,[-0.34980424 -7.38296969  4.00000003],exiting,[-0.62185191  0.08809385  0.93462812]
850.9910337924957,1005,False,6,1,[8.2795947  5.02081969 3.42633696],entering,[ 0.50568378 -0.03156594 -0.11489306]
851.0938692092896,1000,False,0,2,[2.89248821 8.58355776 1.56676275],queued,[-0.82138112 -0.19970136 -0.21083176]
851.0938692092896,1001,False,2,6,[-6.98300343 -0.56880849  2.75883218],entering,[-0.48080528  0.59740651 -0.20557775]
851.0938692092896,1002,False,3,5,[-8.09970354  7.9311622   1.27387688],fake_landed,[ 0.5677905  -0.59831228 -0.99408226]
851.0938692092896,1003,False,1,4,[ 8.36681448 -7.45089733  2.34651109],landing,[ 0.63925976  0.24903542 -0.34837281]
851.0938692092896,1004,False,4,3,[-0.33218001 -7.48140437  4.00000002],exiting,[-0.62185191  0.08809385  0.93462812]
851.0938692092896,1005,False,6,1,[8.28021147 4.82082064 3.50133696],entering,[ 0.50568378 -0.03156594 -0.11489306]
851.1908183097839,1000,False,0,2,[2.89248821 8.58355776 1.64176275],queued,[-0.82138112 -0.19970136 -0.21083176]
851.1908183097839,1001,False,2,6,[-6.87118726 -0.42805526  2.83383218],entering,[-0.48080528  0.59740651 -0.20557775]
851.1908183097839,1002,False,5,0,[-8.09970354  7.9311622   1.27387688],waiting,[ 0.5677905  -0.59831228 -0.99408226]
851.1908183097839,1003,False,1,4,[ 8.34443197 -7.45389351  2.24909422],landing,[ 0.63925976  0.24903542 -0.34837281]
851.1908183097839,1004,False,4,3,[-0.31455578 -7.57983905  4.00000001],exiting,[-0.62185191  0.08809385  0.93462812]
851.1908183097839,1005,False,6,1,[8.28508264 4.62087997 3.57613641],entering,[ 0.50568378 -0.03156594 -0.11489306]
851.2806601524353,1000,False,0,2,[2.89248821 8.58355776 1.71676275],queued,[-0.82138112 -0.19970136 -0.21083176]
851.2806601524353,1001,False,2,6,[-6.75155882 -0.26889094  2.90883218],entering,[-0.48080528  0.59740651 -0.20557775]
851.2806601524353,1002,False,5,0,[-8.09970354  7.9311622   1.27387688],waiting,[ 0.5677905  -0.59831228 -0.99408226]
851.2806601524353,1003,False,1,4,[ 8.32204947 -7.45688968  2.15167735],landing,[ 0.63925976  0.24903542 -0.34837281]
851.2806601524353,1004,False,4,3,[-0.29693155 -7.67827373  4.00000001],exiting,[-0.62185191  0.08809385  0.93462812]
851.2806601524353,1005,False,6,1,[8.29447923 4.42110083 3.63971595],entering,[ 0.50568378 -0.03156594 -0.11489306]
851.3889772891998,1000,False,0,2,[2.89248821 8.58355776 1.79176275],queued,[-0.82138112 -0.19970136 -0.21083176]
851.3889772891998,1001,False,2,6,[-6.63484449 -0.10647861  2.98383218],entering,[-0.48080528  0.59740651 -0.20557775]
851.3889772891998,1002,False,5,0,[-8.09970354  7.9311622   1.27387688],waiting,[ 0.5677905  -0.59831228 -0.99408226]
851.3889772891998,1003,False,1,4,[ 8.29966696 -7.45988586  2.05426048],landing,[ 0.63925976  0.24903542 -0.34837281]
851.3889772891998,1004,False,4,3,[-0.27930731 -7.77670842  4.        ],landing,[-0.62185191  0.08809385  0.93462812]
851.3889772891998,1005,False,6,1,[8.30678044 4.22147949 3.69375856],entering,[ 0.50568378 -0.03156594 -0.11489306]
851.4852647781372,1000,False,0,2,[2.89248821 8.58355776 1.86676275],queued,[-0.82138112 -0.19970136 -0.21083176]
851.4852647781372,1001,False,2,6,[-6.52167236  0.05842157  3.05883218],entering,[-0.48080528  0.59740651 -0.20557775]
851.4852647781372,1002,False,5,0,[-8.09970354  7.9311622   1.27387688],waiting,[ 0.5677905  -0.59831228 -0.99408226]
851.4852647781372,1003,False,1,4,[ 8.27728446 -7.46288203  1.95684361],landing,[ 0.63925976  0.24903542 -0.34837281]
851.4852647781372,1004,False,4,3,[-0.2673091  -7.86198455  3.98602858],landing,[-0.62185191  0.08809385  0.93462812]
851.4852647781372,1005,False,6,1,[8.31662147 4.02172175 3.73969477],entering,[ 0.50568378 -0.03156594 -0.11489306]
851.592600107193,1000,False,0,2,[2.89248821 8.58355776 1.94176275],queued,[-0.82138112 -0.19970136 -0.21083176]
851.592600107193,1001,False,2,6,[-6.4126599   0.22610068  3.13383218],entering,[-0.48080528  0.59740651 -0.20557775]
851.592600107193,1002,False,5,0,[-8.09970354  7.9311622   1.27387688],waiting,[ 0.5677905  -0.59831228 -0.99408226]
851.592600107193,1003,False,1,4,[ 8.25490195 -7.46587821  1.85942674],landing,[ 0.63925976  0.24903542 -0.34837281]
851.592600107193,1004,False,4,3,[-0.26092985 -7.93392715  3.95824977],landing,[-0.62185191  0.08809385  0.93462812]
851.592600107193,1005,False,6,1,[8.3315552  3.82228007 3.77874056],cruising,[ 0.50568378 -0.03156594 -0.11489306]
851.6811904907227,1000,False,0,2,[2.89248821 8.58355776 2.01676275],queued,[-0.82138112 -0.19970136 -0.21083176]
851.6811904907227,1001,False,2,6,[-6.30834763  0.39674344  3.20883218],entering,[-0.48080528  0.59740651 -0.20557775]
851.6811904907227,1002,False,5,0,[-8.09970354  7.9311622   1.27387688],waiting,[ 0.5677905  -0.59831228 -0.99408226]
851.6811904907227,1003,False,1,4,[ 8.23251945 -7.46887439  1.76200988],landing,[ 0.63925976  0.24903542 -0.34837281]
851.6811904907227,1004,False,4,3,[-0.26016013 -7.99233091  3.91686092],landing,[-0.62185191  0.08809385  0.93462812]
851.6811904907227,1005,False,6,1,[8.34075284 3.62249167 3.81192947],cruising,[ 0.50568378 -0.03156594 -0.11489306]
851.7940535545349,1000,False,0,2,[2.89248821 8.58355776 2.09176275],queued,[-0.82138112 -0.19970136 -0.21083176]
851.7940535545349,1001,False,2,6,[-6.20944092  0.57057515  3.28383218],entering,[-0.48080528  0.59740651 -0.20557775]
851.7940535545349,1002,False,5,0,[-8.09970354  7.9311622   1.27387688],waiting,[ 0.5677905  -0.59831228 -0.99408226]
851.7940535545349,1003,False,1,4,[ 8.21013694 -7.47187056  1.66459301],landing,[ 0.63925976  0.24903542 -0.34837281]
851.7940535545349,1004,False,4,3,[-0.26498509 -8.0369176   3.86213834],landing,[-0.62185191  0.08809385  0.93462812]
851.7940535545349,1005,False,6,1,[8.34826713 3.42263288 3.84014005],exiting,[ 0.50568378 -0.03156594 -0.11489306]
851.8893964290619,1000,False,0,2,[2.89248821 8.58355776 2.16676275],queued,[-0.82138112 -0.19970136 -0.21083176]
851.8893964290619,1001,False,2,6,[-6.11677503  0.74781237  3.35883218],entering,[-0.48080528  0.59740651 -0.20557775]
851.8893964290619,1002,False,5,0,[-8.09970354  7.9311622   1.27387688],waiting,[ 0.5677905  -0.59831228 -0.99408226]
851.8893964290619,1003,False,1,4,[ 8.18775443 -7.47486674  1.56717614],landing,[ 0.63925976  0.24903542 -0.34837281]
851.8893964290619,1004,False,4,3,[-0.27538999 -8.06744871  3.79432742],landing,[-0.62185191  0.08809385  0.93462812]
851.8893964290619,1005,False,6,1,[8.34529261 3.23980282 3.86843519],exiting,[ 0.50568378 -0.03156594 -0.11489306]
851.9841089248657,1000,False,0,2,[2.89248821 8.58355776 2.24176275],queued,[-0.82138112 -0.19970136 -0.21083176]
851.9841089248657,1001,False,2,6,[-6.03132175  0.92863752  3.43383218],entering,[-0.48080528  0.59740651 -0.20557775]
851.9841089248657,1002,False,5,0,[-8.09970354  7.9311622   1.27387688],queued,[ 0.5677905  -0.59831228 -0.99408226]
851.9841089248657,1003,False,1,4,[ 8.16537193 -7.47786291  1.46975927],fake_landed,[ 0.63925976  0.24903542 -0.34837281]
851.9841089248657,1004,False,4,3,[-0.2913598  -8.08370782  3.71365797],landing,[-0.62185191  0.08809385  0.93462812]
851.9841089248657,1005,False,6,1,[8.33190718 3.07404575 3.89637542],exiting,[ 0.50568378 -0.03156594 -0.11489306]
852.0919678211212,1000,False,0,2,[2.89248821 8.58355776 2.31676275],queued,[-0.82138112 -0.19970136 -0.21083176]
852.0919678211212,1001,False,2,6,[-5.9542399   1.11318667  3.50883218],entering,[-0.48080528  0.59740651 -0.20557775]
852.0919678211212,1002,False,5,0,[-8.09970354  7.9311622   1.29387688],queued,[ 0.5677905  -0.59831228 -0.99408226]
852.0919678211212,1003,False,1,4,[ 8.14746593 -7.48025986  1.39182577],fake_landed,[ 0.63925976  0.24903542 -0.34837281]
852.0919678211212,1004,False,4,3,[-0.31287767 -8.08547696  3.6203687 ],landing,[-0.62185191  0.08809385  0.93462812]
852.0919678211212,1005,False,6,1,[8.30821918 2.92540955 3.9234595 ],exiting,[ 0.50568378 -0.03156594 -0.11489306]
852.1942853927612,1000,False,0,2,[2.89248821 8.58355776 2.39176275],entering,[-0.82138112 -0.19970136 -0.21083176]
852.1942853927612,1001,False,2,6,[-5.88688066  1.30150218  3.58250735],entering,[-0.48080528  0.59740651 -0.20557775]
852.1942853927612,1002,False,5,0,[-8.09970354  7.9311622   1.33387688],queued,[ 0.5677905  -0.59831228 -0.99408226]
852.1942853927612,1003,False,1,4,[ 8.13403642 -7.48205756  1.33337565],fake_landed,[ 0.63925976  0.24903542 -0.34837281]
852.1942853927612,1004,False,4,3,[-0.33614862 -8.08258209  3.52315717],landing,[-0.62185191  0.08809385  0.93462812]
852.1942853927612,1005,False,6,1,[8.27437678 2.79394343 3.94910259],exiting,[ 0.50568378 -0.03156594 -0.11489306]
852.2929775714874,1000,False,0,2,[2.88887781 8.56388633 2.46676275],entering,[-0.82138112 -0.19970136 -0.21083176]
852.2929775714874,1001,False,2,6,[-5.83076222  1.4934676   3.64513125],entering,[-0.48080528  0.59740651 -0.20557775]
852.2929775714874,1002,False,5,0,[-8.09970354  7.9311622   1.39387688],queued,[ 0.5677905  -0.59831228 -0.99408226]
852.2929775714874,1003,False,1,4,[ 8.12508342 -7.48325603  1.2944089 ],fake_landed,[ 0.63925976  0.24903542 -0.34837281]
852.2929775714874,1004,False,4,3,[-0.35941957 -8.07968722  3.42594563],landing,[-0.62185191  0.08809385  0.93462812]
852.2929775714874,1005,False,6,1,[8.23058747 2.6796942  3.97259222],exiting,[ 0.50568378 -0.03156594 -0.11489306]
852.3833639621735,1000,False,0,2,[2.88168154 8.52453899 2.54176275],entering,[-0.82138112 -0.19970136 -0.21083176]
852.3833639621735,1001,False,2,6,[-5.78748959  1.68873019  3.69836156],entering,[-0.48080528  0.59740651 -0.20557775]
852.3833639621735,1002,False,5,0,[-8.09970354  7.9311622   1.46887688],queued,[ 0.5677905  -0.59831228 -0.99408226]
852.3833639621735,1003,False,1,4,[ 8.12060692 -7.48385527  1.27492553],fake_landed,[ 0.63925976  0.24903542 -0.34837281]
852.3833639621735,1004,False,4,3,[-0.38269053 -8.07679235  3.3287341 ],landing,[-0.62185191  0.08809385  0.93462812]
852.3833639621735,1005,False,6,1,[8.17717365 2.58269784 3.99296614],exiting,[ 0.50568378 -0.03156594 -0.11489306]
852.4822797775269,1000,False,0,2,[2.87114568 8.46547245 2.61676275],entering,[-0.82138112 -0.19970136 -0.21083176]
852.4822797775269,1001,False,2,6,[-5.75859555  1.88663202  3.74360733],entering,[-0.48080528  0.59740651 -0.20557775]
852.4822797775269,1002,False,5,0,[-8.09970354  7.9311622   1.54387688],queued,[ 0.5677905  -0.59831228 -0.99408226]
852.4822797775269,1003,False,1,4,[ 8.12060692 -7.48385527  1.27492553],fake_landed,[ 0.63925976  0.24903542 -0.34837281]
852.4822797775269,1004,False,4,3,[-0.40596148 -8.07389747  3.23152256],landing,[-0.62185191  0.08809385  0.93462812]
852.4822797775269,1005,False,6,1,[8.11443424 2.50296393 4.0094618 ],exiting,[ 0.50568378 -0.03156594 -0.11489306]
852.5865232944489,1000,False,0,2,[2.85744655 8.38665764 2.69176275],entering,[-0.82138112 -0.19970136 -0.21083176]
852.5865232944489,1001,False,2,6,[-5.74529777  2.08618945  3.78206623],entering,[-0.48080528  0.59740651 -0.20557775]
852.5865232944489,1002,False,5,0,[-8.09970354  7.9311622   1.61887688],queued,[ 0.5677905  -0.59831228 -0.99408226]
852.5865232944489,1003,False,4,5,[ 8.12060692 -7.48385527  1.27492553],waiting,[ 0.63925976  0.24903542 -0.34837281]
852.5865232944489,1004,False,4,3,[-0.42923243 -8.0710026   3.13431103],landing,[-0.62185191  0.08809385  0.93462812]
852.5865232944489,1005,False,6,1,[8.04264685 2.44049208 4.02146798],exiting,[ 0.50568378 -0.03156594 -0.11489306]
852.6847920417786,1000,False,0,2,[2.84082249 8.28805787 2.76676275],entering,[-0.82138112 -0.19970136 -0.21083176]
852.6847920417786,1001,False,2,6,[-5.7473591   2.28617883  3.81475629],entering,[-0.48080528  0.59740651 -0.20557775]
852.6847920417786,1002,False,5,0,[-8.09970354  7.9311622   1.69387688],queued,[ 0.5677905  -0.59831228 -0.99408226]
852.6847920417786,1003,False,4,5,[ 8.12060692 -7.48385527  1.27492553],waiting,[ 0.63925976  0.24903542 -0.34837281]
852.6847920417786,1004,False,4,3,[-0.45250339 -8.06810773  3.0370995 ],landing,[-0.62185191  0.08809385  0.93462812]
852.6847920417786,1005,False,6,1,[7.96209993 2.39528215 4.02844458],exiting,[ 0.50568378 -0.03156594 -0.11489306]
852.7803075313568,1000,False,0,2,[2.8222007  8.16955813 2.84176275],entering,[-0.82138112 -0.19970136 -0.21083176]
852.7803075313568,1001,False,2,6,[-5.76541444  2.48536218  3.84254285],cruising,[-0.48080528  0.59740651 -0.20557775]
852.7803075313568,1002,False,5,0,[-8.09970354  7.9311622   1.76887688],queued,[ 0.5677905  -0.59831228 -0.99408226]
852.7803075313568,1003,False,4,5,[ 8.12060692 -7.48385527  1.27492553],waiting,[ 0.63925976  0.24903542 -0.34837281]
852.7803075313568,1004,False,4,3,[-0.47577434 -8.06521286  2.93988796],landing,[-0.62185191  0.08809385  0.93462812]
852.7803075313568,1005,False,6,1,[7.87307956 2.36735503 4.02998928],exiting,[ 0.50568378 -0.03156594 -0.11489306]
852.8883547782898,1000,False,0,2,[2.80276015 8.03107515 2.91676275],entering,[-0.82138112 -0.19970136 -0.21083176]
852.8883547782898,1001,False,2,6,[-5.79725026  2.68281212  3.86616142],cruising,[-0.48080528  0.59740651 -0.20557775]
852.8883547782898,1002,False,5,0,[-8.09970354  7.9311622   1.84387688],queued,[ 0.5677905  -0.59831228 -0.99408226]
852.8883547782898,1003,False,4,5,[ 8.12060692 -7.48385527  1.27492553],waiting,[ 0.63925976  0.24903542 -0.34837281]
852.8883547782898,1004,False,4,3,[-0.49904529 -8.06231799  2.84267643],landing,[-0.62185191  0.08809385  0.93462812]
852.8883547782898,1005,False,6,1,[7.77583941 2.35681154 4.02603452],exiting,[ 0.50568378 -0.03156594 -0.11489306]
852.9870562553406,1000,False,0,2,[2.78428076 7.87261528 2.99176275],entering,[-0.82138112 -0.19970136 -0.21083176]
852.9870562553406,1001,False,2,6,[-5.84228826  2.8776751   3.88623721],cruising,[-0.48080528  0.59740651 -0.20557775]
852.9870562553406,1002,False,5,0,[-8.09970354  7.9311622   1.91887688],queued,[ 0.5677905  -0.59831228 -0.99408226]
852.9870562553406,1003,False,4,5,[ 8.12060692 -7.48385527  1.27492553],waiting,[ 0.63925976  0.24903542 -0.34837281]
852.9870562553406,1004,False,4,3,[-0.52231625 -8.05942312  2.74546489],landing,[-0.62185191  0.08809385  0.93462812]
852.9870562553406,1005,False,6,1,[7.67595814 2.3520654  4.02103138],exiting,[ 0.50568378 -0.03156594 -0.11489306]
853.0856943130493,1000,False,0,2,[2.76835927 7.69431965 3.06676275],entering,[-0.82138112 -0.19970136 -0.21083176]
853.0856943130493,1001,False,2,6,[-5.89682999  3.07009443  3.90330163],cruising,[-0.48080528  0.59740651 -0.20557775]
853.0856943130493,1002,False,5,0,[-8.09970354  7.9311622   1.99387688],queued,[ 0.5677905  -0.59831228 -0.99408226]
853.0856943130493,1003,False,4,5,[ 8.12060692 -7.48385527  1.27492553],waiting,[ 0.63925976  0.24903542 -0.34837281]
853.0856943130493,1004,False,4,3,[-0.5455872  -8.05652825  2.64825336],landing,[-0.62185191  0.08809385  0.93462812]
853.0856943130493,1005,False,6,1,[7.57607513 2.34731918 4.01695064],exiting,[ 0.50568378 -0.03156594 -0.11489306]
853.189471244812,1000,False,0,2,[2.76257879 7.4987857  3.14176275],entering,[-0.82138112 -0.19970136 -0.21083176]
853.189471244812,1001,False,2,6,[-5.95843765  3.26036922  3.91780638],cruising,[-0.48080528  0.59740651 -0.20557775]
853.189471244812,1002,False,5,0,[-8.09970354  7.9311622   2.06887688],queued,[ 0.5677905  -0.59831228 -0.99408226]
853.189471244812,1003,False,4,5,[ 8.12060692 -7.48385527  1.27492553],waiting,[ 0.63925976  0.24903542 -0.34837281]
853.189471244812,1004,False,4,3,[-0.56885815 -8.05363338  2.55104182],landing,[-0.62185191  0.08809385  0.93462812]
853.189471244812,1005,False,6,1,[7.47619088 2.3425729  4.0136273 ],exiting,[ 0.50568378 -0.03156594 -0.11489306]
853.2793781757355,1000,False,0,2,[2.76760313 7.29884882 3.21676275],entering,[-0.82138112 -0.19970136 -0.21083176]
853.2793781757355,1001,False,2,6,[-6.02472391  3.44906509  3.93013543],cruising,[-0.48080528  0.59740651 -0.20557775]
853.2793781757355,1002,False,5,0,[-8.09970354  7.9311622   2.14387688],queued,[ 0.5677905  -0.59831228 -0.99408226]
853.2793781757355,1003,False,4,5,[ 8.12060692 -7.48385527  1.27492553],waiting,[ 0.63925976  0.24903542 -0.34837281]
853.2793781757355,1004,False,4,3,[-0.59212911 -8.05073851  2.45383029],landing,[-0.62185191  0.08809385  0.93462812]
853.2793781757355,1005,False,6,1,[7.37630575 2.33782657 4.01092523],exiting,[ 0.50568378 -0.03156594 -0.11489306]
853.384599685669,1000,False,0,2,[2.78622013 7.09971719 3.29176275],entering,[-0.82138112 -0.19970136 -0.21083176]
853.384599685669,1001,False,2,6,[-6.09341721  3.63689808  3.94061511],cruising,[-0.48080528  0.59740651 -0.20557775]
853.384599685669,1002,False,5,0,[-8.09970354  7.9311622   2.21887688],queued,[ 0.5677905  -0.59831228 -0.99408226]
853.384599685669,1003,False,4,5,[ 8.12060692 -7.48385527  1.27492553],waiting,[ 0.63925976  0.24903542 -0.34837281]
853.384599685669,1004,False,4,3,[-0.61540006 -8.04784364  2.35661875],landing,[-0.62185191  0.08809385  0.93462812]
853.384599685669,1005,False,6,1,[7.27641999 2.33308022 4.00873216],exiting,[ 0.50568378 -0.03156594 -0.11489306]
853.4932222366333,1000,False,0,2,[2.82170389 6.9028901  3.36676275],entering,[-0.82138112 -0.19970136 -0.21083176]
853.4932222366333,1001,False,2,6,[-6.16234492  3.82464517  3.94952285],cruising,[-0.48080528  0.59740651 -0.20557775]
853.4932222366333,1002,False,5,0,[-8.09970354  7.9311622   2.29387688],queued,[ 0.5677905  -0.59831228 -0.99408226]
853.4932222366333,1003,False,4,5,[ 8.12060692 -7.48385527  1.27492553],waiting,[ 0.63925976  0.24903542 -0.34837281]
853.4932222366333,1004,False,4,3,[-0.63867101 -8.04494877  2.25940722],landing,[-0.62185191  0.08809385  0.93462812]
853.4932222366333,1005,False,6,1,[7.17653378 2.32833385 4.00695564],exiting,[ 0.50568378 -0.03156594 -0.11489306]
853.581460237503,1000,False,0,2,[2.86912718 6.70859386 3.44176275],entering,[-0.82138112 -0.19970136 -0.21083176]
853.581460237503,1001,False,2,6,[-6.22936214  4.01308267  3.95709442],cruising,[-0.48080528  0.59740651 -0.20557775]
853.581460237503,1002,False,5,0,[-8.09970354  7.9311622   2.36887688],queued,[ 0.5677905  -0.59831228 -0.99408226]
853.581460237503,1003,False,4,5,[ 8.12060692 -7.48385527  1.27492553],waiting,[ 0.63925976  0.24903542 -0.34837281]
853.581460237503,1004,False,4,3,[-0.66194197 -8.0420539   2.16219568],landing,[-0.62185191  0.08809385  0.93462812]
853.581460237503,1005,False,6,1,[7.07664726 2.32358746 4.00551956],exiting,[ 0.50568378 -0.03156594 -0.11489306]
853.6941113471985,1000,False,0,2,[2.93272865 6.51897621 3.51676275],entering,[-0.82138112 -0.19970136 -0.21083176]
853.6941113471985,1001,False,2,6,[-6.2922449   4.20293988  3.96353026],cruising,[-0.48080528  0.59740651 -0.20557775]
853.6941113471985,1002,False,5,0,[-8.09970354  7.9311622   2.44387688],queued,[ 0.5677905  -0.59831228 -0.99408226]
853.6941113471985,1003,False,4,5,[ 8.12060692 -7.48385527  1.27492553],waiting,[ 0.63925976  0.24903542 -0.34837281]
853.6941113471985,1004,False,4,3,[-0.68521292 -8.03915903  2.06498415],landing,[-0.62185191  0.08809385  0.93462812]
853.6941113471985,1005,False,6,1,[6.97676051 2.31884106 4.00436132],exiting,[ 0.50568378 -0.03156594 -0.11489306]
853.793470621109,1000,False,0,2,[3.0090378  6.33410621 3.58924834],entering,[-0.82138112 -0.19970136 -0.21083176]
853.793470621109,1001,False,2,6,[-6.34855621  4.3948488   3.96900072],cruising,[-0.48080528  0.59740651 -0.20557775]
853.793470621109,1002,False,5,0,[-8.09970354  7.9311622   2.51887688],entering,[ 0.5677905  -0.59831228 -0.99408226]
853.793470621109,1003,False,4,5,[ 8.12060692 -7.48385527  1.27492553],waiting,[ 0.63925976  0.24903542 -0.34837281]
853.793470621109,1004,False,4,3,[-0.70848387 -8.03626416  1.96777262],landing,[-0.62185191  0.08809385  0.93462812]
853.793470621109,1005,False,6,1,[6.8768736  2.31409465 4.00342951],exiting,[ 0.50568378 -0.03156594 -0.11489306]
853.887193441391,1000,False,0,2,[3.10078625 6.15642232 3.65124641],entering,[-0.82138112 -0.19970136 -0.21083176]
853.887193441391,1001,False,2,6,[-6.38923319  4.59066858  3.97365061],cruising,[-0.48080528  0.59740651 -0.20557775]
853.887193441391,1002,False,5,0,[-8.08185819  7.92213206  2.59387688],entering,[ 0.5677905  -0.59831228 -0.99408226]
853.887193441391,1003,False,4,5,[ 8.12060692 -7.48385527  1.27492553],waiting,[ 0.63925976  0.24903542 -0.34837281]
853.887193441391,1004,False,4,3,[-0.73175483 -8.03336929  1.87056108],landing,[-0.62185191  0.08809385  0.93462812]
853.887193441391,1005,False,6,1,[6.77698658 2.30934824 4.00268195],exiting,[ 0.50568378 -0.03156594 -0.11489306]
853.984667301178,1000,False,0,2,[3.20672356 5.98678363 3.70355945],entering,[-0.82138112 -0.19970136 -0.21083176]
853.984667301178,1001,False,2,6,[-6.41681275  4.78875787  3.97760302],cruising,[-0.48080528  0.59740651 -0.20557775]
853.984667301178,1002,False,5,0,[-8.04615384  7.90409879  2.66887688],entering,[ 0.5677905  -0.59831228 -0.99408226]
853.984667301178,1003,False,4,5,[ 8.12060692 -7.48385527  1.27492553],waiting,[ 0.63925976  0.24903542 -0.34837281]
853.984667301178,1004,False,4,3,[-0.75502578 -8.03047441  1.77334955],landing,[-0.62185191  0.08809385  0.93462812]
853.984667301178,1005,False,6,1,[6.67709947 2.30460182 4.00208405],exiting,[ 0.50568378 -0.03156594 -0.11489306]
854.0878846645355,1000,False,0,2,[3.32786871 5.82768519 3.74828137],entering,[-0.82138112 -0.19970136 -0.21083176]
854.0878846645355,1001,False,2,6,[-6.42444342  4.9882118   3.98113194],cruising,[-0.48080528  0.59740651 -0.20557775]
854.0878846645355,1002,False,5,0,[-7.99256039  7.87712237  2.74387688],entering,[ 0.5677905  -0.59831228 -0.99408226]
854.0878846645355,1003,False,4,5,[ 8.12060692 -7.48385527  1.27492553],waiting,[ 0.63925976  0.24903542 -0.34837281]
854.0878846645355,1004,False,4,3,[-0.77829674 -8.02757954  1.67613801],landing,[-0.62185191  0.08809385  0.93462812]
854.0878846645355,1005,False,6,1,[6.57721231 2.2998554  4.00160748],exiting,[ 0.50568378 -0.03156594 -0.11489306]
854.1906337738037,1000,False,0,2,[3.46320266 5.68042785 3.78603916],entering,[-0.82138112 -0.19970136 -0.21083176]
854.1906337738037,1001,False,2,6,[-6.41212087  5.18633298  3.98435604],cruising,[-0.48080528  0.59740651 -0.20557775]
854.1906337738037,1002,False,5,0,[-7.92102084  7.84131773  2.81887688],entering,[ 0.5677905  -0.59831228 -0.99408226]
854.1906337738037,1003,False,4,5,[ 8.12060692 -7.48385527  1.27492553],waiting,[ 0.63925976  0.24903542 -0.34837281]
854.1906337738037,1004,False,4,3,[-0.80156769 -8.02468467  1.57892648],landing,[-0.62185191  0.08809385  0.93462812]
854.1906337738037,1005,False,6,1,[6.47732512 2.29510898 4.00122909],exiting,[ 0.50568378 -0.03156594 -0.11489306]
854.2873079776764,1000,False,0,2,[3.61203796 5.54689253 3.81837292],entering,[-0.82138112 -0.19970136 -0.21083176]
854.2873079776764,1001,False,2,6,[-6.380183    5.3805596   3.98731235],cruising,[-0.48080528  0.59740651 -0.20557775]
854.2873079776764,1002,False,5,0,[-7.83148312  7.79679153  2.89387688],entering,[ 0.5677905  -0.59831228 -0.99408226]
854.2873079776764,1003,False,4,5,[ 8.12060692 -7.48385527  1.27492553],waiting,[ 0.63925976  0.24903542 -0.34837281]
854.2873079776764,1004,False,4,3,[-0.82483864 -8.0217898   1.48171494],fake_landed,[-0.62185191  0.08809385  0.93462812]
854.2873079776764,1005,False,6,1,[6.37743789 2.29036256 4.00092997],exiting,[ 0.50568378 -0.03156594 -0.11489306]
854.381899356842,1000,False,0,2,[3.7731103  5.4283422  3.84563671],cruising,[-0.82138112 -0.19970136 -0.21083176]
854.381899356842,1001,False,2,6,[-6.32926041  5.56850006  3.99001473],cruising,[-0.48080528  0.59740651 -0.20557775]
854.381899356842,1002,False,5,0,[-7.72392128  7.74359748  2.96887688],entering,[ 0.5677905  -0.59831228 -0.99408226]
854.381899356842,1003,False,4,5,[ 8.12060692 -7.48385527  1.27492553],waiting,[ 0.63925976  0.24903542 -0.34837281]
854.381899356842,1004,False,4,3,[-0.8434554  -8.01947391  1.40394571],fake_landed,[-0.62185191  0.08809385  0.93462812]
854.381899356842,1005,False,6,1,[6.27755064 2.28561613 4.0006947 ],exiting,[ 0.50568378 -0.03156594 -0.11489306]
854.4926781654358,1000,False,0,2,[3.94467434 5.32555222 3.8687912 ],cruising,[-0.82138112 -0.19970136 -0.21083176]
854.4926781654358,1001,False,2,6,[-6.26024433  5.74792208  3.99246859],cruising,[-0.48080528  0.59740651 -0.20557775]
854.4926781654358,1002,False,5,0,[-7.59832359  7.68176005  3.04387688],entering,[ 0.5677905  -0.59831228 -0.99408226]
854.4926781654358,1003,False,4,5,[ 8.12060692 -7.48385527  1.27492553],waiting,[ 0.63925976  0.24903542 -0.34837281]
854.4926781654358,1004,False,4,3,[-0.85741798 -8.01773698  1.34561879],fake_landed,[-0.62185191  0.08809385  0.93462812]
854.4926781654358,1005,False,6,1,[6.17766338 2.28086971 4.00051074],exiting,[ 0.50568378 -0.03156594 -0.11489306]
854.5861303806305,1000,False,0,2,[4.12405565 5.23710819 3.88847252],cruising,[-0.82138112 -0.19970136 -0.21083176]
854.5861303806305,1001,False,2,6,[-6.17417322  5.91690109  3.99465874],cruising,[-0.48080528  0.59740651 -0.20557775]
854.5861303806305,1002,False,5,0,[-7.45424312  7.6122815   3.11887688],entering,[ 0.5677905  -0.59831228 -0.99408226]
854.5861303806305,1003,False,4,5,[ 8.12060692 -7.48385527  1.27492553],waiting,[ 0.63925976  0.24903542 -0.34837281]
854.5861303806305,1004,False,4,3,[-0.86672636 -8.01657904  1.30673418],fake_landed,[-0.62185191  0.08809385  0.93462812]
854.5861303806305,1005,False,6,1,[6.07777611 2.27612328 4.00036789],exiting,[ 0.50568378 -0.03156594 -0.11489306]
854.6922030448914,1000,False,0,2,[4.30954127 5.1623079  3.90520164],cruising,[-0.82138112 -0.19970136 -0.21083176]
854.6922030448914,1001,False,2,6,[-6.07221529  6.07373345  3.99658796],cruising,[-0.48080528  0.59740651 -0.20557775]
854.6922030448914,1002,False,5,0,[-7.29143704  7.53577791  3.19387688],entering,[ 0.5677905  -0.59831228 -0.99408226]
854.6922030448914,1003,False,4,5,[ 8.12060692 -7.48385527  1.27492553],waiting,[ 0.63925976  0.24903542 -0.34837281]
854.6922030448914,1004,False,4,3,[-0.87138055 -8.01600006  1.28729187],fake_landed,[-0.62185191  0.08809385  0.93462812]
854.6922030448914,1005,False,6,1,[5.97788883 2.27137686 4.00025788],exiting,[ 0.50568378 -0.03156594 -0.11489306]
854.7836756706238,1000,False,0,2,[4.49926296 5.09901745 3.9194214 ],cruising,[-0.82138112 -0.19970136 -0.21083176]
854.7836756706238,1001,False,2,6,[-5.95527007  6.21732552  3.99824283],cruising,[-0.48080528  0.59740651 -0.20557775]
854.7836756706238,1002,False,5,0,[-7.10915298  7.45473463  3.26887688],entering,[ 0.5677905  -0.59831228 -0.99408226]
854.7836756706238,1003,False,4,5,[ 8.12060692 -7.48385527  1.27492553],waiting,[ 0.63925976  0.24903542 -0.34837281]
854.7836756706238,1004,False,4,3,[-0.87138055 -8.01600006  1.28729187],fake_landed,[-0.62185191  0.08809385  0.93462812]
854.7836756706238,1005,False,6,1,[5.87800154 2.26663043 4.00017404],exiting,[ 0.50568378 -0.03156594 -0.11489306]
854.8861699104309,1000,False,0,2,[4.69181114 5.04493233 3.93150819],cruising,[-0.82138112 -0.19970136 -0.21083176]
854.8861699104309,1001,False,2,6,[-5.82422741  6.34673376  3.99961202],cruising,[-0.48080528  0.59740651 -0.20557775]
854.8861699104309,1002,False,5,0,[-6.92533263  7.37593059  3.34387688],entering,[ 0.5677905  -0.59831228 -0.99408226]
854.8861699104309,1003,False,4,5,[ 8.12060692 -7.48385527  1.27492553],queued,[ 0.63925976  0.24903542 -0.34837281]
854.8861699104309,1004,False,3,4,[-0.87138055 -8.01600006  1.28729187],waiting,[-0.62185191  0.08809385  0.93462812]
854.8861699104309,1005,False,6,1,[5.77811426 2.26188401 4.00011099],exiting,[ 0.50568378 -0.03156594 -0.11489306]
854.9870853424072,1000,False,0,2,[4.88631058 4.99834943 3.94178196],cruising,[-0.82138112 -0.19970136 -0.21083176]
854.9870853424072,1001,False,2,6,[-5.67993273  6.46116546  4.00068566],cruising,[-0.48080528  0.59740651 -0.20557775]
854.9870853424072,1002,False,5,0,[-6.73938217  7.30229346  3.41887688],entering,[ 0.5677905  -0.59831228 -0.99408226]
854.9870853424072,1003,False,4,5,[ 8.12060692 -7.48385527  1.29492553],queued,[ 0.63925976  0.24903542 -0.34837281]
854.9870853424072,1004,False,3,4,[-0.87138055 -8.01600006  1.28729187],waiting,[-0.62185191  0.08809385  0.93462812]
854.9870853424072,1005,False,6,1,[5.67822697 2.25713758 4.00006443],exiting,[ 0.50568378 -0.03156594 -0.11489306]
855.0848722457886,1000,False,0,2,[5.08195125 4.95681957 3.95051467],cruising,[-0.82138112 -0.19970136 -0.21083176]
855.0848722457886,1001,False,2,6,[-5.52315344  6.55997533  4.001455  ],cruising,[-0.48080528  0.59740651 -0.20557775]
855.0848722457886,1002,False,5,0,[-6.55190128  7.23264494  3.49387688],entering,[ 0.5677905  -0.59831228 -0.99408226]
855.0848722457886,1003,False,4,5,[ 8.12060692 -7.48385527  1.33492553],queued,[ 0.63925976  0.24903542 -0.34837281]
855.0848722457886,1004,False,3,4,[-0.87138055 -8.01600006  1.28729187],waiting,[-0.62185191  0.08809385  0.93462812]
855.0848722457886,1005,False,6,1,[5.57833968 2.25239116 4.00003099],landing,[ 0.50568378 -0.03156594 -0.11489306]
855.181797504425,1000,False,0,2,[5.27823008 4.91841879 3.95793747],cruising,[-0.82138112 -0.19970136 -0.21083176]
855.181797504425,1001,False,2,6,[-5.35488791  6.64241515  4.00192781],cruising,[-0.48080528  0.59740651 -0.20557775]
855.181797504425,1002,False,5,0,[-6.36271893  7.16776012  3.56887688],entering,[ 0.5677905  -0.59831228 -0.99408226]
855.181797504425,1003,False,4,5,[ 8.12060692 -7.48385527  1.39492553],queued,[ 0.63925976  0.24903542 -0.34837281]
855.181797504425,1004,False,3,4,[-0.87138055 -8.01600006  1.28729187],waiting,[-0.62185191  0.08809385  0.93462812]
855.181797504425,1005,False,6,1,[5.4924907  2.24508271 3.98598464],landing,[ 0.50568378 -0.03156594 -0.11489306]
855.2949199676514,1000,False,0,2,[5.47477994 4.88143027 3.96424685],cruising,[-0.82138112 -0.19970136 -0.21083176]
855.2949199676514,1001,False,2,6,[-5.17553958  6.70820935  4.00209285],cruising,[-0.48080528  0.59740651 -0.20557775]
855.2949199676514,1002,False,5,0,[-6.17148854  7.10918593  3.63354535],entering,[ 0.5677905  -0.59831228 -0.99408226]
855.2949199676514,1003,False,4,5,[ 8.12060692 -7.48385527  1.46992553],queued,[ 0.63925976  0.24903542 -0.34837281]
855.2949199676514,1004,False,3,4,[-0.87138055 -8.01600006  1.28729187],waiting,[-0.62185191  0.08809385  0.93462812]
855.2949199676514,1005,False,6,1,[5.42084963 2.23525799 3.95808897],landing,[ 0.50568378 -0.03156594 -0.11489306]
855.3862197399139,1000,False,0,2,[5.67163287 4.84609014 3.96960982],cruising,[-0.82138112 -0.19970136 -0.21083176]
855.3862197399139,1001,False,2,6,[-4.98512131  6.75734968  4.00193397],cruising,[-0.48080528  0.59740651 -0.20557775]
855.3862197399139,1002,False,5,0,[-5.97799597  7.05858329  3.68851355],entering,[ 0.5677905  -0.59831228 -0.99408226]
855.3862197399139,1003,False,4,5,[ 8.12060692 -7.48385527  1.54492553],queued,[ 0.63925976  0.24903542 -0.34837281]
855.3862197399139,1004,False,3,4,[-0.87138055 -8.01600006  1.28729187],waiting,[-0.62185191  0.08809385  0.93462812]
855.3862197399139,1005,False,6,1,[5.36361546 2.22297182 3.9165411 ],landing,[ 0.50568378 -0.03156594 -0.11489306]
855.4810309410095,1000,False,0,2,[5.86819683 4.80917659 3.97416835],cruising,[-0.82138112 -0.19970136 -0.21083176]
855.4810309410095,1001,False,2,6,[-4.79007481  6.80158615  4.00164387],cruising,[-0.48080528  0.59740651 -0.20557775]
855.4810309410095,1002,False,5,0,[-5.78241684  7.01676459  3.73523652],entering,[ 0.5677905  -0.59831228 -0.99408226]
855.4810309410095,1003,False,4,5,[ 8.12060692 -7.48385527  1.61992553],queued,[ 0.63925976  0.24903542 -0.34837281]
855.4810309410095,1004,False,3,4,[-0.87138055 -8.01600006  1.28729187],waiting,[-0.62185191  0.08809385  0.93462812]
855.4810309410095,1005,False,6,1,[5.3210584  2.20830085 3.86161806],landing,[ 0.50568378 -0.03156594 -0.11489306]
855.5832991600037,1000,False,0,2,[6.0641949  4.76936758 3.97804309],cruising,[-0.82138112 -0.19970136 -0.21083176]
855.5832991600037,1001,False,2,6,[-4.59589835  6.84949753  4.00139729],cruising,[-0.48080528  0.59740651 -0.20557775]
855.5832991600037,1002,False,5,0,[-5.5852205   6.98339388  3.77495104],entering,[ 0.5677905  -0.59831228 -0.99408226]
855.5832991600037,1003,False,4,5,[ 8.12060692 -7.48385527  1.69492553],queued,[ 0.63925976  0.24903542 -0.34837281]
855.5832991600037,1004,False,3,4,[-0.87138055 -8.01600006  1.28729187],waiting,[-0.62185191  0.08809385  0.93462812]
855.5832991600037,1005,False,6,1,[5.2934063  2.19131174 3.7935623 ],landing,[ 0.50568378 -0.03156594 -0.11489306]
855.6831858158112,1000,False,0,2,[6.25929686 4.72537639 3.98133663],cruising,[-0.82138112 -0.19970136 -0.21083176]
855.6831858158112,1001,False,2,6,[-4.40228045  6.89961848  4.0011877 ],cruising,[-0.48080528  0.59740651 -0.20557775]
855.6831858158112,1002,False,5,0,[-5.38629584  6.96268212  3.80870838],entering,[ 0.5677905  -0.59831228 -0.99408226]
855.6831858158112,1003,False,4,5,[ 8.12060692 -7.48385527  1.76992553],queued,[ 0.63925976  0.24903542 -0.34837281]
855.6831858158112,1004,False,3,4,[-0.87138055 -8.01600006  1.28729187],waiting,[-0.62185191  0.08809385  0.93462812]
855.6831858158112,1005,False,6,1,[5.28086765 2.17206722 3.71260318],landing,[ 0.50568378 -0.03156594 -0.11489306]
855.779910326004,1000,False,0,2,[6.45308358 4.67591221 3.98413614],cruising,[-0.82138112 -0.19970136 -0.21083176]
855.779910326004,1001,False,2,6,[-4.20890328  6.95066032  4.00100954],cruising,[-0.48080528  0.59740651 -0.20557775]
855.779910326004,1002,False,5,0,[-5.18658573  6.95191757  3.83740213],entering,[ 0.5677905  -0.59831228 -0.99408226]
855.779910326004,1003,False,4,5,[ 8.12060692 -7.48385527  1.84492553],queued,[ 0.63925976  0.24903542 -0.34837281]
855.779910326004,1004,False,3,4,[-0.87138055 -8.01600006  1.28729187],waiting,[-0.62185191  0.08809385  0.93462812]
855.779910326004,1005,False,6,1,[5.28365207 2.15063211 3.61897895],landing,[ 0.50568378 -0.03156594 -0.11489306]
855.8849866390228,1000,False,0,2,[6.6450064  4.61964824 3.98651572],cruising,[-0.82138112 -0.19970136 -0.21083176]
855.8849866390228,1001,False,2,6,[-4.01484879  6.99906337  4.00085811],cruising,[-0.48080528  0.59740651 -0.20557775]
855.8849866390228,1002,False,5,0,[-4.98658633  6.95142783  3.86179181],cruising,[ 0.5677905  -0.59831228 -0.99408226]
855.8849866390228,1003,False,4,5,[ 8.12060692 -7.48385527  1.91992553],queued,[ 0.63925976  0.24903542 -0.34837281]
855.8849866390228,1004,False,3,4,[-0.87138055 -8.01600006  1.28729187],waiting,[-0.62185191  0.08809385  0.93462812]
855.8849866390228,1005,False,6,1,[5.29098646 2.1285751  3.52171799],landing,[ 0.50568378 -0.03156594 -0.11489306]
855.9904000759125,1000,False,0,2,[6.83433829 4.5552011  3.98853836],cruising,[-0.82138112 -0.19970136 -0.21083176]
855.9904000759125,1001,False,2,6,[-3.82063949  7.04684146  4.00072939],cruising,[-0.48080528  0.59740651 -0.20557775]
855.9904000759125,1002,False,5,0,[-4.78680394  6.96075485  3.88252304],cruising,[ 0.5677905  -0.59831228 -0.99408226]
855.9904000759125,1003,False,4,5,[ 8.12060692 -7.48385527  1.99492553],queued,[ 0.63925976  0.24903542 -0.34837281]
855.9904000759125,1004,False,3,4,[-0.87138055 -8.01600006  1.28729187],queued,[-0.62185191  0.08809385  0.93462812]
855.9904000759125,1005,False,6,1,[5.29832085 2.10651808 3.42445702],landing,[ 0.50568378 -0.03156594 -0.11489306]
856.0791692733765,1000,False,0,2,[7.02011522 4.48112726 3.9902576 ],cruising,[-0.82138112 -0.19970136 -0.21083176]
856.0791692733765,1001,False,2,6,[-3.62605575  7.093071    4.00061999],cruising,[-0.48080528  0.59740651 -0.20557775]
856.0791692733765,1002,False,5,0,[-4.58761417  6.97873922  3.90014458],cruising,[ 0.5677905  -0.59831228 -0.99408226]
856.0791692733765,1003,False,4,5,[ 8.12060692 -7.48385527  2.06992553],queued,[ 0.63925976  0.24903542 -0.34837281]
856.0791692733765,1004,False,3,4,[-0.87138055 -8.01600006  1.30729187],queued,[-0.62185191  0.08809385  0.93462812]
856.0791692733765,1005,False,6,1,[5.30565524 2.08446107 3.32719606],landing,[ 0.50568378 -0.03156594 -0.11489306]
856.1804351806641,1000,False,0,2,[7.2010688  4.39594627 3.99171896],cruising,[-0.82138112 -0.19970136 -0.21083176]
856.1804351806641,1001,False,2,6,[-3.43040037  7.13453151  4.00052699],cruising,[-0.48080528  0.59740651 -0.20557775]
856.1804351806641,1002,False,5,0,[-4.38918863  7.00378531  3.91512289],cruising,[ 0.5677905  -0.59831228 -0.99408226]
856.1804351806641,1003,False,4,5,[ 8.12060692 -7.48385527  2.14492553],queued,[ 0.63925976  0.24903542 -0.34837281]
856.1804351806641,1004,False,3,4,[-0.87138055 -8.01600006  1.34729187],queued,[-0.62185191  0.08809385  0.93462812]
856.1804351806641,1005,False,6,1,[5.31298963 2.06240406 3.2299351 ],landing,[ 0.50568378 -0.03156594 -0.11489306]
856.2846536636353,1000,False,0,2,[7.37555773 4.29820368 3.99296112],cruising,[-0.82138112 -0.19970136 -0.21083176]
856.2846536636353,1001,False,2,6,[-3.23419349  7.1732982   4.00044794],cruising,[-0.48080528  0.59740651 -0.20557775]
856.2846536636353,1002,False,5,0,[-4.19150478  7.03413485  3.92785446],cruising,[ 0.5677905  -0.59831228 -0.99408226]
856.2846536636353,1003,False,4,5,[ 8.12060692 -7.48385527  2.21992553],queued,[ 0.63925976  0.24903542 -0.34837281]
856.2846536636353,1004,False,3,4,[-0.87138055 -8.01600006  1.40729187],queued,[-0.62185191  0.08809385  0.93462812]
856.2846536636353,1005,False,6,1,[5.32032401 2.04034704 3.13267413],landing,[ 0.50568378 -0.03156594 -0.11489306]
856.3837201595306,1000,False,0,2,[7.53921205 4.1836507  3.99405267],cruising,[-0.82138112 -0.19970136 -0.21083176]
856.3837201595306,1001,False,2,6,[-3.03732995  7.20857922  4.00038075],cruising,[-0.48080528  0.59740651 -0.20557775]
856.3837201595306,1002,False,5,0,[-3.99440455  7.06806861  3.93867629],cruising,[ 0.5677905  -0.59831228 -0.99408226]
856.3837201595306,1003,False,4,5,[ 8.12060692 -7.48385527  2.29492553],queued,[ 0.63925976  0.24903542 -0.34837281]
856.3837201595306,1004,False,3,4,[-0.87138055 -8.01600006  1.48229187],queued,[-0.62185191  0.08809385  0.93462812]
856.3837201595306,1005,False,6,1,[5.3276584  2.01829003 3.03541317],landing,[ 0.50568378 -0.03156594 -0.11489306]
856.4868357181549,1000,False,0,2,[7.69061108 4.05329333 3.99497484],cruising,[-0.82138112 -0.19970136 -0.21083176]
856.4868357181549,1001,False,2,6,[-2.83933096  7.23679973  4.00032364],cruising,[-0.48080528  0.59740651 -0.20557775]
856.4868357181549,1002,False,5,0,[-3.79766164  7.10401614  3.94787485],cruising,[ 0.5677905  -0.59831228 -0.99408226]
856.4868357181549,1003,False,4,5,[ 8.12060692 -7.48385527  2.36992553],queued,[ 0.63925976  0.24903542 -0.34837281]
856.4868357181549,1004,False,3,4,[-0.87138055 -8.01600006  1.55729187],queued,[-0.62185191  0.08809385  0.93462812]
856.4868357181549,1005,False,6,1,[5.33499279 1.99623302 2.93815221],landing,[ 0.50568378 -0.03156594 -0.11489306]
856.57950091362,1000,False,0,2,[7.8281963  3.90847362 3.99575753],cruising,[-0.82138112 -0.19970136 -0.21083176]
856.57950091362,1001,False,2,6,[-2.64071202  7.26026286  4.00027509],cruising,[-0.48080528  0.59740651 -0.20557775]
856.57950091362,1002,False,5,0,[-3.60059572  7.13814859  3.95569362],cruising,[ 0.5677905  -0.59831228 -0.99408226]
856.57950091362,1003,False,4,5,[ 8.12060692 -7.48385527  2.44492553],entering,[ 0.63925976  0.24903542 -0.34837281]
856.57950091362,1004,False,3,4,[-0.87138055 -8.01600006  1.63229187],queued,[-0.62185191  0.08809385  0.93462812]
856.57950091362,1005,False,6,1,[5.34232718 1.97417601 2.84089125],landing,[ 0.50568378 -0.03156594 -0.11489306]
856.6799304485321,1000,False,0,2,[7.95013908 3.75119164 3.99646187],cruising,[-0.82138112 -0.19970136 -0.21083176]
856.6799304485321,1001,False,2,6,[-2.4412244   7.27456979  4.00023383],cruising,[-0.48080528  0.59740651 -0.20557775]
856.6799304485321,1002,False,5,0,[-3.40350177  7.17211878  3.96233958],cruising,[ 0.5677905  -0.59831228 -0.99408226]
856.6799304485321,1003,False,4,5,[ 8.10912198 -7.46748163  2.51992553],entering,[ 0.63925976  0.24903542 -0.34837281]
856.6799304485321,1004,False,3,4,[-0.87138055 -8.01600006  1.70729187],queued,[-0.62185191  0.08809385  0.93462812]
856.6799304485321,1005,False,6,1,[5.34966157 1.95211899 2.74363028],landing,[ 0.50568378 -0.03156594 -0.11489306]
856.7794132232666,1000,False,0,2,[8.05533723 3.58297302 3.99708275],cruising,[-0.82138112 -0.19970136 -0.21083176]
856.7794132232666,1001,False,2,6,[-2.24125995  7.27834082  4.00019875],cruising,[-0.48080528  0.59740651 -0.20557775]
856.7794132232666,1002,False,5,0,[-3.20618057  7.2047431   3.96798864],cruising,[ 0.5677905  -0.59831228 -0.99408226]
856.7794132232666,1003,False,4,5,[ 8.08615209 -7.43473435  2.59492553],entering,[ 0.63925976  0.24903542 -0.34837281]
856.7794132232666,1004,False,3,4,[-0.87138055 -8.01600006  1.78229187],queued,[-0.62185191  0.08809385  0.93462812]
856.7794132232666,1005,False,6,1,[5.35699596 1.93006198 2.64636932],landing,[ 0.50568378 -0.03156594 -0.11489306]
856.8804161548615,1000,False,0,2,[8.14289979 3.40532155 3.99761632],cruising,[-0.82138112 -0.19970136 -0.21083176]
856.8804161548615,1001,False,2,6,[-2.04172171  7.26475815  4.00016894],cruising,[-0.48080528  0.59740651 -0.20557775]
856.8804161548615,1002,False,5,0,[-3.00808702  7.23229206  3.97279034],cruising,[ 0.5677905  -0.59831228 -0.99408226]
856.8804161548615,1003,False,4,5,[ 8.05169726 -7.38561343  2.66992553],entering,[ 0.63925976  0.24903542 -0.34837281]
856.8804161548615,1004,False,3,4,[-0.87138055 -8.01600006  1.85729187],entering,[-0.62185191  0.08809385  0.93462812]
856.8804161548615,1005,False,6,1,[5.36433035 1.90800497 2.54910836],landing,[ 0.50568378 -0.03156594 -0.11489306]
856.9801964759827,1000,False,0,2,[8.21214632 3.219638   3.99805729],cruising,[-0.82138112 -0.19970136 -0.21083176]
856.9801964759827,1001,False,2,6,[-1.84436525  7.23234783  4.0001436 ],cruising,[-0.48080528  0.59740651 -0.20557775]
856.9801964759827,1002,False,5,0,[-2.80958914  7.25675816  3.97687179],cruising,[ 0.5677905  -0.59831228 -0.99408226]
856.9801964759827,1003,False,4,5,[ 8.00575749 -7.32011887  2.74492553],entering,[ 0.63925976  0.24903542 -0.34837281]
856.9801964759827,1004,False,3,4,[-0.87787253 -7.99708303  1.93229187],entering,[-0.62185191  0.08809385  0.93462812]
856.9801964759827,1005,False,6,1,[5.37166474 1.88594795 2.45184739],landing,[ 0.50568378 -0.03156594 -0.11489306]
857.0929455757141,1000,False,0,2,[8.26255617 3.02723362 3.9983983 ],cruising,[-0.82138112 -0.19970136 -0.21083176]
857.0929455757141,1001,False,2,6,[-1.64918641  7.18869902  4.00012206],cruising,[-0.48080528  0.59740651 -0.20557775]
857.0929455757141,1002,False,5,0,[-2.6103291   7.2739464   3.98034102],cruising,[ 0.5677905  -0.59831228 -0.99408226]
857.0929455757141,1003,False,4,5,[ 7.94833278 -7.23825067  2.81992553],entering,[ 0.63925976  0.24903542 -0.34837281]
857.0929455757141,1004,False,3,4,[-0.8908565  -7.95924896  2.00729187],entering,[-0.62185191  0.08809385  0.93462812]
857.0929455757141,1005,False,6,1,[5.37899913 1.86389094 2.35458643],landing,[ 0.50568378 -0.03156594 -0.11489306]
857.1798691749573,1000,False,0,2,[8.3002949  2.83082642 3.99863855],cruising,[-0.82138112 -0.19970136 -0.21083176]
857.1798691749573,1001,False,2,6,[-1.45825577  7.129155    4.00010375],cruising,[-0.48080528  0.59740651 -0.20557775]
857.1798691749573,1002,False,5,0,[-2.4106964   7.28606199  3.98328987],cruising,[ 0.5677905  -0.59831228 -0.99408226]
857.1798691749573,1003,False,4,5,[ 7.87942312 -7.14000882  2.89492553],entering,[ 0.63925976  0.24903542 -0.34837281]
857.1798691749573,1004,False,3,4,[-0.91033244 -7.90249786  2.08229187],entering,[-0.62185191  0.08809385  0.93462812]
857.1798691749573,1005,False,6,1,[5.38633352 1.84183393 2.25732547],landing,[ 0.50568378 -0.03156594 -0.11489306]
857.2797887325287,1000,False,0,2,[8.33195682 2.63334852 3.99884277],cruising,[-0.82138112 -0.19970136 -0.21083176]
857.2797887325287,1001,False,2,6,[-1.27187886  7.056604    4.00008819],cruising,[-0.48080528  0.59740651 -0.20557775]
857.2797887325287,1002,False,5,0,[-2.21070342  7.28773772  3.98579639],cruising,[ 0.5677905  -0.59831228 -0.99408226]
857.2797887325287,1003,False,4,5,[ 7.7991022  -7.02534191  2.96992553],entering,[ 0.63925976  0.24903542 -0.34837281]
857.2797887325287,1004,False,3,4,[-0.93630037 -7.82682972  2.15729187],entering,[-0.62185191  0.08809385  0.93462812]
857.2797887325287,1005,False,6,1,[5.39366791 1.81977692 2.1600645 ],landing,[ 0.50568378 -0.03156594 -0.11489306]
857.3795597553253,1000,False,0,2,[8.35871506 2.43514661 3.99901636],cruising,[-0.82138112 -0.19970136 -0.21083176]
857.3795597553253,1001,False,2,6,[-1.08987724  6.9736859   4.00007496],cruising,[-0.48080528  0.59740651 -0.20557775]
857.3795597553253,1002,False,5,0,[-2.01132781  7.27194648  3.98792693],cruising,[ 0.5677905  -0.59831228 -0.99408226]
857.3795597553253,1003,False,4,5,[ 7.70656826 -6.894837    3.04492553],entering,[ 0.63925976  0.24903542 -0.34837281]
857.3795597553253,1004,False,3,4,[-0.96876029 -7.73224456  2.23229187],entering,[-0.62185191  0.08809385  0.93462812]
857.3795597553253,1005,False,6,1,[5.4010023  1.7977199  2.06280354],landing,[ 0.50568378 -0.03156594 -0.11489306]
857.4797472953796,1000,False,0,2,[8.38450122 2.23681589 3.9991639 ],cruising,[-0.82138112 -0.19970136 -0.21083176]
857.4797472953796,1001,False,2,6,[-0.91176356  6.88271603  4.00006372],cruising,[-0.48080528  0.59740651 -0.20557775]
857.4797472953796,1002,False,5,0,[-1.81436302  7.23723518  3.98973789],cruising,[ 0.5677905  -0.59831228 -0.99408226]
857.4797472953796,1003,False,4,5,[ 7.60114493 -6.74903949  3.11992553],entering,[ 0.63925976  0.24903542 -0.34837281]
857.4797472953796,1004,False,3,4,[-1.00771218 -7.61874235  2.30729187],entering,[-0.62185191  0.08809385  0.93462812]
857.4797472953796,1005,False,6,1,[5.40833668 1.77566289 1.96554258],landing,[ 0.50568378 -0.03156594 -0.11489306]
857.5802454948425,1000,False,0,2,[8.40569356 2.03794185 3.99928932],cruising,[-0.82138112 -0.19970136 -0.21083176]
857.5802454948425,1001,False,2,6,[-0.73575796  6.78773167  4.00005416],cruising,[-0.48080528  0.59740651 -0.20557775]
857.5802454948425,1002,False,5,0,[-1.62102636  7.1860401   3.99127721],cruising,[ 0.5677905  -0.59831228 -0.99408226]
857.5802454948425,1003,False,4,5,[ 7.48275144 -6.58801782  3.19492553],entering,[ 0.63925976  0.24903542 -0.34837281]
857.5802454948425,1004,False,3,4,[-1.05315606 -7.48632312  2.38229187],entering,[-0.62185191  0.08809385  0.93462812]
857.5802454948425,1005,False,6,1,[5.41567107 1.75360588 1.86828162],landing,[ 0.50568378 -0.03156594 -0.11489306]
857.6798558235168,1000,False,0,2,[8.42566095 1.83894109 3.99939592],cruising,[-0.82138112 -0.19970136 -0.21083176]
857.6798558235168,1001,False,2,6,[-0.56275887  6.68737572  4.00004603],cruising,[-0.48080528  0.59740651 -0.20557775]
857.6798558235168,1002,False,5,0,[-1.43191809  7.12093972  3.99258563],cruising,[ 0.5677905  -0.59831228 -0.99408226]
857.6798558235168,1003,False,4,5,[ 7.36383708 -6.42720931  3.26992553],entering,[ 0.63925976  0.24903542 -0.34837281]
857.6798558235168,1004,False,3,4,[-1.10509192 -7.33498685  2.45729187],entering,[-0.62185191  0.08809385  0.93462812]
857.6798558235168,1005,False,6,1,[5.42300546 1.73154887 1.77102065],landing,[ 0.50568378 -0.03156594 -0.11489306]
857.792505979538,1000,False,0,2,[8.44403499 1.63978689 3.99948653],cruising,[-0.82138112 -0.19970136 -0.21083176]
857.792505979538,1001,False,2,6,[-0.39194836  6.58333839  4.00003913],cruising,[-0.48080528  0.59740651 -0.20557775]
857.792505979538,1002,False,5,0,[-1.24712795  7.04443739  3.99369778],cruising,[ 0.5677905  -0.59831228 -0.99408226]
857.792505979538,1003,False,4,5,[ 7.24133374 -6.26911779  3.34492553],entering,[ 0.63925976  0.24903542 -0.34837281]
857.792505979538,1004,False,3,4,[-1.16351976 -7.16473354  2.53229187],entering,[-0.62185191  0.08809385  0.93462812]
857.792505979538,1005,False,6,1,[5.43033985 1.70949185 1.67375969],landing,[ 0.50568378 -0.03156594 -0.11489306]
857.8926248550415,1000,False,0,2,[8.45789145 1.44026747 3.99956355],cruising,[-0.82138112 -0.19970136 -0.21083176]
857.8926248550415,1001,False,2,6,[-0.22203511  6.47784199  4.00003326],cruising,[-0.48080528  0.59740651 -0.20557775]
857.8926248550415,1002,False,5,0,[-1.0649717   6.96185955  3.99464312],cruising,[ 0.5677905  -0.59831228 -0.99408226]
857.8926248550415,1003,False,4,5,[ 7.11979457 -6.11028382  3.41992553],entering,[ 0.63925976  0.24903542 -0.34837281]
857.8926248550415,1004,False,3,4,[-1.22969131 -6.9760402   2.60729187],entering,[-0.62185191  0.08809385  0.93462812]
857.8926248550415,1005,False,6,1,[5.43767424 1.68743484 1.57649873],landing,[ 0.50568378 -0.03156594 -0.11489306]
857.9857084751129,1000,False,0,2,[8.47024062 1.24064909 3.99962902],cruising,[-0.82138112 -0.19970136 -0.21083176]
857.9857084751129,1001,False,2,6,[-0.05316802  6.370679    4.00002827],cruising,[-0.48080528  0.59740651 -0.20557775]
857.9857084751129,1002,False,5,0,[-0.88684835  6.87090863  3.99544665],cruising,[ 0.5677905  -0.59831228 -0.99408226]
857.9857084751129,1003,False,4,5,[ 6.99281347 -5.95576585  3.49492553],entering,[ 0.63925976  0.24903542 -0.34837281]
857.9857084751129,1004,False,3,4,[-1.29587866 -6.78730962  2.68229187],entering,[-0.62185191  0.08809385  0.93462812]
857.9857084751129,1005,False,6,1,[5.44500863 1.66537783 1.47923776],fake_landed,[ 0.50568378 -0.03156594 -0.11489306]
858.083393573761,1000,False,0,2,[8.47856146 1.04082225 3.99968467],cruising,[-0.82138112 -0.19970136 -0.21083176]
858.083393573761,1001,False,2,6,[0.11552241 6.26323814 4.00002403],cruising,[-0.48080528  0.59740651 -0.20557775]
858.083393573761,1002,False,5,0,[-0.71206787  6.77368834  3.99612965],cruising,[ 0.5677905  -0.59831228 -0.99408226]
858.083393573761,1003,False,4,5,[ 6.86465741 -5.80222099  3.56992553],entering,[ 0.63925976  0.24903542 -0.34837281]
858.083393573761,1004,False,3,4,[-1.36206601 -6.59857903  2.75729187],entering,[-0.62185191  0.08809385  0.93462812]
858.083393573761,1005,False,6,1,[5.45087614 1.64773222 1.40142899],fake_landed,[ 0.50568378 -0.03156594 -0.11489306]
858.19198179245,1000,False,0,2,[8.48541902 0.84093985 3.99973197],cruising,[-0.82138112 -0.19970136 -0.21083176]
858.19198179245,1001,False,2,6,[0.2842987  6.15593221 4.00002043],cruising,[-0.48080528  0.59740651 -0.20557775]
858.19198179245,1002,False,5,0,[-0.53896354  6.67351404  3.9967102 ],cruising,[ 0.5677905  -0.59831228 -0.99408226]
858.19198179245,1003,False,4,5,[ 6.73487989 -5.65004413  3.6344367 ],entering,[ 0.63925976  0.24903542 -0.34837281]
858.19198179245,1004,False,3,4,[-1.42893556 -6.41008907  2.83229187],entering,[-0.62185191  0.08809385  0.93462812]
858.19198179245,1005,False,6,1,[5.45527678 1.63449801 1.34307242],fake_landed,[ 0.50568378 -0.03156594 -0.11489306]
858.2941908836365,1000,False,0,2,[8.49060724 0.64100716 3.99977217],cruising,[-0.82138112 -0.19970136 -0.21083176]
858.2941908836365,1001,False,2,6,[0.45357856 6.04942244 4.00001736],cruising,[-0.48080528  0.59740651 -0.20557775]
858.2941908836365,1002,False,5,0,[-0.36814078  6.56949679  3.99720367],cruising,[ 0.5677905  -0.59831228 -0.99408226]
858.2941908836365,1003,False,4,5,[ 6.59815333 -5.5040789   3.6892712 ],entering,[ 0.63925976  0.24903542 -0.34837281]
858.2941908836365,1004,False,3,4,[-1.49644211 -6.22182631  2.90729187],entering,[-0.62185191  0.08809385  0.93462812]
858.2941908836365,1005,False,6,1,[5.45821053 1.6256752  1.30416803],fake_landed,[ 0.50568378 -0.03156594 -0.11489306]
858.3943665027618,1000,False,0,2,[8.49397229 0.44103547 3.99980635],cruising,[-0.82138112 -0.19970136 -0.21083176]
858.3943665027618,1001,False,2,6,[0.62362384 5.944139   4.00001476],cruising,[-0.48080528  0.59740651 -0.20557775]
858.3943665027618,1002,False,5,0,[-0.19878295  6.46311107  3.99762312],cruising,[ 0.5677905  -0.59831228 -0.99408226]
858.3943665027618,1003,False,4,5,[ 6.45668923 -5.36270031  3.73588052],entering,[ 0.63925976  0.24903542 -0.34837281]
858.3943665027618,1004,False,3,4,[-1.56394865 -6.03356356  2.98229187],entering,[-0.62185191  0.08809385  0.93462812]
858.3943665027618,1005,False,6,1,[5.45967741 1.6212638  1.28471584],fake_landed,[ 0.50568378 -0.03156594 -0.11489306]
858.4864275455475,1000,False,0,2,[8.49326681 0.24103671 3.99983539],cruising,[-0.82138112 -0.19970136 -0.21083176]
858.4864275455475,1001,False,2,6,[0.79519878 5.84136723 4.00001254],cruising,[-0.48080528  0.59740651 -0.20557775]
858.4864275455475,1002,False,5,0,[-0.02986523  6.3560279   3.99797965],cruising,[ 0.5677905  -0.59831228 -0.99408226]
858.4864275455475,1003,False,4,5,[ 6.31290293 -5.22368412  3.77549844],entering,[ 0.63925976  0.24903542 -0.34837281]
858.4864275455475,1004,False,3,4,[-1.63272856 -5.84576227  3.05729187],entering,[-0.62185191  0.08809385  0.93462812]
858.4864275455475,1005,False,1,3,[5.45967741 1.6212638  1.28471584],waiting,[ 0.50568378 -0.03156594 -0.11489306]
858.5830326080322,1000,False,0,2,[8.49091348 0.04105056 3.99986008],cruising,[-0.82138112 -0.19970136 -0.21083176]
858.5830326080322,1001,False,2,6,[0.96811663 5.74087136 4.00001066],cruising,[-0.48080528  0.59740651 -0.20557775]
858.5830326080322,1002,False,5,0,[0.13885059 6.24862691 3.99828271],cruising,[ 0.5677905  -0.59831228 -0.99408226]
858.5830326080322,1003,False,4,5,[ 6.16221322 -5.09218275  3.80917367],entering,[ 0.63925976  0.24903542 -0.34837281]
858.5830326080322,1004,False,3,4,[-1.70150847 -5.65796098  3.13229187],entering,[-0.62185191  0.08809385  0.93462812]
858.5830326080322,1005,False,1,3,[5.45967741 1.6212638  1.28471584],waiting,[ 0.50568378 -0.03156594 -0.11489306]
858.6822674274445,1000,False,0,2,[ 8.48675955 -0.1589063   3.99988107],cruising,[-0.82138112 -0.19970136 -0.21083176]
858.6822674274445,1001,False,2,6,[1.14339388 5.64454959 4.00000906],cruising,[-0.48080528  0.59740651 -0.20557775]
858.6822674274445,1002,False,5,0,[0.30764118 6.14134346 3.9985403 ],cruising,[ 0.5677905  -0.59831228 -0.99408226]
858.6822674274445,1003,False,4,5,[ 6.00450066 -4.9691919   3.83779762],entering,[ 0.63925976  0.24903542 -0.34837281]
858.6822674274445,1004,False,3,4,[-1.77142679 -5.47058054  3.20729187],entering,[-0.62185191  0.08809385  0.93462812]
858.6822674274445,1005,False,1,3,[5.45967741 1.6212638  1.28471584],waiting,[ 0.50568378 -0.03156594 -0.11489306]
858.7878704071045,1000,False,0,2,[ 8.478659   -0.35874218  3.99989891],cruising,[-0.82138112 -0.19970136 -0.21083176]
858.7878704071045,1001,False,2,6,[1.3204648  5.55156631 4.0000077 ],cruising,[-0.48080528  0.59740651 -0.20557775]
858.7878704071045,1002,False,5,0,[0.4769389  6.03486209 3.99875925],exiting,[ 0.5677905  -0.59831228 -0.99408226]
858.7878704071045,1003,False,4,5,[ 5.84304215 -4.85116161  3.86212798],cruising,[ 0.63925976  0.24903542 -0.34837281]
858.7878704071045,1004,False,3,4,[-1.84068721 -5.28295593  3.28229187],entering,[-0.62185191  0.08809385  0.93462812]
858.7878704071045,1005,False,1,3,[5.45967741 1.6212638  1.28471584],waiting,[ 0.50568378 -0.03156594 -0.11489306]
858.8850581645966,1000,False,0,2,[ 8.46886159 -0.55850207  3.99991407],cruising,[-0.82138112 -0.19970136 -0.21083176]
858.8850581645966,1001,False,2,6,[1.49954511 5.46251439 4.00000655],cruising,[-0.48080528  0.59740651 -0.20557775]
858.8850581645966,1002,False,5,0,[0.63593854 5.94552568 3.99897862],exiting,[ 0.5677905  -0.59831228 -0.99408226]
858.8850581645966,1003,False,4,5,[ 5.67519689 -4.74240515  3.88280878],cruising,[ 0.63925976  0.24903542 -0.34837281]
858.8850581645966,1004,False,3,4,[-1.91162716 -5.09595988  3.35729187],entering,[-0.62185191  0.08809385  0.93462812]
858.8850581645966,1005,False,1,3,[5.45967741 1.6212638  1.28471584],waiting,[ 0.50568378 -0.03156594 -0.11489306]
858.986385345459,1000,False,0,2,[ 8.45720023 -0.75816181  3.99992696],cruising,[-0.82138112 -0.19970136 -0.21083176]
858.986385345459,1001,False,2,6,[1.68185096 5.38026735 4.00000557],cruising,[-0.48080528  0.59740651 -0.20557775]
858.986385345459,1002,False,5,0,[0.78448411 5.87323956 3.99919549],exiting,[ 0.5677905  -0.59831228 -0.99408226]
858.986385345459,1003,False,4,5,[ 5.50408248 -4.63886839  3.90038746],cruising,[ 0.63925976  0.24903542 -0.34837281]
858.986385345459,1004,False,3,4,[-1.98318389 -4.90919898  3.43229187],entering,[-0.62185191  0.08809385  0.93462812]
858.986385345459,1005,False,1,3,[5.45967741 1.6212638  1.28471584],waiting,[ 0.50568378 -0.03156594 -0.11489306]
859.0887229442596,1000,False,0,2,[ 8.4435308  -0.95769413  3.99993792],cruising,[-0.82138112 -0.19970136 -0.21083176]
859.0887229442596,1001,False,2,6,[1.86635018 5.30306607 4.00000473],cruising,[-0.48080528  0.59740651 -0.20557775]
859.0887229442596,1002,False,5,0,[0.92240104 5.81789545 3.99940665],exiting,[ 0.5677905  -0.59831228 -0.99408226]
859.0887229442596,1003,False,4,5,[ 5.32849466 -4.54311394  3.91532934],cruising,[ 0.63925976  0.24903542 -0.34837281]
859.0887229442596,1004,False,3,4,[-2.05500153 -4.72253825  3.50729187],entering,[-0.62185191  0.08809385  0.93462812]
859.0887229442596,1005,False,1,3,[5.45967741 1.6212638  1.28471584],waiting,[ 0.50568378 -0.03156594 -0.11489306]
859.1889235973358,1000,False,0,2,[ 8.42557463 -1.15688644  3.99994723],cruising,[-0.82138112 -0.19970136 -0.21083176]
859.1889235973358,1001,False,2,6,[2.05315041 5.23161208 4.00000402],cruising,[-0.48080528  0.59740651 -0.20557775]
859.1889235973358,1002,False,5,0,[1.04949202 5.77936797 3.99960843],exiting,[ 0.5677905  -0.59831228 -0.99408226]
859.1889235973358,1003,False,4,5,[ 5.15091074 -4.4511142   3.92802994],cruising,[ 0.63925976  0.24903542 -0.34837281]
859.1889235973358,1004,False,3,4,[-2.12671078 -4.53583586  3.58119809],entering,[-0.62185191  0.08809385  0.93462812]
859.1889235973358,1005,False,1,3,[5.45967741 1.6212638  1.28471584],waiting,[ 0.50568378 -0.03156594 -0.11489306]
859.2916378974915,1000,False,0,2,[ 8.40567101 -1.35589359  3.99995515],cruising,[-0.82138112 -0.19970136 -0.21083176]
859.2916378974915,1001,False,2,6,[2.24229213 5.16660891 4.00000342],cruising,[-0.48080528  0.59740651 -0.20557775]
859.2916378974915,1002,False,5,0,[1.16552853 5.75750777 3.99979654],exiting,[ 0.5677905  -0.59831228 -0.99408226]
859.2916378974915,1003,False,4,5,[ 4.97059505 -4.36459106  3.93882545],cruising,[ 0.63925976  0.24903542 -0.34837281]
859.2916378974915,1004,False,3,4,[-2.19642354 -4.34837885  3.64401838],entering,[-0.62185191  0.08809385  0.93462812]
859.2916378974915,1005,False,1,3,[5.45967741 1.6212638  1.28471584],waiting,[ 0.50568378 -0.03156594 -0.11489306]
859.39089012146,1000,False,0,2,[ 8.38362352 -1.55467464  3.99996187],cruising,[-0.82138112 -0.19970136 -0.21083176]
859.39089012146,1001,False,2,6,[2.43602951 5.11695181 4.00000291],cruising,[-0.48080528  0.59740651 -0.20557775]
859.39089012146,1002,False,5,0,[1.27023084 5.75212591 3.99996566],exiting,[ 0.5677905  -0.59831228 -0.99408226]
859.39089012146,1003,False,4,5,[ 4.78928171 -4.28017855  3.94800163],cruising,[ 0.63925976  0.24903542 -0.34837281]
859.39089012146,1004,False,3,4,[-2.26601767 -4.16087776  3.69741562],entering,[-0.62185191  0.08809385  0.93462812]
859.39089012146,1005,False,1,3,[5.45967741 1.6212638  1.28471584],waiting,[ 0.50568378 -0.03156594 -0.11489306]
859.4934637546539,1000,False,0,2,[ 8.3569173  -1.75288357  3.99996759],cruising,[-0.82138112 -0.19970136 -0.21083176]
859.4934637546539,1001,False,2,6,[2.63176215 5.07585761 4.00000247],cruising,[-0.48080528  0.59740651 -0.20557775]
859.4934637546539,1002,False,5,0,[1.36321143 5.76294901 4.00010838],exiting,[ 0.5677905  -0.59831228 -0.99408226]
859.4934637546539,1003,False,4,5,[ 4.60709194 -4.19767469  3.95580139],cruising,[ 0.63925976  0.24903542 -0.34837281]
859.4934637546539,1004,False,3,4,[-2.32784975 -3.97067578  3.74280328],entering,[-0.62185191  0.08809385  0.93462812]
859.4934637546539,1005,False,1,3,[5.45967741 1.6212638  1.28471584],waiting,[ 0.50568378 -0.03156594 -0.11489306]
859.5845193862915,1000,False,0,2,[ 8.32799693 -1.95078155  3.99997245],cruising,[-0.82138112 -0.19970136 -0.21083176]
859.5845193862915,1001,False,2,6,[2.82887243 5.04198231 4.0000021 ],cruising,[-0.48080528  0.59740651 -0.20557775]
859.5845193862915,1002,False,5,0,[1.44423236 5.78980225 4.00022034],exiting,[ 0.5677905  -0.59831228 -0.99408226]
859.5845193862915,1003,False,4,5,[ 4.42360731 -4.11809209  3.96243118],cruising,[ 0.63925976  0.24903542 -0.34837281]
859.5845193862915,1004,False,3,4,[-2.38869354 -3.78015535  3.78138279],entering,[-0.62185191  0.08809385  0.93462812]
859.5845193862915,1005,False,1,3,[5.45967741 1.6212638  1.28471584],waiting,[ 0.50568378 -0.03156594 -0.11489306]
859.6872391700745,1000,False,0,2,[ 8.29660182 -2.14830205  3.99997659],cruising,[-0.82138112 -0.19970136 -0.21083176]
859.6872391700745,1001,False,2,6,[3.02691501 5.01406925 4.00000178],cruising,[-0.48080528  0.59740651 -0.20557775]
859.6872391700745,1002,False,5,0,[1.51305356 5.83250369 4.0002975 ],exiting,[ 0.5677905  -0.59831228 -0.99408226]
859.6872391700745,1003,False,4,5,[ 4.23971972 -4.03944505  3.9680665 ],cruising,[ 0.63925976  0.24903542 -0.34837281]
859.6872391700745,1004,False,3,4,[-2.44936129 -3.58957879  3.81417537],cruising,[-0.62185191  0.08809385  0.93462812]
859.6872391700745,1005,False,1,3,[5.45967741 1.6212638  1.28471584],waiting,[ 0.50568378 -0.03156594 -0.11489306]
859.788370847702,1000,False,0,2,[ 8.25974693 -2.34487701  3.9999801 ],cruising,[-0.82138112 -0.19970136 -0.21083176]
859.788370847702,1001,False,2,6,[3.22557686 4.99097229 4.00000152],cruising,[-0.48080528  0.59740651 -0.20557775]
859.788370847702,1002,False,5,0,[1.56943291 5.89086395 4.00033643],exiting,[ 0.5677905  -0.59831228 -0.99408226]
859.788370847702,1003,False,4,5,[ 4.05507177 -3.96260019  3.97285653],cruising,[ 0.63925976  0.24903542 -0.34837281]
859.788370847702,1004,False,3,4,[-2.50411209 -3.39721885  3.84204906],cruising,[-0.62185191  0.08809385  0.93462812]
859.788370847702,1005,False,1,3,[5.45967741 1.6212638  1.28471584],waiting,[ 0.50568378 -0.03156594 -0.11489306]
859.8807895183563,1000,False,0,2,[ 8.22019225 -2.54092657  3.99998308],cruising,[-0.82138112 -0.19970136 -0.21083176]
859.8807895183563,1001,False,2,6,[3.42464234 4.97166082 4.00000129],cruising,[-0.48080528  0.59740651 -0.20557775]
859.8807895183563,1002,False,5,0,[1.61312613 5.96468581 4.00033499],exiting,[ 0.5677905  -0.59831228 -0.99408226]
859.8807895183563,1003,False,4,5,[ 3.87021165 -3.88626713  3.97692805],cruising,[ 0.63925976  0.24903542 -0.34837281]
859.8807895183563,1004,False,3,4,[-2.55382347 -3.20349539  3.8657417 ],cruising,[-0.62185191  0.08809385  0.93462812]
859.8807895183563,1005,False,1,3,[5.45967741 1.6212638  1.28471584],waiting,[ 0.50568378 -0.03156594 -0.11489306]
859.9924745559692,1000,False,0,2,[ 8.17448443 -2.73563351  3.99998562],cruising,[-0.82138112 -0.19970136 -0.21083176]
859.9924745559692,1001,False,2,6,[3.62396492 4.95521367 4.0000011 ],cruising,[-0.48080528  0.59740651 -0.20557775]
859.9924745559692,1002,False,5,0,[1.64388673 6.05376366 4.00029402],exiting,[ 0.5677905  -0.59831228 -0.99408226]
859.9924745559692,1003,False,4,5,[ 3.6848681  -3.81111549  3.98038884],cruising,[ 0.63925976  0.24903542 -0.34837281]
859.9924745559692,1004,False,3,4,[-2.59657075 -3.00811711  3.88588045],cruising,[-0.62185191  0.08809385  0.93462812]
859.9924745559692,1005,False,1,3,[5.45967741 1.6212638  1.28471584],waiting,[ 0.50568378 -0.03156594 -0.11489306]
860.0877304077148,1000,False,0,2,[ 8.12561321 -2.92957063  3.99998778],cruising,[-0.82138112 -0.19970136 -0.21083176]
860.0877304077148,1001,False,2,6,[3.82344537 4.94080707 4.00000093],cruising,[-0.48080528  0.59740651 -0.20557775]
860.0877304077148,1002,False,5,0,[1.66756874 6.15091901 4.00023953],exiting,[ 0.5677905  -0.59831228 -0.99408226]
860.0877304077148,1003,False,4,5,[ 3.49933013 -3.73644514  3.98333052],cruising,[ 0.63925976  0.24903542 -0.34837281]
860.0877304077148,1004,False,3,4,[-2.638787   -2.81262341  3.90299838],cruising,[-0.62185191  0.08809385  0.93462812]
860.0877304077148,1005,False,1,3,[5.45967741 1.6212638  1.28471584],waiting,[ 0.50568378 -0.03156594 -0.11489306]
860.1820685863495,1000,False,0,2,[ 8.06939684 -3.12150739  3.99998961],cruising,[-0.82138112 -0.19970136 -0.21083176]
860.1820685863495,1001,False,2,6,[4.0230154  4.92769972 4.00000079],cruising,[-0.48080528  0.59740651 -0.20557775]
860.1820685863495,1002,False,5,0,[1.69125075 6.24807437 4.00019483],exiting,[ 0.5677905  -0.59831228 -0.99408226]
860.1820685863495,1003,False,4,5,[ 3.31343088 -3.66267883  3.98583094],cruising,[ 0.63925976  0.24903542 -0.34837281]
860.1820685863495,1004,False,3,4,[-2.67845387 -2.61659652  3.91754862],cruising,[-0.62185191  0.08809385  0.93462812]
860.1820685863495,1005,False,1,3,[5.45967741 1.6212638  1.28471584],waiting,[ 0.50568378 -0.03156594 -0.11489306]
860.2801146507263,1000,False,0,2,[ 8.00927315 -3.31225629  3.99999117],cruising,[-0.82138112 -0.19970136 -0.21083176]
860.2801146507263,1001,False,2,6,[4.22260039 4.91482206 4.00000067],cruising,[-0.48080528  0.59740651 -0.20557775]
860.2801146507263,1002,False,5,0,[1.71493276 6.34522972 4.0001582 ],exiting,[ 0.5677905  -0.59831228 -0.99408226]
860.2801146507263,1003,False,4,5,[ 3.12724209 -3.58964641  3.9879563 ],cruising,[ 0.63925976  0.24903542 -0.34837281]
860.2801146507263,1004,False,3,4,[-2.71967994 -2.42089162  3.92991633],cruising,[-0.62185191  0.08809385  0.93462812]
860.2801146507263,1005,False,1,3,[5.45967741 1.6212638  1.28471584],waiting,[ 0.50568378 -0.03156594 -0.11489306]
860.3804740905762,1000,False,0,2,[ 7.9399171  -3.49984557  3.99999249],cruising,[-0.82138112 -0.19970136 -0.21083176]
860.3804740905762,1001,False,2,6,[4.42221127 4.90235232 4.00000057],cruising,[-0.48080528  0.59740651 -0.20557775]
860.3804740905762,1002,False,5,0,[1.73861476 6.44238507 4.00012821],exiting,[ 0.5677905  -0.59831228 -0.99408226]
860.3804740905762,1003,False,4,5,[ 2.94071568 -3.51748064  3.98976285],cruising,[ 0.63925976  0.24903542 -0.34837281]
860.3804740905762,1004,False,3,4,[-2.7626804  -2.22556891  3.94042888],cruising,[-0.62185191  0.08809385  0.93462812]
860.3804740905762,1005,False,1,3,[5.45967741 1.6212638  1.28471584],waiting,[ 0.50568378 -0.03156594 -0.11489306]
860.4822340011597,1000,False,0,2,[ 7.86026465 -3.68329988  3.99999362],cruising,[-0.82138112 -0.19970136 -0.21083176]
860.4822340011597,1001,False,2,6,[4.62180397 4.88959483 4.00000049],cruising,[-0.48080528  0.59740651 -0.20557775]
860.4822340011597,1002,False,5,0,[1.76229677 6.53954042 4.00010371],exiting,[ 0.5677905  -0.59831228 -0.99408226]
860.4822340011597,1003,False,4,5,[ 2.75372056 -3.44653823  3.99129842],cruising,[ 0.63925976  0.24903542 -0.34837281]
860.4822340011597,1004,False,3,4,[-2.80693232 -2.03052592  3.94936455],cruising,[-0.62185191  0.08809385  0.93462812]
860.4822340011597,1005,False,1,3,[5.45967741 1.6212638  1.28471584],waiting,[ 0.50568378 -0.03156594 -0.11489306]
860.5798823833466,1000,False,0,2,[ 7.77484488 -3.86414088  3.99999458],cruising,[-0.82138112 -0.19970136 -0.21083176]
860.5798823833466,1001,False,2,6,[4.82133456 4.87590013 4.00000041],cruising,[-0.48080528  0.59740651 -0.20557775]
860.5798823833466,1002,False,5,0,[1.78597878 6.63669577 4.0000837 ],exiting,[ 0.5677905  -0.59831228 -0.99408226]
860.5798823833466,1003,False,4,5,[ 2.56610943 -3.3772413   3.99260366],cruising,[ 0.63925976  0.24903542 -0.34837281]
860.5798823833466,1004,False,3,4,[-2.85414819 -1.83617916  3.95695987],cruising,[-0.62185191  0.08809385  0.93462812]
860.5798823833466,1005,False,1,3,[5.45967741 1.6212638  1.28471584],waiting,[ 0.50568378 -0.03156594 -0.11489306]
860.6817297935486,1000,False,0,2,[ 7.67529158 -4.03760309  3.99999539],cruising,[-0.82138112 -0.19970136 -0.21083176]
860.6817297935486,1001,False,2,6,[5.02075186 4.86064429 4.00000035],cruising,[-0.48080528  0.59740651 -0.20557775]
860.6817297935486,1002,False,5,0,[1.80966079 6.73385113 4.00006739],exiting,[ 0.5677905  -0.59831228 -0.99408226]
860.6817297935486,1003,False,4,5,[ 2.37805799 -3.30914831  3.99371311],cruising,[ 0.63925976  0.24903542 -0.34837281]
860.6817297935486,1004,False,3,4,[-2.9045789  -1.64264172  3.96341589],cruising,[-0.62185191  0.08809385  0.93462812]
860.6817297935486,1005,False,1,3,[5.45967741 1.6212638  1.28471584],queued,[ 0.50568378 -0.03156594 -0.11489306]
860.7799918651581,1000,False,0,2,[ 7.55918632 -4.19983887  3.99999612],cruising,[-0.82138112 -0.19970136 -0.21083176]
860.7799918651581,1001,False,2,6,[5.22008075 4.8442738  4.0000003 ],cruising,[-0.48080528  0.59740651 -0.20557775]
860.7799918651581,1002,False,5,0,[1.8333428  6.83100648 4.00005412],exiting,[ 0.5677905  -0.59831228 -0.99408226]
860.7799918651581,1003,False,4,5,[ 2.1891054  -3.24359742  3.99465615],cruising,[ 0.63925976  0.24903542 -0.34837281]
860.7799918651581,1004,False,3,4,[-2.95854137 -1.45005913  3.9689035 ],cruising,[-0.62185191  0.08809385  0.93462812]
860.7799918651581,1005,False,1,3,[5.45967741 1.6212638  1.30471584],queued,[ 0.50568378 -0.03156594 -0.11489306]
860.8822195529938,1000,False,0,2,[ 7.42780174 -4.34916952  3.99999677],cruising,[-0.82138112 -0.19970136 -0.21083176]
860.8822195529938,1001,False,2,6,[5.41916806 4.82518863 4.00000025],cruising,[-0.48080528  0.59740651 -0.20557775]
860.8822195529938,1002,False,5,0,[1.8570248  6.92816183 4.00004334],exiting,[ 0.5677905  -0.59831228 -0.99408226]
860.8822195529938,1003,False,4,5,[ 1.99907634 -3.18123592  3.99545772],cruising,[ 0.63925976  0.24903542 -0.34837281]
860.8822195529938,1004,False,3,4,[-3.0163973  -1.2586102   3.97356798],cruising,[-0.62185191  0.08809385  0.93462812]
860.8822195529938,1005,False,1,3,[5.45967741 1.6212638  1.34471584],queued,[ 0.50568378 -0.03156594 -0.11489306]
860.9863595962524,1000,False,0,2,[ 7.28300756 -4.48366162  3.99999736],cruising,[-0.82138112 -0.19970136 -0.21083176]
860.9863595962524,1001,False,2,6,[5.61790167 4.80271752 4.00000022],exiting,[-0.48080528  0.59740651 -0.20557775]
860.9863595962524,1002,False,5,0,[1.88070681 7.02531718 4.00003459],exiting,[ 0.5677905  -0.59831228 -0.99408226]
860.9863595962524,1003,False,4,5,[ 1.80839724 -3.12089125  3.99613906],cruising,[ 0.63925976  0.24903542 -0.34837281]
860.9863595962524,1004,False,3,4,[-3.07767809 -1.06822989  3.97753278],cruising,[-0.62185191  0.08809385  0.93462812]
860.9863595962524,1005,False,1,3,[5.45967741 1.6212638  1.40471584],queued,[ 0.50568378 -0.03156594 -0.11489306]
861.0923099517822,1000,False,0,2,[ 7.12718437 -4.60146957  3.99999791],cruising,[-0.82138112 -0.19970136 -0.21083176]
861.0923099517822,1001,False,2,6,[5.80051793 4.79208831 4.00000018],exiting,[-0.48080528  0.59740651 -0.20557775]
861.0923099517822,1002,False,5,0,[1.90438882 7.12247254 4.00002751],exiting,[ 0.5677905  -0.59831228 -0.99408226]
861.0923099517822,1003,False,4,5,[ 1.61623233 -3.06545979  3.99671821],cruising,[ 0.63925976  0.24903542 -0.34837281]
861.0923099517822,1004,False,3,4,[-3.14357202 -0.87939665  3.98090286],cruising,[-0.62185191  0.08809385  0.93462812]
861.0923099517822,1005,False,1,3,[5.45967741 1.6212638  1.47971584],queued,[ 0.50568378 -0.03156594 -0.11489306]
861.1945457458496,1000,False,0,2,[ 6.96248858 -4.70135331  3.9999984 ],cruising,[-0.82138112 -0.19970136 -0.21083176]
861.1945457458496,1001,False,2,6,[5.96699798 4.79327532 4.00000014],exiting,[-0.48080528  0.59740651 -0.20557775]
861.1945457458496,1002,False,5,0,[1.92807083 7.21962789 4.00002179],exiting,[ 0.5677905  -0.59831228 -0.99408226]
861.1945457458496,1003,False,4,5,[ 1.42239135 -3.01620862  3.99721047],cruising,[ 0.63925976  0.24903542 -0.34837281]
861.1945457458496,1004,False,3,4,[-3.21451781 -0.69240282  3.98376743],cruising,[-0.62185191  0.08809385  0.93462812]
861.1945457458496,1005,False,1,3,[5.45967741 1.6212638  1.55471584],queued,[ 0.50568378 -0.03156594 -0.11489306]
861.2795524597168,1000,False,0,2,[ 6.7910872  -4.78239469  3.99999886],cruising,[-0.82138112 -0.19970136 -0.21083176]
861.2795524597168,1001,False,2,6,[6.11731663 4.80624406 4.00000011],exiting,[-0.48080528  0.59740651 -0.20557775]
861.2795524597168,1002,False,5,0,[1.95175284 7.31678324 4.00001719],exiting,[ 0.5677905  -0.59831228 -0.99408226]
861.2795524597168,1003,False,4,5,[ 1.22670954 -2.97487307  3.9976289 ],cruising,[ 0.63925976  0.24903542 -0.34837281]
861.2795524597168,1004,False,3,4,[-3.29093302 -0.50757664  3.98620232],cruising,[-0.62185191  0.08809385  0.93462812]
861.2795524597168,1005,False,1,3,[5.45967741 1.6212638  1.62971584],queued,[ 0.50568378 -0.03156594 -0.11489306]
861.3889021873474,1000,False,0,2,[ 6.61516827 -4.84395294  3.99999927],cruising,[-0.82138112 -0.19970136 -0.21083176]
861.3889021873474,1001,False,2,6,[6.25144013 4.83094808 4.00000007],exiting,[-0.48080528  0.59740651 -0.20557775]
861.3889021873474,1002,False,5,0,[1.97543484 7.41393859 4.00001349],exiting,[ 0.5677905  -0.59831228 -0.99408226]
861.3889021873474,1003,False,4,5,[ 1.02830271 -2.94967921  3.99798457],cruising,[ 0.63925976  0.24903542 -0.34837281]
861.3889021873474,1004,False,3,4,[-3.37146609 -0.32450719  3.98827197],cruising,[-0.62185191  0.08809385  0.93462812]
861.3889021873474,1005,False,1,3,[5.45967741 1.6212638  1.70471584],queued,[ 0.50568378 -0.03156594 -0.11489306]
861.4797570705414,1000,False,0,2,[ 6.43676094 -4.88566661  3.99999963],cruising,[-0.82138112 -0.19970136 -0.21083176]
861.4797570705414,1001,False,2,6,[6.36932037 4.86732073 4.00000004],exiting,[-0.48080528  0.59740651 -0.20557775]
861.4797570705414,1002,False,5,0,[1.99911685 7.51109395 4.00001052],exiting,[ 0.5677905  -0.59831228 -0.99408226]
861.4797570705414,1003,False,4,5,[ 0.82860148 -2.93875136  3.99828688],cruising,[ 0.63925976  0.24903542 -0.34837281]
861.4797570705414,1004,False,3,4,[-3.45841551 -0.14439667  3.99003118],cruising,[-0.62185191  0.08809385  0.93462812]
861.4797570705414,1005,False,1,3,[5.45967741 1.6212638  1.77971584],queued,[ 0.50568378 -0.03156594 -0.11489306]
861.5884575843811,1000,False,0,2,[ 6.25760635 -4.90739424  3.99999994],cruising,[-0.82138112 -0.19970136 -0.21083176]
861.5884575843811,1001,False,2,6,[6.47089544 4.91527531 4.00000002],exiting,[-0.48080528  0.59740651 -0.20557775]
861.5884575843811,1002,False,5,0,[2.02279886 7.6082493  4.00000815],exiting,[ 0.5677905  -0.59831228 -0.99408226]
861.5884575843811,1003,False,4,5,[ 0.6286625  -2.94369126  3.99854385],cruising,[ 0.63925976  0.24903542 -0.34837281]
861.5884575843811,1004,False,3,4,[-3.55219263  0.03225511  3.9915265 ],cruising,[-0.62185191  0.08809385  0.93462812]
861.5884575843811,1005,False,1,3,[5.45967741 1.6212638  1.85471584],queued,[ 0.50568378 -0.03156594 -0.11489306]
861.6818172931671,1000,False,0,2,[ 6.07873742 -4.90912391  4.0000002 ],cruising,[-0.82138112 -0.19970136 -0.21083176]
861.6818172931671,1001,False,2,6,[6.55611623 4.97474239 4.        ],exiting,[-0.48080528  0.59740651 -0.20557775]
861.6818172931671,1002,False,5,0,[2.04648087 7.70540465 4.00000627],exiting,[ 0.5677905  -0.59831228 -0.99408226]
861.6818172931671,1003,False,4,5,[ 0.42965153 -2.96355665  3.99876227],cruising,[ 0.63925976  0.24903542 -0.34837281]
861.6818172931671,1004,False,3,4,[-3.65194249  0.20560437  3.99279752],cruising,[-0.62185191  0.08809385  0.93462812]
861.6818172931671,1005,False,1,3,[5.45967741 1.6212638  1.92971584],queued,[ 0.50568378 -0.03156594 -0.11489306]
861.7932689189911,1000,False,0,2,[ 5.90141708 -4.89091362  4.0000004 ],cruising,[-0.82138112 -0.19970136 -0.21083176]
861.7932689189911,1001,False,2,6,[6.62493099 5.0456481  3.99999998],exiting,[-0.48080528  0.59740651 -0.20557775]
861.7932689189911,1002,False,5,0,[2.07016288 7.80256    4.00000477],exiting,[ 0.5677905  -0.59831228 -0.99408226]
861.7932689189911,1003,False,4,5,[ 0.23258742 -2.99769954  3.99894793],cruising,[ 0.63925976  0.24903542 -0.34837281]
861.7932689189911,1004,False,3,4,[-3.75843831  0.374893    3.9938779 ],cruising,[-0.62185191  0.08809385  0.93462812]
861.7932689189911,1005,False,1,3,[5.45967741 1.6212638  2.00471584],queued,[ 0.50568378 -0.03156594 -0.11489306]
861.8923025131226,1000,False,0,2,[ 5.72667503 -4.85287022  4.00000055],cruising,[-0.82138112 -0.19970136 -0.21083176]
861.8923025131226,1001,False,2,6,[6.6772861  5.12791514 3.99999998],exiting,[-0.48080528  0.59740651 -0.20557775]
861.8923025131226,1002,False,5,0,[2.09384489 7.89971535 4.00000359],exiting,[ 0.5677905  -0.59831228 -0.99408226]
861.8923025131226,1003,False,4,5,[ 0.03831415 -3.04521689  3.99910574],cruising,[ 0.63925976  0.24903542 -0.34837281]
861.8923025131226,1004,False,3,4,[-3.86803786  0.54218896  3.99479621],cruising,[-0.62185191  0.08809385  0.93462812]
861.8923025131226,1005,False,1,3,[5.45967741 1.6212638  2.07971584],queued,[ 0.50568378 -0.03156594 -0.11489306]
861.9845206737518,1000,False,0,2,[ 5.55484252 -4.79503959  4.00000064],cruising,[-0.82138112 -0.19970136 -0.21083176]
861.9845206737518,1001,False,2,6,[6.7137783  5.22101895 3.99999998],exiting,[-0.48080528  0.59740651 -0.20557775]
861.9845206737518,1002,False,5,0,[2.11752689 7.99687071 4.00000267],exiting,[ 0.5677905  -0.59831228 -0.99408226]
861.9845206737518,1003,False,4,5,[-0.15138933 -3.1085619   3.99923988],cruising,[ 0.63925976  0.24903542 -0.34837281]
861.9845206737518,1004,False,3,4,[-3.98008259  0.70785724  3.99557678],cruising,[-0.62185191  0.08809385  0.93462812]
861.9845206737518,1005,False,1,3,[5.45967741 1.6212638  2.15471584],queued,[ 0.50568378 -0.03156594 -0.11489306]
862.0828852653503,1000,False,0,2,[ 5.38638503 -4.71749578  4.00000067],cruising,[-0.82138112 -0.19970136 -0.21083176]
862.0828852653503,1001,False,2,6,[6.75027049 5.31412277 3.99999999],exiting,[-0.48080528  0.59740651 -0.20557775]
862.0828852653503,1002,False,5,0,[2.1412089  8.09402606 4.00000195],exiting,[ 0.5677905  -0.59831228 -0.99408226]
862.0828852653503,1003,False,4,5,[-0.33765818 -3.18138988  3.9993539 ],cruising,[ 0.63925976  0.24903542 -0.34837281]
862.0828852653503,1004,False,3,4,[-4.09400751  0.87223823  3.99624026],cruising,[-0.62185191  0.08809385  0.93462812]
862.0828852653503,1005,False,1,3,[5.45967741 1.6212638  2.22971584],queued,[ 0.50568378 -0.03156594 -0.11489306]
862.1878905296326,1000,False,0,2,[ 5.22047545 -4.62011493  4.00000063],cruising,[-0.82138112 -0.19970136 -0.21083176]
862.1878905296326,1001,False,2,6,[6.78676268 5.40722658 3.99999999],exiting,[-0.48080528  0.59740651 -0.20557775]
862.1878905296326,1002,False,5,0,[2.16489091 8.19118141 4.00000139],exiting,[ 0.5677905  -0.59831228 -0.99408226]
862.1878905296326,1003,False,4,5,[-0.51961588 -3.26440432  3.99945081],cruising,[ 0.63925976  0.24903542 -0.34837281]
862.1878905296326,1004,False,3,4,[-4.20932813  1.03564312  3.99680422],cruising,[-0.62185191  0.08809385  0.93462812]
862.1878905296326,1005,False,1,3,[5.45967741 1.6212638  2.30471584],queued,[ 0.50568378 -0.03156594 -0.11489306]
862.2921483516693,1000,False,0,2,[ 5.05291579 -4.51091896  4.00000053],cruising,[-0.82138112 -0.19970136 -0.21083176]
862.2921483516693,1001,False,2,6,[6.82325488 5.50033039 3.99999999],exiting,[-0.48080528  0.59740651 -0.20557775]
862.2921483516693,1002,False,5,0,[2.18857292 8.28833676 4.00000096],exiting,[ 0.5677905  -0.59831228 -0.99408226]
862.2921483516693,1003,False,4,5,[-0.69859351 -3.35366241  3.99953319],cruising,[ 0.63925976  0.24903542 -0.34837281]
862.2921483516693,1004,False,3,4,[-4.32562694  1.19835324  3.99728359],cruising,[-0.62185191  0.08809385  0.93462812]
862.2921483516693,1005,False,1,3,[5.45967741 1.6212638  2.37971584],queued,[ 0.50568378 -0.03156594 -0.11489306]
862.3821375370026,1000,False,0,2,[ 4.88169768 -4.4075538   4.00000045],cruising,[-0.82138112 -0.19970136 -0.21083176]
862.3821375370026,1001,False,2,6,[6.85974707 5.5934342  3.99999999],exiting,[-0.48080528  0.59740651 -0.20557775]
862.3821375370026,1002,False,5,0,[2.21225493 8.38549212 4.00000063],exiting,[ 0.5677905  -0.59831228 -0.99408226]
862.3821375370026,1003,False,4,5,[-0.87654019 -3.44495851  3.99960321],cruising,[ 0.63925976  0.24903542 -0.34837281]
862.3821375370026,1004,False,3,4,[-4.44254069  1.36062208  3.99769105],cruising,[-0.62185191  0.08809385  0.93462812]
862.3821375370026,1005,False,1,3,[5.45967741 1.6212638  2.45471584],queued,[ 0.50568378 -0.03156594 -0.11489306]
862.484885931015,1000,False,0,2,[ 4.70743799 -4.30940309  4.00000038],cruising,[-0.82138112 -0.19970136 -0.21083176]
862.484885931015,1001,False,2,6,[6.89623926 5.68653801 3.99999999],exiting,[-0.48080528  0.59740651 -0.20557775]
862.484885931015,1002,False,5,0,[2.23593693 8.48264747 4.00000039],exiting,[ 0.5677905  -0.59831228 -0.99408226]
862.484885931015,1003,False,4,5,[-1.05591903 -3.53340755  3.99966273],cruising,[ 0.63925976  0.24903542 -0.34837281]
862.484885931015,1004,False,3,4,[-4.55974864  1.52267854  3.99803739],cruising,[-0.62185191  0.08809385  0.93462812]
862.484885931015,1005,False,1,3,[5.45967741 1.6212638  2.52971584],queued,[ 0.50568378 -0.03156594 -0.11489306]
862.5799760818481,1000,False,0,2,[ 4.52997257 -4.21717498  4.00000033],cruising,[-0.82138112 -0.19970136 -0.21083176]
862.5799760818481,1001,False,2,6,[6.93273145 5.77964183 3.99999999],exiting,[-0.48080528  0.59740651 -0.20557775]
862.5799760818481,1002,False,5,0,[2.25961894 8.57980282 4.00000021],exiting,[ 0.5677905  -0.59831228 -0.99408226]
862.5799760818481,1003,False,4,5,[-1.24075195 -3.60980644  3.99971332],cruising,[ 0.63925976  0.24903542 -0.34837281]
862.5799760818481,1004,False,3,4,[-4.67693356  1.68475166  3.99833178],cruising,[-0.62185191  0.08809385  0.93462812]
862.5799760818481,1005,False,1,3,[5.45967741 1.6212638  2.60471584],entering,[ 0.50568378 -0.03156594 -0.11489306]
862.684645652771,1000,False,0,2,[ 4.35079291 -4.12832314  4.00000028],cruising,[-0.82138112 -0.19970136 -0.21083176]
862.684645652771,1001,False,2,6,[6.96922365 5.87274564 4.        ],exiting,[-0.48080528  0.59740651 -0.20557775]
862.684645652771,1002,False,5,0,[2.28330095 8.67695817 4.00000009],landing,[ 0.5677905  -0.59831228 -0.99408226]
862.684645652771,1003,False,4,5,[-1.43199078 -3.66725898  3.99975815],cruising,[ 0.63925976  0.24903542 -0.34837281]
862.684645652771,1004,False,3,4,[-4.79399986  1.84691047  3.99858202],cruising,[-0.62185191  0.08809385  0.93462812]
862.684645652771,1005,False,1,3,[5.47936901 1.61776509 2.67971584],entering,[ 0.50568378 -0.03156594 -0.11489306]
862.7921500205994,1000,False,0,2,[ 4.16972929 -4.04337629  4.00000024],cruising,[-0.82138112 -0.19970136 -0.21083176]
862.7921500205994,1001,False,2,6,[7.00571584 5.96584945 4.        ],exiting,[-0.48080528  0.59740651 -0.20557775]
862.7921500205994,1002,False,5,0,[2.30667511 8.75962755 3.98621367],landing,[ 0.5677905  -0.59831228 -0.99408226]
862.7921500205994,1003,False,4,5,[-1.6263873  -3.70496237  3.99979992],cruising,[ 0.63925976  0.24903542 -0.34837281]
862.7921500205994,1004,False,3,4,[-4.91065729  2.00936368  3.99879471],cruising,[-0.62185191  0.08809385  0.93462812]
862.7921500205994,1005,False,1,3,[5.51874651 1.61073579 2.75471584],entering,[ 0.50568378 -0.03156594 -0.11489306]
862.8853871822357,1000,False,0,2,[ 3.98769814 -3.96052305  4.0000002 ],cruising,[-0.82138112 -0.19970136 -0.21083176]
862.8853871822357,1001,False,2,6,[7.04220803 6.05895326 4.        ],exiting,[-0.48080528  0.59740651 -0.20557775]
862.8853871822357,1002,False,5,0,[2.32966488 8.82765635 3.95880721],landing,[ 0.5677905  -0.59831228 -0.99408226]
862.8853871822357,1003,False,4,5,[-1.8207596  -3.72266578  3.99983919],cruising,[ 0.63925976  0.24903542 -0.34837281]
862.8853871822357,1004,False,3,4,[-5.02663158  2.17230528  3.99897551],cruising,[-0.62185191  0.08809385  0.93462812]
862.8853871822357,1005,False,1,3,[5.57779711 1.6001052  2.82971584],entering,[ 0.50568378 -0.03156594 -0.11489306]
862.9853868484497,1000,False,0,2,[ 3.80453407 -3.88020542  4.00000017],cruising,[-0.82138112 -0.19970136 -0.21083176]
862.9853868484497,1001,False,2,6,[7.07870023 6.15205708 4.        ],exiting,[-0.48080528  0.59740651 -0.20557775]
862.9853868484497,1002,False,5,0,[2.35217989 8.88086467 3.91797957],landing,[ 0.5677905  -0.59831228 -0.99408226]
862.9853868484497,1003,False,4,5,[-2.01210279 -3.7205999   3.99987613],cruising,[ 0.63925976  0.24903542 -0.34837281]
862.9853868484497,1004,False,3,4,[-5.14165386  2.3359203   3.99912918],cruising,[-0.62185191  0.08809385  0.93462812]
862.9853868484497,1005,False,1,3,[5.65644646 1.58548851 2.90471584],entering,[ 0.50568378 -0.03156594 -0.11489306]
863.0842185020447,1000,False,0,2,[ 3.62075306 -3.80130965  4.00000015],cruising,[-0.82138112 -0.19970136 -0.21083176]
863.0842185020447,1001,False,2,6,[7.11519242 6.24516089 4.        ],exiting,[-0.48080528  0.59740651 -0.20557775]
863.0842185020447,1002,False,5,0,[2.37409771 8.91901312 3.86400493],landing,[ 0.5677905  -0.59831228 -0.99408226]
863.0842185020447,1003,False,4,5,[-2.19778257 -3.69935263  3.99991073],cruising,[ 0.63925976  0.24903542 -0.34837281]
863.0842185020447,1004,False,3,4,[-5.25605983  2.49996685  3.9992598 ],cruising,[-0.62185191  0.08809385  0.93462812]
863.0842185020447,1005,False,1,3,[5.75461292 1.56650345 2.97971584],entering,[ 0.50568378 -0.03156594 -0.11489306]
863.1820571422577,1000,False,0,2,[ 3.43623877 -3.7241444   4.00000012],cruising,[-0.82138112 -0.19970136 -0.21083176]
863.1820571422577,1001,False,2,6,[7.15168461 6.3382647  4.        ],exiting,[-0.48080528  0.59740651 -0.20557775]
863.1820571422577,1002,False,5,0,[2.39530532 8.94188533 3.79714107],landing,[ 0.5677905  -0.59831228 -0.99408226]
863.1820571422577,1003,False,4,5,[-2.37540028 -3.65980228  3.99994295],cruising,[ 0.63925976  0.24903542 -0.34837281]
863.1820571422577,1004,False,3,4,[-5.36896669  2.66504878  3.99937083],cruising,[-0.62185191  0.08809385  0.93462812]
863.1820571422577,1005,False,1,3,[5.87215439 1.54255767 3.05471584],entering,[ 0.50568378 -0.03156594 -0.11489306]
863.2819972038269,1000,False,0,2,[ 3.25121354 -3.64821242  4.0000001 ],cruising,[-0.82138112 -0.19970136 -0.21083176]
863.2819972038269,1001,False,2,6,[7.18817681 6.43136851 4.        ],exiting,[-0.48080528  0.59740651 -0.20557775]
863.2819972038269,1002,False,5,0,[2.41570257 8.9492932  3.71762028],landing,[ 0.5677905  -0.59831228 -0.99408226]
863.2819972038269,1003,False,4,5,[-2.54277322 -3.60307506  3.99997271],cruising,[ 0.63925976  0.24903542 -0.34837281]
863.2819972038269,1004,False,3,4,[-5.48006408  2.83135383  3.99946521],cruising,[-0.62185191  0.08809385  0.93462812]
863.2819972038269,1005,False,1,3,[6.00888381 1.51297074 3.12971584],entering,[ 0.50568378 -0.03156594 -0.11489306]
863.3884673118591,1000,False,0,2,[ 3.06564427 -3.57361989  4.00000009],cruising,[-0.82138112 -0.19970136 -0.21083176]
863.3884673118591,1001,False,2,6,[7.224669   6.52447232 4.        ],exiting,[-0.48080528  0.59740651 -0.20557775]
863.3884673118591,1002,False,5,0,[2.4351871  8.94104812 3.6256837 ],landing,[ 0.5677905  -0.59831228 -0.99408226]
863.3884673118591,1003,False,4,5,[-2.69805784 -3.53041446  3.99999988],cruising,[ 0.63925976  0.24903542 -0.34837281]
863.3884673118591,1004,False,3,4,[-5.58900578  2.99907892  3.99954543],cruising,[-0.62185191  0.08809385  0.93462812]
863.3884673118591,1005,False,1,3,[6.16412197 1.47580577 3.20471584],entering,[ 0.50568378 -0.03156594 -0.11489306]
863.4916796684265,1000,False,0,2,[ 2.8795122  -3.50044305  4.00000008],cruising,[-0.82138112 -0.19970136 -0.21083176]
863.4916796684265,1001,False,2,6,[7.26116119 6.61757614 4.        ],exiting,[-0.48080528  0.59740651 -0.20557775]
863.4916796684265,1002,False,5,0,[2.45424526 8.92616609 3.52865117],landing,[ 0.5677905  -0.59831228 -0.99408226]
863.4916796684265,1003,False,4,5,[-2.83963537 -3.44318967  4.00002434],cruising,[ 0.63925976  0.24903542 -0.34837281]
863.4916796684265,1004,False,3,4,[-5.69539421  3.16843506  3.99961361],cruising,[-0.62185191  0.08809385  0.93462812]
863.4916796684265,1005,False,1,3,[6.3369423  1.42910837 3.27971584],entering,[ 0.50568378 -0.03156594 -0.11489306]
863.5844147205353,1000,False,0,2,[ 2.69271099 -3.4289916   4.00000006],cruising,[-0.82138112 -0.19970136 -0.21083176]
863.5844147205353,1001,False,2,6,[7.29765339 6.71067995 4.        ],exiting,[-0.48080528  0.59740651 -0.20557775]
863.5844147205353,1002,False,5,0,[2.47330341 8.91128406 3.43161864],landing,[ 0.5677905  -0.59831228 -0.99408226]
863.5844147205353,1003,False,4,5,[-2.9660494  -3.34292387  4.00004593],cruising,[ 0.63925976  0.24903542 -0.34837281]
863.5844147205353,1004,False,3,4,[-5.79876138  3.33965196  3.99967157],cruising,[-0.62185191  0.08809385  0.93462812]
863.5844147205353,1005,False,1,3,[6.52321946 1.36761524 3.35471584],entering,[ 0.50568378 -0.03156594 -0.11489306]
863.6931402683258,1000,False,0,2,[ 2.50540029 -3.35888666  4.00000005],cruising,[-0.82138112 -0.19970136 -0.21083176]
863.6931402683258,1001,False,2,6,[7.33414558 6.80378376 4.        ],exiting,[-0.48080528  0.59740651 -0.20557775]
863.6931402683258,1002,False,5,0,[2.49236156 8.89640203 3.33458611],landing,[ 0.5677905  -0.59831228 -0.99408226]
863.6931402683258,1003,False,4,5,[-3.07606739 -3.23120512  4.00006451],cruising,[ 0.63925976  0.24903542 -0.34837281]
863.6931402683258,1004,False,3,4,[-5.89854469  3.51298197  3.99972084],cruising,[-0.62185191  0.08809385  0.93462812]
863.6931402683258,1005,False,1,3,[6.70920063 1.29405571 3.42971584],entering,[ 0.50568378 -0.03156594 -0.11489306]
863.7905073165894,1000,False,0,2,[ 2.31721203 -3.29117272  4.00000005],cruising,[-0.82138112 -0.19970136 -0.21083176]
863.7905073165894,1001,False,2,6,[7.37063777 6.89688757 4.        ],exiting,[-0.48080528  0.59740651 -0.20557775]
863.7905073165894,1002,False,5,0,[2.51141972 8.88152    3.23755358],landing,[ 0.5677905  -0.59831228 -0.99408226]
863.7905073165894,1003,False,4,5,[-3.1686002  -3.10977717  4.00007986],cruising,[ 0.63925976  0.24903542 -0.34837281]
863.7905073165894,1004,False,3,4,[-5.99405527  3.68870257  3.99976271],cruising,[-0.62185191  0.08809385  0.93462812]
863.7905073165894,1005,False,1,3,[6.89205862 1.21304365 3.50471584],entering,[ 0.50568378 -0.03156594 -0.11489306]
863.8858301639557,1000,False,0,2,[ 2.1284459  -3.2250868   4.00000004],cruising,[-0.82138112 -0.19970136 -0.21083176]
863.8858301639557,1001,False,2,6,[7.40712997 6.98999138 4.        ],exiting,[-0.48080528  0.59740651 -0.20557775]
863.8858301639557,1002,False,5,0,[2.53047787 8.86663796 3.14052105],landing,[ 0.5677905  -0.59831228 -0.99408226]
863.8858301639557,1003,False,4,5,[-3.2431085  -2.97968221  4.00009188],cruising,[ 0.63925976  0.24903542 -0.34837281]
863.8858301639557,1004,False,3,4,[-6.08443617  3.86711583  3.9997983 ],cruising,[-0.62185191  0.08809385  0.93462812]
863.8858301639557,1005,False,1,3,[7.06989273 1.12152845 3.57900846],entering,[ 0.50568378 -0.03156594 -0.11489306]
863.9935965538025,1000,False,0,2,[ 1.93849507 -3.16248743  4.00000003],cruising,[-0.82138112 -0.19970136 -0.21083176]
863.9935965538025,1001,False,2,6,[7.44362216 7.0830952  4.        ],exiting,[-0.48080528  0.59740651 -0.20557775]
863.9935965538025,1002,False,5,0,[2.54953603 8.85175593 3.04348852],landing,[ 0.5677905  -0.59831228 -0.99408226]
863.9935965538025,1003,False,4,5,[-3.29933274 -2.84148212  4.00010042],cruising,[ 0.63925976  0.24903542 -0.34837281]
863.9935965538025,1004,False,3,4,[-6.16860626  4.04854184  3.99982856],cruising,[-0.62185191  0.08809385  0.93462812]
863.9935965538025,1005,False,1,3,[7.24146011 1.01874404 3.64215719],entering,[ 0.50568378 -0.03156594 -0.11489306]
864.0871994495392,1000,False,0,2,[ 1.74718138 -3.10418587  4.00000003],cruising,[-0.82138112 -0.19970136 -0.21083176]
864.0871994495392,1001,False,2,6,[7.48011435 7.17619901 4.        ],exiting,[-0.48080528  0.59740651 -0.20557775]
864.0871994495392,1002,False,5,0,[2.56859418 8.8368739  2.94645599],landing,[ 0.5677905  -0.59831228 -0.99408226]
864.0871994495392,1003,False,4,5,[-3.33710957 -2.69555591  4.00010538],cruising,[ 0.63925976  0.24903542 -0.34837281]
864.0871994495392,1004,False,3,4,[-6.24518524  4.23330022  3.99985427],cruising,[-0.62185191  0.08809385  0.93462812]
864.0871994495392,1005,False,1,3,[7.40525206 0.90397385 3.69583361],entering,[ 0.50568378 -0.03156594 -0.11489306]
864.1834526062012,1000,False,0,2,[ 1.55431329 -3.05125289  4.00000002],cruising,[-0.82138112 -0.19970136 -0.21083176]
864.1834526062012,1001,False,2,6,[7.51660655 7.26930282 4.        ],exiting,[-0.48080528  0.59740651 -0.20557775]
864.1834526062012,1002,False,5,0,[2.58765234 8.82199187 2.84942346],landing,[ 0.5677905  -0.59831228 -0.99408226]
864.1834526062012,1003,False,4,5,[-3.35631829 -2.54219831  4.00010668],cruising,[ 0.63925976  0.24903542 -0.34837281]
864.1834526062012,1004,False,3,4,[-6.31239444  4.42166934  3.99987613],cruising,[-0.62185191  0.08809385  0.93462812]
864.1834526062012,1005,False,1,3,[7.56086214 0.77833348 3.74145857],entering,[ 0.50568378 -0.03156594 -0.11489306]
864.2915210723877,1000,False,0,2,[ 1.35970222 -3.00513855  4.00000002],cruising,[-0.82138112 -0.19970136 -0.21083176]
864.2915210723877,1001,False,2,6,[7.55309874 7.36240663 4.        ],exiting,[-0.48080528  0.59740651 -0.20557775]
864.2915210723877,1002,False,5,0,[2.60671049 8.80710984 2.75239093],landing,[ 0.5677905  -0.59831228 -0.99408226]
864.2915210723877,1003,False,4,5,[-3.35706617 -2.38114676  4.00010423],cruising,[ 0.63925976  0.24903542 -0.34837281]
864.2915210723877,1004,False,3,4,[-6.36164326  4.61551091  3.99989471],cruising,[-0.62185191  0.08809385  0.93462812]
864.2915210723877,1005,False,1,3,[7.70497868 0.63965968 3.78023979],entering,[ 0.50568378 -0.03156594 -0.11489306]
864.3911321163177,1000,False,0,2,[ 1.16320884 -2.96785115  4.00000002],cruising,[-0.82138112 -0.19970136 -0.21083176]
864.3911321163177,1001,False,2,6,[7.58959093 7.45551045 4.        ],exiting,[-0.48080528  0.59740651 -0.20557775]
864.3911321163177,1002,False,5,0,[2.62576865 8.79222781 2.6553584 ],landing,[ 0.5677905  -0.59831228 -0.99408226]
864.3911321163177,1003,False,4,5,[-3.33975622 -2.21149782  4.00009793],cruising,[ 0.63925976  0.24903542 -0.34837281]
864.3911321163177,1004,False,3,4,[-6.39124992  4.81311885  3.99991094],cruising,[-0.62185191  0.08809385  0.93462812]
864.3911321163177,1005,False,1,3,[7.83561048 0.48821552 3.81320382],entering,[ 0.50568378 -0.03156594 -0.11489306]
864.4911997318268,1000,False,0,2,[ 0.96412382 -2.94874212  4.00000001],cruising,[-0.82138112 -0.19970136 -0.21083176]
864.4911997318268,1001,False,2,6,[7.62608313 7.54861426 4.        ],exiting,[-0.48080528  0.59740651 -0.20557775]
864.4911997318268,1002,False,5,0,[2.6448268  8.77734578 2.55832587],landing,[ 0.5677905  -0.59831228 -0.99408226]
864.4911997318268,1003,False,4,5,[-3.30566487 -2.03096841  4.00008769],cruising,[ 0.63925976  0.24903542 -0.34837281]
864.4911997318268,1004,False,3,4,[-6.4009472   5.0126285   3.99992482],cruising,[-0.62185191  0.08809385  0.93462812]
864.4911997318268,1005,False,1,3,[7.95104811 0.32489328 3.84122325],entering,[ 0.50568378 -0.03156594 -0.11489306]
864.584312915802,1000,False,0,2,[ 0.76422149 -2.94249222  4.00000001],cruising,[-0.82138112 -0.19970136 -0.21083176]
864.584312915802,1001,False,2,6,[7.66257532 7.64171807 4.        ],exiting,[-0.48080528  0.59740651 -0.20557775]
864.584312915802,1002,False,5,0,[2.66388496 8.76246374 2.46129334],landing,[ 0.5677905  -0.59831228 -0.99408226]
864.584312915802,1003,False,4,5,[-3.26534393 -1.83507501  4.00007454],cruising,[ 0.63925976  0.24903542 -0.34837281]
864.584312915802,1004,False,3,4,[-6.39071109  5.21050723  3.99993772],cruising,[-0.62185191  0.08809385  0.93462812]
864.584312915802,1005,False,1,3,[8.05018913 0.1511951  3.86503976],cruising,[ 0.50568378 -0.03156594 -0.11489306]
864.6885638237,1000,False,0,2,[ 0.56443179 -2.95166131  4.00000001],cruising,[-0.82138112 -0.19970136 -0.21083176]
864.6885638237,1001,False,2,6,[7.69906751 7.73482188 4.        ],exiting,[-0.48080528  0.59740651 -0.20557775]
864.6885638237,1002,False,5,0,[2.68294311 8.74758171 2.36426081],landing,[ 0.5677905  -0.59831228 -0.99408226]
864.6885638237,1003,False,4,5,[-3.24155395 -1.63649496  4.00006336],cruising,[ 0.63925976  0.24903542 -0.34837281]
864.6885638237,1004,False,3,4,[-6.3608756   5.40440297  3.99994968],cruising,[-0.62185191  0.08809385  0.93462812]
864.6885638237,1005,False,1,3,[ 8.1317336  -0.03137581  3.88544506],cruising,[ 0.50568378 -0.03156594 -0.11489306]
864.780730009079,1000,False,0,2,[ 0.36588246 -2.97570634  4.00000001],cruising,[-0.82138112 -0.19970136 -0.21083176]
864.780730009079,1001,False,2,6,[7.73555971 7.82792569 4.        ],exiting,[-0.48080528  0.59740651 -0.20557775]
864.780730009079,1002,False,5,0,[2.70200127 8.73269968 2.26722828],landing,[ 0.5677905  -0.59831228 -0.99408226]
864.780730009079,1003,False,4,5,[-3.23377059 -1.43664647  4.00005385],cruising,[ 0.63925976  0.24903542 -0.34837281]
864.780730009079,1004,False,3,4,[-6.3119553   5.59231789  3.9999606 ],cruising,[-0.62185191  0.08809385  0.93462812]
864.780730009079,1005,False,1,3,[ 8.19653436 -0.22058697  3.9026283 ],cruising,[ 0.50568378 -0.03156594 -0.11489306]
864.8867211341858,1000,False,0,2,[ 0.16955877 -3.01387713  4.00000001],cruising,[-0.82138112 -0.19970136 -0.21083176]
864.8867211341858,1001,False,2,6,[7.7720519  7.92102951 4.        ],exiting,[-0.48080528  0.59740651 -0.20557775]
864.8867211341858,1002,False,5,0,[2.72105942 8.71781765 2.17019575],landing,[ 0.5677905  -0.59831228 -0.99408226]
864.8867211341858,1003,False,4,5,[-3.24156773 -1.23679852  4.00004577],cruising,[ 0.63925976  0.24903542 -0.34837281]
864.8867211341858,1004,False,3,4,[-6.24480276  5.7720118   3.99997051],cruising,[-0.62185191  0.08809385  0.93462812]
864.8867211341858,1005,False,1,3,[ 8.24682045 -0.41416204  3.91723405],cruising,[ 0.50568378 -0.03156594 -0.11489306]
864.9928374290466,1000,False,0,2,[-0.02375562 -3.06515625  4.00000001],cruising,[-0.82138112 -0.19970136 -0.21083176]
864.9928374290466,1001,False,2,6,[7.80854409 8.01413332 4.        ],exiting,[-0.48080528  0.59740651 -0.20557775]
864.9928374290466,1002,False,5,0,[2.74011757 8.70293562 2.07316322],landing,[ 0.5677905  -0.59831228 -0.99408226]
864.9928374290466,1003,False,4,5,[-3.26390318 -1.03804961  4.00003891],cruising,[ 0.63925976  0.24903542 -0.34837281]
864.9928374290466,1004,False,3,4,[-6.16051928  5.9413843   3.9999794 ],cruising,[-0.62185191  0.08809385  0.93462812]
864.9928374290466,1005,False,1,3,[ 8.28416235 -0.61064508  3.92964895],cruising,[ 0.50568378 -0.03156594 -0.11489306]
865.0795559883118,1000,False,0,2,[-0.2123494  -3.13173243  4.00000001],cruising,[-0.82138112 -0.19970136 -0.21083176]
865.0795559883118,1001,False,2,6,[7.84503628 8.10723713 4.        ],exiting,[-0.48080528  0.59740651 -0.20557775]
865.0795559883118,1002,False,5,0,[2.75917573 8.68805359 1.97613069],landing,[ 0.5677905  -0.59831228 -0.99408226]
865.0795559883118,1003,False,4,5,[-3.29960505 -0.84126197  4.00003307],cruising,[ 0.63925976  0.24903542 -0.34837281]
865.0795559883118,1004,False,3,4,[-6.06031227  6.09865553  3.99998724],cruising,[-0.62185191  0.08809385  0.93462812]
865.0795559883118,1005,False,1,3,[ 8.30817632 -0.80919817  3.9402016 ],cruising,[ 0.50568378 -0.03156594 -0.11489306]
865.1804187297821,1000,False,0,2,[-0.39752155 -3.20730539  4.        ],cruising,[-0.82138112 -0.19970136 -0.21083176]
865.1804187297821,1001,False,2,6,[7.88152848 8.20034094 4.        ],exiting,[-0.48080528  0.59740651 -0.20557775]
865.1804187297821,1002,False,5,0,[2.77823388 8.67317156 1.87909816],landing,[ 0.5677905  -0.59831228 -0.99408226]
865.1804187297821,1003,False,4,5,[-3.34606603 -0.64673336  4.00002811],cruising,[ 0.63925976  0.24903542 -0.34837281]
865.1804187297821,1004,False,3,4,[-5.9450995   6.24270453  3.99999396],cruising,[-0.62185191  0.08809385  0.93462812]
865.1804187297821,1005,False,1,3,[ 8.32271014 -1.00866939  3.94917136],cruising,[ 0.50568378 -0.03156594 -0.11489306]
865.2834851741791,1000,False,0,2,[-0.57857478 -3.29227437  4.        ],cruising,[-0.82138112 -0.19970136 -0.21083176]
865.2834851741791,1001,False,2,6,[7.91802067 8.29344475 4.        ],exiting,[-0.48080528  0.59740651 -0.20557775]
865.2834851741791,1002,False,5,0,[2.79729204 8.65828952 1.78206563],landing,[ 0.5677905  -0.59831228 -0.99408226]
865.2834851741791,1003,False,4,5,[-3.40393266 -0.45528767  4.00002389],cruising,[ 0.63925976  0.24903542 -0.34837281]
865.2834851741791,1004,False,3,4,[-5.81578807  6.37256805  3.99999953],cruising,[-0.62185191  0.08809385  0.93462812]
865.2834851741791,1005,False,1,3,[ 8.32904555 -1.20856902  3.95679566],cruising,[ 0.50568378 -0.03156594 -0.11489306]
865.3822114467621,1000,False,0,2,[-0.75703632 -3.38255991  4.        ],cruising,[-0.82138112 -0.19970136 -0.21083176]
865.3822114467621,1001,False,2,6,[7.95451286 8.38654857 4.        ],exiting,[-0.48080528  0.59740651 -0.20557775]
865.3822114467621,1002,False,5,0,[2.81635019 8.64340749 1.6850331 ],landing,[ 0.5677905  -0.59831228 -0.99408226]
865.3822114467621,1003,False,4,5,[-3.47243324 -0.26738432  4.00002031],cruising,[ 0.63925976  0.24903542 -0.34837281]
865.3822114467621,1004,False,3,4,[-5.67352236  6.4871939   4.00000396],cruising,[-0.62185191  0.08809385  0.93462812]
865.3822114467621,1005,False,1,3,[ 8.32824609 -1.40856742  3.96327631],cruising,[ 0.50568378 -0.03156594 -0.11489306]
865.4870870113373,1000,False,0,2,[-0.93503678 -3.47375112  4.        ],cruising,[-0.82138112 -0.19970136 -0.21083176]
865.4870870113373,1001,False,2,6,[7.99100506 8.47965238 4.        ],exiting,[-0.48080528  0.59740651 -0.20557775]
865.4870870113373,1002,False,5,0,[2.83540835 8.62852546 1.58800057],landing,[ 0.5677905  -0.59831228 -0.99408226]
865.4870870113373,1003,False,4,5,[-3.54889824 -0.08257873  4.00001726],cruising,[ 0.63925976  0.24903542 -0.34837281]
865.4870870113373,1004,False,3,4,[-5.51903858  6.58598565  4.00000722],cruising,[-0.62185191  0.08809385  0.93462812]
865.4870870113373,1005,False,1,3,[ 8.31885672 -1.6083469   3.96878486],cruising,[ 0.50568378 -0.03156594 -0.11489306]
865.5924265384674,1000,False,0,2,[-1.11598364 -3.5589464   4.        ],cruising,[-0.82138112 -0.19970136 -0.21083176]
865.5924265384674,1001,False,2,6,[8.02749725 8.57275619 4.        ],exiting,[-0.48080528  0.59740651 -0.20557775]
865.5924265384674,1002,False,5,0,[2.8544665  8.61364343 1.49096804],fake_landed,[ 0.5677905  -0.59831228 -0.99408226]
865.5924265384674,1003,False,4,5,[-3.63609483  0.09741225  4.00001467],cruising,[ 0.63925976  0.24903542 -0.34837281]
865.5924265384674,1004,False,3,4,[-5.35295405  6.6684856   4.00000925],cruising,[-0.62185191  0.08809385  0.93462812]
865.5924265384674,1005,False,1,3,[ 8.30414748 -1.80780526  3.97346713],cruising,[ 0.50568378 -0.03156594 -0.11489306]
865.6835811138153,1000,False,0,2,[-1.30383041 -3.62760198  4.        ],cruising,[-0.82138112 -0.19970136 -0.21083176]
865.6835811138153,1001,False,2,6,[8.06398944 8.66586    4.        ],exiting,[-0.48080528  0.59740651 -0.20557775]
865.6835811138153,1002,False,5,0,[2.86971303 8.60173781 1.41334202],fake_landed,[ 0.5677905  -0.59831228 -0.99408226]
865.6835811138153,1003,False,4,5,[-3.73093799  0.27349398  4.00001247],cruising,[ 0.63925976  0.24903542 -0.34837281]
865.6835811138153,1004,False,3,4,[-5.17570322  6.73439297  4.00001003],cruising,[-0.62185191  0.08809385  0.93462812]
865.6835811138153,1005,False,1,3,[ 8.2845387  -2.00684168  3.97744706],cruising,[ 0.50568378 -0.03156594 -0.11489306]
865.7804701328278,1000,False,0,2,[-1.49701351 -3.67698261  4.        ],cruising,[-0.82138112 -0.19970136 -0.21083176]
865.7804701328278,1001,False,2,6,[8.10048164 8.75896382 4.        ],exiting,[-0.48080528  0.59740651 -0.20557775]
865.7804701328278,1002,False,5,0,[2.88114792 8.59280859 1.3551225 ],fake_landed,[ 0.5677905  -0.59831228 -0.99408226]
865.7804701328278,1003,False,4,5,[-3.83350144  0.44519354  4.0000106 ],cruising,[ 0.63925976  0.24903542 -0.34837281]
865.7804701328278,1004,False,3,4,[-4.98737034  6.78365138  4.0000095 ],cruising,[-0.62185191  0.08809385  0.93462812]
865.7804701328278,1005,False,1,3,[ 8.25767175 -2.20502888  3.98083   ],cruising,[ 0.50568378 -0.03156594 -0.11489306]
865.8824844360352,1000,False,0,2,[-1.69252547 -3.70649929  4.        ],cruising,[-0.82138112 -0.19970136 -0.21083176]
865.8824844360352,1001,False,2,6,[8.13697383 8.85206763 4.        ],exiting,[-0.48080528  0.59740651 -0.20557775]
865.8824844360352,1002,False,5,0,[2.88877118 8.58685577 1.31630949],fake_landed,[ 0.5677905  -0.59831228 -0.99408226]
865.8824844360352,1003,False,4,5,[-3.94005102  0.61444834  4.00000901],cruising,[ 0.63925976  0.24903542 -0.34837281]
865.8824844360352,1004,False,3,4,[-4.79132504  6.82322709  4.00000808],cruising,[-0.62185191  0.08809385  0.93462812]
865.8824844360352,1005,False,1,3,[ 8.22667534 -2.40261234  3.9837055 ],cruising,[ 0.50568378 -0.03156594 -0.11489306]
865.9875724315643,1000,False,0,2,[-1.88710225 -3.71603785  4.        ],cruising,[-0.82138112 -0.19970136 -0.21083176]
865.9875724315643,1001,False,2,6,[8.17346602 8.94517144 4.        ],exiting,[-0.48080528  0.59740651 -0.20557775]
865.9875724315643,1002,False,5,0,[2.89258281 8.58387937 1.29690298],fake_landed,[ 0.5677905  -0.59831228 -0.99408226]
865.9875724315643,1003,False,4,5,[-4.0497008   0.78171138  4.00000766],cruising,[ 0.63925976  0.24903542 -0.34837281]
865.9875724315643,1004,False,3,4,[-4.59622655  6.86723369  4.00000687],cruising,[-0.62185191  0.08809385  0.93462812]
865.9875724315643,1005,False,1,3,[ 8.18859421 -2.59895344  3.98614968],cruising,[ 0.50568378 -0.03156594 -0.11489306]
866.086909532547,1000,False,0,2,[-2.07771942 -3.70597228  4.        ],cruising,[-0.82138112 -0.19970136 -0.21083176]
866.086909532547,1001,False,2,6,[8.20995822 9.03827525 4.        ],exiting,[-0.48080528  0.59740651 -0.20557775]
866.086909532547,1002,False,5,0,[2.89258281 8.58387937 1.29690298],fake_landed,[ 0.5677905  -0.59831228 -0.99408226]
866.086909532547,1003,False,4,5,[-4.1617156   0.9473999   4.00000651],cruising,[ 0.63925976  0.24903542 -0.34837281]
866.086909532547,1004,False,3,4,[-4.40180338  6.91413393  4.00000584],cruising,[-0.62185191  0.08809385  0.93462812]
866.086909532547,1005,False,1,3,[ 8.14657784 -2.7944902   3.98822723],cruising,[ 0.50568378 -0.03156594 -0.11489306]
866.1932468414307,1000,False,0,2,[-2.26177299 -3.67701442  4.        ],cruising,[-0.82138112 -0.19970136 -0.21083176]
866.1932468414307,1001,False,2,6,[8.24645041 9.13137906 4.        ],landing,[-0.48080528  0.59740651 -0.20557775]
866.1932468414307,1002,False,0,1,[2.89258281 8.58387937 1.29690298],waiting,[ 0.5677905  -0.59831228 -0.99408226]
866.1932468414307,1003,False,4,5,[-4.27548268  1.11189018  4.00000553],cruising,[ 0.63925976  0.24903542 -0.34837281]
866.1932468414307,1004,False,3,4,[-4.20714696  6.96005645  4.00000496],cruising,[-0.62185191  0.08809385  0.93462812]
866.1932468414307,1005,False,1,3,[ 8.10039173 -2.98908425  3.98999314],cruising,[ 0.50568378 -0.03156594 -0.11489306]
866.2840332984924,1000,False,0,2,[-2.43691715 -3.63015062  4.        ],cruising,[-0.82138112 -0.19970136 -0.21083176]
866.2840332984924,1001,False,2,6,[8.28092701 9.21043459 3.98590805],landing,[-0.48080528  0.59740651 -0.20557775]
866.2840332984924,1002,False,0,1,[2.89258281 8.58387937 1.29690298],waiting,[ 0.5677905  -0.59831228 -0.99408226]
866.2840332984924,1003,False,4,5,[-4.39048706  1.27551778  4.0000047 ],cruising,[ 0.63925976  0.24903542 -0.34837281]
866.2840332984924,1004,False,3,4,[-4.01268922  7.00681314  4.00000422],cruising,[-0.62185191  0.08809385  0.93462812]
866.2840332984924,1005,False,1,3,[ 8.0457957  -3.18148818  3.99149417],cruising,[ 0.50568378 -0.03156594 -0.11489306]
866.3811480998993,1000,False,0,2,[-2.60104337 -3.56659536  4.        ],cruising,[-0.82138112 -0.19970136 -0.21083176]
866.3811480998993,1001,False,2,6,[8.31329011 9.27529481 3.95788677],landing,[-0.48080528  0.59740651 -0.20557775]
866.3811480998993,1002,False,0,1,[2.89258281 8.58387937 1.29690298],waiting,[ 0.5677905  -0.59831228 -0.99408226]
866.3811480998993,1003,False,4,5,[-4.50629053  1.43858082  4.000004  ],cruising,[ 0.63925976  0.24903542 -0.34837281]
866.3811480998993,1004,False,3,4,[-3.81815564  7.05325325  4.00000358],cruising,[-0.62185191  0.08809385  0.93462812]
866.3811480998993,1005,False,1,3,[ 7.98237839 -3.3711675   3.99277005],cruising,[ 0.50568378 -0.03156594 -0.11489306]
866.480904340744,1000,False,0,2,[-2.75238301 -3.48766143  4.        ],cruising,[-0.82138112 -0.19970136 -0.21083176]
866.480904340744,1001,False,2,6,[8.34342345 9.32578719 3.91613255],landing,[-0.48080528  0.59740651 -0.20557775]
866.480904340744,1002,False,0,1,[2.89258281 8.58387937 1.29690298],waiting,[ 0.5677905  -0.59831228 -0.99408226]
866.480904340744,1003,False,4,5,[-4.62241291  1.60141691  4.0000034 ],cruising,[ 0.63925976  0.24903542 -0.34837281]
866.480904340744,1004,False,3,4,[-3.62331671  7.09839516  4.00000305],cruising,[-0.62185191  0.08809385  0.93462812]
866.480904340744,1005,False,1,3,[ 7.91411183 -3.559156    3.99385454],cruising,[ 0.50568378 -0.03156594 -0.11489306]
866.5808200836182,1000,False,0,2,[-2.88939168 -3.39477675  4.        ],cruising,[-0.82138112 -0.19970136 -0.21083176]
866.5808200836182,1001,False,2,6,[8.37116603 9.36167664 3.86092328],landing,[-0.48080528  0.59740651 -0.20557775]
866.5808200836182,1002,False,0,1,[2.89258281 8.58387937 1.29690298],waiting,[ 0.5677905  -0.59831228 -0.99408226]
866.5808200836182,1003,False,4,5,[-4.73878294  1.76407612  4.00000289],cruising,[ 0.63925976  0.24903542 -0.34837281]
866.5808200836182,1004,False,3,4,[-3.42747302  7.13895685  4.00000259],cruising,[-0.62185191  0.08809385  0.93462812]
866.5808200836182,1005,False,1,3,[ 7.8346243  -3.74268184  3.99477636],cruising,[ 0.50568378 -0.03156594 -0.11489306]
866.6942896842957,1000,False,0,2,[-3.01069869 -3.28950426  4.        ],cruising,[-0.82138112 -0.19970136 -0.21083176]
866.6942896842957,1001,False,2,6,[8.39638367 9.38277054 3.79249596],landing,[-0.48080528  0.59740651 -0.20557775]
866.6942896842957,1002,False,0,1,[2.89258281 8.58387937 1.29690298],waiting,[ 0.5677905  -0.59831228 -0.99408226]
866.6942896842957,1003,False,4,5,[-4.85505253  1.92680713  4.00000246],cruising,[ 0.63925976  0.24903542 -0.34837281]
866.6942896842957,1004,False,3,4,[-3.23112241  7.17698891  4.0000022 ],cruising,[-0.62185191  0.08809385  0.93462812]
866.6942896842957,1005,False,1,3,[ 7.74245765 -3.92017919  3.9955599 ],cruising,[ 0.50568378 -0.03156594 -0.11489306]
866.7867679595947,1000,False,0,2,[-3.11514675 -3.17347187  4.        ],cruising,[-0.82138112 -0.19970136 -0.21083176]
866.7867679595947,1001,False,2,6,[8.4189497  9.38889002 3.71107882],landing,[-0.48080528  0.59740651 -0.20557775]
866.7867679595947,1002,False,0,1,[2.89258281 8.58387937 1.29690298],waiting,[ 0.5677905  -0.59831228 -0.99408226]
866.7867679595947,1003,False,4,5,[-4.97090524  2.08983519  4.00000209],cruising,[ 0.63925976  0.24903542 -0.34837281]
866.7867679595947,1004,False,3,4,[-3.03415161  7.21166605  4.00000187],cruising,[-0.62185191  0.08809385  0.93462812]
866.7867679595947,1005,False,1,3,[ 7.63557257 -4.08922232  3.99622592],cruising,[ 0.50568378 -0.03156594 -0.11489306]
866.8829457759857,1000,False,0,2,[-3.20173584 -3.04843629  4.        ],cruising,[-0.82138112 -0.19970136 -0.21083176]
866.8829457759857,1001,False,2,6,[8.43873512 9.37985574 3.61690897],landing,[-0.48080528  0.59740651 -0.20557775]
866.8829457759857,1002,False,0,1,[2.89258281 8.58387937 1.29690298],waiting,[ 0.5677905  -0.59831228 -0.99408226]
866.8829457759857,1003,False,4,5,[-5.08604301  2.25336897  4.00000177],cruising,[ 0.63925976  0.24903542 -0.34837281]
866.8829457759857,1004,False,3,4,[-2.83608032  7.23937458  4.00000159],cruising,[-0.62185191  0.08809385  0.93462812]
866.8829457759857,1005,False,1,3,[ 7.51237362 -4.24669615  3.99679769],cruising,[ 0.50568378 -0.03156594 -0.11489306]
866.9803276062012,1000,False,0,2,[-3.27015048 -2.91505269  4.        ],cruising,[-0.82138112 -0.19970136 -0.21083176]
866.9803276062012,1001,False,2,6,[8.45778737 9.36696146 3.51959119],landing,[-0.48080528  0.59740651 -0.20557775]
866.9803276062012,1002,False,0,1,[2.89258281 8.58387937 1.29690298],waiting,[ 0.5677905  -0.59831228 -0.99408226]
866.9803276062012,1003,False,4,5,[-5.2007145   2.41723003  4.00000151],cruising,[ 0.63925976  0.24903542 -0.34837281]
866.9803276062012,1004,False,3,4,[-2.63741127  7.26240953  4.00000135],cruising,[-0.62185191  0.08809385  0.93462812]
866.9803276062012,1005,False,1,3,[ 7.37485272 -4.39021005  3.99732786],cruising,[ 0.50568378 -0.03156594 -0.11489306]
867.0858075618744,1000,False,0,2,[-3.32017096 -2.77381703  4.        ],cruising,[-0.82138112 -0.19970136 -0.21083176]
867.0858075618744,1001,False,2,6,[8.47683961 9.35406719 3.42227342],landing,[-0.48080528  0.59740651 -0.20557775]
867.0858075618744,1002,False,0,1,[2.89258281 8.58387937 1.29690298],waiting,[ 0.5677905  -0.59831228 -0.99408226]
867.0858075618744,1003,False,4,5,[-5.31410933  2.58197714  4.00000128],cruising,[ 0.63925976  0.24903542 -0.34837281]
867.0858075618744,1004,False,3,4,[-2.43789708  7.276341    4.00000115],cruising,[-0.62185191  0.08809385  0.93462812]
867.0858075618744,1005,False,1,3,[ 7.22479762 -4.51813894  3.99781711],cruising,[ 0.50568378 -0.03156594 -0.11489306]
867.1884770393372,1000,False,0,2,[-3.35165496 -2.62507146  4.        ],cruising,[-0.82138112 -0.19970136 -0.21083176]
867.1884770393372,1001,False,2,6,[8.49589185 9.34117291 3.32495564],landing,[-0.48080528  0.59740651 -0.20557775]
867.1884770393372,1002,False,0,1,[2.89258281 8.58387937 1.29690298],waiting,[ 0.5677905  -0.59831228 -0.99408226]
867.1884770393372,1003,False,4,5,[-5.4259139   2.7478076   4.00000109],cruising,[ 0.63925976  0.24903542 -0.34837281]
867.1884770393372,1004,False,3,4,[-2.23792656  7.27977494  4.00000098],cruising,[-0.62185191  0.08809385  0.93462812]
867.1884770393372,1005,False,1,3,[ 7.06423627 -4.62904969  3.99826676],cruising,[ 0.50568378 -0.03156594 -0.11489306]
867.286717414856,1000,False,0,2,[-3.36455546 -2.46893306  4.        ],cruising,[-0.82138112 -0.19970136 -0.21083176]
867.286717414856,1001,False,2,6,[8.5149441  9.32827863 3.22763786],landing,[-0.48080528  0.59740651 -0.20557775]
867.286717414856,1002,False,0,1,[2.89258281 8.58387937 1.29690298],waiting,[ 0.5677905  -0.59831228 -0.99408226]
867.286717414856,1003,False,4,5,[-5.53578895  2.91492274  4.00000093],cruising,[ 0.63925976  0.24903542 -0.34837281]
867.286717414856,1004,False,3,4,[-2.03841082  7.26586562  4.00000083],cruising,[-0.62185191  0.08809385  0.93462812]
867.286717414856,1005,False,1,3,[ 6.89561007 -4.72165862  3.99868047],cruising,[ 0.50568378 -0.03156594 -0.11489306]
867.3794271945953,1000,False,0,2,[-3.35905607 -2.30495605  4.        ],cruising,[-0.82138112 -0.19970136 -0.21083176]
867.3794271945953,1001,False,2,6,[8.53399634 9.31538436 3.13032009],landing,[-0.48080528  0.59740651 -0.20557775]
867.3794271945953,1002,False,0,1,[2.89258281 8.58387937 1.29690298],waiting,[ 0.5677905  -0.59831228 -0.99408226]
867.3794271945953,1003,False,4,5,[-5.64335466  3.0835336   4.00000079],cruising,[ 0.63925976  0.24903542 -0.34837281]
867.3794271945953,1004,False,3,4,[-1.84110677  7.23313778  4.00000071],cruising,[-0.62185191  0.08809385  0.93462812]
867.3794271945953,1005,False,1,3,[ 6.7208931  -4.79521758  3.99905599],cruising,[ 0.50568378 -0.03156594 -0.11489306]
867.4835212230682,1000,False,0,2,[-3.33575311 -2.13186681  4.        ],cruising,[-0.82138112 -0.19970136 -0.21083176]
867.4835212230682,1001,False,2,6,[8.55304859 9.30249008 3.03300231],landing,[-0.48080528  0.59740651 -0.20557775]
867.4835212230682,1002,False,0,1,[2.89258281 8.58387937 1.29690298],queued,[ 0.5677905  -0.59831228 -0.99408226]
867.4835212230682,1003,False,4,5,[-5.74817294  3.253866    4.00000067],cruising,[ 0.63925976  0.24903542 -0.34837281]
867.4835212230682,1004,False,3,4,[-1.64725668  7.18392251  4.0000006 ],cruising,[-0.62185191  0.08809385  0.93462812]
867.4835212230682,1005,False,1,3,[ 6.54226688 -4.84916236  3.99939237],cruising,[ 0.50568378 -0.03156594 -0.11489306]
867.5793597698212,1000,False,0,2,[-3.2968514  -1.94626041  4.        ],cruising,[-0.82138112 -0.19970136 -0.21083176]
867.5793597698212,1001,False,2,6,[8.57210083 9.28959581 2.93568453],landing,[-0.48080528  0.59740651 -0.20557775]
867.5793597698212,1002,False,0,1,[2.89258281 8.58387937 1.31690298],queued,[ 0.5677905  -0.59831228 -0.99408226]
867.5793597698212,1003,False,4,5,[-5.8497256   3.42616532  4.00000057],cruising,[ 0.63925976  0.24903542 -0.34837281]
867.5793597698212,1004,False,3,4,[-1.45607196  7.12519941  4.00000051],cruising,[-0.62185191  0.08809385  0.93462812]
867.5793597698212,1005,False,1,3,[ 6.36198658 -4.88317569  3.99968861],cruising,[ 0.50568378 -0.03156594 -0.11489306]
867.6794884204865,1000,False,0,2,[-3.2620401  -1.74931327  4.        ],cruising,[-0.82138112 -0.19970136 -0.21083176]
867.6794884204865,1001,False,2,6,[8.59115308 9.27670153 2.83836676],landing,[-0.48080528  0.59740651 -0.20557775]
867.6794884204865,1002,False,0,1,[2.89258281 8.58387937 1.35690298],queued,[ 0.5677905  -0.59831228 -0.99408226]
867.6794884204865,1003,False,4,5,[-5.9473864   3.60070004  4.00000048],cruising,[ 0.63925976  0.24903542 -0.34837281]
867.6794884204865,1004,False,3,4,[-1.26946637  7.05323861  4.00000043],cruising,[-0.62185191  0.08809385  0.93462812]
867.6794884204865,1005,False,1,3,[ 6.181702   -4.89718907  3.99994345],cruising,[ 0.50568378 -0.03156594 -0.11489306]
867.7801954746246,1000,False,0,2,[-3.24385064 -1.55014213  4.        ],cruising,[-0.82138112 -0.19970136 -0.21083176]
867.7801954746246,1001,False,2,6,[8.61020532 9.26380725 2.74104898],landing,[-0.48080528  0.59740651 -0.20557775]
867.7801954746246,1002,False,0,1,[2.89258281 8.58387937 1.41690298],queued,[ 0.5677905  -0.59831228 -0.99408226]
867.7801954746246,1003,False,4,5,[-6.04038442  3.77776322  4.00000041],cruising,[ 0.63925976  0.24903542 -0.34837281]
867.7801954746246,1004,False,3,4,[-1.08727499  6.97073831  4.00000037],cruising,[-0.62185191  0.08809385  0.93462812]
867.7801954746246,1005,False,1,3,[ 6.00231391 -4.8912226   4.00015363],cruising,[ 0.50568378 -0.03156594 -0.11489306]
867.8795199394226,1000,False,0,2,[-3.24200966 -1.35015061  4.        ],cruising,[-0.82138112 -0.19970136 -0.21083176]
867.8795199394226,1001,False,2,6,[8.62925756 9.25091298 2.6437312 ],landing,[-0.48080528  0.59740651 -0.20557775]
867.8795199394226,1002,False,0,1,[2.89258281 8.58387937 1.49190298],queued,[ 0.5677905  -0.59831228 -0.99408226]
867.8795199394226,1003,False,4,5,[-6.12775544  3.9576696   4.00000035],cruising,[ 0.63925976  0.24903542 -0.34837281]
867.8795199394226,1004,False,3,4,[-0.90901272  6.88005996  4.00000031],cruising,[-0.62185191  0.08809385  0.93462812]
867.8795199394226,1005,False,1,3,[ 5.82500259 -4.8653643   4.000318  ],cruising,[ 0.50568378 -0.03156594 -0.11489306]
867.986172914505,1000,False,0,2,[-3.25475066 -1.15055685  4.        ],cruising,[-0.82138112 -0.19970136 -0.21083176]
867.986172914505,1001,False,2,6,[8.64830981 9.2380187  2.54641343],landing,[-0.48080528  0.59740651 -0.20557775]
867.986172914505,1002,False,0,1,[2.89258281 8.58387937 1.56690298],queued,[ 0.5677905  -0.59831228 -0.99408226]
867.986172914505,1003,False,4,5,[-6.20827691  4.14074415  4.0000003 ],cruising,[ 0.63925976  0.24903542 -0.34837281]
867.986172914505,1004,False,3,4,[-0.73289401  6.7852855   4.00000027],cruising,[-0.62185191  0.08809385  0.93462812]
867.986172914505,1005,False,1,3,[ 5.65027294 -4.81967339  4.00043313],cruising,[ 0.50568378 -0.03156594 -0.11489306]
868.0916006565094,1000,False,0,2,[-3.28170975 -0.95238216  4.        ],cruising,[-0.82138112 -0.19970136 -0.21083176]
868.0916006565094,1001,False,2,6,[8.66736205 9.22512442 2.44909565],landing,[-0.48080528  0.59740651 -0.20557775]
868.0916006565094,1002,False,0,1,[2.89258281 8.58387937 1.64190298],queued,[ 0.5677905  -0.59831228 -0.99408226]
868.0916006565094,1003,False,4,5,[-6.28038125  4.32729432  4.00000025],cruising,[ 0.63925976  0.24903542 -0.34837281]
868.0916006565094,1004,False,3,4,[-0.55981303  6.68507084  4.00000023],cruising,[-0.62185191  0.08809385  0.93462812]
868.0916006565094,1005,False,1,3,[ 5.47882821 -4.75425415  4.0004976 ],cruising,[ 0.50568378 -0.03156594 -0.11489306]
868.189553976059,1000,False,0,2,[-3.32172513 -0.75642612  4.        ],cruising,[-0.82138112 -0.19970136 -0.21083176]
868.189553976059,1001,False,2,6,[8.6864143  9.21223015 2.35177787],landing,[-0.48080528  0.59740651 -0.20557775]
868.189553976059,1002,False,0,1,[2.89258281 8.58387937 1.71690298],queued,[ 0.5677905  -0.59831228 -0.99408226]
868.189553976059,1003,False,4,5,[-6.33646909  4.51926868  4.00000021],exiting,[ 0.63925976  0.24903542 -0.34837281]
868.189553976059,1004,False,3,4,[-0.38894535  6.58112743  4.00000019],cruising,[-0.62185191  0.08809385  0.93462812]
868.189553976059,1005,False,1,3,[ 5.31040896 -4.66906516  4.00050613],cruising,[ 0.50568378 -0.03156594 -0.11489306]
868.2820408344269,1000,False,0,2,[-3.37373077 -0.56330592  4.        ],cruising,[-0.82138112 -0.19970136 -0.21083176]
868.2820408344269,1001,False,2,6,[8.70546654 9.19933587 2.2544601 ],landing,[-0.48080528  0.59740651 -0.20557775]
868.2820408344269,1002,False,0,1,[2.89258281 8.58387937 1.79190298],queued,[ 0.5677905  -0.59831228 -0.99408226]
868.2820408344269,1003,False,4,5,[-6.39319123  4.6912531   4.00000018],exiting,[ 0.63925976  0.24903542 -0.34837281]
868.2820408344269,1004,False,3,4,[-0.21899133  6.47569672  4.00000016],cruising,[-0.62185191  0.08809385  0.93462812]
868.2820408344269,1005,False,1,3,[ 5.14439344 -4.56402123  4.00045423],cruising,[ 0.50568378 -0.03156594 -0.11489306]
868.3816411495209,1000,False,0,2,[-3.43504694 -0.372937    4.        ],cruising,[-0.82138112 -0.19970136 -0.21083176]
868.3816411495209,1001,False,2,6,[8.72451879 9.1864416  2.15714232],landing,[-0.48080528  0.59740651 -0.20557775]
868.3816411495209,1002,False,0,1,[2.89258281 8.58387937 1.86690298],queued,[ 0.5677905  -0.59831228 -0.99408226]
868.3816411495209,1003,False,4,5,[-6.45077613  4.84325614  4.00000014],exiting,[ 0.63925976  0.24903542 -0.34837281]
868.3816411495209,1004,False,3,4,[-0.05009679  6.368577    4.00000014],cruising,[-0.62185191  0.08809385  0.93462812]
868.3816411495209,1005,False,1,3,[ 4.9746345  -4.45827671  4.0003861 ],cruising,[ 0.50568378 -0.03156594 -0.11489306]
868.4858634471893,1000,False,0,2,[-3.5069393  -0.18630504  4.        ],cruising,[-0.82138112 -0.19970136 -0.21083176]
868.4858634471893,1001,False,2,6,[8.74357103 9.17354732 2.05982454],landing,[-0.48080528  0.59740651 -0.20557775]
868.4858634471893,1002,False,0,1,[2.89258281 8.58387937 1.94190298],queued,[ 0.5677905  -0.59831228 -0.99408226]
868.4858634471893,1003,False,4,5,[-6.50953885  4.97529389  4.00000011],exiting,[ 0.63925976  0.24903542 -0.34837281]
868.4858634471893,1004,False,3,4,[0.1186134  6.26116717 4.00000012],cruising,[-0.62185191  0.08809385  0.93462812]
868.4858634471893,1005,False,1,3,[ 4.80160579 -4.35797185  4.00032818],cruising,[ 0.50568378 -0.03156594 -0.11489306]
868.5804619789124,1000,False,0,2,[-3.58894818e+00 -3.89191907e-03  4.00000000e+00],exiting,[-0.82138112 -0.19970136 -0.21083176]
868.5804619789124,1001,False,2,6,[8.76262327 9.16065304 1.96250677],landing,[-0.48080528  0.59740651 -0.20557775]
868.5804619789124,1002,False,0,1,[2.89258281 8.58387937 2.01690298],queued,[ 0.5677905  -0.59831228 -0.99408226]
868.5804619789124,1003,False,4,5,[-6.56982734  5.08738992  4.00000008],exiting,[ 0.63925976  0.24903542 -0.34837281]
868.5804619789124,1004,False,3,4,[0.28740451 6.15388455 4.0000001 ],cruising,[-0.62185191  0.08809385  0.93462812]
868.5804619789124,1005,False,1,3,[ 4.62503887 -4.26403504  4.00027896],cruising,[ 0.50568378 -0.03156594 -0.11489306]
868.6790683269501,1000,False,0,2,[-3.67173739  0.15853643  4.        ],exiting,[-0.82138112 -0.19970136 -0.21083176]
868.6790683269501,1001,False,2,6,[8.78167552 9.14775877 1.86518899],landing,[-0.48080528  0.59740651 -0.20557775]
868.6790683269501,1002,False,0,1,[2.89258281 8.58387937 2.09190298],queued,[ 0.5677905  -0.59831228 -0.99408226]
868.6790683269501,1003,False,4,5,[-6.63195911  5.17957108  4.00000006],exiting,[ 0.63925976  0.24903542 -0.34837281]
868.6790683269501,1004,False,3,4,[0.45669688 6.04739468 4.00000009],cruising,[-0.62185191  0.08809385  0.93462812]
868.6790683269501,1005,False,1,3,[ 4.44660852 -4.17368787  4.00023711],cruising,[ 0.50568378 -0.03156594 -0.11489306]
868.7843146324158,1000,False,0,2,[-3.75514331  0.30097428  4.        ],exiting,[-0.82138112 -0.19970136 -0.21083176]
868.7843146324158,1001,False,2,6,[8.80072776 9.13486449 1.76787121],landing,[-0.48080528  0.59740651 -0.20557775]
868.7843146324158,1002,False,0,1,[2.89258281 8.58387937 2.16690298],queued,[ 0.5677905  -0.59831228 -0.99408226]
868.7843146324158,1003,False,4,5,[-6.6957487   5.25658334  4.00000005],exiting,[ 0.63925976  0.24903542 -0.34837281]
868.7843146324158,1004,False,3,4,[0.62675391 5.94213023 4.00000007],cruising,[-0.62185191  0.08809385  0.93462812]
868.7843146324158,1005,False,1,3,[ 4.26608687 -4.08759529  4.00020155],cruising,[ 0.50568378 -0.03156594 -0.11489306]
868.8915932178497,1000,False,0,2,[-3.83898375  0.42341686  4.        ],exiting,[-0.82138112 -0.19970136 -0.21083176]
868.8915932178497,1001,False,2,6,[8.81978001 9.12197022 1.67055344],landing,[-0.48080528  0.59740651 -0.20557775]
868.8915932178497,1002,False,0,1,[2.89258281 8.58387937 2.24190298],queued,[ 0.5677905  -0.59831228 -0.99408226]
868.8915932178497,1003,False,4,5,[-6.75953828  5.3335956   4.00000004],exiting,[ 0.63925976  0.24903542 -0.34837281]
868.8915932178497,1004,False,3,4,[0.79834278 5.83938169 4.00000006],cruising,[-0.62185191  0.08809385  0.93462812]
868.8915932178497,1005,False,1,3,[ 4.08452865 -4.00371076  4.00017131],cruising,[ 0.50568378 -0.03156594 -0.11489306]
868.9912066459656,1000,False,0,2,[-3.92305309  0.52586074  4.        ],exiting,[-0.82138112 -0.19970136 -0.21083176]
868.9912066459656,1001,False,2,6,[8.83883225 9.10907594 1.57323566],landing,[-0.48080528  0.59740651 -0.20557775]
868.9912066459656,1002,False,0,1,[2.89258281 8.58387937 2.31690298],queued,[ 0.5677905  -0.59831228 -0.99408226]
868.9912066459656,1003,False,4,5,[-6.82332787  5.41060787  4.00000003],exiting,[ 0.63925976  0.24903542 -0.34837281]
868.9912066459656,1004,False,3,4,[0.9712758  5.73891194 4.00000005],cruising,[-0.62185191  0.08809385  0.93462812]
868.9912066459656,1005,False,1,3,[ 3.9017197  -3.9225881   4.00014562],cruising,[ 0.50568378 -0.03156594 -0.11489306]
869.0827958583832,1000,False,0,2,[-4.00711271  0.60830463  4.        ],exiting,[-0.82138112 -0.19970136 -0.21083176]
869.0827958583832,1001,False,2,6,[8.8578845  9.09618166 1.47591788],fake_landed,[-0.48080528  0.59740651 -0.20557775]
869.0827958583832,1002,False,0,1,[2.89258281 8.58387937 2.39190298],entering,[ 0.5677905  -0.59831228 -0.99408226]
869.0827958583832,1003,False,4,5,[-6.88711745  5.48762013  4.00000003],exiting,[ 0.63925976  0.24903542 -0.34837281]
869.0827958583832,1004,False,3,4,[1.14657271 5.64262594 4.00000004],cruising,[-0.62185191  0.08809385  0.93462812]
869.0827958583832,1005,False,1,3,[ 3.71827877 -3.84290482  4.00012377],cruising,[ 0.50568378 -0.03156594 -0.11489306]
869.1833670139313,1000,False,0,2,[-4.09086876  0.67075083  4.        ],exiting,[-0.82138112 -0.19970136 -0.21083176]
869.1833670139313,1001,False,2,6,[8.87312629 9.08586624 1.39806366],fake_landed,[-0.48080528  0.59740651 -0.20557775]
869.1833670139313,1002,False,0,1,[2.88897191 8.56420803 2.46690298],entering,[ 0.5677905  -0.59831228 -0.99408226]
869.1833670139313,1003,False,4,5,[-6.95090704  5.5646324   4.00000002],exiting,[ 0.63925976  0.24903542 -0.34837281]
869.1833670139313,1004,False,3,4,[1.32366503 5.54968343 4.00000004],cruising,[-0.62185191  0.08809385  0.93462812]
869.1833670139313,1005,False,1,3,[ 3.53404341 -3.76507595  4.00010521],cruising,[ 0.50568378 -0.03156594 -0.11489306]
869.2915630340576,1000,False,0,2,[-4.17390911  0.71320983  4.        ],exiting,[-0.82138112 -0.19970136 -0.21083176]
869.2915630340576,1001,False,2,6,[8.88455764 9.07812968 1.339673  ],fake_landed,[-0.48080528  0.59740651 -0.20557775]
869.2915630340576,1002,False,0,1,[2.88177465 8.52486088 2.54190298],entering,[ 0.5677905  -0.59831228 -0.99408226]
869.2915630340576,1003,False,4,5,[-7.01469662  5.64164466  4.00000002],exiting,[ 0.63925976  0.24903542 -0.34837281]
869.2915630340576,1004,False,3,4,[1.50276855 5.46067822 4.00000003],cruising,[-0.62185191  0.08809385  0.93462812]
869.2915630340576,1005,False,1,3,[ 3.34931716 -3.6884195   4.00008943],cruising,[ 0.50568378 -0.03156594 -0.11489306]
869.3930361270905,1000,False,0,2,[-4.25597968  0.73569236  4.        ],exiting,[-0.82138112 -0.19970136 -0.21083176]
869.3930361270905,1001,False,2,6,[8.89217854 9.07297197 1.30074589],fake_landed,[-0.48080528  0.59740651 -0.20557775]
869.3930361270905,1002,False,0,1,[2.87123729 8.4657946  2.61690298],entering,[ 0.5677905  -0.59831228 -0.99408226]
869.3930361270905,1003,False,4,5,[-7.07848621  5.71865692  4.00000001],exiting,[ 0.63925976  0.24903542 -0.34837281]
869.3930361270905,1004,False,3,4,[1.6851026  5.37849371 4.00000003],cruising,[-0.62185191  0.08809385  0.93462812]
869.3930361270905,1005,False,1,3,[ 3.16403933 -3.61310597  4.00007601],cruising,[ 0.50568378 -0.03156594 -0.11489306]
869.480504989624,1000,False,0,2,[-4.33682216  0.73821262  4.        ],exiting,[-0.82138112 -0.19970136 -0.21083176]
869.480504989624,1001,False,2,6,[8.89598898 9.07039311 1.28128233],fake_landed,[-0.48080528  0.59740651 -0.20557775]
869.480504989624,1002,False,0,1,[2.85753613 8.38698014 2.69190298],entering,[ 0.5677905  -0.59831228 -0.99408226]
869.480504989624,1003,False,4,5,[-7.1422758   5.79566919  4.00000001],exiting,[ 0.63925976  0.24903542 -0.34837281]
869.480504989624,1004,False,3,4,[1.86963073 5.30136154 4.00000002],cruising,[-0.62185191  0.08809385  0.93462812]
869.480504989624,1005,False,1,3,[ 2.97822371 -3.53912926  4.00006461],cruising,[ 0.50568378 -0.03156594 -0.11489306]
869.5915968418121,1000,False,0,2,[-4.41617396  0.72078852  4.        ],exiting,[-0.82138112 -0.19970136 -0.21083176]
869.5915968418121,1001,False,6,0,[8.89598898 9.07039311 1.28128233],waiting,[-0.48080528  0.59740651 -0.20557775]
869.5915968418121,1002,False,0,1,[2.84090948 8.28838081 2.76690298],entering,[ 0.5677905  -0.59831228 -0.99408226]
869.5915968418121,1003,False,4,5,[-7.20606538  5.87268145  4.00000001],exiting,[ 0.63925976  0.24903542 -0.34837281]
869.5915968418121,1004,False,3,4,[2.05646018 5.22998399 4.00000002],cruising,[-0.62185191  0.08809385  0.93462812]
869.5915968418121,1005,False,1,3,[ 2.79178897 -3.46672699  4.00005492],cruising,[ 0.50568378 -0.03156594 -0.11489306]
869.6842226982117,1000,False,0,2,[-4.49376795  0.68344182  4.        ],exiting,[-0.82138112 -0.19970136 -0.21083176]
869.6842226982117,1001,False,6,0,[8.89598898 9.07039311 1.28128233],waiting,[-0.48080528  0.59740651 -0.20557775]
869.6842226982117,1002,False,0,1,[2.82228444 8.16988157 2.84190298],entering,[ 0.5677905  -0.59831228 -0.99408226]
869.6842226982117,1003,False,4,5,[-7.26985497  5.94969371  4.00000001],exiting,[ 0.63925976  0.24903542 -0.34837281]
869.6842226982117,1004,False,3,4,[2.24563088 5.16506523 4.00000002],cruising,[-0.62185191  0.08809385  0.93462812]
869.6842226982117,1005,False,1,3,[ 2.60485512 -3.39562329  4.00004668],cruising,[ 0.50568378 -0.03156594 -0.11489306]
869.7944920063019,1000,False,0,2,[-4.56933222  0.62619838  4.        ],exiting,[-0.82138112 -0.19970136 -0.21083176]
869.7944920063019,1001,False,6,0,[8.89598898 9.07039311 1.28128233],waiting,[-0.48080528  0.59740651 -0.20557775]
869.7944920063019,1002,False,0,1,[2.80283989 8.03139912 2.91690298],entering,[ 0.5677905  -0.59831228 -0.99408226]
869.7944920063019,1003,False,4,5,[-7.33364455  6.02670598  4.00000001],exiting,[ 0.63925976  0.24903542 -0.34837281]
869.7944920063019,1004,False,3,4,[2.43939981 5.11553138 4.00000001],cruising,[-0.62185191  0.08809385  0.93462812]
869.7944920063019,1005,False,1,3,[ 2.41711886 -3.32666609  4.00003968],cruising,[ 0.50568378 -0.03156594 -0.11489306]
869.885559797287,1000,False,0,2,[-4.64379267  0.55944778  4.        ],exiting,[-0.82138112 -0.19970136 -0.21083176]
869.885559797287,1001,False,6,0,[8.89598898 9.07039311 1.28128233],waiting,[-0.48080528  0.59740651 -0.20557775]
869.885559797287,1002,False,0,1,[2.78435557 7.87293974 2.99190298],entering,[ 0.5677905  -0.59831228 -0.99408226]
869.885559797287,1003,False,4,5,[-7.39743414  6.10371824  4.        ],exiting,[ 0.63925976  0.24903542 -0.34837281]
869.885559797287,1004,False,3,4,[2.63515987 5.07456798 4.00000001],cruising,[-0.62185191  0.08809385  0.93462812]
869.885559797287,1005,False,1,3,[ 2.22843793 -3.26033729  4.00003373],cruising,[ 0.50568378 -0.03156594 -0.11489306]
869.9831080436707,1000,False,0,2,[-4.71825311  0.49269719  4.        ],exiting,[-0.82138112 -0.19970136 -0.21083176]
869.9831080436707,1001,False,6,0,[8.89598898 9.07039311 1.28128233],waiting,[-0.48080528  0.59740651 -0.20557775]
869.9831080436707,1002,False,0,1,[2.76842793 7.69464444 3.06690298],entering,[ 0.5677905  -0.59831228 -0.99408226]
869.9831080436707,1003,False,4,5,[-7.46122372  6.1807305   4.        ],exiting,[ 0.63925976  0.24903542 -0.34837281]
869.9831080436707,1004,False,3,4,[2.83229267 5.04082397 4.00000001],cruising,[-0.62185191  0.08809385  0.93462812]
869.9831080436707,1005,False,1,3,[ 2.03915009 -3.19576089  4.00002867],cruising,[ 0.50568378 -0.03156594 -0.11489306]
870.0819463729858,1000,False,0,2,[-4.79271356  0.42594659  4.        ],exiting,[-0.82138112 -0.19970136 -0.21083176]
870.0819463729858,1001,False,6,0,[8.89598898 9.07039311 1.28128233],waiting,[-0.48080528  0.59740651 -0.20557775]
870.0819463729858,1002,False,0,1,[2.76263988 7.49910999 3.14190298],entering,[ 0.5677905  -0.59831228 -0.99408226]
870.0819463729858,1003,False,4,5,[-7.52501331  6.25774277  4.        ],exiting,[ 0.63925976  0.24903542 -0.34837281]
870.0819463729858,1004,False,3,4,[3.03035308 5.01303777 4.00000001],cruising,[-0.62185191  0.08809385  0.93462812]
870.0819463729858,1005,False,1,3,[ 1.84858434 -3.13505922  4.00002437],cruising,[ 0.50568378 -0.03156594 -0.11489306]
870.1942183971405,1000,False,0,2,[-4.867174  0.359196  4.      ],exiting,[-0.82138112 -0.19970136 -0.21083176]
870.1942183971405,1001,False,6,0,[8.89598898 9.07039311 1.28128233],waiting,[-0.48080528  0.59740651 -0.20557775]
870.1942183971405,1002,False,0,1,[2.76765469 7.29917287 3.21690298],entering,[ 0.5677905  -0.59831228 -0.99408226]
870.1942183971405,1003,False,4,5,[-7.5888029   6.33475503  4.        ],exiting,[ 0.63925976  0.24903542 -0.34837281]
870.1942183971405,1004,False,3,4,[3.22902875 4.99005995 4.00000001],cruising,[-0.62185191  0.08809385  0.93462812]
870.1942183971405,1005,False,1,3,[ 1.65655708 -3.07915274  4.00002071],cruising,[ 0.50568378 -0.03156594 -0.11489306]
870.2867844104767,1000,False,0,2,[-4.94163445  0.2924454   4.        ],exiting,[-0.82138112 -0.19970136 -0.21083176]
870.2867844104767,1001,False,6,0,[8.89598898 9.07039311 1.28128233],waiting,[-0.48080528  0.59740651 -0.20557775]
870.2867844104767,1002,False,0,1,[2.78626081 7.10004022 3.29190298],entering,[ 0.5677905  -0.59831228 -0.99408226]
870.2867844104767,1003,False,4,5,[-7.65259248  6.41176729  4.        ],exiting,[ 0.63925976  0.24903542 -0.34837281]
870.2867844104767,1004,False,3,4,[3.42810481 4.97085781 4.00000001],cruising,[-0.62185191  0.08809385  0.93462812]
870.2867844104767,1005,False,1,3,[ 1.46287623 -3.0292756   4.00001761],cruising,[ 0.50568378 -0.03156594 -0.11489306]
870.381411075592,1000,False,0,2,[-5.0160949   0.22569481  4.        ],exiting,[-0.82138112 -0.19970136 -0.21083176]
870.381411075592,1001,False,6,0,[8.89598898 9.07039311 1.28128233],waiting,[-0.48080528  0.59740651 -0.20557775]
870.381411075592,1002,False,0,1,[2.82173218 6.9032109  3.36690298],entering,[ 0.5677905  -0.59831228 -0.99408226]
870.381411075592,1003,False,4,5,[-7.71638207  6.48877956  4.        ],exiting,[ 0.63925976  0.24903542 -0.34837281]
870.381411075592,1004,False,3,4,[3.62743547 4.95450892 4.00000001],cruising,[-0.62185191  0.08809385  0.93462812]
870.381411075592,1005,False,1,3,[ 1.2673692  -2.98712112  4.00001497],cruising,[ 0.50568378 -0.03156594 -0.11489306]
870.4811129570007,1000,False,0,2,[-5.09055534  0.15894421  4.        ],exiting,[-0.82138112 -0.19970136 -0.21083176]
870.4811129570007,1001,False,6,0,[8.89598898 9.07039311 1.28128233],waiting,[-0.48080528  0.59740651 -0.20557775]
870.4811129570007,1002,False,0,1,[2.86914142 6.70891122 3.44190298],entering,[ 0.5677905  -0.59831228 -0.99408226]
870.4811129570007,1003,False,4,5,[-7.78017165  6.56579182  4.        ],exiting,[ 0.63925976  0.24903542 -0.34837281]
870.4811129570007,1004,False,3,4,[3.82692216 4.94018887 4.        ],cruising,[-0.62185191  0.08809385  0.93462812]
870.4811129570007,1005,False,1,3,[ 1.0699556  -2.95506072  4.00001272],cruising,[ 0.50568378 -0.03156594 -0.11489306]
870.5893263816833,1000,False,0,2,[-5.16501579  0.09219362  4.        ],exiting,[-0.82138112 -0.19970136 -0.21083176]
870.5893263816833,1001,False,6,0,[8.89598898 9.07039311 1.28128233],waiting,[-0.48080528  0.59740651 -0.20557775]
870.5893263816833,1002,False,0,1,[2.93272702 6.51928825 3.51690298],entering,[ 0.5677905  -0.59831228 -0.99408226]
870.5893263816833,1003,False,4,5,[-7.84396124  6.64280409  4.        ],exiting,[ 0.63925976  0.24903542 -0.34837281]
870.5893263816833,1004,False,3,4,[4.02649707 4.92715607 4.        ],cruising,[-0.62185191  0.08809385  0.93462812]
870.5893263816833,1005,False,1,3,[ 0.87036592 -2.94288159  4.0000108 ],cruising,[ 0.50568378 -0.03156594 -0.11489306]
870.6853988170624,1000,False,0,2,[-5.23947624  0.02544302  4.        ],exiting,[-0.82138112 -0.19970136 -0.21083176]
870.6853988170624,1001,False,6,0,[8.89598898 9.07039311 1.28128233],waiting,[-0.48080528  0.59740651 -0.20557775]
870.6853988170624,1002,False,0,1,[3.00901838 6.33441092 3.58936753],entering,[ 0.5677905  -0.59831228 -0.99408226]
870.6853988170624,1003,False,4,5,[-7.90775083  6.71981635  4.        ],exiting,[ 0.63925976  0.24903542 -0.34837281]
870.6853988170624,1004,False,3,4,[4.22608598 4.91433941 4.        ],cruising,[-0.62185191  0.08809385  0.93462812]
870.6853988170624,1005,False,1,3,[ 0.6703674  -2.9421116   4.00000918],cruising,[ 0.50568378 -0.03156594 -0.11489306]
870.7840209007263,1000,False,0,2,[-5.31393668 -0.04130757  4.        ],exiting,[-0.82138112 -0.19970136 -0.21083176]
870.7840209007263,1001,False,6,0,[8.89598898 9.07039311 1.28128233],waiting,[-0.48080528  0.59740651 -0.20557775]
870.7840209007263,1002,False,0,1,[3.10075033 6.15671834 3.65134554],entering,[ 0.5677905  -0.59831228 -0.99408226]
870.7840209007263,1003,False,4,5,[-7.97154041  6.79682861  4.        ],exiting,[ 0.63925976  0.24903542 -0.34837281]
870.7840209007263,1004,False,3,4,[4.42570002 4.90192023 4.        ],cruising,[-0.62185191  0.08809385  0.93462812]
870.7840209007263,1005,False,1,3,[ 0.47091855 -2.95694931  4.0000078 ],cruising,[ 0.50568378 -0.03156594 -0.11489306]
870.8887135982513,1000,False,0,2,[-5.38839713 -0.10805817  4.        ],exiting,[-0.82138112 -0.19970136 -0.21083176]
870.8887135982513,1001,False,6,0,[8.89598898 9.07039311 1.28128233],waiting,[-0.48080528  0.59740651 -0.20557775]
870.8887135982513,1002,False,0,1,[3.20666628 5.98706631 3.70364371],entering,[ 0.5677905  -0.59831228 -0.99408226]
870.8887135982513,1003,False,4,5,[-8.03533     6.87384088  4.        ],exiting,[ 0.63925976  0.24903542 -0.34837281]
870.8887135982513,1004,False,3,4,[4.62529526 4.8892026  4.        ],cruising,[-0.62185191  0.08809385  0.93462812]
870.8887135982513,1005,False,1,3,[ 0.27314366 -2.98669981  4.00000663],cruising,[ 0.50568378 -0.03156594 -0.11489306]
870.9869513511658,1000,False,0,2,[-5.46285757 -0.17480876  4.        ],exiting,[-0.82138112 -0.19970136 -0.21083176]
870.9869513511658,1001,False,6,0,[8.89598898 9.07039311 1.28128233],waiting,[-0.48080528  0.59740651 -0.20557775]
870.9869513511658,1002,False,0,1,[3.32779176 5.8279527  3.74835161],entering,[ 0.5677905  -0.59831228 -0.99408226]
870.9869513511658,1003,False,4,5,[-8.09911958  6.95085314  4.        ],exiting,[ 0.63925976  0.24903542 -0.34837281]
870.9869513511658,1004,False,3,4,[4.82482784 4.87553693 4.        ],cruising,[-0.62185191  0.08809385  0.93462812]
870.9869513511658,1005,False,1,3,[ 0.07898625 -3.03468834  4.00000564],cruising,[ 0.50568378 -0.03156594 -0.11489306]
871.0841059684753,1000,False,0,2,[-5.53731802 -0.24155936  4.        ],exiting,[-0.82138112 -0.19970136 -0.21083176]
871.0841059684753,1001,False,6,0,[8.89598898 9.07039311 1.28128233],waiting,[-0.48080528  0.59740651 -0.20557775]
871.0841059684753,1002,False,0,1,[3.46310307 5.68067457 3.78609887],entering,[ 0.5677905  -0.59831228 -0.99408226]
871.0841059684753,1003,False,4,5,[-8.16290917  7.0278654   4.        ],exiting,[ 0.63925976  0.24903542 -0.34837281]
871.0841059684753,1004,False,3,4,[5.02424652 4.86029915 4.        ],cruising,[-0.62185191  0.08809385  0.93462812]
871.0841059684753,1005,False,1,3,[-0.11194328 -3.09423593  4.00000479],exiting,[ 0.50568378 -0.03156594 -0.11489306]
871.1806881427765,1000,False,0,2,[-5.61177847 -0.30830996  4.        ],exiting,[-0.82138112 -0.19970136 -0.21083176]
871.1806881427765,1001,False,6,0,[8.89598898 9.07039311 1.28128233],waiting,[-0.48080528  0.59740651 -0.20557775]
871.1806881427765,1002,False,0,1,[3.6119181  5.54711652 3.8184231 ],entering,[ 0.5677905  -0.59831228 -0.99408226]
871.1806881427765,1003,False,4,5,[-8.22669875  7.10487767  4.        ],exiting,[ 0.63925976  0.24903542 -0.34837281]
871.1806881427765,1004,False,3,4,[5.22357631 4.84393957 4.        ],cruising,[-0.62185191  0.08809385  0.93462812]
871.1806881427765,1005,False,1,3,[-0.28331959 -3.15798728  4.00000395],exiting,[ 0.50568378 -0.03156594 -0.11489306]
871.2823054790497,1000,False,0,2,[-5.68623891 -0.37506055  4.        ],exiting,[-0.82138112 -0.19970136 -0.21083176]
871.2823054790497,1001,False,6,0,[8.89598898 9.07039311 1.28128233],waiting,[-0.48080528  0.59740651 -0.20557775]
871.2823054790497,1002,False,0,1,[3.77297269 5.42854186 3.8456787 ],cruising,[ 0.5677905  -0.59831228 -0.99408226]
871.2823054790497,1003,False,4,5,[-8.29048834  7.18188993  4.        ],exiting,[ 0.63925976  0.24903542 -0.34837281]
871.2823054790497,1004,False,3,4,[5.42266362 4.8248544  4.        ],cruising,[-0.62185191  0.08809385  0.93462812]
871.2823054790497,1005,False,1,3,[-0.43512981 -3.22588212  4.00000312],exiting,[ 0.50568378 -0.03156594 -0.11489306]
871.394163608551,1000,False,0,2,[-5.76069936 -0.44181115  4.        ],exiting,[-0.82138112 -0.19970136 -0.21083176]
871.394163608551,1001,False,6,0,[8.89598898 9.07039311 1.28128233],waiting,[-0.48080528  0.59740651 -0.20557775]
871.394163608551,1002,False,0,1,[3.94452043 5.32572469 3.8688269 ],cruising,[ 0.5677905  -0.59831228 -0.99408226]
871.394163608551,1003,False,4,5,[-8.35427793  7.25890219  4.        ],exiting,[ 0.63925976  0.24903542 -0.34837281]
871.394163608551,1004,False,3,4,[5.62139596 4.80237206 4.        ],cruising,[-0.62185191  0.08809385  0.93462812]
871.394163608551,1005,False,1,3,[-0.56735837 -3.29784612  4.00000232],exiting,[ 0.50568378 -0.03156594 -0.11489306]
871.481130361557,1000,False,0,2,[-5.8351598  -0.50856174  4.        ],exiting,[-0.82138112 -0.19970136 -0.21083176]
871.481130361557,1001,False,6,0,[8.89598898 9.07039311 1.28128233],waiting,[-0.48080528  0.59740651 -0.20557775]
871.481130361557,1002,False,0,1,[4.12388892 5.23725467 3.88850286],cruising,[ 0.5677905  -0.59831228 -0.99408226]
871.481130361557,1003,False,4,5,[-8.41806751  7.33591446  4.        ],landing,[ 0.63925976  0.24903542 -0.34837281]
871.481130361557,1004,False,3,4,[5.81962056 4.77578247 4.        ],cruising,[-0.62185191  0.08809385  0.93462812]
871.481130361557,1005,False,1,3,[-0.67998615 -3.37378629  4.00000157],exiting,[ 0.50568378 -0.03156594 -0.11489306]
871.5797164440155,1000,False,0,2,[-5.90962025 -0.57531234  4.        ],exiting,[-0.82138112 -0.19970136 -0.21083176]
871.5797164440155,1001,False,6,0,[8.89598898 9.07039311 1.28128233],waiting,[-0.48080528  0.59740651 -0.20557775]
871.5797164440155,1002,False,0,1,[4.30936499 5.16243068 3.90522743],cruising,[ 0.5677905  -0.59831228 -0.99408226]
871.5797164440155,1003,False,4,5,[-8.47064951  7.40453142  3.98572033],landing,[ 0.63925976  0.24903542 -0.34837281]
871.5797164440155,1004,False,3,4,[6.01712995 4.74431752 4.        ],cruising,[-0.62185191  0.08809385  0.93462812]
871.5797164440155,1005,False,1,3,[-0.77298867 -3.45357986  4.00000089],exiting,[ 0.50568378 -0.03156594 -0.11489306]
871.6819989681244,1000,False,0,2,[-5.9840807  -0.64206293  4.        ],exiting,[-0.82138112 -0.19970136 -0.21083176]
871.6819989681244,1001,False,6,0,[8.89598898 9.07039311 1.28128233],waiting,[-0.48080528  0.59740651 -0.20557775]
871.6819989681244,1002,False,0,1,[4.4990798  5.09911962 3.91944332],cruising,[ 0.5677905  -0.59831228 -0.99408226]
871.6819989681244,1003,False,4,5,[-8.51194068  7.46459493  3.95732133],landing,[ 0.63925976  0.24903542 -0.34837281]
871.6819989681244,1004,False,3,4,[6.21364268 4.70713221 4.        ],cruising,[-0.62185191  0.08809385  0.93462812]
871.6819989681244,1005,False,1,3,[-0.84633162 -3.53704788  4.00000031],exiting,[ 0.50568378 -0.03156594 -0.11489306]
871.7817530632019,1000,False,0,2,[-6.05854114 -0.70881353  4.        ],exiting,[-0.82138112 -0.19970136 -0.21083176]
871.7817530632019,1001,False,6,0,[8.89598898 9.07039311 1.28128233],waiting,[-0.48080528  0.59740651 -0.20557775]
871.7817530632019,1002,False,0,1,[4.69162312 5.04501724 3.93152682],cruising,[ 0.5677905  -0.59831228 -0.99408226]
871.7817530632019,1003,False,4,5,[-8.54184341  7.51591707  3.91499782],landing,[ 0.63925976  0.24903542 -0.34837281]
871.7817530632019,1004,False,3,4,[6.40877752 4.6632871  4.        ],cruising,[-0.62185191  0.08809385  0.93462812]
871.7817530632019,1005,False,1,3,[-0.89999167 -3.62406318  3.99999984],exiting,[ 0.50568378 -0.03156594 -0.11489306]
871.8894340991974,1000,False,0,2,[-6.13300159 -0.77556412  4.        ],exiting,[-0.82138112 -0.19970136 -0.21083176]
871.8894340991974,1001,False,6,0,[8.89598898 9.07039311 1.28128233],queued,[-0.48080528  0.59740651 -0.20557775]
871.8894340991974,1002,False,0,1,[4.88611918 4.9984202  3.9417978 ],cruising,[ 0.5677905  -0.59831228 -0.99408226]
871.8894340991974,1003,False,4,5,[-8.56022362  7.55823508  3.85903037],landing,[ 0.63925976  0.24903542 -0.34837281]
871.8894340991974,1004,False,3,4,[6.60201912 4.61173436 4.        ],cruising,[-0.62185191  0.08809385  0.93462812]
871.8894340991974,1005,False,1,3,[-0.93394526 -3.7144925   3.99999952],exiting,[ 0.50568378 -0.03156594 -0.11489306]
871.9910311698914,1000,False,0,2,[-6.20746204 -0.84231472  4.        ],exiting,[-0.82138112 -0.19970136 -0.21083176]
871.9910311698914,1001,False,6,0,[8.89598898 9.07039311 1.30128233],queued,[-0.48080528  0.59740651 -0.20557775]
871.9910311698914,1002,False,0,1,[5.08175747 4.95687914 3.95052813],cruising,[ 0.5677905  -0.59831228 -0.99408226]
871.9910311698914,1003,False,4,5,[-8.5669799   7.59134626  3.78964209],landing,[ 0.63925976  0.24903542 -0.34837281]
871.9910311698914,1004,False,3,4,[6.79267328 4.55131094 4.        ],cruising,[-0.62185191  0.08809385  0.93462812]
871.9910311698914,1005,False,1,3,[-0.94816894 -3.80819761  3.99999936],exiting,[ 0.50568378 -0.03156594 -0.11489306]
872.0806450843811,1000,False,0,2,[-6.28192248 -0.90906531  4.        ],exiting,[-0.82138112 -0.19970136 -0.21083176]
872.0806450843811,1001,False,6,0,[8.89598898 9.07039311 1.34128233],queued,[-0.48080528  0.59740651 -0.20557775]
872.0806450843811,1002,False,0,1,[5.27803462 4.91846978 3.95794891],cruising,[ 0.5677905  -0.59831228 -0.99408226]
872.0806450843811,1003,False,4,5,[-8.56201417  7.61505112  3.70705852],landing,[ 0.63925976  0.24903542 -0.34837281]
872.0806450843811,1004,False,3,4,[6.97981091 4.48074531 4.        ],cruising,[-0.62185191  0.08809385  0.93462812]
872.0806450843811,1005,False,1,3,[-0.94263967 -3.90503657  3.99999937],exiting,[ 0.50568378 -0.03156594 -0.11489306]
872.1803648471832,1000,False,0,2,[-6.35638293 -0.97581591  4.        ],exiting,[-0.82138112 -0.19970136 -0.21083176]
872.1803648471832,1001,False,6,0,[8.89598898 9.07039311 1.40128233],queued,[-0.48080528  0.59740651 -0.20557775]
872.1803648471832,1002,False,0,1,[5.4745833  4.88147496 3.96425657],cruising,[ 0.5677905  -0.59831228 -0.99408226]
872.1803648471832,1003,False,4,5,[-8.54522905  7.62914777  3.61151408],landing,[ 0.63925976  0.24903542 -0.34837281]
872.1803648471832,1004,False,3,4,[7.16220214 4.39868779 4.        ],cruising,[-0.62185191  0.08809385  0.93462812]
872.1803648471832,1005,False,1,3,[-0.9257281  -4.00359619  3.99999948],exiting,[ 0.50568378 -0.03156594 -0.11489306]
872.2946496009827,1000,False,0,2,[-6.43084337 -1.0425665   4.        ],exiting,[-0.82138112 -0.19970136 -0.21083176]
872.2946496009827,1001,False,6,0,[8.89598898 9.07039311 1.47628233],queued,[-0.48080528  0.59740651 -0.20557775]
872.2946496009827,1002,False,0,1,[5.67143539 4.84613016 3.96961809],cruising,[ 0.5677905  -0.59831228 -0.99408226]
872.2946496009827,1003,False,4,5,[-8.52666178  7.6417768   3.51406787],landing,[ 0.63925976  0.24903542 -0.34837281]
872.2946496009827,1004,False,3,4,[7.33824782 4.30377773 4.        ],cruising,[-0.62185191  0.08809385  0.93462812]
872.2946496009827,1005,False,1,3,[-0.90881654 -4.10215581  3.99999957],exiting,[ 0.50568378 -0.03156594 -0.11489306]
872.3822784423828,1000,False,0,2,[-6.50530382 -1.1093171   4.        ],exiting,[-0.82138112 -0.19970136 -0.21083176]
872.3822784423828,1001,False,6,0,[8.89598898 9.07039311 1.55128233],entering,[-0.48080528  0.59740651 -0.20557775]
872.3822784423828,1002,False,0,1,[5.86799881 4.80921371 3.97417537],cruising,[ 0.5677905  -0.59831228 -0.99408226]
872.3822784423828,1003,False,4,5,[-8.50809451  7.65440583  3.41662166],landing,[ 0.63925976  0.24903542 -0.34837281]
872.3822784423828,1004,False,3,4,[7.50592505 4.19476238 4.        ],cruising,[-0.62185191  0.08809385  0.93462812]
872.3822784423828,1005,False,1,3,[-0.89190497 -4.20071543  3.99999965],exiting,[ 0.50568378 -0.03156594 -0.11489306]
872.4794173240662,1000,False,0,2,[-6.57976427 -1.17606769  4.        ],exiting,[-0.82138112 -0.19970136 -0.21083176]
872.4794173240662,1001,False,6,0,[8.89176056 9.05084521 1.62628233],entering,[-0.48080528  0.59740651 -0.20557775]
872.4794173240662,1002,False,0,1,[6.0639966  4.76940337 3.97804907],cruising,[ 0.5677905  -0.59831228 -0.99408226]
872.4794173240662,1003,False,4,5,[-8.48952724  7.66703486  3.31917545],landing,[ 0.63925976  0.24903542 -0.34837281]
872.4794173240662,1004,False,3,4,[7.66156209 4.06977725 4.        ],cruising,[-0.62185191  0.08809385  0.93462812]
872.4794173240662,1005,False,1,3,[-0.8749934  -4.29927505  3.99999971],exiting,[ 0.50568378 -0.03156594 -0.11489306]
872.5943055152893,1000,False,0,2,[-6.65422471 -1.24281829  4.        ],exiting,[-0.82138112 -0.19970136 -0.21083176]
872.5943055152893,1001,False,6,0,[8.88330371 9.01174941 1.70128233],entering,[-0.48080528  0.59740651 -0.20557775]
872.5943055152893,1002,False,0,1,[6.25909859 4.72541229 3.98134171],cruising,[ 0.5677905  -0.59831228 -0.99408226]
872.5943055152893,1003,False,4,5,[-8.47095997  7.67966388  3.22172924],landing,[ 0.63925976  0.24903542 -0.34837281]
872.5943055152893,1004,False,3,4,[7.80376932 3.92997185 4.        ],cruising,[-0.62185191  0.08809385  0.93462812]
872.5943055152893,1005,False,1,3,[-0.85808183 -4.39783467  3.99999976],exiting,[ 0.50568378 -0.03156594 -0.11489306]
872.6924304962158,1000,False,0,2,[-6.72868516 -1.30956888  4.        ],exiting,[-0.82138112 -0.19970136 -0.21083176]
872.6924304962158,1001,False,6,0,[8.87061843 8.95310571 1.77628233],entering,[-0.48080528  0.59740651 -0.20557775]
872.6924304962158,1002,False,0,1,[6.45288568 4.67594954 3.98414045],cruising,[ 0.5677905  -0.59831228 -0.99408226]
872.6924304962158,1003,False,4,5,[-8.4523927   7.69229291  3.12428303],landing,[ 0.63925976  0.24903542 -0.34837281]
872.6924304962158,1004,False,3,4,[7.93108546 3.77681522 4.        ],cruising,[-0.62185191  0.08809385  0.93462812]
872.6924304962158,1005,False,1,3,[-0.84117026 -4.4963943   3.9999998 ],exiting,[ 0.50568378 -0.03156594 -0.11489306]
872.7860116958618,1000,False,0,2,[-6.8031456  -1.37631948  4.        ],exiting,[-0.82138112 -0.19970136 -0.21083176]
872.7860116958618,1001,False,6,0,[8.85370472 8.87491411 1.85128233],entering,[-0.48080528  0.59740651 -0.20557775]
872.7860116958618,1002,False,0,1,[6.64480928 4.61968827 3.98651938],cruising,[ 0.5677905  -0.59831228 -0.99408226]
872.7860116958618,1003,False,4,5,[-8.43382543  7.70492194  3.02683682],landing,[ 0.63925976  0.24903542 -0.34837281]
872.7860116958618,1004,False,3,4,[8.04216226 3.61198452 4.        ],cruising,[-0.62185191  0.08809385  0.93462812]
872.7860116958618,1005,False,1,3,[-0.82425869 -4.59495392  3.99999984],exiting,[ 0.50568378 -0.03156594 -0.11489306]
872.8801276683807,1000,False,0,2,[-6.87760605 -1.44307007  4.        ],exiting,[-0.82138112 -0.19970136 -0.21083176]
872.8801276683807,1001,False,6,0,[8.83256767 8.77717351 1.92628233],entering,[-0.48080528  0.59740651 -0.20557775]
872.8801276683807,1002,False,0,1,[6.8341425  4.55524501 3.98854148],cruising,[ 0.5677905  -0.59831228 -0.99408226]
872.8801276683807,1003,False,4,5,[-8.41525816  7.71755097  2.9293906 ],landing,[ 0.63925976  0.24903542 -0.34837281]
872.8801276683807,1004,False,3,4,[8.13564314 3.4376468  4.        ],cruising,[-0.62185191  0.08809385  0.93462812]
872.8801276683807,1005,False,1,3,[-0.80734712 -4.69351354  3.99999987],exiting,[ 0.50568378 -0.03156594 -0.11489306]
872.9903888702393,1000,False,0,2,[-6.9520665  -1.50982067  4.        ],landing,[-0.82138112 -0.19970136 -0.21083176]
872.9903888702393,1001,False,6,0,[8.80736577 8.65985034 2.00128233],entering,[-0.48080528  0.59740651 -0.20557775]
872.9903888702393,1002,False,0,1,[7.01992143 4.4811762  3.99026025],cruising,[ 0.5677905  -0.59831228 -0.99408226]
872.9903888702393,1003,False,4,5,[-8.39669089  7.73018     2.83194439],landing,[ 0.63925976  0.24903542 -0.34837281]
872.9903888702393,1004,False,3,4,[8.21089846 3.25507325 4.        ],cruising,[-0.62185191  0.08809385  0.93462812]
872.9903888702393,1005,False,1,3,[-0.79043556 -4.79207316  3.99999989],exiting,[ 0.50568378 -0.03156594 -0.11489306]
873.0809996128082,1000,False,0,2,[-7.01823556 -1.56484989  3.98607656],landing,[-0.82138112 -0.19970136 -0.21083176]
873.0809996128082,1001,False,6,0,[8.77834459 8.52289523 2.07628233],entering,[-0.48080528  0.59740651 -0.20557775]
873.0809996128082,1002,False,0,1,[7.20087789 4.39600132 3.99172122],cruising,[ 0.5677905  -0.59831228 -0.99408226]
873.0809996128082,1003,False,4,5,[-8.37812362  7.74280903  2.73449818],landing,[ 0.63925976  0.24903542 -0.34837281]
873.0809996128082,1004,False,3,4,[8.26760329 3.06502443 4.        ],cruising,[-0.62185191  0.08809385  0.93462812]
873.0809996128082,1005,False,1,3,[-0.77352399 -4.89063278  3.99999991],exiting,[ 0.50568378 -0.03156594 -0.11489306]
873.1884026527405,1000,False,0,2,[-7.07596119 -1.60807215  3.95839433],landing,[-0.82138112 -0.19970136 -0.21083176]
873.1884026527405,1001,False,6,0,[8.74590795 8.36623391 2.15128233],entering,[-0.48080528  0.59740651 -0.20557775]
873.1884026527405,1002,False,0,1,[7.37537078 4.29826581 3.99296303],cruising,[ 0.5677905  -0.59831228 -0.99408226]
873.1884026527405,1003,False,4,5,[-8.35955635  7.75543806  2.63705197],landing,[ 0.63925976  0.24903542 -0.34837281]
873.1884026527405,1004,False,3,4,[8.30522493 2.86898965 4.        ],cruising,[-0.62185191  0.08809385  0.93462812]
873.1884026527405,1005,False,1,3,[-0.75661242 -4.9891924   3.99999993],exiting,[ 0.50568378 -0.03156594 -0.11489306]
873.2845239639282,1000,False,0,2,[-7.12506469 -1.63938817  3.91715111],landing,[-0.82138112 -0.19970136 -0.21083176]
873.2845239639282,1001,False,6,0,[8.71039597 8.18981045 2.22628233],entering,[-0.48080528  0.59740651 -0.20557775]
873.2845239639282,1002,False,0,1,[7.53902989 4.1837194  3.99405427],cruising,[ 0.5677905  -0.59831228 -0.99408226]
873.2845239639282,1003,False,4,5,[-8.34098908  7.76806709  2.53960576],landing,[ 0.63925976  0.24903542 -0.34837281]
873.2845239639282,1004,False,3,4,[8.33403826 2.67107605 4.        ],cruising,[-0.62185191  0.08809385  0.93462812]
873.2845239639282,1005,False,1,3,[-0.73970085 -5.08775202  3.99999994],exiting,[ 0.50568378 -0.03156594 -0.11489306]
873.3844821453094,1000,False,0,2,[-7.16530377 -1.6586657   3.86262268],landing,[-0.82138112 -0.19970136 -0.21083176]
873.3844821453094,1001,False,6,0,[8.67184606 7.99361906 2.30128233],entering,[-0.48080528  0.59740651 -0.20557775]
873.3844821453094,1002,False,0,1,[7.69043446 4.05336799 3.99497615],cruising,[ 0.5677905  -0.59831228 -0.99408226]
873.3844821453094,1003,False,4,5,[-8.32242181  7.78069612  2.44215955],landing,[ 0.63925976  0.24903542 -0.34837281]
873.3844821453094,1004,False,3,4,[8.36239463 2.47309647 4.        ],cruising,[-0.62185191  0.08809385  0.93462812]
873.3844821453094,1005,False,1,3,[-0.72278928 -5.18631164  3.99999995],exiting,[ 0.50568378 -0.03156594 -0.11489306]
873.4836707115173,1000,False,0,2,[-7.1964664  -1.66579128  3.79505785],landing,[-0.82138112 -0.19970136 -0.21083176]
873.4836707115173,1001,False,6,0,[8.63328758 7.79737115 2.37628233],entering,[-0.48080528  0.59740651 -0.20557775]
873.4836707115173,1002,False,0,1,[7.8280259  3.90855359 3.99575859],cruising,[ 0.5677905  -0.59831228 -0.99408226]
873.4836707115173,1003,False,4,5,[-8.30385454  7.79332515  2.34471334],landing,[ 0.63925976  0.24903542 -0.34837281]
873.4836707115173,1004,False,3,4,[8.38599126 2.27449335 4.        ],cruising,[-0.62185191  0.08809385  0.93462812]
873.4836707115173,1005,False,1,3,[-0.70587771 -5.28487126  3.99999996],exiting,[ 0.50568378 -0.03156594 -0.11489306]
873.5802290439606,1000,False,0,2,[-7.21836134 -1.6606645   3.71468716],landing,[-0.82138112 -0.19970136 -0.21083176]
873.5802290439606,1001,False,6,0,[8.59531749 7.60100854 2.45128233],entering,[-0.48080528  0.59740651 -0.20557775]
873.5802290439606,1002,False,0,1,[7.94997564 3.75127602 3.9964627 ],cruising,[ 0.5677905  -0.59831228 -0.99408226]
873.5802290439606,1003,False,4,5,[-8.28528727  7.80595418  2.24726713],landing,[ 0.63925976  0.24903542 -0.34837281]
873.5802290439606,1004,False,3,4,[8.40867896 2.07578434 4.        ],cruising,[-0.62185191  0.08809385  0.93462812]
873.5802290439606,1005,False,1,3,[-0.68896615 -5.38343088  3.99999997],exiting,[ 0.50568378 -0.03156594 -0.11489306]
873.6834938526154,1000,False,0,2,[-7.23079519 -1.64318571  3.62175003],landing,[-0.82138112 -0.19970136 -0.21083176]
873.6834938526154,1001,False,6,0,[8.5599388  7.40416254 2.52628233],entering,[-0.48080528  0.59740651 -0.20557775]
873.6834938526154,1002,False,0,1,[8.0551814  3.58306078 3.99708338],cruising,[ 0.5677905  -0.59831228 -0.99408226]
873.6834938526154,1003,False,4,5,[-8.26672     7.81858321  2.14982091],landing,[ 0.63925976  0.24903542 -0.34837281]
873.6834938526154,1004,False,3,4,[8.42694712 1.8766204  4.        ],cruising,[-0.62185191  0.08809385  0.93462812]
873.6834938526154,1005,False,1,3,[-0.67205458 -5.4819905   3.99999997],exiting,[ 0.50568378 -0.03156594 -0.11489306]
873.77991771698,1000,False,0,2,[-7.23990477 -1.62142105  3.52457331],landing,[-0.82138112 -0.19970136 -0.21083176]
873.77991771698,1001,False,6,0,[8.52575097 7.20710622 2.60128233],entering,[-0.48080528  0.59740651 -0.20557775]
873.77991771698,1002,False,0,1,[8.14275214 3.40541166 3.99761678],cruising,[ 0.5677905  -0.59831228 -0.99408226]
873.77991771698,1003,False,4,5,[-8.24815273  7.83121224  2.0523747 ],landing,[ 0.63925976  0.24903542 -0.34837281]
873.77991771698,1004,False,3,4,[8.44408355 1.6773559  4.        ],cruising,[-0.62185191  0.08809385  0.93462812]
873.77991771698,1005,False,1,3,[-0.65514301 -5.58055012  3.99999998],exiting,[ 0.50568378 -0.03156594 -0.11489306]
873.8913686275482,1000,False,0,2,[-7.24901435 -1.59965638  3.42739659],landing,[-0.82138112 -0.19970136 -0.21083176]
873.8913686275482,1001,False,6,0,[8.49156315 7.0100499  2.67628233],entering,[-0.48080528  0.59740651 -0.20557775]
873.8913686275482,1002,False,0,1,[8.21200729 3.21972945 3.9980576 ],exiting,[ 0.5677905  -0.59831228 -0.99408226]
873.8913686275482,1003,False,4,5,[-8.22958546  7.84384126  1.95492849],landing,[ 0.63925976  0.24903542 -0.34837281]
873.8913686275482,1004,False,3,4,[8.45716162 1.47778395 4.        ],cruising,[-0.62185191  0.08809385  0.93462812]
873.8913686275482,1005,False,1,3,[-0.63823144 -5.67910975  3.99999998],exiting,[ 0.50568378 -0.03156594 -0.11489306]
873.981235742569,1000,False,0,2,[-7.25812393 -1.57789172  3.33021987],landing,[-0.82138112 -0.19970136 -0.21083176]
873.981235742569,1001,False,6,0,[8.45886418 6.81274107 2.75128233],entering,[-0.48080528  0.59740651 -0.20557775]
873.981235742569,1002,False,0,1,[8.26310069 3.04242277 3.9984607 ],exiting,[ 0.5677905  -0.59831228 -0.99408226]
873.981235742569,1003,False,4,5,[-8.21101819  7.85647029  1.85748228],landing,[ 0.63925976  0.24903542 -0.34837281]
873.981235742569,1004,False,3,4,[8.46899042 1.27813405 4.        ],cruising,[-0.62185191  0.08809385  0.93462812]
873.981235742569,1005,False,1,3,[-0.62131987 -5.77766937  3.99999999],exiting,[ 0.50568378 -0.03156594 -0.11489306]
874.0889015197754,1000,False,0,2,[-7.26723351 -1.55612705  3.23304315],landing,[-0.82138112 -0.19970136 -0.21083176]
874.0889015197754,1001,False,6,0,[8.42971554 6.61487657 2.82628233],entering,[-0.48080528  0.59740651 -0.20557775]
874.0889015197754,1002,False,0,1,[8.29857135 2.87760327 3.99884326],exiting,[ 0.5677905  -0.59831228 -0.99408226]
874.0889015197754,1003,False,4,5,[-8.19245092  7.86909932  1.76003607],landing,[ 0.63925976  0.24903542 -0.34837281]
874.0889015197754,1004,False,3,4,[8.47928653 1.07839926 4.        ],cruising,[-0.62185191  0.08809385  0.93462812]
874.0889015197754,1005,False,1,3,[-0.6044083  -5.87622899  3.99999999],exiting,[ 0.50568378 -0.03156594 -0.11489306]
874.180223941803,1000,False,0,2,[-7.27634309 -1.53436239  3.13586643],landing,[-0.82138112 -0.19970136 -0.21083176]
874.180223941803,1001,False,6,0,[8.40056691 6.41701208 2.90128233],entering,[-0.48080528  0.59740651 -0.20557775]
874.180223941803,1002,False,0,1,[8.31957732 2.72659581 3.99920712],exiting,[ 0.5677905  -0.59831228 -0.99408226]
874.180223941803,1003,False,4,5,[-8.17388365  7.88172835  1.66258986],landing,[ 0.63925976  0.24903542 -0.34837281]
874.180223941803,1004,False,3,4,[8.48558579 0.87849848 4.        ],cruising,[-0.62185191  0.08809385  0.93462812]
874.180223941803,1005,False,1,3,[-0.58749673 -5.97478861  3.99999999],exiting,[ 0.50568378 -0.03156594 -0.11489306]
874.2840099334717,1000,False,0,2,[-7.28545267 -1.51259772  3.03868971],landing,[-0.82138112 -0.19970136 -0.21083176]
874.2840099334717,1001,False,6,0,[8.37394156 6.21879228 2.97628233],entering,[-0.48080528  0.59740651 -0.20557775]
874.2840099334717,1002,False,0,1,[8.32677196 2.5900537  3.99954916],exiting,[ 0.5677905  -0.59831228 -0.99408226]
874.2840099334717,1003,False,4,5,[-8.15531638  7.89435738  1.56514365],landing,[ 0.63925976  0.24903542 -0.34837281]
874.2840099334717,1004,False,3,4,[8.49041758 0.67855686 4.        ],cruising,[-0.62185191  0.08809385  0.93462812]
874.2840099334717,1005,False,1,3,[-0.57058517 -6.07334823  3.99999999],exiting,[ 0.50568378 -0.03156594 -0.11489306]
874.381504535675,1000,False,0,2,[-7.29456226 -1.49083306  2.94151299],landing,[-0.82138112 -0.19970136 -0.21083176]
874.381504535675,1001,False,6,0,[8.35044552 6.02017723 3.05128233],entering,[-0.48080528  0.59740651 -0.20557775]
874.381504535675,1002,False,0,1,[8.32062972 2.46841552 3.9998637 ],exiting,[ 0.5677905  -0.59831228 -0.99408226]
874.381504535675,1003,False,4,5,[-8.13674911  7.90698641  1.46769744],fake_landed,[ 0.63925976  0.24903542 -0.34837281]
874.381504535675,1004,False,3,4,[8.4935841  0.47858192 4.        ],cruising,[-0.62185191  0.08809385  0.93462812]
874.381504535675,1005,False,1,3,[-0.5536736  -6.17190785  3.99999999],exiting,[ 0.50568378 -0.03156594 -0.11489306]
874.4794244766235,1000,False,0,2,[-7.30367184 -1.46906839  2.84433627],landing,[-0.82138112 -0.19970136 -0.21083176]
874.4794244766235,1001,False,6,0,[8.32817704 5.82142081 3.12628233],entering,[-0.48080528  0.59740651 -0.20557775]
874.4794244766235,1002,False,0,1,[8.30158431 2.36205827 4.00014281],exiting,[ 0.5677905  -0.59831228 -0.99408226]
874.4794244766235,1003,False,4,5,[-8.12189529  7.91708963  1.38974047],fake_landed,[ 0.63925976  0.24903542 -0.34837281]
874.4794244766235,1004,False,3,4,[8.49288406 0.27858315 4.        ],cruising,[-0.62185191  0.08809385  0.93462812]
874.4794244766235,1005,False,1,3,[-0.53676203 -6.27046747  4.        ],exiting,[ 0.50568378 -0.03156594 -0.11489306]
874.5837795734406,1000,False,0,2,[-7.31278142 -1.44730373  2.74715955],landing,[-0.82138112 -0.19970136 -0.21083176]
874.5837795734406,1001,False,6,0,[8.3107824  5.62217868 3.20128233],entering,[-0.48080528  0.59740651 -0.20557775]
874.5837795734406,1002,False,0,1,[8.27013509 2.27138998 4.00037506],exiting,[ 0.5677905  -0.59831228 -0.99408226]
874.5837795734406,1003,False,4,5,[-8.11075493  7.92466705  1.33127274],fake_landed,[ 0.63925976  0.24903542 -0.34837281]
874.5837795734406,1004,False,3,4,[8.49061476 0.07859602 4.        ],cruising,[-0.62185191  0.08809385  0.93462812]
874.5837795734406,1005,False,1,3,[-0.51985046 -6.36902709  4.        ],exiting,[ 0.50568378 -0.03156594 -0.11489306]
874.6863737106323,1000,False,0,2,[-7.321891   -1.42553906  2.64998283],landing,[-0.82138112 -0.19970136 -0.21083176]
874.6863737106323,1001,False,6,0,[8.2961041  5.42271804 3.27628233],entering,[-0.48080528  0.59740651 -0.20557775]
874.6863737106323,1002,False,0,1,[8.22654406 2.19661426 4.00055389],exiting,[ 0.5677905  -0.59831228 -0.99408226]
874.6863737106323,1003,False,4,5,[-8.10332802  7.92971866  1.29229426],fake_landed,[ 0.63925976  0.24903542 -0.34837281]
874.6863737106323,1004,False,3,4,[ 8.48660634 -0.1213638   4.        ],cruising,[-0.62185191  0.08809385  0.93462812]
874.6863737106323,1005,False,1,3,[-0.50293889 -6.46758671  4.        ],exiting,[ 0.50568378 -0.03156594 -0.11489306]
874.7854251861572,1000,False,0,2,[-7.33100058 -1.4037744   2.55280611],landing,[-0.82138112 -0.19970136 -0.21083176]
874.7854251861572,1001,False,6,0,[8.28498997 5.22302709 3.35128233],entering,[-0.48080528  0.59740651 -0.20557775]
874.7854251861572,1002,False,0,1,[8.17108211 2.13793442 4.00067345],exiting,[ 0.5677905  -0.59831228 -0.99408226]
874.7854251861572,1003,False,4,5,[-8.09961456  7.93224447  1.27280501],fake_landed,[ 0.63925976  0.24903542 -0.34837281]
874.7854251861572,1004,False,3,4,[ 8.48072197 -0.32127722  4.        ],cruising,[-0.62185191  0.08809385  0.93462812]
874.7854251861572,1005,False,1,3,[-0.48602732 -6.56614633  4.        ],exiting,[ 0.50568378 -0.03156594 -0.11489306]
874.8823008537292,1000,False,0,2,[-7.34011016 -1.38200973  2.45562939],landing,[-0.82138112 -0.19970136 -0.21083176]
874.8823008537292,1001,False,6,0,[8.28001755 5.02308891 3.42628233],entering,[-0.48080528  0.59740651 -0.20557775]
874.8823008537292,1002,False,0,1,[8.1040294  2.09555336 4.00072917],exiting,[ 0.5677905  -0.59831228 -0.99408226]
874.8823008537292,1003,False,5,6,[-8.09961456  7.93224447  1.27280501],waiting,[ 0.63925976  0.24903542 -0.34837281]
874.8823008537292,1004,False,3,4,[ 8.4708107  -0.52103149  4.        ],cruising,[-0.62185191  0.08809385  0.93462812]
874.8823008537292,1005,False,1,3,[-0.46911576 -6.66470595  4.        ],exiting,[ 0.50568378 -0.03156594 -0.11489306]
874.9894387722015,1000,False,0,2,[-7.34921974 -1.36024506  2.35845267],landing,[-0.82138112 -0.19970136 -0.21083176]
874.9894387722015,1001,False,6,0,[8.28057325 4.82308968 3.50128233],entering,[-0.48080528  0.59740651 -0.20557775]
874.9894387722015,1002,False,0,1,[8.025676   2.06967351 4.00071869],exiting,[ 0.5677905  -0.59831228 -0.99408226]
874.9894387722015,1003,False,5,6,[-8.09961456  7.93224447  1.27280501],waiting,[ 0.63925976  0.24903542 -0.34837281]
874.9894387722015,1004,False,3,4,[ 8.45913883 -0.72069061  4.        ],cruising,[-0.62185191  0.08809385  0.93462812]
874.9894387722015,1005,False,1,3,[-0.45220419 -6.76326557  4.        ],exiting,[ 0.50568378 -0.03156594 -0.11489306]
875.0867555141449,1000,False,0,2,[-7.35832933 -1.3384804   2.26127595],landing,[-0.82138112 -0.19970136 -0.21083176]
875.0867555141449,1001,False,6,0,[8.28525381 4.62314446 3.57608998],entering,[-0.48080528  0.59740651 -0.20557775]
875.0867555141449,1002,False,0,1,[7.93632273 2.06049693 4.00064418],exiting,[ 0.5677905  -0.59831228 -0.99408226]
875.0867555141449,1003,False,5,6,[-8.09961456  7.93224447  1.27280501],waiting,[ 0.63925976  0.24903542 -0.34837281]
875.0867555141449,1004,False,3,4,[ 8.44554126 -0.92022784  4.        ],cruising,[-0.62185191  0.08809385  0.93462812]
875.0867555141449,1005,False,1,3,[-0.43529262 -6.86182519  4.        ],exiting,[ 0.50568378 -0.03156594 -0.11489306]
875.1803660392761,1000,False,0,2,[-7.36743891 -1.31671573  2.16409923],landing,[-0.82138112 -0.19970136 -0.21083176]
875.1803660392761,1001,False,6,0,[8.29460739 4.4233633  3.63967648],entering,[-0.48080528  0.59740651 -0.20557775]
875.1803660392761,1002,False,0,1,[7.83658576 2.06774504 4.00052215],exiting,[ 0.5677905  -0.59831228 -0.99408226]
875.1803660392761,1003,False,5,6,[-8.09961456  7.93224447  1.27280501],waiting,[ 0.63925976  0.24903542 -0.34837281]
875.1803660392761,1004,False,3,4,[ 8.42987281 -1.11961315  4.        ],cruising,[-0.62185191  0.08809385  0.93462812]
875.1803660392761,1005,False,1,3,[-0.41838105 -6.96038482  4.        ],exiting,[ 0.50568378 -0.03156594 -0.11489306]
875.2945685386658,1000,False,0,2,[-7.37654849 -1.29495107  2.06692251],landing,[-0.82138112 -0.19970136 -0.21083176]
875.2945685386658,1001,False,6,0,[8.30686365 4.2237392  3.69372501],entering,[-0.48080528  0.59740651 -0.20557775]
875.2945685386658,1002,False,0,1,[7.73684878 2.07499314 4.00042239],exiting,[ 0.5677905  -0.59831228 -0.99408226]
875.2945685386658,1003,False,5,6,[-8.09961456  7.93224447  1.27280501],waiting,[ 0.63925976  0.24903542 -0.34837281]
875.2945685386658,1004,False,3,4,[ 8.40979346 -1.31860264  4.        ],cruising,[-0.62185191  0.08809385  0.93462812]
875.2945685386658,1005,False,1,3,[-0.40146948 -7.05894444  4.        ],exiting,[ 0.50568378 -0.03156594 -0.11489306]
875.3894028663635,1000,False,0,2,[-7.38565807 -1.2731864   1.96974579],landing,[-0.82138112 -0.19970136 -0.21083176]
875.3894028663635,1001,False,6,0,[8.3164998  4.02397147 3.73966626],entering,[-0.48080528  0.59740651 -0.20557775]
875.3894028663635,1002,False,0,1,[7.6371118  2.08224125 4.00034094],exiting,[ 0.5677905  -0.59831228 -0.99408226]
875.3894028663635,1003,False,5,6,[-8.09961456  7.93224447  1.27280501],waiting,[ 0.63925976  0.24903542 -0.34837281]
875.3894028663635,1004,False,3,4,[ 8.3876932  -1.51737784  4.        ],cruising,[-0.62185191  0.08809385  0.93462812]
875.3894028663635,1005,False,1,3,[-0.38455791 -7.15750406  4.        ],exiting,[ 0.50568378 -0.03156594 -0.11489306]
875.4909076690674,1000,False,0,2,[-7.39476765 -1.25142174  1.87256907],landing,[-0.82138112 -0.19970136 -0.21083176]
875.4909076690674,1001,False,6,0,[8.33136397 3.82452459 3.77871632],cruising,[-0.48080528  0.59740651 -0.20557775]
875.4909076690674,1002,False,0,1,[7.53737483 2.08948936 4.00027455],exiting,[ 0.5677905  -0.59831228 -0.99408226]
875.4909076690674,1003,False,5,6,[-8.09961456  7.93224447  1.27280501],waiting,[ 0.63925976  0.24903542 -0.34837281]
875.4909076690674,1004,False,3,4,[ 8.3633658  -1.71589277  4.        ],cruising,[-0.62185191  0.08809385  0.93462812]
875.4909076690674,1005,False,1,3,[-0.36764635 -7.25606368  4.        ],exiting,[ 0.50568378 -0.03156594 -0.11489306]
875.5832443237305,1000,False,0,2,[-7.40387723 -1.22965707  1.77539235],landing,[-0.82138112 -0.19970136 -0.21083176]
875.5832443237305,1001,False,6,0,[8.34041261 3.62472939 3.81190887],cruising,[-0.48080528  0.59740651 -0.20557775]
875.5832443237305,1002,False,0,1,[7.43763785 2.09673746 4.00022051],exiting,[ 0.5677905  -0.59831228 -0.99408226]
875.5832443237305,1003,False,5,6,[-8.09961456  7.93224447  1.27280501],waiting,[ 0.63925976  0.24903542 -0.34837281]
875.5832443237305,1004,False,3,4,[ 8.3341778  -1.91375146  4.        ],cruising,[-0.62185191  0.08809385  0.93462812]
875.5832443237305,1005,False,1,3,[-0.35073478 -7.3546233   4.        ],exiting,[ 0.50568378 -0.03156594 -0.11489306]
875.680956363678,1000,False,0,2,[-7.41298682 -1.20789241  1.67821563],landing,[-0.82138112 -0.19970136 -0.21083176]
875.680956363678,1001,False,6,0,[8.34782474 3.42486679 3.84012254],cruising,[-0.48080528  0.59740651 -0.20557775]
875.680956363678,1002,False,0,1,[7.33790087 2.10398557 4.0001766 ],exiting,[ 0.5677905  -0.59831228 -0.99408226]
875.680956363678,1003,False,5,6,[-8.09961456  7.93224447  1.27280501],waiting,[ 0.63925976  0.24903542 -0.34837281]
875.680956363678,1004,False,3,4,[ 8.30266877 -2.11125382  4.        ],cruising,[-0.62185191  0.08809385  0.93462812]
875.680956363678,1005,False,1,3,[-0.33382321 -7.45318292  4.        ],exiting,[ 0.50568378 -0.03156594 -0.11489306]
875.7850556373596,1000,False,0,2,[-7.4220964  -1.18612774  1.58103891],landing,[-0.82138112 -0.19970136 -0.21083176]
875.7850556373596,1001,False,6,0,[8.36131892 3.22532254 3.86410416],cruising,[-0.48080528  0.59740651 -0.20557775]
875.7850556373596,1002,False,0,1,[7.23816389 2.11123367 4.00014099],exiting,[ 0.5677905  -0.59831228 -0.99408226]
875.7850556373596,1003,False,5,6,[-8.09961456  7.93224447  1.27280501],waiting,[ 0.63925976  0.24903542 -0.34837281]
875.7850556373596,1004,False,3,4,[ 8.26855867 -2.3083236   4.        ],cruising,[-0.62185191  0.08809385  0.93462812]
875.7850556373596,1005,False,1,3,[-0.31691164 -7.55174254  4.        ],exiting,[ 0.50568378 -0.03156594 -0.11489306]
875.8880259990692,1000,False,0,2,[-7.43120598 -1.16436308  1.48386219],fake_landed,[-0.82138112 -0.19970136 -0.21083176]
875.8880259990692,1001,False,6,0,[8.37343312 3.02568976 3.88448854],cruising,[-0.48080528  0.59740651 -0.20557775]
875.8880259990692,1002,False,0,1,[7.13842691 2.11848178 4.00011216],exiting,[ 0.5677905  -0.59831228 -0.99408226]
875.8880259990692,1003,False,5,6,[-8.09961456  7.93224447  1.27280501],waiting,[ 0.63925976  0.24903542 -0.34837281]
875.8880259990692,1004,False,3,4,[ 8.22865619 -2.50430266  4.        ],cruising,[-0.62185191  0.08809385  0.93462812]
875.8880259990692,1005,False,1,3,[-0.30000007 -7.65030216  4.        ],exiting,[ 0.50568378 -0.03156594 -0.11489306]
875.9862909317017,1000,False,0,2,[-7.43849364 -1.14695135  1.40612081],fake_landed,[-0.82138112 -0.19970136 -0.21083176]
875.9862909317017,1001,False,6,0,[8.38493724 2.8260209  3.90181526],cruising,[-0.48080528  0.59740651 -0.20557775]
875.9862909317017,1002,False,0,1,[7.03868993 2.12572989 4.00008887],exiting,[ 0.5677905  -0.59831228 -0.99408226]
875.9862909317017,1003,False,5,6,[-8.09961456  7.93224447  1.27280501],waiting,[ 0.63925976  0.24903542 -0.34837281]
875.9862909317017,1004,False,3,4,[ 8.18588668 -2.69967607  4.        ],cruising,[-0.62185191  0.08809385  0.93462812]
875.9862909317017,1005,False,1,3,[-0.2830885  -7.74886178  4.        ],landing,[ 0.50568378 -0.03156594 -0.11489306]
876.0795426368713,1000,False,0,2,[-7.44395939 -1.13389255  1.34781478],fake_landed,[-0.82138112 -0.19970136 -0.21083176]
876.0795426368713,1001,False,6,0,[8.39995125 2.62658525 3.91654297],cruising,[-0.48080528  0.59740651 -0.20557775]
876.0795426368713,1002,False,0,1,[6.93895295 2.13297799 4.00007011],exiting,[ 0.5677905  -0.59831228 -0.99408226]
876.0795426368713,1003,False,5,6,[-8.09961456  7.93224447  1.27280501],waiting,[ 0.63925976  0.24903542 -0.34837281]
876.0795426368713,1004,False,3,4,[ 8.13649516 -2.89348133  4.        ],cruising,[-0.62185191  0.08809385  0.93462812]
876.0795426368713,1005,False,1,3,[-0.27171203 -7.83429641  3.98596087],landing,[ 0.50568378 -0.03156594 -0.11489306]
876.188684463501,1000,False,0,2,[-7.44760322 -1.12518668  1.30894409],fake_landed,[-0.82138112 -0.19970136 -0.21083176]
876.188684463501,1001,False,6,0,[8.41321523 2.42702556 3.92906152],cruising,[-0.48080528  0.59740651 -0.20557775]
876.188684463501,1002,False,0,1,[6.83921598 2.1402261  4.00005503],exiting,[ 0.5677905  -0.59831228 -0.99408226]
876.188684463501,1003,False,5,6,[-8.09961456  7.93224447  1.27280501],waiting,[ 0.63925976  0.24903542 -0.34837281]
876.188684463501,1004,False,3,4,[ 8.08370844 -3.0863895   4.        ],cruising,[-0.62185191  0.08809385  0.93462812]
876.188684463501,1005,False,1,3,[-0.26586264 -7.90643023  3.95804586],landing,[ 0.50568378 -0.03156594 -0.11489306]
876.2862920761108,1000,False,0,2,[-7.44942514 -1.12083375  1.28950875],fake_landed,[-0.82138112 -0.19970136 -0.21083176]
876.2862920761108,1001,False,6,0,[8.42819297 2.22758718 3.93970229],cruising,[-0.48080528  0.59740651 -0.20557775]
876.2862920761108,1002,False,0,1,[6.739479   2.14747421 4.00004294],exiting,[ 0.5677905  -0.59831228 -0.99408226]
876.2862920761108,1003,False,5,6,[-8.09961456  7.93224447  1.27280501],waiting,[ 0.63925976  0.24903542 -0.34837281]
876.2862920761108,1004,False,3,4,[ 8.02290129 -3.27692162  4.        ],cruising,[-0.62185191  0.08809385  0.93462812]
876.2862920761108,1005,False,1,3,[-0.26552976 -7.96505658  3.91645181],landing,[ 0.50568378 -0.03156594 -0.11489306]
876.3937857151031,1000,False,2,5,[-7.44942514 -1.12083375  1.28950875],waiting,[-0.82138112 -0.19970136 -0.21083176]
876.3937857151031,1001,False,6,0,[8.44068249 2.02797754 3.94874695],cruising,[-0.48080528  0.59740651 -0.20557775]
876.3937857151031,1002,False,0,1,[6.63974202 2.15472231 4.00003328],exiting,[ 0.5677905  -0.59831228 -0.99408226]
876.3937857151031,1003,False,5,6,[-8.09961456  7.93224447  1.27280501],queued,[ 0.63925976  0.24903542 -0.34837281]
876.3937857151031,1004,False,3,4,[ 7.95785675 -3.46604912  4.        ],exiting,[-0.62185191  0.08809385  0.93462812]
876.3937857151031,1005,False,1,3,[-0.27069691 -8.00989379  3.86145591],landing,[ 0.50568378 -0.03156594 -0.11489306]
876.4790847301483,1000,False,2,5,[-7.44942514 -1.12083375  1.28950875],waiting,[-0.82138112 -0.19970136 -0.21083176]
876.4790847301483,1001,False,6,0,[8.45370413 1.82840189 3.95643491],cruising,[-0.48080528  0.59740651 -0.20557775]
876.4790847301483,1002,False,0,1,[6.54000504 2.16197042 4.0000256 ],exiting,[ 0.5677905  -0.59831228 -0.99408226]
876.4790847301483,1003,False,5,6,[-8.09961456  7.93224447  1.29280501],queued,[ 0.63925976  0.24903542 -0.34837281]
876.4790847301483,1004,False,3,4,[ 7.90641439 -3.64051439  4.        ],exiting,[-0.62185191  0.08809385  0.93462812]
876.4790847301483,1005,False,1,3,[-0.2813483  -8.04070569  3.79329894],landing,[ 0.50568378 -0.03156594 -0.11489306]
876.5804748535156,1000,False,2,5,[-7.44942514 -1.12083375  1.28950875],waiting,[-0.82138112 -0.19970136 -0.21083176]
876.5804748535156,1001,False,6,0,[8.46386741 1.62866029 3.96296967],cruising,[-0.48080528  0.59740651 -0.20557775]
876.5804748535156,1002,False,0,1,[6.44026806 2.16921852 4.0000195 ],exiting,[ 0.5677905  -0.59831228 -0.99408226]
876.5804748535156,1003,False,5,6,[-8.09961456  7.93224447  1.33280501],queued,[ 0.63925976  0.24903542 -0.34837281]
876.5804748535156,1004,False,3,4,[ 7.86872235 -3.80045627  4.        ],exiting,[-0.62185191  0.08809385  0.93462812]
876.5804748535156,1005,False,1,3,[-0.29746774 -8.05727468  3.71220985],landing,[ 0.50568378 -0.03156594 -0.11489306]
876.6800947189331,1000,False,2,5,[-7.44942514 -1.12083375  1.28950875],queued,[-0.82138112 -0.19970136 -0.21083176]
876.6800947189331,1001,False,6,0,[8.47382011 1.42890809 3.96852422],cruising,[-0.48080528  0.59740651 -0.20557775]
876.6800947189331,1002,False,0,1,[6.34053108 2.17646663 4.00001469],exiting,[ 0.5677905  -0.59831228 -0.99408226]
876.6800947189331,1003,False,5,6,[-8.09961456  7.93224447  1.39280501],queued,[ 0.63925976  0.24903542 -0.34837281]
876.6800947189331,1004,False,3,4,[ 7.84496314 -3.94604976  4.        ],exiting,[-0.62185191  0.08809385  0.93462812]
876.6800947189331,1005,False,1,3,[-0.31903721 -8.05938155  3.61842649],landing,[ 0.50568378 -0.03156594 -0.11489306]
876.7799017429352,1000,False,2,5,[-7.44942514 -1.12083375  1.30950875],queued,[-0.82138112 -0.19970136 -0.21083176]
876.7799017429352,1001,False,6,0,[8.48304851 1.22912111 3.97324559],cruising,[-0.48080528  0.59740651 -0.20557775]
876.7799017429352,1002,False,0,1,[6.2407941  2.18371474 4.00001092],exiting,[ 0.5677905  -0.59831228 -0.99408226]
876.7799017429352,1003,False,5,6,[-8.09961456  7.93224447  1.46780501],queued,[ 0.63925976  0.24903542 -0.34837281]
876.7799017429352,1004,False,3,4,[ 7.83536975 -4.07752485  4.        ],exiting,[-0.62185191  0.08809385  0.93462812]
876.7799017429352,1005,False,1,3,[-0.3421305  -8.05736776  3.52115036],landing,[ 0.50568378 -0.03156594 -0.11489306]
876.879310131073,1000,False,2,5,[-7.44942514 -1.12083375  1.34950875],queued,[-0.82138112 -0.19970136 -0.21083176]
876.879310131073,1001,False,6,0,[8.48883997 1.02920498 3.97725875],cruising,[-0.48080528  0.59740651 -0.20557775]
876.879310131073,1002,False,0,1,[6.14105712 2.19096284 4.00000797],exiting,[ 0.5677905  -0.59831228 -0.99408226]
876.879310131073,1003,False,5,6,[-8.09961456  7.93224447  1.54280501],queued,[ 0.63925976  0.24903542 -0.34837281]
876.879310131073,1004,False,3,4,[ 7.84012202 -4.1950643   4.        ],exiting,[-0.62185191  0.08809385  0.93462812]
876.879310131073,1005,False,1,3,[-0.3652238  -8.05535398  3.42387424],landing,[ 0.50568378 -0.03156594 -0.11489306]
876.9792354106903,1000,False,2,5,[-7.44942514 -1.12083375  1.40950875],queued,[-0.82138112 -0.19970136 -0.21083176]
876.9792354106903,1001,False,6,0,[8.49366956 0.8292633  3.98066994],cruising,[-0.48080528  0.59740651 -0.20557775]
876.9792354106903,1002,False,0,1,[6.04132014 2.19821095 4.00000569],exiting,[ 0.5677905  -0.59831228 -0.99408226]
876.9792354106903,1003,False,5,6,[-8.09961456  7.93224447  1.61780501],queued,[ 0.63925976  0.24903542 -0.34837281]
876.9792354106903,1004,False,3,4,[ 7.85939861 -4.2988544   4.        ],exiting,[-0.62185191  0.08809385  0.93462812]
876.9792354106903,1005,False,1,3,[-0.3883171  -8.05334019  3.32659811],landing,[ 0.50568378 -0.03156594 -0.11489306]
877.0845906734467,1000,False,2,5,[-7.44942514 -1.12083375  1.48450875],queued,[-0.82138112 -0.19970136 -0.21083176]
877.0845906734467,1001,False,6,0,[8.49722759 0.62929495 3.98356945],cruising,[-0.48080528  0.59740651 -0.20557775]
877.0845906734467,1002,False,0,1,[5.94158317 2.20545906 4.00000394],exiting,[ 0.5677905  -0.59831228 -0.99408226]
877.0845906734467,1003,False,5,6,[-8.09961456  7.93224447  1.69280501],queued,[ 0.63925976  0.24903542 -0.34837281]
877.0845906734467,1004,False,3,4,[ 7.88699547 -4.39497107  4.        ],exiting,[-0.62185191  0.08809385  0.93462812]
877.0845906734467,1005,False,1,3,[-0.41141039 -8.0513264   3.22932199],landing,[ 0.50568378 -0.03156594 -0.11489306]
877.1800746917725,1000,False,2,5,[-7.44942514 -1.12083375  1.55950875],queued,[-0.82138112 -0.19970136 -0.21083176]
877.1800746917725,1001,False,6,0,[8.49718547 0.42929495 3.98603403],cruising,[-0.48080528  0.59740651 -0.20557775]
877.1800746917725,1002,False,0,1,[5.84184619 2.21270716 4.00000262],exiting,[ 0.5677905  -0.59831228 -0.99408226]
877.1800746917725,1003,False,5,6,[-8.09961456  7.93224447  1.76780501],queued,[ 0.63925976  0.24903542 -0.34837281]
877.1800746917725,1004,False,3,4,[ 7.91459233 -4.49108773  4.        ],exiting,[-0.62185191  0.08809385  0.93462812]
877.1800746917725,1005,False,1,3,[-0.43450369 -8.04931261  3.13204587],landing,[ 0.50568378 -0.03156594 -0.11489306]
877.2804791927338,1000,False,2,5,[-7.44942514 -1.12083375  1.63450875],queued,[-0.82138112 -0.19970136 -0.21083176]
877.2804791927338,1001,False,6,0,[8.49582919 0.22929955 3.98812893],cruising,[-0.48080528  0.59740651 -0.20557775]
877.2804791927338,1002,False,0,1,[5.74210921 2.21995527 4.00000162],exiting,[ 0.5677905  -0.59831228 -0.99408226]
877.2804791927338,1003,False,5,6,[-8.09961456  7.93224447  1.84280501],queued,[ 0.63925976  0.24903542 -0.34837281]
877.2804791927338,1004,False,3,4,[ 7.94218919 -4.5872044   4.        ],exiting,[-0.62185191  0.08809385  0.93462812]
877.2804791927338,1005,False,1,3,[-0.45759698 -8.04729882  3.03476974],landing,[ 0.50568378 -0.03156594 -0.11489306]
877.3789567947388,1000,False,2,5,[-7.44942514 -1.12083375  1.70950875],queued,[-0.82138112 -0.19970136 -0.21083176]
877.3789567947388,1001,False,6,0,[8.49293675 0.02932047 3.98990959],cruising,[-0.48080528  0.59740651 -0.20557775]
877.3789567947388,1002,False,0,1,[5.64237223 2.22720337 4.0000009 ],exiting,[ 0.5677905  -0.59831228 -0.99408226]
877.3789567947388,1003,False,5,6,[-8.09961456  7.93224447  1.91780501],queued,[ 0.63925976  0.24903542 -0.34837281]
877.3789567947388,1004,False,3,4,[ 7.96978605 -4.68332106  4.        ],exiting,[-0.62185191  0.08809385  0.93462812]
877.3789567947388,1005,False,1,3,[-0.48069028 -8.04528503  2.93749362],landing,[ 0.50568378 -0.03156594 -0.11489306]
877.479220867157,1000,False,2,5,[-7.44942514 -1.12083375  1.78450875],queued,[-0.82138112 -0.19970136 -0.21083176]
877.479220867157,1001,False,6,0,[ 8.48833224 -0.17062652  3.99142315],cruising,[-0.48080528  0.59740651 -0.20557775]
877.479220867157,1002,False,0,1,[5.54263525 2.23445148 4.00000038],landing,[ 0.5677905  -0.59831228 -0.99408226]
877.479220867157,1003,False,5,6,[-8.09961456  7.93224447  1.99280501],queued,[ 0.63925976  0.24903542 -0.34837281]
877.479220867157,1004,False,3,4,[ 7.99738292 -4.77943772  4.        ],exiting,[-0.62185191  0.08809385  0.93462812]
877.479220867157,1005,False,1,3,[-0.50378357 -8.04327124  2.84021749],landing,[ 0.50568378 -0.03156594 -0.11489306]
877.5793759822845,1000,False,2,5,[-7.44942514 -1.12083375  1.85950875],queued,[-0.82138112 -0.19970136 -0.21083176]
877.5793759822845,1001,False,6,0,[ 8.4798269  -0.37044559  3.99270968],cruising,[-0.48080528  0.59740651 -0.20557775]
877.5793759822845,1002,False,0,1,[5.45679998 2.23756413 3.98622886],landing,[ 0.5677905  -0.59831228 -0.99408226]
877.5793759822845,1003,False,5,6,[-8.09961456  7.93224447  2.06780501],queued,[ 0.63925976  0.24903542 -0.34837281]
877.5793759822845,1004,False,3,4,[ 8.02497978 -4.87555439  4.        ],exiting,[-0.62185191  0.08809385  0.93462812]
877.5793759822845,1005,False,1,3,[-0.52687687 -8.04125745  2.74294137],landing,[ 0.50568378 -0.03156594 -0.11489306]
877.6791620254517,1000,False,2,5,[-7.44942514 -1.12083375  1.93450875],queued,[-0.82138112 -0.19970136 -0.21083176]
877.6791620254517,1001,False,6,0,[ 8.46968529 -0.57018829  3.99380322],cruising,[-0.48080528  0.59740651 -0.20557775]
877.6791620254517,1002,False,0,1,[5.3850368  2.23656673 3.9588528 ],landing,[ 0.5677905  -0.59831228 -0.99408226]
877.6791620254517,1003,False,5,6,[-8.09961456  7.93224447  2.14280501],queued,[ 0.63925976  0.24903542 -0.34837281]
877.6791620254517,1004,False,3,4,[ 8.05257664 -4.97167105  4.        ],exiting,[-0.62185191  0.08809385  0.93462812]
877.6791620254517,1005,False,1,3,[-0.54997017 -8.03924366  2.64566524],landing,[ 0.50568378 -0.03156594 -0.11489306]
877.7794933319092,1000,False,2,5,[-7.44942514 -1.12083375  2.00950875],queued,[-0.82138112 -0.19970136 -0.21083176]
877.7794933319092,1001,False,6,0,[ 8.4577275  -0.7698305   3.99473274],cruising,[-0.48080528  0.59740651 -0.20557775]
877.7794933319092,1002,False,0,1,[5.32754427 2.23149    3.91807123],landing,[ 0.5677905  -0.59831228 -0.99408226]
877.7794933319092,1003,False,5,6,[-8.09961456  7.93224447  2.21780501],queued,[ 0.63925976  0.24903542 -0.34837281]
877.7794933319092,1004,False,3,4,[ 8.0801735  -5.06778772  4.        ],exiting,[-0.62185191  0.08809385  0.93462812]
877.7794933319092,1005,False,1,3,[-0.57306346 -8.03722987  2.54838912],landing,[ 0.50568378 -0.03156594 -0.11489306]
877.881364107132,1000,False,2,5,[-7.44942514 -1.12083375  2.08450875],queued,[-0.82138112 -0.19970136 -0.21083176]
877.881364107132,1001,False,6,0,[ 8.44379922 -0.96934492  3.99552283],cruising,[-0.48080528  0.59740651 -0.20557775]
877.881364107132,1002,False,0,1,[5.28458696 2.22237691 3.8641582 ],landing,[ 0.5677905  -0.59831228 -0.99408226]
877.881364107132,1003,False,5,6,[-8.09961456  7.93224447  2.29280501],queued,[ 0.63925976  0.24903542 -0.34837281]
877.881364107132,1004,False,3,4,[ 8.10777037 -5.16390438  4.        ],exiting,[-0.62185191  0.08809385  0.93462812]
877.881364107132,1005,False,1,3,[-0.59615676 -8.03521608  2.451113  ],landing,[ 0.50568378 -0.03156594 -0.11489306]
877.9797749519348,1000,False,2,5,[-7.44942514 -1.12083375  2.15950875],entering,[-0.82138112 -0.19970136 -0.21083176]
877.9797749519348,1001,False,6,0,[ 8.42558834 -1.1685141   3.99619441],cruising,[-0.48080528  0.59740651 -0.20557775]
877.9797749519348,1002,False,0,1,[5.25640584 2.20926871 3.79737259],landing,[ 0.5677905  -0.59831228 -0.99408226]
877.9797749519348,1003,False,5,6,[-8.09961456  7.93224447  2.36780501],queued,[ 0.63925976  0.24903542 -0.34837281]
877.9797749519348,1004,False,3,4,[ 8.13536723 -5.26002105  4.        ],exiting,[-0.62185191  0.08809385  0.93462812]
877.9797749519348,1005,False,1,3,[-0.61925005 -8.03320229  2.35383687],landing,[ 0.50568378 -0.03156594 -0.11489306]
878.0848612785339,1000,False,2,5,[-7.43634558 -1.10570348  2.23450875],entering,[-0.82138112 -0.19970136 -0.21083176]
878.0848612785339,1001,False,6,0,[ 8.40545774 -1.36749842  3.99676524],cruising,[-0.48080528  0.59740651 -0.20557775]
878.0848612785339,1002,False,0,1,[5.2432103  2.19220295 3.71794695],landing,[ 0.5677905  -0.59831228 -0.99408226]
878.0848612785339,1003,False,5,6,[-8.09961456  7.93224447  2.44280501],queued,[ 0.63925976  0.24903542 -0.34837281]
878.0848612785339,1004,False,3,4,[ 8.16296409 -5.35613771  4.        ],exiting,[-0.62185191  0.08809385  0.93462812]
878.0848612785339,1005,False,1,3,[-0.64234335 -8.0311885   2.25656075],landing,[ 0.50568378 -0.03156594 -0.11489306]
878.1828689575195,1000,False,2,5,[-7.41020137 -1.07543006  2.30950875],entering,[-0.82138112 -0.19970136 -0.21083176]
878.1828689575195,1001,False,6,0,[ 8.38320463 -1.56625656  3.99725046],cruising,[-0.48080528  0.59740651 -0.20557775]
878.1828689575195,1002,False,0,1,[5.24521087 2.1712191  3.62612266],landing,[ 0.5677905  -0.59831228 -0.99408226]
878.1828689575195,1003,False,5,6,[-8.09961456  7.93224447  2.51780501],entering,[ 0.63925976  0.24903542 -0.34837281]
878.1828689575195,1004,False,3,4,[ 8.19056095 -5.45225438  4.        ],exiting,[-0.62185191  0.08809385  0.93462812]
878.1828689575195,1005,False,1,3,[-0.66543664 -8.02917471  2.15928462],landing,[ 0.50568378 -0.03156594 -0.11489306]
878.2844195365906,1000,False,2,5,[-7.37102555 -1.02998505  2.38450875],entering,[-0.82138112 -0.19970136 -0.21083176]
878.2844195365906,1001,False,6,0,[ 8.3562814  -1.76443613  3.99766289],cruising,[-0.48080528  0.59740651 -0.20557775]
878.2844195365906,1002,False,0,1,[5.2538059  2.14857626 3.52909984],landing,[ 0.5677905  -0.59831228 -0.99408226]
878.2844195365906,1003,False,5,6,[-8.08176979  7.92321319  2.59280501],entering,[ 0.63925976  0.24903542 -0.34837281]
878.2844195365906,1004,False,3,4,[ 8.21815781 -5.54837104  4.        ],exiting,[-0.62185191  0.08809385  0.93462812]
878.2844195365906,1005,False,1,3,[-0.68852994 -8.02716092  2.0620085 ],landing,[ 0.50568378 -0.03156594 -0.11489306]
878.3795909881592,1000,False,2,5,[-7.31888121 -0.96931449  2.45950875],entering,[-0.82138112 -0.19970136 -0.21083176]
878.3795909881592,1001,False,6,0,[ 8.32716104 -1.96230478  3.99801346],cruising,[-0.48080528  0.59740651 -0.20557775]
878.3795909881592,1002,False,0,1,[5.26240093 2.12593343 3.43207702],landing,[ 0.5677905  -0.59831228 -0.99408226]
878.3795909881592,1003,False,5,6,[-8.0460666   7.90517763  2.66780501],entering,[ 0.63925976  0.24903542 -0.34837281]
878.3795909881592,1004,False,3,4,[ 8.24575468 -5.64448771  4.        ],exiting,[-0.62185191  0.08809385  0.93462812]
878.3795909881592,1005,False,1,3,[-0.71162324 -8.02514713  1.96473237],landing,[ 0.50568378 -0.03156594 -0.11489306]
878.4843518733978,1000,False,2,5,[-7.25389198 -0.89331393  2.53450875],entering,[-0.82138112 -0.19970136 -0.21083176]
878.4843518733978,1001,False,6,0,[ 8.29557842 -2.15979538  3.99831144],cruising,[-0.48080528  0.59740651 -0.20557775]
878.4843518733978,1002,False,0,1,[5.27099596 2.1032906  3.3350542 ],landing,[ 0.5677905  -0.59831228 -0.99408226]
878.4843518733978,1003,False,5,6,[-7.99247491  7.87819772  2.74280501],entering,[ 0.63925976  0.24903542 -0.34837281]
878.4843518733978,1004,False,3,4,[ 8.27335154 -5.74060437  4.        ],exiting,[-0.62185191  0.08809385  0.93462812]
878.4843518733978,1005,False,1,3,[-0.73471653 -8.02313334  1.86745625],landing,[ 0.50568378 -0.03156594 -0.11489306]
878.5870645046234,1000,False,2,5,[-7.17637573 -0.80172255  2.60950875],entering,[-0.82138112 -0.19970136 -0.21083176]
878.5870645046234,1001,False,6,0,[ 8.25851299 -2.35633076  3.99856472],cruising,[-0.48080528  0.59740651 -0.20557775]
878.5870645046234,1002,False,0,1,[5.27959099 2.08064776 3.23803138],landing,[ 0.5677905  -0.59831228 -0.99408226]
878.5870645046234,1003,False,5,6,[-7.92093771  7.84238837  2.81780501],entering,[ 0.63925976  0.24903542 -0.34837281]
878.5870645046234,1004,False,3,4,[ 8.3009484  -5.83672103  4.        ],exiting,[-0.62185191  0.08809385  0.93462812]
878.5870645046234,1005,False,1,3,[-0.75780983 -8.02111955  1.77018013],landing,[ 0.50568378 -0.03156594 -0.11489306]
878.6813623905182,1000,False,2,5,[-7.08665686 -0.69428515  2.68450875],entering,[-0.82138112 -0.19970136 -0.21083176]
878.6813623905182,1001,False,6,0,[ 8.21875875 -2.55233994  3.99878001],cruising,[-0.48080528  0.59740651 -0.20557775]
878.6813623905182,1002,False,0,1,[5.28818602 2.05800493 3.14100856],landing,[ 0.5677905  -0.59831228 -0.99408226]
878.6813623905182,1003,False,5,6,[-7.83140576  7.79785041  2.89280501],entering,[ 0.63925976  0.24903542 -0.34837281]
878.6813623905182,1004,False,3,4,[ 8.32854526 -5.9328377   4.        ],exiting,[-0.62185191  0.08809385  0.93462812]
878.6813623905182,1005,False,1,3,[-0.78090312 -8.01910576  1.672904  ],landing,[ 0.50568378 -0.03156594 -0.11489306]
878.7938761711121,1000,False,2,5,[-6.98528475 -0.57059346  2.75950875],entering,[-0.82138112 -0.19970136 -0.21083176]
878.7938761711121,1001,False,6,0,[ 8.17282204 -2.74699302  3.99896301],cruising,[-0.48080528  0.59740651 -0.20557775]
878.7938761711121,1002,False,0,1,[5.29678105 2.03536209 3.04398574],landing,[ 0.5677905  -0.59831228 -0.99408226]
878.7938761711121,1003,False,5,6,[-7.72385443  7.74463478  2.96780501],entering,[ 0.63925976  0.24903542 -0.34837281]
878.7938761711121,1004,False,3,4,[ 8.35614212 -6.02895436  4.        ],exiting,[-0.62185191  0.08809385  0.93462812]
878.7938761711121,1005,False,1,3,[-0.80399642 -8.01709197  1.57562788],landing,[ 0.50568378 -0.03156594 -0.11489306]
878.8799977302551,1000,False,2,5,[-6.8734356  -0.42986559  2.83450875],entering,[-0.82138112 -0.19970136 -0.21083176]
878.8799977302551,1001,False,6,0,[ 8.12373156 -2.94087474  3.99911856],cruising,[-0.48080528  0.59740651 -0.20557775]
878.8799977302551,1002,False,0,1,[5.30537608 2.01271926 2.94696293],landing,[ 0.5677905  -0.59831228 -0.99408226]
878.8799977302551,1003,False,5,6,[-7.59826644  7.68277744  3.04280501],entering,[ 0.63925976  0.24903542 -0.34837281]
878.8799977302551,1004,False,3,4,[ 8.38373899 -6.12507103  4.        ],exiting,[-0.62185191  0.08809385  0.93462812]
878.8799977302551,1005,False,1,3,[-0.82708971 -8.01507818  1.47835175],fake_landed,[ 0.50568378 -0.03156594 -0.11489306]
878.9891464710236,1000,False,2,5,[-6.75376266 -0.27073152  2.90950875],entering,[-0.82138112 -0.19970136 -0.21083176]
878.9891464710236,1001,False,6,0,[ 8.06725865 -3.13273618  3.99925078],cruising,[-0.48080528  0.59740651 -0.20557775]
878.9891464710236,1002,False,0,1,[5.31397111 1.99007642 2.84994011],landing,[ 0.5677905  -0.59831228 -0.99408226]
878.9891464710236,1003,False,5,6,[-7.45419515  7.61328024  3.11780501],entering,[ 0.63925976  0.24903542 -0.34837281]
878.9891464710236,1004,False,3,4,[ 8.41133585 -6.22118769  4.        ],exiting,[-0.62185191  0.08809385  0.93462812]
878.9891464710236,1005,False,1,3,[-0.84556435 -8.01346715  1.40053085],fake_landed,[ 0.50568378 -0.03156594 -0.11489306]
879.0902578830719,1000,False,2,5,[-6.63699846 -0.10835504  2.98450875],entering,[-0.82138112 -0.19970136 -0.21083176]
879.0902578830719,1001,False,6,0,[ 8.00688679 -3.32340668  3.99936316],cruising,[-0.48080528  0.59740651 -0.20557775]
879.0902578830719,1002,False,0,1,[5.32256614 1.96743359 2.75291729],landing,[ 0.5677905  -0.59831228 -0.99408226]
879.0902578830719,1003,False,5,6,[-7.29140735  7.53673378  3.19280501],entering,[ 0.63925976  0.24903542 -0.34837281]
879.0902578830719,1004,False,3,4,[ 8.43893271 -6.31730436  4.        ],exiting,[-0.62185191  0.08809385  0.93462812]
879.0902578830719,1005,False,1,3,[-0.85942033 -8.01225888  1.34216518],fake_landed,[ 0.50568378 -0.03156594 -0.11489306]
879.1924979686737,1000,False,2,5,[-6.52376941  0.05650606  3.05950875],entering,[-0.82138112 -0.19970136 -0.21083176]
879.1924979686737,1001,False,6,0,[ 7.93723524 -3.51088644  3.99945869],cruising,[-0.48080528  0.59740651 -0.20557775]
879.1924979686737,1002,False,0,1,[5.33116117 1.94479075 2.65589447],landing,[ 0.5677905  -0.59831228 -0.99408226]
879.1924979686737,1003,False,5,6,[-7.10913631  7.45567029  3.26780501],entering,[ 0.63925976  0.24903542 -0.34837281]
879.1924979686737,1004,False,3,4,[ 8.46652957 -6.41342102  4.        ],exiting,[-0.62185191  0.08809385  0.93462812]
879.1924979686737,1005,False,1,3,[-0.86865765 -8.01145336  1.30325473],fake_landed,[ 0.50568378 -0.03156594 -0.11489306]
879.2799990177155,1000,False,2,5,[-6.41469159  0.22414266  3.13450875],entering,[-0.82138112 -0.19970136 -0.21083176]
879.2799990177155,1001,False,6,0,[ 7.85723677 -3.69419014  3.99953988],cruising,[-0.48080528  0.59740651 -0.20557775]
879.2799990177155,1002,False,0,1,[5.3397562  1.92214792 2.55887165],landing,[ 0.5677905  -0.59831228 -0.99408226]
879.2799990177155,1003,False,5,6,[-6.92534673  7.37679449  3.34280501],entering,[ 0.63925976  0.24903542 -0.34837281]
879.2799990177155,1004,False,3,4,[ 8.49412643 -6.50953769  4.        ],exiting,[-0.62185191  0.08809385  0.93462812]
879.2799990177155,1005,False,1,3,[-0.87327631 -8.0110506   1.28379951],fake_landed,[ 0.50568378 -0.03156594 -0.11489306]
879.3928394317627,1000,False,2,5,[-6.31030385  0.39473926  3.20950875],entering,[-0.82138112 -0.19970136 -0.21083176]
879.3928394317627,1001,False,6,0,[ 7.76532919 -3.87182177  3.9996089 ],cruising,[-0.48080528  0.59740651 -0.20557775]
879.3928394317627,1002,False,0,1,[5.34835123 1.89950508 2.46184883],landing,[ 0.5677905  -0.59831228 -0.99408226]
879.3928394317627,1003,False,5,6,[-6.73942461  7.30308583  3.41780501],entering,[ 0.63925976  0.24903542 -0.34837281]
879.3928394317627,1004,False,3,4,[ 8.5217233  -6.60565435  4.        ],exiting,[-0.62185191  0.08809385  0.93462812]
879.3928394317627,1005,False,3,2,[-0.87327631 -8.0110506   1.28379951],waiting,[ 0.50568378 -0.03156594 -0.11489306]
879.4872460365295,1000,False,2,5,[-6.21130959  0.56852113  3.28450875],entering,[-0.82138112 -0.19970136 -0.21083176]
879.4872460365295,1001,False,6,0,[ 7.65939373 -4.04146161  3.99966757],cruising,[-0.48080528  0.59740651 -0.20557775]
879.4872460365295,1002,False,0,1,[5.35694626 1.87686225 2.36482601],landing,[ 0.5677905  -0.59831228 -0.99408226]
879.4872460365295,1003,False,5,6,[-6.55195511  7.23340667  3.49280501],entering,[ 0.63925976  0.24903542 -0.34837281]
879.4872460365295,1004,False,3,4,[ 8.54932016 -6.70177102  4.        ],exiting,[-0.62185191  0.08809385  0.93462812]
879.4872460365295,1005,False,3,2,[-0.87327631 -8.0110506   1.28379951],waiting,[ 0.50568378 -0.03156594 -0.11489306]
879.5843441486359,1000,False,2,5,[-6.11854167  0.74570497  3.35950875],entering,[-0.82138112 -0.19970136 -0.21083176]
879.5843441486359,1001,False,6,0,[ 7.53705502 -4.19965885  3.99971758],cruising,[-0.48080528  0.59740651 -0.20557775]
879.5843441486359,1002,False,0,1,[5.36554129 1.85421942 2.26780319],landing,[ 0.5677905  -0.59831228 -0.99408226]
879.5843441486359,1003,False,5,6,[-6.3627851   7.16848591  3.56780501],entering,[ 0.63925976  0.24903542 -0.34837281]
879.5843441486359,1004,False,3,4,[ 8.57691702 -6.79788768  4.        ],exiting,[-0.62185191  0.08809385  0.93462812]
879.5843441486359,1005,False,3,2,[-0.87327631 -8.0110506   1.28379951],waiting,[ 0.50568378 -0.03156594 -0.11489306]
879.6865670681,1000,False,2,5,[-6.03296921  0.92647375  3.43450875],entering,[-0.82138112 -0.19970136 -0.21083176]
879.6865670681,1001,False,6,0,[ 7.3997347  -4.34460651  3.99976184],cruising,[-0.48080528  0.59740651 -0.20557775]
879.6865670681,1002,False,0,1,[5.37413632 1.83157658 2.17078037],landing,[ 0.5677905  -0.59831228 -0.99408226]
879.6865670681,1003,False,5,6,[-6.17156755  7.10986978  3.63263426],entering,[ 0.63925976  0.24903542 -0.34837281]
879.6865670681,1004,False,3,4,[ 8.60451388 -6.89400434  4.        ],exiting,[-0.62185191  0.08809385  0.93462812]
879.6865670681,1005,False,3,2,[-0.87327631 -8.0110506   1.28379951],queued,[ 0.50568378 -0.03156594 -0.11489306]
879.7795257568359,1000,False,2,5,[-5.95574808  1.11096466  3.50950875],entering,[-0.82138112 -0.19970136 -0.21083176]
879.7795257568359,1001,False,6,0,[ 7.24986508 -4.47398127  3.99980306],cruising,[-0.48080528  0.59740651 -0.20557775]
879.7795257568359,1002,False,0,1,[5.38273135 1.80893375 2.07375755],landing,[ 0.5677905  -0.59831228 -0.99408226]
879.7795257568359,1003,False,5,6,[-5.97808767  7.05921866  3.68773912],entering,[ 0.63925976  0.24903542 -0.34837281]
879.7795257568359,1004,False,3,4,[ 8.63211075 -6.99012101  4.        ],exiting,[-0.62185191  0.08809385  0.93462812]
879.7795257568359,1005,False,3,2,[-0.87327631 -8.0110506   1.30379951],queued,[ 0.50568378 -0.03156594 -0.11489306]
879.8889482021332,1000,False,2,5,[-5.88822667  1.29922209  3.58308244],entering,[-0.82138112 -0.19970136 -0.21083176]
879.8889482021332,1001,False,6,0,[ 7.08934992 -4.58642463  3.99984127],cruising,[-0.48080528  0.59740651 -0.20557775]
879.8889482021332,1002,False,0,1,[5.39132638 1.78629091 1.97673473],landing,[ 0.5677905  -0.59831228 -0.99408226]
879.8889482021332,1003,False,5,6,[-5.78252671  7.01731508  3.73457825],entering,[ 0.63925976  0.24903542 -0.34837281]
879.8889482021332,1004,False,3,4,[ 8.65970761 -7.08623767  4.        ],landing,[-0.62185191  0.08809385  0.93462812]
879.8889482021332,1005,False,3,2,[-0.87327631 -8.0110506   1.34379951],queued,[ 0.50568378 -0.03156594 -0.11489306]
879.98357462883,1000,False,2,5,[-5.83192108  1.4911327   3.64562007],entering,[-0.82138112 -0.19970136 -0.21083176]
879.98357462883,1001,False,6,0,[ 6.92024254 -4.68080771  3.99987641],cruising,[-0.48080528  0.59740651 -0.20557775]
879.98357462883,1002,False,0,1,[5.39992141 1.76364808 1.87971191],landing,[ 0.5677905  -0.59831228 -0.99408226]
879.98357462883,1003,False,5,6,[-5.58534031  6.98388569  3.77439152],entering,[ 0.63925976  0.24903542 -0.34837281]
879.98357462883,1004,False,3,4,[ 8.68038301 -7.1701107   3.98578076],landing,[-0.62185191  0.08809385  0.93462812]
879.98357462883,1005,False,3,2,[-0.87327631 -8.0110506   1.40379951],queued,[ 0.50568378 -0.03156594 -0.11489306]
880.0856854915619,1000,False,2,5,[-5.788436    1.68634809  3.69877706],entering,[-0.82138112 -0.19970136 -0.21083176]
880.0856854915619,1001,False,6,0,[ 6.74469008 -4.75625772  3.99990842],cruising,[-0.48080528  0.59740651 -0.20557775]
880.0856854915619,1002,False,0,1,[5.40851643 1.74100524 1.78268909],landing,[ 0.5677905  -0.59831228 -0.99408226]
880.0856854915619,1003,False,5,6,[-5.38642385  6.96309526  3.80823279],entering,[ 0.63925976  0.24903542 -0.34837281]
880.0856854915619,1004,False,3,4,[ 8.69412453 -7.24156243  3.95750333],landing,[-0.62185191  0.08809385  0.93462812]
880.0856854915619,1005,False,3,2,[-0.87327631 -8.0110506   1.47879951],queued,[ 0.50568378 -0.03156594 -0.11489306]
880.1808750629425,1000,False,2,5,[-5.75930697  1.88421546  3.7439605 ],entering,[-0.82138112 -0.19970136 -0.21083176]
880.1808750629425,1001,False,6,0,[ 6.56488057 -4.81216605  3.99993725],cruising,[-0.48080528  0.59740651 -0.20557775]
880.1808750629425,1002,False,0,1,[5.41711146 1.71836241 1.68566627],landing,[ 0.5677905  -0.59831228 -0.99408226]
880.1808750629425,1003,False,5,6,[-5.1867171   6.95226864  3.83699787],entering,[ 0.63925976  0.24903542 -0.34837281]
880.1808750629425,1004,False,3,4,[ 8.70091861 -7.3003827   3.91536304],landing,[-0.62185191  0.08809385  0.93462812]
880.1808750629425,1005,False,3,2,[-0.87327631 -8.0110506   1.55379951],queued,[ 0.50568378 -0.03156594 -0.11489306]
880.2822697162628,1000,False,2,5,[-5.74575857  2.08375604  3.78236643],entering,[-0.82138112 -0.19970136 -0.21083176]
880.2822697162628,1001,False,6,0,[ 6.3830253  -4.84817928  3.99996278],cruising,[-0.48080528  0.59740651 -0.20557775]
880.2822697162628,1002,False,0,1,[5.42570649 1.69571957 1.58864345],landing,[ 0.5677905  -0.59831228 -0.99408226]
880.2822697162628,1003,False,5,6,[-4.98671786  6.95171849  3.86144819],cruising,[ 0.63925976  0.24903542 -0.34837281]
880.2822697162628,1004,False,3,4,[ 8.70074859 -7.34628022  3.85963952],landing,[-0.62185191  0.08809385  0.93462812]
880.2822697162628,1005,False,3,2,[-0.87327631 -8.0110506   1.62879951],queued,[ 0.50568378 -0.03156594 -0.11489306]
880.3803243637085,1000,False,2,5,[-5.74756572  2.28374787  3.81501146],entering,[-0.82138112 -0.19970136 -0.21083176]
880.3803243637085,1001,False,6,0,[ 6.20050929 -4.86420343  3.99998471],cruising,[-0.48080528  0.59740651 -0.20557775]
880.3803243637085,1002,False,0,1,[5.43430152 1.67307674 1.49162063],fake_landed,[ 0.5677905  -0.59831228 -0.99408226]
880.3803243637085,1003,False,5,6,[-4.78693286  6.9609896   3.88223096],cruising,[ 0.63925976  0.24903542 -0.34837281]
880.3803243637085,1004,False,3,4,[ 8.69360322 -7.37902583  3.7905604 ],landing,[-0.62185191  0.08809385  0.93462812]
880.3803243637085,1005,False,3,2,[-0.87327631 -8.0110506   1.70379951],queued,[ 0.50568378 -0.03156594 -0.11489306]
880.4814674854279,1000,False,2,5,[-5.7653754   2.48295333  3.84275974],cruising,[-0.82138112 -0.19970136 -0.21083176]
880.4814674854279,1001,False,6,0,[ 6.01879186 -4.86024353  4.00000296],cruising,[-0.48080528  0.59740651 -0.20557775]
880.4814674854279,1002,False,0,1,[5.44117755 1.65496247 1.41400238],fake_landed,[ 0.5677905  -0.59831228 -0.99408226]
880.4814674854279,1003,False,5,6,[-4.58773863  6.97892449  3.89989632],cruising,[ 0.63925976  0.24903542 -0.34837281]
880.4814674854279,1004,False,3,4,[ 8.67947322 -7.39839839  3.70835207],landing,[-0.62185191  0.08809385  0.93462812]
880.4814674854279,1005,False,3,2,[-0.87327631 -8.0110506   1.77879951],queued,[ 0.50568378 -0.03156594 -0.11489306]
880.5832059383392,1000,False,2,5,[-5.79698806  2.68043913  3.86634578],cruising,[-0.82138112 -0.19970136 -0.21083176]
880.5832059383392,1001,False,6,0,[ 5.83906438 -4.83638287  4.00001743],cruising,[-0.48080528  0.59740651 -0.20557775]
880.5832059383392,1002,False,0,1,[5.44633457 1.64137677 1.35578869],fake_landed,[ 0.5677905  -0.59831228 -0.99408226]
880.5832059383392,1003,False,5,6,[-4.38930778  7.00392842  3.91491187],cruising,[ 0.63925976  0.24903542 -0.34837281]
880.5832059383392,1004,False,3,4,[ 8.65835091 -7.40417484  3.61324982],landing,[-0.62185191  0.08809385  0.93462812]
880.5832059383392,1005,False,3,2,[-0.87327631 -8.0110506   1.85379951],entering,[ 0.50568378 -0.03156594 -0.11489306]
880.6888208389282,1000,False,2,5,[-5.84183165  2.87534693  3.88639391],cruising,[-0.82138112 -0.19970136 -0.21083176]
880.6888208389282,1001,False,6,0,[ 5.66186408 -4.79268252  4.0000278 ],cruising,[-0.48080528  0.59740651 -0.20557775]
880.6888208389282,1002,False,0,1,[5.44977258 1.63231964 1.31697956],fake_landed,[ 0.5677905  -0.59831228 -0.99408226]
880.6888208389282,1003,False,5,6,[-4.19161858  7.03424309  3.92767509],cruising,[ 0.63925976  0.24903542 -0.34837281]
880.6888208389282,1004,False,3,4,[ 8.6359544  -7.40743472  3.51584463],landing,[-0.62185191  0.08809385  0.93462812]
880.6888208389282,1005,False,3,2,[-0.87976751 -7.9921333   1.92879951],entering,[ 0.50568378 -0.03156594 -0.11489306]
880.7896778583527,1000,False,2,5,[-5.8962139   3.0678114   3.90343483],cruising,[-0.82138112 -0.19970136 -0.21083176]
880.7896778583527,1001,False,6,0,[ 5.48792593 -4.72925001  4.00003395],cruising,[-0.48080528  0.59740651 -0.20557775]
880.7896778583527,1002,False,0,1,[5.45149158 1.62779107 1.29757499],fake_landed,[ 0.5677905  -0.59831228 -0.99408226]
880.7896778583527,1003,False,5,6,[-3.99451349  7.06814863  3.93852383],cruising,[ 0.63925976  0.24903542 -0.34837281]
880.7896778583527,1004,False,3,4,[ 8.6135579  -7.41069461  3.41843945],landing,[-0.62185191  0.08809385  0.93462812]
880.7896778583527,1005,False,3,2,[-0.89274991 -7.9542987   2.00379951],entering,[ 0.50568378 -0.03156594 -0.11489306]
880.8850009441376,1000,False,2,5,[-5.95769666  3.25812659  3.9179196 ],cruising,[-0.82138112 -0.19970136 -0.21083176]
880.8850009441376,1001,False,6,0,[ 5.31705072 -4.64605342  4.00003539],cruising,[-0.48080528  0.59740651 -0.20557775]
880.8850009441376,1002,False,1,3,[5.45149158 1.62779107 1.29757499],waiting,[ 0.5677905  -0.59831228 -0.99408226]
880.8850009441376,1003,False,5,6,[-3.79776648  7.1040737   3.94774525],cruising,[ 0.63925976  0.24903542 -0.34837281]
880.8850009441376,1004,False,3,4,[ 8.59116139 -7.41395449  3.32103427],landing,[-0.62185191  0.08809385  0.93462812]
880.8850009441376,1005,False,3,2,[-0.91222351 -7.89754679  2.07879951],entering,[ 0.50568378 -0.03156594 -0.11489306]
880.9793684482574,1000,False,2,5,[-6.02389007  3.44685505  3.93023166],cruising,[-0.82138112 -0.19970136 -0.21083176]
880.9793684482574,1001,False,6,0,[ 5.14871137 -4.54301826  4.00003168],cruising,[-0.48080528  0.59740651 -0.20557775]
880.9793684482574,1002,False,1,3,[5.45149158 1.62779107 1.29757499],waiting,[ 0.5677905  -0.59831228 -0.99408226]
880.9793684482574,1003,False,5,6,[-3.60069754  7.1381887   3.95558346],cruising,[ 0.63925976  0.24903542 -0.34837281]
880.9793684482574,1004,False,3,4,[ 8.56876489 -7.41721438  3.22362908],landing,[-0.62185191  0.08809385  0.93462812]
880.9793684482574,1005,False,3,2,[-0.9381883  -7.82187758  2.15379951],entering,[ 0.50568378 -0.03156594 -0.11489306]
881.0814874172211,1000,False,2,5,[-6.0925192   3.63471149  3.94069691],cruising,[-0.82138112 -0.19970136 -0.21083176]
881.0814874172211,1001,False,6,0,[ 4.97679503 -4.44081859  4.00002693],cruising,[-0.48080528  0.59740651 -0.20557775]
881.0814874172211,1002,False,1,3,[5.45149158 1.62779107 1.29757499],waiting,[ 0.5677905  -0.59831228 -0.99408226]
881.0814874172211,1003,False,5,6,[-3.40360125  7.17214537  3.96224594],cruising,[ 0.63925976  0.24903542 -0.34837281]
881.0814874172211,1004,False,3,4,[ 8.54636838 -7.42047427  3.1262239 ],landing,[-0.62185191  0.08809385  0.93462812]
881.0814874172211,1005,False,3,2,[-0.9706443  -7.72729107  2.22879951],entering,[ 0.50568378 -0.03156594 -0.11489306]
881.1790795326233,1000,False,2,5,[-6.16140826  3.82247277  3.94959238],cruising,[-0.82138112 -0.19970136 -0.21083176]
881.1790795326233,1001,False,6,0,[ 4.80205827 -4.34351976  4.00002289],cruising,[-0.48080528  0.59740651 -0.20557775]
881.1790795326233,1002,False,1,3,[5.45149158 1.62779107 1.29757499],waiting,[ 0.5677905  -0.59831228 -0.99408226]
881.1790795326233,1003,False,5,6,[-3.20627836  7.20475938  3.96790905],cruising,[ 0.63925976  0.24903542 -0.34837281]
881.1790795326233,1004,False,3,4,[ 8.52397188 -7.42373415  3.02881872],landing,[-0.62185191  0.08809385  0.93462812]
881.1790795326233,1005,False,3,2,[-1.0095915  -7.61378726  2.30379951],entering,[ 0.50568378 -0.03156594 -0.11489306]
881.279522895813,1000,False,2,5,[-6.2284099   4.01091581  3.95715352],cruising,[-0.82138112 -0.19970136 -0.21083176]
881.279522895813,1001,False,6,0,[ 4.6241793  -4.25209179  4.00001946],cruising,[-0.48080528  0.59740651 -0.20557775]
881.279522895813,1002,False,1,3,[5.45149158 1.62779107 1.29757499],waiting,[ 0.5677905  -0.59831228 -0.99408226]
881.279522895813,1003,False,5,6,[-3.00818377  7.23230086  3.97272269],cruising,[ 0.63925976  0.24903542 -0.34837281]
881.279522895813,1004,False,3,4,[ 8.50157537 -7.42699404  2.93141353],landing,[-0.62185191  0.08809385  0.93462812]
881.279522895813,1005,False,3,2,[-1.0550299  -7.48136614  2.37879951],entering,[ 0.50568378 -0.03156594 -0.11489306]
881.3890988826752,1000,False,2,5,[-6.29129856  4.20077106  3.96358049],cruising,[-0.82138112 -0.19970136 -0.21083176]
881.3890988826752,1001,False,6,0,[ 4.44473146 -4.16378283  4.00001654],cruising,[-0.48080528  0.59740651 -0.20557775]
881.3890988826752,1002,False,1,3,[5.45149158 1.62779107 1.29757499],waiting,[ 0.5677905  -0.59831228 -0.99408226]
881.3890988826752,1003,False,5,6,[-2.80968521  7.25676156  3.97681429],cruising,[ 0.63925976  0.24903542 -0.34837281]
881.3890988826752,1004,False,3,4,[ 8.47917886 -7.43025392  2.83400835],landing,[-0.62185191  0.08809385  0.93462812]
881.3890988826752,1005,False,3,2,[-1.1069595  -7.33002772  2.45379951],entering,[ 0.50568378 -0.03156594 -0.11489306]
881.4940679073334,1000,False,2,5,[-6.34763666  4.39267213  3.96904342],cruising,[-0.82138112 -0.19970136 -0.21083176]
881.4940679073334,1001,False,6,0,[ 4.26343278 -4.07933884  4.00001406],cruising,[-0.48080528  0.59740651 -0.20557775]
881.4940679073334,1002,False,1,3,[5.45149158 1.62779107 1.29757499],waiting,[ 0.5677905  -0.59831228 -0.99408226]
881.4940679073334,1003,False,5,6,[-2.61042488  7.27394638  3.98029215],cruising,[ 0.63925976  0.24903542 -0.34837281]
881.4940679073334,1004,False,3,4,[ 8.45678236 -7.43351381  2.73660317],landing,[-0.62185191  0.08809385  0.93462812]
881.4940679073334,1005,False,3,2,[-1.1653803  -7.159772    2.52879951],entering,[ 0.50568378 -0.03156594 -0.11489306]
881.5848791599274,1000,False,2,5,[-6.38837722  4.58847868  3.97368691],exiting,[-0.82138112 -0.19970136 -0.21083176]
881.5848791599274,1001,False,6,0,[ 4.08127438 -3.99676573  4.00001195],cruising,[-0.48080528  0.59740651 -0.20557775]
881.5848791599274,1002,False,1,3,[5.45149158 1.62779107 1.29757499],queued,[ 0.5677905  -0.59831228 -0.99408226]
881.5848791599274,1003,False,5,6,[-2.41079206  7.2860599   3.98324832],cruising,[ 0.63925976  0.24903542 -0.34837281]
881.5848791599274,1004,False,3,4,[ 8.43438585 -7.4367737   2.63919799],landing,[-0.62185191  0.08809385  0.93462812]
881.5848791599274,1005,False,3,2,[-1.23154594 -6.97107672  2.60379951],entering,[ 0.50568378 -0.03156594 -0.11489306]
881.6938436031342,1000,False,2,5,[-6.43234366  4.76454711  3.978337  ],exiting,[-0.82138112 -0.19970136 -0.21083176]
881.6938436031342,1001,False,6,0,[ 3.89800526 -3.91668809  4.00001016],cruising,[-0.48080528  0.59740651 -0.20557775]
881.6938436031342,1002,False,1,3,[5.45149158 1.62779107 1.31757499],queued,[ 0.5677905  -0.59831228 -0.99408226]
881.6938436031342,1003,False,5,6,[-2.21079907  7.28773509  3.98576108],cruising,[ 0.63925976  0.24903542 -0.34837281]
881.6938436031342,1004,False,3,4,[ 8.41198935 -7.44003358  2.5417928 ],landing,[-0.62185191  0.08809385  0.93462812]
881.6938436031342,1005,False,3,2,[-1.29772742 -6.78234407  2.67879951],entering,[ 0.50568378 -0.03156594 -0.11489306]
881.7833230495453,1000,False,2,5,[-6.47976836  4.92091721  3.98285992],exiting,[-0.82138112 -0.19970136 -0.21083176]
881.7833230495453,1001,False,6,0,[ 3.7142087  -3.83782855  4.00000863],cruising,[-0.48080528  0.59740651 -0.20557775]
881.7833230495453,1002,False,1,3,[5.45149158 1.62779107 1.35757499],queued,[ 0.5677905  -0.59831228 -0.99408226]
881.7833230495453,1003,False,5,6,[-2.01142335  7.27194517  3.98789691],cruising,[ 0.63925976  0.24903542 -0.34837281]
881.7833230495453,1004,False,3,4,[ 8.38959284 -7.44329347  2.44438762],landing,[-0.62185191  0.08809385  0.93462812]
881.7833230495453,1005,False,3,2,[-1.3639089  -6.59361143  2.75379951],entering,[ 0.50568378 -0.03156594 -0.11489306]
881.8825597763062,1000,False,2,5,[-6.53095582  5.05764715  3.9870576 ],exiting,[-0.82138112 -0.19970136 -0.21083176]
881.8825597763062,1001,False,6,0,[ 3.52969916 -3.76065195  4.00000734],cruising,[-0.48080528  0.59740651 -0.20557775]
881.8825597763062,1002,False,1,3,[5.45149158 1.62779107 1.41757499],queued,[ 0.5677905  -0.59831228 -0.99408226]
881.8825597763062,1003,False,5,6,[-1.81445807  7.23723673  3.98971238],cruising,[ 0.63925976  0.24903542 -0.34837281]
881.8825597763062,1004,False,3,4,[ 8.36719634 -7.44655335  2.34698244],landing,[-0.62185191  0.08809385  0.93462812]
881.8825597763062,1005,False,3,2,[-1.43087157 -6.40515453  2.82879951],entering,[ 0.50568378 -0.03156594 -0.11489306]
881.9887945652008,1000,False,2,5,[-6.58627087  5.17481694  3.99065204],exiting,[-0.82138112 -0.19970136 -0.21083176]
881.9887945652008,1001,False,6,0,[ 3.34476065 -3.68450901  4.00000624],cruising,[-0.48080528  0.59740651 -0.20557775]
881.9887945652008,1002,False,1,3,[5.45149158 1.62779107 1.49257499],queued,[ 0.5677905  -0.59831228 -0.99408226]
881.9887945652008,1003,False,5,6,[-1.62112039  7.18604549  3.99125552],cruising,[ 0.63925976  0.24903542 -0.34837281]
881.9887945652008,1004,False,3,4,[ 8.34479983 -7.44981324  2.24957725],landing,[-0.62185191  0.08809385  0.93462812]
881.9887945652008,1005,False,3,2,[-1.49836797 -6.21688814  2.90379951],entering,[ 0.50568378 -0.03156594 -0.11489306]
882.0842442512512,1000,False,2,5,[-6.64602003  5.2725051   3.99334969],exiting,[-0.82138112 -0.19970136 -0.21083176]
882.0842442512512,1001,False,6,0,[ 3.15931827 -3.60960157  4.0000053 ],cruising,[-0.48080528  0.59740651 -0.20557775]
882.0842442512512,1002,False,1,3,[5.45149158 1.62779107 1.56757499],queued,[ 0.5677905  -0.59831228 -0.99408226]
882.0842442512512,1003,False,5,6,[-1.43201062  7.12094943  3.99256719],cruising,[ 0.63925976  0.24903542 -0.34837281]
882.0842442512512,1004,False,3,4,[ 8.32240332 -7.45307312  2.15217207],landing,[-0.62185191  0.08809385  0.93462812]
882.0842442512512,1005,False,3,2,[-1.56586438 -6.02862175  2.97879951],entering,[ 0.50568378 -0.03156594 -0.11489306]
882.1825048923492,1000,False,2,5,[-6.71051359  5.35080829  3.99473821],exiting,[-0.82138112 -0.19970136 -0.21083176]
882.1825048923492,1001,False,6,0,[ 2.9733746  -3.5359473   4.00000451],cruising,[-0.48080528  0.59740651 -0.20557775]
882.1825048923492,1002,False,1,3,[5.45149158 1.62779107 1.64257499],queued,[ 0.5677905  -0.59831228 -0.99408226]
882.1825048923492,1003,False,5,6,[-1.24721864  7.04445158  3.99368211],cruising,[ 0.63925976  0.24903542 -0.34837281]
882.1825048923492,1004,False,3,4,[ 8.30000682 -7.45633301  2.05476689],landing,[-0.62185191  0.08809385  0.93462812]
882.1825048923492,1005,False,3,2,[-1.63463702 -5.84081779  3.05379951],entering,[ 0.50568378 -0.03156594 -0.11489306]
882.2870967388153,1000,False,2,5,[-6.77564242  5.42669109  3.99571662],exiting,[-0.82138112 -0.19970136 -0.21083176]
882.2870967388153,1001,False,6,0,[ 2.78683952 -3.46380394  4.00000383],cruising,[-0.48080528  0.59740651 -0.20557775]
882.2870967388153,1002,False,1,3,[5.45149158 1.62779107 1.71757499],queued,[ 0.5677905  -0.59831228 -0.99408226]
882.2870967388153,1003,False,5,6,[-1.06506052  6.96187785  3.9946298 ],cruising,[ 0.63925976  0.24903542 -0.34837281]
882.2870967388153,1004,False,3,4,[ 8.27761031 -7.4595929   1.9573617 ],landing,[-0.62185191  0.08809385  0.93462812]
882.2870967388153,1005,False,3,2,[-1.70340965 -5.65301384  3.12879951],entering,[ 0.50568378 -0.03156594 -0.11489306]
882.3797061443329,1000,False,2,5,[-6.84077129  5.50257393  3.99651884],exiting,[-0.82138112 -0.19970136 -0.21083176]
882.3797061443329,1001,False,6,0,[ 2.5998267  -3.39290822  4.00000326],cruising,[-0.48080528  0.59740651 -0.20557775]
882.3797061443329,1002,False,1,3,[5.45149158 1.62779107 1.79257499],queued,[ 0.5677905  -0.59831228 -0.99408226]
882.3797061443329,1003,False,5,6,[-0.88693514  6.8709309   3.99543533],cruising,[ 0.63925976  0.24903542 -0.34837281]
882.3797061443329,1004,False,3,4,[ 8.25521381 -7.46285278  1.85995652],landing,[-0.62185191  0.08809385  0.93462812]
882.3797061443329,1005,False,3,2,[-1.77332361 -5.46563178  3.20379951],entering,[ 0.50568378 -0.03156594 -0.11489306]
882.4799137115479,1000,False,2,5,[-6.90590017  5.5784568   3.99717585],exiting,[-0.82138112 -0.19970136 -0.21083176]
882.4799137115479,1001,False,6,0,[ 2.41202687 -3.32412431  4.00000277],cruising,[-0.48080528  0.59740651 -0.20557775]
882.4799137115479,1002,False,1,3,[5.45149158 1.62779107 1.86757499],queued,[ 0.5677905  -0.59831228 -0.99408226]
882.4799137115479,1003,False,5,6,[-0.71215261  6.7737143   3.99612003],cruising,[ 0.63925976  0.24903542 -0.34837281]
882.4799137115479,1004,False,3,4,[ 8.2328173  -7.46611267  1.76255134],landing,[-0.62185191  0.08809385  0.93462812]
882.4799137115479,1005,False,3,2,[-1.84277719 -5.27807858  3.27879951],entering,[ 0.50568378 -0.03156594 -0.11489306]
882.5853955745697,1000,False,2,5,[-6.97102908  5.65433969  3.99771326],exiting,[-0.82138112 -0.19970136 -0.21083176]
882.5853955745697,1001,False,6,0,[ 2.22329338 -3.25794525  4.00000235],cruising,[-0.48080528  0.59740651 -0.20557775]
882.5853955745697,1002,False,1,3,[5.45149158 1.62779107 1.94257499],queued,[ 0.5677905  -0.59831228 -0.99408226]
882.5853955745697,1003,False,5,6,[-0.53904641  6.67354322  3.99670202],cruising,[ 0.63925976  0.24903542 -0.34837281]
882.5853955745697,1004,False,3,4,[ 8.2104208  -7.46937255  1.66514616],landing,[-0.62185191  0.08809385  0.93462812]
882.5853955745697,1005,False,3,2,[-1.91369493 -5.09107411  3.35379951],entering,[ 0.50568378 -0.03156594 -0.11489306]
882.6927330493927,1000,False,2,5,[-7.036158    5.73022259  3.99815228],exiting,[-0.82138112 -0.19970136 -0.21083176]
882.6927330493927,1001,False,6,0,[ 2.03396246 -3.19349523  4.000002  ],cruising,[-0.48080528  0.59740651 -0.20557775]
882.6927330493927,1002,False,1,3,[5.45149158 1.62779107 2.01757499],queued,[ 0.5677905  -0.59831228 -0.99408226]
882.6927330493927,1003,False,5,6,[-0.3682219   6.56952887  3.99719672],cruising,[ 0.63925976  0.24903542 -0.34837281]
882.6927330493927,1004,False,3,4,[ 8.18802429 -7.47263244  1.56774097],landing,[-0.62185191  0.08809385  0.93462812]
882.6927330493927,1005,False,3,2,[-1.98523213 -4.90430572  3.42879951],entering,[ 0.50568378 -0.03156594 -0.11489306]
882.7853698730469,1000,False,2,5,[-7.10128692  5.8061055   3.99851041],exiting,[-0.82138112 -0.19970136 -0.21083176]
882.7853698730469,1001,False,6,0,[ 1.84335861 -3.1329133   4.0000017 ],cruising,[-0.48080528  0.59740651 -0.20557775]
882.7853698730469,1002,False,1,3,[5.45149158 1.62779107 2.09257499],queued,[ 0.5677905  -0.59831228 -0.99408226]
882.7853698730469,1003,False,5,6,[-0.19886247  6.46314568  3.99761721],cruising,[ 0.63925976  0.24903542 -0.34837281]
882.7853698730469,1004,False,3,4,[ 8.16562778 -7.47589233  1.47033579],fake_landed,[-0.62185191  0.08809385  0.93462812]
882.7853698730469,1005,False,3,2,[-2.05703189 -4.71763812  3.50379951],entering,[ 0.50568378 -0.03156594 -0.11489306]
882.8869788646698,1000,False,2,5,[-7.16641585  5.88198842  3.99880212],exiting,[-0.82138112 -0.19970136 -0.21083176]
882.8869788646698,1001,False,6,0,[ 1.65129631 -3.07712734  4.00000144],cruising,[-0.48080528  0.59740651 -0.20557775]
882.8869788646698,1002,False,1,3,[5.45149158 1.62779107 2.16757499],queued,[ 0.5677905  -0.59831228 -0.99408226]
882.8869788646698,1003,False,5,6,[-0.02994341  6.35606462  3.99797463],cruising,[ 0.63925976  0.24903542 -0.34837281]
882.8869788646698,1004,False,3,4,[ 8.14771058 -7.47850023  1.39241164],fake_landed,[-0.62185191  0.08809385  0.93462812]
882.8869788646698,1005,False,3,2,[-2.12872364 -4.53092901  3.57822958],entering,[ 0.50568378 -0.03156594 -0.11489306]
882.9831144809723,1000,False,2,5,[-7.23154479  5.95787135  3.99903934],exiting,[-0.82138112 -0.19970136 -0.21083176]
882.9831144809723,1001,False,6,0,[ 1.45758237 -3.02737889  4.00000123],cruising,[-0.48080528  0.59740651 -0.20557775]
882.9831144809723,1002,False,1,3,[5.45149158 1.62779107 2.24257499],queued,[ 0.5677905  -0.59831228 -0.99408226]
882.9831144809723,1003,False,5,6,[0.13877352 6.24866538 3.99827844],cruising,[ 0.63925976  0.24903542 -0.34837281]
882.9831144809723,1004,False,3,4,[ 8.13427268 -7.48045617  1.33396853],fake_landed,[-0.62185191  0.08809385  0.93462812]
882.9831144809723,1005,False,3,2,[-2.1987787  -4.34359965  3.64149514],entering,[ 0.50568378 -0.03156594 -0.11489306]
883.0933055877686,1000,False,2,5,[-7.29667373  6.03375428  3.99923191],exiting,[-0.82138112 -0.19970136 -0.21083176]
883.0933055877686,1001,False,6,0,[ 1.26204418 -2.98536914  4.00000104],cruising,[-0.48080528  0.59740651 -0.20557775]
883.0933055877686,1002,False,1,3,[5.45149158 1.62779107 2.31757499],queued,[ 0.5677905  -0.59831228 -0.99408226]
883.0933055877686,1003,False,5,6,[0.30756499 6.14138333 3.99853667],cruising,[ 0.63925976  0.24903542 -0.34837281]
883.0933055877686,1004,False,3,4,[ 8.12531407 -7.48176012  1.29500646],fake_landed,[-0.62185191  0.08809385  0.93462812]
883.0933055877686,1005,False,3,2,[-2.26346409 -4.15434902  3.69527087],entering,[ 0.50568378 -0.03156594 -0.11489306]
883.1834259033203,1000,False,2,5,[-7.36180267  6.10963721  3.99938794],exiting,[-0.82138112 -0.19970136 -0.21083176]
883.1834259033203,1001,False,6,0,[ 1.06460306 -2.95347865  4.00000089],cruising,[-0.48080528  0.59740651 -0.20557775]
883.1834259033203,1002,False,1,3,[5.45149158 1.62779107 2.39257499],queued,[ 0.5677905  -0.59831228 -0.99408226]
883.1834259033203,1003,False,5,6,[0.47686339 6.03490304 3.99875617],cruising,[ 0.63925976  0.24903542 -0.34837281]
883.1834259033203,1004,False,3,4,[ 8.12083477 -7.4824121   1.27552542],fake_landed,[-0.62185191  0.08809385  0.93462812]
883.1834259033203,1005,False,3,2,[-2.325989   -3.96437366  3.74098024],entering,[ 0.50568378 -0.03156594 -0.11489306]
883.287145614624,1000,False,2,5,[-7.42693161  6.18552014  3.9995141 ],exiting,[-0.82138112 -0.19970136 -0.21083176]
883.287145614624,1001,False,6,0,[ 0.86500672 -2.9414717   4.00000075],cruising,[-0.48080528  0.59740651 -0.20557775]
883.287145614624,1002,False,1,3,[5.45149158 1.62779107 2.46757499],queued,[ 0.5677905  -0.59831228 -0.99408226]
883.287145614624,1003,False,5,6,[0.64730035 5.93025485 3.99894274],cruising,[ 0.63925976  0.24903542 -0.34837281]
883.287145614624,1004,False,4,1,[ 8.12083477 -7.4824121   1.27552542],waiting,[-0.62185191  0.08809385  0.93462812]
883.287145614624,1005,False,3,2,[-2.38767219 -3.77412334  3.7798332 ],entering,[ 0.50568378 -0.03156594 -0.11489306]
883.3852319717407,1000,False,2,5,[-7.49206056  6.26140308  3.99961587],exiting,[-0.82138112 -0.19970136 -0.21083176]
883.3852319717407,1001,False,6,0,[ 0.66505444 -2.94584032  4.00000064],cruising,[-0.48080528  0.59740651 -0.20557775]
883.3852319717407,1002,False,1,3,[5.45149158 1.62779107 2.54257499],queued,[ 0.5677905  -0.59831228 -0.99408226]
883.3852319717407,1003,False,5,6,[0.81885896 5.82745582 3.99910133],cruising,[ 0.63925976  0.24903542 -0.34837281]
883.3852319717407,1004,False,4,1,[ 8.12083477 -7.4824121   1.27552542],waiting,[-0.62185191  0.08809385  0.93462812]
883.3852319717407,1005,False,3,2,[-2.44883222 -3.5837042   3.81285822],cruising,[ 0.50568378 -0.03156594 -0.11489306]
883.4919760227203,1000,False,2,5,[-7.5571895   6.33728601  3.99969777],exiting,[-0.82138112 -0.19970136 -0.21083176]
883.4919760227203,1001,False,6,0,[ 0.46555293 -2.95995231  4.00000054],cruising,[-0.48080528  0.59740651 -0.20557775]
883.4919760227203,1002,False,1,3,[5.45149158 1.62779107 2.61757499],entering,[ 0.5677905  -0.59831228 -0.99408226]
883.4919760227203,1003,False,5,6,[0.99179688 5.72699449 3.99923613],cruising,[ 0.63925976  0.24903542 -0.34837281]
883.4919760227203,1004,False,4,1,[ 8.12083477 -7.4824121   1.27552542],waiting,[-0.62185191  0.08809385  0.93462812]
883.4919760227203,1005,False,3,2,[-2.50410673 -3.39149408  3.84092949],cruising,[ 0.50568378 -0.03156594 -0.11489306]
883.587099313736,1000,False,2,5,[-7.62231845  6.41316895  3.9997635 ],exiting,[-0.82138112 -0.19970136 -0.21083176]
883.587099313736,1001,False,6,0,[ 0.26770559 -2.98921713  4.00000046],cruising,[-0.48080528  0.59740651 -0.20557775]
883.587099313736,1002,False,1,3,[5.47118569 1.6243065  2.69257499],entering,[ 0.5677905  -0.59831228 -0.99408226]
883.587099313736,1003,False,5,6,[1.16714962 5.63081022 3.99935071],cruising,[ 0.63925976  0.24903542 -0.34837281]
883.587099313736,1004,False,4,1,[ 8.12083477 -7.4824121   1.27552542],waiting,[-0.62185191  0.08809385  0.93462812]
883.587099313736,1005,False,3,2,[-2.54968323 -3.19675636  3.86479007],cruising,[ 0.50568378 -0.03156594 -0.11489306]
883.6833291053772,1000,False,2,5,[-7.68744739  6.48905189  3.99981609],exiting,[-0.82138112 -0.19970136 -0.21083176]
883.6833291053772,1001,False,6,0,[ 0.07348143 -3.03693481  4.00000039],cruising,[-0.48080528  0.59740651 -0.20557775]
883.6833291053772,1002,False,1,3,[5.51056825 1.61730561 2.76757499],entering,[ 0.5677905  -0.59831228 -0.99408226]
883.6833291053772,1003,False,5,6,[1.34432545 5.53802699 3.99944811],cruising,[ 0.63925976  0.24903542 -0.34837281]
883.6833291053772,1004,False,4,1,[ 8.12083477 -7.4824121   1.27552542],waiting,[-0.62185191  0.08809385  0.93462812]
883.6833291053772,1005,False,3,2,[-2.59372643 -3.00166613  3.88507156],cruising,[ 0.50568378 -0.03156594 -0.11489306]
883.7898814678192,1000,False,2,5,[-7.75257634  6.56493482  3.99985802],exiting,[-0.82138112 -0.19970136 -0.21083176]
883.7898814678192,1001,False,6,0,[-0.1174911  -3.09634435  4.00000033],cruising,[-0.48080528  0.59740651 -0.20557775]
883.7898814678192,1002,False,1,3,[5.56962657 1.60671798 2.84257499],entering,[ 0.5677905  -0.59831228 -0.99408226]
883.7898814678192,1003,False,5,6,[1.52451258 5.45123645 3.99953089],cruising,[ 0.63925976  0.24903542 -0.34837281]
883.7898814678192,1004,False,4,1,[ 8.12083477 -7.4824121   1.27552542],waiting,[-0.62185191  0.08809385  0.93462812]
883.7898814678192,1005,False,3,2,[-2.63699311 -2.80640222  3.90231082],cruising,[ 0.50568378 -0.03156594 -0.11489306]
883.8829493522644,1000,False,2,5,[-7.81770529  6.64081776  3.99989133],exiting,[-0.82138112 -0.19970136 -0.21083176]
883.8829493522644,1001,False,6,0,[-0.30492187 -3.16612763  4.00000028],cruising,[-0.48080528  0.59740651 -0.20557775]
883.8829493522644,1002,False,1,3,[5.64828675 1.59215954 2.91757499],entering,[ 0.5677905  -0.59831228 -0.99408226]
883.8829493522644,1003,False,5,6,[1.70680578 5.36896138 3.99960126],cruising,[ 0.63925976  0.24903542 -0.34837281]
883.8829493522644,1004,False,4,1,[ 8.12083477 -7.4824121   1.27552542],waiting,[-0.62185191  0.08809385  0.93462812]
883.8829493522644,1005,False,3,2,[-2.67747715 -2.61054247  3.9169642 ],cruising,[ 0.50568378 -0.03156594 -0.11489306]
883.9876601696014,1000,False,2,5,[-7.88283423  6.7167007   3.99991768],exiting,[-0.82138112 -0.19970136 -0.21083176]
883.9876601696014,1001,False,6,0,[-0.48774995 -3.24720717  4.00000024],cruising,[-0.48080528  0.59740651 -0.20557775]
883.9876601696014,1002,False,1,3,[5.7464677  1.5732492  2.99257499],entering,[ 0.5677905  -0.59831228 -0.99408226]
883.9876601696014,1003,False,5,6,[1.89135495 5.29187957 3.99966107],cruising,[ 0.63925976  0.24903542 -0.34837281]
883.9876601696014,1004,False,4,1,[ 8.12083477 -7.4824121   1.27552542],waiting,[-0.62185191  0.08809385  0.93462812]
883.9876601696014,1005,False,3,2,[-2.71933628 -2.41497198  3.92941957],cruising,[ 0.50568378 -0.03156594 -0.11489306]
884.0863592624664,1000,False,2,5,[-7.94796318  6.79258364  3.99993841],exiting,[-0.82138112 -0.19970136 -0.21083176]
884.0863592624664,1001,False,6,0,[-0.66716463 -3.33558349  4.00000021],cruising,[-0.48080528  0.59740651 -0.20557775]
884.0863592624664,1002,False,1,3,[5.86402849 1.54939696 3.06757499],entering,[ 0.5677905  -0.59831228 -0.99408226]
884.0863592624664,1003,False,5,6,[2.07825174 5.22067853 3.99971191],cruising,[ 0.63925976  0.24903542 -0.34837281]
884.0863592624664,1004,False,4,1,[ 8.12083477 -7.4824121   1.27552542],waiting,[-0.62185191  0.08809385  0.93462812]
884.0863592624664,1005,False,3,2,[-2.76282116 -2.21975655  3.94000663],cruising,[ 0.50568378 -0.03156594 -0.11489306]
884.1844432353973,1000,False,2,5,[-8.01309213  6.86846657  3.99995463],exiting,[-0.82138112 -0.19970136 -0.21083176]
884.1844432353973,1001,False,6,0,[-0.84500705 -3.42708252  4.00000017],cruising,[-0.48080528  0.59740651 -0.20557775]
884.1844432353973,1002,False,1,3,[6.0007836  1.51992533 3.14257499],entering,[ 0.5677905  -0.59831228 -0.99408226]
884.1844432353973,1003,False,5,6,[2.26896477 5.16044115 3.99975512],cruising,[ 0.63925976  0.24903542 -0.34837281]
884.1844432353973,1004,False,4,1,[ 8.12083477 -7.4824121   1.27552542],waiting,[-0.62185191  0.08809385  0.93462812]
884.1844432353973,1005,False,3,2,[-2.80743778 -2.02479666  3.94900564],cruising,[ 0.50568378 -0.03156594 -0.11489306]
884.2829225063324,1000,False,2,5,[-8.07822107  6.94434951  3.99996724],exiting,[-0.82138112 -0.19970136 -0.21083176]
884.2829225063324,1001,False,6,0,[-1.02413092 -3.51604677  4.00000015],cruising,[-0.48080528  0.59740651 -0.20557775]
884.2829225063324,1002,False,1,3,[6.15605846 1.4829026  3.21757499],entering,[ 0.5677905  -0.59831228 -0.99408226]
884.2829225063324,1003,False,5,6,[2.4626445  5.11055967 3.99979185],cruising,[ 0.63925976  0.24903542 -0.34837281]
884.2829225063324,1004,False,4,1,[ 8.12083477 -7.4824121   1.27552542],waiting,[-0.62185191  0.08809385  0.93462812]
884.2829225063324,1005,False,3,2,[-2.85493437 -1.83051833  3.95665479],cruising,[ 0.50568378 -0.03156594 -0.11489306]
884.3811089992523,1000,False,2,5,[-8.14335002  7.02023245  3.99997696],exiting,[-0.82138112 -0.19970136 -0.21083176]
884.3811089992523,1001,False,6,0,[-1.20739436 -3.59613743  4.00000013],cruising,[-0.48080528  0.59740651 -0.20557775]
884.3811089992523,1002,False,1,3,[6.32893414 1.43638191 3.29257499],entering,[ 0.5677905  -0.59831228 -0.99408226]
884.3811089992523,1003,False,5,6,[2.65839105 5.06953177 3.99982308],cruising,[ 0.63925976  0.24903542 -0.34837281]
884.3811089992523,1004,False,4,1,[ 8.12083477 -7.4824121   1.27552542],waiting,[-0.62185191  0.08809385  0.93462812]
884.3811089992523,1005,False,3,2,[-2.90558449 -1.63703818  3.96315657],cruising,[ 0.50568378 -0.03156594 -0.11489306]
884.4929370880127,1000,False,2,5,[-8.20847897  7.09611539  3.99998437],exiting,[-0.82138112 -0.19970136 -0.21083176]
884.4929370880127,1001,False,6,0,[-1.39756942 -3.65746031  4.00000011],cruising,[-0.48080528  0.59740651 -0.20557775]
884.4929370880127,1002,False,1,3,[6.51530849 1.37510366 3.36757499],entering,[ 0.5677905  -0.59831228 -0.99408226]
884.4929370880127,1003,False,5,6,[2.85554588 5.0359167  3.99984961],cruising,[ 0.63925976  0.24903542 -0.34837281]
884.4929370880127,1004,False,4,1,[ 8.12083477 -7.4824121   1.27552542],waiting,[-0.62185191  0.08809385  0.93462812]
884.4929370880127,1005,False,3,2,[-2.95972316 -1.44450506  3.96868309],cruising,[ 0.50568378 -0.03156594 -0.11489306]
884.5820052623749,1000,False,2,5,[-8.27360791  7.17199833  3.99998996],exiting,[-0.82138112 -0.19970136 -0.21083176]
884.5820052623749,1001,False,6,0,[-1.59150419 -3.69913976  4.00000009],cruising,[-0.48080528  0.59740651 -0.20557775]
884.5820052623749,1002,False,1,3,[6.70227608 1.30408873 3.44257499],entering,[ 0.5677905  -0.59831228 -0.99408226]
884.5820052623749,1003,False,5,6,[3.05364163 5.00838355 3.99987217],cruising,[ 0.63925976  0.24903542 -0.34837281]
884.5820052623749,1004,False,4,1,[ 8.12083477 -7.4824121   1.27552542],waiting,[-0.62185191  0.08809385  0.93462812]
884.5820052623749,1005,False,3,2,[-3.01772629 -1.25310068  3.97338062],cruising,[ 0.50568378 -0.03156594 -0.11489306]
884.6868398189545,1000,False,2,5,[-8.33873686  7.24788126  3.9999941 ],exiting,[-0.82138112 -0.19970136 -0.21083176]
884.6868398189545,1001,False,6,0,[-1.7860842  -3.72082962  4.00000007],cruising,[-0.48080528  0.59740651 -0.20557775]
884.6868398189545,1002,False,1,3,[6.88525284 1.22334528 3.51757499],entering,[ 0.5677905  -0.59831228 -0.99408226]
884.6868398189545,1003,False,5,6,[3.25235458 4.98573049 3.99989135],cruising,[ 0.63925976  0.24903542 -0.34837281]
884.6868398189545,1004,False,4,1,[ 8.12083477 -7.4824121   1.27552542],waiting,[-0.62185191  0.08809385  0.93462812]
884.6868398189545,1005,False,3,2,[-3.07999317 -1.06304059  3.97737353],cruising,[ 0.50568378 -0.03156594 -0.11489306]
884.7875621318817,1000,False,2,5,[-8.40386581  7.3237642   3.99999708],landing,[-0.82138112 -0.19970136 -0.21083176]
884.7875621318817,1001,False,6,0,[-1.9783084  -3.72265871  4.00000006],cruising,[-0.48080528  0.59740651 -0.20557775]
884.7875621318817,1002,False,1,3,[7.06324404 1.132136   3.58993874],entering,[ 0.5677905  -0.59831228 -0.99408226]
884.7875621318817,1003,False,5,6,[3.45146481 4.96688589 3.99990764],cruising,[ 0.63925976  0.24903542 -0.34837281]
884.7875621318817,1004,False,4,1,[ 8.12083477 -7.4824121   1.27552542],waiting,[-0.62185191  0.08809385  0.93462812]
884.7875621318817,1005,False,3,2,[-3.14582198 -0.87418465  3.9807675 ],cruising,[ 0.50568378 -0.03156594 -0.11489306]
884.8803994655609,1000,False,2,5,[-8.45764361  7.39146362  3.98571085],landing,[-0.82138112 -0.19970136 -0.21083176]
884.8803994655609,1001,False,6,0,[-2.16527764 -3.7051905   4.00000004],cruising,[-0.48080528  0.59740651 -0.20557775]
884.8803994655609,1002,False,1,3,[7.23501737 1.02969615 3.65144793],entering,[ 0.5677905  -0.59831228 -0.99408226]
884.8803994655609,1003,False,5,6,[3.65082482 4.95089885 3.9999215 ],cruising,[ 0.63925976  0.24903542 -0.34837281]
884.8803994655609,1004,False,4,1,[ 8.12083477 -7.4824121   1.27552542],waiting,[-0.62185191  0.08809385  0.93462812]
884.8803994655609,1005,False,3,2,[-3.2167382  -0.6871796   3.98365238],cruising,[ 0.50568378 -0.03156594 -0.11489306]
884.9938535690308,1000,False,2,5,[-8.49998422  7.45082274  3.95729557],landing,[-0.82138112 -0.19970136 -0.21083176]
884.9938535690308,1001,False,6,0,[-2.34466449 -3.66921534  4.00000003],cruising,[-0.48080528  0.59740651 -0.20557775]
884.9938535690308,1002,False,1,3,[7.40032886 0.91712567 3.70373074],entering,[ 0.5677905  -0.59831228 -0.99408226]
884.9938535690308,1003,False,5,6,[3.850336   4.93692429 3.99993327],cruising,[ 0.63925976  0.24903542 -0.34837281]
884.9938535690308,1004,False,4,1,[ 8.12083477 -7.4824121   1.27552542],waiting,[-0.62185191  0.08809385  0.93462812]
884.9938535690308,1005,False,3,2,[-3.29315602 -0.5023545   3.98610452],cruising,[ 0.50568378 -0.03156594 -0.11489306]
885.0944278240204,1000,False,2,5,[-8.53078664  7.50165519  3.91494594],landing,[-0.82138112 -0.19970136 -0.21083176]
885.0944278240204,1001,False,6,0,[-2.51428038 -3.61578945  4.00000001],cruising,[-0.48080528  0.59740651 -0.20557775]
885.0944278240204,1002,False,1,3,[7.55618722 0.79179342 3.74817113],entering,[ 0.5677905  -0.59831228 -0.99408226]
885.0944278240204,1003,False,5,6,[4.04993119 4.92420579 3.99994328],cruising,[ 0.63925976  0.24903542 -0.34837281]
885.0944278240204,1004,False,4,1,[ 8.12083477 -7.4824121   1.27552542],waiting,[-0.62185191  0.08809385  0.93462812]
885.0944278240204,1005,False,3,2,[-3.37546018 -0.32007442  3.98818884],cruising,[ 0.50568378 -0.03156594 -0.11489306]
885.184586763382,1000,False,2,5,[-8.54991195  7.54370009  3.85894259],landing,[-0.82138112 -0.19970136 -0.21083176]
885.184586763382,1001,False,6,0,[-2.67213219 -3.5461893   4.        ],cruising,[-0.48080528  0.59740651 -0.20557775]
885.184586763382,1002,False,1,3,[7.70061575 0.65344459 3.78594546],entering,[ 0.5677905  -0.59831228 -0.99408226]
885.184586763382,1003,False,5,6,[4.24956191 4.91205771 3.99995179],cruising,[ 0.63925976  0.24903542 -0.34837281]
885.184586763382,1004,False,4,1,[ 8.12083477 -7.4824121   1.27552542],waiting,[-0.62185191  0.08809385  0.93462812]
885.184586763382,1005,False,3,2,[-3.46209624 -0.13981297  3.98996052],cruising,[ 0.50568378 -0.03156594 -0.11489306]
885.2801551818848,1000,False,2,5,[-8.55725543  7.57675701  3.78950775],landing,[-0.82138112 -0.19970136 -0.21083176]
885.2801551818848,1001,False,6,0,[-2.81654278 -3.46177923  3.99999999],cruising,[-0.48080528  0.59740651 -0.20557775]
885.2801551818848,1002,False,1,3,[7.83162466 0.50232654 3.81805364],entering,[ 0.5677905  -0.59831228 -0.99408226]
885.2801551818848,1003,False,5,6,[4.44918448 4.89977641 3.99995902],cruising,[ 0.63925976  0.24903542 -0.34837281]
885.2801551818848,1004,False,4,1,[ 8.12083477 -7.4824121   1.27552542],waiting,[-0.62185191  0.08809385  0.93462812]
885.2801551818848,1005,False,3,2,[-3.55566745  0.03694797  3.99146644],exiting,[ 0.50568378 -0.03156594 -0.11489306]
885.3794875144958,1000,False,2,5,[-8.55271547  7.60062806  3.70686674],landing,[-0.82138112 -0.19970136 -0.21083176]
885.3794875144958,1001,False,6,0,[-2.94605927 -3.36402129  3.99999998],cruising,[-0.48080528  0.59740651 -0.20557775]
885.3794875144958,1002,False,1,3,[7.94749657 0.33931212 3.8453456 ],entering,[ 0.5677905  -0.59831228 -0.99408226]
885.3794875144958,1003,False,5,6,[4.64878661 4.88716725 3.99996517],cruising,[ 0.63925976  0.24903542 -0.34837281]
885.3794875144958,1004,False,4,1,[ 8.12083477 -7.4824121   1.27552542],waiting,[-0.62185191  0.08809385  0.93462812]
885.3794875144958,1005,False,3,2,[-3.64896021  0.19371084  3.99297184],exiting,[ 0.50568378 -0.03156594 -0.11489306]
885.4866816997528,1000,False,2,5,[-8.53619106  7.61511289  3.61125374],landing,[-0.82138112 -0.19970136 -0.21083176]
885.4866816997528,1001,False,6,0,[-3.05938037 -3.25452838  3.99999997],cruising,[-0.48080528  0.59740651 -0.20557775]
885.4866816997528,1002,False,1,3,[8.04711105 0.16588503 3.86854376],cruising,[ 0.5677905  -0.59831228 -0.99408226]
885.4866816997528,1003,False,5,6,[4.84832391 4.87357075 3.99997039],cruising,[ 0.63925976  0.24903542 -0.34837281]
885.4866816997528,1004,False,4,1,[ 8.12083477 -7.4824121   1.27552542],waiting,[-0.62185191  0.08809385  0.93462812]
885.4866816997528,1005,False,3,2,[-3.74182312  0.33047834  3.99445712],exiting,[ 0.50568378 -0.03156594 -0.11489306]
885.5918691158295,1000,False,2,5,[-8.51793088  7.62822036  3.51381268],landing,[-0.82138112 -0.19970136 -0.21083176]
885.5918691158295,1001,False,6,0,[-3.15540699 -3.13499054  3.99999997],cruising,[-0.48080528  0.59740651 -0.20557775]
885.5918691158295,1002,False,1,3,[ 8.1291409  -0.01646995  3.88841419],cruising,[ 0.5677905  -0.59831228 -0.99408226]
885.5918691158295,1003,False,5,6,[5.04774426 4.8583549  3.99997483],cruising,[ 0.63925976  0.24903542 -0.34837281]
885.5918691158295,1004,False,4,1,[ 8.12083477 -7.4824121   1.27552542],queued,[-0.62185191  0.08809385  0.93462812]
885.5918691158295,1005,False,3,2,[-3.83408564  0.4472549   3.99590027],exiting,[ 0.50568378 -0.03156594 -0.11489306]
885.6864233016968,1000,False,2,5,[-8.49967069  7.64132784  3.41637162],landing,[-0.82138112 -0.19970136 -0.21083176]
885.6864233016968,1001,False,6,0,[-3.23351873 -3.00656129  3.99999996],cruising,[-0.48080528  0.59740651 -0.20557775]
885.6864233016968,1002,False,1,3,[ 8.19444878 -0.20550667  3.90515206],cruising,[ 0.5677905  -0.59831228 -0.99408226]
885.6864233016968,1003,False,5,6,[5.24698069 4.84089508 3.99997861],cruising,[ 0.63925976  0.24903542 -0.34837281]
885.6864233016968,1004,False,4,1,[ 8.12083477 -7.4824121   1.29552542],queued,[-0.62185191  0.08809385  0.93462812]
885.6864233016968,1005,False,3,2,[-3.92555298  0.54404739  3.99727613],exiting,[ 0.50568378 -0.03156594 -0.11489306]
885.7840428352356,1000,False,2,5,[-8.4814105   7.65443531  3.31893057],landing,[-0.82138112 -0.19970136 -0.21083176]
885.7840428352356,1001,False,6,0,[-3.29334216 -2.8700365   3.99999996],cruising,[-0.48080528  0.59740651 -0.20557775]
885.7840428352356,1002,False,1,3,[ 8.24521078 -0.39895749  3.91937925],cruising,[ 0.5677905  -0.59831228 -0.99408226]
885.7840428352356,1003,False,5,6,[5.44608403 4.82197781 3.99998182],cruising,[ 0.63925976  0.24903542 -0.34837281]
885.7840428352356,1004,False,4,1,[ 8.12083477 -7.4824121   1.33552542],queued,[-0.62185191  0.08809385  0.93462812]
885.7840428352356,1005,False,3,2,[-4.01599596  0.62086637  3.9985549 ],exiting,[ 0.50568378 -0.03156594 -0.11489306]
885.8822000026703,1000,False,2,5,[-8.46315032  7.66754278  3.22148951],landing,[-0.82138112 -0.19970136 -0.21083176]
885.8822000026703,1001,False,6,0,[-3.33470369 -2.72582025  3.99999996],cruising,[-0.48080528  0.59740651 -0.20557775]
885.8822000026703,1002,False,1,3,[ 8.28298778 -0.59535733  3.93147236],cruising,[ 0.5677905  -0.59831228 -0.99408226]
885.8822000026703,1003,False,5,6,[5.6448228  4.79955241 3.99998454],exiting,[ 0.63925976  0.24903542 -0.34837281]
885.8822000026703,1004,False,4,1,[ 8.12083477 -7.4824121   1.39552542],queued,[-0.62185191  0.08809385  0.93462812]
885.8822000026703,1005,False,3,2,[-4.10512651  0.6777289   3.99969893],exiting,[ 0.50568378 -0.03156594 -0.11489306]
885.9841978549957,1000,False,2,5,[-8.44489013  7.68065026  3.12404845],landing,[-0.82138112 -0.19970136 -0.21083176]
885.9841978549957,1001,False,6,0,[-3.35753054 -2.57408966  3.99999995],cruising,[-0.48080528  0.59740651 -0.20557775]
885.9841978549957,1002,False,1,3,[ 8.30941865 -0.79360316  3.94175151],cruising,[ 0.5677905  -0.59831228 -0.99408226]
885.9841978549957,1003,False,5,6,[5.82743871 4.78896142 3.99998726],exiting,[ 0.63925976  0.24903542 -0.34837281]
885.9841978549957,1004,False,4,1,[ 8.12083477 -7.4824121   1.47052542],queued,[-0.62185191  0.08809385  0.93462812]
885.9841978549957,1005,False,3,2,[-4.19256504  0.71466399  4.00065879],exiting,[ 0.50568378 -0.03156594 -0.11489306]
886.0922944545746,1000,False,2,5,[-8.42662995  7.69375773  3.02660739],landing,[-0.82138112 -0.19970136 -0.21083176]
886.0922944545746,1001,False,6,0,[-3.36182611 -2.41483632  3.99999996],cruising,[-0.48080528  0.59740651 -0.20557775]
886.0922944545746,1002,False,1,3,[ 8.32392573 -0.99307633  3.95048878],cruising,[ 0.5677905  -0.59831228 -0.99408226]
886.0922944545746,1003,False,5,6,[5.99391216 4.79017809 3.99998992],exiting,[ 0.63925976  0.24903542 -0.34837281]
886.0922944545746,1004,False,4,1,[ 8.12083477 -7.4824121   1.54552542],queued,[-0.62185191  0.08809385  0.93462812]
886.0922944545746,1005,False,3,2,[-4.27806633  0.73169428  4.00140408],exiting,[ 0.50568378 -0.03156594 -0.11489306]
886.1812815666199,1000,False,2,5,[-8.40836976  7.7068652   2.92916634],landing,[-0.82138112 -0.19970136 -0.21083176]
886.1812815666199,1001,False,6,0,[-3.34791198 -2.24731214  3.99999996],cruising,[-0.48080528  0.59740651 -0.20557775]
886.1812815666199,1002,False,1,3,[ 8.33027368 -1.19297556  3.95791547],cruising,[ 0.5677905  -0.59831228 -0.99408226]
886.1812815666199,1003,False,5,6,[6.14421712 4.80316676 3.99999248],exiting,[ 0.63925976  0.24903542 -0.34837281]
886.1812815666199,1004,False,4,1,[ 8.12083477 -7.4824121   1.62052542],queued,[-0.62185191  0.08809385  0.93462812]
886.1812815666199,1005,False,3,2,[-4.3613804   0.72884601  4.00190644],exiting,[ 0.50568378 -0.03156594 -0.11489306]
886.2834527492523,1000,False,2,5,[-8.39010958  7.71997268  2.83172528],landing,[-0.82138112 -0.19970136 -0.21083176]
886.2834527492523,1001,False,6,0,[-3.31681856 -2.06954726  3.99999996],cruising,[-0.48080528  0.59740651 -0.20557775]
886.2834527492523,1002,False,1,3,[ 8.32951916 -1.39297414  3.96422815],cruising,[ 0.5677905  -0.59831228 -0.99408226]
886.2834527492523,1003,False,5,6,[6.2783189  4.82787963 3.99999487],exiting,[ 0.63925976  0.24903542 -0.34837281]
886.2834527492523,1004,False,4,1,[ 8.12083477 -7.4824121   1.69552542],queued,[-0.62185191  0.08809385  0.93462812]
886.2834527492523,1005,False,3,2,[-4.44225268  0.70614916  4.00214191],exiting,[ 0.50568378 -0.03156594 -0.11489306]
886.3795173168182,1000,False,2,5,[-8.37184939  7.73308015  2.73428422],landing,[-0.82138112 -0.19970136 -0.21083176]
886.3795173168182,1001,False,6,0,[-3.27392542 -1.87563411  3.99999997],cruising,[-0.48080528  0.59740651 -0.20557775]
886.3795173168182,1002,False,1,3,[ 8.32023815 -1.59275868  3.96959392],cruising,[ 0.5677905  -0.59831228 -0.99408226]
886.3795173168182,1003,False,5,6,[6.39616836 4.86424851 3.99999702],exiting,[ 0.63925976  0.24903542 -0.34837281]
886.3795173168182,1004,False,4,1,[ 8.12083477 -7.4824121   1.77052542],queued,[-0.62185191  0.08809385  0.93462812]
886.3795173168182,1005,False,3,2,[-4.52042405  0.66363752  4.00209598],exiting,[ 0.50568378 -0.03156594 -0.11489306]
886.4832103252411,1000,False,2,5,[-8.35358921  7.74618762  2.63684316],landing,[-0.82138112 -0.19970136 -0.21083176]
886.4832103252411,1001,False,6,0,[-3.24640052 -1.67753721  3.99999997],cruising,[-0.48080528  0.59740651 -0.20557775]
886.4832103252411,1002,False,1,3,[ 8.30565265 -1.79222613  3.97415484],cruising,[ 0.5677905  -0.59831228 -0.99408226]
886.4832103252411,1003,False,5,6,[6.4977019  4.91218417 3.99999883],exiting,[ 0.63925976  0.24903542 -0.34837281]
886.4832103252411,1004,False,4,1,[ 8.12083477 -7.4824121   1.84552542],queued,[-0.62185191  0.08809385  0.93462812]
886.4832103252411,1005,False,3,2,[-4.59563089  0.60134865  4.00177972],exiting,[ 0.50568378 -0.03156594 -0.11489306]
886.5879678726196,1000,False,2,5,[-8.33532902  7.7592951   2.5394021 ],landing,[-0.82138112 -0.19970136 -0.21083176]
886.5879678726196,1001,False,6,0,[-3.23535882 -1.47784225  3.99999998],cruising,[-0.48080528  0.59740651 -0.20557775]
886.5879678726196,1002,False,1,3,[ 8.28618087 -1.991276    3.97803161],cruising,[ 0.5677905  -0.59831228 -0.99408226]
886.5879678726196,1003,False,5,6,[6.58286943 4.97161564 4.00000022],exiting,[ 0.63925976  0.24903542 -0.34837281]
886.5879678726196,1004,False,4,1,[ 8.12083477 -7.4824121   1.92052542],queued,[-0.62185191  0.08809385  0.93462812]
886.5879678726196,1005,False,3,2,[-4.67011043  0.53461938  4.00145907],exiting,[ 0.50568378 -0.03156594 -0.11489306]
886.6839978694916,1000,False,2,5,[-8.31706883  7.77240257  2.44196105],landing,[-0.82138112 -0.19970136 -0.21083176]
886.6839978694916,1001,False,6,0,[-3.2402376  -1.27790176  3.99999998],cruising,[-0.48080528  0.59740651 -0.20557775]
886.6839978694916,1002,False,1,3,[ 8.25950468 -2.18948896  3.98132687],cruising,[ 0.5677905  -0.59831228 -0.99408226]
886.6839978694916,1003,False,5,6,[6.65161821 5.04246747 4.00000112],exiting,[ 0.63925976  0.24903542 -0.34837281]
886.6839978694916,1004,False,4,1,[ 8.12083477 -7.4824121   1.99552542],queued,[-0.62185191  0.08809385  0.93462812]
886.6839978694916,1005,False,3,2,[-4.74458997  0.4678901   4.00119482],exiting,[ 0.50568378 -0.03156594 -0.11489306]
886.7864737510681,1000,False,2,5,[-8.29880865  7.78551004  2.34451999],landing,[-0.82138112 -0.19970136 -0.21083176]
886.7864737510681,1001,False,6,0,[-3.25902602 -1.07878623  3.99999998],cruising,[-0.48080528  0.59740651 -0.20557775]
886.7864737510681,1002,False,1,3,[ 8.22870262 -2.38710281  3.98412784],cruising,[ 0.5677905  -0.59831228 -0.99408226]
886.7864737510681,1003,False,5,6,[6.70389364 5.12466077 4.00000147],exiting,[ 0.63925976  0.24903542 -0.34837281]
886.7864737510681,1004,False,4,1,[ 8.12083477 -7.4824121   2.07052542],queued,[-0.62185191  0.08809385  0.93462812]
886.7864737510681,1005,False,3,2,[-4.81906951  0.40116083  4.00097724],exiting,[ 0.50568378 -0.03156594 -0.11489306]
886.8806869983673,1000,False,2,5,[-8.28054846  7.79861752  2.24707893],landing,[-0.82138112 -0.19970136 -0.21083176]
886.8806869983673,1001,False,6,0,[-3.29144793 -0.88143168  3.99999999],cruising,[-0.48080528  0.59740651 -0.20557775]
886.8806869983673,1002,False,1,3,[ 8.19377663 -2.58402964  3.98650866],cruising,[ 0.5677905  -0.59831228 -0.99408226]
886.8806869983673,1003,False,5,6,[6.73984483 5.21797482 4.00000122],exiting,[ 0.63925976  0.24903542 -0.34837281]
886.8806869983673,1004,False,4,1,[ 8.12083477 -7.4824121   2.14552542],queued,[-0.62185191  0.08809385  0.93462812]
886.8806869983673,1005,False,3,2,[-4.89354905  0.33443155  4.00079824],exiting,[ 0.50568378 -0.03156594 -0.11489306]
886.985068321228,1000,False,2,5,[-8.26228828  7.81172499  2.14963787],landing,[-0.82138112 -0.19970136 -0.21083176]
886.985068321228,1001,False,6,0,[-3.33638163 -0.68654463  3.99999999],cruising,[-0.48080528  0.59740651 -0.20557775]
886.985068321228,1002,False,1,3,[ 8.15139854 -2.77948833  3.98853236],cruising,[ 0.5677905  -0.59831228 -0.99408226]
886.985068321228,1003,False,5,6,[6.77579602 5.31128887 4.00000101],exiting,[ 0.63925976  0.24903542 -0.34837281]
886.985068321228,1004,False,4,1,[ 8.12083477 -7.4824121   2.22052542],queued,[-0.62185191  0.08809385  0.93462812]
886.985068321228,1005,False,3,2,[-4.9680286   0.26770227  4.00065112],exiting,[ 0.50568378 -0.03156594 -0.11489306]
887.0816195011139,1000,False,2,5,[-8.24402809  7.82483246  2.05219681],landing,[-0.82138112 -0.19970136 -0.21083176]
887.0816195011139,1001,False,6,0,[-3.39117317 -0.49419627  3.99999999],cruising,[-0.48080528  0.59740651 -0.20557775]
887.0816195011139,1002,False,1,3,[ 8.10498195 -2.97402752  3.99025251],cruising,[ 0.5677905  -0.59831228 -0.99408226]
887.0816195011139,1003,False,5,6,[6.81174722 5.40460292 4.00000083],exiting,[ 0.63925976  0.24903542 -0.34837281]
887.0816195011139,1004,False,4,1,[ 8.12083477 -7.4824121   2.29552542],queued,[-0.62185191  0.08809385  0.93462812]
887.0816195011139,1005,False,3,2,[-5.04250814  0.20097299  4.00053032],exiting,[ 0.50568378 -0.03156594 -0.11489306]
887.1823842525482,1000,False,2,5,[-8.22576791  7.83793994  1.95475576],landing,[-0.82138112 -0.19970136 -0.21083176]
887.1823842525482,1001,False,6,0,[-3.4568394  -0.30528374  3.99999999],cruising,[-0.48080528  0.59740651 -0.20557775]
887.1823842525482,1002,False,1,3,[ 8.05032353 -3.16641374  3.99171463],cruising,[ 0.5677905  -0.59831228 -0.99408226]
887.1823842525482,1003,False,5,6,[6.84769841 5.49791697 4.00000069],exiting,[ 0.63925976  0.24903542 -0.34837281]
887.1823842525482,1004,False,4,1,[ 8.12083477 -7.4824121   2.37052542],queued,[-0.62185191  0.08809385  0.93462812]
887.1823842525482,1005,False,3,2,[-5.11698769  0.13424371  4.00043124],exiting,[ 0.50568378 -0.03156594 -0.11489306]
887.2806041240692,1000,False,2,5,[-8.20750772  7.85104741  1.8573147 ],landing,[-0.82138112 -0.19970136 -0.21083176]
887.2806041240692,1001,False,6,0,[-3.53272999 -0.12024153  3.99999999],cruising,[-0.48080528  0.59740651 -0.20557775]
887.2806041240692,1002,False,1,3,[ 7.98699127 -3.35612148  3.99295744],cruising,[ 0.5677905  -0.59831228 -0.99408226]
887.2806041240692,1003,False,5,6,[6.8836496  5.59123102 4.00000057],exiting,[ 0.63925976  0.24903542 -0.34837281]
887.2806041240692,1004,False,4,1,[ 8.12083477 -7.4824121   2.44552542],entering,[-0.62185191  0.08809385  0.93462812]
887.2806041240692,1005,False,3,2,[-5.19146723  0.06751443  4.00035006],exiting,[ 0.50568378 -0.03156594 -0.11489306]
887.3818490505219,1000,False,2,5,[-8.18924754  7.86415488  1.75987364],landing,[-0.82138112 -0.19970136 -0.21083176]
887.3818490505219,1001,False,6,0,[-3.61628165  0.06147011  3.99999999],cruising,[-0.48080528  0.59740651 -0.20557775]
887.3818490505219,1002,False,1,3,[ 7.91886556 -3.54416107  3.99401382],cruising,[ 0.5677905  -0.59831228 -0.99408226]
887.3818490505219,1003,False,5,6,[6.91960079 5.68454507 4.00000047],exiting,[ 0.63925976  0.24903542 -0.34837281]
887.3818490505219,1004,False,4,1,[ 8.10934484 -7.46604196  2.52052542],entering,[-0.62185191  0.08809385  0.93462812]
887.3818490505219,1005,False,3,2,[-5.26594678e+00  7.85146465e-04  4.00028363e+00],exiting,[ 0.50568378 -0.03156594 -0.11489306]
887.4852793216705,1000,False,2,5,[-8.17098735  7.87726236  1.66243258],landing,[-0.82138112 -0.19970136 -0.21083176]
887.4852793216705,1001,False,6,0,[-3.71091631  0.23766398  3.99999999],cruising,[-0.48080528  0.59740651 -0.20557775]
887.4852793216705,1002,False,1,3,[ 7.83965098 -3.72780488  3.99491175],cruising,[ 0.5677905  -0.59831228 -0.99408226]
887.4852793216705,1003,False,5,6,[6.95555198 5.77785912 4.00000039],exiting,[ 0.63925976  0.24903542 -0.34837281]
887.4852793216705,1004,False,4,1,[ 8.08636497 -7.43330168  2.59552542],entering,[-0.62185191  0.08809385  0.93462812]
887.4852793216705,1005,False,3,2,[-5.34042633 -0.06594413  4.00022934],exiting,[ 0.50568378 -0.03156594 -0.11489306]
887.5886127948761,1000,False,2,5,[-8.15272716  7.89036983  1.56499152],landing,[-0.82138112 -0.19970136 -0.21083176]
887.5886127948761,1001,False,6,0,[-3.8114363  0.4105678  4.       ],cruising,[-0.48080528  0.59740651 -0.20557775]
887.5886127948761,1002,False,1,3,[ 7.74788265 -3.90550849  3.99567499],cruising,[ 0.5677905  -0.59831228 -0.99408226]
887.5886127948761,1003,False,5,6,[6.99150317 5.87117317 4.00000032],exiting,[ 0.63925976  0.24903542 -0.34837281]
887.5886127948761,1004,False,4,1,[ 8.05189517 -7.38419127  2.67052542],entering,[-0.62185191  0.08809385  0.93462812]
887.5886127948761,1005,False,3,2,[-5.41490587 -0.13267342  4.00018503],exiting,[ 0.50568378 -0.03156594 -0.11489306]
887.6874303817749,1000,False,2,5,[-8.13446698  7.9034773   1.46755047],fake_landed,[-0.82138112 -0.19970136 -0.21083176]
887.6874303817749,1001,False,6,0,[-3.91657173  0.58070463  4.        ],cruising,[-0.48080528  0.59740651 -0.20557775]
887.6874303817749,1002,False,1,3,[ 7.64151575 -4.07487816  3.99632374],cruising,[ 0.5677905  -0.59831228 -0.99408226]
887.6874303817749,1003,False,5,6,[7.02745436 5.96448722 4.00000026],exiting,[ 0.63925976  0.24903542 -0.34837281]
887.6874303817749,1004,False,4,1,[ 8.00593543 -7.31871072  2.74552542],entering,[-0.62185191  0.08809385  0.93462812]
887.6874303817749,1005,False,3,2,[-5.48938542 -0.1994027   4.00014892],exiting,[ 0.50568378 -0.03156594 -0.11489306]
887.7790694236755,1000,False,2,5,[-8.11985883  7.91396328  1.38959762],fake_landed,[-0.82138112 -0.19970136 -0.21083176]
887.7790694236755,1001,False,6,0,[-4.02528282  0.74857929  4.        ],cruising,[-0.48080528  0.59740651 -0.20557775]
887.7790694236755,1002,False,1,3,[ 7.51879427 -4.23273613  3.99687988],cruising,[ 0.5677905  -0.59831228 -0.99408226]
887.7790694236755,1003,False,5,6,[7.06340555 6.05780127 4.00000021],exiting,[ 0.63925976  0.24903542 -0.34837281]
887.7790694236755,1004,False,4,1,[ 7.94848575 -7.23686003  2.82052542],entering,[-0.62185191  0.08809385  0.93462812]
887.7790694236755,1005,False,3,2,[-5.56386497 -0.26613198  4.00011954],exiting,[ 0.50568378 -0.03156594 -0.11489306]
887.8847808837891,1000,False,2,5,[-8.10890272  7.92182777  1.33113299],fake_landed,[-0.82138112 -0.19970136 -0.21083176]
887.8847808837891,1001,False,6,0,[-4.13751897  0.91411794  4.        ],cruising,[-0.48080528  0.59740651 -0.20557775]
887.8847808837891,1002,False,1,3,[ 7.38169015 -4.37669669  3.99739538],cruising,[ 0.5677905  -0.59831228 -0.99408226]
887.8847808837891,1003,False,5,6,[7.09935674 6.15111532 4.00000018],exiting,[ 0.63925976  0.24903542 -0.34837281]
887.8847808837891,1004,False,4,1,[ 7.87954615 -7.13863921  2.89552542],entering,[-0.62185191  0.08809385  0.93462812]
887.8847808837891,1005,False,3,2,[-5.63834451 -0.33286126  4.00009568],exiting,[ 0.50568378 -0.03156594 -0.11489306]
887.9803788661957,1000,False,2,5,[-8.10159864  7.92707076  1.29215656],fake_landed,[-0.82138112 -0.19970136 -0.21083176]
887.9803788661957,1001,False,6,0,[-4.2508117   1.07893528  4.        ],cruising,[-0.48080528  0.59740651 -0.20557775]
887.9803788661957,1002,False,1,3,[ 7.23197964 -4.50513058  3.99787078],cruising,[ 0.5677905  -0.59831228 -0.99408226]
887.9803788661957,1003,False,5,6,[7.13530794 6.24442937 4.00000014],exiting,[ 0.63925976  0.24903542 -0.34837281]
887.9803788661957,1004,False,4,1,[ 7.79919712 -7.02399203  2.97052542],entering,[-0.62185191  0.08809385  0.93462812]
887.9803788661957,1005,False,3,2,[-5.71282406 -0.39959054  4.00007633],exiting,[ 0.50568378 -0.03156594 -0.11489306]
888.0853219032288,1000,False,2,5,[-8.09794661  7.92969225  1.27266835],fake_landed,[-0.82138112 -0.19970136 -0.21083176]
888.0853219032288,1001,False,6,0,[-4.36558461  1.24272533  4.        ],cruising,[-0.48080528  0.59740651 -0.20557775]
888.0853219032288,1002,False,1,3,[ 7.0716806  -4.61659741  3.99830742],cruising,[ 0.5677905  -0.59831228 -0.99408226]
888.0853219032288,1003,False,5,6,[7.17125913 6.33774342 4.00000012],exiting,[ 0.63925976  0.24903542 -0.34837281]
888.0853219032288,1004,False,4,1,[ 7.70663626 -6.89350594  3.04552542],entering,[-0.62185191  0.08809385  0.93462812]
888.0853219032288,1005,False,3,2,[-5.78730361 -0.46631982  4.00006067],exiting,[ 0.50568378 -0.03156594 -0.11489306]
888.1938352584839,1000,False,5,4,[-8.09794661  7.92969225  1.27266835],waiting,[-0.82138112 -0.19970136 -0.21083176]
888.1938352584839,1001,False,6,0,[-4.48134324  1.40582021  4.        ],cruising,[-0.48080528  0.59740651 -0.20557775]
888.1938352584839,1002,False,1,3,[ 6.90294851 -4.70992913  3.99870627],cruising,[ 0.5677905  -0.59831228 -0.99408226]
888.1938352584839,1003,False,5,6,[7.20721032 6.43105747 4.0000001 ],exiting,[ 0.63925976  0.24903542 -0.34837281]
888.1938352584839,1004,False,4,1,[ 7.60117469 -6.74773679  3.12052542],entering,[-0.62185191  0.08809385  0.93462812]
888.1938352584839,1005,False,3,2,[-5.86178316 -0.53304911  4.00004803],exiting,[ 0.50568378 -0.03156594 -0.11489306]
888.2824673652649,1000,False,5,4,[-8.09794661  7.92969225  1.27266835],waiting,[-0.82138112 -0.19970136 -0.21083176]
888.2824673652649,1001,False,6,0,[-4.59766685  1.56851261  4.        ],cruising,[-0.48080528  0.59740651 -0.20557775]
888.2824673652649,1002,False,1,3,[ 6.72800662 -4.78424934  3.99906772],cruising,[ 0.5677905  -0.59831228 -0.99408226]
888.2824673652649,1003,False,5,6,[7.24316151 6.52437151 4.00000008],exiting,[ 0.63925976  0.24903542 -0.34837281]
888.2824673652649,1004,False,4,1,[ 7.48273117 -6.58675354  3.19552542],entering,[-0.62185191  0.08809385  0.93462812]
888.2824673652649,1005,False,3,2,[-5.9362627  -0.59977839  4.00003785],exiting,[ 0.50568378 -0.03156594 -0.11489306]
888.3881063461304,1000,False,5,4,[-8.09794661  7.92969225  1.27266835],waiting,[-0.82138112 -0.19970136 -0.21083176]
888.3881063461304,1001,False,6,0,[-4.71419007  1.73106211  4.        ],cruising,[-0.48080528  0.59740651 -0.20557775]
888.3881063461304,1002,False,1,3,[ 6.54910363 -4.83896578  3.99939156],cruising,[ 0.5677905  -0.59831228 -0.99408226]
888.3881063461304,1003,False,5,6,[7.2791127  6.61768556 4.00000006],exiting,[ 0.63925976  0.24903542 -0.34837281]
888.3881063461304,1004,False,4,1,[ 7.36378334 -6.42596979  3.27052542],entering,[-0.62185191  0.08809385  0.93462812]
888.3881063461304,1005,False,3,2,[-6.01074225 -0.66650767  4.00002968],exiting,[ 0.50568378 -0.03156594 -0.11489306]
888.4811904430389,1000,False,5,4,[-8.09794661  7.92969225  1.27266835],waiting,[-0.82138112 -0.19970136 -0.21083176]
888.4811904430389,1001,False,6,0,[-4.8305874   1.89370178  4.        ],cruising,[-0.48080528  0.59740651 -0.20557775]
888.4811904430389,1002,False,1,3,[ 6.36850629 -4.87375415  3.99967701],cruising,[ 0.5677905  -0.59831228 -0.99408226]
888.4811904430389,1003,False,5,6,[7.31506389 6.71099961 4.00000005],exiting,[ 0.63925976  0.24903542 -0.34837281]
888.4811904430389,1004,False,4,1,[ 7.24122852 -6.26791816  3.34552542],entering,[-0.62185191  0.08809385  0.93462812]
888.4811904430389,1005,False,3,2,[-6.0852218  -0.73323695  4.00002313],exiting,[ 0.50568378 -0.03156594 -0.11489306]
888.582777261734,1000,False,5,4,[-8.09794661  7.92969225  1.27266835],waiting,[-0.82138112 -0.19970136 -0.21083176]
888.582777261734,1001,False,6,0,[-4.94655998  2.05664459  4.        ],cruising,[-0.48080528  0.59740651 -0.20557775]
888.582777261734,1002,False,1,3,[ 6.18782928 -4.88854272  3.99992286],cruising,[ 0.5677905  -0.59831228 -0.99408226]
888.582777261734,1003,False,5,6,[7.35101508 6.80431366 4.00000004],exiting,[ 0.63925976  0.24903542 -0.34837281]
888.582777261734,1004,False,4,1,[ 7.11964629 -6.10911715  3.42052542],entering,[-0.62185191  0.08809385  0.93462812]
888.582777261734,1005,False,3,2,[-6.15970135 -0.79996623  4.0000179 ],exiting,[ 0.50568378 -0.03156594 -0.11489306]
888.6936323642731,1000,False,5,4,[-8.09794661  7.92969225  1.27266835],waiting,[-0.82138112 -0.19970136 -0.21083176]
888.6936323642731,1001,False,6,0,[-5.06220884  2.21981733  4.        ],cruising,[-0.48080528  0.59740651 -0.20557775]
888.6936323642731,1002,False,1,3,[ 6.00798318 -4.88334861  4.00012598],cruising,[ 0.5677905  -0.59831228 -0.99408226]
888.6936323642731,1003,False,5,6,[7.38696627 6.89762771 4.00000003],exiting,[ 0.63925976  0.24903542 -0.34837281]
888.6936323642731,1004,False,4,1,[ 6.99261396 -5.95464131  3.49552542],entering,[-0.62185191  0.08809385  0.93462812]
888.6936323642731,1005,False,3,2,[-6.23418089 -0.86669551  4.00001374],exiting,[ 0.50568378 -0.03156594 -0.11489306]
888.7837517261505,1000,False,5,4,[-8.09794661  7.92969225  1.27266835],waiting,[-0.82138112 -0.19970136 -0.21083176]
888.7837517261505,1001,False,6,0,[-5.17691921  2.38365118  4.        ],cruising,[-0.48080528  0.59740651 -0.20557775]
888.7837517261505,1002,False,1,3,[ 5.8301558  -4.85825668  4.00028526],cruising,[ 0.5677905  -0.59831228 -0.99408226]
888.7837517261505,1003,False,5,6,[7.42291747 6.99094176 4.00000003],exiting,[ 0.63925976  0.24903542 -0.34837281]
888.7837517261505,1004,False,4,1,[ 6.86440365 -5.80114174  3.57052542],entering,[-0.62185191  0.08809385  0.93462812]
888.7837517261505,1005,False,3,2,[-6.30866044 -0.9334248   4.00001045],exiting,[ 0.50568378 -0.03156594 -0.11489306]
888.8885838985443,1000,False,5,4,[-8.09794661  7.92969225  1.27266835],waiting,[-0.82138112 -0.19970136 -0.21083176]
888.8885838985443,1001,False,6,0,[-5.29039535  2.5483423   4.        ],cruising,[-0.48080528  0.59740651 -0.20557775]
888.8885838985443,1002,False,1,3,[ 5.65486444 -4.81332625  4.00039739],cruising,[ 0.5677905  -0.59831228 -0.99408226]
888.8885838985443,1003,False,5,6,[7.45886866 7.08425581 4.00000002],exiting,[ 0.63925976  0.24903542 -0.34837281]
888.8885838985443,1004,False,4,1,[ 6.73456535 -5.64901674  3.63494661],entering,[-0.62185191  0.08809385  0.93462812]
888.8885838985443,1005,False,3,2,[-6.38313999 -1.00015408  4.00000785],exiting,[ 0.50568378 -0.03156594 -0.11489306]
888.9826798439026,1000,False,5,4,[-8.09794661  7.92969225  1.27266835],waiting,[-0.82138112 -0.19970136 -0.21083176]
888.9826798439026,1001,False,6,0,[-5.4023291   2.71408559  4.        ],cruising,[-0.48080528  0.59740651 -0.20557775]
888.9826798439026,1002,False,1,3,[ 5.4828241  -4.74866187  4.000461  ],cruising,[ 0.5677905  -0.59831228 -0.99408226]
888.9826798439026,1003,False,5,6,[7.49481985 7.17756986 4.00000002],exiting,[ 0.63925976  0.24903542 -0.34837281]
888.9826798439026,1004,False,4,1,[ 6.59779175 -5.50309559  3.68970462],entering,[-0.62185191  0.08809385  0.93462812]
888.9826798439026,1005,False,3,2,[-6.45761954 -1.06688336  4.00000581],exiting,[ 0.50568378 -0.03156594 -0.11489306]
889.093870639801,1000,False,5,4,[-8.09794661  7.92969225  1.27266835],queued,[-0.82138112 -0.19970136 -0.21083176]
889.093870639801,1001,False,6,0,[-5.51238699  2.88108038  4.        ],cruising,[-0.48080528  0.59740651 -0.20557775]
889.093870639801,1002,False,1,3,[ 5.31379751 -4.66422593  4.00047102],cruising,[ 0.5677905  -0.59831228 -0.99408226]
889.093870639801,1003,False,5,6,[7.53077104 7.27088391 4.00000001],exiting,[ 0.63925976  0.24903542 -0.34837281]
889.093870639801,1004,False,4,1,[ 6.4562819  -5.36176279  3.73624893],entering,[-0.62185191  0.08809385  0.93462812]
889.093870639801,1005,False,3,2,[-6.53209908 -1.13361264  4.00000423],exiting,[ 0.50568378 -0.03156594 -0.11489306]
889.1888136863708,1000,False,5,4,[-8.09794661  7.92969225  1.29266835],queued,[-0.82138112 -0.19970136 -0.21083176]
889.1888136863708,1001,False,6,0,[-5.62135181  3.04879045  4.        ],cruising,[-0.48080528  0.59740651 -0.20557775]
889.1888136863708,1002,False,1,3,[ 5.14720272 -4.55993848  4.00042313],cruising,[ 0.5677905  -0.59831228 -0.99408226]
889.1888136863708,1003,False,5,6,[7.56672223 7.36419796 4.00000001],exiting,[ 0.63925976  0.24903542 -0.34837281]
889.1888136863708,1004,False,4,1,[ 6.31242103 -5.22282377  3.77581159],entering,[-0.62185191  0.08809385  0.93462812]
889.1888136863708,1005,False,3,2,[-6.60657863 -1.20034192  4.000003  ],exiting,[ 0.50568378 -0.03156594 -0.11489306]
889.2834188938141,1000,False,5,4,[-8.09794661  7.92969225  1.33266835],queued,[-0.82138112 -0.19970136 -0.21083176]
889.2834188938141,1001,False,6,0,[-5.72760458  3.21823173  4.        ],cruising,[-0.48080528  0.59740651 -0.20557775]
889.2834188938141,1002,False,1,3,[ 4.97696806 -4.45496153  4.00035966],cruising,[ 0.5677905  -0.59831228 -0.99408226]
889.2834188938141,1003,False,5,6,[7.60267342 7.45751201 4.00000001],exiting,[ 0.63925976  0.24903542 -0.34837281]
889.2834188938141,1004,False,4,1,[ 6.16165895 -5.09140537  3.80943985],entering,[-0.62185191  0.08809385  0.93462812]
889.2834188938141,1005,False,3,2,[-6.68105818 -1.2670712   4.00000206],exiting,[ 0.50568378 -0.03156594 -0.11489306]
889.3819301128387,1000,False,5,4,[-8.09794661  7.92969225  1.39266835],queued,[-0.82138112 -0.19970136 -0.21083176]
889.3819301128387,1001,False,6,0,[-5.83067861  3.38962527  4.        ],cruising,[-0.48080528  0.59740651 -0.20557775]
889.3819301128387,1002,False,1,3,[ 4.8035578  -4.35531774  4.00030571],cruising,[ 0.5677905  -0.59831228 -0.99408226]
889.3819301128387,1003,False,5,6,[7.63862461 7.55082606 4.00000001],exiting,[ 0.63925976  0.24903542 -0.34837281]
889.3819301128387,1004,False,4,1,[ 6.00388008 -4.9684996   3.83802387],cruising,[-0.62185191  0.08809385  0.93462812]
889.3819301128387,1005,False,3,2,[-6.75553772 -1.33380048  4.00000135],exiting,[ 0.50568378 -0.03156594 -0.11489306]
889.485164642334,1000,False,5,4,[-8.09794661  7.92969225  1.46766835],queued,[-0.82138112 -0.19970136 -0.21083176]
889.485164642334,1001,False,6,0,[-5.93000694  3.56321641  4.        ],cruising,[-0.48080528  0.59740651 -0.20557775]
889.485164642334,1002,False,1,3,[ 4.62669577 -4.26193776  4.00025985],cruising,[ 0.5677905  -0.59831228 -0.99408226]
889.485164642334,1003,False,5,6,[7.6745758  7.64414011 4.00000001],exiting,[ 0.63925976  0.24903542 -0.34837281]
889.485164642334,1004,False,4,1,[ 5.84236393 -4.85054821  3.86232029],cruising,[-0.62185191  0.08809385  0.93462812]
889.485164642334,1005,False,3,2,[-6.83001727 -1.40052977  4.00000082],exiting,[ 0.50568378 -0.03156594 -0.11489306]
889.5874254703522,1000,False,5,4,[-8.09794661  7.92969225  1.54266835],queued,[-0.82138112 -0.19970136 -0.21083176]
889.5874254703522,1001,False,6,0,[-6.02489035  3.73927645  4.        ],cruising,[-0.48080528  0.59740651 -0.20557775]
889.5874254703522,1002,False,1,3,[ 4.44803363 -4.17204983  4.00022087],cruising,[ 0.5677905  -0.59831228 -0.99408226]
889.5874254703522,1003,False,5,6,[7.71052699 7.73745416 4.        ],exiting,[ 0.63925976  0.24903542 -0.34837281]
889.5874254703522,1004,False,4,1,[ 5.6744714  -4.74186472  3.88297225],cruising,[-0.62185191  0.08809385  0.93462812]
889.5874254703522,1005,False,3,2,[-6.90449682 -1.46725905  4.00000044],exiting,[ 0.50568378 -0.03156594 -0.11489306]
889.6848187446594,1000,False,5,4,[-8.09794661  7.92969225  1.61766835],queued,[-0.82138112 -0.19970136 -0.21083176]
889.6848187446594,1001,False,6,0,[-6.11445492  3.91810091  4.        ],cruising,[-0.48080528  0.59740651 -0.20557775]
889.6848187446594,1002,False,1,3,[ 4.2673338  -4.08633185  4.00018774],cruising,[ 0.5677905  -0.59831228 -0.99408226]
889.6848187446594,1003,False,5,6,[7.74647819 7.83076821 4.        ],exiting,[ 0.63925976  0.24903542 -0.34837281]
889.6848187446594,1004,False,4,1,[ 5.50332027 -4.63838869  3.90052641],cruising,[-0.62185191  0.08809385  0.93462812]
889.6848187446594,1005,False,3,2,[-6.97897637 -1.53398833  4.00000017],landing,[ 0.50568378 -0.03156594 -0.11489306]
889.7834484577179,1000,False,5,4,[-8.09794661  7.92969225  1.69266835],queued,[-0.82138112 -0.19970136 -0.21083176]
889.7834484577179,1001,False,6,0,[-6.19759494  4.10000126  4.        ],cruising,[-0.48080528  0.59740651 -0.20557775]
889.7834484577179,1002,False,1,3,[ 4.08563606 -4.00274996  4.00015958],cruising,[ 0.5677905  -0.59831228 -0.99408226]
889.7834484577179,1003,False,5,6,[7.78242938 7.92408226 4.        ],exiting,[ 0.63925976  0.24903542 -0.34837281]
889.7834484577179,1004,False,4,1,[ 5.32770469 -4.54268514  3.91544745],cruising,[-0.62185191  0.08809385  0.93462812]
889.7834484577179,1005,False,3,2,[-7.04509274 -1.58895987  3.98615025],landing,[ 0.50568378 -0.03156594 -0.11489306]
889.8942196369171,1000,False,5,4,[-8.09794661  7.92969225  1.76766835],queued,[-0.82138112 -0.19970136 -0.21083176]
889.8942196369171,1001,False,6,0,[-6.26868795  4.28693918  4.        ],cruising,[-0.48080528  0.59740651 -0.20557775]
889.8942196369171,1002,False,1,3,[ 3.9027194  -3.92187047  4.00013564],cruising,[ 0.5677905  -0.59831228 -0.99408226]
889.8942196369171,1003,False,5,6,[7.81838057 8.01739631 4.        ],exiting,[ 0.63925976  0.24903542 -0.34837281]
889.8942196369171,1004,False,4,1,[ 5.15010087 -4.45072382  3.92813033],cruising,[-0.62185191  0.08809385  0.93462812]
889.8942196369171,1005,False,3,2,[-7.10269454 -1.63208896  3.95861608],landing,[ 0.50568378 -0.03156594 -0.11489306]
889.9807255268097,1000,False,5,4,[-8.09794661  7.92969225  1.84266835],queued,[-0.82138112 -0.19970136 -0.21083176]
889.9807255268097,1001,False,6,0,[-6.32996018  4.47732224  4.        ],cruising,[-0.48080528  0.59740651 -0.20557775]
889.9807255268097,1002,False,1,3,[ 3.71919403 -3.84238185  4.0001153 ],cruising,[ 0.5677905  -0.59831228 -0.99408226]
889.9807255268097,1003,False,5,6,[7.85433176 8.11071036 4.        ],exiting,[ 0.63925976  0.24903542 -0.34837281]
889.9807255268097,1004,False,4,1,[ 4.96977083 -4.36423061  3.93891078],cruising,[-0.62185191  0.08809385  0.93462812]
889.9807255268097,1005,False,3,2,[-7.1516042  -1.66327757  3.91759595],landing,[ 0.50568378 -0.03156594 -0.11489306]
890.0815312862396,1000,False,5,4,[-8.09794661  7.92969225  1.91766835],queued,[-0.82138112 -0.19970136 -0.21083176]
890.0815312862396,1001,False,6,0,[-6.37194922  4.67286488  4.        ],cruising,[-0.48080528  0.59740651 -0.20557775]
890.0815312862396,1002,False,1,3,[ 3.53489316 -3.76470825  4.000098  ],cruising,[ 0.5677905  -0.59831228 -0.99408226]
890.0815312862396,1003,False,5,6,[7.89028295 8.20402441 4.        ],exiting,[ 0.63925976  0.24903542 -0.34837281]
890.0815312862396,1004,False,4,1,[ 4.78844788 -4.27983874  3.94807416],cruising,[-0.62185191  0.08809385  0.93462812]
890.0815312862396,1005,False,3,2,[-7.19158231 -1.68239583  3.86336467],landing,[ 0.50568378 -0.03156594 -0.11489306]
890.1914031505585,1000,False,5,4,[-8.09794661  7.92969225  1.99266835],queued,[-0.82138112 -0.19970136 -0.21083176]
890.1914031505585,1001,False,6,0,[-6.39760868  4.87121203  4.        ],cruising,[-0.48080528  0.59740651 -0.20557775]
890.1914031505585,1002,False,1,3,[ 3.35011562 -3.68817551  4.0000833 ],cruising,[ 0.5677905  -0.59831228 -0.99408226]
890.1914031505585,1003,False,5,6,[7.92623414 8.29733846 4.        ],exiting,[ 0.63925976  0.24903542 -0.34837281]
890.1914031505585,1004,False,4,1,[ 4.60625197 -4.19734843  3.95586304],cruising,[-0.62185191  0.08809385  0.93462812]
890.1914031505585,1005,False,3,2,[-7.22241479 -1.68932995  3.79617562],landing,[ 0.50568378 -0.03156594 -0.11489306]
890.2799160480499,1000,False,5,4,[-8.09794661  7.92969225  2.06766835],queued,[-0.82138112 -0.19970136 -0.21083176]
890.2799160480499,1001,False,6,0,[-6.4032906   5.07050691  4.        ],cruising,[-0.48080528  0.59740651 -0.20557775]
890.2799160480499,1002,False,1,3,[ 3.16479787 -3.61296026  4.00007081],cruising,[ 0.5677905  -0.59831228 -0.99408226]
890.2799160480499,1003,False,5,6,[7.96218533 8.39065251 4.        ],exiting,[ 0.63925976  0.24903542 -0.34837281]
890.2799160480499,1004,False,4,1,[ 4.4227632  -4.11777537  3.96248358],cruising,[-0.62185191  0.08809385  0.93462812]
890.2799160480499,1005,False,3,2,[-7.24391139 -1.68398073  3.71626017],landing,[ 0.50568378 -0.03156594 -0.11489306]
890.3831610679626,1000,False,5,4,[-8.09794661  7.92969225  2.14266835],queued,[-0.82138112 -0.19970136 -0.21083176]
890.3831610679626,1001,False,6,0,[-6.38905592  5.26797723  4.        ],cruising,[-0.48080528  0.59740651 -0.20557775]
890.3831610679626,1002,False,1,3,[ 2.97895127 -3.53906142  4.00006019],cruising,[ 0.5677905  -0.59831228 -0.99408226]
890.3831610679626,1003,False,5,6,[7.99813652 8.48396656 4.        ],exiting,[ 0.63925976  0.24903542 -0.34837281]
890.3831610679626,1004,False,4,1,[ 4.23887335 -4.03913363  3.96811105],cruising,[-0.62185191  0.08809385  0.93462812]
890.3831610679626,1005,False,3,2,[-7.25587974 -1.66624979  3.62385851],landing,[ 0.50568378 -0.03156594 -0.11489306]
890.480301618576,1000,False,5,4,[-8.09794661  7.92969225  2.21766835],queued,[-0.82138112 -0.19970136 -0.21083176]
890.480301618576,1001,False,6,0,[-6.35529696  5.46111136  4.        ],cruising,[-0.48080528  0.59740651 -0.20557775]
890.480301618576,1002,False,1,3,[ 2.79249271 -3.46672052  4.00005116],cruising,[ 0.5677905  -0.59831228 -0.99408226]
890.480301618576,1003,False,5,6,[8.03408771 8.57728061 4.        ],exiting,[ 0.63925976  0.24903542 -0.34837281]
890.480301618576,1004,False,4,1,[ 4.05422405 -3.96229202  3.97289439],cruising,[-0.62185191  0.08809385  0.93462812]
890.480301618576,1005,False,3,2,[-7.2641266  -1.64374257  3.52677394],landing,[ 0.50568378 -0.03156594 -0.11489306]
890.5947060585022,1000,False,5,4,[-8.09794661  7.92969225  2.29266835],queued,[-0.82138112 -0.19970136 -0.21083176]
890.5947060585022,1001,False,6,0,[-6.30269673  5.64753681  4.        ],cruising,[-0.48080528  0.59740651 -0.20557775]
890.5947060585022,1002,False,1,3,[ 2.60554049 -3.39566512  4.00004348],cruising,[ 0.5677905  -0.59831228 -0.99408226]
890.5947060585022,1003,False,5,6,[8.07003891 8.67059466 4.        ],exiting,[ 0.63925976  0.24903542 -0.34837281]
890.5947060585022,1004,False,4,1,[ 3.86936351 -3.88595997  3.97696023],cruising,[-0.62185191  0.08809385  0.93462812]
890.5947060585022,1005,False,3,2,[-7.27237346 -1.62123534  3.42968937],landing,[ 0.50568378 -0.03156594 -0.11489306]
890.687301158905,1000,False,5,4,[-8.09794661  7.92969225  2.36766835],queued,[-0.82138112 -0.19970136 -0.21083176]
890.687301158905,1001,False,6,0,[-6.23219141  5.82505116  4.        ],cruising,[-0.48080528  0.59740651 -0.20557775]
890.687301158905,1002,False,1,3,[ 2.41779051 -3.32674528  4.00003696],cruising,[ 0.5677905  -0.59831228 -0.99408226]
890.687301158905,1003,False,5,6,[8.1059901  8.76390871 4.        ],exiting,[ 0.63925976  0.24903542 -0.34837281]
890.687301158905,1004,False,4,1,[ 3.68401988 -3.81080852  3.9804162 ],cruising,[-0.62185191  0.08809385  0.93462812]
890.687301158905,1005,False,3,2,[-7.28062032 -1.59872812  3.3326048 ],landing,[ 0.50568378 -0.03156594 -0.11489306]
890.7834284305573,1000,False,5,4,[-8.09794661  7.92969225  2.44266835],queued,[-0.82138112 -0.19970136 -0.21083176]
890.7834284305573,1001,False,6,0,[-6.14485297  5.99176523  4.        ],cruising,[-0.48080528  0.59740651 -0.20557775]
890.7834284305573,1002,False,1,3,[ 2.22909966 -3.26044474  4.00003142],cruising,[ 0.5677905  -0.59831228 -0.99408226]
890.7834284305573,1003,False,5,6,[8.14194129 8.85722275 4.        ],exiting,[ 0.63925976  0.24903542 -0.34837281]
890.7834284305573,1004,False,4,1,[ 3.4984822  -3.73613745  3.98335377],cruising,[-0.62185191  0.08809385  0.93462812]
890.7834284305573,1005,False,3,2,[-7.28886718 -1.5762209   3.23552022],landing,[ 0.50568378 -0.03156594 -0.11489306]
890.8872418403625,1000,False,5,4,[-8.09794661  7.92969225  2.51766835],entering,[-0.82138112 -0.19970136 -0.21083176]
890.8872418403625,1001,False,6,0,[-6.04176418  6.14615345  4.        ],cruising,[-0.48080528  0.59740651 -0.20557775]
890.8872418403625,1002,False,1,3,[ 2.03980449 -3.19588982  4.0000267 ],cruising,[ 0.5677905  -0.59831228 -0.99408226]
890.8872418403625,1003,False,5,6,[8.17789248 8.9505368  4.        ],exiting,[ 0.63925976  0.24903542 -0.34837281]
890.8872418403625,1004,False,4,1,[ 3.31258329 -3.66237029  3.9858507 ],cruising,[-0.62185191  0.08809385  0.93462812]
890.8872418403625,1005,False,3,2,[-7.29711404 -1.55371367  3.13843565],landing,[ 0.50568378 -0.03156594 -0.11489306]
890.9878616333008,1000,False,5,4,[-8.08009934  7.9206659   2.59266835],entering,[-0.82138112 -0.19970136 -0.21083176]
890.9878616333008,1001,False,6,0,[-5.92410374  6.28684251  4.        ],cruising,[-0.48080528  0.59740651 -0.20557775]
890.9878616333008,1002,False,1,3,[ 1.84923401 -3.13520297  4.0000227 ],cruising,[ 0.5677905  -0.59831228 -0.99408226]
890.9878616333008,1003,False,5,6,[8.21384367 9.04385085 4.        ],exiting,[ 0.63925976  0.24903542 -0.34837281]
890.9878616333008,1004,False,4,1,[ 3.12639483 -3.58933701  3.9879731 ],cruising,[-0.62185191  0.08809385  0.93462812]
890.9878616333008,1005,False,3,2,[-7.3053609  -1.53120645  3.04135108],landing,[ 0.50568378 -0.03156594 -0.11489306]
891.0862350463867,1000,False,5,4,[-8.04439115  7.90264025  2.66766835],entering,[-0.82138112 -0.19970136 -0.21083176]
891.0862350463867,1001,False,6,0,[-5.79274788  6.4129564   4.        ],cruising,[-0.48080528  0.59740651 -0.20557775]
891.0862350463867,1002,False,1,3,[ 1.65720419 -3.07930533  4.00001929],cruising,[ 0.5677905  -0.59831228 -0.99408226]
891.0862350463867,1003,False,5,6,[8.24979486 9.1371649  4.        ],landing,[ 0.63925976  0.24903542 -0.34837281]
891.0862350463867,1004,False,4,1,[ 2.93986866 -3.51717064  3.98977713],cruising,[-0.62185191  0.08809385  0.93462812]
891.0862350463867,1005,False,3,2,[-7.31360776 -1.50869923  2.94426651],landing,[ 0.50568378 -0.03156594 -0.11489306]
891.1871378421783,1000,False,5,4,[-7.9907919   7.87567536  2.74266835],entering,[-0.82138112 -0.19970136 -0.21083176]
891.1871378421783,1001,False,6,0,[-5.64851681  6.52376575  4.        ],cruising,[-0.48080528  0.59740651 -0.20557775]
891.1871378421783,1002,False,1,3,[ 1.46352252 -3.02943137  4.0000164 ],cruising,[ 0.5677905  -0.59831228 -0.99408226]
891.1871378421783,1003,False,5,6,[8.28379813 9.21639918 3.98592997],landing,[ 0.63925976  0.24903542 -0.34837281]
891.1871378421783,1004,False,4,1,[ 2.75287353 -3.44622826  3.99131056],cruising,[-0.62185191  0.08809385  0.93462812]
891.1871378421783,1005,False,3,2,[-7.32185463 -1.486192    2.84718193],landing,[ 0.50568378 -0.03156594 -0.11489306]
891.2842752933502,1000,False,5,4,[-7.91924454  7.83988632  2.81766835],entering,[-0.82138112 -0.19970136 -0.21083176]
891.2842752933502,1001,False,6,0,[-5.49214178  6.6186841   4.        ],cruising,[-0.48080528  0.59740651 -0.20557775]
891.2842752933502,1002,False,1,3,[ 1.26801602 -2.9872744   4.00001394],cruising,[ 0.5677905  -0.59831228 -0.99408226]
891.2842752933502,1003,False,5,6,[8.31575647 9.28140639 3.9579528 ],landing,[ 0.63925976  0.24903542 -0.34837281]
891.2842752933502,1004,False,4,1,[ 2.565262   -3.37693241  3.99261398],cruising,[-0.62185191  0.08809385  0.93462812]
891.2842752933502,1005,False,3,2,[-7.33010149 -1.46368478  2.75009736],landing,[ 0.50568378 -0.03156594 -0.11489306]
891.3819386959076,1000,False,5,4,[-7.82969763  7.79537857  2.89266835],entering,[-0.82138112 -0.19970136 -0.21083176]
891.3819386959076,1001,False,6,0,[-5.32422363  6.69726976  4.        ],cruising,[-0.48080528  0.59740651 -0.20557775]
891.3819386959076,1002,False,1,3,[ 1.0706038  -2.95520552  4.00001185],cruising,[ 0.5677905  -0.59831228 -0.99408226]
891.3819386959076,1003,False,5,6,[8.34555475 9.33201379 3.91626506],landing,[ 0.63925976  0.24903542 -0.34837281]
891.3819386959076,1004,False,4,1,[ 2.37720999 -3.308841    3.99372188],cruising,[-0.62185191  0.08809385  0.93462812]
891.3819386959076,1005,False,3,2,[-7.33834835 -1.44117755  2.65301279],landing,[ 0.50568378 -0.03156594 -0.11489306]
891.4905443191528,1000,False,5,4,[-7.72212551  7.74220527  2.96766835],entering,[-0.82138112 -0.19970136 -0.21083176]
891.4905443191528,1001,False,6,0,[-5.14515954  6.75924916  4.        ],cruising,[-0.48080528  0.59740651 -0.20557775]
891.4905443191528,1002,False,1,3,[ 0.87101406 -2.94301775  4.00001006],cruising,[ 0.5677905  -0.59831228 -0.99408226]
891.4905443191528,1003,False,5,6,[8.37303387 9.3679864  3.86114435],landing,[ 0.63925976  0.24903542 -0.34837281]
891.4905443191528,1004,False,4,1,[ 2.18825629 -3.24329331  3.9946636 ],cruising,[-0.62185191  0.08809385  0.93462812]
891.4905443191528,1005,False,3,2,[-7.34659521 -1.41867033  2.55592822],landing,[ 0.50568378 -0.03156594 -0.11489306]
891.5841498374939,1000,False,5,4,[-7.59651423  7.68039549  3.04266835],entering,[-0.82138112 -0.19970136 -0.21083176]
891.5841498374939,1001,False,6,0,[-4.95493137  6.80463448  4.        ],cruising,[-0.48080528  0.59740651 -0.20557775]
891.5841498374939,1002,False,1,3,[ 0.67101564 -2.94222248  4.00000855],cruising,[ 0.5677905  -0.59831228 -0.99408226]
891.5841498374939,1003,False,5,6,[8.39806014 9.38913027 3.79282926],landing,[ 0.63925976  0.24903542 -0.34837281]
891.5841498374939,1004,False,4,1,[ 1.99822552 -3.18093702  3.99546406],cruising,[-0.62185191  0.08809385  0.93462812]
891.5841498374939,1005,False,3,2,[-7.35484207 -1.39616311  2.45884364],landing,[ 0.50568378 -0.03156594 -0.11489306]
891.6820867061615,1000,False,5,4,[-7.45241663  7.61095313  3.11766835],entering,[-0.82138112 -0.19970136 -0.21083176]
891.6820867061615,1001,False,6,0,[-4.75874447  6.84350217  4.        ],cruising,[-0.48080528  0.59740651 -0.20557775]
891.6820867061615,1002,False,1,3,[ 0.47156459 -2.95703044  4.00000727],cruising,[ 0.5677905  -0.59831228 -0.99408226]
891.6820867061615,1003,False,5,6,[8.42050804 9.39526618 3.71154832],landing,[ 0.63925976  0.24903542 -0.34837281]
891.6820867061615,1004,False,4,1,[ 1.80754459 -3.12059811  3.99614445],cruising,[-0.62185191  0.08809385  0.93462812]
891.6820867061615,1005,False,3,2,[-7.36308893 -1.37365588  2.36175907],landing,[ 0.50568378 -0.03156594 -0.11489306]
891.7860240936279,1000,False,5,4,[-7.28959432  7.53448334  3.19266835],entering,[-0.82138112 -0.19970136 -0.21083176]
891.7860240936279,1001,False,6,0,[-4.56288787  6.88400146  4.        ],cruising,[-0.48080528  0.59740651 -0.20557775]
891.7860240936279,1002,False,1,3,[ 0.27378478 -2.98674822  4.00000618],cruising,[ 0.5677905  -0.59831228 -0.99408226]
891.7860240936279,1003,False,5,6,[8.44024971 9.3862145  3.61753894],landing,[ 0.63925976  0.24903542 -0.34837281]
891.7860240936279,1004,False,4,1,[ 1.61537719 -3.06517529  3.99672278],cruising,[-0.62185191  0.08809385  0.93462812]
891.7860240936279,1005,False,3,2,[-7.37133579 -1.35114866  2.2646745 ],landing,[ 0.50568378 -0.03156594 -0.11489306]
891.8796494007111,1000,False,5,4,[-7.10728641  7.45350669  3.26766835],entering,[-0.82138112 -0.19970136 -0.21083176]
891.8796494007111,1001,False,6,0,[-4.36777642  6.92795058  4.        ],cruising,[-0.48080528  0.59740651 -0.20557775]
891.8796494007111,1002,False,1,3,[ 0.07961826 -3.03469991  4.00000525],cruising,[ 0.5677905  -0.59831228 -0.99408226]
891.8796494007111,1003,False,5,6,[8.45924312 9.37310949 3.52023781],landing,[ 0.63925976  0.24903542 -0.34837281]
891.8796494007111,1004,False,4,1,[ 1.42153314 -3.01593625  3.99721437],cruising,[-0.62185191  0.08809385  0.93462812]
891.8796494007111,1005,False,3,2,[-7.37958265 -1.32864144  2.16758993],landing,[ 0.50568378 -0.03156594 -0.11489306]
891.990823507309,1000,False,5,4,[-6.92345209  7.37473525  3.34266835],entering,[-0.82138112 -0.19970136 -0.21083176]
891.990823507309,1001,False,6,0,[-4.17311545  6.97385378  4.        ],cruising,[-0.48080528  0.59740651 -0.20557775]
891.990823507309,1002,False,1,3,[-0.11132254 -3.09421135  4.00000446],exiting,[ 0.5677905  -0.59831228 -0.99408226]
891.990823507309,1003,False,5,6,[8.47823652 9.36000449 3.42293669],landing,[ 0.63925976  0.24903542 -0.34837281]
891.990823507309,1004,False,4,1,[ 1.22584785 -2.97461713  3.99763221],cruising,[-0.62185191  0.08809385  0.93462812]
891.990823507309,1005,False,3,2,[-7.38782951 -1.30613421  2.07050536],landing,[ 0.50568378 -0.03156594 -0.11489306]
892.0835483074188,1000,False,5,4,[-6.73748674  7.30113572  3.41766835],entering,[-0.82138112 -0.19970136 -0.21083176]
892.0835483074188,1001,False,6,0,[-3.97860963  7.02041007  4.        ],cruising,[-0.48080528  0.59740651 -0.20557775]
892.0835483074188,1002,False,1,3,[-0.28271089 -3.15793014  4.00000368],exiting,[ 0.5677905  -0.59831228 -0.99408226]
892.0835483074188,1003,False,5,6,[8.49722993 9.34689949 3.32563556],landing,[ 0.63925976  0.24903542 -0.34837281]
892.0835483074188,1004,False,4,1,[ 1.02743756 -2.94945055  3.99798738],cruising,[-0.62185191  0.08809385  0.93462812]
892.0835483074188,1005,False,3,2,[-7.39607637 -1.28362699  1.97342078],landing,[ 0.50568378 -0.03156594 -0.11489306]
892.1795969009399,1000,False,5,4,[-6.54996809  7.23158894  3.49266835],entering,[-0.82138112 -0.19970136 -0.21083176]
892.1795969009399,1001,False,6,0,[-3.78399455  7.06650748  4.        ],cruising,[-0.48080528  0.59740651 -0.20557775]
892.1795969009399,1002,False,1,3,[-0.43453392 -3.22579598  4.00000291],exiting,[ 0.5677905  -0.59831228 -0.99408226]
892.1795969009399,1003,False,5,6,[8.51622334 9.33379449 3.22833443],landing,[ 0.63925976  0.24903542 -0.34837281]
892.1795969009399,1004,False,4,1,[ 0.82773446 -2.93855698  3.99828927],cruising,[-0.62185191  0.08809385  0.93462812]
892.1795969009399,1005,False,3,2,[-7.40432323 -1.26111977  1.87633621],landing,[ 0.50568378 -0.03156594 -0.11489306]
892.280903339386,1000,False,5,4,[-6.3607459   7.16682041  3.56766835],entering,[-0.82138112 -0.19970136 -0.21083176]
892.280903339386,1001,False,6,0,[-3.58851004  7.10876626  4.        ],cruising,[-0.48080528  0.59740651 -0.20557775]
892.280903339386,1002,False,1,3,[-0.56677602 -3.29773457  4.00000216],exiting,[ 0.5677905  -0.59831228 -0.99408226]
892.280903339386,1003,False,5,6,[8.53521674 9.32068948 3.1310333 ],landing,[ 0.63925976  0.24903542 -0.34837281]
892.280903339386,1004,False,4,1,[ 0.62779648 -2.94353768  3.99854588],cruising,[-0.62185191  0.08809385  0.93462812]
892.280903339386,1005,False,3,2,[-7.41257009 -1.23861254  1.77925164],landing,[ 0.50568378 -0.03156594 -0.11489306]
892.3927402496338,1000,False,5,4,[-6.169475    7.10837861  3.6325181 ],entering,[-0.82138112 -0.19970136 -0.21083176]
892.3927402496338,1001,False,6,0,[-3.39263956  7.14919837  4.        ],cruising,[-0.48080528  0.59740651 -0.20557775]
892.3927402496338,1002,False,1,3,[-0.67941807 -3.37365287  4.00000146],exiting,[ 0.5677905  -0.59831228 -0.99408226]
892.3927402496338,1003,False,5,6,[8.55421015 9.30758448 3.03373218],landing,[ 0.63925976  0.24903542 -0.34837281]
892.3927402496338,1004,False,4,1,[ 0.42879002 -2.96344815  3.998764  ],cruising,[-0.62185191  0.08809385  0.93462812]
892.3927402496338,1005,False,3,2,[-7.42081696 -1.21610532  1.68216707],landing,[ 0.50568378 -0.03156594 -0.11489306]
892.483246088028,1000,False,5,4,[-5.97594347  7.05792521  3.68764038],entering,[-0.82138112 -0.19970136 -0.21083176]
892.483246088028,1001,False,6,0,[-3.196233    7.18694043  4.        ],cruising,[-0.48080528  0.59740651 -0.20557775]
892.483246088028,1002,False,1,3,[-0.77243555 -3.45342811  4.00000083],exiting,[ 0.5677905  -0.59831228 -0.99408226]
892.483246088028,1003,False,5,6,[8.57320356 9.29447948 2.93643105],landing,[ 0.63925976  0.24903542 -0.34837281]
892.483246088028,1004,False,4,1,[ 0.23173416 -2.99763861  3.9989494 ],cruising,[-0.62185191  0.08809385  0.93462812]
892.483246088028,1005,False,3,2,[-7.42906382 -1.1935981   1.58508249],landing,[ 0.50568378 -0.03156594 -0.11489306]
892.5813233852386,1000,False,5,4,[-5.78035786  7.01613678  3.73449433],entering,[-0.82138112 -0.19970136 -0.21083176]
892.5813233852386,1001,False,6,0,[-2.99874179  7.21851926  4.        ],cruising,[-0.48080528  0.59740651 -0.20557775]
892.5813233852386,1002,False,1,3,[-0.84579411 -3.53688132  4.00000029],exiting,[ 0.5677905  -0.59831228 -0.99408226]
892.5813233852386,1003,False,5,6,[8.59219697 9.28137447 2.83912992],landing,[ 0.63925976  0.24903542 -0.34837281]
892.5813233852386,1004,False,4,1,[ 0.03747273 -3.04520433  3.99910699],cruising,[-0.62185191  0.08809385  0.93462812]
892.5813233852386,1005,False,3,2,[-7.43731068 -1.17109087  1.48799792],fake_landed,[ 0.50568378 -0.03156594 -0.11489306]
892.6883854866028,1000,False,5,4,[-5.58313026  6.98295138  3.77432018],entering,[-0.82138112 -0.19970136 -0.21083176]
892.6883854866028,1001,False,6,0,[-2.80065931  7.24614773  4.        ],cruising,[-0.48080528  0.59740651 -0.20557775]
892.6883854866028,1002,False,1,3,[-0.89947041 -3.62388531  3.99999985],exiting,[ 0.5677905  -0.59831228 -0.99408226]
892.6883854866028,1003,False,5,6,[8.61119037 9.26826947 2.74182879],landing,[ 0.63925976  0.24903542 -0.34837281]
892.6883854866028,1004,False,4,1,[-0.15221394 -3.10859965  3.99924094],cruising,[-0.62185191  0.08809385  0.93462812]
892.6883854866028,1005,False,3,2,[-7.44390817 -1.15308509  1.41033026],fake_landed,[ 0.50568378 -0.03156594 -0.11489306]
892.7888813018799,1000,False,5,4,[-5.38420174  6.9622766   3.80817215],entering,[-0.82138112 -0.19970136 -0.21083176]
892.7888813018799,1001,False,6,0,[-2.60162547  7.26578262  4.        ],cruising,[-0.48080528  0.59740651 -0.20557775]
892.7888813018799,1002,False,1,3,[-0.93344085 -3.7143068   3.99999955],exiting,[ 0.5677905  -0.59831228 -0.99408226]
892.7888813018799,1003,False,5,6,[8.63018378 9.25516447 2.64452767],landing,[ 0.63925976  0.24903542 -0.34837281]
892.7888813018799,1004,False,4,1,[-0.33846435 -3.18147478  3.9993548 ],cruising,[-0.62185191  0.08809385  0.93462812]
892.7888813018799,1005,False,3,2,[-7.44885628 -1.13958076  1.35207952],fake_landed,[ 0.50568378 -0.03156594 -0.11489306]
892.8911566734314,1000,False,5,4,[-5.18448065  6.95171803  3.83694633],entering,[-0.82138112 -0.19970136 -0.21083176]
892.8911566734314,1001,False,6,0,[-2.40211627  7.27978539  4.        ],cruising,[-0.48080528  0.59740651 -0.20557775]
892.8911566734314,1002,False,1,3,[-0.94768196 -3.80800757  3.9999994 ],exiting,[ 0.5677905  -0.59831228 -0.99408226]
892.8911566734314,1003,False,5,6,[8.64917719 9.24205947 2.54722654],landing,[ 0.63925976  0.24903542 -0.34837281]
892.8911566734314,1004,False,4,1,[-0.52040166 -3.2645339   3.99945158],cruising,[-0.62185191  0.08809385  0.93462812]
892.8911566734314,1005,False,3,2,[-7.45215503 -1.13057787  1.31324569],fake_landed,[ 0.50568378 -0.03156594 -0.11489306]
892.9837689399719,1000,False,5,4,[-4.98448087  6.95141884  3.86140438],cruising,[-0.82138112 -0.19970136 -0.21083176]
892.9837689399719,1001,False,6,0,[-2.20213995  7.28286343  4.        ],cruising,[-0.48080528  0.59740651 -0.20557775]
892.9837689399719,1002,False,1,3,[-0.94217068 -3.90484564  3.99999942],exiting,[ 0.5677905  -0.59831228 -0.99408226]
892.9837689399719,1003,False,5,6,[8.66817059 9.22895446 2.44992541],landing,[ 0.63925976  0.24903542 -0.34837281]
892.9837689399719,1004,False,4,1,[-0.69935928 -3.35383211  3.99953384],cruising,[-0.62185191  0.08809385  0.93462812]
892.9837689399719,1005,False,3,2,[-7.4538044  -1.12607643  1.29382878],fake_landed,[ 0.50568378 -0.03156594 -0.11489306]
893.0919811725616,1000,False,5,4,[-4.78470632  6.96091237  3.88219372],cruising,[-0.82138112 -0.19970136 -0.21083176]
893.0919811725616,1001,False,6,0,[-2.00269138  7.26802205  4.        ],cruising,[-0.48080528  0.59740651 -0.20557775]
893.0919811725616,1002,False,1,3,[-0.9252711  -4.00340732  3.99999952],exiting,[ 0.5677905  -0.59831228 -0.99408226]
893.0919811725616,1003,False,5,6,[8.687164   9.21584946 2.35262428],landing,[ 0.63925976  0.24903542 -0.34837281]
893.0919811725616,1004,False,4,1,[-0.87728866 -3.44516192  3.99960377],cruising,[-0.62185191  0.08809385  0.93462812]
893.0919811725616,1005,False,2,5,[-7.4538044  -1.12607643  1.29382878],waiting,[ 0.50568378 -0.03156594 -0.11489306]
893.1884434223175,1000,False,5,4,[-4.585529    6.97903415  3.89986466],cruising,[-0.82138112 -0.19970136 -0.21083176]
893.1884434223175,1001,False,6,0,[-1.80562727  7.23387919  4.        ],cruising,[-0.48080528  0.59740651 -0.20557775]
893.1884434223175,1002,False,1,3,[-0.90837153 -4.101969    3.9999996 ],exiting,[ 0.5677905  -0.59831228 -0.99408226]
893.1884434223175,1003,False,5,6,[8.70615741 9.20274446 2.25532316],landing,[ 0.63925976  0.24903542 -0.34837281]
893.1884434223175,1004,False,4,1,[-1.05665498 -3.53363634  3.9996632 ],cruising,[-0.62185191  0.08809385  0.93462812]
893.1884434223175,1005,False,2,5,[-7.4538044  -1.12607643  1.29382878],waiting,[ 0.50568378 -0.03156594 -0.11489306]
893.2855710983276,1000,False,5,4,[-4.38711703  7.00418747  3.91488496],cruising,[-0.82138112 -0.19970136 -0.21083176]
893.2855710983276,1001,False,6,0,[-1.61221575  7.18296764  4.        ],cruising,[-0.48080528  0.59740651 -0.20557775]
893.2855710983276,1002,False,1,3,[-0.89147195 -4.20053068  3.99999967],exiting,[ 0.5677905  -0.59831228 -0.99408226]
893.2855710983276,1003,False,5,6,[8.72515082 9.18963945 2.15802203],landing,[ 0.63925976  0.24903542 -0.34837281]
893.2855710983276,1004,False,4,1,[-1.24148285 -3.61004747  3.99971372],cruising,[-0.62185191  0.08809385  0.93462812]
893.2855710983276,1005,False,2,5,[-7.4538044  -1.12607643  1.29382878],waiting,[ 0.50568378 -0.03156594 -0.11489306]
893.3888339996338,1000,False,5,4,[-4.18944532  7.03461595  3.92765222],cruising,[-0.82138112 -0.19970136 -0.21083176]
893.3888339996338,1001,False,6,0,[-1.42307926  7.11794927  4.        ],cruising,[-0.48080528  0.59740651 -0.20557775]
893.3888339996338,1002,False,1,3,[-0.87457238 -4.29909235  3.99999973],exiting,[ 0.5677905  -0.59831228 -0.99408226]
893.3888339996338,1003,False,5,6,[8.74414422 9.17653445 2.0607209 ],landing,[ 0.63925976  0.24903542 -0.34837281]
893.3888339996338,1004,False,4,1,[-1.43271684 -3.66751232  3.99975849],cruising,[-0.62185191  0.08809385  0.93462812]
893.3888339996338,1005,False,2,5,[-7.4538044  -1.12607643  1.29382878],waiting,[ 0.50568378 -0.03156594 -0.11489306]
893.4834589958191,1000,False,5,4,[-3.99235442  7.06860387  3.93850439],cruising,[-0.82138112 -0.19970136 -0.21083176]
893.4834589958191,1001,False,6,0,[-1.23831081  7.04139458  4.        ],cruising,[-0.48080528  0.59740651 -0.20557775]
893.4834589958191,1002,False,1,3,[-0.8576728  -4.39765403  3.99999978],exiting,[ 0.5677905  -0.59831228 -0.99408226]
893.4834589958191,1003,False,5,6,[8.76313763 9.16342945 1.96341978],landing,[ 0.63925976  0.24903542 -0.34837281]
893.4834589958191,1004,False,4,1,[-1.6271079  -3.70522792  3.99980021],cruising,[-0.62185191  0.08809385  0.93462812]
893.4834589958191,1005,False,2,5,[-7.4538044  -1.12607643  1.29382878],waiting,[ 0.50568378 -0.03156594 -0.11489306]
893.591947555542,1000,False,5,4,[-3.7956176   7.10458474  3.94772873],cruising,[-0.82138112 -0.19970136 -0.21083176]
893.591947555542,1001,False,6,0,[-1.05762455  6.95564801  4.        ],cruising,[-0.48080528  0.59740651 -0.20557775]
893.591947555542,1002,False,1,3,[-0.84077323 -4.49621571  3.99999982],exiting,[ 0.5677905  -0.59831228 -0.99408226]
893.591947555542,1003,False,5,6,[8.78213104 9.15032445 1.86611865],landing,[ 0.63925976  0.24903542 -0.34837281]
893.591947555542,1004,False,4,1,[-1.82147301 -3.72294353  3.99983943],cruising,[-0.62185191  0.08809385  0.93462812]
893.591947555542,1005,False,2,5,[-7.4538044  -1.12607643  1.29382878],waiting,[ 0.50568378 -0.03156594 -0.11489306]
893.6861987113953,1000,False,5,4,[-3.59855359  7.1387282   3.95556942],cruising,[-0.82138112 -0.19970136 -0.21083176]
893.6861987113953,1001,False,6,0,[-0.87926389  6.86516335  4.        ],cruising,[-0.48080528  0.59740651 -0.20557775]
893.6861987113953,1002,False,1,3,[-0.82387365 -4.59477739  3.99999985],exiting,[ 0.5677905  -0.59831228 -0.99408226]
893.6861987113953,1003,False,5,6,[8.80112444 9.13721944 1.76881752],landing,[ 0.63925976  0.24903542 -0.34837281]
893.6861987113953,1004,False,4,1,[-2.01280643 -3.72089026  3.99987632],cruising,[-0.62185191  0.08809385  0.93462812]
893.6861987113953,1005,False,2,5,[-7.4538044  -1.12607643  1.29382878],waiting,[ 0.50568378 -0.03156594 -0.11489306]
893.7888379096985,1000,False,5,4,[-3.40145931  7.17269647  3.96223401],cruising,[-0.82138112 -0.19970136 -0.21083176]
893.7888379096985,1001,False,6,0,[-0.70431915  6.76823895  4.        ],cruising,[-0.48080528  0.59740651 -0.20557775]
893.7888379096985,1002,False,1,3,[-0.80697408 -4.69333907  3.99999988],exiting,[ 0.5677905  -0.59831228 -0.99408226]
893.7888379096985,1003,False,5,6,[8.82011785 9.12411444 1.67151639],landing,[ 0.63925976  0.24903542 -0.34837281]
893.7888379096985,1004,False,4,1,[-2.19847347 -3.69965648  3.99991089],cruising,[-0.62185191  0.08809385  0.93462812]
893.7888379096985,1005,False,2,5,[-7.4538044  -1.12607643  1.29382878],waiting,[ 0.50568378 -0.03156594 -0.11489306]
893.8852338790894,1000,False,5,4,[-3.20413605  7.20530833  3.96789891],cruising,[-0.82138112 -0.19970136 -0.21083176]
893.8852338790894,1001,False,6,0,[-0.53201758  6.6666901   4.        ],cruising,[-0.48080528  0.59740651 -0.20557775]
893.8852338790894,1002,False,1,3,[-0.7900745  -4.79190074  3.9999999 ],exiting,[ 0.5677905  -0.59831228 -0.99408226]
893.8852338790894,1003,False,5,6,[8.83911126 9.11100944 1.57421527],landing,[ 0.63925976  0.24903542 -0.34837281]
893.8852338790894,1004,False,4,1,[-2.37607541 -3.66012094  3.99994307],cruising,[-0.62185191  0.08809385  0.93462812]
893.8852338790894,1005,False,2,5,[-7.4538044  -1.12607643  1.29382878],queued,[ 0.50568378 -0.03156594 -0.11489306]
893.9810619354248,1000,False,5,4,[-3.00603874  7.23283021  3.97271407],cruising,[-0.82138112 -0.19970136 -0.21083176]
893.9810619354248,1001,False,6,0,[-0.36092919  6.56311035  4.        ],cruising,[-0.48080528  0.59740651 -0.20557775]
893.9810619354248,1002,False,1,3,[-0.77317493 -4.89046242  3.99999992],exiting,[ 0.5677905  -0.59831228 -0.99408226]
893.9810619354248,1003,False,5,6,[8.85810466 9.09790443 1.47691414],fake_landed,[ 0.63925976  0.24903542 -0.34837281]
893.9810619354248,1004,False,4,1,[-2.54342978 -3.60341021  3.99997279],cruising,[-0.62185191  0.08809385  0.93462812]
893.9810619354248,1005,False,2,5,[-7.4538044  -1.12607643  1.31382878],queued,[ 0.50568378 -0.03156594 -0.11489306]
894.0843880176544,1000,False,5,4,[-2.80753671  7.25726271  3.97680696],cruising,[-0.82138112 -0.19970136 -0.21083176]
894.0843880176544,1001,False,6,0,[-0.19137473  6.45703829  4.        ],cruising,[-0.48080528  0.59740651 -0.20557775]
894.0843880176544,1002,False,1,3,[-0.75627535 -4.9890241   3.99999993],exiting,[ 0.5677905  -0.59831228 -0.99408226]
894.0843880176544,1003,False,5,6,[8.87329939 9.08742043 1.39907324],fake_landed,[ 0.63925976  0.24903542 -0.34837281]
894.0843880176544,1004,False,4,1,[-2.6986934  -3.53076794  3.99999993],cruising,[-0.62185191  0.08809385  0.93462812]
894.0843880176544,1005,False,2,5,[-7.4538044  -1.12607643  1.35382878],queued,[ 0.50568378 -0.03156594 -0.11489306]
894.1798028945923,1000,False,5,4,[-2.60827269  7.2744047   3.98028592],cruising,[-0.82138112 -0.19970136 -0.21083176]
894.1798028945923,1001,False,6,0,[-0.02230872  6.3501894   4.        ],cruising,[-0.48080528  0.59740651 -0.20557775]
894.1798028945923,1002,False,1,3,[-0.73937578 -5.08758578  3.99999995],exiting,[ 0.5677905  -0.59831228 -0.99408226]
894.1798028945923,1003,False,5,6,[8.88469543 9.07955743 1.34069256],fake_landed,[ 0.63925976  0.24903542 -0.34837281]
894.1798028945923,1004,False,4,1,[-2.84024782 -3.44356347  4.00002436],cruising,[-0.62185191  0.08809385  0.93462812]
894.1798028945923,1005,False,2,5,[-7.4538044  -1.12607643  1.41382878],queued,[ 0.50568378 -0.03156594 -0.11489306]
894.2860674858093,1000,False,5,4,[-2.40863691  7.28646935  3.98324303],cruising,[-0.82138112 -0.19970136 -0.21083176]
894.2860674858093,1001,False,6,0,[0.14637788 6.24274253 4.        ],cruising,[-0.48080528  0.59740651 -0.20557775]
894.2860674858093,1002,False,1,3,[-0.7224762  -5.18614746  3.99999996],exiting,[ 0.5677905  -0.59831228 -0.99408226]
894.2860674858093,1003,False,5,6,[8.8922928  9.07431543 1.30177211],fake_landed,[ 0.63925976  0.24903542 -0.34837281]
894.2860674858093,1004,False,4,1,[-2.9666372  -3.34331977  4.00004594],cruising,[-0.62185191  0.08809385  0.93462812]
894.2860674858093,1005,False,2,5,[-7.4538044  -1.12607643  1.48882878],queued,[ 0.50568378 -0.03156594 -0.11489306]
894.3825395107269,1000,False,5,4,[-2.2086434   7.28808082  3.98575657],cruising,[-0.82138112 -0.19970136 -0.21083176]
894.3825395107269,1001,False,6,0,[0.31528497 6.13564259 4.        ],cruising,[-0.48080528  0.59740651 -0.20557775]
894.3825395107269,1002,False,1,3,[-0.70557663 -5.28470913  3.99999996],exiting,[ 0.5677905  -0.59831228 -0.99408226]
894.3825395107269,1003,False,5,6,[8.89609148 9.07169443 1.28231188],fake_landed,[ 0.63925976  0.24903542 -0.34837281]
894.3825395107269,1004,False,4,1,[-3.07662954 -3.23162455  4.00006449],cruising,[-0.62185191  0.08809385  0.93462812]
894.3825395107269,1005,False,2,5,[-7.4538044  -1.12607643  1.56382878],queued,[ 0.50568378 -0.03156594 -0.11489306]
894.4842896461487,1000,False,5,4,[-2.00927478  7.27220146  3.98789309],cruising,[-0.82138112 -0.19970136 -0.21083176]
894.4842896461487,1001,False,6,0,[0.48467635 6.02931028 4.        ],exiting,[-0.48080528  0.59740651 -0.20557775]
894.4842896461487,1002,False,1,3,[-0.68867705 -5.38327081  3.99999997],exiting,[ 0.5677905  -0.59831228 -0.99408226]
894.4842896461487,1003,False,6,2,[8.89609148 9.07169443 1.28231188],waiting,[ 0.63925976  0.24903542 -0.34837281]
894.4842896461487,1004,False,4,1,[-3.16913635 -3.11022078  4.00007983],cruising,[-0.62185191  0.08809385  0.93462812]
894.4842896461487,1005,False,2,5,[-7.4538044  -1.12607643  1.63882878],queued,[ 0.50568378 -0.03156594 -0.11489306]
894.5829329490662,1000,False,5,4,[-1.81232906  7.23738215  3.98970912],cruising,[-0.82138112 -0.19970136 -0.21083176]
894.5829329490662,1001,False,6,0,[0.64374796 5.94010988 4.        ],exiting,[-0.48080528  0.59740651 -0.20557775]
894.5829329490662,1002,False,1,3,[-0.67177748 -5.48183249  3.99999998],exiting,[ 0.5677905  -0.59831228 -0.99408226]
894.5829329490662,1003,False,6,2,[8.89609148 9.07169443 1.28231188],waiting,[ 0.63925976  0.24903542 -0.34837281]
894.5829329490662,1004,False,4,1,[-3.24361753 -2.98015232  4.00009183],cruising,[-0.62185191  0.08809385  0.93462812]
894.5829329490662,1005,False,2,5,[-7.4538044  -1.12607643  1.71382878],queued,[ 0.50568378 -0.03156594 -0.11489306]
894.6792187690735,1000,False,5,4,[-1.61902361  7.18606936  3.99125276],cruising,[-0.82138112 -0.19970136 -0.21083176]
894.6792187690735,1001,False,6,0,[0.79234361 5.86794633 4.        ],exiting,[-0.48080528  0.59740651 -0.20557775]
894.6792187690735,1002,False,1,3,[-0.6548779  -5.58039417  3.99999998],exiting,[ 0.5677905  -0.59831228 -0.99408226]
894.6792187690735,1003,False,6,2,[8.89609148 9.07169443 1.28231188],waiting,[ 0.63925976  0.24903542 -0.34837281]
894.6792187690735,1004,False,4,1,[-3.29981375 -2.84198076  4.00010036],cruising,[-0.62185191  0.08809385  0.93462812]
894.6792187690735,1005,False,2,5,[-7.4538044  -1.12607643  1.78882878],queued,[ 0.50568378 -0.03156594 -0.11489306]
894.7867472171783,1000,False,5,4,[-1.42995652  7.12084945  3.99256484],cruising,[-0.82138112 -0.19970136 -0.21083176]
894.7867472171783,1001,False,6,0,[0.93028856 5.81271094 4.        ],exiting,[-0.48080528  0.59740651 -0.20557775]
894.7867472171783,1002,False,1,3,[-0.63797833 -5.67895584  3.99999998],exiting,[ 0.5677905  -0.59831228 -0.99408226]
894.7867472171783,1003,False,6,2,[8.89609148 9.07169443 1.28231188],waiting,[ 0.63925976  0.24903542 -0.34837281]
894.7867472171783,1004,False,4,1,[-3.33756179 -2.69608493  4.00010532],cruising,[-0.62185191  0.08809385  0.93462812]
894.7867472171783,1005,False,2,5,[-7.4538044  -1.12607643  1.86382878],queued,[ 0.50568378 -0.03156594 -0.11489306]
894.8825755119324,1000,False,5,4,[-1.24521436  7.04423136  3.99368012],cruising,[-0.82138112 -0.19970136 -0.21083176]
894.8825755119324,1001,False,6,0,[1.05738546 5.77427792 4.        ],exiting,[-0.48080528  0.59740651 -0.20557775]
894.8825755119324,1002,False,1,3,[-0.62107875 -5.77751752  3.99999999],exiting,[ 0.5677905  -0.59831228 -0.99408226]
894.8825755119324,1003,False,6,2,[8.89609148 9.07169443 1.28231188],waiting,[ 0.63925976  0.24903542 -0.34837281]
894.8825755119324,1004,False,4,1,[-3.35674105 -2.5427594   4.00010662],cruising,[-0.62185191  0.08809385  0.93462812]
894.8825755119324,1005,False,2,5,[-7.4538044  -1.12607643  1.93882878],queued,[ 0.50568378 -0.03156594 -0.11489306]
894.9812915325165,1000,False,5,4,[-1.063105    6.96155016  3.9946281 ],cruising,[-0.82138112 -0.19970136 -0.21083176]
894.9812915325165,1001,False,6,0,[1.17340582 5.75249754 4.        ],exiting,[-0.48080528  0.59740651 -0.20557775]
894.9812915325165,1002,False,1,3,[-0.60417918 -5.8760792   3.99999999],exiting,[ 0.5677905  -0.59831228 -0.99408226]
894.9812915325165,1003,False,6,2,[8.89609148 9.07169443 1.28231188],waiting,[ 0.63925976  0.24903542 -0.34837281]
894.9812915325165,1004,False,4,1,[-3.35745874 -2.38174163  4.00010417],cruising,[-0.62185191  0.08809385  0.93462812]
894.9812915325165,1005,False,2,5,[-7.4538044  -1.12607643  2.01382878],queued,[ 0.50568378 -0.03156594 -0.11489306]
895.0895807743073,1000,False,5,4,[-0.88503075  6.87050312  3.99543388],cruising,[-0.82138112 -0.19970136 -0.21083176]
895.0895807743073,1001,False,6,0,[1.27807016 5.74718048 4.        ],exiting,[-0.48080528  0.59740651 -0.20557775]
895.0895807743073,1002,False,1,3,[-0.5872796  -5.97464088  3.99999999],exiting,[ 0.5677905  -0.59831228 -0.99408226]
895.0895807743073,1003,False,6,2,[8.89609148 9.07169443 1.28231188],waiting,[ 0.63925976  0.24903542 -0.34837281]
895.0895807743073,1004,False,4,1,[-3.34011755 -2.21212867  4.00009788],cruising,[-0.62185191  0.08809385  0.93462812]
895.0895807743073,1005,False,2,5,[-7.4538044  -1.12607643  2.08882878],queued,[ 0.50568378 -0.03156594 -0.11489306]
895.1864368915558,1000,False,5,4,[-0.71029884  6.77319557  3.9961188 ],cruising,[-0.82138112 -0.19970136 -0.21083176]
895.1864368915558,1001,False,6,0,[1.37099065 5.75805235 4.        ],exiting,[-0.48080528  0.59740651 -0.20557775]
895.1864368915558,1002,False,1,3,[-0.57038003 -6.07320256  3.99999999],exiting,[ 0.5677905  -0.59831228 -0.99408226]
895.1864368915558,1003,False,6,2,[8.89609148 9.07169443 1.28231188],waiting,[ 0.63925976  0.24903542 -0.34837281]
895.1864368915558,1004,False,4,1,[-3.30599211 -2.03163967  4.00008765],cruising,[-0.62185191  0.08809385  0.93462812]
895.1864368915558,1005,False,2,5,[-7.4538044  -1.12607643  2.16382878],entering,[ 0.50568378 -0.03156594 -0.11489306]
895.2850954532623,1000,False,5,4,[-0.53723799  6.67294618  3.99670098],cruising,[-0.82138112 -0.19970136 -0.21083176]
895.2850954532623,1001,False,6,0,[1.45192952 5.78493801 4.        ],exiting,[-0.48080528  0.59740651 -0.20557775]
895.2850954532623,1002,False,1,3,[-0.55348045 -6.17176423  3.99999999],exiting,[ 0.5677905  -0.59831228 -0.99408226]
895.2850954532623,1003,False,6,2,[8.89609148 9.07169443 1.28231188],queued,[ 0.63925976  0.24903542 -0.34837281]
895.2850954532623,1004,False,4,1,[-3.26559075 -1.83576285  4.0000745 ],cruising,[-0.62185191  0.08809385  0.93462812]
895.2850954532623,1005,False,2,5,[-7.4407189  -1.11095129  2.23882878],entering,[ 0.50568378 -0.03156594 -0.11489306]
895.3792772293091,1000,False,5,4,[-0.36645571  6.5688625   3.99719583],cruising,[-0.82138112 -0.19970136 -0.21083176]
895.3792772293091,1001,False,6,0,[1.52064693 5.82765514 4.        ],exiting,[-0.48080528  0.59740651 -0.20557775]
895.3792772293091,1002,False,1,3,[-0.53658088 -6.27032591  4.        ],exiting,[ 0.5677905  -0.59831228 -0.99408226]
895.3792772293091,1003,False,6,2,[8.89609148 9.07169443 1.30231188],queued,[ 0.63925976  0.24903542 -0.34837281]
895.3792772293091,1004,False,4,1,[-3.24172357 -1.63719206  4.00006333],cruising,[-0.62185191  0.08809385  0.93462812]
895.3792772293091,1005,False,2,5,[-7.41456276 -1.08068817  2.31382878],entering,[ 0.50568378 -0.03156594 -0.11489306]
895.4874761104584,1000,False,5,4,[-0.197134    6.46241927  3.99761646],cruising,[-0.82138112 -0.19970136 -0.21083176]
895.4874761104584,1001,False,6,0,[1.57690099 5.88601405 4.        ],exiting,[-0.48080528  0.59740651 -0.20557775]
895.4874761104584,1002,False,1,3,[-0.5196813  -6.36888759  4.        ],exiting,[ 0.5677905  -0.59831228 -0.99408226]
895.4874761104584,1003,False,6,2,[8.89609148 9.07169443 1.34231188],queued,[ 0.63925976  0.24903542 -0.34837281]
895.4874761104584,1004,False,4,1,[-3.23386948 -1.43734633  4.00005383],cruising,[-0.62185191  0.08809385  0.93462812]
895.4874761104584,1005,False,2,5,[-7.37536891 -1.03525871  2.38882878],entering,[ 0.50568378 -0.03156594 -0.11489306]
895.5874800682068,1000,False,5,4,[-0.02824655  6.35528837  3.99797399],cruising,[-0.82138112 -0.19970136 -0.21083176]
895.5874800682068,1001,False,6,0,[1.62044771 5.95981716 4.        ],exiting,[-0.48080528  0.59740651 -0.20557775]
895.5874800682068,1002,False,1,3,[-0.50278173 -6.46744927  4.        ],exiting,[ 0.5677905  -0.59831228 -0.99408226]
895.5874800682068,1003,False,6,2,[8.89609148 9.07169443 1.40231188],queued,[ 0.63925976  0.24903542 -0.34837281]
895.5874800682068,1004,False,4,1,[-3.24160389 -1.23749594  4.00004575],cruising,[-0.62185191  0.08809385  0.93462812]
895.5874800682068,1005,False,2,5,[-7.32320021 -0.9746091   2.46382878],entering,[ 0.50568378 -0.03156594 -0.11489306]
895.6825776100159,1000,False,5,4,[0.1403035  6.24762743 3.99827789],cruising,[-0.82138112 -0.19970136 -0.21083176]
895.6825776100159,1001,False,6,0,[1.65104089 6.04885857 4.        ],exiting,[-0.48080528  0.59740651 -0.20557775]
895.6825776100159,1002,False,1,3,[-0.48588215 -6.56601095  4.        ],exiting,[ 0.5677905  -0.59831228 -0.99408226]
895.6825776100159,1003,False,6,2,[8.89609148 9.07169443 1.47731188],queued,[ 0.63925976  0.24903542 -0.34837281]
895.6825776100159,1004,False,4,1,[-3.26388489 -1.03874093  4.00003889],cruising,[-0.62185191  0.08809385  0.93462812]
895.6825776100159,1005,False,2,5,[-7.25817986 -0.89863515  2.53882878],entering,[ 0.50568378 -0.03156594 -0.11489306]
895.7902691364288,1000,False,5,4,[0.30910354 6.14035886 3.99853621],cruising,[-0.82138112 -0.19970136 -0.21083176]
895.7902691364288,1001,False,6,0,[1.67444462 6.14608133 4.        ],exiting,[-0.48080528  0.59740651 -0.20557775]
895.7902691364288,1002,False,1,3,[-0.46898258 -6.66457262  4.        ],exiting,[ 0.5677905  -0.59831228 -0.99408226]
895.7902691364288,1003,False,6,2,[8.89609148 9.07169443 1.55231188],entering,[ 0.63925976  0.24903542 -0.34837281]
895.7902691364288,1004,False,4,1,[-3.2995399  -0.84194479  4.00003306],cruising,[-0.62185191  0.08809385  0.93462812]
895.7902691364288,1005,False,2,5,[-7.18062476 -0.80707659  2.61382878],entering,[ 0.50568378 -0.03156594 -0.11489306]
895.892938375473,1000,False,5,4,[0.4784091  6.03388995 3.99875578],cruising,[-0.82138112 -0.19970136 -0.21083176]
895.892938375473,1001,False,6,0,[1.69784836 6.24330409 4.        ],exiting,[-0.48080528  0.59740651 -0.20557775]
895.892938375473,1002,False,1,3,[-0.452083  -6.7631343  4.       ],exiting,[ 0.5677905  -0.59831228 -0.99408226]
895.892938375473,1003,False,6,2,[8.89186373 9.05214638 1.62731188],entering,[ 0.63925976  0.24903542 -0.34837281]
895.892938375473,1004,False,4,1,[-3.34596134 -0.64740674  4.0000281 ],cruising,[-0.62185191  0.08809385  0.93462812]
895.892938375473,1005,False,2,5,[-7.09085809 -0.69967891  2.68882878],entering,[ 0.50568378 -0.03156594 -0.11489306]
895.9863078594208,1000,False,5,4,[0.64885328 5.92925353 3.99894241],cruising,[-0.82138112 -0.19970136 -0.21083176]
895.9863078594208,1001,False,6,0,[1.7212521  6.34052685 4.        ],exiting,[-0.48080528  0.59740651 -0.20557775]
895.9863078594208,1002,False,1,3,[-0.43518343 -6.86169598  4.        ],exiting,[ 0.5677905  -0.59831228 -0.99408226]
895.9863078594208,1003,False,6,2,[8.88340823 9.01305029 1.70231188],entering,[ 0.63925976  0.24903542 -0.34837281]
895.9863078594208,1004,False,4,1,[-3.40379342 -0.45595061  4.00002388],cruising,[-0.62185191  0.08809385  0.93462812]
895.9863078594208,1005,False,2,5,[-6.98942711 -0.57603489  2.76382878],entering,[ 0.50568378 -0.03156594 -0.11489306]
896.0947422981262,1000,False,5,4,[0.82041924 5.82646675 3.99910105],cruising,[-0.82138112 -0.19970136 -0.21083176]
896.0947422981262,1001,False,6,0,[1.74465583 6.43774961 4.        ],exiting,[-0.48080528  0.59740651 -0.20557775]
896.0947422981262,1002,False,1,3,[-0.41828385 -6.96025766  4.        ],exiting,[ 0.5677905  -0.59831228 -0.99408226]
896.0947422981262,1003,False,6,2,[8.87072498 8.95440615 1.77731188],entering,[ 0.63925976  0.24903542 -0.34837281]
896.0947422981262,1004,False,4,1,[-3.47226319 -0.26803603  4.0000203 ],cruising,[-0.62185191  0.08809385  0.93462812]
896.0947422981262,1005,False,2,5,[-6.87750369 -0.43536416  2.83882878],entering,[ 0.50568378 -0.03156594 -0.11489306]
896.1948108673096,1000,False,5,4,[0.99336502 5.72601897 3.99923589],cruising,[-0.82138112 -0.19970136 -0.21083176]
896.1948108673096,1001,False,6,0,[1.76805957 6.53497237 4.        ],exiting,[-0.48080528  0.59740651 -0.20557775]
896.1948108673096,1002,False,1,3,[-0.40138428 -7.05881934  4.        ],exiting,[ 0.5677905  -0.59831228 -0.99408226]
896.1948108673096,1003,False,6,2,[8.85381398 8.87621396 1.85231188],entering,[ 0.63925976  0.24903542 -0.34837281]
896.1948108673096,1004,False,4,1,[-3.54870136 -0.08321935  4.00001726],cruising,[-0.62185191  0.08809385  0.93462812]
896.1948108673096,1005,False,2,5,[-6.75773058 -0.27629826  2.91382878],entering,[ 0.50568378 -0.03156594 -0.11489306]
896.2910270690918,1000,False,5,4,[1.16872777 5.62985293 3.99935051],cruising,[-0.82138112 -0.19970136 -0.21083176]
896.2910270690918,1001,False,6,0,[1.79146331 6.63219513 4.        ],exiting,[-0.48080528  0.59740651 -0.20557775]
896.2910270690918,1002,False,1,3,[-0.3844847  -7.15738101  4.        ],exiting,[ 0.5677905  -0.59831228 -0.99408226]
896.2910270690918,1003,False,6,2,[8.83267829 8.77847307 1.92731188],entering,[ 0.63925976  0.24903542 -0.34837281]
896.2910270690918,1004,False,4,1,[-3.63587229  0.09678407  4.00001467],cruising,[-0.62185191  0.08809385  0.93462812]
896.2910270690918,1005,False,2,5,[-6.64085409 -0.11400258  2.98882878],entering,[ 0.50568378 -0.03156594 -0.11489306]
896.3848607540131,1000,False,5,4,[1.34591439 5.53709032 3.99944793],cruising,[-0.82138112 -0.19970136 -0.21083176]
896.3848607540131,1001,False,6,0,[1.81486705 6.72941789 4.        ],exiting,[-0.48080528  0.59740651 -0.20557775]
896.3848607540131,1002,False,1,3,[-0.36758513 -7.25594269  4.        ],exiting,[ 0.5677905  -0.59831228 -0.99408226]
896.3848607540131,1003,False,6,2,[8.80747548 8.66115007 2.00231188],entering,[ 0.63925976  0.24903542 -0.34837281]
896.3848607540131,1004,False,4,1,[-3.73069211  0.27287836  4.00001247],cruising,[-0.62185191  0.08809385  0.93462812]
896.3848607540131,1005,False,2,5,[-6.5274969   0.05077044  3.06382878],entering,[ 0.50568378 -0.03156594 -0.11489306]
896.4834208488464,1000,False,5,4,[1.52611477 5.45032729 3.99953074],cruising,[-0.82138112 -0.19970136 -0.21083176]
896.4834208488464,1001,False,6,0,[1.83827078 6.82664065 4.        ],exiting,[-0.48080528  0.59740651 -0.20557775]
896.4834208488464,1002,False,1,3,[-0.35068555 -7.35450437  4.        ],exiting,[ 0.5677905  -0.59831228 -0.99408226]
896.4834208488464,1003,False,6,2,[8.77845096 8.52419561 2.07731188],entering,[ 0.63925976  0.24903542 -0.34837281]
896.4834208488464,1004,False,4,1,[-3.83323369  0.44459099  4.0000106 ],cruising,[-0.62185191  0.08809385  0.93462812]
896.4834208488464,1005,False,2,5,[-6.41827193  0.21831119  3.13882878],entering,[ 0.50568378 -0.03156594 -0.11489306]
896.5937016010284,1000,False,5,4,[1.70842172 5.36808269 3.99960113],cruising,[-0.82138112 -0.19970136 -0.21083176]
896.5937016010284,1001,False,6,0,[1.86167452 6.92386341 4.        ],exiting,[-0.48080528  0.59740651 -0.20557775]
896.5937016010284,1002,False,1,3,[-0.33378598 -7.45306605  4.        ],exiting,[ 0.5677905  -0.59831228 -0.99408226]
896.5937016010284,1003,False,6,2,[8.74600836 8.3675354  2.15231188],entering,[ 0.63925976  0.24903542 -0.34837281]
896.5937016010284,1004,False,4,1,[-3.93976432  0.61385772  4.00000901],cruising,[-0.62185191  0.08809385  0.93462812]
896.5937016010284,1005,False,2,5,[-6.31371433  0.38880374  3.21382878],entering,[ 0.50568378 -0.03156594 -0.11489306]
896.6943807601929,1000,False,5,4,[1.89298503 5.29103475 3.99966096],cruising,[-0.82138112 -0.19970136 -0.21083176]
896.6943807601929,1001,False,6,0,[1.88507826 7.02108617 4.        ],exiting,[-0.48080528  0.59740651 -0.20557775]
896.6943807601929,1002,False,1,3,[-0.3168864  -7.55162773  4.        ],exiting,[ 0.5677905  -0.59831228 -0.99408226]
896.6943807601929,1003,False,6,2,[8.71049683 8.19111205 2.22731188],entering,[ 0.63925976  0.24903542 -0.34837281]
896.6943807601929,1004,False,4,1,[-4.04939779  0.78113145  4.00000766],cruising,[-0.62185191  0.08809385  0.93462812]
896.6943807601929,1005,False,2,5,[-6.21452299  0.56247319  3.28882878],entering,[ 0.50568378 -0.03156594 -0.11489306]
896.7867243289948,1000,False,5,4,[2.07989615 5.21987131 3.99971182],cruising,[-0.82138112 -0.19970136 -0.21083176]
896.7867243289948,1001,False,6,0,[1.90848199 7.11830893 4.        ],exiting,[-0.48080528  0.59740651 -0.20557775]
896.7867243289948,1002,False,1,3,[-0.29998683 -7.6501894   4.        ],exiting,[ 0.5677905  -0.59831228 -0.99408226]
896.7867243289948,1003,False,6,2,[8.67195408 7.99491974 2.30231188],entering,[ 0.63925976  0.24903542 -0.34837281]
896.7867243289948,1004,False,4,1,[-4.16139865  0.94682938  4.00000651],cruising,[-0.62185191  0.08809385  0.93462812]
896.7867243289948,1005,False,2,5,[-6.12152549  0.73953664  3.36382878],entering,[ 0.50568378 -0.03156594 -0.11489306]
896.8907959461212,1000,False,5,4,[2.270625   5.15968408 3.99975504],cruising,[-0.82138112 -0.19970136 -0.21083176]
896.8907959461212,1001,False,6,0,[1.93188573 7.21553169 4.        ],exiting,[-0.48080528  0.59740651 -0.20557775]
896.8907959461212,1002,False,1,3,[-0.28308725 -7.74875108  4.        ],landing,[ 0.5677905  -0.59831228 -0.99408226]
896.8907959461212,1003,False,6,2,[8.6334027  7.79867043 2.37731188],entering,[ 0.63925976  0.24903542 -0.34837281]
896.8907959461212,1004,False,4,1,[-4.27515393  1.11132782  4.00000553],cruising,[-0.62185191  0.08809385  0.93462812]
896.8907959461212,1005,False,2,5,[-6.03568487  0.92017824  3.43882878],entering,[ 0.50568378 -0.03156594 -0.11489306]
896.9903683662415,1000,False,5,4,[2.46431997 5.10986181 3.99979179],cruising,[-0.82138112 -0.19970136 -0.21083176]
896.9903683662415,1001,False,6,0,[1.95528947 7.31275445 4.        ],exiting,[-0.48080528  0.59740651 -0.20557775]
896.9903683662415,1002,False,1,3,[-0.27172121 -7.83418753  3.98596047],landing,[ 0.5677905  -0.59831228 -0.99408226]
896.9903683662415,1003,False,6,2,[8.59541706 7.60231083 2.45231188],entering,[ 0.63925976  0.24903542 -0.34837281]
896.9903683662415,1004,False,4,1,[-4.39014842  1.27496238  4.0000047 ],cruising,[-0.62185191  0.08809385  0.93462812]
896.9903683662415,1005,False,2,5,[-5.95815049  1.10453773  3.51382878],entering,[ 0.50568378 -0.03156594 -0.11489306]
897.0943410396576,1000,False,5,4,[2.66007979 5.06889727 3.99982302],cruising,[-0.82138112 -0.19970136 -0.21083176]
897.0943410396576,1001,False,6,0,[1.9786932  7.40997721 4.        ],exiting,[-0.48080528  0.59740651 -0.20557775]
897.0943410396576,1002,False,1,3,[-0.26588067 -7.90632295  3.95804465],landing,[ 0.5677905  -0.59831228 -0.99408226]
897.0943410396576,1003,False,6,2,[8.5600212  7.40546791 2.52731188],entering,[ 0.63925976  0.24903542 -0.34837281]
897.0943410396576,1004,False,4,1,[-4.50594369  1.43803125  4.000004  ],cruising,[-0.62185191  0.08809385  0.93462812]
897.0943410396576,1005,False,2,5,[-5.89026444  1.29266397  3.58675446],entering,[ 0.50568378 -0.03156594 -0.11489306]
897.1919014453888,1000,False,5,4,[2.85724552 5.03534615 3.99984957],cruising,[-0.82138112 -0.19970136 -0.21083176]
897.1919014453888,1001,False,6,0,[2.00209694 7.50719997 4.        ],exiting,[-0.48080528  0.59740651 -0.20557775]
897.1919014453888,1002,False,1,3,[-0.26555505 -7.96495065  3.91644939],landing,[ 0.5677905  -0.59831228 -0.99408226]
897.1919014453888,1003,False,6,2,[8.52584147 7.20841019 2.60231188],entering,[ 0.63925976  0.24903542 -0.34837281]
897.1919014453888,1004,False,4,1,[-4.6220595   1.60087203  4.0000034 ],cruising,[-0.62185191  0.08809385  0.93462812]
897.1919014453888,1005,False,2,5,[-5.83353818  1.48445066  3.64874129],entering,[ 0.50568378 -0.03156594 -0.11489306]
897.2931063175201,1000,False,5,4,[3.05534987 5.00787501 3.99987213],cruising,[-0.82138112 -0.19970136 -0.21083176]
897.2931063175201,1001,False,6,0,[2.02550068 7.60442273 4.        ],exiting,[-0.48080528  0.59740651 -0.20557775]
897.2931063175201,1002,False,1,3,[-0.27072782 -8.00978896  3.86145187],landing,[ 0.5677905  -0.59831228 -0.99408226]
897.2931063175201,1003,False,6,2,[8.49166174 7.01135247 2.67731188],entering,[ 0.63925976  0.24903542 -0.34837281]
897.2931063175201,1004,False,4,1,[-4.73842424  1.76353501  4.00000289],cruising,[-0.62185191  0.08809385  0.93462812]
897.2931063175201,1005,False,2,5,[-5.78957573  1.67955909  3.7014301 ],entering,[ 0.50568378 -0.03156594 -0.11489306]
897.3807184696198,1000,False,5,4,[3.25406948 4.98528034 3.99989131],cruising,[-0.82138112 -0.19970136 -0.21083176]
897.3807184696198,1001,False,6,0,[2.04890442 7.70164549 4.        ],exiting,[-0.48080528  0.59740651 -0.20557775]
897.3807184696198,1002,False,1,3,[-0.28138317 -8.04060171  3.79329285],landing,[ 0.5677905  -0.59831228 -0.99408226]
897.3807184696198,1003,False,6,2,[8.45893922 6.81404754 2.75231188],entering,[ 0.63925976  0.24903542 -0.34837281]
897.3807184696198,1004,False,4,1,[-4.85468976  1.92626893  4.00000245],cruising,[-0.62185191  0.08809385  0.93462812]
897.3807184696198,1005,False,2,5,[-5.75991881  1.87734804  3.74621558],entering,[ 0.50568378 -0.03156594 -0.11489306]
897.4807186126709,1000,False,5,4,[3.45318477 4.96648942 3.99990762],cruising,[-0.82138112 -0.19970136 -0.21083176]
897.4807186126709,1001,False,6,0,[2.07230815 7.79886825 4.        ],exiting,[-0.48080528  0.59740651 -0.20557775]
897.4807186126709,1002,False,1,3,[-0.29750488 -8.0571713   3.71220128],landing,[ 0.5677905  -0.59831228 -0.99408226]
897.4807186126709,1003,False,6,2,[8.42979847 6.61618188 2.82731188],entering,[ 0.63925976  0.24903542 -0.34837281]
897.4807186126709,1004,False,4,1,[-4.97053955  2.08929907  4.00000209],cruising,[-0.62185191  0.08809385  0.93462812]
897.4807186126709,1005,False,2,5,[-5.74580757  2.0768496   3.78428325],entering,[ 0.50568378 -0.03156594 -0.11489306]
897.5893247127533,1000,False,5,4,[3.65254865 4.95055069 3.99992147],cruising,[-0.82138112 -0.19970136 -0.21083176]
897.5893247127533,1001,False,6,0,[2.09571189 7.89609101 4.        ],exiting,[-0.48080528  0.59740651 -0.20557775]
897.5893247127533,1002,False,1,3,[-0.31907491 -8.05927852  3.61841499],landing,[ 0.5677905  -0.59831228 -0.99408226]
897.5893247127533,1003,False,6,2,[8.40065771 6.41831623 2.90231188],entering,[ 0.63925976  0.24903542 -0.34837281]
897.5893247127533,1004,False,4,1,[-5.08567549  2.25283413  4.00000177],cruising,[-0.62185191  0.08809385  0.93462812]
897.5893247127533,1005,False,2,5,[-5.74704523  2.27684577  3.81664076],entering,[ 0.50568378 -0.03156594 -0.11489306]
897.694020986557,1000,False,5,4,[3.85206282 4.93661873 3.99993325],cruising,[-0.82138112 -0.19970136 -0.21083176]
897.694020986557,1001,False,6,0,[2.11911563 7.99331377 4.        ],exiting,[-0.48080528  0.59740651 -0.20557775]
897.694020986557,1002,False,1,3,[-0.3421671  -8.05726821  3.52113853],landing,[ 0.5677905  -0.59831228 -0.99408226]
897.694020986557,1003,False,6,2,[8.37399852 6.22010098 2.97731188],entering,[ 0.63925976  0.24903542 -0.34837281]
897.694020986557,1004,False,4,1,[-5.20034585  2.41669598  4.00000151],cruising,[-0.62185191  0.08809385  0.93462812]
897.694020986557,1005,False,2,5,[-5.76430508  2.47609962  3.84414465],cruising,[ 0.50568378 -0.03156594 -0.11489306]
897.7897305488586,1000,False,5,4,[4.05166034 4.92393695 3.99994326],cruising,[-0.82138112 -0.19970136 -0.21083176]
897.7897305488586,1001,False,6,0,[2.14251936 8.09053653 4.        ],exiting,[-0.48080528  0.59740651 -0.20557775]
897.7897305488586,1002,False,1,3,[-0.36525929 -8.0552579   3.42386207],landing,[ 0.5677905  -0.59831228 -0.99408226]
897.7897305488586,1003,False,6,2,[8.35051059 6.02148497 3.05231188],entering,[ 0.63925976  0.24903542 -0.34837281]
897.7897305488586,1004,False,4,1,[-5.31374059  2.58144317  4.00000128],cruising,[-0.62185191  0.08809385  0.93462812]
897.7897305488586,1005,False,2,5,[-5.79542101  2.67366429  3.86752295],cruising,[ 0.50568378 -0.03156594 -0.11489306]
897.8868193626404,1000,False,5,4,[4.25129293 4.91181967 3.99995177],cruising,[-0.82138112 -0.19970136 -0.21083176]
897.8868193626404,1001,False,6,0,[2.1659231  8.18775929 4.        ],exiting,[-0.48080528  0.59740651 -0.20557775]
897.8868193626404,1002,False,1,3,[-0.38835148 -8.05324759  3.32658561],landing,[ 0.5677905  -0.59831228 -0.99408226]
897.8868193626404,1003,False,6,2,[8.3281984  5.82273345 3.12731188],entering,[ 0.63925976  0.24903542 -0.34837281]
897.8868193626404,1004,False,4,1,[-5.42554609  2.74727299  4.00000109],cruising,[-0.62185191  0.08809385  0.93462812]
897.8868193626404,1005,False,2,5,[-5.8398335   2.86867078  3.88739451],cruising,[ 0.50568378 -0.03156594 -0.11489306]
897.983395576477,1000,False,5,4,[4.45091702 4.89956313 3.99995901],cruising,[-0.82138112 -0.19970136 -0.21083176]
897.983395576477,1001,False,6,0,[2.18932684 8.28498205 4.        ],exiting,[-0.48080528  0.59740651 -0.20557775]
897.983395576477,1002,False,1,3,[-0.41144367 -8.05123728  3.22930915],landing,[ 0.5677905  -0.59831228 -0.99408226]
897.983395576477,1003,False,6,2,[8.31081277 5.62349054 3.20231188],entering,[ 0.63925976  0.24903542 -0.34837281]
897.983395576477,1004,False,4,1,[-5.53542315  2.91438682  4.00000093],cruising,[-0.62185191  0.08809385  0.93462812]
897.983395576477,1005,False,2,5,[-5.89386668  3.06123354  3.90428533],cruising,[ 0.50568378 -0.03156594 -0.11489306]
898.0946309566498,1000,False,5,4,[4.65052038 4.8869735  3.99996516],cruising,[-0.82138112 -0.19970136 -0.21083176]
898.0946309566498,1001,False,6,0,[2.21273058 8.38220481 4.        ],exiting,[-0.48080528  0.59740651 -0.20557775]
898.0946309566498,1002,False,1,3,[-0.43453586 -8.04922697  3.13203269],landing,[ 0.5677905  -0.59831228 -0.99408226]
898.0946309566498,1003,False,6,2,[8.29607717 5.42403412 3.27731188],entering,[ 0.63925976  0.24903542 -0.34837281]
898.0946309566498,1004,False,4,1,[-5.64299199  3.08299567  4.00000079],cruising,[-0.62185191  0.08809385  0.93462812]
898.0946309566498,1005,False,2,5,[-5.95508207  3.25163489  3.91864253],cruising,[ 0.50568378 -0.03156594 -0.11489306]
898.1917071342468,1000,False,5,4,[4.85005865 4.87339119 3.99997038],cruising,[-0.82138112 -0.19970136 -0.21083176]
898.1917071342468,1001,False,6,0,[2.23613431 8.47942757 4.        ],exiting,[-0.48080528  0.59740651 -0.20557775]
898.1917071342468,1002,False,1,3,[-0.45762805 -8.04721666  3.03475623],landing,[ 0.5677905  -0.59831228 -0.99408226]
898.1917071342468,1003,False,6,2,[8.28497457 5.22434253 3.35231188],entering,[ 0.63925976  0.24903542 -0.34837281]
898.1917071342468,1004,False,4,1,[-5.74781462  3.25332539  4.00000067],cruising,[-0.62185191  0.08809385  0.93462812]
898.1917071342468,1005,False,2,5,[-6.02108434  3.44043029  3.93084615],cruising,[ 0.50568378 -0.03156594 -0.11489306]
898.2821180820465,1000,False,5,4,[5.04947968 4.85818414 3.99997483],cruising,[-0.82138112 -0.19970136 -0.21083176]
898.2821180820465,1001,False,6,0,[2.25953805 8.57665033 4.        ],exiting,[-0.48080528  0.59740651 -0.20557775]
898.2821180820465,1002,False,1,3,[-0.48072023 -8.04520635  2.93747977],landing,[ 0.5677905  -0.59831228 -0.99408226]
898.2821180820465,1003,False,6,2,[8.28000812 5.0244042  3.42731188],entering,[ 0.63925976  0.24903542 -0.34837281]
898.2821180820465,1004,False,4,1,[-5.84937297  3.42562137  4.00000057],cruising,[-0.62185191  0.08809385  0.93462812]
898.2821180820465,1005,False,2,5,[-6.0919298   3.62746216  3.94121923],cruising,[ 0.50568378 -0.03156594 -0.11489306]
898.3878560066223,1000,False,5,4,[5.2487164  4.84072763 3.9999786 ],cruising,[-0.82138112 -0.19970136 -0.21083176]
898.3878560066223,1001,False,6,0,[2.28294179 8.67387309 4.        ],landing,[-0.48080528  0.59740651 -0.20557775]
898.3878560066223,1002,False,1,3,[-0.50381242 -8.04319604  2.84020332],landing,[ 0.5677905  -0.59831228 -0.99408226]
898.3878560066223,1003,False,6,2,[8.28047826 4.82440475 3.50231188],entering,[ 0.63925976  0.24903542 -0.34837281]
898.3878560066223,1004,False,4,1,[-5.94704095  3.60015207  4.00000048],cruising,[-0.62185191  0.08809385  0.93462812]
898.3878560066223,1005,False,2,5,[-6.16300701  3.81440608  3.95003634],cruising,[ 0.50568378 -0.03156594 -0.11489306]
898.4854199886322,1000,False,5,4,[5.44781976 4.82181067 3.99998181],cruising,[-0.82138112 -0.19970136 -0.21083176]
898.4854199886322,1001,False,6,0,[2.30607858 8.75661132 3.98621134],landing,[-0.48080528  0.59740651 -0.20557775]
898.4854199886322,1002,False,1,3,[-0.52690461 -8.04118573  2.74292686],landing,[ 0.5677905  -0.59831228 -0.99408226]
898.4854199886322,1003,False,6,2,[8.28506861 4.62445744 3.5769651 ],entering,[ 0.63925976  0.24903542 -0.34837281]
898.4854199886322,1004,False,4,1,[-6.04004785  3.77721058  4.00000041],cruising,[-0.62185191  0.08809385  0.93462812]
898.4854199886322,1005,False,2,5,[-6.22905075  4.00318697  3.95753089],cruising,[ 0.50568378 -0.03156594 -0.11489306]
898.5906956195831,1000,False,5,4,[5.64655793 4.79937994 3.99998454],cruising,[-0.82138112 -0.19970136 -0.21083176]
898.5906956195831,1001,False,6,0,[2.32887234 8.82471015 3.95880026],landing,[-0.48080528  0.59740651 -0.20557775]
898.5906956195831,1002,False,1,3,[-0.5499968  -8.03917542  2.6456504 ],landing,[ 0.5677905  -0.59831228 -0.99408226]
898.5906956195831,1003,False,6,2,[8.29444133 4.42467718 3.64042034],entering,[ 0.63925976  0.24903542 -0.34837281]
898.5906956195831,1004,False,4,1,[-6.12742974  3.95711168  4.00000035],cruising,[-0.62185191  0.08809385  0.93462812]
898.5906956195831,1005,False,2,5,[-6.29122432  4.1932776   3.96390126],cruising,[ 0.50568378 -0.03156594 -0.11489306]
898.6838753223419,1000,False,5,4,[5.84477441 4.7727298  3.99998686],cruising,[-0.82138112 -0.19970136 -0.21083176]
898.6838753223419,1001,False,6,0,[2.35123323 8.87798937 3.91796563],landing,[-0.48080528  0.59740651 -0.20557775]
898.6838753223419,1002,False,1,3,[-0.57308899 -8.0371651   2.54837394],landing,[ 0.5677905  -0.59831228 -0.99408226]
898.6838753223419,1003,False,6,2,[8.30671192 4.22505395 3.69435729],entering,[ 0.63925976  0.24903542 -0.34837281]
898.6838753223419,1004,False,4,1,[-6.2079644   4.14018043  4.0000003 ],cruising,[-0.62185191  0.08809385  0.93462812]
898.6838753223419,1005,False,2,5,[-6.34705408  4.38532717  3.96931607],cruising,[ 0.50568378 -0.03156594 -0.11489306]
898.7798488140106,1000,False,5,4,[6.04225656 4.7410944  3.99998883],cruising,[-0.82138112 -0.19970136 -0.21083176]
898.7798488140106,1001,False,6,0,[2.3730395  8.91620914 3.86398166],landing,[-0.48080528  0.59740651 -0.20557775]
898.7798488140106,1002,False,1,3,[-0.59618118 -8.03515479  2.45109748],landing,[ 0.5677905  -0.59831228 -0.99408226]
898.7798488140106,1003,False,6,2,[8.31625256 4.02528164 3.74020369],entering,[ 0.63925976  0.24903542 -0.34837281]
898.7798488140106,1004,False,4,1,[-6.28008473  4.32672442  4.00000025],cruising,[-0.62185191  0.08809385  0.93462812]
898.7798488140106,1005,False,2,5,[-6.38751143  4.58119244  3.97391866],exiting,[ 0.50568378 -0.03156594 -0.11489306]
898.8899035453796,1000,False,5,4,[6.2387161  4.70362909 3.99999051],cruising,[-0.82138112 -0.19970136 -0.21083176]
898.8899035453796,1001,False,6,0,[2.3941788  8.93915277 3.79710602],landing,[-0.48080528  0.59740651 -0.20557775]
898.8899035453796,1002,False,1,3,[-0.61927337 -8.03314448  2.35382102],landing,[ 0.5677905  -0.59831228 -0.99408226]
898.8899035453796,1003,False,6,2,[8.33103509 3.8258287  3.77917314],cruising,[ 0.63925976  0.24903542 -0.34837281]
898.8899035453796,1004,False,4,1,[-6.33619577  4.51869199  4.00000021],cruising,[-0.62185191  0.08809385  0.93462812]
898.8899035453796,1005,False,2,5,[-6.43122822  4.7573251   3.97852757],exiting,[ 0.50568378 -0.03156594 -0.11489306]
898.986100435257,1000,False,5,4,[6.43376277 4.65939338 3.99999193],cruising,[-0.82138112 -0.19970136 -0.21083176]
898.986100435257,1001,False,6,0,[2.41455155 8.94663184 3.71757101],landing,[-0.48080528  0.59740651 -0.20557775]
898.986100435257,1002,False,1,3,[-0.64236556 -8.03113417  2.25654456],landing,[ 0.5677905  -0.59831228 -0.99408226]
898.986100435257,1003,False,6,2,[8.34003067 3.6260311  3.81229717],cruising,[ 0.63925976  0.24903542 -0.34837281]
898.986100435257,1004,False,4,1,[-6.37890316  4.71407899  4.00000018],cruising,[-0.62185191  0.08809385  0.93462812]
898.986100435257,1005,False,2,5,[-6.47843634  4.91376525  3.9830103 ],exiting,[ 0.50568378 -0.03156594 -0.11489306]
899.0880990028381,1000,False,5,4,[6.62686943 4.6073375  3.99999314],cruising,[-0.82138112 -0.19970136 -0.21083176]
899.0880990028381,1001,False,6,0,[2.43405595 8.93845738 3.62561775],landing,[-0.48080528  0.59740651 -0.20557775]
899.0880990028381,1002,False,1,3,[-0.66545775 -8.02912386  2.1592681 ],landing,[ 0.5677905  -0.59831228 -0.99408226]
899.0880990028381,1003,False,6,2,[8.34741449 3.42616745 3.84045259],cruising,[ 0.63925976  0.24903542 -0.34837281]
899.0880990028381,1004,False,4,1,[-6.4018296   4.91241794  4.00000015],cruising,[-0.62185191  0.08809385  0.93462812]
899.0880990028381,1005,False,2,5,[-6.52943949  5.0505714   3.98717065],exiting,[ 0.50568378 -0.03156594 -0.11489306]
899.1928400993347,1000,False,5,4,[6.81732674 4.5462964  3.99999417],cruising,[-0.82138112 -0.19970136 -0.21083176]
899.1928400993347,1001,False,6,0,[2.45315377 8.92366161 3.52857983],landing,[-0.48080528  0.59740651 -0.20557775]
899.1928400993347,1002,False,1,3,[-0.68854994 -8.02711355  2.06199164],landing,[ 0.5677905  -0.59831228 -0.99408226]
899.1928400993347,1003,False,6,2,[8.36089285 3.22662213 3.8643847 ],cruising,[ 0.63925976  0.24903542 -0.34837281]
899.1928400993347,1004,False,4,1,[-6.40475879  5.11108901  4.00000013],cruising,[-0.62185191  0.08809385  0.93462812]
899.1928400993347,1005,False,2,5,[-6.58460166  5.16782391  3.99073325],exiting,[ 0.50568378 -0.03156594 -0.11489306]
899.2825448513031,1000,False,5,4,[7.00418635 4.47499783 3.99999504],cruising,[-0.82138112 -0.19970136 -0.21083176]
899.2825448513031,1001,False,6,0,[2.47225159 8.90886583 3.43154191],landing,[-0.48080528  0.59740651 -0.20557775]
899.2825448513031,1002,False,1,3,[-0.71164213 -8.02510324  1.96471519],landing,[ 0.5677905  -0.59831228 -0.99408226]
899.2825448513031,1003,False,6,2,[8.37300925 3.02698949 3.884727  ],cruising,[ 0.63925976  0.24903542 -0.34837281]
899.2825448513031,1004,False,4,1,[-6.38782866  5.30739213  4.0000001 ],cruising,[-0.62185191  0.08809385  0.93462812]
899.2825448513031,1005,False,2,5,[-6.64422859  5.26560138  3.99340742],exiting,[ 0.50568378 -0.03156594 -0.11489306]
899.3920917510986,1000,False,5,4,[7.18619466 4.39209444 3.99999579],cruising,[-0.82138112 -0.19970136 -0.21083176]
899.3920917510986,1001,False,6,0,[2.49134941 8.89407006 3.33450399],landing,[-0.48080528  0.59740651 -0.20557775]
899.3920917510986,1002,False,1,3,[-0.73473432 -8.02309293  1.86743873],landing,[ 0.5677905  -0.59831228 -0.99408226]
899.3920917510986,1003,False,6,2,[8.38452843 2.82732149 3.90201795],cruising,[ 0.63925976  0.24903542 -0.34837281]
899.3920917510986,1004,False,4,1,[-6.35149783  5.49883597  4.00000008],cruising,[-0.62185191  0.08809385  0.93462812]
899.3920917510986,1005,False,2,5,[-6.70862973  5.34400038  3.99478498],exiting,[ 0.50568378 -0.03156594 -0.11489306]
899.4794428348541,1000,False,5,4,[7.36172443 4.2962336  3.99999642],cruising,[-0.82138112 -0.19970136 -0.21083176]
899.4794428348541,1001,False,6,0,[2.51044723 8.87927428 3.23746607],landing,[-0.48080528  0.59740651 -0.20557775]
899.4794428348541,1002,False,1,3,[-0.7578265  -8.02108262  1.77016227],landing,[ 0.5677905  -0.59831228 -0.99408226]
899.4794428348541,1003,False,6,2,[8.39956061 2.62788721 3.91671526],cruising,[ 0.63925976  0.24903542 -0.34837281]
899.4794428348541,1004,False,4,1,[-6.29650798  5.68307972  4.00000006],cruising,[-0.62185191  0.08809385  0.93462812]
899.4794428348541,1005,False,2,5,[-6.77367676  5.41995331  3.99575427],exiting,[ 0.50568378 -0.03156594 -0.11489306]
899.5906236171722,1000,False,5,4,[7.52659295 4.18345125 3.99999698],cruising,[-0.82138112 -0.19970136 -0.21083176]
899.5906236171722,1001,False,6,0,[2.52954505 8.86447851 3.14042815],landing,[-0.48080528  0.59740651 -0.20557775]
899.5906236171722,1002,False,1,3,[-0.78091869 -8.01907231  1.67288581],landing,[ 0.5677905  -0.59831228 -0.99408226]
899.5906236171722,1003,False,6,2,[8.41284991 2.42832921 3.92920797],cruising,[ 0.63925976  0.24903542 -0.34837281]
899.5906236171722,1004,False,4,1,[-6.22376841  5.85810678  4.00000004],cruising,[-0.62185191  0.08809385  0.93462812]
899.5906236171722,1005,False,2,5,[-6.83872382  5.49590629  3.99654906],exiting,[ 0.50568378 -0.03156594 -0.11489306]
899.6915872097015,1000,False,5,4,[7.67936165 4.05474426 3.99999745],cruising,[-0.82138112 -0.19970136 -0.21083176]
899.6915872097015,1001,False,6,0,[2.54864288 8.84968273 3.04339022],landing,[-0.48080528  0.59740651 -0.20557775]
899.6915872097015,1002,False,1,3,[-0.80401088 -8.017062    1.57560935],landing,[ 0.5677905  -0.59831228 -0.99408226]
899.6915872097015,1003,False,6,2,[8.42785274 2.22889272 3.93982677],cruising,[ 0.63925976  0.24903542 -0.34837281]
899.6915872097015,1004,False,4,1,[-6.13449671  6.02187824  4.00000003],cruising,[-0.62185191  0.08809385  0.93462812]
899.6915872097015,1005,False,2,5,[-6.90377091  5.57185929  3.99720003],exiting,[ 0.50568378 -0.03156594 -0.11489306]
899.7806429862976,1000,False,5,4,[7.81845904 3.91143947 3.99999785],cruising,[-0.82138112 -0.19970136 -0.21083176]
899.7806429862976,1001,False,6,0,[2.5677407  8.83488696 2.9463523 ],landing,[-0.48080528  0.59740651 -0.20557775]
899.7806429862976,1002,False,1,3,[-0.82710307 -8.01505169  1.47833289],fake_landed,[ 0.5677905  -0.59831228 -0.99408226]
899.7806429862976,1003,False,6,2,[8.44037109 2.02928487 3.94885276],cruising,[ 0.63925976  0.24903542 -0.34837281]
899.7806429862976,1004,False,4,1,[-6.02969901  6.17304242  4.00000001],cruising,[-0.62185191  0.08809385  0.93462812]
899.7806429862976,1005,False,2,5,[-6.96881801  5.64781232  3.99773255],exiting,[ 0.50568378 -0.03156594 -0.11489306]
899.8883481025696,1000,False,5,4,[7.94241506 3.75506797 3.99999819],cruising,[-0.82138112 -0.19970136 -0.21083176]
899.8883481025696,1001,False,6,0,[2.58683852 8.82009118 2.84931438],landing,[-0.48080528  0.59740651 -0.20557775]
899.8883481025696,1002,False,1,3,[-0.84557682 -8.01344344  1.40051172],fake_landed,[ 0.5677905  -0.59831228 -0.99408226]
899.8883481025696,1003,False,6,2,[8.45341969 1.82971099 3.95652484],cruising,[ 0.63925976  0.24903542 -0.34837281]
899.8883481025696,1004,False,4,1,[-5.91029152  6.31054812  4.        ],cruising,[-0.62185191  0.08809385  0.93462812]
899.8883481025696,1005,False,2,5,[-7.03386513  5.72376535  3.99816761],exiting,[ 0.50568378 -0.03156594 -0.11489306]
899.9844369888306,1000,False,5,4,[8.04957426 3.58783983 3.9999985 ],cruising,[-0.82138112 -0.19970136 -0.21083176]
899.9844369888306,1001,False,6,0,[2.60593634 8.80529541 2.75227646],landing,[-0.48080528  0.59740651 -0.20557775]
899.9844369888306,1002,False,1,3,[-0.85943214 -8.01223726  1.34214585],fake_landed,[ 0.5677905  -0.59831228 -0.99408226]
899.9844369888306,1003,False,6,2,[8.46361189 1.62997086 3.96304612],cruising,[ 0.63925976  0.24903542 -0.34837281]
899.9844369888306,1004,False,4,1,[-5.77716042  6.4335052   3.99999999],cruising,[-0.62185191  0.08809385  0.93462812]
899.9844369888306,1005,False,2,5,[-7.09891225  5.7997184   3.99852255],exiting,[ 0.50568378 -0.03156594 -0.11489306]
900.0825111865997,1000,False,5,4,[8.13910675 3.41116188 3.99999877],cruising,[-0.82138112 -0.19970136 -0.21083176]
900.0825111865997,1001,False,6,0,[2.62503416 8.79049963 2.65523854],landing,[-0.48080528  0.59740651 -0.20557775]
900.0825111865997,1002,False,1,3,[-0.86866901 -8.01143313  1.30323527],fake_landed,[ 0.5677905  -0.59831228 -0.99408226]
900.0825111865997,1003,False,6,2,[8.47359101 1.43021998 3.9685892 ],cruising,[ 0.63925976  0.24903542 -0.34837281]
900.0825111865997,1004,False,4,1,[-5.63112887  6.541179    3.99999999],cruising,[-0.62185191  0.08809385  0.93462812]
900.0825111865997,1005,False,2,5,[-7.16395938  5.87567145  3.99881168],exiting,[ 0.50568378 -0.03156594 -0.11489306]
900.1822040081024,1000,False,5,4,[8.21035214 3.22638563 3.999999  ],cruising,[-0.82138112 -0.19970136 -0.21083176]
900.1822040081024,1001,False,6,0,[2.64413198 8.77570386 2.55820061],landing,[-0.48080528  0.59740651 -0.20557775]
900.1822040081024,1002,False,1,3,[-0.87328745 -8.01103107  1.28377997],fake_landed,[ 0.5677905  -0.59831228 -0.99408226]
900.1822040081024,1003,False,6,2,[8.4828437  1.23043412 3.97330082],cruising,[ 0.63925976  0.24903542 -0.34837281]
900.1822040081024,1004,False,4,1,[-5.47292326  6.63298484  3.99999998],cruising,[-0.62185191  0.08809385  0.93462812]
900.1822040081024,1005,False,2,5,[-7.22900652  5.95162451  3.99904683],exiting,[ 0.50568378 -0.03156594 -0.11489306]
900.2866704463959,1000,False,5,4,[8.26279708 3.03478718 3.99999918],cruising,[-0.82138112 -0.19970136 -0.21083176]
900.2866704463959,1001,False,6,0,[2.6632298  8.76090808 2.46116269],landing,[-0.48080528  0.59740651 -0.20557775]
900.2866704463959,1002,False,3,6,[-0.87328745 -8.01103107  1.28377997],waiting,[ 0.5677905  -0.59831228 -0.99408226]
900.2866704463959,1003,False,6,2,[8.48866079 1.03051873 3.9773057 ],cruising,[ 0.63925976  0.24903542 -0.34837281]
900.2866704463959,1004,False,4,1,[-5.30312977  6.70848974  3.99999998],cruising,[-0.62185191  0.08809385  0.93462812]
900.2866704463959,1005,False,2,5,[-7.29405365  6.02757757  3.99923775],exiting,[ 0.50568378 -0.03156594 -0.11489306]
900.3900804519653,1000,False,5,4,[8.30005654 2.83828849 3.9999993 ],cruising,[-0.82138112 -0.19970136 -0.21083176]
900.3900804519653,1001,False,6,0,[2.68232763 8.74611231 2.36412477],landing,[-0.48080528  0.59740651 -0.20557775]
900.3900804519653,1002,False,3,6,[-0.87328745 -8.01103107  1.28377997],waiting,[ 0.5677905  -0.59831228 -0.99408226]
900.3900804519653,1003,False,6,2,[8.49351371 0.83057762 3.98070984],cruising,[ 0.63925976  0.24903542 -0.34837281]
900.3900804519653,1004,False,4,1,[-5.12215434  6.76741258  3.99999998],cruising,[-0.62185191  0.08809385  0.93462812]
900.3900804519653,1005,False,2,5,[-7.35910079  6.10353064  3.99939245],exiting,[ 0.50568378 -0.03156594 -0.11489306]
900.492645740509,1000,False,5,4,[8.33140208 2.64076012 3.99999941],cruising,[-0.82138112 -0.19970136 -0.21083176]
900.492645740509,1001,False,6,0,[2.70142545 8.73131653 2.26708685],landing,[-0.48080528  0.59740651 -0.20557775]
900.492645740509,1002,False,3,6,[-0.87328745 -8.01103107  1.28377997],waiting,[ 0.5677905  -0.59831228 -0.99408226]
900.492645740509,1003,False,6,2,[8.49709318 0.63060965 3.98360337],cruising,[ 0.63925976  0.24903542 -0.34837281]
900.492645740509,1004,False,4,1,[-4.93047046  6.80944374  3.99999998],cruising,[-0.62185191  0.08809385  0.93462812]
900.492645740509,1005,False,2,5,[-7.42414794  6.1794837   3.99951756],exiting,[ 0.50568378 -0.03156594 -0.11489306]
900.5928525924683,1000,False,5,4,[8.35796661 2.44253216 3.9999995 ],cruising,[-0.82138112 -0.19970136 -0.21083176]
900.5928525924683,1001,False,6,0,[2.72052327 8.71652076 2.17004893],landing,[-0.48080528  0.59740651 -0.20557775]
900.5928525924683,1002,False,3,6,[-0.87328745 -8.01103107  1.28377997],waiting,[ 0.5677905  -0.59831228 -0.99408226]
900.5928525924683,1003,False,6,2,[8.49707378 0.43060966 3.98606286],cruising,[ 0.63925976  0.24903542 -0.34837281]
900.5928525924683,1004,False,4,1,[-4.73398157  6.84675482  3.99999998],cruising,[-0.62185191  0.08809385  0.93462812]
900.5928525924683,1005,False,2,5,[-7.48919508  6.25543677  3.9996185 ],exiting,[ 0.50568378 -0.03156594 -0.11489306]
900.6807563304901,1000,False,5,4,[8.38362566 2.24418496 3.99999957],cruising,[-0.82138112 -0.19970136 -0.21083176]
900.6807563304901,1001,False,6,0,[2.73962109 8.70172498 2.07301101],landing,[-0.48080528  0.59740651 -0.20557775]
900.6807563304901,1002,False,3,6,[-0.87328745 -8.01103107  1.28377997],waiting,[ 0.5677905  -0.59831228 -0.99408226]
900.6807563304901,1003,False,6,2,[8.49573829 0.23061411 3.98815343],cruising,[ 0.63925976  0.24903542 -0.34837281]
900.6807563304901,1004,False,4,1,[-4.5384329   6.88871572  3.99999999],cruising,[-0.62185191  0.08809385  0.93462812]
900.6807563304901,1005,False,2,5,[-7.55424222  6.33138984  3.99969974],exiting,[ 0.50568378 -0.03156594 -0.11489306]
900.7809369564056,1000,False,5,4,[8.40476586 2.04530536 3.99999964],cruising,[-0.82138112 -0.19970136 -0.21083176]
900.7809369564056,1001,False,6,0,[2.75871891 8.68692921 1.97597308],landing,[-0.48080528  0.59740651 -0.20557775]
900.7809369564056,1002,False,3,6,[-0.87328745 -8.01103107  1.28377997],waiting,[ 0.5677905  -0.59831228 -0.99408226]
900.7809369564056,1003,False,6,2,[8.49286506 0.03063475 3.98993042],cruising,[ 0.63925976  0.24903542 -0.34837281]
900.7809369564056,1004,False,4,1,[-4.34356495  6.93373218  3.99999999],cruising,[-0.62185191  0.08809385  0.93462812]
900.7809369564056,1005,False,2,5,[-7.61928936  6.40734291  3.99976496],exiting,[ 0.50568378 -0.03156594 -0.11489306]
900.892630815506,1000,False,5,4,[8.42471444 1.84630272 3.99999969],cruising,[-0.82138112 -0.19970136 -0.21083176]
900.892630815506,1001,False,6,0,[2.77781673 8.67213343 1.87893516],landing,[-0.48080528  0.59740651 -0.20557775]
900.892630815506,1002,False,3,6,[-0.87328745 -8.01103107  1.28377997],waiting,[ 0.5677905  -0.59831228 -0.99408226]
900.892630815506,1003,False,6,2,[ 8.48827849 -0.16931265  3.99144085],cruising,[ 0.63925976  0.24903542 -0.34837281]
900.892630815506,1004,False,4,1,[-4.14907913  6.98037194  3.99999999],cruising,[-0.62185191  0.08809385  0.93462812]
900.892630815506,1005,False,2,5,[-7.68433651  6.48329598  3.99981714],exiting,[ 0.50568378 -0.03156594 -0.11489306]
900.9927179813385,1000,False,5,4,[8.44309501 1.64714912 3.99999974],cruising,[-0.82138112 -0.19970136 -0.21083176]
900.9927179813385,1001,False,6,0,[2.79691456 8.65733766 1.78189724],landing,[-0.48080528  0.59740651 -0.20557775]
900.9927179813385,1002,False,3,6,[-0.87328745 -8.01103107  1.28377997],waiting,[ 0.5677905  -0.59831228 -0.99408226]
900.9927179813385,1003,False,6,2,[ 8.47979283 -0.36913255  3.99272473],cruising,[ 0.63925976  0.24903542 -0.34837281]
900.9927179813385,1004,False,4,1,[-3.95468554  7.02739461  3.99999999],cruising,[-0.62185191  0.08809385  0.93462812]
900.9927179813385,1005,False,2,5,[-7.74938365  6.55924905  3.99985877],exiting,[ 0.50568378 -0.03156594 -0.11489306]
901.0948221683502,1000,False,5,4,[8.45699674 1.44763285 3.99999978],cruising,[-0.82138112 -0.19970136 -0.21083176]
901.0948221683502,1001,False,6,0,[2.81601238 8.64254188 1.68485932],landing,[-0.48080528  0.59740651 -0.20557775]
901.0948221683502,1002,False,3,6,[-0.87328745 -8.01103107  1.28377997],waiting,[ 0.5677905  -0.59831228 -0.99408226]
901.0948221683502,1003,False,6,2,[ 8.46966952 -0.56887618  3.99381602],cruising,[ 0.63925976  0.24903542 -0.34837281]
901.0948221683502,1004,False,4,1,[-3.75956757  7.07131473  3.99999999],cruising,[-0.62185191  0.08809385  0.93462812]
901.0948221683502,1005,False,2,5,[-7.8144308   6.63520212  3.99989184],exiting,[ 0.50568378 -0.03156594 -0.11489306]
901.1818623542786,1000,False,5,4,[8.46940058 1.24801786 3.99999981],cruising,[-0.82138112 -0.19970136 -0.21083176]
901.1818623542786,1001,False,6,0,[2.8351102  8.62774611 1.5878214 ],landing,[-0.48080528  0.59740651 -0.20557775]
901.1818623542786,1002,False,3,6,[-0.87328745 -8.01103107  1.28377997],waiting,[ 0.5677905  -0.59831228 -0.99408226]
901.1818623542786,1003,False,6,2,[ 8.45772895 -0.76851942  3.99474361],cruising,[ 0.63925976  0.24903542 -0.34837281]
901.1818623542786,1004,False,4,1,[-3.56419596  7.11409245  3.99999999],cruising,[-0.62185191  0.08809385  0.93462812]
901.1818623542786,1005,False,2,5,[-7.87947794  6.71115519  3.999918  ],exiting,[ 0.50568378 -0.03156594 -0.11489306]
901.289553642273,1000,False,5,4,[8.47780056 1.04819434 3.99999984],cruising,[-0.82138112 -0.19970136 -0.21083176]
901.289553642273,1001,False,6,0,[2.85420802 8.61295033 1.49078348],fake_landed,[-0.48080528  0.59740651 -0.20557775]
901.289553642273,1002,False,3,6,[-0.87328745 -8.01103107  1.28377997],waiting,[ 0.5677905  -0.59831228 -0.99408226]
901.289553642273,1003,False,6,2,[ 8.44381707 -0.96803498  3.99553207],cruising,[ 0.63925976  0.24903542 -0.34837281]
901.289553642273,1004,False,4,1,[-3.36838509  7.15481228  3.99999999],cruising,[-0.62185191  0.08809385  0.93462812]
901.289553642273,1005,False,2,5,[-7.94452509  6.78710826  3.9999386 ],exiting,[ 0.50568378 -0.03156594 -0.11489306]
901.3820657730103,1000,False,5,4,[8.48473783 0.84831469 3.99999986],cruising,[-0.82138112 -0.19970136 -0.21083176]
901.3820657730103,1001,False,6,0,[2.86948628 8.60111371 1.41315314],fake_landed,[-0.48080528  0.59740651 -0.20557775]
901.3820657730103,1002,False,3,6,[-0.87328745 -8.01103107  1.28377997],waiting,[ 0.5677905  -0.59831228 -0.99408226]
901.3820657730103,1003,False,6,2,[ 8.42562481 -1.16720587  3.99620226],cruising,[ 0.63925976  0.24903542 -0.34837281]
901.3820657730103,1004,False,4,1,[-3.17152427  7.19010843  4.        ],cruising,[-0.62185191  0.08809385  0.93462812]
901.3820657730103,1005,False,2,5,[-8.00957223  6.86306133  3.99995472],exiting,[ 0.50568378 -0.03156594 -0.11489306]
901.4910552501678,1000,False,5,4,[8.49000578 0.64838408 3.99999988],cruising,[-0.82138112 -0.19970136 -0.21083176]
901.4910552501678,1001,False,6,0,[2.88094497 8.59223625 1.35493039],fake_landed,[-0.48080528  0.59740651 -0.20557775]
901.4910552501678,1002,False,3,6,[-0.87328745 -8.01103107  1.28377997],waiting,[ 0.5677905  -0.59831228 -0.99408226]
901.4910552501678,1003,False,6,2,[ 8.40551184 -1.36619197  3.99677192],cruising,[ 0.63925976  0.24903542 -0.34837281]
901.4910552501678,1004,False,4,1,[-2.97409975  7.22210155  4.        ],cruising,[-0.62185191  0.08809385  0.93462812]
901.4910552501678,1005,False,2,5,[-8.07461938  6.9390144   3.99996726],exiting,[ 0.50568378 -0.03156594 -0.11489306]
901.5896575450897,1000,False,5,4,[8.49345022 0.44841374 3.9999999 ],cruising,[-0.82138112 -0.19970136 -0.21083176]
901.5896575450897,1001,False,6,0,[2.8885841  8.58631794 1.31611522],fake_landed,[-0.48080528  0.59740651 -0.20557775]
901.5896575450897,1002,False,3,6,[-0.87328745 -8.01103107  1.28377997],waiting,[ 0.5677905  -0.59831228 -0.99408226]
901.5896575450897,1003,False,6,2,[ 8.38327563 -1.564952    3.99725613],cruising,[ 0.63925976  0.24903542 -0.34837281]
901.5896575450897,1004,False,4,1,[-2.77566383  7.24706519  4.        ],cruising,[-0.62185191  0.08809385  0.93462812]
901.5896575450897,1005,False,2,5,[-8.13966652  7.01496747  3.99997693],exiting,[ 0.50568378 -0.03156594 -0.11489306]
901.6822278499603,1000,False,5,4,[8.4928394  0.24841467 3.99999992],cruising,[-0.82138112 -0.19970136 -0.21083176]
901.6822278499603,1001,False,6,0,[2.89240366 8.58335878 1.29670763],fake_landed,[-0.48080528  0.59740651 -0.20557775]
901.6822278499603,1002,False,3,6,[-0.87328745 -8.01103107  1.28377997],queued,[ 0.5677905  -0.59831228 -0.99408226]
901.6822278499603,1003,False,6,2,[ 8.35637193 -1.76313422  3.99766771],cruising,[ 0.63925976  0.24903542 -0.34837281]
901.6822278499603,1004,False,4,1,[-2.57668171  7.26721755  4.        ],cruising,[-0.62185191  0.08809385  0.93462812]
901.6822278499603,1005,False,2,5,[-8.20471367  7.09092054  3.99998431],exiting,[ 0.50568378 -0.03156594 -0.11489306]
901.779284954071,1000,False,5,4,[8.49057653 0.04842747 3.99999993],cruising,[-0.82138112 -0.19970136 -0.21083176]
901.779284954071,1001,False,6,0,[2.89240366 8.58335878 1.29670763],fake_landed,[-0.48080528  0.59740651 -0.20557775]
901.779284954071,1002,False,3,6,[-0.87328745 -8.01103107  1.30377997],queued,[ 0.5677905  -0.59831228 -0.99408226]
901.779284954071,1003,False,6,2,[ 8.32727022 -1.96100562  3.99801756],cruising,[ 0.63925976  0.24903542 -0.34837281]
901.779284954071,1004,False,4,1,[-2.37696834  7.27792125  4.        ],cruising,[-0.62185191  0.08809385  0.93462812]
901.779284954071,1005,False,2,5,[-8.26976081  7.16687361  3.99998988],exiting,[ 0.50568378 -0.03156594 -0.11489306]
901.8848478794098,1000,False,5,4,[ 8.4865096  -0.15153117  3.99999994],cruising,[-0.82138112 -0.19970136 -0.21083176]
901.8848478794098,1001,False,0,3,[2.89240366 8.58335878 1.29670763],waiting,[-0.48080528  0.59740651 -0.20557775]
901.8848478794098,1002,False,3,6,[-0.87328745 -8.01103107  1.34377997],queued,[ 0.5677905  -0.59831228 -0.99408226]
901.8848478794098,1003,False,6,2,[ 8.29570568 -2.15849911  3.99831492],cruising,[ 0.63925976  0.24903542 -0.34837281]
901.8848478794098,1004,False,4,1,[-2.17696951  7.27723785  4.        ],cruising,[-0.62185191  0.08809385  0.93462812]
901.8848478794098,1005,False,2,5,[-8.33480796  7.24282668  3.999994  ],exiting,[ 0.50568378 -0.03156594 -0.11489306]
901.9895241260529,1000,False,5,4,[ 8.47850867 -0.35137107  3.99999995],cruising,[-0.82138112 -0.19970136 -0.21083176]
901.9895241260529,1001,False,0,3,[2.89240366 8.58335878 1.29670763],waiting,[-0.48080528  0.59740651 -0.20557775]
901.9895241260529,1002,False,3,6,[-0.87328745 -8.01103107  1.40377997],queued,[ 0.5677905  -0.59831228 -0.99408226]
901.9895241260529,1003,False,6,2,[ 8.25866159 -2.35503851  3.99856768],cruising,[ 0.63925976  0.24903542 -0.34837281]
901.9895241260529,1004,False,4,1,[-1.97800353  7.25692675  4.        ],cruising,[-0.62185191  0.08809385  0.93462812]
901.9895241260529,1005,False,2,5,[-8.3998551   7.31877975  3.99999698],landing,[ 0.50568378 -0.03156594 -0.11489306]
902.087797164917,1000,False,5,4,[ 8.46880542 -0.55113555  3.99999996],cruising,[-0.82138112 -0.19970136 -0.21083176]
902.087797164917,1001,False,0,3,[2.89240366 8.58335878 1.29670763],waiting,[-0.48080528  0.59740651 -0.20557775]
902.087797164917,1002,False,3,6,[-0.87328745 -8.01103107  1.47877997],queued,[ 0.5677905  -0.59831228 -0.99408226]
902.087797164917,1003,False,6,2,[ 8.21892796 -2.55105188  3.99878253],cruising,[ 0.63925976  0.24903542 -0.34837281]
902.087797164917,1004,False,4,1,[-1.78066861  7.22438557  4.        ],cruising,[-0.62185191  0.08809385  0.93462812]
902.087797164917,1005,False,2,5,[-8.45356792  7.38655096  3.98569646],landing,[ 0.50568378 -0.03156594 -0.11489306]
902.1868185997009,1000,False,5,4,[ 8.45723398 -0.75080052  3.99999996],cruising,[-0.82138112 -0.19970136 -0.21083176]
902.1868185997009,1001,False,0,3,[2.89240366 8.58335878 1.29670763],waiting,[-0.48080528  0.59740651 -0.20557775]
902.1868185997009,1002,False,3,6,[-0.87328745 -8.01103107  1.55377997],queued,[ 0.5677905  -0.59831228 -0.99408226]
902.1868185997009,1003,False,6,2,[ 8.1730156  -2.74571069  3.99896515],cruising,[ 0.63925976  0.24903542 -0.34837281]
902.1868185997009,1004,False,4,1,[-1.58705034  7.17426607  4.        ],cruising,[-0.62185191  0.08809385  0.93462812]
902.1868185997009,1005,False,2,5,[-8.49586039  7.44598334  3.9572524 ],landing,[ 0.50568378 -0.03156594 -0.11489306]
902.2828772068024,1000,False,5,4,[ 8.44365125 -0.95033876  3.99999997],cruising,[-0.82138112 -0.19970136 -0.21083176]
902.2828772068024,1001,False,0,3,[2.89240366 8.58335878 1.29670763],waiting,[-0.48080528  0.59740651 -0.20557775]
902.2828772068024,1002,False,3,6,[-0.87328745 -8.01103107  1.62877997],queued,[ 0.5677905  -0.59831228 -0.99408226]
902.2828772068024,1003,False,6,2,[ 8.1239487  -2.93959839  3.99912038],cruising,[ 0.63925976  0.24903542 -0.34837281]
902.2828772068024,1004,False,4,1,[-1.39783828  7.10946793  4.        ],cruising,[-0.62185191  0.08809385  0.93462812]
902.2828772068024,1005,False,2,5,[-8.5266315   7.49689023  3.91485936],landing,[ 0.50568378 -0.03156594 -0.11489306]
902.3799841403961,1000,False,5,4,[ 8.42579546 -1.1495401   3.99999997],cruising,[-0.82138112 -0.19970136 -0.21083176]
902.3799841403961,1001,False,0,3,[2.89240366 8.58335878 1.29670763],waiting,[-0.48080528  0.59740651 -0.20557775]
902.3799841403961,1002,False,3,6,[-0.87328745 -8.01103107  1.70377997],queued,[ 0.5677905  -0.59831228 -0.99408226]
902.3799841403961,1003,False,6,2,[ 8.06750384 -3.13146808  3.99925232],cruising,[ 0.63925976  0.24903542 -0.34837281]
902.3799841403961,1004,False,4,1,[-1.21313625  7.03275315  4.        ],cruising,[-0.62185191  0.08809385  0.93462812]
902.3799841403961,1005,False,2,5,[-8.54574211  7.53900993  3.85879818],landing,[ 0.50568378 -0.03156594 -0.11489306]
902.4889521598816,1000,False,5,4,[ 8.40598752 -1.34855679  3.99999998],cruising,[-0.82138112 -0.19970136 -0.21083176]
902.4889521598816,1001,False,0,3,[2.89240366 8.58335878 1.29670763],waiting,[-0.48080528  0.59740651 -0.20557775]
902.4889521598816,1002,False,3,6,[-0.87328745 -8.01103107  1.77877997],queued,[ 0.5677905  -0.59831228 -0.99408226]
902.4889521598816,1003,False,6,2,[ 8.00715929 -3.32214722  3.99936447],cruising,[ 0.63925976  0.24903542 -0.34837281]
902.4889521598816,1004,False,4,1,[-1.03263793  6.94661165  4.        ],cruising,[-0.62185191  0.08809385  0.93462812]
902.4889521598816,1005,False,2,5,[-8.55308795  7.57214261  3.78928992],landing,[ 0.50568378 -0.03156594 -0.11489306]
902.5794863700867,1000,False,5,4,[ 8.38403231 -1.54734806  3.99999998],cruising,[-0.82138112 -0.19970136 -0.21083176]
902.5794863700867,1001,False,0,3,[2.89240366 8.58335878 1.29670763],waiting,[-0.48080528  0.59740651 -0.20557775]
902.5794863700867,1002,False,3,6,[-0.87328745 -8.01103107  1.85377997],entering,[ 0.5677905  -0.59831228 -0.99408226]
902.5794863700867,1003,False,6,2,[ 7.93754056 -3.50963918  3.9994598 ],cruising,[ 0.63925976  0.24903542 -0.34837281]
902.5794863700867,1004,False,4,1,[-0.8557875  6.8532097  4.       ],cruising,[-0.62185191  0.08809385  0.93462812]
902.5794863700867,1005,False,2,5,[-8.54856742  7.5960901   3.70655965],landing,[ 0.50568378 -0.03156594 -0.11489306]
902.6933014392853,1000,False,5,4,[ 8.35743371 -1.74557146  3.99999998],cruising,[-0.82138112 -0.19970136 -0.21083176]
902.6933014392853,1001,False,0,3,[2.89240366 8.58335878 1.29670763],waiting,[-0.48080528  0.59740651 -0.20557775]
902.6933014392853,1002,False,3,6,[-0.87977863 -7.99211376  1.92877997],entering,[ 0.5677905  -0.59831228 -0.99408226]
902.6933014392853,1003,False,6,2,[ 7.85758075 -3.69295974  3.99954083],cruising,[ 0.63925976  0.24903542 -0.34837281]
902.6933014392853,1004,False,4,1,[-0.6808615  6.7562515  4.       ],cruising,[-0.62185191  0.08809385  0.93462812]
902.6933014392853,1005,False,2,5,[-8.53207952  7.61065182  3.61084134],landing,[ 0.50568378 -0.03156594 -0.11489306]
902.7888734340668,1000,False,5,4,[ 8.32861648 -1.94348449  3.99999999],cruising,[-0.82138112 -0.19970136 -0.21083176]
902.7888734340668,1001,False,0,3,[2.89240366 8.58335878 1.29670763],waiting,[-0.48080528  0.59740651 -0.20557775]
902.7888734340668,1002,False,3,6,[-0.892761   -7.95427915  2.00377997],entering,[ 0.5677905  -0.59831228 -0.99408226]
902.7888734340668,1003,False,6,2,[ 7.76571809 -3.87061461  3.99960971],cruising,[ 0.63925976  0.24903542 -0.34837281]
902.7888734340668,1004,False,4,1,[-0.50865939  6.65453407  4.        ],cruising,[-0.62185191  0.08809385  0.93462812]
902.7888734340668,1005,False,2,5,[-8.51395589  7.62391375  3.51339569],landing,[ 0.50568378 -0.03156594 -0.11489306]
902.8943009376526,1000,False,5,4,[ 8.29732163 -2.14102089  3.99999999],cruising,[-0.82138112 -0.19970136 -0.21083176]
902.8943009376526,1001,False,0,3,[2.89240366 8.58335878 1.29670763],waiting,[-0.48080528  0.59740651 -0.20557775]
902.8943009376526,1002,False,3,6,[-0.91223454 -7.89752722  2.07877997],entering,[ 0.5677905  -0.59831228 -0.99408226]
902.8943009376526,1003,False,6,2,[ 7.65983416 -4.04028662  3.99966825],cruising,[ 0.63925976  0.24903542 -0.34837281]
902.8943009376526,1004,False,4,1,[-0.33769578  6.5507485   4.        ],cruising,[-0.62185191  0.08809385  0.93462812]
902.8943009376526,1005,False,2,5,[-8.49583226  7.63717569  3.41595004],landing,[ 0.50568378 -0.03156594 -0.11489306]
902.993232011795,1000,False,5,4,[ 8.26058561 -2.33761811  3.99999999],cruising,[-0.82138112 -0.19970136 -0.21083176]
902.993232011795,1001,False,0,3,[2.89240366 8.58335878 1.29670763],waiting,[-0.48080528  0.59740651 -0.20557775]
902.993232011795,1002,False,3,6,[-0.93819927 -7.82185799  2.15377997],entering,[ 0.5677905  -0.59831228 -0.99408226]
902.993232011795,1003,False,6,2,[ 7.53754315 -4.19852152  3.99971816],cruising,[ 0.63925976  0.24903542 -0.34837281]
902.993232011795,1004,False,4,1,[-0.16829292  6.44443448  4.        ],cruising,[-0.62185191  0.08809385  0.93462812]
902.993232011795,1005,False,2,5,[-8.47770862  7.65043762  3.31850439],landing,[ 0.50568378 -0.03156594 -0.11489306]
903.0892927646637,1000,False,5,4,[ 8.22114599 -2.53369084  3.99999999],cruising,[-0.82138112 -0.19970136 -0.21083176]
903.0892927646637,1001,False,0,3,[2.89240366 8.58335878 1.29670763],waiting,[-0.48080528  0.59740651 -0.20557775]
903.0892927646637,1002,False,3,6,[-0.97065518 -7.72727145  2.22877997],entering,[ 0.5677905  -0.59831228 -0.99408226]
903.0892927646637,1003,False,6,2,[ 7.4002658  -4.34351219  3.99976232],cruising,[ 0.63925976  0.24903542 -0.34837281]
903.0892927646637,1004,False,4,1,[6.29793884e-04 6.33735920e+00 4.00000000e+00],cruising,[-0.62185191  0.08809385  0.93462812]
903.0892927646637,1005,False,2,5,[-8.45958499  7.66369955  3.22105874],landing,[ 0.50568378 -0.03156594 -0.11489306]
903.186336517334,1000,False,5,4,[ 8.17864775 -2.72912344  3.99999999],cruising,[-0.82138112 -0.19970136 -0.21083176]
903.186336517334,1001,False,0,3,[2.89240366 8.58335878 1.29670763],waiting,[-0.48080528  0.59740651 -0.20557775]
903.186336517334,1002,False,3,6,[-1.00960228 -7.6137676   2.30377997],entering,[ 0.5677905  -0.59831228 -0.99408226]
903.186336517334,1003,False,6,2,[ 7.2504328  -4.47293508  3.99980345],cruising,[ 0.63925976  0.24903542 -0.34837281]
903.186336517334,1004,False,4,1,[0.1691846  6.22970569 4.        ],cruising,[-0.62185191  0.08809385  0.93462812]
903.186336517334,1005,False,2,5,[-8.44146136  7.67696149  3.12361308],landing,[ 0.50568378 -0.03156594 -0.11489306]
903.2869193553925,1000,False,5,4,[ 8.12926726 -2.92293151  3.99999999],cruising,[-0.82138112 -0.19970136 -0.21083176]
903.2869193553925,1001,False,0,3,[2.89240366 8.58335878 1.29670763],waiting,[-0.48080528  0.59740651 -0.20557775]
903.2869193553925,1002,False,3,6,[-1.05504055 -7.48134644  2.37877997],entering,[ 0.5677905  -0.59831228 -0.99408226]
903.2869193553925,1003,False,6,2,[ 7.08994667 -4.58543134  3.99984157],cruising,[ 0.63925976  0.24903542 -0.34837281]
903.2869193553925,1004,False,4,1,[0.3379863  6.12243974 4.        ],cruising,[-0.62185191  0.08809385  0.93462812]
903.2869193553925,1005,False,2,5,[-8.42333773  7.69022342  3.02616743],landing,[ 0.50568378 -0.03156594 -0.11489306]
903.3892624378204,1000,False,5,4,[ 8.07637929 -3.11581194  3.99999999],cruising,[-0.82138112 -0.19970136 -0.21083176]
903.3892624378204,1001,False,0,3,[2.89240366 8.58335878 1.29670763],waiting,[-0.48080528  0.59740651 -0.20557775]
903.3892624378204,1002,False,3,6,[-1.10697001 -7.33000797  2.45377997],entering,[ 0.5677905  -0.59831228 -0.99408226]
903.3892624378204,1003,False,6,2,[ 6.92086018 -4.6798712   3.99987663],cruising,[ 0.63925976  0.24903542 -0.34837281]
903.3892624378204,1004,False,4,1,[0.50752733 6.01634619 4.        ],cruising,[-0.62185191  0.08809385  0.93462812]
903.3892624378204,1005,False,2,5,[-8.4052141   7.70348535  2.92872178],landing,[ 0.50568378 -0.03156594 -0.11489306]
903.4814004898071,1000,False,5,4,[ 8.01525285 -3.30624187  4.        ],cruising,[-0.82138112 -0.19970136 -0.21083176]
903.4814004898071,1001,False,0,3,[2.89240366 8.58335878 1.29670763],waiting,[-0.48080528  0.59740651 -0.20557775]
903.4814004898071,1002,False,3,6,[-1.16539065 -7.1597522   2.52877997],entering,[ 0.5677905  -0.59831228 -0.99408226]
903.4814004898071,1003,False,6,2,[ 6.74532023 -4.75538084  3.99990857],cruising,[ 0.63925976  0.24903542 -0.34837281]
903.4814004898071,1004,False,4,1,[0.67796279 5.91169555 4.        ],cruising,[-0.62185191  0.08809385  0.93462812]
903.4814004898071,1005,False,2,5,[-8.38709046  7.71674729  2.83127613],landing,[ 0.50568378 -0.03156594 -0.11489306]
903.5902450084686,1000,False,5,4,[ 7.94518639 -3.49356697  4.        ],exiting,[-0.82138112 -0.19970136 -0.21083176]
903.5902450084686,1001,False,0,3,[2.89240366 8.58335878 1.29670763],waiting,[-0.48080528  0.59740651 -0.20557775]
903.5902450084686,1002,False,3,6,[-1.23155612 -6.97105686  2.60377997],entering,[ 0.5677905  -0.59831228 -0.99408226]
903.5902450084686,1003,False,6,2,[ 6.56551499 -4.81135059  3.99993733],cruising,[ 0.63925976  0.24903542 -0.34837281]
903.5902450084686,1004,False,4,1,[0.85010018 5.80986865 4.        ],cruising,[-0.62185191  0.08809385  0.93462812]
903.5902450084686,1005,False,2,5,[-8.36896683  7.73000922  2.73383048],landing,[ 0.50568378 -0.03156594 -0.11489306]
903.6792991161346,1000,False,5,4,[ 7.8893099  -3.66679793  4.        ],exiting,[-0.82138112 -0.19970136 -0.21083176]
903.6792991161346,1001,False,0,3,[2.89240366 8.58335878 1.29670763],waiting,[-0.48080528  0.59740651 -0.20557775]
903.6792991161346,1002,False,3,6,[-1.29773744 -6.78232415  2.67877997],entering,[ 0.5677905  -0.59831228 -0.99408226]
903.6792991161346,1003,False,6,2,[ 6.38365618 -4.84742606  3.99996279],cruising,[ 0.63925976  0.24903542 -0.34837281]
903.6792991161346,1004,False,4,1,[1.02367695 5.71051522 4.        ],cruising,[-0.62185191  0.08809385  0.93462812]
903.6792991161346,1005,False,2,5,[-8.3508432   7.74327115  2.63638482],landing,[ 0.50568378 -0.03156594 -0.11489306]
903.7908780574799,1000,False,5,4,[ 7.84776062 -3.82607428  4.        ],exiting,[-0.82138112 -0.19970136 -0.21083176]
903.7908780574799,1001,False,0,3,[2.89240366 8.58335878 1.29670763],waiting,[-0.48080528  0.59740651 -0.20557775]
903.7908780574799,1002,False,3,6,[-1.36391875 -6.59359145  2.75377997],entering,[ 0.5677905  -0.59831228 -0.99408226]
903.7908780574799,1003,False,6,2,[ 6.20112711 -4.86351276  3.99998467],cruising,[ 0.63925976  0.24903542 -0.34837281]
903.7908780574799,1004,False,4,1,[1.19893624 5.61416076 4.        ],cruising,[-0.62185191  0.08809385  0.93462812]
903.7908780574799,1005,False,2,5,[-8.33271957  7.75653309  2.53893917],landing,[ 0.50568378 -0.03156594 -0.11489306]
903.885760307312,1000,False,5,4,[ 7.82070464 -3.97156861  4.        ],exiting,[-0.82138112 -0.19970136 -0.21083176]
903.885760307312,1001,False,0,3,[2.89240366 8.58335878 1.29670763],queued,[-0.48080528  0.59740651 -0.20557775]
903.885760307312,1002,False,3,6,[-1.4308818  -6.40513469  2.82877997],entering,[ 0.5677905  -0.59831228 -0.99408226]
903.885760307312,1003,False,6,2,[ 6.01938796 -4.85961506  4.00000288],cruising,[ 0.63925976  0.24903542 -0.34837281]
903.885760307312,1004,False,4,1,[1.37701255 5.52311777 4.        ],cruising,[-0.62185191  0.08809385  0.93462812]
903.885760307312,1005,False,2,5,[-8.31459594  7.76979502  2.44149352],landing,[ 0.50568378 -0.03156594 -0.11489306]
903.9793772697449,1000,False,5,4,[ 7.80835829 -4.10351203  4.        ],exiting,[-0.82138112 -0.19970136 -0.21083176]
903.9793772697449,1001,False,0,3,[2.89240366 8.58335878 1.31670763],queued,[-0.48080528  0.59740651 -0.20557775]
903.9793772697449,1002,False,3,6,[-1.49837801 -6.21686823  2.90377997],entering,[ 0.5677905  -0.59831228 -0.99408226]
903.9793772697449,1003,False,6,2,[ 5.839631   -4.83581584  4.00001731],cruising,[ 0.63925976  0.24903542 -0.34837281]
903.9793772697449,1004,False,4,1,[1.55711502 5.43615169 4.        ],cruising,[-0.62185191  0.08809385  0.93462812]
903.9793772697449,1005,False,2,5,[-8.2964723   7.78305695  2.34404787],landing,[ 0.50568378 -0.03156594 -0.11489306]
904.0905954837799,1000,False,5,4,[ 7.81088424 -4.22208329  4.        ],exiting,[-0.82138112 -0.19970136 -0.21083176]
904.0905954837799,1001,False,0,3,[2.89240366 8.58335878 1.35670763],queued,[-0.48080528  0.59740651 -0.20557775]
904.0905954837799,1002,False,3,6,[-1.56587423 -6.02860176  2.97877997],entering,[ 0.5677905  -0.59831228 -0.99408226]
904.0905954837799,1003,False,6,2,[ 5.66239455 -4.79217607  4.00002766],cruising,[ 0.63925976  0.24903542 -0.34837281]
904.0905954837799,1004,False,4,1,[1.73941983 5.35390233 4.        ],cruising,[-0.62185191  0.08809385  0.93462812]
904.0905954837799,1005,False,2,5,[-8.27834867  7.79631889  2.24660222],landing,[ 0.50568378 -0.03156594 -0.11489306]
904.1887888908386,1000,False,5,4,[ 7.82844286 -4.32746295  4.        ],exiting,[-0.82138112 -0.19970136 -0.21083176]
904.1887888908386,1001,False,0,3,[2.89240366 8.58335878 1.41670763],queued,[-0.48080528  0.59740651 -0.20557775]
904.1887888908386,1002,False,3,6,[-1.63464669 -5.84079775  3.05377997],entering,[ 0.5677905  -0.59831228 -0.99408226]
904.1887888908386,1003,False,6,2,[ 5.48841465 -4.72880322  4.0000338 ],cruising,[ 0.63925976  0.24903542 -0.34837281]
904.1887888908386,1004,False,4,1,[1.92514471 5.27969808 4.        ],cruising,[-0.62185191  0.08809385  0.93462812]
904.1887888908386,1005,False,2,5,[-8.26022504  7.80958082  2.14915657],landing,[ 0.50568378 -0.03156594 -0.11489306]
904.279171705246,1000,False,5,4,[ 7.8572256  -4.42323118  4.        ],exiting,[-0.82138112 -0.19970136 -0.21083176]
904.279171705246,1001,False,0,3,[2.89240366 8.58335878 1.49170763],queued,[-0.48080528  0.59740651 -0.20557775]
904.279171705246,1002,False,3,6,[-1.70341916 -5.65299373  3.12877997],entering,[ 0.5677905  -0.59831228 -0.99408226]
904.279171705246,1003,False,6,2,[ 5.31749364 -4.64566567  4.00003523],cruising,[ 0.63925976  0.24903542 -0.34837281]
904.279171705246,1004,False,4,1,[2.11309595 5.21132901 4.        ],cruising,[-0.62185191  0.08809385  0.93462812]
904.279171705246,1005,False,2,5,[-8.24210141  7.82284275  2.05171091],landing,[ 0.50568378 -0.03156594 -0.11489306]
904.3913593292236,1000,False,5,4,[ 7.88600833 -4.51899941  4.        ],exiting,[-0.82138112 -0.19970136 -0.21083176]
904.3913593292236,1001,False,0,3,[2.89240366 8.58335878 1.56670763],queued,[-0.48080528  0.59740651 -0.20557775]
904.3913593292236,1002,False,3,6,[-1.77333296 -5.46561161  3.20377997],entering,[ 0.5677905  -0.59831228 -0.99408226]
904.3913593292236,1003,False,6,2,[ 5.14910697 -4.54268934  4.00003154],cruising,[ 0.63925976  0.24903542 -0.34837281]
904.3913593292236,1004,False,4,1,[2.30367848 5.15068001 4.        ],cruising,[-0.62185191  0.08809385  0.93462812]
904.3913593292236,1005,False,2,5,[-8.22397778  7.83610469  1.95426526],landing,[ 0.50568378 -0.03156594 -0.11489306]
904.4822432994843,1000,False,5,4,[ 7.91479107 -4.61476765  4.        ],exiting,[-0.82138112 -0.19970136 -0.21083176]
904.4822432994843,1001,False,0,3,[2.89240366 8.58335878 1.64170763],queued,[-0.48080528  0.59740651 -0.20557775]
904.4822432994843,1002,False,3,6,[-1.84278731 -5.2780587   3.27877997],entering,[ 0.5677905  -0.59831228 -0.99408226]
904.4822432994843,1003,False,6,2,[ 4.97714862 -4.44056037  4.00002681],cruising,[ 0.63925976  0.24903542 -0.34837281]
904.4822432994843,1004,False,4,1,[2.49737057 5.10084655 4.        ],cruising,[-0.62185191  0.08809385  0.93462812]
904.4822432994843,1005,False,2,5,[-8.20585414  7.84936662  1.85681961],landing,[ 0.50568378 -0.03156594 -0.11489306]
904.5853888988495,1000,False,5,4,[ 7.9435738  -4.71053588  4.        ],exiting,[-0.82138112 -0.19970136 -0.21083176]
904.5853888988495,1001,False,0,3,[2.89240366 8.58335878 1.71670763],queued,[-0.48080528  0.59740651 -0.20557775]
904.5853888988495,1002,False,3,6,[-1.91370481 -5.09105413  3.35377997],entering,[ 0.5677905  -0.59831228 -0.99408226]
904.5853888988495,1003,False,6,2,[ 4.80237797 -4.34332241  4.00002279],cruising,[ 0.63925976  0.24903542 -0.34837281]
904.5853888988495,1004,False,4,1,[2.69393821 5.06395262 4.        ],cruising,[-0.62185191  0.08809385  0.93462812]
904.5853888988495,1005,False,2,5,[-8.18773051  7.86262855  1.75937396],landing,[ 0.50568378 -0.03156594 -0.11489306]
904.6815848350525,1000,False,5,4,[ 7.97235654 -4.80630411  4.        ],exiting,[-0.82138112 -0.19970136 -0.21083176]
904.6815848350525,1001,False,0,3,[2.89240366 8.58335878 1.79170763],queued,[-0.48080528  0.59740651 -0.20557775]
904.6815848350525,1002,False,3,6,[-1.9852418  -4.90428567  3.42877997],entering,[ 0.5677905  -0.59831228 -0.99408226]
904.6815848350525,1003,False,6,2,[ 4.62447272 -4.25194561  4.00001937],cruising,[ 0.63925976  0.24903542 -0.34837281]
904.6815848350525,1004,False,4,1,[2.89157431 5.03329366 4.        ],cruising,[-0.62185191  0.08809385  0.93462812]
904.6815848350525,1005,False,2,5,[-8.16960688  7.87589049  1.66192831],landing,[ 0.50568378 -0.03156594 -0.11489306]
904.7917323112488,1000,False,5,4,[ 8.00113927 -4.90207234  4.        ],exiting,[-0.82138112 -0.19970136 -0.21083176]
904.7917323112488,1001,False,0,3,[2.89240366 8.58335878 1.86670763],queued,[-0.48080528  0.59740651 -0.20557775]
904.7917323112488,1002,False,3,6,[-2.05704134 -4.71761798  3.50377997],entering,[ 0.5677905  -0.59831228 -0.99408226]
904.7917323112488,1003,False,6,2,[ 4.445004   -4.16367909  4.00001646],cruising,[ 0.63925976  0.24903542 -0.34837281]
904.7917323112488,1004,False,4,1,[3.08994026 5.0077799  4.        ],cruising,[-0.62185191  0.08809385  0.93462812]
904.7917323112488,1005,False,2,5,[-8.15148325  7.88915242  1.56448265],landing,[ 0.50568378 -0.03156594 -0.11489306]
904.8793601989746,1000,False,5,4,[ 8.029922   -4.99784057  4.        ],exiting,[-0.82138112 -0.19970136 -0.21083176]
904.8793601989746,1001,False,0,3,[2.89240366 8.58335878 1.94170763],queued,[-0.48080528  0.59740651 -0.20557775]
904.8793601989746,1002,False,3,6,[-2.12873289 -4.53090879  3.57821298],entering,[ 0.5677905  -0.59831228 -0.99408226]
904.8793601989746,1003,False,6,2,[ 4.26368915 -4.07926981  4.000014  ],cruising,[ 0.63925976  0.24903542 -0.34837281]
904.8793601989746,1004,False,4,1,[3.28879523 4.9864094  4.        ],cruising,[-0.62185191  0.08809385  0.93462812]
904.8793601989746,1005,False,2,5,[-8.13335962  7.90241435  1.467037  ],fake_landed,[ 0.50568378 -0.03156594 -0.11489306]
904.9881067276001,1000,False,5,4,[ 8.05870474 -5.0936088   4.        ],exiting,[-0.82138112 -0.19970136 -0.21083176]
904.9881067276001,1001,False,0,3,[2.89240366 8.58335878 2.01670763],queued,[-0.48080528  0.59740651 -0.20557775]
904.9881067276001,1002,False,3,6,[-2.19878933 -4.34357995  3.64148103],entering,[ 0.5677905  -0.59831228 -0.99408226]
904.9881067276001,1003,False,6,2,[ 4.08151793 -3.996725    4.0000119 ],cruising,[ 0.63925976  0.24903542 -0.34837281]
904.9881067276001,1004,False,4,1,[3.48797115 4.96827229 4.        ],cruising,[-0.62185191  0.08809385  0.93462812]
904.9881067276001,1005,False,2,5,[-8.11886071  7.9130239   1.38908048],fake_landed,[ 0.50568378 -0.03156594 -0.11489306]
905.0859756469727,1000,False,5,4,[ 8.08748747 -5.18937704  4.        ],exiting,[-0.82138112 -0.19970136 -0.21083176]
905.0859756469727,1001,False,0,3,[2.89240366 8.58335878 2.09170763],queued,[-0.48080528  0.59740651 -0.20557775]
905.0859756469727,1002,False,3,6,[-2.26347603 -4.15432977  3.69525888],entering,[ 0.5677905  -0.59831228 -0.99408226]
905.0859756469727,1003,False,6,2,[ 3.89823882 -3.91667021  4.00001011],cruising,[ 0.63925976  0.24903542 -0.34837281]
905.0859756469727,1004,False,4,1,[3.68724705 4.95126894 4.        ],cruising,[-0.62185191  0.08809385  0.93462812]
905.0859756469727,1005,False,2,5,[-8.10798653  7.92098106  1.33061309],fake_landed,[ 0.50568378 -0.03156594 -0.11489306]
905.191698551178,1000,False,5,4,[ 8.11627021 -5.28514527  4.        ],exiting,[-0.82138112 -0.19970136 -0.21083176]
905.191698551178,1001,False,0,3,[2.89240366 8.58335878 2.16670763],queued,[-0.48080528  0.59740651 -0.20557775]
905.191698551178,1002,False,3,6,[-2.32600011 -3.96435414  3.74097004],entering,[ 0.5677905  -0.59831228 -0.99408226]
905.191698551178,1003,False,6,2,[ 3.71443434 -3.83782916  4.00000859],cruising,[ 0.63925976  0.24903542 -0.34837281]
905.191698551178,1004,False,4,1,[3.88670705 4.93658186 4.        ],cruising,[-0.62185191  0.08809385  0.93462812]
905.191698551178,1005,False,2,5,[-8.10073708  7.92628583  1.29163483],fake_landed,[ 0.50568378 -0.03156594 -0.11489306]
905.2803049087524,1000,False,5,4,[ 8.14505294 -5.3809135   4.        ],exiting,[-0.82138112 -0.19970136 -0.21083176]
905.2803049087524,1001,False,0,3,[2.89240366 8.58335878 2.24170763],queued,[-0.48080528  0.59740651 -0.20557775]
905.2803049087524,1002,False,3,6,[-2.38768447 -3.7741042   3.77982454],entering,[ 0.5677905  -0.59831228 -0.99408226]
905.2803049087524,1003,False,6,2,[ 3.5299186  -3.76066737  4.00000731],cruising,[ 0.63925976  0.24903542 -0.34837281]
905.2803049087524,1004,False,4,1,[4.08626976 4.92336353 4.        ],cruising,[-0.62185191  0.08809385  0.93462812]
905.2803049087524,1005,False,2,5,[-8.09711235  7.92893822  1.2721457 ],fake_landed,[ 0.50568378 -0.03156594 -0.11489306]
905.3814933300018,1000,False,5,4,[ 8.17383568 -5.47668173  4.        ],exiting,[-0.82138112 -0.19970136 -0.21083176]
905.3814933300018,1001,False,0,3,[2.89240366 8.58335878 2.31670763],queued,[-0.48080528  0.59740651 -0.20557775]
905.3814933300018,1002,False,3,6,[-2.44884348 -3.58368473  3.81285086],cruising,[ 0.5677905  -0.59831228 -0.99408226]
905.3814933300018,1003,False,6,2,[ 3.34497519 -3.68453633  4.00000621],cruising,[ 0.63925976  0.24903542 -0.34837281]
905.3814933300018,1004,False,4,1,[4.28587838 4.91085753 4.        ],cruising,[-0.62185191  0.08809385  0.93462812]
905.3814933300018,1005,False,5,0,[-8.09711235  7.92893822  1.2721457 ],waiting,[ 0.50568378 -0.03156594 -0.11489306]
905.4802477359772,1000,False,5,4,[ 8.20261841 -5.57244996  4.        ],exiting,[-0.82138112 -0.19970136 -0.21083176]
905.4802477359772,1001,False,0,3,[2.89240366 8.58335878 2.39170763],entering,[-0.48080528  0.59740651 -0.20557775]
905.4802477359772,1002,False,3,6,[-2.50411699 -3.39147432  3.84092323],cruising,[ 0.5677905  -0.59831228 -0.99408226]
905.4802477359772,1003,False,6,2,[ 3.15952898 -3.60963837  4.00000528],cruising,[ 0.63925976  0.24903542 -0.34837281]
905.4802477359772,1004,False,4,1,[4.48548855 4.89837648 4.        ],cruising,[-0.62185191  0.08809385  0.93462812]
905.4802477359772,1005,False,5,0,[-8.09711235  7.92893822  1.2721457 ],waiting,[ 0.50568378 -0.03156594 -0.11489306]
905.5824890136719,1000,False,5,4,[ 8.23140114 -5.66821819  4.        ],exiting,[-0.82138112 -0.19970136 -0.21083176]
905.5824890136719,1001,False,0,3,[2.88879358 8.5636873  2.46670763],entering,[-0.48080528  0.59740651 -0.20557775]
905.5824890136719,1002,False,3,6,[-2.54969398 -3.19673671  3.86478474],cruising,[ 0.5677905  -0.59831228 -0.99408226]
905.5824890136719,1003,False,6,2,[ 2.97358234 -3.5359916   4.00000449],cruising,[ 0.63925976  0.24903542 -0.34837281]
905.5824890136719,1004,False,4,1,[4.68505939 4.88528137 4.        ],cruising,[-0.62185191  0.08809385  0.93462812]
905.5824890136719,1005,False,5,0,[-8.09711235  7.92893822  1.2721457 ],waiting,[ 0.50568378 -0.03156594 -0.11489306]
905.6820147037506,1000,False,5,4,[ 8.26018388 -5.76398643  4.        ],exiting,[-0.82138112 -0.19970136 -0.21083176]
905.6820147037506,1001,False,0,3,[2.88159796 8.52433984 2.54170763],entering,[-0.48080528  0.59740651 -0.20557775]
905.6820147037506,1002,False,3,6,[-2.59373732 -3.00164651  3.88506703],cruising,[ 0.5677905  -0.59831228 -0.99408226]
905.6820147037506,1003,False,6,2,[ 2.78704501 -3.46385407  4.00000381],cruising,[ 0.63925976  0.24903542 -0.34837281]
905.6820147037506,1004,False,4,1,[4.88458601 4.87152902 4.        ],cruising,[-0.62185191  0.08809385  0.93462812]
905.6820147037506,1005,False,5,0,[-8.09711235  7.92893822  1.2721457 ],waiting,[ 0.50568378 -0.03156594 -0.11489306]
905.7850916385651,1000,False,5,4,[ 8.28896661 -5.85975466  4.        ],exiting,[-0.82138112 -0.19970136 -0.21083176]
905.7850916385651,1001,False,0,3,[2.87106308 8.46527312 2.61670763],entering,[-0.48080528  0.59740651 -0.20557775]
905.7850916385651,1002,False,3,6,[-2.63700387 -2.80638258  3.90230698],cruising,[ 0.5677905  -0.59831228 -0.99408226]
905.7850916385651,1003,False,6,2,[ 2.60003047 -3.39296285  4.00000324],cruising,[ 0.63925976  0.24903542 -0.34837281]
905.7850916385651,1004,False,4,1,[5.08399306 4.85613981 4.        ],cruising,[-0.62185191  0.08809385  0.93462812]
905.7850916385651,1005,False,5,0,[-8.09711235  7.92893822  1.2721457 ],waiting,[ 0.50568378 -0.03156594 -0.11489306]
905.8895132541656,1000,False,5,4,[ 8.31774935 -5.95552289  4.        ],exiting,[-0.82138112 -0.19970136 -0.21083176]
905.8895132541656,1001,False,0,3,[2.85736527 8.38645809 2.69170763],entering,[-0.48080528  0.59740651 -0.20557775]
905.8895132541656,1002,False,3,6,[-2.67748754 -2.61052275  3.91696093],cruising,[ 0.5677905  -0.59831228 -0.99408226]
905.8895132541656,1003,False,6,2,[ 2.41222945 -3.32418221  4.00000276],cruising,[ 0.63925976  0.24903542 -0.34837281]
905.8895132541656,1004,False,4,1,[5.28321074 4.83846736 4.        ],cruising,[-0.62185191  0.08809385  0.93462812]
905.8895132541656,1005,False,5,0,[-8.09711235  7.92893822  1.2721457 ],waiting,[ 0.50568378 -0.03156594 -0.11489306]
905.9942588806152,1000,False,5,4,[ 8.34653208 -6.05129112  4.        ],exiting,[-0.82138112 -0.19970136 -0.21083176]
905.9942588806152,1001,False,0,3,[2.84074291 8.28785803 2.76670763],entering,[-0.48080528  0.59740651 -0.20557775]
905.9942588806152,1002,False,3,6,[-2.71934622 -2.41495217  3.92941679],cruising,[ 0.5677905  -0.59831228 -0.99408226]
905.9942588806152,1003,False,6,2,[ 2.2234952  -3.2580053   4.00000234],cruising,[ 0.63925976  0.24903542 -0.34837281]
905.9942588806152,1004,False,4,1,[5.48214594 4.81785702 4.        ],cruising,[-0.62185191  0.08809385  0.93462812]
905.9942588806152,1005,False,5,0,[-8.09711235  7.92893822  1.2721457 ],waiting,[ 0.50568378 -0.03156594 -0.11489306]
906.0798099040985,1000,False,5,4,[ 8.37531482 -6.14705935  4.        ],exiting,[-0.82138112 -0.19970136 -0.21083176]
906.0798099040985,1001,False,0,3,[2.82212323 8.16935796 2.84170763],entering,[-0.48080528  0.59740651 -0.20557775]
906.0798099040985,1002,False,3,6,[-2.76283065 -2.21973664  3.94000427],cruising,[ 0.5677905  -0.59831228 -0.99408226]
906.0798099040985,1003,False,6,2,[ 2.03416381 -3.19355669  4.00000199],cruising,[ 0.63925976  0.24903542 -0.34837281]
906.0798099040985,1004,False,4,1,[5.68067266 4.79362597 4.        ],cruising,[-0.62185191  0.08809385  0.93462812]
906.0798099040985,1005,False,5,0,[-8.09711235  7.92893822  1.2721457 ],waiting,[ 0.50568378 -0.03156594 -0.11489306]
906.1794884204865,1000,False,5,4,[ 8.40409755 -6.24282758  4.        ],exiting,[-0.82138112 -0.19970136 -0.21083176]
906.1794884204865,1001,False,0,3,[2.80268529 8.03087463 2.91670763],entering,[-0.48080528  0.59740651 -0.20557775]
906.1794884204865,1002,False,3,6,[-2.80744679 -2.02477664  3.94900363],cruising,[ 0.5677905  -0.59831228 -0.99408226]
906.1794884204865,1003,False,6,2,[ 1.84355983 -3.13297517  4.00000169],cruising,[ 0.63925976  0.24903542 -0.34837281]
906.1794884204865,1004,False,4,1,[5.87892501 4.76724404 4.        ],cruising,[-0.62185191  0.08809385  0.93462812]
906.1794884204865,1005,False,5,0,[-8.09711235  7.92893822  1.2721457 ],waiting,[ 0.50568378 -0.03156594 -0.11489306]
906.2846114635468,1000,False,5,4,[ 8.43288028 -6.33859582  4.        ],exiting,[-0.82138112 -0.19970136 -0.21083176]
906.2846114635468,1001,False,0,3,[2.78420911 7.87241445 2.99170763],entering,[-0.48080528  0.59740651 -0.20557775]
906.2846114635468,1002,False,3,6,[-2.85494299 -1.8304982   3.95665309],cruising,[ 0.5677905  -0.59831228 -0.99408226]
906.2846114635468,1003,False,6,2,[ 1.65149771 -3.07718859  4.00000144],cruising,[ 0.63925976  0.24903542 -0.34837281]
906.2846114635468,1004,False,4,1,[6.07641412 4.73565208 4.        ],cruising,[-0.62185191  0.08809385  0.93462812]
906.2846114635468,1005,False,5,0,[-8.09711235  7.92893822  1.2721457 ],waiting,[ 0.50568378 -0.03156594 -0.11489306]
906.3858535289764,1000,False,5,4,[ 8.46166302 -6.43436405  4.        ],exiting,[-0.82138112 -0.19970136 -0.21083176]
906.3858535289764,1001,False,0,3,[2.76829161 7.6941186  3.06670763],entering,[-0.48080528  0.59740651 -0.20557775]
906.3858535289764,1002,False,3,6,[-2.90559277 -1.63701797  3.96315512],cruising,[ 0.5677905  -0.59831228 -0.99408226]
906.3858535289764,1003,False,6,2,[ 1.45778421 -3.02743841  4.00000122],cruising,[ 0.63925976  0.24903542 -0.34837281]
906.3858535289764,1004,False,4,1,[6.27284205 4.69802143 4.        ],cruising,[-0.62185191  0.08809385  0.93462812]
906.3858535289764,1005,False,5,0,[-8.09711235  7.92893822  1.2721457 ],waiting,[ 0.50568378 -0.03156594 -0.11489306]
906.4848082065582,1000,False,5,4,[ 8.49044575 -6.53013228  4.        ],exiting,[-0.82138112 -0.19970136 -0.21083176]
906.4848082065582,1001,False,0,3,[2.76251603 7.49858497 3.14170763],entering,[-0.48080528  0.59740651 -0.20557775]
906.4848082065582,1002,False,3,6,[-2.95973119 -1.44448478  3.96868186],cruising,[ 0.5677905  -0.59831228 -0.99408226]
906.4848082065582,1003,False,6,2,[ 1.26224666 -2.98542571  4.00000104],cruising,[ 0.63925976  0.24903542 -0.34837281]
906.4848082065582,1004,False,4,1,[6.46780595 4.65342235 4.        ],cruising,[-0.62185191  0.08809385  0.93462812]
906.4848082065582,1005,False,5,0,[-8.09711235  7.92893822  1.2721457 ],waiting,[ 0.50568378 -0.03156594 -0.11489306]
906.5944976806641,1000,False,5,4,[ 8.51922849 -6.62590051  4.        ],exiting,[-0.82138112 -0.19970136 -0.21083176]
906.5944976806641,1001,False,0,3,[2.76754654 7.29864824 3.21670763],entering,[-0.48080528  0.59740651 -0.20557775]
906.5944976806641,1002,False,3,6,[-3.01773415 -1.25308035  3.97337958],cruising,[ 0.5677905  -0.59831228 -0.99408226]
906.5944976806641,1003,False,6,2,[ 1.06480625 -2.95353081  4.00000088],cruising,[ 0.63925976  0.24903542 -0.34837281]
906.5944976806641,1004,False,4,1,[6.66076232 4.60081208 4.        ],cruising,[-0.62185191  0.08809385  0.93462812]
906.5944976806641,1005,False,5,0,[-8.09711235  7.92893822  1.2721457 ],waiting,[ 0.50568378 -0.03156594 -0.11489306]
906.6896307468414,1000,False,5,4,[ 8.54801122 -6.72166874  4.        ],exiting,[-0.82138112 -0.19970136 -0.21083176]
906.6896307468414,1001,False,0,3,[2.78617053 7.09951727 3.29170763],entering,[-0.48080528  0.59740651 -0.20557775]
906.6896307468414,1002,False,3,6,[-3.08000095 -1.06302024  3.97737264],cruising,[ 0.5677905  -0.59831228 -0.99408226]
906.6896307468414,1003,False,6,2,[ 0.86521001 -2.94151939  4.00000075],cruising,[ 0.63925976  0.24903542 -0.34837281]
906.6896307468414,1004,False,4,1,[6.85098073 4.53903057 4.        ],cruising,[-0.62185191  0.08809385  0.93462812]
906.6896307468414,1005,False,5,0,[-8.09711235  7.92893822  1.2721457 ],waiting,[ 0.50568378 -0.03156594 -0.11489306]
906.7922697067261,1000,False,5,4,[ 8.57679396 -6.81743697  4.        ],exiting,[-0.82138112 -0.19970136 -0.21083176]
906.7922697067261,1001,False,0,3,[2.82166221 6.9026916  3.36670763],entering,[-0.48080528  0.59740651 -0.20557775]
906.7922697067261,1002,False,3,6,[-3.14582975 -0.87416429  3.98076674],cruising,[ 0.5677905  -0.59831228 -0.99408226]
906.7922697067261,1003,False,6,2,[ 0.66525751 -2.945878    4.00000064],cruising,[ 0.63925976  0.24903542 -0.34837281]
906.7922697067261,1004,False,4,1,[7.03748621 4.46681072 4.        ],cruising,[-0.62185191  0.08809385  0.93462812]
906.7922697067261,1005,False,5,0,[-8.09711235  7.92893822  1.2721457 ],waiting,[ 0.50568378 -0.03156594 -0.11489306]
906.8855242729187,1000,False,5,4,[ 8.60557669 -6.91320521  4.        ],exiting,[-0.82138112 -0.19970136 -0.21083176]
906.8855242729187,1001,False,0,3,[2.86909446 6.70839755 3.44170763],entering,[-0.48080528  0.59740651 -0.20557775]
906.8855242729187,1002,False,3,6,[-3.21674604 -0.68715926  3.98365173],cruising,[ 0.5677905  -0.59831228 -0.99408226]
906.8855242729187,1003,False,6,2,[ 0.4657553  -2.95998005  4.00000054],cruising,[ 0.63925976  0.24903542 -0.34837281]
906.8855242729187,1004,False,4,1,[7.21613615 4.37689855 4.        ],cruising,[-0.62185191  0.08809385  0.93462812]
906.8855242729187,1005,False,5,0,[-8.09711235  7.92893822  1.2721457 ],waiting,[ 0.50568378 -0.03156594 -0.11489306]
906.9948627948761,1000,False,5,4,[ 8.63435942 -7.00897344  4.        ],exiting,[-0.82138112 -0.19970136 -0.21083176]
906.9948627948761,1001,False,0,3,[2.932706   6.51878327 3.51670763],entering,[-0.48080528  0.59740651 -0.20557775]
906.9948627948761,1002,False,3,6,[-3.29316402 -0.50233423  3.98610397],cruising,[ 0.5677905  -0.59831228 -0.99408226]
906.9948627948761,1003,False,6,2,[ 0.26790637 -2.98923413  4.00000046],cruising,[ 0.63925976  0.24903542 -0.34837281]
906.9948627948761,1004,False,4,1,[7.38788415 4.27441623 4.        ],cruising,[-0.62185191  0.08809385  0.93462812]
906.9948627948761,1005,False,5,0,[-8.09711235  7.92893822  1.2721457 ],waiting,[ 0.50568378 -0.03156594 -0.11489306]
907.0796899795532,1000,False,5,4,[ 8.66314216 -7.10474167  4.        ],landing,[-0.82138112 -0.19970136 -0.21083176]
907.0796899795532,1001,False,0,3,[3.0090264  6.33391793 3.58920149],entering,[-0.48080528  0.59740651 -0.20557775]
907.0796899795532,1002,False,3,6,[-3.3754684  -0.32005426  3.98818838],cruising,[ 0.5677905  -0.59831228 -0.99408226]
907.0796899795532,1003,False,6,2,[ 0.07367929 -3.03693991  4.00000039],cruising,[ 0.63925976  0.24903542 -0.34837281]
907.0796899795532,1004,False,4,1,[7.55054489 4.15804835 4.        ],cruising,[-0.62185191  0.08809385  0.93462812]
907.0796899795532,1005,False,5,0,[-8.09711235  7.92893822  1.2721457 ],waiting,[ 0.50568378 -0.03156594 -0.11489306]
907.1835107803345,1000,False,5,4,[ 8.68484516 -7.18829143  3.98583714],landing,[-0.82138112 -0.19970136 -0.21083176]
907.1835107803345,1001,False,0,3,[3.10078557 6.15623965 3.65120772],entering,[-0.48080528  0.59740651 -0.20557775]
907.1835107803345,1002,False,3,6,[-3.46210474 -0.13979293  3.98996012],cruising,[ 0.5677905  -0.59831228 -0.99408226]
907.1835107803345,1003,False,6,2,[-0.11729685 -3.09633784  4.00000033],cruising,[ 0.63925976  0.24903542 -0.34837281]
907.1835107803345,1004,False,4,1,[7.70152542 4.02688097 4.        ],cruising,[-0.62185191  0.08809385  0.93462812]
907.1835107803345,1005,False,5,0,[-8.09711235  7.92893822  1.2721457 ],waiting,[ 0.50568378 -0.03156594 -0.11489306]
907.2796969413757,1000,False,5,4,[ 8.6994542  -7.25944584  3.95767319],landing,[-0.82138112 -0.19970136 -0.21083176]
907.2796969413757,1001,False,0,3,[3.20673632 5.98660935 3.70352656],entering,[-0.48080528  0.59740651 -0.20557775]
907.2796969413757,1002,False,3,6,[-3.5556763   0.03696782  3.9914661 ],cruising,[ 0.5677905  -0.59831228 -0.99408226]
907.2796969413757,1003,False,6,2,[-0.30473172 -3.16611011  4.00000028],cruising,[ 0.63925976  0.24903542 -0.34837281]
907.2796969413757,1004,False,4,1,[7.83824932 3.8816869  4.        ],cruising,[-0.62185191  0.08809385  0.93462812]
907.2796969413757,1005,False,5,0,[-8.09711235  7.92893822  1.2721457 ],waiting,[ 0.50568378 -0.03156594 -0.11489306]
907.3792901039124,1000,False,5,4,[ 8.70695359 -7.317996    3.91570396],landing,[-0.82138112 -0.19970136 -0.21083176]
907.3792901039124,1001,False,0,3,[3.32789397 5.82752054 3.74825417],entering,[-0.48080528  0.59740651 -0.20557775]
907.3792901039124,1002,False,3,6,[-3.65529974  0.21038976  3.99274619],cruising,[ 0.5677905  -0.59831228 -0.99408226]
907.3792901039124,1003,False,6,2,[-0.4875645  -3.24717904  4.00000024],cruising,[ 0.63925976  0.24903542 -0.34837281]
907.3792901039124,1004,False,4,1,[7.95947427 3.7238523  4.        ],cruising,[-0.62185191  0.08809385  0.93462812]
907.3792901039124,1005,False,5,0,[-8.09711235  7.92893822  1.2721457 ],queued,[ 0.50568378 -0.03156594 -0.11489306]
907.479451417923,1000,False,5,4,[ 8.70732386 -7.36365385  3.86020829],landing,[-0.82138112 -0.19970136 -0.21083176]
907.479451417923,1001,False,0,3,[3.46324207 5.68027621 3.78601604],entering,[-0.48080528  0.59740651 -0.20557775]
907.479451417923,1002,False,3,6,[-3.76173591  0.3797159   3.99383426],cruising,[ 0.5677905  -0.59831228 -0.99408226]
907.479451417923,1003,False,6,2,[-0.66698394 -3.3355457   4.0000002 ],cruising,[ 0.63925976  0.24903542 -0.34837281]
907.479451417923,1004,False,4,1,[8.06397532 3.55504906 4.        ],cruising,[-0.62185191  0.08809385  0.93462812]
907.479451417923,1005,False,5,0,[-8.09711235  7.92893822  1.2921457 ],queued,[ 0.50568378 -0.03156594 -0.11489306]
907.5879726409912,1000,False,5,4,[ 8.70055122 -7.39618792  3.79141809],landing,[-0.82138112 -0.19970136 -0.21083176]
907.5879726409912,1001,False,0,3,[3.6120901  5.54675516 3.81835356],entering,[-0.48080528  0.59740651 -0.20557775]
907.5879726409912,1002,False,3,6,[-3.87130789  0.54702992  3.99475912],cruising,[ 0.5677905  -0.59831228 -0.99408226]
907.5879726409912,1003,False,6,2,[-0.84483062 -3.42703646  4.00000017],cruising,[ 0.63925976  0.24903542 -0.34837281]
907.5879726409912,1004,False,4,1,[8.15082418 3.37684369 4.        ],cruising,[-0.62185191  0.08809385  0.93462812]
907.5879726409912,1005,False,5,0,[-8.09711235  7.92893822  1.3321457 ],queued,[ 0.50568378 -0.03156594 -0.11489306]
907.682213306427,1000,False,5,4,[ 8.68662419 -7.41537807  3.70956057],landing,[-0.82138112 -0.19970136 -0.21083176]
907.682213306427,1001,False,0,3,[3.77317365 5.42822017 3.8456206 ],cruising,[-0.48080528  0.59740651 -0.20557775]
907.682213306427,1002,False,3,6,[-3.9833461   0.71270261  3.99554525],cruising,[ 0.5677905  -0.59831228 -0.99408226]
907.682213306427,1003,False,6,2,[-1.02395762 -3.51599442  4.00000015],cruising,[ 0.63925976  0.24903542 -0.34837281]
907.682213306427,1004,False,4,1,[8.21932694 3.19067462 4.        ],exiting,[-0.62185191  0.08809385  0.93462812]
907.682213306427,1005,False,5,0,[-8.09711235  7.92893822  1.3921457 ],queued,[ 0.50568378 -0.03156594 -0.11489306]
907.7814016342163,1000,False,5,4,[ 8.66553286 -7.42100235  3.61487184],landing,[-0.82138112 -0.19970136 -0.21083176]
907.7814016342163,1001,False,0,3,[3.94474779 5.32544705 3.86877751],cruising,[-0.48080528  0.59740651 -0.20557775]
907.7814016342163,1002,False,3,6,[-4.0972777   0.87707898  3.99621346],cruising,[ 0.5677905  -0.59831228 -0.99408226]
907.7814016342163,1003,False,6,2,[-1.20722266 -3.5960814   4.00000013],cruising,[ 0.63925976  0.24903542 -0.34837281]
907.7814016342163,1004,False,4,1,[8.26988714 3.01334097 4.        ],exiting,[-0.62185191  0.08809385  0.93462812]
907.7814016342163,1005,False,5,0,[-8.09711235  7.92893822  1.4671457 ],queued,[ 0.50568378 -0.03156594 -0.11489306]
907.8912951946259,1000,False,5,4,[ 8.64291277 -7.42368731  3.51750078],landing,[-0.82138112 -0.19970136 -0.21083176]
907.8912951946259,1001,False,0,3,[4.12413704 5.23701912 3.88846088],cruising,[-0.48080528  0.59740651 -0.20557775]
907.8912951946259,1002,False,3,6,[-4.2126126   1.04047378  3.99678144],cruising,[ 0.5677905  -0.59831228 -0.99408226]
907.8912951946259,1003,False,6,2,[-1.39739918 -3.65740055  4.00000011],cruising,[ 0.63925976  0.24903542 -0.34837281]
907.8912951946259,1004,False,4,1,[8.30499712 2.84870736 4.        ],exiting,[-0.62185191  0.08809385  0.93462812]
907.8912951946259,1005,False,5,0,[-8.09711235  7.92893822  1.5421457 ],queued,[ 0.50568378 -0.03156594 -0.11489306]
907.9843447208405,1000,False,5,4,[ 8.62029269 -7.42637228  3.42012973],landing,[-0.82138112 -0.19970136 -0.21083176]
907.9843447208405,1001,False,0,3,[4.30962857 5.16223348 3.90519175],cruising,[-0.48080528  0.59740651 -0.20557775]
907.9843447208405,1002,False,3,6,[-4.3289293   1.20317112  3.99726423],cruising,[ 0.5677905  -0.59831228 -0.99408226]
907.9843447208405,1003,False,6,2,[-1.59133546 -3.69907628  4.00000009],cruising,[ 0.63925976  0.24903542 -0.34837281]
907.9843447208405,1004,False,4,1,[8.32575259 2.69800025 4.        ],exiting,[-0.62185191  0.08809385  0.93462812]
907.9843447208405,1005,False,5,0,[-8.09711235  7.92893822  1.6171457 ],queued,[ 0.50568378 -0.03156594 -0.11489306]
908.0878307819366,1000,False,5,4,[ 8.59767261 -7.42905725  3.32275867],landing,[-0.82138112 -0.19970136 -0.21083176]
908.0878307819366,1001,False,0,3,[4.49935451 5.09895578 3.91941299],cruising,[-0.48080528  0.59740651 -0.20557775]
908.0878307819366,1002,False,3,6,[-4.44586168  1.36542653  3.99767459],cruising,[ 0.5677905  -0.59831228 -0.99408226]
908.0878307819366,1003,False,6,2,[-1.7859173  -3.72076242  4.00000007],cruising,[ 0.63925976  0.24903542 -0.34837281]
908.0878307819366,1004,False,4,1,[8.33277151 2.56182956 4.        ],exiting,[-0.62185191  0.08809385  0.93462812]
908.0878307819366,1005,False,5,0,[-8.09711235  7.92893822  1.6921457 ],queued,[ 0.50568378 -0.03156594 -0.11489306]
908.1860654354095,1000,False,5,4,[ 8.57505253 -7.43174221  3.22538761],landing,[-0.82138112 -0.19970136 -0.21083176]
908.1860654354095,1001,False,0,3,[4.69190569 5.04488135 3.93150104],cruising,[-0.48080528  0.59740651 -0.20557775]
908.1860654354095,1002,False,3,6,[-4.56308692  1.52747049  3.9980234 ],cruising,[ 0.5677905  -0.59831228 -0.99408226]
908.1860654354095,1003,False,6,2,[-1.97814384 -3.72258774  4.00000006],cruising,[ 0.63925976  0.24903542 -0.34837281]
908.1860654354095,1004,False,4,1,[8.32650809 2.44061145 4.        ],exiting,[-0.62185191  0.08809385  0.93462812]
908.1860654354095,1005,False,5,0,[-8.09711235  7.92893822  1.7671457 ],queued,[ 0.50568378 -0.03156594 -0.11489306]
908.2817509174347,1000,False,5,4,[ 8.55243244 -7.43442718  3.12801655],landing,[-0.82138112 -0.19970136 -0.21083176]
908.2817509174347,1001,False,0,3,[4.88640723 4.9983072  3.94177588],cruising,[-0.48080528  0.59740651 -0.20557775]
908.2817509174347,1002,False,3,6,[-4.68028613  1.68953327  3.99831989],cruising,[ 0.5677905  -0.59831228 -0.99408226]
908.2817509174347,1003,False,6,2,[-2.16511618 -3.70511556  4.00000004],cruising,[ 0.63925976  0.24903542 -0.34837281]
908.2817509174347,1004,False,4,1,[8.30738324 2.33470945 4.        ],exiting,[-0.62185191  0.08809385  0.93462812]
908.2817509174347,1005,False,5,0,[-8.09711235  7.92893822  1.8421457 ],queued,[ 0.50568378 -0.03156594 -0.11489306]
908.3835165500641,1000,False,5,4,[ 8.52981236 -7.43711215  3.0306455 ],landing,[-0.82138112 -0.19970136 -0.21083176]
908.3835165500641,1001,False,0,3,[5.08204937 4.95678429 3.9505095 ],cruising,[-0.48080528  0.59740651 -0.20557775]
908.3835165500641,1002,False,3,6,[-4.79736364  1.85168399  3.99857191],cruising,[ 0.5677905  -0.59831228 -0.99408226]
908.3835165500641,1003,False,6,2,[-2.34450697 -3.66913608  4.00000003],cruising,[ 0.63925976  0.24903542 -0.34837281]
908.3835165500641,1004,False,4,1,[8.27589561 2.24452884 4.        ],exiting,[-0.62185191  0.08809385  0.93462812]
908.3835165500641,1005,False,5,0,[-8.09711235  7.92893822  1.9171457 ],queued,[ 0.50568378 -0.03156594 -0.11489306]
908.482729434967,1000,False,5,4,[ 8.50719228 -7.43979711  2.93327444],landing,[-0.82138112 -0.19970136 -0.21083176]
908.482729434967,1001,False,0,3,[5.27832926 4.9183889  3.95793308],cruising,[-0.48080528  0.59740651 -0.20557775]
908.482729434967,1002,False,3,6,[-4.91402815  2.01413211  3.99878612],cruising,[ 0.5677905  -0.59831228 -0.99408226]
908.482729434967,1003,False,6,2,[-2.5141275  -3.61570548  4.00000001],cruising,[ 0.63925976  0.24903542 -0.34837281]
908.482729434967,1004,False,4,1,[8.23230835 2.17027301 4.        ],exiting,[-0.62185191  0.08809385  0.93462812]
908.482729434967,1005,False,5,0,[-8.09711235  7.92893822  1.9921457 ],queued,[ 0.50568378 -0.03156594 -0.11489306]
908.5934779644012,1000,False,5,4,[ 8.4845722  -7.44248208  2.83590338],landing,[-0.82138112 -0.19970136 -0.21083176]
908.5934779644012,1001,False,0,3,[5.47487988 4.88140439 3.96424311],cruising,[-0.48080528  0.59740651 -0.20557775]
908.5934779644012,1002,False,3,6,[-5.03000452  2.17707223  3.9989682 ],cruising,[ 0.5677905  -0.59831228 -0.99408226]
908.5934779644012,1003,False,6,2,[-2.67198451 -3.54610021  4.        ],cruising,[ 0.63925976  0.24903542 -0.34837281]
908.5934779644012,1004,False,4,1,[8.1768933  2.11214491 4.        ],exiting,[-0.62185191  0.08809385  0.93462812]
908.5934779644012,1005,False,5,0,[-8.09711235  7.92893822  2.0671457 ],queued,[ 0.50568378 -0.03156594 -0.11489306]
908.6805949211121,1000,False,5,4,[ 8.46195211 -7.44516705  2.73853232],landing,[-0.82138112 -0.19970136 -0.21083176]
908.6805949211121,1001,False,0,3,[5.67173335 4.84606729 3.96960665],cruising,[-0.48080528  0.59740651 -0.20557775]
908.6805949211121,1002,False,3,6,[-5.14502317  2.3406898   3.99912297],cruising,[ 0.5677905  -0.59831228 -0.99408226]
908.6805949211121,1003,False,6,2,[-2.81640074 -3.46168463  3.99999999],cruising,[ 0.63925976  0.24903542 -0.34837281]
908.6805949211121,1004,False,4,1,[8.10993146 2.07034689 4.        ],exiting,[-0.62185191  0.08809385  0.93462812]
908.6805949211121,1005,False,5,0,[-8.09711235  7.92893822  2.1421457 ],queued,[ 0.50568378 -0.03156594 -0.11489306]
908.788428068161,1000,False,5,4,[ 8.43933203 -7.44785201  2.64116127],landing,[-0.82138112 -0.19970136 -0.21083176]
908.788428068161,1001,False,0,3,[5.86829768 4.80915573 3.97416565],cruising,[-0.48080528  0.59740651 -0.20557775]
908.788428068161,1002,False,3,6,[-5.25942293  2.50474069  3.99925453],cruising,[ 0.5677905  -0.59831228 -0.99408226]
908.788428068161,1003,False,6,2,[-2.94592318 -3.36392082  3.99999998],cruising,[ 0.63925976  0.24903542 -0.34837281]
908.788428068161,1004,False,4,1,[8.03171365 2.04508074 4.        ],exiting,[-0.62185191  0.08809385  0.93462812]
908.788428068161,1005,False,5,0,[-8.09711235  7.92893822  2.2171457 ],queued,[ 0.50568378 -0.03156594 -0.11489306]
908.8861479759216,1000,False,5,4,[ 8.41671195 -7.45053698  2.54379021],landing,[-0.82138112 -0.19970136 -0.21083176]
908.8861479759216,1001,False,0,3,[6.06429597 4.76934778 3.9780408 ],cruising,[-0.48080528  0.59740651 -0.20557775]
908.8861479759216,1002,False,3,6,[-5.37231672  2.66983155  3.99936635],cruising,[ 0.5677905  -0.59831228 -0.99408226]
908.8861479759216,1003,False,6,2,[-3.05925044 -3.25442175  3.99999997],cruising,[ 0.63925976  0.24903542 -0.34837281]
908.8861479759216,1004,False,4,1,[7.94254143 2.03654783 4.        ],exiting,[-0.62185191  0.08809385  0.93462812]
908.8861479759216,1005,False,5,0,[-8.09711235  7.92893822  2.2921457 ],queued,[ 0.50568378 -0.03156594 -0.11489306]
908.9886076450348,1000,False,5,4,[ 8.39409186 -7.45322194  2.44641915],landing,[-0.82138112 -0.19970136 -0.21083176]
908.9886076450348,1001,False,0,3,[6.25939799 4.72535685 3.98133468],cruising,[-0.48080528  0.59740651 -0.20557775]
908.9886076450348,1002,False,3,6,[-5.48339349  2.83615037  3.9994614 ],cruising,[ 0.5677905  -0.59831228 -0.99408226]
908.9886076450348,1003,False,6,2,[-3.15528332 -3.13487758  3.99999997],cruising,[ 0.63925976  0.24903542 -0.34837281]
908.9886076450348,1004,False,4,1,[7.84287546 2.04471457 4.        ],exiting,[-0.62185191  0.08809385  0.93462812]
908.9886076450348,1005,False,5,0,[-8.09711235  7.92893822  2.3671457 ],queued,[ 0.50568378 -0.03156594 -0.11489306]
909.0888345241547,1000,False,5,4,[ 8.37147178 -7.45590691  2.34904809],landing,[-0.82138112 -0.19970136 -0.21083176]
909.0888345241547,1001,False,0,3,[6.45318458 4.67589218 3.98413448],cruising,[-0.48080528  0.59740651 -0.20557775]
909.0888345241547,1002,False,3,6,[-5.59230622  3.00389428  3.99954219],cruising,[ 0.5677905  -0.59831228 -0.99408226]
909.0888345241547,1003,False,6,2,[-3.23340138 -3.00644188  3.99999996],cruising,[ 0.63925976  0.24903542 -0.34837281]
909.0888345241547,1004,False,4,1,[7.7432095  2.05288132 4.        ],exiting,[-0.62185191  0.08809385  0.93462812]
909.0888345241547,1005,False,5,0,[-8.09711235  7.92893822  2.4421457 ],queued,[ 0.50568378 -0.03156594 -0.11489306]
909.1924991607666,1000,False,5,4,[ 8.3488517  -7.45859188  2.25167704],landing,[-0.82138112 -0.19970136 -0.21083176]
909.1924991607666,1001,False,0,3,[6.64510705 4.61962703 3.98651431],cruising,[-0.48080528  0.59740651 -0.20557775]
909.1924991607666,1002,False,3,6,[-5.69865638  3.17327445  3.99961086],cruising,[ 0.5677905  -0.59831228 -0.99408226]
909.1924991607666,1003,False,6,2,[-3.29323133 -2.86991018  3.99999996],cruising,[ 0.63925976  0.24903542 -0.34837281]
909.1924991607666,1004,False,4,1,[7.64354354 2.06104806 4.        ],exiting,[-0.62185191  0.08809385  0.93462812]
909.1924991607666,1005,False,5,0,[-8.09711235  7.92893822  2.5171457 ],entering,[ 0.50568378 -0.03156594 -0.11489306]
909.2803452014923,1000,False,5,4,[ 8.32623162 -7.46127684  2.15430598],landing,[-0.82138112 -0.19970136 -0.21083176]
909.2803452014923,1001,False,0,3,[6.83443832 4.55517806 3.98853716],cruising,[-0.48080528  0.59740651 -0.20557775]
909.2803452014923,1002,False,3,6,[-5.80197483  3.34452076  3.99966923],cruising,[ 0.5677905  -0.59831228 -0.99408226]
909.2803452014923,1003,False,6,2,[-3.33459956 -2.72568662  3.99999996],cruising,[ 0.63925976  0.24903542 -0.34837281]
909.2803452014923,1004,False,4,1,[7.54387757 2.0692148  4.        ],exiting,[-0.62185191  0.08809385  0.93462812]
909.2803452014923,1005,False,5,0,[-8.07926414  7.91991374  2.5921457 ],entering,[ 0.50568378 -0.03156594 -0.11489306]
909.3800735473633,1000,False,5,4,[ 8.30361153 -7.46396181  2.05693492],landing,[-0.82138112 -0.19970136 -0.21083176]
909.3800735473633,1001,False,0,3,[7.02021427 4.48110176 3.99025659],cruising,[-0.48080528  0.59740651 -0.20557775]
909.3800735473633,1002,False,3,6,[-5.90169749  3.51788567  3.99971885],cruising,[ 0.5677905  -0.59831228 -0.99408226]
909.3800735473633,1003,False,6,2,[-3.35743326 -2.57394834  3.99999995],cruising,[ 0.63925976  0.24903542 -0.34837281]
909.3800735473633,1004,False,4,1,[7.44421161 2.07738154 4.        ],exiting,[-0.62185191  0.08809385  0.93462812]
909.3800735473633,1005,False,5,0,[-8.04355405  7.90189184  2.6671457 ],entering,[ 0.50568378 -0.03156594 -0.11489306]
909.4806625843048,1000,False,5,4,[ 8.28099145 -7.46664678  1.95956387],landing,[-0.82138112 -0.19970136 -0.21083176]
909.4806625843048,1001,False,0,3,[7.20116642 4.39591773 3.9917181 ],cruising,[-0.48080528  0.59740651 -0.20557775]
909.4806625843048,1002,False,3,6,[-5.99713371  3.69364666  3.99976102],cruising,[ 0.5677905  -0.59831228 -0.99408226]
909.4806625843048,1003,False,6,2,[-3.36173582 -2.41468696  3.99999996],cruising,[ 0.63925976  0.24903542 -0.34837281]
909.4806625843048,1004,False,4,1,[7.34454564 2.08554828 4.        ],exiting,[-0.62185191  0.08809385  0.93462812]
909.4806625843048,1005,False,5,0,[-7.98995195  7.87493262  2.7421457 ],entering,[ 0.50568378 -0.03156594 -0.11489306]
909.585695028305,1000,False,5,4,[ 8.25837137 -7.46933174  1.86219281],landing,[-0.82138112 -0.19970136 -0.21083176]
909.585695028305,1001,False,0,3,[7.37565335 4.29817158 3.99296038],cruising,[-0.48080528  0.59740651 -0.20557775]
909.585695028305,1002,False,3,6,[-6.08742421  3.87210569  3.99979687],cruising,[ 0.5677905  -0.59831228 -0.99408226]
909.585695028305,1003,False,6,2,[-3.34782888 -2.24715429  3.99999996],cruising,[ 0.63925976  0.24903542 -0.34837281]
909.585695028305,1004,False,4,1,[7.24487968 2.09371502 4.        ],exiting,[-0.62185191  0.08809385  0.93462812]
909.585695028305,1005,False,5,0,[-7.91840075  7.83915127  2.8171457 ],entering,[ 0.50568378 -0.03156594 -0.11489306]
909.6801800727844,1000,False,5,4,[ 8.23575129 -7.47201671  1.76482175],landing,[-0.82138112 -0.19970136 -0.21083176]
909.6801800727844,1001,False,0,3,[7.53930527 4.18361531 3.99405206],cruising,[-0.48080528  0.59740651 -0.20557775]
909.6801800727844,1002,False,3,6,[-6.17148497  4.05358239  3.99982734],cruising,[ 0.5677905  -0.59831228 -0.99408226]
909.6801800727844,1003,False,6,2,[-3.31674315 -2.06938008  3.99999996],cruising,[ 0.63925976  0.24903542 -0.34837281]
909.6801800727844,1004,False,4,1,[7.14521372 2.10188176 4.        ],exiting,[-0.62185191  0.08809385  0.93462812]
909.6801800727844,1005,False,5,0,[-7.82884917  7.79465291  2.8921457 ],entering,[ 0.50568378 -0.03156594 -0.11489306]
909.7801289558411,1000,False,5,4,[ 8.2131312  -7.47470168  1.66745069],landing,[-0.82138112 -0.19970136 -0.21083176]
909.7801289558411,1001,False,0,3,[7.69070151 4.05325494 3.99497434],cruising,[-0.48080528  0.59740651 -0.20557775]
909.7801289558411,1002,False,3,6,[-6.24793199  4.23839541  3.99985324],cruising,[ 0.5677905  -0.59831228 -0.99408226]
909.7801289558411,1003,False,6,2,[-3.27386209 -1.8754544   3.99999997],cruising,[ 0.63925976  0.24903542 -0.34837281]
909.7801289558411,1004,False,4,1,[7.04554775 2.1100485  4.        ],exiting,[-0.62185191  0.08809385  0.93462812]
909.7801289558411,1005,False,5,0,[-7.72127163  7.74149056  2.9671457 ],entering,[ 0.50568378 -0.03156594 -0.11489306]
909.8946087360382,1000,False,5,4,[ 8.19051112 -7.47738664  1.57007964],landing,[-0.82138112 -0.19970136 -0.21083176]
909.8946087360382,1001,False,0,3,[7.82828359 3.90843257 3.99575713],cruising,[-0.48080528  0.59740651 -0.20557775]
909.8946087360382,1002,False,3,6,[-6.31498199  4.42682125  3.99987525],cruising,[ 0.5677905  -0.59831228 -0.99408226]
909.8946087360382,1003,False,6,2,[-3.24635676 -1.67735479  3.99999997],cruising,[ 0.63925976  0.24903542 -0.34837281]
909.8946087360382,1004,False,4,1,[6.94588179 2.11821524 4.        ],exiting,[-0.62185191  0.08809385  0.93462812]
909.8946087360382,1005,False,5,0,[-7.59565338  7.67969496  3.0421457 ],entering,[ 0.50568378 -0.03156594 -0.11489306]
909.9882040023804,1000,False,5,4,[ 8.16789104 -7.48007161  1.47270858],fake_landed,[-0.82138112 -0.19970136 -0.21083176]
909.9882040023804,1001,False,0,3,[7.95022287 3.75114839 3.99646156],cruising,[-0.48080528  0.59740651 -0.20557775]
909.9882040023804,1002,False,3,6,[-6.36400064  4.62072115  3.99989396],cruising,[ 0.5677905  -0.59831228 -0.99408226]
909.9882040023804,1003,False,6,2,[-3.2353332  -1.47765881  3.99999998],cruising,[ 0.63925976  0.24903542 -0.34837281]
909.9882040023804,1004,False,4,1,[6.84621582 2.12638198 4.        ],exiting,[-0.62185191  0.08809385  0.93462812]
909.9882040023804,1005,False,5,0,[-7.45154717  7.6102708   3.1171457 ],entering,[ 0.50568378 -0.03156594 -0.11489306]
910.0872104167938,1000,False,5,4,[ 8.14979497 -7.48221958  1.39481173],fake_landed,[-0.82138112 -0.19970136 -0.21083176]
910.0872104167938,1001,False,0,3,[8.05541718 3.58292808 3.99708252],cruising,[-0.48080528  0.59740651 -0.20557775]
910.0872104167938,1002,False,3,6,[-6.39337188  4.81836001  3.99991032],cruising,[ 0.5677905  -0.59831228 -0.99408226]
910.0872104167938,1003,False,6,2,[-3.24022823 -1.27771873  3.99999998],cruising,[ 0.63925976  0.24903542 -0.34837281]
910.0872104167938,1004,False,4,1,[6.74654986 2.13454872 4.        ],exiting,[-0.62185191  0.08809385  0.93462812]
910.0872104167938,1005,False,5,0,[-7.28871622  7.53381924  3.1921457 ],entering,[ 0.50568378 -0.03156594 -0.11489306]
910.1811063289642,1000,False,5,4,[ 8.13622292 -7.48383056  1.3363891 ],fake_landed,[-0.82138112 -0.19970136 -0.21083176]
910.1811063289642,1001,False,0,3,[8.14297562 3.40527546 3.99761617],cruising,[-0.48080528  0.59740651 -0.20557775]
910.1811063289642,1002,False,3,6,[-6.40278444  5.01728368  3.99992503],cruising,[ 0.5677905  -0.59831228 -0.99408226]
910.1811063289642,1003,False,6,2,[-3.25903068 -1.07860452  3.99999998],cruising,[ 0.63925976  0.24903542 -0.34837281]
910.1811063289642,1004,False,4,1,[6.6468839  2.14271546 4.        ],exiting,[-0.62185191  0.08809385  0.93462812]
910.1811063289642,1005,False,5,0,[-7.10639631  7.45287541  3.2671457 ],entering,[ 0.50568378 -0.03156594 -0.11489306]
910.2792775630951,1000,False,5,4,[ 8.12717489 -7.48490455  1.29744068],fake_landed,[-0.82138112 -0.19970136 -0.21083176]
910.2792775630951,1001,False,0,3,[8.21221781 3.21959125 3.99805721],cruising,[-0.48080528  0.59740651 -0.20557775]
910.2792775630951,1002,False,3,6,[-6.39225041  5.21474665  3.9999385 ],cruising,[ 0.5677905  -0.59831228 -0.99408226]
910.2792775630951,1003,False,6,2,[-3.29146471 -0.88125196  3.99999999],cruising,[ 0.63925976  0.24903542 -0.34837281]
910.2792775630951,1004,False,4,1,[6.54721793 2.1508822  4.        ],exiting,[-0.62185191  0.08809385  0.93462812]
910.2792775630951,1005,False,5,0,[-6.92255382  7.37412303  3.3421457 ],entering,[ 0.50568378 -0.03156594 -0.11489306]
910.3807656764984,1000,False,5,4,[ 8.12265087 -7.48544154  1.27796646],fake_landed,[-0.82138112 -0.19970136 -0.21083176]
910.3807656764984,1001,False,0,3,[8.26262316 3.02718665 3.99839827],cruising,[-0.48080528  0.59740651 -0.20557775]
910.3807656764984,1002,False,3,6,[-6.36211557  5.40823364  3.99995083],cruising,[ 0.5677905  -0.59831228 -0.99408226]
910.3807656764984,1003,False,6,2,[-3.33640888 -0.68636732  3.99999999],cruising,[ 0.63925976  0.24903542 -0.34837281]
910.3807656764984,1004,False,4,1,[6.44755197 2.15904894 4.        ],exiting,[-0.62185191  0.08809385  0.93462812]
910.3807656764984,1005,False,5,0,[-6.73657999  7.30054493  3.4171457 ],entering,[ 0.50568378 -0.03156594 -0.11489306]
910.4872906208038,1000,False,5,4,[ 8.12265087 -7.48544154  1.27796646],fake_landed,[-0.82138112 -0.19970136 -0.21083176]
910.4872906208038,1001,False,0,3,[8.30035142 2.83077744 3.99863853],cruising,[-0.48080528  0.59740651 -0.20557775]
910.4872906208038,1002,False,3,6,[-6.31294415  5.59558805  3.999962  ],cruising,[ 0.5677905  -0.59831228 -0.99408226]
910.4872906208038,1003,False,6,2,[-3.3912093  -0.4940215   3.99999999],cruising,[ 0.63925976  0.24903542 -0.34837281]
910.4872906208038,1004,False,4,1,[6.34788601 2.16721569 4.        ],exiting,[-0.62185191  0.08809385  0.93462812]
910.4872906208038,1005,False,5,0,[-6.54904276  7.23104827  3.4921457 ],entering,[ 0.50568378 -0.03156594 -0.11489306]
910.5808498859406,1000,False,4,5,[ 8.12265087 -7.48544154  1.27796646],waiting,[-0.82138112 -0.19970136 -0.21083176]
910.5808498859406,1001,False,0,3,[8.33200442 2.63329811 3.99884275],cruising,[-0.48080528  0.59740651 -0.20557775]
910.5808498859406,1002,False,3,6,[-6.245639    5.77450637  3.99997205],cruising,[ 0.5677905  -0.59831228 -0.99408226]
910.5808498859406,1003,False,6,2,[-3.45688345 -0.30511172  3.99999999],cruising,[ 0.63925976  0.24903542 -0.34837281]
910.5808498859406,1004,False,4,1,[6.24822004 2.17538243 4.        ],exiting,[-0.62185191  0.08809385  0.93462812]
910.5808498859406,1005,False,5,0,[-6.35980095  7.16633707  3.5671457 ],entering,[ 0.50568378 -0.03156594 -0.11489306]
910.6821749210358,1000,False,4,5,[ 8.12265087 -7.48544154  1.27796646],waiting,[-0.82138112 -0.19970136 -0.21083176]
910.6821749210358,1001,False,0,3,[8.35875508 2.43509517 3.99901634],cruising,[-0.48080528  0.59740651 -0.20557775]
910.6821749210358,1002,False,3,6,[-6.16135241  5.94285913  3.99998102],cruising,[ 0.5677905  -0.59831228 -0.99408226]
910.6821749210358,1003,False,6,2,[-3.53278127 -0.12007248  3.99999999],cruising,[ 0.63925976  0.24903542 -0.34837281]
910.6821749210358,1004,False,4,1,[6.14855408 2.18354917 4.        ],exiting,[-0.62185191  0.08809385  0.93462812]
910.6821749210358,1005,False,5,0,[-6.16851011  7.10796059  3.63207384],entering,[ 0.50568378 -0.03156594 -0.11489306]
910.7793655395508,1000,False,4,5,[ 8.12265087 -7.48544154  1.27796646],waiting,[-0.82138112 -0.19970136 -0.21083176]
910.7793655395508,1001,False,0,3,[8.38453503 2.23676365 3.99916388],cruising,[-0.48080528  0.59740651 -0.20557775]
910.7793655395508,1002,False,3,6,[-6.06106541  6.09921245  3.99998887],cruising,[ 0.5677905  -0.59831228 -0.99408226]
910.7793655395508,1003,False,6,2,[-3.61633935  0.06163621  3.99999999],exiting,[ 0.63925976  0.24903542 -0.34837281]
910.7793655395508,1004,False,4,1,[6.04888811 2.19171591 4.        ],exiting,[-0.62185191  0.08809385  0.93462812]
910.7793655395508,1005,False,5,0,[-5.97495939  7.05758085  3.68726277],entering,[ 0.50568378 -0.03156594 -0.11489306]
910.8921620845795,1000,False,4,5,[ 8.12265087 -7.48544154  1.27796646],waiting,[-0.82138112 -0.19970136 -0.21083176]
910.8921620845795,1001,False,0,3,[8.40572205 2.03788904 3.9992893 ],cruising,[-0.48080528  0.59740651 -0.20557775]
910.8921620845795,1002,False,3,6,[-5.9457021   6.24242404  3.99999555],cruising,[ 0.5677905  -0.59831228 -0.99408226]
910.8921620845795,1003,False,6,2,[-3.70046692  0.22335301  3.99999999],exiting,[ 0.63925976  0.24903542 -0.34837281]
910.8921620845795,1004,False,4,1,[5.94922215 2.19988265 4.        ],exiting,[-0.62185191  0.08809385  0.93462812]
910.8921620845795,1005,False,5,0,[-5.77936983  7.01581096  3.73417335],entering,[ 0.50568378 -0.03156594 -0.11489306]
910.9870204925537,1000,False,4,5,[ 8.12265087 -7.48544154  1.27796646],waiting,[-0.82138112 -0.19970136 -0.21083176]
910.9870204925537,1001,False,0,3,[8.42568506 1.83888784 3.99939591],cruising,[-0.48080528  0.59740651 -0.20557775]
910.9870204925537,1002,False,3,6,[-5.81617391  6.37151628  4.00000104],cruising,[ 0.5677905  -0.59831228 -0.99408226]
910.9870204925537,1003,False,6,2,[-3.78499882  0.3650739   4.        ],exiting,[ 0.63925976  0.24903542 -0.34837281]
910.9870204925537,1004,False,4,1,[5.84955619 2.20804939 4.        ],exiting,[-0.62185191  0.08809385  0.93462812]
910.9870204925537,1005,False,5,0,[-5.58212687  6.98271694  3.77404735],entering,[ 0.50568378 -0.03156594 -0.11489306]
911.0933027267456,1000,False,4,5,[ 8.12265087 -7.48544154  1.27796646],waiting,[-0.82138112 -0.19970136 -0.21083176]
911.0933027267456,1001,False,0,3,[8.44405548 1.6397333  3.99948652],cruising,[-0.48080528  0.59740651 -0.20557775]
911.0933027267456,1002,False,3,6,[-5.67337858  6.48564246  4.0000053 ],cruising,[ 0.5677905  -0.59831228 -0.99408226]
911.0933027267456,1003,False,6,2,[-3.86975155  0.48679601  4.        ],exiting,[ 0.63925976  0.24903542 -0.34837281]
911.0933027267456,1004,False,4,1,[5.74989022 2.21621613 4.        ],exiting,[-0.62185191  0.08809385  0.93462812]
911.0933027267456,1005,False,5,0,[-5.38319613  6.96206357  3.80794025],entering,[ 0.50568378 -0.03156594 -0.11489306]
911.1904058456421,1000,False,4,5,[ 8.12265087 -7.48544154  1.27796646],waiting,[-0.82138112 -0.19970136 -0.21083176]
911.1904058456421,1001,False,0,3,[8.45790877 1.44021367 3.99956354],cruising,[-0.48080528  0.59740651 -0.20557775]
911.1904058456421,1002,False,3,6,[-5.51836778  6.58393253  4.00000836],cruising,[ 0.5677905  -0.59831228 -0.99408226]
911.1904058456421,1003,False,6,2,[-3.95451847  0.58851812  4.        ],exiting,[ 0.63925976  0.24903542 -0.34837281]
911.1904058456421,1004,False,4,1,[5.65022426 2.22438287 4.        ],exiting,[-0.62185191  0.08809385  0.93462812]
911.1904058456421,1005,False,5,0,[-5.1834697   6.95160635  3.83674921],entering,[ 0.50568378 -0.03156594 -0.11489306]
911.2870903015137,1000,False,4,5,[ 8.12265087 -7.48544154  1.27796646],waiting,[-0.82138112 -0.19970136 -0.21083176]
911.2870903015137,1001,False,0,3,[8.47025528 1.24059512 3.99962901],cruising,[-0.48080528  0.59740651 -0.20557775]
911.2870903015137,1002,False,3,6,[-5.35175282  6.66593323  4.0000102 ],cruising,[ 0.5677905  -0.59831228 -0.99408226]
911.2870903015137,1003,False,6,2,[-4.03906031  0.6702415   4.        ],exiting,[ 0.63925976  0.24903542 -0.34837281]
911.2870903015137,1004,False,4,1,[5.5505583  2.23254961 4.        ],landing,[-0.62185191  0.08809385  0.93462812]
911.2870903015137,1005,False,5,0,[-4.9834698   6.95140102  3.86123683],cruising,[ 0.50568378 -0.03156594 -0.11489306]
911.3842935562134,1000,False,4,5,[ 8.12265087 -7.48544154  1.27796646],waiting,[-0.82138112 -0.19970136 -0.21083176]
911.3842935562134,1001,False,0,3,[8.47857377 1.04076819 3.99968466],cruising,[-0.48080528  0.59740651 -0.20557775]
911.3842935562134,1002,False,3,6,[-5.17395826  6.73135031  4.00001077],cruising,[ 0.5677905  -0.59831228 -0.99408226]
911.3842935562134,1003,False,6,2,[-4.12308341  0.73197161  4.        ],exiting,[ 0.63925976  0.24903542 -0.34837281]
911.3842935562134,1004,False,4,1,[5.46475302 2.23645816 3.98622506],landing,[-0.62185191  0.08809385  0.93462812]
911.3842935562134,1005,False,5,0,[-4.78369917  6.96097667  3.8820513 ],cruising,[ 0.50568378 -0.03156594 -0.11489306]
911.4856765270233,1000,False,4,5,[ 8.12265087 -7.48544154  1.27796646],waiting,[-0.82138112 -0.19970136 -0.21083176]
911.4856765270233,1001,False,0,3,[8.48542933 0.84088572 3.99973196],cruising,[-0.48080528  0.59740651 -0.20557775]
911.4856765270233,1002,False,3,6,[-4.98504324  6.78014405  4.00001003],cruising,[ 0.5677905  -0.59831228 -0.99408226]
911.4856765270233,1003,False,6,2,[-4.20617234  0.77372355  4.        ],exiting,[ 0.63925976  0.24903542 -0.34837281]
911.4856765270233,1004,False,4,1,[5.39297911 2.23613227 3.95884164],landing,[-0.62185191  0.08809385  0.93462812]
911.4856765270233,1005,False,5,0,[-4.58452805  6.97916635  3.89974361],cruising,[ 0.50568378 -0.03156594 -0.11489306]
911.5925633907318,1000,False,4,5,[ 8.12265087 -7.48544154  1.27796646],waiting,[-0.82138112 -0.19970136 -0.21083176]
911.5925633907318,1001,False,0,3,[8.49061586 0.64095298 3.99977217],cruising,[-0.48080528  0.59740651 -0.20557775]
911.5925633907318,1002,False,3,6,[-4.78916049  6.82051666  4.00000853],cruising,[ 0.5677905  -0.59831228 -0.99408226]
911.5925633907318,1003,False,6,2,[-4.28807283  0.79551082  4.        ],exiting,[ 0.63925976  0.24903542 -0.34837281]
911.5925633907318,1004,False,4,1,[5.33543546 2.23160077 3.91804882],landing,[-0.62185191  0.08809385  0.93462812]
911.5925633907318,1005,False,5,0,[-4.38612282  7.00437281  3.91478207],cruising,[ 0.50568378 -0.03156594 -0.11489306]
911.6799035072327,1000,False,4,5,[ 8.12265087 -7.48544154  1.27796646],waiting,[-0.82138112 -0.19970136 -0.21083176]
911.6799035072327,1001,False,0,3,[8.49397944 0.44098127 3.99980634],cruising,[-0.48080528  0.59740651 -0.20557775]
911.6799035072327,1002,False,3,6,[-4.59421154  6.86518104  4.00000725],cruising,[ 0.5677905  -0.59831228 -0.99408226]
911.6799035072327,1003,False,6,2,[-4.36852658  0.79735049  4.        ],exiting,[ 0.63925976  0.24903542 -0.34837281]
911.6799035072327,1004,False,4,1,[5.29238717 2.22290406 3.8641207 ],landing,[-0.62185191  0.08809385  0.93462812]
911.6799035072327,1005,False,5,0,[-4.18845716  7.03484058  3.92756476],cruising,[ 0.50568378 -0.03156594 -0.11489306]
911.7837336063385,1000,False,4,5,[ 8.12265087 -7.48544154  1.27796646],waiting,[-0.82138112 -0.19970136 -0.21083176]
911.7837336063385,1001,False,0,3,[8.49327257 0.24098252 3.99983539],cruising,[-0.48080528  0.59740651 -0.20557775]
911.7837336063385,1002,False,3,6,[-4.39991751  6.91261345  4.00000616],cruising,[ 0.5677905  -0.59831228 -0.99408226]
911.7837336063385,1003,False,6,2,[-4.44727114  0.77926333  4.        ],exiting,[ 0.63925976  0.24903542 -0.34837281]
911.7837336063385,1004,False,4,1,[5.26407553 2.21008104 3.79731608],landing,[-0.62185191  0.08809385  0.93462812]
911.7837336063385,1005,False,5,0,[-3.99137094  7.06885566  3.93843004],cruising,[ 0.50568378 -0.03156594 -0.11489306]
911.8941507339478,1000,False,4,5,[ 8.12265087 -7.48544154  1.27796646],waiting,[-0.82138112 -0.19970136 -0.21083176]
911.8941507339478,1001,False,0,3,[8.49091803 0.04099638 3.99986008],cruising,[-0.48080528  0.59740651 -0.20557775]
911.8941507339478,1002,False,3,6,[-4.20536125  6.95895848  4.00000524],cruising,[ 0.5677905  -0.59831228 -0.99408226]
911.8941507339478,1003,False,6,2,[-4.52403962  0.74127404  4.        ],exiting,[ 0.63925976  0.24903542 -0.34837281]
911.8941507339478,1004,False,4,1,[5.25071035 2.19316723 3.71786753],landing,[-0.62185191  0.08809385  0.93462812]
911.8941507339478,1005,False,5,0,[-3.79463722  7.10485346  3.94766554],cruising,[ 0.50568378 -0.03156594 -0.11489306]
911.979425907135,1000,False,4,5,[ 8.12265087 -7.48544154  1.27796646],waiting,[-0.82138112 -0.19970136 -0.21083176]
911.979425907135,1001,False,0,3,[ 8.48676301 -0.15896046  3.99988107],cruising,[-0.48080528  0.59740651 -0.20557775]
911.979425907135,1002,False,3,6,[-4.01098382  7.0060479   4.00000445],cruising,[ 0.5677905  -0.59831228 -0.99408226]
911.979425907135,1003,False,6,2,[-4.59856045  0.68341144  4.        ],exiting,[ 0.63925976  0.24903542 -0.34837281]
911.979425907135,1004,False,4,1,[5.2525026  2.17220006 3.62601645],landing,[-0.62185191  0.08809385  0.93462812]
911.979425907135,1005,False,5,0,[-3.59757426  7.13900298  3.95551571],cruising,[ 0.50568378 -0.03156594 -0.11489306]
912.0946469306946,1000,False,4,5,[ 8.12265087 -7.48544154  1.27796646],waiting,[-0.82138112 -0.19970136 -0.21083176]
912.0946469306946,1001,False,0,3,[ 8.47866139 -0.3587963   3.99989891],cruising,[-0.48080528  0.59740651 -0.20557775]
912.0946469306946,1002,False,3,6,[-3.81651228  7.05274716  4.00000378],cruising,[ 0.5677905  -0.59831228 -0.99408226]
912.0946469306946,1003,False,6,2,[-4.67177724  0.61529901  4.        ],exiting,[ 0.63925976  0.24903542 -0.34837281]
912.0946469306946,1004,False,4,1,[5.26085305 2.14952032 3.52898089],landing,[-0.62185191  0.08809385  0.93462812]
912.0946469306946,1005,False,5,0,[-3.40047993  7.17297096  3.96218835],cruising,[ 0.50568378 -0.03156594 -0.11489306]
912.1852684020996,1000,False,4,5,[ 8.12265087 -7.48544154  1.27796646],waiting,[-0.82138112 -0.19970136 -0.21083176]
912.1852684020996,1001,False,0,3,[ 8.46886302 -0.55855614  3.99991407],cruising,[-0.48080528  0.59740651 -0.20557775]
912.1852684020996,1002,False,3,6,[-3.62171969  7.09808861  4.00000322],cruising,[ 0.5677905  -0.59831228 -0.99408226]
912.1852684020996,1003,False,6,2,[-4.74499402  0.54718658  4.        ],exiting,[ 0.63925976  0.24903542 -0.34837281]
912.1852684020996,1004,False,4,1,[5.26920351 2.12684058 3.43194534],landing,[-0.62185191  0.08809385  0.93462812]
912.1852684020996,1005,False,5,0,[-3.20315577  7.20557734  3.9678601 ],cruising,[ 0.50568378 -0.03156594 -0.11489306]
912.283563375473,1000,False,4,5,[ 8.12265087 -7.48544154  1.27796646],waiting,[-0.82138112 -0.19970136 -0.21083176]
912.283563375473,1001,False,0,3,[ 8.45720079 -0.75821583  3.99992696],cruising,[-0.48080528  0.59740651 -0.20557775]
912.283563375473,1002,False,3,6,[-3.42590678  7.1387986   4.00000273],cruising,[ 0.5677905  -0.59831228 -0.99408226]
912.283563375473,1003,False,6,2,[-4.8182108   0.47907415  4.        ],exiting,[ 0.63925976  0.24903542 -0.34837281]
912.283563375473,1004,False,4,1,[5.27755396 2.10416084 3.33490978],landing,[-0.62185191  0.08809385  0.93462812]
912.283563375473,1005,False,5,0,[-3.0050567   7.23308664  3.97268108],cruising,[ 0.50568378 -0.03156594 -0.11489306]
912.3944890499115,1000,False,4,5,[ 8.12265087 -7.48544154  1.27796646],waiting,[-0.82138112 -0.19970136 -0.21083176]
912.3944890499115,1001,False,0,3,[ 8.44353056 -0.95774809  3.99993792],cruising,[-0.48080528  0.59740651 -0.20557775]
912.3944890499115,1002,False,3,6,[-3.22957756  7.17694093  4.00000232],cruising,[ 0.5677905  -0.59831228 -0.99408226]
912.3944890499115,1003,False,6,2,[-4.89142758  0.41096172  4.        ],exiting,[ 0.63925976  0.24903542 -0.34837281]
912.3944890499115,1004,False,4,1,[5.28590442 2.0814811  3.23787422],landing,[-0.62185191  0.08809385  0.93462812]
912.3944890499115,1005,False,5,0,[-2.80655274  7.25750336  3.97677892],cruising,[ 0.50568378 -0.03156594 -0.11489306]
912.4886612892151,1000,False,4,5,[ 8.12265087 -7.48544154  1.27796646],waiting,[-0.82138112 -0.19970136 -0.21083176]
912.4886612892151,1001,False,0,3,[ 8.42557351 -1.15694032  3.99994723],cruising,[-0.48080528  0.59740651 -0.20557775]
912.4886612892151,1002,False,3,6,[-3.0326208   7.2116977   4.00000198],cruising,[ 0.5677905  -0.59831228 -0.99408226]
912.4886612892151,1003,False,6,2,[-4.96464436  0.34284929  4.        ],exiting,[ 0.63925976  0.24903542 -0.34837281]
912.4886612892151,1004,False,4,1,[5.29425487 2.05880136 3.14083867],landing,[-0.62185191  0.08809385  0.93462812]
912.4886612892151,1005,False,5,0,[-2.60728683  7.27462343  3.98026208],cruising,[ 0.50568378 -0.03156594 -0.11489306]
912.5938906669617,1000,False,4,5,[ 8.12265087 -7.48544154  1.27796646],waiting,[-0.82138112 -0.19970136 -0.21083176]
912.5938906669617,1001,False,0,3,[ 8.40566909 -1.35594739  3.99995515],cruising,[-0.48080528  0.59740651 -0.20557775]
912.5938906669617,1002,False,3,6,[-2.83455659  7.23945682  4.00000168],cruising,[ 0.5677905  -0.59831228 -0.99408226]
912.5938906669617,1003,False,6,2,[-5.03786114  0.27473686  4.        ],exiting,[ 0.63925976  0.24903542 -0.34837281]
912.5938906669617,1004,False,4,1,[5.30260533 2.03612162 3.04380311],landing,[-0.62185191  0.08809385  0.93462812]
912.5938906669617,1005,False,5,0,[-2.40764959  7.28666386  3.98322277],cruising,[ 0.50568378 -0.03156594 -0.11489306]
912.6895716190338,1000,False,4,5,[ 8.12265087 -7.48544154  1.27796646],waiting,[-0.82138112 -0.19970136 -0.21083176]
912.6895716190338,1001,False,0,3,[ 8.38362084 -1.55472836  3.99996187],cruising,[-0.48080528  0.59740651 -0.20557775]
912.6895716190338,1002,False,3,6,[-2.63589112  7.26252268  4.00000143],cruising,[ 0.5677905  -0.59831228 -0.99408226]
912.6895716190338,1003,False,6,2,[-5.11107792  0.20662443  4.        ],exiting,[ 0.63925976  0.24903542 -0.34837281]
912.6895716190338,1004,False,4,1,[5.31095579 2.01344188 2.94676755],landing,[-0.62185191  0.08809385  0.93462812]
912.6895716190338,1005,False,5,0,[-2.20765584  7.28824468  3.98573935],cruising,[ 0.50568378 -0.03156594 -0.11489306]
912.7862749099731,1000,False,4,5,[ 8.12265087 -7.48544154  1.27796646],queued,[-0.82138112 -0.19970136 -0.21083176]
912.7862749099731,1001,False,0,3,[ 8.35691377 -1.75293717  3.99996759],cruising,[-0.48080528  0.59740651 -0.20557775]
912.7862749099731,1002,False,3,6,[-2.43637758  7.27646345  4.00000121],cruising,[ 0.5677905  -0.59831228 -0.99408226]
912.7862749099731,1003,False,6,2,[-5.1842947  0.138512   4.       ],exiting,[ 0.63925976  0.24903542 -0.34837281]
912.7862749099731,1004,False,4,1,[5.31930624 1.99076214 2.849732  ],landing,[-0.62185191  0.08809385  0.93462812]
912.7862749099731,1005,False,5,0,[-2.00829058  7.27232321  3.98787845],cruising,[ 0.50568378 -0.03156594 -0.11489306]
912.8796591758728,1000,False,4,5,[ 8.12265087 -7.48544154  1.29796646],queued,[-0.82138112 -0.19970136 -0.21083176]
912.8796591758728,1001,False,0,3,[ 8.32799258 -1.95083504  3.99997245],cruising,[-0.48080528  0.59740651 -0.20557775]
912.8796591758728,1002,False,3,6,[-2.23640689  7.27988727  4.00000103],cruising,[ 0.5677905  -0.59831228 -0.99408226]
912.8796591758728,1003,False,6,2,[-5.25751148  0.07039957  4.        ],exiting,[ 0.63925976  0.24903542 -0.34837281]
912.8796591758728,1004,False,4,1,[5.3276567  1.9680824  2.75269644],landing,[-0.62185191  0.08809385  0.93462812]
912.8796591758728,1005,False,5,0,[-1.811354    7.23745223  3.98969668],cruising,[ 0.50568378 -0.03156594 -0.11489306]
912.9818668365479,1000,False,4,5,[ 8.12265087 -7.48544154  1.33796646],queued,[-0.82138112 -0.19970136 -0.21083176]
912.9818668365479,1001,False,0,3,[ 8.2965967  -2.14835541  3.99997659],cruising,[-0.48080528  0.59740651 -0.20557775]
912.9818668365479,1002,False,3,6,[-2.03689363  7.2659423   4.00000088],cruising,[ 0.5677905  -0.59831228 -0.99408226]
912.9818668365479,1003,False,6,2,[-5.33072826e+00  2.28714297e-03  4.00000000e+00],exiting,[ 0.63925976  0.24903542 -0.34837281]
912.9818668365479,1004,False,4,1,[5.33600715 1.94540265 2.65566088],landing,[-0.62185191  0.08809385  0.93462812]
912.9818668365479,1005,False,5,0,[-1.61806352  7.18608309  3.99124218],cruising,[ 0.50568378 -0.03156594 -0.11489306]
913.081475019455,1000,False,4,5,[ 8.12265087 -7.48544154  1.39796646],queued,[-0.82138112 -0.19970136 -0.21083176]
913.081475019455,1001,False,0,3,[ 8.25974091 -2.34493021  3.9999801 ],cruising,[-0.48080528  0.59740651 -0.20557775]
913.081475019455,1002,False,3,6,[-1.83959906  7.23315736  4.00000075],cruising,[ 0.5677905  -0.59831228 -0.99408226]
913.081475019455,1003,False,6,2,[-5.40394504 -0.06582529  4.        ],exiting,[ 0.63925976  0.24903542 -0.34837281]
913.081475019455,1004,False,4,1,[5.34435761 1.92272291 2.55862533],landing,[-0.62185191  0.08809385  0.93462812]
913.081475019455,1005,False,5,0,[-1.42901618  7.12080595  3.99255585],cruising,[ 0.50568378 -0.03156594 -0.11489306]
913.192131280899,1000,False,4,5,[ 8.12265087 -7.48544154  1.47296646],queued,[-0.82138112 -0.19970136 -0.21083176]
913.192131280899,1001,False,0,3,[ 8.22018536 -2.54097959  3.99998308],cruising,[-0.48080528  0.59740651 -0.20557775]
913.192131280899,1002,False,3,6,[-1.64576671  7.18387228  4.00000063],cruising,[ 0.5677905  -0.59831228 -0.99408226]
913.192131280899,1003,False,6,2,[-5.47716182 -0.13393772  4.        ],exiting,[ 0.63925976  0.24903542 -0.34837281]
913.192131280899,1004,False,4,1,[5.35270807 1.90004317 2.46158977],landing,[-0.62185191  0.08809385  0.93462812]
913.192131280899,1005,False,5,0,[-1.24429702  7.04413242  3.99367248],cruising,[ 0.50568378 -0.03156594 -0.11489306]
913.2795112133026,1000,False,4,5,[ 8.12265087 -7.48544154  1.54796646],queued,[-0.82138112 -0.19970136 -0.21083176]
913.2795112133026,1001,False,0,3,[ 8.17447652 -2.7356863   3.99998562],cruising,[-0.48080528  0.59740651 -0.20557775]
913.2795112133026,1002,False,3,6,[-1.45460328  7.1250799   4.00000054],cruising,[ 0.5677905  -0.59831228 -0.99408226]
913.2795112133026,1003,False,6,2,[-5.5503786  -0.20205014  4.        ],exiting,[ 0.63925976  0.24903542 -0.34837281]
913.2795112133026,1004,False,4,1,[5.36105852 1.87736343 2.36455421],landing,[-0.62185191  0.08809385  0.93462812]
913.2795112133026,1005,False,5,0,[-1.06221014  6.96140171  3.9946216 ],cruising,[ 0.50568378 -0.03156594 -0.11489306]
913.3912434577942,1000,False,4,5,[ 8.12265087 -7.48544154  1.62296646],queued,[-0.82138112 -0.19970136 -0.21083176]
913.3912434577942,1001,False,0,3,[ 8.12560432 -2.92962316  3.99998778],cruising,[-0.48080528  0.59740651 -0.20557775]
913.3912434577942,1002,False,3,6,[-1.26802564  7.05304669  4.00000046],cruising,[ 0.5677905  -0.59831228 -0.99408226]
913.3912434577942,1003,False,6,2,[-5.62359538 -0.27016257  4.        ],exiting,[ 0.63925976  0.24903542 -0.34837281]
913.3912434577942,1004,False,4,1,[5.36940898 1.85468369 2.26751866],landing,[-0.62185191  0.08809385  0.93462812]
913.3912434577942,1005,False,5,0,[-0.88415945  6.87030863  3.99542836],cruising,[ 0.50568378 -0.03156594 -0.11489306]
913.4852564334869,1000,False,4,5,[ 8.12265087 -7.48544154  1.69796646],queued,[-0.82138112 -0.19970136 -0.21083176]
913.4852564334869,1001,False,0,3,[ 8.06938679 -3.12155958  3.99998961],cruising,[-0.48080528  0.59740651 -0.20557775]
913.4852564334869,1002,False,3,6,[-1.08586658  6.97047504  4.00000039],cruising,[ 0.5677905  -0.59831228 -0.99408226]
913.4852564334869,1003,False,6,2,[-5.69681217 -0.338275    4.        ],exiting,[ 0.63925976  0.24903542 -0.34837281]
913.4852564334869,1004,False,4,1,[5.37775943 1.83200395 2.1704831 ],landing,[-0.62185191  0.08809385  0.93462812]
913.4852564334869,1005,False,5,0,[-0.70945082  6.77295928  3.99611411],cruising,[ 0.50568378 -0.03156594 -0.11489306]
913.5810196399689,1000,False,4,5,[ 8.12265087 -7.48544154  1.77296646],queued,[-0.82138112 -0.19970136 -0.21083176]
913.5810196399689,1001,False,0,3,[ 8.00926196 -3.31230812  3.99999117],cruising,[-0.48080528  0.59740651 -0.20557775]
913.5810196399689,1002,False,3,6,[-0.90763868  6.87972916  4.00000033],cruising,[ 0.5677905  -0.59831228 -0.99408226]
913.5810196399689,1003,False,6,2,[-5.77002895 -0.40638743  4.        ],exiting,[ 0.63925976  0.24903542 -0.34837281]
913.5810196399689,1004,False,4,1,[5.38610989 1.80932421 2.07344754],landing,[-0.62185191  0.08809385  0.93462812]
913.5810196399689,1005,False,5,0,[-0.53641081  6.67267391  3.99669699],cruising,[ 0.50568378 -0.03156594 -0.11489306]
913.687029838562,1000,False,4,5,[ 8.12265087 -7.48544154  1.84796646],queued,[-0.82138112 -0.19970136 -0.21083176]
913.687029838562,1001,False,0,3,[ 7.93990455 -3.4998969   3.99999249],cruising,[-0.48080528  0.59740651 -0.20557775]
913.687029838562,1002,False,3,6,[-0.731552    6.78489519  4.00000028],cruising,[ 0.5677905  -0.59831228 -0.99408226]
913.687029838562,1003,False,6,2,[-5.84324573 -0.47449986  4.        ],exiting,[ 0.63925976  0.24903542 -0.34837281]
913.687029838562,1004,False,4,1,[5.39446035 1.78664447 1.97641199],landing,[-0.62185191  0.08809385  0.93462812]
913.687029838562,1005,False,5,0,[-0.36564794  6.56855839  3.99719244],cruising,[ 0.50568378 -0.03156594 -0.11489306]
913.7888734340668,1000,False,4,5,[ 8.12265087 -7.48544154  1.92296646],queued,[-0.82138112 -0.19970136 -0.21083176]
913.7888734340668,1001,False,0,3,[ 7.86025051 -3.68335053  3.99999362],cruising,[-0.48080528  0.59740651 -0.20557775]
913.7888734340668,1002,False,3,6,[-0.5585025   6.6846262   4.00000024],cruising,[ 0.5677905  -0.59831228 -0.99408226]
913.7888734340668,1003,False,6,2,[-5.91646251 -0.54261229  4.        ],exiting,[ 0.63925976  0.24903542 -0.34837281]
913.7888734340668,1004,False,4,1,[5.4028108  1.76396473 1.87937643],landing,[-0.62185191  0.08809385  0.93462812]
913.7888734340668,1005,False,5,0,[-0.19634356  6.46208761  3.99761358],cruising,[ 0.50568378 -0.03156594 -0.11489306]
913.8924655914307,1000,False,4,5,[ 8.12265087 -7.48544154  1.99796646],queued,[-0.82138112 -0.19970136 -0.21083176]
913.8924655914307,1001,False,0,3,[ 7.77482919 -3.86419078  3.99999458],cruising,[-0.48080528  0.59740651 -0.20557775]
913.8924655914307,1002,False,3,6,[-0.38766426  6.58063439  4.0000002 ],cruising,[ 0.5677905  -0.59831228 -0.99408226]
913.8924655914307,1003,False,6,2,[-5.98967929 -0.61072472  4.        ],exiting,[ 0.63925976  0.24903542 -0.34837281]
913.8924655914307,1004,False,4,1,[5.41116126 1.74128499 1.78234087],landing,[-0.62185191  0.08809385  0.93462812]
913.8924655914307,1005,False,5,0,[-0.02747062  6.35493385  3.99797154],cruising,[ 0.50568378 -0.03156594 -0.11489306]
913.9836492538452,1000,False,4,5,[ 8.12265087 -7.48544154  2.07296646],queued,[-0.82138112 -0.19970136 -0.21083176]
913.9836492538452,1001,False,0,3,[ 7.67527404 -4.03765194  3.99999539],cruising,[-0.48080528  0.59740651 -0.20557775]
913.9836492538452,1002,False,3,6,[-0.2177357   6.47516267  4.00000017],cruising,[ 0.5677905  -0.59831228 -0.99408226]
913.9836492538452,1003,False,6,2,[-6.06289607 -0.67883715  4.        ],exiting,[ 0.63925976  0.24903542 -0.34837281]
913.9836492538452,1004,False,4,1,[5.41951171 1.71860525 1.68530532],landing,[-0.62185191  0.08809385  0.93462812]
913.9836492538452,1005,False,5,0,[0.14106734 6.24725396 3.99827581],cruising,[ 0.50568378 -0.03156594 -0.11489306]
914.0806179046631,1000,False,4,5,[ 8.12265087 -7.48544154  2.14796646],queued,[-0.82138112 -0.19970136 -0.21083176]
914.0806179046631,1001,False,0,3,[ 7.55916708 -4.19988644  3.99999612],cruising,[-0.48080528  0.59740651 -0.20557775]
914.0806179046631,1002,False,3,6,[-0.04886352  6.36800771  4.00000015],cruising,[ 0.5677905  -0.59831228 -0.99408226]
914.0806179046631,1003,False,6,2,[-6.13611285 -0.74694958  4.        ],exiting,[ 0.63925976  0.24903542 -0.34837281]
914.0806179046631,1004,False,4,1,[5.42786217 1.69592551 1.58826976],landing,[-0.62185191  0.08809385  0.93462812]
914.0806179046631,1005,False,5,0,[0.3098578  6.13997032 3.99853444],cruising,[ 0.50568378 -0.03156594 -0.11489306]
914.1879737377167,1000,False,4,5,[ 8.12265087 -7.48544154  2.22296646],queued,[-0.82138112 -0.19970136 -0.21083176]
914.1879737377167,1001,False,0,3,[ 7.42778099 -4.34921558  3.99999677],cruising,[-0.48080528  0.59740651 -0.20557775]
914.1879737377167,1002,False,3,6,[0.11982824 6.26056893 4.00000012],cruising,[ 0.5677905  -0.59831228 -0.99408226]
914.1879737377167,1003,False,6,2,[-6.20932963 -0.81506201  4.        ],exiting,[ 0.63925976  0.24903542 -0.34837281]
914.1879737377167,1004,False,4,1,[5.43621262 1.67324577 1.4912342 ],fake_landed,[-0.62185191  0.08809385  0.93462812]
914.1879737377167,1005,False,5,0,[0.47915605 6.0334898  3.99875427],exiting,[ 0.50568378 -0.03156594 -0.11489306]
914.2796449661255,1000,False,4,5,[ 8.12265087 -7.48544154  2.29796646],queued,[-0.82138112 -0.19970136 -0.21083176]
914.2796449661255,1001,False,0,3,[ 7.28298552 -4.48370597  3.99999736],cruising,[-0.48080528  0.59740651 -0.20557775]
914.2796449661255,1002,False,3,6,[0.28860452 6.15326298 4.00000011],cruising,[ 0.5677905  -0.59831228 -0.99408226]
914.2796449661255,1003,False,6,2,[-6.28254641 -0.88317444  4.        ],exiting,[ 0.63925976  0.24903542 -0.34837281]
914.2796449661255,1004,False,4,1,[5.44289299 1.65510197 1.41360576],fake_landed,[-0.62185191  0.08809385  0.93462812]
914.2796449661255,1005,False,5,0,[0.63815355 5.94415262 3.99897451],exiting,[ 0.50568378 -0.03156594 -0.11489306]
914.3922698497772,1000,False,4,5,[ 8.12265087 -7.48544154  2.37296646],queued,[-0.82138112 -0.19970136 -0.21083176]
914.3922698497772,1001,False,0,3,[ 7.12716131 -4.60151204  3.99999791],cruising,[-0.48080528  0.59740651 -0.20557775]
914.3922698497772,1002,False,3,6,[0.45788559 6.04675515 4.00000009],cruising,[ 0.5677905  -0.59831228 -0.99408226]
914.3922698497772,1003,False,6,2,[-6.35576319 -0.95128687  4.        ],exiting,[ 0.63925976  0.24903542 -0.34837281]
914.3922698497772,1004,False,4,1,[5.44790326 1.64149413 1.35538442],fake_landed,[-0.62185191  0.08809385  0.93462812]
914.3922698497772,1005,False,5,0,[0.78669417 5.87186402 3.99919226],exiting,[ 0.50568378 -0.03156594 -0.11489306]
914.49351811409,1000,False,4,5,[ 8.12265087 -7.48544154  2.44796646],entering,[-0.82138112 -0.19970136 -0.21083176]
914.49351811409,1001,False,0,3,[ 6.96246482 -4.70139374  3.9999984 ],cruising,[-0.48080528  0.59740651 -0.20557775]
914.49351811409,1002,False,3,6,[0.62793451 5.94147759 4.00000008],cruising,[ 0.5677905  -0.59831228 -0.99408226]
914.49351811409,1003,False,6,2,[-6.42897997 -1.0193993   4.        ],exiting,[ 0.63925976  0.24903542 -0.34837281]
914.49351811409,1004,False,4,1,[5.45124344 1.63242223 1.3165702 ],fake_landed,[-0.62185191  0.08809385  0.93462812]
914.49351811409,1005,False,5,0,[0.92460323 5.8165156  3.99940427],exiting,[ 0.50568378 -0.03156594 -0.11489306]
914.5850782394409,1000,False,4,5,[ 8.11116218 -7.46907053  2.52296646],entering,[-0.82138112 -0.19970136 -0.21083176]
914.5850782394409,1001,False,0,3,[ 6.79106306 -4.78243296  3.99999886],cruising,[-0.48080528  0.59740651 -0.20557775]
914.5850782394409,1002,False,3,6,[0.79951888 5.83872155 4.00000007],cruising,[ 0.5677905  -0.59831228 -0.99408226]
914.5850782394409,1003,False,6,2,[-6.50219675 -1.08751173  4.        ],exiting,[ 0.63925976  0.24903542 -0.34837281]
914.5850782394409,1004,False,4,1,[5.45291354 1.62788629 1.29716309],fake_landed,[-0.62185191  0.08809385  0.93462812]
914.5850782394409,1005,False,5,0,[1.05168336 5.77798188 3.99960687],exiting,[ 0.50568378 -0.03156594 -0.11489306]
914.6863284111023,1000,False,4,5,[ 8.08818481 -7.43632851  2.59796646],entering,[-0.82138112 -0.19970136 -0.21083176]
914.6863284111023,1001,False,0,3,[ 6.61514408 -4.84398898  3.99999927],cruising,[-0.48080528  0.59740651 -0.20557775]
914.6863284111023,1002,False,3,6,[0.97245003 5.73824858 4.00000006],cruising,[ 0.5677905  -0.59831228 -0.99408226]
914.6863284111023,1003,False,6,2,[-6.57541353 -1.15562415  4.        ],exiting,[ 0.63925976  0.24903542 -0.34837281]
914.6863284111023,1004,False,4,1,[5.45291354 1.62788629 1.29716309],fake_landed,[-0.62185191  0.08809385  0.93462812]
914.6863284111023,1005,False,5,0,[1.16770597 5.75611343 3.99979575],exiting,[ 0.50568378 -0.03156594 -0.11489306]
914.7888345718384,1000,False,4,5,[ 8.05371875 -7.38721547  2.67296646],entering,[-0.82138112 -0.19970136 -0.21083176]
914.7888345718384,1001,False,0,3,[ 6.43673701 -4.88570038  3.99999963],cruising,[-0.48080528  0.59740651 -0.20557775]
914.7888345718384,1002,False,3,6,[1.1477485  5.64196541 4.00000005],cruising,[ 0.5677905  -0.59831228 -0.99408226]
914.7888345718384,1003,False,6,2,[-6.64863031 -1.22373658  4.        ],exiting,[ 0.63925976  0.24903542 -0.34837281]
914.7888345718384,1004,False,1,4,[5.45291354 1.62788629 1.29716309],waiting,[-0.62185191  0.08809385  0.93462812]
914.7888345718384,1005,False,5,0,[1.27239135 5.75072123 3.99996557],exiting,[ 0.50568378 -0.03156594 -0.11489306]
914.8866260051727,1000,False,4,5,[ 8.007764   -7.32173142  2.74796646],entering,[-0.82138112 -0.19970136 -0.21083176]
914.8866260051727,1001,False,0,3,[ 6.25758307 -4.90742572  3.99999994],cruising,[-0.48080528  0.59740651 -0.20557775]
914.8866260051727,1002,False,3,6,[1.32484433 5.54902959 4.00000004],cruising,[ 0.5677905  -0.59831228 -0.99408226]
914.8866260051727,1003,False,6,2,[-6.7218471  -1.29184901  4.        ],exiting,[ 0.63925976  0.24903542 -0.34837281]
914.8866260051727,1004,False,1,4,[5.45291354 1.62788629 1.29716309],waiting,[-0.62185191  0.08809385  0.93462812]
914.8866260051727,1005,False,5,0,[1.36535173 5.76153161 4.00010889],exiting,[ 0.50568378 -0.03156594 -0.11489306]
914.989874124527,1000,False,4,5,[ 7.95032056 -7.23987635  2.82296646],entering,[-0.82138112 -0.19970136 -0.21083176]
914.989874124527,1001,False,0,3,[ 6.07871528 -4.90915311  4.0000002 ],cruising,[-0.48080528  0.59740651 -0.20557775]
914.989874124527,1002,False,3,6,[1.50395306 5.46003487 4.00000003],cruising,[ 0.5677905  -0.59831228 -0.99408226]
914.989874124527,1003,False,6,2,[-6.79506388 -1.35996144  4.        ],exiting,[ 0.63925976  0.24903542 -0.34837281]
914.989874124527,1004,False,1,4,[5.45291354 1.62788629 1.29716309],waiting,[-0.62185191  0.08809385  0.93462812]
914.989874124527,1005,False,5,0,[1.44634918 5.7883697  4.00022134],exiting,[ 0.50568378 -0.03156594 -0.11489306]
915.0921006202698,1000,False,4,5,[ 7.88138843 -7.14165028  2.89796646],entering,[-0.82138112 -0.19970136 -0.21083176]
915.0921006202698,1001,False,0,3,[ 5.90139637 -4.89094057  4.0000004 ],cruising,[-0.48080528  0.59740651 -0.20557775]
915.0921006202698,1002,False,3,6,[1.68629501 5.37786788 4.00000003],cruising,[ 0.5677905  -0.59831228 -0.99408226]
915.0921006202698,1003,False,6,2,[-6.86828066 -1.42807387  4.        ],exiting,[ 0.63925976  0.24903542 -0.34837281]
915.0921006202698,1004,False,1,4,[5.45291354 1.62788629 1.29716309],waiting,[-0.62185191  0.08809385  0.93462812]
915.0921006202698,1005,False,5,0,[1.51514363 5.83105347 4.00029885],exiting,[ 0.50568378 -0.03156594 -0.11489306]
915.1897909641266,1000,False,4,5,[ 7.80106008 -7.02698869  2.97296646],entering,[-0.82138112 -0.19970136 -0.21083176]
915.1897909641266,1001,False,0,3,[ 5.726656   -4.85289494  4.00000055],cruising,[-0.48080528  0.59740651 -0.20557775]
915.1897909641266,1002,False,3,6,[1.8708319  5.30075668 4.00000002],cruising,[ 0.5677905  -0.59831228 -0.99408226]
915.1897909641266,1003,False,6,2,[-6.94149744 -1.4961863   4.        ],landing,[ 0.63925976  0.24903542 -0.34837281]
915.1897909641266,1004,False,1,4,[5.45291354 1.62788629 1.29716309],waiting,[-0.62185191  0.08809385  0.93462812]
915.1897909641266,1005,False,5,0,[1.57149296 5.88939347 4.000338  ],exiting,[ 0.50568378 -0.03156594 -0.11489306]
915.2909686565399,1000,False,4,5,[ 7.7085343  -6.89647709  3.04796646],entering,[-0.82138112 -0.19970136 -0.21083176]
915.2909686565399,1001,False,0,3,[ 5.55482539 -4.79506211  4.00000064],cruising,[-0.48080528  0.59740651 -0.20557775]
915.2909686565399,1002,False,3,6,[2.0576707  5.2294036  4.00000002],cruising,[ 0.5677905  -0.59831228 -0.99408226]
915.2909686565399,1003,False,6,2,[-7.00664198 -1.55243505  3.98606831],landing,[ 0.63925976  0.24903542 -0.34837281]
915.2909686565399,1004,False,1,4,[5.45291354 1.62788629 1.29716309],waiting,[-0.62185191  0.08809385  0.93462812]
915.2909686565399,1005,False,5,0,[1.61515295 5.96319241 4.00033663],exiting,[ 0.50568378 -0.03156594 -0.11489306]
915.3882629871368,1000,False,4,5,[ 7.60309783 -6.75069087  3.12296646],entering,[-0.82138112 -0.19970136 -0.21083176]
915.3882629871368,1001,False,0,3,[ 5.38636997 -4.71751614  4.00000067],cruising,[-0.48080528  0.59740651 -0.20557775]
915.3882629871368,1002,False,3,6,[2.24826789 5.1688007  4.00000002],cruising,[ 0.5677905  -0.59831228 -0.99408226]
915.3882629871368,1003,False,6,2,[-7.06356382 -1.5967316   3.95836955],landing,[ 0.63925976  0.24903542 -0.34837281]
915.3882629871368,1004,False,1,4,[5.45291354 1.62788629 1.29716309],waiting,[-0.62185191  0.08809385  0.93462812]
915.3882629871368,1005,False,5,0,[1.64587711 6.05224464 4.00029557],exiting,[ 0.50568378 -0.03156594 -0.11489306]
915.4875936508179,1000,False,4,5,[ 7.48466869 -6.58969971  3.19796646],entering,[-0.82138112 -0.19970136 -0.21083176]
915.4875936508179,1001,False,0,3,[ 5.22046257 -4.62013315  4.00000063],cruising,[-0.48080528  0.59740651 -0.20557775]
915.4875936508179,1002,False,3,6,[2.44181127 5.11839275 4.00000002],cruising,[ 0.5677905  -0.59831228 -0.99408226]
915.4875936508179,1003,False,6,2,[-7.11208606 -1.62897321  3.91710152],landing,[ 0.63925976  0.24903542 -0.34837281]
915.4875936508179,1004,False,1,4,[5.45291354 1.62788629 1.29716309],waiting,[-0.62185191  0.08809385  0.93462812]
915.4875936508179,1005,False,5,0,[1.6694804  6.14941914 4.00024079],exiting,[ 0.50568378 -0.03156594 -0.11489306]
915.5910336971283,1000,False,4,5,[ 7.36581019 -6.42884991  3.27296646],entering,[-0.82138112 -0.19970136 -0.21083176]
915.5910336971283,1001,False,0,3,[ 5.05290533 -4.51093345  4.00000053],cruising,[-0.48080528  0.59740651 -0.20557775]
915.5910336971283,1002,False,3,6,[2.63742714 5.07674624 4.00000001],cruising,[ 0.5677905  -0.59831228 -0.99408226]
915.5910336971283,1003,False,6,2,[-7.1519687  -1.64902284  3.86254015],landing,[ 0.63925976  0.24903542 -0.34837281]
915.5910336971283,1004,False,1,4,[5.45291354 1.62788629 1.29716309],waiting,[-0.62185191  0.08809385  0.93462812]
915.5910336971283,1005,False,5,0,[1.6930837  6.24659364 4.00019586],exiting,[ 0.50568378 -0.03156594 -0.11489306]
915.6924424171448,1000,False,4,5,[ 7.24326707 -6.27078921  3.34796646],entering,[-0.82138112 -0.19970136 -0.21083176]
915.6924424171448,1001,False,0,3,[ 4.88168892 -4.40756547  4.00000045],cruising,[-0.48080528  0.59740651 -0.20557775]
915.6924424171448,1002,False,3,6,[2.83446847 5.04247213 4.00000001],cruising,[ 0.5677905  -0.59831228 -0.99408226]
915.6924424171448,1003,False,6,2,[-7.18300208 -1.65676309  3.79493386],landing,[ 0.63925976  0.24903542 -0.34837281]
915.6924424171448,1004,False,1,4,[5.45291354 1.62788629 1.29716309],waiting,[-0.62185191  0.08809385  0.93462812]
915.6924424171448,1005,False,5,0,[1.716687   6.34376815 4.00015904],exiting,[ 0.50568378 -0.03156594 -0.11489306]
915.7850975990295,1000,False,4,5,[ 7.12179872 -6.11190108  3.42296646],entering,[-0.82138112 -0.19970136 -0.21083176]
915.7850975990295,1001,False,0,3,[ 4.70743058 -4.30941237  4.00000038],cruising,[-0.48080528  0.59740651 -0.20557775]
915.7850975990295,1002,False,3,6,[3.03247107 5.01427691 4.00000001],cruising,[ 0.5677905  -0.59831228 -0.99408226]
915.7850975990295,1003,False,6,2,[-7.20499683 -1.65208985  3.71451319],landing,[ 0.63925976  0.24903542 -0.34837281]
915.7850975990295,1004,False,1,4,[5.45291354 1.62788629 1.29716309],waiting,[-0.62185191  0.08809385  0.93462812]
915.7850975990295,1005,False,5,0,[1.7402903  6.44094265 4.0001289 ],exiting,[ 0.50568378 -0.03156594 -0.11489306]
915.8868091106415,1000,False,4,5,[ 6.99477503 -5.95741813  3.49796646],entering,[-0.82138112 -0.19970136 -0.21083176]
915.8868091106415,1001,False,0,3,[ 4.5299662  -4.21718226  4.00000033],cruising,[-0.48080528  0.59740651 -0.20557775]
915.8868091106415,1002,False,3,6,[3.23111015 4.99098494 4.00000001],cruising,[ 0.5677905  -0.59831228 -0.99408226]
915.8868091106415,1003,False,6,2,[-7.21776136 -1.6348997   3.62151754],landing,[ 0.63925976  0.24903542 -0.34837281]
915.8868091106415,1004,False,1,4,[5.45291354 1.62788629 1.29716309],waiting,[-0.62185191  0.08809385  0.93462812]
915.8868091106415,1005,False,5,0,[1.76389359 6.53811716 4.00010426],exiting,[ 0.50568378 -0.03156594 -0.11489306]
915.9888300895691,1000,False,4,5,[ 6.8667082  -5.80379883  3.57296646],entering,[-0.82138112 -0.19970136 -0.21083176]
915.9888300895691,1001,False,0,3,[ 4.35078736 -4.12832877  4.00000028],cruising,[-0.48080528  0.59740651 -0.20557775]
915.9888300895691,1002,False,3,6,[3.43016287 4.97154237 4.00000001],cruising,[ 0.5677905  -0.59831228 -0.99408226]
915.9888300895691,1003,False,6,2,[-7.22731458 -1.6134096   3.52432232],landing,[ 0.63925976  0.24903542 -0.34837281]
915.9888300895691,1004,False,1,4,[5.45291354 1.62788629 1.29716309],waiting,[-0.62185191  0.08809385  0.93462812]
915.9888300895691,1005,False,5,0,[1.78749689 6.63529166 4.00008415],exiting,[ 0.50568378 -0.03156594 -0.11489306]
916.093062877655,1000,False,4,5,[ 6.73702653 -5.65154029  3.63702149],entering,[-0.82138112 -0.19970136 -0.21083176]
916.093062877655,1001,False,0,3,[ 4.16972437 -4.04338058  4.00000024],cruising,[-0.48080528  0.59740651 -0.20557775]
916.093062877655,1002,False,3,6,[3.62947839 4.95500987 4.00000001],cruising,[ 0.5677905  -0.59831228 -0.99408226]
916.093062877655,1003,False,6,2,[-7.23686781 -1.59191949  3.4271271 ],landing,[ 0.63925976  0.24903542 -0.34837281]
916.093062877655,1004,False,1,4,[5.45291354 1.62788629 1.29716309],queued,[-0.62185191  0.08809385  0.93462812]
916.093062877655,1005,False,5,0,[1.81110019 6.73246617 4.00006776],exiting,[ 0.50568378 -0.03156594 -0.11489306]
916.189323425293,1000,False,4,5,[ 6.600246   -5.50562564  3.69146827],entering,[-0.82138112 -0.19970136 -0.21083176]
916.189323425293,1001,False,0,3,[ 3.98769371 -3.96052626  4.0000002 ],cruising,[-0.48080528  0.59740651 -0.20557775]
916.189323425293,1002,False,3,6,[3.82895496 4.94054964 4.        ],cruising,[ 0.5677905  -0.59831228 -0.99408226]
916.189323425293,1003,False,6,2,[-7.24642103 -1.57042938  3.32993188],landing,[ 0.63925976  0.24903542 -0.34837281]
916.189323425293,1004,False,1,4,[5.45291354 1.62788629 1.31716309],queued,[-0.62185191  0.08809385  0.93462812]
916.189323425293,1005,False,5,0,[1.83470349 6.82964067 4.00005441],exiting,[ 0.50568378 -0.03156594 -0.11489306]
916.2856516838074,1000,False,4,5,[ 6.45874194 -5.36428704  3.73774803],entering,[-0.82138112 -0.19970136 -0.21083176]
916.2856516838074,1001,False,0,3,[ 3.80453002 -3.88020776  4.00000017],cruising,[-0.48080528  0.59740651 -0.20557775]
916.2856516838074,1002,False,3,6,[4.02852283 4.92740953 4.        ],cruising,[ 0.5677905  -0.59831228 -0.99408226]
916.2856516838074,1003,False,6,2,[-7.25597425 -1.54893928  3.23273665],landing,[ 0.63925976  0.24903542 -0.34837281]
916.2856516838074,1004,False,1,4,[5.45291354 1.62788629 1.35716309],queued,[-0.62185191  0.08809385  0.93462812]
916.2856516838074,1005,False,5,0,[1.85830678 6.92681518 4.00004357],exiting,[ 0.50568378 -0.03156594 -0.11489306]
916.3913421630859,1000,False,4,5,[ 6.31507764 -5.22514477  3.77708583],entering,[-0.82138112 -0.19970136 -0.21083176]
916.3913421630859,1001,False,0,3,[ 3.62074931 -3.8013113   4.00000015],cruising,[-0.48080528  0.59740651 -0.20557775]
916.3913421630859,1002,False,3,6,[4.22810636 4.91450927 4.        ],cruising,[ 0.5677905  -0.59831228 -0.99408226]
916.3913421630859,1003,False,6,2,[-7.26552748 -1.52744917  3.13554143],landing,[ 0.63925976  0.24903542 -0.34837281]
916.3913421630859,1004,False,1,4,[5.45291354 1.62788629 1.41716309],queued,[-0.62185191  0.08809385  0.93462812]
916.3913421630859,1005,False,5,0,[1.88191008 7.02398968 4.00003478],exiting,[ 0.50568378 -0.03156594 -0.11489306]
916.4860234260559,1000,False,4,5,[ 6.16450257 -5.09351215  3.81052295],entering,[-0.82138112 -0.19970136 -0.21083176]
916.4860234260559,1001,False,0,3,[ 3.43623525 -3.7241455   4.00000012],cruising,[-0.48080528  0.59740651 -0.20557775]
916.4860234260559,1002,False,3,6,[4.42771636 4.90202538 4.        ],cruising,[ 0.5677905  -0.59831228 -0.99408226]
916.4860234260559,1003,False,6,2,[-7.2750807  -1.50595906  3.03834621],landing,[ 0.63925976  0.24903542 -0.34837281]
916.4860234260559,1004,False,1,4,[5.45291354 1.62788629 1.49216309],queued,[-0.62185191  0.08809385  0.93462812]
916.4860234260559,1005,False,5,0,[1.90551338 7.12116418 4.00002766],exiting,[ 0.50568378 -0.03156594 -0.11489306]
916.5927426815033,1000,False,4,5,[ 6.00689139 -4.97039141  3.83894451],entering,[-0.82138112 -0.19970136 -0.21083176]
916.5927426815033,1001,False,0,3,[ 3.2512102  -3.64821309  4.0000001 ],cruising,[-0.48080528  0.59740651 -0.20557775]
916.5927426815033,1002,False,3,6,[4.62730834 4.8892566  4.        ],cruising,[ 0.5677905  -0.59831228 -0.99408226]
916.5927426815033,1003,False,6,2,[-7.28463392 -1.48446896  2.94115099],landing,[ 0.63925976  0.24903542 -0.34837281]
916.5927426815033,1004,False,1,4,[5.45291354 1.62788629 1.56716309],queued,[-0.62185191  0.08809385  0.93462812]
916.5927426815033,1005,False,5,0,[1.92911668 7.21833869 4.00002192],exiting,[ 0.50568378 -0.03156594 -0.11489306]
916.6829087734222,1000,False,4,5,[ 5.84551398 -4.85225026  3.86310283],cruising,[-0.82138112 -0.19970136 -0.21083176]
916.6829087734222,1001,False,0,3,[ 3.06564106 -3.57362022  4.00000009],cruising,[-0.48080528  0.59740651 -0.20557775]
916.6829087734222,1002,False,3,6,[4.82683805 4.87554913 4.        ],cruising,[ 0.5677905  -0.59831228 -0.99408226]
916.6829087734222,1003,False,6,2,[-7.29418714 -1.46297885  2.84395576],landing,[ 0.63925976  0.24903542 -0.34837281]
916.6829087734222,1004,False,1,4,[5.45291354 1.62788629 1.64216309],queued,[-0.62185191  0.08809385  0.93462812]
916.6829087734222,1005,False,5,0,[1.95271997 7.31551319 4.00001729],exiting,[ 0.50568378 -0.03156594 -0.11489306]
916.793370962143,1000,False,4,5,[ 5.677732   -4.74339619  3.88363741],cruising,[-0.82138112 -0.19970136 -0.21083176]
916.793370962143,1001,False,0,3,[ 2.8795091  -3.50044309  4.00000008],cruising,[-0.48080528  0.59740651 -0.20557775]
916.793370962143,1002,False,3,6,[5.02625399 4.86027557 4.        ],cruising,[ 0.5677905  -0.59831228 -0.99408226]
916.793370962143,1003,False,6,2,[-7.30374037 -1.44148874  2.74676054],landing,[ 0.63925976  0.24903542 -0.34837281]
916.793370962143,1004,False,1,4,[5.45291354 1.62788629 1.71716309],queued,[-0.62185191  0.08809385  0.93462812]
916.793370962143,1005,False,5,0,[1.97632327 7.4126877  4.00001356],exiting,[ 0.50568378 -0.03156594 -0.11489306]
916.8804161548615,1000,False,4,5,[ 5.5066609 -4.6397879  3.9010918],cruising,[-0.82138112 -0.19970136 -0.21083176]
916.8804161548615,1001,False,0,3,[ 2.69270798 -3.42899143  4.00000006],cruising,[-0.48080528  0.59740651 -0.20557775]
916.8804161548615,1002,False,3,6,[5.2255813  4.84388582 4.        ],cruising,[ 0.5677905  -0.59831228 -0.99408226]
916.8804161548615,1003,False,6,2,[-7.31329359 -1.41999864  2.64956532],landing,[ 0.63925976  0.24903542 -0.34837281]
916.8804161548615,1004,False,1,4,[5.45291354 1.62788629 1.79216309],queued,[-0.62185191  0.08809385  0.93462812]
916.8804161548615,1005,False,5,0,[1.99992657 7.5098622  4.00001058],exiting,[ 0.50568378 -0.03156594 -0.11489306]
916.986002445221,1000,False,4,5,[ 5.33110312 -4.54397837  3.91592803],cruising,[-0.82138112 -0.19970136 -0.21083176]
916.986002445221,1001,False,0,3,[ 2.50539734 -3.35888632  4.00000005],cruising,[-0.48080528  0.59740651 -0.20557775]
916.986002445221,1002,False,3,6,[5.42466586 4.82477195 4.        ],cruising,[ 0.5677905  -0.59831228 -0.99408226]
916.986002445221,1003,False,6,2,[-7.32284681 -1.39850853  2.5523701 ],landing,[ 0.63925976  0.24903542 -0.34837281]
916.986002445221,1004,False,1,4,[5.45291354 1.62788629 1.86716309],queued,[-0.62185191  0.08809385  0.93462812]
916.986002445221,1005,False,5,0,[2.02352987 7.60703671 4.0000082 ],exiting,[ 0.50568378 -0.03156594 -0.11489306]
917.0816395282745,1000,False,4,5,[ 5.15353592 -4.45194637  3.92853882],cruising,[-0.82138112 -0.19970136 -0.21083176]
917.0816395282745,1001,False,0,3,[ 2.31720913 -3.29117225  4.00000005],cruising,[-0.48080528  0.59740651 -0.20557775]
917.0816395282745,1002,False,3,6,[5.62339491 4.80226057 4.        ],exiting,[ 0.5677905  -0.59831228 -0.99408226]
917.0816395282745,1003,False,6,2,[-7.33240004 -1.37701842  2.45517488],landing,[ 0.63925976  0.24903542 -0.34837281]
917.0816395282745,1004,False,1,4,[5.45291354 1.62788629 1.94216309],queued,[-0.62185191  0.08809385  0.93462812]
917.0816395282745,1005,False,5,0,[2.04713317 7.70421121 4.0000063 ],exiting,[ 0.50568378 -0.03156594 -0.11489306]
917.1797120571136,1000,False,4,5,[ 4.97323003 -4.36540281  3.939258  ],cruising,[-0.82138112 -0.19970136 -0.21083176]
917.1797120571136,1001,False,0,3,[ 2.12844303 -3.22508624  4.00000004],cruising,[-0.48080528  0.59740651 -0.20557775]
917.1797120571136,1002,False,3,6,[5.80600831 4.79159342 4.        ],exiting,[ 0.5677905  -0.59831228 -0.99408226]
917.1797120571136,1003,False,6,2,[-7.34195326 -1.35552832  2.35797965],landing,[ 0.63925976  0.24903542 -0.34837281]
917.1797120571136,1004,False,1,4,[5.45291354 1.62788629 2.01716309],queued,[-0.62185191  0.08809385  0.93462812]
917.1797120571136,1005,False,5,0,[2.07073646 7.80138572 4.0000048 ],exiting,[ 0.50568378 -0.03156594 -0.11489306]
917.2854504585266,1000,False,4,5,[ 4.7919191  -4.28098513  3.9483693 ],cruising,[-0.82138112 -0.19970136 -0.21083176]
917.2854504585266,1001,False,0,3,[ 1.93849222 -3.1624868   4.00000003],cruising,[-0.48080528  0.59740651 -0.20557775]
917.2854504585266,1002,False,3,6,[5.97248701 4.79274453 4.        ],exiting,[ 0.5677905  -0.59831228 -0.99408226]
917.2854504585266,1003,False,6,2,[-7.35150648 -1.33403821  2.26078443],landing,[ 0.63925976  0.24903542 -0.34837281]
917.2854504585266,1004,False,1,4,[5.45291354 1.62788629 2.09216309],queued,[-0.62185191  0.08809385  0.93462812]
917.2854504585266,1005,False,5,0,[2.09433976 7.89856022 4.00000362],exiting,[ 0.50568378 -0.03156594 -0.11489306]
917.3859221935272,1000,False,4,5,[ 4.60972689 -4.19848665  3.9561139 ],cruising,[-0.82138112 -0.19970136 -0.21083176]
917.3859221935272,1001,False,0,3,[ 1.74717854 -3.10418519  4.00000003],cruising,[-0.48080528  0.59740651 -0.20557775]
917.3859221935272,1002,False,3,6,[6.12280559 4.80567914 4.        ],exiting,[ 0.5677905  -0.59831228 -0.99408226]
917.3859221935272,1003,False,6,2,[-7.36105971 -1.3125481   2.16358921],landing,[ 0.63925976  0.24903542 -0.34837281]
917.3859221935272,1004,False,1,4,[5.45291354 1.62788629 2.16716309],queued,[-0.62185191  0.08809385  0.93462812]
917.3859221935272,1005,False,5,0,[2.11794306 7.99573473 4.00000268],exiting,[ 0.50568378 -0.03156594 -0.11489306]
917.492603302002,1000,False,4,5,[ 4.42623858 -4.11891253  3.96269682],cruising,[-0.82138112 -0.19970136 -0.21083176]
917.492603302002,1001,False,0,3,[ 1.55431046 -3.05125219  4.00000002],cruising,[-0.48080528  0.59740651 -0.20557775]
917.492603302002,1002,False,3,6,[6.25693005 4.83035046 4.        ],exiting,[ 0.5677905  -0.59831228 -0.99408226]
917.492603302002,1003,False,6,2,[-7.37061293 -1.291058    2.06639399],landing,[ 0.63925976  0.24903542 -0.34837281]
917.492603302002,1004,False,1,4,[5.45291354 1.62788629 2.24216309],queued,[-0.62185191  0.08809385  0.93462812]
917.492603302002,1005,False,5,0,[2.14154636 8.09290923 4.00000196],exiting,[ 0.50568378 -0.03156594 -0.11489306]
917.5823576450348,1000,False,4,5,[ 4.24234509 -4.04027931  3.9682923 ],cruising,[-0.82138112 -0.19970136 -0.21083176]
917.5823576450348,1001,False,0,3,[ 1.35969939 -3.00513785  4.00000002],cruising,[-0.48080528  0.59740651 -0.20557775]
917.5823576450348,1002,False,3,6,[6.37481202 4.86669145 4.        ],exiting,[ 0.5677905  -0.59831228 -0.99408226]
917.5823576450348,1003,False,6,2,[-7.38016615 -1.26956789  1.96919876],landing,[ 0.63925976  0.24903542 -0.34837281]
917.5823576450348,1004,False,1,4,[5.45291354 1.62788629 2.31716309],queued,[-0.62185191  0.08809385  0.93462812]
917.5823576450348,1005,False,5,0,[2.16514965 8.19008373 4.0000014 ],exiting,[ 0.50568378 -0.03156594 -0.11489306]
917.6809854507446,1000,False,4,5,[ 4.05769133 -3.9634484   3.97304845],cruising,[-0.82138112 -0.19970136 -0.21083176]
917.6809854507446,1001,False,0,3,[ 1.163206   -2.96785048  4.00000002],cruising,[-0.48080528  0.59740651 -0.20557775]
917.6809854507446,1002,False,3,6,[6.47638913 4.91461483 4.        ],exiting,[ 0.5677905  -0.59831228 -0.99408226]
917.6809854507446,1003,False,6,2,[-7.38971937 -1.24807779  1.87200354],landing,[ 0.63925976  0.24903542 -0.34837281]
917.6809854507446,1004,False,1,4,[5.45291354 1.62788629 2.39216309],queued,[-0.62185191  0.08809385  0.93462812]
917.6809854507446,1005,False,5,0,[2.18875295 8.28725824 4.00000097],exiting,[ 0.50568378 -0.03156594 -0.11489306]
917.7861766815186,1000,False,4,5,[ 3.87282466 -3.8871312   3.97709118],cruising,[-0.82138112 -0.19970136 -0.21083176]
917.7861766815186,1001,False,0,3,[ 0.96412098 -2.94874152  4.00000001],cruising,[-0.48080528  0.59740651 -0.20557775]
917.7861766815186,1002,False,3,6,[6.56161201 4.97405077 4.        ],exiting,[ 0.5677905  -0.59831228 -0.99408226]
917.7861766815186,1003,False,6,2,[-7.3992726  -1.22658768  1.77480832],landing,[ 0.63925976  0.24903542 -0.34837281]
917.7861766815186,1004,False,1,4,[5.45291354 1.62788629 2.46716309],queued,[-0.62185191  0.08809385  0.93462812]
917.7861766815186,1005,False,5,0,[2.21235625 8.38443274 4.00000064],exiting,[ 0.50568378 -0.03156594 -0.11489306]
917.8821213245392,1000,False,4,5,[ 3.68747525 -3.81199401  3.98052751],cruising,[-0.82138112 -0.19970136 -0.21083176]
917.8821213245392,1001,False,0,3,[ 0.76421865 -2.94249172  4.00000001],cruising,[-0.48080528  0.59740651 -0.20557775]
917.8821213245392,1002,False,3,6,[6.63042863 5.04492503 4.        ],exiting,[ 0.5677905  -0.59831228 -0.99408226]
917.8821213245392,1003,False,6,2,[-7.40882582 -1.20509757  1.6776131 ],landing,[ 0.63925976  0.24903542 -0.34837281]
917.8821213245392,1004,False,1,4,[5.45291354 1.62788629 2.54216309],queued,[-0.62185191  0.08809385  0.93462812]
917.8821213245392,1005,False,5,0,[2.23595955 8.48160725 4.0000004 ],exiting,[ 0.50568378 -0.03156594 -0.11489306]
917.9790241718292,1000,False,4,5,[ 3.5019316  -3.73733777  3.98344838],cruising,[-0.82138112 -0.19970136 -0.21083176]
917.9790241718292,1001,False,0,3,[ 0.56442895 -2.95166093  4.00000001],cruising,[-0.48080528  0.59740651 -0.20557775]
917.9790241718292,1002,False,3,6,[6.68278513 5.12715992 4.        ],exiting,[ 0.5677905  -0.59831228 -0.99408226]
917.9790241718292,1003,False,6,2,[-7.41837904 -1.18360747  1.58041787],landing,[ 0.63925976  0.24903542 -0.34837281]
917.9790241718292,1004,False,1,4,[5.45291354 1.62788629 2.61716309],entering,[-0.62185191  0.08809385  0.93462812]
917.9790241718292,1005,False,5,0,[2.25956284 8.57878175 4.00000022],exiting,[ 0.50568378 -0.03156594 -0.11489306]
918.081768989563,1000,False,4,5,[ 3.31602759 -3.66358345  3.98593112],cruising,[-0.82138112 -0.19970136 -0.21083176]
918.081768989563,1001,False,0,3,[ 0.36587963 -2.9757061   4.00000001],cruising,[-0.48080528  0.59740651 -0.20557775]
918.081768989563,1002,False,3,6,[6.71916512 5.22030764 4.        ],exiting,[ 0.5677905  -0.59831228 -0.99408226]
918.081768989563,1003,False,6,2,[-7.42793227 -1.16211736  1.48322265],fake_landed,[ 0.63925976  0.24903542 -0.34837281]
918.081768989563,1004,False,1,4,[5.47260715 1.62439894 2.69216309],entering,[-0.62185191  0.08809385  0.93462812]
918.081768989563,1005,False,5,0,[2.28316614 8.67595626 4.00000009],landing,[ 0.50568378 -0.03156594 -0.11489306]
918.180820941925,1000,False,4,5,[ 3.12983484 -3.59056112  3.98804145],cruising,[-0.82138112 -0.19970136 -0.21083176]
918.180820941925,1001,False,0,3,[ 0.16955597 -3.01387703  4.00000001],cruising,[-0.48080528  0.59740651 -0.20557775]
918.180820941925,1002,False,3,6,[6.75554511 5.31345535 4.        ],exiting,[ 0.5677905  -0.59831228 -0.99408226]
918.180820941925,1003,False,6,2,[-7.43557484 -1.14492527  1.40546647],fake_landed,[ 0.63925976  0.24903542 -0.34837281]
918.180820941925,1004,False,1,4,[5.51198872 1.61739245 2.76716309],entering,[-0.62185191  0.08809385  0.93462812]
918.180820941925,1005,False,5,0,[2.3064733  8.75864544 3.98621273],landing,[ 0.50568378 -0.03156594 -0.11489306]
918.2931792736053,1000,False,4,5,[ 2.94330544 -3.5184031   3.98983524],cruising,[-0.82138112 -0.19970136 -0.21083176]
918.2931792736053,1001,False,0,3,[-0.02375837 -3.0651563   4.00000001],exiting,[-0.48080528  0.59740651 -0.20557775]
918.2931792736053,1002,False,3,6,[6.7919251  5.40660306 4.        ],exiting,[ 0.5677905  -0.59831228 -0.99408226]
918.2931792736053,1003,False,6,2,[-7.44130678 -1.13203121  1.34714934],fake_landed,[ 0.63925976  0.24903542 -0.34837281]
918.2931792736053,1004,False,1,4,[5.57104552 1.60679638 2.84216309],entering,[-0.62185191  0.08809385  0.93462812]
918.2931792736053,1005,False,5,0,[2.32940788 8.82669462 3.95880438],landing,[ 0.50568378 -0.03156594 -0.11489306]
918.3805155754089,1000,False,4,5,[ 2.75630859 -3.44746524  3.99135995],cruising,[-0.82138112 -0.19970136 -0.21083176]
918.3805155754089,1001,False,0,3,[-0.19770596 -3.12142844  4.00000001],exiting,[-0.48080528  0.59740651 -0.20557775]
918.3805155754089,1002,False,3,6,[6.82830509 5.49975077 4.        ],exiting,[ 0.5677905  -0.59831228 -0.99408226]
918.3805155754089,1003,False,6,2,[-7.44512807 -1.12343517  1.30827125],fake_landed,[ 0.63925976  0.24903542 -0.34837281]
918.3805155754089,1004,False,1,4,[5.64970358 1.59222652 2.91716309],entering,[-0.62185191  0.08809385  0.93462812]
918.3805155754089,1005,False,5,0,[2.35187971 8.8799238  3.9179739 ],landing,[ 0.50568378 -0.03156594 -0.11489306]
918.484391450882,1000,False,4,5,[ 2.5686973  -3.37816876  3.99265596],cruising,[-0.82138112 -0.19970136 -0.21083176]
918.484391450882,1001,False,0,3,[-0.35227003 -3.18262797  4.        ],exiting,[-0.48080528  0.59740651 -0.20557775]
918.484391450882,1002,False,3,6,[6.86468508 5.59289849 4.        ],exiting,[ 0.5677905  -0.59831228 -0.99408226]
918.484391450882,1003,False,6,2,[-7.44703871 -1.11913715  1.28883221],fake_landed,[ 0.63925976  0.24903542 -0.34837281]
918.484391450882,1004,False,1,4,[5.74788171 1.57330157 2.99216309],entering,[-0.62185191  0.08809385  0.93462812]
918.484391450882,1005,False,5,0,[2.3737665  8.91809344 3.86399549],landing,[ 0.50568378 -0.03156594 -0.11489306]
918.5836656093597,1000,False,4,5,[ 2.38064654 -3.31007388  3.99375756],cruising,[-0.82138112 -0.19970136 -0.21083176]
918.5836656093597,1001,False,0,3,[-0.48743053 -3.24867532  4.        ],exiting,[-0.48080528  0.59740651 -0.20557775]
918.5836656093597,1002,False,3,6,[6.90106507 5.6860462  4.        ],exiting,[ 0.5677905  -0.59831228 -0.99408226]
918.5836656093597,1003,False,2,1,[-7.44703871 -1.11913715  1.28883221],waiting,[ 0.63925976  0.24903542 -0.34837281]
918.5836656093597,1004,False,1,4,[5.86543874 1.5494311  3.06716309],entering,[-0.62185191  0.08809385  0.93462812]
918.5836656093597,1005,False,5,0,[2.39495545 8.94098711 3.79712688],landing,[ 0.50568378 -0.03156594 -0.11489306]
918.6842882633209,1000,False,4,5,[ 2.19169653 -3.24451557  3.99469393],cruising,[-0.82138112 -0.19970136 -0.21083176]
918.6842882633209,1001,False,0,3,[-0.60316318 -3.31947228  4.        ],exiting,[-0.48080528  0.59740651 -0.20557775]
918.6842882633209,1002,False,3,6,[6.93744506 5.77919391 4.        ],exiting,[ 0.5677905  -0.59831228 -0.99408226]
918.6842882633209,1003,False,2,1,[-7.44703871 -1.11913715  1.28883221],waiting,[ 0.63925976  0.24903542 -0.34837281]
918.6842882633209,1004,False,1,4,[6.00218887 1.51993703 3.14216309],entering,[-0.62185191  0.08809385  0.93462812]
918.6842882633209,1005,False,5,0,[2.41534656 8.94841659 3.71760036],landing,[ 0.50568378 -0.03156594 -0.11489306]
918.7848801612854,1000,False,4,5,[ 2.00167207 -3.18214006  3.99548984],cruising,[-0.82138112 -0.19970136 -0.21083176]
918.7848801612854,1001,False,0,3,[-0.6994372  -3.39489112  4.        ],exiting,[-0.48080528  0.59740651 -0.20557775]
918.7848801612854,1002,False,3,6,[6.97382505 5.87234163 4.        ],exiting,[ 0.5677905  -0.59831228 -0.99408226]
918.7848801612854,1003,False,2,1,[-7.44703871 -1.11913715  1.28883221],waiting,[ 0.63925976  0.24903542 -0.34837281]
918.7848801612854,1004,False,1,4,[6.15745668 1.4828868  3.21716309],entering,[-0.62185191  0.08809385  0.93462812]
918.7848801612854,1005,False,5,0,[2.43483763 8.94019316 3.62565705],landing,[ 0.50568378 -0.03156594 -0.11489306]
918.8928995132446,1000,False,4,5,[ 1.81099807 -3.12177926  3.99616636],cruising,[-0.82138112 -0.19970136 -0.21083176]
918.8928995132446,1001,False,0,3,[-0.77620842 -3.47474173  4.        ],exiting,[-0.48080528  0.59740651 -0.20557775]
918.8928995132446,1002,False,3,6,[7.01020504 5.96548934 4.        ],exiting,[ 0.5677905  -0.59831228 -0.99408226]
918.8928995132446,1003,False,2,1,[-7.44703871 -1.11913715  1.28883221],waiting,[ 0.63925976  0.24903542 -0.34837281]
918.8928995132446,1004,False,1,4,[6.3303218  1.43633212 3.29216309],entering,[-0.62185191  0.08809385  0.93462812]
918.8928995132446,1005,False,5,0,[2.45390813 8.92533955 3.52862259],landing,[ 0.50568378 -0.03156594 -0.11489306]
918.9887871742249,1000,False,4,5,[ 1.61884041 -3.06632264  3.99674141],cruising,[-0.82138112 -0.19970136 -0.21083176]
918.9887871742249,1001,False,0,3,[-0.83344729 -3.55889206  4.        ],exiting,[-0.48080528  0.59740651 -0.20557775]
918.9887871742249,1002,False,3,6,[7.04658503 6.05863705 4.        ],exiting,[ 0.5677905  -0.59831228 -0.99408226]
918.9887871742249,1003,False,2,1,[-7.44703871 -1.11913715  1.28883221],waiting,[ 0.63925976  0.24903542 -0.34837281]
918.9887871742249,1004,False,1,4,[6.51667797 1.3750129  3.36716309],entering,[-0.62185191  0.08809385  0.93462812]
918.9887871742249,1005,False,5,0,[2.47297863 8.91048593 3.43158813],landing,[ 0.50568378 -0.03156594 -0.11489306]
919.083402633667,1000,False,4,5,[ 1.4250086  -3.01703546  3.9972302 ],cruising,[-0.82138112 -0.19970136 -0.21083176]
919.083402633667,1001,False,0,3,[-0.87112396 -3.64720412  4.        ],exiting,[-0.48080528  0.59740651 -0.20557775]
919.083402633667,1002,False,3,6,[7.08296501 6.15178476 4.        ],exiting,[ 0.5677905  -0.59831228 -0.99408226]
919.083402633667,1003,False,2,1,[-7.44703871 -1.11913715  1.28883221],waiting,[ 0.63925976  0.24903542 -0.34837281]
919.083402633667,1004,False,1,4,[6.70362557 1.30394536 3.44216309],entering,[-0.62185191  0.08809385  0.93462812]
919.083402633667,1005,False,5,0,[2.49204913 8.89563232 3.33455368],landing,[ 0.50568378 -0.03156594 -0.11489306]
919.1876411437988,1000,False,4,5,[ 1.22933722 -2.97565054  3.99764567],cruising,[-0.82138112 -0.19970136 -0.21083176]
919.1876411437988,1001,False,0,3,[-0.88920857 -3.73953508  4.        ],exiting,[-0.48080528  0.59740651 -0.20557775]
919.1876411437988,1002,False,3,6,[7.119345   6.24493248 4.        ],exiting,[ 0.5677905  -0.59831228 -0.99408226]
919.1876411437988,1003,False,2,1,[-7.44703871 -1.11913715  1.28883221],waiting,[ 0.63925976  0.24903542 -0.34837281]
919.1876411437988,1004,False,1,4,[6.88657622 1.22314278 3.51716309],entering,[-0.62185191  0.08809385  0.93462812]
919.1876411437988,1005,False,5,0,[2.51111964 8.8807787  3.23751922],landing,[ 0.50568378 -0.03156594 -0.11489306]
919.2934596538544,1000,False,4,5,[ 1.03094089 -2.95037412  3.99799882],cruising,[-0.82138112 -0.19970136 -0.21083176]
919.2934596538544,1001,False,0,3,[-0.88767163 -3.8357383   4.        ],exiting,[-0.48080528  0.59740651 -0.20557775]
919.2934596538544,1002,False,3,6,[7.15572499 6.33808019 4.        ],exiting,[ 0.5677905  -0.59831228 -0.99408226]
919.2934596538544,1003,False,2,1,[-7.44703871 -1.11913715  1.28883221],waiting,[ 0.63925976  0.24903542 -0.34837281]
919.2934596538544,1004,False,1,4,[7.06453352 1.13186738 3.58958863],entering,[-0.62185191  0.08809385  0.93462812]
919.2934596538544,1005,False,5,0,[2.53019014 8.86592509 3.14048476],landing,[ 0.50568378 -0.03156594 -0.11489306]
919.3881721496582,1000,False,4,5,[ 0.83124538 -2.93934221  3.998299  ],cruising,[-0.82138112 -0.19970136 -0.21083176]
919.3881721496582,1001,False,0,3,[-0.87233729 -3.9345556   4.        ],exiting,[-0.48080528  0.59740651 -0.20557775]
919.3881721496582,1002,False,3,6,[7.19210498 6.4312279  4.        ],exiting,[ 0.5677905  -0.59831228 -0.99408226]
919.3881721496582,1003,False,2,1,[-7.44703871 -1.11913715  1.28883221],waiting,[ 0.63925976  0.24903542 -0.34837281]
919.3881721496582,1004,False,1,4,[7.23626321 1.02935438 3.65115033],entering,[-0.62185191  0.08809385  0.93462812]
919.3881721496582,1005,False,5,0,[2.54926064 8.85107147 3.0434503 ],landing,[ 0.50568378 -0.03156594 -0.11489306]
919.490385055542,1000,False,4,5,[ 0.63130337 -2.94415811  3.99855415],cruising,[-0.82138112 -0.19970136 -0.21083176]
919.490385055542,1001,False,0,3,[-0.85700295 -4.03337289  4.        ],exiting,[-0.48080528  0.59740651 -0.20557775]
919.490385055542,1002,False,3,6,[7.22848497 6.52437561 4.        ],exiting,[ 0.5677905  -0.59831228 -0.99408226]
919.490385055542,1003,False,2,1,[-7.44703871 -1.11913715  1.28883221],waiting,[ 0.63925976  0.24903542 -0.34837281]
919.490385055542,1004,False,1,4,[7.40152028 0.91670404 3.70347778],entering,[-0.62185191  0.08809385  0.93462812]
919.490385055542,1005,False,5,0,[2.56833114 8.83621785 2.94641584],landing,[ 0.50568378 -0.03156594 -0.11489306]
919.5805234909058,1000,False,4,5,[ 0.43227876 -2.96388633  3.99877102],cruising,[-0.82138112 -0.19970136 -0.21083176]
919.5805234909058,1001,False,0,3,[-0.8416686  -4.13219019  4.        ],exiting,[-0.48080528  0.59740651 -0.20557775]
919.5805234909058,1002,False,3,6,[7.26486496 6.61752333 4.        ],exiting,[ 0.5677905  -0.59831228 -0.99408226]
919.5805234909058,1003,False,2,1,[-7.44703871 -1.11913715  1.28883221],waiting,[ 0.63925976  0.24903542 -0.34837281]
919.5805234909058,1004,False,1,4,[7.55731039 0.79128697 3.74795611],entering,[-0.62185191  0.08809385  0.93462812]
919.5805234909058,1005,False,5,0,[2.58740165 8.82136424 2.84938139],landing,[ 0.50568378 -0.03156594 -0.11489306]
919.6811430454254,1000,False,4,5,[ 0.2351896  -2.99788435  3.99895537],cruising,[-0.82138112 -0.19970136 -0.21083176]
919.6811430454254,1001,False,0,3,[-0.82633426 -4.23100748  4.        ],exiting,[-0.48080528  0.59740651 -0.20557775]
919.6811430454254,1002,False,3,6,[7.30124495 6.71067104 4.        ],exiting,[ 0.5677905  -0.59831228 -0.99408226]
919.6811430454254,1003,False,2,1,[-7.44703871 -1.11913715  1.28883221],waiting,[ 0.63925976  0.24903542 -0.34837281]
919.6811430454254,1004,False,1,4,[7.70165576 0.65285136 3.7857627 ],entering,[-0.62185191  0.08809385  0.93462812]
919.6811430454254,1005,False,5,0,[2.60647215 8.80651062 2.75234693],landing,[ 0.50568378 -0.03156594 -0.11489306]
919.7883882522583,1000,False,4,5,[ 0.04088037 -3.04525441  3.99911207],cruising,[-0.82138112 -0.19970136 -0.21083176]
919.7883882522583,1001,False,0,3,[-0.81099992 -4.32982478  4.        ],exiting,[-0.48080528  0.59740651 -0.20557775]
919.7883882522583,1002,False,3,6,[7.33762494 6.80381875 4.        ],exiting,[ 0.5677905  -0.59831228 -0.99408226]
919.7883882522583,1003,False,2,1,[-7.44703871 -1.11913715  1.28883221],waiting,[ 0.63925976  0.24903542 -0.34837281]
919.7883882522583,1004,False,1,4,[7.83256721 0.50164888 3.81789829],entering,[-0.62185191  0.08809385  0.93462812]
919.7883882522583,1005,False,5,0,[2.62554265 8.79165701 2.65531247],landing,[ 0.50568378 -0.03156594 -0.11489306]
919.8844907283783,1000,False,4,5,[-0.14887425 -3.10844606  3.99924526],cruising,[-0.82138112 -0.19970136 -0.21083176]
919.8844907283783,1001,False,0,3,[-0.79566558 -4.42864208  4.        ],exiting,[-0.48080528  0.59740651 -0.20557775]
919.8844907283783,1002,False,3,6,[7.37400493 6.89696647 4.        ],exiting,[ 0.5677905  -0.59831228 -0.99408226]
919.8844907283783,1003,False,2,1,[-7.44703871 -1.11913715  1.28883221],waiting,[ 0.63925976  0.24903542 -0.34837281]
919.8844907283783,1004,False,1,4,[7.94833045 0.33855728 3.84521355],entering,[-0.62185191  0.08809385  0.93462812]
919.8844907283783,1005,False,5,0,[2.64461315 8.77680339 2.55827801],landing,[ 0.50568378 -0.03156594 -0.11489306]
919.9816384315491,1000,False,4,5,[-0.33519921 -3.18113036  3.99935847],cruising,[-0.82138112 -0.19970136 -0.21083176]
919.9816384315491,1001,False,0,3,[-0.78033124 -4.52745937  4.        ],exiting,[-0.48080528  0.59740651 -0.20557775]
919.9816384315491,1002,False,3,6,[7.41038492 6.99011418 4.        ],exiting,[ 0.5677905  -0.59831228 -0.99408226]
919.9816384315491,1003,False,2,1,[-7.44703871 -1.11913715  1.28883221],waiting,[ 0.63925976  0.24903542 -0.34837281]
919.9816384315491,1004,False,1,4,[8.04783044 0.16506447 3.86843152],cruising,[-0.62185191  0.08809385  0.93462812]
919.9816384315491,1005,False,5,0,[2.66368366 8.76194977 2.46124355],landing,[ 0.50568378 -0.03156594 -0.11489306]
920.0845184326172,1000,False,4,5,[-0.51721901 -3.26400855  3.9994547 ],cruising,[-0.82138112 -0.19970136 -0.21083176]
920.0845184326172,1001,False,0,3,[-0.7649969  -4.62627667  4.        ],exiting,[-0.48080528  0.59740651 -0.20557775]
920.0845184326172,1002,False,3,6,[7.44676491 7.08326189 4.        ],exiting,[ 0.5677905  -0.59831228 -0.99408226]
920.0845184326172,1003,False,2,1,[-7.44703871 -1.11913715  1.28883221],waiting,[ 0.63925976  0.24903542 -0.34837281]
920.0845184326172,1004,False,1,4,[ 8.12974059 -0.01734457  3.88831813],cruising,[-0.62185191  0.08809385  0.93462812]
920.0845184326172,1005,False,5,0,[2.68275416 8.74709616 2.3642091 ],landing,[ 0.50568378 -0.03156594 -0.11489306]
920.1804292201996,1000,False,4,5,[-0.69625758 -3.35314435  3.99953649],cruising,[-0.82138112 -0.19970136 -0.21083176]
920.1804292201996,1001,False,0,3,[-0.74966256 -4.72509396  4.        ],exiting,[-0.48080528  0.59740651 -0.20557775]
920.1804292201996,1002,False,3,6,[7.4831449 7.1764096 4.       ],exiting,[ 0.5677905  -0.59831228 -0.99408226]
920.1804292201996,1003,False,2,1,[-7.44703871 -1.11913715  1.28883221],waiting,[ 0.63925976  0.24903542 -0.34837281]
920.1804292201996,1004,False,1,4,[ 8.19494053 -0.20641855  3.90507041],cruising,[-0.62185191  0.08809385  0.93462812]
920.1804292201996,1005,False,5,0,[2.70182466 8.73224254 2.26717464],landing,[ 0.50568378 -0.03156594 -0.11489306]
920.2822268009186,1000,False,4,5,[-0.87425696 -3.44433766  3.99960602],cruising,[-0.82138112 -0.19970136 -0.21083176]
920.2822268009186,1001,False,0,3,[-0.73432822 -4.82391126  4.        ],exiting,[-0.48080528  0.59740651 -0.20557775]
920.2822268009186,1002,False,3,6,[7.51952488 7.26955732 4.        ],exiting,[ 0.5677905  -0.59831228 -0.99408226]
920.2822268009186,1003,False,2,1,[-7.44703871 -1.11913715  1.28883221],waiting,[ 0.63925976  0.24903542 -0.34837281]
920.2822268009186,1004,False,1,4,[ 8.24560548 -0.39989481  3.91930985],cruising,[-0.62185191  0.08809385  0.93462812]
920.2822268009186,1005,False,5,0,[2.72089516 8.71738893 2.17014018],landing,[ 0.50568378 -0.03156594 -0.11489306]
920.3814668655396,1000,False,4,5,[-1.05367394 -3.53270929  3.99966512],cruising,[-0.82138112 -0.19970136 -0.21083176]
920.3814668655396,1001,False,0,3,[-0.71899387 -4.92272856  4.        ],exiting,[-0.48080528  0.59740651 -0.20557775]
920.3814668655396,1002,False,3,6,[7.55590487 7.36270503 4.        ],exiting,[ 0.5677905  -0.59831228 -0.99408226]
920.3814668655396,1003,False,2,1,[-7.44703871 -1.11913715  1.28883221],waiting,[ 0.63925976  0.24903542 -0.34837281]
920.3814668655396,1004,False,1,4,[ 8.28329797 -0.59631089  3.93141337],cruising,[-0.62185191  0.08809385  0.93462812]
920.3814668655396,1005,False,5,0,[2.73996566 8.70253531 2.07310572],landing,[ 0.50568378 -0.03156594 -0.11489306]
920.4924674034119,1000,False,4,5,[-1.23852226 -3.60907092  3.99971535],cruising,[-0.82138112 -0.19970136 -0.21083176]
920.4924674034119,1001,False,0,3,[-0.70365953 -5.02154585  4.        ],exiting,[-0.48080528  0.59740651 -0.20557775]
920.4924674034119,1002,False,3,6,[7.59228486 7.45585274 4.        ],exiting,[ 0.5677905  -0.59831228 -0.99408226]
920.4924674034119,1003,False,2,1,[-7.44703871 -1.11913715  1.28883221],queued,[ 0.63925976  0.24903542 -0.34837281]
920.4924674034119,1004,False,1,4,[ 8.30965677 -0.79456631  3.94170137],cruising,[-0.62185191  0.08809385  0.93462812]
920.4924674034119,1005,False,5,0,[2.75903617 8.6876817  1.97607127],landing,[ 0.50568378 -0.03156594 -0.11489306]
920.5910708904266,1000,False,4,5,[-1.42977582 -3.66648597  3.99975985],cruising,[-0.82138112 -0.19970136 -0.21083176]
920.5910708904266,1001,False,0,3,[-0.68832519 -5.12036315  4.        ],exiting,[-0.48080528  0.59740651 -0.20557775]
920.5910708904266,1002,False,3,6,[7.62866485 7.54900045 4.        ],exiting,[ 0.5677905  -0.59831228 -0.99408226]
920.5910708904266,1003,False,2,1,[-7.44703871 -1.11913715  1.30883221],queued,[ 0.63925976  0.24903542 -0.34837281]
920.5910708904266,1004,False,1,4,[ 8.32410107 -0.99404404  3.95044616],cruising,[-0.62185191  0.08809385  0.93462812]
920.5910708904266,1005,False,5,0,[2.77810667 8.67282808 1.87903681],landing,[ 0.50568378 -0.03156594 -0.11489306]
920.6868851184845,1000,False,4,5,[-1.62418897 -3.70415217  3.99980131],cruising,[-0.82138112 -0.19970136 -0.21083176]
920.6868851184845,1001,False,0,3,[-0.67299085 -5.21918044  4.        ],exiting,[-0.48080528  0.59740651 -0.20557775]
920.6868851184845,1002,False,3,6,[7.66504484 7.64214817 4.        ],exiting,[ 0.5677905  -0.59831228 -0.99408226]
920.6868851184845,1003,False,2,1,[-7.44703871 -1.11913715  1.34883221],queued,[ 0.63925976  0.24903542 -0.34837281]
920.6868851184845,1004,False,1,4,[ 8.33039645 -1.19394493  3.95787924],cruising,[-0.62185191  0.08809385  0.93462812]
920.6868851184845,1005,False,5,0,[2.79717717 8.65797446 1.78200235],landing,[ 0.50568378 -0.03156594 -0.11489306]
920.7923357486725,1000,False,4,5,[-1.81858321 -3.72181839  3.99984028],cruising,[-0.82138112 -0.19970136 -0.21083176]
920.7923357486725,1001,False,0,3,[-0.65765651 -5.31799774  4.        ],exiting,[-0.48080528  0.59740651 -0.20557775]
920.7923357486725,1002,False,3,6,[7.70142483 7.73529588 4.        ],exiting,[ 0.5677905  -0.59831228 -0.99408226]
920.7923357486725,1003,False,2,1,[-7.44703871 -1.11913715  1.40883221],queued,[ 0.63925976  0.24903542 -0.34837281]
920.7923357486725,1004,False,1,4,[ 8.32959783 -1.39394334  3.96419735],cruising,[-0.62185191  0.08809385  0.93462812]
920.7923357486725,1005,False,5,0,[2.81624767 8.64312085 1.68496789],landing,[ 0.50568378 -0.03156594 -0.11489306]
920.8886730670929,1000,False,4,5,[-2.00995619 -3.71971411  3.99987693],cruising,[-0.82138112 -0.19970136 -0.21083176]
920.8886730670929,1001,False,0,3,[-0.64232217 -5.41681504  4.        ],exiting,[-0.48080528  0.59740651 -0.20557775]
920.8886730670929,1002,False,3,6,[7.73780482 7.82844359 4.        ],exiting,[ 0.5677905  -0.59831228 -0.99408226]
920.8886730670929,1003,False,2,1,[-7.44703871 -1.11913715  1.48383221],queued,[ 0.63925976  0.24903542 -0.34837281]
920.8886730670929,1004,False,1,4,[ 8.32027735 -1.59372604  3.96956775],cruising,[-0.62185191  0.08809385  0.93462812]
920.8886730670929,1005,False,5,0,[2.83531818 8.62826723 1.58793343],landing,[ 0.50568378 -0.03156594 -0.11489306]
920.9900896549225,1000,False,4,5,[-2.19567488 -3.69842576  3.99991127],cruising,[-0.82138112 -0.19970136 -0.21083176]
920.9900896549225,1001,False,0,3,[-0.62698783 -5.51563233  4.        ],exiting,[-0.48080528  0.59740651 -0.20557775]
920.9900896549225,1002,False,3,6,[7.77418481 7.92159131 4.        ],exiting,[ 0.5677905  -0.59831228 -0.99408226]
920.9900896549225,1003,False,2,1,[-7.44703871 -1.11913715  1.55883221],queued,[ 0.63925976  0.24903542 -0.34837281]
920.9900896549225,1004,False,1,4,[ 8.30565829 -1.79319103  3.97413259],cruising,[-0.62185191  0.08809385  0.93462812]
920.9900896549225,1005,False,5,0,[2.85438868 8.61341362 1.49089898],fake_landed,[ 0.50568378 -0.03156594 -0.11489306]
921.0929775238037,1000,False,4,5,[-2.37334073 -3.65883026  3.99994324],cruising,[-0.82138112 -0.19970136 -0.21083176]
921.0929775238037,1001,False,0,3,[-0.61165348 -5.61444963  4.        ],exiting,[-0.48080528  0.59740651 -0.20557775]
921.0929775238037,1002,False,3,6,[7.8105648  8.01473902 4.        ],exiting,[ 0.5677905  -0.59831228 -0.99408226]
921.0929775238037,1003,False,2,1,[-7.44703871 -1.11913715  1.63383221],queued,[ 0.63925976  0.24903542 -0.34837281]
921.0929775238037,1004,False,1,4,[ 8.2861576  -1.99223807  3.9780127 ],cruising,[-0.62185191  0.08809385  0.93462812]
921.0929775238037,1005,False,5,0,[2.86964508 8.60153072 1.41327141],fake_landed,[ 0.50568378 -0.03156594 -0.11489306]
921.1843903064728,1000,False,4,5,[-2.54077035 -3.6020528   3.99997276],cruising,[-0.82138112 -0.19970136 -0.21083176]
921.1843903064728,1001,False,0,3,[-0.59631914 -5.71326692  4.        ],exiting,[-0.48080528  0.59740651 -0.20557775]
921.1843903064728,1002,False,3,6,[7.84694479 8.10788673 4.        ],exiting,[ 0.5677905  -0.59831228 -0.99408226]
921.1843903064728,1003,False,2,1,[-7.44703871 -1.11913715  1.70883221],queued,[ 0.63925976  0.24903542 -0.34837281]
921.1843903064728,1004,False,1,4,[ 8.25945356 -2.19044729  3.98131079],cruising,[-0.62185191  0.08809385  0.93462812]
921.1843903064728,1005,False,5,0,[2.88108738 8.59261855 1.35505073],fake_landed,[ 0.50568378 -0.03156594 -0.11489306]
921.2851569652557,1000,False,4,5,[-2.69611908 -3.52933633  3.99999972],cruising,[-0.82138112 -0.19970136 -0.21083176]
921.2851569652557,1001,False,0,3,[-0.5809848  -5.81208422  4.        ],exiting,[-0.48080528  0.59740651 -0.20557775]
921.2851569652557,1002,False,3,6,[7.88332478 8.20103444 4.        ],exiting,[ 0.5677905  -0.59831228 -0.99408226]
921.2851569652557,1003,False,2,1,[-7.44703871 -1.11913715  1.78383221],queued,[ 0.63925976  0.24903542 -0.34837281]
921.2851569652557,1004,False,1,4,[ 8.22862688 -2.3880573   3.98411417],cruising,[-0.62185191  0.08809385  0.93462812]
921.2851569652557,1005,False,5,0,[2.88871558 8.58667711 1.31623695],fake_landed,[ 0.50568378 -0.03156594 -0.11489306]
921.3864750862122,1000,False,4,5,[-2.83776716 -3.4420496   4.00002398],cruising,[-0.82138112 -0.19970136 -0.21083176]
921.3864750862122,1001,False,0,3,[-0.56565046 -5.91090152  4.        ],exiting,[-0.48080528  0.59740651 -0.20557775]
921.3864750862122,1002,False,3,6,[7.91970477 8.29418216 4.        ],exiting,[ 0.5677905  -0.59831228 -0.99408226]
921.3864750862122,1003,False,2,1,[-7.44703871 -1.11913715  1.85883221],queued,[ 0.63925976  0.24903542 -0.34837281]
921.3864750862122,1004,False,1,4,[ 8.19367869 -2.58498019  3.98649705],cruising,[-0.62185191  0.08809385  0.93462812]
921.3864750862122,1005,False,5,0,[2.89252968 8.58370638 1.29683006],fake_landed,[ 0.50568378 -0.03156594 -0.11489306]
921.488468170166,1000,False,4,5,[-2.9642564  -3.34171645  4.00004541],cruising,[-0.82138112 -0.19970136 -0.21083176]
921.488468170166,1001,False,0,3,[-0.55031612 -6.00971881  4.        ],exiting,[-0.48080528  0.59740651 -0.20557775]
921.488468170166,1002,False,3,6,[7.95608475 8.38732987 4.        ],exiting,[ 0.5677905  -0.59831228 -0.99408226]
921.488468170166,1003,False,2,1,[-7.44703871 -1.11913715  1.93383221],queued,[ 0.63925976  0.24903542 -0.34837281]
921.488468170166,1004,False,1,4,[ 8.15127717 -2.78043379  3.98852249],cruising,[-0.62185191  0.08809385  0.93462812]
921.488468170166,1005,False,5,0,[2.89252968 8.58370638 1.29683006],fake_landed,[ 0.50568378 -0.03156594 -0.11489306]
921.5806615352631,1000,False,4,5,[-3.07435267 -3.22992595  4.00006383],cruising,[-0.82138112 -0.19970136 -0.21083176]
921.5806615352631,1001,False,0,3,[-0.53498178 -6.10853611  4.        ],exiting,[-0.48080528  0.59740651 -0.20557775]
921.5806615352631,1002,False,3,6,[7.99246474 8.48047758 4.        ],exiting,[ 0.5677905  -0.59831228 -0.99408226]
921.5806615352631,1003,False,2,1,[-7.44703871 -1.11913715  2.00883221],queued,[ 0.63925976  0.24903542 -0.34837281]
921.5806615352631,1004,False,1,4,[ 8.1048389  -2.97496781  3.99024412],cruising,[-0.62185191  0.08809385  0.93462812]
921.5806615352631,1005,False,0,2,[2.89252968 8.58370638 1.29683006],waiting,[ 0.50568378 -0.03156594 -0.11489306]
921.6810097694397,1000,False,4,5,[-3.16696486 -3.10842429  4.00007906],cruising,[-0.82138112 -0.19970136 -0.21083176]
921.6810097694397,1001,False,0,3,[-0.51964744 -6.2073534   4.        ],exiting,[-0.48080528  0.59740651 -0.20557775]
921.6810097694397,1002,False,3,6,[8.02884473 8.5736253  4.        ],exiting,[ 0.5677905  -0.59831228 -0.99408226]
921.6810097694397,1003,False,2,1,[-7.44703871 -1.11913715  2.08383221],queued,[ 0.63925976  0.24903542 -0.34837281]
921.6810097694397,1004,False,1,4,[ 8.05015646 -3.16734721  3.9917075 ],cruising,[-0.62185191  0.08809385  0.93462812]
921.6810097694397,1005,False,0,2,[2.89252968 8.58370638 1.29683006],waiting,[ 0.50568378 -0.03156594 -0.11489306]
921.7894067764282,1000,False,4,5,[-3.24155593 -2.97824856  4.00009097],cruising,[-0.82138112 -0.19970136 -0.21083176]
921.7894067764282,1001,False,0,3,[-0.50431309 -6.3061707   4.        ],exiting,[-0.48080528  0.59740651 -0.20557775]
921.7894067764282,1002,False,3,6,[8.06522472 8.66677301 4.        ],exiting,[ 0.5677905  -0.59831228 -0.99408226]
921.7894067764282,1003,False,2,1,[-7.44703871 -1.11913715  2.15883221],entering,[ 0.63925976  0.24903542 -0.34837281]
921.7894067764282,1004,False,1,4,[ 7.98679751 -3.35704603  3.99295137],exiting,[-0.62185191  0.08809385  0.93462812]
921.7894067764282,1005,False,0,2,[2.89252968 8.58370638 1.29683006],waiting,[ 0.50568378 -0.03156594 -0.11489306]
921.8894908428192,1000,False,4,5,[-3.29786572 -2.83996142  4.00009945],cruising,[-0.82138112 -0.19970136 -0.21083176]
921.8894908428192,1001,False,0,3,[-0.48897875 -6.40498799  4.        ],exiting,[-0.48080528  0.59740651 -0.20557775]
921.8894908428192,1002,False,3,6,[8.10160471 8.75992072 4.        ],exiting,[ 0.5677905  -0.59831228 -0.99408226]
921.8894908428192,1003,False,2,1,[-7.43396179 -1.1040046   2.23383221],entering,[ 0.63925976  0.24903542 -0.34837281]
921.8894908428192,1004,False,1,4,[ 7.93675481 -3.53182248  3.9941939 ],exiting,[-0.62185191  0.08809385  0.93462812]
921.8894908428192,1005,False,0,2,[2.89252968 8.58370638 1.29683006],waiting,[ 0.50568378 -0.03156594 -0.11489306]
921.9857580661774,1000,False,4,5,[-3.33572886 -2.69394637  4.00010437],cruising,[-0.82138112 -0.19970136 -0.21083176]
921.9857580661774,1001,False,0,3,[-0.47364441 -6.50380529  4.        ],exiting,[-0.48080528  0.59740651 -0.20557775]
921.9857580661774,1002,False,3,6,[8.1379847  8.85306843 4.        ],exiting,[ 0.5677905  -0.59831228 -0.99408226]
921.9857580661774,1003,False,2,1,[-7.40782288 -1.0737266   2.30883221],entering,[ 0.63925976  0.24903542 -0.34837281]
921.9857580661774,1004,False,1,4,[ 7.90017887 -3.69181227  3.99540187],exiting,[-0.62185191  0.08809385  0.93462812]
921.9857580661774,1005,False,0,2,[2.89252968 8.58370638 1.29683006],waiting,[ 0.50568378 -0.03156594 -0.11489306]
922.080090045929,1000,False,4,5,[-3.35502622 -2.54049412  4.00010566],cruising,[-0.82138112 -0.19970136 -0.21083176]
922.080090045929,1001,False,0,3,[-0.45831007 -6.60262259  4.        ],exiting,[-0.48080528  0.59740651 -0.20557775]
922.080090045929,1002,False,3,6,[8.17436469 8.94621615 4.        ],exiting,[ 0.5677905  -0.59831228 -0.99408226]
922.080090045929,1003,False,2,1,[-7.36865508 -1.02827468  2.38383221],entering,[ 0.63925976  0.24903542 -0.34837281]
922.080090045929,1004,False,1,4,[ 7.8772574  -3.83718875  3.99652811],exiting,[-0.62185191  0.08809385  0.93462812]
922.080090045929,1005,False,0,2,[2.89252968 8.58370638 1.29683006],waiting,[ 0.50568378 -0.03156594 -0.11489306]
922.1875360012054,1000,False,4,5,[-3.35586521 -2.37934196  4.00010323],cruising,[-0.82138112 -0.19970136 -0.21083176]
922.1875360012054,1001,False,0,3,[-0.44297573 -6.70143988  4.        ],exiting,[-0.48080528  0.59740651 -0.20557775]
922.1875360012054,1002,False,3,6,[8.21074468 9.03936386 4.        ],exiting,[ 0.5677905  -0.59831228 -0.99408226]
922.1875360012054,1003,False,2,1,[-7.31652155 -0.96759482  2.45883221],entering,[ 0.63925976  0.24903542 -0.34837281]
922.1875360012054,1004,False,1,4,[ 7.86822596 -3.9681762   3.99750318],exiting,[-0.62185191  0.08809385  0.93462812]
922.1875360012054,1005,False,0,2,[2.89252968 8.58370638 1.29683006],waiting,[ 0.50568378 -0.03156594 -0.11489306]
922.2803683280945,1000,False,4,5,[-3.33864991 -2.20958499  4.00009698],cruising,[-0.82138112 -0.19970136 -0.21083176]
922.2803683280945,1001,False,0,3,[-0.42764139 -6.80025718  4.        ],exiting,[-0.48080528  0.59740651 -0.20557775]
922.2803683280945,1002,False,3,6,[8.24712467 9.13251157 4.        ],landing,[ 0.5677905  -0.59831228 -0.99408226]
922.2803683280945,1003,False,2,1,[-7.25154616 -0.89158244  2.53383221],entering,[ 0.63925976  0.24903542 -0.34837281]
922.2803683280945,1004,False,1,4,[ 7.87326954 -4.08495641  3.9982588 ],exiting,[-0.62185191  0.08809385  0.93462812]
922.2803683280945,1005,False,0,2,[2.89252968 8.58370638 1.29683006],waiting,[ 0.50568378 -0.03156594 -0.11489306]
922.3938360214233,1000,False,4,5,[-3.3046625  -2.02893324  4.00008682],cruising,[-0.82138112 -0.19970136 -0.21083176]
922.3938360214233,1001,False,0,3,[-0.41230705 -6.89907447  4.        ],exiting,[-0.48080528  0.59740651 -0.20557775]
922.3938360214233,1002,False,3,6,[8.28150318 9.21160456 3.98591246],landing,[ 0.5677905  -0.59831228 -0.99408226]
922.3938360214233,1003,False,2,1,[-7.17404717 -0.79997649  2.60883221],entering,[ 0.63925976  0.24903542 -0.34837281]
922.3938360214233,1004,False,1,4,[ 7.89257245 -4.18771605  3.99870633],exiting,[-0.62185191  0.08809385  0.93462812]
922.3938360214233,1005,False,0,2,[2.89252968 8.58370638 1.29683006],waiting,[ 0.50568378 -0.03156594 -0.11489306]
922.4856712818146,1000,False,4,5,[-3.26458712 -1.83298946  4.0000738 ],cruising,[-0.82138112 -0.19970136 -0.21083176]
922.4856712818146,1001,False,0,3,[-0.3969727  -6.99789177  4.        ],exiting,[-0.48080528  0.59740651 -0.20557775]
922.4856712818146,1002,False,3,6,[8.3137825  9.27649574 3.95790004],landing,[ 0.5677905  -0.59831228 -0.99408226]
922.4856712818146,1003,False,2,1,[-7.08434953 -0.69252146  2.68383221],entering,[ 0.63925976  0.24903542 -0.34837281]
922.4856712818146,1004,False,1,4,[ 7.91826301 -4.28435969  3.99894128],exiting,[-0.62185191  0.08809385  0.93462812]
922.4856712818146,1005,False,0,2,[2.89252968 8.58370638 1.29683006],waiting,[ 0.50568378 -0.03156594 -0.11489306]
922.5871031284332,1000,False,4,5,[-3.24103278 -1.63438132  4.00006273],cruising,[-0.82138112 -0.19970136 -0.21083176]
922.5871031284332,1001,False,0,3,[-0.38163836 -7.09670907  4.        ],exiting,[-0.48080528  0.59740651 -0.20557775]
922.5871031284332,1002,False,3,6,[8.34384659 9.32701255 3.91615919],landing,[ 0.5677905  -0.59831228 -0.99408226]
922.5871031284332,1003,False,2,1,[-6.98300359 -0.56880861  2.75883221],entering,[ 0.63925976  0.24903542 -0.34837281]
922.5871031284332,1004,False,1,4,[ 7.94395357 -4.38100334  3.99913465],exiting,[-0.62185191  0.08809385  0.93462812]
922.5871031284332,1005,False,0,2,[2.89252968 8.58370638 1.29683006],waiting,[ 0.50568378 -0.03156594 -0.11489306]
922.682017326355,1000,False,4,5,[-3.23346518 -1.43452454  4.00005332],cruising,[-0.82138112 -0.19970136 -0.21083176]
922.682017326355,1001,False,0,3,[-0.36630402 -7.19552636  4.        ],exiting,[-0.48080528  0.59740651 -0.20557775]
922.682017326355,1002,False,3,6,[8.37153485 9.36291989 3.86096772],landing,[ 0.5677905  -0.59831228 -0.99408226]
922.682017326355,1003,False,2,1,[-6.87118742 -0.42805538  2.83383221],entering,[ 0.63925976  0.24903542 -0.34837281]
922.682017326355,1004,False,1,4,[ 7.96964413 -4.47764698  3.99929366],exiting,[-0.62185191  0.08809385  0.93462812]
922.682017326355,1005,False,0,2,[2.89252968 8.58370638 1.29683006],waiting,[ 0.50568378 -0.03156594 -0.11489306]
922.7844772338867,1000,False,4,5,[-3.2414536  -1.23468414  4.00004532],cruising,[-0.82138112 -0.19970136 -0.21083176]
922.7844772338867,1001,False,0,3,[-0.35096968 -7.29434366  4.        ],exiting,[-0.48080528  0.59740651 -0.20557775]
922.7844772338867,1002,False,3,6,[8.3967132  9.38402489 3.79256297],landing,[ 0.5677905  -0.59831228 -0.99408226]
922.7844772338867,1003,False,2,1,[-6.75155897 -0.26889106  2.90883221],entering,[ 0.63925976  0.24903542 -0.34837281]
922.7844772338867,1004,False,1,4,[ 7.99533469 -4.57429063  3.99942428],exiting,[-0.62185191  0.08809385  0.93462812]
922.7844772338867,1005,False,0,2,[2.89252968 8.58370638 1.29683006],waiting,[ 0.50568378 -0.03156594 -0.11489306]
922.8805119991302,1000,False,4,5,[-3.26395498 -1.03595396  4.00003852],cruising,[-0.82138112 -0.19970136 -0.21083176]
922.8805119991302,1001,False,0,3,[-0.33563534 -7.39316095  4.        ],exiting,[-0.48080528  0.59740651 -0.20557775]
922.8805119991302,1002,False,3,6,[8.41925522 9.39014858 3.71117322],landing,[ 0.5677905  -0.59831228 -0.99408226]
922.8805119991302,1003,False,2,1,[-6.63484464 -0.10647873  2.98383221],entering,[ 0.63925976  0.24903542 -0.34837281]
922.8805119991302,1004,False,1,4,[ 8.02102525 -4.67093428  3.99953147],exiting,[-0.62185191  0.08809385  0.93462812]
922.8805119991302,1005,False,0,2,[2.89252968 8.58370638 1.29683006],waiting,[ 0.50568378 -0.03156594 -0.11489306]
922.9937772750854,1000,False,4,5,[-3.2997996  -0.83919226  4.00003274],cruising,[-0.82138112 -0.19970136 -0.21083176]
922.9937772750854,1001,False,0,3,[-0.320301   -7.49197825  4.        ],exiting,[-0.48080528  0.59740651 -0.20557775]
922.9937772750854,1002,False,3,6,[8.43903212 9.38111157 3.61703563],landing,[ 0.5677905  -0.59831228 -0.99408226]
922.9937772750854,1003,False,2,1,[-6.52167251  0.05842145  3.05883221],entering,[ 0.63925976  0.24903542 -0.34837281]
922.9937772750854,1004,False,1,4,[ 8.04671581 -4.76757793  3.99961935],exiting,[-0.62185191  0.08809385  0.93462812]
922.9937772750854,1005,False,0,2,[2.89252968 8.58370638 1.29683006],waiting,[ 0.50568378 -0.03156594 -0.11489306]
923.0891478061676,1000,False,4,5,[-3.34638097 -0.64469245  4.00002783],cruising,[-0.82138112 -0.19970136 -0.21083176]
923.0891478061676,1001,False,0,3,[-0.30496666 -7.59079555  4.        ],exiting,[-0.48080528  0.59740651 -0.20557775]
923.0891478061676,1002,False,3,6,[8.4580728  9.36817567 3.51972111],landing,[ 0.5677905  -0.59831228 -0.99408226]
923.0891478061676,1003,False,2,1,[-6.41266004  0.22610056  3.13383221],entering,[ 0.63925976  0.24903542 -0.34837281]
923.0891478061676,1004,False,1,4,[ 8.07240637 -4.86422157  3.9996913 ],exiting,[-0.62185191  0.08809385  0.93462812]
923.0891478061676,1005,False,0,2,[2.89252968 8.58370638 1.29683006],waiting,[ 0.50568378 -0.03156594 -0.11489306]
923.1879699230194,1000,False,4,5,[-3.40435276 -0.45327858  4.00002366],cruising,[-0.82138112 -0.19970136 -0.21083176]
923.1879699230194,1001,False,0,3,[-0.28963232 -7.68961284  4.        ],exiting,[-0.48080528  0.59740651 -0.20557775]
923.1879699230194,1002,False,3,6,[8.47711349 9.35523977 3.4224066 ],landing,[ 0.5677905  -0.59831228 -0.99408226]
923.1879699230194,1003,False,2,1,[-6.30834777  0.39674331  3.20883221],entering,[ 0.63925976  0.24903542 -0.34837281]
923.1879699230194,1004,False,1,4,[ 8.09809693 -4.96086522  3.99975013],exiting,[-0.62185191  0.08809385  0.93462812]
923.1879699230194,1005,False,0,2,[2.89252968 8.58370638 1.29683006],waiting,[ 0.50568378 -0.03156594 -0.11489306]
923.2873182296753,1000,False,4,5,[-3.47294705 -0.26540941  4.00002011],cruising,[-0.82138112 -0.19970136 -0.21083176]
923.2873182296753,1001,False,0,3,[-0.27429797 -7.78843014  4.        ],landing,[-0.48080528  0.59740651 -0.20557775]
923.2873182296753,1002,False,3,6,[8.49615417 9.34230387 3.32509208],landing,[ 0.5677905  -0.59831228 -0.99408226]
923.2873182296753,1003,False,2,1,[-6.20944105  0.57057501  3.28383221],entering,[ 0.63925976  0.24903542 -0.34837281]
923.2873182296753,1004,False,1,4,[ 8.12378749 -5.05750887  3.99979819],exiting,[-0.62185191  0.08809385  0.93462812]
923.2873182296753,1005,False,0,2,[2.89252968 8.58370638 1.29683006],waiting,[ 0.50568378 -0.03156594 -0.11489306]
923.3872108459473,1000,False,4,5,[-3.54949357 -0.08063758  4.00001709],cruising,[-0.82138112 -0.19970136 -0.21083176]
923.3872108459473,1001,False,0,3,[-0.26428655 -7.8739733   3.98601916],landing,[-0.48080528  0.59740651 -0.20557775]
923.3872108459473,1002,False,3,6,[8.51519485 9.32936797 3.22777757],landing,[ 0.5677905  -0.59831228 -0.99408226]
923.3872108459473,1003,False,2,1,[-6.11677515  0.74781223  3.35883221],entering,[ 0.63925976  0.24903542 -0.34837281]
923.3872108459473,1004,False,1,4,[ 8.14947805 -5.15415252  3.99983738],exiting,[-0.62185191  0.08809385  0.93462812]
923.3872108459473,1005,False,0,2,[2.89252968 8.58370638 1.29683006],queued,[ 0.50568378 -0.03156594 -0.11489306]
923.479190826416,1000,False,4,5,[-3.63676812  0.09931562  4.00001453],cruising,[-0.82138112 -0.19970136 -0.21083176]
923.479190826416,1001,False,0,3,[-0.25958694 -7.94606743  3.95822137],landing,[-0.48080528  0.59740651 -0.20557775]
923.479190826416,1002,False,3,6,[8.53423554 9.31643207 3.13046305],landing,[ 0.5677905  -0.59831228 -0.99408226]
923.479190826416,1003,False,2,1,[-6.03132187  0.92863738  3.43383221],entering,[ 0.63925976  0.24903542 -0.34837281]
923.479190826416,1004,False,1,4,[ 8.17516861 -5.25079617  3.99986929],exiting,[-0.62185191  0.08809385  0.93462812]
923.479190826416,1005,False,0,2,[2.89252968 8.58370638 1.31683006],queued,[ 0.50568378 -0.03156594 -0.11489306]
923.5844123363495,1000,False,4,5,[-3.73168215  0.27535915  4.00001235],cruising,[-0.82138112 -0.19970136 -0.21083176]
923.5844123363495,1001,False,0,3,[-0.26018494 -8.00450727  3.91680389],landing,[-0.48080528  0.59740651 -0.20557775]
923.5844123363495,1002,False,3,6,[8.55327622 9.30349616 3.03314854],landing,[ 0.5677905  -0.59831228 -0.99408226]
923.5844123363495,1003,False,2,1,[-5.95424     1.11318653  3.50883221],entering,[ 0.63925976  0.24903542 -0.34837281]
923.5844123363495,1004,False,1,4,[ 8.20085917 -5.34743982  3.99989523],exiting,[-0.62185191  0.08809385  0.93462812]
923.5844123363495,1005,False,0,2,[2.89252968 8.58370638 1.35683006],queued,[ 0.50568378 -0.03156594 -0.11489306]
923.686630487442,1000,False,4,5,[-3.83431196  0.44701906  4.0000105 ],cruising,[-0.82138112 -0.19970136 -0.21083176]
923.686630487442,1001,False,0,3,[-0.26605924 -8.0490145   3.86204314],landing,[-0.48080528  0.59740651 -0.20557775]
923.686630487442,1002,False,3,6,[8.5723169  9.29056026 2.93583402],landing,[ 0.5677905  -0.59831228 -0.99408226]
923.686630487442,1003,False,2,1,[-5.88688075  1.30150204  3.58250738],entering,[ 0.63925976  0.24903542 -0.34837281]
923.686630487442,1004,False,1,4,[ 8.22654973 -5.44408347  3.99991628],exiting,[-0.62185191  0.08809385  0.93462812]
923.686630487442,1005,False,0,2,[2.89252968 8.58370638 1.41683006],queued,[ 0.50568378 -0.03156594 -0.11489306]
923.7881991863251,1000,False,4,5,[-3.94091906  0.61623763  4.00000892],cruising,[-0.82138112 -0.19970136 -0.21083176]
923.7881991863251,1001,False,0,3,[-0.27718963 -8.07935133  3.7941838 ],landing,[-0.48080528  0.59740651 -0.20557775]
923.7881991863251,1002,False,3,6,[8.59135759 9.27762436 2.83851951],landing,[ 0.5677905  -0.59831228 -0.99408226]
923.7881991863251,1003,False,2,1,[-5.8307623   1.49346745  3.64513127],entering,[ 0.63925976  0.24903542 -0.34837281]
923.7881991863251,1004,False,1,4,[ 8.25224029 -5.54072712  3.99993333],exiting,[-0.62185191  0.08809385  0.93462812]
923.7881991863251,1005,False,0,2,[2.89252968 8.58370638 1.49183006],queued,[ 0.50568378 -0.03156594 -0.11489306]
923.8797538280487,1000,False,4,5,[-4.05061832  0.78346822  4.00000758],cruising,[-0.82138112 -0.19970136 -0.21083176]
923.8797538280487,1001,False,0,3,[-0.29355606 -8.09530154  3.71345553],landing,[-0.48080528  0.59740651 -0.20557775]
923.8797538280487,1002,False,3,6,[8.61039827 9.26468846 2.74120499],landing,[ 0.5677905  -0.59831228 -0.99408226]
923.8797538280487,1003,False,2,1,[-5.78748966  1.68873004  3.69836158],entering,[ 0.63925976  0.24903542 -0.34837281]
923.8797538280487,1004,False,1,4,[ 8.27793085 -5.63737077  3.99994712],exiting,[-0.62185191  0.08809385  0.93462812]
923.8797538280487,1005,False,0,2,[2.89252968 8.58370638 1.56683006],queued,[ 0.50568378 -0.03156594 -0.11489306]
923.9900324344635,1000,False,4,5,[-4.16267538  0.94912816  4.00000645],cruising,[-0.82138112 -0.19970136 -0.21083176]
923.9900324344635,1001,False,0,3,[-0.31513663 -8.09664742  3.62009689],landing,[-0.48080528  0.59740651 -0.20557775]
923.9900324344635,1002,False,3,6,[8.62943895 9.25175256 2.64389048],landing,[ 0.5677905  -0.59831228 -0.99408226]
923.9900324344635,1003,False,2,1,[-5.7585956   1.88663186  3.74360734],entering,[ 0.63925976  0.24903542 -0.34837281]
923.9900324344635,1004,False,1,4,[ 8.30362141 -5.73401442  3.99995823],exiting,[-0.62185191  0.08809385  0.93462812]
923.9900324344635,1005,False,0,2,[2.89252968 8.58370638 1.64183006],queued,[ 0.50568378 -0.03156594 -0.11489306]
924.0937914848328,1000,False,4,5,[-4.27647826  1.11359367  4.00000548],cruising,[-0.82138112 -0.19970136 -0.21083176]
924.0937914848328,1001,False,0,3,[-0.33833457 -8.09337374  3.52287992],landing,[-0.48080528  0.59740651 -0.20557775]
924.0937914848328,1002,False,3,6,[8.64847964 9.23881666 2.54657596],landing,[ 0.5677905  -0.59831228 -0.99408226]
924.0937914848328,1003,False,2,1,[-5.7452978   2.0861893   3.78206624],entering,[ 0.63925976  0.24903542 -0.34837281]
924.0937914848328,1004,False,1,4,[ 8.32931197 -5.83065807  3.99996717],exiting,[-0.62185191  0.08809385  0.93462812]
924.0937914848328,1005,False,0,2,[2.89252968 8.58370638 1.71683006],queued,[ 0.50568378 -0.03156594 -0.11489306]
924.1941900253296,1000,False,4,5,[-4.39151267  1.27720017  4.00000466],cruising,[-0.82138112 -0.19970136 -0.21083176]
924.1941900253296,1001,False,0,3,[-0.36153251 -8.09010007  3.42566295],landing,[-0.48080528  0.59740651 -0.20557775]
924.1941900253296,1002,False,3,6,[8.66752032 9.22588076 2.44926145],landing,[ 0.5677905  -0.59831228 -0.99408226]
924.1941900253296,1003,False,2,1,[-5.74735912  2.28617867  3.8147563 ],entering,[ 0.63925976  0.24903542 -0.34837281]
924.1941900253296,1004,False,1,4,[ 8.35500253 -5.92730172  3.99997434],exiting,[-0.62185191  0.08809385  0.93462812]
924.1941900253296,1005,False,0,2,[2.89252968 8.58370638 1.79183006],queued,[ 0.50568378 -0.03156594 -0.11489306]
924.2877588272095,1000,False,4,5,[-4.50734097  1.44024558  4.00000396],cruising,[-0.82138112 -0.19970136 -0.21083176]
924.2877588272095,1001,False,0,3,[-0.38473045 -8.08682639  3.32844599],landing,[-0.48080528  0.59740651 -0.20557775]
924.2877588272095,1002,False,3,6,[8.686561   9.21294486 2.35194693],landing,[ 0.5677905  -0.59831228 -0.99408226]
924.2877588272095,1003,False,2,1,[-5.76541444  2.48536202  3.84254286],cruising,[ 0.63925976  0.24903542 -0.34837281]
924.2877588272095,1004,False,1,4,[ 8.38069309 -6.02394537  3.99998007],exiting,[-0.62185191  0.08809385  0.93462812]
924.2877588272095,1005,False,0,2,[2.89252968 8.58370638 1.86683006],queued,[ 0.50568378 -0.03156594 -0.11489306]
924.3808448314667,1000,False,4,5,[-4.62348331  1.60306743  4.00000337],cruising,[-0.82138112 -0.19970136 -0.21083176]
924.3808448314667,1001,False,0,3,[-0.4079284  -8.08355271  3.23122902],landing,[-0.48080528  0.59740651 -0.20557775]
924.3808448314667,1002,False,3,6,[8.70560169 9.20000896 2.25463242],landing,[ 0.5677905  -0.59831228 -0.99408226]
924.3808448314667,1003,False,2,1,[-5.79725025  2.68281197  3.86616143],cruising,[ 0.63925976  0.24903542 -0.34837281]
924.3808448314667,1004,False,1,4,[ 8.40638365 -6.12058902  3.99998464],exiting,[-0.62185191  0.08809385  0.93462812]
924.3808448314667,1005,False,0,2,[2.89252968 8.58370638 1.94183006],queued,[ 0.50568378 -0.03156594 -0.11489306]
924.4849381446838,1000,False,4,5,[-4.73986935  1.76571518  4.00000286],cruising,[-0.82138112 -0.19970136 -0.21083176]
924.4849381446838,1001,False,0,3,[-0.43112634 -8.08027904  3.13401205],landing,[-0.48080528  0.59740651 -0.20557775]
924.4849381446838,1002,False,3,6,[8.72464237 9.18707306 2.1573179 ],landing,[ 0.5677905  -0.59831228 -0.99408226]
924.4849381446838,1003,False,2,1,[-5.84228823  2.87767494  3.88623722],cruising,[ 0.63925976  0.24903542 -0.34837281]
924.4849381446838,1004,False,1,4,[ 8.43207421 -6.21723267  3.99998826],exiting,[-0.62185191  0.08809385  0.93462812]
924.4849381446838,1005,False,0,2,[2.89252968 8.58370638 2.01683006],queued,[ 0.50568378 -0.03156594 -0.11489306]
924.5847206115723,1000,False,4,5,[-4.85615128  1.92843738  4.00000243],cruising,[-0.82138112 -0.19970136 -0.21083176]
924.5847206115723,1001,False,0,3,[-0.45432428 -8.07700536  3.03679509],landing,[-0.48080528  0.59740651 -0.20557775]
924.5847206115723,1002,False,3,6,[8.74368305 9.17413716 2.06000339],landing,[ 0.5677905  -0.59831228 -0.99408226]
924.5847206115723,1003,False,2,1,[-5.89682995  3.07009428  3.90330163],cruising,[ 0.63925976  0.24903542 -0.34837281]
924.5847206115723,1004,False,1,4,[ 8.45776477 -6.31387632  3.99999113],exiting,[-0.62185191  0.08809385  0.93462812]
924.5847206115723,1005,False,0,2,[2.89252968 8.58370638 2.09183006],queued,[ 0.50568378 -0.03156594 -0.11489306]
924.6860585212708,1000,False,4,5,[-4.97201286  2.09145913  4.00000207],cruising,[-0.82138112 -0.19970136 -0.21083176]
924.6860585212708,1001,False,0,3,[-0.47752222 -8.07373168  2.93957812],landing,[-0.48080528  0.59740651 -0.20557775]
924.6860585212708,1002,False,3,6,[8.76272374 9.16120126 1.96268887],landing,[ 0.5677905  -0.59831228 -0.99408226]
924.6860585212708,1003,False,2,1,[-5.9584376   3.26036908  3.91780639],cruising,[ 0.63925976  0.24903542 -0.34837281]
924.6860585212708,1004,False,1,4,[ 8.48345533 -6.41051997  3.99999338],exiting,[-0.62185191  0.08809385  0.93462812]
924.6860585212708,1005,False,0,2,[2.89252968 8.58370638 2.16683006],queued,[ 0.50568378 -0.03156594 -0.11489306]
924.7791929244995,1000,False,4,5,[-5.08715618  2.254989    4.00000176],cruising,[-0.82138112 -0.19970136 -0.21083176]
924.7791929244995,1001,False,0,3,[-0.50072016 -8.07045801  2.84236116],landing,[-0.48080528  0.59740651 -0.20557775]
924.7791929244995,1002,False,3,6,[8.78176442 9.14826536 1.86537436],landing,[ 0.5677905  -0.59831228 -0.99408226]
924.7791929244995,1003,False,2,1,[-6.02472386  3.44906495  3.93013543],cruising,[ 0.63925976  0.24903542 -0.34837281]
924.7791929244995,1004,False,1,4,[ 8.50914589 -6.50716362  3.99999514],exiting,[-0.62185191  0.08809385  0.93462812]
924.7791929244995,1005,False,0,2,[2.89252968 8.58370638 2.24183006],queued,[ 0.50568378 -0.03156594 -0.11489306]
924.8846390247345,1000,False,4,5,[-5.2018311   2.41884767  4.00000149],cruising,[-0.82138112 -0.19970136 -0.21083176]
924.8846390247345,1001,False,0,3,[-0.5239181  -8.06718433  2.74514419],landing,[-0.48080528  0.59740651 -0.20557775]
924.8846390247345,1002,False,3,6,[8.8008051  9.13532946 1.76805984],landing,[ 0.5677905  -0.59831228 -0.99408226]
924.8846390247345,1003,False,2,1,[-6.09341715  3.63689794  3.94061512],cruising,[ 0.63925976  0.24903542 -0.34837281]
924.8846390247345,1004,False,1,4,[ 8.53483645 -6.60380727  3.99999651],exiting,[-0.62185191  0.08809385  0.93462812]
924.8846390247345,1005,False,0,2,[2.89252968 8.58370638 2.31683006],queued,[ 0.50568378 -0.03156594 -0.11489306]
924.9885196685791,1000,False,4,5,[-5.31522624  2.58359457  4.00000127],cruising,[-0.82138112 -0.19970136 -0.21083176]
924.9885196685791,1001,False,0,3,[-0.54711604 -8.06391065  2.64792722],landing,[-0.48080528  0.59740651 -0.20557775]
924.9885196685791,1002,False,3,6,[8.81984578 9.12239356 1.67074533],landing,[ 0.5677905  -0.59831228 -0.99408226]
924.9885196685791,1003,False,2,1,[-6.16234486  3.82464503  3.94952285],cruising,[ 0.63925976  0.24903542 -0.34837281]
924.9885196685791,1004,False,1,4,[ 8.56052701 -6.70045092  3.99999756],exiting,[-0.62185191  0.08809385  0.93462812]
924.9885196685791,1005,False,0,2,[2.89252968 8.58370638 2.39183006],entering,[ 0.50568378 -0.03156594 -0.11489306]
925.085631608963,1000,False,4,5,[-5.42702798  2.74942693  4.00000108],cruising,[-0.82138112 -0.19970136 -0.21083176]
925.085631608963,1001,False,0,3,[-0.57031398 -8.06063698  2.55071026],landing,[-0.48080528  0.59740651 -0.20557775]
925.085631608963,1002,False,3,6,[8.83888647 9.10945766 1.57343081],landing,[ 0.5677905  -0.59831228 -0.99408226]
925.085631608963,1003,False,2,1,[-6.22936208  4.01308253  3.95709442],cruising,[ 0.63925976  0.24903542 -0.34837281]
925.085631608963,1004,False,1,4,[ 8.58621757 -6.79709458  3.99999836],exiting,[-0.62185191  0.08809385  0.93462812]
925.085631608963,1005,False,0,2,[2.88891905 8.564035   2.46683006],entering,[ 0.50568378 -0.03156594 -0.11489306]
925.1863934993744,1000,False,4,5,[-5.53689695  2.91654608  4.00000092],cruising,[-0.82138112 -0.19970136 -0.21083176]
925.1863934993744,1001,False,0,3,[-0.59351193 -8.0573633   2.45349329],landing,[-0.48080528  0.59740651 -0.20557775]
925.1863934993744,1002,False,3,6,[8.85792715 9.09652176 1.4761163 ],fake_landed,[ 0.5677905  -0.59831228 -0.99408226]
925.1863934993744,1003,False,2,1,[-6.29224484  4.20293974  3.96353026],cruising,[ 0.63925976  0.24903542 -0.34837281]
925.1863934993744,1004,False,1,4,[ 8.61190813 -6.89373823  3.99999896],exiting,[-0.62185191  0.08809385  0.93462812]
925.1863934993744,1005,False,0,2,[2.88172233 8.52468774 2.54183006],entering,[ 0.50568378 -0.03156594 -0.11489306]
925.2849760055542,1000,False,4,5,[-5.64445315  3.08516299  4.00000078],cruising,[-0.82138112 -0.19970136 -0.21083176]
925.2849760055542,1001,False,0,3,[-0.61670987 -8.05408962  2.35627632],landing,[-0.48080528  0.59740651 -0.20557775]
925.2849760055542,1002,False,3,6,[8.8731597  9.08617304 1.39826468],fake_landed,[ 0.5677905  -0.59831228 -0.99408226]
925.2849760055542,1003,False,2,1,[-6.34855615  4.39484866  3.96900072],cruising,[ 0.63925976  0.24903542 -0.34837281]
925.2849760055542,1004,False,1,4,[ 8.63759869 -6.99038188  3.9999994 ],exiting,[-0.62185191  0.08809385  0.93462812]
925.2849760055542,1005,False,0,2,[2.87118578 8.46562132 2.61683006],entering,[ 0.50568378 -0.03156594 -0.11489306]
925.3807716369629,1000,False,4,5,[-5.74925826  3.2555035   4.00000066],cruising,[-0.82138112 -0.19970136 -0.21083176]
925.3807716369629,1001,False,0,3,[-0.63990781 -8.05081595  2.25905936],landing,[-0.48080528  0.59740651 -0.20557775]
925.3807716369629,1002,False,3,6,[8.88458411 9.0784115  1.33987597],fake_landed,[ 0.5677905  -0.59831228 -0.99408226]
925.3807716369629,1003,False,2,1,[-6.38923314  4.59066843  3.97365061],cruising,[ 0.63925976  0.24903542 -0.34837281]
925.3807716369629,1004,False,1,4,[ 8.66328925 -7.08702553  3.99999972],landing,[-0.62185191  0.08809385  0.93462812]
925.3807716369629,1005,False,0,2,[2.85748571 8.38680668 2.69183006],entering,[ 0.50568378 -0.03156594 -0.11489306]
925.4835019111633,1000,False,4,5,[-5.85079371  3.42781296  4.00000056],cruising,[-0.82138112 -0.19970136 -0.21083176]
925.4835019111633,1001,False,0,3,[-0.66310575 -8.04754227  2.16184239],landing,[-0.48080528  0.59740651 -0.20557775]
925.4835019111633,1002,False,3,6,[8.89220038 9.07323714 1.30095017],fake_landed,[ 0.5677905  -0.59831228 -0.99408226]
925.4835019111633,1003,False,2,1,[-6.4168127   4.78875773  3.97760302],cruising,[ 0.63925976  0.24903542 -0.34837281]
925.4835019111633,1004,False,1,4,[ 8.68230804 -7.17131896  3.98575365],landing,[-0.62185191  0.08809385  0.93462812]
925.4835019111633,1005,False,0,2,[2.84086047 8.28820711 2.76683006],entering,[ 0.50568378 -0.03156594 -0.11489306]
925.5819165706635,1000,False,4,5,[-5.94843277  3.60235985  4.00000048],cruising,[-0.82138112 -0.19970136 -0.21083176]
925.5819165706635,1001,False,0,3,[-0.68630369 -8.04426859  2.06462542],landing,[-0.48080528  0.59740651 -0.20557775]
925.5819165706635,1002,False,3,6,[8.89600852 9.07064996 1.28148727],fake_landed,[ 0.5677905  -0.59831228 -0.99408226]
925.5819165706635,1003,False,2,1,[-6.42444338  4.98821166  3.98113194],cruising,[ 0.63925976  0.24903542 -0.34837281]
925.5819165706635,1004,False,1,4,[ 8.69464593 -7.24308402  3.95742192],landing,[-0.62185191  0.08809385  0.93462812]
925.5819165706635,1005,False,0,2,[2.82223718 8.16970759 2.84183006],entering,[ 0.50568378 -0.03156594 -0.11489306]
925.6825242042542,1000,False,4,5,[-6.04140388  3.77943715  4.00000041],cruising,[-0.82138112 -0.19970136 -0.21083176]
925.6825242042542,1001,False,0,3,[-0.70950163 -8.04099492  1.96740846],landing,[-0.48080528  0.59740651 -0.20557775]
925.6825242042542,1002,False,3,6,[8.89600852 9.07064996 1.28148727],fake_landed,[ 0.5677905  -0.59831228 -0.99408226]
925.6825242042542,1003,False,2,1,[-6.41212083  5.18633283  3.98435604],cruising,[ 0.63925976  0.24903542 -0.34837281]
925.6825242042542,1004,False,1,4,[ 8.70029328 -7.30210982  3.91519964],landing,[-0.62185191  0.08809385  0.93462812]
925.6825242042542,1005,False,0,2,[2.80279479 8.03122486 2.91683006],entering,[ 0.50568378 -0.03156594 -0.11489306]
925.7843067646027,1000,False,4,5,[-6.128742    3.9593595   4.00000035],cruising,[-0.82138112 -0.19970136 -0.21083176]
925.7843067646027,1001,False,0,3,[-0.73269957 -8.03772124  1.87019149],landing,[-0.48080528  0.59740651 -0.20557775]
925.7843067646027,1002,False,6,0,[8.89600852 9.07064996 1.28148727],waiting,[ 0.5677905  -0.59831228 -0.99408226]
925.7843067646027,1003,False,2,1,[-6.38018297  5.38055946  3.98731235],cruising,[ 0.63925976  0.24903542 -0.34837281]
925.7843067646027,1004,False,1,4,[ 8.6992388  -7.34810336  3.85936686],landing,[-0.62185191  0.08809385  0.93462812]
925.7843067646027,1005,False,0,2,[2.78431314 7.87276521 2.99183006],entering,[ 0.50568378 -0.03156594 -0.11489306]
925.8879117965698,1000,False,4,5,[-6.20922348  4.14245164  4.00000029],cruising,[-0.82138112 -0.19970136 -0.21083176]
925.8879117965698,1001,False,0,3,[-0.75589752 -8.03444756  1.77297452],landing,[-0.48080528  0.59740651 -0.20557775]
925.8879117965698,1002,False,6,0,[8.89600852 9.07064996 1.28148727],waiting,[ 0.5677905  -0.59831228 -0.99408226]
925.8879117965698,1003,False,2,1,[-6.32926038  5.56849992  3.99001473],cruising,[ 0.63925976  0.24903542 -0.34837281]
925.8879117965698,1004,False,1,4,[ 8.69147553 -7.38083653  3.79014919],landing,[-0.62185191  0.08809385  0.93462812]
925.8879117965698,1005,False,0,2,[2.76838882 7.69446974 3.06683006],entering,[ 0.50568378 -0.03156594 -0.11489306]
925.97962474823,1000,False,4,5,[-6.28127939  4.32902052  4.00000025],cruising,[-0.82138112 -0.19970136 -0.21083176]
925.97962474823,1001,False,0,3,[-0.77909546 -8.03117389  1.67575756],landing,[-0.48080528  0.59740651 -0.20557775]
925.97962474823,1002,False,6,0,[8.89600852 9.07064996 1.28148727],waiting,[ 0.5677905  -0.59831228 -0.99408226]
925.97962474823,1003,False,2,1,[-6.2602443   5.74792195  3.99246859],cruising,[ 0.63925976  0.24903542 -0.34837281]
925.97962474823,1004,False,1,4,[ 8.6769983  -7.40008763  3.70777264],landing,[-0.62185191  0.08809385  0.93462812]
925.97962474823,1005,False,0,2,[2.76260486 7.49893556 3.14183006],entering,[ 0.50568378 -0.03156594 -0.11489306]
926.0834171772003,1000,False,4,5,[-6.33729694  4.5210154   4.00000021],exiting,[-0.82138112 -0.19970136 -0.21083176]
926.0834171772003,1001,False,0,3,[-0.8022934  -8.02790021  1.57854059],landing,[-0.48080528  0.59740651 -0.20557775]
926.0834171772003,1002,False,6,0,[8.89600852 9.07064996 1.28148727],waiting,[ 0.5677905  -0.59831228 -0.99408226]
926.0834171772003,1003,False,2,1,[-6.1741732   5.91690096  3.99465874],cruising,[ 0.63925976  0.24903542 -0.34837281]
926.0834171772003,1004,False,1,4,[ 8.65580353 -7.40563305  3.61247212],landing,[-0.62185191  0.08809385  0.93462812]
926.0834171772003,1005,False,0,2,[2.76762482 7.29899857 3.21683006],entering,[ 0.50568378 -0.03156594 -0.11489306]
926.1923110485077,1000,False,4,5,[-6.39396268  4.69302079  4.00000017],exiting,[-0.82138112 -0.19970136 -0.21083176]
926.1923110485077,1001,False,0,3,[-0.82549134 -8.02462653  1.48132363],fake_landed,[-0.48080528  0.59740651 -0.20557775]
926.1923110485077,1002,False,6,0,[8.89600852 9.07064996 1.28148727],waiting,[ 0.5677905  -0.59831228 -0.99408226]
926.1923110485077,1003,False,2,1,[-6.07221528  6.07373333  3.99658796],cruising,[ 0.63925976  0.24903542 -0.34837281]
926.1923110485077,1004,False,1,4,[ 8.63348325 -7.40884483  3.51504784],landing,[-0.62185191  0.08809385  0.93462812]
926.1923110485077,1005,False,0,2,[2.78623682 7.09986647 3.29183006],entering,[ 0.50568378 -0.03156594 -0.11489306]
926.2858777046204,1000,False,4,5,[-6.45150525  4.84504541  4.00000014],exiting,[-0.82138112 -0.19970136 -0.21083176]
926.2858777046204,1001,False,0,3,[-0.84404969 -8.02200759  1.40355005],fake_landed,[-0.48080528  0.59740651 -0.20557775]
926.2858777046204,1002,False,6,0,[8.89600852 9.07064996 1.28148727],waiting,[ 0.5677905  -0.59831228 -0.99408226]
926.2858777046204,1003,False,2,1,[-5.95527005  6.2173254   3.99824283],cruising,[ 0.63925976  0.24903542 -0.34837281]
926.2858777046204,1004,False,1,4,[ 8.61116297 -7.41205661  3.41762357],landing,[-0.62185191  0.08809385  0.93462812]
926.2858777046204,1005,False,0,2,[2.82171487 6.90303835 3.36683006],entering,[ 0.50568378 -0.03156594 -0.11489306]
926.3857073783875,1000,False,4,5,[-6.51023984  4.97710558  4.00000011],exiting,[-0.82138112 -0.19970136 -0.21083176]
926.3857073783875,1001,False,0,3,[-0.85796846 -8.02004339  1.34521987],fake_landed,[-0.48080528  0.59740651 -0.20557775]
926.3857073783875,1002,False,6,0,[8.89600852 9.07064996 1.28148727],waiting,[ 0.5677905  -0.59831228 -0.99408226]
926.3857073783875,1003,False,2,1,[-5.8242274   6.34673364  3.99961202],cruising,[ 0.63925976  0.24903542 -0.34837281]
926.3857073783875,1004,False,1,4,[ 8.58884268 -7.41526839  3.32019929],landing,[-0.62185191  0.08809385  0.93462812]
926.3857073783875,1005,False,0,2,[2.86913169 6.70874052 3.44183006],entering,[ 0.50568378 -0.03156594 -0.11489306]
926.4934914112091,1000,False,4,5,[-6.57051479  5.08922515  4.00000008],exiting,[-0.82138112 -0.19970136 -0.21083176]
926.4934914112091,1001,False,0,3,[-0.86724763 -8.01873392  1.30633309],fake_landed,[-0.48080528  0.59740651 -0.20557775]
926.4934914112091,1002,False,6,0,[8.89600852 9.07064996 1.28148727],waiting,[ 0.5677905  -0.59831228 -0.99408226]
926.4934914112091,1003,False,2,1,[-5.67993272  6.46116536  4.00068566],cruising,[ 0.63925976  0.24903542 -0.34837281]
926.4934914112091,1004,False,1,4,[ 8.5665224  -7.41848017  3.22277501],landing,[-0.62185191  0.08809385  0.93462812]
926.4934914112091,1005,False,0,2,[2.93272585 6.51912042 3.51683006],entering,[ 0.50568378 -0.03156594 -0.11489306]
926.5835037231445,1000,False,4,5,[-6.63264779  5.18143123  4.00000006],exiting,[-0.82138112 -0.19970136 -0.21083176]
926.5835037231445,1001,False,0,3,[-0.87188722 -8.01807918  1.28688969],fake_landed,[-0.48080528  0.59740651 -0.20557775]
926.5835037231445,1002,False,6,0,[8.89600852 9.07064996 1.28148727],waiting,[ 0.5677905  -0.59831228 -0.99408226]
926.5835037231445,1003,False,2,1,[-5.52315343  6.55997523  4.00145499],cruising,[ 0.63925976  0.24903542 -0.34837281]
926.5835037231445,1004,False,1,4,[ 8.54420212 -7.42169195  3.12535074],landing,[-0.62185191  0.08809385  0.93462812]
926.5835037231445,1005,False,0,2,[3.0090268  6.33424704 3.58930555],entering,[ 0.50568378 -0.03156594 -0.11489306]
926.6856942176819,1000,False,4,5,[-6.69645444  5.25842936  4.00000005],exiting,[-0.82138112 -0.19970136 -0.21083176]
926.6856942176819,1001,False,0,3,[-0.87188722 -8.01807918  1.28688969],fake_landed,[-0.48080528  0.59740651 -0.20557775]
926.6856942176819,1002,False,6,0,[8.89600852 9.07064996 1.28148727],waiting,[ 0.5677905  -0.59831228 -0.99408226]
926.6856942176819,1003,False,2,1,[-5.3548879   6.64241506  4.00192781],cruising,[ 0.63925976  0.24903542 -0.34837281]
926.6856942176819,1004,False,1,4,[ 8.52188184 -7.42490373  3.02792646],landing,[-0.62185191  0.08809385  0.93462812]
926.6856942176819,1005,False,0,2,[3.10076766 6.15655916 3.65129402],entering,[ 0.50568378 -0.03156594 -0.11489306]
926.7904109954834,1000,False,4,5,[-6.76026109  5.33542748  4.00000004],exiting,[-0.82138112 -0.19970136 -0.21083176]
926.7904109954834,1001,False,3,6,[-0.87188722 -8.01807918  1.28688969],waiting,[-0.48080528  0.59740651 -0.20557775]
926.7904109954834,1002,False,6,0,[8.89600852 9.07064996 1.28148727],waiting,[ 0.5677905  -0.59831228 -0.99408226]
926.7904109954834,1003,False,2,1,[-5.17553957  6.70820927  4.00209285],cruising,[ 0.63925976  0.24903542 -0.34837281]
926.7904109954834,1004,False,1,4,[ 8.49956156 -7.42811551  2.93050219],landing,[-0.62185191  0.08809385  0.93462812]
926.7904109954834,1005,False,0,2,[3.20669513 5.98691431 3.70359991],entering,[ 0.50568378 -0.03156594 -0.11489306]
926.8824155330658,1000,False,4,5,[-6.82406773  5.41242561  4.00000003],exiting,[-0.82138112 -0.19970136 -0.21083176]
926.8824155330658,1001,False,3,6,[-0.87188722 -8.01807918  1.28688969],queued,[-0.48080528  0.59740651 -0.20557775]
926.8824155330658,1002,False,6,0,[8.89600852 9.07064996 1.28148727],waiting,[ 0.5677905  -0.59831228 -0.99408226]
926.8824155330658,1003,False,2,1,[-4.9851213   6.7573496   4.00193397],cruising,[ 0.63925976  0.24903542 -0.34837281]
926.8824155330658,1004,False,1,4,[ 8.47724128 -7.43132729  2.83307791],landing,[-0.62185191  0.08809385  0.93462812]
926.8824155330658,1005,False,0,2,[3.32783121 5.82780888 3.74831512],entering,[ 0.50568378 -0.03156594 -0.11489306]
926.979115486145,1000,False,4,5,[-6.88787438  5.48942374  4.00000002],exiting,[-0.82138112 -0.19970136 -0.21083176]
926.979115486145,1001,False,3,6,[-0.87188722 -8.01807918  1.30688969],queued,[-0.48080528  0.59740651 -0.20557775]
926.979115486145,1002,False,6,0,[8.89600852 9.07064996 1.28148727],waiting,[ 0.5677905  -0.59831228 -0.99408226]
926.979115486145,1003,False,2,1,[-4.79007481  6.80158609  4.00164387],cruising,[ 0.63925976  0.24903542 -0.34837281]
926.979115486145,1004,False,1,4,[ 8.45492099 -7.43453907  2.73565364],landing,[-0.62185191  0.08809385  0.93462812]
926.979115486145,1005,False,0,2,[3.46315471 5.68054195 3.78606785],entering,[ 0.50568378 -0.03156594 -0.11489306]
927.0814304351807,1000,False,4,5,[-6.95168103  5.56642186  4.00000002],exiting,[-0.82138112 -0.19970136 -0.21083176]
927.0814304351807,1001,False,3,6,[-0.87188722 -8.01807918  1.34688969],queued,[-0.48080528  0.59740651 -0.20557775]
927.0814304351807,1002,False,6,0,[8.89600852 9.07064996 1.28148727],waiting,[ 0.5677905  -0.59831228 -0.99408226]
927.0814304351807,1003,False,2,1,[-4.59589834  6.84949748  4.00139729],cruising,[ 0.63925976  0.24903542 -0.34837281]
927.0814304351807,1004,False,1,4,[ 8.43260071 -7.43775086  2.63822936],landing,[-0.62185191  0.08809385  0.93462812]
927.0814304351807,1005,False,0,2,[3.61198066 5.54699614 3.81839703],entering,[ 0.50568378 -0.03156594 -0.11489306]
927.1803543567657,1000,False,4,5,[-7.01548768  5.64341999  4.00000002],exiting,[-0.82138112 -0.19970136 -0.21083176]
927.1803543567657,1001,False,3,6,[-0.87188722 -8.01807918  1.40688969],queued,[-0.48080528  0.59740651 -0.20557775]
927.1803543567657,1002,False,6,0,[8.89600852 9.07064996 1.28148727],waiting,[ 0.5677905  -0.59831228 -0.99408226]
927.1803543567657,1003,False,2,1,[-4.40228045  6.89961844  4.0011877 ],cruising,[ 0.63925976  0.24903542 -0.34837281]
927.1803543567657,1004,False,1,4,[ 8.41028043 -7.44096264  2.54080508],landing,[-0.62185191  0.08809385  0.93462812]
927.1803543567657,1005,False,0,2,[3.77304481 5.42843459 3.8456569 ],cruising,[ 0.50568378 -0.03156594 -0.11489306]
927.2846195697784,1000,False,4,5,[-7.07929433  5.72041812  4.00000001],exiting,[-0.82138112 -0.19970136 -0.21083176]
927.2846195697784,1001,False,3,6,[-0.87188722 -8.01807918  1.48188969],queued,[-0.48080528  0.59740651 -0.20557775]
927.2846195697784,1002,False,6,0,[8.89600852 9.07064996 1.28148727],waiting,[ 0.5677905  -0.59831228 -0.99408226]
927.2846195697784,1003,False,2,1,[-4.20890328  6.95066028  4.00100954],cruising,[ 0.63925976  0.24903542 -0.34837281]
927.2846195697784,1004,False,1,4,[ 8.38796015 -7.44417442  2.44338081],landing,[-0.62185191  0.08809385  0.93462812]
927.2846195697784,1005,False,0,2,[3.94460133 5.32563204 3.86880836],cruising,[ 0.50568378 -0.03156594 -0.11489306]
927.3798589706421,1000,False,4,5,[-7.14310098  5.79741625  4.00000001],exiting,[-0.82138112 -0.19970136 -0.21083176]
927.3798589706421,1001,False,3,6,[-0.87188722 -8.01807918  1.55688969],queued,[-0.48080528  0.59740651 -0.20557775]
927.3798589706421,1002,False,6,0,[8.89600852 9.07064996 1.28148727],waiting,[ 0.5677905  -0.59831228 -0.99408226]
927.3798589706421,1003,False,2,1,[-4.01484879  6.99906335  4.00085811],cruising,[ 0.63925976  0.24903542 -0.34837281]
927.3798589706421,1004,False,1,4,[ 8.36563987 -7.4473862   2.34595653],landing,[-0.62185191  0.08809385  0.93462812]
927.3798589706421,1005,False,0,2,[4.12397671 5.23717601 3.88848711],cruising,[ 0.50568378 -0.03156594 -0.11489306]
927.4939875602722,1000,False,4,5,[-7.20690762  5.87441437  4.00000001],exiting,[-0.82138112 -0.19970136 -0.21083176]
927.4939875602722,1001,False,3,6,[-0.87188722 -8.01807918  1.63188969],queued,[-0.48080528  0.59740651 -0.20557775]
927.4939875602722,1002,False,6,0,[8.89600852 9.07064996 1.28148727],waiting,[ 0.5677905  -0.59831228 -0.99408226]
927.4939875602722,1003,False,2,1,[-3.82063949  7.04684144  4.00072939],cruising,[ 0.63925976  0.24903542 -0.34837281]
927.4939875602722,1004,False,1,4,[ 8.34331959 -7.45059798  2.24853226],landing,[-0.62185191  0.08809385  0.93462812]
927.4939875602722,1005,False,0,2,[4.30945792 5.16236476 3.90521404],cruising,[ 0.50568378 -0.03156594 -0.11489306]
927.5797002315521,1000,False,4,5,[-7.27071427  5.9514125   4.00000001],exiting,[-0.82138112 -0.19970136 -0.21083176]
927.5797002315521,1001,False,3,6,[-0.87188722 -8.01807918  1.70688969],queued,[-0.48080528  0.59740651 -0.20557775]
927.5797002315521,1002,False,6,0,[8.89600852 9.07064996 1.28148727],waiting,[ 0.5677905  -0.59831228 -0.99408226]
927.5797002315521,1003,False,2,1,[-3.62605575  7.09307098  4.00061999],cruising,[ 0.63925976  0.24903542 -0.34837281]
927.5797002315521,1004,False,1,4,[ 8.3209993  -7.45380976  2.15110798],landing,[-0.62185191  0.08809385  0.93462812]
927.5797002315521,1005,False,0,2,[4.49917643 5.09906479 3.91943194],cruising,[ 0.50568378 -0.03156594 -0.11489306]
927.6829812526703,1000,False,4,5,[-7.33452092  6.02841063  4.00000001],exiting,[-0.82138112 -0.19970136 -0.21083176]
927.6829812526703,1001,False,3,6,[-0.87188722 -8.01807918  1.78188969],queued,[-0.48080528  0.59740651 -0.20557775]
927.6829812526703,1002,False,6,0,[8.89600852 9.07064996 1.28148727],waiting,[ 0.5677905  -0.59831228 -0.99408226]
927.6829812526703,1003,False,2,1,[-3.43040038  7.13453149  4.00052699],cruising,[ 0.63925976  0.24903542 -0.34837281]
927.6829812526703,1004,False,1,4,[ 8.29867902 -7.45702154  2.05368371],landing,[-0.62185191  0.08809385  0.93462812]
927.6829812526703,1005,False,0,2,[4.69172237 5.0449717  3.93151714],cruising,[ 0.50568378 -0.03156594 -0.11489306]
927.7922387123108,1000,False,4,5,[-7.39832757  6.10540876  4.        ],exiting,[-0.82138112 -0.19970136 -0.21083176]
927.7922387123108,1001,False,3,6,[-0.87188722 -8.01807918  1.85688969],entering,[-0.48080528  0.59740651 -0.20557775]
927.7922387123108,1002,False,6,0,[8.89600852 9.07064996 1.28148727],waiting,[ 0.5677905  -0.59831228 -0.99408226]
927.7922387123108,1003,False,2,1,[-3.23419349  7.17329819  4.00044794],cruising,[ 0.63925976  0.24903542 -0.34837281]
927.7922387123108,1004,False,1,4,[ 8.27635874 -7.46023332  1.95625943],landing,[-0.62185191  0.08809385  0.93462812]
927.7922387123108,1005,False,0,2,[4.88622024 4.99838227 3.94178957],cruising,[ 0.50568378 -0.03156594 -0.11489306]
927.8847014904022,1000,False,4,5,[-7.46213422  6.18240688  4.        ],exiting,[-0.82138112 -0.19970136 -0.21083176]
927.8847014904022,1001,False,3,6,[-0.87837437 -7.99916049  1.93188969],entering,[-0.48080528  0.59740651 -0.20557775]
927.8847014904022,1002,False,6,0,[8.89600852 9.07064996 1.28148727],waiting,[ 0.5677905  -0.59831228 -0.99408226]
927.8847014904022,1003,False,2,1,[-3.03732996  7.20857921  4.00038075],cruising,[ 0.63925976  0.24903542 -0.34837281]
927.8847014904022,1004,False,1,4,[ 8.25403846 -7.4634451   1.85883516],landing,[-0.62185191  0.08809385  0.93462812]
927.8847014904022,1005,False,0,2,[5.08185981 4.95684723 3.95052114],cruising,[ 0.50568378 -0.03156594 -0.11489306]
927.9817550182343,1000,False,4,5,[-7.52594087  6.25940501  4.        ],exiting,[-0.82138112 -0.19970136 -0.21083176]
927.9817550182343,1001,False,3,6,[-0.89134867 -7.96132311  2.00688969],entering,[-0.48080528  0.59740651 -0.20557775]
927.9817550182343,1002,False,6,0,[8.89600852 9.07064996 1.28148727],queued,[ 0.5677905  -0.59831228 -0.99408226]
927.9817550182343,1003,False,2,1,[-2.83933096  7.23679972  4.00032364],cruising,[ 0.63925976  0.24903542 -0.34837281]
927.9817550182343,1004,False,1,4,[ 8.23171818 -7.46665688  1.76141088],landing,[-0.62185191  0.08809385  0.93462812]
927.9817550182343,1005,False,0,2,[5.27813787 4.9184425  3.95794297],cruising,[ 0.50568378 -0.03156594 -0.11489306]
928.0796573162079,1000,False,4,5,[-7.58974751  6.33640314  4.        ],exiting,[-0.82138112 -0.19970136 -0.21083176]
928.0796573162079,1001,False,3,6,[-0.91081011 -7.90456703  2.08188969],entering,[-0.48080528  0.59740651 -0.20557775]
928.0796573162079,1002,False,6,0,[8.89600852 9.07064996 1.30148727],queued,[ 0.5677905  -0.59831228 -0.99408226]
928.0796573162079,1003,False,2,1,[-2.64071203  7.26026285  4.00027509],cruising,[ 0.63925976  0.24903542 -0.34837281]
928.0796573162079,1004,False,1,4,[ 8.2093979  -7.46986866  1.6639866 ],landing,[-0.62185191  0.08809385  0.93462812]
928.0796573162079,1005,False,0,2,[5.47468719 4.88145108 3.96425152],cruising,[ 0.50568378 -0.03156594 -0.11489306]
928.18181848526,1000,False,4,5,[-7.65355416  6.41340127  4.        ],exiting,[-0.82138112 -0.19970136 -0.21083176]
928.18181848526,1001,False,3,6,[-0.9367587  -7.82889226  2.15688969],entering,[-0.48080528  0.59740651 -0.20557775]
928.18181848526,1002,False,6,0,[8.89600852 9.07064996 1.34148727],queued,[ 0.5677905  -0.59831228 -0.99408226]
928.18181848526,1003,False,2,1,[-2.4412244   7.27456979  4.00023383],cruising,[ 0.63925976  0.24903542 -0.34837281]
928.18181848526,1004,False,1,4,[ 8.18707761 -7.47308044  1.56656233],landing,[-0.62185191  0.08809385  0.93462812]
928.18181848526,1005,False,0,2,[5.67153973 4.8461088  3.96961379],cruising,[ 0.50568378 -0.03156594 -0.11489306]
928.2804725170135,1000,False,4,5,[-7.71736081  6.49039939  4.        ],exiting,[-0.82138112 -0.19970136 -0.21083176]
928.2804725170135,1001,False,3,6,[-0.96919444 -7.7342988   2.23188969],entering,[-0.48080528  0.59740651 -0.20557775]
928.2804725170135,1002,False,6,0,[8.89600852 9.07064996 1.40148727],queued,[ 0.5677905  -0.59831228 -0.99408226]
928.2804725170135,1003,False,2,1,[-2.24125996  7.27834081  4.00019875],cruising,[ 0.63925976  0.24903542 -0.34837281]
928.2804725170135,1004,False,1,4,[ 8.16475733 -7.47629222  1.46913805],fake_landed,[-0.62185191  0.08809385  0.93462812]
928.2804725170135,1005,False,0,2,[5.86810344 4.80919393 3.97417172],cruising,[ 0.50568378 -0.03156594 -0.11489306]
928.3823964595795,1000,False,4,5,[-7.78116746  6.56739752  4.        ],exiting,[-0.82138112 -0.19970136 -0.21083176]
928.3823964595795,1001,False,3,6,[-1.00811732 -7.62078665  2.30688969],entering,[-0.48080528  0.59740651 -0.20557775]
928.3823964595795,1002,False,6,0,[8.89600852 9.07064996 1.47648727],queued,[ 0.5677905  -0.59831228 -0.99408226]
928.3823964595795,1003,False,2,1,[-2.04172172  7.26475814  4.00016894],cruising,[ 0.63925976  0.24903542 -0.34837281]
928.3823964595795,1004,False,1,4,[ 8.14690111 -7.47886164  1.39119863],fake_landed,[-0.62185191  0.08809385  0.93462812]
928.3823964595795,1005,False,0,2,[6.06410139 4.76938432 3.97804597],cruising,[ 0.50568378 -0.03156594 -0.11489306]
928.4839277267456,1000,False,4,5,[-7.84497411  6.64439565  4.        ],exiting,[-0.82138112 -0.19970136 -0.21083176]
928.4839277267456,1001,False,3,6,[-1.05352736 -7.4883558   2.38188969],entering,[-0.48080528  0.59740651 -0.20557775]
928.4839277267456,1002,False,6,0,[8.89600852 9.07064996 1.55148727],entering,[ 0.5677905  -0.59831228 -0.99408226]
928.4839277267456,1003,False,2,1,[-1.84436526  7.23234782  4.0001436 ],cruising,[ 0.63925976  0.24903542 -0.34837281]
928.4839277267456,1004,False,1,4,[ 8.13350894 -7.48078871  1.33274407],fake_landed,[-0.62185191  0.08809385  0.93462812]
928.4839277267456,1005,False,0,2,[6.25920337 4.72539321 3.98133907],cruising,[ 0.50568378 -0.03156594 -0.11489306]
928.5930213928223,1000,False,4,5,[-7.90878076  6.72139378  4.        ],exiting,[-0.82138112 -0.19970136 -0.21083176]
928.5930213928223,1001,False,3,6,[-1.10542454 -7.33700626  2.45688969],entering,[-0.48080528  0.59740651 -0.20557775]
928.5930213928223,1002,False,6,0,[8.89178023 9.05110203 1.62648727],entering,[ 0.5677905  -0.59831228 -0.99408226]
928.5930213928223,1003,False,2,1,[-1.64918641  7.18869902  4.00012206],cruising,[ 0.63925976  0.24903542 -0.34837281]
928.5930213928223,1004,False,1,4,[ 8.12458083 -7.48207342  1.29377436],fake_landed,[-0.62185191  0.08809385  0.93462812]
928.5930213928223,1005,False,0,2,[6.45299027 4.67592973 3.98413821],cruising,[ 0.50568378 -0.03156594 -0.11489306]
928.6843338012695,1000,False,4,5,[-7.9725874  6.7983919  4.       ],exiting,[-0.82138112 -0.19970136 -0.21083176]
928.6843338012695,1001,False,3,6,[-1.16380887 -7.16673803  2.53188969],entering,[-0.48080528  0.59740651 -0.20557775]
928.6843338012695,1002,False,6,0,[8.88332365 9.01200617 1.70148727],entering,[ 0.5677905  -0.59831228 -0.99408226]
928.6843338012695,1003,False,2,1,[-1.45825577  7.129155    4.00010375],cruising,[ 0.63925976  0.24903542 -0.34837281]
928.6843338012695,1004,False,1,4,[ 8.12011677 -7.48271578  1.2742895 ],fake_landed,[-0.62185191  0.08809385  0.93462812]
928.6843338012695,1005,False,0,2,[6.64491346 4.61966705 3.98651748],cruising,[ 0.50568378 -0.03156594 -0.11489306]
928.7820363044739,1000,False,4,5,[-8.03639405  6.87539003  4.        ],exiting,[-0.82138112 -0.19970136 -0.21083176]
928.7820363044739,1001,False,3,6,[-1.22993223 -6.9780278   2.60688969],entering,[-0.48080528  0.59740651 -0.20557775]
928.7820363044739,1002,False,6,0,[8.87063878 8.95336238 1.77648727],entering,[ 0.5677905  -0.59831228 -0.99408226]
928.7820363044739,1003,False,2,1,[-1.27187886  7.056604    4.00008819],cruising,[ 0.63925976  0.24903542 -0.34837281]
928.7820363044739,1004,False,4,3,[ 8.12011677 -7.48271578  1.2742895 ],waiting,[-0.62185191  0.08809385  0.93462812]
928.7820363044739,1005,False,0,2,[6.83424598 4.55522175 3.98853986],cruising,[ 0.50568378 -0.03156594 -0.11489306]
928.8900425434113,1000,False,4,5,[-8.1002007   6.95238816  4.        ],exiting,[-0.82138112 -0.19970136 -0.21083176]
928.8900425434113,1001,False,3,6,[-1.29607137 -6.78928031  2.68188969],entering,[-0.48080528  0.59740651 -0.20557775]
928.8900425434113,1002,False,6,0,[8.85372562 8.87517066 1.85148727],entering,[ 0.5677905  -0.59831228 -0.99408226]
928.8900425434113,1003,False,2,1,[-1.08987725  6.9736859   4.00007496],cruising,[ 0.63925976  0.24903542 -0.34837281]
928.8900425434113,1004,False,4,3,[ 8.12011677 -7.48271578  1.2742895 ],waiting,[-0.62185191  0.08809385  0.93462812]
928.8900425434113,1005,False,0,2,[7.02002386 4.48115029 3.99025888],cruising,[ 0.50568378 -0.03156594 -0.11489306]
928.984653711319,1000,False,4,5,[-8.16400735  7.02938629  4.        ],exiting,[-0.82138112 -0.19970136 -0.21083176]
928.984653711319,1001,False,3,6,[-1.36221051 -6.60053282  2.75688969],entering,[-0.48080528  0.59740651 -0.20557775]
928.984653711319,1002,False,6,0,[8.83258884 8.77743    1.92648727],entering,[ 0.5677905  -0.59831228 -0.99408226]
928.984653711319,1003,False,2,1,[-0.91176356  6.88271603  4.00006372],cruising,[ 0.63925976  0.24903542 -0.34837281]
928.984653711319,1004,False,4,3,[ 8.12011677 -7.48271578  1.2742895 ],waiting,[-0.62185191  0.08809385  0.93462812]
928.984653711319,1005,False,0,2,[7.2009788  4.39597219 3.99172005],cruising,[ 0.50568378 -0.03156594 -0.11489306]
929.0932052135468,1000,False,4,5,[-8.227814    7.10638441  4.        ],exiting,[-0.82138112 -0.19970136 -0.21083176]
929.0932052135468,1001,False,3,6,[-1.42904399 -6.41203008  2.83188969],entering,[-0.48080528  0.59740651 -0.20557775]
929.0932052135468,1002,False,6,0,[8.80738678 8.66010686 2.00148727],entering,[ 0.5677905  -0.59831228 -0.99408226]
929.0932052135468,1003,False,2,1,[-0.73575796  6.78773167  4.00005416],cruising,[ 0.63925976  0.24903542 -0.34837281]
929.0932052135468,1004,False,4,3,[ 8.12011677 -7.48271578  1.2742895 ],waiting,[-0.62185191  0.08809385  0.93462812]
929.0932052135468,1005,False,0,2,[7.3754696  4.29823294 3.99296204],cruising,[ 0.50568378 -0.03156594 -0.11489306]
929.189834356308,1000,False,4,5,[-8.29162065  7.18338254  4.        ],exiting,[-0.82138112 -0.19970136 -0.21083176]
929.189834356308,1001,False,3,6,[-1.49650168 -6.22374981  2.90688969],entering,[-0.48080528  0.59740651 -0.20557775]
929.189834356308,1002,False,6,0,[8.77836494 8.52315188 2.07648727],entering,[ 0.5677905  -0.59831228 -0.99408226]
929.189834356308,1003,False,2,1,[-0.56275888  6.68737572  4.00004603],cruising,[ 0.63925976  0.24903542 -0.34837281]
929.189834356308,1004,False,4,3,[ 8.12011677 -7.48271578  1.2742895 ],waiting,[-0.62185191  0.08809385  0.93462812]
929.189834356308,1005,False,0,2,[7.53912618 4.18368306 3.99405344],cruising,[ 0.50568378 -0.03156594 -0.11489306]
929.2841582298279,1000,False,4,5,[-8.35542729  7.26038067  4.        ],exiting,[-0.82138112 -0.19970136 -0.21083176]
929.2841582298279,1001,False,3,6,[-1.56395938 -6.03546954  2.98188969],entering,[-0.48080528  0.59740651 -0.20557775]
929.2841582298279,1002,False,6,0,[8.74592713 8.36649078 2.15148727],entering,[ 0.5677905  -0.59831228 -0.99408226]
929.2841582298279,1003,False,2,1,[-0.39194836  6.58333839  4.00003913],cruising,[ 0.63925976  0.24903542 -0.34837281]
929.2841582298279,1004,False,4,3,[ 8.12011677 -7.48271578  1.2742895 ],waiting,[-0.62185191  0.08809385  0.93462812]
929.2841582298279,1005,False,0,2,[7.69052783 4.05332851 3.99497547],cruising,[ 0.50568378 -0.03156594 -0.11489306]
929.3859746456146,1000,False,4,5,[-8.41923394  7.3373788   4.        ],landing,[-0.82138112 -0.19970136 -0.21083176]
929.3859746456146,1001,False,3,6,[-1.63269073 -5.84765048  3.05688969],entering,[-0.48080528  0.59740651 -0.20557775]
929.3859746456146,1002,False,6,0,[8.71041525 8.19006733 2.22648727],entering,[ 0.5677905  -0.59831228 -0.99408226]
929.3859746456146,1003,False,2,1,[-0.22203512  6.47784199  4.00003326],cruising,[ 0.63925976  0.24903542 -0.34837281]
929.3859746456146,1004,False,4,3,[ 8.12011677 -7.48271578  1.2742895 ],waiting,[-0.62185191  0.08809385  0.93462812]
929.3859746456146,1005,False,0,2,[7.82811598 3.90851131 3.99575804],cruising,[ 0.50568378 -0.03156594 -0.11489306]
929.480593919754,1000,False,4,5,[-8.47182896  7.40598014  3.98572438],landing,[-0.82138112 -0.19970136 -0.21083176]
929.480593919754,1001,False,3,6,[-1.70142208 -5.65983141  3.13188969],entering,[-0.48080528  0.59740651 -0.20557775]
929.480593919754,1002,False,6,0,[8.67186679 7.99387576 2.30148727],entering,[ 0.5677905  -0.59831228 -0.99408226]
929.480593919754,1003,False,2,1,[-0.05316803  6.370679    4.00002827],cruising,[ 0.63925976  0.24903542 -0.34837281]
929.480593919754,1004,False,4,3,[ 8.12011677 -7.48271578  1.2742895 ],waiting,[-0.62185191  0.08809385  0.93462812]
929.480593919754,1005,False,0,2,[7.95006205 3.75123141 3.99646227],cruising,[ 0.50568378 -0.03156594 -0.11489306]
929.5814881324768,1000,False,4,5,[-8.51312911  7.46602659  3.95733353],landing,[-0.82138112 -0.19970136 -0.21083176]
929.5814881324768,1001,False,3,6,[-1.77129232 -5.47243304  3.20688969],entering,[-0.48080528  0.59740651 -0.20557775]
929.5814881324768,1002,False,6,0,[8.63330974 7.79762756 2.37648727],entering,[ 0.5677905  -0.59831228 -0.99408226]
929.5814881324768,1003,False,2,1,[0.11552241 6.26323814 4.00002403],cruising,[ 0.63925976  0.24903542 -0.34837281]
929.5814881324768,1004,False,4,3,[ 8.12011677 -7.48271578  1.2742895 ],queued,[-0.62185191  0.08809385  0.93462812]
929.5814881324768,1005,False,0,2,[8.05526379 3.58301439 3.99708305],cruising,[ 0.50568378 -0.03156594 -0.11489306]
929.6789300441742,1000,False,4,5,[-8.54303679  7.5173303   3.91502232],landing,[-0.82138112 -0.19970136 -0.21083176]
929.6789300441742,1001,False,3,6,[-1.84047776 -5.28478077  3.28188969],entering,[-0.48080528  0.59740651 -0.20557775]
929.6789300441742,1002,False,6,0,[8.59533658 7.60126555 2.45148727],entering,[ 0.5677905  -0.59831228 -0.99408226]
929.6789300441742,1003,False,2,1,[0.2842987  6.15593221 4.00002043],cruising,[ 0.63925976  0.24903542 -0.34837281]
929.6789300441742,1004,False,4,3,[ 8.12011677 -7.48271578  1.2942895 ],queued,[-0.62185191  0.08809385  0.93462812]
929.6789300441742,1005,False,0,2,[8.14283021 3.40536403 3.99761654],cruising,[ 0.50568378 -0.03156594 -0.11489306]
929.7928721904755,1000,False,4,5,[-8.56141802  7.55962874  3.85907126],landing,[-0.82138112 -0.19970136 -0.21083176]
929.7928721904755,1001,False,3,6,[-1.91137314 -5.09776781  3.35688969],entering,[-0.48080528  0.59740651 -0.20557775]
929.7928721904755,1002,False,6,0,[8.5599545  7.40442016 2.52648727],entering,[ 0.5677905  -0.59831228 -0.99408226]
929.7928721904755,1003,False,2,1,[0.45357855 6.04942245 4.00001736],cruising,[ 0.63925976  0.24903542 -0.34837281]
929.7928721904755,1004,False,4,3,[ 8.12011677 -7.48271578  1.3342895 ],queued,[-0.62185191  0.08809385  0.93462812]
929.7928721904755,1005,False,0,2,[8.21208081 3.21968111 3.99805744],cruising,[ 0.50568378 -0.03156594 -0.11489306]
929.8833446502686,1000,False,4,5,[-8.56817126  7.59271903  3.78970378],landing,[-0.82138112 -0.19970136 -0.21083176]
929.8833446502686,1001,False,3,6,[-1.98288631 -4.91099023  3.43188969],entering,[-0.48080528  0.59740651 -0.20557775]
929.8833446502686,1002,False,6,0,[8.52576831 7.20736356 2.60148727],entering,[ 0.5677905  -0.59831228 -0.99408226]
929.8833446502686,1003,False,2,1,[0.62362383 5.94413901 4.00001476],cruising,[ 0.63925976  0.24903542 -0.34837281]
929.8833446502686,1004,False,4,3,[ 8.12011677 -7.48271578  1.3942895 ],queued,[-0.62185191  0.08809385  0.93462812]
929.8833446502686,1005,False,0,2,[8.26249487 3.02727698 3.99839839],cruising,[ 0.50568378 -0.03156594 -0.11489306]
929.9799690246582,1000,False,4,5,[-8.56319846  7.61640175  3.70714548],landing,[-0.82138112 -0.19970136 -0.21083176]
929.9799690246582,1001,False,3,6,[-2.05466183 -4.7243133   3.50688969],entering,[-0.48080528  0.59740651 -0.20557775]
929.9799690246582,1002,False,6,0,[8.49158211 7.01030696 2.67648727],entering,[ 0.5677905  -0.59831228 -0.99408226]
929.9799690246582,1003,False,2,1,[0.79519878 5.84136723 4.00001254],cruising,[ 0.63925976  0.24903542 -0.34837281]
929.9799690246582,1004,False,4,3,[ 8.12011677 -7.48271578  1.4692895 ],queued,[-0.62185191  0.08809385  0.93462812]
929.9799690246582,1005,False,0,2,[8.30024314 2.83087162 3.99863863],cruising,[ 0.50568378 -0.03156594 -0.11489306]
930.0868470668793,1000,False,4,5,[-8.54640225  7.63047507  3.61163087],landing,[-0.82138112 -0.19970136 -0.21083176]
930.0868470668793,1001,False,3,6,[-2.12633091 -4.53759549  3.58085624],entering,[-0.48080528  0.59740651 -0.20557775]
930.0868470668793,1002,False,6,0,[8.4588785  6.81299889 2.75148727],entering,[ 0.5677905  -0.59831228 -0.99408226]
930.0868470668793,1003,False,2,1,[0.96811662 5.74087136 4.00001066],cruising,[ 0.63925976  0.24903542 -0.34837281]
930.0868470668793,1004,False,4,3,[ 8.12011677 -7.48271578  1.5442895 ],queued,[-0.62185191  0.08809385  0.93462812]
930.0868470668793,1005,False,0,2,[8.33191322 2.63339502 3.99884284],cruising,[ 0.50568378 -0.03156594 -0.11489306]
930.1833128929138,1000,False,4,5,[-8.52779607  7.6430582   3.51418614],landing,[-0.82138112 -0.19970136 -0.21083176]
930.1833128929138,1001,False,3,6,[-2.19590947 -4.35008862  3.6437278 ],entering,[-0.48080528  0.59740651 -0.20557775]
930.1833128929138,1002,False,6,0,[8.42973145 6.61513416 2.82648727],entering,[ 0.5677905  -0.59831228 -0.99408226]
930.1833128929138,1003,False,2,1,[1.14339388 5.64454959 4.00000906],cruising,[ 0.63925976  0.24903542 -0.34837281]
930.1833128929138,1004,False,4,3,[ 8.12011677 -7.48271578  1.6192895 ],queued,[-0.62185191  0.08809385  0.93462812]
930.1833128929138,1005,False,0,2,[8.35867839 2.43519405 3.99901641],cruising,[ 0.50568378 -0.03156594 -0.11489306]
930.2866830825806,1000,False,4,5,[-8.50918989  7.65564132  3.41674141],landing,[-0.82138112 -0.19970136 -0.21083176]
930.2866830825806,1001,False,3,6,[-2.26548698 -4.16258137  3.69716863],entering,[-0.48080528  0.59740651 -0.20557775]
930.2866830825806,1002,False,6,0,[8.4005844  6.41726944 2.90148727],entering,[ 0.5677905  -0.59831228 -0.99408226]
930.2866830825806,1003,False,2,1,[1.3204648  5.55156631 4.0000077 ],cruising,[ 0.63925976  0.24903542 -0.34837281]
930.2866830825806,1004,False,4,3,[ 8.12011677 -7.48271578  1.6942895 ],queued,[-0.62185191  0.08809385  0.93462812]
930.2866830825806,1005,False,0,2,[8.38447024 2.23686407 3.99916395],cruising,[ 0.50568378 -0.03156594 -0.11489306]
930.3817639350891,1000,False,4,5,[-8.49058371  7.66822444  3.31929669],landing,[-0.82138112 -0.19970136 -0.21083176]
930.3817639350891,1001,False,3,6,[-2.32731565 -3.97237828  3.74259334],entering,[-0.48080528  0.59740651 -0.20557775]
930.3817639350891,1002,False,6,0,[8.37395238 6.21905053 2.97648727],entering,[ 0.5677905  -0.59831228 -0.99408226]
930.3817639350891,1003,False,2,1,[1.4995451  5.4625144  4.00000655],cruising,[ 0.63925976  0.24903542 -0.34837281]
930.3817639350891,1004,False,4,3,[ 8.12011677 -7.48271578  1.7692895 ],queued,[-0.62185191  0.08809385  0.93462812]
930.3817639350891,1005,False,0,2,[8.40566744 2.03799054 3.99928936],cruising,[ 0.50568378 -0.03156594 -0.11489306]
930.4923188686371,1000,False,4,5,[-8.47197753  7.68080757  3.22185196],landing,[-0.82138112 -0.19970136 -0.21083176]
930.4923188686371,1001,False,3,6,[-2.38802124 -3.78181377  3.78120434],entering,[-0.48080528  0.59740651 -0.20557775]
930.4923188686371,1002,False,6,0,[8.35045798 6.02043529 3.05148727],entering,[ 0.5677905  -0.59831228 -0.99408226]
930.4923188686371,1003,False,2,1,[1.68185096 5.38026735 4.00000557],cruising,[ 0.63925976  0.24903542 -0.34837281]
930.4923188686371,1004,False,4,3,[ 8.12011677 -7.48271578  1.8442895 ],queued,[-0.62185191  0.08809385  0.93462812]
930.4923188686371,1005,False,0,2,[8.42563884 1.83899018 3.99939595],cruising,[ 0.50568378 -0.03156594 -0.11489306]
930.5831513404846,1000,False,4,5,[-8.45337135  7.69339069  3.12440723],landing,[-0.82138112 -0.19970136 -0.21083176]
930.5831513404846,1001,False,3,6,[-2.448713   -3.59124486  3.81402369],cruising,[-0.48080528  0.59740651 -0.20557775]
930.5831513404846,1002,False,6,0,[8.32818088 5.82167984 3.12648727],entering,[ 0.5677905  -0.59831228 -0.99408226]
930.5831513404846,1003,False,2,1,[1.86635018 5.30306607 4.00000473],cruising,[ 0.63925976  0.24903542 -0.34837281]
930.5831513404846,1004,False,4,3,[ 8.12011677 -7.48271578  1.9192895 ],queued,[-0.62185191  0.08809385  0.93462812]
930.5831513404846,1005,False,0,2,[8.4440162  1.63983629 3.99948656],cruising,[ 0.50568378 -0.03156594 -0.11489306]
930.6837556362152,1000,False,4,5,[-8.43476517  7.70597382  3.0269625 ],landing,[-0.82138112 -0.19970136 -0.21083176]
930.6837556362152,1001,False,3,6,[-2.50336291 -3.39885622  3.84192013],cruising,[-0.48080528  0.59740651 -0.20557775]
930.6837556362152,1002,False,6,0,[8.31078805 5.62243755 3.20148727],entering,[ 0.5677905  -0.59831228 -0.99408226]
930.6837556362152,1003,False,2,1,[2.05315041 5.23161208 4.00000402],cruising,[ 0.63925976  0.24903542 -0.34837281]
930.6837556362152,1004,False,4,3,[ 8.12011677 -7.48271578  1.9942895 ],queued,[-0.62185191  0.08809385  0.93462812]
930.6837556362152,1005,False,0,2,[8.45787557 1.44031707 3.99956358],cruising,[ 0.50568378 -0.03156594 -0.11489306]
930.7820637226105,1000,False,4,5,[-8.41615899  7.71855694  2.92951777],landing,[-0.82138112 -0.19970136 -0.21083176]
930.7820637226105,1001,False,3,6,[-2.55313482 -3.20514831  3.86563211],cruising,[-0.48080528  0.59740651 -0.20557775]
930.7820637226105,1002,False,6,0,[8.29609845 5.42297774 3.27648727],entering,[ 0.5677905  -0.59831228 -0.99408226]
930.7820637226105,1003,False,2,1,[2.24229212 5.16660892 4.00000342],cruising,[ 0.63925976  0.24903542 -0.34837281]
930.7820637226105,1004,False,4,3,[ 8.12011677 -7.48271578  2.0692895 ],queued,[-0.62185191  0.08809385  0.93462812]
930.7820637226105,1005,False,0,2,[8.47022716 1.24069884 3.99962904],cruising,[ 0.50568378 -0.03156594 -0.11489306]
930.8850333690643,1000,False,4,5,[-8.39755281  7.73114006  2.83207304],landing,[-0.82138112 -0.19970136 -0.21083176]
930.8850333690643,1001,False,3,6,[-2.59583624 -3.00976     3.8857873 ],cruising,[-0.48080528  0.59740651 -0.20557775]
930.8850333690643,1002,False,6,0,[8.28498663 5.22328666 3.35148727],entering,[ 0.5677905  -0.59831228 -0.99408226]
930.8850333690643,1003,False,2,1,[2.4360295  5.11695181 4.00000291],cruising,[ 0.63925976  0.24903542 -0.34837281]
930.8850333690643,1004,False,4,3,[ 8.12011677 -7.48271578  2.1442895 ],queued,[-0.62185191  0.08809385  0.93462812]
930.8850333690643,1005,False,0,2,[8.47855017 1.0408721  3.99968468],cruising,[ 0.50568378 -0.03156594 -0.11489306]
930.9868814945221,1000,False,4,5,[-8.37894663  7.74372319  2.73462832],landing,[-0.82138112 -0.19970136 -0.21083176]
930.9868814945221,1001,False,3,6,[-2.63803328 -2.81426215  3.9029192 ],cruising,[-0.48080528  0.59740651 -0.20557775]
930.9868814945221,1002,False,6,0,[8.28001543 5.02334845 3.42648727],entering,[ 0.5677905  -0.59831228 -0.99408226]
930.9868814945221,1003,False,2,1,[2.63176214 5.07585761 4.00000247],cruising,[ 0.63925976  0.24903542 -0.34837281]
930.9868814945221,1004,False,4,3,[ 8.12011677 -7.48271578  2.2192895 ],queued,[-0.62185191  0.08809385  0.93462812]
930.9868814945221,1005,False,0,2,[8.48540955 0.84098976 3.99973198],cruising,[ 0.50568378 -0.03156594 -0.11489306]
931.0853321552277,1000,False,4,5,[-8.36034045  7.75630631  2.63718359],landing,[-0.82138112 -0.19970136 -0.21083176]
931.0853321552277,1001,False,3,6,[-2.67770492 -2.61823623  3.91748132],cruising,[-0.48080528  0.59740651 -0.20557775]
931.0853321552277,1002,False,6,0,[8.28055425 4.82334918 3.50148727],entering,[ 0.5677905  -0.59831228 -0.99408226]
931.0853321552277,1003,False,2,1,[2.82887243 5.04198231 4.0000021 ],cruising,[ 0.63925976  0.24903542 -0.34837281]
931.0853321552277,1004,False,4,3,[ 8.12011677 -7.48271578  2.2942895 ],queued,[-0.62185191  0.08809385  0.93462812]
931.0853321552277,1005,False,0,2,[8.49059933 0.64105711 3.99977218],cruising,[ 0.50568378 -0.03156594 -0.11489306]
931.1877717971802,1000,False,4,5,[-8.34173427  7.76888944  2.53973886],landing,[-0.82138112 -0.19970136 -0.21083176]
931.1877717971802,1001,False,3,6,[-2.71894658 -2.42253461  3.92985912],cruising,[-0.48080528  0.59740651 -0.20557775]
931.1877717971802,1002,False,6,0,[8.28521702 4.62340354 3.57626418],entering,[ 0.5677905  -0.59831228 -0.99408226]
931.1877717971802,1003,False,2,1,[3.026915   5.01406925 4.00000178],cruising,[ 0.63925976  0.24903542 -0.34837281]
931.1877717971802,1004,False,4,3,[ 8.12011677 -7.48271578  2.3692895 ],queued,[-0.62185191  0.08809385  0.93462812]
931.1877717971802,1005,False,0,2,[8.49396573 0.44108544 3.99980636],cruising,[ 0.50568378 -0.03156594 -0.11489306]
931.2825977802277,1000,False,4,5,[-8.32312809  7.78147256  2.44229413],landing,[-0.82138112 -0.19970136 -0.21083176]
931.2825977802277,1001,False,3,6,[-2.76196834 -2.22721659  3.94038025],cruising,[-0.48080528  0.59740651 -0.20557775]
931.2825977802277,1002,False,6,0,[8.29457442 4.42362256 3.63982455],entering,[ 0.5677905  -0.59831228 -0.99408226]
931.2825977802277,1003,False,2,1,[3.22557685 4.9909723  4.00000152],cruising,[ 0.63925976  0.24903542 -0.34837281]
931.2825977802277,1004,False,4,3,[ 8.12011677 -7.48271578  2.4442895 ],entering,[-0.62185191  0.08809385  0.93462812]
931.2825977802277,1005,False,0,2,[8.49326152 0.24108668 3.9998354 ],cruising,[ 0.50568378 -0.03156594 -0.11489306]
931.3883719444275,1000,False,4,5,[-8.30452191  7.79405568  2.3448494 ],landing,[-0.82138112 -0.19970136 -0.21083176]
931.3883719444275,1001,False,3,6,[-2.80624488 -2.03217919  3.94932322],cruising,[-0.48080528  0.59740651 -0.20557775]
931.3883719444275,1002,False,6,0,[8.30683354 4.22399863 3.69385087],entering,[ 0.5677905  -0.59831228 -0.99408226]
931.3883719444275,1003,False,2,1,[3.42464234 4.97166082 4.00000129],cruising,[ 0.63925976  0.24903542 -0.34837281]
931.3883719444275,1004,False,4,3,[ 8.10863058 -7.46634301  2.5192895 ],entering,[-0.62185191  0.08809385  0.93462812]
931.3883719444275,1005,False,0,2,[8.49090931 0.04110051 3.99986009],cruising,[ 0.50568378 -0.03156594 -0.11489306]
931.4905939102173,1000,False,4,5,[-8.28591573  7.80663881  2.24740468],landing,[-0.82138112 -0.19970136 -0.21083176]
931.4905939102173,1001,False,3,6,[-2.85348333 -1.83783792  3.95692473],cruising,[-0.48080528  0.59740651 -0.20557775]
931.4905939102173,1002,False,6,0,[8.31645086 4.02422999 3.73977324],entering,[ 0.5677905  -0.59831228 -0.99408226]
931.4905939102173,1003,False,2,1,[3.62396492 4.95521367 4.0000011 ],cruising,[ 0.63925976  0.24903542 -0.34837281]
931.4905939102173,1004,False,4,3,[ 8.08565821 -7.43359748  2.5942895 ],entering,[-0.62185191  0.08809385  0.93462812]
931.4905939102173,1005,False,0,2,[ 8.48675636 -0.15885636  3.99988108],cruising,[ 0.50568378 -0.03156594 -0.11489306]
931.5884277820587,1000,False,4,5,[-8.26730955  7.81922193  2.14995995],landing,[-0.82138112 -0.19970136 -0.21083176]
931.5884277820587,1001,False,3,6,[-2.90393284 -1.64430537  3.96338602],cruising,[-0.48080528  0.59740651 -0.20557775]
931.5884277820587,1002,False,6,0,[8.33129894 3.82478192 3.77880725],cruising,[ 0.5677905  -0.59831228 -0.99408226]
931.5884277820587,1003,False,2,1,[3.82344537 4.94080707 4.00000093],cruising,[ 0.63925976  0.24903542 -0.34837281]
931.5884277820587,1004,False,4,3,[ 8.05119965 -7.38447918  2.6692895 ],entering,[-0.62185191  0.08809385  0.93462812]
931.5884277820587,1005,False,0,2,[ 8.4786568  -0.35869229  3.99989892],cruising,[ 0.50568378 -0.03156594 -0.11489306]
931.6867895126343,1000,False,4,5,[-8.24870337  7.83180506  2.05251522],landing,[-0.82138112 -0.19970136 -0.21083176]
931.6867895126343,1001,False,3,6,[-2.9579092  -1.45172668  3.96887812],cruising,[-0.48080528  0.59740651 -0.20557775]
931.6867895126343,1002,False,6,0,[8.34033713 3.62498625 3.81198616],cruising,[ 0.5677905  -0.59831228 -0.99408226]
931.6867895126343,1003,False,2,1,[4.0230154  4.92769972 4.00000079],cruising,[ 0.63925976  0.24903542 -0.34837281]
931.6867895126343,1004,False,4,3,[ 8.0052549  -7.31898811  2.7442895 ],entering,[-0.62185191  0.08809385  0.93462812]
931.6867895126343,1005,False,0,2,[ 8.46886028 -0.55845222  3.99991408],cruising,[ 0.50568378 -0.03156594 -0.11489306]
931.7851374149323,1000,False,4,5,[-8.23009719  7.84438818  1.95507049],landing,[-0.82138112 -0.19970136 -0.21083176]
931.7851374149323,1001,False,3,6,[-3.01577339 -1.26028025  3.9735464 ],cruising,[-0.48080528  0.59740651 -0.20557775]
931.7851374149323,1002,False,6,0,[8.3477437  3.42512344 3.84018824],cruising,[ 0.5677905  -0.59831228 -0.99408226]
931.7851374149323,1003,False,2,1,[4.22260038 4.91482206 4.00000067],cruising,[ 0.63925976  0.24903542 -0.34837281]
931.7851374149323,1004,False,4,3,[ 7.94782396 -7.23712427  2.8192895 ],entering,[-0.62185191  0.08809385  0.93462812]
931.7851374149323,1005,False,0,2,[ 8.45719972 -0.758112    3.99992697],cruising,[ 0.50568378 -0.03156594 -0.11489306]
931.8802101612091,1000,False,4,5,[-8.21149101  7.8569713   1.85762576],landing,[-0.82138112 -0.19970136 -0.21083176]
931.8802101612091,1001,False,3,6,[-3.07705801 -1.06990117  3.97751444],cruising,[-0.48080528  0.59740651 -0.20557775]
931.8802101612091,1002,False,6,0,[8.36123477 3.22557898 3.86416   ],cruising,[ 0.5677905  -0.59831228 -0.99408226]
931.8802101612091,1003,False,2,1,[4.42221127 4.90235232 4.00000057],cruising,[ 0.63925976  0.24903542 -0.34837281]
931.8802101612091,1004,False,4,3,[ 7.87890684 -7.13888767  2.8942895 ],entering,[-0.62185191  0.08809385  0.93462812]
931.8802101612091,1005,False,0,2,[ 8.44353103 -0.95764438  3.99993792],cruising,[ 0.50568378 -0.03156594 -0.11489306]
931.9793148040771,1000,False,4,5,[-8.19288483  7.86955443  1.76018103],landing,[-0.82138112 -0.19970136 -0.21083176]
931.9793148040771,1001,False,3,6,[-3.14294965 -0.88106713  3.98088728],cruising,[-0.48080528  0.59740651 -0.20557775]
931.9793148040771,1002,False,6,0,[8.37334942 3.02594623 3.884536  ],cruising,[ 0.5677905  -0.59831228 -0.99408226]
931.9793148040771,1003,False,2,1,[4.62180397 4.88959483 4.00000049],cruising,[ 0.63925976  0.24903542 -0.34837281]
931.9793148040771,1004,False,4,3,[ 7.79857492 -7.02422845  2.9692895 ],entering,[-0.62185191  0.08809385  0.93462812]
931.9793148040771,1005,False,0,2,[ 8.42557566 -1.15683676  3.99994723],cruising,[ 0.50568378 -0.03156594 -0.11489306]
932.0830104351044,1000,False,4,5,[-8.17427865  7.88213755  1.66273631],landing,[-0.82138112 -0.19970136 -0.21083176]
932.0830104351044,1001,False,3,6,[-3.21388692 -0.69407007  3.98375418],cruising,[-0.48080528  0.59740651 -0.20557775]
932.0830104351044,1002,False,6,0,[8.38485652 2.82627753 3.9018556 ],cruising,[ 0.5677905  -0.59831228 -0.99408226]
932.0830104351044,1003,False,2,1,[4.82133456 4.87590013 4.00000041],cruising,[ 0.63925976  0.24903542 -0.34837281]
932.0830104351044,1004,False,4,3,[ 7.70602598 -6.89373431  3.0442895 ],entering,[-0.62185191  0.08809385  0.93462812]
932.0830104351044,1005,False,0,2,[ 8.40567279 -1.35584398  3.99995515],cruising,[ 0.50568378 -0.03156594 -0.11489306]
932.1863222122192,1000,False,4,5,[-8.15567247  7.89472068  1.56529158],landing,[-0.82138112 -0.19970136 -0.21083176]
932.1863222122192,1001,False,3,6,[-3.29028741 -0.5092378   3.98619106],cruising,[-0.48080528  0.59740651 -0.20557775]
932.1863222122192,1002,False,6,0,[8.39987413 2.62684215 3.91657726],cruising,[ 0.5677905  -0.59831228 -0.99408226]
932.1863222122192,1003,False,2,1,[5.02075186 4.86064429 4.00000035],cruising,[ 0.63925976  0.24903542 -0.34837281]
932.1863222122192,1004,False,4,3,[ 7.60058858 -6.74794679  3.1192895 ],entering,[-0.62185191  0.08809385  0.93462812]
932.1863222122192,1005,False,0,2,[ 8.38362599 -1.55462511  3.99996188],cruising,[ 0.50568378 -0.03156594 -0.11489306]
932.2815356254578,1000,False,4,5,[-8.13706629  7.9073038   1.46784685],fake_landed,[-0.82138112 -0.19970136 -0.21083176]
932.2815356254578,1001,False,3,6,[-3.37080287 -0.32616061  3.9882624 ],cruising,[-0.48080528  0.59740651 -0.20557775]
932.2815356254578,1002,False,6,0,[8.41314311 2.4272828  3.92909067],cruising,[ 0.5677905  -0.59831228 -0.99408226]
932.2815356254578,1003,False,2,1,[5.22008075 4.8442738  4.0000003 ],cruising,[ 0.63925976  0.24903542 -0.34837281]
932.2815356254578,1004,False,4,3,[ 7.48218208 -6.58693422  3.1942895 ],entering,[-0.62185191  0.08809385  0.93462812]
932.2815356254578,1005,False,0,2,[ 8.35692057 -1.75283415  3.9999676 ],cruising,[ 0.50568378 -0.03156594 -0.11489306]
932.3819868564606,1000,False,4,5,[-8.12218135  7.9173703   1.38989107],fake_landed,[-0.82138112 -0.19970136 -0.21083176]
932.3819868564606,1001,False,3,6,[-3.45772851 -0.14603861  3.99002304],cruising,[-0.48080528  0.59740651 -0.20557775]
932.3819868564606,1002,False,6,0,[8.42812581 2.22784479 3.93972707],cruising,[ 0.5677905  -0.59831228 -0.99408226]
932.3819868564606,1003,False,2,1,[5.41916806 4.82518863 4.00000025],cruising,[ 0.63925976  0.24903542 -0.34837281]
932.3819868564606,1004,False,4,3,[ 7.36323571 -6.42614939  3.2692895 ],entering,[-0.62185191  0.08809385  0.93462812]
932.3819868564606,1005,False,0,2,[ 8.32800093 -1.95073224  3.99997246],cruising,[ 0.50568378 -0.03156594 -0.11489306]
932.4798884391785,1000,False,4,5,[-8.11101764  7.92492017  1.33142423],fake_landed,[-0.82138112 -0.19970136 -0.21083176]
932.4798884391785,1001,False,3,6,[-3.55147583  0.03062899  3.99151958],cruising,[-0.48080528  0.59740651 -0.20557775]
932.4798884391785,1002,False,6,0,[8.44062103 2.0282355  3.94876801],cruising,[ 0.5677905  -0.59831228 -0.99408226]
932.4798884391785,1003,False,2,1,[5.61790167 4.80271752 4.00000022],cruising,[ 0.63925976  0.24903542 -0.34837281]
932.4798884391785,1004,False,4,3,[ 7.24071988 -6.26806754  3.3442895 ],entering,[-0.62185191  0.08809385  0.93462812]
932.4798884391785,1005,False,0,2,[ 8.29660654 -2.14825285  3.99997659],cruising,[ 0.50568378 -0.03156594 -0.11489306]
932.5864527225494,1000,False,4,5,[-8.10357517  7.92995342  1.29244634],fake_landed,[-0.82138112 -0.19970136 -0.21083176]
932.5864527225494,1001,False,3,6,[-3.65119255  0.20399731  3.99279165],cruising,[-0.48080528  0.59740651 -0.20557775]
932.5864527225494,1002,False,6,0,[8.45364799 1.82866021 3.95645281],cruising,[ 0.5677905  -0.59831228 -0.99408226]
932.5864527225494,1003,False,2,1,[5.81612934 4.77615079 4.00000018],cruising,[ 0.63925976  0.24903542 -0.34837281]
932.5864527225494,1004,False,4,3,[ 7.11913982 -6.10926486  3.4192895 ],entering,[-0.62185191  0.08809385  0.93462812]
932.5864527225494,1005,False,0,2,[ 8.25975248 -2.34482797  3.9999801 ],cruising,[ 0.50568378 -0.03156594 -0.11489306]
932.6837589740753,1000,False,4,5,[-8.09985393  7.93247005  1.27295739],fake_landed,[-0.82138112 -0.19970136 -0.21083176]
932.6837589740753,1001,False,3,6,[-3.75765135  0.37330922  3.9938729 ],cruising,[-0.48080528  0.59740651 -0.20557775]
932.6837589740753,1002,False,6,0,[8.46381698 1.6289189  3.96298489],cruising,[ 0.5677905  -0.59831228 -0.99408226]
932.6837589740753,1003,False,2,1,[6.0136443  4.74472086 4.00000016],cruising,[ 0.63925976  0.24903542 -0.34837281]
932.6837589740753,1004,False,4,3,[ 6.99214718 -5.95475639  3.4942895 ],entering,[-0.62185191  0.08809385  0.93462812]
932.6837589740753,1005,False,0,2,[ 8.22019861 -2.54087769  3.99998308],cruising,[ 0.50568378 -0.03156594 -0.11489306]
932.786515712738,1000,False,5,4,[-8.09985393  7.93247005  1.27295739],waiting,[-0.82138112 -0.19970136 -0.21083176]
932.786515712738,1001,False,3,6,[-3.86721627  0.54062786  3.99479196],cruising,[-0.48080528  0.59740651 -0.20557775]
932.786515712738,1002,False,6,0,[8.4737749  1.42916695 3.96853715],cruising,[ 0.5677905  -0.59831228 -0.99408226]
932.786515712738,1003,False,2,1,[6.21016605 4.70758327 4.00000013],cruising,[ 0.63925976  0.24903542 -0.34837281]
932.786515712738,1004,False,4,3,[ 6.86393962 -5.80125453  3.5692895 ],entering,[-0.62185191  0.08809385  0.93462812]
932.786515712738,1005,False,0,2,[ 8.17449172 -2.73558485  3.99998562],cruising,[ 0.50568378 -0.03156594 -0.11489306]
932.8831374645233,1000,False,5,4,[-8.09985393  7.93247005  1.27295739],waiting,[-0.82138112 -0.19970136 -0.21083176]
932.8831374645233,1001,False,3,6,[-3.97922939  0.70631752  3.99557317],cruising,[-0.48080528  0.59740651 -0.20557775]
932.8831374645233,1002,False,6,0,[8.48300809 1.22938019 3.97325658],cruising,[ 0.5677905  -0.59831228 -0.99408226]
932.8831374645233,1003,False,2,1,[6.40531462 4.66379928 4.00000011],cruising,[ 0.63925976  0.24903542 -0.34837281]
932.8831374645233,1004,False,4,3,[ 6.7341056  -5.64912587  3.63389608],entering,[-0.62185191  0.08809385  0.93462812]
932.8831374645233,1005,False,0,2,[ 8.12562141 -2.92952219  3.99998778],cruising,[ 0.50568378 -0.03156594 -0.11489306]
932.9830522537231,1000,False,5,4,[-8.09985393  7.93247005  1.27295739],waiting,[-0.82138112 -0.19970136 -0.21083176]
932.9830522537231,1001,False,3,6,[-4.09312598  0.87071815  3.99623719],cruising,[-0.48080528  0.59740651 -0.20557775]
932.9830522537231,1002,False,6,0,[8.4888046  1.02946421 3.97726809],cruising,[ 0.5677905  -0.59831228 -0.99408226]
932.9830522537231,1003,False,2,1,[6.59857625 4.61232171 4.0000001 ],cruising,[ 0.63925976  0.24903542 -0.34837281]
932.9830522537231,1004,False,4,3,[ 6.59737281 -5.50316649  3.68881166],entering,[-0.62185191  0.08809385  0.93462812]
932.9830522537231,1005,False,0,2,[ 8.06940611 -3.12145927  3.99998961],cruising,[ 0.50568378 -0.03156594 -0.11489306]
933.0872731208801,1000,False,5,4,[-8.09985393  7.93247005  1.27295739],waiting,[-0.82138112 -0.19970136 -0.21083176]
933.0872731208801,1001,False,3,6,[-4.20842164  1.03414064  3.99680161],cruising,[-0.48080528  0.59740651 -0.20557775]
933.0872731208801,1002,False,6,0,[8.4936388  0.82952264 3.98067788],cruising,[ 0.5677905  -0.59831228 -0.99408226]
933.0872731208801,1003,False,2,1,[6.78925885 4.55198809 4.00000008],cruising,[ 0.63925976  0.24903542 -0.34837281]
933.0872731208801,1004,False,4,3,[ 6.45589897 -5.36179763  3.73548991],entering,[-0.62185191  0.08809385  0.93462812]
933.0872731208801,1005,False,0,2,[ 8.00928346 -3.3122085   3.99999117],cruising,[ 0.50568378 -0.03156594 -0.11489306]
933.1853585243225,1000,False,5,4,[-8.09985393  7.93247005  1.27295739],waiting,[-0.82138112 -0.19970136 -0.21083176]
933.1853585243225,1001,False,3,6,[-4.32469884  1.19686622  3.99728137],cruising,[-0.48080528  0.59740651 -0.20557775]
933.1853585243225,1002,False,6,0,[8.49720106 0.62955437 3.9835762 ],cruising,[ 0.5677905  -0.59831228 -0.99408226]
933.1853585243225,1003,False,2,1,[6.97643597 4.48152726 4.00000007],cruising,[ 0.63925976  0.24903542 -0.34837281]
933.1853585243225,1004,False,4,3,[ 6.31204207 -5.2228545   3.77516643],entering,[-0.62185191  0.08809385  0.93462812]
933.1853585243225,1005,False,0,2,[ 7.93992866 -3.49979824  3.99999249],cruising,[ 0.50568378 -0.03156594 -0.11489306]
933.2833435535431,1000,False,5,4,[-8.09985393  7.93247005  1.27295739],waiting,[-0.82138112 -0.19970136 -0.21083176]
933.2833435535431,1001,False,3,6,[-4.44159419  1.35914831  3.99768917],cruising,[-0.48080528  0.59740651 -0.20557775]
933.2833435535431,1002,False,6,0,[8.49716343 0.42955437 3.98603977],cruising,[ 0.5677905  -0.59831228 -0.99408226]
933.2833435535431,1003,False,2,1,[7.15888101 4.39958944 4.00000006],cruising,[ 0.63925976  0.24903542 -0.34837281]
933.2833435535431,1004,False,4,3,[ 6.16128497 -5.09143039  3.80889146],entering,[-0.62185191  0.08809385  0.93462812]
933.2833435535431,1005,False,0,2,[ 7.86027768 -3.6832532   3.99999362],cruising,[ 0.50568378 -0.03156594 -0.11489306]
933.3886528015137,1000,False,5,4,[-8.09985393  7.93247005  1.27295739],waiting,[-0.82138112 -0.19970136 -0.21083176]
933.3886528015137,1001,False,3,6,[-4.55878685  1.52121583  3.99803579],cruising,[-0.48080528  0.59740651 -0.20557775]
933.3886528015137,1002,False,6,0,[8.49581125 0.22955894 3.9881338 ],cruising,[ 0.5677905  -0.59831228 -0.99408226]
933.3886528015137,1003,False,2,1,[7.33499868 4.30481304 4.00000005],cruising,[ 0.63925976  0.24903542 -0.34837281]
933.3886528015137,1004,False,4,3,[ 6.00351175 -4.96851737  3.83755774],cruising,[-0.62185191  0.08809385  0.93462812]
933.3886528015137,1005,False,0,2,[ 7.77485935 -3.86409486  3.99999458],cruising,[ 0.50568378 -0.03156594 -0.11489306]
933.4810214042664,1000,False,5,4,[-8.09985393  7.93247005  1.27295739],waiting,[-0.82138112 -0.19970136 -0.21083176]
933.4810214042664,1001,False,3,6,[-4.6759595   1.68329781  3.99833042],cruising,[-0.48080528  0.59740651 -0.20557775]
933.4810214042664,1002,False,6,0,[8.4929226  0.02957981 3.98991373],cruising,[ 0.5677905  -0.59831228 -0.99408226]
933.4810214042664,1003,False,2,1,[7.50277038 4.19594313 4.00000004],cruising,[ 0.63925976  0.24903542 -0.34837281]
933.4810214042664,1004,False,4,3,[ 5.84200256 -4.85055644  3.86192408],cruising,[-0.62185191  0.08809385  0.93462812]
933.4810214042664,1005,False,0,2,[ 7.67530775 -4.03755805  3.99999539],cruising,[ 0.50568378 -0.03156594 -0.11489306]
933.5801594257355,1000,False,5,4,[-8.09985393  7.93247005  1.27295739],waiting,[-0.82138112 -0.19970136 -0.21083176]
933.5801594257355,1001,False,3,6,[-4.79301613  1.84546361  3.99858086],cruising,[-0.48080528  0.59740651 -0.20557775]
933.5801594257355,1002,False,6,0,[ 8.48832163 -0.17036726  3.99142667],cruising,[ 0.5677905  -0.59831228 -0.99408226]
933.5801594257355,1003,False,2,1,[7.65851786 4.07109142 4.00000004],cruising,[ 0.63925976  0.24903542 -0.34837281]
933.5801594257355,1004,False,4,3,[ 5.67411669 -4.74186267  3.88263547],cruising,[-0.62185191  0.08809385  0.93462812]
933.5801594257355,1005,False,0,2,[ 7.55920405 -4.19979502  3.99999612],cruising,[ 0.50568378 -0.03156594 -0.11489306]
933.679936170578,1000,False,5,4,[-8.09985393  7.93247005  1.27295739],waiting,[-0.82138112 -0.19970136 -0.21083176]
933.679936170578,1001,False,3,6,[-4.90966644  2.00792192  3.99879373],cruising,[-0.48080528  0.59740651 -0.20557775]
933.679936170578,1002,False,6,0,[ 8.47982018 -0.3701865   3.99271267],cruising,[ 0.5677905  -0.59831228 -0.99408226]
933.679936170578,1003,False,2,1,[7.80085058 3.93140583 4.00000003],cruising,[ 0.63925976  0.24903542 -0.34837281]
933.679936170578,1004,False,4,3,[ 5.50297245 -4.63837524  3.90024015],cruising,[-0.62185191  0.08809385  0.93462812]
933.679936170578,1005,False,0,2,[ 7.42782088 -4.34912705  3.99999677],cruising,[ 0.50568378 -0.03156594 -0.11489306]
933.7795813083649,1000,False,5,4,[-8.09985393  7.93247005  1.27295739],waiting,[-0.82138112 -0.19970136 -0.21083176]
933.7795813083649,1001,False,3,6,[-5.02563615  2.17086678  3.99897467],cruising,[-0.48080528  0.59740651 -0.20557775]
933.7795813083649,1002,False,6,0,[ 8.46968217 -0.56992938  3.99380577],cruising,[ 0.5677905  -0.59831228 -0.99408226]
933.7795813083649,1003,False,2,1,[7.92830598 3.77835366 4.00000003],cruising,[ 0.63925976  0.24903542 -0.34837281]
933.7795813083649,1004,False,4,3,[ 5.32736286 -4.54266071  3.91520413],cruising,[-0.62185191  0.08809385  0.93462812]
933.7795813083649,1005,False,0,2,[ 7.28302788 -4.48362072  3.99999736],cruising,[ 0.50568378 -0.03156594 -0.11489306]
933.8898792266846,1000,False,5,4,[-8.09985393  7.93247005  1.27295739],waiting,[-0.82138112 -0.19970136 -0.21083176]
933.8898792266846,1001,False,3,6,[-5.14065638  2.33448325  3.99912847],cruising,[-0.48080528  0.59740651 -0.20557775]
933.8898792266846,1002,False,6,0,[ 8.45772778 -0.7695718   3.99473491],cruising,[ 0.5677905  -0.59831228 -0.99408226]
933.8898792266846,1003,False,2,1,[8.03953443 3.6136102  4.00000002],cruising,[ 0.63925976  0.24903542 -0.34837281]
933.8898792266846,1004,False,4,3,[ 5.14976475 -4.45068837  3.92792351],cruising,[-0.62185191  0.08809385  0.93462812]
933.8898792266846,1005,False,0,2,[ 7.12720563 -4.60143041  3.99999791],cruising,[ 0.50568378 -0.03156594 -0.11489306]
933.9874937534332,1000,False,5,4,[-8.09985393  7.93247005  1.27295739],waiting,[-0.82138112 -0.19970136 -0.21083176]
933.9874937534332,1001,False,3,6,[-5.25506172  2.49853024  3.9992592 ],cruising,[-0.48080528  0.59740651 -0.20557775]
933.9874937534332,1002,False,6,0,[ 8.44380274 -0.96908644  3.99552467],cruising,[ 0.5677905  -0.59831228 -0.99408226]
933.9874937534332,1003,False,2,1,[8.13317799 3.43933933 4.00000002],cruising,[ 0.63925976  0.24903542 -0.34837281]
933.9874937534332,1004,False,4,3,[ 4.96943948 -4.3641852   3.93873498],cruising,[-0.62185191  0.08809385  0.93462812]
933.9874937534332,1005,False,0,2,[ 6.96251049 -4.70131604  3.9999984 ],cruising,[ 0.50568378 -0.03156594 -0.11489306]
934.0856432914734,1000,False,5,4,[-8.09985393  7.93247005  1.27295739],waiting,[-0.82138112 -0.19970136 -0.21083176]
934.0856432914734,1001,False,3,6,[-5.36797051  2.66361084  3.99937032],cruising,[-0.48080528  0.59740651 -0.20557775]
934.0856432914734,1002,False,6,0,[ 8.42559554 -1.16825596  3.99619597],cruising,[ 0.5677905  -0.59831228 -0.99408226]
934.0856432914734,1003,False,2,1,[8.20881273 3.25636889 4.00000001],exiting,[ 0.63925976  0.24903542 -0.34837281]
934.0856432914734,1004,False,4,3,[ 4.78812094 -4.27978387  3.94792473],cruising,[-0.62185191  0.08809385  0.93462812]
934.0856432914734,1005,False,0,2,[ 6.79110946 -4.7823594   3.99999886],cruising,[ 0.50568378 -0.03156594 -0.11489306]
934.1827414035797,1000,False,5,4,[-8.09985393  7.93247005  1.27295739],waiting,[-0.82138112 -0.19970136 -0.21083176]
934.1827414035797,1001,False,3,6,[-5.47907251  2.82991282  3.99946477],cruising,[-0.48080528  0.59740651 -0.20557775]
934.1827414035797,1002,False,6,0,[ 8.40546842 -1.36724063  3.99676657],cruising,[ 0.5677905  -0.59831228 -0.99408226]
934.1827414035797,1003,False,2,1,[8.26591235 3.08091172 4.00000001],exiting,[ 0.63925976  0.24903542 -0.34837281]
934.1827414035797,1004,False,4,3,[ 4.60592901 -4.19728477  3.95573602],cruising,[-0.62185191  0.08809385  0.93462812]
934.1827414035797,1005,False,0,2,[ 6.61519057 -4.84391972  3.99999927],cruising,[ 0.50568378 -0.03156594 -0.11489306]
934.2798693180084,1000,False,5,4,[-8.09985393  7.93247005  1.27295739],waiting,[-0.82138112 -0.19970136 -0.21083176]
934.2798693180084,1001,False,3,6,[-5.58802163  2.99763309  3.99954506],cruising,[-0.48080528  0.59740651 -0.20557775]
934.2798693180084,1002,False,6,0,[ 8.38321864 -1.56599914  3.99725159],cruising,[ 0.5677905  -0.59831228 -0.99408226]
934.2798693180084,1003,False,2,1,[8.30693769 2.91735486 4.00000001],exiting,[ 0.63925976  0.24903542 -0.34837281]
934.2798693180084,1004,False,4,3,[ 4.42244351 -4.11770417  3.96237562],cruising,[-0.62185191  0.08809385  0.93462812]
934.2798693180084,1005,False,0,2,[ 6.436783   -4.88563548  3.99999963],cruising,[ 0.50568378 -0.03156594 -0.11489306]
934.3833730220795,1000,False,5,4,[-8.09985393  7.93247005  1.27295739],waiting,[-0.82138112 -0.19970136 -0.21083176]
934.3833730220795,1001,False,3,6,[-5.69442052  3.16698266  3.9996133 ],cruising,[-0.48080528  0.59740651 -0.20557775]
934.3833730220795,1002,False,6,0,[ 8.35629927 -1.76417923  3.99766385],cruising,[ 0.5677905  -0.59831228 -0.99408226]
934.3833730220795,1003,False,2,1,[8.33306039 2.76713635 4.00000001],exiting,[ 0.63925976  0.24903542 -0.34837281]
934.3833730220795,1004,False,4,3,[ 4.23855659 -4.03905557  3.96801928],cruising,[-0.62185191  0.08809385  0.93462812]
934.3833730220795,1005,False,0,2,[ 6.25762781 -4.90736521  3.99999994],cruising,[ 0.50568378 -0.03156594 -0.11489306]
934.4802551269531,1000,False,5,4,[-8.09985393  7.93247005  1.27295739],waiting,[-0.82138112 -0.19970136 -0.21083176]
934.4802551269531,1001,False,3,6,[-5.7978015   3.33819122  3.9996713 ],cruising,[-0.48080528  0.59740651 -0.20557775]
934.4802551269531,1002,False,6,0,[ 8.32718258 -1.96204843  3.99801427],cruising,[ 0.5677905  -0.59831228 -0.99408226]
934.4802551269531,1003,False,2,1,[8.34494543 2.6309638  4.        ],exiting,[ 0.63925976  0.24903542 -0.34837281]
934.4802551269531,1004,False,4,3,[ 4.0539097  -3.96220815  3.97281639],cruising,[-0.62185191  0.08809385  0.93462812]
934.4802551269531,1005,False,0,2,[ 6.07875784 -4.90909699  4.0000002 ],cruising,[ 0.50568378 -0.03156594 -0.11489306]
934.5839879512787,1000,False,5,4,[-8.09985393  7.93247005  1.27295739],waiting,[-0.82138112 -0.19970136 -0.21083176]
934.5839879512787,1001,False,3,6,[-5.89760233  3.51151114  3.99972061],cruising,[-0.48080528  0.59740651 -0.20557775]
934.5839879512787,1002,False,6,0,[ 8.29560353 -2.1595396   3.99831213],cruising,[ 0.5677905  -0.59831228 -0.99408226]
934.5839879512787,1003,False,2,1,[8.34307246 2.50930735 4.        ],exiting,[ 0.63925976  0.24903542 -0.34837281]
934.5839879512787,1004,False,4,3,[ 3.8690513  -3.88587093  3.97689393],cruising,[-0.62185191  0.08809385  0.93462812]
934.5839879512787,1005,False,0,2,[ 5.90143618 -4.89088878  4.0000004 ],cruising,[ 0.50568378 -0.03156594 -0.11489306]
934.6890962123871,1000,False,5,4,[-8.09985393  7.93247005  1.27295739],waiting,[-0.82138112 -0.19970136 -0.21083176]
934.6890962123871,1001,False,3,6,[-5.99313468  3.6872199   3.99976252],cruising,[-0.48080528  0.59740651 -0.20557775]
934.6890962123871,1002,False,6,0,[ 8.25854231 -2.35607577  3.99856531],cruising,[ 0.5677905  -0.59831228 -0.99408226]
934.6890962123871,1003,False,2,1,[8.32787433 2.40256532 4.        ],exiting,[ 0.63925976  0.24903542 -0.34837281]
934.6890962123871,1004,False,4,3,[ 3.68370943 -3.81071516  3.98035984],cruising,[-0.62185191  0.08809385  0.93462812]
934.6890962123871,1005,False,0,2,[ 5.72669258 -4.85284743  4.00000055],cruising,[ 0.50568378 -0.03156594 -0.11489306]
934.7890899181366,1000,False,5,4,[-8.09985393  7.93247005  1.27295739],waiting,[-0.82138112 -0.19970136 -0.21083176]
934.7890899181366,1001,False,3,6,[-6.08354225  3.86561966  3.99979814],cruising,[-0.48080528  0.59740651 -0.20557775]
934.7890899181366,1002,False,6,0,[ 8.21879214 -2.55208578  3.99878051],cruising,[ 0.5677905  -0.59831228 -0.99408226]
934.7890899181366,1003,False,2,1,[8.2998534  2.31117177 4.        ],exiting,[ 0.63925976  0.24903542 -0.34837281]
934.7890899181366,1004,False,4,3,[ 3.49817325 -3.73604035  3.98330586],cruising,[-0.62185191  0.08809385  0.93462812]
934.7890899181366,1005,False,0,2,[ 5.55485832 -4.79501882  4.00000064],cruising,[ 0.50568378 -0.03156594 -0.11489306]
934.8840410709381,1000,False,5,4,[-8.09985393  7.93247005  1.27295739],waiting,[-0.82138112 -0.19970136 -0.21083176]
934.8840410709381,1001,False,3,6,[-6.16774477  4.04703062  3.99982842],cruising,[-0.48080528  0.59740651 -0.20557775]
934.8840410709381,1002,False,6,0,[ 8.17286023 -2.74673999  3.99896344],cruising,[ 0.5677905  -0.59831228 -0.99408226]
934.8840410709381,1003,False,2,1,[8.2592655  2.23533687 4.        ],exiting,[ 0.63925976  0.24903542 -0.34837281]
934.8840410709381,1004,False,4,3,[ 3.31227555 -3.66227013  3.98580998],cruising,[-0.62185191  0.08809385  0.93462812]
934.8840410709381,1005,False,0,2,[ 5.38639892 -4.717477    4.00000067],cruising,[ 0.50568378 -0.03156594 -0.11489306]
934.9852204322815,1000,False,5,4,[-8.09985393  7.93247005  1.27295739],waiting,[-0.82138112 -0.19970136 -0.21083176]
934.9852204322815,1001,False,3,6,[-6.24436302  4.23177271  3.99985416],cruising,[-0.48080528  0.59740651 -0.20557775]
934.9852204322815,1002,False,6,0,[ 8.12377441 -2.94062289  3.99911892],cruising,[ 0.5677905  -0.59831228 -0.99408226]
934.9852204322815,1003,False,2,1,[8.20637491 2.1752704  4.        ],exiting,[ 0.63925976  0.24903542 -0.34837281]
934.9852204322815,1004,False,4,3,[ 3.12608807 -3.58923437  3.98793849],cruising,[-0.62185191  0.08809385  0.93462812]
934.9852204322815,1005,False,0,2,[ 5.22048733 -4.62009814  4.00000063],cruising,[ 0.50568378 -0.03156594 -0.11489306]
935.0916600227356,1000,False,5,4,[-8.09985393  7.93247005  1.27295739],waiting,[-0.82138112 -0.19970136 -0.21083176]
935.0916600227356,1001,False,3,6,[-6.31161971  4.42012488  3.99987603],cruising,[-0.48080528  0.59740651 -0.20557775]
935.0916600227356,1002,False,6,0,[ 8.06730703 -3.13248596  3.99925108],cruising,[ 0.5677905  -0.59831228 -0.99408226]
935.0916600227356,1003,False,2,1,[8.14145479 2.13118175 3.99999999],exiting,[ 0.63925976  0.24903542 -0.34837281]
935.0916600227356,1004,False,4,3,[ 2.93956265 -3.51706605  3.98974771],cruising,[-0.62185191  0.08809385  0.93462812]
935.0916600227356,1005,False,0,2,[ 5.05292543 -4.51090561  4.00000053],cruising,[ 0.50568378 -0.03156594 -0.11489306]
935.184317111969,1000,False,5,4,[-8.09985393  7.93247005  1.27295739],queued,[-0.82138112 -0.19970136 -0.21083176]
935.184317111969,1001,False,3,6,[-6.36093733  4.61394896  3.99989463],cruising,[-0.48080528  0.59740651 -0.20557775]
935.184317111969,1002,False,6,0,[ 8.00694056 -3.32315816  3.99936342],cruising,[ 0.5677905  -0.59831228 -0.99408226]
935.184317111969,1003,False,2,1,[8.06478789 2.10327991 3.99999999],exiting,[ 0.63925976  0.24903542 -0.34837281]
935.184317111969,1004,False,4,3,[ 2.75256803 -3.44612233  3.99128556],cruising,[-0.62185191  0.08809385  0.93462812]
935.184317111969,1005,False,0,2,[ 4.88170575 -4.40754303  4.00000045],cruising,[ 0.50568378 -0.03156594 -0.11489306]
935.2797565460205,1000,False,5,4,[-8.09985393  7.93247005  1.29295739],queued,[-0.82138112 -0.19970136 -0.21083176]
935.2797565460205,1001,False,3,6,[-6.39061437  4.81154761  3.99991087],cruising,[-0.48080528  0.59740651 -0.20557775]
935.2797565460205,1002,False,6,0,[ 7.93729548 -3.51064033  3.99945891],cruising,[ 0.5677905  -0.59831228 -0.99408226]
935.2797565460205,1003,False,2,1,[7.97666751 2.09177374 4.        ],exiting,[ 0.63925976  0.24903542 -0.34837281]
935.2797565460205,1004,False,4,3,[ 2.56495676 -3.37682578  3.99259272],cruising,[-0.62185191  0.08809385  0.93462812]
935.2797565460205,1005,False,0,2,[ 4.70744482 -4.30939454  4.00000038],cruising,[ 0.50568378 -0.03156594 -0.11489306]
935.384640455246,1000,False,5,4,[-8.09985393  7.93247005  1.33295739],queued,[-0.82138112 -0.19970136 -0.21083176]
935.384640455246,1001,False,3,6,[-6.40038285  5.01105653  3.99992475],cruising,[-0.48080528  0.59740651 -0.20557775]
935.384640455246,1002,False,6,0,[ 7.85730464 -3.69394736  3.99954007],cruising,[ 0.5677905  -0.59831228 -0.99408226]
935.384640455246,1003,False,2,1,[7.87739848 2.09687202 4.        ],exiting,[ 0.63925976  0.24903542 -0.34837281]
935.384640455246,1004,False,4,3,[ 2.37690485 -3.30873408  3.99370381],cruising,[-0.62185191  0.08809385  0.93462812]
935.384640455246,1005,False,0,2,[ 4.52997843 -4.21716828  4.00000033],cruising,[ 0.50568378 -0.03156594 -0.11489306]
935.4919118881226,1000,False,5,4,[-8.09985393  7.93247005  1.39295739],queued,[-0.82138112 -0.19970136 -0.21083176]
935.4919118881226,1001,False,3,6,[-6.39021713  5.20894439  3.99993766],cruising,[-0.48080528  0.59740651 -0.20557775]
935.4919118881226,1002,False,6,0,[ 7.76540592 -3.87158357  3.99960906],cruising,[ 0.5677905  -0.59831228 -0.99408226]
935.4919118881226,1003,False,2,1,[7.77757608 2.10282928 4.        ],exiting,[ 0.63925976  0.24903542 -0.34837281]
935.4919118881226,1004,False,4,3,[ 2.18795099 -3.24318685  3.99464824],cruising,[-0.62185191  0.08809385  0.93462812]
935.4919118881226,1005,False,0,2,[ 4.35079802 -4.12831796  4.00000028],cruising,[ 0.50568378 -0.03156594 -0.11489306]
935.5842003822327,1000,False,5,4,[-8.09985393  7.93247005  1.46795739],queued,[-0.82138112 -0.19970136 -0.21083176]
935.5842003822327,1001,False,3,6,[-6.36044977  5.40286037  3.99994962],cruising,[-0.48080528  0.59740651 -0.20557775]
935.5842003822327,1002,False,6,0,[ 7.65948063 -4.04122977  3.9996677 ],cruising,[ 0.5677905  -0.59831228 -0.99408226]
935.5842003822327,1003,False,2,1,[7.67775369 2.10878655 4.        ],exiting,[ 0.63925976  0.24903542 -0.34837281]
935.5842003822327,1004,False,4,3,[ 1.99791979 -3.18083188  3.99545101],cruising,[-0.62185191  0.08809385  0.93462812]
935.5842003822327,1005,False,0,2,[ 4.16973383 -4.04337234  4.00000024],cruising,[ 0.50568378 -0.03156594 -0.11489306]
935.6810884475708,1000,False,5,4,[-8.09985393  7.93247005  1.54295739],queued,[-0.82138112 -0.19970136 -0.21083176]
935.6810884475708,1001,False,3,6,[-6.31159417  5.59080652  3.99996055],cruising,[-0.48080528  0.59740651 -0.20557775]
935.6810884475708,1002,False,6,0,[ 7.53715133 -4.19943444  3.99971769],cruising,[ 0.5677905  -0.59831228 -0.99408226]
935.6810884475708,1003,False,2,1,[7.57793129 2.11474381 4.        ],exiting,[ 0.63925976  0.24903542 -0.34837281]
935.6810884475708,1004,False,4,3,[ 1.80662113 -3.12248101  3.99613335],cruising,[-0.62185191  0.08809385  0.93462812]
935.6810884475708,1005,False,0,2,[ 3.98770223 -3.96052008  4.0000002 ],cruising,[ 0.50568378 -0.03156594 -0.11489306]
935.7847447395325,1000,False,5,4,[-8.09985393  7.93247005  1.61795739],queued,[-0.82138112 -0.19970136 -0.21083176]
935.7847447395325,1001,False,3,6,[-6.24450183  5.77054161  3.99997046],cruising,[-0.48080528  0.59740651 -0.20557775]
935.7847447395325,1002,False,6,0,[ 7.39983949 -4.34439058  3.99976193],cruising,[ 0.5677905  -0.59831228 -0.99408226]
935.7847447395325,1003,False,2,1,[7.47810889 2.12070108 4.        ],exiting,[ 0.63925976  0.24903542 -0.34837281]
935.7847447395325,1004,False,4,3,[ 1.61457441 -3.06664143  3.99671335],cruising,[-0.62185191  0.08809385  0.93462812]
935.7847447395325,1005,False,0,2,[ 3.8045378  -3.88020325  4.00000017],cruising,[ 0.50568378 -0.03156594 -0.11489306]
935.8926484584808,1000,False,5,4,[-8.09985393  7.93247005  1.69295739],queued,[-0.82138112 -0.19970136 -0.21083176]
935.8926484584808,1001,False,3,6,[-6.16027318  5.93996424  3.99997936],cruising,[-0.48080528  0.59740651 -0.20557775]
935.8926484584808,1002,False,6,0,[ 7.2499771  -4.47377484  3.99980314],cruising,[ 0.5677905  -0.59831228 -0.99408226]
935.8926484584808,1003,False,2,1,[7.37828649 2.12665834 4.        ],exiting,[ 0.63925976  0.24903542 -0.34837281]
935.8926484584808,1004,False,4,3,[ 1.42081446 -3.01707249  3.99720635],cruising,[-0.62185191  0.08809385  0.93462812]
935.8926484584808,1005,False,0,2,[ 3.62075653 -3.80130812  4.00000015],cruising,[ 0.50568378 -0.03156594 -0.11489306]
935.9802484512329,1000,False,5,4,[-8.09985393  7.93247005  1.76795739],queued,[-0.82138112 -0.19970136 -0.21083176]
935.9802484512329,1001,False,3,6,[-6.06011273  6.09729649  3.9999872 ],cruising,[-0.48080528  0.59740651 -0.20557775]
935.9802484512329,1002,False,6,0,[ 7.08946766 -4.58622864  3.99984133],cruising,[ 0.5677905  -0.59831228 -0.99408226]
935.9802484512329,1003,False,2,1,[7.2784641  2.13261561 4.        ],exiting,[ 0.63925976  0.24903542 -0.34837281]
935.9802484512329,1004,False,4,3,[ 1.22518422 -2.97549353  3.9976254 ],cruising,[-0.62185191  0.08809385  0.93462812]
935.9802484512329,1005,False,0,2,[ 3.43624202 -3.72414338  4.00000012],cruising,[ 0.50568378 -0.03156594 -0.11489306]
936.0836451053619,1000,False,5,4,[-8.09985393  7.93247005  1.84295739],queued,[-0.82138112 -0.19970136 -0.21083176]
936.0836451053619,1001,False,3,6,[-5.94493825  6.24141589  3.99999392],cruising,[-0.48080528  0.59740651 -0.20557775]
936.0836451053619,1002,False,6,0,[ 6.9203644  -4.68062292  3.99987645],cruising,[ 0.5677905  -0.59831228 -0.99408226]
936.0836451053619,1003,False,2,1,[7.1786417  2.13857287 4.        ],exiting,[ 0.63925976  0.24903542 -0.34837281]
936.0836451053619,1004,False,4,3,[ 1.02679944 -2.95012664  3.99798159],cruising,[-0.62185191  0.08809385  0.93462812]
936.0836451053619,1005,False,0,2,[ 3.25121663 -3.6482118   4.0000001 ],cruising,[ 0.50568378 -0.03156594 -0.11489306]
936.1910400390625,1000,False,5,4,[-8.09985393  7.93247005  1.91795739],queued,[-0.82138112 -0.19970136 -0.21083176]
936.1910400390625,1001,False,3,6,[-5.81565708  6.3713578   3.99999949],cruising,[-0.48080528  0.59740651 -0.20557775]
936.1910400390625,1002,False,6,0,[ 6.74481441 -4.7560847   3.99990845],cruising,[ 0.5677905  -0.59831228 -0.99408226]
936.1910400390625,1003,False,2,1,[7.0788193  2.14453013 4.        ],exiting,[ 0.63925976  0.24903542 -0.34837281]
936.1910400390625,1004,False,4,3,[ 0.82710465 -2.9390818   3.99828435],cruising,[-0.62185191  0.08809385  0.93462812]
936.1910400390625,1005,False,0,2,[ 3.06564722 -3.5736196   4.00000009],cruising,[ 0.50568378 -0.03156594 -0.11489306]
936.2853424549103,1000,False,5,4,[-8.09985393  7.93247005  1.99295739],queued,[-0.82138112 -0.19970136 -0.21083176]
936.2853424549103,1001,False,3,6,[-5.67316578  6.4862833   4.00000388],cruising,[-0.48080528  0.59740651 -0.20557775]
936.2853424549103,1002,False,6,0,[ 6.56500574 -4.81200515  3.99993726],cruising,[ 0.5677905  -0.59831228 -0.99408226]
936.2853424549103,1003,False,2,1,[6.9789969 2.1504874 4.       ],exiting,[ 0.63925976  0.24903542 -0.34837281]
936.2853424549103,1004,False,4,3,[ 0.62716396 -2.94395239  3.9985417 ],cruising,[-0.62185191  0.08809385  0.93462812]
936.2853424549103,1005,False,0,2,[ 2.87951505 -3.500443    4.00000008],cruising,[ 0.50568378 -0.03156594 -0.11489306]
936.391147851944,1000,False,5,4,[-8.09985393  7.93247005  2.06795739],queued,[-0.82138112 -0.19970136 -0.21083176]
936.391147851944,1001,False,3,6,[-5.51851059  6.58533305  4.00000711],cruising,[-0.48080528  0.59740651 -0.20557775]
936.391147851944,1002,False,6,0,[ 6.38314977 -4.84803066  3.99996278],cruising,[ 0.5677905  -0.59831228 -0.99408226]
936.391147851944,1003,False,2,1,[6.87917451 2.15644466 4.        ],exiting,[ 0.63925976  0.24903542 -0.34837281]
936.391147851944,1004,False,4,3,[ 0.42814983 -2.96378606  3.99876044],cruising,[-0.62185191  0.08809385  0.93462812]
936.391147851944,1005,False,0,2,[ 2.69271377 -3.42899175  4.00000006],cruising,[ 0.50568378 -0.03156594 -0.11489306]
936.4845240116119,1000,False,5,4,[-8.09985393  7.93247005  2.14295739],queued,[-0.82138112 -0.19970136 -0.21083176]
936.4845240116119,1001,False,3,6,[-5.35230689  6.66805393  4.00000913],cruising,[-0.48080528  0.59740651 -0.20557775]
936.4845240116119,1002,False,6,0,[ 6.20063119 -4.86406715  3.9999847 ],cruising,[ 0.5677905  -0.59831228 -0.99408226]
936.4845240116119,1003,False,2,1,[6.77935211 2.16240193 4.        ],exiting,[ 0.63925976  0.24903542 -0.34837281]
936.4845240116119,1004,False,4,3,[ 0.23108525 -2.99792623  3.99894638],cruising,[-0.62185191  0.08809385  0.93462812]
936.4845240116119,1005,False,0,2,[ 2.50540301 -3.35888697  4.00000005],cruising,[ 0.50568378 -0.03156594 -0.11489306]
936.5842251777649,1000,False,5,4,[-8.09985393  7.93247005  2.21795739],queued,[-0.82138112 -0.19970136 -0.21083176]
936.5842251777649,1001,False,3,6,[-5.17498906  6.73414723  4.0000099 ],cruising,[-0.48080528  0.59740651 -0.20557775]
936.5842251777649,1002,False,6,0,[ 6.01890947 -4.86011952  4.00000294],cruising,[ 0.5677905  -0.59831228 -0.99408226]
936.5842251777649,1003,False,2,1,[6.67952971 2.16835919 4.        ],exiting,[ 0.63925976  0.24903542 -0.34837281]
936.5842251777649,1004,False,4,3,[ 0.03681653 -3.04546216  3.99910442],cruising,[-0.62185191  0.08809385  0.93462812]
936.5842251777649,1005,False,0,2,[ 2.31721471 -3.29117315  4.00000005],cruising,[ 0.50568378 -0.03156594 -0.11489306]
936.6876182556152,1000,False,5,4,[-8.09985393  7.93247005  2.29295739],queued,[-0.82138112 -0.19970136 -0.21083176]
936.6876182556152,1001,False,3,6,[-4.98664523  6.7835544   4.00000938],cruising,[-0.48080528  0.59740651 -0.20557775]
936.6876182556152,1002,False,6,0,[ 5.83917617 -4.83627098  4.0000174 ],cruising,[ 0.5677905  -0.59831228 -0.99408226]
936.6876182556152,1003,False,2,1,[6.57970731 2.17431645 4.        ],exiting,[ 0.63925976  0.24903542 -0.34837281]
936.6876182556152,1004,False,4,3,[-0.15287408 -3.1088457   3.99923876],exiting,[-0.62185191  0.08809385  0.93462812]
936.6876182556152,1005,False,0,2,[ 2.12844855 -3.22508733  4.00000004],cruising,[ 0.50568378 -0.03156594 -0.11489306]
936.7805366516113,1000,False,5,4,[-8.09985393  7.93247005  2.36795739],queued,[-0.82138112 -0.19970136 -0.21083176]
936.7805366516113,1001,False,3,6,[-4.79061605  6.82320994  4.00000797],cruising,[-0.48080528  0.59740651 -0.20557775]
936.7805366516113,1002,False,6,0,[ 5.66196873 -4.79258259  4.00002777],cruising,[ 0.5677905  -0.59831228 -0.99408226]
936.7805366516113,1003,False,2,1,[6.47988492 2.18027372 4.        ],exiting,[ 0.63925976  0.24903542 -0.34837281]
936.7805366516113,1004,False,4,3,[-0.32293482 -3.17605919  3.99937264],exiting,[-0.62185191  0.08809385  0.93462812]
936.7805366516113,1005,False,0,2,[ 1.93849769 -3.16248802  4.00000003],cruising,[ 0.50568378 -0.03156594 -0.11489306]
936.8936638832092,1000,False,5,4,[-8.09985393  7.93247005  2.44295739],queued,[-0.82138112 -0.19970136 -0.21083176]
936.8936638832092,1001,False,3,6,[-4.59553176  6.8672794   4.00000678],cruising,[-0.48080528  0.59740651 -0.20557775]
936.8936638832092,1002,False,6,0,[ 5.48802235 -4.72916184  4.00003392],cruising,[ 0.5677905  -0.59831228 -0.99408226]
936.8936638832092,1003,False,2,1,[6.38006252 2.18623098 4.        ],exiting,[ 0.63925976  0.24903542 -0.34837281]
936.8936638832092,1004,False,4,3,[-0.47335453 -3.24704494  3.9995041 ],exiting,[-0.62185191  0.08809385  0.93462812]
936.8936638832092,1005,False,0,2,[ 1.74718399 -3.1041865   4.00000003],cruising,[ 0.50568378 -0.03156594 -0.11489306]
936.9911406040192,1000,False,5,4,[-8.09985393  7.93247005  2.51795739],entering,[-0.82138112 -0.19970136 -0.21083176]
936.9911406040192,1001,False,3,6,[-4.40112015  6.91422754  4.00000576],cruising,[-0.48080528  0.59740651 -0.20557775]
936.9911406040192,1002,False,6,0,[ 5.3171381  -4.64597691  4.00003536],cruising,[ 0.5677905  -0.59831228 -0.99408226]
936.9911406040192,1003,False,2,1,[6.28024012 2.19218825 4.        ],exiting,[ 0.63925976  0.24903542 -0.34837281]
936.9911406040192,1004,False,4,3,[-0.60411959 -3.32173129  3.99963082],exiting,[-0.62185191  0.08809385  0.93462812]
936.9911406040192,1005,False,0,2,[ 1.5543159  -3.05125354  4.00000002],cruising,[ 0.50568378 -0.03156594 -0.11489306]
937.0834546089172,1000,False,5,4,[-8.08200944  7.92343822  2.59295739],entering,[-0.82138112 -0.19970136 -0.21083176]
937.0834546089172,1001,False,3,6,[-4.20647167  6.96018372  4.0000049 ],cruising,[-0.48080528  0.59740651 -0.20557775]
937.0834546089172,1002,False,6,0,[ 5.14878941 -4.54295335  4.00003165],cruising,[ 0.5677905  -0.59831228 -0.99408226]
937.0834546089172,1003,False,2,1,[6.18041773 2.19814551 4.        ],exiting,[ 0.63925976  0.24903542 -0.34837281]
937.0834546089172,1004,False,4,3,[-0.71521319 -3.40002791  3.99975006],exiting,[-0.62185191  0.08809385  0.93462812]
937.0834546089172,1005,False,0,2,[ 1.35970483 -3.00513919  4.00000002],cruising,[ 0.50568378 -0.03156594 -0.11489306]
937.1823635101318,1000,False,5,4,[-8.0463068   7.90540157  2.66795739],entering,[-0.82138112 -0.19970136 -0.21083176]
937.1823635101318,1001,False,3,6,[-4.01201962  7.00696404  4.00000416],cruising,[-0.48080528  0.59740651 -0.20557775]
937.1823635101318,1002,False,6,0,[ 4.97686478 -4.44076763  4.0000269 ],cruising,[ 0.5677905  -0.59831228 -0.99408226]
937.1823635101318,1003,False,2,1,[6.08059533 2.20410278 4.        ],exiting,[ 0.63925976  0.24903542 -0.34837281]
937.1823635101318,1004,False,4,3,[-0.80661368 -3.48181464  3.99985829],exiting,[-0.62185191  0.08809385  0.93462812]
937.1823635101318,1005,False,0,2,[ 1.16321145 -2.96785177  4.00000002],cruising,[ 0.50568378 -0.03156594 -0.11489306]
937.2929317951202,1000,False,5,4,[-7.99271594  7.87842001  2.74295739],entering,[-0.82138112 -0.19970136 -0.21083176]
937.2929317951202,1001,False,3,6,[-3.81748973  7.05341964  4.00000354],cruising,[-0.48080528  0.59740651 -0.20557775]
937.2929317951202,1002,False,6,0,[ 4.80212133 -4.34348081  4.00002287],cruising,[ 0.5677905  -0.59831228 -0.99408226]
937.2929317951202,1003,False,2,1,[5.98077293 2.21006004 4.        ],exiting,[ 0.63925976  0.24903542 -0.34837281]
937.2929317951202,1004,False,4,3,[-0.8782911  -3.56691809  3.99995059],exiting,[-0.62185191  0.08809385  0.93462812]
937.2929317951202,1005,False,0,2,[ 0.96412644 -2.94874267  4.00000001],cruising,[ 0.50568378 -0.03156594 -0.11489306]
937.3872535228729,1000,False,5,4,[-7.92117987  7.84260841  2.81795739],entering,[-0.82138112 -0.19970136 -0.21083176]
937.3872535228729,1001,False,3,6,[-3.62265288  7.09857049  4.00000301],cruising,[-0.48080528  0.59740651 -0.20557775]
937.3872535228729,1002,False,6,0,[ 4.62423717 -4.25206294  4.00001944],cruising,[ 0.5677905  -0.59831228 -0.99408226]
937.3872535228729,1003,False,2,1,[5.88095053 2.2160173  4.        ],exiting,[ 0.63925976  0.24903542 -0.34837281]
937.3872535228729,1004,False,4,3,[-0.93022491 -3.65521361  4.00002364],exiting,[-0.62185191  0.08809385  0.93462812]
937.3872535228729,1005,False,0,2,[ 0.76422412 -2.94249268  4.00000001],cruising,[ 0.50568378 -0.03156594 -0.11489306]
937.4851911067963,1000,False,5,4,[-7.8316493   7.79806766  2.89295739],entering,[-0.82138112 -0.19970136 -0.21083176]
937.4851911067963,1001,False,3,6,[-3.4268096   7.13913414  4.00000256],cruising,[-0.48080528  0.59740651 -0.20557775]
937.4851911067963,1002,False,6,0,[ 4.44478521 -4.16376235  4.00001652],cruising,[ 0.5677905  -0.59831228 -0.99408226]
937.4851911067963,1003,False,2,1,[5.78112814 2.22197457 4.        ],exiting,[ 0.63925976  0.24903542 -0.34837281]
937.4851911067963,1004,False,4,3,[-0.96239441 -3.7465704   4.00007412],exiting,[-0.62185191  0.08809385  0.93462812]
937.4851911067963,1005,False,0,2,[ 0.5644344  -2.95166166  4.00000001],cruising,[ 0.50568378 -0.03156594 -0.11489306]
937.5855007171631,1000,False,5,4,[-7.72409961  7.74484872  2.96795739],entering,[-0.82138112 -0.19970136 -0.21083176]
937.5855007171631,1001,False,3,6,[-3.2304586   7.17716422  4.00000217],cruising,[-0.48080528  0.59740651 -0.20557775]
937.5855007171631,1002,False,6,0,[ 4.26348334 -4.07932521  4.00001404],cruising,[ 0.5677905  -0.59831228 -0.99408226]
937.5855007171631,1003,False,2,1,[5.68130574 2.22793183 4.        ],exiting,[ 0.63925976  0.24903542 -0.34837281]
937.5855007171631,1004,False,4,3,[-0.97477904 -3.84085266  4.00009898],exiting,[-0.62185191  0.08809385  0.93462812]
937.5855007171631,1005,False,0,2,[ 0.36588506 -2.97570657  4.00000001],cruising,[ 0.50568378 -0.03156594 -0.11489306]
937.6809556484222,1000,False,5,4,[-7.5985137   7.68298714  3.04295739],entering,[-0.82138112 -0.19970136 -0.21083176]
937.6809556484222,1001,False,3,6,[-3.03348688  7.21183613  4.00000185],cruising,[-0.48080528  0.59740651 -0.20557775]
937.6809556484222,1002,False,6,0,[ 4.08132241 -3.99675768  4.00001194],cruising,[ 0.5677905  -0.59831228 -0.99408226]
937.6809556484222,1003,False,2,1,[5.58148334 2.2338891  4.        ],landing,[ 0.63925976  0.24903542 -0.34837281]
937.6809556484222,1004,False,4,3,[-0.96735868 -3.93792088  4.00009585],exiting,[-0.62185191  0.08809385  0.93462812]
937.6809556484222,1005,False,0,2,[ 0.16956134 -3.01387722  4.00000001],cruising,[ 0.50568378 -0.03156594 -0.11489306]
937.7939999103546,1000,False,5,4,[-7.45444496  7.61348458  3.11795739],entering,[-0.82138112 -0.19970136 -0.21083176]
937.7939999103546,1001,False,3,6,[-2.83541419  7.2395347   4.00000157],cruising,[-0.48080528  0.59740651 -0.20557775]
937.7939999103546,1002,False,6,0,[ 3.89805132 -3.91668455  4.00001015],cruising,[ 0.5677905  -0.59831228 -0.99408226]
937.7939999103546,1003,False,2,1,[5.49551059 2.23586725 3.98613083],landing,[ 0.63925976  0.24903542 -0.34837281]
937.7939999103546,1004,False,4,3,[-0.94971678 -4.03635239  4.0000791 ],exiting,[-0.62185191  0.08809385  0.93462812]
937.7939999103546,1005,False,0,2,[-0.02375308 -3.0651562   4.00000001],cruising,[ 0.50568378 -0.03156594 -0.11489306]
937.8792328834534,1000,False,5,4,[-7.29165978  7.53693255  3.19295739],entering,[-0.82138112 -0.19970136 -0.21083176]
937.8792328834534,1001,False,3,6,[-2.63674375  7.26255759  4.00000133],cruising,[-0.48080528  0.59740651 -0.20557775]
937.8792328834534,1002,False,6,0,[ 3.7142532  -3.83782866  4.00000863],cruising,[ 0.5677905  -0.59831228 -0.99408226]
937.8792328834534,1003,False,2,1,[5.42355897 2.23389368 3.95855794],landing,[ 0.63925976  0.24903542 -0.34837281]
937.8792328834534,1004,False,4,3,[-0.93207488 -4.13478391  4.00006523],exiting,[-0.62185191  0.08809385  0.93462812]
937.8792328834534,1005,False,0,2,[-0.21234691 -3.13173224  4.00000001],cruising,[ 0.50568378 -0.03156594 -0.11489306]
937.9845530986786,1000,False,5,4,[-7.1093923   7.45585948  3.26795739],entering,[-0.82138112 -0.19970136 -0.21083176]
937.9845530986786,1001,False,3,6,[-2.43722841  7.27647267  4.00000113],cruising,[-0.48080528  0.59740651 -0.20557775]
937.9845530986786,1002,False,6,0,[ 3.52974243 -3.76065499  4.00000733],cruising,[ 0.5677905  -0.59831228 -0.99408226]
937.9845530986786,1003,False,2,1,[5.36582888 2.22800153 3.91747976],landing,[ 0.63925976  0.24903542 -0.34837281]
937.9845530986786,1004,False,4,3,[-0.91443298 -4.23321543  4.00005374],exiting,[-0.62185191  0.08809385  0.93462812]
937.9845530986786,1005,False,0,2,[-0.39751912 -3.20730507  4.        ],cruising,[ 0.50568378 -0.03156594 -0.11489306]
938.0881366729736,1000,False,5,4,[-6.92560531  7.37697764  3.34295739],entering,[-0.82138112 -0.19970136 -0.21083176]
938.0881366729736,1001,False,3,6,[-2.23725753  7.27988585  4.00000096],cruising,[-0.48080528  0.59740651 -0.20557775]
938.0881366729736,1002,False,6,0,[ 3.34480295 -3.68451439  4.00000623],cruising,[ 0.5677905  -0.59831228 -0.99408226]
938.0881366729736,1003,False,2,1,[5.32258923 2.2182373  3.86317154],landing,[ 0.63925976  0.24903542 -0.34837281]
938.0881366729736,1004,False,4,3,[-0.89679108 -4.33164694  4.00004424],exiting,[-0.62185191  0.08809385  0.93462812]
938.0881366729736,1005,False,0,2,[-0.57857241 -3.29227392  4.        ],cruising,[ 0.50568378 -0.03156594 -0.11489306]
938.1807806491852,1000,False,5,4,[-6.73968586  7.30326227  3.41795739],entering,[-0.82138112 -0.19970136 -0.21083176]
938.1807806491852,1001,False,3,6,[-2.03774378  7.26594799  4.00000082],cruising,[-0.48080528  0.59740651 -0.20557775]
938.1807806491852,1002,False,6,0,[ 3.15935982 -3.60960882  4.0000053 ],cruising,[ 0.5677905  -0.59831228 -0.99408226]
938.1807806491852,1003,False,2,1,[5.29407831 2.20464428 3.79588623],landing,[ 0.63925976  0.24903542 -0.34837281]
938.1807806491852,1004,False,4,3,[-0.87914918 -4.43007846  4.00003639],exiting,[-0.62185191  0.08809385  0.93462812]
938.1807806491852,1005,False,0,2,[-0.75703401 -3.38255934  4.        ],cruising,[ 0.50568378 -0.03156594 -0.11489306]
938.283132314682,1000,False,5,4,[-6.55222179  7.23356848  3.49295739],entering,[-0.82138112 -0.19970136 -0.21083176]
938.283132314682,1001,False,3,6,[-1.84044556  7.23318506  4.0000007 ],cruising,[-0.48080528  0.59740651 -0.20557775]
938.283132314682,1002,False,6,0,[ 2.97341556 -3.53595603  4.0000045 ],cruising,[ 0.5677905  -0.59831228 -0.99408226]
938.283132314682,1003,False,2,1,[5.2805071  2.18726251 3.71585531],landing,[ 0.63925976  0.24903542 -0.34837281]
938.283132314682,1004,False,4,3,[-0.86150728 -4.52850997  4.0000299 ],exiting,[-0.62185191  0.08809385  0.93462812]
938.283132314682,1005,False,0,2,[-0.93503451 -3.47375046  4.        ],cruising,[ 0.50568378 -0.03156594 -0.11489306]
938.3855180740356,1000,False,5,4,[-6.36305752  7.168631    3.56795739],entering,[-0.82138112 -0.19970136 -0.21083176]
938.3855180740356,1001,False,3,6,[-1.6466052   7.18393149  4.00000059],cruising,[-0.48080528  0.59740651 -0.20557775]
938.3855180740356,1002,False,6,0,[ 2.78688004 -3.46381382  4.00000383],cruising,[ 0.5677905  -0.59831228 -0.99408226]
938.3855180740356,1003,False,2,1,[5.28208778 2.16613393 3.62331913],landing,[ 0.63925976  0.24903542 -0.34837281]
938.3855180740356,1004,False,4,3,[-0.84386538 -4.62694149  4.00002455],exiting,[-0.62185191  0.08809385  0.93462812]
938.3855180740356,1005,False,0,2,[-1.1159814  -3.55894568  4.        ],cruising,[ 0.50568378 -0.03156594 -0.11489306]
938.4814803600311,1000,False,5,4,[-6.17184582  7.10999579  3.63276378],entering,[-0.82138112 -0.19970136 -0.21083176]
938.4814803600311,1001,False,3,6,[-1.45543162  7.12517211  4.0000005 ],cruising,[-0.48080528  0.59740651 -0.20557775]
938.4814803600311,1002,False,6,0,[ 2.59986688 -3.39291899  4.00000325],cruising,[ 0.5677905  -0.59831228 -0.99408226]
938.4814803600311,1003,False,2,1,[5.28945575 2.14361087 3.52616757],landing,[ 0.63925976  0.24903542 -0.34837281]
938.4814803600311,1004,False,4,3,[-0.82622348 -4.72537301  4.00002013],exiting,[-0.62185191  0.08809385  0.93462812]
938.4814803600311,1005,False,0,2,[-1.30382818 -3.62760124  4.        ],cruising,[ 0.50568378 -0.03156594 -0.11489306]
938.5919239521027,1000,False,5,4,[-5.97837158  7.05932314  3.68784922],entering,[-0.82138112 -0.19970136 -0.21083176]
938.5919239521027,1001,False,3,6,[-1.26883999  7.05317515  4.00000043],cruising,[-0.48080528  0.59740651 -0.20557775]
938.5919239521027,1002,False,6,0,[ 2.41206682 -3.32413572  4.00000277],cruising,[ 0.5677905  -0.59831228 -0.99408226]
938.5919239521027,1003,False,2,1,[5.29682371 2.12108781 3.42901602],landing,[ 0.63925976  0.24903542 -0.34837281]
938.5919239521027,1004,False,4,3,[-0.80858159 -4.82380452  4.00001649],exiting,[-0.62185191  0.08809385  0.93462812]
938.5919239521027,1005,False,0,2,[-1.49701128 -3.67698186  4.        ],cruising,[ 0.50568378 -0.03156594 -0.11489306]
938.679966211319,1000,False,5,4,[-5.78281191  7.01741355  3.73467183],entering,[-0.82138112 -0.19970136 -0.21083176]
938.679966211319,1001,False,3,6,[-1.08666425  6.9706403   4.00000036],cruising,[-0.48080528  0.59740651 -0.20557775]
938.679966211319,1002,False,6,0,[ 2.22333317 -3.25795709  4.00000235],cruising,[ 0.5677905  -0.59831228 -0.99408226]
938.679966211319,1003,False,2,1,[5.30419167 2.09856474 3.33186446],landing,[ 0.63925976  0.24903542 -0.34837281]
938.679966211319,1004,False,4,3,[-0.79093969 -4.92223604  4.00001349],exiting,[-0.62185191  0.08809385  0.93462812]
938.679966211319,1005,False,0,2,[-1.69252325 -3.70649852  4.        ],cruising,[ 0.50568378 -0.03156594 -0.11489306]
938.7858431339264,1000,False,5,4,[-5.58563004  6.98395744  3.77447106],entering,[-0.82138112 -0.19970136 -0.21083176]
938.7858431339264,1001,False,3,6,[-0.90841827  6.87992994  4.00000031],cruising,[-0.48080528  0.59740651 -0.20557775]
938.7858431339264,1002,False,6,0,[ 2.03400217 -3.19350735  4.000002  ],cruising,[ 0.5677905  -0.59831228 -0.99408226]
938.7858431339264,1003,False,2,1,[5.31155964 2.07604168 3.23471291],landing,[ 0.63925976  0.24903542 -0.34837281]
938.7858431339264,1004,False,4,3,[-0.77329779 -5.02066756  4.00001102],exiting,[-0.62185191  0.08809385  0.93462812]
938.7858431339264,1005,False,0,2,[-1.88710005 -3.71603707  4.        ],cruising,[ 0.50568378 -0.03156594 -0.11489306]
938.8877551555634,1000,False,5,4,[-5.38671429  6.96316021  3.8083004 ],entering,[-0.82138112 -0.19970136 -0.21083176]
938.8877551555634,1001,False,3,6,[-0.73231458  6.78512757  4.00000026],cruising,[-0.48080528  0.59740651 -0.20557775]
938.8877551555634,1002,False,6,0,[ 1.84339828 -3.1329255   4.0000017 ],cruising,[ 0.5677905  -0.59831228 -0.99408226]
938.8877551555634,1003,False,2,1,[5.3189276  2.05351862 3.13756135],landing,[ 0.63925976  0.24903542 -0.34837281]
938.8877551555634,1004,False,4,3,[-0.75565589 -5.11909907  4.00000899],exiting,[-0.62185191  0.08809385  0.93462812]
938.8877551555634,1005,False,0,2,[-2.07771725 -3.70597149  4.        ],cruising,[ 0.50568378 -0.03156594 -0.11489306]
938.987179517746,1000,False,5,4,[-5.18700915  6.95230395  3.83705534],entering,[-0.82138112 -0.19970136 -0.21083176]
938.987179517746,1001,False,3,6,[-0.55924817  6.68488776  4.00000022],cruising,[-0.48080528  0.59740651 -0.20557775]
938.987179517746,1002,False,6,0,[ 1.65133602 -3.07713942  4.00000144],cruising,[ 0.5677905  -0.59831228 -0.99408226]
938.987179517746,1003,False,2,1,[5.32629557 2.03099556 3.0404098 ],landing,[ 0.63925976  0.24903542 -0.34837281]
938.987179517746,1004,False,4,3,[-0.73801399 -5.21753059  4.00000733],exiting,[-0.62185191  0.08809385  0.93462812]
938.987179517746,1005,False,0,2,[-2.26177085 -3.6770136   4.        ],cruising,[ 0.50568378 -0.03156594 -0.11489306]
939.0794475078583,1000,False,5,4,[-4.98700999  6.9517263   3.86149704],cruising,[-0.82138112 -0.19970136 -0.21083176]
939.0794475078583,1001,False,3,6,[-0.38839399  6.58092216  4.00000019],cruising,[-0.48080528  0.59740651 -0.20557775]
939.0794475078583,1002,False,6,0,[ 1.45762217 -3.02739062  4.00000123],cruising,[ 0.5677905  -0.59831228 -0.99408226]
939.0794475078583,1003,False,2,1,[5.33366353 2.00847249 2.94325824],landing,[ 0.63925976  0.24903542 -0.34837281]
939.0794475078583,1004,False,4,3,[-0.72037209 -5.3159621   4.00000596],exiting,[-0.62185191  0.08809385  0.93462812]
939.0794475078583,1005,False,0,2,[-2.43691507 -3.63014978  4.        ],cruising,[ 0.50568378 -0.03156594 -0.11489306]
939.1804525852203,1000,False,5,4,[-4.78722387  6.96097329  3.88227248],cruising,[-0.82138112 -0.19970136 -0.21083176]
939.1804525852203,1001,False,3,6,[-0.21845158  6.47547274  4.00000016],cruising,[-0.48080528  0.59740651 -0.20557775]
939.1804525852203,1002,False,6,0,[ 1.26208411 -2.98538029  4.00000104],cruising,[ 0.5677905  -0.59831228 -0.99408226]
939.1804525852203,1003,False,2,1,[5.34103149 1.98594943 2.84610669],landing,[ 0.63925976  0.24903542 -0.34837281]
939.1804525852203,1004,False,4,3,[-0.70273019 -5.41439362  4.00000484],exiting,[-0.62185191  0.08809385  0.93462812]
939.1804525852203,1005,False,0,2,[-2.60104134 -3.56659449  4.        ],cruising,[ 0.50568378 -0.03156594 -0.11489306]
939.2929723262787,1000,False,5,4,[-4.58802784  6.97888819  3.89993161],cruising,[-0.82138112 -0.19970136 -0.21083176]
939.2929723262787,1001,False,3,6,[-0.04956719  6.36833702  4.00000014],cruising,[-0.48080528  0.59740651 -0.20557775]
939.2929723262787,1002,False,6,0,[ 1.06464313 -2.95348894  4.00000089],cruising,[ 0.5677905  -0.59831228 -0.99408226]
939.2929723262787,1003,False,2,1,[5.34839946 1.96342637 2.74895513],landing,[ 0.63925976  0.24903542 -0.34837281]
939.2929723262787,1004,False,4,3,[-0.68508829 -5.51282514  4.00000392],exiting,[-0.62185191  0.08809385  0.93462812]
939.2929723262787,1005,False,0,2,[-2.75238104 -3.48766052  4.        ],cruising,[ 0.50568378 -0.03156594 -0.11489306]
939.3868811130524,1000,False,5,4,[-4.38959501  7.00387644  3.91494187],cruising,[-0.82138112 -0.19970136 -0.21083176]
939.3868811130524,1001,False,3,6,[0.11913465 6.26091408 4.00000012],cruising,[-0.48080528  0.59740651 -0.20557775]
939.3868811130524,1002,False,6,0,[ 0.86504681 -2.9414811   4.00000075],cruising,[ 0.5677905  -0.59831228 -0.99408226]
939.3868811130524,1003,False,2,1,[5.35576742 1.9409033  2.65180357],landing,[ 0.63925976  0.24903542 -0.34837281]
939.3868811130524,1004,False,4,3,[-0.66744639 -5.61125665  4.00000317],exiting,[-0.62185191  0.08809385  0.93462812]
939.3868811130524,1005,False,0,2,[-2.88938979 -3.3947758   4.        ],cruising,[ 0.50568378 -0.03156594 -0.11489306]
939.4838564395905,1000,False,5,4,[-4.19190403  7.03417947  3.92770059],cruising,[-0.82138112 -0.19970136 -0.21083176]
939.4838564395905,1001,False,3,6,[0.28791906 6.15362091 4.0000001 ],cruising,[-0.48080528  0.59740651 -0.20557775]
939.4838564395905,1002,False,6,0,[ 0.66509448 -2.94584775  4.00000064],cruising,[ 0.5677905  -0.59831228 -0.99408226]
939.4838564395905,1003,False,2,1,[5.36313538 1.91838024 2.55465202],landing,[ 0.63925976  0.24903542 -0.34837281]
939.4838564395905,1004,False,4,3,[-0.6498045  -5.70968817  4.00000256],exiting,[-0.62185191  0.08809385  0.93462812]
939.4838564395905,1005,False,0,2,[-3.01069688 -3.28950326  4.        ],cruising,[ 0.50568378 -0.03156594 -0.11489306]
939.5818374156952,1000,False,5,4,[-3.99479755  7.06807694  3.9385455 ],cruising,[-0.82138112 -0.19970136 -0.21083176]
939.5818374156952,1001,False,3,6,[0.45720631 6.0471229  4.00000008],cruising,[-0.48080528  0.59740651 -0.20557775]
939.5818374156952,1002,False,6,0,[ 0.46559283 -2.95995778  4.00000054],cruising,[ 0.5677905  -0.59831228 -0.99408226]
939.5818374156952,1003,False,2,1,[5.37050335 1.89585718 2.45750046],landing,[ 0.63925976  0.24903542 -0.34837281]
939.5818374156952,1004,False,4,3,[-0.6321626  -5.80811969  4.00000206],exiting,[-0.62185191  0.08809385  0.93462812]
939.5818374156952,1005,False,0,2,[-3.11514501 -3.17347082  4.        ],cruising,[ 0.50568378 -0.03156594 -0.11489306]
939.6863510608673,1000,False,5,4,[-3.79804961  7.10399692  3.94776368],cruising,[-0.82138112 -0.19970136 -0.21083176]
939.6863510608673,1001,False,3,6,[0.62725965 5.94185248 4.00000007],cruising,[-0.48080528  0.59740651 -0.20557775]
939.6863510608673,1002,False,6,0,[ 0.26774518 -2.98922048  4.00000046],cruising,[ 0.5677905  -0.59831228 -0.99408226]
939.6863510608673,1003,False,2,1,[5.37787131 1.87333411 2.36034891],landing,[ 0.63925976  0.24903542 -0.34837281]
939.6863510608673,1004,False,4,3,[-0.6145207  -5.9065512   4.00000166],exiting,[-0.62185191  0.08809385  0.93462812]
939.6863510608673,1005,False,0,2,[-3.20173418 -3.04843517  4.        ],cruising,[ 0.50568378 -0.03156594 -0.11489306]
939.786740064621,1000,False,5,4,[-3.60098034  7.13811001  3.95559912],cruising,[-0.82138112 -0.19970136 -0.21083176]
939.786740064621,1001,False,3,6,[0.79884642 5.83910045 4.00000006],cruising,[-0.48080528  0.59740651 -0.20557775]
939.786740064621,1002,False,6,0,[ 0.07352045 -3.03693582  4.00000039],cruising,[ 0.5677905  -0.59831228 -0.99408226]
939.786740064621,1003,False,2,1,[5.38523927 1.85081105 2.26319735],landing,[ 0.63925976  0.24903542 -0.34837281]
939.786740064621,1004,False,4,3,[-0.5968788  -6.00498272  4.00000133],exiting,[-0.62185191  0.08809385  0.93462812]
939.786740064621,1005,False,0,2,[-3.27014891 -2.9150515   4.        ],cruising,[ 0.50568378 -0.03156594 -0.11489306]
939.890052318573,1000,False,5,4,[-3.40388405  7.17206663  3.96225926],cruising,[-0.82138112 -0.19970136 -0.21083176]
939.890052318573,1001,False,3,6,[0.97177851 5.73862909 4.00000005],cruising,[-0.48080528  0.59740651 -0.20557775]
939.890052318573,1002,False,6,0,[-0.11745279 -3.09634307  4.00000033],cruising,[ 0.5677905  -0.59831228 -0.99408226]
939.890052318573,1003,False,2,1,[5.39260724 1.82828799 2.1660458 ],landing,[ 0.63925976  0.24903542 -0.34837281]
939.890052318573,1004,False,4,3,[-0.5792369  -6.10341424  4.00000106],exiting,[-0.62185191  0.08809385  0.93462812]
939.890052318573,1005,False,0,2,[-3.32016948 -2.77381576  4.        ],cruising,[ 0.50568378 -0.03156594 -0.11489306]
939.9930691719055,1000,False,5,4,[-3.20656139  7.20468212  3.96792037],cruising,[-0.82138112 -0.19970136 -0.21083176]
939.9930691719055,1001,False,3,6,[1.14707598 5.64234412 4.00000004],cruising,[-0.48080528  0.59740651 -0.20557775]
939.9930691719055,1002,False,6,0,[-0.30488437 -3.16612418  4.00000028],cruising,[ 0.5677905  -0.59831228 -0.99408226]
939.9930691719055,1003,False,2,1,[5.3999752  1.80576493 2.06889424],landing,[ 0.63925976  0.24903542 -0.34837281]
939.9930691719055,1004,False,4,3,[-0.561595   -6.20184575  4.00000084],exiting,[-0.62185191  0.08809385  0.93462812]
939.9930691719055,1005,False,0,2,[-3.35165357 -2.6250701   4.        ],cruising,[ 0.50568378 -0.03156594 -0.11489306]
940.0818068981171,1000,False,5,4,[-3.0084673   7.23222715  3.97273231],cruising,[-0.82138112 -0.19970136 -0.21083176]
940.0818068981171,1001,False,3,6,[1.32416972 5.54940432 4.00000004],cruising,[-0.48080528  0.59740651 -0.20557775]
940.0818068981171,1002,False,6,0,[-0.48771338 -3.24720162  4.00000024],cruising,[ 0.5677905  -0.59831228 -0.99408226]
940.0818068981171,1003,False,2,1,[5.40734316 1.78324186 1.97174269],landing,[ 0.63925976  0.24903542 -0.34837281]
940.0818068981171,1004,False,4,3,[-0.5439531  -6.30027727  4.00000067],exiting,[-0.62185191  0.08809385  0.93462812]
940.0818068981171,1005,False,0,2,[-3.36455417 -2.46893163  4.        ],cruising,[ 0.50568378 -0.03156594 -0.11489306]
940.1915400028229,1000,False,5,4,[-2.8099693   7.25669234  3.97682247],cruising,[-0.82138112 -0.19970136 -0.21083176]
940.1915400028229,1001,False,3,6,[1.50327542 5.46040348 4.00000003],cruising,[-0.48080528  0.59740651 -0.20557775]
940.1915400028229,1002,False,6,0,[-0.667129   -3.33557604  4.00000021],cruising,[ 0.5677905  -0.59831228 -0.99408226]
940.1915400028229,1003,False,2,1,[5.41471113 1.7607188  1.87459113],landing,[ 0.63925976  0.24903542 -0.34837281]
940.1915400028229,1004,False,4,3,[-0.5263112  -6.39870878  4.00000053],exiting,[-0.62185191  0.08809385  0.93462812]
940.1915400028229,1005,False,0,2,[-3.35905488 -2.30495452  4.        ],cruising,[ 0.50568378 -0.03156594 -0.11489306]
940.2878425121307,1000,False,5,4,[-2.6107095   7.27388343  3.9802991 ],cruising,[-0.82138112 -0.19970136 -0.21083176]
940.2878425121307,1001,False,3,6,[1.68561281 5.37822637 4.00000003],cruising,[-0.48080528  0.59740651 -0.20557775]
940.2878425121307,1002,False,6,0,[-0.84497226 -3.42707344  4.00000017],cruising,[ 0.5677905  -0.59831228 -0.99408226]
940.2878425121307,1003,False,2,1,[5.42207909 1.73819574 1.77743957],landing,[ 0.63925976  0.24903542 -0.34837281]
940.2878425121307,1004,False,4,3,[-0.5086693  -6.4971403   4.00000041],exiting,[-0.62185191  0.08809385  0.93462812]
940.2878425121307,1005,False,0,2,[-3.33575201 -2.13186518  4.        ],cruising,[ 0.50568378 -0.03156594 -0.11489306]
940.3836047649384,1000,False,5,4,[-2.41107711  7.28600391  3.98325423],cruising,[-0.82138112 -0.19970136 -0.21083176]
940.3836047649384,1001,False,3,6,[1.87014465 5.3011031  4.00000002],cruising,[-0.48080528  0.59740651 -0.20557775]
940.3836047649384,1002,False,6,0,[-1.02409675 -3.51603645  4.00000015],cruising,[ 0.5677905  -0.59831228 -0.99408226]
940.3836047649384,1003,False,2,1,[5.42944706 1.71567267 1.68028802],landing,[ 0.63925976  0.24903542 -0.34837281]
940.3836047649384,1004,False,4,3,[-0.4910274  -6.59557182  4.00000032],exiting,[-0.62185191  0.08809385  0.93462812]
940.3836047649384,1005,False,0,2,[-3.29685042 -1.94625866  4.        ],cruising,[ 0.50568378 -0.03156594 -0.11489306]
940.4825434684753,1000,False,5,4,[-2.2110842   7.28768791  3.9857661 ],cruising,[-0.82138112 -0.19970136 -0.21083176]
940.4825434684753,1001,False,3,6,[2.05697808 5.22973595 4.00000002],cruising,[-0.48080528  0.59740651 -0.20557775]
940.4825434684753,1002,False,6,0,[-1.2073605  -3.59612638  4.00000013],cruising,[ 0.5677905  -0.59831228 -0.99408226]
940.4825434684753,1003,False,2,1,[5.43681502 1.69314961 1.58313646],landing,[ 0.63925976  0.24903542 -0.34837281]
940.4825434684753,1004,False,4,3,[-0.47338551 -6.69400333  4.00000025],exiting,[-0.62185191  0.08809385  0.93462812]
940.4825434684753,1005,False,0,2,[-3.26203936 -1.74931148  4.        ],cruising,[ 0.50568378 -0.03156594 -0.11489306]
940.5872614383698,1000,False,5,4,[-2.01170751  7.27191012  3.98790118],cruising,[-0.82138112 -0.19970136 -0.21083176]
940.5872614383698,1001,False,3,6,[2.24756902 5.1691134  4.00000002],cruising,[-0.48080528  0.59740651 -0.20557775]
940.5872614383698,1002,False,6,0,[-1.39753585 -3.65744853  4.00000011],cruising,[ 0.5677905  -0.59831228 -0.99408226]
940.5872614383698,1003,False,2,1,[5.44418298 1.67062655 1.48598491],fake_landed,[ 0.63925976  0.24903542 -0.34837281]
940.5872614383698,1004,False,4,3,[-0.45574361 -6.79243485  4.00000019],exiting,[-0.62185191  0.08809385  0.93462812]
940.5872614383698,1005,False,0,2,[-3.24385012 -1.55014032  4.        ],cruising,[ 0.50568378 -0.03156594 -0.11489306]
940.6811487674713,1000,False,5,4,[-1.8147396   7.23721658  3.989716  ],cruising,[-0.82138112 -0.19970136 -0.21083176]
940.6811487674713,1001,False,3,6,[2.44110621 5.11868171 4.00000001],cruising,[-0.48080528  0.59740651 -0.20557775]
940.6811487674713,1002,False,6,0,[-1.59147092 -3.69912724  4.00000009],cruising,[ 0.5677905  -0.59831228 -0.99408226]
940.6811487674713,1003,False,2,1,[5.45007735 1.6526081  1.40826366],fake_landed,[ 0.63925976  0.24903542 -0.34837281]
940.6811487674713,1004,False,4,3,[-0.43810171 -6.89086637  4.00000015],exiting,[-0.62185191  0.08809385  0.93462812]
940.6811487674713,1005,False,0,2,[-3.24200934 -1.35014879  4.        ],cruising,[ 0.50568378 -0.03156594 -0.11489306]
940.7937023639679,1000,False,5,4,[-1.62139762  7.1860416   3.9912586 ],cruising,[-0.82138112 -0.19970136 -0.21083176]
940.7937023639679,1001,False,3,6,[2.63671661 5.0770095  4.00000001],cruising,[-0.48080528  0.59740651 -0.20557775]
940.7937023639679,1002,False,6,0,[-1.78605129 -3.72081637  4.00000007],cruising,[ 0.5677905  -0.59831228 -0.99408226]
940.7937023639679,1003,False,2,1,[5.45449813 1.63909426 1.34997273],fake_landed,[ 0.63925976  0.24903542 -0.34837281]
940.7937023639679,1004,False,4,3,[-0.42045981 -6.98929788  4.00000011],exiting,[-0.62185191  0.08809385  0.93462812]
940.7937023639679,1005,False,0,2,[-3.25475051 -1.15055505  4.        ],cruising,[ 0.50568378 -0.03156594 -0.11489306]
940.8795917034149,1000,False,5,4,[-1.43228217  7.12096206  3.99256981],cruising,[-0.82138112 -0.19970136 -0.21083176]
940.8795917034149,1001,False,3,6,[2.83375339 5.04270925 4.00000001],cruising,[-0.48080528  0.59740651 -0.20557775]
940.8795917034149,1002,False,6,0,[-1.97827595 -3.72264471  4.00000006],cruising,[ 0.5677905  -0.59831228 -0.99408226]
940.8795917034149,1003,False,2,1,[5.45744532 1.63008503 1.31111211],fake_landed,[ 0.63925976  0.24903542 -0.34837281]
940.8795917034149,1004,False,4,3,[-0.40281791 -7.0877294   4.00000008],exiting,[-0.62185191  0.08809385  0.93462812]
940.8795917034149,1005,False,0,2,[-3.28170976 -0.95238038  4.        ],cruising,[ 0.50568378 -0.03156594 -0.11489306]
940.9835834503174,1000,False,5,4,[-1.24748356  7.04448021  3.99368434],cruising,[-0.82138112 -0.19970136 -0.21083176]
940.9835834503174,1001,False,3,6,[3.03175236 5.01448855 4.00000001],cruising,[-0.48080528  0.59740651 -0.20557775]
940.9835834503174,1002,False,6,0,[-2.1652458  -3.70517573  4.00000004],cruising,[ 0.5677905  -0.59831228 -0.99408226]
940.9835834503174,1003,False,2,1,[5.45891891 1.62558042 1.2916818 ],fake_landed,[ 0.63925976  0.24903542 -0.34837281]
940.9835834503174,1004,False,4,3,[-0.38517601 -7.18616091  4.00000006],exiting,[-0.62185191  0.08809385  0.93462812]
940.9835834503174,1005,False,0,2,[-3.32172527 -0.75642437  4.        ],cruising,[ 0.50568378 -0.03156594 -0.11489306]
941.0858986377716,1000,False,5,4,[-1.06531896  6.96192078  3.99463169],cruising,[-0.82138112 -0.19970136 -0.21083176]
941.0858986377716,1001,False,3,6,[3.23038861 4.99117251 4.00000001],cruising,[-0.48080528  0.59740651 -0.20557775]
941.0858986377716,1002,False,6,0,[-2.34463343 -3.66919971  4.00000003],cruising,[ 0.5677905  -0.59831228 -0.99408226]
941.0858986377716,1003,False,2,1,[5.45891891 1.62558042 1.2916818 ],fake_landed,[ 0.63925976  0.24903542 -0.34837281]
941.0858986377716,1004,False,4,3,[-0.36753411 -7.28459243  4.00000004],exiting,[-0.62185191  0.08809385  0.93462812]
941.0858986377716,1005,False,0,2,[-3.37373103 -0.5633042   4.        ],cruising,[ 0.50568378 -0.03156594 -0.11489306]
941.1879980564117,1000,False,5,4,[-0.88718679  6.87098712  3.99543694],cruising,[-0.82138112 -0.19970136 -0.21083176]
941.1879980564117,1001,False,3,6,[3.42943917 4.97170773 4.00000001],cruising,[-0.48080528  0.59740651 -0.20557775]
941.1879980564117,1002,False,6,0,[-2.51425023 -3.61577289  4.00000001],cruising,[ 0.5677905  -0.59831228 -0.99408226]
941.1879980564117,1003,False,1,5,[5.45891891 1.62558042 1.2916818 ],waiting,[ 0.63925976  0.24903542 -0.34837281]
941.1879980564117,1004,False,4,3,[-0.34989221 -7.38302395  4.00000003],exiting,[-0.62185191  0.08809385  0.93462812]
941.1879980564117,1005,False,0,2,[-3.43504729 -0.3729353   4.        ],cruising,[ 0.50568378 -0.03156594 -0.11489306]
941.284327507019,1000,False,5,4,[-0.71239755  6.77378259  3.9961214 ],cruising,[-0.82138112 -0.19970136 -0.21083176]
941.284327507019,1001,False,3,6,[3.62875302 4.95515521 4.00000001],cruising,[-0.48080528  0.59740651 -0.20557775]
941.284327507019,1002,False,6,0,[-2.67210307 -3.54617173  4.        ],cruising,[ 0.5677905  -0.59831228 -0.99408226]
941.284327507019,1003,False,1,5,[5.45891891 1.62558042 1.2916818 ],waiting,[ 0.63925976  0.24903542 -0.34837281]
941.284327507019,1004,False,4,3,[-0.33225031 -7.48145546  4.00000002],exiting,[-0.62185191  0.08809385  0.93462812]
941.284327507019,1005,False,0,2,[-3.50693973 -0.18630337  4.        ],cruising,[ 0.50568378 -0.03156594 -0.11489306]
941.3816478252411,1000,False,5,4,[-0.53928534  6.6736219   3.99670319],cruising,[-0.82138112 -0.19970136 -0.21083176]
941.3816478252411,1001,False,3,6,[3.82822831 4.9406773  4.        ],cruising,[-0.48080528  0.59740651 -0.20557775]
941.3816478252411,1002,False,6,0,[-2.81651477 -3.46176058  3.99999999],cruising,[ 0.5677905  -0.59831228 -0.99408226]
941.3816478252411,1003,False,1,5,[5.45891891 1.62558042 1.2916818 ],waiting,[ 0.63925976  0.24903542 -0.34837281]
941.3816478252411,1004,False,4,3,[-0.31460842 -7.57988698  4.00000001],exiting,[-0.62185191  0.08809385  0.93462812]
941.3816478252411,1005,False,0,2,[-3.58894868e+00 -3.89029208e-03  4.00000000e+00],exiting,[ 0.50568378 -0.03156594 -0.11489306]
941.488198518753,1000,False,5,4,[-0.36845523  6.56961675  3.99719771],cruising,[-0.82138112 -0.19970136 -0.21083176]
941.488198518753,1001,False,3,6,[4.02779518 4.92752193 4.        ],cruising,[-0.48080528  0.59740651 -0.20557775]
941.488198518753,1002,False,6,0,[-2.94603243 -3.36400148  3.99999998],cruising,[ 0.5677905  -0.59831228 -0.99408226]
941.488198518753,1003,False,1,5,[5.45891891 1.62558042 1.2916818 ],waiting,[ 0.63925976  0.24903542 -0.34837281]
941.488198518753,1004,False,4,3,[-0.29696652 -7.6783185   4.00000001],exiting,[-0.62185191  0.08809385  0.93462812]
941.488198518753,1005,False,0,2,[-3.67173797  0.15853802  4.        ],exiting,[ 0.50568378 -0.03156594 -0.11489306]
941.5804543495178,1000,False,5,4,[-0.1990908   6.46324151  3.99761805],cruising,[-0.82138112 -0.19970136 -0.21083176]
941.5804543495178,1001,False,3,6,[4.2273779  4.91460918 4.        ],cruising,[-0.48080528  0.59740651 -0.20557775]
941.5804543495178,1002,False,6,0,[-3.05935475 -3.25450735  3.99999997],cruising,[ 0.5677905  -0.59831228 -0.99408226]
941.5804543495178,1003,False,1,5,[5.45891891 1.62558042 1.2916818 ],waiting,[ 0.63925976  0.24903542 -0.34837281]
941.5804543495178,1004,False,4,3,[-0.27932462 -7.77675001  4.        ],landing,[-0.62185191  0.08809385  0.93462812]
941.5804543495178,1005,False,0,2,[-3.75514395  0.30097584  4.        ],exiting,[ 0.50568378 -0.03156594 -0.11489306]
941.6918964385986,1000,False,5,4,[-0.03016756  6.35616706  3.99797534],cruising,[-0.82138112 -0.19970136 -0.21083176]
941.6918964385986,1001,False,3,6,[4.42698725 4.90211493 4.        ],cruising,[-0.48080528  0.59740651 -0.20557775]
941.6918964385986,1002,False,6,0,[-3.1553826  -3.13496827  3.99999997],cruising,[ 0.5677905  -0.59831228 -0.99408226]
941.6918964385986,1003,False,1,5,[5.45891891 1.62558042 1.2916818 ],waiting,[ 0.63925976  0.24903542 -0.34837281]
941.6918964385986,1004,False,4,3,[-0.26731106 -7.86202361  3.98602892],landing,[-0.62185191  0.08809385  0.93462812]
941.6918964385986,1005,False,0,2,[-3.83898443  0.42341838  4.        ],exiting,[ 0.50568378 -0.03156594 -0.11489306]
941.7897834777832,1000,False,5,4,[0.13855282 6.24877323 3.99827904],cruising,[-0.82138112 -0.19970136 -0.21083176]
941.7897834777832,1001,False,3,6,[4.62657871 4.88933797 4.        ],cruising,[-0.48080528  0.59740651 -0.20557775]
941.7897834777832,1002,False,6,0,[-3.23349559 -3.00653775  3.99999996],cruising,[ 0.5677905  -0.59831228 -0.99408226]
941.7897834777832,1003,False,1,5,[5.45891891 1.62558042 1.2916818 ],waiting,[ 0.63925976  0.24903542 -0.34837281]
941.7897834777832,1004,False,4,3,[-0.26091881 -7.9339643   3.9582508 ],landing,[-0.62185191  0.08809385  0.93462812]
941.7897834777832,1005,False,0,2,[-3.92305381  0.52586223  4.        ],exiting,[ 0.50568378 -0.03156594 -0.11489306]
941.8938257694244,1000,False,5,4,[0.30734707 6.14149555 3.99853719],cruising,[-0.82138112 -0.19970136 -0.21083176]
941.8938257694244,1001,False,3,6,[4.82610801 4.87562456 4.        ],cruising,[-0.48080528  0.59740651 -0.20557775]
941.8938257694244,1002,False,6,0,[-3.2933203  -2.87001159  3.99999996],cruising,[ 0.5677905  -0.59831228 -0.99408226]
941.8938257694244,1003,False,1,5,[5.45891891 1.62558042 1.2916818 ],queued,[ 0.63925976  0.24903542 -0.34837281]
941.8938257694244,1004,False,4,3,[-0.26013846 -7.99236678  3.91686299],landing,[-0.62185191  0.08809385  0.93462812]
941.8938257694244,1005,False,0,2,[-4.00711347  0.60830609  4.        ],exiting,[ 0.50568378 -0.03156594 -0.11489306]
941.979790687561,1000,False,5,4,[0.47664758 6.03501862 3.99875661],cruising,[-0.82138112 -0.19970136 -0.21083176]
941.979790687561,1001,False,3,6,[5.02552367 4.86034732 4.        ],cruising,[-0.48080528  0.59740651 -0.20557775]
941.979790687561,1002,False,6,0,[-3.33468316 -2.7257939   3.99999996],cruising,[ 0.5677905  -0.59831228 -0.99408226]
941.979790687561,1003,False,1,5,[5.45891891 1.62558042 1.3116818 ],queued,[ 0.63925976  0.24903542 -0.34837281]
941.979790687561,1004,False,4,3,[-0.26495523 -8.03695285  3.86214181],landing,[-0.62185191  0.08809385  0.93462812]
941.979790687561,1005,False,0,2,[-4.09086955  0.67075224  4.        ],exiting,[ 0.50568378 -0.03156594 -0.11489306]
942.0817663669586,1000,False,5,4,[0.64708596 5.93037274 3.99894312],cruising,[-0.82138112 -0.19970136 -0.21083176]
942.0817663669586,1001,False,3,6,[5.2248508  4.84395537 4.        ],cruising,[-0.48080528  0.59740651 -0.20557775]
942.0817663669586,1002,False,6,0,[-3.35751136 -2.57406179  3.99999995],cruising,[ 0.5677905  -0.59831228 -0.99408226]
942.0817663669586,1003,False,1,5,[5.45891891 1.62558042 1.3516818 ],queued,[ 0.63925976  0.24903542 -0.34837281]
942.0817663669586,1004,False,4,3,[-0.27535441 -8.06748398  3.79433263],landing,[-0.62185191  0.08809385  0.93462812]
942.0817663669586,1005,False,0,2,[-4.17390991  0.71321121  4.        ],exiting,[ 0.50568378 -0.03156594 -0.11489306]
942.1821873188019,1000,False,5,4,[0.81864545 5.82757517 3.99910165],cruising,[-0.82138112 -0.19970136 -0.21083176]
942.1821873188019,1001,False,3,6,[5.42393536 4.82484156 4.        ],cruising,[-0.48080528  0.59740651 -0.20557775]
942.1821873188019,1002,False,6,0,[-3.36180831 -2.41480687  3.99999996],cruising,[ 0.5677905  -0.59831228 -0.99408226]
942.1821873188019,1003,False,1,5,[5.45891891 1.62558042 1.4116818 ],queued,[ 0.63925976  0.24903542 -0.34837281]
942.1821873188019,1004,False,4,3,[-0.291321   -8.08374374  3.71366532],landing,[-0.62185191  0.08809385  0.93462812]
942.1821873188019,1005,False,0,2,[-4.25598049  0.73569371  4.        ],exiting,[ 0.50568378 -0.03156594 -0.11489306]
942.2894592285156,1000,False,5,4,[0.99158375 5.72711451 3.9992364 ],cruising,[-0.82138112 -0.19970136 -0.21083176]
942.2894592285156,1001,False,3,6,[5.62266469 4.80233258 4.        ],exiting,[-0.48080528  0.59740651 -0.20557775]
942.2894592285156,1002,False,6,0,[-3.3478956  -2.24728102  3.99999996],cruising,[ 0.5677905  -0.59831228 -0.99408226]
942.2894592285156,1003,False,1,5,[5.45891891 1.62558042 1.4866818 ],queued,[ 0.63925976  0.24903542 -0.34837281]
942.2894592285156,1004,False,4,3,[-0.3128382  -8.08551417  3.62037856],landing,[-0.62185191  0.08809385  0.93462812]
942.2894592285156,1005,False,0,2,[-4.33682297  0.73821394  4.        ],exiting,[ 0.50568378 -0.03156594 -0.11489306]
942.3873424530029,1000,False,5,4,[1.16693625 5.63092978 3.99935094],cruising,[-0.82138112 -0.19970136 -0.21083176]
942.3873424530029,1001,False,3,6,[5.8052783  4.79166774 4.        ],exiting,[-0.48080528  0.59740651 -0.20557775]
942.3873424530029,1002,False,6,0,[-3.31680369 -2.0695143   3.99999996],cruising,[ 0.5677905  -0.59831228 -0.99408226]
942.3873424530029,1003,False,1,5,[5.45891891 1.62558042 1.5616818 ],queued,[ 0.63925976  0.24903542 -0.34837281]
942.3873424530029,1004,False,4,3,[-0.33611033 -8.08261806  3.52316734],landing,[-0.62185191  0.08809385  0.93462812]
942.3873424530029,1005,False,0,2,[-4.41617476  0.72078981  4.        ],exiting,[ 0.50568378 -0.03156594 -0.11489306]
942.4940791130066,1000,False,5,4,[1.34411146 5.53814538 3.9994483 ],cruising,[-0.82138112 -0.19970136 -0.21083176]
942.4940791130066,1001,False,3,6,[5.97175718 4.79282113 4.        ],exiting,[-0.48080528  0.59740651 -0.20557775]
942.4940791130066,1002,False,6,0,[-3.27391293 -1.87559868  3.99999997],cruising,[ 0.5677905  -0.59831228 -0.99408226]
942.4940791130066,1003,False,1,5,[5.45891891 1.62558042 1.6366818 ],queued,[ 0.63925976  0.24903542 -0.34837281]
942.4940791130066,1004,False,4,3,[-0.35938246 -8.07972195  3.42595613],landing,[-0.62185191  0.08809385  0.93462812]
942.4940791130066,1005,False,0,2,[-4.49376873  0.68344307  4.        ],exiting,[ 0.50568378 -0.03156594 -0.11489306]
942.5878431797028,1000,False,5,4,[1.52429744 5.45135246 3.99953106],cruising,[-0.82138112 -0.19970136 -0.21083176]
942.5878431797028,1001,False,3,6,[6.12207593 4.80575799 4.        ],exiting,[-0.48080528  0.59740651 -0.20557775]
942.5878431797028,1002,False,6,0,[-3.24639189 -1.67750124  3.99999997],cruising,[ 0.5677905  -0.59831228 -0.99408226]
942.5878431797028,1003,False,1,5,[5.45891891 1.62558042 1.7116818 ],queued,[ 0.63925976  0.24903542 -0.34837281]
942.5878431797028,1004,False,4,3,[-0.3826546  -8.07682584  3.32874491],landing,[-0.62185191  0.08809385  0.93462812]
942.5878431797028,1005,False,0,2,[-4.56933298  0.6261996   4.        ],exiting,[ 0.50568378 -0.03156594 -0.11489306]
942.6882030963898,1000,False,5,4,[1.70658928 5.36907436 3.9996014 ],cruising,[-0.82138112 -0.19970136 -0.21083176]
942.6882030963898,1001,False,3,6,[6.25620059 4.8304316  4.        ],exiting,[-0.48080528  0.59740651 -0.20557775]
942.6882030963898,1002,False,6,0,[-3.23535377 -1.47780608  3.99999998],cruising,[ 0.5677905  -0.59831228 -0.99408226]
942.6882030963898,1003,False,1,5,[5.45891891 1.62558042 1.7866818 ],queued,[ 0.63925976  0.24903542 -0.34837281]
942.6882030963898,1004,False,4,3,[-0.40592673 -8.07392973  3.2315337 ],landing,[-0.62185191  0.08809385  0.93462812]
942.6882030963898,1005,False,0,2,[-4.6437934   0.55944897  4.        ],exiting,[ 0.50568378 -0.03156594 -0.11489306]
942.7904045581818,1000,False,5,4,[1.8911369  5.29198886 3.99966119],cruising,[-0.82138112 -0.19970136 -0.21083176]
942.7904045581818,1001,False,3,6,[6.3740828  4.86677496 4.        ],exiting,[-0.48080528  0.59740651 -0.20557775]
942.7904045581818,1002,False,6,0,[-3.24023575 -1.27786567  3.99999998],cruising,[ 0.5677905  -0.59831228 -0.99408226]
942.7904045581818,1003,False,1,5,[5.45891891 1.62558042 1.8616818 ],queued,[ 0.63925976  0.24903542 -0.34837281]
942.7904045581818,1004,False,4,3,[-0.42919886 -8.07103362  3.13432248],landing,[-0.62185191  0.08809385  0.93462812]
942.7904045581818,1005,False,0,2,[-4.71825382  0.49269834  4.        ],exiting,[ 0.50568378 -0.03156594 -0.11489306]
942.8870980739594,1000,False,5,4,[2.07803204 5.22078346 3.99971201],cruising,[-0.82138112 -0.19970136 -0.21083176]
942.8870980739594,1001,False,3,6,[6.47566026 4.91470085 4.        ],exiting,[-0.48080528  0.59740651 -0.20557775]
942.8870980739594,1002,False,6,0,[-3.25902694 -1.0787504   3.99999998],cruising,[ 0.5677905  -0.59831228 -0.99408226]
942.8870980739594,1003,False,1,5,[5.45891891 1.62558042 1.9366818 ],queued,[ 0.63925976  0.24903542 -0.34837281]
942.8870980739594,1004,False,4,3,[-0.452471   -8.0681375   3.03711127],landing,[-0.62185191  0.08809385  0.93462812]
942.8870980739594,1005,False,0,2,[-4.79271424  0.42594772  4.        ],exiting,[ 0.50568378 -0.03156594 -0.11489306]
942.9806981086731,1000,False,5,4,[2.26874312 5.16053994 3.99975521],cruising,[-0.82138112 -0.19970136 -0.21083176]
942.9806981086731,1001,False,3,6,[6.56088364 4.97413951 4.        ],exiting,[-0.48080528  0.59740651 -0.20557775]
942.9806981086731,1002,False,6,0,[-3.29145124 -0.88139624  3.99999999],cruising,[ 0.5677905  -0.59831228 -0.99408226]
942.9806981086731,1003,False,1,5,[5.45891891 1.62558042 2.0116818 ],queued,[ 0.63925976  0.24903542 -0.34837281]
942.9806981086731,1004,False,4,3,[-0.47574313 -8.06524139  2.93990005],landing,[-0.62185191  0.08809385  0.93462812]
942.9806981086731,1005,False,0,2,[-4.86717465  0.35919709  4.        ],exiting,[ 0.50568378 -0.03156594 -0.11489306]
943.0799329280853,1000,False,5,4,[2.46242093 5.11065101 3.99979193],cruising,[-0.82138112 -0.19970136 -0.21083176]
943.0799329280853,1001,False,3,6,[6.62970093 5.04501672 4.        ],exiting,[-0.48080528  0.59740651 -0.20557775]
943.0799329280853,1002,False,6,0,[-3.336387   -0.68650966  3.99999999],cruising,[ 0.5677905  -0.59831228 -0.99408226]
943.0799329280853,1003,False,1,5,[5.45891891 1.62558042 2.0866818 ],queued,[ 0.63925976  0.24903542 -0.34837281]
943.0799329280853,1004,False,4,3,[-0.49901527 -8.06234528  2.84268884],landing,[-0.62185191  0.08809385  0.93462812]
943.0799329280853,1005,False,0,2,[-4.94163507  0.29244646  4.        ],exiting,[ 0.50568378 -0.03156594 -0.11489306]
943.1866116523743,1000,False,5,4,[2.65816578 5.069615   3.99982314],cruising,[-0.82138112 -0.19970136 -0.21083176]
943.1866116523743,1001,False,3,6,[6.6820583  5.12725487 4.        ],exiting,[-0.48080528  0.59740651 -0.20557775]
943.1866116523743,1002,False,6,0,[-3.39118029 -0.49416181  3.99999999],cruising,[ 0.5677905  -0.59831228 -0.99408226]
943.1866116523743,1003,False,1,5,[5.45891891 1.62558042 2.1616818 ],queued,[ 0.63925976  0.24903542 -0.34837281]
943.1866116523743,1004,False,4,3,[-0.5222874  -8.05944917  2.74547762],landing,[-0.62185191  0.08809385  0.93462812]
943.1866116523743,1005,False,0,2,[-5.01609549  0.22569584  4.        ],exiting,[ 0.50568378 -0.03156594 -0.11489306]
943.2868690490723,1000,False,5,4,[2.85531921 5.03599169 3.99984967],cruising,[-0.82138112 -0.19970136 -0.21083176]
943.2868690490723,1001,False,3,6,[6.71845309 5.2203968  4.        ],exiting,[-0.48080528  0.59740651 -0.20557775]
943.2868690490723,1002,False,6,0,[-3.45684809 -0.30524982  3.99999999],cruising,[ 0.5677905  -0.59831228 -0.99408226]
943.2868690490723,1003,False,1,5,[5.45891891 1.62558042 2.2366818 ],queued,[ 0.63925976  0.24903542 -0.34837281]
943.2868690490723,1004,False,4,3,[-0.54555953 -8.05655306  2.64826641],landing,[-0.62185191  0.08809385  0.93462812]
943.2868690490723,1005,False,0,2,[-5.09055591  0.15894521  4.        ],exiting,[ 0.50568378 -0.03156594 -0.11489306]
943.389485836029,1000,False,5,4,[3.05341384 5.0084505  3.99987222],cruising,[-0.82138112 -0.19970136 -0.21083176]
943.389485836029,1001,False,3,6,[6.75484787 5.31353873 4.        ],exiting,[-0.48080528  0.59740651 -0.20557775]
943.389485836029,1002,False,6,0,[-3.53274011 -0.1202082   3.99999999],cruising,[ 0.5677905  -0.59831228 -0.99408226]
943.389485836029,1003,False,1,5,[5.45891891 1.62558042 2.3116818 ],queued,[ 0.63925976  0.24903542 -0.34837281]
943.389485836029,1004,False,4,3,[-0.56883167 -8.05365695  2.55105519],landing,[-0.62185191  0.08809385  0.93462812]
943.389485836029,1005,False,0,2,[-5.16501633  0.09219458  4.        ],exiting,[ 0.50568378 -0.03156594 -0.11489306]
943.488199710846,1000,False,5,4,[3.25212593 4.98578983 3.99989138],cruising,[-0.82138112 -0.19970136 -0.21083176]
943.488199710846,1001,False,3,6,[6.79124266 5.40668066 4.        ],exiting,[-0.48080528  0.59740651 -0.20557775]
943.488199710846,1002,False,6,0,[-3.61629303  0.06150286  3.99999999],cruising,[ 0.5677905  -0.59831228 -0.99408226]
943.488199710846,1003,False,1,5,[5.45891891 1.62558042 2.3866818 ],queued,[ 0.63925976  0.24903542 -0.34837281]
943.488199710846,1004,False,4,3,[-0.5921038  -8.05076083  2.45384398],landing,[-0.62185191  0.08809385  0.93462812]
943.488199710846,1005,False,0,2,[-5.23947674  0.02544396  4.        ],exiting,[ 0.50568378 -0.03156594 -0.11489306]
943.5866179466248,1000,False,5,4,[3.45123549 4.96693822 3.99990768],cruising,[-0.82138112 -0.19970136 -0.21083176]
943.5866179466248,1001,False,3,6,[6.82763745 5.49982259 4.        ],exiting,[-0.48080528  0.59740651 -0.20557775]
943.5866179466248,1002,False,6,0,[-3.71092894  0.23769606  3.99999999],cruising,[ 0.5677905  -0.59831228 -0.99408226]
943.5866179466248,1003,False,1,5,[5.45891891 1.62558042 2.4616818 ],queued,[ 0.63925976  0.24903542 -0.34837281]
943.5866179466248,1004,False,4,3,[-0.61537594 -8.04786472  2.35663276],landing,[-0.62185191  0.08809385  0.93462812]
943.5866179466248,1005,False,0,2,[-5.31393716 -0.04130667  4.        ],exiting,[ 0.50568378 -0.03156594 -0.11489306]
943.6813790798187,1000,False,5,4,[3.65059499 4.95094484 3.99992153],cruising,[-0.82138112 -0.19970136 -0.21083176]
943.6813790798187,1001,False,3,6,[6.86403224 5.59296452 4.        ],exiting,[-0.48080528  0.59740651 -0.20557775]
943.6813790798187,1002,False,6,0,[-3.81145005  0.41059923  4.        ],cruising,[ 0.5677905  -0.59831228 -0.99408226]
943.6813790798187,1003,False,1,5,[5.45891891 1.62558042 2.5366818 ],queued,[ 0.63925976  0.24903542 -0.34837281]
943.6813790798187,1004,False,4,3,[-0.63864807 -8.04496861  2.25942155],landing,[-0.62185191  0.08809385  0.93462812]
943.6813790798187,1005,False,0,2,[-5.38839758 -0.1080573   4.        ],exiting,[ 0.50568378 -0.03156594 -0.11489306]
943.7868394851685,1000,False,5,4,[3.85010578 4.9369647  3.9999333 ],cruising,[-0.82138112 -0.19970136 -0.21083176]
943.7868394851685,1001,False,3,6,[6.90042703 5.68610645 4.        ],exiting,[-0.48080528  0.59740651 -0.20557775]
943.7868394851685,1002,False,6,0,[-3.91658646  0.58073546  4.        ],cruising,[ 0.5677905  -0.59831228 -0.99408226]
943.7868394851685,1003,False,1,5,[5.45891891 1.62558042 2.6116818 ],entering,[ 0.63925976  0.24903542 -0.34837281]
943.7868394851685,1004,False,4,3,[-0.6619202  -8.0420725   2.16221033],landing,[-0.62185191  0.08809385  0.93462812]
943.7868394851685,1005,False,0,2,[-5.462858   -0.17480792  4.        ],exiting,[ 0.50568378 -0.03156594 -0.11489306]
943.8908336162567,1000,False,5,4,[4.04970066 4.92424137 3.9999433 ],cruising,[-0.82138112 -0.19970136 -0.21083176]
943.8908336162567,1001,False,3,6,[6.93682182 5.77924838 4.        ],exiting,[-0.48080528  0.59740651 -0.20557775]
943.8908336162567,1002,False,6,0,[-4.0263384   0.74793149  4.        ],cruising,[ 0.5677905  -0.59831228 -0.99408226]
943.8908336162567,1003,False,1,5,[5.47861056 1.62208203 2.6866818 ],entering,[ 0.63925976  0.24903542 -0.34837281]
943.8908336162567,1004,False,4,3,[-0.68519234 -8.03917639  2.06499912],landing,[-0.62185191  0.08809385  0.93462812]
943.8908336162567,1005,False,0,2,[-5.53731841 -0.24155855  4.        ],exiting,[ 0.50568378 -0.03156594 -0.11489306]
943.9890649318695,1000,False,5,4,[4.24933114 4.91208924 3.99995181],cruising,[-0.82138112 -0.19970136 -0.21083176]
943.9890649318695,1001,False,3,6,[6.97321661 5.87239031 4.        ],exiting,[-0.48080528  0.59740651 -0.20557775]
943.9890649318695,1002,False,6,0,[-4.13835951  0.91361573  4.        ],cruising,[ 0.5677905  -0.59831228 -0.99408226]
943.9890649318695,1003,False,1,5,[5.51798818 1.61505336 2.7616818 ],entering,[ 0.63925976  0.24903542 -0.34837281]
943.9890649318695,1004,False,4,3,[-0.70846447 -8.03628028  1.9677879 ],landing,[-0.62185191  0.08809385  0.93462812]
943.9890649318695,1005,False,0,2,[-5.61177883 -0.30830918  4.        ],exiting,[ 0.50568378 -0.03156594 -0.11489306]
944.0812683105469,1000,False,5,4,[4.4489535  4.89980468 3.99995904],cruising,[-0.82138112 -0.19970136 -0.21083176]
944.0812683105469,1001,False,3,6,[7.0096114  5.96553224 4.        ],exiting,[-0.48080528  0.59740651 -0.20557775]
944.0812683105469,1002,False,6,0,[-4.25148316  1.07854918  4.        ],cruising,[ 0.5677905  -0.59831228 -0.99408226]
944.0812683105469,1003,False,1,5,[5.57703895 1.60442372 2.8366818 ],entering,[ 0.63925976  0.24903542 -0.34837281]
944.0812683105469,1004,False,4,3,[-0.7317366  -8.03338416  1.87057669],landing,[-0.62185191  0.08809385  0.93462812]
944.0812683105469,1005,False,0,2,[-5.68623925 -0.3750598   4.        ],exiting,[ 0.50568378 -0.03156594 -0.11489306]
944.1820340156555,1000,False,5,4,[4.64855547 4.88719296 3.99996518],cruising,[-0.82138112 -0.19970136 -0.21083176]
944.1820340156555,1001,False,3,6,[7.04600619 6.05867418 4.        ],exiting,[-0.48080528  0.59740651 -0.20557775]
944.1820340156555,1002,False,6,0,[-4.3661234   1.24243211  4.        ],cruising,[ 0.5677905  -0.59831228 -0.99408226]
944.1820340156555,1003,False,1,5,[5.65568857 1.58980844 2.9116818 ],entering,[ 0.63925976  0.24903542 -0.34837281]
944.1820340156555,1004,False,4,3,[-0.75500874 -8.03048805  1.77336547],landing,[-0.62185191  0.08809385  0.93462812]
944.1820340156555,1005,False,0,2,[-5.76069967 -0.44181043  4.        ],exiting,[ 0.50568378 -0.03156594 -0.11489306]
944.287347316742,1000,False,5,4,[4.84809264 4.87359458 3.9999704 ],cruising,[-0.82138112 -0.19970136 -0.21083176]
944.287347316742,1001,False,3,6,[7.08240098 6.15181611 4.        ],exiting,[-0.48080528  0.59740651 -0.20557775]
944.287347316742,1002,False,6,0,[-4.48177773  1.40560097  4.        ],cruising,[ 0.5677905  -0.59831228 -0.99408226]
944.287347316742,1003,False,1,5,[5.75385541 1.57082531 2.9866818 ],entering,[ 0.63925976  0.24903542 -0.34837281]
944.287347316742,1004,False,4,3,[-0.77828087 -8.02759194  1.67615426],landing,[-0.62185191  0.08809385  0.93462812]
944.287347316742,1005,False,0,2,[-5.83516009 -0.50856106  4.        ],exiting,[ 0.50568378 -0.03156594 -0.11489306]
944.3860328197479,1000,False,5,4,[5.04751291 4.85837758 3.99997484],cruising,[-0.82138112 -0.19970136 -0.21083176]
944.3860328197479,1001,False,3,6,[7.11879577 6.24495804 4.        ],exiting,[-0.48080528  0.59740651 -0.20557775]
944.3860328197479,1002,False,6,0,[-4.59801919  1.56835207  4.        ],cruising,[ 0.5677905  -0.59831228 -0.99408226]
944.3860328197479,1003,False,1,5,[5.87139743 1.54688211 3.0616818 ],entering,[ 0.63925976  0.24903542 -0.34837281]
944.3860328197479,1004,False,4,3,[-0.80155301 -8.02469583  1.57894304],landing,[-0.62185191  0.08809385  0.93462812]
944.3860328197479,1005,False,0,2,[-5.9096205  -0.57531168  4.        ],exiting,[ 0.50568378 -0.03156594 -0.11489306]
944.4854390621185,1000,False,5,4,[5.2467493  4.84091734 3.99997862],cruising,[-0.82138112 -0.19970136 -0.21083176]
944.4854390621185,1001,False,3,6,[7.15519056 6.33809997 4.        ],exiting,[-0.48080528  0.59740651 -0.20557775]
944.4854390621185,1002,False,6,0,[-4.71447757  1.73094803  4.        ],cruising,[ 0.5677905  -0.59831228 -0.99408226]
944.4854390621185,1003,False,1,5,[6.0081276  1.51729848 3.1366818 ],entering,[ 0.63925976  0.24903542 -0.34837281]
944.4854390621185,1004,False,4,3,[-0.82482514 -8.02179972  1.48173183],fake_landed,[-0.62185191  0.08809385  0.93462812]
944.4854390621185,1005,False,0,2,[-5.98408092 -0.64206231  4.        ],exiting,[ 0.50568378 -0.03156594 -0.11489306]
944.5903117656708,1000,False,5,4,[5.44585263 4.82200004 3.99998182],cruising,[-0.82138112 -0.19970136 -0.21083176]
944.5903117656708,1001,False,3,6,[7.19158535 6.4312419  4.        ],exiting,[-0.48080528  0.59740651 -0.20557775]
944.5903117656708,1002,False,6,0,[-4.83082364  1.89362437  4.        ],cruising,[ 0.5677905  -0.59831228 -0.99408226]
944.5903117656708,1003,False,1,5,[6.16336707 1.48013814 3.2116818 ],entering,[ 0.63925976  0.24903542 -0.34837281]
944.5903117656708,1004,False,4,3,[-0.84344285 -8.01948283  1.40396285],fake_landed,[-0.62185191  0.08809385  0.93462812]
944.5903117656708,1005,False,0,2,[-6.05854134 -0.70881294  4.        ],exiting,[ 0.50568378 -0.03156594 -0.11489306]
944.6842958927155,1000,False,5,4,[5.64459149 4.79957536 3.99998455],cruising,[-0.82138112 -0.19970136 -0.21083176]
944.6842958927155,1001,False,3,6,[7.22798014 6.52438383 4.        ],exiting,[-0.48080528  0.59740651 -0.20557775]
944.6842958927155,1002,False,6,0,[-4.94675562  2.05659607  4.        ],cruising,[ 0.5677905  -0.59831228 -0.99408226]
944.6842958927155,1003,False,1,5,[6.33618957 1.43344697 3.2866818 ],entering,[ 0.63925976  0.24903542 -0.34837281]
944.6842958927155,1004,False,4,3,[-0.85740613 -8.01774516  1.34563612],fake_landed,[-0.62185191  0.08809385  0.93462812]
944.6842958927155,1005,False,0,2,[-6.13300176 -0.77556356  4.        ],exiting,[ 0.50568378 -0.03156594 -0.11489306]
944.7826478481293,1000,False,5,4,[5.84280967 4.77293789 3.99998687],cruising,[-0.82138112 -0.19970136 -0.21083176]
944.7826478481293,1001,False,3,6,[7.26437493 6.61752576 4.        ],exiting,[-0.48080528  0.59740651 -0.20557775]
944.7826478481293,1002,False,6,0,[-5.06237234  2.21979159  4.        ],cruising,[ 0.5677905  -0.59831228 -0.99408226]
944.7826478481293,1003,False,1,5,[6.52247162 1.37196254 3.3616818 ],entering,[ 0.63925976  0.24903542 -0.34837281]
944.7826478481293,1004,False,4,3,[-0.86671498 -8.01658672  1.30675164],fake_landed,[-0.62185191  0.08809385  0.93462812]
944.7826478481293,1005,False,0,2,[-6.20746218 -0.84231419  4.        ],exiting,[ 0.50568378 -0.03156594 -0.11489306]
944.8916218280792,1000,False,5,4,[6.04029495 4.74132202 3.99998884],cruising,[-0.82138112 -0.19970136 -0.21083176]
944.8916218280792,1001,False,3,6,[7.30076972 6.71066769 4.        ],exiting,[-0.48080528  0.59740651 -0.20557775]
944.8916218280792,1002,False,6,0,[-5.17705714  2.38364334  4.        ],cruising,[ 0.5677905  -0.59831228 -0.99408226]
944.8916218280792,1003,False,1,5,[6.70933814 1.30068207 3.4366818 ],entering,[ 0.63925976  0.24903542 -0.34837281]
944.8916218280792,1004,False,4,3,[-0.87136941 -8.01600749  1.2873094 ],fake_landed,[-0.62185191  0.08809385  0.93462812]
944.8916218280792,1005,False,0,2,[-6.28192259 -0.90906482  4.        ],exiting,[ 0.50568378 -0.03156594 -0.11489306]
944.9837605953217,1000,False,5,4,[6.23675958 4.70388343 3.99999051],cruising,[-0.82138112 -0.19970136 -0.21083176]
944.9837605953217,1001,False,3,6,[7.33716451 6.80380962 4.        ],exiting,[-0.48080528  0.59740651 -0.20557775]
944.9837605953217,1002,False,6,0,[-5.29051289  2.5483485   4.        ],cruising,[ 0.5677905  -0.59831228 -0.99408226]
944.9837605953217,1003,False,1,5,[6.89218221 1.21963861 3.5116818 ],entering,[ 0.63925976  0.24903542 -0.34837281]
944.9837605953217,1004,False,4,3,[-0.87136941 -8.01600749  1.2873094 ],fake_landed,[-0.62185191  0.08809385  0.93462812]
944.9837605953217,1005,False,0,2,[-6.35638301 -0.97581544  4.        ],exiting,[ 0.50568378 -0.03156594 -0.11489306]
945.0805823802948,1000,False,5,4,[6.43181402 4.659682   3.99999194],cruising,[-0.82138112 -0.19970136 -0.21083176]
945.0805823802948,1001,False,3,6,[7.3735593  6.89695155 4.        ],exiting,[-0.48080528  0.59740651 -0.20557775]
945.0805823802948,1002,False,6,0,[-5.40243032  2.71410281  4.        ],cruising,[ 0.5677905  -0.59831228 -0.99408226]
945.0805823802948,1003,False,1,5,[7.07000032 1.12809233 3.58492953],entering,[ 0.63925976  0.24903542 -0.34837281]
945.0805823802948,1004,False,3,1,[-0.87136941 -8.01600749  1.2873094 ],waiting,[-0.62185191  0.08809385  0.93462812]
945.0805823802948,1005,False,0,2,[-6.43084343 -1.04256607  4.        ],exiting,[ 0.50568378 -0.03156594 -0.11489306]
945.1818189620972,1000,False,5,4,[6.62493206 4.60766831 3.99999314],cruising,[-0.82138112 -0.19970136 -0.21083176]
945.1818189620972,1001,False,3,6,[7.40995409 6.99009348 4.        ],exiting,[-0.48080528  0.59740651 -0.20557775]
945.1818189620972,1002,False,6,0,[-5.51247508  2.88110625  4.        ],cruising,[ 0.5677905  -0.59831228 -0.99408226]
945.1818189620972,1003,False,1,5,[7.24154974 1.02527795 3.6471901 ],entering,[ 0.63925976  0.24903542 -0.34837281]
945.1818189620972,1004,False,3,1,[-0.87136941 -8.01600749  1.2873094 ],waiting,[-0.62185191  0.08809385  0.93462812]
945.1818189620972,1005,False,0,2,[-6.50530385 -1.1093167   4.        ],exiting,[ 0.50568378 -0.03156594 -0.11489306]
945.2937791347504,1000,False,5,4,[6.81540551 4.54667763 3.99999417],cruising,[-0.82138112 -0.19970136 -0.21083176]
945.2937791347504,1001,False,3,6,[7.44634888 7.08323541 4.        ],exiting,[-0.48080528  0.59740651 -0.20557775]
945.2937791347504,1002,False,6,0,[-5.6214294   3.04882314  4.        ],cruising,[ 0.5677905  -0.59831228 -0.99408226]
945.2937791347504,1003,False,1,5,[7.40532223 0.91047999 3.70011158],entering,[ 0.63925976  0.24903542 -0.34837281]
945.2937791347504,1004,False,3,1,[-0.87136941 -8.01600749  1.2873094 ],queued,[-0.62185191  0.08809385  0.93462812]
945.2937791347504,1005,False,0,2,[-6.57976427 -1.17606732  4.        ],exiting,[ 0.50568378 -0.03156594 -0.11489306]
945.3792035579681,1000,False,5,4,[7.00228756 4.47543789 3.99999505],cruising,[-0.82138112 -0.19970136 -0.21083176]
945.3792035579681,1001,False,3,6,[7.48274367 7.17637735 4.        ],exiting,[-0.48080528  0.59740651 -0.20557775]
945.3792035579681,1002,False,6,0,[-5.72767361  3.2182698   4.        ],cruising,[ 0.5677905  -0.59831228 -0.99408226]
945.3792035579681,1003,False,1,5,[7.56090848 0.78481011 3.74509485],entering,[ 0.63925976  0.24903542 -0.34837281]
945.3792035579681,1004,False,3,1,[-0.87136941 -8.01600749  1.3073094 ],queued,[-0.62185191  0.08809385  0.93462812]
945.3792035579681,1005,False,0,2,[-6.65422468 -1.24281795  4.        ],exiting,[ 0.50568378 -0.03156594 -0.11489306]
945.4834806919098,1000,False,5,4,[7.18432645 4.39260167 3.99999579],cruising,[-0.82138112 -0.19970136 -0.21083176]
945.4834806919098,1001,False,3,6,[7.51913846 7.26951928 4.        ],exiting,[-0.48080528  0.59740651 -0.20557775]
945.4834806919098,1002,False,6,0,[-5.8307406   3.38966757  4.        ],cruising,[ 0.5677905  -0.59831228 -0.99408226]
945.4834806919098,1003,False,1,5,[7.70500144 0.64611181 3.78333062],entering,[ 0.63925976  0.24903542 -0.34837281]
945.4834806919098,1004,False,3,1,[-0.87136941 -8.01600749  1.3473094 ],queued,[-0.62185191  0.08809385  0.93462812]
945.4834806919098,1005,False,0,2,[-6.7286851  -1.30956858  4.        ],exiting,[ 0.50568378 -0.03156594 -0.11489306]
945.5835270881653,1000,False,5,4,[7.35989713 4.29681577 3.99999642],cruising,[-0.82138112 -0.19970136 -0.21083176]
945.5835270881653,1001,False,3,6,[7.55553325 7.36266121 4.        ],exiting,[-0.48080528  0.59740651 -0.20557775]
945.5835270881653,1002,False,6,0,[-5.93006302  3.56326208  4.        ],cruising,[ 0.5677905  -0.59831228 -0.99408226]
945.5835270881653,1003,False,1,5,[7.83561235 0.49464963 3.81583103],entering,[ 0.63925976  0.24903542 -0.34837281]
945.5835270881653,1004,False,3,1,[-0.87136941 -8.01600749  1.4073094 ],queued,[-0.62185191  0.08809385  0.93462812]
945.5835270881653,1005,False,0,2,[-6.80314552 -1.3763192   4.        ],exiting,[ 0.50568378 -0.03156594 -0.11489306]
945.6834008693695,1000,False,5,4,[7.52481497 4.18410305 3.99999698],cruising,[-0.82138112 -0.19970136 -0.21083176]
945.6834008693695,1001,False,3,6,[7.59192804 7.45580314 4.        ],exiting,[-0.48080528  0.59740651 -0.20557775]
945.6834008693695,1002,False,6,0,[-6.02494141  3.73932483  4.        ],cruising,[ 0.5677905  -0.59831228 -0.99408226]
945.6834008693695,1003,False,1,5,[7.95103473 0.33131662 3.84345637],entering,[ 0.63925976  0.24903542 -0.34837281]
945.6834008693695,1004,False,3,1,[-0.87136941 -8.01600749  1.4823094 ],queued,[-0.62185191  0.08809385  0.93462812]
945.6834008693695,1005,False,0,2,[-6.87760594 -1.44306983  4.        ],exiting,[ 0.50568378 -0.03156594 -0.11489306]
945.7802765369415,1000,False,5,4,[7.67764092 4.05545966 3.99999745],cruising,[-0.82138112 -0.19970136 -0.21083176]
945.7802765369415,1001,False,3,6,[7.62832283 7.54894507 4.        ],exiting,[-0.48080528  0.59740651 -0.20557775]
945.7802765369415,1002,False,6,0,[-6.1145016   3.91815149  4.        ],cruising,[ 0.5677905  -0.59831228 -0.99408226]
945.7802765369415,1003,False,1,5,[8.05016899 0.15761458 3.86693792],cruising,[ 0.63925976  0.24903542 -0.34837281]
945.7802765369415,1004,False,3,1,[-0.87136941 -8.01600749  1.5573094 ],queued,[-0.62185191  0.08809385  0.93462812]
945.7802765369415,1005,False,0,2,[-6.95206636 -1.50982046  4.        ],landing,[ 0.50568378 -0.03156594 -0.11489306]
945.8945751190186,1000,False,5,4,[7.81680278 3.91221174 3.99999785],cruising,[-0.82138112 -0.19970136 -0.21083176]
945.8945751190186,1001,False,3,6,[7.66471762 7.642087   4.        ],exiting,[-0.48080528  0.59740651 -0.20557775]
945.8945751190186,1002,False,6,0,[-6.19763768  4.10005364  4.        ],cruising,[ 0.5677905  -0.59831228 -0.99408226]
945.8945751190186,1003,False,1,5,[ 8.13170027 -0.02496385  3.88705121],cruising,[ 0.63925976  0.24903542 -0.34837281]
945.8945751190186,1004,False,3,1,[-0.87136941 -8.01600749  1.6323094 ],queued,[-0.62185191  0.08809385  0.93462812]
945.8945751190186,1005,False,0,2,[-7.01823539 -1.5648497   3.98607656],landing,[ 0.50568378 -0.03156594 -0.11489306]
945.9899342060089,1000,False,5,4,[7.94082995 3.75588936 3.99999819],cruising,[-0.82138112 -0.19970136 -0.21083176]
945.9899342060089,1001,False,3,6,[7.70111241 7.73522893 4.        ],exiting,[-0.48080528  0.59740651 -0.20557775]
945.9899342060089,1002,False,6,0,[-6.2687267   4.28699307  4.        ],cruising,[ 0.5677905  -0.59831228 -0.99408226]
945.9899342060089,1003,False,1,5,[ 8.19652991 -0.21416511  3.90399353],cruising,[ 0.63925976  0.24903542 -0.34837281]
945.9899342060089,1004,False,3,1,[-0.87136941 -8.01600749  1.7073094 ],queued,[-0.62185191  0.08809385  0.93462812]
945.9899342060089,1005,False,0,2,[-7.07596101 -1.60807199  3.95839433],landing,[ 0.50568378 -0.03156594 -0.11489306]
946.0850307941437,1000,False,5,4,[8.04806669 3.58870046 3.9999985 ],cruising,[-0.82138112 -0.19970136 -0.21083176]
946.0850307941437,1001,False,3,6,[7.7375072  7.82837086 4.        ],exiting,[-0.48080528  0.59740651 -0.20557775]
946.0850307941437,1002,False,6,0,[-6.32999508  4.47737738  4.        ],cruising,[ 0.5677905  -0.59831228 -0.99408226]
946.0850307941437,1003,False,1,5,[ 8.2468535  -0.40773044  3.9183945 ],cruising,[ 0.63925976  0.24903542 -0.34837281]
946.0850307941437,1004,False,3,1,[-0.87136941 -8.01600749  1.7823094 ],queued,[-0.62185191  0.08809385  0.93462812]
946.0850307941437,1005,False,0,2,[-7.12506449 -1.63938803  3.91715111],landing,[ 0.50568378 -0.03156594 -0.11489306]
946.184830904007,1000,False,5,4,[8.13768264 3.4120507  3.99999877],cruising,[-0.82138112 -0.19970136 -0.21083176]
946.184830904007,1001,False,3,6,[7.77390198 7.92151279 4.        ],exiting,[-0.48080528  0.59740651 -0.20557775]
946.184830904007,1002,False,6,0,[-6.37197977  4.67292095  4.        ],cruising,[ 0.5677905  -0.59831228 -0.99408226]
946.184830904007,1003,False,1,5,[ 8.28423995 -0.604205    3.93063532],cruising,[ 0.63925976  0.24903542 -0.34837281]
946.184830904007,1004,False,3,1,[-0.87136941 -8.01600749  1.8573094 ],entering,[-0.62185191  0.08809385  0.93462812]
946.184830904007,1005,False,0,2,[-7.16530357 -1.65866558  3.86262268],landing,[ 0.50568378 -0.03156594 -0.11489306]
946.2881162166595,1000,False,5,4,[8.20901619 3.22729207 3.999999  ],cruising,[-0.82138112 -0.19970136 -0.21083176]
946.2881162166595,1001,False,3,6,[7.81029677 8.01465472 4.        ],exiting,[-0.48080528  0.59740651 -0.20557775]
946.2881162166595,1002,False,6,0,[-6.39763473  4.87126868  4.        ],cruising,[ 0.5677905  -0.59831228 -0.99408226]
946.2881162166595,1003,False,1,5,[ 8.31032887 -0.80249612  3.94104003],cruising,[ 0.63925976  0.24903542 -0.34837281]
946.2881162166595,1004,False,3,1,[-0.87786142 -7.99709047  1.9323094 ],entering,[-0.62185191  0.08809385  0.93462812]
946.2881162166595,1005,False,0,2,[-7.19646619 -1.66579117  3.79505785],landing,[ 0.50568378 -0.03156594 -0.11489306]
946.379191160202,1000,False,5,4,[8.26155261 3.03570206 3.99999918],cruising,[-0.82138112 -0.19970136 -0.21083176]
946.379191160202,1001,False,3,6,[7.84669156 8.10779665 4.        ],exiting,[-0.48080528  0.59740651 -0.20557775]
946.379191160202,1002,False,6,0,[-6.40331214  5.07056365  4.        ],cruising,[ 0.5677905  -0.59831228 -0.99408226]
946.379191160202,1003,False,1,5,[ 8.32451989 -1.00199203  3.94988402],cruising,[ 0.63925976  0.24903542 -0.34837281]
946.379191160202,1004,False,3,1,[-0.89084546 -7.95925643  2.0073094 ],entering,[-0.62185191  0.08809385  0.93462812]
946.379191160202,1005,False,0,2,[-7.21836113 -1.6606644   3.71468716],landing,[ 0.50568378 -0.03156594 -0.11489306]
946.4813578128815,1000,False,5,4,[8.29900399 2.83923987 3.9999993 ],cruising,[-0.82138112 -0.19970136 -0.21083176]
946.4813578128815,1001,False,3,6,[7.88308635 8.20093859 4.        ],exiting,[-0.48080528  0.59740651 -0.20557775]
946.4813578128815,1002,False,6,0,[-6.389073    5.26803351  4.        ],cruising,[ 0.5677905  -0.59831228 -0.99408226]
946.4813578128815,1003,False,1,5,[ 8.33059438 -1.20189976  3.95740142],cruising,[ 0.63925976  0.24903542 -0.34837281]
946.4813578128815,1004,False,3,1,[-0.91032151 -7.90250536  2.0823094 ],entering,[-0.62185191  0.08809385  0.93462812]
946.4813578128815,1005,False,0,2,[-7.23079498 -1.64318562  3.62175003],landing,[ 0.50568378 -0.03156594 -0.11489306]
946.5858390331268,1000,False,5,4,[8.33051378 2.64173763 3.99999941],cruising,[-0.82138112 -0.19970136 -0.21083176]
946.5858390331268,1001,False,3,6,[7.91948114 8.29408052 4.        ],exiting,[-0.48080528  0.59740651 -0.20557775]
946.5858390331268,1002,False,6,0,[-6.35530969  5.46116666  4.        ],cruising,[ 0.5677905  -0.59831228 -0.99408226]
946.5858390331268,1003,False,1,5,[ 8.32960176 -1.40189729  3.96379121],cruising,[ 0.63925976  0.24903542 -0.34837281]
946.5858390331268,1004,False,3,1,[-0.93628957 -7.82683727  2.1573094 ],entering,[-0.62185191  0.08809385  0.93462812]
946.5858390331268,1005,False,0,2,[-7.23990457 -1.62142096  3.52457331],landing,[ 0.50568378 -0.03156594 -0.11489306]
946.6822993755341,1000,False,5,4,[8.35721826 2.44352847 3.9999995 ],cruising,[-0.82138112 -0.19970136 -0.21083176]
946.6822993755341,1001,False,3,6,[7.95587593 8.38722245 4.        ],exiting,[-0.48080528  0.59740651 -0.20557775]
946.6822993755341,1002,False,6,0,[-6.30270529  5.64759064  4.        ],cruising,[ 0.5677905  -0.59831228 -0.99408226]
946.6822993755341,1003,False,1,5,[ 8.32009049 -1.601671    3.96922252],cruising,[ 0.63925976  0.24903542 -0.34837281]
946.6822993755341,1004,False,3,1,[-0.96874965 -7.73225216  2.2323094 ],entering,[-0.62185191  0.08809385  0.93462812]
946.6822993755341,1005,False,0,2,[-7.24901416 -1.59965629  3.42739659],landing,[ 0.50568378 -0.03156594 -0.11489306]
946.782187461853,1000,False,5,4,[8.38299233 2.24519618 3.99999957],cruising,[-0.82138112 -0.19970136 -0.21083176]
946.782187461853,1001,False,3,6,[7.99227072 8.48036438 4.        ],exiting,[-0.48080528  0.59740651 -0.20557775]
946.782187461853,1002,False,6,0,[-6.23219603  5.82510305  4.        ],cruising,[ 0.5677905  -0.59831228 -0.99408226]
946.782187461853,1003,False,1,5,[ 8.3053012  -1.80112345  3.97383915],cruising,[ 0.63925976  0.24903542 -0.34837281]
946.782187461853,1004,False,3,1,[-1.00770175 -7.61875003  2.3073094 ],entering,[-0.62185191  0.08809385  0.93462812]
946.782187461853,1005,False,0,2,[-7.25812375 -1.57789163  3.33021987],landing,[ 0.50568378 -0.03156594 -0.11489306]
946.8807945251465,1000,False,5,4,[8.40423107 2.04632709 3.99999964],cruising,[-0.82138112 -0.19970136 -0.21083176]
946.8807945251465,1001,False,3,6,[8.02866551 8.57350631 4.        ],exiting,[-0.48080528  0.59740651 -0.20557775]
946.8807945251465,1002,False,6,0,[-6.14485392  5.99181476  4.        ],cruising,[ 0.5677905  -0.59831228 -0.99408226]
946.8807945251465,1003,False,1,5,[ 8.28564616 -2.0001553   3.97776327],cruising,[ 0.63925976  0.24903542 -0.34837281]
946.8807945251465,1004,False,3,1,[-1.05314587 -7.48633088  2.3823094 ],entering,[-0.62185191  0.08809385  0.93462812]
946.8807945251465,1005,False,0,2,[-7.26723334 -1.55612697  3.23304315],landing,[ 0.50568378 -0.03156594 -0.11489306]
946.990978717804,1000,False,5,4,[8.42426098 1.84733261 3.99999969],cruising,[-0.82138112 -0.19970136 -0.21083176]
946.990978717804,1001,False,3,6,[8.0650603  8.66664824 4.        ],exiting,[-0.48080528  0.59740651 -0.20557775]
946.990978717804,1002,False,6,0,[-6.04176188  6.14620008  4.        ],cruising,[ 0.5677905  -0.59831228 -0.99408226]
946.990978717804,1003,False,1,5,[ 8.25877867 -2.19834243  3.98109878],cruising,[ 0.63925976  0.24903542 -0.34837281]
946.990978717804,1004,False,3,1,[-1.105082  -7.3349947  2.4573094],entering,[-0.62185191  0.08809385  0.93462812]
946.990978717804,1005,False,0,2,[-7.27634292 -1.53436231  3.13586643],landing,[ 0.50568378 -0.03156594 -0.11489306]
947.0796301364899,1000,False,5,4,[8.44270902 1.64818525 3.99999974],cruising,[-0.82138112 -0.19970136 -0.21083176]
947.0796301364899,1001,False,3,6,[8.10145509 8.75979017 4.        ],exiting,[-0.48080528  0.59740651 -0.20557775]
947.0796301364899,1002,False,6,0,[-5.92409851  6.2868859   4.        ],cruising,[ 0.5677905  -0.59831228 -0.99408226]
947.0796301364899,1003,False,1,5,[ 8.22780092 -2.39592881  3.98393397],cruising,[ 0.63925976  0.24903542 -0.34837281]
947.0796301364899,1004,False,3,1,[-1.16351015 -7.1647415   2.5323094 ],entering,[-0.62185191  0.08809385  0.93462812]
947.0796301364899,1005,False,0,2,[-7.28545251 -1.51259765  3.03868971],landing,[ 0.50568378 -0.03156594 -0.11489306]
947.1851677894592,1000,False,5,4,[8.45666997 1.44867312 3.99999978],cruising,[-0.82138112 -0.19970136 -0.21083176]
947.1851677894592,1001,False,3,6,[8.13784988 8.8529321  4.        ],exiting,[-0.48080528  0.59740651 -0.20557775]
947.1851677894592,1002,False,6,0,[-5.79274001  6.41299628  4.        ],cruising,[ 0.5677905  -0.59831228 -0.99408226]
947.1851677894592,1003,False,1,5,[ 8.19271051 -2.59282641  3.98634387],cruising,[ 0.63925976  0.24903542 -0.34837281]
947.1851677894592,1004,False,3,1,[-1.22968203 -6.97604828  2.6073094 ],entering,[-0.62185191  0.08809385  0.93462812]
947.1851677894592,1005,False,0,2,[-7.2945621  -1.49083298  2.94151299],landing,[ 0.50568378 -0.03156594 -0.11489306]
947.2862946987152,1000,False,5,4,[8.46912335 1.24906121 3.99999981],cruising,[-0.82138112 -0.19970136 -0.21083176]
947.2862946987152,1001,False,3,6,[8.17424467 8.94607403 4.        ],exiting,[-0.48080528  0.59740651 -0.20557775]
947.2862946987152,1002,False,6,0,[-5.6485066   6.52380187  4.        ],cruising,[ 0.5677905  -0.59831228 -0.99408226]
947.2862946987152,1003,False,1,5,[ 8.15014757 -2.78824493  3.98839229],cruising,[ 0.63925976  0.24903542 -0.34837281]
947.2862946987152,1004,False,3,1,[-1.29586971 -6.78731781  2.6823094 ],entering,[-0.62185191  0.08809385  0.93462812]
947.2862946987152,1005,False,0,2,[-7.30367169 -1.46906832  2.84433627],landing,[ 0.50568378 -0.03156594 -0.11489306]
947.391209602356,1000,False,5,4,[8.47756767 1.04923956 3.99999984],cruising,[-0.82138112 -0.19970136 -0.21083176]
947.391209602356,1001,False,3,6,[8.21063946 9.03921596 4.        ],exiting,[-0.48080528  0.59740651 -0.20557775]
947.391209602356,1002,False,6,0,[-5.49212948  6.61871626  4.        ],cruising,[ 0.5677905  -0.59831228 -0.99408226]
947.391209602356,1003,False,1,5,[ 8.10355537 -2.98274214  3.99013345],cruising,[ 0.63925976  0.24903542 -0.34837281]
947.391209602356,1004,False,3,1,[-1.36205739 -6.59858734  2.7573094 ],entering,[-0.62185191  0.08809385  0.93462812]
947.391209602356,1005,False,0,2,[-7.31278128 -1.44730366  2.74715955],landing,[ 0.50568378 -0.03156594 -0.11489306]
947.4823207855225,1000,False,5,4,[8.48454243 0.84936121 3.99999986],cruising,[-0.82138112 -0.19970136 -0.21083176]
947.4823207855225,1001,False,3,6,[8.24703425 9.13235789 4.        ],landing,[-0.48080528  0.59740651 -0.20557775]
947.4823207855225,1002,False,6,0,[-5.32420946  6.69729781  4.        ],cruising,[ 0.5677905  -0.59831228 -0.99408226]
947.4823207855225,1003,False,1,5,[ 8.04869401 -3.17507059  3.99161343],cruising,[ 0.63925976  0.24903542 -0.34837281]
947.4823207855225,1004,False,3,1,[-1.42892678 -6.41009732  2.8323094 ],entering,[-0.62185191  0.08809385  0.93462812]
947.4823207855225,1005,False,0,2,[-7.32189087 -1.425539    2.64998283],landing,[ 0.50568378 -0.03156594 -0.11489306]
947.5820286273956,1000,False,5,4,[8.48984241 0.64943145 3.99999988],cruising,[-0.82138112 -0.19970136 -0.21083176]
947.5820286273956,1001,False,3,6,[8.28142571 9.21144596 3.98591187],landing,[-0.48080528  0.59740651 -0.20557775]
947.5820286273956,1002,False,6,0,[-5.14514366  6.75927299  4.        ],cruising,[ 0.5677905  -0.59831228 -0.99408226]
947.5820286273956,1003,False,1,5,[ 7.98512935 -3.36470058  3.99287142],cruising,[ 0.63925976  0.24903542 -0.34837281]
947.5820286273956,1004,False,3,1,[-1.49643369 -6.22183469  2.9073094 ],entering,[-0.62185191  0.08809385  0.93462812]
947.5820286273956,1005,False,0,2,[-7.33100045 -1.40377434  2.55280611],landing,[ 0.50568378 -0.03156594 -0.11489306]
947.6796283721924,1000,False,5,4,[8.49331448 0.44946159 3.9999999 ],cruising,[-0.82138112 -0.19970136 -0.21083176]
947.6796283721924,1001,False,3,6,[8.31371609 9.27633308 3.95789826],landing,[-0.48080528  0.59740651 -0.20557775]
947.6796283721924,1002,False,6,0,[-4.95491381  6.80465408  4.        ],cruising,[ 0.5677905  -0.59831228 -0.99408226]
947.6796283721924,1003,False,1,5,[ 7.91678051 -3.55265918  3.9939407 ],cruising,[ 0.63925976  0.24903542 -0.34837281]
947.6796283721924,1004,False,3,1,[-1.56394059 -6.03357206  2.9823094 ],entering,[-0.62185191  0.08809385  0.93462812]
947.6796283721924,1005,False,0,2,[-7.34011004 -1.38200967  2.45562939],landing,[ 0.50568378 -0.03156594 -0.11489306]
947.7862124443054,1000,False,5,4,[8.49273004 0.24946245 3.99999992],cruising,[-0.82138112 -0.19970136 -0.21083176]
947.7862124443054,1001,False,3,6,[8.34378933 9.3268467  3.91615562],landing,[-0.48080528  0.59740651 -0.20557775]
947.7862124443054,1002,False,6,0,[-4.75872655  6.84351999  4.        ],cruising,[ 0.5677905  -0.59831228 -0.99408226]
947.7862124443054,1003,False,1,5,[ 7.83730298 -3.73618935  3.9948496 ],cruising,[ 0.63925976  0.24903542 -0.34837281]
947.7862124443054,1004,False,3,1,[-1.63272083 -5.8457709   3.0573094 ],entering,[-0.62185191  0.08809385  0.93462812]
947.7862124443054,1005,False,0,2,[-7.34921963 -1.36024501  2.35845267],landing,[ 0.50568378 -0.03156594 -0.11489306]
947.8811237812042,1000,False,5,4,[8.49049023 0.04947499 3.99999993],cruising,[-0.82138112 -0.19970136 -0.21083176]
947.8811237812042,1001,False,3,6,[8.37148478 9.36275171 3.86096177],landing,[-0.48080528  0.59740651 -0.20557775]
947.8811237812042,1002,False,6,0,[-4.56286961  6.88401761  4.        ],cruising,[ 0.5677905  -0.59831228 -0.99408226]
947.8811237812042,1003,False,1,5,[ 7.74522919 -3.91373489  3.99562216],cruising,[ 0.63925976  0.24903542 -0.34837281]
947.8811237812042,1004,False,3,1,[-1.70150108 -5.65796973  3.1323094 ],entering,[-0.62185191  0.08809385  0.93462812]
947.8811237812042,1005,False,0,2,[-7.35832922 -1.33848035  2.26127595],landing,[ 0.50568378 -0.03156594 -0.11489306]
947.9873540401459,1000,False,5,4,[ 8.48644372 -0.15048407  3.99999994],cruising,[-0.82138112 -0.19970136 -0.21083176]
947.9873540401459,1001,False,3,6,[8.39666833 9.38385529 3.79255399],landing,[-0.48080528  0.59740651 -0.20557775]
947.9873540401459,1002,False,6,0,[-4.36775783  6.92796523  4.        ],cruising,[ 0.5677905  -0.59831228 -0.99408226]
947.9873540401459,1003,False,1,5,[ 7.6385125  -4.08288437  3.99627883],cruising,[ 0.63925976  0.24903542 -0.34837281]
947.9873540401459,1004,False,3,1,[-1.77141972 -5.47058941  3.2073094 ],entering,[-0.62185191  0.08809385  0.93462812]
947.9873540401459,1005,False,0,2,[-7.36743881 -1.31671569  2.16409923],landing,[ 0.50568378 -0.03156594 -0.11489306]
948.0877945423126,1000,False,5,4,[ 8.47846331 -0.35032479  3.99999995],cruising,[-0.82138112 -0.19970136 -0.21083176]
948.0877945423126,1001,False,3,6,[8.41921355 9.38997847 3.71116057],landing,[-0.48080528  0.59740651 -0.20557775]
948.0877945423126,1002,False,6,0,[-4.17309654  6.97386711  4.        ],cruising,[ 0.5677905  -0.59831228 -0.99408226]
948.0877945423126,1003,False,1,5,[ 7.51546751 -4.24048491  3.99684214],cruising,[ 0.63925976  0.24903542 -0.34837281]
948.0877945423126,1004,False,3,1,[-1.84067982 -5.28296468  3.2823094 ],entering,[-0.62185191  0.08809385  0.93462812]
948.0877945423126,1005,False,0,2,[-7.3765484  -1.29495103  2.06692251],landing,[ 0.50568378 -0.03156594 -0.11489306]
948.1792023181915,1000,False,5,4,[ 8.46877846 -0.55009016  3.99999996],cruising,[-0.82138112 -0.19970136 -0.21083176]
948.1792023181915,1001,False,3,6,[8.43899162 9.38094188 3.61701866],landing,[-0.48080528  0.59740651 -0.20557775]
948.1792023181915,1002,False,6,0,[-3.97859044  7.02042222  4.        ],cruising,[ 0.5677905  -0.59831228 -0.99408226]
948.1792023181915,1003,False,1,5,[ 7.37807774 -4.38414896  3.9973644 ],cruising,[ 0.63925976  0.24903542 -0.34837281]
948.1792023181915,1004,False,3,1,[-1.91162015 -5.09596878  3.3573094 ],entering,[-0.62185191  0.08809385  0.93462812]
948.1792023181915,1005,False,0,2,[-7.38565798 -1.27318636  1.96974579],landing,[ 0.50568378 -0.03156594 -0.11489306]
948.2830040454865,1000,False,5,4,[ 8.45722376 -0.74975611  3.99999996],cruising,[-0.82138112 -0.19970136 -0.21083176]
948.2830040454865,1001,False,3,6,[8.45803387 9.3680116  3.51970371],landing,[-0.48080528  0.59740651 -0.20557775]
948.2830040454865,1002,False,6,0,[-3.78397511  7.06651858  4.        ],cruising,[ 0.5677905  -0.59831228 -0.99408226]
948.2830040454865,1003,False,1,5,[ 7.22812583 -4.51225053  3.99784618],cruising,[ 0.63925976  0.24903542 -0.34837281]
948.2830040454865,1004,False,3,1,[-1.98317723 -4.90920801  3.4323094 ],entering,[-0.62185191  0.08809385  0.93462812]
948.2830040454865,1005,False,0,2,[-7.39476757 -1.2514217   1.87256907],landing,[ 0.50568378 -0.03156594 -0.11489306]
948.3872175216675,1000,False,5,4,[ 8.44365647 -0.9492954   3.99999997],cruising,[-0.82138112 -0.19970136 -0.21083176]
948.3872175216675,1001,False,3,6,[8.47707613 9.35508133 3.42238875],landing,[-0.48080528  0.59740651 -0.20557775]
948.3872175216675,1002,False,6,0,[-3.58849038  7.10877636  4.        ],cruising,[ 0.5677905  -0.59831228 -0.99408226]
948.3872175216675,1003,False,1,5,[ 7.06763411 -4.62335472  3.99828882],cruising,[ 0.63925976  0.24903542 -0.34837281]
948.3872175216675,1004,False,3,1,[-2.05499521 -4.72254742  3.5073094 ],entering,[-0.62185191  0.08809385  0.93462812]
948.3872175216675,1005,False,0,2,[-7.40387716 -1.22965704  1.77539235],landing,[ 0.50568378 -0.03156594 -0.11489306]
948.4822306632996,1000,False,5,4,[ 8.42581739 -1.14849823  3.99999997],cruising,[-0.82138112 -0.19970136 -0.21083176]
948.4822306632996,1001,False,3,6,[8.49611839 9.34215105 3.3250738 ],landing,[-0.48080528  0.59740651 -0.20557775]
948.4822306632996,1002,False,6,0,[-3.39261972  7.14920755  4.        ],cruising,[ 0.5677905  -0.59831228 -0.99408226]
948.4822306632996,1003,False,1,5,[ 6.89876638 -4.71629738  3.99869332],cruising,[ 0.63925976  0.24903542 -0.34837281]
948.4822306632996,1004,False,3,1,[-2.1267048  -4.53584515  3.58121299],entering,[-0.62185191  0.08809385  0.93462812]
948.4822306632996,1005,False,0,2,[-7.41298675 -1.20789238  1.67821563],landing,[ 0.50568378 -0.03156594 -0.11489306]
948.5801706314087,1000,False,5,4,[ 8.40602497 -1.34751647  3.99999998],cruising,[-0.82138112 -0.19970136 -0.21083176]
948.5801706314087,1001,False,3,6,[8.51516064 9.32922078 3.22775884],landing,[-0.48080528  0.59740651 -0.20557775]
948.5801706314087,1002,False,6,0,[-3.196213    7.18694879  4.        ],cruising,[ 0.5677905  -0.59831228 -0.99408226]
948.5801706314087,1003,False,1,5,[ 6.72374224 -4.7902112   3.99905997],cruising,[ 0.63925976  0.24903542 -0.34837281]
948.5801706314087,1004,False,3,1,[-2.19641698 -4.34838793  3.64403104],entering,[-0.62185191  0.08809385  0.93462812]
948.5801706314087,1005,False,0,2,[-7.42209634 -1.18612772  1.58103891],landing,[ 0.50568378 -0.03156594 -0.11489306]
948.6844201087952,1000,False,5,4,[ 8.3840844  -1.54630935  3.99999998],cruising,[-0.82138112 -0.19970136 -0.21083176]
948.6844201087952,1001,False,3,6,[8.5342029  9.3162905  3.13044389],landing,[-0.48080528  0.59740651 -0.20557775]
948.6844201087952,1002,False,6,0,[-2.99872165  7.21852677  4.        ],cruising,[ 0.5677905  -0.59831228 -0.99408226]
948.6844201087952,1003,False,1,5,[ 6.54480827 -4.84451094  3.99938853],cruising,[ 0.63925976  0.24903542 -0.34837281]
948.6844201087952,1004,False,3,1,[-2.26601155 -4.160887    3.69742638],entering,[-0.62185191  0.08809385  0.93462812]
948.6844201087952,1005,False,0,2,[-7.43120593 -1.16436305  1.48386219],fake_landed,[ 0.50568378 -0.03156594 -0.11489306]
948.7847781181335,1000,False,5,4,[ 8.35750226 -1.74453496  3.99999998],cruising,[-0.82138112 -0.19970136 -0.21083176]
948.7847781181335,1001,False,3,6,[8.55324516 9.30336022 3.03312893],landing,[-0.48080528  0.59740651 -0.20557775]
948.7847781181335,1002,False,6,0,[-2.80063907  7.24615446  4.        ],cruising,[ 0.5677905  -0.59831228 -0.99408226]
948.7847781181335,1003,False,1,5,[ 6.3642277  -4.87887862  3.99967816],cruising,[ 0.63925976  0.24903542 -0.34837281]
948.7847781181335,1004,False,3,1,[-2.32784409 -3.97068517  3.74281243],entering,[-0.62185191  0.08809385  0.93462812]
948.7847781181335,1005,False,0,2,[-7.4384936  -1.14695133  1.40612082],fake_landed,[ 0.50568378 -0.03156594 -0.11489306]
948.8838582038879,1000,False,5,4,[ 8.32870061 -1.94245025  3.99999999],cruising,[-0.82138112 -0.19970136 -0.21083176]
948.8838582038879,1001,False,3,6,[8.57228741 9.29042995 2.93581398],landing,[-0.48080528  0.59740651 -0.20557775]
948.8838582038879,1002,False,6,0,[-2.60160514  7.26578854  4.        ],cruising,[ 0.5677905  -0.59831228 -0.99408226]
948.8838582038879,1003,False,1,5,[ 6.18363498 -4.89324634  3.99992763],cruising,[ 0.63925976  0.24903542 -0.34837281]
948.8838582038879,1004,False,3,1,[-2.38868735 -3.78016457  3.78139056],entering,[-0.62185191  0.08809385  0.93462812]
948.8838582038879,1005,False,0,2,[-7.44395935 -1.13389253  1.34781478],fake_landed,[ 0.50568378 -0.03156594 -0.11489306]
948.9794700145721,1000,False,5,4,[ 8.29742072 -2.13998903  3.99999999],cruising,[-0.82138112 -0.19970136 -0.21083176]
948.9794700145721,1001,False,3,6,[8.59132967 9.27749967 2.83849902],landing,[-0.48080528  0.59740651 -0.20557775]
948.9794700145721,1002,False,6,0,[-2.40209588  7.27979051  4.        ],cruising,[ 0.5677905  -0.59831228 -0.99408226]
948.9794700145721,1003,False,1,5,[ 6.00393341 -4.88763397  4.00013373],cruising,[ 0.63925976  0.24903542 -0.34837281]
948.9794700145721,1004,False,3,1,[-2.44935564 -3.58958819  3.81418198],cruising,[-0.62185191  0.08809385  0.93462812]
948.9794700145721,1005,False,0,2,[-7.44760318 -1.12518666  1.3089441 ],fake_landed,[ 0.50568378 -0.03156594 -0.11489306]
949.0902724266052,1000,False,5,4,[ 8.26070215 -2.33658951  3.99999999],cruising,[-0.82138112 -0.19970136 -0.21083176]
949.0902724266052,1001,False,3,6,[8.61037193 9.2645694  2.74118407],landing,[-0.48080528  0.59740651 -0.20557775]
949.0902724266052,1002,False,6,0,[-2.20211956  7.28286769  4.        ],cruising,[ 0.5677905  -0.59831228 -0.99408226]
949.0902724266052,1003,False,1,5,[ 5.82630461 -4.86212936  4.00029532],cruising,[ 0.63925976  0.24903542 -0.34837281]
949.0902724266052,1004,False,3,1,[-2.50410612 -3.39722815  3.84205468],cruising,[-0.62185191  0.08809385  0.93462812]
949.0902724266052,1005,False,0,2,[-7.4494251  -1.12083373  1.28950875],fake_landed,[ 0.50568378 -0.03156594 -0.11489306]
949.1910474300385,1000,False,5,4,[ 8.2212793  -2.53266561  3.99999999],cruising,[-0.82138112 -0.19970136 -0.21083176]
949.1910474300385,1001,False,3,6,[8.62941418 9.25163912 2.64386911],landing,[-0.48080528  0.59740651 -0.20557775]
949.1910474300385,1002,False,6,0,[-2.00267106  7.26802525  4.        ],cruising,[ 0.5677905  -0.59831228 -0.99408226]
949.1910474300385,1003,False,1,5,[ 5.65125853 -4.81679226  4.00040902],cruising,[ 0.63925976  0.24903542 -0.34837281]
949.1910474300385,1004,False,3,1,[-2.55381816 -3.20350486  3.86574648],cruising,[-0.62185191  0.08809385  0.93462812]
949.1910474300385,1005,False,2,3,[-7.4494251  -1.12083373  1.28950875],waiting,[ 0.50568378 -0.03156594 -0.11489306]
949.2819240093231,1000,False,5,4,[ 8.17879744 -2.72810177  3.99999999],cruising,[-0.82138112 -0.19970136 -0.21083176]
949.2819240093231,1001,False,3,6,[8.64845644 9.23870885 2.54655416],landing,[-0.48080528  0.59740651 -0.20557775]
949.2819240093231,1002,False,6,0,[-1.80560716  7.23388119  4.        ],cruising,[ 0.5677905  -0.59831228 -0.99408226]
949.2819240093231,1003,False,1,5,[ 5.47950318 -4.7517278   4.00047342],cruising,[ 0.63925976  0.24903542 -0.34837281]
949.2819240093231,1004,False,3,1,[-2.59656539 -3.00812657  3.88588451],cruising,[-0.62185191  0.08809385  0.93462812]
949.2819240093231,1005,False,2,3,[-7.4494251  -1.12083373  1.28950875],queued,[ 0.50568378 -0.03156594 -0.11489306]
949.3791952133179,1000,False,5,4,[ 8.12943662 -2.92191485  3.99999999],cruising,[-0.82138112 -0.19970136 -0.21083176]
949.3791952133179,1001,False,3,6,[8.6674987  9.22577857 2.4492392 ],landing,[-0.48080528  0.59740651 -0.20557775]
949.3791952133179,1002,False,6,0,[-1.61219598  7.18296836  4.        ],cruising,[ 0.5677905  -0.59831228 -0.99408226]
949.3791952133179,1003,False,1,5,[ 5.31079131 -4.66689634  4.00048334],cruising,[ 0.63925976  0.24903542 -0.34837281]
949.3791952133179,1004,False,3,1,[-2.63878172 -2.81263289  3.90300183],cruising,[-0.62185191  0.08809385  0.93462812]
949.3791952133179,1005,False,2,3,[-7.4494251  -1.12083373  1.30950875],queued,[ 0.50568378 -0.03156594 -0.11489306]
949.4791355133057,1000,False,5,4,[ 8.07656785 -3.11480054  3.99999999],cruising,[-0.82138112 -0.19970136 -0.21083176]
949.4791355133057,1001,False,3,6,[8.68654095 9.21284829 2.35192425],landing,[-0.48080528  0.59740651 -0.20557775]
949.4791355133057,1002,False,6,0,[-1.42305992  7.11794873  4.        ],cruising,[ 0.5677905  -0.59831228 -0.99408226]
949.4791355133057,1003,False,1,5,[ 5.14452541 -4.56221511  4.00043435],cruising,[ 0.63925976  0.24903542 -0.34837281]
949.4791355133057,1004,False,3,1,[-2.67844879 -2.61660604  3.91755156],cruising,[-0.62185191  0.08809385  0.93462812]
949.4791355133057,1005,False,2,3,[-7.4494251  -1.12083373  1.34950875],queued,[ 0.50568378 -0.03156594 -0.11489306]
949.5819990634918,1000,False,5,4,[ 8.0154645  -3.30523789  4.        ],cruising,[-0.82138112 -0.19970136 -0.21083176]
949.5819990634918,1001,False,3,6,[8.70558321 9.19991802 2.25460929],landing,[-0.48080528  0.59740651 -0.20557775]
949.5819990634918,1002,False,6,0,[-1.23829197  7.04139284  4.        ],cruising,[ 0.5677905  -0.59831228 -0.99408226]
949.5819990634918,1003,False,1,5,[ 4.97458551 -4.45676166  4.0003692 ],cruising,[ 0.63925976  0.24903542 -0.34837281]
949.5819990634918,1004,False,3,1,[-2.71967508 -2.42090118  3.92991882],cruising,[-0.62185191  0.08809385  0.93462812]
949.5819990634918,1005,False,2,3,[-7.4494251  -1.12083373  1.40950875],queued,[ 0.50568378 -0.03156594 -0.11489306]
949.6802105903625,1000,False,5,4,[ 7.94542521 -3.49257314  4.        ],exiting,[-0.82138112 -0.19970136 -0.21083176]
949.6802105903625,1001,False,3,6,[8.72462547 9.18698774 2.15729434],landing,[-0.48080528  0.59740651 -0.20557775]
949.6802105903625,1002,False,6,0,[-1.05760624  6.95564515  4.        ],cruising,[ 0.5677905  -0.59831228 -0.99408226]
949.6802105903625,1003,False,1,5,[ 4.80141376 -4.35670395  4.00031382],cruising,[ 0.63925976  0.24903542 -0.34837281]
949.6802105903625,1004,False,3,1,[-2.76267578 -2.22557853  3.940431  ],cruising,[-0.62185191  0.08809385  0.93462812]
949.6802105903625,1005,False,2,3,[-7.4494251  -1.12083373  1.48450875],queued,[ 0.50568378 -0.03156594 -0.11489306]
949.7801113128662,1000,False,5,4,[ 7.88957227 -3.66581062  4.        ],exiting,[-0.82138112 -0.19970136 -0.21083176]
949.7801113128662,1001,False,3,6,[8.74366772 9.17405747 2.05997938],landing,[-0.48080528  0.59740651 -0.20557775]
949.7801113128662,1002,False,6,0,[-0.87924607  6.86515952  4.        ],cruising,[ 0.5677905  -0.59831228 -0.99408226]
949.7801113128662,1003,False,1,5,[ 4.62473707 -4.26297378  4.00026675],cruising,[ 0.63925976  0.24903542 -0.34837281]
949.7801113128662,1004,False,3,1,[-2.80692793 -2.03053559  3.94936635],cruising,[-0.62185191  0.08809385  0.93462812]
949.7801113128662,1005,False,2,3,[-7.4494251  -1.12083373  1.55950875],queued,[ 0.50568378 -0.03156594 -0.11489306]
949.88010430336,1000,False,5,4,[ 7.84804298 -3.82508983  4.        ],exiting,[-0.82138112 -0.19970136 -0.21083176]
949.88010430336,1001,False,3,6,[8.76270998 9.16112719 1.96266443],landing,[-0.48080528  0.59740651 -0.20557775]
949.88010430336,1002,False,6,0,[-0.70430182  6.76823424  4.        ],cruising,[ 0.5677905  -0.59831228 -0.99408226]
949.88010430336,1003,False,1,5,[ 4.44622197 -4.17279418  4.00022673],cruising,[ 0.63925976  0.24903542 -0.34837281]
949.88010430336,1004,False,3,1,[-2.854144   -1.83618888  3.9569614 ],cruising,[-0.62185191  0.08809385  0.93462812]
949.88010430336,1005,False,2,3,[-7.4494251  -1.12083373  1.63450875],queued,[ 0.50568378 -0.03156594 -0.11489306]
949.9803597927094,1000,False,5,4,[ 7.82100351 -3.97058336  4.        ],exiting,[-0.82138112 -0.19970136 -0.21083176]
949.9803597927094,1001,False,3,6,[8.78175224 9.14819692 1.86534947],landing,[-0.48080528  0.59740651 -0.20557775]
949.9803597927094,1002,False,6,0,[-0.53200071  6.6666846   4.        ],cruising,[ 0.5677905  -0.59831228 -0.99408226]
949.9803597927094,1003,False,1,5,[ 4.26563577 -4.08683707  4.00019272],cruising,[ 0.63925976  0.24903542 -0.34837281]
949.9803597927094,1004,False,3,1,[-2.90457488 -1.64265148  3.96341719],cruising,[-0.62185191  0.08809385  0.93462812]
949.9803597927094,1005,False,2,3,[-7.4494251  -1.12083373  1.70950875],queued,[ 0.50568378 -0.03156594 -0.11489306]
950.0794150829315,1000,False,5,4,[ 7.80867029 -4.10252232  4.        ],exiting,[-0.82138112 -0.19970136 -0.21083176]
950.0794150829315,1001,False,3,6,[8.80079449 9.13526664 1.76803452],landing,[-0.48080528  0.59740651 -0.20557775]
950.0794150829315,1002,False,6,0,[-0.36091272  6.5631042   4.        ],cruising,[ 0.5677905  -0.59831228 -0.99408226]
950.0794150829315,1003,False,1,5,[ 4.084028   -4.00305987  4.00016382],cruising,[ 0.63925976  0.24903542 -0.34837281]
950.0794150829315,1004,False,3,1,[-2.95853747 -1.45006893  3.96890461],cruising,[-0.62185191  0.08809385  0.93462812]
950.0794150829315,1005,False,2,3,[-7.4494251  -1.12083373  1.78450875],queued,[ 0.50568378 -0.03156594 -0.11489306]
950.1815142631531,1000,False,5,4,[ 7.81120608 -4.22108546  4.        ],exiting,[-0.82138112 -0.19970136 -0.21083176]
950.1815142631531,1001,False,3,6,[8.81983675 9.12233636 1.67071957],landing,[-0.48080528  0.59740651 -0.20557775]
950.1815142631531,1002,False,6,0,[-0.19135861  6.45703157  4.        ],cruising,[ 0.5677905  -0.59831228 -0.99408226]
950.1815142631531,1003,False,1,5,[ 3.90118118 -3.9220226   4.00013924],cruising,[ 0.63925976  0.24903542 -0.34837281]
950.1815142631531,1004,False,3,1,[-3.01639348 -1.25862003  3.97356892],cruising,[-0.62185191  0.08809385  0.93462812]
950.1815142631531,1005,False,2,3,[-7.4494251  -1.12083373  1.85950875],queued,[ 0.50568378 -0.03156594 -0.11489306]
950.2801532745361,1000,False,5,4,[ 7.82877138 -4.32645339  4.        ],exiting,[-0.82138112 -0.19970136 -0.21083176]
950.2801532745361,1001,False,3,6,[8.83887901 9.10940609 1.57340461],landing,[-0.48080528  0.59740651 -0.20557775]
950.2801532745361,1002,False,6,0,[-0.0222929   6.35018221  4.        ],cruising,[ 0.5677905  -0.59831228 -0.99408226]
950.2801532745361,1003,False,1,5,[ 3.71771117 -3.84240629  4.00011836],cruising,[ 0.63925976  0.24903542 -0.34837281]
950.2801532745361,1004,False,3,1,[-3.07767433 -1.06823973  3.97753358],cruising,[-0.62185191  0.08809385  0.93462812]
950.2801532745361,1005,False,2,3,[-7.4494251  -1.12083373  1.93450875],queued,[ 0.50568378 -0.03156594 -0.11489306]
950.38672041893,1000,False,5,4,[ 7.85753509 -4.42222733  4.        ],exiting,[-0.82138112 -0.19970136 -0.21083176]
950.38672041893,1001,False,3,6,[8.85792127 9.09647581 1.47608966],fake_landed,[-0.48080528  0.59740651 -0.20557775]
950.38672041893,1002,False,6,0,[0.14639345 6.24273494 4.        ],cruising,[ 0.5677905  -0.59831228 -0.99408226]
950.38672041893,1003,False,1,5,[ 3.53345347 -3.76463034  4.0001006 ],cruising,[ 0.63925976  0.24903542 -0.34837281]
950.38672041893,1004,False,3,1,[-3.14356826 -0.8794065   3.98090354],cruising,[-0.62185191  0.08809385  0.93462812]
950.38672041893,1005,False,2,3,[-7.4494251  -1.12083373  2.00950875],queued,[ 0.50568378 -0.03156594 -0.11489306]
950.4832365512848,1000,False,5,4,[ 7.8862988  -4.51800128  4.        ],exiting,[-0.82138112 -0.19970136 -0.21083176]
950.4832365512848,1001,False,3,6,[8.87315507 9.08613159 1.39823769],fake_landed,[-0.48080528  0.59740651 -0.20557775]
950.4832365512848,1002,False,6,0,[0.31530034 6.13563469 4.        ],cruising,[ 0.5677905  -0.59831228 -0.99408226]
950.4832365512848,1003,False,1,5,[ 3.34871    -3.68801539  4.00008551],cruising,[ 0.63925976  0.24903542 -0.34837281]
950.4832365512848,1004,False,3,1,[-3.21451402 -0.69241265  3.98376801],cruising,[-0.62185191  0.08809385  0.93462812]
950.4832365512848,1005,False,2,3,[-7.4494251  -1.12083373  2.08450875],queued,[ 0.50568378 -0.03156594 -0.11489306]
950.5847225189209,1000,False,5,4,[ 7.91506251 -4.61377523  4.        ],exiting,[-0.82138112 -0.19970136 -0.21083176]
950.5847225189209,1001,False,3,6,[8.88458042 9.07837343 1.33984872],fake_landed,[-0.48080528  0.59740651 -0.20557775]
950.5847225189209,1002,False,6,0,[0.48469156 6.02930214 4.        ],exiting,[ 0.5677905  -0.59831228 -0.99408226]
950.5847225189209,1003,False,1,5,[ 3.16341886 -3.61273462  4.00007269],cruising,[ 0.63925976  0.24903542 -0.34837281]
950.5847225189209,1004,False,3,1,[-3.29092915 -0.50758644  3.98620281],cruising,[-0.62185191  0.08809385  0.93462812]
950.5847225189209,1005,False,2,3,[-7.4494251  -1.12083373  2.15950875],entering,[ 0.50568378 -0.03156594 -0.11489306]
950.6801254749298,1000,False,5,4,[ 7.94382623 -4.70954917  4.        ],exiting,[-0.82138112 -0.19970136 -0.21083176]
950.6801254749298,1001,False,3,6,[8.89219733 9.07320132 1.30092274],fake_landed,[-0.48080528  0.59740651 -0.20557775]
950.6801254749298,1002,False,6,0,[0.64376303 5.9401015  4.        ],exiting,[ 0.5677905  -0.59831228 -0.99408226]
950.6801254749298,1003,False,1,5,[ 2.97759287 -3.53878395  4.00006178],cruising,[ 0.63925976  0.24903542 -0.34837281]
950.6801254749298,1004,False,3,1,[-3.37146214 -0.32451695  3.98827239],cruising,[-0.62185191  0.08809385  0.93462812]
950.6801254749298,1005,False,2,3,[-7.43634554 -1.10570346  2.23450875],entering,[ 0.50568378 -0.03156594 -0.11489306]
950.7919945716858,1000,False,5,4,[ 7.97258994 -4.80532312  4.        ],exiting,[-0.82138112 -0.19970136 -0.21083176]
950.7919945716858,1001,False,3,6,[8.89600578 9.07061526 1.28145975],fake_landed,[-0.48080528  0.59740651 -0.20557775]
950.7919945716858,1002,False,6,0,[0.79235853 5.86793771 4.        ],exiting,[ 0.5677905  -0.59831228 -0.99408226]
950.7919945716858,1003,False,1,5,[ 2.79114996 -3.46640274  4.00005252],cruising,[ 0.63925976  0.24903542 -0.34837281]
950.7919945716858,1004,False,3,1,[-3.45841142 -0.14440637  3.99003153],cruising,[-0.62185191  0.08809385  0.93462812]
950.7919945716858,1005,False,2,3,[-7.41020133 -1.07543004  2.30950875],entering,[ 0.50568378 -0.03156594 -0.11489306]
950.8894844055176,1000,False,5,4,[ 8.00135365 -4.90109707  4.        ],exiting,[-0.82138112 -0.19970136 -0.21083176]
950.8894844055176,1001,False,6,2,[8.89600578 9.07061526 1.28145975],waiting,[-0.48080528  0.59740651 -0.20557775]
950.8894844055176,1002,False,6,0,[0.93030334 5.81270208 4.        ],exiting,[ 0.5677905  -0.59831228 -0.99408226]
950.8894844055176,1003,False,1,5,[ 2.60420963 -3.39531609  4.00004464],cruising,[ 0.63925976  0.24903542 -0.34837281]
950.8894844055176,1004,False,3,1,[-3.55218837  0.03224551  3.9915268 ],cruising,[-0.62185191  0.08809385  0.93462812]
950.8894844055176,1005,False,2,3,[-7.37102552 -1.02998503  2.38450875],entering,[ 0.50568378 -0.03156594 -0.11489306]
950.9908244609833,1000,False,5,4,[ 8.03011736 -4.99687101  4.        ],exiting,[-0.82138112 -0.19970136 -0.21083176]
950.9908244609833,1001,False,6,2,[8.89600578 9.07061526 1.28145975],waiting,[-0.48080528  0.59740651 -0.20557775]
950.9908244609833,1002,False,6,0,[1.05740009 5.77426883 4.        ],exiting,[ 0.5677905  -0.59831228 -0.99408226]
950.9908244609833,1003,False,1,5,[ 2.41646802 -3.32637345  4.00003794],cruising,[ 0.63925976  0.24903542 -0.34837281]
950.9908244609833,1004,False,3,1,[-3.65193803  0.20559488  3.99279778],cruising,[-0.62185191  0.08809385  0.93462812]
950.9908244609833,1005,False,2,3,[-7.31888117 -0.96931447  2.45950875],entering,[ 0.50568378 -0.03156594 -0.11489306]
951.0795645713806,1000,False,5,4,[ 8.05888107 -5.09264496  4.        ],exiting,[-0.82138112 -0.19970136 -0.21083176]
951.0795645713806,1001,False,6,2,[8.89600578 9.07061526 1.28145975],waiting,[-0.48080528  0.59740651 -0.20557775]
951.0795645713806,1002,False,6,0,[1.1734203  5.75248821 4.        ],exiting,[ 0.5677905  -0.59831228 -0.99408226]
951.0795645713806,1003,False,1,5,[ 2.22778249 -3.26005775  4.00003225],cruising,[ 0.63925976  0.24903542 -0.34837281]
951.0795645713806,1004,False,3,1,[-3.75843364  0.37488364  3.99387811],cruising,[-0.62185191  0.08809385  0.93462812]
951.0795645713806,1005,False,2,3,[-7.25389194 -0.89331391  2.53450875],entering,[ 0.50568378 -0.03156594 -0.11489306]
951.1802933216095,1000,False,5,4,[ 8.08764479 -5.18841891  4.        ],exiting,[-0.82138112 -0.19970136 -0.21083176]
951.1802933216095,1001,False,6,2,[8.89600578 9.07061526 1.28145975],waiting,[-0.48080528  0.59740651 -0.20557775]
951.1802933216095,1002,False,6,0,[1.27808449 5.74717091 4.        ],exiting,[ 0.5677905  -0.59831228 -0.99408226]
951.1802933216095,1003,False,1,5,[ 2.03849077 -3.19549269  4.00002741],cruising,[ 0.63925976  0.24903542 -0.34837281]
951.1802933216095,1004,False,3,1,[-3.86803299  0.54217973  3.9947964 ],cruising,[-0.62185191  0.08809385  0.93462812]
951.1802933216095,1005,False,2,3,[-7.17637569 -0.80172253  2.60950875],entering,[ 0.50568378 -0.03156594 -0.11489306]
951.27951836586,1000,False,5,4,[ 8.1164085  -5.28419285  4.        ],exiting,[-0.82138112 -0.19970136 -0.21083176]
951.27951836586,1001,False,6,2,[8.89600578 9.07061526 1.28145975],waiting,[-0.48080528  0.59740651 -0.20557775]
951.27951836586,1002,False,6,0,[1.37100482 5.75804254 4.        ],exiting,[ 0.5677905  -0.59831228 -0.99408226]
951.27951836586,1003,False,1,5,[ 1.84792137 -3.13480247  4.0000233 ],cruising,[ 0.63925976  0.24903542 -0.34837281]
951.27951836586,1004,False,3,1,[-3.98007754  0.70784814  3.99557694],cruising,[-0.62185191  0.08809385  0.93462812]
951.27951836586,1005,False,2,3,[-7.08665682 -0.69428514  2.68450875],entering,[ 0.50568378 -0.03156594 -0.11489306]
951.3805630207062,1000,False,5,4,[ 8.14517221 -5.3799668   4.        ],exiting,[-0.82138112 -0.19970136 -0.21083176]
951.3805630207062,1001,False,6,2,[8.89600578 9.07061526 1.28145975],waiting,[-0.48080528  0.59740651 -0.20557775]
951.3805630207062,1002,False,6,0,[1.45194353 5.78492795 4.        ],exiting,[ 0.5677905  -0.59831228 -0.99408226]
951.3805630207062,1003,False,1,5,[ 1.65589054 -3.07890828  4.00001981],cruising,[ 0.63925976  0.24903542 -0.34837281]
951.3805630207062,1004,False,3,1,[-4.09400229  0.87222925  3.9962404 ],cruising,[-0.62185191  0.08809385  0.93462812]
951.3805630207062,1005,False,2,3,[-6.98528472 -0.57059344  2.75950875],entering,[ 0.50568378 -0.03156594 -0.11489306]
951.4799270629883,1000,False,5,4,[ 8.17393592 -5.47574075  4.        ],exiting,[-0.82138112 -0.19970136 -0.21083176]
951.4799270629883,1001,False,6,2,[8.89600578 9.07061526 1.28145975],waiting,[-0.48080528  0.59740651 -0.20557775]
951.4799270629883,1002,False,6,0,[1.52066077 5.82764483 4.        ],exiting,[ 0.5677905  -0.59831228 -0.99408226]
951.4799270629883,1003,False,1,5,[ 1.46220611 -3.02904505  4.00001684],cruising,[ 0.63925976  0.24903542 -0.34837281]
951.4799270629883,1004,False,3,1,[-4.20932276  1.03563424  3.99680434],cruising,[-0.62185191  0.08809385  0.93462812]
951.4799270629883,1005,False,2,3,[-6.87343556 -0.42986557  2.83450875],entering,[ 0.50568378 -0.03156594 -0.11489306]
951.5792264938354,1000,False,5,4,[ 8.20269963 -5.57151469  4.        ],exiting,[-0.82138112 -0.19970136 -0.21083176]
951.5792264938354,1001,False,6,2,[8.89600578 9.07061526 1.28145975],waiting,[-0.48080528  0.59740651 -0.20557775]
951.5792264938354,1002,False,6,0,[1.57691466 5.88600348 4.        ],exiting,[ 0.5677905  -0.59831228 -0.99408226]
951.5792264938354,1003,False,1,5,[ 1.26669554 -2.98690698  4.00001431],cruising,[ 0.63925976  0.24903542 -0.34837281]
951.5792264938354,1004,False,3,1,[-4.32562145  1.19834445  3.99728369],cruising,[-0.62185191  0.08809385  0.93462812]
951.5792264938354,1005,False,2,3,[-6.75376262 -0.2707315   2.90950875],entering,[ 0.50568378 -0.03156594 -0.11489306]
951.6832883358002,1000,False,5,4,[ 8.23146335 -5.66728864  4.        ],exiting,[-0.82138112 -0.19970136 -0.21083176]
951.6832883358002,1001,False,6,2,[8.89600578 9.07061526 1.28145975],queued,[-0.48080528  0.59740651 -0.20557775]
951.6832883358002,1002,False,6,0,[1.62046121 5.95980633 4.        ],exiting,[ 0.5677905  -0.59831228 -0.99408226]
951.6832883358002,1003,False,1,5,[ 1.0692787  -2.95486654  4.00001216],cruising,[ 0.63925976  0.24903542 -0.34837281]
951.6832883358002,1004,False,3,1,[-4.44253509  1.36061337  3.99769113],cruising,[-0.62185191  0.08809385  0.93462812]
951.6832883358002,1005,False,2,3,[-6.63699842 -0.10835502  2.98450875],entering,[ 0.50568378 -0.03156594 -0.11489306]
951.7796149253845,1000,False,5,4,[ 8.26022706 -5.76306259  4.        ],exiting,[-0.82138112 -0.19970136 -0.21083176]
951.7796149253845,1001,False,6,2,[8.89600578 9.07061526 1.30145975],queued,[-0.48080528  0.59740651 -0.20557775]
951.7796149253845,1002,False,6,0,[1.6510542  6.04884747 4.        ],exiting,[ 0.5677905  -0.59831228 -0.99408226]
951.7796149253845,1003,False,1,5,[ 0.86968828 -2.94270764  4.00001033],cruising,[ 0.63925976  0.24903542 -0.34837281]
951.7796149253845,1004,False,3,1,[-4.55974295  1.5226699   3.99803746],cruising,[-0.62185191  0.08809385  0.93462812]
951.7796149253845,1005,False,2,3,[-6.52376938  0.05650608  3.05950875],entering,[ 0.50568378 -0.03156594 -0.11489306]
951.8817183971405,1000,False,5,4,[ 8.28899077 -5.85883653  4.        ],exiting,[-0.82138112 -0.19970136 -0.21083176]
951.8817183971405,1001,False,6,2,[8.89600578 9.07061526 1.34145975],queued,[-0.48080528  0.59740651 -0.20557775]
951.8817183971405,1002,False,6,0,[1.6744574  6.14607036 4.        ],exiting,[ 0.5677905  -0.59831228 -0.99408226]
951.8817183971405,1003,False,1,5,[ 0.66968963 -2.94197071  4.00000878],cruising,[ 0.63925976  0.24903542 -0.34837281]
951.8817183971405,1004,False,3,1,[-4.6769278   1.68474306  3.99833184],cruising,[-0.62185191  0.08809385  0.93462812]
951.8817183971405,1005,False,2,3,[-6.41469155  0.22414268  3.13450875],entering,[ 0.50568378 -0.03156594 -0.11489306]
951.9807479381561,1000,False,5,4,[ 8.31775448 -5.95461048  4.        ],exiting,[-0.82138112 -0.19970136 -0.21083176]
951.9807479381561,1001,False,6,2,[8.89600578 9.07061526 1.40145975],queued,[-0.48080528  0.59740651 -0.20557775]
951.9807479381561,1002,False,6,0,[1.69786061 6.24329325 4.        ],exiting,[ 0.5677905  -0.59831228 -0.99408226]
951.9807479381561,1003,False,1,5,[ 0.47024349 -2.95684474  4.00000746],cruising,[ 0.63925976  0.24903542 -0.34837281]
951.9807479381561,1004,False,3,1,[-4.79399404  1.84690192  3.99858207],cruising,[-0.62185191  0.08809385  0.93462812]
951.9807479381561,1005,False,2,3,[-6.31030382  0.39473928  3.20950875],entering,[ 0.50568378 -0.03156594 -0.11489306]
952.080516576767,1000,False,5,4,[ 8.34651819 -6.05038443  4.        ],exiting,[-0.82138112 -0.19970136 -0.21083176]
952.080516576767,1001,False,6,2,[8.89600578 9.07061526 1.47645975],queued,[-0.48080528  0.59740651 -0.20557775]
952.080516576767,1002,False,6,0,[1.72126381 6.34051614 4.        ],exiting,[ 0.5677905  -0.59831228 -0.99408226]
952.080516576767,1003,False,1,5,[ 0.27247437 -2.98663353  4.00000634],cruising,[ 0.63925976  0.24903542 -0.34837281]
952.080516576767,1004,False,3,1,[-4.91065143  2.00935515  3.99879476],cruising,[-0.62185191  0.08809385  0.93462812]
952.080516576767,1005,False,2,3,[-6.21130956  0.56852115  3.28450875],entering,[ 0.50568378 -0.03156594 -0.11489306]
952.1908493041992,1000,False,5,4,[ 8.37528191 -6.14615837  4.        ],exiting,[-0.82138112 -0.19970136 -0.21083176]
952.1908493041992,1001,False,6,2,[8.89600578 9.07061526 1.55145975],entering,[-0.48080528  0.59740651 -0.20557775]
952.1908493041992,1002,False,6,0,[1.74466701 6.43773903 4.        ],exiting,[ 0.5677905  -0.59831228 -0.99408226]
952.1908493041992,1003,False,1,5,[ 0.07832724 -3.03466364  4.00000539],cruising,[ 0.63925976  0.24903542 -0.34837281]
952.1908493041992,1004,False,3,1,[-5.02662569  2.17229677  3.99897554],cruising,[-0.62185191  0.08809385  0.93462812]
952.1908493041992,1005,False,2,3,[-6.11854164  0.74570499  3.35950875],entering,[ 0.50568378 -0.03156594 -0.11489306]
952.2847158908844,1000,False,5,4,[ 8.40404562 -6.24193232  4.        ],exiting,[-0.82138112 -0.19970136 -0.21083176]
952.2847158908844,1001,False,6,2,[8.89177747 9.05106734 1.62645975],entering,[-0.48080528  0.59740651 -0.20557775]
952.2847158908844,1002,False,6,0,[1.76807022 6.53496191 4.        ],exiting,[ 0.5677905  -0.59831228 -0.99408226]
952.2847158908844,1003,False,1,5,[-0.11258977 -3.09425137  4.00000458],cruising,[ 0.63925976  0.24903542 -0.34837281]
952.2847158908844,1004,False,3,1,[-5.14164796  2.3359118   3.99912921],cruising,[-0.62185191  0.08809385  0.93462812]
952.2847158908844,1005,False,2,3,[-6.03296918  0.92647378  3.43450875],entering,[ 0.50568378 -0.03156594 -0.11489306]
952.3797838687897,1000,False,5,4,[ 8.43280933 -6.33770627  4.        ],exiting,[-0.82138112 -0.19970136 -0.21083176]
952.3797838687897,1001,False,6,2,[8.88332085 9.01197148 1.70145975],entering,[-0.48080528  0.59740651 -0.20557775]
952.3797838687897,1002,False,6,0,[1.79147342 6.6321848  4.        ],exiting,[ 0.5677905  -0.59831228 -0.99408226]
952.3797838687897,1003,False,1,5,[-0.29999025 -3.16411595  4.00000389],cruising,[ 0.63925976  0.24903542 -0.34837281]
952.3797838687897,1004,False,3,1,[-5.25605393  2.49995836  3.99925983],cruising,[-0.62185191  0.08809385  0.93462812]
952.3797838687897,1005,False,2,3,[-5.95574806  1.11096469  3.50950875],entering,[ 0.50568378 -0.03156594 -0.11489306]
952.492830991745,1000,False,5,4,[ 8.46157304 -6.43348022  4.        ],exiting,[-0.82138112 -0.19970136 -0.21083176]
952.492830991745,1001,False,6,2,[8.87063593 8.95332771 1.77645975],entering,[-0.48080528  0.59740651 -0.20557775]
952.492830991745,1002,False,6,0,[1.81487663 6.72940769 4.        ],exiting,[ 0.5677905  -0.59831228 -0.99408226]
952.492830991745,1003,False,1,5,[-0.48281758 -3.24519718  4.00000331],cruising,[ 0.63925976  0.24903542 -0.34837281]
952.492830991745,1004,False,3,1,[-5.3689608   2.66504028  3.99937086],cruising,[-0.62185191  0.08809385  0.93462812]
952.492830991745,1005,False,2,3,[-5.88822665  1.29922212  3.58308244],entering,[ 0.50568378 -0.03156594 -0.11489306]
952.5854892730713,1000,False,5,4,[ 8.49033675 -6.52925416  4.        ],exiting,[-0.82138112 -0.19970136 -0.21083176]
952.5854892730713,1001,False,6,2,[8.8537227  8.875136   1.85145975],entering,[-0.48080528  0.59740651 -0.20557775]
952.5854892730713,1002,False,6,0,[1.83827983 6.82663058 4.        ],exiting,[ 0.5677905  -0.59831228 -0.99408226]
952.5854892730713,1003,False,1,5,[-0.66225233 -3.33353276  4.00000281],cruising,[ 0.63925976  0.24903542 -0.34837281]
952.5854892730713,1004,False,3,1,[-5.48005822  2.83134531  3.99946523],cruising,[-0.62185191  0.08809385  0.93462812]
952.5854892730713,1005,False,2,3,[-5.83192106  1.49113272  3.64562007],entering,[ 0.50568378 -0.03156594 -0.11489306]
952.6888523101807,1000,False,5,4,[ 8.51910047 -6.62502811  4.        ],exiting,[-0.82138112 -0.19970136 -0.21083176]
952.6888523101807,1001,False,6,2,[8.83258589 8.77739535 1.92645975],entering,[-0.48080528  0.59740651 -0.20557775]
952.6888523101807,1002,False,6,0,[1.86168303 6.92385347 4.        ],exiting,[ 0.5677905  -0.59831228 -0.99408226]
952.6888523101807,1003,False,1,5,[-0.84012195 -3.4249789   4.00000239],cruising,[ 0.63925976  0.24903542 -0.34837281]
952.6888523101807,1004,False,3,1,[-5.58899996  2.99907037  3.99954544],cruising,[-0.62185191  0.08809385  0.93462812]
952.6888523101807,1005,False,2,3,[-5.78843598  1.68634811  3.69877706],entering,[ 0.50568378 -0.03156594 -0.11489306]
952.7835052013397,1000,False,5,4,[ 8.54786418 -6.72080206  4.        ],exiting,[-0.82138112 -0.19970136 -0.21083176]
952.7835052013397,1001,False,6,2,[8.80738385 8.66007221 2.00145975],entering,[-0.48080528  0.59740651 -0.20557775]
952.7835052013397,1002,False,6,0,[1.88508624 7.02107636 4.        ],exiting,[ 0.5677905  -0.59831228 -0.99408226]
952.7835052013397,1003,False,1,5,[-1.01879772 -3.51483974  4.00000203],cruising,[ 0.63925976  0.24903542 -0.34837281]
952.7835052013397,1004,False,3,1,[-5.69538845  3.16842647  3.99961363],cruising,[-0.62185191  0.08809385  0.93462812]
952.7835052013397,1005,False,2,3,[-5.75930695  1.88421549  3.7439605 ],entering,[ 0.50568378 -0.03156594 -0.11489306]
952.8873977661133,1000,False,5,4,[ 8.57662789 -6.816576    4.        ],exiting,[-0.82138112 -0.19970136 -0.21083176]
952.8873977661133,1001,False,6,2,[8.7783621  8.52311721 2.07645975],entering,[-0.48080528  0.59740651 -0.20557775]
952.8873977661133,1002,False,6,0,[1.90848944 7.11829925 4.        ],exiting,[ 0.5677905  -0.59831228 -0.99408226]
952.8873977661133,1003,False,1,5,[-1.2021418  -3.59474561  4.00000173],cruising,[ 0.63925976  0.24903542 -0.34837281]
952.8873977661133,1004,False,3,1,[-5.79875571  3.33964332  3.99967158],cruising,[-0.62185191  0.08809385  0.93462812]
952.8873977661133,1005,False,2,3,[-5.74575855  2.08375607  3.78236643],entering,[ 0.50568378 -0.03156594 -0.11489306]
952.9846849441528,1000,False,5,4,[ 8.6053916  -6.91234995  4.        ],exiting,[-0.82138112 -0.19970136 -0.21083176]
952.9846849441528,1001,False,6,2,[8.74592445 8.36645608 2.15145975],entering,[-0.48080528  0.59740651 -0.20557775]
952.9846849441528,1002,False,6,0,[1.93189265 7.21552213 4.        ],exiting,[ 0.5677905  -0.59831228 -0.99408226]
952.9846849441528,1003,False,1,5,[-1.39238614 -3.65587952  4.00000146],cruising,[ 0.63925976  0.24903542 -0.34837281]
952.9846849441528,1004,False,3,1,[-5.89853912  3.51297327  3.99972085],cruising,[-0.62185191  0.08809385  0.93462812]
952.9846849441528,1005,False,2,3,[-5.74756572  2.2837479   3.81501146],entering,[ 0.50568378 -0.03156594 -0.11489306]
953.0937075614929,1000,False,5,4,[ 8.63415531 -7.0081239   4.        ],exiting,[-0.82138112 -0.19970136 -0.21083176]
953.0937075614929,1001,False,6,2,[8.71041256 8.19003263 2.22645975],entering,[-0.48080528  0.59740651 -0.20557775]
953.0937075614929,1002,False,6,0,[1.95529585 7.31274502 4.        ],exiting,[ 0.5677905  -0.59831228 -0.99408226]
953.0937075614929,1003,False,1,5,[-1.58638501 -3.69736901  4.00000121],cruising,[ 0.63925976  0.24903542 -0.34837281]
953.0937075614929,1004,False,3,1,[-5.99404983  3.6886938   3.99976272],cruising,[-0.62185191  0.08809385  0.93462812]
953.0937075614929,1005,False,2,3,[-5.76537539  2.48295336  3.84275974],cruising,[ 0.50568378 -0.03156594 -0.11489306]
953.1909401416779,1000,False,5,4,[ 8.66291902 -7.10389784  4.        ],landing,[-0.82138112 -0.19970136 -0.21083176]
953.1909401416779,1001,False,6,2,[8.6718639  7.99384108 2.30145975],entering,[-0.48080528  0.59740651 -0.20557775]
953.1909401416779,1002,False,6,0,[1.97869905 7.40996791 4.        ],exiting,[ 0.5677905  -0.59831228 -0.99408226]
953.1909401416779,1003,False,1,5,[-1.781032   -3.718869    4.00000098],cruising,[ 0.63925976  0.24903542 -0.34837281]
953.1909401416779,1004,False,3,1,[-6.08443088  3.86710699  3.99979831],cruising,[-0.62185191  0.08809385  0.93462812]
953.1909401416779,1005,False,2,3,[-5.79698805  2.68043916  3.86634578],cruising,[ 0.50568378 -0.03156594 -0.11489306]
953.2932062149048,1000,False,5,4,[ 8.68460566 -7.18745417  3.98583509],landing,[-0.82138112 -0.19970136 -0.21083176]
953.2932062149048,1001,False,6,2,[8.63330667 7.79759292 2.37645975],entering,[-0.48080528  0.59740651 -0.20557775]
953.2932062149048,1002,False,6,0,[2.00210226 7.5071908  4.        ],exiting,[ 0.5677905  -0.59831228 -0.99408226]
953.2932062149048,1003,False,1,5,[-1.97333281 -3.72050708  4.00000076],cruising,[ 0.63925976  0.24903542 -0.34837281]
953.2932062149048,1004,False,3,1,[-6.16860116  4.04853291  3.99982856],cruising,[-0.62185191  0.08809385  0.93462812]
953.2932062149048,1005,False,2,3,[-5.84183165  2.87534696  3.88639392],cruising,[ 0.50568378 -0.03156594 -0.11489306]
953.3806085586548,1000,False,5,4,[ 8.69920098 -7.25861595  3.95766701],landing,[-0.82138112 -0.19970136 -0.21083176]
953.3806085586548,1001,False,6,2,[8.59533392 7.60123083 2.45145975],entering,[-0.48080528  0.59740651 -0.20557775]
953.3806085586548,1002,False,6,0,[2.02550546 7.60441369 4.        ],exiting,[ 0.5677905  -0.59831228 -0.99408226]
953.3806085586548,1003,False,1,5,[-2.1603961  -3.70284313  4.00000056],cruising,[ 0.63925976  0.24903542 -0.34837281]
953.3806085586548,1004,False,3,1,[-6.24518038  4.23329119  3.99985428],cruising,[-0.62185191  0.08809385  0.93462812]
953.3806085586548,1005,False,2,3,[-5.8962139   3.06781143  3.90343483],cruising,[ 0.50568378 -0.03156594 -0.11489306]
953.4838380813599,1000,False,5,4,[ 8.70668936 -7.31717426  3.91569155],landing,[-0.82138112 -0.19970136 -0.21083176]
953.4838380813599,1001,False,6,2,[8.5599523  7.40438536 2.52645975],entering,[-0.48080528  0.59740651 -0.20557775]
953.4838380813599,1002,False,6,0,[2.04890866 7.70163658 4.        ],exiting,[ 0.5677905  -0.59831228 -0.99408226]
953.4838380813599,1003,False,1,5,[-2.33989765 -3.66666378  4.00000037],cruising,[ 0.63925976  0.24903542 -0.34837281]
953.4838380813599,1004,False,3,1,[-6.31238986  4.42166021  3.99987614],cruising,[-0.62185191  0.08809385  0.93462812]
953.4838380813599,1005,False,2,3,[-5.95769667  3.25812661  3.9179196 ],cruising,[ 0.50568378 -0.03156594 -0.11489306]
953.5941596031189,1000,False,5,4,[ 8.70705134 -7.36284093  3.86018761],landing,[-0.82138112 -0.19970136 -0.21083176]
953.5941596031189,1001,False,6,2,[8.52576589 7.20732879 2.60145975],entering,[-0.48080528  0.59740651 -0.20557775]
953.5941596031189,1002,False,6,0,[2.07231187 7.79885947 4.        ],exiting,[ 0.5677905  -0.59831228 -0.99408226]
953.5941596031189,1003,False,1,5,[-2.50964501 -3.6130243   4.00000019],cruising,[ 0.63925976  0.24903542 -0.34837281]
953.5941596031189,1004,False,3,1,[-6.36163909  4.61550167  3.99989472],cruising,[-0.62185191  0.08809385  0.93462812]
953.5941596031189,1005,False,2,3,[-6.02389008  3.44685508  3.93023166],cruising,[ 0.50568378 -0.03156594 -0.11489306]
953.6925423145294,1000,False,5,4,[ 8.70027317 -7.39538456  3.79138689],landing,[-0.82138112 -0.19970136 -0.21083176]
953.6925423145294,1001,False,6,2,[8.49157948 7.01027223 2.67645975],entering,[-0.48080528  0.59740651 -0.20557775]
953.6925423145294,1002,False,6,0,[2.09571507 7.89608235 4.        ],exiting,[ 0.5677905  -0.59831228 -0.99408226]
953.6925423145294,1003,False,1,5,[-2.66764159 -3.54320092  4.00000003],cruising,[ 0.63925976  0.24903542 -0.34837281]
953.6925423145294,1004,False,3,1,[-6.39124617  4.81310956  3.99991095],cruising,[-0.62185191  0.08809385  0.93462812]
953.6925423145294,1005,False,2,3,[-6.09251921  3.63471152  3.94069691],cruising,[ 0.50568378 -0.03156594 -0.11489306]
953.7857577800751,1000,False,5,4,[ 8.68634339 -7.41458499  3.70951661],landing,[-0.82138112 -0.19970136 -0.21083176]
953.7857577800751,1001,False,6,2,[8.4588765  6.81296406 2.75145975],entering,[-0.48080528  0.59740651 -0.20557775]
953.7857577800751,1002,False,6,0,[2.11911828 7.99330524 4.        ],exiting,[ 0.5677905  -0.59831228 -0.99408226]
953.7857577800751,1003,False,1,5,[-2.8122069  -3.45855859  3.99999989],cruising,[ 0.63925976  0.24903542 -0.34837281]
953.7857577800751,1004,False,3,1,[-6.40094387  5.01261921  3.99992482],cruising,[-0.62185191  0.08809385  0.93462812]
953.7857577800751,1005,False,2,3,[-6.16140827  3.82247279  3.94959238],cruising,[ 0.50568378 -0.03156594 -0.11489306]
953.8924510478973,1000,False,5,4,[ 8.66525212 -7.42022021  3.61481285],landing,[-0.82138112 -0.19970136 -0.21083176]
953.8924510478973,1001,False,6,2,[8.42972924 6.61509936 2.82645975],entering,[-0.48080528  0.59740651 -0.20557775]
953.8924510478973,1002,False,6,0,[2.14252148 8.09052813 4.        ],exiting,[ 0.5677905  -0.59831228 -0.99408226]
953.8924510478973,1003,False,1,5,[-2.94188435 -3.36056143  3.99999976],cruising,[ 0.63925976  0.24903542 -0.34837281]
953.8924510478973,1004,False,3,1,[-6.39070817  5.210498    3.99993773],cruising,[-0.62185191  0.08809385  0.93462812]
953.8924510478973,1005,False,2,3,[-6.22840991  4.01091584  3.95715352],cruising,[ 0.50568378 -0.03156594 -0.11489306]
953.9817311763763,1000,False,5,4,[ 8.64264082 -7.42293185  3.51744049],landing,[-0.82138112 -0.19970136 -0.21083176]
953.9817311763763,1001,False,6,2,[8.40058198 6.41723467 2.90145975],entering,[-0.48080528  0.59740651 -0.20557775]
953.9817311763763,1002,False,6,0,[2.16592468 8.18775102 4.        ],exiting,[ 0.5677905  -0.59831228 -0.99408226]
953.9817311763763,1003,False,1,5,[-3.05536988 -3.25082451  3.99999964],cruising,[ 0.63925976  0.24903542 -0.34837281]
953.9817311763763,1004,False,3,1,[-6.36087309  5.40439385  3.99994968],cruising,[-0.62185191  0.08809385  0.93462812]
953.9817311763763,1005,False,2,3,[-6.29129857  4.20077109  3.96358049],cruising,[ 0.50568378 -0.03156594 -0.11489306]
954.0825092792511,1000,False,5,4,[ 8.62002951 -7.42564349  3.42006813],landing,[-0.82138112 -0.19970136 -0.21083176]
954.0825092792511,1001,False,6,2,[8.37395086 6.21901564 2.97645975],entering,[-0.48080528  0.59740651 -0.20557775]
954.0825092792511,1002,False,6,0,[2.18932789 8.28497391 4.        ],exiting,[ 0.5677905  -0.59831228 -0.99408226]
954.0825092792511,1003,False,1,5,[-3.15156169 -3.13104135  3.99999955],cruising,[ 0.63925976  0.24903542 -0.34837281]
954.0825092792511,1004,False,3,1,[-6.31195317  5.59230896  3.99996061],cruising,[-0.62185191  0.08809385  0.93462812]
954.0825092792511,1005,False,2,3,[-6.34763667  4.39267215  3.96904342],cruising,[ 0.50568378 -0.03156594 -0.11489306]
954.1796083450317,1000,False,5,4,[ 8.5974182  -7.42835513  3.32269578],landing,[-0.82138112 -0.19970136 -0.21083176]
954.1796083450317,1001,False,6,2,[8.35045624 6.02040042 3.05145975],entering,[-0.48080528  0.59740651 -0.20557775]
954.1796083450317,1002,False,6,0,[2.21273109 8.3821968  4.        ],exiting,[ 0.5677905  -0.59831228 -0.99408226]
954.1796083450317,1003,False,1,5,[-3.22983816 -3.0023677   3.99999948],cruising,[ 0.63925976  0.24903542 -0.34837281]
954.1796083450317,1004,False,3,1,[-6.24480097  5.77200312  3.99997051],cruising,[-0.62185191  0.08809385  0.93462812]
954.1796083450317,1005,False,2,3,[-6.38837723  4.58847871  3.97368691],cruising,[ 0.50568378 -0.03156594 -0.11489306]
954.2918961048126,1000,False,5,4,[ 8.57480689 -7.43106678  3.22532342],landing,[-0.82138112 -0.19970136 -0.21083176]
954.2918961048126,1001,False,6,2,[8.3281803  5.82164484 3.12645975],entering,[-0.48080528  0.59740651 -0.20557775]
954.2918961048126,1002,False,6,0,[2.23613429 8.47941969 4.        ],exiting,[ 0.5677905  -0.59831228 -0.99408226]
954.2918961048126,1003,False,1,5,[-3.28983215 -2.86558535  3.99999942],cruising,[ 0.63925976  0.24903542 -0.34837281]
954.2918961048126,1004,False,3,1,[-6.16051782  5.94137593  3.9999794 ],cruising,[-0.62185191  0.08809385  0.93462812]
954.2918961048126,1005,False,2,3,[-6.41604264  4.78655603  3.97763387],cruising,[ 0.50568378 -0.03156594 -0.11489306]
954.3800773620605,1000,False,5,4,[ 8.55219558 -7.43377842  3.12795107],landing,[-0.82138112 -0.19970136 -0.21083176]
954.3800773620605,1001,False,6,2,[8.31078724 5.62240257 3.20145975],entering,[-0.48080528  0.59740651 -0.20557775]
954.3800773620605,1002,False,6,0,[2.2595375  8.57664257 4.        ],exiting,[ 0.5677905  -0.59831228 -0.99408226]
954.3800773620605,1003,False,1,5,[-3.33136916 -2.72109977  3.99999939],cruising,[ 0.63925976  0.24903542 -0.34837281]
954.3800773620605,1004,False,3,1,[-6.06031108  6.09864753  3.99998724],cruising,[-0.62185191  0.08809385  0.93462812]
954.3800773620605,1005,False,2,3,[-6.42375991  4.98600897  3.98115722],cruising,[ 0.50568378 -0.03156594 -0.11489306]
954.4827103614807,1000,False,5,4,[ 8.52958427 -7.43649006  3.03057871],landing,[-0.82138112 -0.19970136 -0.21083176]
954.4827103614807,1001,False,6,2,[8.29609916 5.42294265 3.27645975],entering,[-0.48080528  0.59740651 -0.20557775]
954.4827103614807,1002,False,6,0,[2.2829407  8.67386546 4.        ],landing,[ 0.5677905  -0.59831228 -0.99408226]
954.4827103614807,1003,False,1,5,[-3.35437602 -2.56908866  3.99999938],cruising,[ 0.63925976  0.24903542 -0.34837281]
954.4827103614807,1004,False,3,1,[-5.94509854  6.24269695  3.99999396],cruising,[-0.62185191  0.08809385  0.93462812]
954.4827103614807,1005,False,2,3,[-6.41152314  5.18414164  3.98437586],cruising,[ 0.50568378 -0.03156594 -0.11489306]
954.5798561573029,1000,False,5,4,[ 8.50697297 -7.4392017   2.93320635],landing,[-0.82138112 -0.19970136 -0.21083176]
954.5798561573029,1001,False,6,2,[8.28498704 5.22325159 3.35145975],entering,[-0.48080528  0.59740651 -0.20557775]
954.5798561573029,1002,False,6,0,[2.30607704 8.75660383 3.98621133],landing,[ 0.5677905  -0.59831228 -0.99408226]
954.5798561573029,1003,False,1,5,[-3.35885628 -2.40954332  3.99999939],cruising,[ 0.63925976  0.24903542 -0.34837281]
954.5798561573029,1004,False,3,1,[-5.81578729  6.37256094  3.99999953],cruising,[-0.62185191  0.08809385  0.93462812]
954.5798561573029,1005,False,2,3,[-6.37966848  5.37839269  3.98732687],cruising,[ 0.50568378 -0.03156594 -0.11489306]
954.6828968524933,1000,False,5,4,[ 8.48436166 -7.44191334  2.835834  ],landing,[-0.82138112 -0.19970136 -0.21083176]
954.6828968524933,1001,False,6,2,[8.28001568 5.02331338 3.42645975],entering,[-0.48080528  0.59740651 -0.20557775]
954.6828968524933,1002,False,6,0,[2.32887043 8.8247028  3.95880024],landing,[ 0.5677905  -0.59831228 -0.99408226]
954.6828968524933,1003,False,1,5,[-3.34513406 -2.24171123  3.99999942],cruising,[ 0.63925976  0.24903542 -0.34837281]
954.6828968524933,1004,False,3,1,[-5.67352171  6.4871873   4.00000396],cruising,[-0.62185191  0.08809385  0.93462812]
954.6828968524933,1005,False,2,3,[-6.32882484  5.56637044  3.99002414],cruising,[ 0.50568378 -0.03156594 -0.11489306]
954.780659198761,1000,False,5,4,[ 8.46175035 -7.44462499  2.73846164],landing,[-0.82138112 -0.19970136 -0.21083176]
954.780659198761,1001,False,6,2,[8.28055678 4.82331411 3.50145975],entering,[-0.48080528  0.59740651 -0.20557775]
954.780659198761,1002,False,6,0,[2.35123103 8.87798217 3.91796558],landing,[ 0.5677905  -0.59831228 -0.99408226]
954.780659198761,1003,False,1,5,[-3.31425275 -2.06360464  3.99999948],cruising,[ 0.63925976  0.24903542 -0.34837281]
954.780659198761,1004,False,3,1,[-5.51903802  6.58597959  4.00000722],cruising,[-0.62185191  0.08809385  0.93462812]
954.780659198761,1005,False,2,3,[-6.25988196  5.74584198  3.99247314],cruising,[ 0.50568378 -0.03156594 -0.11489306]
954.8794655799866,1000,False,5,4,[ 8.43913904 -7.44733663  2.64108929],landing,[-0.82138112 -0.19970136 -0.21083176]
954.8794655799866,1001,False,6,2,[8.28522196 4.62336853 3.57624078],entering,[-0.48080528  0.59740651 -0.20557775]
954.8794655799866,1002,False,6,0,[2.37303709 8.91620208 3.86398157],landing,[ 0.5677905  -0.59831228 -0.99408226]
954.8794655799866,1003,False,1,5,[-3.27175348 -1.86921851  3.99999955],cruising,[ 0.63925976  0.24903542 -0.34837281]
954.8794655799866,1004,False,3,1,[-5.35295356  6.6684801   4.00000925],cruising,[-0.62185191  0.08809385  0.93462812]
954.8794655799866,1005,False,2,3,[-6.17387754  5.91488113  3.99465871],cruising,[ 0.50568378 -0.03156594 -0.11489306]
954.9944994449615,1000,False,5,4,[ 8.41652773 -7.45004827  2.54371693],landing,[-0.82138112 -0.19970136 -0.21083176]
954.9944994449615,1001,False,6,2,[8.29457885 4.42358753 3.63980467],entering,[-0.48080528  0.59740651 -0.20557775]
954.9944994449615,1002,False,6,0,[2.39417627 8.93914587 3.79710589],landing,[ 0.5677905  -0.59831228 -0.99408226]
954.9944994449615,1003,False,1,5,[-3.24491463 -1.6710275   3.99999962],cruising,[ 0.63925976  0.24903542 -0.34837281]
954.9944994449615,1004,False,3,1,[-5.17570275  6.73438806  4.00001003],cruising,[-0.62185191  0.08809385  0.93462812]
954.9944994449615,1005,False,2,3,[-6.07197451  6.07178907  3.99658372],cruising,[ 0.50568378 -0.03156594 -0.11489306]
955.0878422260284,1000,False,5,4,[ 8.39391642 -7.45275991  2.44634457],landing,[-0.82138112 -0.19970136 -0.21083176]
955.0878422260284,1001,False,6,2,[8.30683759 4.22396357 3.69383397],entering,[-0.48080528  0.59740651 -0.20557775]
955.0878422260284,1002,False,6,0,[2.41454898 8.94662509 3.71757084],landing,[ 0.5677905  -0.59831228 -0.99408226]
955.0878422260284,1003,False,1,5,[-3.23450867 -1.47129839  3.99999968],cruising,[ 0.63925976  0.24903542 -0.34837281]
955.0878422260284,1004,False,3,1,[-4.98736988  6.78364706  4.0000095 ],cruising,[-0.62185191  0.08809385  0.93462812]
955.0878422260284,1005,False,2,3,[-5.95507237  6.21547009  3.99823484],cruising,[ 0.50568378 -0.03156594 -0.11489306]
955.1839320659637,1000,False,5,4,[ 8.37130512 -7.45547155  2.34897222],landing,[-0.82138112 -0.19970136 -0.21083176]
955.1839320659637,1001,False,6,2,[8.31645745 4.02419506 3.73975887],entering,[-0.48080528  0.59740651 -0.20557775]
955.1839320659637,1002,False,6,0,[2.43405343 8.93845079 3.62561752],landing,[ 0.5677905  -0.59831228 -0.99408226]
955.1839320659637,1003,False,1,5,[-3.23995607 -1.27137259  3.99999973],cruising,[ 0.63925976  0.24903542 -0.34837281]
955.1839320659637,1004,False,3,1,[-4.79132473  6.82322354  4.00000808],cruising,[-0.62185191  0.08809385  0.93462812]
955.1839320659637,1005,False,2,3,[-5.8240613   6.34497869  3.99960079],cruising,[ 0.50568378 -0.03156594 -0.11489306]
955.2823178768158,1000,False,5,4,[ 8.34869381 -7.45818319  2.25159986],landing,[-0.82138112 -0.19970136 -0.21083176]
955.2823178768158,1001,False,6,2,[8.33130771 3.82474715 3.77879504],cruising,[-0.48080528  0.59740651 -0.20557775]
955.2823178768158,1002,False,6,0,[2.45315134 8.92365523 3.52857958],landing,[ 0.5677905  -0.59831228 -0.99408226]
955.2823178768158,1003,False,1,5,[-3.25923578 -1.07230403  3.99999977],cruising,[ 0.63925976  0.24903542 -0.34837281]
955.2823178768158,1004,False,3,1,[-4.59622639  6.86723079  4.00000686],cruising,[-0.62185191  0.08809385  0.93462812]
955.2823178768158,1005,False,2,3,[-5.67978736  6.45952037  4.0006718 ],cruising,[ 0.50568378 -0.03156594 -0.11489306]
955.3849694728851,1000,False,5,4,[ 8.3260825  -7.46089484  2.15422751],landing,[-0.82138112 -0.19970136 -0.21083176]
955.3849694728851,1001,False,6,2,[8.34034732 3.62495154 3.81197578],cruising,[-0.48080528  0.59740651 -0.20557775]
955.3849694728851,1002,False,6,0,[2.47224925 8.90885968 3.43154165],landing,[ 0.5677905  -0.59831228 -0.99408226]
955.3849694728851,1003,False,1,5,[-3.29208181 -0.87501962  3.9999998 ],cruising,[ 0.63925976  0.24903542 -0.34837281]
955.3849694728851,1004,False,3,1,[-4.40180336  6.91413157  4.00000584],cruising,[-0.62185191  0.08809385  0.93462812]
955.3849694728851,1005,False,2,3,[-5.52301889  6.55844813  4.00143916],cruising,[ 0.50568378 -0.03156594 -0.11489306]
955.4944503307343,1000,False,5,4,[ 8.30347119 -7.46360648  2.05685515],landing,[-0.82138112 -0.19970136 -0.21083176]
955.4944503307343,1001,False,6,2,[8.34775464 3.42508876 3.84017942],cruising,[-0.48080528  0.59740651 -0.20557775]
955.4944503307343,1002,False,6,0,[2.49134716 8.89406412 3.33450371],landing,[ 0.5677905  -0.59831228 -0.99408226]
955.4944503307343,1003,False,1,5,[-3.33738252 -0.68021755  3.99999983],cruising,[ 0.63925976  0.24903542 -0.34837281]
955.4944503307343,1004,False,3,1,[-4.20714704  6.96005452  4.00000496],cruising,[-0.62185191  0.08809385  0.93462812]
955.4944503307343,1005,False,2,3,[-5.35444589  6.64123411  4.00189667],cruising,[ 0.50568378 -0.03156594 -0.11489306]
955.5834476947784,1000,False,5,4,[ 8.28085988 -7.46631812  1.95948279],landing,[-0.82138112 -0.19970136 -0.21083176]
955.5834476947784,1001,False,6,2,[8.36124613 3.22554433 3.8641525 ],cruising,[-0.48080528  0.59740651 -0.20557775]
955.5834476947784,1002,False,6,0,[2.51044507 8.87926856 3.23746577],landing,[ 0.5677905  -0.59831228 -0.99408226]
955.5834476947784,1003,False,1,5,[-3.39416188 -0.48844658  3.99999986],cruising,[ 0.63925976  0.24903542 -0.34837281]
955.5834476947784,1004,False,3,1,[-4.01268939  7.00681157  4.00000422],cruising,[-0.62185191  0.08809385  0.93462812]
955.5834476947784,1005,False,2,3,[-5.17491213  6.70729371  4.00205389],cruising,[ 0.50568378 -0.03156594 -0.11489306]
955.682591676712,1000,False,5,4,[ 8.25824857 -7.46902976  1.86211044],landing,[-0.82138112 -0.19970136 -0.21083176]
955.682591676712,1001,False,6,2,[8.37336072 3.02591157 3.88452963],cruising,[-0.48080528  0.59740651 -0.20557775]
955.682591676712,1002,False,6,0,[2.52954298 8.86447301 3.14042783],landing,[ 0.5677905  -0.59831228 -0.99408226]
955.682591676712,1003,False,1,5,[-3.45976743 -0.29951296  3.99999988],cruising,[ 0.63925976  0.24903542 -0.34837281]
955.682591676712,1004,False,3,1,[-3.81815587  7.05325197  4.00000358],cruising,[-0.62185191  0.08809385  0.93462812]
955.682591676712,1005,False,2,3,[-4.98443461  6.75661609  4.0018956 ],cruising,[ 0.50568378 -0.03156594 -0.11489306]
955.780526638031,1000,False,5,4,[ 8.23563727 -7.4717414   1.76473808],landing,[-0.82138112 -0.19970136 -0.21083176]
955.780526638031,1001,False,6,2,[8.38486742 2.82624286 3.90185018],cruising,[-0.48080528  0.59740651 -0.20557775]
955.780526638031,1002,False,6,0,[2.54864089 8.84967745 3.0433899 ],landing,[ 0.5677905  -0.59831228 -0.99408226]
955.780526638031,1003,False,1,5,[-3.5356498  -0.11446739  3.9999999 ],cruising,[ 0.63925976  0.24903542 -0.34837281]
955.780526638031,1004,False,3,1,[-3.623317    7.09839412  4.00000305],cruising,[-0.62185191  0.08809385  0.93462812]
955.780526638031,1005,False,2,3,[-4.78943028  6.8010381   4.00161126],cruising,[ 0.50568378 -0.03156594 -0.11489306]
955.8916296958923,1000,False,5,4,[ 8.21302596 -7.47445304  1.66736572],landing,[-0.82138112 -0.19970136 -0.21083176]
955.8916296958923,1001,False,6,2,[8.39988455 2.62680744 3.91657266],cruising,[-0.48080528  0.59740651 -0.20557775]
955.8916296958923,1002,False,6,0,[2.56773881 8.8348819  2.94635196],landing,[ 0.5677905  -0.59831228 -0.99408226]
955.8916296958923,1003,False,1,5,[-3.62213807  0.06586503  3.99999991],cruising,[ 0.63925976  0.24903542 -0.34837281]
955.8916296958923,1004,False,3,1,[-3.42747335  7.138956    4.00000259],cruising,[-0.62185191  0.08809385  0.93462812]
955.8916296958923,1005,False,2,3,[-4.59529115  6.84910053  4.00136957],cruising,[ 0.50568378 -0.03156594 -0.11489306]
955.9797029495239,1000,False,5,4,[ 8.19041465 -7.47716469  1.56999337],landing,[-0.82138112 -0.19970136 -0.21083176]
955.9797029495239,1001,False,6,2,[8.41315285 2.42724805 3.92908676],cruising,[-0.48080528  0.59740651 -0.20557775]
955.9797029495239,1002,False,6,0,[2.58683672 8.82008634 2.84931402],landing,[ 0.5677905  -0.59831228 -0.99408226]
955.9797029495239,1003,False,1,5,[-3.71625102  0.24233812  3.99999993],cruising,[ 0.63925976  0.24903542 -0.34837281]
955.9797029495239,1004,False,3,1,[-3.23112277  7.17698821  4.0000022 ],cruising,[-0.62185191  0.08809385  0.93462812]
955.9797029495239,1005,False,2,3,[-4.40170454  6.89934217  4.00116413],cruising,[ 0.50568378 -0.03156594 -0.11489306]
956.0929660797119,1000,False,5,4,[ 8.16780334 -7.47987633  1.47262101],fake_landed,[-0.82138112 -0.19970136 -0.21083176]
956.0929660797119,1001,False,6,2,[8.42813488 2.22780999 3.93972374],cruising,[-0.48080528  0.59740651 -0.20557775]
956.0929660797119,1002,False,6,0,[2.60593463 8.80529078 2.75227608],landing,[ 0.5677905  -0.59831228 -0.99408226]
956.0929660797119,1003,False,1,5,[-3.81639428  0.41546041  3.99999994],cruising,[ 0.63925976  0.24903542 -0.34837281]
956.0929660797119,1004,False,3,1,[-3.03415199  7.21166547  4.00000187],cruising,[-0.62185191  0.08809385  0.93462812]
956.0929660797119,1005,False,2,3,[-4.20835247  6.95047903  4.00098951],cruising,[ 0.50568378 -0.03156594 -0.11489306]
956.180547952652,1000,False,5,4,[ 8.14971429 -7.48204564  1.39472313],fake_landed,[-0.82138112 -0.19970136 -0.21083176]
956.180547952652,1001,False,6,2,[8.44062933 2.02820065 3.94876518],cruising,[-0.48080528  0.59740651 -0.20557775]
956.180547952652,1002,False,6,0,[2.62503254 8.79049523 2.65523815],landing,[ 0.5677905  -0.59831228 -0.99408226]
956.180547952652,1003,False,1,5,[-3.92125913  0.58576415  3.99999995],cruising,[ 0.63925976  0.24903542 -0.34837281]
956.180547952652,1004,False,3,1,[-2.83608071  7.23937411  4.00000159],cruising,[-0.62185191  0.08809385  0.93462812]
956.180547952652,1005,False,2,3,[-4.0143162   6.99895507  4.00084109],cruising,[ 0.50568378 -0.03156594 -0.11489306]
956.2842321395874,1000,False,5,4,[ 8.13614751 -7.48367263  1.33629971],fake_landed,[-0.82138112 -0.19970136 -0.21083176]
956.2842321395874,1001,False,6,2,[8.45365557 1.82862531 3.95645041],cruising,[-0.48080528  0.59740651 -0.20557775]
956.2842321395874,1002,False,6,0,[2.64413045 8.77569967 2.55820021],landing,[ 0.5677905  -0.59831228 -0.99408226]
956.2842321395874,1003,False,1,5,[-4.03082518  0.75308205  3.99999995],cruising,[ 0.63925976  0.24903542 -0.34837281]
956.2842321395874,1004,False,3,1,[-2.63741167  7.26240914  4.00000135],cruising,[-0.62185191  0.08809385  0.93462812]
956.2842321395874,1005,False,2,3,[-3.82012067  7.04678909  4.00071492],cruising,[ 0.50568378 -0.03156594 -0.11489306]
956.3819532394409,1000,False,5,4,[ 8.12710298 -7.48475728  1.29735077],fake_landed,[-0.82138112 -0.19970136 -0.21083176]
956.3819532394409,1001,False,6,2,[8.46382379 1.62888396 3.96298284],cruising,[-0.48080528  0.59740651 -0.20557775]
956.3819532394409,1002,False,6,0,[2.66322836 8.76090412 2.46116227],landing,[ 0.5677905  -0.59831228 -0.99408226]
956.3819532394409,1003,False,1,5,[-4.14271293  0.91885639  3.99999996],cruising,[ 0.63925976  0.24903542 -0.34837281]
956.3819532394409,1004,False,3,1,[-2.43789748  7.27634069  4.00000115],cruising,[-0.62185191  0.08809385  0.93462812]
956.3819532394409,1005,False,2,3,[-3.62554696  7.09306081  4.00060768],cruising,[ 0.50568378 -0.03156594 -0.11489306]
956.4814794063568,1000,False,5,4,[ 8.12258072 -7.48529961  1.2778763 ],fake_landed,[-0.82138112 -0.19970136 -0.21083176]
956.4814794063568,1001,False,6,2,[8.47378101 1.42913197 3.96853542],cruising,[-0.48080528  0.59740651 -0.20557775]
956.4814794063568,1002,False,6,0,[2.68232627 8.74610856 2.36412433],landing,[ 0.5677905  -0.59831228 -0.99408226]
956.4814794063568,1003,False,1,5,[-4.25633412  1.08344747  3.99999997],cruising,[ 0.63925976  0.24903542 -0.34837281]
956.4814794063568,1004,False,3,1,[-2.23792696  7.27977468  4.00000098],cruising,[-0.62185191  0.08809385  0.93462812]
956.4814794063568,1005,False,2,3,[-3.42989794  7.13455131  4.00051653],cruising,[ 0.50568378 -0.03156594 -0.11489306]
956.5891556739807,1000,False,5,4,[ 8.12258072 -7.48529961  1.2778763 ],fake_landed,[-0.82138112 -0.19970136 -0.21083176]
956.5891556739807,1001,False,6,2,[8.48301355 1.22934519 3.97325511],cruising,[-0.48080528  0.59740651 -0.20557775]
956.5891556739807,1002,False,6,0,[2.70142418 8.731313   2.2670864 ],landing,[ 0.5677905  -0.59831228 -0.99408226]
956.5891556739807,1003,False,1,5,[-4.37077886  1.24746699  3.99999997],cruising,[ 0.63925976  0.24903542 -0.34837281]
956.5891556739807,1004,False,3,1,[-2.03841122  7.26586543  4.00000083],cruising,[-0.62185191  0.08809385  0.93462812]
956.5891556739807,1005,False,2,3,[-3.23369526  7.17333931  4.00043905],cruising,[ 0.50568378 -0.03156594 -0.11489306]
956.6878499984741,1000,False,4,6,[ 8.12258072 -7.48529961  1.2778763 ],waiting,[-0.82138112 -0.19970136 -0.21083176]
956.6878499984741,1001,False,6,2,[8.48880938 1.02942919 3.97726684],cruising,[-0.48080528  0.59740651 -0.20557775]
956.6878499984741,1002,False,6,0,[2.7205221  8.71651745 2.17004846],landing,[ 0.5677905  -0.59831228 -0.99408226]
956.6878499984741,1003,False,1,5,[-4.48628474  1.41074097  3.99999998],cruising,[ 0.63925976  0.24903542 -0.34837281]
956.6878499984741,1004,False,3,1,[-1.84110716  7.23313764  4.00000071],cruising,[-0.62185191  0.08809385  0.93462812]
956.6878499984741,1005,False,2,3,[-3.03683429  7.20863461  4.00037319],cruising,[ 0.50568378 -0.03156594 -0.11489306]
956.7885851860046,1000,False,4,6,[ 8.12258072 -7.48529961  1.2778763 ],waiting,[-0.82138112 -0.19970136 -0.21083176]
956.7885851860046,1001,False,6,2,[8.49364296 0.8294876  3.98067681],cruising,[-0.48080528  0.59740651 -0.20557775]
956.7885851860046,1002,False,6,0,[2.73962001 8.70172189 2.07301052],landing,[ 0.5677905  -0.59831228 -0.99408226]
956.7885851860046,1003,False,1,5,[-4.60241227  1.57357339  3.99999998],cruising,[ 0.63925976  0.24903542 -0.34837281]
956.7885851860046,1004,False,3,1,[-1.64725706  7.18392241  4.0000006 ],cruising,[-0.62185191  0.08809385  0.93462812]
956.7885851860046,1005,False,2,3,[-2.83883631  7.23686228  4.00031722],cruising,[ 0.50568378 -0.03156594 -0.11489306]
956.8808541297913,1000,False,4,6,[ 8.12258072 -7.48529961  1.2778763 ],waiting,[-0.82138112 -0.19970136 -0.21083176]
956.8808541297913,1001,False,6,2,[8.49720465 0.62951932 3.98357529],cruising,[-0.48080528  0.59740651 -0.20557775]
956.8808541297913,1002,False,6,0,[2.75871792 8.68692634 1.97597259],landing,[ 0.5677905  -0.59831228 -0.99408226]
956.8808541297913,1003,False,1,5,[-4.71878167  1.73623304  3.99999998],cruising,[ 0.63925976  0.24903542 -0.34837281]
956.8808541297913,1004,False,3,1,[-1.45607233  7.12519935  4.00000051],cruising,[-0.62185191  0.08809385  0.93462812]
956.8808541297913,1005,False,2,3,[-2.64021769  7.26032806  4.00026963],cruising,[ 0.50568378 -0.03156594 -0.11489306]
956.9938676357269,1000,False,4,6,[ 8.12258072 -7.48529961  1.2778763 ],waiting,[-0.82138112 -0.19970136 -0.21083176]
956.9938676357269,1001,False,6,2,[8.4971664  0.42951932 3.986039  ],cruising,[-0.48080528  0.59740651 -0.20557775]
956.9938676357269,1002,False,6,0,[2.77781583 8.67213078 1.87893465],landing,[ 0.5677905  -0.59831228 -0.99408226]
956.9938676357269,1003,False,1,5,[-4.83505631  1.89896044  3.99999999],cruising,[ 0.63925976  0.24903542 -0.34837281]
956.9938676357269,1004,False,3,1,[-1.26946673  7.05323858  4.00000043],cruising,[-0.62185191  0.08809385  0.93462812]
956.9938676357269,1005,False,2,3,[-2.44072986  7.27463211  4.00022919],cruising,[ 0.50568378 -0.03156594 -0.11489306]
957.0811152458191,1000,False,4,6,[ 8.12258072 -7.48529961  1.2778763 ],waiting,[-0.82138112 -0.19970136 -0.21083176]
957.0811152458191,1001,False,6,2,[8.49581368 0.2295239  3.98813315],cruising,[-0.48080528  0.59740651 -0.20557775]
957.0811152458191,1002,False,6,0,[2.79691374 8.65733522 1.78189671],landing,[ 0.5677905  -0.59831228 -0.99408226]
957.0811152458191,1003,False,1,5,[-4.95092866  2.06197455  3.99999999],cruising,[ 0.63925976  0.24903542 -0.34837281]
957.0811152458191,1004,False,3,1,[-1.08727533  6.97073831  4.00000037],cruising,[-0.62185191  0.08809385  0.93462812]
957.0811152458191,1005,False,2,3,[-2.24076526  7.27839513  4.00019481],cruising,[ 0.50568378 -0.03156594 -0.11489306]
957.1803340911865,1000,False,4,6,[ 8.12258072 -7.48529961  1.2778763 ],waiting,[-0.82138112 -0.19970136 -0.21083176]
957.1803340911865,1001,False,6,2,[8.49292451 0.02954477 3.98991318],cruising,[-0.48080528  0.59740651 -0.20557775]
957.1803340911865,1002,False,6,0,[2.81601165 8.64253967 1.68485877],landing,[ 0.5677905  -0.59831228 -0.99408226]
957.1803340911865,1003,False,1,5,[-5.0664959   2.2252051   3.99999999],cruising,[ 0.63925976  0.24903542 -0.34837281]
957.1803340911865,1004,False,3,1,[-0.90901305  6.88006     4.00000031],cruising,[-0.62185191  0.08809385  0.93462812]
957.1803340911865,1005,False,2,3,[-2.04122806  7.26479714  4.00016559],cruising,[ 0.50568378 -0.03156594 -0.11489306]
957.2822089195251,1000,False,4,6,[ 8.12258072 -7.48529961  1.2778763 ],waiting,[-0.82138112 -0.19970136 -0.21083176]
957.2822089195251,1001,False,6,2,[ 8.48832306 -0.17040229  3.9914262 ],cruising,[-0.48080528  0.59740651 -0.20557775]
957.2822089195251,1002,False,6,0,[2.83510956 8.62774411 1.58782084],landing,[ 0.5677905  -0.59831228 -0.99408226]
957.2822089195251,1003,False,1,5,[-5.18113529  2.38908863  3.99999999],cruising,[ 0.63925976  0.24903542 -0.34837281]
957.2822089195251,1004,False,3,1,[-0.73289432  6.78528555  4.00000027],cruising,[-0.62185191  0.08809385  0.93462812]
957.2822089195251,1005,False,2,3,[-1.84387513  7.23236535  4.00014075],cruising,[ 0.50568378 -0.03156594 -0.11489306]
957.3898904323578,1000,False,4,6,[ 8.12258072 -7.48529961  1.2778763 ],waiting,[-0.82138112 -0.19970136 -0.21083176]
957.3898904323578,1001,False,6,2,[ 8.47982108 -0.3702215   3.99271227],cruising,[-0.48080528  0.59740651 -0.20557775]
957.3898904323578,1002,False,6,0,[2.85420747 8.61294856 1.4907829 ],fake_landed,[ 0.5677905  -0.59831228 -0.99408226]
957.3898904323578,1003,False,1,5,[-5.29454665  2.55382437  3.99999999],cruising,[ 0.63925976  0.24903542 -0.34837281]
957.3898904323578,1004,False,3,1,[-0.55981334  6.68507091  4.00000023],cruising,[-0.62185191  0.08809385  0.93462812]
957.3898904323578,1005,False,2,3,[-1.64870131  7.18869411  4.00011964],cruising,[ 0.50568378 -0.03156594 -0.11489306]
957.4829404354095,1000,False,4,6,[ 8.12258072 -7.48529961  1.2778763 ],queued,[-0.82138112 -0.19970136 -0.21083176]
957.4829404354095,1001,False,6,2,[ 8.46968259 -0.56996436  3.99380543],cruising,[-0.48080528  0.59740651 -0.20557775]
957.4829404354095,1002,False,6,0,[2.8694858  8.60111211 1.41315255],fake_landed,[ 0.5677905  -0.59831228 -0.99408226]
957.4829404354095,1003,False,1,5,[-5.40641812  2.71960969  3.99999999],cruising,[ 0.63925976  0.24903542 -0.34837281]
957.4829404354095,1004,False,3,1,[-0.38894564  6.58112752  4.00000019],cruising,[-0.62185191  0.08809385  0.93462812]
957.4829404354095,1005,False,2,3,[-1.45777838  7.12912536  4.00010169],cruising,[ 0.50568378 -0.03156594 -0.11489306]
957.5940511226654,1000,False,4,6,[ 8.12258072 -7.48529961  1.2978763 ],queued,[-0.82138112 -0.19970136 -0.21083176]
957.5940511226654,1001,False,6,2,[ 8.45772775 -0.76960675  3.99473461],cruising,[-0.48080528  0.59740651 -0.20557775]
957.5940511226654,1002,False,6,0,[2.88094455 8.59223478 1.35492979],fake_landed,[ 0.5677905  -0.59831228 -0.99408226]
957.5940511226654,1003,False,1,5,[-5.51641309  2.88664593  3.99999999],cruising,[ 0.63925976  0.24903542 -0.34837281]
957.5940511226654,1004,False,3,1,[-0.21899162  6.47569683  4.00000016],cruising,[-0.62185191  0.08809385  0.93462812]
957.5940511226654,1005,False,2,3,[-1.27141128  7.05654915  4.00008644],cruising,[ 0.50568378 -0.03156594 -0.11489306]
957.6933250427246,1000,False,4,6,[ 8.12258072 -7.48529961  1.3378763 ],queued,[-0.82138112 -0.19970136 -0.21083176]
957.6933250427246,1001,False,6,2,[ 8.44380227 -0.96912136  3.99552442],cruising,[-0.48080528  0.59740651 -0.20557775]
957.6933250427246,1002,False,6,0,[2.88858371 8.58631655 1.31611461],fake_landed,[ 0.5677905  -0.59831228 -0.99408226]
957.6933250427246,1003,False,1,5,[-5.62532028  3.05439344  4.        ],cruising,[ 0.63925976  0.24903542 -0.34837281]
957.6933250427246,1004,False,3,1,[-0.05009707  6.36857712  4.00000014],cruising,[-0.62185191  0.08809385  0.93462812]
957.6933250427246,1005,False,2,3,[-1.0894208   6.97360661  4.00007347],cruising,[ 0.50568378 -0.03156594 -0.11489306]
957.785295009613,1000,False,4,6,[ 8.12258072 -7.48529961  1.3978763 ],queued,[-0.82138112 -0.19970136 -0.21083176]
957.785295009613,1001,False,6,2,[ 8.42559456 -1.16829084  3.99619576],cruising,[-0.48080528  0.59740651 -0.20557775]
957.785295009613,1002,False,6,0,[2.8924033  8.58335744 1.29670702],fake_landed,[ 0.5677905  -0.59831228 -0.99408226]
957.785295009613,1003,False,1,5,[-5.73150922  3.22387473  4.        ],cruising,[ 0.63925976  0.24903542 -0.34837281]
957.785295009613,1004,False,3,1,[0.11861312 6.2611673  4.00000012],cruising,[-0.62185191  0.08809385  0.93462812]
957.785295009613,1005,False,2,3,[-0.91131881  6.88261386  4.00006245],cruising,[ 0.50568378 -0.03156594 -0.11489306]
957.8926794528961,1000,False,4,6,[ 8.12258072 -7.48529961  1.4728763 ],queued,[-0.82138112 -0.19970136 -0.21083176]
957.8926794528961,1001,False,6,2,[ 8.40546697 -1.36727546  3.9967664 ],cruising,[-0.48080528  0.59740651 -0.20557775]
957.8926794528961,1002,False,0,4,[2.8924033  8.58335744 1.29670702],waiting,[ 0.5677905  -0.59831228 -0.99408226]
957.8926794528961,1003,False,1,5,[-5.83451088  3.39531177  4.        ],cruising,[ 0.63925976  0.24903542 -0.34837281]
957.8926794528961,1004,False,3,1,[0.28740423 6.15388468 4.0000001 ],cruising,[-0.62185191  0.08809385  0.93462812]
957.8926794528961,1005,False,2,3,[-0.73532404  6.78760944  4.00005308],cruising,[ 0.50568378 -0.03156594 -0.11489306]
957.9940609931946,1000,False,4,6,[ 8.12258072 -7.48529961  1.5478763 ],queued,[-0.82138112 -0.19970136 -0.21083176]
957.9940609931946,1001,False,6,2,[ 8.38321675 -1.56603392  3.99725144],cruising,[-0.48080528  0.59740651 -0.20557775]
957.9940609931946,1002,False,0,4,[2.8924033  8.58335744 1.29670702],waiting,[ 0.5677905  -0.59831228 -0.99408226]
957.9940609931946,1003,False,1,5,[-5.9337558   3.56895061  4.        ],cruising,[ 0.63925976  0.24903542 -0.34837281]
957.9940609931946,1004,False,3,1,[0.45669661 6.04739482 4.00000009],cruising,[-0.62185191  0.08809385  0.93462812]
957.9940609931946,1005,False,2,3,[-0.56233551  6.6872353   4.00004512],cruising,[ 0.50568378 -0.03156594 -0.11489306]
958.0796844959259,1000,False,4,6,[ 8.12258072 -7.48529961  1.6228763 ],queued,[-0.82138112 -0.19970136 -0.21083176]
958.0796844959259,1001,False,6,2,[ 8.35629685 -1.76421394  3.99766372],cruising,[-0.48080528  0.59740651 -0.20557775]
958.0796844959259,1002,False,0,4,[2.8924033  8.58335744 1.29670702],waiting,[ 0.5677905  -0.59831228 -0.99408226]
958.0796844959259,1003,False,1,5,[-6.02854202  3.74506299  4.        ],cruising,[ 0.63925976  0.24903542 -0.34837281]
958.0796844959259,1004,False,3,1,[0.62675365 5.94213037 4.00000007],cruising,[-0.62185191  0.08809385  0.93462812]
958.0796844959259,1005,False,2,3,[-0.39153482  6.58318183  4.00003835],cruising,[ 0.50568378 -0.03156594 -0.11489306]
958.1926567554474,1000,False,4,6,[ 8.12258072 -7.48529961  1.6978763 ],queued,[-0.82138112 -0.19970136 -0.21083176]
958.1926567554474,1001,False,6,2,[ 8.32717967 -1.96208306  3.99801416],cruising,[-0.48080528  0.59740651 -0.20557775]
958.1926567554474,1002,False,0,4,[2.8924033  8.58335744 1.29670702],waiting,[ 0.5677905  -0.59831228 -0.99408226]
958.1926567554474,1003,False,1,5,[-6.11799242  3.92394459  4.        ],cruising,[ 0.63925976  0.24903542 -0.34837281]
958.1926567554474,1004,False,3,1,[0.79834251 5.83938183 4.00000006],cruising,[-0.62185191  0.08809385  0.93462812]
958.1926567554474,1005,False,2,3,[-0.22163004  6.4776718   4.0000326 ],cruising,[ 0.50568378 -0.03156594 -0.11489306]
958.2795512676239,1000,False,4,6,[ 8.12258072 -7.48529961  1.7728763 ],queued,[-0.82138112 -0.19970136 -0.21083176]
958.2795512676239,1001,False,6,2,[ 8.29560014 -2.15957416  3.99831204],cruising,[-0.48080528  0.59740651 -0.20557775]
958.2795512676239,1002,False,0,4,[2.8924033  8.58335744 1.29670702],waiting,[ 0.5677905  -0.59831228 -0.99408226]
958.2795512676239,1003,False,1,5,[-6.20099748  4.10590656  4.        ],cruising,[ 0.63925976  0.24903542 -0.34837281]
958.2795512676239,1004,False,3,1,[0.97127553 5.73891208 4.00000005],cruising,[-0.62185191  0.08809385  0.93462812]
958.2795512676239,1005,False,2,3,[-0.05277037  6.37049713  4.00002771],cruising,[ 0.50568378 -0.03156594 -0.11489306]
958.3847417831421,1000,False,4,6,[ 8.12258072 -7.48529961  1.8478763 ],queued,[-0.82138112 -0.19970136 -0.21083176]
958.3847417831421,1001,False,6,2,[ 8.25853835 -2.35611022  3.99856523],cruising,[-0.48080528  0.59740651 -0.20557775]
958.3847417831421,1002,False,0,4,[2.8924033  8.58335744 1.29670702],waiting,[ 0.5677905  -0.59831228 -0.99408226]
958.3847417831421,1003,False,1,5,[-6.27189915  4.29291714  4.        ],cruising,[ 0.63925976  0.24903542 -0.34837281]
958.3847417831421,1004,False,3,1,[1.14657244 5.64262608 4.00000004],cruising,[-0.62185191  0.08809385  0.93462812]
958.3847417831421,1005,False,2,3,[0.11591396 6.26304668 4.00002355],cruising,[ 0.50568378 -0.03156594 -0.11489306]
958.4812428951263,1000,False,4,6,[ 8.12258072 -7.48529961  1.9228763 ],queued,[-0.82138112 -0.19970136 -0.21083176]
958.4812428951263,1001,False,6,2,[ 8.21878763 -2.55212012  3.99878045],cruising,[-0.48080528  0.59740651 -0.20557775]
958.4812428951263,1002,False,0,4,[2.8924033  8.58335744 1.29670702],waiting,[ 0.5677905  -0.59831228 -0.99408226]
958.4812428951263,1003,False,1,5,[-6.33294929  4.48337154  4.        ],exiting,[ 0.63925976  0.24903542 -0.34837281]
958.4812428951263,1004,False,3,1,[1.32366476 5.54968357 4.00000004],cruising,[-0.62185191  0.08809385  0.93462812]
958.4812428951263,1005,False,2,3,[0.28468534 6.15573302 4.00002002],cruising,[ 0.50568378 -0.03156594 -0.11489306]
958.579934835434,1000,False,4,6,[ 8.12258072 -7.48529961  1.9978763 ],queued,[-0.82138112 -0.19970136 -0.21083176]
958.579934835434,1001,False,6,2,[ 8.17285507 -2.74677417  3.99896338],cruising,[-0.48080528  0.59740651 -0.20557775]
958.579934835434,1002,False,0,4,[2.8924033  8.58335744 1.29670702],waiting,[ 0.5677905  -0.59831228 -0.99408226]
958.579934835434,1003,False,1,5,[-6.39366781  4.65382869  4.        ],exiting,[ 0.63925976  0.24903542 -0.34837281]
958.579934835434,1004,False,3,1,[1.50276829 5.46067836 4.00000003],cruising,[-0.62185191  0.08809385  0.93462812]
958.579934835434,1005,False,2,3,[0.45396145 6.04921731 4.00001702],cruising,[ 0.50568378 -0.03156594 -0.11489306]
958.6855492591858,1000,False,4,6,[ 8.12258072 -7.48529961  2.0728763 ],queued,[-0.82138112 -0.19970136 -0.21083176]
958.6855492591858,1001,False,6,2,[ 8.12376862 -2.94065692  3.99911887],cruising,[-0.48080528  0.59740651 -0.20557775]
958.6855492591858,1002,False,0,4,[2.8924033  8.58335744 1.29670702],waiting,[ 0.5677905  -0.59831228 -0.99408226]
958.6855492591858,1003,False,1,5,[-6.45427605  4.80428615  4.        ],exiting,[ 0.63925976  0.24903542 -0.34837281]
958.6855492591858,1004,False,3,1,[1.68510234 5.37849385 4.00000003],cruising,[-0.62185191  0.08809385  0.93462812]
958.6855492591858,1005,False,2,3,[0.62400404 5.94392952 4.00001446],cruising,[ 0.50568378 -0.03156594 -0.11489306]
958.7822253704071,1000,False,4,6,[ 8.12258072 -7.48529961  2.1478763 ],queued,[-0.82138112 -0.19970136 -0.21083176]
958.7822253704071,1001,False,6,2,[ 8.06730049 -3.13251977  3.99925104],cruising,[-0.48080528  0.59740651 -0.20557775]
958.7822253704071,1002,False,0,4,[2.8924033  8.58335744 1.29670702],waiting,[ 0.5677905  -0.59831228 -0.99408226]
958.7822253704071,1003,False,1,5,[-6.51508526  4.93474461  4.        ],exiting,[ 0.63925976  0.24903542 -0.34837281]
958.7822253704071,1004,False,3,1,[1.86963046 5.30136168 4.00000002],cruising,[-0.62185191  0.08809385  0.93462812]
958.7822253704071,1005,False,2,3,[0.79557747 5.84115522 4.0000123 ],cruising,[ 0.50568378 -0.03156594 -0.11489306]
958.8932771682739,1000,False,4,6,[ 8.12258072 -7.48529961  2.2228763 ],queued,[-0.82138112 -0.19970136 -0.21083176]
958.8932771682739,1001,False,6,2,[ 8.00693329 -3.32319174  3.99936339],cruising,[-0.48080528  0.59740651 -0.20557775]
958.8932771682739,1002,False,0,4,[2.8924033  8.58335744 1.29670702],waiting,[ 0.5677905  -0.59831228 -0.99408226]
958.8932771682739,1003,False,1,5,[-6.57642655  5.04521016  4.        ],exiting,[ 0.63925976  0.24903542 -0.34837281]
958.8932771682739,1004,False,3,1,[2.05645991 5.22998412 4.00000002],cruising,[-0.62185191  0.08809385  0.93462812]
958.8932771682739,1005,False,2,3,[0.96849466 5.74065823 4.00001045],cruising,[ 0.50568378 -0.03156594 -0.11489306]
958.9898889064789,1000,False,4,6,[ 8.12258072 -7.48529961  2.2978763 ],queued,[-0.82138112 -0.19970136 -0.21083176]
958.9898889064789,1001,False,6,2,[ 7.93728734 -3.51067358  3.99945888],cruising,[-0.48080528  0.59740651 -0.20557775]
958.9898889064789,1002,False,0,4,[2.8924033  8.58335744 1.29670702],waiting,[ 0.5677905  -0.59831228 -0.99408226]
958.9898889064789,1003,False,1,5,[-6.63861203  5.13569353  4.        ],exiting,[ 0.63925976  0.24903542 -0.34837281]
958.9898889064789,1004,False,3,1,[2.24563061 5.16506535 4.00000002],cruising,[-0.62185191  0.08809385  0.93462812]
958.9898889064789,1005,False,2,3,[1.14377238 5.6443373  4.00000888],cruising,[ 0.50568378 -0.03156594 -0.11489306]
959.080249786377,1000,False,4,6,[ 8.12258072 -7.48529961  2.3728763 ],queued,[-0.82138112 -0.19970136 -0.21083176]
959.080249786377,1001,False,6,2,[ 7.85729547 -3.69398016  3.99954005],cruising,[-0.48080528  0.59740651 -0.20557775]
959.080249786377,1002,False,0,4,[2.8924033  8.58335744 1.29670702],queued,[ 0.5677905  -0.59831228 -0.99408226]
959.080249786377,1003,False,1,5,[-6.70154574  5.21340677  4.        ],exiting,[ 0.63925976  0.24903542 -0.34837281]
959.080249786377,1004,False,3,1,[2.43939954 5.1155315  4.00000001],cruising,[-0.62185191  0.08809385  0.93462812]
959.080249786377,1005,False,2,3,[1.3208444  5.55135611 4.00000755],cruising,[ 0.50568378 -0.03156594 -0.11489306]
959.1911416053772,1000,False,4,6,[ 8.12258072 -7.48529961  2.4478763 ],entering,[-0.82138112 -0.19970136 -0.21083176]
959.1911416053772,1001,False,6,2,[ 7.76539556 -3.87161576  3.99960904],cruising,[-0.48080528  0.59740651 -0.20557775]
959.1911416053772,1002,False,0,4,[2.8924033  8.58335744 1.31670702],queued,[ 0.5677905  -0.59831228 -0.99408226]
959.1911416053772,1003,False,1,5,[-6.76447946  5.29112001  4.        ],exiting,[ 0.63925976  0.24903542 -0.34837281]
959.1911416053772,1004,False,3,1,[2.63515959 5.07456809 4.00000001],cruising,[-0.62185191  0.08809385  0.93462812]
959.1911416053772,1005,False,2,3,[1.49992636 5.46230753 4.00000642],cruising,[ 0.50568378 -0.03156594 -0.11489306]
959.2794418334961,1000,False,4,6,[ 8.11109192 -7.46892868  2.5228763 ],entering,[-0.82138112 -0.19970136 -0.21083176]
959.2794418334961,1001,False,6,2,[ 7.65946889 -4.04126109  3.99966768],cruising,[-0.48080528  0.59740651 -0.20557775]
959.2794418334961,1002,False,0,4,[2.8924033  8.58335744 1.35670702],queued,[ 0.5677905  -0.59831228 -0.99408226]
959.2794418334961,1003,False,1,5,[-6.82741317  5.36883325  4.        ],exiting,[ 0.63925976  0.24903542 -0.34837281]
959.2794418334961,1004,False,3,1,[2.83229239 5.04082407 4.00000001],cruising,[-0.62185191  0.08809385  0.93462812]
959.2794418334961,1005,False,2,3,[1.68223474 5.38006609 4.00000546],cruising,[ 0.50568378 -0.03156594 -0.11489306]
959.3885927200317,1000,False,4,6,[ 8.08811431 -7.43618682  2.5978763 ],entering,[-0.82138112 -0.19970136 -0.21083176]
959.3885927200317,1001,False,6,2,[ 7.53713832 -4.19946476  3.99971768],cruising,[-0.48080528  0.59740651 -0.20557775]
959.3885927200317,1002,False,0,4,[2.8924033  8.58335744 1.41670702],queued,[ 0.5677905  -0.59831228 -0.99408226]
959.3885927200317,1003,False,1,5,[-6.89034688  5.4465465   4.        ],exiting,[ 0.63925976  0.24903542 -0.34837281]
959.3885927200317,1004,False,3,1,[3.03035281 5.01303785 4.00000001],cruising,[-0.62185191  0.08809385  0.93462812]
959.3885927200317,1005,False,2,3,[1.86673677 5.30287153 4.00000464],cruising,[ 0.50568378 -0.03156594 -0.11489306]
959.4825282096863,1000,False,4,6,[ 8.05364789 -7.38707403  2.6728763 ],entering,[-0.82138112 -0.19970136 -0.21083176]
959.4825282096863,1001,False,6,2,[ 7.39982533 -4.34441976  3.99976192],cruising,[-0.48080528  0.59740651 -0.20557775]
959.4825282096863,1002,False,0,4,[2.8924033  8.58335744 1.49170702],queued,[ 0.5677905  -0.59831228 -0.99408226]
959.4825282096863,1003,False,1,5,[-6.95328059  5.52425974  4.        ],exiting,[ 0.63925976  0.24903542 -0.34837281]
959.4825282096863,1004,False,3,1,[3.22902847 4.99006003 4.00000001],cruising,[-0.62185191  0.08809385  0.93462812]
959.4825282096863,1005,False,2,3,[2.05354001 5.23142538 4.00000394],cruising,[ 0.50568378 -0.03156594 -0.11489306]
959.5817918777466,1000,False,4,6,[ 8.00769266 -7.32159032  2.7478763 ],entering,[-0.82138112 -0.19970136 -0.21083176]
959.5817918777466,1001,False,6,2,[ 7.24996196 -4.47380273  3.99980313],cruising,[-0.48080528  0.59740651 -0.20557775]
959.5817918777466,1002,False,0,4,[2.8924033  8.58335744 1.56670702],queued,[ 0.5677905  -0.59831228 -0.99408226]
959.5817918777466,1003,False,1,5,[-7.0162143   5.60197298  4.        ],exiting,[ 0.63925976  0.24903542 -0.34837281]
959.5817918777466,1004,False,3,1,[3.42810453 4.97085787 4.00000001],cruising,[-0.62185191  0.08809385  0.93462812]
959.5817918777466,1005,False,2,3,[2.24268482 5.16643122 4.00000335],cruising,[ 0.50568378 -0.03156594 -0.11489306]
959.6853849887848,1000,False,4,6,[ 7.95024863 -7.23973567  2.8228763 ],entering,[-0.82138112 -0.19970136 -0.21083176]
959.6853849887848,1001,False,6,2,[ 7.08945175 -4.58625512  3.99984132],cruising,[-0.48080528  0.59740651 -0.20557775]
959.6853849887848,1002,False,0,4,[2.8924033  8.58335744 1.64170702],queued,[ 0.5677905  -0.59831228 -0.99408226]
959.6853849887848,1003,False,1,5,[-7.07914801  5.67968622  4.        ],exiting,[ 0.63925976  0.24903542 -0.34837281]
959.6853849887848,1004,False,3,1,[3.62743519 4.95450897 4.00000001],cruising,[-0.62185191  0.08809385  0.93462812]
959.6853849887848,1005,False,2,3,[2.43642572 5.11678785 4.00000285],cruising,[ 0.50568378 -0.03156594 -0.11489306]
959.7922103404999,1000,False,4,6,[ 7.8813158  -7.14151009  2.8978763 ],entering,[-0.82138112 -0.19970136 -0.21083176]
959.7922103404999,1001,False,6,2,[ 6.92034794 -4.68064789  3.99987645],cruising,[-0.48080528  0.59740651 -0.20557775]
959.7922103404999,1002,False,0,4,[2.8924033  8.58335744 1.71670702],queued,[ 0.5677905  -0.59831228 -0.99408226]
959.7922103404999,1003,False,1,5,[-7.14208173  5.75739946  4.        ],exiting,[ 0.63925976  0.24903542 -0.34837281]
959.7922103404999,1004,False,3,1,[3.82692187 4.94018892 4.        ],cruising,[-0.62185191  0.08809385  0.93462812]
959.7922103404999,1005,False,2,3,[2.63216146 5.07570842 4.00000242],cruising,[ 0.50568378 -0.03156594 -0.11489306]
959.8805131912231,1000,False,4,6,[ 7.80098623 -7.02684935  2.9728763 ],entering,[-0.82138112 -0.19970136 -0.21083176]
959.8805131912231,1001,False,6,2,[ 6.74479761 -4.75610808  3.99990845],cruising,[-0.48080528  0.59740651 -0.20557775]
959.8805131912231,1002,False,0,4,[2.8924033  8.58335744 1.79170702],queued,[ 0.5677905  -0.59831228 -0.99408226]
959.8805131912231,1003,False,1,5,[-7.20501544  5.8351127   4.        ],exiting,[ 0.63925976  0.24903542 -0.34837281]
959.8805131912231,1004,False,3,1,[4.02649679 4.92715611 4.        ],cruising,[-0.62185191  0.08809385  0.93462812]
959.8805131912231,1005,False,2,3,[2.82927431 5.04184807 4.00000206],cruising,[ 0.50568378 -0.03156594 -0.11489306]
959.9817373752594,1000,False,4,6,[ 7.70845867 -6.89633904  3.0478763 ],entering,[-0.82138112 -0.19970136 -0.21083176]
959.9817373752594,1001,False,6,2,[ 6.56498883 -4.81202689  3.99993726],cruising,[-0.48080528  0.59740651 -0.20557775]
959.9817373752594,1002,False,0,4,[2.8924033  8.58335744 1.86670702],queued,[ 0.5677905  -0.59831228 -0.99408226]
959.9817373752594,1003,False,1,5,[-7.26794915  5.91282595  4.        ],exiting,[ 0.63925976  0.24903542 -0.34837281]
959.9817373752594,1004,False,3,1,[4.2260857  4.91433945 4.        ],cruising,[-0.62185191  0.08809385  0.93462812]
959.9817373752594,1005,False,2,3,[3.02731893 5.01394953 4.00000175],cruising,[ 0.50568378 -0.03156594 -0.11489306]
960.0796151161194,1000,False,4,6,[ 7.60302067 -6.7505539   3.1228763 ],entering,[-0.82138112 -0.19970136 -0.21083176]
960.0796151161194,1001,False,6,2,[ 6.38313296 -4.84805074  3.99996278],cruising,[-0.48080528  0.59740651 -0.20557775]
960.0796151161194,1002,False,0,4,[2.8924033  8.58335744 1.94170702],queued,[ 0.5677905  -0.59831228 -0.99408226]
960.0796151161194,1003,False,1,5,[-7.33088286  5.99053919  4.        ],exiting,[ 0.63925976  0.24903542 -0.34837281]
960.0796151161194,1004,False,3,1,[4.42569973 4.90192026 4.        ],cruising,[-0.62185191  0.08809385  0.93462812]
960.0796151161194,1005,False,2,3,[3.22598237 4.99086627 4.00000149],cruising,[ 0.50568378 -0.03156594 -0.11489306]
960.1878831386566,1000,False,4,6,[ 7.48459026 -6.58956357  3.1978763 ],entering,[-0.82138112 -0.19970136 -0.21083176]
960.1878831386566,1001,False,6,2,[ 6.20061472 -4.86408556  3.9999847 ],cruising,[-0.48080528  0.59740651 -0.20557775]
960.1878831386566,1002,False,0,4,[2.8924033  8.58335744 2.01670702],queued,[ 0.5677905  -0.59831228 -0.99408226]
960.1878831386566,1003,False,1,5,[-7.39381657  6.06825243  4.        ],exiting,[ 0.63925976  0.24903542 -0.34837281]
960.1878831386566,1004,False,3,1,[4.62529498 4.88920263 4.        ],cruising,[-0.62185191  0.08809385  0.93462812]
960.1878831386566,1005,False,2,3,[3.42504908 4.9715674  4.00000126],cruising,[ 0.50568378 -0.03156594 -0.11489306]
960.2793004512787,1000,False,4,6,[ 7.36572771 -6.42871677  3.2728763 ],entering,[-0.82138112 -0.19970136 -0.21083176]
960.2793004512787,1001,False,6,2,[ 6.01889357 -4.86013628  4.00000295],cruising,[-0.48080528  0.59740651 -0.20557775]
960.2793004512787,1002,False,0,4,[2.8924033  8.58335744 2.09170702],queued,[ 0.5677905  -0.59831228 -0.99408226]
960.2793004512787,1003,False,1,5,[-7.45675029  6.14596567  4.        ],exiting,[ 0.63925976  0.24903542 -0.34837281]
960.2793004512787,1004,False,3,1,[4.82482756 4.87553696 4.        ],cruising,[-0.62185191  0.08809385  0.93462812]
960.2793004512787,1005,False,2,3,[3.6243726  4.9551316  4.00000107],cruising,[ 0.50568378 -0.03156594 -0.11489306]
960.379296541214,1000,False,4,6,[ 7.24318341 -6.27065699  3.3478763 ],entering,[-0.82138112 -0.19970136 -0.21083176]
960.379296541214,1001,False,6,2,[ 5.83916107 -4.8362861   4.00001741],cruising,[-0.48080528  0.59740651 -0.20557775]
960.379296541214,1002,False,0,4,[2.8924033  8.58335744 2.16670702],queued,[ 0.5677905  -0.59831228 -0.99408226]
960.379296541214,1003,False,1,5,[-7.519684    6.22367891  4.        ],exiting,[ 0.63925976  0.24903542 -0.34837281]
960.379296541214,1004,False,3,1,[5.02424624 4.86029918 4.        ],cruising,[-0.62185191  0.08809385  0.93462812]
960.379296541214,1005,False,2,3,[3.82385377 4.94073502 4.00000091],cruising,[ 0.50568378 -0.03156594 -0.11489306]
960.4798741340637,1000,False,4,6,[ 7.12170988 -6.11177281  3.4228763 ],entering,[-0.82138112 -0.19970136 -0.21083176]
960.4798741340637,1001,False,6,2,[ 5.66195459 -4.79259609  4.00002778],cruising,[-0.48080528  0.59740651 -0.20557775]
960.4798741340637,1002,False,0,4,[2.8924033  8.58335744 2.24170702],queued,[ 0.5677905  -0.59831228 -0.99408226]
960.4798741340637,1003,False,1,5,[-7.58261771  6.30139215  4.        ],exiting,[ 0.63925976  0.24903542 -0.34837281]
960.4798741340637,1004,False,3,1,[5.22357602 4.84393959 4.        ],cruising,[-0.62185191  0.08809385  0.93462812]
960.4798741340637,1005,False,2,3,[4.02342437 4.92763631 4.00000078],cruising,[ 0.50568378 -0.03156594 -0.11489306]
960.5831100940704,1000,False,4,6,[ 6.99468514 -5.95729073  3.4978763 ],entering,[-0.82138112 -0.19970136 -0.21083176]
960.5831100940704,1001,False,6,2,[ 5.48800932 -4.72917376  4.00003392],cruising,[-0.48080528  0.59740651 -0.20557775]
960.5831100940704,1002,False,0,4,[2.8924033  8.58335744 2.31670702],queued,[ 0.5677905  -0.59831228 -0.99408226]
960.5831100940704,1003,False,1,5,[-7.64555142  6.3791054   4.        ],exiting,[ 0.63925976  0.24903542 -0.34837281]
960.5831100940704,1004,False,3,1,[5.42266333 4.82485443 4.        ],cruising,[-0.62185191  0.08809385  0.93462812]
960.5831100940704,1005,False,2,3,[4.22300981 4.91476572 4.00000066],cruising,[ 0.50568378 -0.03156594 -0.11489306]
960.6880400180817,1000,False,4,6,[ 6.86661179 -5.80367687  3.5728763 ],entering,[-0.82138112 -0.19970136 -0.21083176]
960.6880400180817,1001,False,6,2,[ 5.31712629 -4.64598725  4.00003536],cruising,[-0.48080528  0.59740651 -0.20557775]
960.6880400180817,1002,False,0,4,[2.8924033  8.58335744 2.39170702],entering,[ 0.5677905  -0.59831228 -0.99408226]
960.6880400180817,1003,False,1,5,[-7.70848513  6.45681864  4.        ],exiting,[ 0.63925976  0.24903542 -0.34837281]
960.6880400180817,1004,False,3,1,[5.62139568 4.80237209 4.        ],cruising,[-0.62185191  0.08809385  0.93462812]
960.6880400180817,1005,False,2,3,[4.42262106 4.90230184 4.00000056],cruising,[ 0.50568378 -0.03156594 -0.11489306]
960.7924542427063,1000,False,4,6,[ 6.73692298 -5.65142441  3.63694486],entering,[-0.82138112 -0.19970136 -0.21083176]
960.7924542427063,1001,False,6,2,[ 5.14877887 -4.54296212  4.00003166],cruising,[-0.48080528  0.59740651 -0.20557775]
960.7924542427063,1002,False,0,4,[2.88879322 8.56368596 2.46670702],entering,[ 0.5677905  -0.59831228 -0.99408226]
960.7924542427063,1003,False,1,5,[-7.77141884  6.53453188  4.        ],exiting,[ 0.63925976  0.24903542 -0.34837281]
960.7924542427063,1004,False,3,1,[5.81962028 4.7757825  4.        ],cruising,[-0.62185191  0.08809385  0.93462812]
960.7924542427063,1005,False,2,3,[4.62221406 4.88954898 4.00000048],cruising,[ 0.50568378 -0.03156594 -0.11489306]
960.8797278404236,1000,False,4,6,[ 6.60014208 -5.5055101   3.69140313],entering,[-0.82138112 -0.19970136 -0.21083176]
960.8797278404236,1001,False,6,2,[ 4.97685535 -4.44077452  4.00002691],cruising,[-0.48080528  0.59740651 -0.20557775]
960.8797278404236,1002,False,0,4,[2.8815976  8.5243385  2.54170702],entering,[ 0.5677905  -0.59831228 -0.99408226]
960.8797278404236,1003,False,1,5,[-7.83435256  6.61224512  4.        ],exiting,[ 0.63925976  0.24903542 -0.34837281]
960.8797278404236,1004,False,3,1,[6.01712967 4.74431756 4.        ],cruising,[-0.62185191  0.08809385  0.93462812]
960.8797278404236,1005,False,2,3,[4.82174488 4.87585764 4.00000041],cruising,[ 0.50568378 -0.03156594 -0.11489306]
960.9923968315125,1000,False,4,6,[ 6.45863715 -5.36417236  3.73769266],entering,[-0.82138112 -0.19970136 -0.21083176]
960.9923968315125,1001,False,6,2,[ 4.80211281 -4.34348607  4.00002287],cruising,[-0.48080528  0.59740651 -0.20557775]
960.9923968315125,1002,False,0,4,[2.87106273 8.46527178 2.61670702],entering,[ 0.5677905  -0.59831228 -0.99408226]
960.9923968315125,1003,False,1,5,[-7.89728627  6.68995836  4.        ],exiting,[ 0.63925976  0.24903542 -0.34837281]
960.9923968315125,1004,False,3,1,[6.21364239 4.70713224 4.        ],cruising,[-0.62185191  0.08809385  0.93462812]
960.9923968315125,1005,False,2,3,[5.02116233 4.86060389 4.00000034],cruising,[ 0.50568378 -0.03156594 -0.11489306]
961.0921719074249,1000,False,4,6,[ 6.31496391 -5.22503933  3.77703876],entering,[-0.82138112 -0.19970136 -0.21083176]
961.0921719074249,1001,False,6,2,[ 4.62422935 -4.25206684  4.00001944],cruising,[-0.48080528  0.59740651 -0.20557775]
961.0921719074249,1002,False,0,4,[2.85736493 8.38645674 2.69170702],entering,[ 0.5677905  -0.59831228 -0.99408226]
961.0921719074249,1003,False,1,5,[-7.96021998  6.7676716   4.        ],exiting,[ 0.63925976  0.24903542 -0.34837281]
961.0921719074249,1004,False,3,1,[6.40877724 4.66328714 4.        ],cruising,[-0.62185191  0.08809385  0.93462812]
961.0921719074249,1005,False,2,3,[5.22049133 4.84423465 4.00000029],cruising,[ 0.50568378 -0.03156594 -0.11489306]
961.1831588745117,1000,False,4,6,[ 6.1643803  -5.09341648  3.81048295],entering,[-0.82138112 -0.19970136 -0.21083176]
961.1831588745117,1001,False,6,2,[ 4.44477795 -4.16376511  4.00001652],cruising,[-0.48080528  0.59740651 -0.20557775]
961.1831588745117,1002,False,0,4,[2.84074258 8.28785669 2.76670702],entering,[ 0.5677905  -0.59831228 -0.99408226]
961.1831588745117,1003,False,1,5,[-8.02315369  6.84538485  4.        ],exiting,[ 0.63925976  0.24903542 -0.34837281]
961.1831588745117,1004,False,3,1,[6.60201884 4.61173441 4.        ],cruising,[-0.62185191  0.08809385  0.93462812]
961.1831588745117,1005,False,2,3,[5.41957864 4.82514946 4.00000025],cruising,[ 0.50568378 -0.03156594 -0.11489306]
961.2940697669983,1000,False,4,6,[ 6.00676144 -4.97030557  3.8389105 ],entering,[-0.82138112 -0.19970136 -0.21083176]
961.2940697669983,1001,False,6,2,[ 4.26347651 -4.07932705  4.00001405],cruising,[-0.48080528  0.59740651 -0.20557775]
961.2940697669983,1002,False,0,4,[2.82212291 8.16935661 2.84170702],entering,[ 0.5677905  -0.59831228 -0.99408226]
961.2940697669983,1003,False,1,5,[-8.0860874   6.92309809  4.        ],exiting,[ 0.63925976  0.24903542 -0.34837281]
961.2940697669983,1004,False,3,1,[6.792673   4.55131099 4.        ],cruising,[-0.62185191  0.08809385  0.93462812]
961.2940697669983,1005,False,2,3,[5.6183121  4.80267701 4.00000021],cruising,[ 0.50568378 -0.03156594 -0.11489306]
961.386677980423,1000,False,4,6,[ 5.84537764 -4.85217315  3.86307393],cruising,[-0.82138112 -0.19970136 -0.21083176]
961.386677980423,1001,False,6,2,[ 4.08131592 -3.99675877  4.00001194],cruising,[-0.48080528  0.59740651 -0.20557775]
961.386677980423,1002,False,0,4,[2.80268498 8.03087328 2.91670702],entering,[ 0.5677905  -0.59831228 -0.99408226]
961.386677980423,1003,False,1,5,[-8.14902111  7.00081133  4.        ],exiting,[ 0.63925976  0.24903542 -0.34837281]
961.386677980423,1004,False,3,1,[6.97981063 4.48074537 4.        ],cruising,[-0.62185191  0.08809385  0.93462812]
961.386677980423,1005,False,2,3,[5.81653941 4.77610758 4.00000018],cruising,[ 0.50568378 -0.03156594 -0.11489306]
961.4942648410797,1000,False,4,6,[ 5.67759055 -4.74332696  3.88361284],cruising,[-0.82138112 -0.19970136 -0.21083176]
961.4942648410797,1001,False,6,2,[ 3.89804509 -3.91668503  4.00001015],cruising,[-0.48080528  0.59740651 -0.20557775]
961.4942648410797,1002,False,0,4,[2.78420882 7.87241309 2.99170702],entering,[ 0.5677905  -0.59831228 -0.99408226]
961.4942648410797,1003,False,1,5,[-8.21195483  7.07852457  4.        ],exiting,[ 0.63925976  0.24903542 -0.34837281]
961.4942648410797,1004,False,3,1,[7.16220188 4.39868786 4.        ],cruising,[-0.62185191  0.08809385  0.93462812]
961.4942648410797,1005,False,2,3,[6.01405371 4.74467353 4.00000015],cruising,[ 0.50568378 -0.03156594 -0.11489306]
961.5915796756744,1000,False,4,6,[ 5.50651571 -4.63972485  3.90107091],cruising,[-0.82138112 -0.19970136 -0.21083176]
961.5915796756744,1001,False,6,2,[ 3.71424719 -3.83782865  4.00000863],cruising,[-0.48080528  0.59740651 -0.20557775]
961.5915796756744,1002,False,0,4,[2.76829135 7.69411725 3.06670702],entering,[ 0.5677905  -0.59831228 -0.99408226]
961.5915796756744,1003,False,1,5,[-8.27488854  7.15623781  4.        ],exiting,[ 0.63925976  0.24903542 -0.34837281]
961.5915796756744,1004,False,3,1,[7.33824756 4.30377781 4.        ],cruising,[-0.62185191  0.08809385  0.93462812]
961.5915796756744,1005,False,2,3,[6.2105744  4.70753033 4.00000013],cruising,[ 0.50568378 -0.03156594 -0.11489306]
961.6873915195465,1000,False,4,6,[ 5.33095522 -4.54392029  3.91591028],cruising,[-0.82138112 -0.19970136 -0.21083176]
961.6873915195465,1001,False,6,2,[ 3.52973658 -3.76065458  4.00000733],cruising,[-0.48080528  0.59740651 -0.20557775]
961.6873915195465,1002,False,0,4,[2.76251581 7.49858362 3.14170702],entering,[ 0.5677905  -0.59831228 -0.99408226]
961.6873915195465,1003,False,1,5,[-8.33782225  7.23395105  4.        ],exiting,[ 0.63925976  0.24903542 -0.34837281]
961.6873915195465,1004,False,3,1,[7.5059248  4.19476247 4.        ],cruising,[-0.62185191  0.08809385  0.93462812]
961.6873915195465,1005,False,2,3,[6.40572135 4.66373915 4.00000011],cruising,[ 0.50568378 -0.03156594 -0.11489306]
961.7802414894104,1000,False,4,6,[ 5.15338626 -4.45189167  3.92852373],cruising,[-0.82138112 -0.19970136 -0.21083176]
961.7802414894104,1001,False,6,2,[ 3.34479724 -3.68451366  4.00000623],cruising,[-0.48080528  0.59740651 -0.20557775]
961.7802414894104,1002,False,0,4,[2.76754635 7.2986469  3.21670702],entering,[ 0.5677905  -0.59831228 -0.99408226]
961.7802414894104,1003,False,1,5,[-8.40075596  7.3116643   4.        ],landing,[ 0.63925976  0.24903542 -0.34837281]
961.7802414894104,1004,False,3,1,[7.66156184 4.06977735 4.        ],cruising,[-0.62185191  0.08809385  0.93462812]
961.7802414894104,1005,False,2,3,[6.59898064 4.61225275 4.00000009],cruising,[ 0.50568378 -0.03156594 -0.11489306]
961.888934135437,1000,False,4,6,[ 4.9730792  -4.36535057  3.93924517],cruising,[-0.82138112 -0.19970136 -0.21083176]
961.888934135437,1001,False,6,2,[ 3.1593542  -3.60960784  4.0000053 ],cruising,[-0.48080528  0.59740651 -0.20557775]
961.888934135437,1002,False,0,4,[2.78617039 7.09951592 3.29170702],entering,[ 0.5677905  -0.59831228 -0.99408226]
961.888934135437,1003,False,1,5,[-8.45261771  7.38093171  3.98564452],landing,[ 0.63925976  0.24903542 -0.34837281]
961.888934135437,1004,False,3,1,[7.80376908 3.92997197 4.        ],cruising,[-0.62185191  0.08809385  0.93462812]
961.888934135437,1005,False,2,3,[6.7896599  4.55190857 4.00000008],cruising,[ 0.50568378 -0.03156594 -0.11489306]
961.9930279254913,1000,False,4,6,[ 4.79176765 -4.28093421  3.9483584 ],cruising,[-0.82138112 -0.19970136 -0.21083176]
961.9930279254913,1001,False,6,2,[ 2.97341003 -3.53595485  4.0000045 ],cruising,[-0.48080528  0.59740651 -0.20557775]
961.9930279254913,1002,False,0,4,[2.82166211 6.90269027 3.36670702],entering,[ 0.5677905  -0.59831228 -0.99408226]
961.9930279254913,1003,False,1,5,[-8.49332526  7.44159374  3.95709288],landing,[ 0.63925976  0.24903542 -0.34837281]
961.9930279254913,1004,False,3,1,[7.93108523 3.77681535 4.        ],cruising,[-0.62185191  0.08809385  0.93462812]
961.9930279254913,1005,False,2,3,[6.97683237 4.48143543 4.00000007],cruising,[ 0.50568378 -0.03156594 -0.11489306]
962.0914962291718,1000,False,4,6,[ 4.6095752  -4.19843625  3.95610464],cruising,[-0.82138112 -0.19970136 -0.21083176]
962.0914962291718,1001,False,6,2,[ 2.78687456 -3.46381249  4.00000383],cruising,[-0.48080528  0.59740651 -0.20557775]
962.0914962291718,1002,False,0,4,[2.86909443 6.70839622 3.44170702],entering,[ 0.5677905  -0.59831228 -0.99408226]
962.0914962291718,1003,False,1,5,[-8.52278193  7.49346035  3.91453916],landing,[ 0.63925976  0.24903542 -0.34837281]
962.0914962291718,1004,False,3,1,[8.04216205 3.61198466 4.        ],cruising,[-0.62185191  0.08809385  0.93462812]
962.0914962291718,1005,False,2,3,[7.1592711  4.39948354 4.00000006],cruising,[ 0.50568378 -0.03156594 -0.11489306]
962.1885077953339,1000,False,4,6,[ 4.42608682 -4.11886231  3.96268894],cruising,[-0.82138112 -0.19970136 -0.21083176]
962.1885077953339,1001,False,6,2,[ 2.59986145 -3.39291753  4.00000325],cruising,[-0.48080528  0.59740651 -0.20557775]
962.1885077953339,1002,False,0,4,[2.93270603 6.51878197 3.51670702],entering,[ 0.5677905  -0.59831228 -0.99408226]
962.1885077953339,1003,False,1,5,[-8.54085395  7.53626382  3.85826504],landing,[ 0.63925976  0.24903542 -0.34837281]
962.1885077953339,1004,False,3,1,[8.13564294 3.43764694 4.        ],cruising,[-0.62185191  0.08809385  0.93462812]
962.1885077953339,1005,False,2,3,[7.33538032 4.30469144 4.00000005],cruising,[ 0.50568378 -0.03156594 -0.11489306]
962.2903735637665,1000,False,4,6,[ 4.24219344 -4.04022881  3.9682856 ],cruising,[-0.82138112 -0.19970136 -0.21083176]
962.2903735637665,1001,False,6,2,[ 2.41206142 -3.32413418  4.00000277],cruising,[-0.48080528  0.59740651 -0.20557775]
962.2903735637665,1002,False,0,4,[3.0090265  6.33391666 3.58920097],entering,[ 0.5677905  -0.59831228 -0.99408226]
962.2903735637665,1003,False,1,5,[-8.54744335  7.56980417  3.78848743],landing,[ 0.63925976  0.24903542 -0.34837281]
962.2903735637665,1004,False,3,1,[8.21089827 3.25507339 4.        ],exiting,[-0.62185191  0.08809385  0.93462812]
962.2903735637665,1005,False,2,3,[7.50314093 4.19580444 4.00000004],cruising,[ 0.50568378 -0.03156594 -0.11489306]
962.3806147575378,1000,False,4,6,[ 4.05753984 -3.96339752  3.97304276],cruising,[-0.82138112 -0.19970136 -0.21083176]
962.3806147575378,1001,False,6,2,[ 2.2233278  -3.25795549  4.00000235],cruising,[-0.48080528  0.59740651 -0.20557775]
962.3806147575378,1002,False,0,4,[3.10078574 6.15623842 3.65120728],entering,[ 0.5677905  -0.59831228 -0.99408226]
962.3806147575378,1003,False,1,5,[-8.54245319  7.59388005  3.70543062],landing,[ 0.63925976  0.24903542 -0.34837281]
962.3806147575378,1004,False,3,1,[8.26712042 3.07864299 4.        ],exiting,[-0.62185191  0.08809385  0.93462812]
962.3806147575378,1005,False,2,3,[7.65887544 4.07093706 4.00000004],cruising,[ 0.50568378 -0.03156594 -0.11489306]
962.4827337265015,1000,False,4,6,[ 3.87267341 -3.88707974  3.97708635],cruising,[-0.82138112 -0.19970136 -0.21083176]
962.4827337265015,1001,False,6,2,[ 2.0339968  -3.19350571  4.000002  ],cruising,[-0.48080528  0.59740651 -0.20557775]
962.4827337265015,1002,False,0,4,[3.20673658 5.98660817 3.70352619],entering,[ 0.5677905  -0.59831228 -0.99408226]
962.4827337265015,1003,False,1,5,[-8.52578717  7.60828768  3.60932775],landing,[ 0.63925976  0.24903542 -0.34837281]
962.4827337265015,1004,False,3,1,[8.30684499 2.91351876 4.        ],exiting,[-0.62185191  0.08809385  0.93462812]
962.4827337265015,1005,False,2,3,[7.80119342 3.93123738 4.00000003],cruising,[ 0.50568378 -0.03156594 -0.11489306]
962.5889530181885,1000,False,4,6,[ 3.68732424 -3.81194198  3.98052339],cruising,[-0.82138112 -0.19970136 -0.21083176]
962.5889530181885,1001,False,6,2,[ 1.84339292 -3.13292385  4.0000017 ],cruising,[-0.48080528  0.59740651 -0.20557775]
962.5889530181885,1002,False,0,4,[3.32789432 5.82751943 3.74825386],entering,[ 0.5677905  -0.59831228 -0.99408226]
962.5889530181885,1003,False,1,5,[-8.50786386  7.62164058  3.51185748],landing,[ 0.63925976  0.24903542 -0.34837281]
962.5889530181885,1004,False,3,1,[8.33150699 2.76155201 4.        ],exiting,[-0.62185191  0.08809385  0.93462812]
962.5889530181885,1005,False,2,3,[7.92863247 3.77817293 4.00000002],cruising,[ 0.50568378 -0.03156594 -0.11489306]
962.682942867279,1000,False,4,6,[ 3.50178083 -3.73728513  3.98344489],cruising,[-0.82138112 -0.19970136 -0.21083176]
962.682942867279,1001,False,6,2,[ 1.65133065 -3.07713779  4.00000144],cruising,[-0.48080528  0.59740651 -0.20557775]
962.682942867279,1002,False,0,4,[3.46324251 5.68027519 3.78601578],entering,[ 0.5677905  -0.59831228 -0.99408226]
962.682942867279,1003,False,1,5,[-8.48994055  7.63499348  3.4143872 ],landing,[ 0.63925976  0.24903542 -0.34837281]
962.682942867279,1004,False,3,1,[8.34194663 2.62364671 4.        ],exiting,[-0.62185191  0.08809385  0.93462812]
962.682942867279,1005,False,2,3,[8.03984311 3.61341922 4.00000002],cruising,[ 0.50568378 -0.03156594 -0.11489306]
962.7854390144348,1000,False,4,6,[ 3.31587703 -3.66353028  3.98592815],cruising,[-0.82138112 -0.19970136 -0.21083176]
962.7854390144348,1001,False,6,2,[ 1.45761679 -3.02738904  4.00000123],cruising,[-0.48080528  0.59740651 -0.20557775]
962.7854390144348,1002,False,0,4,[3.61209062 5.54675422 3.81835334],entering,[ 0.5677905  -0.59831228 -0.99408226]
962.7854390144348,1003,False,1,5,[-8.47201724  7.64834637  3.31691692],landing,[ 0.63925976  0.24903542 -0.34837281]
962.7854390144348,1004,False,3,1,[8.33875401 2.50037567 4.        ],exiting,[-0.62185191  0.08809385  0.93462812]
962.7854390144348,1005,False,2,3,[8.13346756 3.43914049 4.00000002],cruising,[ 0.50568378 -0.03156594 -0.11489306]
962.8934571743011,1000,False,4,6,[ 3.12968446 -3.5905075   3.98803893],cruising,[-0.82138112 -0.19970136 -0.21083176]
962.8934571743011,1001,False,6,2,[ 1.26207871 -2.98537879  4.00000104],cruising,[-0.48080528  0.59740651 -0.20557775]
962.8934571743011,1002,False,0,4,[3.77317425 5.42821934 3.84562042],cruising,[ 0.5677905  -0.59831228 -0.99408226]
962.8934571743011,1003,False,1,5,[-8.45409392  7.66169927  3.21944664],landing,[ 0.63925976  0.24903542 -0.34837281]
962.8934571743011,1004,False,3,1,[8.32243657 2.39219565 4.        ],exiting,[-0.62185191  0.08809385  0.93462812]
962.8934571743011,1005,False,2,3,[8.20908192 3.25616485 4.00000001],cruising,[ 0.50568378 -0.03156594 -0.11489306]
962.9840376377106,1000,False,4,6,[ 2.94315519 -3.51834913  3.98983309],cruising,[-0.82138112 -0.19970136 -0.21083176]
962.9840376377106,1001,False,6,2,[ 1.06463771 -2.95348755  4.00000089],cruising,[-0.48080528  0.59740651 -0.20557775]
962.9840376377106,1002,False,0,4,[3.94474846 5.32544633 3.86877735],cruising,[ 0.5677905  -0.59831228 -0.99408226]
962.9840376377106,1003,False,1,5,[-8.43617061  7.67505217  3.12197636],landing,[ 0.63925976  0.24903542 -0.34837281]
962.9840376377106,1004,False,3,1,[8.29352766 2.29955446 4.        ],exiting,[-0.62185191  0.08809385  0.93462812]
962.9840376377106,1005,False,2,3,[8.26604335 3.06597334 4.00000001],cruising,[ 0.50568378 -0.03156594 -0.11489306]
963.0936040878296,1000,False,4,6,[ 2.75615841 -3.44741109  3.99135813],cruising,[-0.82138112 -0.19970136 -0.21083176]
963.0936040878296,1001,False,6,2,[ 0.86504139 -2.94147983  4.00000075],cruising,[-0.48080528  0.59740651 -0.20557775]
963.0936040878296,1002,False,0,4,[4.12413776 5.23701851 3.88846075],cruising,[ 0.5677905  -0.59831228 -0.99408226]
963.0936040878296,1003,False,1,5,[-8.4182473   7.68840506  3.02450609],landing,[ 0.63925976  0.24903542 -0.34837281]
963.0936040878296,1004,False,3,1,[8.25228508 2.22265748 4.        ],exiting,[-0.62185191  0.08809385  0.93462812]
963.0936040878296,1005,False,2,3,[8.30387561 2.86994449 4.00000001],cruising,[ 0.50568378 -0.03156594 -0.11489306]
963.1885740756989,1000,False,4,6,[ 2.5685471  -3.37811465  3.99265441],cruising,[-0.82138112 -0.19970136 -0.21083176]
963.1885740756989,1001,False,6,2,[ 0.66508907 -2.94584675  4.00000064],cruising,[-0.48080528  0.59740651 -0.20557775]
963.1885740756989,1002,False,0,4,[4.30962933 5.16223297 3.90519164],cruising,[ 0.5677905  -0.59831228 -0.99408226]
963.1885740756989,1003,False,1,5,[-8.40032399  7.70175796  2.92703581],landing,[ 0.63925976  0.24903542 -0.34837281]
963.1885740756989,1004,False,3,1,[8.19897532 2.1617099  4.        ],exiting,[-0.62185191  0.08809385  0.93462812]
963.1885740756989,1005,False,2,3,[8.33291237 2.67206355 4.00000001],cruising,[ 0.50568378 -0.03156594 -0.11489306]
963.2823569774628,1000,False,4,6,[ 2.38049629 -3.31001993  3.99375625],cruising,[-0.82138112 -0.19970136 -0.21083176]
963.2823569774628,1001,False,6,2,[ 0.46558744 -2.95995704  4.00000054],cruising,[-0.48080528  0.59740651 -0.20557775]
963.2823569774628,1002,False,0,4,[4.4993553  5.09895535 3.91941289],cruising,[ 0.5677905  -0.59831228 -0.99408226]
963.2823569774628,1003,False,1,5,[-8.38240068  7.71511086  2.82956553],landing,[ 0.63925976  0.24903542 -0.34837281]
963.2823569774628,1004,False,3,1,[8.13387387 2.11691646 4.        ],exiting,[-0.62185191  0.08809385  0.93462812]
963.2823569774628,1005,False,2,3,[8.36145144 2.47411022 4.00000001],cruising,[ 0.50568378 -0.03156594 -0.11489306]
963.3806791305542,1000,False,4,6,[ 2.19154611 -3.24446209  3.99469281],cruising,[-0.82138112 -0.19970136 -0.21083176]
963.3806791305542,1001,False,6,2,[ 0.26773983 -2.98922002  4.00000046],cruising,[-0.48080528  0.59740651 -0.20557775]
963.3806791305542,1002,False,0,4,[4.69190649 5.04488099 3.93150096],cruising,[ 0.5677905  -0.59831228 -0.99408226]
963.3806791305542,1003,False,1,5,[-8.36447737  7.72846375  2.73209525],landing,[ 0.63925976  0.24903542 -0.34837281]
963.3806791305542,1004,False,3,1,[8.05726594 2.08848153 4.        ],exiting,[-0.62185191  0.08809385  0.93462812]
963.3806791305542,1005,False,2,3,[8.3852022  2.27552547 4.00000001],cruising,[ 0.50568378 -0.03156594 -0.11489306]
963.4906103610992,1000,False,4,6,[ 2.00152137 -3.18208743  3.99548889],cruising,[-0.82138112 -0.19970136 -0.21083176]
963.4906103610992,1001,False,6,2,[ 0.07351517 -3.03693568  4.00000039],cruising,[-0.48080528  0.59740651 -0.20557775]
963.4906103610992,1002,False,0,4,[4.88640805 4.9983069  3.94177581],cruising,[ 0.5677905  -0.59831228 -0.99408226]
963.4906103610992,1003,False,1,5,[-8.34655406  7.74181665  2.63462498],landing,[ 0.63925976  0.24903542 -0.34837281]
963.4906103610992,1004,False,3,1,[7.96944722 2.07660915 4.        ],exiting,[-0.62185191  0.08809385  0.93462812]
963.4906103610992,1005,False,2,3,[8.40801601 2.07683091 4.        ],cruising,[ 0.50568378 -0.03156594 -0.11489306]
963.5881199836731,1000,False,4,6,[ 1.81084707 -3.12172759  3.99616555],cruising,[-0.82138112 -0.19970136 -0.21083176]
963.5881199836731,1001,False,6,2,[-0.11745797 -3.09634324  4.00000033],cruising,[-0.48080528  0.59740651 -0.20557775]
963.5881199836731,1002,False,0,4,[5.0820502  4.95678404 3.95050944],cruising,[ 0.5677905  -0.59831228 -0.99408226]
963.5881199836731,1003,False,1,5,[-8.32863075  7.75516955  2.5371547 ],landing,[ 0.63925976  0.24903542 -0.34837281]
963.5881199836731,1004,False,3,1,[7.87072488 2.08150313 4.        ],exiting,[-0.62185191  0.08809385  0.93462812]
963.5881199836731,1005,False,2,3,[8.42639128 1.87767682 4.        ],cruising,[ 0.50568378 -0.03156594 -0.11489306]
963.6944262981415,1000,False,4,6,[ 1.61868899 -3.06627246  3.99674072],cruising,[-0.82138112 -0.19970136 -0.21083176]
963.6944262981415,1001,False,6,2,[-0.30488944 -3.16612465  4.00000028],cruising,[-0.48080528  0.59740651 -0.20557775]
963.6944262981415,1002,False,0,4,[5.27833009 4.91838869 3.95793303],cruising,[ 0.5677905  -0.59831228 -0.99408226]
963.6944262981415,1003,False,1,5,[-8.31070743  7.76852245  2.43968442],landing,[ 0.63925976  0.24903542 -0.34837281]
963.6944262981415,1004,False,3,1,[7.77094249 2.08809671 4.        ],exiting,[-0.62185191  0.08809385  0.93462812]
963.6944262981415,1005,False,2,3,[8.44361573 1.67841991 4.        ],cruising,[ 0.50568378 -0.03156594 -0.11489306]
963.7901198863983,1000,False,4,6,[ 1.42485663 -3.01698738  3.99722961],cruising,[-0.82138112 -0.19970136 -0.21083176]
963.7901198863983,1001,False,6,2,[-0.48771833 -3.24720237  4.00000024],cruising,[-0.48080528  0.59740651 -0.20557775]
963.7901198863983,1002,False,0,4,[5.47488072 4.88140421 3.96424307],cruising,[ 0.5677905  -0.59831228 -0.99408226]
963.7901198863983,1003,False,1,5,[-8.29278412  7.78187534  2.34221414],landing,[ 0.63925976  0.24903542 -0.34837281]
963.7901198863983,1004,False,3,1,[7.67116011 2.0946903  4.        ],exiting,[-0.62185191  0.08809385  0.93462812]
963.7901198863983,1005,False,2,3,[8.4567695  1.47885293 4.        ],cruising,[ 0.50568378 -0.03156594 -0.11489306]
963.8909475803375,1000,False,4,6,[ 1.22918464 -2.97560534  3.99764517],cruising,[-0.82138112 -0.19970136 -0.21083176]
963.8909475803375,1001,False,6,2,[-0.66713381 -3.33557705  4.00000021],cruising,[-0.48080528  0.59740651 -0.20557775]
963.8909475803375,1002,False,0,4,[5.67173419 4.84606712 3.96960661],cruising,[ 0.5677905  -0.59831228 -0.99408226]
963.8909475803375,1003,False,1,5,[-8.27486081  7.79522824  2.24474386],landing,[ 0.63925976  0.24903542 -0.34837281]
963.8909475803375,1004,False,3,1,[7.57137772 2.10128388 4.        ],exiting,[-0.62185191  0.08809385  0.93462812]
963.8909475803375,1005,False,2,3,[8.46866098 1.27920676 4.        ],cruising,[ 0.50568378 -0.03156594 -0.11489306]
963.99245262146,1000,False,4,6,[ 1.03078771 -2.95033373  3.9979984 ],cruising,[-0.82138112 -0.19970136 -0.21083176]
963.99245262146,1001,False,6,2,[-0.84497696 -3.42707466  4.00000017],cruising,[-0.48080528  0.59740651 -0.20557775]
963.99245262146,1002,False,0,4,[5.86829853 4.80915557 3.97416562],cruising,[ 0.5677905  -0.59831228 -0.99408226]
963.99245262146,1003,False,1,5,[-8.2569375   7.80858114  2.14727359],landing,[ 0.63925976  0.24903542 -0.34837281]
963.99245262146,1004,False,3,1,[7.47159533 2.10787746 4.        ],exiting,[-0.62185191  0.08809385  0.93462812]
963.99245262146,1005,False,2,3,[8.47900934 1.07947466 4.        ],cruising,[ 0.50568378 -0.03156594 -0.11489306]
964.0905442237854,1000,False,4,6,[ 0.83109186 -2.93930787  3.99829864],cruising,[-0.82138112 -0.19970136 -0.21083176]
964.0905442237854,1001,False,6,2,[-1.02410137 -3.51603785  4.00000015],cruising,[-0.48080528  0.59740651 -0.20557775]
964.0905442237854,1002,False,0,4,[6.06429681 4.76934763 3.97804078],cruising,[ 0.5677905  -0.59831228 -0.99408226]
964.0905442237854,1003,False,1,5,[-8.23901419  7.82193403  2.04980331],landing,[ 0.63925976  0.24903542 -0.34837281]
964.0905442237854,1004,False,3,1,[7.37181295 2.11447105 4.        ],exiting,[-0.62185191  0.08809385  0.93462812]
964.0905442237854,1005,False,2,3,[8.48535504 0.87957536 4.        ],cruising,[ 0.50568378 -0.03156594 -0.11489306]
964.1925406455994,1000,False,4,6,[ 0.63115003 -2.94413098  3.99855384],cruising,[-0.82138112 -0.19970136 -0.21083176]
964.1925406455994,1001,False,6,2,[-1.20736508 -3.59612788  4.00000013],cruising,[-0.48080528  0.59740651 -0.20557775]
964.1925406455994,1002,False,0,4,[6.25939883 4.7253567  3.98133466],cruising,[ 0.5677905  -0.59831228 -0.99408226]
964.1925406455994,1003,False,1,5,[-8.22109088  7.83528693  1.95233303],landing,[ 0.63925976  0.24903542 -0.34837281]
964.1925406455994,1004,False,3,1,[7.27203056 2.12106463 4.        ],exiting,[-0.62185191  0.08809385  0.93462812]
964.1925406455994,1005,False,2,3,[8.49022601 0.67963468 4.        ],cruising,[ 0.50568378 -0.03156594 -0.11489306]
964.2911179065704,1000,False,4,6,[ 0.4321262  -2.96386717  3.99877076],cruising,[-0.82138112 -0.19970136 -0.21083176]
964.2911179065704,1001,False,6,2,[-1.39754039 -3.65745012  4.00000011],cruising,[-0.48080528  0.59740651 -0.20557775]
964.2911179065704,1002,False,0,4,[6.45318543 4.67589202 3.98413446],cruising,[ 0.5677905  -0.59831228 -0.99408226]
964.2911179065704,1003,False,1,5,[-8.20316757  7.84863983  1.85486275],landing,[ 0.63925976  0.24903542 -0.34837281]
964.2911179065704,1004,False,3,1,[7.17224817 2.12765821 4.        ],exiting,[-0.62185191  0.08809385  0.93462812]
964.2911179065704,1005,False,2,3,[8.49342589 0.47966028 4.        ],cruising,[ 0.50568378 -0.03156594 -0.11489306]
964.3927931785583,1000,False,4,6,[ 0.2350385  -2.99787361  3.99895515],cruising,[-0.82138112 -0.19970136 -0.21083176]
964.3927931785583,1001,False,6,2,[-1.59147542 -3.69912893  4.00000009],cruising,[-0.48080528  0.59740651 -0.20557775]
964.3927931785583,1002,False,0,4,[6.64510789 4.61962686 3.98651429],cruising,[ 0.5677905  -0.59831228 -0.99408226]
964.3927931785583,1003,False,1,5,[-8.18524425  7.86199272  1.75739247],landing,[ 0.63925976  0.24903542 -0.34837281]
964.3927931785583,1004,False,3,1,[7.07246579 2.1342518  4.        ],exiting,[-0.62185191  0.08809385  0.93462812]
964.3927931785583,1005,False,2,3,[8.49275688 0.2796614  4.        ],cruising,[ 0.50568378 -0.03156594 -0.11489306]
964.4862732887268,1000,False,4,6,[ 0.04073135 -3.04525222  3.99911188],cruising,[-0.82138112 -0.19970136 -0.21083176]
964.4862732887268,1001,False,6,2,[-1.78605574 -3.72081816  4.00000007],cruising,[-0.48080528  0.59740651 -0.20557775]
964.4862732887268,1002,False,0,4,[6.83443916 4.55517787 3.98853715],cruising,[ 0.5677905  -0.59831228 -0.99408226]
964.4862732887268,1003,False,1,5,[-8.16732094  7.87534562  1.6599222 ],landing,[ 0.63925976  0.24903542 -0.34837281]
964.4862732887268,1004,False,3,1,[6.9726834  2.14084538 4.        ],exiting,[-0.62185191  0.08809385  0.93462812]
964.4862732887268,1005,False,2,3,[8.49051438 0.07967398 4.        ],cruising,[ 0.50568378 -0.03156594 -0.11489306]
964.5925216674805,1000,False,4,6,[-0.1490203  -3.10845278  3.9992451 ],cruising,[-0.82138112 -0.19970136 -0.21083176]
964.5925216674805,1001,False,6,2,[-1.97828033 -3.7226466   4.00000006],cruising,[-0.48080528  0.59740651 -0.20557775]
964.5925216674805,1002,False,0,4,[7.02021509 4.48110155 3.99025658],cruising,[ 0.5677905  -0.59831228 -0.99408226]
964.5925216674805,1003,False,1,5,[-8.14939763  7.88869852  1.56245192],landing,[ 0.63925976  0.24903542 -0.34837281]
964.5925216674805,1004,False,3,1,[6.87290101 2.14743896 4.        ],exiting,[-0.62185191  0.08809385  0.93462812]
964.5925216674805,1005,False,2,3,[ 8.48652941 -0.12028632  4.        ],cruising,[ 0.50568378 -0.03156594 -0.11489306]
964.6820237636566,1000,False,4,6,[-0.33534201 -3.18114543  3.99935833],cruising,[-0.82138112 -0.19970136 -0.21083176]
964.6820237636566,1001,False,6,2,[-2.1652501  -3.70517772  4.00000004],cruising,[-0.48080528  0.59740651 -0.20557775]
964.6820237636566,1002,False,0,4,[7.20116724 4.3959175  3.99171809],cruising,[ 0.5677905  -0.59831228 -0.99408226]
964.6820237636566,1003,False,1,5,[-8.13147432  7.90205141  1.46498164],fake_landed,[ 0.63925976  0.24903542 -0.34837281]
964.6820237636566,1004,False,3,1,[6.77311863 2.15403255 4.        ],exiting,[-0.62185191  0.08809385  0.93462812]
964.6820237636566,1005,False,2,3,[ 8.48066582 -0.32020035  4.        ],cruising,[ 0.50568378 -0.03156594 -0.11489306]
964.7877824306488,1000,False,4,6,[-0.5173582  -3.26403153  3.99945458],cruising,[-0.82138112 -0.19970136 -0.21083176]
964.7877824306488,1001,False,6,2,[-2.34463763 -3.66920183  4.00000003],cruising,[-0.48080528  0.59740651 -0.20557775]
964.7877824306488,1002,False,0,4,[7.37565415 4.29817131 3.99296038],cruising,[ 0.5677905  -0.59831228 -0.99408226]
964.7877824306488,1003,False,1,5,[-8.11713567  7.91273373  1.38700542],fake_landed,[ 0.63925976  0.24903542 -0.34837281]
964.7877824306488,1004,False,3,1,[6.67333624 2.16062613 4.        ],exiting,[-0.62185191  0.08809385  0.93462812]
964.7877824306488,1005,False,2,3,[ 8.47077547 -0.51995565  4.        ],cruising,[ 0.50568378 -0.03156594 -0.11489306]
964.8799602985382,1000,False,4,6,[-0.69639323 -3.35317444  3.99953639],cruising,[-0.82138112 -0.19970136 -0.21083176]
964.8799602985382,1001,False,6,2,[-2.51425431 -3.61577513  4.00000001],cruising,[-0.48080528  0.59740651 -0.20557775]
964.8799602985382,1002,False,0,4,[7.53930605 4.18361501 3.99405206],cruising,[ 0.5677905  -0.59831228 -0.99408226]
964.8799602985382,1003,False,1,5,[-8.10638168  7.92074547  1.32852325],fake_landed,[ 0.63925976  0.24903542 -0.34837281]
964.8799602985382,1004,False,3,1,[6.57355386 2.16721971 4.        ],exiting,[-0.62185191  0.08809385  0.93462812]
964.8799602985382,1005,False,2,3,[ 8.45912239 -0.71961588  4.        ],cruising,[ 0.50568378 -0.03156594 -0.11489306]
964.9937751293182,1000,False,4,6,[-0.87438955 -3.44437371  3.99960594],cruising,[-0.82138112 -0.19970136 -0.21083176]
964.9937751293182,1001,False,6,2,[-2.67210701 -3.5461741   4.        ],cruising,[-0.48080528  0.59740651 -0.20557775]
964.9937751293182,1002,False,0,4,[7.69070227 4.05325462 3.99497434],cruising,[ 0.5677905  -0.59831228 -0.99408226]
964.9937751293182,1003,False,1,5,[-8.09921236  7.92608663  1.28953514],fake_landed,[ 0.63925976  0.24903542 -0.34837281]
964.9937751293182,1004,False,3,1,[6.47377147 2.1738133  4.        ],exiting,[-0.62185191  0.08809385  0.93462812]
964.9937751293182,1005,False,2,3,[ 8.44554195 -0.91915427  4.        ],cruising,[ 0.50568378 -0.03156594 -0.11489306]
965.081175327301,1000,False,4,6,[-1.05380432 -3.53274984  3.99966505],cruising,[-0.82138112 -0.19970136 -0.21083176]
965.081175327301,1001,False,6,2,[-2.81651856 -3.4617631   3.99999999],cruising,[-0.48080528  0.59740651 -0.20557775]
965.081175327301,1002,False,0,4,[7.82828432 3.90843223 3.99575713],cruising,[ 0.5677905  -0.59831228 -0.99408226]
965.081175327301,1003,False,1,5,[-8.0956277   7.92875721  1.27004109],fake_landed,[ 0.63925976  0.24903542 -0.34837281]
965.081175327301,1004,False,3,1,[6.37398908 2.18040688 4.        ],exiting,[-0.62185191  0.08809385  0.93462812]
965.081175327301,1005,False,2,3,[ 8.42988934 -1.11854082  4.        ],cruising,[ 0.50568378 -0.03156594 -0.11489306]
965.1926209926605,1000,False,4,6,[-1.23865175 -3.60911364  3.99971529],cruising,[-0.82138112 -0.19970136 -0.21083176]
965.1926209926605,1001,False,6,2,[-2.94603606 -3.36400416  3.99999998],cruising,[-0.48080528  0.59740651 -0.20557775]
965.1926209926605,1002,False,0,4,[7.95022357 3.75114803 3.99646156],cruising,[ 0.5677905  -0.59831228 -0.99408226]
965.1926209926605,1003,False,5,0,[-8.0956277   7.92875721  1.27004109],waiting,[ 0.63925976  0.24903542 -0.34837281]
965.1926209926605,1004,False,3,1,[6.2742067  2.18700046 4.        ],exiting,[-0.62185191  0.08809385  0.93462812]
965.1926209926605,1005,False,2,3,[ 8.40982721 -1.31753206  4.        ],cruising,[ 0.50568378 -0.03156594 -0.11489306]
965.2842876911163,1000,False,4,6,[-1.42990445 -3.66653086  3.9997598 ],cruising,[-0.82138112 -0.19970136 -0.21083176]
965.2842876911163,1001,False,6,2,[-3.05935822 -3.2545102   3.99999997],cruising,[-0.48080528  0.59740651 -0.20557775]
965.2842876911163,1002,False,0,4,[8.05541785 3.5829277  3.99708252],cruising,[ 0.5677905  -0.59831228 -0.99408226]
965.2842876911163,1003,False,5,0,[-8.0956277   7.92875721  1.27004109],waiting,[ 0.63925976  0.24903542 -0.34837281]
965.2842876911163,1004,False,3,1,[6.17442431 2.19359405 4.        ],exiting,[-0.62185191  0.08809385  0.93462812]
965.2842876911163,1005,False,2,3,[ 8.387743   -1.51630904  4.        ],cruising,[ 0.50568378 -0.03156594 -0.11489306]
965.3925671577454,1000,False,4,6,[-1.62431664 -3.70419923  3.99980127],cruising,[-0.82138112 -0.19970136 -0.21083176]
965.3925671577454,1001,False,6,2,[-3.1553859  -3.13497128  3.99999997],cruising,[-0.48080528  0.59740651 -0.20557775]
965.3925671577454,1002,False,0,4,[8.14297625 3.40527507 3.99761617],cruising,[ 0.5677905  -0.59831228 -0.99408226]
965.3925671577454,1003,False,5,0,[-8.0956277   7.92875721  1.27004109],waiting,[ 0.63925976  0.24903542 -0.34837281]
965.3925671577454,1004,False,3,1,[6.07464192 2.20018763 4.        ],exiting,[-0.62185191  0.08809385  0.93462812]
965.3925671577454,1005,False,2,3,[ 8.36343078 -1.71482582  4.        ],cruising,[ 0.50568378 -0.03156594 -0.11489306]
965.4837372303009,1000,False,4,6,[-1.8187096  -3.7218676   3.99984025],cruising,[-0.82138112 -0.19970136 -0.21083176]
965.4837372303009,1001,False,6,2,[-3.23349871 -3.00654093  3.99999996],cruising,[-0.48080528  0.59740651 -0.20557775]
965.4837372303009,1002,False,0,4,[8.2122184  3.21959086 3.99805721],cruising,[ 0.5677905  -0.59831228 -0.99408226]
965.4837372303009,1003,False,5,0,[-8.0956277   7.92875721  1.27004109],waiting,[ 0.63925976  0.24903542 -0.34837281]
965.4837372303009,1004,False,3,1,[5.97485954 2.20678121 4.        ],exiting,[-0.62185191  0.08809385  0.93462812]
965.4837372303009,1005,False,2,3,[ 8.33425995 -1.91268705  4.        ],cruising,[ 0.50568378 -0.03156594 -0.11489306]
965.5928792953491,1000,False,4,6,[-2.01008085 -3.71976556  3.99987691],cruising,[-0.82138112 -0.19970136 -0.21083176]
965.5928792953491,1001,False,6,2,[-3.29332326 -2.87001496  3.99999996],cruising,[-0.48080528  0.59740651 -0.20557775]
965.5928792953491,1002,False,0,4,[8.26262372 3.02718626 3.99839827],cruising,[ 0.5677905  -0.59831228 -0.99408226]
965.5928792953491,1003,False,5,0,[-8.0956277   7.92875721  1.27004109],waiting,[ 0.63925976  0.24903542 -0.34837281]
965.5928792953491,1004,False,3,1,[5.87507715 2.2133748  4.        ],exiting,[-0.62185191  0.08809385  0.93462812]
965.5928792953491,1005,False,2,3,[ 8.30276723 -2.110192    4.        ],cruising,[ 0.50568378 -0.03156594 -0.11489306]
965.6833076477051,1000,False,4,6,[-2.19579728 -3.69847959  3.99991126],cruising,[-0.82138112 -0.19970136 -0.21083176]
965.6833076477051,1001,False,6,2,[-3.33468593 -2.72579746  3.99999996],cruising,[-0.48080528  0.59740651 -0.20557775]
965.6833076477051,1002,False,0,4,[8.30035189 2.83077703 3.99863853],cruising,[ 0.5677905  -0.59831228 -0.99408226]
965.6833076477051,1003,False,5,0,[-8.0956277   7.92875721  1.27004109],waiting,[ 0.63925976  0.24903542 -0.34837281]
965.6833076477051,1004,False,3,1,[5.77529476 2.21996838 4.        ],exiting,[-0.62185191  0.08809385  0.93462812]
965.6833076477051,1005,False,2,3,[ 8.26867285 -2.30726451  4.        ],cruising,[ 0.50568378 -0.03156594 -0.11489306]
965.7845709323883,1000,False,4,6,[-2.37346034 -3.65888671  3.99994323],cruising,[-0.82138112 -0.19970136 -0.21083176]
965.7845709323883,1001,False,6,2,[-3.35751395 -2.57406556  3.99999995],cruising,[-0.48080528  0.59740651 -0.20557775]
965.7845709323883,1002,False,0,4,[8.33200482 2.63329768 3.99884275],cruising,[ 0.5677905  -0.59831228 -0.99408226]
965.7845709323883,1003,False,5,0,[-8.0956277   7.92875721  1.27004109],waiting,[ 0.63925976  0.24903542 -0.34837281]
965.7845709323883,1004,False,3,1,[5.67551238 2.22656196 4.        ],exiting,[-0.62185191  0.08809385  0.93462812]
965.7845709323883,1005,False,2,3,[ 8.2287888  -2.50324732  4.        ],cruising,[ 0.50568378 -0.03156594 -0.11489306]
965.8798289299011,1000,False,4,6,[-2.54088666 -3.60211216  3.99997277],cruising,[-0.82138112 -0.19970136 -0.21083176]
965.8798289299011,1001,False,6,2,[-3.36181071 -2.41481085  3.99999996],cruising,[-0.48080528  0.59740651 -0.20557775]
965.8798289299011,1002,False,0,4,[8.35875541 2.43509474 3.99901633],cruising,[ 0.5677905  -0.59831228 -0.99408226]
965.8798289299011,1003,False,5,0,[-8.0956277   7.92875721  1.27004109],waiting,[ 0.63925976  0.24903542 -0.34837281]
965.8798289299011,1004,False,3,1,[5.57572999 2.23315555 4.        ],landing,[-0.62185191  0.08809385  0.93462812]
965.8798289299011,1005,False,2,3,[ 8.18603707 -2.69862462  4.        ],cruising,[ 0.50568378 -0.03156594 -0.11489306]
965.9796016216278,1000,False,4,6,[-2.69623167 -3.52939894  3.99999973],cruising,[-0.82138112 -0.19970136 -0.21083176]
965.9796016216278,1001,False,6,2,[-3.34789781 -2.24728522  3.99999996],cruising,[-0.48080528  0.59740651 -0.20557775]
965.9796016216278,1002,False,0,4,[8.38453531 2.23676321 3.99916388],cruising,[ 0.5677905  -0.59831228 -0.99408226]
965.9796016216278,1003,False,5,0,[-8.0956277   7.92875721  1.27004109],waiting,[ 0.63925976  0.24903542 -0.34837281]
965.9796016216278,1004,False,3,1,[5.48979427 2.23568877 3.98615141],landing,[-0.62185191  0.08809385  0.93462812]
965.9796016216278,1005,False,2,3,[ 8.13666652 -2.89243522  4.        ],cruising,[ 0.50568378 -0.03156594 -0.11489306]
966.0811626911163,1000,False,4,6,[-2.83787565 -3.44211581  4.000024  ],cruising,[-0.82138112 -0.19970136 -0.21083176]
966.0811626911163,1001,False,6,2,[-3.3168057  -2.06951875  3.99999996],cruising,[-0.48080528  0.59740651 -0.20557775]
966.0811626911163,1002,False,0,4,[8.40572229 2.0378886  3.9992893 ],cruising,[ 0.5677905  -0.59831228 -0.99408226]
966.0811626911163,1003,False,5,0,[-8.0956277   7.92875721  1.27004109],waiting,[ 0.63925976  0.24903542 -0.34837281]
966.0811626911163,1004,False,3,1,[5.41787656 2.23418795 3.95861993],landing,[-0.62185191  0.08809385  0.93462812]
966.0811626911163,1005,False,2,3,[ 8.08390012 -3.08534895  4.        ],cruising,[ 0.50568378 -0.03156594 -0.11489306]
966.1798512935638,1000,False,4,6,[-2.96436052 -3.34178657  4.00004543],cruising,[-0.82138112 -0.19970136 -0.21083176]
966.1798512935638,1001,False,6,2,[-3.27391462 -1.87560346  3.99999997],cruising,[-0.48080528  0.59740651 -0.20557775]
966.1798512935638,1002,False,0,4,[8.42568526 1.83888739 3.99939591],cruising,[ 0.5677905  -0.59831228 -0.99408226]
966.1798512935638,1003,False,5,0,[-8.0956277   7.92875721  1.27004109],waiting,[ 0.63925976  0.24903542 -0.34837281]
966.1798512935638,1004,False,3,1,[5.360177   2.22868495 3.91760412],landing,[-0.62185191  0.08809385  0.93462812]
966.1798512935638,1005,False,2,3,[ 8.02311718 -3.2758888   4.        ],cruising,[ 0.50568378 -0.03156594 -0.11489306]
966.2812566757202,1000,False,4,6,[-3.07445225 -3.23000023  4.00006385],cruising,[-0.82138112 -0.19970136 -0.21083176]
966.2812566757202,1001,False,6,2,[-3.24639306 -1.6775061   3.99999997],cruising,[-0.48080528  0.59740651 -0.20557775]
966.2812566757202,1002,False,0,4,[8.44405565 1.63973286 3.99948652],cruising,[ 0.5677905  -0.59831228 -0.99408226]
966.2812566757202,1003,False,5,0,[-8.0956277   7.92875721  1.27004109],waiting,[ 0.63925976  0.24903542 -0.34837281]
966.2812566757202,1004,False,3,1,[5.31696374 2.21922453 3.863379  ],landing,[-0.62185191  0.08809385  0.93462812]
966.2812566757202,1005,False,2,3,[ 7.95809624 -3.46502441  4.        ],cruising,[ 0.50568378 -0.03156594 -0.11489306]
966.3925461769104,1000,False,4,6,[-3.16705982 -3.10850286  4.00007909],cruising,[-0.82138112 -0.19970136 -0.21083176]
966.3925461769104,1001,False,6,2,[-3.23535445 -1.47781096  3.99999998],cruising,[-0.48080528  0.59740651 -0.20557775]
966.3925461769104,1002,False,0,4,[8.45790891 1.44021322 3.99956354],cruising,[ 0.5677905  -0.59831228 -0.99408226]
966.3925461769104,1003,False,5,0,[-8.0956277   7.92875721  1.27004109],waiting,[ 0.63925976  0.24903542 -0.34837281]
966.3925461769104,1004,False,3,1,[5.28847582 2.20584864 3.79619884],landing,[-0.62185191  0.08809385  0.93462812]
966.3925461769104,1005,False,2,3,[ 7.88286201 -3.65033445  4.        ],cruising,[ 0.50568378 -0.03156594 -0.11489306]
966.4846329689026,1000,False,4,6,[-3.24164608 -2.97833181  4.00009101],cruising,[-0.82138112 -0.19970136 -0.21083176]
966.4846329689026,1001,False,6,2,[-3.240236   -1.27787055  3.99999998],cruising,[-0.48080528  0.59740651 -0.20557775]
966.4846329689026,1002,False,0,4,[8.47025541 1.24059467 3.99962901],cruising,[ 0.5677905  -0.59831228 -0.99408226]
966.4846329689026,1003,False,5,0,[-8.0956277   7.92875721  1.27004109],waiting,[ 0.63925976  0.24903542 -0.34837281]
966.4846329689026,1004,False,3,1,[5.27492406 2.18859597 3.71629538],landing,[-0.62185191  0.08809385  0.93462812]
966.4846329689026,1005,False,2,3,[ 7.79614045 -3.83055479  4.        ],cruising,[ 0.50568378 -0.03156594 -0.11489306]
966.5918009281158,1000,False,4,6,[-3.29795091 -2.84004973  4.00009948],cruising,[-0.82138112 -0.19970136 -0.21083176]
966.5918009281158,1001,False,6,2,[-3.25902681 -1.07875524  3.99999998],cruising,[-0.48080528  0.59740651 -0.20557775]
966.5918009281158,1002,False,0,4,[8.47857387 1.04076774 3.99968466],cruising,[ 0.5677905  -0.59831228 -0.99408226]
966.5918009281158,1003,False,5,0,[-8.0956277   7.92875721  1.27004109],waiting,[ 0.63925976  0.24903542 -0.34837281]
966.5918009281158,1004,False,3,1,[5.27652044 2.16750718 3.62390922],landing,[-0.62185191  0.08809385  0.93462812]
966.5918009281158,1005,False,2,3,[ 7.69611681 -4.00374622  4.        ],cruising,[ 0.50568378 -0.03156594 -0.11489306]
966.6852896213531,1000,False,4,6,[-3.33580914 -2.69403958  4.0001044 ],cruising,[-0.82138112 -0.19970136 -0.21083176]
966.6852896213531,1001,False,6,2,[-3.29145079 -0.88140103  3.99999999],cruising,[-0.48080528  0.59740651 -0.20557775]
966.6852896213531,1002,False,0,4,[8.48542942 0.84088527 3.99973196],cruising,[ 0.5677905  -0.59831228 -0.99408226]
966.6852896213531,1003,False,5,0,[-8.0956277   7.92875721  1.27004109],waiting,[ 0.63925976  0.24903542 -0.34837281]
966.6852896213531,1004,False,3,1,[5.28407333 2.14494759 3.52678035],landing,[-0.62185191  0.08809385  0.93462812]
966.6852896213531,1005,False,2,3,[ 7.58041409 -4.16688077  4.        ],cruising,[ 0.50568378 -0.03156594 -0.11489306]
966.7918605804443,1000,False,4,6,[-3.35510144 -2.54059261  4.0001057 ],cruising,[-0.82138112 -0.19970136 -0.21083176]
966.7918605804443,1001,False,6,2,[-3.33638628 -0.68651439  3.99999999],cruising,[-0.48080528  0.59740651 -0.20557775]
966.7918605804443,1002,False,0,4,[8.49061593 0.64095253 3.99977217],cruising,[ 0.5677905  -0.59831228 -0.99408226]
966.7918605804443,1003,False,5,0,[-8.0956277   7.92875721  1.27004109],waiting,[ 0.63925976  0.24903542 -0.34837281]
966.7918605804443,1004,False,3,1,[5.29162622 2.12238799 3.42965147],landing,[-0.62185191  0.08809385  0.93462812]
966.7918605804443,1005,False,2,3,[ 7.44911145 -4.31749962  4.        ],cruising,[ 0.50568378 -0.03156594 -0.11489306]
966.8910706043243,1000,False,4,6,[-3.35593521 -2.37944613  4.00010327],cruising,[-0.82138112 -0.19970136 -0.21083176]
966.8910706043243,1001,False,6,2,[-3.39117933 -0.49416647  3.99999999],cruising,[-0.48080528  0.59740651 -0.20557775]
966.8910706043243,1002,False,0,4,[8.4939795  0.44098081 3.99980634],cruising,[ 0.5677905  -0.59831228 -0.99408226]
966.8910706043243,1003,False,5,0,[-8.0956277   7.92875721  1.27004109],waiting,[ 0.63925976  0.24903542 -0.34837281]
966.8910706043243,1004,False,3,1,[5.29917911 2.0998284  3.33252259],landing,[-0.62185191  0.08809385  0.93462812]
966.8910706043243,1005,False,2,3,[ 7.30449039 -4.45319804  4.        ],cruising,[ 0.50568378 -0.03156594 -0.11489306]
966.9888005256653,1000,False,4,6,[-3.33871445 -2.20969532  4.00009701],cruising,[-0.82138112 -0.19970136 -0.21083176]
966.9888005256653,1001,False,6,2,[-3.45684691 -0.3052544   3.99999999],cruising,[-0.48080528  0.59740651 -0.20557775]
966.9888005256653,1002,False,0,4,[8.49327262 0.24098206 3.99983539],cruising,[ 0.5677905  -0.59831228 -0.99408226]
966.9888005256653,1003,False,5,0,[-8.0956277   7.92875721  1.27004109],queued,[ 0.63925976  0.24903542 -0.34837281]
966.9888005256653,1004,False,3,1,[5.306732   2.07726881 3.23539372],landing,[-0.62185191  0.08809385  0.93462812]
966.9888005256653,1005,False,2,3,[ 7.1484035  -4.57250943  4.        ],cruising,[ 0.50568378 -0.03156594 -0.11489306]
967.0793392658234,1000,False,4,6,[-3.30472102 -2.0290506   4.00008685],cruising,[-0.82138112 -0.19970136 -0.21083176]
967.0793392658234,1001,False,6,2,[-3.53273874 -0.1202127   3.99999999],cruising,[-0.48080528  0.59740651 -0.20557775]
967.0793392658234,1002,False,0,4,[8.49091806 0.04099592 3.99986008],cruising,[ 0.5677905  -0.59831228 -0.99408226]
967.0793392658234,1003,False,5,0,[-8.0956277   7.92875721  1.29004109],queued,[ 0.63925976  0.24903542 -0.34837281]
967.0793392658234,1004,False,3,1,[5.31428489 2.05470921 3.13826484],landing,[-0.62185191  0.08809385  0.93462812]
967.0793392658234,1005,False,2,3,[ 6.98290677 -4.67417272  4.        ],cruising,[ 0.50568378 -0.03156594 -0.11489306]
967.1926651000977,1000,False,4,6,[-3.26463136 -1.83310975  4.00007383],cruising,[-0.82138112 -0.19970136 -0.21083176]
967.1926651000977,1001,False,6,2,[-3.61629149  0.06149843  3.99999999],exiting,[-0.48080528  0.59740651 -0.20557775]
967.1926651000977,1002,False,0,4,[ 8.48676304 -0.15896091  3.99988107],cruising,[ 0.5677905  -0.59831228 -0.99408226]
967.1926651000977,1003,False,5,0,[-8.0956277   7.92875721  1.33004109],queued,[ 0.63925976  0.24903542 -0.34837281]
967.1926651000977,1004,False,3,1,[5.32183777 2.03214962 3.04113596],landing,[-0.62185191  0.08809385  0.93462812]
967.1926651000977,1005,False,2,3,[ 6.81016525 -4.75719432  4.        ],cruising,[ 0.50568378 -0.03156594 -0.11489306]
967.2916383743286,1000,False,4,6,[-3.24106333 -1.63450323  4.00006275],cruising,[-0.82138112 -0.19970136 -0.21083176]
967.2916383743286,1001,False,6,2,[-3.70041436  0.2232177   3.99999999],exiting,[-0.48080528  0.59740651 -0.20557775]
967.2916383743286,1002,False,0,4,[ 8.47866141 -0.35879675  3.99989891],cruising,[ 0.5677905  -0.59831228 -0.99408226]
967.2916383743286,1003,False,5,0,[-8.0956277   7.92875721  1.39004109],queued,[ 0.63925976  0.24903542 -0.34837281]
967.2916383743286,1004,False,3,1,[5.32939066 2.00959003 2.94400709],landing,[-0.62185191  0.08809385  0.93462812]
967.2916383743286,1005,False,2,3,[ 6.63237938 -4.82086251  4.        ],cruising,[ 0.50568378 -0.03156594 -0.11489306]
967.3848645687103,1000,False,4,6,[-3.23348319 -1.43464693  4.00005334],cruising,[-0.82138112 -0.19970136 -0.21083176]
967.3848645687103,1001,False,6,2,[-3.78494218  0.36494107  4.        ],exiting,[-0.48080528  0.59740651 -0.20557775]
967.3848645687103,1002,False,0,4,[ 8.46886304 -0.55855659  3.99991407],cruising,[ 0.5677905  -0.59831228 -0.99408226]
967.3848645687103,1003,False,5,0,[-8.0956277   7.92875721  1.46504109],queued,[ 0.63925976  0.24903542 -0.34837281]
967.3848645687103,1004,False,3,1,[5.33694355 1.98703044 2.84687821],landing,[-0.62185191  0.08809385  0.93462812]
967.3848645687103,1005,False,2,3,[ 6.45176696 -4.86473144  4.        ],cruising,[ 0.50568378 -0.03156594 -0.11489306]
967.4932088851929,1000,False,4,6,[-3.24146051 -1.23480609  4.00004534],cruising,[-0.82138112 -0.19970136 -0.21083176]
967.4932088851929,1001,False,6,2,[-3.86969145  0.48666566  4.        ],exiting,[-0.48080528  0.59740651 -0.20557775]
967.4932088851929,1002,False,0,4,[ 8.45720079 -0.75821628  3.99992696],cruising,[ 0.5677905  -0.59831228 -0.99408226]
967.4932088851929,1003,False,5,0,[-8.0956277   7.92875721  1.54004109],queued,[ 0.63925976  0.24903542 -0.34837281]
967.4932088851929,1004,False,3,1,[5.34449644 1.96447084 2.74974933],landing,[-0.62185191  0.08809385  0.93462812]
967.4932088851929,1005,False,2,3,[ 6.27050649 -4.88861088  4.        ],cruising,[ 0.50568378 -0.03156594 -0.11489306]
967.5894281864166,1000,False,4,6,[-3.26395226 -1.03607481  4.00003854],cruising,[-0.82138112 -0.19970136 -0.21083176]
967.5894281864166,1001,False,6,2,[-3.95445553  0.58839026  4.        ],exiting,[-0.48080528  0.59740651 -0.20557775]
967.5894281864166,1002,False,0,4,[ 8.44353056 -0.95774854  3.99993792],cruising,[ 0.5677905  -0.59831228 -0.99408226]
967.5894281864166,1003,False,5,0,[-8.0956277   7.92875721  1.61504109],queued,[ 0.63925976  0.24903542 -0.34837281]
967.5894281864166,1004,False,3,1,[5.35204933 1.94191125 2.65262046],landing,[-0.62185191  0.08809385  0.93462812]
967.5894281864166,1005,False,2,3,[ 6.08958067 -4.89249311  4.        ],cruising,[ 0.50568378 -0.03156594 -0.11489306]
967.6804091930389,1000,False,4,6,[-3.2997886  -0.83931161  4.00003276],cruising,[-0.82138112 -0.19970136 -0.21083176]
967.6804091930389,1001,False,6,2,[-4.03899516  0.67011611  4.        ],exiting,[-0.48080528  0.59740651 -0.20557775]
967.6804091930389,1002,False,0,4,[ 8.4255735  -1.15694077  3.99994723],cruising,[ 0.5677905  -0.59831228 -0.99408226]
967.6804091930389,1003,False,5,0,[-8.0956277   7.92875721  1.69004109],queued,[ 0.63925976  0.24903542 -0.34837281]
967.6804091930389,1004,False,3,1,[5.35960222 1.91935166 2.55549158],landing,[-0.62185191  0.08809385  0.93462812]
967.6804091930389,1005,False,2,3,[ 5.91029462 -4.87644268  4.        ],cruising,[ 0.50568378 -0.03156594 -0.11489306]
967.7921552658081,1000,False,4,6,[-3.34636298 -0.64481013  4.00002784],cruising,[-0.82138112 -0.19970136 -0.21083176]
967.7921552658081,1001,False,6,2,[-4.12301666  0.73184868  4.        ],exiting,[-0.48080528  0.59740651 -0.20557775]
967.7921552658081,1002,False,0,4,[ 8.40566908 -1.35594784  3.99995515],cruising,[ 0.5677905  -0.59831228 -0.99408226]
967.7921552658081,1003,False,5,0,[-8.0956277   7.92875721  1.76504109],queued,[ 0.63925976  0.24903542 -0.34837281]
967.7921552658081,1004,False,3,1,[5.36715511 1.89679206 2.45836271],landing,[-0.62185191  0.08809385  0.93462812]
967.7921552658081,1005,False,2,3,[ 5.73332306 -4.84052662  4.        ],cruising,[ 0.50568378 -0.03156594 -0.11489306]
967.8933231830597,1000,False,4,6,[-3.40432868 -0.45339441  4.00002367],cruising,[-0.82138112 -0.19970136 -0.21083176]
967.8933231830597,1001,False,6,2,[-4.20610461  0.77360305  4.        ],exiting,[-0.48080528  0.59740651 -0.20557775]
967.8933231830597,1002,False,0,4,[ 8.38362081 -1.55472881  3.99996187],cruising,[ 0.5677905  -0.59831228 -0.99408226]
967.8933231830597,1003,False,5,0,[-8.0956277   7.92875721  1.84004109],queued,[ 0.63925976  0.24903542 -0.34837281]
967.8933231830597,1004,False,3,1,[5.374708   1.87423247 2.36123383],landing,[-0.62185191  0.08809385  0.93462812]
967.8933231830597,1005,False,2,3,[ 5.55947516 -4.78485599  4.        ],cruising,[ 0.50568378 -0.03156594 -0.11489306]
967.9834864139557,1000,False,4,6,[-3.47291754 -0.26552326  4.00002012],cruising,[-0.82138112 -0.19970136 -0.21083176]
967.9834864139557,1001,False,6,2,[-4.28800474  0.79539272  4.        ],exiting,[-0.48080528  0.59740651 -0.20557775]
967.9834864139557,1002,False,0,4,[ 8.35691374 -1.75293762  3.99996759],cruising,[ 0.5677905  -0.59831228 -0.99408226]
967.9834864139557,1003,False,5,0,[-8.0956277   7.92875721  1.91504109],queued,[ 0.63925976  0.24903542 -0.34837281]
967.9834864139557,1004,False,3,1,[5.38226089 1.85167288 2.26410495],landing,[-0.62185191  0.08809385  0.93462812]
967.9834864139557,1005,False,2,3,[ 5.38884453 -4.70944584  4.        ],cruising,[ 0.50568378 -0.03156594 -0.11489306]
968.0799453258514,1000,False,4,6,[-3.54945934 -0.08074947  4.0000171 ],cruising,[-0.82138112 -0.19970136 -0.21083176]
968.0799453258514,1001,False,6,2,[-4.36845876  0.79723475  4.        ],exiting,[-0.48080528  0.59740651 -0.20557775]
968.0799453258514,1002,False,0,4,[ 8.32799255 -1.95083549  3.99997245],cruising,[ 0.5677905  -0.59831228 -0.99408226]
968.0799453258514,1003,False,5,0,[-8.0956277   7.92875721  1.99004109],queued,[ 0.63925976  0.24903542 -0.34837281]
968.0799453258514,1004,False,3,1,[5.38981378 1.82911328 2.16697608],landing,[-0.62185191  0.08809385  0.93462812]
968.0799453258514,1005,False,2,3,[ 5.22136081 -4.61428481  4.        ],cruising,[ 0.50568378 -0.03156594 -0.11489306]
968.1814153194427,1000,False,4,6,[-3.63672938  0.09920591  4.00001453],cruising,[-0.82138112 -0.19970136 -0.21083176]
968.1814153194427,1001,False,6,2,[-4.44720419  0.77914989  4.        ],exiting,[-0.48080528  0.59740651 -0.20557775]
968.1814153194427,1002,False,0,4,[ 8.29659666 -2.14835586  3.99997659],cruising,[ 0.5677905  -0.59831228 -0.99408226]
968.1814153194427,1003,False,5,0,[-8.0956277   7.92875721  2.06504109],queued,[ 0.63925976  0.24903542 -0.34837281]
968.1814153194427,1004,False,3,1,[5.39736667 1.80655369 2.0698472 ],landing,[-0.62185191  0.08809385  0.93462812]
968.1814153194427,1005,False,2,3,[ 5.05321726 -4.50599008  4.        ],cruising,[ 0.50568378 -0.03156594 -0.11489306]
968.2901685237885,1000,False,4,6,[-3.73163933  0.27525165  4.00001235],cruising,[-0.82138112 -0.19970136 -0.21083176]
968.2901685237885,1001,False,6,2,[-4.52397416  0.74116282  4.        ],exiting,[-0.48080528  0.59740651 -0.20557775]
968.2901685237885,1002,False,0,4,[ 8.25974085 -2.34493066  3.9999801 ],cruising,[ 0.5677905  -0.59831228 -0.99408226]
968.2901685237885,1003,False,5,0,[-8.0956277   7.92875721  2.14004109],queued,[ 0.63925976  0.24903542 -0.34837281]
968.2901685237885,1004,False,3,1,[5.40491956 1.7839941  1.97271832],landing,[-0.62185191  0.08809385  0.93462812]
968.2901685237885,1005,False,2,3,[ 4.88151297 -4.40343457  4.        ],cruising,[ 0.50568378 -0.03156594 -0.11489306]
968.3885688781738,1000,False,4,6,[-3.83426529  0.44691385  4.0000105 ],cruising,[-0.82138112 -0.19970136 -0.21083176]
968.3885688781738,1001,False,6,2,[-4.5984971   0.68330239  4.        ],exiting,[-0.48080528  0.59740651 -0.20557775]
968.3885688781738,1002,False,0,4,[ 8.22018531 -2.54098003  3.99998308],cruising,[ 0.5677905  -0.59831228 -0.99408226]
968.3885688781738,1003,False,5,0,[-8.0956277   7.92875721  2.21504109],queued,[ 0.63925976  0.24903542 -0.34837281]
968.3885688781738,1004,False,3,1,[5.41247245 1.76143451 1.87558945],landing,[-0.62185191  0.08809385  0.93462812]
968.3885688781738,1005,False,2,3,[ 4.70687226 -4.30596343  4.        ],cruising,[ 0.50568378 -0.03156594 -0.11489306]
968.4910337924957,1000,False,4,6,[-3.94086907  0.61613452  4.00000893],cruising,[-0.82138112 -0.19970136 -0.21083176]
968.4910337924957,1001,False,6,2,[-4.67171637  0.61519264  4.        ],exiting,[-0.48080528  0.59740651 -0.20557775]
968.4910337924957,1002,False,0,4,[ 8.17447645 -2.73568674  3.99998562],cruising,[ 0.5677905  -0.59831228 -0.99408226]
968.4910337924957,1003,False,5,0,[-8.0956277   7.92875721  2.29004109],queued,[ 0.63925976  0.24903542 -0.34837281]
968.4910337924957,1004,False,3,1,[5.42002534 1.73887491 1.77846057],landing,[-0.62185191  0.08809385  0.93462812]
968.4910337924957,1005,False,2,3,[ 4.52911545 -4.21429818  4.        ],cruising,[ 0.50568378 -0.03156594 -0.11489306]
968.5827283859253,1000,False,4,6,[-4.05056548  0.78336699  4.00000759],cruising,[-0.82138112 -0.19970136 -0.21083176]
968.5827283859253,1001,False,6,2,[-4.74493564  0.54708288  4.        ],exiting,[-0.48080528  0.59740651 -0.20557775]
968.5827283859253,1002,False,0,4,[ 8.12560424 -2.9296236   3.99998778],cruising,[ 0.5677905  -0.59831228 -0.99408226]
968.5827283859253,1003,False,5,0,[-8.0956277   7.92875721  2.36504109],queued,[ 0.63925976  0.24903542 -0.34837281]
968.5827283859253,1004,False,3,1,[5.42757823 1.71631532 1.68133169],landing,[-0.62185191  0.08809385  0.93462812]
968.5827283859253,1005,False,2,3,[ 4.34971136 -4.12590036  4.        ],cruising,[ 0.50568378 -0.03156594 -0.11489306]
968.6798253059387,1000,False,4,6,[-4.1626201   0.94902858  4.00000645],cruising,[-0.82138112 -0.19970136 -0.21083176]
968.6798253059387,1001,False,6,2,[-4.81815491  0.47897313  4.        ],exiting,[-0.48080528  0.59740651 -0.20557775]
968.6798253059387,1002,False,0,4,[ 8.06938671 -3.12156002  3.99998961],cruising,[ 0.5677905  -0.59831228 -0.99408226]
968.6798253059387,1003,False,5,0,[-8.0956277   7.92875721  2.44004109],queued,[ 0.63925976  0.24903542 -0.34837281]
968.6798253059387,1004,False,3,1,[5.43513112 1.69375573 1.58420282],landing,[-0.62185191  0.08809385  0.93462812]
968.6798253059387,1005,False,2,3,[ 4.16847674 -4.04131898  4.        ],cruising,[ 0.50568378 -0.03156594 -0.11489306]
968.7839512825012,1000,False,4,6,[-4.27642092  1.11349552  4.00000548],cruising,[-0.82138112 -0.19970136 -0.21083176]
968.7839512825012,1001,False,6,2,[-4.89137417  0.41086337  4.        ],exiting,[-0.48080528  0.59740651 -0.20557775]
968.7839512825012,1002,False,0,4,[ 8.00926187 -3.31230856  3.99999117],exiting,[ 0.5677905  -0.59831228 -0.99408226]
968.7839512825012,1003,False,5,0,[-8.0956277   7.92875721  2.51504109],entering,[ 0.63925976  0.24903542 -0.34837281]
968.7839512825012,1004,False,3,1,[5.44268401 1.67119613 1.48707394],fake_landed,[-0.62185191  0.08809385  0.93462812]
968.7839512825012,1005,False,2,3,[ 3.98631424 -3.95875492  4.        ],cruising,[ 0.50568378 -0.03156594 -0.11489306]
968.887336730957,1000,False,4,6,[-4.39145359  1.27710323  4.00000466],cruising,[-0.82138112 -0.19970136 -0.21083176]
968.887336730957,1001,False,6,2,[-4.96459344  0.34275362  4.        ],exiting,[-0.48080528  0.59740651 -0.20557775]
968.887336730957,1002,False,0,4,[ 7.96200452 -3.48774605  3.99999273],exiting,[ 0.5677905  -0.59831228 -0.99408226]
968.887336730957,1003,False,5,0,[-8.07777848  7.9197347   2.59004109],entering,[ 0.63925976  0.24903542 -0.34837281]
968.887336730957,1004,False,3,1,[5.44872632 1.65314846 1.40937084],fake_landed,[-0.62185191  0.08809385  0.93462812]
968.887336730957,1005,False,2,3,[ 3.80304961 -3.878667    4.        ],cruising,[ 0.50568378 -0.03156594 -0.11489306]
968.9887676239014,1000,False,4,6,[-4.50728046  1.44014966  4.00000396],cruising,[-0.82138112 -0.19970136 -0.21083176]
968.9887676239014,1001,False,6,2,[-5.03781271  0.27464386  4.        ],exiting,[-0.48080528  0.59740651 -0.20557775]
968.9887676239014,1002,False,0,4,[ 7.92777104 -3.64800532  3.99999424],exiting,[ 0.5677905  -0.59831228 -0.99408226]
968.9887676239014,1003,False,5,0,[-8.04206639  7.90171678  2.66504109],entering,[ 0.63925976  0.24903542 -0.34837281]
968.9887676239014,1004,False,3,1,[5.45325805 1.6396127  1.35109351],fake_landed,[-0.62185191  0.08809385  0.93462812]
968.9887676239014,1005,False,2,3,[ 3.61919126 -3.79995165  4.        ],cruising,[ 0.50568378 -0.03156594 -0.11489306]
969.0796139240265,1000,False,4,6,[-4.62342164  1.60297234  4.00000337],cruising,[-0.82138112 -0.19970136 -0.21083176]
969.0796139240265,1001,False,6,2,[-5.11103198  0.2065341   4.        ],exiting,[-0.48080528  0.59740651 -0.20557775]
969.0796139240265,1002,False,0,4,[ 7.90675941 -3.7932585   3.99999564],exiting,[ 0.5677905  -0.59831228 -0.99408226]
969.0796139240265,1003,False,5,0,[-7.98846126  7.87476359  2.74004109],entering,[ 0.63925976  0.24903542 -0.34837281]
969.0796139240265,1004,False,3,1,[5.45627921 1.63058887 1.31224196],fake_landed,[-0.62185191  0.08809385  0.93462812]
969.0796139240265,1005,False,2,3,[ 3.43461738 -3.72292902  4.        ],cruising,[ 0.50568378 -0.03156594 -0.11489306]
969.1794183254242,1000,False,4,6,[-4.73980676  1.76562074  4.00000286],cruising,[-0.82138112 -0.19970136 -0.21083176]
969.1794183254242,1001,False,6,2,[-5.18425125  0.13842435  4.        ],exiting,[-0.48080528  0.59740651 -0.20557775]
969.1794183254242,1002,False,0,4,[ 7.89921337 -3.92372391  3.99999685],exiting,[ 0.5677905  -0.59831228 -0.99408226]
969.1794183254242,1003,False,5,0,[-7.91690598  7.83899039  2.81504109],entering,[ 0.63925976  0.24903542 -0.34837281]
969.1794183254242,1004,False,3,1,[5.45778979 1.62607695 1.29281619],fake_landed,[-0.62185191  0.08809385  0.93462812]
969.1794183254242,1005,False,2,3,[ 3.24954613 -3.64710929  4.        ],cruising,[ 0.50568378 -0.03156594 -0.11489306]
969.2941026687622,1000,False,4,6,[-4.85608798  1.92834345  4.00000243],cruising,[-0.82138112 -0.19970136 -0.21083176]
969.2941026687622,1001,False,6,2,[-5.25747051  0.07031459  4.        ],exiting,[-0.48080528  0.59740651 -0.20557775]
969.2941026687622,1002,False,0,4,[ 7.90532861 -4.03958216  3.99999778],exiting,[ 0.5677905  -0.59831228 -0.99408226]
969.2941026687622,1003,False,5,0,[-7.82735236  7.79449598  2.89004109],entering,[ 0.63925976  0.24903542 -0.34837281]
969.2941026687622,1004,False,1,5,[5.45778979 1.62607695 1.29281619],waiting,[-0.62185191  0.08809385  0.93462812]
969.2941026687622,1005,False,2,3,[ 3.06394114 -3.5726057   4.        ],cruising,[ 0.50568378 -0.03156594 -0.11489306]
969.3873026371002,1000,False,4,6,[-4.97194905  2.09136557  4.00000207],cruising,[-0.82138112 -0.19970136 -0.21083176]
969.3873026371002,1001,False,6,2,[-5.33068978e+00  2.20483799e-03  4.00000000e+00],exiting,[-0.48080528  0.59740651 -0.20557775]
969.3873026371002,1002,False,0,4,[ 7.92530151 -4.1410194   3.9999983 ],exiting,[ 0.5677905  -0.59831228 -0.99408226]
969.3873026371002,1003,False,5,0,[-7.71977624  7.74133039  2.96504109],entering,[ 0.63925976  0.24903542 -0.34837281]
969.3873026371002,1004,False,1,5,[5.45778979 1.62607695 1.29281619],waiting,[-0.62185191  0.08809385  0.93462812]
969.3873026371002,1005,False,2,3,[ 2.87778112 -3.49949995  4.        ],cruising,[ 0.50568378 -0.03156594 -0.11489306]
969.4895122051239,1000,False,4,6,[-5.08709205  2.25489566  4.00000176],cruising,[-0.82138112 -0.19970136 -0.21083176]
969.4895122051239,1001,False,6,2,[-5.40390905 -0.06590492  4.        ],exiting,[-0.48080528  0.59740651 -0.20557775]
969.4895122051239,1002,False,0,4,[ 7.94967213 -4.23800431  3.99999861],exiting,[ 0.5677905  -0.59831228 -0.99408226]
969.4895122051239,1003,False,5,0,[-7.59415604  7.6795386   3.04004109],entering,[ 0.63925976  0.24903542 -0.34837281]
969.4895122051239,1004,False,1,5,[5.45778979 1.62607695 1.29281619],waiting,[-0.62185191  0.08809385  0.93462812]
969.4895122051239,1005,False,2,3,[ 2.69095772 -3.42810656  4.        ],cruising,[ 0.50568378 -0.03156594 -0.11489306]
969.593257188797,1000,False,4,6,[-5.20176677  2.41875447  4.00000149],cruising,[-0.82138112 -0.19970136 -0.21083176]
969.593257188797,1001,False,6,2,[-5.47712832 -0.13401467  4.        ],exiting,[-0.48080528  0.59740651 -0.20557775]
969.593257188797,1002,False,0,4,[ 7.97404275 -4.33498923  3.99999887],exiting,[ 0.5677905  -0.59831228 -0.99408226]
969.593257188797,1003,False,5,0,[-7.45004457  7.61012625  3.11504109],entering,[ 0.63925976  0.24903542 -0.34837281]
969.593257188797,1004,False,1,5,[5.45778979 1.62607695 1.29281619],waiting,[-0.62185191  0.08809385  0.93462812]
969.593257188797,1005,False,2,3,[ 2.50362934 -3.3580489   4.        ],cruising,[ 0.50568378 -0.03156594 -0.11489306]
969.6905827522278,1000,False,4,6,[-5.31516189  2.58350138  4.00000127],cruising,[-0.82138112 -0.19970136 -0.21083176]
969.6905827522278,1001,False,6,2,[-5.55034759 -0.20212443  4.        ],exiting,[-0.48080528  0.59740651 -0.20557775]
969.6905827522278,1002,False,0,4,[ 7.99841337 -4.43197414  3.99999907],exiting,[ 0.5677905  -0.59831228 -0.99408226]
969.6905827522278,1003,False,5,0,[-7.28721746  7.53366233  3.19004109],entering,[ 0.63925976  0.24903542 -0.34837281]
969.6905827522278,1004,False,1,5,[5.45778979 1.62607695 1.29281619],waiting,[-0.62185191  0.08809385  0.93462812]
969.6905827522278,1005,False,2,3,[ 2.31542632 -3.29037598  4.        ],cruising,[ 0.50568378 -0.03156594 -0.11489306]
969.7804086208344,1000,False,4,6,[-5.42696379  2.74933363  4.00000108],cruising,[-0.82138112 -0.19970136 -0.21083176]
969.7804086208344,1001,False,6,2,[-5.62356685 -0.27023418  4.        ],exiting,[-0.48080528  0.59740651 -0.20557775]
969.7804086208344,1002,False,0,4,[ 8.02278399 -4.52895905  3.99999924],exiting,[ 0.5677905  -0.59831228 -0.99408226]
969.7804086208344,1003,False,5,0,[-7.10489059  7.45275322  3.26504109],entering,[ 0.63925976  0.24903542 -0.34837281]
969.7804086208344,1004,False,1,5,[5.45778979 1.62607695 1.29281619],waiting,[-0.62185191  0.08809385  0.93462812]
969.7804086208344,1005,False,2,3,[ 2.12619829 -3.22562451  4.        ],cruising,[ 0.50568378 -0.03156594 -0.11489306]
969.8862051963806,1000,False,4,6,[-5.53683311  2.91645255  4.00000092],cruising,[-0.82138112 -0.19970136 -0.21083176]
969.8862051963806,1001,False,6,2,[-5.69678612 -0.33834394  4.        ],exiting,[-0.48080528  0.59740651 -0.20557775]
969.8862051963806,1002,False,0,4,[ 8.04715461 -4.62594396  3.99999938],exiting,[ 0.5677905  -0.59831228 -0.99408226]
969.8862051963806,1003,False,5,0,[-6.9210652   7.37396094  3.34004109],entering,[ 0.63925976  0.24903542 -0.34837281]
969.8862051963806,1004,False,1,5,[5.45778979 1.62607695 1.29281619],waiting,[-0.62185191  0.08809385  0.93462812]
969.8862051963806,1005,False,2,3,[ 1.93632698 -3.16278435  4.        ],cruising,[ 0.50568378 -0.03156594 -0.11489306]
969.9925816059113,1000,False,4,6,[-5.64438986  3.08506911  4.00000078],cruising,[-0.82138112 -0.19970136 -0.21083176]
969.9925816059113,1001,False,6,2,[-5.77000539 -0.4064537   4.        ],exiting,[-0.48080528  0.59740651 -0.20557775]
969.9925816059113,1002,False,0,4,[ 8.07152523 -4.72292887  3.9999995 ],exiting,[ 0.5677905  -0.59831228 -0.99408226]
969.9925816059113,1003,False,5,0,[-6.73510549  7.30034718  3.41504109],entering,[ 0.63925976  0.24903542 -0.34837281]
969.9925816059113,1004,False,1,5,[5.45778979 1.62607695 1.29281619],waiting,[-0.62185191  0.08809385  0.93462812]
969.9925816059113,1005,False,2,3,[ 1.74506941 -3.10429893  4.        ],cruising,[ 0.50568378 -0.03156594 -0.11489306]
970.0799994468689,1000,False,4,6,[-5.74919573  3.25540916  4.00000066],cruising,[-0.82138112 -0.19970136 -0.21083176]
970.0799994468689,1001,False,6,2,[-5.84322466 -0.47456345  4.        ],exiting,[-0.48080528  0.59740651 -0.20557775]
970.0799994468689,1002,False,0,4,[ 8.09589585 -4.81991378  3.99999959],exiting,[ 0.5677905  -0.59831228 -0.99408226]
970.0799994468689,1003,False,5,0,[-6.54754854  7.23090374  3.49004109],entering,[ 0.63925976  0.24903542 -0.34837281]
970.0799994468689,1004,False,1,5,[5.45778979 1.62607695 1.29281619],waiting,[-0.62185191  0.08809385  0.93462812]
970.0799994468689,1005,False,2,3,[ 1.55223876 -3.05122972  4.        ],cruising,[ 0.50568378 -0.03156594 -0.11489306]
970.1795117855072,1000,False,4,6,[-5.85073217  3.42771804  4.00000056],cruising,[-0.82138112 -0.19970136 -0.21083176]
970.1795117855072,1001,False,6,2,[-5.91644393 -0.54267321  4.        ],exiting,[-0.48080528  0.59740651 -0.20557775]
970.1795117855072,1002,False,0,4,[ 8.12026647 -4.91689869  3.99999967],exiting,[ 0.5677905  -0.59831228 -0.99408226]
970.1795117855072,1003,False,5,0,[-6.35828623  7.16625254  3.56504109],entering,[ 0.63925976  0.24903542 -0.34837281]
970.1795117855072,1004,False,1,5,[5.45778979 1.62607695 1.29281619],waiting,[-0.62185191  0.08809385  0.93462812]
970.1795117855072,1005,False,2,3,[ 1.35765029 -3.00502012  4.        ],cruising,[ 0.50568378 -0.03156594 -0.11489306]
970.2797203063965,1000,False,4,6,[-5.94837249  3.60226422  4.00000048],cruising,[-0.82138112 -0.19970136 -0.21083176]
970.2797203063965,1001,False,6,2,[-5.98966319 -0.61078296  4.        ],exiting,[-0.48080528  0.59740651 -0.20557775]
970.2797203063965,1002,False,0,4,[ 8.14463709 -5.0138836   3.99999973],exiting,[ 0.5677905  -0.59831228 -0.99408226]
970.2797203063965,1003,False,5,0,[-6.16697484  7.10794343  3.63028492],entering,[ 0.63925976  0.24903542 -0.34837281]
970.2797203063965,1004,False,1,5,[5.45778979 1.62607695 1.29281619],waiting,[-0.62185191  0.08809385  0.93462812]
970.2797203063965,1005,False,2,3,[ 1.16116803 -2.96767416  4.        ],cruising,[ 0.50568378 -0.03156594 -0.11489306]
970.3791127204895,1000,False,4,6,[-6.04134515  3.77934071  4.00000041],cruising,[-0.82138112 -0.19970136 -0.21083176]
970.3791127204895,1001,False,6,2,[-6.06288246 -0.67889272  4.        ],exiting,[-0.48080528  0.59740651 -0.20557775]
970.3791127204895,1002,False,0,4,[ 8.16900771 -5.11086851  3.99999979],exiting,[ 0.5677905  -0.59831228 -0.99408226]
970.3791127204895,1003,False,5,0,[-5.97340465  7.05763851  3.68574218],entering,[ 0.63925976  0.24903542 -0.34837281]
970.3791127204895,1004,False,1,5,[5.45778979 1.62607695 1.29281619],waiting,[-0.62185191  0.08809385  0.93462812]
970.3791127204895,1005,False,2,3,[ 0.96208397 -2.94855512  4.        ],cruising,[ 0.50568378 -0.03156594 -0.11489306]
970.4804289340973,1000,False,4,6,[-6.12868516  3.95926214  4.00000035],cruising,[-0.82138112 -0.19970136 -0.21083176]
970.4804289340973,1001,False,6,2,[-6.13610173 -0.74700247  4.        ],exiting,[-0.48080528  0.59740651 -0.20557775]
970.4804289340973,1002,False,0,4,[ 8.19337833 -5.20785342  3.99999983],exiting,[ 0.5677905  -0.59831228 -0.99408226]
970.4804289340973,1003,False,5,0,[-5.77782662  7.01581471  3.73288086],entering,[ 0.63925976  0.24903542 -0.34837281]
970.4804289340973,1004,False,1,5,[5.45778979 1.62607695 1.29281619],waiting,[-0.62185191  0.08809385  0.93462812]
970.4804289340973,1005,False,2,3,[ 0.76218108 -2.94232368  4.        ],cruising,[ 0.50568378 -0.03156594 -0.11489306]
970.580228805542,1000,False,4,6,[-6.20916894  4.14235327  4.00000029],cruising,[-0.82138112 -0.19970136 -0.21083176]
970.580228805542,1001,False,6,2,[-6.209321   -0.81511223  4.        ],exiting,[-0.48080528  0.59740651 -0.20557775]
970.580228805542,1002,False,0,4,[ 8.21774895 -5.30483833  3.99999986],exiting,[ 0.5677905  -0.59831228 -0.99408226]
970.580228805542,1003,False,5,0,[-5.58056786  6.98281496  3.77294873],entering,[ 0.63925976  0.24903542 -0.34837281]
970.580228805542,1004,False,1,5,[5.45778979 1.62607695 1.29281619],waiting,[-0.62185191  0.08809385  0.93462812]
970.580228805542,1005,False,2,3,[ 0.56239347 -2.9515385   4.        ],cruising,[ 0.50568378 -0.03156594 -0.11489306]
970.6796553134918,1000,False,4,6,[-6.28122764  4.32892107  4.00000025],cruising,[-0.82138112 -0.19970136 -0.21083176]
970.6796553134918,1001,False,6,2,[-6.28254027 -0.88322198  4.        ],exiting,[-0.48080528  0.59740651 -0.20557775]
970.6796553134918,1002,False,0,4,[ 8.24211957 -5.40182324  3.99999989],exiting,[ 0.5677905  -0.59831228 -0.99408226]
970.6796553134918,1003,False,5,0,[-5.38164157  6.96211877  3.80700642],entering,[ 0.63925976  0.24903542 -0.34837281]
970.6796553134918,1004,False,1,5,[5.45778979 1.62607695 1.29281619],waiting,[-0.62185191  0.08809385  0.93462812]
970.6796553134918,1005,False,2,3,[ 0.36385218 -2.97564982  4.        ],cruising,[ 0.50568378 -0.03156594 -0.11489306]
970.7818694114685,1000,False,4,6,[-6.33724924  4.52091477  4.00000021],cruising,[-0.82138112 -0.19970136 -0.21083176]
970.7818694114685,1001,False,6,2,[-6.35575953 -0.95133174  4.        ],exiting,[-0.48080528  0.59740651 -0.20557775]
970.7818694114685,1002,False,0,4,[ 8.26649019 -5.49880815  3.99999991],exiting,[ 0.5677905  -0.59831228 -0.99408226]
970.7818694114685,1003,False,5,0,[-5.18190954  6.9517692   3.83595546],entering,[ 0.63925976  0.24903542 -0.34837281]
970.7818694114685,1004,False,1,5,[5.45778979 1.62607695 1.29281619],waiting,[-0.62185191  0.08809385  0.93462812]
970.7818694114685,1005,False,2,3,[ 0.16754415 -3.01390108  4.        ],cruising,[ 0.50568378 -0.03156594 -0.11489306]
970.8795001506805,1000,False,4,6,[-6.37985186  4.71632464  4.00000018],cruising,[-0.82138112 -0.19970136 -0.21083176]
970.8795001506805,1001,False,6,2,[-6.4289788  -1.01944149  4.        ],exiting,[-0.48080528  0.59740651 -0.20557775]
970.8795001506805,1002,False,0,4,[ 8.29086081 -5.59579306  3.99999993],exiting,[ 0.5677905  -0.59831228 -0.99408226]
970.8795001506805,1003,False,5,0,[-4.98190957  6.95166067  3.86056214],cruising,[ 0.63925976  0.24903542 -0.34837281]
970.8795001506805,1004,False,1,5,[5.45778979 1.62607695 1.29281619],waiting,[-0.62185191  0.08809385  0.93462812]
970.8795001506805,1005,False,2,3,[-0.02574666 -3.065269    4.        ],exiting,[ 0.50568378 -0.03156594 -0.11489306]
970.9795513153076,1000,False,4,6,[-6.40267166  4.91467389  4.00000015],cruising,[-0.82138112 -0.19970136 -0.21083176]
970.9795513153076,1001,False,6,2,[-6.50219807 -1.08755125  4.        ],exiting,[-0.48080528  0.59740651 -0.20557775]
970.9795513153076,1002,False,0,4,[ 8.31523143 -5.69277797  3.99999994],exiting,[ 0.5677905  -0.59831228 -0.99408226]
970.9795513153076,1003,False,5,0,[-4.78214286  6.96131796  3.88147782],cruising,[ 0.63925976  0.24903542 -0.34837281]
970.9795513153076,1004,False,1,5,[5.45778979 1.62607695 1.29281619],queued,[-0.62185191  0.08809385  0.93462812]
970.9795513153076,1005,False,2,3,[-0.19966845 -3.12162101  4.        ],exiting,[ 0.50568378 -0.03156594 -0.11489306]
971.0792994499207,1000,False,4,6,[-6.40549398  5.11334111  4.00000013],cruising,[-0.82138112 -0.19970136 -0.21083176]
971.0792994499207,1001,False,6,2,[-6.57541734 -1.15566101  4.        ],exiting,[-0.48080528  0.59740651 -0.20557775]
971.0792994499207,1002,False,0,4,[ 8.33960205 -5.78976288  3.99999996],exiting,[ 0.5677905  -0.59831228 -0.99408226]
971.0792994499207,1003,False,5,0,[-4.58297762  6.97957194  3.89925614],cruising,[ 0.63925976  0.24903542 -0.34837281]
971.0792994499207,1004,False,1,5,[5.45778979 1.62607695 1.31281619],queued,[-0.62185191  0.08809385  0.93462812]
971.0792994499207,1005,False,2,3,[-0.35420449 -3.18289162  4.        ],exiting,[ 0.50568378 -0.03156594 -0.11489306]
971.1844320297241,1000,False,4,6,[-6.38845874  5.30962566  4.0000001 ],cruising,[-0.82138112 -0.19970136 -0.21083176]
971.1844320297241,1001,False,6,2,[-6.64863661 -1.22377076  4.        ],exiting,[-0.48080528  0.59740651 -0.20557775]
971.1844320297241,1002,False,0,4,[ 8.36397267 -5.88674779  3.99999997],exiting,[ 0.5677905  -0.59831228 -0.99408226]
971.1844320297241,1003,False,5,0,[-4.38457836  7.0048253   3.91436772],cruising,[ 0.63925976  0.24903542 -0.34837281]
971.1844320297241,1004,False,1,5,[5.45778979 1.62607695 1.35281619],queued,[-0.62185191  0.08809385  0.93462812]
971.1844320297241,1005,False,2,3,[-0.48933477 -3.24900129  4.        ],exiting,[ 0.50568378 -0.03156594 -0.11489306]
971.2856664657593,1000,False,4,6,[-6.35202656  5.50103594  4.00000008],cruising,[-0.82138112 -0.19970136 -0.21083176]
971.2856664657593,1001,False,6,2,[-6.72185587 -1.29188052  4.        ],exiting,[-0.48080528  0.59740651 -0.20557775]
971.2856664657593,1002,False,0,4,[ 8.38834329 -5.9837327   3.99999997],exiting,[ 0.5677905  -0.59831228 -0.99408226]
971.2856664657593,1003,False,5,0,[-4.18691748  7.03532408  3.92721256],cruising,[ 0.63925976  0.24903542 -0.34837281]
971.2856664657593,1004,False,1,5,[5.45778979 1.62607695 1.41281619],queued,[-0.62185191  0.08809385  0.93462812]
971.2856664657593,1005,False,2,3,[-0.60503505 -3.31985177  4.        ],exiting,[ 0.50568378 -0.03156594 -0.11489306]
971.3877084255219,1000,False,4,6,[-6.29694098  5.68523158  4.00000006],cruising,[-0.82138112 -0.19970136 -0.21083176]
971.3877084255219,1001,False,6,2,[-6.79507514 -1.35999027  4.        ],exiting,[-0.48080528  0.59740651 -0.20557775]
971.3877084255219,1002,False,0,4,[ 8.41271391 -6.08071761  3.99999998],exiting,[ 0.5677905  -0.59831228 -0.99408226]
971.3877084255219,1003,False,5,0,[-3.98983426  7.06935648  3.93813068],cruising,[ 0.63925976  0.24903542 -0.34837281]
971.3877084255219,1004,False,1,5,[5.45778979 1.62607695 1.48781619],queued,[-0.62185191  0.08809385  0.93462812]
971.3877084255219,1005,False,2,3,[-0.70127463 -3.39531534  4.        ],exiting,[ 0.50568378 -0.03156594 -0.11489306]
971.4864845275879,1000,False,4,6,[-6.22411258  5.86019727  4.00000004],cruising,[-0.82138112 -0.19970136 -0.21083176]
971.4864845275879,1001,False,6,2,[-6.86829441 -1.42810003  4.        ],exiting,[-0.48080528  0.59740651 -0.20557775]
971.4864845275879,1002,False,0,4,[ 8.43708453 -6.17770252  3.99999998],exiting,[ 0.5677905  -0.59831228 -0.99408226]
971.4864845275879,1003,False,5,0,[-3.79310163  7.10536029  3.94741108],cruising,[ 0.63925976  0.24903542 -0.34837281]
971.4864845275879,1004,False,1,5,[5.45778979 1.62607695 1.56281619],queued,[-0.62185191  0.08809385  0.93462812]
971.4864845275879,1005,False,2,3,[-0.7780094 -3.4752019  4.       ],exiting,[ 0.50568378 -0.03156594 -0.11489306]
971.5846829414368,1000,False,4,6,[-6.13475978  6.023896    4.00000003],cruising,[-0.82138112 -0.19970136 -0.21083176]
971.5846829414368,1001,False,6,2,[-6.94151368 -1.49620978  4.        ],landing,[-0.48080528  0.59740651 -0.20557775]
971.5846829414368,1002,False,0,4,[ 8.46145516 -6.27468744  3.99999999],exiting,[ 0.5677905  -0.59831228 -0.99408226]
971.5846829414368,1003,False,5,0,[-3.59603741  7.13950254  3.95529942],cruising,[ 0.63925976  0.24903542 -0.34837281]
971.5846829414368,1004,False,1,5,[5.45778979 1.62607695 1.63781619],queued,[-0.62185191  0.08809385  0.93462812]
971.5846829414368,1005,False,2,3,[-0.8352099  -3.55937938  4.        ],exiting,[ 0.50568378 -0.03156594 -0.11489306]
971.6936194896698,1000,False,4,6,[-6.02989371  6.17497179  4.00000001],cruising,[-0.82138112 -0.19970136 -0.21083176]
971.6936194896698,1001,False,6,2,[-7.00666028 -1.55245614  3.98606831],landing,[-0.48080528  0.59740651 -0.20557775]
971.6936194896698,1002,False,0,4,[ 8.48582578 -6.37167235  3.99999999],exiting,[ 0.5677905  -0.59831228 -0.99408226]
971.6936194896698,1003,False,5,0,[-3.39894068  7.17345659  3.9620045 ],cruising,[ 0.63925976  0.24903542 -0.34837281]
971.6936194896698,1004,False,1,5,[5.45778979 1.62607695 1.71281619],queued,[-0.62185191  0.08809385  0.93462812]
971.6936194896698,1005,False,2,3,[-0.87284631 -3.64770979  4.        ],exiting,[ 0.50568378 -0.03156594 -0.11489306]
971.7843787670135,1000,False,4,6,[-5.91043042  6.31237568  4.        ],cruising,[-0.82138112 -0.19970136 -0.21083176]
971.7843787670135,1001,False,6,2,[-7.06358375 -1.59675059  3.95836956],landing,[-0.48080528  0.59740651 -0.20557775]
971.7843787670135,1002,False,0,4,[ 8.5101964  -6.46865726  3.99999999],exiting,[ 0.5677905  -0.59831228 -0.99408226]
971.7843787670135,1003,False,5,0,[-3.20161331  7.20604354  3.96770383],cruising,[ 0.63925976  0.24903542 -0.34837281]
971.7843787670135,1004,False,1,5,[5.45778979 1.62607695 1.78781619],queued,[-0.62185191  0.08809385  0.93462812]
971.7843787670135,1005,False,2,3,[-0.89088887 -3.74005027  4.        ],exiting,[ 0.50568378 -0.03156594 -0.11489306]
971.8851344585419,1000,False,4,6,[-5.77725558  6.43521956  3.99999999],cruising,[-0.82138112 -0.19970136 -0.21083176]
971.8851344585419,1001,False,6,2,[-7.1121072  -1.62899039  3.91710155],landing,[-0.48080528  0.59740651 -0.20557775]
971.8851344585419,1002,False,0,4,[ 8.53456702 -6.56564217  4.        ],exiting,[ 0.5677905  -0.59831228 -0.99408226]
971.8851344585419,1003,False,5,0,[-3.00351029  7.23352436  3.97254825],cruising,[ 0.63925976  0.24903542 -0.34837281]
971.8851344585419,1004,False,1,5,[5.45778979 1.62607695 1.86281619],queued,[-0.62185191  0.08809385  0.93462812]
971.8851344585419,1005,False,2,3,[-0.88930813 -3.83625419  4.        ],exiting,[ 0.50568378 -0.03156594 -0.11489306]
971.9941260814667,1000,False,4,6,[-5.63119159  6.54277065  3.99999999],cruising,[-0.82138112 -0.19970136 -0.21083176]
971.9941260814667,1001,False,6,2,[-7.15199061 -1.64903852  3.86254019],landing,[-0.48080528  0.59740651 -0.20557775]
971.9941260814667,1002,False,0,4,[ 8.55893764 -6.66262708  4.        ],exiting,[ 0.5677905  -0.59831228 -0.99408226]
971.9941260814667,1003,False,5,0,[-2.80500242  7.25790929  3.97666602],cruising,[ 0.63925976  0.24903542 -0.34837281]
971.9941260814667,1004,False,1,5,[5.45778979 1.62607695 1.93781619],queued,[-0.62185191  0.08809385  0.93462812]
971.9941260814667,1005,False,2,3,[-0.87393313 -3.93506517  4.        ],exiting,[ 0.50568378 -0.03156594 -0.11489306]
972.0934591293335,1000,False,4,6,[-5.47296381  6.63444591  3.99999998],cruising,[-0.82138112 -0.19970136 -0.21083176]
972.0934591293335,1001,False,6,2,[-7.18302431 -1.65677759  3.79493393],landing,[-0.48080528  0.59740651 -0.20557775]
972.0934591293335,1002,False,0,4,[ 8.58330826 -6.75961199  4.        ],exiting,[ 0.5677905  -0.59831228 -0.99408226]
972.0934591293335,1003,False,5,0,[-2.60573307  7.27498929  3.98016611],cruising,[ 0.63925976  0.24903542 -0.34837281]
972.0934591293335,1004,False,1,5,[5.45778979 1.62607695 2.01281619],queued,[-0.62185191  0.08809385  0.93462812]
972.0934591293335,1005,False,2,3,[-0.85855814 -4.03387615  4.        ],exiting,[ 0.50568378 -0.03156594 -0.11489306]
972.1830830574036,1000,False,4,6,[-5.30316265  6.7098099   3.99999998],cruising,[-0.82138112 -0.19970136 -0.21083176]
972.1830830574036,1001,False,6,2,[-7.20501894 -1.65210347  3.71451329],landing,[-0.48080528  0.59740651 -0.20557775]
972.1830830574036,1002,False,0,4,[ 8.60767888 -6.8565969   4.        ],exiting,[ 0.5677905  -0.59831228 -0.99408226]
972.1830830574036,1003,False,5,0,[-2.40609327  7.28698715  3.9831412 ],cruising,[ 0.63925976  0.24903542 -0.34837281]
972.1830830574036,1004,False,1,5,[5.45778979 1.62607695 2.08781619],queued,[-0.62185191  0.08809385  0.93462812]
972.1830830574036,1005,False,2,3,[-0.84318315 -4.13268713  4.        ],exiting,[ 0.50568378 -0.03156594 -0.11489306]
972.2935717105865,1000,False,4,6,[-5.12219042  6.76858453  3.99999998],cruising,[-0.82138112 -0.19970136 -0.21083176]
972.2935717105865,1001,False,6,2,[-7.2177829  -1.63491279  3.62151767],landing,[-0.48080528  0.59740651 -0.20557775]
972.2935717105865,1002,False,0,4,[ 8.6320495  -6.95358181  4.        ],exiting,[ 0.5677905  -0.59831228 -0.99408226]
972.2935717105865,1003,False,5,0,[-2.20609911  7.28851618  3.98567002],cruising,[ 0.63925976  0.24903542 -0.34837281]
972.2935717105865,1004,False,1,5,[5.45778979 1.62607695 2.16281619],queued,[-0.62185191  0.08809385  0.93462812]
972.2935717105865,1005,False,2,3,[-0.82780815 -4.23149811  4.        ],exiting,[ 0.50568378 -0.03156594 -0.11489306]
972.3935720920563,1000,False,4,6,[-4.93050677  6.81046936  3.99999998],cruising,[-0.82138112 -0.19970136 -0.21083176]
972.3935720920563,1001,False,6,2,[-7.22733539 -1.61342225  3.52432248],landing,[-0.48080528  0.59740651 -0.20557775]
972.3935720920563,1002,False,0,4,[ 8.65642012 -7.05056672  4.        ],exiting,[ 0.5677905  -0.59831228 -0.99408226]
972.3935720920563,1003,False,5,0,[-2.00673939  7.27252557  3.98781951],cruising,[ 0.63925976  0.24903542 -0.34837281]
972.3935720920563,1004,False,1,5,[5.45778979 1.62607695 2.23781619],queued,[-0.62185191  0.08809385  0.93462812]
972.3935720920563,1005,False,2,3,[-0.81243316 -4.33030908  4.        ],exiting,[ 0.50568378 -0.03156594 -0.11489306]
972.4878146648407,1000,False,4,6,[-4.7339841   6.84760208  3.99999998],cruising,[-0.82138112 -0.19970136 -0.21083176]
972.4878146648407,1001,False,6,2,[-7.23688788 -1.5919317   3.42712728],landing,[-0.48080528  0.59740651 -0.20557775]
972.4878146648407,1002,False,0,4,[ 8.68079074 -7.14755163  4.        ],landing,[ 0.5677905  -0.59831228 -0.99408226]
972.4878146648407,1003,False,5,0,[-1.80981763  7.23757102  3.98964659],cruising,[ 0.63925976  0.24903542 -0.34837281]
972.4878146648407,1004,False,1,5,[5.45778979 1.62607695 2.31281619],queued,[-0.62185191  0.08809385  0.93462812]
972.4878146648407,1005,False,2,3,[-0.79705817 -4.42912006  4.        ],exiting,[ 0.50568378 -0.03156594 -0.11489306]
972.5825107097626,1000,False,4,6,[-4.53840327  6.88941284  3.99999999],cruising,[-0.82138112 -0.19970136 -0.21083176]
972.5825107097626,1001,False,6,2,[-7.24644037 -1.57044116  3.32993208],landing,[-0.48080528  0.59740651 -0.20557775]
972.5825107097626,1002,False,0,4,[ 8.69865793 -7.23197823  3.98585807],landing,[ 0.5677905  -0.59831228 -0.99408226]
972.5825107097626,1003,False,5,0,[-1.6165512   7.18611145  3.9911996 ],cruising,[ 0.63925976  0.24903542 -0.34837281]
972.5825107097626,1004,False,1,5,[5.45778979 1.62607695 2.38781619],queued,[-0.62185191  0.08809385  0.93462812]
972.5825107097626,1005,False,2,3,[-0.78168318 -4.52793104  4.        ],exiting,[ 0.50568378 -0.03156594 -0.11489306]
972.6907303333282,1000,False,4,6,[-4.34350665  6.93430503  3.99999999],cruising,[-0.82138112 -0.19970136 -0.21083176]
972.6907303333282,1001,False,6,2,[-7.25599286 -1.54895062  3.23273688],landing,[-0.48080528  0.59740651 -0.20557775]
972.6907303333282,1002,False,0,4,[ 8.71001557 -7.30366943  3.95773631],landing,[ 0.5677905  -0.59831228 -0.99408226]
972.6907303333282,1003,False,5,0,[-1.42753545  7.1207429   3.99251966],cruising,[ 0.63925976  0.24903542 -0.34837281]
972.6907303333282,1004,False,1,5,[5.45778979 1.62607695 2.46281619],queued,[-0.62185191  0.08809385  0.93462812]
972.6907303333282,1005,False,2,3,[-0.76630818 -4.62674202  4.        ],exiting,[ 0.50568378 -0.03156594 -0.11489306]
972.7804887294769,1000,False,4,6,[-4.14899645  6.98084299  3.99999999],cruising,[-0.82138112 -0.19970136 -0.21083176]
972.7804887294769,1001,False,6,2,[-7.26554535 -1.52746007  3.13554169],landing,[-0.48080528  0.59740651 -0.20557775]
972.7804887294769,1002,False,0,4,[ 8.71485758 -7.36241631  3.91583083],landing,[ 0.5677905  -0.59831228 -0.99408226]
972.7804887294769,1003,False,5,0,[-1.24285295  7.04398109  3.99364171],cruising,[ 0.63925976  0.24903542 -0.34837281]
972.7804887294769,1004,False,1,5,[5.45778979 1.62607695 2.53781619],queued,[-0.62185191  0.08809385  0.93462812]
972.7804887294769,1005,False,2,3,[-0.75093319 -4.725553    4.        ],exiting,[ 0.50568378 -0.03156594 -0.11489306]
972.8929691314697,1000,False,4,6,[-3.95458282  7.02778274  3.99999999],cruising,[-0.82138112 -0.19970136 -0.21083176]
972.8929691314697,1001,False,6,2,[-7.27509784 -1.50596953  3.03834649],landing,[-0.48080528  0.59740651 -0.20557775]
972.8929691314697,1002,False,0,4,[ 8.71317771 -7.40793151  3.86042026],landing,[ 0.5677905  -0.59831228 -0.99408226]
972.8929691314697,1003,False,5,0,[-1.06080185  6.96117169  3.99459545],cruising,[ 0.63925976  0.24903542 -0.34837281]
972.8929691314697,1004,False,1,5,[5.45778979 1.62607695 2.61281619],entering,[-0.62185191  0.08809385  0.93462812]
972.8929691314697,1005,False,2,3,[-0.7355582  -4.82436398  4.        ],exiting,[ 0.50568378 -0.03156594 -0.11489306]
972.9866993427277,1000,False,4,6,[-3.75944953  7.07163473  3.99999999],cruising,[-0.82138112 -0.19970136 -0.21083176]
972.9866993427277,1001,False,6,2,[-7.28465033 -1.48447899  2.94115129],landing,[-0.48080528  0.59740651 -0.20557775]
972.9866993427277,1002,False,0,4,[ 8.70497278 -7.43998214  3.79173833],landing,[ 0.5677905  -0.59831228 -0.99408226]
972.9866993427277,1003,False,5,0,[-0.88278855  6.87000555  3.99540614],cruising,[ 0.63925976  0.24903542 -0.34837281]
972.9866993427277,1004,False,1,5,[5.47748181 1.62258062 2.68781619],entering,[-0.62185191  0.08809385  0.93462812]
972.9866993427277,1005,False,2,3,[-0.7201832  -4.92317496  4.        ],exiting,[ 0.50568378 -0.03156594 -0.11489306]
973.079295873642,1000,False,4,6,[-3.56406581  7.11435713  3.99999999],cruising,[-0.82138112 -0.19970136 -0.21083176]
973.079295873642,1001,False,6,2,[-7.29420283 -1.46298844  2.84395609],landing,[-0.48080528  0.59740651 -0.20557775]
973.079295873642,1002,False,0,4,[ 8.69024139 -7.45834822  3.71001268],landing,[ 0.5677905  -0.59831228 -0.99408226]
973.079295873642,1003,False,5,0,[-0.70811685  6.77258996  3.99609522],cruising,[ 0.63925976  0.24903542 -0.34837281]
973.079295873642,1004,False,1,5,[5.51686016 1.61555609 2.76281619],entering,[-0.62185191  0.08809385  0.93462812]
973.079295873642,1005,False,2,3,[-0.70480821 -5.02198594  4.        ],exiting,[ 0.50568378 -0.03156594 -0.11489306]
973.1899354457855,1000,False,4,6,[-3.36824559  7.15503193  3.99999999],cruising,[-0.82138112 -0.19970136 -0.21083176]
973.1899354457855,1001,False,6,2,[-7.30375532 -1.4414979   2.74676089],landing,[-0.48080528  0.59740651 -0.20557775]
973.1899354457855,1002,False,0,4,[ 8.66898381 -7.46280797  3.61547989],landing,[ 0.5677905  -0.59831228 -0.99408226]
973.1899354457855,1003,False,5,0,[-0.53510987  6.67224763  3.99668093],cruising,[ 0.63925976  0.24903542 -0.34837281]
973.1899354457855,1004,False,1,5,[5.57591206 1.60493272 2.83781619],entering,[-0.62185191  0.08809385  0.93462812]
973.1899354457855,1005,False,2,3,[-0.68943322 -5.12079692  4.        ],exiting,[ 0.50568378 -0.03156594 -0.11489306]
973.2791991233826,1000,False,4,6,[-3.17137808  7.19029074  4.        ],cruising,[-0.82138112 -0.19970136 -0.21083176]
973.2791991233826,1001,False,6,2,[-7.31330781 -1.42000736  2.6495657 ],landing,[-0.48080528  0.59740651 -0.20557775]
973.2791991233826,1002,False,0,4,[ 8.64625068 -7.46407181  3.51810634],landing,[ 0.5677905  -0.59831228 -0.99408226]
973.2791991233826,1003,False,5,0,[-0.36437771  6.56808175  3.99717879],cruising,[ 0.63925976  0.24903542 -0.34837281]
973.2791991233826,1004,False,1,5,[5.65456326 1.59032592 2.91281619],entering,[-0.62185191  0.08809385  0.93462812]
973.2791991233826,1005,False,2,3,[-0.67405822 -5.2196079   4.        ],exiting,[ 0.50568378 -0.03156594 -0.11489306]
973.3839342594147,1000,False,4,6,[-2.97394859  7.22225321  4.        ],cruising,[-0.82138112 -0.19970136 -0.21083176]
973.3839342594147,1001,False,6,2,[-7.3228603  -1.39851682  2.5523705 ],landing,[-0.48080528  0.59740651 -0.20557775]
973.3839342594147,1002,False,0,4,[ 8.62351755 -7.46533566  3.4207328 ],landing,[ 0.5677905  -0.59831228 -0.99408226]
973.3839342594147,1003,False,5,0,[-0.19510073  6.46156741  3.99760197],cruising,[ 0.63925976  0.24903542 -0.34837281]
973.3839342594147,1004,False,1,5,[5.75273221 1.57135367 2.98781619],entering,[-0.62185191  0.08809385  0.93462812]
973.3839342594147,1005,False,2,3,[-0.65868323 -5.31841887  4.        ],exiting,[ 0.50568378 -0.03156594 -0.11489306]
973.4790110588074,1000,False,4,6,[-2.77550941  7.24719093  4.        ],cruising,[-0.82138112 -0.19970136 -0.21083176]
973.4790110588074,1001,False,6,2,[-7.33241279 -1.37702627  2.4551753 ],landing,[-0.48080528  0.59740651 -0.20557775]
973.4790110588074,1002,False,0,4,[ 8.60078442 -7.4665995   3.32335925],landing,[ 0.5677905  -0.59831228 -0.99408226]
973.4790110588074,1003,False,5,0,[-0.02625073  6.3543775   3.99796168],cruising,[ 0.63925976  0.24903542 -0.34837281]
973.4790110588074,1004,False,1,5,[5.87027703 1.54742406 3.06281619],entering,[-0.62185191  0.08809385  0.93462812]
973.4790110588074,1005,False,2,3,[-0.64330824 -5.41722985  4.        ],exiting,[ 0.50568378 -0.03156594 -0.11489306]
973.5800704956055,1000,False,4,6,[-2.5765251   7.26732167  4.        ],cruising,[-0.82138112 -0.19970136 -0.21083176]
973.5800704956055,1001,False,6,2,[-7.34196528 -1.35553573  2.3579801 ],landing,[-0.48080528  0.59740651 -0.20557775]
973.5800704956055,1002,False,0,4,[ 8.57805129 -7.46786335  3.22598571],landing,[ 0.5677905  -0.59831228 -0.99408226]
973.5800704956055,1003,False,5,0,[0.1422681  6.24666768 3.99826743],cruising,[ 0.63925976  0.24903542 -0.34837281]
973.5800704956055,1004,False,1,5,[6.00701095 1.51785716 3.13781619],entering,[-0.62185191  0.08809385  0.93462812]
973.5800704956055,1005,False,2,3,[-0.62793324 -5.51604083  4.        ],exiting,[ 0.50568378 -0.03156594 -0.11489306]
973.6856937408447,1000,False,4,6,[-2.37681072  7.27800646  4.        ],cruising,[-0.82138112 -0.19970136 -0.21083176]
973.6856937408447,1001,False,6,2,[-7.35151777 -1.33404519  2.26078491],landing,[-0.48080528  0.59740651 -0.20557775]
973.6856937408447,1002,False,0,4,[ 8.55531816 -7.46912719  3.12861216],landing,[ 0.5677905  -0.59831228 -0.99408226]
973.6856937408447,1003,False,5,0,[0.31104342 6.13936023 3.99852731],cruising,[ 0.63925976  0.24903542 -0.34837281]
973.6856937408447,1004,False,1,5,[6.16225572 1.48071741 3.21281619],entering,[-0.62185191  0.08809385  0.93462812]
973.6856937408447,1005,False,2,3,[-0.61255825 -5.61485181  4.        ],exiting,[ 0.50568378 -0.03156594 -0.11489306]
973.7841410636902,1000,False,4,6,[-2.17681195  7.27730608  4.        ],cruising,[-0.82138112 -0.19970136 -0.21083176]
973.7841410636902,1001,False,6,2,[-7.36107026 -1.31255464  2.16358971],landing,[-0.48080528  0.59740651 -0.20557775]
973.7841410636902,1002,False,0,4,[ 8.53258503 -7.47039103  3.03123861],landing,[ 0.5677905  -0.59831228 -0.99408226]
973.7841410636902,1003,False,5,0,[0.48033012 6.03286135 3.99874822],exiting,[ 0.63925976  0.24903542 -0.34837281]
973.7841410636902,1004,False,1,5,[6.3350862  1.43405176 3.28781619],entering,[-0.62185191  0.08809385  0.93462812]
973.7841410636902,1005,False,2,3,[-0.59718326 -5.71366279  4.        ],exiting,[ 0.50568378 -0.03156594 -0.11489306]
973.8813560009003,1000,False,4,6,[-1.97784766  7.25697846  4.        ],cruising,[-0.82138112 -0.19970136 -0.21083176]
973.8813560009003,1001,False,6,2,[-7.37062276 -1.2910641   2.06639451],landing,[-0.48080528  0.59740651 -0.20557775]
973.8813560009003,1002,False,0,4,[ 8.5098519  -7.47165488  2.93386507],landing,[ 0.5677905  -0.59831228 -0.99408226]
973.8813560009003,1003,False,5,0,[0.63931624 5.94350591 3.99896953],exiting,[ 0.63925976  0.24903542 -0.34837281]
973.8813560009003,1004,False,1,5,[6.52138216 1.37259825 3.36281619],entering,[-0.62185191  0.08809385  0.93462812]
973.8813560009003,1005,False,2,3,[-0.58180826 -5.81247377  4.        ],exiting,[ 0.50568378 -0.03156594 -0.11489306]
973.9879381656647,1000,False,4,6,[-1.78051534  7.22442146  4.        ],cruising,[-0.82138112 -0.19970136 -0.21083176]
973.9879381656647,1001,False,6,2,[-7.38017525 -1.26957356  1.96919931],landing,[-0.48080528  0.59740651 -0.20557775]
973.9879381656647,1002,False,0,4,[ 8.48711877 -7.47291872  2.83649152],landing,[ 0.5677905  -0.59831228 -0.99408226]
973.9879381656647,1003,False,5,0,[0.78784556 5.8711991  3.99918833],exiting,[ 0.63925976  0.24903542 -0.34837281]
973.9879381656647,1004,False,1,5,[6.70826388 1.30135765 3.43781619],entering,[-0.62185191  0.08809385  0.93462812]
973.9879381656647,1005,False,2,3,[-0.56643327 -5.91128475  4.        ],exiting,[ 0.50568378 -0.03156594 -0.11489306]
974.0876960754395,1000,False,4,6,[-1.58690065  7.17428815  4.        ],cruising,[-0.82138112 -0.19970136 -0.21083176]
974.0876960754395,1001,False,6,2,[-7.38972774 -1.24808301  1.87200411],landing,[-0.48080528  0.59740651 -0.20557775]
974.0876960754395,1002,False,0,4,[ 8.46438564 -7.47418257  2.73911797],landing,[ 0.5677905  -0.59831228 -0.99408226]
974.0876960754395,1003,False,5,0,[0.9257433  5.81583246 3.99940138],exiting,[ 0.63925976  0.24903542 -0.34837281]
974.0876960754395,1004,False,1,5,[6.89112796 1.22035932 3.51281619],entering,[-0.62185191  0.08809385  0.93462812]
974.0876960754395,1005,False,2,3,[-0.55105828 -6.01009573  4.        ],exiting,[ 0.50568378 -0.03156594 -0.11489306]
974.184314250946,1000,False,4,6,[-1.39769295  7.10947729  4.        ],cruising,[-0.82138112 -0.19970136 -0.21083176]
974.184314250946,1001,False,6,2,[-7.39928023 -1.22659247  1.77480892],landing,[-0.48080528  0.59740651 -0.20557775]
974.184314250946,1002,False,0,4,[ 8.44165251 -7.47544641  2.64174443],landing,[ 0.5677905  -0.59831228 -0.99408226]
974.184314250946,1003,False,5,0,[1.05281202 5.77728046 3.99960497],exiting,[ 0.63925976  0.24903542 -0.34837281]
974.184314250946,1004,False,1,5,[7.06897221 1.12886384 3.58589376],entering,[-0.62185191  0.08809385  0.93462812]
974.184314250946,1005,False,2,3,[-0.53568328 -6.10890671  4.        ],exiting,[ 0.50568378 -0.03156594 -0.11489306]
974.2824141979218,1000,False,4,6,[-1.21299568  7.03275103  4.        ],cruising,[-0.82138112 -0.19970136 -0.21083176]
974.2824141979218,1001,False,6,2,[-7.40883272 -1.20510193  1.67761372],landing,[-0.48080528  0.59740651 -0.20557775]
974.2824141979218,1002,False,0,4,[ 8.41891938 -7.47671025  2.54437088],landing,[ 0.5677905  -0.59831228 -0.99408226]
974.2824141979218,1003,False,5,0,[1.16882309 5.75539364 3.99979477],exiting,[ 0.63925976  0.24903542 -0.34837281]
974.2824141979218,1004,False,1,5,[7.2405555  1.02610601 3.6480097 ],entering,[-0.62185191  0.08809385  0.93462812]
974.2824141979218,1005,False,2,3,[-0.52030829 -6.20771769  4.        ],exiting,[ 0.50568378 -0.03156594 -0.11489306]
974.3921287059784,1000,False,4,6,[-1.03250224  6.94659931  4.        ],cruising,[-0.82138112 -0.19970136 -0.21083176]
974.3921287059784,1001,False,6,2,[-7.41838521 -1.18361139  1.58041852],landing,[-0.48080528  0.59740651 -0.20557775]
974.3921287059784,1002,False,0,4,[ 8.39618625 -7.4779741   2.44699733],landing,[ 0.5677905  -0.59831228 -0.99408226]
974.3921287059784,1003,False,5,0,[1.27349678 5.74998297 3.99996543],exiting,[ 0.63925976  0.24903542 -0.34837281]
974.3921287059784,1004,False,1,5,[7.40437135 0.91136993 3.70080824],entering,[-0.62185191  0.08809385  0.93462812]
974.3921287059784,1005,False,2,3,[-0.5049333  -6.30652867  4.        ],exiting,[ 0.50568378 -0.03156594 -0.11489306]
974.4912536144257,1000,False,4,6,[-0.85565655  6.85318839  4.        ],cruising,[-0.82138112 -0.19970136 -0.21083176]
974.4912536144257,1001,False,6,2,[-7.4279377  -1.16212084  1.48322332],fake_landed,[-0.48080528  0.59740651 -0.20557775]
974.4912536144257,1002,False,0,4,[ 8.37345312 -7.47923794  2.34962379],landing,[ 0.5677905  -0.59831228 -0.99408226]
974.4912536144257,1003,False,5,0,[1.36644511 5.76077462 4.00010947],exiting,[ 0.63925976  0.24903542 -0.34837281]
974.4912536144257,1004,False,1,5,[7.56001071 0.78576583 3.74568701],entering,[-0.62185191  0.08809385  0.93462812]
974.4912536144257,1005,False,2,3,[-0.48955831 -6.40533964  4.        ],exiting,[ 0.50568378 -0.03156594 -0.11489306]
974.5828704833984,1000,False,4,6,[-0.68073475  6.75622261  4.        ],cruising,[-0.82138112 -0.19970136 -0.21083176]
974.5828704833984,1001,False,6,2,[-7.4355797  -1.14492841  1.40546716],fake_landed,[-0.48080528  0.59740651 -0.20557775]
974.5828704833984,1002,False,0,4,[ 8.35071999 -7.48050179  2.25225024],landing,[ 0.5677905  -0.59831228 -0.99408226]
974.5828704833984,1003,False,5,0,[1.44743012 5.78759369 4.00022249],exiting,[ 0.63925976  0.24903542 -0.34837281]
974.5828704833984,1004,False,1,5,[7.70416882 0.64713524 3.78383395],entering,[-0.62185191  0.08809385  0.93462812]
974.5828704833984,1005,False,2,3,[-0.47418331 -6.50415062  4.        ],exiting,[ 0.50568378 -0.03156594 -0.11489306]
974.6870963573456,1000,False,4,6,[-0.50853652  6.65449861  4.        ],cruising,[-0.82138112 -0.19970136 -0.21083176]
974.6870963573456,1001,False,6,2,[-7.44131119 -1.13203408  1.34715005],fake_landed,[-0.48080528  0.59740651 -0.20557775]
974.6870963573456,1002,False,0,4,[ 8.32798686 -7.48176563  2.1548767 ],landing,[ 0.5677905  -0.59831228 -0.99408226]
974.6870963573456,1003,False,5,0,[1.51621174 5.83025814 4.00030042],exiting,[ 0.63925976  0.24903542 -0.34837281]
974.6870963573456,1004,False,1,5,[7.83485655 0.49573935 3.81625886],entering,[-0.62185191  0.08809385  0.93462812]
974.6870963573456,1005,False,2,3,[-0.45880832 -6.6029616   4.        ],exiting,[ 0.50568378 -0.03156594 -0.11489306]
974.7887032032013,1000,False,4,6,[-0.33757626  6.55070752  4.        ],cruising,[-0.82138112 -0.19970136 -0.21083176]
974.7887032032013,1001,False,6,2,[-7.44513219 -1.12343786  1.30827197],fake_landed,[-0.48080528  0.59740651 -0.20557775]
974.7887032032013,1002,False,0,4,[ 8.30525373 -7.48302948  2.05750315],landing,[ 0.5677905  -0.59831228 -0.99408226]
974.7887032032013,1003,False,5,0,[1.57254782 5.88857848 4.0003398 ],exiting,[ 0.63925976  0.24903542 -0.34837281]
974.7887032032013,1004,False,1,5,[7.95036518 0.33246732 3.84382003],entering,[-0.62185191  0.08809385  0.93462812]
974.7887032032013,1005,False,2,3,[-0.44343333 -6.70177258  4.        ],exiting,[ 0.50568378 -0.03156594 -0.11489306]
974.8808116912842,1000,False,4,6,[-0.16817634  6.44438882  4.        ],cruising,[-0.82138112 -0.19970136 -0.21083176]
974.8808116912842,1001,False,6,2,[-7.44704268 -1.11913976  1.28883293],fake_landed,[-0.48080528  0.59740651 -0.20557775]
974.8808116912842,1002,False,0,4,[ 8.2825206  -7.48429332  1.9601296 ],landing,[ 0.5677905  -0.59831228 -0.99408226]
974.8808116912842,1003,False,5,0,[1.61619413 5.96235741 4.00033846],exiting,[ 0.63925976  0.24903542 -0.34837281]
974.8808116912842,1004,False,1,5,[8.04959097 0.15881755 3.86724703],cruising,[-0.62185191  0.08809385  0.93462812]
974.8808116912842,1005,False,2,3,[-0.42805833 -6.80058356  4.        ],exiting,[ 0.50568378 -0.03156594 -0.11489306]
974.9915328025818,1000,False,4,6,[7.43920845e-04 6.33730966e+00 4.00000000e+00],cruising,[-0.82138112 -0.19970136 -0.21083176]
974.9915328025818,1001,False,2,1,[-7.44704268 -1.11913976  1.28883293],waiting,[-0.48080528  0.59740651 -0.20557775]
974.9915328025818,1002,False,0,4,[ 8.25978747 -7.48555716  1.86275606],landing,[ 0.5677905  -0.59831228 -0.99408226]
974.9915328025818,1003,False,5,0,[1.64690417 6.05138925 4.00029725],exiting,[ 0.63925976  0.24903542 -0.34837281]
974.9915328025818,1004,False,1,5,[ 8.1312172  -0.02371838  3.88731378],cruising,[-0.62185191  0.08809385  0.93462812]
974.9915328025818,1005,False,2,3,[-0.41268334 -6.89939454  4.        ],exiting,[ 0.50568378 -0.03156594 -0.11489306]
975.0886585712433,1000,False,4,6,[0.1692967  6.22965298 4.        ],cruising,[-0.82138112 -0.19970136 -0.21083176]
975.0886585712433,1001,False,2,1,[-7.44704268 -1.11913976  1.28883293],waiting,[-0.48080528  0.59740651 -0.20557775]
975.0886585712433,1002,False,0,4,[ 8.23705435 -7.48682101  1.76538251],landing,[ 0.5677905  -0.59831228 -0.99408226]
975.0886585712433,1003,False,5,0,[1.67046629 6.14857375 4.00024216],exiting,[ 0.63925976  0.24903542 -0.34837281]
975.0886585712433,1004,False,1,5,[ 8.19613592 -0.2128891   3.90421672],cruising,[-0.62185191  0.08809385  0.93462812]
975.0886585712433,1005,False,2,3,[-0.39730835 -6.99820552  4.        ],exiting,[ 0.50568378 -0.03156594 -0.11489306]
975.181779384613,1000,False,4,6,[0.33809679 6.1223845  4.        ],cruising,[-0.82138112 -0.19970136 -0.21083176]
975.181779384613,1001,False,2,1,[-7.44704268 -1.11913976  1.28883293],waiting,[-0.48080528  0.59740651 -0.20557775]
975.181779384613,1002,False,0,4,[ 8.21432122 -7.48808485  1.66800896],landing,[ 0.5677905  -0.59831228 -0.99408226]
975.181779384613,1003,False,5,0,[1.69402841 6.24575825 4.00019697],exiting,[ 0.63925976  0.24903542 -0.34837281]
975.181779384613,1004,False,1,5,[ 8.2465405  -0.40643335  3.91858421],cruising,[-0.62185191  0.08809385  0.93462812]
975.181779384613,1005,False,2,3,[-0.38193335 -7.0970165   4.        ],exiting,[ 0.50568378 -0.03156594 -0.11489306]
975.28622174263,1000,False,4,6,[0.50763662 6.01628903 4.        ],cruising,[-0.82138112 -0.19970136 -0.21083176]
975.28622174263,1001,False,2,1,[-7.44704268 -1.11913976  1.28883293],waiting,[-0.48080528  0.59740651 -0.20557775]
975.28622174263,1002,False,0,4,[ 8.19158809 -7.4893487   1.57063542],landing,[ 0.5677905  -0.59831228 -0.99408226]
975.28622174263,1003,False,5,0,[1.71759053 6.34294274 4.00015994],exiting,[ 0.63925976  0.24903542 -0.34837281]
975.28622174263,1004,False,1,5,[ 8.28399844 -0.6028943   3.93079658],cruising,[-0.62185191  0.08809385  0.93462812]
975.28622174263,1005,False,2,3,[-0.36655836 -7.19582748  4.        ],exiting,[ 0.50568378 -0.03156594 -0.11489306]
975.3903539180756,1000,False,4,6,[0.67807123 5.91163702 4.        ],cruising,[-0.82138112 -0.19970136 -0.21083176]
975.3903539180756,1001,False,2,1,[-7.44704268 -1.11913976  1.28883293],waiting,[-0.48080528  0.59740651 -0.20557775]
975.3903539180756,1002,False,0,4,[ 8.16885496 -7.49061254  1.47326187],fake_landed,[ 0.5677905  -0.59831228 -0.99408226]
975.3903539180756,1003,False,5,0,[1.74115264 6.44012724 4.00012964],exiting,[ 0.63925976  0.24903542 -0.34837281]
975.3903539180756,1004,False,1,5,[ 8.3101493  -0.80117726  3.94117709],cruising,[-0.62185191  0.08809385  0.93462812]
975.3903539180756,1005,False,2,3,[-0.35118337 -7.29463846  4.        ],exiting,[ 0.50568378 -0.03156594 -0.11489306]
975.4874756336212,1000,False,4,6,[0.85020815 5.80980932 4.        ],cruising,[-0.82138112 -0.19970136 -0.21083176]
975.4874756336212,1001,False,2,1,[-7.44704268 -1.11913976  1.28883293],waiting,[-0.48080528  0.59740651 -0.20557775]
975.4874756336212,1002,False,0,4,[ 8.15066845 -7.49162362  1.39536304],fake_landed,[ 0.5677905  -0.59831228 -0.99408226]
975.4874756336212,1003,False,5,0,[1.76471476 6.53731174 4.00010486],exiting,[ 0.63925976  0.24903542 -0.34837281]
975.4874756336212,1004,False,1,5,[ 8.32439632 -1.00066917  3.95000053],cruising,[-0.62185191  0.08809385  0.93462812]
975.4874756336212,1005,False,2,3,[-0.33580837 -7.39344944  4.        ],exiting,[ 0.50568378 -0.03156594 -0.11489306]
975.5805821418762,1000,False,4,6,[1.02378472 5.71045554 4.        ],cruising,[-0.82138112 -0.19970136 -0.21083176]
975.5805821418762,1001,False,2,1,[-7.44704268 -1.11913976  1.28883293],waiting,[-0.48080528  0.59740651 -0.20557775]
975.5805821418762,1002,False,0,4,[ 8.13702857 -7.49238192  1.33693891],fake_landed,[ 0.5677905  -0.59831228 -0.99408226]
975.5805821418762,1003,False,5,0,[1.78827688 6.63449624 4.00008463],exiting,[ 0.63925976  0.24903542 -0.34837281]
975.5805821418762,1004,False,1,5,[ 8.33051871 -1.20057544  3.95750045],cruising,[-0.62185191  0.08809385  0.93462812]
975.5805821418762,1005,False,2,3,[-0.32043338 -7.49226041  4.        ],exiting,[ 0.50568378 -0.03156594 -0.11489306]
975.6843724250793,1000,False,4,6,[1.19904405 5.61410115 4.        ],cruising,[-0.82138112 -0.19970136 -0.21083176]
975.6843724250793,1001,False,2,1,[-7.44704268 -1.11913976  1.28883293],waiting,[-0.48080528  0.59740651 -0.20557775]
975.6843724250793,1002,False,0,4,[ 8.12793532 -7.49288746  1.29798949],fake_landed,[ 0.5677905  -0.59831228 -0.99408226]
975.6843724250793,1003,False,5,0,[1.811839   6.73168073 4.00006815],exiting,[ 0.63925976  0.24903542 -0.34837281]
975.6843724250793,1004,False,1,5,[ 8.32956725 -1.40057318  3.96387538],cruising,[-0.62185191  0.08809385  0.93462812]
975.6843724250793,1005,False,2,3,[-0.30505839 -7.59107139  4.        ],exiting,[ 0.50568378 -0.03156594 -0.11489306]
975.7844705581665,1000,False,4,6,[1.37712071 5.52305884 4.        ],cruising,[-0.82138112 -0.19970136 -0.21083176]
975.7844705581665,1001,False,2,1,[-7.44704268 -1.11913976  1.28883293],waiting,[-0.48080528  0.59740651 -0.20557775]
975.7844705581665,1002,False,0,4,[ 8.1233887  -7.49314023  1.27851478],fake_landed,[ 0.5677905  -0.59831228 -0.99408226]
975.7844705581665,1003,False,5,0,[1.83540112 6.82886523 4.00005473],exiting,[ 0.63925976  0.24903542 -0.34837281]
975.7844705581665,1004,False,1,5,[ 8.32009477 -1.60034873  3.96929407],cruising,[-0.62185191  0.08809385  0.93462812]
975.7844705581665,1005,False,2,3,[-0.28968339 -7.68988237  4.        ],exiting,[ 0.50568378 -0.03156594 -0.11489306]
975.8892571926117,1000,False,4,6,[1.55722369 5.43609381 4.        ],cruising,[-0.82138112 -0.19970136 -0.21083176]
975.8892571926117,1001,False,2,1,[-7.44704268 -1.11913976  1.28883293],waiting,[-0.48080528  0.59740651 -0.20557775]
975.8892571926117,1002,False,0,4,[ 8.1233887  -7.49314023  1.27851478],fake_landed,[ 0.5677905  -0.59831228 -0.99408226]
975.8892571926117,1003,False,5,0,[1.85896324 6.92604973 4.00004382],exiting,[ 0.63925976  0.24903542 -0.34837281]
975.8892571926117,1004,False,1,5,[ 8.30533937 -1.79980368  3.97389996],cruising,[-0.62185191  0.08809385  0.93462812]
975.8892571926117,1005,False,2,3,[-0.2743084  -7.78869335  4.        ],landing,[ 0.50568378 -0.03156594 -0.11489306]
975.9888575077057,1000,False,4,6,[1.73952913 5.35384586 4.        ],cruising,[-0.82138112 -0.19970136 -0.21083176]
975.9888575077057,1001,False,2,1,[-7.44704268 -1.11913976  1.28883293],waiting,[-0.48080528  0.59740651 -0.20557775]
975.9888575077057,1002,False,4,2,[ 8.1233887  -7.49314023  1.27851478],waiting,[ 0.5677905  -0.59831228 -0.99408226]
975.9888575077057,1003,False,5,0,[1.88252536 7.02323423 4.00003498],exiting,[ 0.63925976  0.24903542 -0.34837281]
975.9888575077057,1004,False,1,5,[ 8.2857144  -1.9988385   3.97781497],cruising,[-0.62185191  0.08809385  0.93462812]
975.9888575077057,1005,False,2,3,[-0.26426167 -7.87423114  3.9860203 ],landing,[ 0.50568378 -0.03156594 -0.11489306]
976.0873463153839,1000,False,4,6,[1.92525486 5.27964373 4.        ],cruising,[-0.82138112 -0.19970136 -0.21083176]
976.0873463153839,1001,False,2,1,[-7.44704268 -1.11913976  1.28883293],waiting,[-0.48080528  0.59740651 -0.20557775]
976.0873463153839,1002,False,4,2,[ 8.1233887  -7.49314023  1.27851478],waiting,[ 0.5677905  -0.59831228 -0.99408226]
976.0873463153839,1003,False,5,0,[1.90608748 7.12041872 4.00002783],exiting,[ 0.63925976  0.24903542 -0.34837281]
976.0873463153839,1004,False,1,5,[ 8.25887754 -2.19702978  3.98114272],cruising,[-0.62185191  0.08809385  0.93462812]
976.0873463153839,1005,False,2,3,[-0.25953216 -7.94632084  3.95822481],landing,[ 0.50568378 -0.03156594 -0.11489306]
976.1885359287262,1000,False,4,6,[2.11320698 5.21127709 4.        ],cruising,[-0.82138112 -0.19970136 -0.21083176]
976.1885359287262,1001,False,2,1,[-7.44704268 -1.11913976  1.28883293],waiting,[-0.48080528  0.59740651 -0.20557775]
976.1885359287262,1002,False,4,2,[ 8.1233887  -7.49314023  1.27851478],waiting,[ 0.5677905  -0.59831228 -0.99408226]
976.1885359287262,1003,False,5,0,[1.9296496  7.21760322 4.00002204],exiting,[ 0.63925976  0.24903542 -0.34837281]
976.1885359287262,1004,False,1,5,[ 8.22792763 -2.39462053  3.98397131],cruising,[-0.62185191  0.08809385  0.93462812]
976.1885359287262,1005,False,2,3,[-0.26010575 -8.00475723  3.91681079],landing,[ 0.50568378 -0.03156594 -0.11489306]
976.2925403118134,1000,False,4,6,[2.30379043 5.15063097 4.        ],cruising,[-0.82138112 -0.19970136 -0.21083176]
976.2925403118134,1001,False,2,1,[-7.44704268 -1.11913976  1.28883293],waiting,[-0.48080528  0.59740651 -0.20557775]
976.2925403118134,1002,False,4,2,[ 8.1233887  -7.49314023  1.27851478],waiting,[ 0.5677905  -0.59831228 -0.99408226]
976.2925403118134,1003,False,5,0,[1.95321172 7.31478772 4.00001739],exiting,[ 0.63925976  0.24903542 -0.34837281]
976.2925403118134,1004,False,1,5,[ 8.192863   -2.59152272  3.98637562],cruising,[-0.62185191  0.08809385  0.93462812]
976.2925403118134,1005,False,2,3,[-0.26596123 -8.04926201  3.86205466],landing,[ 0.50568378 -0.03156594 -0.11489306]
976.3851444721222,1000,False,4,6,[2.49748345 5.10080112 4.        ],cruising,[-0.82138112 -0.19970136 -0.21083176]
976.3851444721222,1001,False,2,1,[-7.44704268 -1.11913976  1.28883293],waiting,[-0.48080528  0.59740651 -0.20557775]
976.3851444721222,1002,False,4,2,[ 8.1233887  -7.49314023  1.27851478],waiting,[ 0.5677905  -0.59831228 -0.99408226]
976.3851444721222,1003,False,5,0,[1.97677384 7.41197222 4.00001364],exiting,[ 0.63925976  0.24903542 -0.34837281]
976.3851444721222,1004,False,1,5,[ 8.15032856 -2.78694744  3.98841927],cruising,[-0.62185191  0.08809385  0.93462812]
976.3851444721222,1005,False,2,3,[-0.2770785  -8.07959738  3.79420115],landing,[ 0.50568378 -0.03156594 -0.11489306]
976.4839191436768,1000,False,4,6,[2.69405192 5.06391163 4.        ],cruising,[-0.82138112 -0.19970136 -0.21083176]
976.4839191436768,1001,False,2,1,[-7.44704268 -1.11913976  1.28883293],waiting,[-0.48080528  0.59740651 -0.20557775]
976.4839191436768,1002,False,4,2,[ 8.1233887  -7.49314023  1.27851478],waiting,[ 0.5677905  -0.59831228 -0.99408226]
976.4839191436768,1003,False,5,0,[2.00033595 7.50915671 4.00001064],exiting,[ 0.63925976  0.24903542 -0.34837281]
976.4839191436768,1004,False,1,5,[ 8.10376324 -2.98145109  3.99015638],cruising,[-0.62185191  0.08809385  0.93462812]
976.4839191436768,1005,False,2,3,[-0.29343756 -8.09554712  3.71347996],landing,[ 0.50568378 -0.03156594 -0.11489306]
976.5926897525787,1000,False,4,6,[2.8916887  5.03325702 4.        ],cruising,[-0.82138112 -0.19970136 -0.21083176]
976.5926897525787,1001,False,2,1,[-7.44704268 -1.11913976  1.28883293],waiting,[-0.48080528  0.59740651 -0.20557775]
976.5926897525787,1002,False,4,2,[ 8.1233887  -7.49314023  1.27851478],waiting,[ 0.5677905  -0.59831228 -0.99408226]
976.5926897525787,1003,False,5,0,[2.02389807 7.60634121 4.00000825],exiting,[ 0.63925976  0.24903542 -0.34837281]
976.5926897525787,1004,False,1,5,[ 8.04893262 -3.1737883   3.99163293],cruising,[-0.62185191  0.08809385  0.93462812]
976.5926897525787,1005,False,2,3,[-0.31501662 -8.09689354  3.62012966],landing,[ 0.50568378 -0.03156594 -0.11489306]
976.6879572868347,1000,False,4,6,[3.09005518 5.00774741 4.        ],cruising,[-0.82138112 -0.19970136 -0.21083176]
976.6879572868347,1001,False,2,1,[-7.44704268 -1.11913976  1.28883293],waiting,[-0.48080528  0.59740651 -0.20557775]
976.6879572868347,1002,False,4,2,[ 8.1233887  -7.49314023  1.27851478],waiting,[ 0.5677905  -0.59831228 -0.99408226]
976.6879572868347,1003,False,5,0,[2.04746019 7.70352571 4.00000634],exiting,[ 0.63925976  0.24903542 -0.34837281]
976.6879572868347,1004,False,1,5,[ 7.9854029  -3.36343001  3.99288799],cruising,[-0.62185191  0.08809385  0.93462812]
976.6879572868347,1005,False,2,3,[-0.33821809 -8.0936116   3.52291381],landing,[ 0.50568378 -0.03156594 -0.11489306]
976.789856672287,1000,False,4,6,[3.28891057 4.98638075 4.        ],cruising,[-0.82138112 -0.19970136 -0.21083176]
976.789856672287,1001,False,2,1,[-7.44704268 -1.11913976  1.28883293],waiting,[-0.48080528  0.59740651 -0.20557775]
976.789856672287,1002,False,4,2,[ 8.1233887  -7.49314023  1.27851478],waiting,[ 0.5677905  -0.59831228 -0.99408226]
976.789856672287,1003,False,5,0,[2.07102231 7.80071021 4.00000483],exiting,[ 0.63925976  0.24903542 -0.34837281]
976.789856672287,1004,False,1,5,[ 7.91708751 -3.55140077  3.99395479],cruising,[-0.62185191  0.08809385  0.93462812]
976.789856672287,1005,False,2,3,[-0.36141957 -8.09032966  3.42569797],landing,[ 0.50568378 -0.03156594 -0.11489306]
976.8933691978455,1000,False,4,6,[3.4880868  4.96824712 4.        ],cruising,[-0.82138112 -0.19970136 -0.21083176]
976.8933691978455,1001,False,2,1,[-7.44704268 -1.11913976  1.28883293],waiting,[-0.48080528  0.59740651 -0.20557775]
976.8933691978455,1002,False,4,2,[ 8.1233887  -7.49314023  1.27851478],waiting,[ 0.5677905  -0.59831228 -0.99408226]
976.8933691978455,1003,False,5,0,[2.09458443 7.8978947  4.00000364],exiting,[ 0.63925976  0.24903542 -0.34837281]
976.8933691978455,1004,False,1,5,[ 7.83764922 -3.73494792  3.99486157],cruising,[-0.62185191  0.08809385  0.93462812]
976.8933691978455,1005,False,2,3,[-0.38462104 -8.08704772  3.32848212],landing,[ 0.50568378 -0.03156594 -0.11489306]
976.9909613132477,1000,False,4,6,[3.68736295 4.9512467  4.        ],cruising,[-0.82138112 -0.19970136 -0.21083176]
976.9909613132477,1001,False,2,1,[-7.44704268 -1.11913976  1.28883293],waiting,[-0.48080528  0.59740651 -0.20557775]
976.9909613132477,1002,False,4,2,[ 8.1233887  -7.49314023  1.27851478],waiting,[ 0.5677905  -0.59831228 -0.99408226]
976.9909613132477,1003,False,5,0,[2.11814655 7.9950792  4.0000027 ],exiting,[ 0.63925976  0.24903542 -0.34837281]
976.9909613132477,1004,False,1,5,[ 7.74562087 -3.91251702  3.99563234],cruising,[-0.62185191  0.08809385  0.93462812]
976.9909613132477,1005,False,2,3,[-0.40782252 -8.08376578  3.23126628],landing,[ 0.50568378 -0.03156594 -0.11489306]
977.078905582428,1000,False,4,6,[3.88682314 4.93656225 4.        ],cruising,[-0.82138112 -0.19970136 -0.21083176]
977.078905582428,1001,False,2,1,[-7.44704268 -1.11913976  1.28883293],waiting,[-0.48080528  0.59740651 -0.20557775]
977.078905582428,1002,False,4,2,[ 8.1233887  -7.49314023  1.27851478],waiting,[ 0.5677905  -0.59831228 -0.99408226]
977.078905582428,1003,False,5,0,[2.14170867 8.0922637  4.00000197],exiting,[ 0.63925976  0.24903542 -0.34837281]
977.078905582428,1004,False,1,5,[ 7.63895611 -4.08169925  3.99628748],cruising,[-0.62185191  0.08809385  0.93462812]
977.078905582428,1005,False,2,3,[-0.43102399 -8.08048385  3.13405043],landing,[ 0.50568378 -0.03156594 -0.11489306]
977.1871592998505,1000,False,4,6,[4.086386   4.92334619 4.        ],cruising,[-0.82138112 -0.19970136 -0.21083176]
977.1871592998505,1001,False,2,1,[-7.44704268 -1.11913976  1.28883293],waiting,[-0.48080528  0.59740651 -0.20557775]
977.1871592998505,1002,False,4,2,[ 8.1233887  -7.49314023  1.27851478],waiting,[ 0.5677905  -0.59831228 -0.99408226]
977.1871592998505,1003,False,5,0,[2.16527079 8.18944819 4.00000141],exiting,[ 0.63925976  0.24903542 -0.34837281]
977.1871592998505,1004,False,1,5,[ 7.51595914 -4.23933807  3.99684943],cruising,[-0.62185191  0.08809385  0.93462812]
977.1871592998505,1005,False,2,3,[-0.45422546 -8.07720191  3.03683459],landing,[ 0.50568378 -0.03156594 -0.11489306]
977.285404920578,1000,False,4,6,[4.28599474 4.9108421  4.        ],cruising,[-0.82138112 -0.19970136 -0.21083176]
977.285404920578,1001,False,2,1,[-7.44704268 -1.11913976  1.28883293],queued,[-0.48080528  0.59740651 -0.20557775]
977.285404920578,1002,False,4,2,[ 8.1233887  -7.49314023  1.27851478],queued,[ 0.5677905  -0.59831228 -0.99408226]
977.285404920578,1003,False,5,0,[2.18883291 8.28663269 4.00000097],exiting,[ 0.63925976  0.24903542 -0.34837281]
977.285404920578,1004,False,1,5,[ 7.37861178 -4.38304618  3.9973704 ],cruising,[-0.62185191  0.08809385  0.93462812]
977.285404920578,1005,False,2,3,[-0.47742694 -8.07391997  2.93961874],landing,[ 0.50568378 -0.03156594 -0.11489306]
977.3792064189911,1000,False,4,6,[4.48560502 4.89836261 4.        ],cruising,[-0.82138112 -0.19970136 -0.21083176]
977.3792064189911,1001,False,2,1,[-7.44704268 -1.11913976  1.30883293],queued,[-0.48080528  0.59740651 -0.20557775]
977.3792064189911,1002,False,4,2,[ 8.1233887  -7.49314023  1.29851478],queued,[ 0.5677905  -0.59831228 -0.99408226]
977.3792064189911,1003,False,5,0,[2.21239503 8.38381719 4.00000064],exiting,[ 0.63925976  0.24903542 -0.34837281]
977.3792064189911,1004,False,1,5,[ 7.2286957  -4.51119712  3.99785098],cruising,[-0.62185191  0.08809385  0.93462812]
977.3792064189911,1005,False,2,3,[-0.50062841 -8.07063803  2.8424029 ],landing,[ 0.50568378 -0.03156594 -0.11489306]
977.486029624939,1000,False,4,6,[4.68517593 4.88526869 4.        ],cruising,[-0.82138112 -0.19970136 -0.21083176]
977.486029624939,1001,False,2,1,[-7.44704268 -1.11913976  1.34883293],queued,[-0.48080528  0.59740651 -0.20557775]
977.486029624939,1002,False,4,2,[ 8.1233887  -7.49314023  1.33851478],queued,[ 0.5677905  -0.59831228 -0.99408226]
977.486029624939,1003,False,5,0,[2.23595715 8.48100169 4.0000004 ],exiting,[ 0.63925976  0.24903542 -0.34837281]
977.486029624939,1004,False,1,5,[ 7.06823257 -4.62235517  3.99829249],cruising,[-0.62185191  0.08809385  0.93462812]
977.486029624939,1005,False,2,3,[-0.52382988 -8.0673561   2.74518705],landing,[ 0.50568378 -0.03156594 -0.11489306]
977.5856146812439,1000,False,4,6,[4.88470261 4.87151722 4.        ],cruising,[-0.82138112 -0.19970136 -0.21083176]
977.5856146812439,1001,False,2,1,[-7.44704268 -1.11913976  1.40883293],queued,[-0.48080528  0.59740651 -0.20557775]
977.5856146812439,1002,False,4,2,[ 8.1233887  -7.49314023  1.39851478],queued,[ 0.5677905  -0.59831228 -0.99408226]
977.5856146812439,1003,False,5,0,[2.25951927 8.57818618 4.00000022],exiting,[ 0.63925976  0.24903542 -0.34837281]
977.5856146812439,1004,False,1,5,[ 6.89938495 -4.71535561  3.99869594],cruising,[-0.62185191  0.08809385  0.93462812]
977.5856146812439,1005,False,2,3,[-0.54703136 -8.06407416  2.64797121],landing,[ 0.50568378 -0.03156594 -0.11489306]
977.690833568573,1000,False,4,6,[5.0841097  4.85612854 4.        ],cruising,[-0.82138112 -0.19970136 -0.21083176]
977.690833568573,1001,False,2,1,[-7.44704268 -1.11913976  1.48383293],queued,[-0.48080528  0.59740651 -0.20557775]
977.690833568573,1002,False,4,2,[ 8.1233887  -7.49314023  1.47351478],queued,[ 0.5677905  -0.59831228 -0.99408226]
977.690833568573,1003,False,5,0,[2.28308138 8.67537068 4.00000009],landing,[ 0.63925976  0.24903542 -0.34837281]
977.690833568573,1004,False,1,5,[ 6.72437298 -4.78932976  3.99906162],cruising,[-0.62185191  0.08809385  0.93462812]
977.690833568573,1005,False,2,3,[-0.57023283 -8.06079222  2.55075536],landing,[ 0.50568378 -0.03156594 -0.11489306]
977.779313325882,1000,False,4,6,[5.2833274  4.83845628 4.        ],cruising,[-0.82138112 -0.19970136 -0.21083176]
977.779313325882,1001,False,2,1,[-7.44704268 -1.11913976  1.55883293],queued,[-0.48080528  0.59740651 -0.20557775]
977.779313325882,1002,False,4,2,[ 8.1233887  -7.49314023  1.54851478],queued,[ 0.5677905  -0.59831228 -0.99408226]
977.779313325882,1003,False,5,0,[2.30635354 8.75807033 3.98621211],landing,[ 0.63925976  0.24903542 -0.34837281]
977.779313325882,1004,False,1,5,[ 6.54544358 -4.84369136  3.9993893 ],cruising,[-0.62185191  0.08809385  0.93462812]
977.779313325882,1005,False,2,3,[-0.59343431 -8.05751028  2.45353952],landing,[ 0.50568378 -0.03156594 -0.11489306]
977.880045413971,1000,False,4,6,[5.48226258 4.81784574 4.        ],cruising,[-0.82138112 -0.19970136 -0.21083176]
977.880045413971,1001,False,2,1,[-7.44704268 -1.11913976  1.63383293],queued,[-0.48080528  0.59740651 -0.20557775]
977.880045413971,1002,False,4,2,[ 8.1233887  -7.49314023  1.62351478],queued,[ 0.5677905  -0.59831228 -0.99408226]
977.880045413971,1003,False,5,0,[2.32925938 8.82613039 3.9588025 ],landing,[ 0.63925976  0.24903542 -0.34837281]
977.880045413971,1004,False,1,5,[ 6.36486049 -4.87812149  3.99967816],cruising,[-0.62185191  0.08809385  0.93462812]
977.880045413971,1005,False,2,3,[-0.61663578 -8.05422834  2.35632367],landing,[ 0.50568378 -0.03156594 -0.11489306]
977.981645822525,1000,False,4,6,[5.68078923 4.79361412 4.        ],exiting,[-0.82138112 -0.19970136 -0.21083176]
977.981645822525,1001,False,2,1,[-7.44704268 -1.11913976  1.70883293],queued,[-0.48080528  0.59740651 -0.20557775]
977.981645822525,1002,False,4,2,[ 8.1233887  -7.49314023  1.69851478],queued,[ 0.5677905  -0.59831228 -0.99408226]
977.981645822525,1003,False,5,0,[2.35170878 8.87937083 3.91797015],landing,[ 0.63925976  0.24903542 -0.34837281]
977.981645822525,1004,False,1,5,[ 6.18425529 -4.89255167  3.99992696],cruising,[-0.62185191  0.08809385  0.93462812]
977.981645822525,1005,False,2,3,[-0.63983725 -8.05094641  2.25910783],landing,[ 0.50568378 -0.03156594 -0.11489306]
978.081757068634,1000,False,4,6,[5.8632906  4.78134873 4.        ],exiting,[-0.82138112 -0.19970136 -0.21083176]
978.081757068634,1001,False,2,1,[-7.44704268 -1.11913976  1.78383293],queued,[-0.48080528  0.59740651 -0.20557775]
978.081757068634,1002,False,4,2,[ 8.1233887  -7.49314023  1.77351478],queued,[ 0.5677905  -0.59831228 -0.99408226]
978.081757068634,1003,False,5,0,[2.37357957 8.91755203 3.86398924],landing,[ 0.63925976  0.24903542 -0.34837281]
978.081757068634,1004,False,1,5,[ 6.00453234 -4.88700136  4.00013251],cruising,[-0.62185191  0.08809385  0.93462812]
978.081757068634,1005,False,2,3,[-0.66303873 -8.04766447  2.16189198],landing,[ 0.50568378 -0.03156594 -0.11489306]
978.1829876899719,1000,False,4,6,[6.02974433 4.78101955 4.        ],exiting,[-0.82138112 -0.19970136 -0.21083176]
978.1829876899719,1001,False,2,1,[-7.44704268 -1.11913976  1.85883293],queued,[-0.48080528  0.59740651 -0.20557775]
978.1829876899719,1002,False,4,2,[ 8.1233887  -7.49314023  1.84851478],queued,[ 0.5677905  -0.59831228 -0.99408226]
978.1829876899719,1003,False,5,0,[2.39475904 8.9404575  3.79711747],landing,[ 0.63925976  0.24903542 -0.34837281]
978.1829876899719,1004,False,1,5,[ 5.82687418 -4.86155797  4.00029367],cruising,[-0.62185191  0.08809385  0.93462812]
978.1829876899719,1005,False,2,3,[-0.6862402  -8.04438253  2.06467614],landing,[ 0.50568378 -0.03156594 -0.11489306]
978.2871398925781,1000,False,4,6,[6.18012132 4.79258736 4.        ],exiting,[-0.82138112 -0.19970136 -0.21083176]
978.2871398925781,1001,False,2,1,[-7.44704268 -1.11913976  1.93383293],queued,[-0.48080528  0.59740651 -0.20557775]
978.2871398925781,1002,False,4,2,[ 8.1233887  -7.49314023  1.92351478],queued,[ 0.5677905  -0.59831228 -0.99408226]
978.2871398925781,1003,False,5,0,[2.41514729 8.94789898 3.71758714],landing,[ 0.63925976  0.24903542 -0.34837281]
978.2871398925781,1004,False,1,5,[ 5.65179185 -4.8162812   4.00040708],cruising,[-0.62185191  0.08809385  0.93462812]
978.2871398925781,1005,False,2,3,[-0.70944167 -8.04110059  1.96746029],landing,[ 0.50568378 -0.03156594 -0.11489306]
978.3883380889893,1000,False,4,6,[6.31438345 4.81600048 4.        ],exiting,[-0.82138112 -0.19970136 -0.21083176]
978.3883380889893,1001,False,2,1,[-7.44704268 -1.11913976  2.00883293],queued,[-0.48080528  0.59740651 -0.20557775]
978.3883380889893,1002,False,4,2,[ 8.1233887  -7.49314023  1.99851478],queued,[ 0.5677905  -0.59831228 -0.99408226]
978.3883380889893,1003,False,5,0,[2.43464218 8.9396877  3.62563937],landing,[ 0.63925976  0.24903542 -0.34837281]
978.3883380889893,1004,False,1,5,[ 5.47999438 -4.7512761   4.00047132],cruising,[-0.62185191  0.08809385  0.93462812]
978.3883380889893,1005,False,2,3,[-0.73264315 -8.03781866  1.87024445],landing,[ 0.50568378 -0.03156594 -0.11489306]
978.488471031189,1000,False,4,6,[6.43247763 4.85118636 4.        ],exiting,[-0.82138112 -0.19970136 -0.21083176]
978.488471031189,1001,False,2,1,[-7.44704268 -1.11913976  2.08383293],queued,[-0.48080528  0.59740651 -0.20557775]
978.488471031189,1002,False,4,2,[ 8.1233887  -7.49314023  2.07351478],queued,[ 0.5677905  -0.59831228 -0.99408226]
978.488471031189,1003,False,5,0,[2.45371963 8.92485087 3.52860371],landing,[ 0.63925976  0.24903542 -0.34837281]
978.488471031189,1004,False,1,5,[ 5.31123601 -4.66650333  4.00048126],cruising,[-0.62185191  0.08809385  0.93462812]
978.488471031189,1005,False,2,3,[-0.75584462 -8.03453672  1.7730286 ],landing,[ 0.50568378 -0.03156594 -0.11489306]
978.5887348651886,1000,False,4,6,[6.53433397 4.89804836 4.        ],exiting,[-0.82138112 -0.19970136 -0.21083176]
978.5887348651886,1001,False,2,1,[-7.44704268 -1.11913976  2.15883293],entering,[-0.48080528  0.59740651 -0.20557775]
978.5887348651886,1002,False,4,2,[ 8.1233887  -7.49314023  2.14851478],queued,[ 0.5677905  -0.59831228 -0.99408226]
978.5887348651886,1003,False,5,0,[2.47279708 8.91001403 3.43156806],landing,[ 0.63925976  0.24903542 -0.34837281]
978.5887348651886,1004,False,1,5,[ 5.14492154 -4.56188052  4.00043245],cruising,[-0.62185191  0.08809385  0.93462812]
978.5887348651886,1005,False,2,3,[-0.7790461  -8.03125478  1.67581276],landing,[ 0.50568378 -0.03156594 -0.11489306]
978.6859006881714,1000,False,4,6,[6.61989865 4.95651132 4.        ],exiting,[-0.82138112 -0.19970136 -0.21083176]
978.6859006881714,1001,False,2,1,[-7.43396576 -1.10400721  2.23383293],entering,[-0.48080528  0.59740651 -0.20557775]
978.6859006881714,1002,False,4,2,[ 8.1233887  -7.49314023  2.22351478],queued,[ 0.5677905  -0.59831228 -0.99408226]
978.6859006881714,1003,False,5,0,[2.49187453 8.8951772  3.3345324 ],landing,[ 0.63925976  0.24903542 -0.34837281]
978.6859006881714,1004,False,1,5,[ 4.9749382  -4.45649711  4.00036759],cruising,[-0.62185191  0.08809385  0.93462812]
978.6859006881714,1005,False,2,3,[-0.80224757 -8.02797284  1.57859691],landing,[ 0.50568378 -0.03156594 -0.11489306]
978.7834904193878,1000,False,4,6,[6.68911523 5.02649554 4.        ],exiting,[-0.82138112 -0.19970136 -0.21083176]
978.7834904193878,1001,False,2,1,[-7.40782684 -1.07372922  2.30883293],entering,[-0.48080528  0.59740651 -0.20557775]
978.7834904193878,1002,False,4,2,[ 8.1233887  -7.49314023  2.29851478],queued,[ 0.5677905  -0.59831228 -0.99408226]
978.7834904193878,1003,False,5,0,[2.51095198 8.88034036 3.23749674],landing,[ 0.63925976  0.24903542 -0.34837281]
978.7834904193878,1004,False,1,5,[ 4.80173128 -4.35650029  4.00031245],cruising,[-0.62185191  0.08809385  0.93462812]
978.7834904193878,1005,False,2,3,[-0.82544904 -8.0246909   1.48138107],fake_landed,[ 0.50568378 -0.03156594 -0.11489306]
978.8841302394867,1000,False,4,6,[6.74192537 5.1079178  4.        ],exiting,[-0.82138112 -0.19970136 -0.21083176]
978.8841302394867,1001,False,2,1,[-7.36865902 -1.02827731  2.38383293],entering,[-0.48080528  0.59740651 -0.20557775]
978.8841302394867,1002,False,4,2,[ 8.1233887  -7.49314023  2.37351478],queued,[ 0.5677905  -0.59831228 -0.99408226]
978.8841302394867,1003,False,5,0,[2.53002943 8.86550353 3.14046108],landing,[ 0.63925976  0.24903542 -0.34837281]
978.8841302394867,1004,False,1,5,[ 4.62502725 -4.26282166  4.00026558],cruising,[-0.62185191  0.08809385  0.93462812]
978.8841302394867,1005,False,2,3,[-0.84401022 -8.02206535  1.40360839],fake_landed,[ 0.50568378 -0.03156594 -0.11489306]
978.9883489608765,1000,False,4,6,[6.77826969 5.20069245 4.        ],exiting,[-0.82138112 -0.19970136 -0.21083176]
978.9883489608765,1001,False,2,1,[-7.31652548 -0.96759747  2.45883293],entering,[-0.48080528  0.59740651 -0.20557775]
978.9883489608765,1002,False,4,2,[ 8.1233887  -7.49314023  2.44851478],entering,[ 0.5677905  -0.59831228 -0.99408226]
978.9883489608765,1003,False,5,0,[2.54910688 8.85066669 3.04342542],landing,[ 0.63925976  0.24903542 -0.34837281]
978.9883489608765,1004,False,1,5,[ 4.44649046 -4.17268501  4.00022574],cruising,[-0.62185191  0.08809385  0.93462812]
978.9883489608765,1005,False,2,3,[-0.85793111 -8.02009619  1.34527889],fake_landed,[ 0.50568378 -0.03156594 -0.11489306]
979.0925841331482,1000,False,4,6,[6.81332198 5.29434786 4.        ],exiting,[-0.82138112 -0.19970136 -0.21083176]
979.0925841331482,1001,False,2,1,[-7.25155006 -0.89158511  2.53383293],entering,[-0.48080528  0.59740651 -0.20557775]
979.0925841331482,1002,False,4,2,[ 8.11191873 -7.47675609  2.52351478],entering,[ 0.5677905  -0.59831228 -0.99408226]
979.0925841331482,1003,False,5,0,[2.56818434 8.83582986 2.94638976],landing,[ 0.63925976  0.24903542 -0.34837281]
979.0925841331482,1004,False,1,5,[ 4.2658875  -4.08676312  4.00019188],cruising,[-0.62185191  0.08809385  0.93462812]
979.0925841331482,1005,False,2,3,[-0.8672117  -8.01878342  1.30639255],fake_landed,[ 0.50568378 -0.03156594 -0.11489306]
979.1896855831146,1000,False,4,6,[6.84837426 5.38800328 4.        ],exiting,[-0.82138112 -0.19970136 -0.21083176]
979.1896855831146,1001,False,2,1,[-7.17405104 -0.79997918  2.60883293],entering,[-0.48080528  0.59740651 -0.20557775]
979.1896855831146,1002,False,4,2,[ 8.0889788  -7.44398782  2.59851478],entering,[ 0.5677905  -0.59831228 -0.99408226]
979.1896855831146,1003,False,5,0,[2.58726179 8.82099302 2.8493541 ],landing,[ 0.63925976  0.24903542 -0.34837281]
979.1896855831146,1004,False,1,5,[ 4.08426646 -4.0030147   4.0001631 ],cruising,[-0.62185191  0.08809385  0.93462812]
979.1896855831146,1005,False,2,3,[-0.87185199 -8.01812703  1.28694938],fake_landed,[ 0.50568378 -0.03156594 -0.11489306]
979.2842571735382,1000,False,4,6,[6.88342655 5.4816587  4.        ],exiting,[-0.82138112 -0.19970136 -0.21083176]
979.2842571735382,1001,False,2,1,[-7.08435338 -0.69252418  2.68383293],entering,[-0.48080528  0.59740651 -0.20557775]
979.2842571735382,1002,False,4,2,[ 8.05456891 -7.39483541  2.67351478],entering,[ 0.5677905  -0.59831228 -0.99408226]
979.2842571735382,1003,False,5,0,[2.60633924 8.80615619 2.75231844],landing,[ 0.63925976  0.24903542 -0.34837281]
979.2842571735382,1004,False,1,5,[ 3.90140934 -3.92200068  4.00013863],cruising,[-0.62185191  0.08809385  0.93462812]
979.2842571735382,1005,False,3,4,[-0.87185199 -8.01812703  1.28694938],waiting,[ 0.50568378 -0.03156594 -0.11489306]
979.3834676742554,1000,False,4,6,[6.91847884 5.57531411 4.        ],exiting,[-0.82138112 -0.19970136 -0.21083176]
979.3834676742554,1001,False,2,1,[-6.98300739 -0.56881136  2.75883293],entering,[-0.48080528  0.59740651 -0.20557775]
979.3834676742554,1002,False,4,2,[ 8.00868905 -7.32929887  2.74851478],entering,[ 0.5677905  -0.59831228 -0.99408226]
979.3834676742554,1003,False,5,0,[2.62541669 8.79131935 2.65528278],landing,[ 0.63925976  0.24903542 -0.34837281]
979.3834676742554,1004,False,1,5,[ 3.71793116 -3.84240319  4.00011784],cruising,[-0.62185191  0.08809385  0.93462812]
979.3834676742554,1005,False,3,4,[-0.87185199 -8.01812703  1.28694938],waiting,[ 0.50568378 -0.03156594 -0.11489306]
979.4818022251129,1000,False,4,6,[6.95353113 5.66896953 4.        ],exiting,[-0.82138112 -0.19970136 -0.21083176]
979.4818022251129,1001,False,2,1,[-6.87119117 -0.42805817  2.83383293],entering,[-0.48080528  0.59740651 -0.20557775]
979.4818022251129,1002,False,4,2,[ 7.95133923 -7.24737819  2.82351478],entering,[ 0.5677905  -0.59831228 -0.99408226]
979.4818022251129,1003,False,5,0,[2.64449414 8.77648252 2.55824712],landing,[ 0.63925976  0.24903542 -0.34837281]
979.4818022251129,1004,False,1,5,[ 3.53366709 -3.76464233  4.00010016],cruising,[-0.62185191  0.08809385  0.93462812]
979.4818022251129,1005,False,3,4,[-0.87185199 -8.01812703  1.28694938],waiting,[ 0.50568378 -0.03156594 -0.11489306]
979.5795457363129,1000,False,4,6,[6.98858342 5.76262495 4.        ],exiting,[-0.82138112 -0.19970136 -0.21083176]
979.5795457363129,1001,False,2,1,[-6.75156265 -0.2688939   2.90883293],entering,[-0.48080528  0.59740651 -0.20557775]
979.5795457363129,1002,False,4,2,[ 7.88251944 -7.14907337  2.89851478],entering,[ 0.5677905  -0.59831228 -0.99408226]
979.5795457363129,1003,False,5,0,[2.66357159 8.76164569 2.46121146],landing,[ 0.63925976  0.24903542 -0.34837281]
979.5795457363129,1004,False,1,5,[ 3.3489186  -3.6880395   4.00008514],cruising,[-0.62185191  0.08809385  0.93462812]
979.5795457363129,1005,False,3,4,[-0.87185199 -8.01812703  1.28694938],waiting,[ 0.50568378 -0.03156594 -0.11489306]
979.6811501979828,1000,False,4,6,[7.02363571 5.85628036 4.        ],exiting,[-0.82138112 -0.19970136 -0.21083176]
979.6811501979828,1001,False,2,1,[-6.63484824 -0.10648163  2.98383293],entering,[-0.48080528  0.59740651 -0.20557775]
979.6811501979828,1002,False,4,2,[ 7.80230808 -7.03432982  2.97351478],entering,[ 0.5677905  -0.59831228 -0.99408226]
979.6811501979828,1003,False,5,0,[2.68264904 8.74680885 2.3641758 ],landing,[ 0.63925976  0.24903542 -0.34837281]
979.6811501979828,1004,False,1,5,[ 3.16362353 -3.61276839  4.00007237],cruising,[-0.62185191  0.08809385  0.93462812]
979.6811501979828,1005,False,3,4,[-0.87185199 -8.01812703  1.28694938],waiting,[ 0.50568378 -0.03156594 -0.11489306]
979.7899267673492,1000,False,4,6,[7.058688   5.94993578 4.        ],exiting,[-0.82138112 -0.19970136 -0.21083176]
979.7899267673492,1001,False,2,1,[-6.52167601  0.05841848  3.05883293],entering,[-0.48080528  0.59740651 -0.20557775]
979.7899267673492,1002,False,4,2,[ 7.70990728 -6.90373012  3.04851478],entering,[ 0.5677905  -0.59831228 -0.99408226]
979.7899267673492,1003,False,5,0,[2.70172649 8.73197202 2.26714014],landing,[ 0.63925976  0.24903542 -0.34837281]
979.7899267673492,1004,False,1,5,[ 2.9777945  -3.53882536  4.00006151],cruising,[-0.62185191  0.08809385  0.93462812]
979.7899267673492,1005,False,3,4,[-0.87185199 -8.01812703  1.28694938],waiting,[ 0.50568378 -0.03156594 -0.11489306]
979.8920269012451,1000,False,4,6,[7.09374028 6.0435912  4.        ],exiting,[-0.82138112 -0.19970136 -0.21083176]
979.8920269012451,1001,False,2,1,[-6.41266344  0.22609752  3.13383293],entering,[-0.48080528  0.59740651 -0.20557775]
979.8920269012451,1002,False,4,2,[ 7.60462736 -6.75782916  3.12351478],entering,[ 0.5677905  -0.59831228 -0.99408226]
979.8920269012451,1003,False,5,0,[2.72080394 8.71713518 2.17010448],landing,[ 0.63925976  0.24903542 -0.34837281]
979.8920269012451,1004,False,1,5,[ 2.79134928 -3.46645009  4.00005229],cruising,[-0.62185191  0.08809385  0.93462812]
979.8920269012451,1005,False,3,4,[-0.87185199 -8.01812703  1.28694938],waiting,[ 0.50568378 -0.03156594 -0.11489306]
979.9876568317413,1000,False,4,6,[7.12879257 6.13724661 4.        ],exiting,[-0.82138112 -0.19970136 -0.21083176]
979.9876568317413,1001,False,2,1,[-6.30835104  0.3967402   3.20883293],entering,[-0.48080528  0.59740651 -0.20557775]
979.9876568317413,1002,False,4,2,[ 7.48638748 -6.59669536  3.19851478],entering,[ 0.5677905  -0.59831228 -0.99408226]
979.9876568317413,1003,False,5,0,[2.73988139 8.70229835 2.07306882],landing,[ 0.63925976  0.24903542 -0.34837281]
979.9876568317413,1004,False,1,5,[ 2.6044072  -3.39536804  4.00004444],cruising,[-0.62185191  0.08809385  0.93462812]
979.9876568317413,1005,False,3,4,[-0.87185199 -8.01812703  1.28694938],waiting,[ 0.50568378 -0.03156594 -0.11489306]
980.0834965705872,1000,False,4,6,[7.16384486 6.23090203 4.        ],exiting,[-0.82138112 -0.19970136 -0.21083176]
980.0834965705872,1001,False,2,1,[-6.20944419  0.57057182  3.28383293],entering,[-0.48080528  0.59740651 -0.20557775]
980.0834965705872,1002,False,4,2,[ 7.36772305 -6.43570234  3.27351478],entering,[ 0.5677905  -0.59831228 -0.99408226]
980.0834965705872,1003,False,5,0,[2.75895884 8.68746151 1.97603316],landing,[ 0.63925976  0.24903542 -0.34837281]
980.0834965705872,1004,False,1,5,[ 2.41666435 -3.32642876  4.00003778],cruising,[-0.62185191  0.08809385  0.93462812]
980.0834965705872,1005,False,3,4,[-0.87185199 -8.01812703  1.28694938],waiting,[ 0.50568378 -0.03156594 -0.11489306]
980.1842622756958,1000,False,4,6,[7.19889715 6.32455745 4.        ],exiting,[-0.82138112 -0.19970136 -0.21083176]
980.1842622756958,1001,False,2,1,[-6.11677812  0.74780895  3.35883293],entering,[-0.48080528  0.59740651 -0.20557775]
980.1842622756958,1002,False,4,2,[ 7.24537209 -6.27749285  3.34851478],entering,[ 0.5677905  -0.59831228 -0.99408226]
980.1842622756958,1003,False,5,0,[2.7780363  8.67262468 1.8789975 ],landing,[ 0.63925976  0.24903542 -0.34837281]
980.1842622756958,1004,False,1,5,[ 2.22797805 -3.26011529  4.00003211],cruising,[-0.62185191  0.08809385  0.93462812]
980.1842622756958,1005,False,3,4,[-0.87185199 -8.01812703  1.28694938],waiting,[ 0.50568378 -0.03156594 -0.11489306]
980.288957118988,1000,False,4,6,[7.23394944 6.41821286 4.        ],exiting,[-0.82138112 -0.19970136 -0.21083176]
980.288957118988,1001,False,2,1,[-6.03132464  0.92863402  3.43383293],entering,[-0.48080528  0.59740651 -0.20557775]
980.288957118988,1002,False,4,2,[ 7.12415258 -6.11841478  3.42351478],entering,[ 0.5677905  -0.59831228 -0.99408226]
980.288957118988,1003,False,5,0,[2.79711375 8.65778784 1.78196184],landing,[ 0.63925976  0.24903542 -0.34837281]
980.288957118988,1004,False,1,5,[ 2.03868582 -3.19555172  4.00002729],cruising,[-0.62185191  0.08809385  0.93462812]
980.288957118988,1005,False,3,4,[-0.87185199 -8.01812703  1.28694938],waiting,[ 0.50568378 -0.03156594 -0.11489306]
980.3855216503143,1000,False,4,6,[7.26900173 6.51186828 4.        ],exiting,[-0.82138112 -0.19970136 -0.21083176]
980.3855216503143,1001,False,2,1,[-5.95424255  1.11318306  3.50883293],entering,[-0.48080528  0.59740651 -0.20557775]
980.3855216503143,1002,False,4,2,[ 6.9973177  -5.96377678  3.49851478],entering,[ 0.5677905  -0.59831228 -0.99408226]
980.3855216503143,1003,False,5,0,[2.8161912  8.64295101 1.68492619],landing,[ 0.63925976  0.24903542 -0.34837281]
980.3855216503143,1004,False,1,5,[ 1.84811627 -3.13486199  4.0000232 ],cruising,[-0.62185191  0.08809385  0.93462812]
980.3855216503143,1005,False,3,4,[-0.87185199 -8.01812703  1.28694938],queued,[ 0.50568378 -0.03156594 -0.11489306]
980.4796962738037,1000,False,4,6,[7.30405402 6.6055237  4.        ],exiting,[-0.82138112 -0.19970136 -0.21083176]
980.4796962738037,1001,False,2,1,[-5.88688304  1.30149848  3.58250799],entering,[-0.48080528  0.59740651 -0.20557775]
980.4796962738037,1002,False,4,2,[ 6.86956453 -5.80989654  3.57351478],entering,[ 0.5677905  -0.59831228 -0.99408226]
980.4796962738037,1003,False,5,0,[2.83526865 8.62811417 1.58789053],landing,[ 0.63925976  0.24903542 -0.34837281]
980.4796962738037,1004,False,1,5,[ 1.65608559 -3.07896727  4.00001972],cruising,[-0.62185191  0.08809385  0.93462812]
980.4796962738037,1005,False,3,4,[-0.87185199 -8.01812703  1.30694938],queued,[ 0.50568378 -0.03156594 -0.11489306]
980.5792920589447,1000,False,4,6,[7.3391063  6.69917911 4.        ],exiting,[-0.82138112 -0.19970136 -0.21083176]
980.5792920589447,1001,False,2,1,[-5.83076428  1.4934638   3.64513179],entering,[-0.48080528  0.59740651 -0.20557775]
980.5792920589447,1002,False,4,2,[ 6.74023097 -5.65734219  3.63748756],entering,[ 0.5677905  -0.59831228 -0.99408226]
980.5792920589447,1003,False,5,0,[2.8543461  8.61327734 1.49085487],fake_landed,[ 0.63925976  0.24903542 -0.34837281]
980.5792920589447,1004,False,1,5,[ 1.46240157 -3.02910245  4.00001676],cruising,[-0.62185191  0.08809385  0.93462812]
980.5792920589447,1005,False,3,4,[-0.87185199 -8.01812703  1.34694938],queued,[ 0.50568378 -0.03156594 -0.11489306]
980.692013502121,1000,False,4,6,[7.37415859 6.79283453 4.        ],exiting,[-0.82138112 -0.19970136 -0.21083176]
980.692013502121,1001,False,2,1,[-5.78749129  1.68872632  3.69836202],entering,[-0.48080528  0.59740651 -0.20557775]
980.692013502121,1002,False,4,2,[ 6.60361156 -5.51127666  3.69186443],entering,[ 0.5677905  -0.59831228 -0.99408226]
980.692013502121,1003,False,5,0,[2.86960806 8.60140787 1.41322634],fake_landed,[ 0.63925976  0.24903542 -0.34837281]
980.692013502121,1004,False,1,5,[ 1.26689161 -2.98696156  4.00001425],cruising,[-0.62185191  0.08809385  0.93462812]
980.692013502121,1005,False,3,4,[-0.87185199 -8.01812703  1.40694938],queued,[ 0.50568378 -0.03156594 -0.11489306]
980.7826066017151,1000,False,4,6,[7.40921088 6.88648995 4.        ],exiting,[-0.82138112 -0.19970136 -0.21083176]
980.7826066017151,1001,False,2,1,[-5.75859686  1.88662809  3.74360772],entering,[-0.48080528  0.59740651 -0.20557775]
980.7826066017151,1002,False,4,2,[ 6.46227482 -5.36977075  3.73808476],entering,[ 0.5677905  -0.59831228 -0.99408226]
980.7826066017151,1003,False,5,0,[2.88105453 8.59250577 1.35500494],fake_landed,[ 0.63925976  0.24903542 -0.34837281]
980.7826066017151,1004,False,1,5,[ 1.06947545 -2.95491689  4.00001211],cruising,[-0.62185191  0.08809385  0.93462812]
980.7826066017151,1005,False,3,4,[-0.87185199 -8.01812703  1.48194938],queued,[ 0.50568378 -0.03156594 -0.11489306]
980.8802061080933,1000,False,4,6,[7.44426317 6.98014536 4.        ],exiting,[-0.82138112 -0.19970136 -0.21083176]
980.8802061080933,1001,False,2,1,[-5.74529865  2.08618549  3.78206656],entering,[-0.48080528  0.59740651 -0.20557775]
980.8802061080933,1002,False,4,2,[ 6.31625959 -5.23309759  3.77737205],entering,[ 0.5677905  -0.59831228 -0.99408226]
980.8802061080933,1003,False,5,0,[2.88868551 8.58657104 1.31619068],fake_landed,[ 0.63925976  0.24903542 -0.34837281]
980.8802061080933,1004,False,1,5,[ 0.86988513 -2.9427537   4.00001028],cruising,[-0.62185191  0.08809385  0.93462812]
980.8802061080933,1005,False,3,4,[-0.87185199 -8.01812703  1.55694938],queued,[ 0.50568378 -0.03156594 -0.11489306]
980.9847581386566,1000,False,4,6,[7.47931546 7.07380078 4.        ],exiting,[-0.82138112 -0.19970136 -0.21083176]
980.9847581386566,1001,False,2,1,[-5.74735955  2.28617487  3.81475658],entering,[-0.48080528  0.59740651 -0.20557775]
980.9847581386566,1002,False,4,2,[ 6.16637216 -5.10068249  3.81076624],entering,[ 0.5677905  -0.59831228 -0.99408226]
980.9847581386566,1003,False,5,0,[2.892501   8.58360367 1.29678355],fake_landed,[ 0.63925976  0.24903542 -0.34837281]
980.9847581386566,1004,False,1,5,[ 0.66988652 -2.9420081   4.00000874],cruising,[-0.62185191  0.08809385  0.93462812]
980.9847581386566,1005,False,3,4,[-0.87185199 -8.01812703  1.63194938],queued,[ 0.50568378 -0.03156594 -0.11489306]
981.0875210762024,1000,False,4,6,[7.51436775 7.1674562  4.        ],exiting,[-0.82138112 -0.19970136 -0.21083176]
981.0875210762024,1001,False,2,1,[-5.76541448  2.48535826  3.84254309],cruising,[-0.48080528  0.59740651 -0.20557775]
981.0875210762024,1002,False,4,2,[ 6.00940176 -4.97674583  3.83915131],entering,[ 0.5677905  -0.59831228 -0.99408226]
981.0875210762024,1003,False,0,3,[2.892501   8.58360367 1.29678355],waiting,[ 0.63925976  0.24903542 -0.34837281]
981.0875210762024,1004,False,1,5,[ 0.47043965 -2.95687233  4.00000743],cruising,[-0.62185191  0.08809385  0.93462812]
981.0875210762024,1005,False,3,4,[-0.87185199 -8.01812703  1.70694938],queued,[ 0.50568378 -0.03156594 -0.11489306]
981.1941225528717,1000,False,4,6,[7.54942004 7.26111161 4.        ],exiting,[-0.82138112 -0.19970136 -0.21083176]
981.1941225528717,1001,False,2,1,[-5.79724992  2.68280826  3.86616163],cruising,[-0.48080528  0.59740651 -0.20557775]
981.1941225528717,1002,False,4,2,[ 5.84859956 -4.85782295  3.86327861],cruising,[ 0.5677905  -0.59831228 -0.99408226]
981.1941225528717,1003,False,0,3,[2.892501   8.58360367 1.29678355],waiting,[ 0.63925976  0.24903542 -0.34837281]
981.1941225528717,1004,False,1,5,[ 0.27266893 -2.98665057  4.00000631],cruising,[-0.62185191  0.08809385  0.93462812]
981.1941225528717,1005,False,3,4,[-0.87185199 -8.01812703  1.78194938],queued,[ 0.50568378 -0.03156594 -0.11489306]
981.2842507362366,1000,False,4,6,[7.58447232 7.35476703 4.        ],exiting,[-0.82138112 -0.19970136 -0.21083176]
981.2842507362366,1001,False,2,1,[-5.84228759  2.87767131  3.88623738],cruising,[-0.48080528  0.59740651 -0.20557775]
981.2842507362366,1002,False,4,2,[ 5.68129796 -4.748232    3.88378682],cruising,[ 0.5677905  -0.59831228 -0.99408226]
981.2842507362366,1003,False,0,3,[2.892501   8.58360367 1.29678355],waiting,[ 0.63925976  0.24903542 -0.34837281]
981.2842507362366,1004,False,1,5,[ 0.07851892 -3.03466903  4.00000537],cruising,[-0.62185191  0.08809385  0.93462812]
981.2842507362366,1005,False,3,4,[-0.87185199 -8.01812703  1.85694938],entering,[ 0.50568378 -0.03156594 -0.11489306]
981.3875243663788,1000,False,4,6,[7.61952461 7.44842245 4.        ],exiting,[-0.82138112 -0.19970136 -0.21083176]
981.3875243663788,1001,False,2,1,[-5.89682905  3.07009072  3.90330178],cruising,[-0.48080528  0.59740651 -0.20557775]
981.3875243663788,1002,False,4,2,[ 5.51061482 -4.64398584  3.9012188 ],cruising,[ 0.5677905  -0.59831228 -0.99408226]
981.3875243663788,1003,False,0,3,[2.892501   8.58360367 1.29678355],waiting,[ 0.63925976  0.24903542 -0.34837281]
981.3875243663788,1004,False,1,5,[-0.11240162 -3.09424543  4.00000456],cruising,[-0.62185191  0.08809385  0.93462812]
981.3875243663788,1005,False,3,4,[-0.87833921 -7.99920836  1.93194938],entering,[ 0.50568378 -0.03156594 -0.11489306]
981.4798305034637,1000,False,4,6,[7.6545769  7.54207786 4.        ],exiting,[-0.82138112 -0.19970136 -0.21083176]
981.4798305034637,1001,False,2,1,[-5.95843649  3.26036558  3.91780651],cruising,[-0.48080528  0.59740651 -0.20557775]
981.4798305034637,1002,False,4,2,[ 5.33535697 -4.54762875  3.91603598],cruising,[ 0.5677905  -0.59831228 -0.99408226]
981.4798305034637,1003,False,0,3,[2.892501   8.58360367 1.29678355],waiting,[ 0.63925976  0.24903542 -0.34837281]
981.4798305034637,1004,False,1,5,[-0.2998061  -3.16409928  4.00000388],cruising,[-0.62185191  0.08809385  0.93462812]
981.4798305034637,1005,False,3,4,[-0.89131366 -7.96137103  2.00694938],entering,[ 0.50568378 -0.03156594 -0.11489306]
981.5850780010223,1000,False,4,6,[7.68962919 7.63573328 4.        ],exiting,[-0.82138112 -0.19970136 -0.21083176]
981.5850780010223,1001,False,2,1,[-6.0247226   3.44906151  3.93013553],cruising,[-0.48080528  0.59740651 -0.20557775]
981.5850780010223,1002,False,4,2,[ 5.15801665 -4.45516033  3.92863058],cruising,[ 0.5677905  -0.59831228 -0.99408226]
981.5850780010223,1003,False,0,3,[2.892501   8.58360367 1.29678355],waiting,[ 0.63925976  0.24903542 -0.34837281]
981.5850780010223,1004,False,1,5,[-0.48263801 -3.24517019  4.0000033 ],cruising,[-0.62185191  0.08809385  0.93462812]
981.5850780010223,1005,False,3,4,[-0.91077533 -7.90461503  2.08194938],entering,[ 0.50568378 -0.03156594 -0.11489306]
981.6933162212372,1000,False,4,6,[7.72468148 7.7293887  4.        ],exiting,[-0.82138112 -0.19970136 -0.21083176]
981.6933162212372,1001,False,2,1,[-6.09341579  3.63689453  3.9406152 ],cruising,[-0.48080528  0.59740651 -0.20557775]
981.6933162212372,1002,False,4,2,[ 4.9778799  -4.36826526  3.93933599],cruising,[ 0.5677905  -0.59831228 -0.99408226]
981.6933162212372,1003,False,0,3,[2.892501   8.58360367 1.29678355],waiting,[ 0.63925976  0.24903542 -0.34837281]
981.6933162212372,1004,False,1,5,[-0.66207738 -3.33349637  4.0000028 ],cruising,[-0.62185191  0.08809385  0.93462812]
981.6933162212372,1005,False,3,4,[-0.93672421 -7.82894036  2.15694938],entering,[ 0.50568378 -0.03156594 -0.11489306]
981.7792716026306,1000,False,4,6,[7.75973377 7.82304411 4.        ],exiting,[-0.82138112 -0.19970136 -0.21083176]
981.7792716026306,1001,False,2,1,[-6.16234343  3.82464165  3.94952292],cruising,[-0.48080528  0.59740651 -0.20557775]
981.7792716026306,1002,False,4,2,[ 4.79669228 -4.28358323  3.94843559],cruising,[ 0.5677905  -0.59831228 -0.99408226]
981.7792716026306,1003,False,0,3,[2.892501   8.58360367 1.29678355],waiting,[ 0.63925976  0.24903542 -0.34837281]
981.7792716026306,1004,False,1,5,[-0.83995114 -3.42493447  4.00000238],cruising,[-0.62185191  0.08809385  0.93462812]
981.7792716026306,1005,False,3,4,[-0.96916033 -7.73434703  2.23194938],entering,[ 0.50568378 -0.03156594 -0.11489306]
981.8805193901062,1000,False,4,6,[7.79478606 7.91669953 4.        ],exiting,[-0.82138112 -0.19970136 -0.21083176]
981.8805193901062,1001,False,2,1,[-6.22936062  4.01307916  3.95709448],cruising,[-0.48080528  0.59740651 -0.20557775]
981.8805193901062,1002,False,4,2,[ 4.61387651 -4.20247593  3.95617025],cruising,[ 0.5677905  -0.59831228 -0.99408226]
981.8805193901062,1003,False,0,3,[2.892501   8.58360367 1.29678355],waiting,[ 0.63925976  0.24903542 -0.34837281]
981.8805193901062,1004,False,1,5,[-1.01863006 -3.51478903  4.00000202],cruising,[-0.62185191  0.08809385  0.93462812]
981.8805193901062,1005,False,3,4,[-1.00808366 -7.62083503  2.30694938],entering,[ 0.50568378 -0.03156594 -0.11489306]
981.9902715682983,1000,False,4,6,[7.82983834 8.01035495 4.        ],exiting,[-0.82138112 -0.19970136 -0.21083176]
981.9902715682983,1001,False,2,1,[-6.29224339  4.20293637  3.96353031],cruising,[-0.48080528  0.59740651 -0.20557775]
981.9902715682983,1002,False,4,2,[ 4.43059641 -4.12242341  3.96274472],cruising,[ 0.5677905  -0.59831228 -0.99408226]
981.9902715682983,1003,False,0,3,[2.892501   8.58360367 1.29678355],waiting,[ 0.63925976  0.24903542 -0.34837281]
981.9902715682983,1004,False,1,5,[-1.20197569 -3.59469135  4.00000172],cruising,[-0.62185191  0.08809385  0.93462812]
981.9902715682983,1005,False,3,4,[-1.05349422 -7.48840436  2.38194938],entering,[ 0.50568378 -0.03156594 -0.11489306]
982.091876745224,1000,False,4,6,[7.86489063 8.10401036 4.        ],exiting,[-0.82138112 -0.19970136 -0.21083176]
982.091876745224,1001,False,2,1,[-6.34855473  4.39484528  3.96900076],cruising,[-0.48080528  0.59740651 -0.20557775]
982.091876745224,1002,False,4,2,[ 4.24686071 -4.04342219  3.96833301],cruising,[ 0.5677905  -0.59831228 -0.99408226]
982.091876745224,1003,False,0,3,[2.892501   8.58360367 1.29678355],waiting,[ 0.63925976  0.24903542 -0.34837281]
982.091876745224,1004,False,1,5,[-1.39222144 -3.65582167  4.00000146],cruising,[-0.62185191  0.08809385  0.93462812]
982.091876745224,1005,False,3,4,[-1.10539199 -7.33705503  2.45694938],entering,[ 0.50568378 -0.03156594 -0.11489306]
982.1839983463287,1000,False,4,6,[7.89994292 8.19766578 4.        ],exiting,[-0.82138112 -0.19970136 -0.21083176]
982.1839983463287,1001,False,2,1,[-6.38923182  4.59066504  3.97365065],cruising,[-0.48080528  0.59740651 -0.20557775]
982.1839983463287,1002,False,4,2,[ 4.06232688 -3.96630369  3.97308306],cruising,[ 0.5677905  -0.59831228 -0.99408226]
982.1839983463287,1003,False,0,3,[2.892501   8.58360367 1.29678355],waiting,[ 0.63925976  0.24903542 -0.34837281]
982.1839983463287,1004,False,1,5,[-1.58622176 -3.69730756  4.00000121],cruising,[-0.62185191  0.08809385  0.93462812]
982.1839983463287,1005,False,3,4,[-1.163777   -7.16678703  2.53194938],entering,[ 0.50568378 -0.03156594 -0.11489306]
982.2806196212769,1000,False,4,6,[7.93499521 8.29132119 4.        ],exiting,[-0.82138112 -0.19970136 -0.21083176]
982.2806196212769,1001,False,2,1,[-6.41681152  4.78875431  3.97760305],cruising,[-0.48080528  0.59740651 -0.20557775]
982.2806196212769,1002,False,4,2,[ 3.87755071 -3.88976764  3.9771206 ],cruising,[ 0.5677905  -0.59831228 -0.99408226]
982.2806196212769,1003,False,0,3,[2.892501   8.58360367 1.29678355],waiting,[ 0.63925976  0.24903542 -0.34837281]
982.2806196212769,1004,False,1,5,[-1.78087052 -3.71880398  4.00000098],cruising,[-0.62185191  0.08809385  0.93462812]
982.2806196212769,1005,False,3,4,[-1.22990107 -6.97807705  2.60694938],entering,[ 0.50568378 -0.03156594 -0.11489306]
982.3829457759857,1000,False,4,6,[7.9700475  8.38497661 4.        ],exiting,[-0.82138112 -0.19970136 -0.21083176]
982.3829457759857,1001,False,2,1,[-6.42444232  4.98820824  3.98113196],cruising,[-0.48080528  0.59740651 -0.20557775]
982.3829457759857,1002,False,4,2,[ 3.69227034 -3.81446037  3.98055251],cruising,[ 0.5677905  -0.59831228 -0.99408226]
982.3829457759857,1003,False,0,3,[2.892501   8.58360367 1.29678355],waiting,[ 0.63925976  0.24903542 -0.34837281]
982.3829457759857,1004,False,1,5,[-1.97317359 -3.72043842  4.00000076],cruising,[-0.62185191  0.08809385  0.93462812]
982.3829457759857,1005,False,3,4,[-1.29604092 -6.78932981  2.68194938],entering,[ 0.50568378 -0.03156594 -0.11489306]
982.4866316318512,1000,False,4,6,[8.00509979 8.47863203 4.        ],exiting,[-0.82138112 -0.19970136 -0.21083176]
982.4866316318512,1001,False,2,1,[-6.41211991  5.18632943  3.98435606],cruising,[-0.48080528  0.59740651 -0.20557775]
982.4866316318512,1002,False,4,2,[ 3.50677883 -3.73967467  3.98346963],cruising,[ 0.5677905  -0.59831228 -0.99408226]
982.4866316318512,1003,False,0,3,[2.892501   8.58360367 1.29678355],waiting,[ 0.63925976  0.24903542 -0.34837281]
982.4866316318512,1004,False,1,5,[-2.16023988 -3.70277063  4.00000056],cruising,[-0.62185191  0.08809385  0.93462812]
982.4866316318512,1005,False,3,4,[-1.36218078 -6.60058257  2.75694938],entering,[ 0.50568378 -0.03156594 -0.11489306]
982.5807311534882,1000,False,4,6,[8.04015208 8.57228744 4.        ],exiting,[-0.82138112 -0.19970136 -0.21083176]
982.5807311534882,1001,False,2,1,[-6.38018217  5.3805561   3.98731237],cruising,[-0.48080528  0.59740651 -0.20557775]
982.5807311534882,1002,False,4,2,[ 3.32091491 -3.66581938  3.98594919],cruising,[ 0.5677905  -0.59831228 -0.99408226]
982.5807311534882,1003,False,0,3,[2.892501   8.58360367 1.29678355],waiting,[ 0.63925976  0.24903542 -0.34837281]
982.5807311534882,1004,False,1,5,[-2.33974523 -3.66658712  4.00000037],cruising,[-0.62185191  0.08809385  0.93462812]
982.5807311534882,1005,False,3,4,[-1.42901332 -6.41207949  2.83194938],entering,[ 0.50568378 -0.03156594 -0.11489306]
982.6824769973755,1000,False,4,6,[8.07520437 8.66594286 4.        ],exiting,[-0.82138112 -0.19970136 -0.21083176]
982.6824769973755,1001,False,2,1,[-6.32925971  5.56849662  3.99001474],cruising,[-0.48080528  0.59740651 -0.20557775]
982.6824769973755,1002,False,4,2,[ 3.13475308 -3.59271828  3.98805681],cruising,[ 0.5677905  -0.59831228 -0.99408226]
982.6824769973755,1003,False,0,3,[2.892501   8.58360367 1.29678355],waiting,[ 0.63925976  0.24903542 -0.34837281]
982.6824769973755,1004,False,1,5,[-2.50949708 -3.6129431   4.00000019],cruising,[-0.62185191  0.08809385  0.93462812]
982.6824769973755,1005,False,3,4,[-1.4964718  -6.22379951  2.90694938],entering,[ 0.50568378 -0.03156594 -0.11489306]
982.7819457054138,1000,False,4,6,[8.11025665 8.75959828 4.        ],exiting,[-0.82138112 -0.19970136 -0.21083176]
982.7819457054138,1001,False,2,1,[-6.26024374  5.74791872  3.99246859],cruising,[-0.48080528  0.59740651 -0.20557775]
982.7819457054138,1002,False,4,2,[ 2.94824798 -3.52049744  3.98984829],cruising,[ 0.5677905  -0.59831228 -0.99408226]
982.7819457054138,1003,False,0,3,[2.892501   8.58360367 1.29678355],queued,[ 0.63925976  0.24903542 -0.34837281]
982.7819457054138,1004,False,1,5,[-2.66749868 -3.54311478  4.00000003],cruising,[-0.62185191  0.08809385  0.93462812]
982.7819457054138,1005,False,3,4,[-1.56393029 -6.03551952  2.98194938],entering,[ 0.50568378 -0.03156594 -0.11489306]
982.8794724941254,1000,False,4,6,[8.14530894 8.85325369 4.        ],exiting,[-0.82138112 -0.19970136 -0.21083176]
982.8794724941254,1001,False,2,1,[-6.17417273  5.91689783  3.99465874],cruising,[-0.48080528  0.59740651 -0.20557775]
982.8794724941254,1002,False,4,2,[ 2.7612712  -3.44950672  3.99137105],cruising,[ 0.5677905  -0.59831228 -0.99408226]
982.8794724941254,1003,False,0,3,[2.892501   8.58360367 1.31678355],queued,[ 0.63925976  0.24903542 -0.34837281]
982.8794724941254,1004,False,1,5,[-2.81206943 -3.45846713  3.99999989],cruising,[-0.62185191  0.08809385  0.93462812]
982.8794724941254,1005,False,3,4,[-1.63266238 -5.84770073  3.05694938],entering,[ 0.50568378 -0.03156594 -0.11489306]
982.9846448898315,1000,False,4,6,[8.18036123 8.94690911 4.        ],exiting,[-0.82138112 -0.19970136 -0.21083176]
982.9846448898315,1001,False,2,1,[-6.0722149   6.07373031  3.99658795],cruising,[-0.48080528  0.59740651 -0.20557775]
982.9846448898315,1002,False,4,2,[ 2.57367767 -3.38016215  3.99266539],cruising,[ 0.5677905  -0.59831228 -0.99408226]
982.9846448898315,1003,False,0,3,[2.892501   8.58360367 1.35678355],queued,[ 0.63925976  0.24903542 -0.34837281]
982.9846448898315,1004,False,1,5,[-2.94175263 -3.36046431  3.99999976],cruising,[-0.62185191  0.08809385  0.93462812]
982.9846448898315,1005,False,3,4,[-1.70139447 -5.65988193  3.13194938],entering,[ 0.50568378 -0.03156594 -0.11489306]
983.0821015834808,1000,False,4,6,[8.21541352 9.04056453 4.        ],exiting,[-0.82138112 -0.19970136 -0.21083176]
983.0821015834808,1001,False,2,1,[-5.95526974  6.21732252  3.99824282],cruising,[-0.48080528  0.59740651 -0.20557775]
983.0821015834808,1002,False,4,2,[ 2.38564228 -3.31202484  3.99376558],cruising,[ 0.5677905  -0.59831228 -0.99408226]
983.0821015834808,1003,False,0,3,[2.892501   8.58360367 1.41678355],queued,[ 0.63925976  0.24903542 -0.34837281]
983.0821015834808,1004,False,1,5,[-3.05524412 -3.25072145  3.99999965],cruising,[-0.62185191  0.08809385  0.93462812]
983.0821015834808,1005,False,3,4,[-1.7712654  -5.47248382  3.20694938],entering,[ 0.50568378 -0.03156594 -0.11489306]
983.1792662143707,1000,False,4,6,[8.25046581 9.13421994 4.        ],landing,[-0.82138112 -0.19970136 -0.21083176]
983.1792662143707,1001,False,2,1,[-5.82422713  6.34673092  3.999612  ],cruising,[-0.48080528  0.59740651 -0.20557775]
983.1792662143707,1002,False,4,2,[ 2.19670797 -3.24642131  3.99470074],cruising,[ 0.5677905  -0.59831228 -0.99408226]
983.1792662143707,1003,False,0,3,[2.892501   8.58360367 1.49178355],queued,[ 0.63925976  0.24903542 -0.34837281]
983.1792662143707,1004,False,1,5,[-3.15144198 -3.13093218  3.99999955],cruising,[-0.62185191  0.08809385  0.93462812]
983.1792662143707,1005,False,3,4,[-1.8404489  -5.28483083  3.28194938],entering,[ 0.50568378 -0.03156594 -0.11489306]
983.2798614501953,1000,False,4,6,[8.28369877 9.21376928 3.98593912],landing,[-0.82138112 -0.19970136 -0.21083176]
983.2798614501953,1001,False,2,1,[-5.67993249  6.4611628   4.00068564],cruising,[-0.48080528  0.59740651 -0.20557775]
983.2798614501953,1002,False,4,2,[ 2.0067005  -3.18399404  3.99549563],cruising,[ 0.5677905  -0.59831228 -0.99408226]
983.2798614501953,1003,False,0,3,[2.892501   8.58360367 1.56678355],queued,[ 0.63925976  0.24903542 -0.34837281]
983.2798614501953,1004,False,1,5,[-3.22972456 -3.0022523   3.99999948],cruising,[-0.62185191  0.08809385  0.93462812]
983.2798614501953,1005,False,3,4,[-1.91134519 -5.09781822  3.35694938],entering,[ 0.50568378 -0.03156594 -0.11489306]
983.3911647796631,1000,False,4,6,[8.31501686 9.27906441 3.95798035],landing,[-0.82138112 -0.19970136 -0.21083176]
983.3911647796631,1001,False,2,1,[-5.52315321  6.55997286  4.00145497],cruising,[-0.48080528  0.59740651 -0.20557775]
983.3911647796631,1002,False,4,2,[ 1.81604259 -3.12358244  3.99617129],cruising,[ 0.5677905  -0.59831228 -0.99408226]
983.3911647796631,1003,False,0,3,[2.892501   8.58360367 1.64178355],queued,[ 0.63925976  0.24903542 -0.34837281]
983.3911647796631,1004,False,1,5,[-3.28972487 -2.86546328  3.99999943],cruising,[-0.62185191  0.08809385  0.93462812]
983.3911647796631,1005,False,3,4,[-1.98285922 -4.91104097  3.43194938],entering,[ 0.50568378 -0.03156594 -0.11489306]
983.4824922084808,1000,False,4,6,[8.34430669 9.3299317  3.91632037],landing,[-0.82138112 -0.19970136 -0.21083176]
983.4824922084808,1001,False,2,1,[-5.35488768  6.64241288  4.00192778],cruising,[-0.48080528  0.59740651 -0.20557775]
983.4824922084808,1002,False,4,2,[ 1.62390355 -3.06806139  3.99674559],cruising,[ 0.5677905  -0.59831228 -0.99408226]
983.4824922084808,1003,False,0,3,[2.892501   8.58360367 1.71678355],queued,[ 0.63925976  0.24903542 -0.34837281]
983.4824922084808,1004,False,1,5,[-3.33126836 -2.72097062  3.99999939],cruising,[-0.62185191  0.08809385  0.93462812]
983.4824922084808,1005,False,3,4,[-2.05463556 -4.72436436  3.50694938],entering,[ 0.50568378 -0.03156594 -0.11489306]
983.5822653770447,1000,False,4,6,[8.37141163 9.36613509 3.86123666],landing,[-0.82138112 -0.19970136 -0.21083176]
983.5822653770447,1001,False,2,1,[-5.17553934  6.70820728  4.00209282],cruising,[-0.48080528  0.59740651 -0.20557775]
983.5822653770447,1002,False,4,2,[ 1.43009271 -3.01869175  3.99723375],cruising,[ 0.5677905  -0.59831228 -0.99408226]
983.5822653770447,1003,False,0,3,[2.892501   8.58360367 1.79178355],queued,[ 0.63925976  0.24903542 -0.34837281]
983.5822653770447,1004,False,1,5,[-3.35428184 -2.56895207  3.99999938],cruising,[-0.62185191  0.08809385  0.93462812]
983.5822653770447,1005,False,3,4,[-2.12630542 -4.53764684  3.58090697],entering,[ 0.50568378 -0.03156594 -0.11489306]
983.6849114894867,1000,False,4,6,[8.39619964 9.3874791  3.79296847],landing,[-0.82138112 -0.19970136 -0.21083176]
983.6849114894867,1001,False,2,1,[-4.98512105  6.75734782  4.00193394],cruising,[-0.48080528  0.59740651 -0.20557775]
983.6849114894867,1002,False,4,2,[ 1.23444378 -2.97720088  3.99764869],cruising,[ 0.5677905  -0.59831228 -0.99408226]
983.6849114894867,1003,False,0,3,[2.892501   8.58360367 1.86678355],queued,[ 0.63925976  0.24903542 -0.34837281]
983.6849114894867,1004,False,1,5,[-3.35876886 -2.40939893  3.99999939],cruising,[-0.62185191  0.08809385  0.93462812]
983.6849114894867,1005,False,3,4,[-2.19588056 -4.35013871  3.64377093],entering,[ 0.50568378 -0.03156594 -0.11489306]
983.7799866199493,1000,False,4,6,[8.41854698 9.39378348 3.71174448],landing,[-0.82138112 -0.19970136 -0.21083176]
983.7799866199493,1001,False,2,1,[-4.79007463  6.80158463  4.00164385],cruising,[-0.48080528  0.59740651 -0.20557775]
983.7799866199493,1002,False,4,2,[ 1.036069   -2.95175591  3.99800139],cruising,[ 0.5677905  -0.59831228 -0.99408226]
983.7799866199493,1003,False,0,3,[2.892501   8.58360367 1.94178355],queued,[ 0.63925976  0.24903542 -0.34837281]
983.7799866199493,1004,False,1,5,[-3.34505361 -2.24155861  3.99999942],cruising,[-0.62185191  0.08809385  0.93462812]
983.7799866199493,1005,False,3,4,[-2.2654595  -4.16263198  3.69720529],entering,[ 0.50568378 -0.03156594 -0.11489306]
983.8791406154633,1000,False,4,6,[8.43832757 9.38486754 3.61780225],landing,[-0.82138112 -0.19970136 -0.21083176]
983.8791406154633,1001,False,2,1,[-4.59589824  6.84949629  4.00139727],cruising,[-0.48080528  0.59740651 -0.20557775]
983.8791406154633,1002,False,4,2,[ 0.83638513 -2.94051524  3.99830118],cruising,[ 0.5677905  -0.59831228 -0.99408226]
983.8791406154633,1003,False,0,3,[2.892501   8.58360367 2.01678355],queued,[ 0.63925976  0.24903542 -0.34837281]
983.8791406154633,1004,False,1,5,[-3.31417976 -2.06344296  3.99999948],cruising,[-0.62185191  0.08809385  0.93462812]
983.8791406154633,1005,False,3,4,[-2.32728979 -3.97242942  3.74262449],entering,[ 0.50568378 -0.03156594 -0.11489306]
983.9849128723145,1000,False,4,6,[8.45738332 9.37181022 3.5205069 ],landing,[-0.82138112 -0.19970136 -0.21083176]
983.9849128723145,1001,False,2,1,[-4.4022804   6.89961748  4.00118768],cruising,[-0.48080528  0.59740651 -0.20557775]
983.9849128723145,1002,False,4,2,[ 0.63643734 -2.94508494  3.998556  ],cruising,[ 0.5677905  -0.59831228 -0.99408226]
983.9849128723145,1003,False,0,3,[2.892501   8.58360367 2.09178355],queued,[ 0.63925976  0.24903542 -0.34837281]
983.9849128723145,1004,False,1,5,[-3.27169241 -1.8690446   3.99999956],cruising,[-0.62185191  0.08809385  0.93462812]
983.9849128723145,1005,False,3,4,[-2.38799207 -3.78186386  3.78123082],entering,[ 0.50568378 -0.03156594 -0.11489306]
984.0795347690582,1000,False,4,6,[8.47643907 9.35875289 3.42321155],landing,[-0.82138112 -0.19970136 -0.21083176]
984.0795347690582,1001,False,2,1,[-4.20890328  6.9506595   4.00100953],cruising,[-0.48080528  0.59740651 -0.20557775]
984.0795347690582,1002,False,4,2,[ 0.43738608 -2.96454246  3.9987726 ],cruising,[ 0.5677905  -0.59831228 -0.99408226]
984.0795347690582,1003,False,0,3,[2.892501   8.58360367 2.16678355],queued,[ 0.63925976  0.24903542 -0.34837281]
984.0795347690582,1004,False,1,5,[-3.24487255 -1.67085102  3.99999962],cruising,[-0.62185191  0.08809385  0.93462812]
984.0795347690582,1005,False,3,4,[-2.44868602 -3.59129564  3.8140462 ],cruising,[ 0.50568378 -0.03156594 -0.11489306]
984.1829710006714,1000,False,4,6,[8.49549482 9.34569557 3.3259162 ],landing,[-0.82138112 -0.19970136 -0.21083176]
984.1829710006714,1001,False,2,1,[-4.01484883  6.99906271  4.0008581 ],cruising,[-0.48080528  0.59740651 -0.20557775]
984.1829710006714,1002,False,4,2,[ 0.240248   -2.99825567  3.99895671],cruising,[ 0.5677905  -0.59831228 -0.99408226]
984.1829710006714,1003,False,0,3,[2.892501   8.58360367 2.24178355],queued,[ 0.63925976  0.24903542 -0.34837281]
984.1829710006714,1004,False,1,5,[-3.23448414 -1.471121    3.99999968],cruising,[-0.62185191  0.08809385  0.93462812]
984.1829710006714,1005,False,3,4,[-2.50333375 -3.39890639  3.84193927],cruising,[ 0.50568378 -0.03156594 -0.11489306]
984.287122964859,1000,False,4,6,[8.51455056 9.33263825 3.22862085],landing,[-0.82138112 -0.19970136 -0.21083176]
984.287122964859,1001,False,2,1,[-3.82063955  7.04684093  4.00072938],cruising,[-0.48080528  0.59740651 -0.20557775]
984.287122964859,1002,False,4,2,[ 0.04586859 -3.0453369   3.99911321],cruising,[ 0.5677905  -0.59831228 -0.99408226]
984.287122964859,1003,False,0,3,[2.892501   8.58360367 2.31678355],queued,[ 0.63925976  0.24903542 -0.34837281]
984.287122964859,1004,False,1,5,[-3.23994724 -1.27119562  3.99999973],cruising,[-0.62185191  0.08809385  0.93462812]
984.287122964859,1005,False,3,4,[-2.55310865 -3.20519924  3.86564838],cruising,[ 0.50568378 -0.03156594 -0.11489306]
984.3801248073578,1000,False,4,6,[8.53360631 9.31958092 3.13132551],landing,[-0.82138112 -0.19970136 -0.21083176]
984.3801248073578,1001,False,2,1,[-3.62605584  7.09307056  4.00061998],cruising,[-0.48080528  0.59740651 -0.20557775]
984.3801248073578,1002,False,4,2,[-0.14514723 -3.1046071   3.99924622],cruising,[ 0.5677905  -0.59831228 -0.99408226]
984.3801248073578,1003,False,0,3,[2.892501   8.58360367 2.39178355],entering,[ 0.63925976  0.24903542 -0.34837281]
984.3801248073578,1004,False,1,5,[-3.2592405  -1.07212837  3.99999977],cruising,[-0.62185191  0.08809385  0.93462812]
984.3801248073578,1005,False,3,4,[-2.59580945 -3.0098108   3.88580112],cruising,[ 0.50568378 -0.03156594 -0.11489306]
984.4795987606049,1000,False,4,6,[8.55266206 9.3065236  3.03403016],landing,[-0.82138112 -0.19970136 -0.21083176]
984.4795987606049,1001,False,2,1,[-3.43040048  7.13453115  4.00052698],cruising,[-0.48080528  0.59740651 -0.20557775]
984.4795987606049,1002,False,4,2,[-0.3312913  -3.17775344  3.99935929],cruising,[ 0.5677905  -0.59831228 -0.99408226]
984.4795987606049,1003,False,0,3,[2.88889053 8.56393226 2.46678355],entering,[ 0.63925976  0.24903542 -0.34837281]
984.4795987606049,1004,False,1,5,[-3.2920982  -0.87484591  3.9999998 ],cruising,[-0.62185191  0.08809385  0.93462812]
984.4795987606049,1005,False,3,4,[-2.63800658 -2.81431297  3.90293095],cruising,[ 0.50568378 -0.03156594 -0.11489306]
984.5852982997894,1000,False,4,6,[8.5717178  9.29346628 2.93673481],landing,[-0.82138112 -0.19970136 -0.21083176]
984.5852982997894,1001,False,2,1,[-3.23419361  7.17329791  4.00044793],cruising,[-0.48080528  0.59740651 -0.20557775]
984.5852982997894,1002,False,4,2,[-0.51317184 -3.26093678  3.9994554 ],cruising,[ 0.5677905  -0.59831228 -0.99408226]
984.5852982997894,1003,False,0,3,[2.88169412 8.52458494 2.54178355],entering,[ 0.63925976  0.24903542 -0.34837281]
984.5852982997894,1004,False,1,5,[-3.337409   -0.68004619  3.99999983],cruising,[-0.62185191  0.08809385  0.93462812]
984.5852982997894,1005,False,3,4,[-2.67767897 -2.6182872   3.91749131],cruising,[ 0.50568378 -0.03156594 -0.11489306]
984.682412147522,1000,False,4,6,[8.59077355 9.28040895 2.83943946],landing,[-0.82138112 -0.19970136 -0.21083176]
984.682412147522,1001,False,2,1,[-3.03733009  7.20857898  4.00038074],cruising,[-0.48080528  0.59740651 -0.20557775]
984.682412147522,1002,False,4,2,[-0.69210926 -3.35027545  3.99953709],cruising,[ 0.5677905  -0.59831228 -0.99408226]
984.682412147522,1003,False,0,3,[2.87115804 8.46551843 2.61678355],entering,[ 0.63925976  0.24903542 -0.34837281]
984.682412147522,1004,False,1,5,[-3.39419719 -0.48827783  3.99999986],cruising,[-0.62185191  0.08809385  0.93462812]
984.682412147522,1005,False,3,4,[-2.7189216  -2.42258578  3.92986761],cruising,[ 0.50568378 -0.03156594 -0.11489306]
984.7809133529663,1000,False,4,6,[8.6098293  9.26735163 2.74214411],landing,[-0.82138112 -0.19970136 -0.21083176]
984.7809133529663,1001,False,2,1,[-2.8393311   7.23679954  4.00032363],cruising,[-0.48080528  0.59740651 -0.20557775]
984.7809133529663,1002,False,4,2,[-0.87003421 -3.44161391  3.99960652],cruising,[ 0.5677905  -0.59831228 -0.99408226]
984.7809133529663,1003,False,0,3,[2.85745862 8.38670368 2.69178355],entering,[ 0.63925976  0.24903542 -0.34837281]
984.7809133529663,1004,False,1,5,[-3.4598103  -0.29934684  3.99999988],cruising,[-0.62185191  0.08809385  0.93462812]
984.7809133529663,1005,False,3,4,[-2.76194443 -2.227268    3.94038747],cruising,[ 0.50568378 -0.03156594 -0.11489306]
984.8850462436676,1000,False,4,6,[8.62888505 9.25429431 2.64484876],landing,[-0.82138112 -0.19970136 -0.21083176]
984.8850462436676,1001,False,2,1,[-2.64071216  7.2602627   4.00027509],cruising,[-0.48080528  0.59740651 -0.20557775]
984.8850462436676,1002,False,4,2,[-1.04938945 -3.53011079  3.99966555],cruising,[ 0.5677905  -0.59831228 -0.99408226]
984.8850462436676,1003,False,0,3,[2.8408342  8.28810397 2.76678355],entering,[ 0.63925976  0.24903542 -0.34837281]
984.8850462436676,1004,False,1,5,[-3.5356996 -0.1143041  3.9999999],cruising,[-0.62185191  0.08809385  0.93462812]
984.8850462436676,1005,False,3,4,[-2.80622206 -2.03223085  3.94932935],cruising,[ 0.50568378 -0.03156594 -0.11489306]
984.979514837265,1000,False,4,6,[8.64794079 9.24123698 2.54755342],landing,[-0.82138112 -0.19970136 -0.21083176]
984.979514837265,1001,False,2,1,[-2.44122454  7.27456966  4.00023382],cruising,[-0.48080528  0.59740651 -0.20557775]
984.979514837265,1002,False,4,2,[-1.23417295 -3.60662914  3.99971571],cruising,[ 0.5677905  -0.59831228 -0.99408226]
984.979514837265,1003,False,0,3,[2.82221194 8.1696043  2.84178355],entering,[ 0.63925976  0.24903542 -0.34837281]
984.979514837265,1004,False,1,5,[-3.62219448  0.06602514  3.99999991],cruising,[-0.62185191  0.08809385  0.93462812]
984.979514837265,1005,False,3,4,[-2.85346147 -1.83788981  3.95692995],cruising,[ 0.50568378 -0.03156594 -0.11489306]
985.0921471118927,1000,False,4,6,[8.66699654 9.22817966 2.45025807],landing,[-0.82138112 -0.19970136 -0.21083176]
985.0921471118927,1001,False,2,1,[-2.2412601   7.27834072  4.00019875],cruising,[-0.48080528  0.59740651 -0.20557775]
985.0921471118927,1002,False,4,2,[-1.42538181 -3.66420772  3.99976014],cruising,[ 0.5677905  -0.59831228 -0.99408226]
985.0921471118927,1003,False,0,3,[2.80277083 8.0311214  2.91678355],entering,[ 0.63925976  0.24903542 -0.34837281]
985.0921471118927,1004,False,1,5,[-3.71631344  0.24249503  3.99999993],cruising,[-0.62185191  0.08809385  0.93462812]
985.0921471118927,1005,False,3,4,[-2.90391177 -1.64435747  3.96339046],cruising,[ 0.50568378 -0.03156594 -0.11489306]
985.1819496154785,1000,False,4,6,[8.68605229 9.21512234 2.35296272],landing,[-0.82138112 -0.19970136 -0.21083176]
985.1819496154785,1001,False,2,1,[-2.04172185  7.26475806  4.00016894],cruising,[-0.48080528  0.59740651 -0.20557775]
985.1819496154785,1002,False,4,2,[-1.62016344 -3.702108    3.99980106],cruising,[ 0.5677905  -0.59831228 -0.99408226]
985.1819496154785,1003,False,0,3,[2.78429074 7.87266159 2.99178355],entering,[ 0.63925976  0.24903542 -0.34837281]
985.1819496154785,1004,False,1,5,[-3.81646206  0.41561421  3.99999994],cruising,[-0.62185191  0.08809385  0.93462812]
985.1819496154785,1005,False,3,4,[-2.95788873 -1.45177895  3.96888189],cruising,[ 0.50568378 -0.03156594 -0.11489306]
985.2875669002533,1000,False,4,6,[8.70510803 9.20206501 2.25566737],landing,[-0.82138112 -0.19970136 -0.21083176]
985.2875669002533,1001,False,2,1,[-1.84436539  7.23234777  4.0001436 ],cruising,[-0.48080528  0.59740651 -0.20557775]
985.2875669002533,1002,False,4,2,[-1.8149809  -3.72000831  3.99983948],cruising,[ 0.5677905  -0.59831228 -0.99408226]
985.2875669002533,1003,False,0,3,[2.76836837 7.69436602 3.06678355],entering,[ 0.63925976  0.24903542 -0.34837281]
985.2875669002533,1004,False,1,5,[-3.92133163  0.58591505  3.99999995],cruising,[-0.62185191  0.08809385  0.93462812]
985.2875669002533,1005,False,3,4,[-3.01575331 -1.26033263  3.9735496 ],cruising,[ 0.50568378 -0.03156594 -0.11489306]
985.3823924064636,1000,False,4,6,[8.72416378 9.18900769 2.15837202],landing,[-0.82138112 -0.19970136 -0.21083176]
985.3823924064636,1001,False,2,1,[-1.64918654  7.18869898  4.00012206],cruising,[-0.48080528  0.59740651 -0.20557775]
985.3823924064636,1002,False,4,2,[-2.00677964 -3.71813776  3.99987564],cruising,[ 0.5677905  -0.59831228 -0.99408226]
985.3823924064636,1003,False,0,3,[2.76258682 7.49883199 3.14178355],entering,[ 0.63925976  0.24903542 -0.34837281]
985.3823924064636,1004,False,1,5,[-4.03090196  0.75323015  3.99999995],cruising,[-0.62185191  0.08809385  0.93462812]
985.3823924064636,1005,False,3,4,[-3.07703814 -1.06995362  3.97751716],cruising,[ 0.50568378 -0.03156594 -0.11489306]
985.4831557273865,1000,False,4,6,[8.74321953 9.17595037 2.06107667],landing,[-0.82138112 -0.19970136 -0.21083176]
985.4831557273865,1001,False,2,1,[-1.4582559   7.12915497  4.00010375],cruising,[-0.48080528  0.59740651 -0.20557775]
985.4831557273865,1002,False,4,2,[-2.19291964 -3.69708443  3.99990956],cruising,[ 0.5677905  -0.59831228 -0.99408226]
985.4831557273865,1003,False,0,3,[2.76760981 7.29889508 3.21678355],entering,[ 0.63925976  0.24903542 -0.34837281]
985.4831557273865,1004,False,1,5,[-4.14279336  0.91900202  3.99999996],cruising,[-0.62185191  0.08809385  0.93462812]
985.4831557273865,1005,False,3,4,[-3.14292978 -0.88111959  3.98088959],cruising,[ 0.50568378 -0.03156594 -0.11489306]
985.5799648761749,1000,False,4,6,[8.76227527 9.16289304 1.96378133],landing,[-0.82138112 -0.19970136 -0.21083176]
985.5799648761749,1001,False,2,1,[-1.27187898  7.05660398  4.00008819],cruising,[-0.48080528  0.59740651 -0.20557775]
985.5799648761749,1002,False,4,2,[-2.37100474 -3.65772487  3.99994119],cruising,[ 0.5677905  -0.59831228 -0.99408226]
985.5799648761749,1003,False,0,3,[2.78622526 7.0997633  3.29178355],entering,[ 0.63925976  0.24903542 -0.34837281]
985.5799648761749,1004,False,1,5,[-4.25641763  1.08359098  3.99999997],cruising,[-0.62185191  0.08809385  0.93462812]
985.5799648761749,1005,False,3,4,[-3.21386684 -0.69412244  3.98375615],cruising,[ 0.50568378 -0.03156594 -0.11489306]
985.6903650760651,1000,False,4,6,[8.78133102 9.14983572 1.86648598],landing,[-0.82138112 -0.19970136 -0.21083176]
985.6903650760651,1001,False,2,1,[-1.08987736  6.97368589  4.00007496],cruising,[-0.48080528  0.59740651 -0.20557775]
985.6903650760651,1002,False,4,2,[-2.53897008 -3.60111449  3.99997041],cruising,[ 0.5677905  -0.59831228 -0.99408226]
985.6903650760651,1003,False,0,3,[2.82170726 6.90293589 3.36678355],entering,[ 0.63925976  0.24903542 -0.34837281]
985.6903650760651,1004,False,1,5,[-4.37086489  1.24760874  3.99999997],cruising,[-0.62185191  0.08809385  0.93462812]
985.6903650760651,1005,False,3,4,[-3.29026692 -0.50929     3.98619273],cruising,[ 0.50568378 -0.03156594 -0.11489306]
985.7856471538544,1000,False,4,6,[8.80038677 9.1367784  1.76919063],landing,[-0.82138112 -0.19970136 -0.21083176]
985.7856471538544,1001,False,2,1,[-0.91176367  6.88271604  4.00006371],cruising,[-0.48080528  0.59740651 -0.20557775]
985.7856471538544,1002,False,4,2,[-2.6949084  -3.52852441  3.99999713],cruising,[ 0.5677905  -0.59831228 -0.99408226]
985.7856471538544,1003,False,0,3,[2.86912855 6.70863916 3.44178355],entering,[ 0.63925976  0.24903542 -0.34837281]
985.7856471538544,1004,False,1,5,[-4.48637286  1.41088124  3.99999998],cruising,[-0.62185191  0.08809385  0.93462812]
985.7856471538544,1005,False,3,4,[-3.37078186 -0.32621258  3.98826382],cruising,[ 0.50568378 -0.03156594 -0.11489306]
985.8874571323395,1000,False,4,6,[8.81944252 9.12372107 1.67189528],landing,[-0.82138112 -0.19970136 -0.21083176]
985.8874571323395,1001,False,2,1,[-0.73575807  6.78773168  4.00005416],cruising,[-0.48080528  0.59740651 -0.20557775]
985.8874571323395,1002,False,4,2,[-2.83716878 -3.44134277  4.0000212 ],cruising,[ 0.5677905  -0.59831228 -0.99408226]
985.8874571323395,1003,False,0,3,[2.93272777 6.51902075 3.51678355],entering,[ 0.63925976  0.24903542 -0.34837281]
985.8874571323395,1004,False,1,5,[-4.60250213  1.57371242  3.99999998],cruising,[-0.62185191  0.08809385  0.93462812]
985.8874571323395,1005,False,3,4,[-3.45770678 -0.14609024  3.99002425],cruising,[ 0.50568378 -0.03156594 -0.11489306]
985.9796829223633,1000,False,4,6,[8.83849826 9.11066375 1.57459993],landing,[-0.82138112 -0.19970136 -0.21083176]
985.9796829223633,1001,False,2,1,[-0.56275898  6.68737574  4.00004603],cruising,[-0.48080528  0.59740651 -0.20557775]
985.9796829223633,1002,False,4,2,[-2.96427918 -3.34110438  4.00004251],cruising,[ 0.5677905  -0.59831228 -0.99408226]
985.9796829223633,1003,False,0,3,[3.00903438 6.33414972 3.58926602],entering,[ 0.63925976  0.24903542 -0.34837281]
985.9796829223633,1004,False,1,5,[-4.71887292  1.73637107  3.99999998],cruising,[-0.62185191  0.08809385  0.93462812]
985.9796829223633,1005,False,3,4,[-3.55145319  0.03057785  3.99152061],cruising,[ 0.50568378 -0.03156594 -0.11489306]
986.082582950592,1000,False,4,6,[8.85755401 9.09760643 1.47730458],fake_landed,[-0.82138112 -0.19970136 -0.21083176]
986.082582950592,1001,False,2,1,[-0.39194846  6.58333842  4.00003913],cruising,[-0.48080528  0.59740651 -0.20557775]
986.082582950592,1002,False,4,2,[-3.07500062 -3.22940295  4.00006089],cruising,[ 0.5677905  -0.59831228 -0.99408226]
986.082582950592,1003,False,0,3,[3.10078048 6.15646459 3.65126112],entering,[ 0.63925976  0.24903542 -0.34837281]
986.082582950592,1004,False,1,5,[-4.83514864  1.89909771  3.99999999],cruising,[-0.62185191  0.08809385  0.93462812]
986.082582950592,1005,False,3,4,[-3.65116888  0.20394676  3.99279252],cruising,[ 0.50568378 -0.03156594 -0.11489306]
986.1822907924652,1000,False,4,6,[8.87279861 9.08716057 1.39946831],fake_landed,[-0.82138112 -0.19970136 -0.21083176]
986.1822907924652,1001,False,2,1,[-0.22203521  6.47784202  4.00003326],cruising,[-0.48080528  0.59740651 -0.20557775]
986.1822907924652,1002,False,4,2,[-3.16824262 -3.10798197  4.00007615],cruising,[ 0.5677905  -0.59831228 -0.99408226]
986.1822907924652,1003,False,0,3,[3.20671476 5.986824   3.70357195],entering,[ 0.63925976  0.24903542 -0.34837281]
986.1822907924652,1004,False,1,5,[-4.95102176  2.06211126  3.99999999],cruising,[-0.62185191  0.08809385  0.93462812]
986.1822907924652,1005,False,3,4,[-3.75762653  0.3732594   3.99387364],cruising,[ 0.50568378 -0.03156594 -0.11489306]
986.2866339683533,1000,False,4,6,[8.88423206 9.07932617 1.3410911 ],fake_landed,[-0.82138112 -0.19970136 -0.21083176]
986.2866339683533,1001,False,2,1,[-0.05316812  6.37067904  4.00002827],cruising,[-0.48080528  0.59740651 -0.20557775]
986.2866339683533,1002,False,4,2,[-3.24344879 -2.97791757  4.00008816],cruising,[ 0.5677905  -0.59831228 -0.99408226]
986.2866339683533,1003,False,0,3,[3.32785711 5.8277234  3.7482918 ],entering,[ 0.63925976  0.24903542 -0.34837281]
986.2866339683533,1004,False,1,5,[-5.06658955  2.22534143  3.99999999],cruising,[-0.62185191  0.08809385  0.93462812]
986.2866339683533,1005,False,3,4,[-3.86719037  0.54057875  3.99479259],cruising,[ 0.50568378 -0.03156594 -0.11489306]
986.3870959281921,1000,False,4,6,[8.89185435 9.07410324 1.30217296],fake_landed,[-0.82138112 -0.19970136 -0.21083176]
986.3870959281921,1001,False,2,1,[0.11552231 6.26323818 4.00002403],cruising,[-0.48080528  0.59740651 -0.20557775]
986.3870959281921,1002,False,4,2,[-3.30035874 -2.83977553  4.00009678],cruising,[ 0.5677905  -0.59831228 -0.99408226]
986.3870959281921,1003,False,0,3,[3.46318783 5.6804631  3.78604803],entering,[ 0.63925976  0.24903542 -0.34837281]
986.3870959281921,1004,False,1,5,[-5.18122924  2.38922475  3.99999999],cruising,[-0.62185191  0.08809385  0.93462812]
986.3870959281921,1005,False,3,4,[-3.9792025   0.70626907  3.9955737 ],cruising,[ 0.50568378 -0.03156594 -0.11489306]
986.4811599254608,1000,False,4,6,[8.8956655  9.07149178 1.28271389],fake_landed,[-0.82138112 -0.19970136 -0.21083176]
986.4811599254608,1001,False,2,1,[0.28429861 6.15593225 4.00002043],cruising,[-0.48080528  0.59740651 -0.20557775]
986.4811599254608,1002,False,4,2,[-3.33880149 -2.69395477  4.00010192],cruising,[ 0.5677905  -0.59831228 -0.99408226]
986.4811599254608,1003,False,0,3,[3.61202024 5.54692453 3.81838037],entering,[ 0.63925976  0.24903542 -0.34837281]
986.4811599254608,1004,False,1,5,[-5.29464062  2.55396047  3.99999999],cruising,[-0.62185191  0.08809385  0.93462812]
986.4811599254608,1005,False,3,4,[-4.09309821  0.87067031  3.99623765],cruising,[ 0.50568378 -0.03156594 -0.11489306]
986.5802755355835,1000,False,4,6,[8.8956655  9.07149178 1.28271389],fake_landed,[-0.82138112 -0.19970136 -0.21083176]
986.5802755355835,1001,False,2,1,[0.45357847 6.04942249 4.00001736],cruising,[-0.48080528  0.59740651 -0.20557775]
986.5802755355835,1002,False,4,2,[-3.35866114 -2.54074023  4.00010348],cruising,[ 0.5677905  -0.59831228 -0.99408226]
986.5802755355835,1003,False,0,3,[3.77309005 5.42837074 3.84564294],cruising,[ 0.63925976  0.24903542 -0.34837281]
986.5802755355835,1004,False,1,5,[-5.40651186  2.71974595  3.99999999],cruising,[-0.62185191  0.08809385  0.93462812]
986.5802755355835,1005,False,3,4,[-4.20839309  1.03409335  3.996802  ],cruising,[ 0.50568378 -0.03156594 -0.11489306]
986.6869449615479,1000,False,6,0,[8.8956655  9.07149178 1.28271389],waiting,[-0.82138112 -0.19970136 -0.21083176]
986.6869449615479,1001,False,2,1,[0.62362375 5.94413905 4.00001476],cruising,[-0.48080528  0.59740651 -0.20557775]
986.6869449615479,1002,False,4,2,[-3.36003837 -2.37988367  4.00010137],cruising,[ 0.5677905  -0.59831228 -0.99408226]
986.6869449615479,1003,False,0,3,[3.94465177 5.32557688 3.8687965 ],cruising,[ 0.63925976  0.24903542 -0.34837281]
986.6869449615479,1004,False,1,5,[-5.51650632  2.88678253  3.99999999],cruising,[-0.62185191  0.08809385  0.93462812]
986.6869449615479,1005,False,3,4,[-4.32466961  1.19681941  3.9972817 ],cruising,[ 0.50568378 -0.03156594 -0.11489306]
986.783522605896,1000,False,6,0,[8.8956655  9.07149178 1.28271389],waiting,[-0.82138112 -0.19970136 -0.21083176]
986.783522605896,1001,False,2,1,[0.79519869 5.84136728 4.00001254],cruising,[-0.48080528  0.59740651 -0.20557775]
986.783522605896,1002,False,4,2,[-3.34331933 -2.21051096  4.00009548],cruising,[ 0.5677905  -0.59831228 -0.99408226]
986.783522605896,1003,False,0,3,[4.12403125 5.23712914 3.88847703],cruising,[ 0.63925976  0.24903542 -0.34837281]
986.783522605896,1004,False,1,5,[-5.62541291  3.05453042  4.        ],cruising,[-0.62185191  0.08809385  0.93462812]
986.783522605896,1005,False,3,4,[-4.44156438  1.35910192  3.99768945],cruising,[ 0.50568378 -0.03156594 -0.11489306]
986.891478061676,1000,False,6,0,[8.8956655  9.07149178 1.28271389],waiting,[-0.82138112 -0.19970136 -0.21083176]
986.891478061676,1001,False,2,1,[0.96811654 5.74087141 4.00001066],cruising,[-0.48080528  0.59740651 -0.20557775]
986.891478061676,1002,False,4,2,[-3.30971594 -2.03041823  4.00008572],cruising,[ 0.5677905  -0.59831228 -0.99408226]
986.891478061676,1003,False,0,3,[4.3095155  5.16232546 3.90520547],cruising,[ 0.63925976  0.24903542 -0.34837281]
986.891478061676,1004,False,1,5,[-5.73160095  3.22401228  4.        ],cruising,[-0.62185191  0.08809385  0.93462812]
986.891478061676,1005,False,3,4,[-4.55875656  1.52116979  3.99803603],cruising,[ 0.50568378 -0.03156594 -0.11489306]
986.9890341758728,1000,False,6,0,[8.8956655  9.07149178 1.28271389],waiting,[-0.82138112 -0.19970136 -0.21083176]
986.9890341758728,1001,False,2,1,[1.14339379 5.64454964 4.00000906],cruising,[-0.48080528  0.59740651 -0.20557775]
986.9890341758728,1002,False,4,2,[-3.26883795 -1.83464032  4.00007286],cruising,[ 0.5677905  -0.59831228 -0.99408226]
986.9890341758728,1003,False,0,3,[4.49923621 5.09903207 3.91942465],cruising,[ 0.63925976  0.24903542 -0.34837281]
986.9890341758728,1004,False,1,5,[-5.83460138  3.39545005  4.        ],cruising,[-0.62185191  0.08809385  0.93462812]
986.9890341758728,1005,False,3,4,[-4.67592883  1.68325205  3.99833062],cruising,[ 0.50568378 -0.03156594 -0.11489306]
987.0848457813263,1000,False,6,0,[8.8956655  9.07149178 1.28271389],waiting,[-0.82138112 -0.19970136 -0.21083176]
987.0848457813263,1001,False,2,1,[1.32046471 5.55156636 4.0000077 ],cruising,[-0.48080528  0.59740651 -0.20557775]
987.0848457813263,1002,False,4,2,[-3.24451361 -1.63612501  4.00006193],cruising,[ 0.5677905  -0.59831228 -0.99408226]
987.0848457813263,1003,False,0,3,[4.6917837  5.04494449 3.93151095],cruising,[ 0.63925976  0.24903542 -0.34837281]
987.0848457813263,1004,False,1,5,[-5.93384469  3.56908981  4.        ],cruising,[-0.62185191  0.08809385  0.93462812]
987.0848457813263,1005,False,3,4,[-4.79298515  1.84541806  3.99858103],cruising,[ 0.50568378 -0.03156594 -0.11489306]
987.1819143295288,1000,False,6,0,[8.8956655  9.07149178 1.28271389],waiting,[-0.82138112 -0.19970136 -0.21083176]
987.1819143295288,1001,False,2,1,[1.49954502 5.46251444 4.00000655],cruising,[-0.48080528  0.59740651 -0.20557775]
987.1819143295288,1002,False,4,2,[-3.2362438  -1.43629606  4.00005264],cruising,[ 0.5677905  -0.59831228 -0.99408226]
987.1819143295288,1003,False,0,3,[4.88628266 4.99835958 3.94178431],cruising,[ 0.63925976  0.24903542 -0.34837281]
987.1819143295288,1004,False,1,5,[-6.0286289   3.74520328  4.        ],cruising,[-0.62185191  0.08809385  0.93462812]
987.1819143295288,1005,False,3,4,[-4.90963524  2.00787654  3.99879388],cruising,[ 0.50568378 -0.03156594 -0.11489306]
987.2824766635895,1000,False,6,0,[8.8956655  9.07149178 1.28271389],waiting,[-0.82138112 -0.19970136 -0.21083176]
987.2824766635895,1001,False,2,1,[1.68185087 5.3802674  4.00000557],cruising,[-0.48080528  0.59740651 -0.20557775]
987.2824766635895,1002,False,4,2,[-3.24361865 -1.23643208  4.00004475],cruising,[ 0.5677905  -0.59831228 -0.99408226]
987.2824766635895,1003,False,0,3,[5.08192298 4.95682811 3.95051666],cruising,[ 0.63925976  0.24903542 -0.34837281]
987.2824766635895,1004,False,1,5,[-6.11807681  3.92408612  4.        ],cruising,[-0.62185191  0.08809385  0.93462812]
987.2824766635895,1005,False,3,4,[-5.02560481  2.1708215   3.9989748 ],cruising,[ 0.50568378 -0.03156594 -0.11489306]
987.3797106742859,1000,False,6,0,[8.8956655  9.07149178 1.28271389],waiting,[-0.82138112 -0.19970136 -0.21083176]
987.3797106742859,1001,False,2,1,[1.86635009 5.30306612 4.00000473],cruising,[-0.48080528  0.59740651 -0.20557775]
987.3797106742859,1002,False,4,2,[-3.2656017  -1.03764389  4.00003803],cruising,[ 0.5677905  -0.59831228 -0.99408226]
987.3797106742859,1003,False,0,3,[5.27820158 4.91842612 3.95793916],cruising,[ 0.63925976  0.24903542 -0.34837281]
987.3797106742859,1004,False,1,5,[-6.20107882  4.10604949  4.        ],cruising,[-0.62185191  0.08809385  0.93462812]
987.3797106742859,1005,False,3,4,[-5.14062497  2.33443801  3.99912858],cruising,[ 0.50568378 -0.03156594 -0.11489306]
987.4803984165192,1000,False,6,0,[8.8956655  9.07149178 1.28271389],waiting,[-0.82138112 -0.19970136 -0.21083176]
987.4803984165192,1001,False,2,1,[2.05315032 5.23161212 4.00000402],cruising,[-0.48080528  0.59740651 -0.20557775]
987.4803984165192,1002,False,4,2,[-3.30101864 -0.84080476  4.00003233],cruising,[ 0.5677905  -0.59831228 -0.99408226]
987.4803984165192,1003,False,0,3,[5.47475127 4.8814367  3.96424829],cruising,[ 0.63925976  0.24903542 -0.34837281]
987.4803984165192,1004,False,1,5,[-6.27197604  4.29306175  4.        ],cruising,[-0.62185191  0.08809385  0.93462812]
987.4803984165192,1005,False,3,4,[-5.2550303   2.49848502  3.99925929],cruising,[ 0.50568378 -0.03156594 -0.11489306]
987.5886368751526,1000,False,6,0,[8.8956655  9.07149178 1.28271389],waiting,[-0.82138112 -0.19970136 -0.21083176]
987.5886368751526,1001,False,2,1,[2.24229203 5.16660896 4.00000342],cruising,[-0.48080528  0.59740651 -0.20557775]
987.5886368751526,1002,False,4,2,[-3.34725319 -0.64622222  4.00002748],cruising,[ 0.5677905  -0.59831228 -0.99408226]
987.5886368751526,1003,False,0,3,[5.67160408 4.8460959  3.96961105],cruising,[ 0.63925976  0.24903542 -0.34837281]
987.5886368751526,1004,False,1,5,[-6.33302096  4.48351782  4.        ],exiting,[-0.62185191  0.08809385  0.93462812]
987.5886368751526,1005,False,3,4,[-5.36793915  2.66356558  3.9993704 ],cruising,[ 0.50568378 -0.03156594 -0.11489306]
987.6868188381195,1000,False,6,0,[8.8956655  9.07149178 1.28271389],queued,[-0.82138112 -0.19970136 -0.21083176]
987.6868188381195,1001,False,2,1,[2.43602941 5.11695185 4.00000291],cruising,[-0.48080528  0.59740651 -0.20557775]
987.6868188381195,1002,False,4,2,[-3.40494501 -0.45472378  4.00002336],cruising,[ 0.5677905  -0.59831228 -0.99408226]
987.6868188381195,1003,False,0,3,[5.86816796 4.80918195 3.97416939],cruising,[ 0.63925976  0.24903542 -0.34837281]
987.6868188381195,1004,False,1,5,[-6.39373533  4.65397663  4.        ],exiting,[-0.62185191  0.08809385  0.93462812]
987.6868188381195,1005,False,3,4,[-5.47904129  2.82986746  3.99946484],cruising,[ 0.50568378 -0.03156594 -0.11489306]
987.7795238494873,1000,False,6,0,[8.8956655  9.07149178 1.30271389],queued,[-0.82138112 -0.19970136 -0.21083176]
987.7795238494873,1001,False,2,1,[2.63176205 5.07585764 4.00000247],cruising,[-0.48080528  0.59740651 -0.20557775]
987.7795238494873,1002,False,4,2,[-3.4733137  -0.26677239  4.00001985],cruising,[ 0.5677905  -0.59831228 -0.99408226]
987.7795238494873,1003,False,0,3,[6.06416599 4.76937275 3.97804398],cruising,[ 0.63925976  0.24903542 -0.34837281]
987.7795238494873,1004,False,1,5,[-6.4543405   4.80443574  4.        ],exiting,[-0.62185191  0.08809385  0.93462812]
987.7795238494873,1005,False,3,4,[-5.58799064  2.99758757  3.99954511],cruising,[ 0.50568378 -0.03156594 -0.11489306]
987.8882122039795,1000,False,6,0,[8.8956655  9.07149178 1.34271389],queued,[-0.82138112 -0.19970136 -0.21083176]
987.8882122039795,1001,False,2,1,[2.82887234 5.04198234 4.0000021 ],cruising,[-0.48080528  0.59740651 -0.20557775]
987.8882122039795,1002,False,4,2,[-3.54967935 -0.08192573  4.00001688],cruising,[ 0.5677905  -0.59831228 -0.99408226]
987.8882122039795,1003,False,0,3,[6.25926796 4.72538159 3.98133738],cruising,[ 0.63925976  0.24903542 -0.34837281]
987.8882122039795,1004,False,1,5,[-6.51514776  4.93489587  4.        ],exiting,[-0.62185191  0.08809385  0.93462812]
987.8882122039795,1005,False,3,4,[-5.69438987  3.16693693  3.99961334],cruising,[ 0.50568378 -0.03156594 -0.11489306]
987.9883236885071,1000,False,6,0,[8.8956655  9.07149178 1.40271389],queued,[-0.82138112 -0.19970136 -0.21083176]
987.9883236885071,1001,False,2,1,[3.02691491 5.01406927 4.00000178],cruising,[-0.48080528  0.59740651 -0.20557775]
987.9883236885071,1002,False,4,2,[-3.63680622  0.09809901  4.00001434],exiting,[ 0.5677905  -0.59831228 -0.99408226]
987.9883236885071,1003,False,0,3,[6.45305474 4.67591762 3.98413678],cruising,[ 0.63925976  0.24903542 -0.34837281]
987.9883236885071,1004,False,1,5,[-6.57648824  5.04536311  4.        ],exiting,[-0.62185191  0.08809385  0.93462812]
987.9883236885071,1005,False,3,4,[-5.79777128  3.33814524  3.99967134],cruising,[ 0.50568378 -0.03156594 -0.11489306]
988.0863809585571,1000,False,6,0,[8.8956655  9.07149178 1.47771389],queued,[-0.82138112 -0.19970136 -0.21083176]
988.0863809585571,1001,False,2,1,[3.22557676 4.99097232 4.00000152],cruising,[-0.48080528  0.59740651 -0.20557775]
988.0863809585571,1002,False,4,2,[-3.72414406  0.25812486  4.00001181],exiting,[ 0.5677905  -0.59831228 -0.99408226]
988.0863809585571,1003,False,0,3,[6.64497767 4.61965406 3.98651626],cruising,[ 0.63925976  0.24903542 -0.34837281]
988.0863809585571,1004,False,1,5,[-6.63867407  5.13584822  4.        ],exiting,[-0.62185191  0.08809385  0.93462812]
988.0863809585571,1005,False,3,4,[-5.89757266  3.51146484  3.99972064],cruising,[ 0.50568378 -0.03156594 -0.11489306]
988.1854822635651,1000,False,6,0,[8.8956655  9.07149178 1.55271389],entering,[-0.82138112 -0.19970136 -0.21083176]
988.1854822635651,1001,False,2,1,[3.42464224 4.97166085 4.00000129],cruising,[-0.48080528  0.59740651 -0.20557775]
988.1854822635651,1002,False,4,2,[-3.81152896  0.39815077  4.00000932],exiting,[ 0.5677905  -0.59831228 -0.99408226]
988.1854822635651,1003,False,0,3,[6.83430976 4.55520748 3.98853882],cruising,[ 0.63925976  0.24903542 -0.34837281]
988.1854822635651,1004,False,1,5,[-6.70160906  5.21356043  4.        ],exiting,[-0.62185191  0.08809385  0.93462812]
988.1854822635651,1005,False,3,4,[-5.9931057   3.68717323  3.99976255],cruising,[ 0.50568378 -0.03156594 -0.11489306]
988.2803421020508,1000,False,6,0,[8.8914392  9.05194342 1.62771389],entering,[-0.82138112 -0.19970136 -0.21083176]
988.2803421020508,1001,False,2,1,[3.62396482 4.95521369 4.0000011 ],cruising,[-0.48080528  0.59740651 -0.20557775]
988.2803421020508,1002,False,4,2,[-3.89877855  0.51817713  4.00000689],exiting,[ 0.5677905  -0.59831228 -0.99408226]
988.2803421020508,1003,False,0,3,[7.02008698 4.48113438 3.990258  ],cruising,[ 0.63925976  0.24903542 -0.34837281]
988.2803421020508,1004,False,1,5,[-6.76454404  5.29127263  4.        ],exiting,[-0.62185191  0.08809385  0.93462812]
988.2803421020508,1005,False,3,4,[-6.08351411  3.86557256  3.99979816],cruising,[ 0.50568378 -0.03156594 -0.11489306]
988.3840429782867,1000,False,6,0,[8.88298659 9.0128467  1.70271389],entering,[-0.82138112 -0.19970136 -0.21083176]
988.3840429782867,1001,False,2,1,[3.82344527 4.94080709 4.00000093],cruising,[-0.48080528  0.59740651 -0.20557775]
988.3840429782867,1002,False,4,2,[-3.98568713  0.61820641  4.00000457],exiting,[ 0.5677905  -0.59831228 -0.99408226]
988.3840429782867,1003,False,0,3,[7.20104098 4.39595429 3.9917193 ],cruising,[ 0.63925976  0.24903542 -0.34837281]
988.3840429782867,1004,False,1,5,[-6.82747903  5.36898484  4.        ],exiting,[-0.62185191  0.08809385  0.93462812]
988.3840429782867,1005,False,3,4,[-6.16771765  4.04698304  3.99982844],cruising,[ 0.50568378 -0.03156594 -0.11489306]
988.4791567325592,1000,False,6,0,[8.87030767 8.95420162 1.77771389],entering,[-0.82138112 -0.19970136 -0.21083176]
988.4791567325592,1001,False,2,1,[4.0230153  4.92769974 4.00000079],cruising,[-0.48080528  0.59740651 -0.20557775]
988.4791567325592,1002,False,4,2,[-4.0720161   0.69824408  4.0000024 ],exiting,[ 0.5677905  -0.59831228 -0.99408226]
988.4791567325592,1003,False,0,3,[7.37553049 4.29821272 3.9929614 ],cruising,[ 0.63925976  0.24903542 -0.34837281]
988.4791567325592,1004,False,1,5,[-6.89041402  5.44669705  4.        ],exiting,[-0.62185191  0.08809385  0.93462812]
988.4791567325592,1005,False,3,4,[-6.24433714  4.23172463  3.99985417],cruising,[ 0.50568378 -0.03156594 -0.11489306]
988.5805358886719,1000,False,6,0,[8.85340245 8.87600819 1.85271389],entering,[-0.82138112 -0.19970136 -0.21083176]
988.5805358886719,1001,False,2,1,[4.22260029 4.91482207 4.00000067],cruising,[-0.48080528  0.59740651 -0.20557775]
988.5805358886719,1002,False,4,2,[-4.15747184  0.75830083  4.00000046],exiting,[ 0.5677905  -0.59831228 -0.99408226]
988.5805358886719,1003,False,0,3,[7.53918551 4.1836607  3.99405291],cruising,[ 0.63925976  0.24903542 -0.34837281]
988.5805358886719,1004,False,1,5,[-6.95334901  5.52440926  4.        ],exiting,[-0.62185191  0.08809385  0.93462812]
988.5805358886719,1005,False,3,4,[-6.31159532  4.42007626  3.99987605],cruising,[ 0.50568378 -0.03156594 -0.11489306]
988.6827344894409,1000,False,6,0,[8.83227255 8.77826604 1.92771389],entering,[-0.82138112 -0.19970136 -0.21083176]
988.6827344894409,1001,False,2,1,[4.42221117 4.90235233 4.00000057],cruising,[-0.48080528  0.59740651 -0.20557775]
988.6827344894409,1002,False,4,2,[-4.24164236  0.79839891  3.99999882],exiting,[ 0.5677905  -0.59831228 -0.99408226]
988.6827344894409,1003,False,0,3,[7.69058534 4.0533042  3.99497503],cruising,[ 0.63925976  0.24903542 -0.34837281]
988.6827344894409,1004,False,1,5,[-7.01628399  5.60212147  4.        ],exiting,[-0.62185191  0.08809385  0.93462812]
988.6827344894409,1005,False,3,4,[-6.36091511  4.61389978  3.99989464],cruising,[ 0.50568378 -0.03156594 -0.11489306]
988.791419506073,1000,False,6,0,[8.80707494 8.66094192 2.00271389],entering,[-0.82138112 -0.19970136 -0.21083176]
988.791419506073,1001,False,2,1,[4.62180387 4.88959484 4.00000049],cruising,[-0.48080528  0.59740651 -0.20557775]
988.791419506073,1002,False,4,2,[-4.324274    0.81855628  3.99999752],exiting,[ 0.5677905  -0.59831228 -0.99408226]
988.791419506073,1003,False,0,3,[7.82817147 3.90848527 3.99575768],cruising,[ 0.63925976  0.24903542 -0.34837281]
988.791419506073,1004,False,1,5,[-7.07921898  5.67983368  4.        ],exiting,[-0.62185191  0.08809385  0.93462812]
988.791419506073,1005,False,3,4,[-6.39059436  4.81149815  3.99991088],cruising,[ 0.50568378 -0.03156594 -0.11489306]
988.8879897594452,1000,False,6,0,[8.77805506 8.52398644 2.07771389],entering,[-0.82138112 -0.19970136 -0.21083176]
988.8879897594452,1001,False,2,1,[4.82133446 4.87590014 4.00000041],cruising,[-0.48080528  0.59740651 -0.20557775]
988.8879897594452,1002,False,4,2,[-4.40510899  0.81879452  3.99999663],exiting,[ 0.5677905  -0.59831228 -0.99408226]
988.8879897594452,1003,False,0,3,[7.95011527 3.75120394 3.99646199],cruising,[ 0.63925976  0.24903542 -0.34837281]
988.8879897594452,1004,False,1,5,[-7.14215397  5.75754588  4.        ],exiting,[-0.62185191  0.08809385  0.93462812]
988.8879897594452,1005,False,3,4,[-6.40036508  5.01100704  3.99992476],cruising,[ 0.50568378 -0.03156594 -0.11489306]
988.9821171760559,1000,False,6,0,[8.7456166  8.36732529 2.15271389],entering,[-0.82138112 -0.19970136 -0.21083176]
988.9821171760559,1001,False,2,1,[5.02075176 4.8606443  4.00000035],cruising,[-0.48080528  0.59740651 -0.20557775]
988.9821171760559,1002,False,4,2,[-4.48388537  0.79913899  3.99999618],exiting,[ 0.5677905  -0.59831228 -0.99408226]
988.9821171760559,1003,False,0,3,[8.05531453 3.5829858  3.99708284],cruising,[ 0.63925976  0.24903542 -0.34837281]
988.9821171760559,1004,False,1,5,[-7.20508896  5.83525809  4.        ],exiting,[-0.62185191  0.08809385  0.93462812]
988.9821171760559,1005,False,3,4,[-6.39020158  5.20889518  3.99993767],cruising,[ 0.50568378 -0.03156594 -0.11489306]
989.0918319225311,1000,False,6,0,[8.71011487 8.19090013 2.22771389],entering,[-0.82138112 -0.19970136 -0.21083176]
989.0918319225311,1001,False,2,1,[5.22008065 4.84427381 4.0000003 ],cruising,[-0.48080528  0.59740651 -0.20557775]
989.0918319225311,1002,False,4,2,[-4.5603368   0.75961905  3.99999619],exiting,[ 0.5677905  -0.59831228 -0.99408226]
989.0918319225311,1003,False,0,3,[8.14287828 3.40533468 3.99761639],cruising,[ 0.63925976  0.24903542 -0.34837281]
989.0918319225311,1004,False,1,5,[-7.26802394  5.9129703   4.        ],exiting,[-0.62185191  0.08809385  0.93462812]
989.0918319225311,1005,False,3,4,[-6.36043636  5.4028118   3.99994963],cruising,[ 0.50568378 -0.03156594 -0.11489306]
989.1824383735657,1000,False,6,0,[8.67158774 7.99470511 2.30271389],entering,[-0.82138112 -0.19970136 -0.21083176]
989.1824383735657,1001,False,2,1,[5.41916796 4.82518864 4.00000025],cruising,[-0.48080528  0.59740651 -0.20557775]
989.1824383735657,1002,False,4,2,[-4.63419228  0.7002683   3.99999665],exiting,[ 0.5677905  -0.59831228 -0.99408226]
989.1824383735657,1003,False,0,3,[8.21212607 3.21965132 3.99805734],cruising,[ 0.63925976  0.24903542 -0.34837281]
989.1824383735657,1004,False,1,5,[-7.33095893  5.99068251  4.        ],exiting,[-0.62185191  0.08809385  0.93462812]
989.1824383735657,1005,False,3,4,[-6.3115828   5.59075893  3.99996056],cruising,[ 0.50568378 -0.03156594 -0.11489306]
989.2845311164856,1000,False,6,0,[8.63305196 7.79845274 2.37771389],entering,[-0.82138112 -0.19970136 -0.21083176]
989.2845311164856,1001,False,2,1,[5.61790158 4.80271753 4.00000022],cruising,[-0.48080528  0.59740651 -0.20557775]
989.2845311164856,1002,False,4,2,[-4.70666109  0.6313606   3.99999726],exiting,[ 0.5677905  -0.59831228 -0.99408226]
989.2845311164856,1003,False,0,3,[8.26253722 3.02724703 3.99839833],cruising,[ 0.63925976  0.24903542 -0.34837281]
989.2845311164856,1004,False,1,5,[-7.39389392  6.06839472  4.        ],exiting,[-0.62185191  0.08809385  0.93462812]
989.2845311164856,1005,False,3,4,[-6.24449236  5.77049531  3.99997046],cruising,[ 0.50568378 -0.03156594 -0.11489306]
989.3836004734039,1000,False,6,0,[8.59507073 7.60209229 2.45271389],entering,[-0.82138112 -0.19970136 -0.21083176]
989.3836004734039,1001,False,2,1,[5.81612924 4.7761508  4.00000018],cruising,[-0.48080528  0.59740651 -0.20557775]
989.3836004734039,1002,False,4,2,[-4.7791299   0.56245289  3.99999775],exiting,[ 0.5677905  -0.59831228 -0.99408226]
989.3836004734039,1003,False,0,3,[8.3002789  2.83084039 3.99863858],cruising,[ 0.63925976  0.24903542 -0.34837281]
989.3836004734039,1004,False,1,5,[-7.45682891  6.14610693  4.        ],exiting,[-0.62185191  0.08809385  0.93462812]
989.3836004734039,1005,False,3,4,[-6.16026544  5.93991952  3.99997936],cruising,[ 0.50568378 -0.03156594 -0.11489306]
989.4833106994629,1000,False,6,0,[8.55967973 7.4052485  2.52771389],entering,[-0.82138112 -0.19970136 -0.21083176]
989.4833106994629,1001,False,2,1,[6.0136442  4.74472087 4.00000016],cruising,[-0.48080528  0.59740651 -0.20557775]
989.4833106994629,1002,False,4,2,[-4.85159871  0.49354519  3.99999816],exiting,[ 0.5677905  -0.59831228 -0.99408226]
989.4833106994629,1003,False,0,3,[8.33194334 2.63336289 3.99884279],cruising,[ 0.63925976  0.24903542 -0.34837281]
989.4833106994629,1004,False,1,5,[-7.5197639   6.22381913  4.        ],exiting,[-0.62185191  0.08809385  0.93462812]
989.4833106994629,1005,False,3,4,[-6.06010645  6.09725368  3.9999872 ],cruising,[ 0.50568378 -0.03156594 -0.11489306]
989.5838677883148,1000,False,6,0,[8.52551705 7.20818782 2.60271389],entering,[-0.82138112 -0.19970136 -0.21083176]
989.5838677883148,1001,False,2,1,[6.21016596 4.70758329 4.00000013],cruising,[-0.48080528  0.59740651 -0.20557775]
989.5838677883148,1002,False,4,2,[-4.92406752  0.42463749  3.9999985 ],exiting,[ 0.5677905  -0.59831228 -0.99408226]
989.5838677883148,1003,False,0,3,[8.35870372 2.43516127 3.99901637],cruising,[ 0.63925976  0.24903542 -0.34837281]
989.5838677883148,1004,False,1,5,[-7.58269888  6.30153134  4.        ],exiting,[-0.62185191  0.08809385  0.93462812]
989.5838677883148,1005,False,3,4,[-5.94493318  6.24137529  3.99999392],cruising,[ 0.50568378 -0.03156594 -0.11489306]
989.6906044483185,1000,False,6,0,[8.49135436 7.01112714 2.67771389],entering,[-0.82138112 -0.19970136 -0.21083176]
989.6906044483185,1001,False,2,1,[6.40531452 4.66379929 4.00000011],cruising,[-0.48080528  0.59740651 -0.20557775]
989.6906044483185,1002,False,4,2,[-4.99653633  0.35572979  3.99999877],exiting,[ 0.5677905  -0.59831228 -0.99408226]
989.6906044483185,1003,False,0,3,[8.38449165 2.23683078 3.99916392],cruising,[ 0.63925976  0.24903542 -0.34837281]
989.6906044483185,1004,False,1,5,[-7.64563387  6.37924355  4.        ],exiting,[-0.62185191  0.08809385  0.93462812]
989.6906044483185,1005,False,3,4,[-5.81565296  6.37131967  3.99999949],cruising,[ 0.50568378 -0.03156594 -0.11489306]
989.7801764011383,1000,False,6,0,[8.45863853 6.8138211  2.75271389],entering,[-0.82138112 -0.19970136 -0.21083176]
989.7801764011383,1001,False,2,1,[6.59857616 4.61232173 4.0000001 ],cruising,[-0.48080528  0.59740651 -0.20557775]
989.7801764011383,1002,False,4,2,[-5.06900514  0.28682208  3.999999  ],exiting,[ 0.5677905  -0.59831228 -0.99408226]
989.7801764011383,1003,False,0,3,[8.40568549 2.0379569  3.99928933],cruising,[ 0.63925976  0.24903542 -0.34837281]
989.7801764011383,1004,False,1,5,[-7.70856886  6.45695576  4.        ],exiting,[-0.62185191  0.08809385  0.93462812]
989.7801764011383,1005,False,3,4,[-5.67316228  6.48624793  4.00000388],cruising,[ 0.50568378 -0.03156594 -0.11489306]
989.8837692737579,1000,False,6,0,[8.42951572 6.61595281 2.82771389],entering,[-0.82138112 -0.19970136 -0.21083176]
989.8837692737579,1001,False,2,1,[6.78925876 4.55198811 4.00000008],cruising,[-0.48080528  0.59740651 -0.20557775]
989.8837692737579,1002,False,4,2,[-5.14147395  0.21791438  3.99999919],exiting,[ 0.5677905  -0.59831228 -0.99408226]
989.8837692737579,1003,False,0,3,[8.42565412 1.83895626 3.99939593],cruising,[ 0.63925976  0.24903542 -0.34837281]
989.8837692737579,1004,False,1,5,[-7.77150385  6.53466797  4.        ],exiting,[-0.62185191  0.08809385  0.93462812]
989.8837692737579,1005,False,3,4,[-5.5185075   6.58530059  4.00000711],cruising,[ 0.50568378 -0.03156594 -0.11489306]
989.9803528785706,1000,False,6,0,[8.40039292 6.41808451 2.90271389],entering,[-0.82138112 -0.19970136 -0.21083176]
989.9803528785706,1001,False,2,1,[6.97643587 4.48152728 4.00000007],cruising,[-0.48080528  0.59740651 -0.20557775]
989.9803528785706,1002,False,4,2,[-5.21394277  0.14900668  3.99999934],exiting,[ 0.5677905  -0.59831228 -0.99408226]
989.9803528785706,1003,False,0,3,[8.44402918 1.63980216 3.99948654],cruising,[ 0.63925976  0.24903542 -0.34837281]
989.9803528785706,1004,False,1,5,[-7.83443883  6.61238018  4.        ],exiting,[-0.62185191  0.08809385  0.93462812]
989.9803528785706,1005,False,3,4,[-5.35230404  6.66802451  4.00000913],cruising,[ 0.50568378 -0.03156594 -0.11489306]
990.0848240852356,1000,False,6,0,[8.37374324 6.21986798 2.97771389],entering,[-0.82138112 -0.19970136 -0.21083176]
990.0848240852356,1001,False,2,1,[7.15888092 4.39958946 4.00000006],cruising,[-0.48080528  0.59740651 -0.20557775]
990.0848240852356,1002,False,4,2,[-5.28641158  0.08009898  3.99999946],exiting,[ 0.5677905  -0.59831228 -0.99408226]
990.0848240852356,1003,False,0,3,[8.45788654 1.4402828  3.99956356],cruising,[ 0.63925976  0.24903542 -0.34837281]
990.0848240852356,1004,False,1,5,[-7.89737382  6.69009238  4.        ],exiting,[-0.62185191  0.08809385  0.93462812]
990.0848240852356,1005,False,3,4,[-5.17498632  6.73412094  4.0000099 ],cruising,[ 0.50568378 -0.03156594 -0.11489306]
990.1804087162018,1000,False,6,0,[8.35027417 6.02124974 3.05271389],entering,[-0.82138112 -0.19970136 -0.21083176]
990.1804087162018,1001,False,2,1,[7.33499859 4.30481306 4.00000005],cruising,[-0.48080528  0.59740651 -0.20557775]
990.1804087162018,1002,False,4,2,[-5.35888039  0.01119128  3.99999957],exiting,[ 0.5677905  -0.59831228 -0.99408226]
990.1804087162018,1003,False,0,3,[8.47023646 1.24066447 3.99962903],cruising,[ 0.63925976  0.24903542 -0.34837281]
990.1804087162018,1004,False,1,5,[-7.96030881  6.76780459  4.        ],exiting,[-0.62185191  0.08809385  0.93462812]
990.1804087162018,1005,False,3,4,[-4.98664252  6.78353128  4.00000938],cruising,[ 0.50568378 -0.03156594 -0.11489306]
990.283041715622,1000,False,6,0,[8.32797434 5.82249684 3.12771389],entering,[-0.82138112 -0.19970136 -0.21083176]
990.283041715622,1001,False,2,1,[7.50277029 4.19594316 4.00000004],cruising,[-0.48080528  0.59740651 -0.20557775]
990.283041715622,1002,False,4,2,[-5.4313492  -0.05771643  3.99999965],exiting,[ 0.5677905  -0.59831228 -0.99408226]
990.283041715622,1003,False,0,3,[8.47855797 1.04083766 3.99968467],cruising,[ 0.63925976  0.24903542 -0.34837281]
990.283041715622,1004,False,1,5,[-8.0232438  6.8455168  4.       ],exiting,[-0.62185191  0.08809385  0.93462812]
990.283041715622,1005,False,3,4,[-4.79061418  6.82319096  4.00000797],cruising,[ 0.50568378 -0.03156594 -0.11489306]
990.3837299346924,1000,False,6,0,[8.31060837 5.62325221 3.20271389],entering,[-0.82138112 -0.19970136 -0.21083176]
990.3837299346924,1001,False,2,1,[7.65851778 4.07109146 4.00000004],cruising,[-0.48080528  0.59740651 -0.20557775]
990.3837299346924,1002,False,4,2,[-5.50381801 -0.12662413  3.99999972],exiting,[ 0.5677905  -0.59831228 -0.99408226]
990.3837299346924,1003,False,0,3,[8.4854161  0.84095528 3.99973197],cruising,[ 0.63925976  0.24903542 -0.34837281]
990.3837299346924,1004,False,1,5,[-8.08617878  6.92322901  4.        ],exiting,[-0.62185191  0.08809385  0.93462812]
990.3837299346924,1005,False,3,4,[-4.59553067  6.86726391  4.00000678],cruising,[ 0.50568378 -0.03156594 -0.11489306]
990.4873340129852,1000,False,6,0,[8.29588896 5.42379459 3.27771389],entering,[-0.82138112 -0.19970136 -0.21083176]
990.4873340129852,1001,False,2,1,[7.8008505  3.93140587 4.00000003],cruising,[-0.48080528  0.59740651 -0.20557775]
990.4873340129852,1002,False,4,2,[-5.57628682 -0.19553183  3.99999977],exiting,[ 0.5677905  -0.59831228 -0.99408226]
990.4873340129852,1003,False,0,3,[8.4906048  0.6410226  3.99977218],cruising,[ 0.63925976  0.24903542 -0.34837281]
990.4873340129852,1004,False,1,5,[-8.14911377  7.00094122  4.        ],exiting,[-0.62185191  0.08809385  0.93462812]
990.4873340129852,1005,False,3,4,[-4.40111976  6.91421492  4.00000576],cruising,[ 0.50568378 -0.03156594 -0.11489306]
990.59255027771,1000,False,6,0,[8.2848065  5.22410188 3.35271389],entering,[-0.82138112 -0.19970136 -0.21083176]
990.59255027771,1001,False,2,1,[7.9283059  3.7783537  4.00000003],cruising,[-0.48080528  0.59740651 -0.20557775]
990.59255027771,1002,False,4,2,[-5.64875563 -0.26443953  3.99999982],exiting,[ 0.5677905  -0.59831228 -0.99408226]
990.59255027771,1003,False,0,3,[8.49397026 0.44105092 3.99980635],cruising,[ 0.63925976  0.24903542 -0.34837281]
990.59255027771,1004,False,1,5,[-8.21204876  7.07865343  4.        ],exiting,[-0.62185191  0.08809385  0.93462812]
990.59255027771,1005,False,3,4,[-4.20647184  6.96017347  4.0000049 ],cruising,[ 0.50568378 -0.03156594 -0.11489306]
990.684623003006,1000,False,6,0,[8.27986011 5.02416306 3.42771389],entering,[-0.82138112 -0.19970136 -0.21083176]
990.684623003006,1001,False,2,1,[8.03953436 3.61361024 4.00000002],cruising,[-0.48080528  0.59740651 -0.20557775]
990.684623003006,1002,False,4,2,[-5.72122444 -0.33334723  3.99999985],exiting,[ 0.5677905  -0.59831228 -0.99408226]
990.684623003006,1003,False,0,3,[8.49326518 0.24105216 3.9998354 ],cruising,[ 0.63925976  0.24903542 -0.34837281]
990.684623003006,1004,False,1,5,[-8.27498375  7.15636563  4.        ],exiting,[-0.62185191  0.08809385  0.93462812]
990.684623003006,1005,False,3,4,[-4.01202025  7.00695571  4.00000416],cruising,[ 0.50568378 -0.03156594 -0.11489306]
990.786808013916,1000,False,6,0,[8.28035392 4.82416367 3.50271389],entering,[-0.82138112 -0.19970136 -0.21083176]
990.786808013916,1001,False,2,1,[8.13317792 3.43933938 4.00000002],cruising,[-0.48080528  0.59740651 -0.20557775]
990.786808013916,1002,False,4,2,[-5.79369325 -0.40225494  3.99999988],exiting,[ 0.5677905  -0.59831228 -0.99408226]
990.786808013916,1003,False,0,3,[8.49091219 0.041066   3.99986009],cruising,[ 0.63925976  0.24903542 -0.34837281]
990.786808013916,1004,False,1,5,[-8.33791874  7.23407784  4.        ],exiting,[-0.62185191  0.08809385  0.93462812]
990.786808013916,1005,False,3,4,[-3.81749073  7.05341286  4.00000354],cruising,[ 0.50568378 -0.03156594 -0.11489306]
990.8883678913116,1000,False,6,0,[8.28497014 4.62421695 3.5773068 ],entering,[-0.82138112 -0.19970136 -0.21083176]
990.8883678913116,1001,False,2,1,[8.20881267 3.25636894 4.00000001],exiting,[-0.48080528  0.59740651 -0.20557775]
990.8883678913116,1002,False,4,2,[-5.86616207 -0.47116264  3.99999991],exiting,[ 0.5677905  -0.59831228 -0.99408226]
990.8883678913116,1003,False,0,3,[ 8.48675856 -0.15889086  3.99988107],cruising,[ 0.63925976  0.24903542 -0.34837281]
990.8883678913116,1004,False,1,5,[-8.40085372  7.31179005  4.        ],landing,[-0.62185191  0.08809385  0.93462812]
990.8883678913116,1005,False,3,4,[-3.62265417  7.09856496  4.00000301],cruising,[ 0.50568378 -0.03156594 -0.11489306]
990.9794583320618,1000,False,6,0,[8.29435985 4.42443749 3.64071078],entering,[-0.82138112 -0.19970136 -0.21083176]
990.9794583320618,1001,False,2,1,[8.26591229 3.08091177 4.00000001],exiting,[-0.48080528  0.59740651 -0.20557775]
990.9794583320618,1002,False,4,2,[-5.93863088 -0.54007034  3.99999993],exiting,[ 0.5677905  -0.59831228 -0.99408226]
990.9794583320618,1003,False,0,3,[ 8.47865832 -0.35872676  3.99989891],cruising,[ 0.63925976  0.24903542 -0.34837281]
990.9794583320618,1004,False,1,5,[-8.45271643  7.38105628  3.98564486],landing,[-0.62185191  0.08809385  0.93462812]
990.9794583320618,1005,False,3,4,[-3.4268111   7.13912963  4.00000256],cruising,[ 0.50568378 -0.03156594 -0.11489306]
991.0866420269012,1000,False,6,0,[8.30664658 4.22481525 3.69460417],entering,[-0.82138112 -0.19970136 -0.21083176]
991.0866420269012,1001,False,2,1,[8.30693763 2.91735491 4.00000001],exiting,[-0.48080528  0.59740651 -0.20557775]
991.0866420269012,1002,False,4,2,[-6.01109969 -0.60897804  3.99999994],exiting,[ 0.5677905  -0.59831228 -0.99408226]
991.0866420269012,1003,False,0,3,[ 8.46886118 -0.55848666  3.99991408],cruising,[ 0.63925976  0.24903542 -0.34837281]
991.0866420269012,1004,False,1,5,[-8.49342461  7.44171697  3.9570939 ],landing,[-0.62185191  0.08809385  0.93462812]
991.0866420269012,1005,False,3,4,[-3.23046026  7.17716053  4.00000217],cruising,[ 0.50568378 -0.03156594 -0.11489306]
991.1852262020111,1000,False,6,0,[8.31621551 4.02504429 3.74041354],entering,[-0.82138112 -0.19970136 -0.21083176]
991.1852262020111,1001,False,2,1,[8.33306034 2.7671364  4.00000001],exiting,[-0.48080528  0.59740651 -0.20557775]
991.1852262020111,1002,False,4,2,[-6.0835685  -0.67788575  3.99999996],exiting,[ 0.5677905  -0.59831228 -0.99408226]
991.1852262020111,1003,False,0,3,[ 8.45720007 -0.75814641  3.99992696],cruising,[ 0.63925976  0.24903542 -0.34837281]
991.1852262020111,1004,False,1,5,[-8.5228816   7.49358209  3.91454121],landing,[-0.62185191  0.08809385  0.93462812]
991.1852262020111,1005,False,3,4,[-3.03348866  7.21183311  4.00000185],cruising,[ 0.50568378 -0.03156594 -0.11489306]
991.2883033752441,1000,False,6,0,[8.33102384 3.82559327 3.77935151],cruising,[-0.82138112 -0.19970136 -0.21083176]
991.2883033752441,1001,False,2,1,[8.34494539 2.63096385 4.        ],exiting,[-0.48080528  0.59740651 -0.20557775]
991.2883033752441,1002,False,4,2,[-6.15603731 -0.74679345  3.99999997],exiting,[ 0.5677905  -0.59831228 -0.99408226]
991.2883033752441,1003,False,0,3,[ 8.44353088 -0.95767875  3.99993792],cruising,[ 0.63925976  0.24903542 -0.34837281]
991.2883033752441,1004,False,1,5,[-8.54095363  7.53638395  3.85826846],landing,[-0.62185191  0.08809385  0.93462812]
991.2883033752441,1005,False,3,4,[-2.83541605  7.23953223  4.00000157],cruising,[ 0.50568378 -0.03156594 -0.11489306]
991.3808608055115,1000,False,6,0,[8.34003986 3.62579659 3.81244878],cruising,[-0.82138112 -0.19970136 -0.21083176]
991.3808608055115,1001,False,2,1,[8.34307243 2.50930741 4.        ],exiting,[-0.48080528  0.59740651 -0.20557775]
991.3808608055115,1002,False,4,2,[-6.22850612 -0.81570115  3.99999997],exiting,[ 0.5677905  -0.59831228 -0.99408226]
991.3808608055115,1003,False,0,3,[ 8.42557495 -1.15687108  3.99994723],cruising,[ 0.63925976  0.24903542 -0.34837281]
991.3808608055115,1004,False,1,5,[-8.54754272  7.56992254  3.78849259],landing,[-0.62185191  0.08809385  0.93462812]
991.3808608055115,1005,False,3,4,[-2.63674565  7.26255557  4.00000133],cruising,[ 0.50568378 -0.03156594 -0.11489306]
991.4835546016693,1000,False,6,0,[8.34743886 3.4259335  3.84058147],cruising,[-0.82138112 -0.19970136 -0.21083176]
991.4835546016693,1001,False,2,1,[8.3278743  2.40256538 4.        ],exiting,[-0.48080528  0.59740651 -0.20557775]
991.4835546016693,1002,False,4,2,[-6.30097493 -0.88460885  3.99999998],exiting,[ 0.5677905  -0.59831228 -0.99408226]
991.4835546016693,1003,False,0,3,[ 8.40567156 -1.35587825  3.99995515],cruising,[ 0.63925976  0.24903542 -0.34837281]
991.4835546016693,1004,False,1,5,[-8.54255193  7.59399653  3.70543789],landing,[-0.62185191  0.08809385  0.93462812]
991.4835546016693,1005,False,3,4,[-2.43723034  7.27647103  4.00000113],cruising,[ 0.50568378 -0.03156594 -0.11489306]
991.5801341533661,1000,False,6,0,[8.36092889 3.22638897 3.86449425],cruising,[-0.82138112 -0.19970136 -0.21083176]
991.5801341533661,1001,False,2,1,[8.29985337 2.31117183 4.        ],exiting,[-0.48080528  0.59740651 -0.20557775]
991.5801341533661,1002,False,4,2,[-6.37344374 -0.95351655  3.99999998],exiting,[ 0.5677905  -0.59831228 -0.99408226]
991.5801341533661,1003,False,0,3,[ 8.38362428 -1.55465933  3.99996188],cruising,[ 0.63925976  0.24903542 -0.34837281]
991.5801341533661,1004,False,1,5,[-8.52588496  7.60840214  3.60933752],landing,[-0.62185191  0.08809385  0.93462812]
991.5801341533661,1005,False,3,4,[-2.23725947  7.27988454  4.00000096],cruising,[ 0.50568378 -0.03156594 -0.11489306]
991.6881811618805,1000,False,6,0,[8.37305248 3.02675676 3.88482011],cruising,[-0.82138112 -0.19970136 -0.21083176]
991.6881811618805,1001,False,2,1,[8.25926547 2.23533693 4.        ],exiting,[-0.48080528  0.59740651 -0.20557775]
991.6881811618805,1002,False,4,2,[-6.44591255 -1.02242426  3.99999999],exiting,[ 0.5677905  -0.59831228 -0.99408226]
991.6881811618805,1003,False,0,3,[ 8.35691831 -1.75286829  3.99996759],cruising,[ 0.63925976  0.24903542 -0.34837281]
991.6881811618805,1004,False,1,5,[-8.50795839  7.62175108  3.5118673 ],landing,[-0.62185191  0.08809385  0.93462812]
991.6881811618805,1005,False,3,4,[-2.0377457   7.26594696  4.00000082],cruising,[ 0.50568378 -0.03156594 -0.11489306]
991.7882356643677,1000,False,6,0,[8.38457531 2.82708898 3.90209709],cruising,[-0.82138112 -0.19970136 -0.21083176]
991.7882356643677,1001,False,2,1,[8.20637489 2.17527046 4.        ],exiting,[-0.48080528  0.59740651 -0.20557775]
991.7882356643677,1002,False,4,2,[-6.51838137 -1.09133196  3.99999999],exiting,[ 0.5677905  -0.59831228 -0.99408226]
991.7882356643677,1003,False,0,3,[ 8.32799816 -1.95076631  3.99997245],cruising,[ 0.63925976  0.24903542 -0.34837281]
991.7882356643677,1004,False,1,5,[-8.49003182  7.63510002  3.41439708],landing,[-0.62185191  0.08809385  0.93462812]
991.7882356643677,1005,False,3,4,[-1.84044743  7.2331843   4.0000007 ],cruising,[ 0.50568378 -0.03156594 -0.11489306]
991.8914315700531,1000,False,6,0,[8.39960944 2.62765484 3.91678253],cruising,[-0.82138112 -0.19970136 -0.21083176]
991.8914315700531,1001,False,2,1,[8.14145476 2.1311818  3.99999999],exiting,[-0.48080528  0.59740651 -0.20557775]
991.8914315700531,1002,False,4,2,[-6.59085018 -1.16023966  3.99999999],exiting,[ 0.5677905  -0.59831228 -0.99408226]
991.8914315700531,1003,False,0,3,[ 8.29660328 -2.14828684  3.99997659],cruising,[ 0.63925976  0.24903542 -0.34837281]
991.8914315700531,1004,False,1,5,[-8.47210524  7.64844896  3.31692686],landing,[-0.62185191  0.08809385  0.93462812]
991.8914315700531,1005,False,3,4,[-1.64660701  7.18393097  4.00000059],cruising,[ 0.50568378 -0.03156594 -0.11489306]
991.9823853969574,1000,False,6,0,[8.41289843 2.42809682 3.92926515],cruising,[-0.82138112 -0.19970136 -0.21083176]
991.9823853969574,1001,False,2,1,[8.06478787 2.10327997 3.99999999],exiting,[-0.48080528  0.59740651 -0.20557775]
991.9823853969574,1002,False,4,2,[-6.66331899 -1.22914736  4.        ],exiting,[ 0.5677905  -0.59831228 -0.99408226]
991.9823853969574,1003,False,0,3,[ 8.25974864 -2.34486186  3.9999801 ],cruising,[ 0.63925976  0.24903542 -0.34837281]
991.9823853969574,1004,False,1,5,[-8.45417867  7.6617979   3.21945664],landing,[-0.62185191  0.08809385  0.93462812]
991.9823853969574,1005,False,3,4,[-1.45543338  7.12517178  4.0000005 ],cruising,[ 0.50568378 -0.03156594 -0.11489306]
992.0845875740051,1000,False,6,0,[8.42790016 2.22866025 3.93987538],cruising,[-0.82138112 -0.19970136 -0.21083176]
992.0845875740051,1001,False,2,1,[7.97666748 2.0917738  4.        ],exiting,[-0.48080528  0.59740651 -0.20557775]
992.0845875740051,1002,False,4,2,[-6.7357878  -1.29805507  4.        ],exiting,[ 0.5677905  -0.59831228 -0.99408226]
992.0845875740051,1003,False,0,3,[ 8.22019422 -2.54091146  3.99998308],cruising,[ 0.63925976  0.24903542 -0.34837281]
992.0845875740051,1004,False,1,5,[-8.4362521   7.67514684  3.12198642],landing,[-0.62185191  0.08809385  0.93462812]
992.0845875740051,1005,False,3,4,[-1.26884168  7.053175    4.00000043],cruising,[ 0.50568378 -0.03156594 -0.11489306]
992.1939249038696,1000,False,6,0,[8.44041609 2.02905225 3.94889407],cruising,[-0.82138112 -0.19970136 -0.21083176]
992.1939249038696,1001,False,2,1,[7.87739846 2.09687207 4.        ],exiting,[-0.48080528  0.59740651 -0.20557775]
992.1939249038696,1002,False,4,2,[-6.80825661 -1.36696277  4.        ],exiting,[ 0.5677905  -0.59831228 -0.99408226]
992.1939249038696,1003,False,0,3,[ 8.17448668 -2.73561847  3.99998562],cruising,[ 0.63925976  0.24903542 -0.34837281]
992.1939249038696,1004,False,1,5,[-8.41832552  7.68849579  3.0245162 ],landing,[-0.62185191  0.08809385  0.93462812]
992.1939249038696,1005,False,3,4,[-1.08666587  6.9706403   4.00000036],cruising,[ 0.50568378 -0.03156594 -0.11489306]
992.2858414649963,1000,False,6,0,[8.45346204 1.8294782  3.95655996],cruising,[-0.82138112 -0.19970136 -0.21083176]
992.2858414649963,1001,False,2,1,[7.77757606 2.10282933 4.        ],exiting,[-0.48080528  0.59740651 -0.20557775]
992.2858414649963,1002,False,4,2,[-6.88072542 -1.43587047  4.        ],exiting,[ 0.5677905  -0.59831228 -0.99408226]
992.2858414649963,1003,False,0,3,[ 8.12561574 -2.92955566  3.99998778],cruising,[ 0.63925976  0.24903542 -0.34837281]
992.2858414649963,1004,False,1,5,[-8.40039895  7.70184473  2.92704598],landing,[-0.62185191  0.08809385  0.93462812]
992.2858414649963,1005,False,3,4,[-0.90841982  6.87993006  4.00000031],cruising,[ 0.50568378 -0.03156594 -0.11489306]
992.383486032486,1000,False,6,0,[8.4636508  1.62973789 3.96307597],cruising,[-0.82138112 -0.19970136 -0.21083176]
992.383486032486,1001,False,2,1,[7.67775366 2.1087866  4.        ],exiting,[-0.48080528  0.59740651 -0.20557775]
992.383486032486,1002,False,4,2,[-6.95319423 -1.50477817  4.        ],landing,[ 0.5677905  -0.59831228 -0.99408226]
992.383486032486,1003,False,0,3,[ 8.06939971 -3.12149252  3.99998961],cruising,[ 0.63925976  0.24903542 -0.34837281]
992.383486032486,1004,False,1,5,[-8.38247238  7.71519367  2.82957577],landing,[-0.62185191  0.08809385  0.93462812]
992.383486032486,1005,False,3,4,[-0.73231608  6.7851278   4.00000026],cruising,[ 0.50568378 -0.03156594 -0.11489306]
992.4928283691406,1000,False,6,0,[8.47362659 1.42998684 3.96861457],cruising,[-0.82138112 -0.19970136 -0.21083176]
992.4928283691406,1001,False,2,1,[7.57793126 2.11474386 4.        ],exiting,[-0.48080528  0.59740651 -0.20557775]
992.4928283691406,1002,False,4,2,[-7.01767554 -1.56171248  3.9861134 ],landing,[ 0.5677905  -0.59831228 -0.99408226]
992.4928283691406,1003,False,0,3,[ 8.00927634 -3.31224151  3.99999117],cruising,[ 0.63925976  0.24903542 -0.34837281]
992.4928283691406,1004,False,1,5,[-8.36454581  7.72854261  2.73210555],landing,[-0.62185191  0.08809385  0.93462812]
992.4928283691406,1005,False,3,4,[-0.55924961  6.68488809  4.00000022],cruising,[ 0.50568378 -0.03156594 -0.11489306]
992.5851972103119,1000,False,6,0,[8.48287603 1.23020083 3.97332239],cruising,[-0.82138112 -0.19970136 -0.21083176]
992.5851972103119,1001,False,2,1,[7.47810887 2.12070112 4.        ],exiting,[-0.48080528  0.59740651 -0.20557775]
992.5851972103119,1002,False,4,2,[-7.07402028 -1.60658372  3.95850534],landing,[ 0.5677905  -0.59831228 -0.99408226]
992.5851972103119,1003,False,0,3,[ 7.93992067 -3.49983094  3.99999249],cruising,[ 0.63925976  0.24903542 -0.34837281]
992.5851972103119,1004,False,1,5,[-8.34661923  7.74189155  2.63463533],landing,[-0.62185191  0.08809385  0.93462812]
992.5851972103119,1005,False,3,4,[-0.38839538  6.58092256  4.00000019],cruising,[ 0.50568378 -0.03156594 -0.11489306]
992.6822028160095,1000,False,6,0,[8.48868941 1.03028534 3.97732403],cruising,[-0.82138112 -0.19970136 -0.21083176]
992.6822028160095,1001,False,2,1,[7.37828647 2.12665838 4.        ],exiting,[-0.48080528  0.59740651 -0.20557775]
992.6822028160095,1002,False,4,2,[-7.12205342 -1.63928792  3.91737394],landing,[ 0.5677905  -0.59831228 -0.99408226]
992.6822028160095,1003,False,0,3,[ 7.86026868 -3.68328545  3.99999362],cruising,[ 0.63925976  0.24903542 -0.34837281]
992.6822028160095,1004,False,1,5,[-8.32869266  7.75524049  2.53716511],landing,[-0.62185191  0.08809385  0.93462812]
992.6822028160095,1005,False,3,4,[-0.21845294  6.47547321  4.00000016],cruising,[ 0.50568378 -0.03156594 -0.11489306]
992.7820916175842,1000,False,6,0,[8.49353887 0.83034414 3.98072542],cruising,[-0.82138112 -0.19970136 -0.21083176]
992.7820916175842,1001,False,2,1,[7.27846407 2.13261564 4.        ],exiting,[-0.48080528  0.59740651 -0.20557775]
992.7820916175842,1002,False,4,2,[-7.16153831 -1.6596869   3.86299457],landing,[ 0.5677905  -0.59831228 -0.99408226]
992.7820916175842,1003,False,0,3,[ 7.77484935 -3.86412665  3.99999458],cruising,[ 0.63925976  0.24903542 -0.34837281]
992.7820916175842,1004,False,1,5,[-8.31076609  7.76858944  2.43969489],landing,[-0.62185191  0.08809385  0.93462812]
992.7820916175842,1005,False,3,4,[-0.04956851  6.36833755  4.00000014],cruising,[ 0.50568378 -0.03156594 -0.11489306]
992.8886916637421,1000,False,6,0,[8.49711505 0.63037612 3.98361661],cruising,[-0.82138112 -0.19970136 -0.21083176]
992.8886916637421,1001,False,2,1,[7.17864167 2.13857291 4.        ],exiting,[-0.48080528  0.59740651 -0.20557775]
992.8886916637421,1002,False,4,2,[-7.19226531 -1.66766057  3.79561861],landing,[ 0.5677905  -0.59831228 -0.99408226]
992.8886916637421,1003,False,0,3,[ 7.67529658 -4.03758917  3.99999539],cruising,[ 0.63925976  0.24903542 -0.34837281]
992.8886916637421,1004,False,1,5,[-8.29283951  7.78193838  2.34222467],landing,[-0.62185191  0.08809385  0.93462812]
992.8886916637421,1005,False,3,4,[0.11913336 6.26091465 4.00000012],cruising,[ 0.50568378 -0.03156594 -0.11489306]
992.9792401790619,1000,False,6,0,[8.49709204 0.43037612 3.98607412],cruising,[-0.82138112 -0.19970136 -0.21083176]
992.9792401790619,1001,False,2,1,[7.07881928 2.14453017 4.        ],exiting,[-0.48080528  0.59740651 -0.20557775]
992.9792401790619,1002,False,4,2,[-7.21404687 -1.66310345  3.71547715],landing,[ 0.5677905  -0.59831228 -0.99408226]
992.9792401790619,1003,False,0,3,[ 7.5591918  -4.19982532  3.99999612],cruising,[ 0.63925976  0.24903542 -0.34837281]
992.9792401790619,1004,False,1,5,[-8.27491294  7.79528732  2.24475445],landing,[-0.62185191  0.08809385  0.93462812]
992.9792401790619,1005,False,3,4,[0.28791779 6.15362151 4.0000001 ],cruising,[ 0.50568378 -0.03156594 -0.11489306]
993.0853114128113,1000,False,6,0,[8.49575319 0.2303806  3.988163  ],cruising,[-0.82138112 -0.19970136 -0.21083176]
993.0853114128113,1001,False,2,1,[6.97899688 2.15048743 4.        ],exiting,[-0.48080528  0.59740651 -0.20557775]
993.0853114128113,1002,False,4,2,[-7.2266932  -1.64591074  3.62281012],landing,[ 0.5677905  -0.59831228 -0.99408226]
993.0853114128113,1003,False,0,3,[ 7.42780766 -4.34915639  3.99999677],cruising,[ 0.63925976  0.24903542 -0.34837281]
993.0853114128113,1004,False,1,5,[-8.25698637  7.80863626  2.14728423],landing,[-0.62185191  0.08809385  0.93462812]
993.0853114128113,1005,False,3,4,[0.45720506 6.04712353 4.00000008],cruising,[ 0.50568378 -0.03156594 -0.11489306]
993.1825144290924,1000,False,6,0,[8.49287681 0.03040128 3.98993855],cruising,[-0.82138112 -0.19970136 -0.21083176]
993.1825144290924,1001,False,2,1,[6.87917448 2.15644469 4.        ],exiting,[-0.48080528  0.59740651 -0.20557775]
993.1825144290924,1002,False,4,2,[-7.23593533 -1.62406865  3.52566329],landing,[ 0.5677905  -0.59831228 -0.99408226]
993.1825144290924,1003,False,0,3,[ 7.28301385 -4.48364898  3.99999736],cruising,[ 0.63925976  0.24903542 -0.34837281]
993.1825144290924,1004,False,1,5,[-8.23905979  7.8219852   2.04981401],landing,[-0.62185191  0.08809385  0.93462812]
993.1825144290924,1005,False,3,4,[0.62725841 5.94185313 4.00000007],cruising,[ 0.50568378 -0.03156594 -0.11489306]
993.2834784984589,1000,False,6,0,[ 8.48828726 -0.16954605  3.99144777],cruising,[-0.82138112 -0.19970136 -0.21083176]
993.2834784984589,1001,False,2,1,[6.77935208 2.16240196 4.        ],exiting,[-0.48080528  0.59740651 -0.20557775]
993.2834784984589,1002,False,4,2,[-7.24517746 -1.60222656  3.42851646],landing,[ 0.5677905  -0.59831228 -0.99408226]
993.2834784984589,1003,False,0,3,[ 7.12719094 -4.60145746  3.99999791],cruising,[ 0.63925976  0.24903542 -0.34837281]
993.2834784984589,1004,False,1,5,[-8.22113322  7.83533414  1.95234379],landing,[-0.62185191  0.08809385  0.93462812]
993.2834784984589,1005,False,3,4,[0.79884519 5.83910111 4.00000006],cruising,[ 0.50568378 -0.03156594 -0.11489306]
993.3820955753326,1000,False,6,0,[ 8.47979827 -0.36936581  3.9927306 ],cruising,[-0.82138112 -0.19970136 -0.21083176]
993.3820955753326,1001,False,2,1,[6.67952969 2.16835922 4.        ],exiting,[-0.48080528  0.59740651 -0.20557775]
993.3820955753326,1002,False,4,2,[-7.2544196  -1.58038447  3.33136964],landing,[ 0.5677905  -0.59831228 -0.99408226]
993.3820955753326,1003,False,0,3,[ 6.96249535 -4.70134179  3.9999984 ],cruising,[ 0.63925976  0.24903542 -0.34837281]
993.3820955753326,1004,False,1,5,[-8.20320665  7.84868309  1.85487357],landing,[-0.62185191  0.08809385  0.93462812]
993.3820955753326,1005,False,3,4,[0.97177728 5.73862976 4.00000005],cruising,[ 0.50568378 -0.03156594 -0.11489306]
993.4791896343231,1000,False,6,0,[ 8.46967183 -0.56910928  3.99382101],cruising,[-0.82138112 -0.19970136 -0.21083176]
993.4791896343231,1001,False,2,1,[6.57970729 2.17431648 4.        ],exiting,[-0.48080528  0.59740651 -0.20557775]
993.4791896343231,1002,False,4,2,[-7.26366173 -1.55854238  3.23422281],landing,[ 0.5677905  -0.59831228 -0.99408226]
993.4791896343231,1003,False,0,3,[ 6.79109408 -4.78238378  3.99999886],cruising,[ 0.63925976  0.24903542 -0.34837281]
993.4791896343231,1004,False,1,5,[-8.18528008  7.86203203  1.75740335],landing,[-0.62185191  0.08809385  0.93462812]
993.4791896343231,1005,False,3,4,[1.14707475 5.64234479 4.00000004],cruising,[ 0.50568378 -0.03156594 -0.11489306]
993.5841338634491,1000,False,6,0,[ 8.45772831 -0.76875235  3.99474786],cruising,[-0.82138112 -0.19970136 -0.21083176]
993.5841338634491,1001,False,2,1,[6.47988489 2.18027374 4.        ],exiting,[-0.48080528  0.59740651 -0.20557775]
993.5841338634491,1002,False,4,2,[-7.27290386 -1.53670029  3.13707598],landing,[ 0.5677905  -0.59831228 -0.99408226]
993.5841338634491,1003,False,0,3,[ 6.61517517 -4.84394267  3.99999927],cruising,[ 0.63925976  0.24903542 -0.34837281]
993.5841338634491,1004,False,1,5,[-8.1673535   7.87538097  1.65993313],landing,[-0.62185191  0.08809385  0.93462812]
993.5841338634491,1005,False,3,4,[1.3241685  5.54940499 4.00000004],cruising,[ 0.50568378 -0.03156594 -0.11489306]
993.6921617984772,1000,False,6,0,[ 8.44381359 -0.96826771  3.99553568],cruising,[-0.82138112 -0.19970136 -0.21083176]
993.6921617984772,1001,False,2,1,[6.3800625 2.186231  4.       ],exiting,[-0.48080528  0.59740651 -0.20557775]
993.6921617984772,1002,False,4,2,[-7.28214599 -1.5148582   3.03992915],landing,[ 0.5677905  -0.59831228 -0.99408226]
993.6921617984772,1003,False,0,3,[ 6.43676776 -4.88565699  3.99999963],cruising,[ 0.63925976  0.24903542 -0.34837281]
993.6921617984772,1004,False,1,5,[-8.14942693  7.88872991  1.56246291],landing,[-0.62185191  0.08809385  0.93462812]
993.6921617984772,1005,False,3,4,[1.50327419 5.46040414 4.00000003],cruising,[ 0.50568378 -0.03156594 -0.11489306]
993.7852363586426,1000,False,6,0,[ 8.42561809 -1.1674383   3.99620533],cruising,[-0.82138112 -0.19970136 -0.21083176]
993.7852363586426,1001,False,2,1,[6.2802401  2.19218827 4.        ],exiting,[-0.48080528  0.59740651 -0.20557775]
993.7852363586426,1002,False,4,2,[-7.29138812 -1.49301611  2.94278233],landing,[ 0.5677905  -0.59831228 -0.99408226]
993.7852363586426,1003,False,0,3,[ 6.25761298 -4.90738527  3.99999994],cruising,[ 0.63925976  0.24903542 -0.34837281]
993.7852363586426,1004,False,1,5,[-8.13150036  7.90207885  1.46499269],fake_landed,[-0.62185191  0.08809385  0.93462812]
993.7852363586426,1005,False,3,4,[1.68561157 5.37822701 4.00000003],cruising,[ 0.50568378 -0.03156594 -0.11489306]
993.8931465148926,1000,False,6,0,[ 8.40550204 -1.36642409  3.99677453],cruising,[-0.82138112 -0.19970136 -0.21083176]
993.8931465148926,1001,False,2,1,[6.1804177  2.19814553 4.        ],exiting,[-0.48080528  0.59740651 -0.20557775]
993.8931465148926,1002,False,4,2,[-7.30063025 -1.47117402  2.8456355 ],landing,[ 0.5677905  -0.59831228 -0.99408226]
993.8931465148926,1003,False,0,3,[ 6.07874373 -4.90911559  4.0000002 ],cruising,[ 0.63925976  0.24903542 -0.34837281]
993.8931465148926,1004,False,1,5,[-8.1171591   7.91275801  1.38701651],fake_landed,[-0.62185191  0.08809385  0.93462812]
993.8931465148926,1005,False,3,4,[1.8701434  5.30110372 4.00000002],cruising,[ 0.50568378 -0.03156594 -0.11489306]
993.9865334033966,1000,False,6,0,[ 8.38326287 -1.56518379  3.99725835],cruising,[-0.82138112 -0.19970136 -0.21083176]
993.9865334033966,1001,False,2,1,[6.0805953  2.20410279 4.        ],exiting,[-0.48080528  0.59740651 -0.20557775]
993.9865334033966,1002,False,4,2,[-7.30987238 -1.44933193  2.74848867],landing,[ 0.5677905  -0.59831228 -0.99408226]
993.9865334033966,1003,False,0,3,[ 5.90142299 -4.89090594  4.0000004 ],cruising,[ 0.63925976  0.24903542 -0.34837281]
993.9865334033966,1004,False,1,5,[-8.10640315  7.92076737  1.32853438],fake_landed,[-0.62185191  0.08809385  0.93462812]
993.9865334033966,1005,False,3,4,[2.05697682 5.22973655 4.00000002],cruising,[ 0.50568378 -0.03156594 -0.11489306]
994.0799453258514,1000,False,6,0,[ 8.35635573 -1.76336554  3.9976696 ],cruising,[-0.82138112 -0.19970136 -0.21083176]
994.0799453258514,1001,False,2,1,[5.98077291 2.21006005 4.        ],exiting,[-0.48080528  0.59740651 -0.20557775]
994.0799453258514,1002,False,4,2,[-7.31911451 -1.42748984  2.65134184],landing,[ 0.5677905  -0.59831228 -0.99408226]
994.0799453258514,1003,False,0,3,[ 5.72668045 -4.85286318  4.00000055],cruising,[ 0.63925976  0.24903542 -0.34837281]
994.0799453258514,1004,False,1,5,[-8.09923252  7.92610695  1.28954629],fake_landed,[-0.62185191  0.08809385  0.93462812]
994.0799453258514,1005,False,3,4,[2.24756775 5.16911396 4.00000002],cruising,[ 0.50568378 -0.03156594 -0.11489306]
994.1931183338165,1000,False,6,0,[ 8.32725072 -1.96123646  3.99801916],cruising,[-0.82138112 -0.19970136 -0.21083176]
994.1931183338165,1001,False,2,1,[5.88095051 2.21601731 4.        ],exiting,[-0.48080528  0.59740651 -0.20557775]
994.1931183338165,1002,False,4,2,[-7.32835665 -1.40564775  2.55419502],landing,[ 0.5677905  -0.59831228 -0.99408226]
994.1931183338165,1003,False,0,3,[ 5.5548474  -4.79503317  4.00000064],cruising,[ 0.63925976  0.24903542 -0.34837281]
994.1931183338165,1004,False,1,5,[-8.09564721  7.92877674  1.27005225],fake_landed,[-0.62185191  0.08809385  0.93462812]
994.1931183338165,1005,False,3,4,[2.44110493 5.11868224 4.00000001],cruising,[ 0.50568378 -0.03156594 -0.11489306]
994.2893030643463,1000,False,6,0,[ 8.29568299 -2.15872944  3.99831628],cruising,[-0.82138112 -0.19970136 -0.21083176]
994.2893030643463,1001,False,2,1,[5.78112811 2.22197458 4.        ],exiting,[-0.48080528  0.59740651 -0.20557775]
994.2893030643463,1002,False,4,2,[-7.33759878 -1.38380565  2.45704819],landing,[ 0.5677905  -0.59831228 -0.99408226]
994.2893030643463,1003,False,0,3,[ 5.38638932 -4.71748997  4.00000067],cruising,[ 0.63925976  0.24903542 -0.34837281]
994.2893030643463,1004,False,5,6,[-8.09564721  7.92877674  1.27005225],waiting,[-0.62185191  0.08809385  0.93462812]
994.2893030643463,1005,False,3,4,[2.63671532 5.07700997 4.00000001],cruising,[ 0.50568378 -0.03156594 -0.11489306]
994.380357503891,1000,False,6,0,[ 8.25863513 -2.35526813  3.99856884],cruising,[-0.82138112 -0.19970136 -0.21083176]
994.380357503891,1001,False,2,1,[5.68130571 2.22793184 4.        ],exiting,[-0.48080528  0.59740651 -0.20557775]
994.380357503891,1002,False,4,2,[-7.34684091 -1.36196356  2.35990136],landing,[ 0.5677905  -0.59831228 -0.99408226]
994.380357503891,1003,False,0,3,[ 5.22047913 -4.62010974  4.00000063],cruising,[ 0.63925976  0.24903542 -0.34837281]
994.380357503891,1004,False,5,6,[-8.09564721  7.92877674  1.27005225],waiting,[-0.62185191  0.08809385  0.93462812]
994.380357503891,1005,False,3,4,[2.83375209 5.04270968 4.00000001],cruising,[ 0.50568378 -0.03156594 -0.11489306]
994.4833874702454,1000,False,6,0,[ 8.21889785 -2.55128075  3.99878352],cruising,[-0.82138112 -0.19970136 -0.21083176]
994.4833874702454,1001,False,2,1,[5.58148332 2.2338891  4.        ],landing,[-0.48080528  0.59740651 -0.20557775]
994.4833874702454,1002,False,4,2,[-7.35608304 -1.34012147  2.26275453],landing,[ 0.5677905  -0.59831228 -0.99408226]
994.4833874702454,1003,False,0,3,[ 5.05291877 -4.51091484  4.00000053],cruising,[ 0.63925976  0.24903542 -0.34837281]
994.4833874702454,1004,False,5,6,[-8.09564721  7.92877674  1.27005225],waiting,[-0.62185191  0.08809385  0.93462812]
994.4833874702454,1005,False,3,4,[3.03175105 5.01448893 4.00000001],cruising,[ 0.50568378 -0.03156594 -0.11489306]
994.5801639556885,1000,False,6,0,[ 8.17298117 -2.74593855  3.99896599],cruising,[-0.82138112 -0.19970136 -0.21083176]
994.5801639556885,1001,False,2,1,[5.49551057 2.23586726 3.98613083],landing,[-0.48080528  0.59740651 -0.20557775]
994.5801639556885,1002,False,4,2,[-7.36532517 -1.31827938  2.16560771],landing,[ 0.5677905  -0.59831228 -0.99408226]
994.5801639556885,1003,False,0,3,[ 4.88170017 -4.40755047  4.00000045],cruising,[ 0.63925976  0.24903542 -0.34837281]
994.5801639556885,1004,False,5,6,[-8.09564721  7.92877674  1.27005225],waiting,[-0.62185191  0.08809385  0.93462812]
994.5801639556885,1005,False,3,4,[3.2303873  4.99117284 4.00000001],cruising,[ 0.50568378 -0.03156594 -0.11489306]
994.6809000968933,1000,False,6,0,[ 8.12391009 -2.93982519  3.99912109],cruising,[-0.82138112 -0.19970136 -0.21083176]
994.6809000968933,1001,False,2,1,[5.42355895 2.23389369 3.95855794],landing,[-0.48080528  0.59740651 -0.20557775]
994.6809000968933,1002,False,4,2,[-7.3745673  -1.29643729  2.06846088],landing,[ 0.5677905  -0.59831228 -0.99408226]
994.6809000968933,1003,False,0,3,[ 4.7074401  -4.30940045  4.00000038],cruising,[ 0.63925976  0.24903542 -0.34837281]
994.6809000968933,1004,False,5,6,[-8.09564721  7.92877674  1.27005225],waiting,[-0.62185191  0.08809385  0.93462812]
994.6809000968933,1005,False,3,4,[3.42943785 4.97170803 4.00000001],cruising,[ 0.50568378 -0.03156594 -0.11489306]
994.7878267765045,1000,False,6,0,[ 8.06746025 -3.13169341  3.99925293],cruising,[-0.82138112 -0.19970136 -0.21083176]
994.7878267765045,1001,False,2,1,[5.36582885 2.22800153 3.91747976],landing,[-0.48080528  0.59740651 -0.20557775]
994.7878267765045,1002,False,4,2,[-7.38380943 -1.2745952   1.97131405],landing,[ 0.5677905  -0.59831228 -0.99408226]
994.7878267765045,1003,False,0,3,[ 4.52997438 -4.21717291  4.00000033],cruising,[ 0.63925976  0.24903542 -0.34837281]
994.7878267765045,1004,False,5,6,[-8.09564721  7.92877674  1.27005225],waiting,[-0.62185191  0.08809385  0.93462812]
994.7878267765045,1005,False,3,4,[3.62875171 4.95515547 4.00000001],cruising,[ 0.50568378 -0.03156594 -0.11489306]
994.8792419433594,1000,False,6,0,[ 8.00711085 -3.32237102  3.99936499],cruising,[-0.82138112 -0.19970136 -0.21083176]
994.8792419433594,1001,False,2,1,[5.32258921 2.2182373  3.86317154],landing,[-0.48080528  0.59740651 -0.20557775]
994.8792419433594,1002,False,4,2,[-7.39305157 -1.25275311  1.87416723],landing,[ 0.5677905  -0.59831228 -0.99408226]
994.8792419433594,1003,False,0,3,[ 4.35079449 -4.12832154  4.00000028],cruising,[ 0.63925976  0.24903542 -0.34837281]
994.8792419433594,1004,False,5,6,[-8.09564721  7.92877674  1.27005225],waiting,[-0.62185191  0.08809385  0.93462812]
994.8792419433594,1005,False,3,4,[3.82822699 4.94067753 4.        ],cruising,[ 0.50568378 -0.03156594 -0.11489306]
994.9835705757141,1000,False,6,0,[ 7.93748629 -3.50986081  3.99946024],cruising,[-0.82138112 -0.19970136 -0.21083176]
994.9835705757141,1001,False,2,1,[5.29407829 2.20464428 3.79588623],landing,[-0.48080528  0.59740651 -0.20557775]
994.9835705757141,1002,False,4,2,[-7.4022937  -1.23091102  1.7770204 ],landing,[ 0.5677905  -0.59831228 -0.99408226]
994.9835705757141,1003,False,0,3,[ 4.16973069 -4.04337507  4.00000024],cruising,[ 0.63925976  0.24903542 -0.34837281]
994.9835705757141,1004,False,5,6,[-8.09564721  7.92877674  1.27005225],waiting,[-0.62185191  0.08809385  0.93462812]
994.9835705757141,1005,False,3,4,[4.02779386 4.92752213 4.        ],cruising,[ 0.50568378 -0.03156594 -0.11489306]
995.0824525356293,1000,False,6,0,[ 7.85751961 -3.69317838  3.9995412 ],cruising,[-0.82138112 -0.19970136 -0.21083176]
995.0824525356293,1001,False,2,1,[5.28050707 2.1872625  3.71585531],landing,[-0.48080528  0.59740651 -0.20557775]
995.0824525356293,1002,False,4,2,[-7.41153583 -1.20906893  1.67987357],landing,[ 0.5677905  -0.59831228 -0.99408226]
995.0824525356293,1003,False,0,3,[ 3.9876994  -3.96052213  4.0000002 ],cruising,[ 0.63925976  0.24903542 -0.34837281]
995.0824525356293,1004,False,5,6,[-8.09564721  7.92877674  1.27005225],waiting,[-0.62185191  0.08809385  0.93462812]
995.0824525356293,1005,False,3,4,[4.22737658 4.91460936 4.        ],cruising,[ 0.50568378 -0.03156594 -0.11489306]
995.1934094429016,1000,False,6,0,[ 7.76564897 -3.87082912  3.99961002],cruising,[-0.82138112 -0.19970136 -0.21083176]
995.1934094429016,1001,False,2,1,[5.28208776 2.16613393 3.62331913],landing,[-0.48080528  0.59740651 -0.20557775]
995.1934094429016,1002,False,4,2,[-7.42077796 -1.18722684  1.58272674],landing,[ 0.5677905  -0.59831228 -0.99408226]
995.1934094429016,1003,False,0,3,[ 3.80453522 -3.88020475  4.00000017],cruising,[ 0.63925976  0.24903542 -0.34837281]
995.1934094429016,1004,False,5,6,[-8.09564721  7.92877674  1.27005225],waiting,[-0.62185191  0.08809385  0.93462812]
995.1934094429016,1005,False,3,4,[4.42698593 4.90211509 4.        ],cruising,[ 0.50568378 -0.03156594 -0.11489306]
995.2790610790253,1000,False,6,0,[ 7.65975589 -4.04049542  3.99966852],cruising,[-0.82138112 -0.19970136 -0.21083176]
995.2790610790253,1001,False,2,1,[5.28945572 2.14361087 3.52616758],landing,[-0.48080528  0.59740651 -0.20557775]
995.2790610790253,1002,False,4,2,[-7.43002009 -1.16538475  1.48557992],fake_landed,[ 0.5677905  -0.59831228 -0.99408226]
995.2790610790253,1003,False,0,3,[ 3.62075413 -3.80130917  4.00000015],cruising,[ 0.63925976  0.24903542 -0.34837281]
995.2790610790253,1004,False,5,6,[-8.09564721  7.92877674  1.27005225],waiting,[-0.62185191  0.08809385  0.93462812]
995.2790610790253,1005,False,3,4,[4.62657738 4.88933812 4.        ],cruising,[ 0.50568378 -0.03156594 -0.11489306]
995.3873331546783,1000,False,6,0,[ 7.5374564  -4.19872363  3.99971839],cruising,[-0.82138112 -0.19970136 -0.21083176]
995.3873331546783,1001,False,2,1,[5.29682369 2.12108781 3.42901602],landing,[-0.48080528  0.59740651 -0.20557775]
995.3873331546783,1002,False,4,2,[-7.4374138  -1.14791107  1.40786245],fake_landed,[ 0.5677905  -0.59831228 -0.99408226]
995.3873331546783,1003,False,0,3,[ 3.43623977 -3.72414408  4.00000012],cruising,[ 0.63925976  0.24903542 -0.34837281]
995.3873331546783,1004,False,5,6,[-8.09564721  7.92877674  1.27005225],waiting,[-0.62185191  0.08809385  0.93462812]
995.3873331546783,1005,False,3,4,[4.82610669 4.8756247  4.        ],cruising,[ 0.50568378 -0.03156594 -0.11489306]
995.4794087409973,1000,False,6,0,[ 7.40017142 -4.34370665  3.99976251],cruising,[-0.82138112 -0.19970136 -0.21083176]
995.4794087409973,1001,False,2,1,[5.30419165 2.09856474 3.33186446],landing,[-0.48080528  0.59740651 -0.20557775]
995.4794087409973,1002,False,4,2,[-7.44295907 -1.13480582  1.34957436],fake_landed,[ 0.5677905  -0.59831228 -0.99408226]
995.4794087409973,1003,False,0,3,[ 3.2512145  -3.64821223  4.0000001 ],cruising,[ 0.63925976  0.24903542 -0.34837281]
995.4794087409973,1004,False,5,6,[-8.09564721  7.92877674  1.27005225],waiting,[-0.62185191  0.08809385  0.93462812]
995.4794087409973,1005,False,3,4,[5.02552235 4.86034745 4.        ],cruising,[ 0.50568378 -0.03156594 -0.11489306]
995.5819983482361,1000,False,6,0,[ 7.25033191 -4.47312099  3.99980361],cruising,[-0.82138112 -0.19970136 -0.21083176]
995.5819983482361,1001,False,2,1,[5.31155962 2.07604168 3.23471291],landing,[-0.48080528  0.59740651 -0.20557775]
995.5819983482361,1002,False,4,2,[-7.44665593 -1.12606898  1.31071563],fake_landed,[ 0.5677905  -0.59831228 -0.99408226]
995.5819983482361,1003,False,0,3,[ 3.06564518 -3.5736198   4.00000009],cruising,[ 0.63925976  0.24903542 -0.34837281]
995.5819983482361,1004,False,5,6,[-8.09564721  7.92877674  1.27005225],waiting,[-0.62185191  0.08809385  0.93462812]
995.5819983482361,1005,False,3,4,[5.22484947 4.8439555  4.        ],cruising,[ 0.50568378 -0.03156594 -0.11489306]
995.690819978714,1000,False,6,0,[ 7.08984062 -4.58560786  3.9998417 ],cruising,[-0.82138112 -0.19970136 -0.21083176]
995.690819978714,1001,False,2,1,[5.31892758 2.05351862 3.13756135],landing,[-0.48080528  0.59740651 -0.20557775]
995.690819978714,1002,False,4,2,[-7.44850435 -1.12170056  1.29128626],fake_landed,[ 0.5677905  -0.59831228 -0.99408226]
995.690819978714,1003,False,0,3,[ 2.87951308 -3.50044303  4.00000008],cruising,[ 0.63925976  0.24903542 -0.34837281]
995.690819978714,1004,False,5,6,[-8.09564721  7.92877674  1.27005225],waiting,[-0.62185191  0.08809385  0.93462812]
995.690819978714,1005,False,3,4,[5.42393403 4.82484169 4.        ],cruising,[ 0.50568378 -0.03156594 -0.11489306]
995.7831139564514,1000,False,6,0,[ 6.92075041 -4.68003762  3.99987673],cruising,[-0.82138112 -0.19970136 -0.21083176]
995.7831139564514,1001,False,2,1,[5.32629555 2.03099555 3.0404098 ],landing,[-0.48080528  0.59740651 -0.20557775]
995.7831139564514,1002,False,2,5,[-7.44850435 -1.12170056  1.29128626],waiting,[ 0.5677905  -0.59831228 -0.99408226]
995.7831139564514,1003,False,0,3,[ 2.69271185 -3.42899165  4.00000006],cruising,[ 0.63925976  0.24903542 -0.34837281]
995.7831139564514,1004,False,5,6,[-8.09564721  7.92877674  1.27005225],queued,[-0.62185191  0.08809385  0.93462812]
995.7831139564514,1005,False,3,4,[5.62266336 4.80233271 4.        ],cruising,[ 0.50568378 -0.03156594 -0.11489306]
995.8877863883972,1000,False,6,0,[ 6.74520825 -4.75553667  3.99990865],cruising,[-0.82138112 -0.19970136 -0.21083176]
995.8877863883972,1001,False,2,1,[5.33366351 2.00847249 2.94325824],landing,[-0.48080528  0.59740651 -0.20557775]
995.8877863883972,1002,False,2,5,[-7.44850435 -1.12170056  1.29128626],queued,[ 0.5677905  -0.59831228 -0.99408226]
995.8877863883972,1003,False,0,3,[ 2.50540113 -3.35888675  4.00000005],cruising,[ 0.63925976  0.24903542 -0.34837281]
995.8877863883972,1004,False,5,6,[-8.09564721  7.92877674  1.29005225],queued,[-0.62185191  0.08809385  0.93462812]
995.8877863883972,1005,False,3,4,[5.82088447 4.77571708 4.        ],cruising,[ 0.50568378 -0.03156594 -0.11489306]
995.980043888092,1000,False,6,0,[ 6.56540225 -4.81149551  3.99993739],cruising,[-0.82138112 -0.19970136 -0.21083176]
995.980043888092,1001,False,2,1,[5.34103147 1.98594943 2.84610669],landing,[-0.48080528  0.59740651 -0.20557775]
995.980043888092,1002,False,2,5,[-7.44850435 -1.12170056  1.31128626],queued,[ 0.5677905  -0.59831228 -0.99408226]
995.980043888092,1003,False,0,3,[ 2.31721286 -3.29117285  4.00000005],cruising,[ 0.63925976  0.24903542 -0.34837281]
995.980043888092,1004,False,5,6,[-8.09564721  7.92877674  1.33005225],queued,[-0.62185191  0.08809385  0.93462812]
995.980043888092,1005,False,3,4,[6.01838962 4.74422554 4.        ],cruising,[ 0.50568378 -0.03156594 -0.11489306]
996.0872750282288,1000,False,6,0,[ 6.38354406 -4.84755992  3.99996284],cruising,[-0.82138112 -0.19970136 -0.21083176]
996.0872750282288,1001,False,2,1,[5.34839944 1.96342637 2.74895513],landing,[-0.48080528  0.59740651 -0.20557775]
996.0872750282288,1002,False,2,5,[-7.44850435 -1.12170056  1.35128626],queued,[ 0.5677905  -0.59831228 -0.99408226]
996.0872750282288,1003,False,0,3,[ 2.12844672 -3.22508696  4.00000004],cruising,[ 0.63925976  0.24903542 -0.34837281]
996.0872750282288,1004,False,5,6,[-8.09564721  7.92877674  1.39005225],queued,[-0.62185191  0.08809385  0.93462812]
996.0872750282288,1005,False,3,4,[6.21489701 4.70701206 4.        ],cruising,[ 0.50568378 -0.03156594 -0.11489306]
996.1810488700867,1000,False,6,0,[ 6.20101731 -4.8636355   3.9999847 ],cruising,[-0.82138112 -0.19970136 -0.21083176]
996.1810488700867,1001,False,2,1,[5.3557674  1.9409033  2.65180358],landing,[-0.48080528  0.59740651 -0.20557775]
996.1810488700867,1002,False,2,5,[-7.44850435 -1.12170056  1.41128626],queued,[ 0.5677905  -0.59831228 -0.99408226]
996.1810488700867,1003,False,0,3,[ 1.93849588 -3.16248762  4.00000003],cruising,[ 0.63925976  0.24903542 -0.34837281]
996.1810488700867,1004,False,5,6,[-8.09564721  7.92877674  1.46505225],queued,[-0.62185191  0.08809385  0.93462812]
996.1810488700867,1005,False,3,4,[6.41002498 4.66313637 4.        ],cruising,[ 0.50568378 -0.03156594 -0.11489306]
996.2838704586029,1000,False,6,0,[ 6.01928202 -4.85972675  4.00000289],cruising,[-0.82138112 -0.19970136 -0.21083176]
996.2838704586029,1001,False,2,1,[5.36313537 1.91838024 2.55465202],landing,[-0.48080528  0.59740651 -0.20557775]
996.2838704586029,1002,False,2,5,[-7.44850435 -1.12170056  1.48628626],queued,[ 0.5677905  -0.59831228 -0.99408226]
996.2838704586029,1003,False,0,3,[ 1.74718218 -3.10418606  4.00000003],cruising,[ 0.63925976  0.24903542 -0.34837281]
996.2838704586029,1004,False,5,6,[-8.09564721  7.92877674  1.54005225],queued,[-0.62185191  0.08809385  0.93462812]
996.2838704586029,1005,False,3,4,[6.60325759 4.61154993 4.        ],cruising,[ 0.50568378 -0.03156594 -0.11489306]
996.3814895153046,1000,False,6,0,[ 5.8395303  -4.83591661  4.00001731],cruising,[-0.82138112 -0.19970136 -0.21083176]
996.3814895153046,1001,False,2,1,[5.37050333 1.89585718 2.45750047],landing,[-0.48080528  0.59740651 -0.20557775]
996.3814895153046,1002,False,2,5,[-7.44850435 -1.12170056  1.56128626],queued,[ 0.5677905  -0.59831228 -0.99408226]
996.3814895153046,1003,False,0,3,[ 1.55431409 -3.05125309  4.00000002],cruising,[ 0.63925976  0.24903542 -0.34837281]
996.3814895153046,1004,False,5,6,[-8.09564721  7.92877674  1.61505225],queued,[-0.62185191  0.08809385  0.93462812]
996.3814895153046,1005,False,3,4,[6.79389988 4.55108907 4.        ],cruising,[ 0.50568378 -0.03156594 -0.11489306]
996.485556602478,1000,False,6,0,[ 5.66230027 -4.79226608  4.00002765],cruising,[-0.82138112 -0.19970136 -0.21083176]
996.485556602478,1001,False,2,1,[5.3778713  1.87333411 2.36034891],landing,[-0.48080528  0.59740651 -0.20557775]
996.485556602478,1002,False,2,5,[-7.44850435 -1.12170056  1.63628626],queued,[ 0.5677905  -0.59831228 -0.99408226]
996.485556602478,1003,False,0,3,[ 1.35970303 -3.00513875  4.00000002],cruising,[ 0.63925976  0.24903542 -0.34837281]
996.485556602478,1004,False,5,6,[-8.09564721  7.92877674  1.69005225],queued,[-0.62185191  0.08809385  0.93462812]
996.485556602478,1005,False,3,4,[6.98102182 4.48048184 4.        ],cruising,[ 0.50568378 -0.03156594 -0.11489306]
996.5847110748291,1000,False,6,0,[ 5.48832779 -4.72888262  4.00003378],cruising,[-0.82138112 -0.19970136 -0.21083176]
996.5847110748291,1001,False,2,1,[5.38523926 1.85081105 2.26319735],landing,[-0.48080528  0.59740651 -0.20557775]
996.5847110748291,1002,False,2,5,[-7.44850435 -1.12170056  1.71128626],queued,[ 0.5677905  -0.59831228 -0.99408226]
996.5847110748291,1003,False,0,3,[ 1.16320964 -2.96785134  4.00000002],cruising,[ 0.63925976  0.24903542 -0.34837281]
996.5847110748291,1004,False,5,6,[-8.09564721  7.92877674  1.76505225],queued,[-0.62185191  0.08809385  0.93462812]
996.5847110748291,1005,False,3,4,[7.16339238 4.39837838 4.        ],cruising,[ 0.50568378 -0.03156594 -0.11489306]
996.6944406032562,1000,False,6,0,[ 5.31741492 -4.64573458  4.00003522],cruising,[-0.82138112 -0.19970136 -0.21083176]
996.6944406032562,1001,False,2,1,[5.39260723 1.82828799 2.1660458 ],landing,[-0.48080528  0.59740651 -0.20557775]
996.6944406032562,1002,False,2,5,[-7.44850435 -1.12170056  1.78628626],queued,[ 0.5677905  -0.59831228 -0.99408226]
996.6944406032562,1003,False,0,3,[ 0.96412463 -2.94874229  4.00000001],cruising,[ 0.63925976  0.24903542 -0.34837281]
996.6944406032562,1004,False,5,6,[-8.09564721  7.92877674  1.84005225],queued,[-0.62185191  0.08809385  0.93462812]
996.6944406032562,1005,False,3,4,[7.33941102 4.30341819 4.        ],cruising,[ 0.50568378 -0.03156594 -0.11489306]
996.784999370575,1000,False,6,0,[ 5.14903666 -4.5427478   4.00003153],cruising,[-0.82138112 -0.19970136 -0.21083176]
996.784999370575,1001,False,2,1,[5.39997519 1.80576492 2.06889424],landing,[-0.48080528  0.59740651 -0.20557775]
996.784999370575,1002,False,2,5,[-7.44850435 -1.12170056  1.86128626],queued,[ 0.5677905  -0.59831228 -0.99408226]
996.784999370575,1003,False,0,3,[ 0.76422231 -2.94249236  4.00000001],cruising,[ 0.63925976  0.24903542 -0.34837281]
996.784999370575,1004,False,5,6,[-8.09564721  7.92877674  1.91505225],queued,[-0.62185191  0.08809385  0.93462812]
996.784999370575,1005,False,3,4,[7.50705332 4.19434912 4.        ],cruising,[ 0.50568378 -0.03156594 -0.11489306]
996.8927233219147,1000,False,6,0,[ 4.97708578 -4.44060626  4.0000268 ],cruising,[-0.82138112 -0.19970136 -0.21083176]
996.8927233219147,1001,False,2,1,[5.40734315 1.78324186 1.97174269],landing,[-0.48080528  0.59740651 -0.20557775]
996.8927233219147,1002,False,2,5,[-7.44850435 -1.12170056  1.93628626],queued,[ 0.5677905  -0.59831228 -0.99408226]
996.8927233219147,1003,False,0,3,[ 0.56443259 -2.95166142  4.00000001],cruising,[ 0.63925976  0.24903542 -0.34837281]
996.8927233219147,1004,False,5,6,[-8.09564721  7.92877674  1.99005225],queued,[-0.62185191  0.08809385  0.93462812]
996.8927233219147,1005,False,3,4,[7.66264958 4.06931469 4.        ],cruising,[ 0.50568378 -0.03156594 -0.11489306]
996.981724023819,1000,False,6,0,[ 4.80232115 -4.34335748  4.00002278],cruising,[-0.82138112 -0.19970136 -0.21083176]
996.981724023819,1001,False,2,1,[5.41471112 1.7607188  1.87459113],landing,[-0.48080528  0.59740651 -0.20557775]
996.981724023819,1002,False,2,5,[-7.44850435 -1.12170056  2.01128626],queued,[ 0.5677905  -0.59831228 -0.99408226]
996.981724023819,1003,False,0,3,[ 0.36588326 -2.97570641  4.00000001],cruising,[ 0.63925976  0.24903542 -0.34837281]
996.981724023819,1004,False,5,6,[-8.09564721  7.92877674  2.06505225],queued,[-0.62185191  0.08809385  0.93462812]
996.981724023819,1005,False,3,4,[7.80481053 3.92946498 4.        ],cruising,[ 0.50568378 -0.03156594 -0.11489306]
997.0824131965637,1000,False,6,0,[ 4.62442057 -4.25197159  4.00001936],cruising,[-0.82138112 -0.19970136 -0.21083176]
997.0824131965637,1001,False,2,1,[5.42207908 1.73819574 1.77743958],landing,[-0.48080528  0.59740651 -0.20557775]
997.0824131965637,1002,False,2,5,[-7.44850435 -1.12170056  2.08628626],queued,[ 0.5677905  -0.59831228 -0.99408226]
997.0824131965637,1003,False,0,3,[ 0.16955956 -3.01387716  4.00000001],cruising,[ 0.63925976  0.24903542 -0.34837281]
997.0824131965637,1004,False,5,6,[-8.09564721  7.92877674  2.14005225],queued,[-0.62185191  0.08809385  0.93462812]
997.0824131965637,1005,False,3,4,[7.93207537 3.77626964 4.        ],cruising,[ 0.50568378 -0.03156594 -0.11489306]
997.1829643249512,1000,False,6,0,[ 4.44495556 -4.16369753  4.00001646],cruising,[-0.82138112 -0.19970136 -0.21083176]
997.1829643249512,1001,False,2,1,[5.42944705 1.71567267 1.68028802],landing,[-0.48080528  0.59740651 -0.20557775]
997.1829643249512,1002,False,2,5,[-7.44850435 -1.12170056  2.16128626],entering,[ 0.5677905  -0.59831228 -0.99408226]
997.1829643249512,1003,False,0,3,[-0.02375483 -3.06515624  4.00000001],exiting,[ 0.63925976  0.24903542 -0.34837281]
997.1829643249512,1004,False,5,6,[-8.09564721  7.92877674  2.21505225],queued,[-0.62185191  0.08809385  0.93462812]
997.1829643249512,1005,False,3,4,[8.04309637 3.6114065  4.        ],cruising,[ 0.50568378 -0.03156594 -0.11489306]
997.2810561656952,1000,False,6,0,[ 4.26364358 -4.07928208  4.00001399],cruising,[-0.82138112 -0.19970136 -0.21083176]
997.2810561656952,1001,False,2,1,[5.43681501 1.69314961 1.58313647],landing,[-0.48080528  0.59740651 -0.20557775]
997.2810561656952,1002,False,2,5,[-7.43542502 -1.1065701   2.23628626],entering,[ 0.5677905  -0.59831228 -0.99408226]
997.2810561656952,1003,False,0,3,[-0.19770248 -3.1214282   4.00000001],exiting,[ 0.63925976  0.24903542 -0.34837281]
997.2810561656952,1004,False,5,6,[-8.09564721  7.92877674  2.29005225],queued,[-0.62185191  0.08809385  0.93462812]
997.2810561656952,1005,False,3,4,[8.13651745 3.43704373 4.        ],cruising,[ 0.50568378 -0.03156594 -0.11489306]
997.380758523941,1000,False,6,0,[ 4.08147464 -3.99673224  4.00001189],cruising,[-0.82138112 -0.19970136 -0.21083176]
997.380758523941,1001,False,2,1,[5.44418298 1.67062655 1.48598491],fake_landed,[-0.48080528  0.59740651 -0.20557775]
997.380758523941,1002,False,2,5,[-7.40928126 -1.07629629  2.31128626],entering,[ 0.5677905  -0.59831228 -0.99408226]
997.380758523941,1003,False,0,3,[-0.35226661 -3.18262757  4.        ],exiting,[ 0.63925976  0.24903542 -0.34837281]
997.380758523941,1004,False,5,6,[-8.09564721  7.92877674  2.36505225],queued,[-0.62185191  0.08809385  0.93462812]
997.380758523941,1005,False,3,4,[8.21170966 3.25445246 4.        ],cruising,[ 0.50568378 -0.03156594 -0.11489306]
997.4824106693268,1000,False,6,0,[ 3.89819731 -3.91667338  4.00001011],cruising,[-0.82138112 -0.19970136 -0.21083176]
997.4824106693268,1001,False,2,1,[5.45007735 1.6526081  1.40826367],fake_landed,[-0.48080528  0.59740651 -0.20557775]
997.4824106693268,1002,False,2,5,[-7.37010612 -1.03085069  2.38628626],entering,[ 0.5677905  -0.59831228 -0.99408226]
997.4824106693268,1003,False,0,3,[-0.48742717 -3.2486748   4.        ],exiting,[ 0.63925976  0.24903542 -0.34837281]
997.4824106693268,1004,False,5,6,[-8.09564721  7.92877674  2.44005225],queued,[-0.62185191  0.08809385  0.93462812]
997.4824106693268,1005,False,3,4,[8.26834885 3.06439223 4.        ],cruising,[ 0.50568378 -0.03156594 -0.11489306]
997.5842480659485,1000,False,6,0,[ 3.71439423 -3.83782905  4.00000859],cruising,[-0.82138112 -0.19970136 -0.21083176]
997.5842480659485,1001,False,2,1,[5.45449813 1.63909426 1.34997273],fake_landed,[-0.48080528  0.59740651 -0.20557775]
997.5842480659485,1002,False,2,5,[-7.31796269 -0.97017935  2.46128626],entering,[ 0.5677905  -0.59831228 -0.99408226]
997.5842480659485,1003,False,0,3,[-0.60315989 -3.31947163  4.        ],exiting,[ 0.63925976  0.24903542 -0.34837281]
997.5842480659485,1004,False,5,6,[-8.09564721  7.92877674  2.51505225],entering,[-0.62185191  0.08809385  0.93462812]
997.5842480659485,1005,False,3,4,[8.30590335 2.86835078 4.        ],cruising,[ 0.50568378 -0.03156594 -0.11489306]
997.6868250370026,1000,False,6,0,[ 3.52987959 -3.76066463  4.0000073 ],cruising,[-0.82138112 -0.19970136 -0.21083176]
997.6868250370026,1001,False,2,1,[5.45744531 1.63008503 1.31111211],fake_landed,[-0.48080528  0.59740651 -0.20557775]
997.6868250370026,1002,False,2,5,[-7.25297464 -0.89417778  2.53628626],entering,[ 0.5677905  -0.59831228 -0.99408226]
997.6868250370026,1003,False,0,3,[-0.69943399 -3.39489037  4.        ],exiting,[ 0.63925976  0.24903542 -0.34837281]
997.6868250370026,1004,False,5,6,[-8.07779802  7.91975419  2.59005225],entering,[-0.62185191  0.08809385  0.93462812]
997.6868250370026,1005,False,3,4,[8.33461209 2.67042198 4.        ],cruising,[ 0.50568378 -0.03156594 -0.11489306]
997.7862277030945,1000,False,6,0,[ 3.34493705 -3.68453147  4.00000621],cruising,[-0.82138112 -0.19970136 -0.21083176]
997.7862277030945,1001,False,2,1,[5.45891891 1.62558042 1.2916818 ],fake_landed,[-0.48080528  0.59740651 -0.20557775]
997.7862277030945,1002,False,2,5,[-7.17545985 -0.80258517  2.61128626],entering,[ 0.5677905  -0.59831228 -0.99408226]
997.7862277030945,1003,False,0,3,[-0.77620528 -3.47474091  4.        ],exiting,[ 0.63925976  0.24903542 -0.34837281]
997.7862277030945,1004,False,5,6,[-8.04208597  7.90173618  2.66505225],entering,[-0.62185191  0.08809385  0.93462812]
997.7862277030945,1005,False,3,4,[8.36288213 2.47243005 4.        ],cruising,[ 0.50568378 -0.03156594 -0.11489306]
997.8826611042023,1000,False,6,0,[ 3.15949153 -3.60963183  4.00000528],cruising,[-0.82138112 -0.19970136 -0.21083176]
997.8826611042023,1001,False,1,2,[5.45891891 1.62558042 1.2916818 ],waiting,[-0.48080528  0.59740651 -0.20557775]
997.8826611042023,1002,False,2,5,[-7.08574277 -0.69514629  2.68628626],entering,[ 0.5677905  -0.59831228 -0.99408226]
997.8826611042023,1003,False,0,3,[-0.83344424 -3.55889117  4.        ],exiting,[ 0.63925976  0.24903542 -0.34837281]
997.8826611042023,1004,False,5,6,[-7.98848091  7.87478284  2.74005225],entering,[-0.62185191  0.08809385  0.93462812]
997.8826611042023,1005,False,3,4,[8.38640448 2.27381812 4.        ],cruising,[ 0.50568378 -0.03156594 -0.11489306]
997.9818902015686,1000,False,6,0,[ 2.97354541 -3.53598372  4.00000448],cruising,[-0.82138112 -0.19970136 -0.21083176]
997.9818902015686,1001,False,1,2,[5.45891891 1.62558042 1.2916818 ],waiting,[-0.48080528  0.59740651 -0.20557775]
997.9818902015686,1002,False,2,5,[-6.98437287 -0.57145281  2.76128626],entering,[ 0.5677905  -0.59831228 -0.99408226]
997.9818902015686,1003,False,0,3,[-0.87112099 -3.64720319  4.        ],exiting,[ 0.63925976  0.24903542 -0.34837281]
997.9818902015686,1004,False,5,6,[-7.91692573  7.83900945  2.81505225],entering,[-0.62185191  0.08809385  0.93462812]
997.9818902015686,1005,False,3,4,[8.40903082 2.07510212 4.        ],cruising,[ 0.50568378 -0.03156594 -0.11489306]
998.0935881137848,1000,False,6,0,[ 2.78700848 -3.46384516  4.00000381],cruising,[-0.82138112 -0.19970136 -0.21083176]
998.0935881137848,1001,False,1,2,[5.45891891 1.62558042 1.2916818 ],waiting,[-0.48080528  0.59740651 -0.20557775]
998.0935881137848,1002,False,2,5,[-6.87252647 -0.43072282  2.83628626],entering,[ 0.5677905  -0.59831228 -0.99408226]
998.0935881137848,1003,False,0,3,[-0.8892057  -3.73953413  4.        ],exiting,[ 0.63925976  0.24903542 -0.34837281]
998.0935881137848,1004,False,5,6,[-7.82737223  7.7945148   2.89005225],entering,[-0.62185191  0.08809385  0.93462812]
998.0935881137848,1005,False,3,4,[8.42724575 1.87593331 4.        ],cruising,[ 0.50568378 -0.03156594 -0.11489306]
998.1800255775452,1000,False,6,0,[ 2.59999425 -3.39295314  4.00000324],cruising,[-0.82138112 -0.19970136 -0.21083176]
998.1800255775452,1001,False,1,2,[5.45891891 1.62558042 1.2916818 ],waiting,[-0.48080528  0.59740651 -0.20557775]
998.1800255775452,1002,False,2,5,[-6.75285724 -0.27158621  2.91128626],entering,[ 0.5677905  -0.59831228 -0.99408226]
998.1800255775452,1003,False,0,3,[-0.88766884 -3.83573734  4.        ],exiting,[ 0.63925976  0.24903542 -0.34837281]
998.1800255775452,1004,False,5,6,[-7.71979625  7.74134892  2.96505225],entering,[-0.62185191  0.08809385  0.93462812]
998.1800255775452,1005,False,3,4,[8.44433797 1.67666501 4.        ],cruising,[ 0.50568378 -0.03156594 -0.11489306]
998.2807724475861,1000,False,6,0,[ 2.41219344 -3.32417192  4.00000275],cruising,[-0.82138112 -0.19970136 -0.21083176]
998.2807724475861,1001,False,1,2,[5.45891891 1.62558042 1.2916818 ],waiting,[-0.48080528  0.59740651 -0.20557775]
998.2807724475861,1002,False,2,5,[-6.63609717 -0.10920676  2.98628626],entering,[ 0.5677905  -0.59831228 -0.99408226]
998.2807724475861,1003,False,0,3,[-0.87233457 -3.93455464  4.        ],exiting,[ 0.63925976  0.24903542 -0.34837281]
998.2807724475861,1004,False,5,6,[-7.59417623  7.67955676  3.04005225],entering,[-0.62185191  0.08809385  0.93462812]
998.2807724475861,1005,False,3,4,[8.45737717 1.47709051 4.        ],cruising,[ 0.50568378 -0.03156594 -0.11489306]
998.3870360851288,1000,False,6,0,[ 2.22345933 -3.25799463  4.00000234],cruising,[-0.82138112 -0.19970136 -0.21083176]
998.3870360851288,1001,False,1,2,[5.45891891 1.62558042 1.2916818 ],waiting,[-0.48080528  0.59740651 -0.20557775]
998.3870360851288,1002,False,2,5,[-6.52287284  0.05565758  3.06128626],entering,[ 0.5677905  -0.59831228 -0.99408226]
998.3870360851288,1003,False,0,3,[-0.8570003  -4.03337195  4.        ],exiting,[ 0.63925976  0.24903542 -0.34837281]
998.3870360851288,1004,False,5,6,[-7.45006498  7.61014395  3.11505225],entering,[-0.62185191  0.08809385  0.93462812]
998.3870360851288,1005,False,3,4,[8.46917341 1.27743869 4.        ],cruising,[ 0.50568378 -0.03156594 -0.11489306]
998.4875948429108,1000,False,6,0,[ 2.03412802 -3.19354577  4.00000199],cruising,[-0.82138112 -0.19970136 -0.21083176]
998.4875948429108,1001,False,1,2,[5.45891891 1.62558042 1.2916818 ],waiting,[-0.48080528  0.59740651 -0.20557775]
998.4875948429108,1002,False,2,5,[-6.41380042  0.22329769  3.13628626],entering,[ 0.5677905  -0.59831228 -0.99408226]
998.4875948429108,1003,False,0,3,[-0.84166603 -4.13218926  4.        ],exiting,[ 0.63925976  0.24903542 -0.34837281]
998.4875948429108,1004,False,5,6,[-7.2872381   7.53367953  3.19005225],entering,[-0.62185191  0.08809385  0.93462812]
998.4875948429108,1005,False,3,4,[8.47944204 1.07770248 4.        ],cruising,[ 0.50568378 -0.03156594 -0.11489306]
998.5893244743347,1000,False,6,0,[ 1.84352406 -3.13296417  4.00000169],cruising,[-0.82138112 -0.19970136 -0.21083176]
998.5893244743347,1001,False,1,2,[5.45891891 1.62558042 1.2916818 ],waiting,[-0.48080528  0.59740651 -0.20557775]
998.5893244743347,1002,False,2,5,[-6.30941891  0.3938981   3.21128626],entering,[ 0.5677905  -0.59831228 -0.99408226]
998.5893244743347,1003,False,0,3,[-0.82633176 -4.23100656  4.        ],exiting,[ 0.63925976  0.24903542 -0.34837281]
998.5893244743347,1004,False,5,6,[-7.10491154  7.45276961  3.26505225],entering,[-0.62185191  0.08809385  0.93462812]
998.5893244743347,1005,False,3,4,[8.48571625 0.87780092 4.        ],cruising,[ 0.50568378 -0.03156594 -0.11489306]
998.6836488246918,1000,False,6,0,[ 1.65146191 -3.0771777   4.00000144],cruising,[-0.82138112 -0.19970136 -0.21083176]
998.6836488246918,1001,False,1,2,[5.45891891 1.62558042 1.2916818 ],waiting,[-0.48080528  0.59740651 -0.20557775]
998.6836488246918,1002,False,2,5,[-6.21043188  0.56768408  3.28628626],entering,[ 0.5677905  -0.59831228 -0.99408226]
998.6836488246918,1003,False,0,3,[-0.81099749 -4.32982387  4.        ],exiting,[ 0.63925976  0.24903542 -0.34837281]
998.6836488246918,1004,False,5,6,[-6.92108639  7.37397677  3.34005225],entering,[-0.62185191  0.08809385  0.93462812]
998.6836488246918,1005,False,3,4,[8.49052666 0.67785877 4.        ],cruising,[ 0.50568378 -0.03156594 -0.11489306]
998.7813806533813,1000,False,6,0,[ 1.45774833 -3.02742783  4.00000122],cruising,[-0.82138112 -0.19970136 -0.21083176]
998.7813806533813,1001,False,1,2,[5.45891891 1.62558042 1.2916818 ],waiting,[-0.48080528  0.59740651 -0.20557775]
998.7813806533813,1002,False,2,5,[-6.11767239  0.74487234  3.36128626],entering,[ 0.5677905  -0.59831228 -0.99408226]
998.7813806533813,1003,False,0,3,[-0.79566321 -4.42864118  4.        ],exiting,[ 0.63925976  0.24903542 -0.34837281]
998.7813806533813,1004,False,5,6,[-6.73512692  7.30036238  3.41505225],entering,[-0.62185191  0.08809385  0.93462812]
998.7813806533813,1005,False,3,4,[8.49367472 0.47788355 4.        ],cruising,[ 0.50568378 -0.03156594 -0.11489306]
998.8886263370514,1000,False,6,0,[ 1.26221067 -2.98541566  4.00000104],cruising,[-0.82138112 -0.19970136 -0.21083176]
998.8886263370514,1001,False,1,2,[5.45891891 1.62558042 1.2916818 ],waiting,[-0.48080528  0.59740651 -0.20557775]
998.8886263370514,1002,False,2,5,[-6.03210981  0.9256458   3.43628626],entering,[ 0.5677905  -0.59831228 -0.99408226]
998.8886263370514,1003,False,0,3,[-0.78032894 -4.52745848  4.        ],exiting,[ 0.63925976  0.24903542 -0.34837281]
998.8886263370514,1004,False,5,6,[-6.54757043  7.23091772  3.49005225],entering,[-0.62185191  0.08809385  0.93462812]
998.8886263370514,1005,False,3,4,[8.49295706 0.27788484 4.        ],cruising,[ 0.50568378 -0.03156594 -0.11489306]
998.9920835494995,1000,False,6,0,[ 1.06477013 -2.95352154  4.00000088],cruising,[-0.82138112 -0.19970136 -0.21083176]
998.9920835494995,1001,False,1,2,[5.45891891 1.62558042 1.2916818 ],waiting,[-0.48080528  0.59740651 -0.20557775]
998.9920835494995,1002,False,2,5,[-5.95490031  1.11014158  3.51128626],entering,[ 0.5677905  -0.59831228 -0.99408226]
998.9920835494995,1003,False,0,3,[-0.76499467 -4.62627579  4.        ],exiting,[ 0.63925976  0.24903542 -0.34837281]
998.9920835494995,1004,False,5,6,[-6.3583086   7.16626511  3.56505225],entering,[-0.62185191  0.08809385  0.93462812]
998.9920835494995,1005,False,3,4,[8.49067237 0.07789789 4.        ],cruising,[ 0.50568378 -0.03156594 -0.11489306]
999.0797030925751,1000,False,6,0,[ 0.86517388 -2.94151091  4.00000075],cruising,[-0.82138112 -0.19970136 -0.21083176]
999.0797030925751,1001,False,1,2,[5.45891891 1.62558042 1.2916818 ],queued,[-0.48080528  0.59740651 -0.20557775]
999.0797030925751,1002,False,2,5,[-5.88739256  1.29840391  3.58459332],entering,[ 0.5677905  -0.59831228 -0.99408226]
999.0797030925751,1003,False,0,3,[-0.7496604 -4.7250931  4.       ],exiting,[ 0.63925976  0.24903542 -0.34837281]
999.0797030925751,1004,False,5,6,[-6.1669977   7.10795438  3.63029441],entering,[-0.62185191  0.08809385  0.93462812]
999.0797030925751,1005,False,3,4,[ 8.48665031 -0.12206166  4.        ],cruising,[ 0.50568378 -0.03156594 -0.11489306]
999.1790907382965,1000,False,6,0,[ 0.66522142 -2.9458713   4.00000064],cruising,[-0.82138112 -0.19970136 -0.21083176]
999.1790907382965,1001,False,1,2,[5.45891891 1.62558042 1.3116818 ],queued,[-0.48080528  0.59740651 -0.20557775]
999.1790907382965,1002,False,2,5,[-5.83110293  1.4903192   3.64690432],entering,[ 0.5677905  -0.59831228 -0.99408226]
999.1790907382965,1003,False,0,3,[-0.73432613 -4.82391041  4.        ],exiting,[ 0.63925976  0.24903542 -0.34837281]
999.1790907382965,1004,False,5,6,[-5.97342799  7.05764765  3.68575025],entering,[-0.62185191  0.08809385  0.93462812]
999.1790907382965,1005,False,3,4,[ 8.48075371 -0.32197472  4.        ],cruising,[ 0.50568378 -0.03156594 -0.11489306]
999.2888150215149,1000,False,6,0,[ 0.46571933 -2.95997512  4.00000054],cruising,[-0.82138112 -0.19970136 -0.21083176]
999.2888150215149,1001,False,1,2,[5.45891891 1.62558042 1.3516818 ],queued,[-0.48080528  0.59740651 -0.20557775]
999.2888150215149,1002,False,2,5,[-5.78763625  1.68553868  3.69986867],entering,[ 0.5677905  -0.59831228 -0.99408226]
999.2888150215149,1003,False,0,3,[-0.71899185 -4.92272771  4.        ],exiting,[ 0.63925976  0.24903542 -0.34837281]
999.2888150215149,1004,False,5,6,[-5.77785008  7.01582327  3.73288771],entering,[-0.62185191  0.08809385  0.93462812]
999.2888150215149,1005,False,3,4,[ 8.47082986 -0.52172836  4.        ],cruising,[ 0.50568378 -0.03156594 -0.11489306]
999.3919112682343,1000,False,6,0,[ 0.26787068 -2.9892311   4.00000046],cruising,[-0.82138112 -0.19970136 -0.21083176]
999.3919112682343,1001,False,1,2,[5.45891891 1.62558042 1.4116818 ],queued,[-0.48080528  0.59740651 -0.20557775]
999.3919112682343,1002,False,2,5,[-5.75852796  1.88340911  3.74488837],entering,[ 0.5677905  -0.59831228 -0.99408226]
999.3919112682343,1003,False,0,3,[-0.70365758 -5.02154502  4.        ],exiting,[ 0.63925976  0.24903542 -0.34837281]
999.3919112682343,1004,False,5,6,[-5.5805917   6.98282127  3.77295456],entering,[-0.62185191  0.08809385  0.93462812]
999.3919112682343,1005,False,3,4,[ 8.45914659 -0.72138682  4.        ],cruising,[ 0.50568378 -0.03156594 -0.11489306]
999.481725692749,1000,False,6,0,[ 0.07364412 -3.036939    4.00000039],cruising,[-0.82138112 -0.19970136 -0.21083176]
999.481725692749,1001,False,1,2,[5.45891891 1.62558042 1.4866818 ],queued,[-0.48080528  0.59740651 -0.20557775]
999.481725692749,1002,False,2,5,[-5.74500221  2.08295122  3.78315512],entering,[ 0.5677905  -0.59831228 -0.99408226]
999.481725692749,1003,False,0,3,[-0.68832331 -5.12036233  4.        ],exiting,[ 0.63925976  0.24903542 -0.34837281]
999.481725692749,1004,False,5,6,[-5.38166548  6.96212445  3.80701137],entering,[-0.62185191  0.08809385  0.93462812]
999.481725692749,1005,False,3,4,[ 8.44553853 -0.92092334  4.        ],cruising,[ 0.50568378 -0.03156594 -0.11489306]
999.5939164161682,1000,False,6,0,[-0.11733138 -3.096339    4.00000033],cruising,[-0.82138112 -0.19970136 -0.21083176]
999.5939164161682,1001,False,1,2,[5.45891891 1.62558042 1.5616818 ],queued,[-0.48080528  0.59740651 -0.20557775]
999.5939164161682,1002,False,2,5,[-5.74683381  2.28294284  3.81568185],entering,[ 0.5677905  -0.59831228 -0.99408226]
999.5939164161682,1003,False,0,3,[-0.67298904 -5.21917963  4.        ],exiting,[ 0.63925976  0.24903542 -0.34837281]
999.5939164161682,1004,False,5,6,[-5.18193357  6.95177239  3.83595967],entering,[-0.62185191  0.08809385  0.93462812]
999.5939164161682,1005,False,3,4,[ 8.4298603  -1.12030787  4.        ],cruising,[ 0.50568378 -0.03156594 -0.11489306]
999.6853835582733,1000,False,6,0,[-0.30476552 -3.16611322  4.00000028],cruising,[-0.82138112 -0.19970136 -0.21083176]
999.6853835582733,1001,False,1,2,[5.45891891 1.62558042 1.6366818 ],queued,[-0.48080528  0.59740651 -0.20557775]
999.6853835582733,1002,False,2,5,[-5.76466806  2.4821461   3.84332957],cruising,[ 0.5677905  -0.59831228 -0.99408226]
999.6853835582733,1003,False,0,3,[-0.65765477 -5.31799694  4.        ],exiting,[ 0.63925976  0.24903542 -0.34837281]
999.6853835582733,1004,False,5,6,[-4.9819336   6.95166155  3.86056572],cruising,[-0.62185191  0.08809385  0.93462812]
999.6853835582733,1005,False,3,4,[ 8.40977016 -1.31929628  4.        ],cruising,[ 0.50568378 -0.03156594 -0.11489306]
999.7892405986786,1000,False,6,0,[-0.48759747 -3.24718404  4.00000024],cruising,[-0.82138112 -0.19970136 -0.21083176]
999.7892405986786,1001,False,1,2,[5.45891891 1.62558042 1.7116818 ],queued,[-0.48080528  0.59740651 -0.20557775]
999.7892405986786,1002,False,2,5,[-5.79630547  2.67962793  3.86683014],cruising,[ 0.5677905  -0.59831228 -0.99408226]
999.7892405986786,1003,False,0,3,[-0.64232049 -5.41681425  4.        ],exiting,[ 0.63925976  0.24903542 -0.34837281]
999.7892405986786,1004,False,5,6,[-4.7821668   6.96131682  3.88148086],cruising,[-0.62185191  0.08809385  0.93462812]
999.7892405986786,1005,False,3,4,[ 8.3876598  -1.51807035  4.        ],cruising,[ 0.50568378 -0.03156594 -0.11489306]
999.8794202804565,1000,False,6,0,[-0.66701605 -3.33555242  4.0000002 ],cruising,[-0.82138112 -0.19970136 -0.21083176]
999.8794202804565,1001,False,1,2,[5.45891891 1.62558042 1.7866818 ],queued,[-0.48080528  0.59740651 -0.20557775]
999.8794202804565,1002,False,2,5,[-5.84117212  2.87453043  3.88680562],cruising,[ 0.5677905  -0.59831228 -0.99408226]
999.8794202804565,1003,False,0,3,[-0.62698622 -5.51563155  4.        ],exiting,[ 0.63925976  0.24903542 -0.34837281]
999.8794202804565,1004,False,5,6,[-4.5830014   6.97956912  3.89925873],cruising,[-0.62185191  0.08809385  0.93462812]
999.8794202804565,1005,False,3,4,[ 8.36332281 -1.71658411  4.        ],cruising,[ 0.50568378 -0.03156594 -0.11489306]
999.9938700199127,1000,False,6,0,[-0.84486198 -3.42704464  4.00000017],cruising,[-0.82138112 -0.19970136 -0.21083176]
999.9938700199127,1001,False,1,2,[5.45891891 1.62558042 1.8616818 ],queued,[-0.48080528  0.59740651 -0.20557775]
999.9938700199127,1002,False,2,5,[-5.89557682  3.06698855  3.90378477],cruising,[ 0.5677905  -0.59831228 -0.99408226]
999.9938700199127,1003,False,0,3,[-0.61165195 -5.61444886  4.        ],exiting,[ 0.63925976  0.24903542 -0.34837281]
999.9938700199127,1004,False,5,6,[-4.38460197  7.00482116  3.91436992],cruising,[-0.62185191  0.08809385  0.93462812]
999.9938700199127,1005,False,3,4,[ 8.33412385 -1.91444118  4.        ],cruising,[ 0.50568378 -0.03156594 -0.11489306]
1000.0829880237579,1000,False,6,0,[-1.02398842 -3.51600372  4.00000015],cruising,[-0.82138112 -0.19970136 -0.21083176]
1000.0829880237579,1001,False,1,2,[5.45891891 1.62558042 1.9366818 ],queued,[-0.48080528  0.59740651 -0.20557775]
1000.0829880237579,1002,False,2,5,[-5.95708161  3.25729662  3.91821706],cruising,[ 0.5677905  -0.59831228 -0.99408226]
1000.0829880237579,1003,False,0,3,[-0.59631768 -5.71326617  4.        ],exiting,[ 0.63925976  0.24903542 -0.34837281]
1000.0829880237579,1004,False,5,6,[-4.18694094  7.03531896  3.92721443],cruising,[-0.62185191  0.08809385  0.93462812]
1000.0829880237579,1005,False,3,4,[ 8.3026044  -2.11194188  4.        ],cruising,[ 0.50568378 -0.03156594 -0.11489306]
1000.193874835968,1000,False,6,0,[-1.20725318 -3.59609136  4.00000013],cruising,[-0.82138112 -0.19970136 -0.21083176]
1000.193874835968,1001,False,1,2,[5.45891891 1.62558042 2.0116818 ],queued,[-0.48080528  0.59740651 -0.20557775]
1000.193874835968,1002,False,2,5,[-6.02329699  3.44601737  3.9304845 ],cruising,[ 0.5677905  -0.59831228 -0.99408226]
1000.193874835968,1003,False,0,3,[-0.58098341 -5.81208347  4.        ],exiting,[ 0.63925976  0.24903542 -0.34837281]
1000.193874835968,1004,False,5,6,[-3.9898576   7.06935068  3.93813227],cruising,[-0.62185191  0.08809385  0.93462812]
1000.193874835968,1005,False,3,4,[ 8.26848424 -2.30900992  4.        ],cruising,[ 0.50568378 -0.03156594 -0.11489306]
1000.2792232036591,1000,False,6,0,[-1.39742944 -3.65741117  4.00000011],cruising,[-0.82138112 -0.19970136 -0.21083176]
1000.2792232036591,1001,False,1,2,[5.45891891 1.62558042 2.0866818 ],queued,[-0.48080528  0.59740651 -0.20557775]
1000.2792232036591,1002,False,2,5,[-6.0919486   3.6338656   3.94091182],cruising,[ 0.5677905  -0.59831228 -0.99408226]
1000.2792232036591,1003,False,0,3,[-0.56564913 -5.91090078  4.        ],exiting,[ 0.63925976  0.24903542 -0.34837281]
1000.2792232036591,1004,False,5,6,[-3.79312489  7.10535404  3.94741243],cruising,[-0.62185191  0.08809385  0.93462812]
1000.2792232036591,1005,False,3,4,[ 8.2285699  -2.50498657  4.        ],cruising,[ 0.50568378 -0.03156594 -0.11489306]
1000.3837931156158,1000,False,6,0,[-1.59136545 -3.69908756  4.00000009],cruising,[-0.82138112 -0.19970136 -0.21083176]
1000.3837931156158,1001,False,1,2,[5.45891891 1.62558042 2.1616818 ],queued,[-0.48080528  0.59740651 -0.20557775]
1000.3837931156158,1002,False,2,5,[-6.16086128  3.82161821  3.94977505],cruising,[ 0.5677905  -0.59831228 -0.99408226]
1000.3837931156158,1003,False,0,3,[-0.55031486 -6.00971809  4.        ],exiting,[ 0.63925976  0.24903542 -0.34837281]
1000.3837931156158,1004,False,5,6,[-3.59606065  7.13949613  3.95530056],cruising,[-0.62185191  0.08809385  0.93462812]
1000.3837931156158,1005,False,3,4,[ 8.18578894 -2.70035747  4.        ],cruising,[ 0.50568378 -0.03156594 -0.11489306]
1000.4814102649689,1000,False,6,0,[-1.78594697 -3.72077437  4.00000007],cruising,[-0.82138112 -0.19970136 -0.21083176]
1000.4814102649689,1001,False,1,2,[5.45891891 1.62558042 2.2366818 ],queued,[-0.48080528  0.59740651 -0.20557775]
1000.4814102649689,1002,False,2,5,[-6.22788842  4.01005219  3.95730879],cruising,[ 0.5677905  -0.59831228 -0.99408226]
1000.4814102649689,1003,False,0,3,[-0.53498059 -6.10853539  4.        ],exiting,[ 0.63925976  0.24903542 -0.34837281]
1000.4814102649689,1004,False,5,6,[-3.39896391  7.17345016  3.96200548],cruising,[-0.62185191  0.08809385  0.93462812]
1000.4814102649689,1005,False,3,4,[ 8.13638388 -2.89415927  4.        ],cruising,[ 0.50568378 -0.03156594 -0.11489306]
1000.5818724632263,1000,False,6,0,[-1.97817309 -3.72260036  4.00000006],cruising,[-0.82138112 -0.19970136 -0.21083176]
1000.5818724632263,1001,False,1,2,[5.45891891 1.62558042 2.3116818 ],queued,[-0.48080528  0.59740651 -0.20557775]
1000.5818724632263,1002,False,2,5,[-6.29080531  4.19989808  3.96371247],cruising,[ 0.5677905  -0.59831228 -0.99408226]
1000.5818724632263,1003,False,0,3,[-0.51964632 -6.2073527   4.        ],exiting,[ 0.63925976  0.24903542 -0.34837281]
1000.5818724632263,1004,False,5,6,[-3.20163656  7.20603723  3.96770466],cruising,[-0.62185191  0.08809385  0.93462812]
1000.5818724632263,1005,False,3,4,[ 8.08358403 -3.08706385  4.        ],cruising,[ 0.50568378 -0.03156594 -0.11489306]
1000.6918761730194,1000,False,6,0,[-2.16514488 -3.70512888  4.00000004],cruising,[-0.82138112 -0.19970136 -0.21083176]
1000.6918761730194,1001,False,1,2,[5.45891891 1.62558042 2.3866818 ],queued,[-0.48080528  0.59740651 -0.20557775]
1000.6918761730194,1002,False,2,5,[-6.34717532  4.39178978  3.9691556 ],cruising,[ 0.5677905  -0.59831228 -0.99408226]
1000.6918761730194,1003,False,0,3,[-0.50431205 -6.30617001  4.        ],exiting,[ 0.63925976  0.24903542 -0.34837281]
1000.6918761730194,1004,False,5,6,[-3.00353358  7.23351833  3.97254896],cruising,[-0.62185191  0.08809385  0.93462812]
1000.6918761730194,1005,False,3,4,[ 8.02276123 -3.27759098  4.        ],cruising,[ 0.50568378 -0.03156594 -0.11489306]
1000.779167175293,1000,False,6,0,[-2.34453497 -3.66915017  4.00000003],cruising,[-0.82138112 -0.19970136 -0.21083176]
1000.779167175293,1001,False,1,2,[5.45891891 1.62558042 2.4616818 ],queued,[-0.48080528  0.59740651 -0.20557775]
1000.779167175293,1002,False,2,5,[-6.38795914  4.58758733  3.97378226],exiting,[ 0.5677905  -0.59831228 -0.99408226]
1000.779167175293,1003,False,0,3,[-0.48897778 -6.40498731  4.        ],exiting,[ 0.63925976  0.24903542 -0.34837281]
1000.779167175293,1004,False,5,6,[-2.80502576  7.25790363  3.97666661],cruising,[-0.62185191  0.08809385  0.93462812]
1000.779167175293,1005,False,3,4,[ 7.95770143 -3.46671322  4.        ],exiting,[ 0.50568378 -0.03156594 -0.11489306]
1000.8833186626434,1000,False,6,0,[-2.51415468 -3.6157204   4.00000001],cruising,[-0.82138112 -0.19970136 -0.21083176]
1000.8833186626434,1001,False,1,2,[5.45891891 1.62558042 2.5366818 ],queued,[-0.48080528  0.59740651 -0.20557775]
1000.8833186626434,1002,False,2,5,[-6.43196125  4.76364551  3.97841547],exiting,[ 0.5677905  -0.59831228 -0.99408226]
1000.8833186626434,1003,False,0,3,[-0.4736435  -6.50380462  4.        ],exiting,[ 0.63925976  0.24903542 -0.34837281]
1000.8833186626434,1004,False,5,6,[-2.60575645  7.27498413  3.98016662],cruising,[-0.62185191  0.08809385  0.93462812]
1000.8833186626434,1005,False,3,4,[ 7.90624606 -3.64117533  4.        ],exiting,[ 0.50568378 -0.03156594 -0.11489306]
1000.9833953380585,1000,False,6,0,[-2.67201076 -3.54611604  4.        ],cruising,[-0.82138112 -0.19970136 -0.21083176]
1000.9833953380585,1001,False,1,2,[5.45891891 1.62558042 2.6116818 ],entering,[-0.48080528  0.59740651 -0.20557775]
1000.9833953380585,1002,False,2,5,[-6.479414    4.92000402  3.98292191],exiting,[ 0.5677905  -0.59831228 -0.99408226]
1000.9833953380585,1003,False,0,3,[-0.45830923 -6.60262193  4.        ],exiting,[ 0.63925976  0.24903542 -0.34837281]
1000.9833953380585,1004,False,5,6,[-2.40611668  7.28698257  3.98314163],cruising,[-0.62185191  0.08809385  0.93462812]
1000.9833953380585,1005,False,3,4,[ 7.86854322 -3.80111615  4.        ],exiting,[ 0.50568378 -0.03156594 -0.11489306]
1001.0907928943634,1000,False,6,0,[-2.81642599 -3.46170144  3.99999999],cruising,[-0.82138112 -0.19970136 -0.21083176]
1001.0907928943634,1001,False,1,2,[5.47861056 1.62208203 2.6866818 ],entering,[-0.48080528  0.59740651 -0.20557775]
1001.0907928943634,1002,False,2,5,[-6.53062191  5.0567209   3.98710414],exiting,[ 0.5677905  -0.59831228 -0.99408226]
1001.0907928943634,1003,False,0,3,[-0.44297496 -6.70143923  4.        ],exiting,[ 0.63925976  0.24903542 -0.34837281]
1001.0907928943634,1004,False,5,6,[-2.20612253  7.28851232  3.98567038],cruising,[-0.62185191  0.08809385  0.93462812]
1001.0907928943634,1005,False,3,4,[ 7.84477539 -3.9467107   4.        ],exiting,[ 0.50568378 -0.03156594 -0.11489306]
1001.1854016780853,1000,False,6,0,[-2.94594737 -3.36393868  3.99999998],cruising,[-0.82138112 -0.19970136 -0.21083176]
1001.1854016780853,1001,False,1,2,[5.51798818 1.61505336 2.7616818 ],entering,[-0.48080528  0.59740651 -0.20557775]
1001.1854016780853,1002,False,2,5,[-6.58594974  5.17387596  3.99068512],exiting,[ 0.5677905  -0.59831228 -0.99408226]
1001.1854016780853,1003,False,0,3,[-0.42764069 -6.80025654  4.        ],exiting,[ 0.63925976  0.24903542 -0.34837281]
1001.1854016780853,1004,False,5,6,[-2.00676272  7.2725227   3.98781983],cruising,[-0.62185191  0.08809385  0.93462812]
1001.1854016780853,1005,False,3,4,[ 7.83517553 -4.07818899  4.        ],exiting,[ 0.50568378 -0.03156594 -0.11489306]
1001.2839922904968,1000,False,6,0,[-3.05927354 -3.25444071  3.99999997],cruising,[-0.82138112 -0.19970136 -0.21083176]
1001.2839922904968,1001,False,1,2,[5.57703895 1.60442372 2.8366818 ],entering,[-0.48080528  0.59740651 -0.20557775]
1001.2839922904968,1002,False,2,5,[-6.64570405  5.27154751  3.99337222],exiting,[ 0.5677905  -0.59831228 -0.99408226]
1001.2839922904968,1003,False,0,3,[-0.41230642 -6.89907385  4.        ],exiting,[ 0.63925976  0.24903542 -0.34837281]
1001.2839922904968,1004,False,5,6,[-1.80984075  7.23756937  3.98964685],cruising,[-0.62185191  0.08809385  0.93462812]
1001.2839922904968,1005,False,3,4,[ 7.83992342 -4.19573379  4.        ],exiting,[ 0.50568378 -0.03156594 -0.11489306]
1001.3862488269806,1000,False,6,0,[-3.1553053  -3.13489766  3.99999997],cruising,[-0.82138112 -0.19970136 -0.21083176]
1001.3862488269806,1001,False,1,2,[5.65568856 1.58980844 2.9116818 ],entering,[-0.48080528  0.59740651 -0.20557775]
1001.3862488269806,1002,False,2,5,[-6.7101952   5.34983198  3.99475415],exiting,[ 0.5677905  -0.59831228 -0.99408226]
1001.3862488269806,1003,False,0,3,[-0.39697214 -6.99789115  4.        ],exiting,[ 0.63925976  0.24903542 -0.34837281]
1001.3862488269806,1004,False,5,6,[-1.61657396  7.18611113  3.99119983],cruising,[-0.62185191  0.08809385  0.93462812]
1001.3862488269806,1005,False,3,4,[ 7.85919765 -4.2995314   4.        ],exiting,[ 0.50568378 -0.03156594 -0.11489306]
1001.4903571605682,1000,False,6,0,[-3.23342224 -3.00646311  3.99999996],cruising,[-0.82138112 -0.19970136 -0.21083176]
1001.4903571605682,1001,False,1,2,[5.7538554  1.57082532 2.9866818 ],entering,[-0.48080528  0.59740651 -0.20557775]
1001.4903571605682,1002,False,2,5,[-6.77531328  5.42572401  3.99572954],exiting,[ 0.5677905  -0.59831228 -0.99408226]
1001.4903571605682,1003,False,0,3,[-0.38163787 -7.09670846  4.        ],exiting,[ 0.63925976  0.24903542 -0.34837281]
1001.4903571605682,1004,False,5,6,[-1.42755775  7.12074394  3.99251985],cruising,[-0.62185191  0.08809385  0.93462812]
1001.4903571605682,1005,False,3,4,[ 7.88680643 -4.39564464  4.        ],exiting,[ 0.50568378 -0.03156594 -0.11489306]
1001.5871033668518,1000,False,6,0,[-3.29325103 -2.86993263  3.99999996],cruising,[-0.82138112 -0.19970136 -0.21083176]
1001.5871033668518,1001,False,1,2,[5.87139742 1.54688211 3.0616818 ],entering,[-0.48080528  0.59740651 -0.20557775]
1001.5871033668518,1002,False,2,5,[-6.84043139  5.50161608  3.99652928],exiting,[ 0.5677905  -0.59831228 -0.99408226]
1001.5871033668518,1003,False,0,3,[-0.3663036  -7.19552577  4.        ],exiting,[ 0.63925976  0.24903542 -0.34837281]
1001.5871033668518,1004,False,5,6,[-1.24287471  7.04398344  3.99364187],cruising,[-0.62185191  0.08809385  0.93462812]
1001.5871033668518,1005,False,3,4,[ 7.91441521 -4.49175788  4.        ],exiting,[ 0.50568378 -0.03156594 -0.11489306]
1001.6801190376282,1000,False,6,0,[-3.33461807 -2.72571037  3.99999996],cruising,[-0.82138112 -0.19970136 -0.21083176]
1001.6801190376282,1001,False,1,2,[6.0081276  1.51729848 3.1366818 ],entering,[-0.48080528  0.59740651 -0.20557775]
1001.6801190376282,1002,False,2,5,[-6.90554953  5.57750817  3.99718427],exiting,[ 0.5677905  -0.59831228 -0.99408226]
1001.6801190376282,1003,False,0,3,[-0.35096933 -7.29434307  4.        ],exiting,[ 0.63925976  0.24903542 -0.34837281]
1001.6801190376282,1004,False,5,6,[-1.06082307  6.96117521  3.99459559],cruising,[-0.62185191  0.08809385  0.93462812]
1001.6801190376282,1005,False,3,4,[ 7.94202399 -4.58787112  4.        ],exiting,[ 0.50568378 -0.03156594 -0.11489306]
1001.7851107120514,1000,False,6,0,[-3.35745055 -2.57397346  3.99999995],cruising,[-0.82138112 -0.19970136 -0.21083176]
1001.7851107120514,1001,False,1,2,[6.16336706 1.48013814 3.2116818 ],entering,[-0.48080528  0.59740651 -0.20557775]
1001.7851107120514,1002,False,2,5,[-6.97066768  5.65340029  3.99772003],exiting,[ 0.5677905  -0.59831228 -0.99408226]
1001.7851107120514,1003,False,0,3,[-0.33563506 -7.39316038  4.        ],exiting,[ 0.63925976  0.24903542 -0.34837281]
1001.7851107120514,1004,False,5,6,[-0.88280921  6.87001016  3.99540625],cruising,[-0.62185191  0.08809385  0.93462812]
1001.7851107120514,1005,False,3,4,[ 7.96963277 -4.68398436  4.        ],exiting,[ 0.50568378 -0.03156594 -0.11489306]
1001.8850154876709,1000,False,6,0,[-3.36175187 -2.41471351  3.99999996],cruising,[-0.82138112 -0.19970136 -0.21083176]
1001.8850154876709,1001,False,1,2,[6.33618956 1.43344697 3.2866818 ],entering,[-0.48080528  0.59740651 -0.20557775]
1001.8850154876709,1002,False,2,5,[-7.03578585  5.72929242  3.99815771],exiting,[ 0.5677905  -0.59831228 -0.99408226]
1001.8850154876709,1003,False,0,3,[-0.32030078 -7.49197769  4.        ],exiting,[ 0.63925976  0.24903542 -0.34837281]
1001.8850154876709,1004,False,5,6,[-0.70813696  6.77259557  3.99609532],cruising,[-0.62185191  0.08809385  0.93462812]
1001.8850154876709,1005,False,3,4,[ 7.99724155 -4.78009761  4.        ],exiting,[ 0.50568378 -0.03156594 -0.11489306]
1001.9880359172821,1000,False,6,0,[-3.34784365 -2.24718235  3.99999996],cruising,[-0.82138112 -0.19970136 -0.21083176]
1001.9880359172821,1001,False,1,2,[6.52247162 1.37196254 3.3616818 ],entering,[-0.48080528  0.59740651 -0.20557775]
1001.9880359172821,1002,False,2,5,[-7.10090402  5.80518456  3.99851476],exiting,[ 0.5677905  -0.59831228 -0.99408226]
1001.9880359172821,1003,False,0,3,[-0.30496651 -7.59079499  4.        ],exiting,[ 0.63925976  0.24903542 -0.34837281]
1001.9880359172821,1004,False,5,6,[-0.53512948  6.67225409  3.99668102],cruising,[-0.62185191  0.08809385  0.93462812]
1001.9880359172821,1005,False,3,4,[ 8.02485033 -4.87621085  4.        ],exiting,[ 0.50568378 -0.03156594 -0.11489306]
1002.084175825119,1000,False,6,0,[-3.31675656 -2.0694098   3.99999996],cruising,[-0.82138112 -0.19970136 -0.21083176]
1002.084175825119,1001,False,1,2,[6.70933813 1.30068207 3.4366818 ],entering,[-0.48080528  0.59740651 -0.20557775]
1002.084175825119,1002,False,2,5,[-7.1660222   5.8810767   3.99880559],exiting,[ 0.5677905  -0.59831228 -0.99408226]
1002.084175825119,1003,False,0,3,[-0.28963224 -7.6896123   4.        ],exiting,[ 0.63925976  0.24903542 -0.34837281]
1002.084175825119,1004,False,5,6,[-0.36439686  6.56808896  3.99717887],cruising,[-0.62185191  0.08809385  0.93462812]
1002.084175825119,1005,False,3,4,[ 8.05245912 -4.97232409  4.        ],exiting,[ 0.50568378 -0.03156594 -0.11489306]
1002.190500497818,1000,False,6,0,[-3.27387334 -1.87548634  3.99999997],cruising,[-0.82138112 -0.19970136 -0.21083176]
1002.190500497818,1001,False,1,2,[6.89218221 1.21963861 3.5116818 ],entering,[-0.48080528  0.59740651 -0.20557775]
1002.190500497818,1002,False,2,5,[-7.23114039  5.95696886  3.99904209],exiting,[ 0.5677905  -0.59831228 -0.99408226]
1002.190500497818,1003,False,0,3,[-0.27429797 -7.78842961  4.        ],landing,[ 0.63925976  0.24903542 -0.34837281]
1002.190500497818,1004,False,5,6,[-0.19511947  6.46157528  3.99760204],cruising,[-0.62185191  0.08809385  0.93462812]
1002.190500497818,1005,False,3,4,[ 8.0800679  -5.06843733  4.        ],exiting,[ 0.50568378 -0.03156594 -0.11489306]
1002.2825672626495,1000,False,6,0,[-3.24636454 -1.67738721  3.99999997],cruising,[-0.82138112 -0.19970136 -0.21083176]
1002.2825672626495,1001,False,1,2,[7.07000032 1.12809233 3.58492953],entering,[-0.48080528  0.59740651 -0.20557775]
1002.2825672626495,1002,False,2,5,[-7.29625858  6.03286101  3.99923409],exiting,[ 0.5677905  -0.59831228 -0.99408226]
1002.2825672626495,1003,False,0,3,[-0.26428661 -7.87397278  3.98601915],landing,[ 0.63925976  0.24903542 -0.34837281]
1002.2825672626495,1004,False,5,6,[-0.02626913  6.35438591  3.99796173],cruising,[-0.62185191  0.08809385  0.93462812]
1002.2825672626495,1005,False,3,4,[ 8.10767668 -5.16455057  4.        ],exiting,[ 0.50568378 -0.03156594 -0.11489306]
1002.3881223201752,1000,False,6,0,[-3.23533776 -1.47769142  3.99999998],cruising,[-0.82138112 -0.19970136 -0.21083176]
1002.3881223201752,1001,False,1,2,[7.24154974 1.02527795 3.6471901 ],entering,[-0.48080528  0.59740651 -0.20557775]
1002.3881223201752,1002,False,2,5,[-7.36137677  6.10875317  3.99938965],exiting,[ 0.5677905  -0.59831228 -0.99408226]
1002.3881223201752,1003,False,0,3,[-0.25958704 -7.94606691  3.95822136],landing,[ 0.63925976  0.24903542 -0.34837281]
1002.3881223201752,1004,False,5,6,[0.14224999 6.24667654 3.99826747],cruising,[-0.62185191  0.08809385  0.93462812]
1002.3881223201752,1005,False,3,4,[ 8.13528546 -5.26066381  4.        ],exiting,[ 0.50568378 -0.03156594 -0.11489306]
1002.4852204322815,1000,False,6,0,[-3.24022989 -1.27775126  3.99999998],cruising,[-0.82138112 -0.19970136 -0.21083176]
1002.4852204322815,1001,False,1,2,[7.40532223 0.91048    3.70011158],entering,[-0.48080528  0.59740651 -0.20557775]
1002.4852204322815,1002,False,2,5,[-7.42649496  6.18464533  3.99951544],exiting,[ 0.5677905  -0.59831228 -0.99408226]
1002.4852204322815,1003,False,0,3,[-0.26018509 -8.00450676  3.91680388],landing,[ 0.63925976  0.24903542 -0.34837281]
1002.4852204322815,1004,False,5,6,[0.31102554 6.13936944 3.99852735],cruising,[-0.62185191  0.08809385  0.93462812]
1002.4852204322815,1005,False,3,4,[ 8.16289424 -5.35677706  4.        ],exiting,[ 0.50568378 -0.03156594 -0.11489306]
1002.586207151413,1000,False,6,0,[-3.25902985 -1.07863682  3.99999998],cruising,[-0.82138112 -0.19970136 -0.21083176]
1002.586207151413,1001,False,1,2,[7.56090848 0.78481011 3.74509485],entering,[-0.48080528  0.59740651 -0.20557775]
1002.586207151413,1002,False,2,5,[-7.49161315  6.26053749  3.99961692],exiting,[ 0.5677905  -0.59831228 -0.99408226]
1002.586207151413,1003,False,0,3,[-0.26605942 -8.04901399  3.86204312],landing,[ 0.63925976  0.24903542 -0.34837281]
1002.586207151413,1004,False,5,6,[0.48031241 6.03287083 3.99874825],cruising,[-0.62185191  0.08809385  0.93462812]
1002.586207151413,1005,False,3,4,[ 8.19050302 -5.4528903   4.        ],exiting,[ 0.50568378 -0.03156594 -0.11489306]
1002.6944332122803,1000,False,6,0,[-3.29146172 -0.8812839   3.99999999],cruising,[-0.82138112 -0.19970136 -0.21083176]
1002.6944332122803,1001,False,1,2,[7.70500144 0.64611181 3.78333062],entering,[-0.48080528  0.59740651 -0.20557775]
1002.6944332122803,1002,False,2,5,[-7.55673134  6.33642965  3.99969858],exiting,[ 0.5677905  -0.59831228 -0.99408226]
1002.6944332122803,1003,False,0,3,[-0.27718983 -8.07935083  3.79418376],landing,[ 0.63925976  0.24903542 -0.34837281]
1002.6944332122803,1004,False,5,6,[0.65074403 5.92821394 3.99893601],cruising,[-0.62185191  0.08809385  0.93462812]
1002.6944332122803,1005,False,3,4,[ 8.2181118  -5.54900354  4.        ],exiting,[ 0.50568378 -0.03156594 -0.11489306]
1002.7920150756836,1000,False,6,0,[-3.33640404 -0.68639884  3.99999999],cruising,[-0.82138112 -0.19970136 -0.21083176]
1002.7920150756836,1001,False,1,2,[7.83561234 0.49464963 3.81583103],entering,[-0.48080528  0.59740651 -0.20557775]
1002.7920150756836,1002,False,2,5,[-7.62184954  6.41232181  3.99976412],exiting,[ 0.5677905  -0.59831228 -0.99408226]
1002.7920150756836,1003,False,0,3,[-0.29355627 -8.09530104  3.71345548],landing,[ 0.63925976  0.24903542 -0.34837281]
1002.7920150756836,1004,False,5,6,[0.82230227 5.82541428 3.99909561],cruising,[-0.62185191  0.08809385  0.93462812]
1002.7920150756836,1005,False,3,4,[ 8.24572058 -5.64511678  4.        ],exiting,[ 0.50568378 -0.03156594 -0.11489306]
1002.8811583518982,1000,False,6,0,[-3.39120287 -0.49405257  3.99999999],cruising,[-0.82138112 -0.19970136 -0.21083176]
1002.8811583518982,1001,False,1,2,[7.95103473 0.33131662 3.84345637],entering,[-0.48080528  0.59740651 -0.20557775]
1002.8811583518982,1002,False,2,5,[-7.68696773  6.48821398  3.99981656],exiting,[ 0.5677905  -0.59831228 -0.99408226]
1002.8811583518982,1003,False,0,3,[-0.31513685 -8.09664692  3.62009683],landing,[ 0.63925976  0.24903542 -0.34837281]
1002.8811583518982,1004,False,5,6,[0.99590588 5.72610775 3.99923127],cruising,[-0.62185191  0.08809385  0.93462812]
1002.8811583518982,1005,False,3,4,[ 8.27332936 -5.74123002  4.        ],exiting,[ 0.50568378 -0.03156594 -0.11489306]
1002.9833681583405,1000,False,6,0,[-3.45687562 -0.3051423   3.99999999],cruising,[-0.82138112 -0.19970136 -0.21083176]
1002.9833681583405,1001,False,1,2,[8.05016899 0.15761458 3.86693792],cruising,[-0.48080528  0.59740651 -0.20557775]
1002.9833681583405,1002,False,2,5,[-7.75208593  6.56410614  3.99985838],exiting,[ 0.5677905  -0.59831228 -0.99408226]
1002.9833681583405,1003,False,0,3,[-0.33833478 -8.09337326  3.52287986],landing,[ 0.63925976  0.24903542 -0.34837281]
1002.9833681583405,1004,False,5,6,[1.17113696 5.62970201 3.99934658],cruising,[-0.62185191  0.08809385  0.93462812]
1002.9833681583405,1005,False,3,4,[ 8.30093815 -5.83734326  4.        ],exiting,[ 0.50568378 -0.03156594 -0.11489306]
1003.0885791778564,1000,False,6,0,[-3.53277216 -0.12010253  3.99999999],cruising,[-0.82138112 -0.19970136 -0.21083176]
1003.0885791778564,1001,False,1,2,[ 8.13170027 -0.02496385  3.88705121],cruising,[-0.48080528  0.59740651 -0.20557775]
1003.0885791778564,1002,False,2,5,[-7.81720412  6.6399983   3.99989159],exiting,[ 0.5677905  -0.59831228 -0.99408226]
1003.0885791778564,1003,False,0,3,[-0.36153272 -8.0900996   3.42566289],landing,[ 0.63925976  0.24903542 -0.34837281]
1003.0885791778564,1004,False,5,6,[1.34822706 5.53675527 3.99944459],cruising,[-0.62185191  0.08809385  0.93462812]
1003.0885791778564,1005,False,3,4,[ 8.32854693 -5.9334565   4.        ],exiting,[ 0.50568378 -0.03156594 -0.11489306]
1003.1861879825592,1000,False,6,0,[-3.61632909  0.06160669  3.99999999],cruising,[-0.82138112 -0.19970136 -0.21083176]
1003.1861879825592,1001,False,1,2,[ 8.19652991 -0.21416511  3.90399353],cruising,[-0.48080528  0.59740651 -0.20557775]
1003.1861879825592,1002,False,2,5,[-7.88232232  6.71589047  3.99991787],exiting,[ 0.5677905  -0.59831228 -0.99408226]
1003.1861879825592,1003,False,0,3,[-0.38473065 -8.08682594  3.32844592],landing,[ 0.63925976  0.24903542 -0.34837281]
1003.1861879825592,1004,False,5,6,[1.52836247 5.44985742 3.9995279 ],cruising,[-0.62185191  0.08809385  0.93462812]
1003.1861879825592,1005,False,3,4,[ 8.35615571 -6.02956975  4.        ],exiting,[ 0.50568378 -0.03156594 -0.11489306]
1003.2807154655457,1000,False,6,0,[-3.71096898  0.23779775  3.99999999],cruising,[-0.82138112 -0.19970136 -0.21083176]
1003.2807154655457,1001,False,1,2,[ 8.2468535  -0.40773044  3.9183945 ],cruising,[-0.48080528  0.59740651 -0.20557775]
1003.2807154655457,1002,False,2,5,[-7.94744052  6.79178263  3.99993854],exiting,[ 0.5677905  -0.59831228 -0.99408226]
1003.2807154655457,1003,False,0,3,[-0.40792859 -8.08355228  3.23122895],landing,[ 0.63925976  0.24903542 -0.34837281]
1003.2807154655457,1004,False,5,6,[1.71062544 5.3675154  3.99959872],cruising,[-0.62185191  0.08809385  0.93462812]
1003.2807154655457,1005,False,3,4,[ 8.38376449 -6.12568299  4.        ],exiting,[ 0.50568378 -0.03156594 -0.11489306]
1003.3934433460236,1000,False,6,0,[-3.81149362  0.41069887  4.        ],cruising,[-0.82138112 -0.19970136 -0.21083176]
1003.3934433460236,1001,False,1,2,[ 8.28423995 -0.604205    3.93063532],cruising,[-0.48080528  0.59740651 -0.20557775]
1003.3934433460236,1002,False,2,5,[-8.01255871  6.8676748   3.99995472],exiting,[ 0.5677905  -0.59831228 -0.99408226]
1003.3934433460236,1003,False,0,3,[-0.43112652 -8.08027862  3.13401198],landing,[ 0.63925976  0.24903542 -0.34837281]
1003.3934433460236,1004,False,5,6,[1.89516105 5.29040116 3.99965891],cruising,[-0.62185191  0.08809385  0.93462812]
1003.3934433460236,1005,False,3,4,[ 8.41137327 -6.22179623  4.        ],exiting,[ 0.50568378 -0.03156594 -0.11489306]
1003.4845154285431,1000,False,6,0,[-3.91663314  0.58083318  4.        ],cruising,[-0.82138112 -0.19970136 -0.21083176]
1003.4845154285431,1001,False,1,2,[ 8.31032887 -0.80249612  3.94104003],cruising,[-0.48080528  0.59740651 -0.20557775]
1003.4845154285431,1002,False,2,5,[-8.07767691  6.94356696  3.9999673 ],exiting,[ 0.5677905  -0.59831228 -0.99408226]
1003.4845154285431,1003,False,0,3,[-0.45432446 -8.07700496  3.03679501],landing,[ 0.63925976  0.24903542 -0.34837281]
1003.4845154285431,1004,False,5,6,[2.0831468  5.22212701 3.99971007],cruising,[-0.62185191  0.08809385  0.93462812]
1003.4845154285431,1005,False,3,4,[ 8.43898205 -6.31790947  4.        ],exiting,[ 0.50568378 -0.03156594 -0.11489306]
1003.593719959259,1000,False,6,0,[-4.02638788  0.74802736  4.        ],cruising,[-0.82138112 -0.19970136 -0.21083176]
1003.593719959259,1001,False,1,2,[ 8.32451988 -1.00199202  3.94988402],cruising,[-0.48080528  0.59740651 -0.20557775]
1003.593719959259,1002,False,2,5,[-8.1427951   7.01945912  3.99997699],exiting,[ 0.5677905  -0.59831228 -0.99408226]
1003.593719959259,1003,False,0,3,[-0.47752239 -8.0737313   2.93957805],landing,[ 0.63925976  0.24903542 -0.34837281]
1003.593719959259,1004,False,5,6,[2.27367482 5.161307   3.99975356],cruising,[-0.62185191  0.08809385  0.93462812]
1003.593719959259,1005,False,3,4,[ 8.46659083 -6.41402271  4.        ],exiting,[ 0.50568378 -0.03156594 -0.11489306]
1003.6811969280243,1000,False,6,0,[-4.13841139  0.91370999  4.        ],cruising,[-0.82138112 -0.19970136 -0.21083176]
1003.6811969280243,1001,False,1,2,[ 8.33059438 -1.20189975  3.95740142],cruising,[-0.48080528  0.59740651 -0.20557775]
1003.6811969280243,1002,False,2,5,[-8.2079133   7.09535129  3.99998439],exiting,[ 0.5677905  -0.59831228 -0.99408226]
1003.6811969280243,1003,False,0,3,[-0.50072033 -8.07045764  2.84236108],landing,[ 0.63925976  0.24903542 -0.34837281]
1003.6811969280243,1004,False,5,6,[2.46724516 5.11100267 3.99979053],cruising,[-0.62185191  0.08809385  0.93462812]
1003.6811969280243,1005,False,3,4,[ 8.49419961 -6.51013595  4.        ],exiting,[ 0.50568378 -0.03156594 -0.11489306]
1003.7816140651703,1000,False,6,0,[-4.25153699  1.07864209  4.        ],cruising,[-0.82138112 -0.19970136 -0.21083176]
1003.7816140651703,1001,False,1,2,[ 8.32960176 -1.40189729  3.96379121],cruising,[-0.48080528  0.59740651 -0.20557775]
1003.7816140651703,1002,False,2,5,[-8.27303149  7.17124345  3.99998997],exiting,[ 0.5677905  -0.59831228 -0.99408226]
1003.7816140651703,1003,False,0,3,[-0.52391826 -8.06718398  2.74514411],landing,[ 0.63925976  0.24903542 -0.34837281]
1003.7816140651703,1004,False,5,6,[2.66292888 5.06967615 3.99982195],cruising,[-0.62185191  0.08809385  0.93462812]
1003.7816140651703,1005,False,3,4,[ 8.52180839 -6.6062492   4.        ],exiting,[ 0.50568378 -0.03156594 -0.11489306]
1003.8905377388,1000,False,6,0,[-4.3661789   1.24252386  4.        ],cruising,[-0.82138112 -0.19970136 -0.21083176]
1003.8905377388,1001,False,1,2,[ 8.32009049 -1.601671    3.96922252],cruising,[-0.48080528  0.59740651 -0.20557775]
1003.8905377388,1002,False,2,5,[-8.33814969  7.24713562  3.99999409],exiting,[ 0.5677905  -0.59831228 -0.99408226]
1003.8905377388,1003,False,0,3,[-0.5471162  -8.06391032  2.64792714],landing,[ 0.63925976  0.24903542 -0.34837281]
1003.8905377388,1004,False,5,6,[2.86004879 5.03585691 3.99984866],cruising,[-0.62185191  0.08809385  0.93462812]
1003.8905377388,1005,False,3,4,[ 8.54941718 -6.70236244  4.        ],exiting,[ 0.50568378 -0.03156594 -0.11489306]
1003.9911127090454,1000,False,6,0,[-4.48183461  1.40569174  4.        ],cruising,[-0.82138112 -0.19970136 -0.21083176]
1003.9911127090454,1001,False,1,2,[ 8.3053012  -1.80112344  3.97383915],cruising,[-0.48080528  0.59740651 -0.20557775]
1003.9911127090454,1002,False,2,5,[-8.40326789  7.32302778  3.99999707],landing,[ 0.5677905  -0.59831228 -0.99408226]
1003.9911127090454,1003,False,0,3,[-0.57031413 -8.06063666  2.55071017],landing,[ 0.63925976  0.24903542 -0.34837281]
1003.9911127090454,1004,False,5,6,[3.05812588 5.00818988 3.99987136],cruising,[-0.62185191  0.08809385  0.93462812]
1003.9911127090454,1005,False,3,4,[ 8.57702596 -6.79847568  4.        ],exiting,[ 0.50568378 -0.03156594 -0.11489306]
1004.0878915786743,1000,False,6,0,[-4.59807721  1.56844203  4.        ],cruising,[-0.82138112 -0.19970136 -0.21083176]
1004.0878915786743,1001,False,1,2,[ 8.28564616 -2.0001553   3.97776327],cruising,[-0.48080528  0.59740651 -0.20557775]
1004.0878915786743,1002,False,2,5,[-8.45703726  7.39073685  3.98570874],landing,[ 0.5677905  -0.59831228 -0.99408226]
1004.0878915786743,1003,False,0,3,[-0.59351207 -8.057363    2.4534932 ],landing,[ 0.63925976  0.24903542 -0.34837281]
1004.0878915786743,1004,False,5,6,[3.25682939 4.9854541  3.99989065],cruising,[-0.62185191  0.08809385  0.93462812]
1004.0878915786743,1005,False,3,4,[ 8.60463474 -6.89458892  4.        ],exiting,[ 0.50568378 -0.03156594 -0.11489306]
1004.1821773052216,1000,False,6,0,[-4.71453651  1.73103733  4.        ],cruising,[-0.82138112 -0.19970136 -0.21083176]
1004.1821773052216,1001,False,1,2,[ 8.25877867 -2.19834243  3.98109878],cruising,[-0.48080528  0.59740651 -0.20557775]
1004.1821773052216,1002,False,2,5,[-8.49937177  7.45010602  3.95728925],landing,[ 0.5677905  -0.59831228 -0.99408226]
1004.1821773052216,1003,False,0,3,[-0.61671    -8.05408934  2.35627624],landing,[ 0.63925976  0.24903542 -0.34837281]
1004.1821773052216,1004,False,5,6,[3.45593521 4.96656299 3.99990706],cruising,[-0.62185191  0.08809385  0.93462812]
1004.1821773052216,1005,False,3,4,[ 8.63224352 -6.99070216  4.        ],exiting,[ 0.50568378 -0.03156594 -0.11489306]
1004.280877828598,1000,False,6,0,[-4.83088329  1.89371317  4.        ],cruising,[-0.82138112 -0.19970136 -0.21083176]
1004.280877828598,1001,False,1,2,[ 8.22780092 -2.39592881  3.98393397],cruising,[-0.48080528  0.59740651 -0.20557775]
1004.280877828598,1002,False,2,5,[-8.53017042  7.50094889  3.91493325],landing,[ 0.5677905  -0.59831228 -0.99408226]
1004.280877828598,1003,False,0,3,[-0.63990794 -8.05081568  2.25905927],landing,[ 0.63925976  0.24903542 -0.34837281]
1004.280877828598,1004,False,5,6,[3.65529347 4.95055411 3.999921  ],cruising,[-0.62185191  0.08809385  0.93462812]
1004.280877828598,1005,False,3,4,[ 8.6598523 -7.0868154  4.       ],landing,[ 0.50568378 -0.03156594 -0.11489306]
1004.3899471759796,1000,False,6,0,[-4.94681578  2.0566845   4.        ],cruising,[-0.82138112 -0.19970136 -0.21083176]
1004.3899471759796,1001,False,1,2,[ 8.19271051 -2.59282641  3.98634387],cruising,[-0.48080528  0.59740651 -0.20557775]
1004.3899471759796,1002,False,2,5,[-8.54929425  7.54300444  3.85892143],landing,[ 0.5677905  -0.59831228 -0.99408226]
1004.3899471759796,1003,False,0,3,[-0.66310587 -8.04754202  2.1618423 ],landing,[ 0.63925976  0.24903542 -0.34837281]
1004.3899471759796,1004,False,5,6,[3.85480423 4.93657356 3.99993285],cruising,[-0.62185191  0.08809385  0.93462812]
1004.3899471759796,1005,False,3,4,[ 8.68053797 -7.17068435  3.98578214],landing,[ 0.50568378 -0.03156594 -0.11489306]
1004.4812877178192,1000,False,6,0,[-5.06243286  2.21987976  4.        ],cruising,[-0.82138112 -0.19970136 -0.21083176]
1004.4812877178192,1001,False,1,2,[ 8.15014757 -2.78824492  3.98839229],cruising,[-0.48080528  0.59740651 -0.20557775]
1004.4812877178192,1002,False,2,5,[-8.5566386   7.57607234  3.78947585],landing,[ 0.5677905  -0.59831228 -0.99408226]
1004.4812877178192,1003,False,0,3,[-0.68630381 -8.04426836  2.06462533],landing,[ 0.63925976  0.24903542 -0.34837281]
1004.4812877178192,1004,False,5,6,[4.05439961 4.92385815 3.99994292],cruising,[-0.62185191  0.08809385  0.93462812]
1004.4812877178192,1005,False,3,4,[ 8.69428809 -7.24213135  3.95750748],landing,[ 0.50568378 -0.03156594 -0.11489306]
1004.5790603160858,1000,False,6,0,[-5.17711786  2.38373137  4.        ],cruising,[-0.82138112 -0.19970136 -0.21083176]
1004.5790603160858,1001,False,1,2,[ 8.10355537 -2.98274214  3.99013345],cruising,[-0.48080528  0.59740651 -0.20557775]
1004.5790603160858,1002,False,2,5,[-8.55210185  7.59995466  3.70682176],landing,[ 0.5677905  -0.59831228 -0.99408226]
1004.5790603160858,1003,False,0,3,[-0.70950174 -8.0409947   1.96740836],landing,[ 0.63925976  0.24903542 -0.34837281]
1004.5790603160858,1004,False,5,6,[4.25403076 4.91171708 3.99995148],cruising,[-0.62185191  0.08809385  0.93462812]
1004.5790603160858,1005,False,3,4,[ 8.70108908 -7.30094627  3.91537135],landing,[ 0.50568378 -0.03156594 -0.11489306]
1004.6884973049164,1000,False,6,0,[-5.29057363  2.54843652  4.        ],cruising,[-0.82138112 -0.19970136 -0.21083176]
1004.6884973049164,1001,False,1,2,[ 8.04869401 -3.17507058  3.99161343],cruising,[-0.48080528  0.59740651 -0.20557775]
1004.6884973049164,1002,False,2,5,[-8.53558299  7.61445103  3.61119334],landing,[ 0.5677905  -0.59831228 -0.99408226]
1004.6884973049164,1003,False,0,3,[-0.73269968 -8.03772104  1.87019139],landing,[ 0.63925976  0.24903542 -0.34837281]
1004.6884973049164,1004,False,5,6,[4.45365374 4.89944244 3.99995876],cruising,[-0.62185191  0.08809385  0.93462812]
1004.6884973049164,1005,False,3,4,[ 8.70092428 -7.34683789  3.8596534 ],landing,[ 0.50568378 -0.03156594 -0.11489306]
1004.7845737934113,1000,False,6,0,[-5.40249091  2.71419093  4.        ],cruising,[-0.82138112 -0.19970136 -0.21083176]
1004.7845737934113,1001,False,1,2,[ 7.98512935 -3.36470058  3.99287142],cruising,[-0.48080528  0.59740651 -0.20557775]
1004.7845737934113,1002,False,2,5,[-8.517343    7.62758141  3.51375159],landing,[ 0.5677905  -0.59831228 -0.99408226]
1004.7845737934113,1003,False,0,3,[-0.75589761 -8.03444738  1.77297442],landing,[ 0.63925976  0.24903542 -0.34837281]
1004.7845737934113,1004,False,5,6,[4.65325619 4.88683845 3.99996495],cruising,[-0.62185191  0.08809385  0.93462812]
1004.7845737934113,1005,False,3,4,[ 8.6937824  -7.37957702  3.79058134],landing,[ 0.50568378 -0.03156594 -0.11489306]
1004.8847107887268,1000,False,6,0,[-5.51253535  2.88119459  4.        ],cruising,[-0.82138112 -0.19970136 -0.21083176]
1004.8847107887268,1001,False,1,2,[ 7.91678051 -3.55265918  3.9939407 ],cruising,[-0.48080528  0.59740651 -0.20557775]
1004.8847107887268,1002,False,2,5,[-8.49910301  7.64071179  3.41630983],landing,[ 0.5677905  -0.59831228 -0.99408226]
1004.8847107887268,1003,False,0,3,[-0.77909555 -8.03117372  1.67575746],landing,[ 0.63925976  0.24903542 -0.34837281]
1004.8847107887268,1004,False,5,6,[4.85279356 4.87324289 3.9999702 ],cruising,[-0.62185191  0.08809385  0.93462812]
1004.8847107887268,1005,False,3,4,[ 8.67965415 -7.3989425   3.70838158],landing,[ 0.50568378 -0.03156594 -0.11489306]
1004.9943933486938,1000,False,6,0,[-5.62148929  3.04891172  4.        ],cruising,[-0.82138112 -0.19970136 -0.21083176]
1004.9943933486938,1001,False,1,2,[ 7.83730298 -3.73618934  3.9948496 ],cruising,[-0.48080528  0.59740651 -0.20557775]
1004.9943933486938,1002,False,2,5,[-8.48086301  7.65384218  3.31886808],landing,[ 0.5677905  -0.59831228 -0.99408226]
1004.9943933486938,1003,False,0,3,[-0.80229348 -8.02790006  1.57854049],landing,[ 0.63925976  0.24903542 -0.34837281]
1004.9943933486938,1004,False,5,6,[5.0522135  4.85802158 3.99997467],cruising,[-0.62185191  0.08809385  0.93462812]
1004.9943933486938,1005,False,3,4,[ 8.65853184 -7.40471132  3.61328943],landing,[ 0.50568378 -0.03156594 -0.11489306]
1005.0838768482208,1000,False,6,0,[-5.72773292  3.21835874  4.        ],cruising,[-0.82138112 -0.19970136 -0.21083176]
1005.0838768482208,1001,False,1,2,[ 7.74522919 -3.91373488  3.99562216],cruising,[-0.48080528  0.59740651 -0.20557775]
1005.0838768482208,1002,False,2,5,[-8.46262302  7.66697256  3.22142632],landing,[ 0.5677905  -0.59831228 -0.99408226]
1005.0838768482208,1003,False,0,3,[-0.82549142 -8.02462641  1.48132352],fake_landed,[ 0.63925976  0.24903542 -0.34837281]
1005.0838768482208,1004,False,5,6,[5.25144873 4.84054809 3.99997847],cruising,[-0.62185191  0.08809385  0.93462812]
1005.0838768482208,1005,False,3,4,[ 8.63612965 -7.40795289  3.51588494],landing,[ 0.50568378 -0.03156594 -0.11489306]
1005.1805768013,1000,False,6,0,[-5.83079911  3.38975699  4.        ],cruising,[-0.82138112 -0.19970136 -0.21083176]
1005.1805768013,1001,False,1,2,[ 7.6385125  -4.08288436  3.99627883],cruising,[-0.48080528  0.59740651 -0.20557775]
1005.1805768013,1002,False,2,5,[-8.44438303  7.68010295  3.12398457],landing,[ 0.5677905  -0.59831228 -0.99408226]
1005.1805768013,1003,False,0,3,[-0.84404976 -8.02200748  1.40354994],fake_landed,[ 0.63925976  0.24903542 -0.34837281]
1005.1805768013,1004,False,5,6,[5.45055047 4.82161413 3.9999817 ],cruising,[-0.62185191  0.08809385  0.93462812]
1005.1805768013,1005,False,3,4,[ 8.61372746 -7.41119446  3.41848045],landing,[ 0.50568378 -0.03156594 -0.11489306]
1005.2882933616638,1000,False,6,0,[-5.9301205  3.5633521  4.       ],cruising,[-0.82138112 -0.19970136 -0.21083176]
1005.2882933616638,1001,False,1,2,[ 7.51546751 -4.24048491  3.99684214],cruising,[-0.48080528  0.59740651 -0.20557775]
1005.2882933616638,1002,False,2,5,[-8.42614304  7.69323333  3.02654281],landing,[ 0.5677905  -0.59831228 -0.99408226]
1005.2882933616638,1003,False,0,3,[-0.85796853 -8.02004328  1.34521976],fake_landed,[ 0.63925976  0.24903542 -0.34837281]
1005.2882933616638,1004,False,5,6,[5.64928615 4.79916124 3.99998445],exiting,[-0.62185191  0.08809385  0.93462812]
1005.2882933616638,1005,False,3,4,[ 8.59132527 -7.41443602  3.32107597],landing,[ 0.50568378 -0.03156594 -0.11489306]
1005.3835940361023,1000,False,6,0,[-6.02499759  3.73941555  4.        ],cruising,[-0.82138112 -0.19970136 -0.21083176]
1005.3835940361023,1001,False,1,2,[ 7.37807774 -4.38414896  3.9973644 ],cruising,[-0.48080528  0.59740651 -0.20557775]
1005.3835940361023,1002,False,2,5,[-8.40790304  7.70636372  2.92910106],landing,[ 0.5677905  -0.59831228 -0.99408226]
1005.3835940361023,1003,False,0,3,[-0.8672477  -8.01873382  1.30633298],fake_landed,[ 0.63925976  0.24903542 -0.34837281]
1005.3835940361023,1004,False,5,6,[5.83190001 4.7885442  3.99998718],exiting,[-0.62185191  0.08809385  0.93462812]
1005.3835940361023,1005,False,3,4,[ 8.56892308 -7.41767759  3.22367148],landing,[ 0.50568378 -0.03156594 -0.11489306]
1005.4838135242462,1000,False,6,0,[-6.11455616  3.91824301  4.        ],cruising,[-0.82138112 -0.19970136 -0.21083176]
1005.4838135242462,1001,False,1,2,[ 7.22812583 -4.51225053  3.99784618],cruising,[-0.48080528  0.59740651 -0.20557775]
1005.4838135242462,1002,False,2,5,[-8.38966305  7.7194941   2.8316593 ],landing,[ 0.5677905  -0.59831228 -0.99408226]
1005.4838135242462,1003,False,0,3,[-0.87188729 -8.01807909  1.28688958],fake_landed,[ 0.63925976  0.24903542 -0.34837281]
1005.4838135242462,1004,False,5,6,[5.99837232 4.78973606 3.99998986],exiting,[-0.62185191  0.08809385  0.93462812]
1005.4838135242462,1005,False,3,4,[ 8.54652089 -7.42091916  3.12626699],landing,[ 0.50568378 -0.03156594 -0.11489306]
1005.5823793411255,1000,False,6,0,[-6.19769027  4.10014606  4.        ],cruising,[-0.82138112 -0.19970136 -0.21083176]
1005.5823793411255,1001,False,1,2,[ 7.06763411 -4.62335472  3.99828882],cruising,[-0.48080528  0.59740651 -0.20557775]
1005.5823793411255,1002,False,2,5,[-8.37142306  7.73262449  2.73421755],landing,[ 0.5677905  -0.59831228 -0.99408226]
1005.5823793411255,1003,False,0,3,[-0.87188729 -8.01807909  1.28688958],fake_landed,[ 0.63925976  0.24903542 -0.34837281]
1005.5823793411255,1004,False,5,6,[6.14867686 4.80270091 3.99999243],exiting,[-0.62185191  0.08809385  0.93462812]
1005.5823793411255,1005,False,3,4,[ 8.5241187  -7.42416072  3.02886251],landing,[ 0.50568378 -0.03156594 -0.11489306]
1005.6809656620026,1000,False,6,0,[-6.26877642  4.28708659  4.        ],cruising,[-0.82138112 -0.19970136 -0.21083176]
1005.6809656620026,1001,False,1,2,[ 6.89876638 -4.71629738  3.99869332],cruising,[-0.48080528  0.59740651 -0.20557775]
1005.6809656620026,1002,False,2,5,[-8.35318306  7.74575487  2.63677579],landing,[ 0.5677905  -0.59831228 -0.99408226]
1005.6809656620026,1003,False,3,1,[-0.87188729 -8.01807909  1.28688958],waiting,[ 0.63925976  0.24903542 -0.34837281]
1005.6809656620026,1004,False,5,6,[6.28277877 4.82739073 3.99999484],exiting,[-0.62185191  0.08809385  0.93462812]
1005.6809656620026,1005,False,3,4,[ 8.50171651 -7.42740229  2.93145802],landing,[ 0.50568378 -0.03156594 -0.11489306]
1005.7847139835358,1000,False,6,0,[-6.33004142  4.47747198  4.        ],cruising,[-0.82138112 -0.19970136 -0.21083176]
1005.7847139835358,1001,False,1,2,[ 6.72374224 -4.7902112   3.99905997],cruising,[-0.48080528  0.59740651 -0.20557775]
1005.7847139835358,1002,False,2,5,[-8.33494307  7.75888526  2.53933404],landing,[ 0.5677905  -0.59831228 -0.99408226]
1005.7847139835358,1003,False,3,1,[-0.87188729 -8.01807909  1.28688958],waiting,[ 0.63925976  0.24903542 -0.34837281]
1005.7847139835358,1004,False,5,6,[6.40062868 4.86373697 3.999997  ],exiting,[-0.62185191  0.08809385  0.93462812]
1005.7847139835358,1005,False,3,4,[ 8.47931432 -7.43064386  2.83405353],landing,[ 0.50568378 -0.03156594 -0.11489306]
1005.8926961421967,1000,False,6,0,[-6.37202135  4.67301657  4.        ],cruising,[-0.82138112 -0.19970136 -0.21083176]
1005.8926961421967,1001,False,1,2,[ 6.54480827 -4.84451094  3.99938853],cruising,[-0.48080528  0.59740651 -0.20557775]
1005.8926961421967,1002,False,2,5,[-8.31670308  7.77201564  2.44189228],landing,[ 0.5677905  -0.59831228 -0.99408226]
1005.8926961421967,1003,False,3,1,[-0.87188729 -8.01807909  1.28688958],waiting,[ 0.63925976  0.24903542 -0.34837281]
1005.8926961421967,1004,False,5,6,[6.50216263 4.91164996 3.99999882],exiting,[-0.62185191  0.08809385  0.93462812]
1005.8926961421967,1005,False,3,4,[ 8.45691213 -7.43388543  2.73664904],landing,[ 0.50568378 -0.03156594 -0.11489306]
1005.9895339012146,1000,False,6,0,[-6.39767082  4.87136502  4.        ],cruising,[-0.82138112 -0.19970136 -0.21083176]
1005.9895339012146,1001,False,1,2,[ 6.36422771 -4.87887862  3.99967816],cruising,[-0.48080528  0.59740651 -0.20557775]
1005.9895339012146,1002,False,2,5,[-8.29846308  7.78514602  2.34445053],landing,[ 0.5677905  -0.59831228 -0.99408226]
1005.9895339012146,1003,False,3,1,[-0.87188729 -8.01807909  1.28688958],waiting,[ 0.63925976  0.24903542 -0.34837281]
1005.9895339012146,1004,False,5,6,[6.58733032 4.97105842 4.00000022],exiting,[-0.62185191  0.08809385  0.93462812]
1005.9895339012146,1005,False,3,4,[ 8.43450993 -7.43712699  2.63924456],landing,[ 0.50568378 -0.03156594 -0.11489306]
1006.09179854393,1000,False,6,0,[-6.4033427   5.07066005  4.        ],cruising,[-0.82138112 -0.19970136 -0.21083176]
1006.09179854393,1001,False,1,2,[ 6.18363499 -4.89324634  3.99992763],cruising,[-0.48080528  0.59740651 -0.20557775]
1006.09179854393,1002,False,2,5,[-8.28022309  7.79827641  2.24700877],landing,[ 0.5677905  -0.59831228 -0.99408226]
1006.09179854393,1003,False,3,1,[-0.87188729 -8.01807909  1.28688958],waiting,[ 0.63925976  0.24903542 -0.34837281]
1006.09179854393,1004,False,5,6,[6.65607882 5.04188659 4.00000113],exiting,[-0.62185191  0.08809385  0.93462812]
1006.09179854393,1005,False,3,4,[ 8.41210774 -7.44036856  2.54184007],landing,[ 0.50568378 -0.03156594 -0.11489306]
1006.1930763721466,1000,False,6,0,[-6.3890981   5.26812923  4.        ],cruising,[-0.82138112 -0.19970136 -0.21083176]
1006.1930763721466,1001,False,1,2,[ 6.00393342 -4.88763397  4.00013373],cruising,[-0.48080528  0.59740651 -0.20557775]
1006.1930763721466,1002,False,2,5,[-8.2619831   7.81140679  2.14956701],landing,[ 0.5677905  -0.59831228 -0.99408226]
1006.1930763721466,1003,False,3,1,[-0.87188729 -8.01807909  1.28688958],waiting,[ 0.63925976  0.24903542 -0.34837281]
1006.1930763721466,1004,False,5,6,[6.70835331 5.12405527 4.00000148],exiting,[-0.62185191  0.08809385  0.93462812]
1006.1930763721466,1005,False,3,4,[ 8.38970555 -7.44361013  2.44443558],landing,[ 0.50568378 -0.03156594 -0.11489306]
1006.2892997264862,1000,False,6,0,[-6.35532949  5.46126099  4.        ],cruising,[-0.82138112 -0.19970136 -0.21083176]
1006.2892997264862,1001,False,1,2,[ 5.82630462 -4.86212935  4.00029532],cruising,[-0.48080528  0.59740651 -0.20557775]
1006.2892997264862,1002,False,2,5,[-8.2437431   7.82453718  2.05212526],landing,[ 0.5677905  -0.59831228 -0.99408226]
1006.2892997264862,1003,False,3,1,[-0.87188729 -8.01807909  1.28688958],waiting,[ 0.63925976  0.24903542 -0.34837281]
1006.2892997264862,1004,False,5,6,[6.7442131  5.21740448 4.00000123],exiting,[-0.62185191  0.08809385  0.93462812]
1006.2892997264862,1005,False,3,4,[ 8.36730336 -7.44685169  2.3470311 ],landing,[ 0.50568378 -0.03156594 -0.11489306]
1006.3929476737976,1000,False,6,0,[-6.30272003  5.64768289  4.        ],cruising,[-0.82138112 -0.19970136 -0.21083176]
1006.3929476737976,1001,False,1,2,[ 5.65125853 -4.81679225  4.00040902],cruising,[-0.48080528  0.59740651 -0.20557775]
1006.3929476737976,1002,False,2,5,[-8.22550311  7.83766756  1.9546835 ],landing,[ 0.5677905  -0.59831228 -0.99408226]
1006.3929476737976,1003,False,3,1,[-0.87188729 -8.01807909  1.28688958],waiting,[ 0.63925976  0.24903542 -0.34837281]
1006.3929476737976,1004,False,5,6,[6.78007289 5.31075369 4.00000102],exiting,[-0.62185191  0.08809385  0.93462812]
1006.3929476737976,1005,False,3,4,[ 8.34490117 -7.45009326  2.24962661],landing,[ 0.50568378 -0.03156594 -0.11489306]
1006.4860098361969,1000,False,6,0,[-6.23220604  5.82519258  4.        ],cruising,[-0.82138112 -0.19970136 -0.21083176]
1006.4860098361969,1001,False,1,2,[ 5.47950318 -4.7517278   4.00047342],cruising,[-0.48080528  0.59740651 -0.20557775]
1006.4860098361969,1002,False,2,5,[-8.20726312  7.85079795  1.85724175],landing,[ 0.5677905  -0.59831228 -0.99408226]
1006.4860098361969,1003,False,3,1,[-0.87188729 -8.01807909  1.28688958],waiting,[ 0.63925976  0.24903542 -0.34837281]
1006.4860098361969,1004,False,5,6,[6.81593268 5.4041029  4.00000084],exiting,[-0.62185191  0.08809385  0.93462812]
1006.4860098361969,1005,False,3,4,[ 8.32249898 -7.45333483  2.15222212],landing,[ 0.50568378 -0.03156594 -0.11489306]
1006.5830812454224,1000,False,6,0,[-6.14485957  5.99190097  4.        ],cruising,[-0.82138112 -0.19970136 -0.21083176]
1006.5830812454224,1001,False,1,2,[ 5.31079131 -4.66689634  4.00048334],cruising,[-0.48080528  0.59740651 -0.20557775]
1006.5830812454224,1002,False,2,5,[-8.18902312  7.86392833  1.75979999],landing,[ 0.5677905  -0.59831228 -0.99408226]
1006.5830812454224,1003,False,3,1,[-0.87188729 -8.01807909  1.28688958],waiting,[ 0.63925976  0.24903542 -0.34837281]
1006.5830812454224,1004,False,5,6,[6.85179247 5.49745212 4.00000069],exiting,[-0.62185191  0.08809385  0.93462812]
1006.5830812454224,1005,False,3,4,[ 8.30009679 -7.4565764   2.05481764],landing,[ 0.50568378 -0.03156594 -0.11489306]
1006.6894221305847,1000,False,6,0,[-6.04176385  6.14628212  4.        ],cruising,[-0.82138112 -0.19970136 -0.21083176]
1006.6894221305847,1001,False,1,2,[ 5.14452541 -4.56221511  4.00043435],cruising,[-0.48080528  0.59740651 -0.20557775]
1006.6894221305847,1002,False,2,5,[-8.17078313  7.87705872  1.66235824],landing,[ 0.5677905  -0.59831228 -0.99408226]
1006.6894221305847,1003,False,3,1,[-0.87188729 -8.01807909  1.28688958],waiting,[ 0.63925976  0.24903542 -0.34837281]
1006.6894221305847,1004,False,5,6,[6.88765226 5.59080133 4.00000057],exiting,[-0.62185191  0.08809385  0.93462812]
1006.6894221305847,1005,False,3,4,[ 8.2776946  -7.45981796  1.95741315],landing,[ 0.50568378 -0.03156594 -0.11489306]
1006.7806751728058,1000,False,6,0,[-5.9240973   6.28696323  4.        ],cruising,[-0.82138112 -0.19970136 -0.21083176]
1006.7806751728058,1001,False,1,2,[ 4.97458552 -4.45676166  4.0003692 ],cruising,[-0.48080528  0.59740651 -0.20557775]
1006.7806751728058,1002,False,2,5,[-8.15254314  7.8901891   1.56491648],landing,[ 0.5677905  -0.59831228 -0.99408226]
1006.7806751728058,1003,False,3,1,[-0.87188729 -8.01807909  1.28688958],queued,[ 0.63925976  0.24903542 -0.34837281]
1006.7806751728058,1004,False,5,6,[6.92351205 5.68415054 4.00000047],exiting,[-0.62185191  0.08809385  0.93462812]
1006.7806751728058,1005,False,3,4,[ 8.25529241 -7.46305953  1.86000866],landing,[ 0.50568378 -0.03156594 -0.11489306]
1006.8918628692627,1000,False,6,0,[-5.79273612  6.41306843  4.        ],cruising,[-0.82138112 -0.19970136 -0.21083176]
1006.8918628692627,1001,False,1,2,[ 4.80141376 -4.35670395  4.00031382],cruising,[-0.48080528  0.59740651 -0.20557775]
1006.8918628692627,1002,False,2,5,[-8.13430314  7.90331949  1.46747473],fake_landed,[ 0.5677905  -0.59831228 -0.99408226]
1006.8918628692627,1003,False,3,1,[-0.87188729 -8.01807909  1.30688958],queued,[ 0.63925976  0.24903542 -0.34837281]
1006.8918628692627,1004,False,5,6,[6.95937184 5.77749975 4.00000039],exiting,[-0.62185191  0.08809385  0.93462812]
1006.8918628692627,1005,False,3,4,[ 8.23289022 -7.4663011   1.76260417],landing,[ 0.50568378 -0.03156594 -0.11489306]
1006.9793093204498,1000,False,6,0,[-5.64850048  6.52386847  4.        ],cruising,[-0.82138112 -0.19970136 -0.21083176]
1006.9793093204498,1001,False,1,2,[ 4.62473707 -4.26297378  4.00026675],cruising,[-0.48080528  0.59740651 -0.20557775]
1006.9793093204498,1002,False,2,5,[-8.11971115  7.91382379  1.38952132],fake_landed,[ 0.5677905  -0.59831228 -0.99408226]
1006.9793093204498,1003,False,3,1,[-0.87188729 -8.01807909  1.34688958],queued,[ 0.63925976  0.24903542 -0.34837281]
1006.9793093204498,1004,False,5,6,[6.99523163 5.87084897 4.00000032],exiting,[-0.62185191  0.08809385  0.93462812]
1006.9793093204498,1005,False,3,4,[ 8.21048803 -7.46954266  1.66519969],landing,[ 0.50568378 -0.03156594 -0.11489306]
1007.0860512256622,1000,False,6,0,[-5.49212155  6.61877698  4.        ],cruising,[-0.82138112 -0.19970136 -0.21083176]
1007.0860512256622,1001,False,1,2,[ 4.44622197 -4.17279418  4.00022673],cruising,[-0.48080528  0.59740651 -0.20557775]
1007.0860512256622,1002,False,2,5,[-8.10876715  7.92170202  1.33105627],fake_landed,[ 0.5677905  -0.59831228 -0.99408226]
1007.0860512256622,1003,False,3,1,[-0.87188729 -8.01807909  1.40688958],queued,[ 0.63925976  0.24903542 -0.34837281]
1007.0860512256622,1004,False,5,6,[7.03109142 5.96419818 4.00000026],exiting,[-0.62185191  0.08809385  0.93462812]
1007.0860512256622,1005,False,3,4,[ 8.18808583 -7.47278423  1.5677952 ],landing,[ 0.50568378 -0.03156594 -0.11489306]
1007.1853303909302,1000,False,6,0,[-5.32420009  6.69735239  4.        ],cruising,[-0.82138112 -0.19970136 -0.21083176]
1007.1853303909302,1001,False,1,2,[ 4.26563577 -4.08683707  4.00019272],cruising,[-0.48080528  0.59740651 -0.20557775]
1007.1853303909302,1002,False,2,5,[-8.10147116  7.92695418  1.29207957],fake_landed,[ 0.5677905  -0.59831228 -0.99408226]
1007.1853303909302,1003,False,3,1,[-0.87188729 -8.01807909  1.48188958],queued,[ 0.63925976  0.24903542 -0.34837281]
1007.1853303909302,1004,False,5,6,[7.06695121 6.05754739 4.00000022],exiting,[-0.62185191  0.08809385  0.93462812]
1007.1853303909302,1005,False,3,4,[ 8.16568364 -7.4760258   1.47039071],fake_landed,[ 0.50568378 -0.03156594 -0.11489306]
1007.2803099155426,1000,False,6,0,[-5.14513312  6.75932125  4.        ],cruising,[-0.82138112 -0.19970136 -0.21083176]
1007.2803099155426,1001,False,1,2,[ 4.084028   -4.00305987  4.00016382],cruising,[-0.48080528  0.59740651 -0.20557775]
1007.2803099155426,1002,False,2,5,[-8.09782316  7.92958025  1.27259122],fake_landed,[ 0.5677905  -0.59831228 -0.99408226]
1007.2803099155426,1003,False,3,1,[-0.87188729 -8.01807909  1.55688958],queued,[ 0.63925976  0.24903542 -0.34837281]
1007.2803099155426,1004,False,5,6,[7.102811   6.1508966  4.00000018],exiting,[-0.62185191  0.08809385  0.93462812]
1007.2803099155426,1005,False,3,4,[ 8.14776189 -7.47861905  1.39246712],fake_landed,[ 0.50568378 -0.03156594 -0.11489306]
1007.3851554393768,1000,False,6,0,[-4.95490223  6.80469593  4.        ],cruising,[-0.82138112 -0.19970136 -0.21083176]
1007.3851554393768,1001,False,1,2,[ 3.90118118 -3.9220226   4.00013924],cruising,[-0.48080528  0.59740651 -0.20557775]
1007.3851554393768,1002,False,2,5,[-8.09782316  7.92958025  1.27259122],fake_landed,[ 0.5677905  -0.59831228 -0.99408226]
1007.3851554393768,1003,False,3,1,[-0.87188729 -8.01807909  1.63188958],queued,[ 0.63925976  0.24903542 -0.34837281]
1007.3851554393768,1004,False,5,6,[7.13867079 6.24424582 4.00000015],exiting,[-0.62185191  0.08809385  0.93462812]
1007.3851554393768,1005,False,3,4,[ 8.13432058 -7.48056399  1.33402443],fake_landed,[ 0.50568378 -0.03156594 -0.11489306]
1007.4925723075867,1000,False,6,0,[-4.75871377  6.84355579  4.        ],cruising,[-0.82138112 -0.19970136 -0.21083176]
1007.4925723075867,1001,False,1,2,[ 3.71771117 -3.84240629  4.00011836],cruising,[-0.48080528  0.59740651 -0.20557775]
1007.4925723075867,1002,False,5,3,[-8.09782316  7.92958025  1.27259122],waiting,[ 0.5677905  -0.59831228 -0.99408226]
1007.4925723075867,1003,False,3,1,[-0.87188729 -8.01807909  1.70688958],queued,[ 0.63925976  0.24903542 -0.34837281]
1007.4925723075867,1004,False,5,6,[7.17453058 6.33759503 4.00000012],exiting,[-0.62185191  0.08809385  0.93462812]
1007.4925723075867,1005,False,3,4,[ 8.1253597  -7.48186062  1.29506264],fake_landed,[ 0.50568378 -0.03156594 -0.11489306]
1007.5896835327148,1000,False,6,0,[-4.56285574  6.88404813  4.        ],cruising,[-0.82138112 -0.19970136 -0.21083176]
1007.5896835327148,1001,False,1,2,[ 3.53345347 -3.76463034  4.0001006 ],cruising,[-0.48080528  0.59740651 -0.20557775]
1007.5896835327148,1002,False,5,3,[-8.09782316  7.92958025  1.27259122],waiting,[ 0.5677905  -0.59831228 -0.99408226]
1007.5896835327148,1003,False,3,1,[-0.87188729 -8.01807909  1.78188958],queued,[ 0.63925976  0.24903542 -0.34837281]
1007.5896835327148,1004,False,5,6,[7.21039037 6.43094424 4.0000001 ],exiting,[-0.62185191  0.08809385  0.93462812]
1007.5896835327148,1005,False,3,4,[ 8.12087926 -7.48250893  1.27558174],fake_landed,[ 0.50568378 -0.03156594 -0.11489306]
1007.679212808609,1000,False,6,0,[-4.36774296  6.92799131  4.        ],cruising,[-0.82138112 -0.19970136 -0.21083176]
1007.679212808609,1001,False,1,2,[ 3.34871    -3.68801539  4.00008551],cruising,[-0.48080528  0.59740651 -0.20557775]
1007.679212808609,1002,False,5,3,[-8.09782316  7.92958025  1.27259122],queued,[ 0.5677905  -0.59831228 -0.99408226]
1007.679212808609,1003,False,3,1,[-0.87188729 -8.01807909  1.85688958],entering,[ 0.63925976  0.24903542 -0.34837281]
1007.679212808609,1004,False,5,6,[7.24625016 6.52429345 4.00000008],exiting,[-0.62185191  0.08809385  0.93462812]
1007.679212808609,1005,False,3,4,[ 8.12087926 -7.48250893  1.27558174],fake_landed,[ 0.50568378 -0.03156594 -0.11489306]
1007.7788980007172,1000,False,6,0,[-4.17308079  6.97388946  4.        ],cruising,[-0.82138112 -0.19970136 -0.21083176]
1007.7788980007172,1001,False,1,2,[ 3.16341886 -3.61273462  4.00007269],cruising,[-0.48080528  0.59740651 -0.20557775]
1007.7788980007172,1002,False,5,3,[-8.09782316  7.92958025  1.29259122],queued,[ 0.5677905  -0.59831228 -0.99408226]
1007.7788980007172,1003,False,3,1,[-0.87837443 -7.99916039  1.93188958],entering,[ 0.63925976  0.24903542 -0.34837281]
1007.7788980007172,1004,False,5,6,[7.28210995 6.61764267 4.00000007],exiting,[-0.62185191  0.08809385  0.93462812]
1007.7788980007172,1005,False,4,5,[ 8.12087926 -7.48250893  1.27558174],waiting,[ 0.50568378 -0.03156594 -0.11489306]
1007.8789727687836,1000,False,6,0,[-3.97857395  7.02044147  4.        ],cruising,[-0.82138112 -0.19970136 -0.21083176]
1007.8789727687836,1001,False,1,2,[ 2.97759287 -3.53878395  4.00006178],cruising,[-0.48080528  0.59740651 -0.20557775]
1007.8789727687836,1002,False,5,3,[-8.09782316  7.92958025  1.33259122],queued,[ 0.5677905  -0.59831228 -0.99408226]
1007.8789727687836,1003,False,3,1,[-0.89134873 -7.96132301  2.00688958],entering,[ 0.63925976  0.24903542 -0.34837281]
1007.8789727687836,1004,False,5,6,[7.31796974 6.71099188 4.00000005],exiting,[-0.62185191  0.08809385  0.93462812]
1007.8789727687836,1005,False,4,5,[ 8.12087926 -7.48250893  1.27558174],waiting,[ 0.50568378 -0.03156594 -0.11489306]
1007.9797472953796,1000,False,6,0,[-3.78395801  7.06653524  4.        ],cruising,[-0.82138112 -0.19970136 -0.21083176]
1007.9797472953796,1001,False,1,2,[ 2.79114996 -3.46640274  4.00005252],cruising,[-0.48080528  0.59740651 -0.20557775]
1007.9797472953796,1002,False,5,3,[-8.09782316  7.92958025  1.39259122],queued,[ 0.5677905  -0.59831228 -0.99408226]
1007.9797472953796,1003,False,3,1,[-0.91081017 -7.90456693  2.08188958],entering,[ 0.63925976  0.24903542 -0.34837281]
1007.9797472953796,1004,False,5,6,[7.35382953 6.80434109 4.00000004],exiting,[-0.62185191  0.08809385  0.93462812]
1007.9797472953796,1005,False,4,5,[ 8.12087926 -7.48250893  1.27558174],waiting,[ 0.50568378 -0.03156594 -0.11489306]
1008.0790405273438,1000,False,6,0,[-3.5884728   7.10879079  4.        ],cruising,[-0.82138112 -0.19970136 -0.21083176]
1008.0790405273438,1001,False,1,2,[ 2.60420963 -3.39531609  4.00004464],cruising,[-0.48080528  0.59740651 -0.20557775]
1008.0790405273438,1002,False,5,3,[-8.09782316  7.92958025  1.46759122],queued,[ 0.5677905  -0.59831228 -0.99408226]
1008.0790405273438,1003,False,3,1,[-0.93675876 -7.82889216  2.15688958],entering,[ 0.63925976  0.24903542 -0.34837281]
1008.0790405273438,1004,False,5,6,[7.38968932 6.8976903  4.00000004],exiting,[-0.62185191  0.08809385  0.93462812]
1008.0790405273438,1005,False,4,5,[ 8.12087926 -7.48250893  1.27558174],waiting,[ 0.50568378 -0.03156594 -0.11489306]
1008.1849682331085,1000,False,6,0,[-3.39260174  7.14922011  4.        ],cruising,[-0.82138112 -0.19970136 -0.21083176]
1008.1849682331085,1001,False,1,2,[ 2.41646802 -3.32637345  4.00003794],cruising,[-0.48080528  0.59740651 -0.20557775]
1008.1849682331085,1002,False,5,3,[-8.09782316  7.92958025  1.54259122],queued,[ 0.5677905  -0.59831228 -0.99408226]
1008.1849682331085,1003,False,3,1,[-0.9691945  -7.7342987   2.23188958],entering,[ 0.63925976  0.24903542 -0.34837281]
1008.1849682331085,1004,False,5,6,[7.42554911 6.99103952 4.00000003],exiting,[-0.62185191  0.08809385  0.93462812]
1008.1849682331085,1005,False,4,5,[ 8.12087926 -7.48250893  1.27558174],waiting,[ 0.50568378 -0.03156594 -0.11489306]
1008.2797107696533,1000,False,6,0,[-3.19619472  7.18695974  4.        ],cruising,[-0.82138112 -0.19970136 -0.21083176]
1008.2797107696533,1001,False,1,2,[ 2.22778249 -3.26005775  4.00003225],cruising,[-0.48080528  0.59740651 -0.20557775]
1008.2797107696533,1002,False,5,3,[-8.09782316  7.92958025  1.61759122],queued,[ 0.5677905  -0.59831228 -0.99408226]
1008.2797107696533,1003,False,3,1,[-1.00811739 -7.62078655  2.30688958],entering,[ 0.63925976  0.24903542 -0.34837281]
1008.2797107696533,1004,False,5,6,[7.4614089  7.08438873 4.00000002],exiting,[-0.62185191  0.08809385  0.93462812]
1008.2797107696533,1005,False,4,5,[ 8.12087926 -7.48250893  1.27558174],waiting,[ 0.50568378 -0.03156594 -0.11489306]
1008.3791229724884,1000,False,6,0,[-2.99870314  7.21853629  4.        ],cruising,[-0.82138112 -0.19970136 -0.21083176]
1008.3791229724884,1001,False,1,2,[ 2.03849078 -3.19549269  4.00002741],cruising,[-0.48080528  0.59740651 -0.20557775]
1008.3791229724884,1002,False,5,3,[-8.09782316  7.92958025  1.69259122],queued,[ 0.5677905  -0.59831228 -0.99408226]
1008.3791229724884,1003,False,3,1,[-1.05352742 -7.4883557   2.38188958],entering,[ 0.63925976  0.24903542 -0.34837281]
1008.3791229724884,1004,False,5,6,[7.49726869 7.17773794 4.00000002],exiting,[-0.62185191  0.08809385  0.93462812]
1008.3791229724884,1005,False,4,5,[ 8.12087926 -7.48250893  1.27558174],waiting,[ 0.50568378 -0.03156594 -0.11489306]
1008.4798731803894,1000,False,6,0,[-2.80062038  7.24616273  4.        ],cruising,[-0.82138112 -0.19970136 -0.21083176]
1008.4798731803894,1001,False,1,2,[ 1.84792137 -3.13480247  4.0000233 ],cruising,[-0.48080528  0.59740651 -0.20557775]
1008.4798731803894,1002,False,5,3,[-8.09782316  7.92958025  1.76759122],queued,[ 0.5677905  -0.59831228 -0.99408226]
1008.4798731803894,1003,False,3,1,[-1.1054246  -7.33700616  2.45688958],entering,[ 0.63925976  0.24903542 -0.34837281]
1008.4798731803894,1004,False,5,6,[7.53312848 7.27108715 4.00000002],exiting,[-0.62185191  0.08809385  0.93462812]
1008.4798731803894,1005,False,4,5,[ 8.12087926 -7.48250893  1.27558174],waiting,[ 0.50568378 -0.03156594 -0.11489306]
1008.5901625156403,1000,False,6,0,[-2.60158634  7.26579562  4.        ],cruising,[-0.82138112 -0.19970136 -0.21083176]
1008.5901625156403,1001,False,1,2,[ 1.65589054 -3.07890828  4.00001981],cruising,[-0.48080528  0.59740651 -0.20557775]
1008.5901625156403,1002,False,5,3,[-8.09782316  7.92958025  1.84259122],queued,[ 0.5677905  -0.59831228 -0.99408226]
1008.5901625156403,1003,False,3,1,[-1.16380893 -7.16673793  2.53188958],entering,[ 0.63925976  0.24903542 -0.34837281]
1008.5901625156403,1004,False,5,6,[7.56898827 7.36443637 4.00000001],exiting,[-0.62185191  0.08809385  0.93462812]
1008.5901625156403,1005,False,4,5,[ 8.12087926 -7.48250893  1.27558174],waiting,[ 0.50568378 -0.03156594 -0.11489306]
1008.68368268013,1000,False,6,0,[-2.40207701  7.27979653  4.        ],cruising,[-0.82138112 -0.19970136 -0.21083176]
1008.68368268013,1001,False,1,2,[ 1.46220611 -3.02904505  4.00001684],cruising,[-0.48080528  0.59740651 -0.20557775]
1008.68368268013,1002,False,5,3,[-8.09782316  7.92958025  1.91759122],queued,[ 0.5677905  -0.59831228 -0.99408226]
1008.68368268013,1003,False,3,1,[-1.22993228 -6.9780277   2.60688958],entering,[ 0.63925976  0.24903542 -0.34837281]
1008.68368268013,1004,False,5,6,[7.60484806 7.45778558 4.00000001],exiting,[-0.62185191  0.08809385  0.93462812]
1008.68368268013,1005,False,4,5,[ 8.12087926 -7.48250893  1.27558174],waiting,[ 0.50568378 -0.03156594 -0.11489306]
1008.7899734973907,1000,False,6,0,[-2.20210066  7.28287263  4.        ],cruising,[-0.82138112 -0.19970136 -0.21083176]
1008.7899734973907,1001,False,1,2,[ 1.26669554 -2.98690698  4.00001431],cruising,[-0.48080528  0.59740651 -0.20557775]
1008.7899734973907,1002,False,5,3,[-8.09782316  7.92958025  1.99259122],queued,[ 0.5677905  -0.59831228 -0.99408226]
1008.7899734973907,1003,False,3,1,[-1.29607142 -6.78928021  2.68188958],entering,[ 0.63925976  0.24903542 -0.34837281]
1008.7899734973907,1004,False,5,6,[7.64070785 7.55113479 4.00000001],exiting,[-0.62185191  0.08809385  0.93462812]
1008.7899734973907,1005,False,4,5,[ 8.12087926 -7.48250893  1.27558174],waiting,[ 0.50568378 -0.03156594 -0.11489306]
1008.8831033706665,1000,False,6,0,[-2.00265226  7.26802902  4.        ],cruising,[-0.82138112 -0.19970136 -0.21083176]
1008.8831033706665,1001,False,1,2,[ 1.0692787  -2.95486654  4.00001216],cruising,[-0.48080528  0.59740651 -0.20557775]
1008.8831033706665,1002,False,5,3,[-8.09782316  7.92958025  2.06759122],queued,[ 0.5677905  -0.59831228 -0.99408226]
1008.8831033706665,1003,False,3,1,[-1.36221056 -6.60053273  2.75688958],entering,[ 0.63925976  0.24903542 -0.34837281]
1008.8831033706665,1004,False,5,6,[7.67656764 7.644484   4.00000001],exiting,[-0.62185191  0.08809385  0.93462812]
1008.8831033706665,1005,False,4,5,[ 8.12087926 -7.48250893  1.27558174],waiting,[ 0.50568378 -0.03156594 -0.11489306]
1008.9805126190186,1000,False,6,0,[-1.80558857  7.23388367  4.        ],cruising,[-0.82138112 -0.19970136 -0.21083176]
1008.9805126190186,1001,False,1,2,[ 0.86968828 -2.94270764  4.00001033],cruising,[-0.48080528  0.59740651 -0.20557775]
1008.9805126190186,1002,False,5,3,[-8.09782316  7.92958025  2.14259122],queued,[ 0.5677905  -0.59831228 -0.99408226]
1008.9805126190186,1003,False,3,1,[-1.42904405 -6.41202998  2.83188958],entering,[ 0.63925976  0.24903542 -0.34837281]
1008.9805126190186,1004,False,5,6,[7.71242743 7.73783322 4.        ],exiting,[-0.62185191  0.08809385  0.93462812]
1008.9805126190186,1005,False,4,5,[ 8.12087926 -7.48250893  1.27558174],waiting,[ 0.50568378 -0.03156594 -0.11489306]
1009.079740524292,1000,False,6,0,[-1.61217774  7.18296954  4.        ],cruising,[-0.82138112 -0.19970136 -0.21083176]
1009.079740524292,1001,False,1,2,[ 0.66968964 -2.94197071  4.00000878],cruising,[-0.48080528  0.59740651 -0.20557775]
1009.079740524292,1002,False,5,3,[-8.09782316  7.92958025  2.21759122],queued,[ 0.5677905  -0.59831228 -0.99408226]
1009.079740524292,1003,False,3,1,[-1.49650174 -6.22374971  2.90688958],entering,[ 0.63925976  0.24903542 -0.34837281]
1009.079740524292,1004,False,5,6,[7.74828722 7.83118243 4.        ],exiting,[-0.62185191  0.08809385  0.93462812]
1009.079740524292,1005,False,4,5,[ 8.12087926 -7.48250893  1.27558174],waiting,[ 0.50568378 -0.03156594 -0.11489306]
1009.1860642433167,1000,False,6,0,[-1.42304212  7.11794864  4.        ],cruising,[-0.82138112 -0.19970136 -0.21083176]
1009.1860642433167,1001,False,1,2,[ 0.47024349 -2.95684474  4.00000746],cruising,[-0.48080528  0.59740651 -0.20557775]
1009.1860642433167,1002,False,5,3,[-8.09782316  7.92958025  2.29259122],queued,[ 0.5677905  -0.59831228 -0.99408226]
1009.1860642433167,1003,False,3,1,[-1.56395943 -6.03546944  2.98188958],entering,[ 0.63925976  0.24903542 -0.34837281]
1009.1860642433167,1004,False,5,6,[7.78414701 7.92453164 4.        ],exiting,[-0.62185191  0.08809385  0.93462812]
1009.1860642433167,1005,False,4,5,[ 8.12087926 -7.48250893  1.27558174],waiting,[ 0.50568378 -0.03156594 -0.11489306]
1009.2859995365143,1000,False,6,0,[-1.23827466  7.04139157  4.        ],cruising,[-0.82138112 -0.19970136 -0.21083176]
1009.2859995365143,1001,False,1,2,[ 0.27247437 -2.98663353  4.00000634],cruising,[-0.48080528  0.59740651 -0.20557775]
1009.2859995365143,1002,False,5,3,[-8.09782316  7.92958025  2.36759122],queued,[ 0.5677905  -0.59831228 -0.99408226]
1009.2859995365143,1003,False,3,1,[-1.63269079 -5.84765038  3.05688958],entering,[ 0.63925976  0.24903542 -0.34837281]
1009.2859995365143,1004,False,5,6,[7.8200068  8.01788085 4.        ],exiting,[-0.62185191  0.08809385  0.93462812]
1009.2859995365143,1005,False,4,5,[ 8.12087926 -7.48250893  1.27558174],waiting,[ 0.50568378 -0.03156594 -0.11489306]
1009.3845393657684,1000,False,6,0,[-1.05758944  6.9556428   4.        ],cruising,[-0.82138112 -0.19970136 -0.21083176]
1009.3845393657684,1001,False,1,2,[ 0.07832724 -3.03466364  4.00000539],cruising,[-0.48080528  0.59740651 -0.20557775]
1009.3845393657684,1002,False,5,3,[-8.09782316  7.92958025  2.44259122],queued,[ 0.5677905  -0.59831228 -0.99408226]
1009.3845393657684,1003,False,3,1,[-1.70142214 -5.65983131  3.13188958],entering,[ 0.63925976  0.24903542 -0.34837281]
1009.3845393657684,1004,False,5,6,[7.85586659 8.11123007 4.        ],exiting,[-0.62185191  0.08809385  0.93462812]
1009.3845393657684,1005,False,4,5,[ 8.12087926 -7.48250893  1.27558174],waiting,[ 0.50568378 -0.03156594 -0.11489306]
1009.4850828647614,1000,False,6,0,[-0.87922975  6.86515622  4.        ],cruising,[-0.82138112 -0.19970136 -0.21083176]
1009.4850828647614,1001,False,1,2,[-0.11258977 -3.09425137  4.00000458],cruising,[-0.48080528  0.59740651 -0.20557775]
1009.4850828647614,1002,False,5,3,[-8.09782316  7.92958025  2.51759122],entering,[ 0.5677905  -0.59831228 -0.99408226]
1009.4850828647614,1003,False,3,1,[-1.77129237 -5.47243294  3.20688958],entering,[ 0.63925976  0.24903542 -0.34837281]
1009.4850828647614,1004,False,5,6,[7.89172638 8.20457928 4.        ],exiting,[-0.62185191  0.08809385  0.93462812]
1009.4850828647614,1005,False,4,5,[ 8.12087926 -7.48250893  1.27558174],waiting,[ 0.50568378 -0.03156594 -0.11489306]
1009.5937633514404,1000,False,6,0,[-0.70428596  6.7682301   4.        ],cruising,[-0.82138112 -0.19970136 -0.21083176]
1009.5937633514404,1001,False,1,2,[-0.29999025 -3.16411595  4.00000389],cruising,[-0.48080528  0.59740651 -0.20557775]
1009.5937633514404,1002,False,5,3,[-8.07997575  7.92055418  2.59259122],entering,[ 0.5677905  -0.59831228 -0.99408226]
1009.5937633514404,1003,False,3,1,[-1.84047782 -5.28478067  3.28188958],entering,[ 0.63925976  0.24903542 -0.34837281]
1009.5937633514404,1004,False,5,6,[7.92758617 8.29792849 4.        ],exiting,[-0.62185191  0.08809385  0.93462812]
1009.5937633514404,1005,False,4,5,[ 8.12087926 -7.48250893  1.27558174],queued,[ 0.50568378 -0.03156594 -0.11489306]
1009.6793920993805,1000,False,6,0,[-0.53198529  6.66667973  4.        ],cruising,[-0.82138112 -0.19970136 -0.21083176]
1009.6793920993805,1001,False,1,2,[-0.48281758 -3.24519718  4.00000331],cruising,[-0.48080528  0.59740651 -0.20557775]
1009.6793920993805,1002,False,5,3,[-8.04426728  7.90252909  2.66759122],entering,[ 0.5677905  -0.59831228 -0.99408226]
1009.6793920993805,1003,False,3,1,[-1.9113732  -5.09776771  3.35688958],entering,[ 0.63925976  0.24903542 -0.34837281]
1009.6793920993805,1004,False,5,6,[7.96344596 8.3912777  4.        ],exiting,[-0.62185191  0.08809385  0.93462812]
1009.6793920993805,1005,False,4,5,[ 8.12087926 -7.48250893  1.29558174],queued,[ 0.50568378 -0.03156594 -0.11489306]
1009.7836675643921,1000,False,6,0,[-0.36089768  6.5630987   4.        ],cruising,[-0.82138112 -0.19970136 -0.21083176]
1009.7836675643921,1001,False,1,2,[-0.66225232 -3.33353276  4.00000281],cruising,[-0.48080528  0.59740651 -0.20557775]
1009.7836675643921,1002,False,5,3,[-7.9906676   7.87556503  2.74259122],entering,[ 0.5677905  -0.59831228 -0.99408226]
1009.7836675643921,1003,False,3,1,[-1.98288636 -4.91099013  3.43188958],entering,[ 0.63925976  0.24903542 -0.34837281]
1009.7836675643921,1004,False,5,6,[7.99930575 8.48462691 4.        ],exiting,[-0.62185191  0.08809385  0.93462812]
1009.7836675643921,1005,False,4,5,[ 8.12087926 -7.48250893  1.33558174],queued,[ 0.50568378 -0.03156594 -0.11489306]
1009.887172460556,1000,False,6,0,[-0.19134391  6.45702553  4.        ],cruising,[-0.82138112 -0.19970136 -0.21083176]
1009.887172460556,1001,False,1,2,[-0.84012195 -3.4249789   4.00000239],cruising,[-0.48080528  0.59740651 -0.20557775]
1009.887172460556,1002,False,5,3,[-7.91911968  7.83977714  2.81759122],entering,[ 0.5677905  -0.59831228 -0.99408226]
1009.887172460556,1003,False,3,1,[-2.05466188 -4.7243132   3.50688958],entering,[ 0.63925976  0.24903542 -0.34837281]
1009.887172460556,1004,False,5,6,[8.03516554 8.57797613 4.        ],exiting,[-0.62185191  0.08809385  0.93462812]
1009.887172460556,1005,False,4,5,[ 8.12087926 -7.48250893  1.39558174],queued,[ 0.50568378 -0.03156594 -0.11489306]
1009.9941341876984,1000,False,6,0,[-0.02227848  6.35017572  4.        ],cruising,[-0.82138112 -0.19970136 -0.21083176]
1009.9941341876984,1001,False,1,2,[-1.01879771 -3.51483974  4.00000203],cruising,[-0.48080528  0.59740651 -0.20557775]
1009.9941341876984,1002,False,5,3,[-7.82957207  7.79527078  2.89259122],entering,[ 0.5677905  -0.59831228 -0.99408226]
1009.9941341876984,1003,False,3,1,[-2.12633096 -4.53759538  3.58085614],entering,[ 0.63925976  0.24903542 -0.34837281]
1009.9941341876984,1004,False,5,6,[8.07102533 8.67132534 4.        ],exiting,[-0.62185191  0.08809385  0.93462812]
1009.9941341876984,1005,False,4,5,[ 8.12087926 -7.48250893  1.47058174],queued,[ 0.50568378 -0.03156594 -0.11489306]
1010.0933747291565,1000,False,6,0,[0.14640764 6.24272809 4.        ],cruising,[-0.82138112 -0.19970136 -0.21083176]
1010.0933747291565,1001,False,1,2,[-1.2021418  -3.59474561  4.00000173],cruising,[-0.48080528  0.59740651 -0.20557775]
1010.0933747291565,1002,False,5,3,[-7.72199914  7.74209911  2.96759122],entering,[ 0.5677905  -0.59831228 -0.99408226]
1010.0933747291565,1003,False,3,1,[-2.19590953 -4.35008852  3.64372772],entering,[ 0.63925976  0.24903542 -0.34837281]
1010.0933747291565,1004,False,5,6,[8.10688512 8.76467455 4.        ],exiting,[-0.62185191  0.08809385  0.93462812]
1010.0933747291565,1005,False,4,5,[ 8.12087926 -7.48250893  1.54558174],queued,[ 0.50568378 -0.03156594 -0.11489306]
1010.1792652606964,1000,False,6,0,[0.31531434 6.13562754 4.        ],cruising,[-0.82138112 -0.19970136 -0.21083176]
1010.1792652606964,1001,False,1,2,[-1.39238614 -3.65587952  4.00000146],cruising,[-0.48080528  0.59740651 -0.20557775]
1010.1792652606964,1002,False,5,3,[-7.59638683  7.68029143  3.04259122],entering,[ 0.5677905  -0.59831228 -0.99408226]
1010.1792652606964,1003,False,3,1,[-2.26548704 -4.16258127  3.69716856],entering,[ 0.63925976  0.24903542 -0.34837281]
1010.1792652606964,1004,False,5,6,[8.14274491 8.85802376 4.        ],exiting,[-0.62185191  0.08809385  0.93462812]
1010.1792652606964,1005,False,4,5,[ 8.12087926 -7.48250893  1.62058174],queued,[ 0.50568378 -0.03156594 -0.11489306]
1010.293621301651,1000,False,6,0,[0.48470543 6.02929477 4.        ],exiting,[-0.82138112 -0.19970136 -0.21083176]
1010.293621301651,1001,False,1,2,[-1.58638501 -3.69736901  4.00000121],cruising,[-0.48080528  0.59740651 -0.20557775]
1010.293621301651,1002,False,5,3,[-7.45228796  7.61085177  3.11759122],entering,[ 0.5677905  -0.59831228 -0.99408226]
1010.293621301651,1003,False,3,1,[-2.3273157  -3.97237818  3.74259328],entering,[ 0.63925976  0.24903542 -0.34837281]
1010.293621301651,1004,False,5,6,[8.1786047  8.95137298 4.        ],exiting,[-0.62185191  0.08809385  0.93462812]
1010.293621301651,1005,False,4,5,[ 8.12087926 -7.48250893  1.69558174],queued,[ 0.50568378 -0.03156594 -0.11489306]
1010.3827669620514,1000,False,6,0,[0.64377675 5.94009391 4.        ],exiting,[-0.82138112 -0.19970136 -0.21083176]
1010.3827669620514,1001,False,1,2,[-1.781032   -3.718869    4.00000098],cruising,[-0.48080528  0.59740651 -0.20557775]
1010.3827669620514,1002,False,5,3,[-7.28946436  7.53438469  3.19259122],entering,[ 0.5677905  -0.59831228 -0.99408226]
1010.3827669620514,1003,False,3,1,[-2.3880213  -3.78181367  3.78120429],entering,[ 0.63925976  0.24903542 -0.34837281]
1010.3827669620514,1004,False,5,6,[8.21446449 9.04472219 4.        ],exiting,[-0.62185191  0.08809385  0.93462812]
1010.3827669620514,1005,False,4,5,[ 8.12087926 -7.48250893  1.77058174],queued,[ 0.50568378 -0.03156594 -0.11489306]
1010.4852259159088,1000,False,6,0,[0.79237212 5.86792989 4.        ],exiting,[-0.82138112 -0.19970136 -0.21083176]
1010.4852259159088,1001,False,1,2,[-1.97333281 -3.72050708  4.00000076],cruising,[-0.48080528  0.59740651 -0.20557775]
1010.4852259159088,1002,False,5,3,[-7.10715467  7.45341291  3.26759122],entering,[ 0.5677905  -0.59831228 -0.99408226]
1010.4852259159088,1003,False,3,1,[-2.44871306 -3.59124476  3.81402364],cruising,[ 0.63925976  0.24903542 -0.34837281]
1010.4852259159088,1004,False,5,6,[8.25032428 9.1380714  4.        ],landing,[-0.62185191  0.08809385  0.93462812]
1010.4852259159088,1005,False,4,5,[ 8.12087926 -7.48250893  1.84558174],queued,[ 0.50568378 -0.03156594 -0.11489306]
1010.5801825523376,1000,False,6,0,[0.93031678 5.81269404 4.        ],exiting,[-0.82138112 -0.19970136 -0.21083176]
1010.5801825523376,1001,False,1,2,[-2.1603961  -3.70284313  4.00000056],cruising,[-0.48080528  0.59740651 -0.20557775]
1010.5801825523376,1002,False,5,3,[-6.92331913  7.37464431  3.34259122],entering,[ 0.5677905  -0.59831228 -0.99408226]
1010.5801825523376,1003,False,3,1,[-2.50336296 -3.39885612  3.8419201 ],cruising,[ 0.63925976  0.24903542 -0.34837281]
1010.5801825523376,1004,False,5,6,[8.28424767 9.21733572 3.98593352],landing,[-0.62185191  0.08809385  0.93462812]
1010.5801825523376,1005,False,4,5,[ 8.12087926 -7.48250893  1.92058174],queued,[ 0.50568378 -0.03156594 -0.11489306]
1010.6791560649872,1000,False,6,0,[1.0574134  5.77426056 4.        ],exiting,[-0.82138112 -0.19970136 -0.21083176]
1010.6791560649872,1001,False,1,2,[-2.33989764 -3.66666378  4.00000037],cruising,[-0.48080528  0.59740651 -0.20557775]
1010.6791560649872,1002,False,5,3,[-6.73735252  7.30104798  3.41759122],entering,[ 0.5677905  -0.59831228 -0.99408226]
1010.6791560649872,1003,False,3,1,[-2.55313487 -3.2051482   3.86563208],cruising,[ 0.63925976  0.24903542 -0.34837281]
1010.6791560649872,1004,False,5,6,[8.31613783 9.28236778 3.95796347],landing,[-0.62185191  0.08809385  0.93462812]
1010.6791560649872,1005,False,4,5,[ 8.12087926 -7.48250893  1.99558174],queued,[ 0.50568378 -0.03156594 -0.11489306]
1010.7850036621094,1000,False,6,0,[1.17343347 5.75247972 4.        ],exiting,[-0.82138112 -0.19970136 -0.21083176]
1010.7850036621094,1001,False,1,2,[-2.50964501 -3.6130243   4.00000019],cruising,[-0.48080528  0.59740651 -0.20557775]
1010.7850036621094,1002,False,5,3,[-6.54983111  7.23150863  3.49259122],entering,[ 0.5677905  -0.59831228 -0.99408226]
1010.7850036621094,1003,False,3,1,[-2.59583629 -3.0097599   3.88578727],cruising,[ 0.63925976  0.24903542 -0.34837281]
1010.7850036621094,1004,False,5,6,[8.34587981 9.33299481 3.91628647],landing,[-0.62185191  0.08809385  0.93462812]
1010.7850036621094,1005,False,4,5,[ 8.12087926 -7.48250893  2.07058174],queued,[ 0.50568378 -0.03156594 -0.11489306]
1010.8928792476654,1000,False,6,0,[1.27809752 5.74716219 4.        ],exiting,[-0.82138112 -0.19970136 -0.21083176]
1010.8928792476654,1001,False,1,2,[-2.66764159 -3.54320092  4.00000003],cruising,[-0.48080528  0.59740651 -0.20557775]
1010.8928792476654,1002,False,5,3,[-6.36060601  7.16674859  3.56759122],entering,[ 0.5677905  -0.59831228 -0.99408226]
1010.8928792476654,1003,False,3,1,[-2.63803333 -2.81426205  3.90291918],cruising,[ 0.63925976  0.24903542 -0.34837281]
1010.8928792476654,1004,False,5,6,[8.37331481 9.36898187 3.86118008],landing,[-0.62185191  0.08809385  0.93462812]
1010.8928792476654,1005,False,4,5,[ 8.12087926 -7.48250893  2.14558174],queued,[ 0.50568378 -0.03156594 -0.11489306]
1010.9933445453644,1000,False,6,0,[1.37101771 5.7580336  4.        ],exiting,[-0.82138112 -0.19970136 -0.21083176]
1010.9933445453644,1001,False,1,2,[-2.8122069  -3.45855859  3.99999989],cruising,[-0.48080528  0.59740651 -0.20557775]
1010.9933445453644,1002,False,5,3,[-6.16933215  7.10831648  3.63245254],entering,[ 0.5677905  -0.59831228 -0.99408226]
1010.9933445453644,1003,False,3,1,[-2.67770497 -2.61823613  3.9174813 ],cruising,[ 0.63925976  0.24903542 -0.34837281]
1010.9933445453644,1004,False,5,6,[8.39830924 9.39013474 3.79288312],landing,[-0.62185191  0.08809385  0.93462812]
1010.9933445453644,1005,False,4,5,[ 8.12087926 -7.48250893  2.22058174],queued,[ 0.50568378 -0.03156594 -0.11489306]
1011.0834426879883,1000,False,6,0,[1.45195627 5.78491878 4.        ],exiting,[-0.82138112 -0.19970136 -0.21083176]
1011.0834426879883,1001,False,1,2,[-2.94188435 -3.36056143  3.99999976],cruising,[-0.48080528  0.59740651 -0.20557775]
1011.0834426879883,1002,False,5,3,[-5.97579778  7.05787399  3.68758466],entering,[ 0.5677905  -0.59831228 -0.99408226]
1011.0834426879883,1003,False,3,1,[-2.71894663 -2.42253451  3.92985911],cruising,[ 0.63925976  0.24903542 -0.34837281]
1011.0834426879883,1004,False,5,6,[8.42073778 9.39627419 3.71162419],landing,[-0.62185191  0.08809385  0.93462812]
1011.0834426879883,1005,False,4,5,[ 8.12087926 -7.48250893  2.29558174],queued,[ 0.50568378 -0.03156594 -0.11489306]
1011.1915040016174,1000,False,6,0,[1.52067337 5.82763543 4.        ],exiting,[-0.82138112 -0.19970136 -0.21083176]
1011.1915040016174,1001,False,1,2,[-3.05536988 -3.25082451  3.99999964],cruising,[-0.48080528  0.59740651 -0.20557775]
1011.1915040016174,1002,False,5,3,[-5.78021158  7.01608834  3.73444696],entering,[ 0.5677905  -0.59831228 -0.99408226]
1011.1915040016174,1003,False,3,1,[-2.76196838 -2.22721649  3.94038024],cruising,[ 0.63925976  0.24903542 -0.34837281]
1011.1915040016174,1004,False,5,6,[8.44047274 9.3872205  3.61764073],landing,[-0.62185191  0.08809385  0.93462812]
1011.1915040016174,1005,False,4,5,[ 8.12087926 -7.48250893  2.37058174],queued,[ 0.50568378 -0.03156594 -0.11489306]
1011.2946419715881,1000,False,6,0,[1.5769271  5.88599384 4.        ],exiting,[-0.82138112 -0.19970136 -0.21083176]
1011.2946419715881,1001,False,1,2,[-3.15156169 -3.13104135  3.99999955],cruising,[-0.48080528  0.59740651 -0.20557775]
1011.2946419715881,1002,False,5,3,[-5.5829817   6.98291648  3.77427991],entering,[ 0.5677905  -0.59831228 -0.99408226]
1011.2946419715881,1003,False,3,1,[-2.80624493 -2.03217909  3.94932321],cruising,[ 0.63925976  0.24903542 -0.34837281]
1011.2946419715881,1004,False,5,6,[8.45945737 9.3740822  3.52034238],landing,[-0.62185191  0.08809385  0.93462812]
1011.2946419715881,1005,False,4,5,[ 8.12087926 -7.48250893  2.44558174],entering,[ 0.50568378 -0.03156594 -0.11489306]
1011.3794989585876,1000,False,6,0,[1.62047348 5.95979645 4.        ],exiting,[-0.82138112 -0.19970136 -0.21083176]
1011.3794989585876,1001,False,1,2,[-3.22983816 -3.0023677   3.99999948],cruising,[-0.48080528  0.59740651 -0.20557775]
1011.3794989585876,1002,False,5,3,[-5.38405285  6.9622449   3.80813793],entering,[ 0.5677905  -0.59831228 -0.99408226]
1011.3794989585876,1003,False,3,1,[-2.85348337 -1.83783782  3.95692472],cruising,[ 0.63925976  0.24903542 -0.34837281]
1011.3794989585876,1004,False,5,6,[8.47844199 9.3609439  3.42304403],landing,[-0.62185191  0.08809385  0.93462812]
1011.3794989585876,1005,False,4,5,[ 8.10938942 -7.46613873  2.52058174],entering,[ 0.50568378 -0.03156594 -0.11489306]
1011.4791579246521,1000,False,6,0,[1.65106631 6.04883735 4.        ],exiting,[-0.82138112 -0.19970136 -0.21083176]
1011.4791579246521,1001,False,1,2,[-3.28983215 -2.86558535  3.99999942],cruising,[-0.48080528  0.59740651 -0.20557775]
1011.4791579246521,1002,False,5,3,[-5.18433096  6.95170135  3.83691724],entering,[ 0.5677905  -0.59831228 -0.99408226]
1011.4791579246521,1003,False,3,1,[-2.90393288 -1.64430527  3.96338602],cruising,[ 0.63925976  0.24903542 -0.34837281]
1011.4791579246521,1004,False,5,6,[8.49742661 9.34780561 3.32574568],landing,[-0.62185191  0.08809385  0.93462812]
1011.4791579246521,1005,False,4,5,[ 8.08640974 -7.43339832  2.59558174],entering,[ 0.50568378 -0.03156594 -0.11489306]
1011.5942525863647,1000,False,6,0,[1.67446903 6.14606035 4.        ],exiting,[-0.82138112 -0.19970136 -0.21083176]
1011.5942525863647,1001,False,1,2,[-3.33136916 -2.72109977  3.99999939],cruising,[-0.48080528  0.59740651 -0.20557775]
1011.5942525863647,1002,False,5,3,[-4.98433116  6.95141607  3.86137965],cruising,[ 0.5677905  -0.59831228 -0.99408226]
1011.5942525863647,1003,False,3,1,[-2.95790924 -1.45172658  3.96887811],cruising,[ 0.63925976  0.24903542 -0.34837281]
1011.5942525863647,1004,False,5,6,[8.51641124 9.33466731 3.22844732],landing,[-0.62185191  0.08809385  0.93462812]
1011.5942525863647,1005,False,4,5,[ 8.05194022 -7.38428771  2.67058174],entering,[ 0.50568378 -0.03156594 -0.11489306]
1011.6793110370636,1000,False,6,0,[1.69787175 6.24328336 4.        ],exiting,[-0.82138112 -0.19970136 -0.21083176]
1011.6793110370636,1001,False,1,2,[-3.35437602 -2.56908866  3.99999938],cruising,[-0.48080528  0.59740651 -0.20557775]
1011.6793110370636,1002,False,5,3,[-4.78455719  6.96092178  3.8821727 ],cruising,[ 0.5677905  -0.59831228 -0.99408226]
1011.6793110370636,1003,False,3,1,[-3.01577343 -1.26028015  3.9735464 ],cruising,[ 0.63925976  0.24903542 -0.34837281]
1011.6793110370636,1004,False,5,6,[8.53539586 9.32152901 3.13114897],landing,[-0.62185191  0.08809385  0.93462812]
1011.6793110370636,1005,False,4,5,[ 8.00598086 -7.31880689  2.74558174],entering,[ 0.50568378 -0.03156594 -0.11489306]
1011.7851839065552,1000,False,6,0,[1.72127447 6.34050636 4.        ],exiting,[-0.82138112 -0.19970136 -0.21083176]
1011.7851839065552,1001,False,1,2,[-3.35885628 -2.40954332  3.99999939],cruising,[-0.48080528  0.59740651 -0.20557775]
1011.7851839065552,1002,False,5,3,[-4.58538079  6.97905363  3.8998468 ],cruising,[ 0.5677905  -0.59831228 -0.99408226]
1011.7851839065552,1003,False,3,1,[-3.07705805 -1.06990106  3.97751444],cruising,[ 0.63925976  0.24903542 -0.34837281]
1011.7851839065552,1004,False,5,6,[8.55438048 9.30839071 3.03385062],landing,[-0.62185191  0.08809385  0.93462812]
1011.7851839065552,1005,False,4,5,[ 7.94853166 -7.23695587  2.82058174],entering,[ 0.50568378 -0.03156594 -0.11489306]
1011.8813953399658,1000,False,6,0,[1.74467719 6.43772937 4.        ],exiting,[-0.82138112 -0.19970136 -0.21083176]
1011.8813953399658,1001,False,1,2,[-3.34513406 -2.24171123  3.99999942],cruising,[-0.48080528  0.59740651 -0.20557775]
1011.8813953399658,1002,False,5,3,[-4.38696982  7.00421484  3.91486978],cruising,[ 0.5677905  -0.59831228 -0.99408226]
1011.8813953399658,1003,False,3,1,[-3.14294969 -0.88106703  3.98088727],cruising,[ 0.63925976  0.24903542 -0.34837281]
1011.8813953399658,1004,False,5,6,[8.57336511 9.29525242 2.93655227],landing,[-0.62185191  0.08809385  0.93462812]
1011.8813953399658,1005,False,4,5,[ 7.87959262 -7.13873465  2.89558174],entering,[ 0.50568378 -0.03156594 -0.11489306]
1011.9826877117157,1000,False,6,0,[1.76807991 6.53495237 4.        ],exiting,[-0.82138112 -0.19970136 -0.21083176]
1011.9826877117157,1001,False,1,2,[-3.31425275 -2.06360463  3.99999948],cruising,[-0.48080528  0.59740651 -0.20557775]
1011.9826877117157,1002,False,5,3,[-4.189299    7.03464915  3.92763931],cruising,[ 0.5677905  -0.59831228 -0.99408226]
1011.9826877117157,1003,False,3,1,[-3.21388696 -0.69406996  3.98375418],cruising,[ 0.63925976  0.24903542 -0.34837281]
1011.9826877117157,1004,False,5,6,[8.59234973 9.28211412 2.83925392],landing,[-0.62185191  0.08809385  0.93462812]
1011.9826877117157,1005,False,4,5,[ 7.79924448 -7.02408685  2.97058174],entering,[ 0.50568378 -0.03156594 -0.11489306]
1012.0787811279297,1000,False,6,0,[1.79148262 6.63217538 4.        ],exiting,[-0.82138112 -0.19970136 -0.21083176]
1012.0787811279297,1001,False,1,2,[-3.27175348 -1.86921851  3.99999955],cruising,[-0.48080528  0.59740651 -0.20557775]
1012.0787811279297,1002,False,5,3,[-3.9922088   7.06864111  3.93849342],cruising,[ 0.5677905  -0.59831228 -0.99408226]
1012.0787811279297,1003,False,3,1,[-3.29028745 -0.5092377   3.98619105],cruising,[ 0.63925976  0.24903542 -0.34837281]
1012.0787811279297,1004,False,5,6,[8.61133436 9.26897582 2.74195557],landing,[-0.62185191  0.08809385  0.93462812]
1012.0787811279297,1005,False,4,5,[ 7.70668487 -6.89359986  3.04558174],entering,[ 0.50568378 -0.03156594 -0.11489306]
1012.1887063980103,1000,False,6,0,[1.81488534 6.72939839 4.        ],exiting,[-0.82138112 -0.19970136 -0.21083176]
1012.1887063980103,1001,False,1,2,[-3.24491463 -1.6710275   3.99999962],cruising,[-0.48080528  0.59740651 -0.20557775]
1012.1887063980103,1002,False,5,3,[-3.79547244  7.10462449  3.9477194 ],cruising,[ 0.5677905  -0.59831228 -0.99408226]
1012.1887063980103,1003,False,3,1,[-3.37080291 -0.3261605   3.9882624 ],cruising,[ 0.63925976  0.24903542 -0.34837281]
1012.1887063980103,1004,False,5,6,[8.63031898 9.25583753 2.64465721],landing,[-0.62185191  0.08809385  0.93462812]
1012.1887063980103,1005,False,4,5,[ 7.60122443 -6.74782991  3.12058174],entering,[ 0.50568378 -0.03156594 -0.11489306]
1012.2796802520752,1000,False,6,0,[1.83828806 6.82662139 4.        ],exiting,[-0.82138112 -0.19970136 -0.21083176]
1012.2796802520752,1001,False,1,2,[-3.23450867 -1.47129839  3.99999968],cruising,[-0.48080528  0.59740651 -0.20557775]
1012.2796802520752,1002,False,5,3,[-3.59840859  7.13876885  3.95556149],cruising,[ 0.5677905  -0.59831228 -0.99408226]
1012.2796802520752,1003,False,3,1,[-3.45772856 -0.14603851  3.99002304],cruising,[ 0.63925976  0.24903542 -0.34837281]
1012.2796802520752,1004,False,5,6,[8.6493036  9.24269923 2.54735886],landing,[-0.62185191  0.08809385  0.93462812]
1012.2796802520752,1005,False,4,5,[ 7.4827819  -6.58684598  3.19558174],entering,[ 0.50568378 -0.03156594 -0.11489306]
1012.3798122406006,1000,False,6,0,[1.86169078 6.9238444  4.        ],exiting,[-0.82138112 -0.19970136 -0.21083176]
1012.3798122406006,1001,False,1,2,[-3.23995607 -1.27137259  3.99999973],cruising,[-0.48080528  0.59740651 -0.20557775]
1012.3798122406006,1002,False,5,3,[-3.4013143   7.17273709  3.96222727],cruising,[ 0.5677905  -0.59831228 -0.99408226]
1012.3798122406006,1003,False,3,1,[-3.55147588  0.03062909  3.99151958],cruising,[ 0.63925976  0.24903542 -0.34837281]
1012.3798122406006,1004,False,5,6,[8.66828823 9.22956093 2.45006051],landing,[-0.62185191  0.08809385  0.93462812]
1012.3798122406006,1005,False,4,5,[ 7.36383682 -6.4260602   3.27058174],entering,[ 0.50568378 -0.03156594 -0.11489306]
1012.4940164089203,1000,False,6,0,[1.8850935 7.0210674 4.       ],exiting,[-0.82138112 -0.19970136 -0.21083176]
1012.4940164089203,1001,False,1,2,[-3.25923578 -1.07230403  3.99999977],cruising,[-0.48080528  0.59740651 -0.20557775]
1012.4940164089203,1002,False,5,3,[-3.20399091  7.20534814  3.96789318],cruising,[ 0.5677905  -0.59831228 -0.99408226]
1012.4940164089203,1003,False,3,1,[-3.6511926   0.20399741  3.99279164],cruising,[ 0.63925976  0.24903542 -0.34837281]
1012.4940164089203,1004,False,5,6,[8.68727285 9.21642263 2.35276216],landing,[-0.62185191  0.08809385  0.93462812]
1012.4940164089203,1005,False,4,5,[ 7.24128295 -6.26800784  3.34558174],entering,[ 0.50568378 -0.03156594 -0.11489306]
1012.5790281295776,1000,False,6,0,[1.90849622 7.11829041 4.        ],exiting,[-0.82138112 -0.19970136 -0.21083176]
1012.5790281295776,1001,False,1,2,[-3.29208181 -0.87501962  3.9999998 ],cruising,[-0.48080528  0.59740651 -0.20557775]
1012.5790281295776,1002,False,5,3,[-3.00589334  7.23286816  3.9727092 ],cruising,[ 0.5677905  -0.59831228 -0.99408226]
1012.5790281295776,1003,False,3,1,[-3.7576514   0.37330932  3.9938729 ],cruising,[ 0.63925976  0.24903542 -0.34837281]
1012.5790281295776,1004,False,5,6,[8.70625747 9.20328434 2.25546381],landing,[-0.62185191  0.08809385  0.93462812]
1012.5790281295776,1005,False,4,5,[ 7.11970422 -6.10920415  3.42058174],entering,[ 0.50568378 -0.03156594 -0.11489306]
1012.6795327663422,1000,False,6,0,[1.93189893 7.21551341 4.        ],exiting,[-0.82138112 -0.19970136 -0.21083176]
1012.6795327663422,1001,False,1,2,[-3.33738252 -0.68021755  3.99999983],cruising,[-0.48080528  0.59740651 -0.20557775]
1012.6795327663422,1002,False,5,3,[-2.80739103  7.25729833  3.97680282],cruising,[ 0.5677905  -0.59831228 -0.99408226]
1012.6795327663422,1003,False,3,1,[-3.86721632  0.54062796  3.99479196],cruising,[ 0.63925976  0.24903542 -0.34837281]
1012.6795327663422,1004,False,5,6,[8.7252421  9.19014604 2.15816546],landing,[-0.62185191  0.08809385  0.93462812]
1012.6795327663422,1005,False,4,5,[ 6.99267275 -5.9547276   3.49558174],entering,[ 0.50568378 -0.03156594 -0.11489306]
1012.7800662517548,1000,False,6,0,[1.95530165 7.31273642 4.        ],exiting,[-0.82138112 -0.19970136 -0.21083176]
1012.7800662517548,1001,False,1,2,[-3.39416188 -0.48844658  3.99999986],cruising,[-0.48080528  0.59740651 -0.20557775]
1012.7800662517548,1002,False,5,3,[-2.60812672  7.27443707  3.9802824 ],cruising,[ 0.5677905  -0.59831228 -0.99408226]
1012.7800662517548,1003,False,3,1,[-3.97922944  0.70631762  3.99557317],cruising,[ 0.63925976  0.24903542 -0.34837281]
1012.7800662517548,1004,False,5,6,[8.74422672 9.17700774 2.0608671 ],landing,[-0.62185191  0.08809385  0.93462812]
1012.7800662517548,1005,False,4,5,[ 6.86446685 -5.80122434  3.57058174],entering,[ 0.50568378 -0.03156594 -0.11489306]
1012.8920974731445,1000,False,6,0,[1.97870437 7.40995942 4.        ],exiting,[-0.82138112 -0.19970136 -0.21083176]
1012.8920974731445,1001,False,1,2,[-3.45976743 -0.29951296  3.99999988],cruising,[-0.48080528  0.59740651 -0.20557775]
1012.8920974731445,1002,False,5,3,[-2.40849073  7.28649814  3.98324004],cruising,[ 0.5677905  -0.59831228 -0.99408226]
1012.8920974731445,1003,False,3,1,[-4.09312604  0.87071824  3.99623719],cruising,[ 0.63925976  0.24903542 -0.34837281]
1012.8920974731445,1004,False,5,6,[8.76321134 9.16386945 1.96356875],landing,[-0.62185191  0.08809385  0.93462812]
1012.8920974731445,1005,False,4,5,[ 6.73463339 -5.64909522  3.63499448],entering,[ 0.50568378 -0.03156594 -0.11489306]
1012.9796414375305,1000,False,6,0,[2.00210709 7.50718243 4.        ],exiting,[-0.82138112 -0.19970136 -0.21083176]
1012.9796414375305,1001,False,1,2,[-3.5356498  -0.11446738  3.9999999 ],cruising,[-0.48080528  0.59740651 -0.20557775]
1012.9796414375305,1002,False,5,3,[-2.20849718  7.28810507  3.98575403],cruising,[ 0.5677905  -0.59831228 -0.99408226]
1012.9796414375305,1003,False,3,1,[-4.2084217   1.03414073  3.99680161],cruising,[ 0.63925976  0.24903542 -0.34837281]
1012.9796414375305,1004,False,5,6,[8.78219597 9.15073115 1.8662704 ],landing,[-0.62185191  0.08809385  0.93462812]
1012.9796414375305,1005,False,4,5,[ 6.59786019 -5.50317369  3.68974531],entering,[ 0.50568378 -0.03156594 -0.11489306]
1013.090726852417,1000,False,6,0,[2.02550981 7.60440543 4.        ],exiting,[-0.82138112 -0.19970136 -0.21083176]
1013.090726852417,1001,False,1,2,[-3.62213807  0.06586503  3.99999991],exiting,[-0.48080528  0.59740651 -0.20557775]
1013.090726852417,1002,False,5,3,[-2.00912906  7.27221948  3.98789093],cruising,[ 0.5677905  -0.59831228 -0.99408226]
1013.090726852417,1003,False,3,1,[-4.3246989   1.19686631  3.99728137],cruising,[ 0.63925976  0.24903542 -0.34837281]
1013.090726852417,1004,False,5,6,[8.80118059 9.13759285 1.76897205],landing,[-0.62185191  0.08809385  0.93462812]
1013.090726852417,1005,False,4,5,[ 6.45635106 -5.36184016  3.73628351],entering,[ 0.50568378 -0.03156594 -0.11489306]
1013.1799368858337,1000,False,6,0,[2.04891253 7.70162844 4.        ],exiting,[-0.82138112 -0.19970136 -0.21083176]
1013.1799368858337,1001,False,1,2,[-3.70893121  0.22619976  3.99999993],exiting,[-0.48080528  0.59740651 -0.20557775]
1013.1799368858337,1002,False,5,3,[-1.81218469  7.23739252  3.98970729],cruising,[ 0.5677905  -0.59831228 -0.99408226]
1013.1799368858337,1003,False,3,1,[-4.44159425  1.3591484   3.99768917],cruising,[ 0.63925976  0.24903542 -0.34837281]
1013.1799368858337,1004,False,5,6,[8.82016521 9.12445455 1.6716737 ],landing,[-0.62185191  0.08809385  0.93462812]
1013.1799368858337,1005,False,4,5,[ 6.31249623 -5.22289489  3.77584098],entering,[ 0.50568378 -0.03156594 -0.11489306]
1013.2859344482422,1000,False,6,0,[2.07231524 7.79885144 4.        ],exiting,[-0.82138112 -0.19970136 -0.21083176]
1013.2859344482422,1001,False,1,2,[-3.79586624  0.366535    3.99999994],exiting,[-0.48080528  0.59740651 -0.20557775]
1013.2859344482422,1002,False,5,3,[-1.61888146  7.18607139  3.9912512 ],cruising,[ 0.5677905  -0.59831228 -0.99408226]
1013.2859344482422,1003,False,3,1,[-4.5587869   1.52121592  3.99803579],cruising,[ 0.63925976  0.24903542 -0.34837281]
1013.2859344482422,1004,False,5,6,[8.83914984 9.11131626 1.57437535],landing,[-0.62185191  0.08809385  0.93462812]
1013.2859344482422,1005,False,4,5,[ 6.16173993 -5.09146987  3.80946484],entering,[ 0.50568378 -0.03156594 -0.11489306]
1013.383838891983,1000,False,6,0,[2.09571796 7.89607445 4.        ],exiting,[-0.82138112 -0.19970136 -0.21083176]
1013.383838891983,1001,False,1,2,[-3.88276155  0.48687028  3.99999996],exiting,[-0.48080528  0.59740651 -0.20557775]
1013.383838891983,1002,False,5,3,[-1.42981729  7.12084301  3.99256352],cruising,[ 0.5677905  -0.59831228 -0.99408226]
1013.383838891983,1003,False,3,1,[-4.67595956  1.6832979   3.99833042],cruising,[ 0.63925976  0.24903542 -0.34837281]
1013.383838891983,1004,False,5,6,[8.85813446 9.09817796 1.477077  ],fake_landed,[-0.62185191  0.08809385  0.93462812]
1013.383838891983,1005,False,4,5,[ 6.00396624 -4.96855744  3.83804511],cruising,[ 0.50568378 -0.03156594 -0.11489306]
1013.4859900474548,1000,False,6,0,[2.11912068 7.99329745 4.        ],exiting,[-0.82138112 -0.19970136 -0.21083176]
1013.4859900474548,1001,False,1,2,[-3.96941209  0.58720706  3.99999997],exiting,[-0.48080528  0.59740651 -0.20557775]
1013.4859900474548,1002,False,5,3,[-1.24507853  7.04421671  3.99367899],cruising,[ 0.5677905  -0.59831228 -0.99408226]
1013.4859900474548,1003,False,3,1,[-4.79301619  1.8454637   3.99858086],cruising,[ 0.63925976  0.24903542 -0.34837281]
1013.4859900474548,1004,False,5,6,[8.87332216 9.08766732 1.39923831],fake_landed,[-0.62185191  0.08809385  0.93462812]
1013.4859900474548,1005,False,4,5,[ 5.84245441 -4.85060012  3.86233834],cruising,[ 0.50568378 -0.03156594 -0.11489306]
1013.5791928768158,1000,False,6,0,[2.1425234  8.09052046 4.        ],exiting,[-0.82138112 -0.19970136 -0.21083176]
1013.5791928768158,1001,False,1,2,[-4.05557964  0.66754966  3.99999999],exiting,[-0.48080528  0.59740651 -0.20557775]
1013.5791928768158,1002,False,5,3,[-1.0629725   6.96152818  3.99462714],cruising,[ 0.5677905  -0.59831228 -0.99408226]
1013.5791928768158,1003,False,3,1,[-4.9096665   2.00792201  3.99879373],cruising,[ 0.63925976  0.24903542 -0.34837281]
1013.5791928768158,1004,False,5,6,[8.88471293 9.07978434 1.3408593 ],fake_landed,[-0.62185191  0.08809385  0.93462812]
1013.5791928768158,1005,False,4,5,[ 5.67456535 -4.74191129  3.88298759],cruising,[ 0.50568378 -0.03156594 -0.11489306]
1013.6792542934418,1000,False,6,0,[2.16592612 8.18774347 4.        ],exiting,[-0.82138112 -0.19970136 -0.21083176]
1013.6792542934418,1001,False,1,2,[-4.14097056  0.72790736  4.        ],exiting,[-0.48080528  0.59740651 -0.20557775]
1013.6792542934418,1002,False,5,3,[-0.88490174  6.87047432  3.99543307],cruising,[ 0.5677905  -0.59831228 -0.99408226]
1013.6792542934418,1003,False,3,1,[-5.02563621  2.17086687  3.99897467],cruising,[ 0.63925976  0.24903542 -0.34837281]
1013.6792542934418,1004,False,5,6,[8.89230678 9.07452902 1.30193996],fake_landed,[-0.62185191  0.08809385  0.93462812]
1013.6792542934418,1005,False,4,5,[ 5.50341675 -4.63843106  3.90053945],cruising,[ 0.50568378 -0.03156594 -0.11489306]
1013.781934261322,1000,False,6,0,[2.18932884 8.28496647 4.        ],exiting,[-0.82138112 -0.19970136 -0.21083176]
1013.781934261322,1001,False,1,2,[-4.22517486  0.76830028  4.00000001],exiting,[-0.48080528  0.59740651 -0.20557775]
1013.781934261322,1002,False,5,3,[-0.71017328  6.77316058  3.99611811],cruising,[ 0.5677905  -0.59831228 -0.99408226]
1013.781934261322,1003,False,3,1,[-5.14065644  2.33448334  3.99912847],cruising,[ 0.63925976  0.24903542 -0.34837281]
1013.781934261322,1004,False,5,6,[8.89610371 9.07190137 1.28248029],fake_landed,[-0.62185191  0.08809385  0.93462812]
1013.781934261322,1005,False,4,5,[ 5.32780302 -4.54272413  3.91545854],cruising,[ 0.50568378 -0.03156594 -0.11489306]
1013.8799164295197,1000,False,6,0,[2.21273155 8.38218948 4.        ],exiting,[-0.82138112 -0.19970136 -0.21083176]
1013.8799164295197,1001,False,1,2,[-4.30793905  0.78874512  4.00000002],exiting,[-0.48080528  0.59740651 -0.20557775]
1013.8799164295197,1002,False,5,3,[-0.53711551  6.67290586  3.99670039],cruising,[ 0.5677905  -0.59831228 -0.99408226]
1013.8799164295197,1003,False,3,1,[-5.25506178  2.49853033  3.9992592 ],cruising,[ 0.63925976  0.24903542 -0.34837281]
1013.8799164295197,1004,False,5,6,[8.89610371 9.07190137 1.28248029],fake_landed,[-0.62185191  0.08809385  0.93462812]
1013.8799164295197,1005,False,4,5,[ 5.1502004  -4.4507605   3.92813976],cruising,[ 0.50568378 -0.03156594 -0.11489306]
1013.9808316230774,1000,False,6,0,[2.23613427 8.47941248 4.        ],exiting,[-0.82138112 -0.19970136 -0.21083176]
1013.9808316230774,1001,False,1,2,[-4.38900545  0.78926216  4.00000002],exiting,[-0.48080528  0.59740651 -0.20557775]
1013.9808316230774,1002,False,5,3,[-0.3663361   6.56881747  3.99719533],cruising,[ 0.5677905  -0.59831228 -0.99408226]
1013.9808316230774,1003,False,3,1,[-5.36797058  2.66361093  3.99937032],cruising,[ 0.63925976  0.24903542 -0.34837281]
1013.9808316230774,1004,False,6,4,[8.89610371 9.07190137 1.28248029],waiting,[-0.62185191  0.08809385  0.93462812]
1013.9808316230774,1005,False,4,5,[ 4.96987117 -4.3642656   3.93891879],cruising,[ 0.50568378 -0.03156594 -0.11489306]
1014.0934405326843,1000,False,6,0,[2.25953699 8.57663549 4.        ],exiting,[-0.82138112 -0.19970136 -0.21083176]
1014.0934405326843,1001,False,1,2,[-4.46811208  0.76987544  4.00000002],exiting,[-0.48080528  0.59740651 -0.20557775]
1014.0934405326843,1002,False,5,3,[-0.19701696  6.46237016  3.99761603],cruising,[ 0.5677905  -0.59831228 -0.99408226]
1014.0934405326843,1003,False,3,1,[-5.47907257  2.82991291  3.99946477],cruising,[ 0.63925976  0.24903542 -0.34837281]
1014.0934405326843,1004,False,6,4,[8.89610371 9.07190137 1.28248029],waiting,[-0.62185191  0.08809385  0.93462812]
1014.0934405326843,1005,False,4,5,[ 4.78854865 -4.27987281  3.94808097],cruising,[ 0.50568378 -0.03156594 -0.11489306]
1014.1857306957245,1000,False,6,0,[2.28293971 8.67385849 4.        ],landing,[-0.82138112 -0.19970136 -0.21083176]
1014.1857306957245,1001,False,1,2,[-4.54499254  0.73061301  4.00000002],exiting,[-0.48080528  0.59740651 -0.20557775]
1014.1857306957245,1002,False,5,3,[-0.02813166  6.35523588  3.99797363],cruising,[ 0.5677905  -0.59831228 -0.99408226]
1014.1857306957245,1003,False,3,1,[-5.58802169  2.99763318  3.99954506],cruising,[ 0.63925976  0.24903542 -0.34837281]
1014.1857306957245,1004,False,6,4,[8.89610371 9.07190137 1.28248029],waiting,[-0.62185191  0.08809385  0.93462812]
1014.1857306957245,1005,False,4,5,[ 4.60635291 -4.19738211  3.95586883],cruising,[ 0.50568378 -0.03156594 -0.11489306]
1014.2829871177673,1000,False,6,0,[2.30607564 8.75659698 3.98621133],landing,[-0.82138112 -0.19970136 -0.21083176]
1014.2829871177673,1001,False,1,2,[-4.61937576  0.67150709  4.00000002],exiting,[-0.48080528  0.59740651 -0.20557775]
1014.2829871177673,1002,False,5,3,[0.14041661 6.24757213 3.99827758],cruising,[ 0.5677905  -0.59831228 -0.99408226]
1014.2829871177673,1003,False,3,1,[-5.69442058  3.16698275  3.9996133 ],cruising,[ 0.63925976  0.24903542 -0.34837281]
1014.2829871177673,1004,False,6,4,[8.89610371 9.07190137 1.28248029],waiting,[-0.62185191  0.08809385  0.93462812]
1014.2829871177673,1005,False,4,5,[ 4.4228642  -4.11780892  3.9624885 ],cruising,[ 0.50568378 -0.03156594 -0.11489306]
1014.3912754058838,1000,False,6,0,[2.32886868 8.82469608 3.95880022],landing,[-0.82138112 -0.19970136 -0.21083176]
1014.3912754058838,1001,False,1,2,[-4.69248121  0.60327519  4.00000002],exiting,[-0.48080528  0.59740651 -0.20557775]
1014.3912754058838,1002,False,5,3,[0.30921523 6.14030133 3.99853595],cruising,[ 0.5677905  -0.59831228 -0.99408226]
1014.3912754058838,1003,False,3,1,[-5.79780156  3.33819131  3.9996713 ],cruising,[ 0.63925976  0.24903542 -0.34837281]
1014.3912754058838,1004,False,6,4,[8.89610371 9.07190137 1.28248029],waiting,[-0.62185191  0.08809385  0.93462812]
1014.3912754058838,1005,False,4,5,[ 4.23897429 -4.03916733  3.96811523],cruising,[ 0.50568378 -0.03156594 -0.11489306]
1014.4798228740692,1000,False,6,0,[2.35122902 8.87797558 3.91796553],landing,[-0.82138112 -0.19970136 -0.21083176]
1014.4798228740692,1001,False,1,2,[-4.76558667  0.53504328  4.00000001],exiting,[-0.48080528  0.59740651 -0.20557775]
1014.4798228740692,1002,False,5,3,[0.47851971 6.0338307  3.99875555],cruising,[ 0.5677905  -0.59831228 -0.99408226]
1014.4798228740692,1003,False,3,1,[-5.89760239  3.51151123  3.99972061],cruising,[ 0.63925976  0.24903542 -0.34837281]
1014.4798228740692,1004,False,6,4,[8.89610371 9.07190137 1.28248029],waiting,[-0.62185191  0.08809385  0.93462812]
1014.4798228740692,1005,False,4,5,[ 4.05432488 -3.96232596  3.97289794],cruising,[ 0.50568378 -0.03156594 -0.11489306]
1014.5793180465698,1000,False,6,0,[2.37303489 8.91619563 3.8639815 ],landing,[-0.82138112 -0.19970136 -0.21083176]
1014.5793180465698,1001,False,1,2,[-4.83869212  0.46681138  4.00000001],exiting,[-0.48080528  0.59740651 -0.20557775]
1014.5793180465698,1002,False,5,3,[0.64896316 5.92919309 3.99894222],cruising,[ 0.5677905  -0.59831228 -0.99408226]
1014.5793180465698,1003,False,3,1,[-5.99313474  3.68722     3.99976252],cruising,[ 0.63925976  0.24903542 -0.34837281]
1014.5793180465698,1004,False,6,4,[8.89610371 9.07190137 1.28248029],waiting,[-0.62185191  0.08809385  0.93462812]
1014.5793180465698,1005,False,4,5,[ 3.86946419 -3.88599428  3.97696325],cruising,[ 0.50568378 -0.03156594 -0.11489306]
1014.6796064376831,1000,False,6,0,[2.39417396 8.93913956 3.79710578],landing,[-0.82138112 -0.19970136 -0.21083176]
1014.6796064376831,1001,False,1,2,[-4.91179757  0.39857948  4.00000001],exiting,[-0.48080528  0.59740651 -0.20557775]
1014.6796064376831,1002,False,5,3,[0.82052867 5.82640557 3.99910089],cruising,[ 0.5677905  -0.59831228 -0.99408226]
1014.6796064376831,1003,False,3,1,[-6.08354231  3.86561975  3.99979814],cruising,[ 0.63925976  0.24903542 -0.34837281]
1014.6796064376831,1004,False,6,4,[8.89610371 9.07190137 1.28248029],waiting,[-0.62185191  0.08809385  0.93462812]
1014.6796064376831,1005,False,4,5,[ 3.68412041 -3.81084321  3.98041876],cruising,[ 0.50568378 -0.03156594 -0.11489306]
1014.7799661159515,1000,False,6,0,[2.41454664 8.94661892 3.71757068],landing,[-0.82138112 -0.19970136 -0.21083176]
1014.7799661159515,1001,False,1,2,[-4.98490303  0.33034757  4.00000001],exiting,[-0.48080528  0.59740651 -0.20557775]
1014.7799661159515,1002,False,5,3,[0.99413405 5.72710213 3.99923575],cruising,[ 0.5677905  -0.59831228 -0.99408226]
1014.7799661159515,1003,False,3,1,[-6.16774482  4.04703071  3.99982842],cruising,[ 0.63925976  0.24903542 -0.34837281]
1014.7799661159515,1004,False,6,4,[8.89610371 9.07190137 1.28248029],waiting,[-0.62185191  0.08809385  0.93462812]
1014.7799661159515,1005,False,4,5,[ 3.49858257 -3.73617253  3.98335595],cruising,[ 0.50568378 -0.03156594 -0.11489306]
1014.8803133964539,1000,False,6,0,[2.43405113 8.93844476 3.62561731],landing,[-0.82138112 -0.19970136 -0.21083176]
1014.8803133964539,1001,False,1,2,[-5.05800848  0.26211567  4.00000001],exiting,[-0.48080528  0.59740651 -0.20557775]
1014.8803133964539,1002,False,5,3,[1.16936337 5.63069318 3.99935039],cruising,[ 0.5677905  -0.59831228 -0.99408226]
1014.8803133964539,1003,False,3,1,[-6.24436308  4.23177281  3.99985416],cruising,[ 0.63925976  0.24903542 -0.34837281]
1014.8803133964539,1004,False,6,4,[8.89610371 9.07190137 1.28248029],waiting,[-0.62185191  0.08809385  0.93462812]
1014.8803133964539,1005,False,4,5,[ 3.31268352 -3.66240571  3.98585256],cruising,[ 0.50568378 -0.03156594 -0.11489306]
1014.9806923866272,1000,False,6,0,[2.45314912 8.92364941 3.52857936],landing,[-0.82138112 -0.19970136 -0.21083176]
1014.9806923866272,1001,False,1,2,[-5.13111393  0.19388377  4.        ],exiting,[-0.48080528  0.59740651 -0.20557775]
1014.9806923866272,1002,False,5,3,[1.34644862 5.5377372  3.99944783],cruising,[ 0.5677905  -0.59831228 -0.99408226]
1014.9806923866272,1003,False,3,1,[-6.31161975  4.42012498  3.99987603],cruising,[ 0.63925976  0.24903542 -0.34837281]
1014.9806923866272,1004,False,6,4,[8.89610371 9.07190137 1.28248029],waiting,[-0.62185191  0.08809385  0.93462812]
1014.9806923866272,1005,False,4,5,[ 3.12649495 -3.58937274  3.98797467],cruising,[ 0.50568378 -0.03156594 -0.11489306]
1015.0791804790497,1000,False,6,0,[2.47224711 8.90885405 3.43154141],landing,[-0.82138112 -0.19970136 -0.21083176]
1015.0791804790497,1001,False,1,2,[-5.20421939  0.12565186  4.        ],exiting,[-0.48080528  0.59740651 -0.20557775]
1015.0791804790497,1002,False,5,3,[1.52657463 5.45081988 3.99953066],cruising,[ 0.5677905  -0.59831228 -0.99408226]
1015.0791804790497,1003,False,3,1,[-6.36093737  4.61394905  3.99989463],cruising,[ 0.63925976  0.24903542 -0.34837281]
1015.0791804790497,1004,False,6,4,[8.89610371 9.07190137 1.28248029],waiting,[-0.62185191  0.08809385  0.93462812]
1015.0791804790497,1005,False,4,5,[ 2.93996869 -3.51720659  3.98977847],cruising,[ 0.50568378 -0.03156594 -0.11489306]
1015.1920590400696,1000,False,6,0,[2.49134511 8.8940587  3.33450345],landing,[-0.82138112 -0.19970136 -0.21083176]
1015.1920590400696,1001,False,1,2,[-5.27732484  0.05741996  4.        ],exiting,[-0.48080528  0.59740651 -0.20557775]
1015.1920590400696,1002,False,5,3,[1.70882633 5.36845291 3.99960106],cruising,[ 0.5677905  -0.59831228 -0.99408226]
1015.1920590400696,1003,False,3,1,[-6.39061441  4.81154771  3.99991087],cruising,[ 0.63925976  0.24903542 -0.34837281]
1015.1920590400696,1004,False,6,4,[8.89610371 9.07190137 1.28248029],waiting,[-0.62185191  0.08809385  0.93462812]
1015.1920590400696,1005,False,4,5,[ 2.75297351 -3.44626433  3.9913117 ],cruising,[ 0.50568378 -0.03156594 -0.11489306]
1015.2841675281525,1000,False,6,0,[2.5104431  8.87926334 3.2374655 ],landing,[-0.82138112 -0.19970136 -0.21083176]
1015.2841675281525,1001,False,1,2,[-5.3504303  -0.01081194  4.        ],exiting,[-0.48080528  0.59740651 -0.20557775]
1015.2841675281525,1002,False,5,3,[1.89334923 5.29130824 3.9996609 ],cruising,[ 0.5677905  -0.59831228 -0.99408226]
1015.2841675281525,1003,False,3,1,[-6.40038288  5.01105663  3.99992475],cruising,[ 0.63925976  0.24903542 -0.34837281]
1015.2841675281525,1004,False,6,4,[8.89610371 9.07190137 1.28248029],waiting,[-0.62185191  0.08809385  0.93462812]
1015.2841675281525,1005,False,4,5,[ 2.56536199 -3.37696845  3.99261495],cruising,[ 0.50568378 -0.03156594 -0.11489306]
1015.3829221725464,1000,False,6,0,[2.52954109 8.86446798 3.14042755],landing,[-0.82138112 -0.19970136 -0.21083176]
1015.3829221725464,1001,False,1,2,[-5.42353575 -0.07904385  4.        ],exiting,[-0.48080528  0.59740651 -0.20557775]
1015.3829221725464,1002,False,5,3,[2.08023137 5.22006876 3.99971177],cruising,[ 0.5677905  -0.59831228 -0.99408226]
1015.3829221725464,1003,False,3,1,[-6.39021716  5.20894449  3.99993766],cruising,[ 0.63925976  0.24903542 -0.34837281]
1015.3829221725464,1004,False,6,4,[8.89610371 9.07190137 1.28248029],waiting,[-0.62185191  0.08809385  0.93462812]
1015.3829221725464,1005,False,4,5,[ 2.37731002 -3.30887693  3.9937227 ],cruising,[ 0.50568378 -0.03156594 -0.11489306]
1015.4822323322296,1000,False,6,0,[2.54863909 8.84967263 3.0433896 ],landing,[-0.82138112 -0.19970136 -0.21083176]
1015.4822323322296,1001,False,1,2,[-5.4966412  -0.14727575  4.        ],exiting,[-0.48080528  0.59740651 -0.20557775]
1015.4822323322296,1002,False,5,3,[2.27094173 5.15982293 3.999755  ],cruising,[ 0.5677905  -0.59831228 -0.99408226]
1015.4822323322296,1003,False,3,1,[-6.3604498   5.40286047  3.99994962],cruising,[ 0.63925976  0.24903542 -0.34837281]
1015.4822323322296,1004,False,6,4,[8.89610371 9.07190137 1.28248029],waiting,[-0.62185191  0.08809385  0.93462812]
1015.4822323322296,1005,False,4,5,[ 2.18835643 -3.24332892  3.9946643 ],cruising,[ 0.50568378 -0.03156594 -0.11489306]
1015.5792653560638,1000,False,6,0,[2.56773708 8.83487727 2.94635165],landing,[-0.82138112 -0.19970136 -0.21083176]
1015.5792653560638,1001,False,1,2,[-5.56974666 -0.21550766  4.        ],exiting,[-0.48080528  0.59740651 -0.20557775]
1015.5792653560638,1002,False,5,3,[2.46462531 5.10995641 3.99979175],cruising,[ 0.5677905  -0.59831228 -0.99408226]
1015.5792653560638,1003,False,3,1,[-6.31159419  5.59080661  3.99996055],cruising,[ 0.63925976  0.24903542 -0.34837281]
1015.5792653560638,1004,False,6,4,[8.89610371 9.07190137 1.28248029],waiting,[-0.62185191  0.08809385  0.93462812]
1015.5792653560638,1005,False,4,5,[ 1.99832585 -3.18097206  3.99546465],cruising,[ 0.50568378 -0.03156594 -0.11489306]
1015.6836206912994,1000,False,6,0,[2.58683507 8.82008192 2.84931369],landing,[-0.82138112 -0.19970136 -0.21083176]
1015.6836206912994,1001,False,1,2,[-5.64285211 -0.28373956  4.        ],exiting,[-0.48080528  0.59740651 -0.20557775]
1015.6836206912994,1002,False,5,3,[2.66037825 5.06895899 3.99982299],cruising,[ 0.5677905  -0.59831228 -0.99408226]
1015.6836206912994,1003,False,3,1,[-6.24450185  5.7705417   3.99997046],cruising,[ 0.63925976  0.24903542 -0.34837281]
1015.6836206912994,1004,False,6,4,[8.89610371 9.07190137 1.28248029],waiting,[-0.62185191  0.08809385  0.93462812]
1015.6836206912994,1005,False,4,5,[ 1.80764512 -3.12063252  3.99614496],cruising,[ 0.50568378 -0.03156594 -0.11489306]
1015.7909865379333,1000,False,6,0,[2.60593307 8.80528656 2.75227574],landing,[-0.82138112 -0.19970136 -0.21083176]
1015.7909865379333,1001,False,1,2,[-5.71595756 -0.35197146  4.        ],exiting,[-0.48080528  0.59740651 -0.20557775]
1015.7909865379333,1002,False,5,3,[2.85753988 5.03538382 3.99984954],cruising,[ 0.5677905  -0.59831228 -0.99408226]
1015.7909865379333,1003,False,3,1,[-6.1602732   5.93996433  3.99997936],cruising,[ 0.63925976  0.24903542 -0.34837281]
1015.7909865379333,1004,False,6,4,[8.89610371 9.07190137 1.28248029],queued,[-0.62185191  0.08809385  0.93462812]
1015.7909865379333,1005,False,4,5,[ 1.61547801 -3.06520871  3.99672321],cruising,[ 0.50568378 -0.03156594 -0.11489306]
1015.8793063163757,1000,False,6,0,[2.62503106 8.7904912  2.65523779],landing,[-0.82138112 -0.19970136 -0.21083176]
1015.8793063163757,1001,False,1,2,[-5.78906302 -0.42020337  4.        ],exiting,[-0.48080528  0.59740651 -0.20557775]
1015.8793063163757,1002,False,5,3,[3.05564183 5.00789539 3.99987211],cruising,[ 0.5677905  -0.59831228 -0.99408226]
1015.8793063163757,1003,False,3,1,[-6.06011274  6.09729657  3.9999872 ],cruising,[ 0.63925976  0.24903542 -0.34837281]
1015.8793063163757,1004,False,6,4,[8.89610371 9.07190137 1.30248029],queued,[-0.62185191  0.08809385  0.93462812]
1015.8793063163757,1005,False,4,5,[ 1.42163431 -3.01596826  3.99721473],cruising,[ 0.50568378 -0.03156594 -0.11489306]
1015.9841718673706,1000,False,6,0,[2.64412905 8.77569585 2.55819984],landing,[-0.82138112 -0.19970136 -0.21083176]
1015.9841718673706,1001,False,1,2,[-5.86216847 -0.48843527  4.        ],exiting,[-0.48080528  0.59740651 -0.20557775]
1015.9841718673706,1002,False,5,3,[3.25436005 4.98528851 3.99989129],cruising,[ 0.5677905  -0.59831228 -0.99408226]
1015.9841718673706,1003,False,3,1,[-5.94493826  6.24141597  3.99999392],cruising,[ 0.63925976  0.24903542 -0.34837281]
1015.9841718673706,1004,False,6,4,[8.89610371 9.07190137 1.34248029],queued,[-0.62185191  0.08809385  0.93462812]
1015.9841718673706,1005,False,4,5,[ 1.22594943 -2.97464723  3.99763252],cruising,[ 0.50568378 -0.03156594 -0.11489306]
1016.0802774429321,1000,False,6,0,[2.66322704 8.76090049 2.46116189],landing,[-0.82138112 -0.19970136 -0.21083176]
1016.0802774429321,1001,False,1,2,[-5.93527393 -0.55666717  4.        ],exiting,[-0.48080528  0.59740651 -0.20557775]
1016.0802774429321,1002,False,5,3,[3.45347455 4.96648914 3.9999076 ],cruising,[ 0.5677905  -0.59831228 -0.99408226]
1016.0802774429321,1003,False,3,1,[-5.81565708  6.37135788  3.99999949],cruising,[ 0.63925976  0.24903542 -0.34837281]
1016.0802774429321,1004,False,6,4,[8.89610371 9.07190137 1.40248029],queued,[-0.62185191  0.08809385  0.93462812]
1016.0802774429321,1005,False,4,5,[ 1.02753955 -2.94947744  3.99798764],cruising,[ 0.50568378 -0.03156594 -0.11489306]
1016.1788334846497,1000,False,6,0,[2.68232504 8.74610514 2.36412394],landing,[-0.82138112 -0.19970136 -0.21083176]
1016.1788334846497,1001,False,1,2,[-6.00837938 -0.62489908  4.        ],exiting,[-0.48080528  0.59740651 -0.20557775]
1016.1788334846497,1002,False,5,3,[3.65283797 4.95054469 3.99992146],cruising,[ 0.5677905  -0.59831228 -0.99408226]
1016.1788334846497,1003,False,3,1,[-5.67316579  6.48628337  4.00000388],cruising,[ 0.63925976  0.24903542 -0.34837281]
1016.1788334846497,1004,False,6,4,[8.89610371 9.07190137 1.47748029],queued,[-0.62185191  0.08809385  0.93462812]
1016.1788334846497,1005,False,4,5,[ 0.82783666 -2.93857985  3.9982895 ],cruising,[ 0.50568378 -0.03156594 -0.11489306]
1016.2798371315002,1000,False,6,0,[2.70142303 8.73130978 2.26708598],landing,[-0.82138112 -0.19970136 -0.21083176]
1016.2798371315002,1001,False,1,2,[-6.08148483 -0.69313098  4.        ],exiting,[-0.48080528  0.59740651 -0.20557775]
1016.2798371315002,1002,False,5,3,[3.85235187 4.93660894 3.99993324],cruising,[ 0.5677905  -0.59831228 -0.99408226]
1016.2798371315002,1003,False,3,1,[-5.5185106   6.58533311  4.00000711],cruising,[ 0.63925976  0.24903542 -0.34837281]
1016.2798371315002,1004,False,6,4,[8.89610371 9.07190137 1.55248029],entering,[-0.62185191  0.08809385  0.93462812]
1016.2798371315002,1005,False,4,5,[ 0.62789857 -2.94355575  3.99854607],cruising,[ 0.50568378 -0.03156594 -0.11489306]
1016.3800485134125,1000,False,6,0,[2.72052102 8.71651442 2.17004803],landing,[-0.82138112 -0.19970136 -0.21083176]
1016.3800485134125,1001,False,1,2,[-6.15459029 -0.76136288  4.        ],exiting,[-0.48080528  0.59740651 -0.20557775]
1016.3800485134125,1002,False,5,3,[4.05194924 4.92392466 3.99994325],cruising,[ 0.5677905  -0.59831228 -0.99408226]
1016.3800485134125,1003,False,3,1,[-5.3523069   6.66805398  4.00000913],cruising,[ 0.63925976  0.24903542 -0.34837281]
1016.3800485134125,1004,False,6,4,[8.89187608 9.05235329 1.62748029],entering,[-0.62185191  0.08809385  0.93462812]
1016.3800485134125,1005,False,4,5,[ 0.42889157 -2.96346091  3.99876416],cruising,[ 0.50568378 -0.03156594 -0.11489306]
1016.4798624515533,1000,False,6,0,[2.73961902 8.70171907 2.07301008],landing,[-0.82138112 -0.19970136 -0.21083176]
1016.4798624515533,1001,False,1,2,[-6.22769574 -0.82959479  4.        ],exiting,[-0.48080528  0.59740651 -0.20557775]
1016.4798624515533,1002,False,5,3,[4.25158172 4.9118057  3.99995177],cruising,[ 0.5677905  -0.59831228 -0.99408226]
1016.4798624515533,1003,False,3,1,[-5.17498907  6.73414728  4.0000099 ],cruising,[ 0.63925976  0.24903542 -0.34837281]
1016.4798624515533,1004,False,6,4,[8.88342083 9.01325715 1.70248029],entering,[-0.62185191  0.08809385  0.93462812]
1016.4798624515533,1005,False,4,5,[ 0.23183474 -2.99764577  3.99894954],cruising,[ 0.50568378 -0.03156594 -0.11489306]
1016.5902469158173,1000,False,6,0,[2.75871701 8.68692371 1.97597213],landing,[-0.82138112 -0.19970136 -0.21083176]
1016.5902469158173,1001,False,1,2,[-6.30080119 -0.89782669  4.        ],exiting,[-0.48080528  0.59740651 -0.20557775]
1016.5902469158173,1002,False,5,3,[4.45120574 4.89954791 3.999959  ],cruising,[ 0.5677905  -0.59831228 -0.99408226]
1016.5902469158173,1003,False,3,1,[-4.98664523  6.78355444  4.00000938],cruising,[ 0.63925976  0.24903542 -0.34837281]
1016.5902469158173,1004,False,6,4,[8.87073795 8.95461293 1.77748029],entering,[-0.62185191  0.08809385  0.93462812]
1016.5902469158173,1005,False,4,5,[ 0.03757192 -3.04520579  3.99910711],cruising,[ 0.50568378 -0.03156594 -0.11489306]
1016.6880512237549,1000,False,6,0,[2.777815   8.67212836 1.87893418],landing,[-0.82138112 -0.19970136 -0.21083176]
1016.6880512237549,1001,False,1,2,[-6.37390665 -0.96605859  4.        ],exiting,[-0.48080528  0.59740651 -0.20557775]
1016.6880512237549,1002,False,5,3,[4.65080904 4.88695729 3.99996515],cruising,[ 0.5677905  -0.59831228 -0.99408226]
1016.6880512237549,1003,False,3,1,[-4.79061606  6.82320997  4.00000797],cruising,[ 0.63925976  0.24903542 -0.34837281]
1016.6880512237549,1004,False,6,4,[8.85382744 8.87642063 1.85248029],entering,[-0.62185191  0.08809385  0.93462812]
1016.6880512237549,1005,False,4,5,[-0.15211673 -3.10859519  3.99924104],cruising,[ 0.50568378 -0.03156594 -0.11489306]
1016.7914705276489,1000,False,6,0,[2.796913   8.657333   1.78189622],landing,[-0.82138112 -0.19970136 -0.21083176]
1016.7914705276489,1001,False,1,2,[-6.4470121 -1.0342905  4.       ],exiting,[-0.48080528  0.59740651 -0.20557775]
1016.7914705276489,1002,False,5,3,[4.85034724 4.87337399 3.99997038],cruising,[ 0.5677905  -0.59831228 -0.99408226]
1016.7914705276489,1003,False,3,1,[-4.59553176  6.86727943  4.00000678],cruising,[ 0.63925976  0.24903542 -0.34837281]
1016.7914705276489,1004,False,6,4,[8.83269203 8.77867968 1.92748029],entering,[-0.62185191  0.08809385  0.93462812]
1016.7914705276489,1005,False,4,5,[-0.33836932 -3.18146476  3.99935488],cruising,[ 0.50568378 -0.03156594 -0.11489306]
1016.8833796977997,1000,False,6,0,[2.81601099 8.64253764 1.68485827],landing,[-0.82138112 -0.19970136 -0.21083176]
1016.8833796977997,1001,False,1,2,[-6.52011755 -1.1025224   4.        ],exiting,[-0.48080528  0.59740651 -0.20557775]
1016.8833796977997,1002,False,5,3,[5.04976817 4.85816576 3.99997482],cruising,[ 0.5677905  -0.59831228 -0.99408226]
1016.8833796977997,1003,False,3,1,[-4.40112015  6.91422756  4.00000576],cruising,[ 0.63925976  0.24903542 -0.34837281]
1016.8833796977997,1004,False,6,4,[8.80748912 8.6613567  2.00248029],entering,[-0.62185191  0.08809385  0.93462812]
1016.8833796977997,1005,False,4,5,[-0.52030903 -3.26451862  3.99945165],cruising,[ 0.50568378 -0.03156594 -0.11489306]
1016.9932143688202,1000,False,6,0,[2.83510898 8.62774229 1.58782032],landing,[-0.82138112 -0.19970136 -0.21083176]
1016.9932143688202,1001,False,1,2,[-6.59322301 -1.1707543   4.        ],exiting,[-0.48080528  0.59740651 -0.20557775]
1016.9932143688202,1002,False,5,3,[5.24900476 4.84070771 3.9999786 ],cruising,[ 0.5677905  -0.59831228 -0.99408226]
1016.9932143688202,1003,False,3,1,[-4.20647167  6.96018374  4.0000049 ],cruising,[ 0.63925976  0.24903542 -0.34837281]
1016.9932143688202,1004,False,6,4,[8.77846412 8.52440234 2.07748029],entering,[-0.62185191  0.08809385  0.93462812]
1016.9932143688202,1005,False,4,5,[-0.69926901 -3.3538121   3.9995339 ],cruising,[ 0.50568378 -0.03156594 -0.11489306]
1017.0819654464722,1000,False,6,0,[2.85420698 8.61294693 1.49078237],fake_landed,[-0.82138112 -0.19970136 -0.21083176]
1017.0819654464722,1001,False,1,2,[-6.66632846 -1.23898621  4.        ],exiting,[-0.48080528  0.59740651 -0.20557775]
1017.0819654464722,1002,False,5,3,[5.44810797 4.82178916 3.99998181],cruising,[ 0.5677905  -0.59831228 -0.99408226]
1017.0819654464722,1003,False,3,1,[-4.01201962  7.00696405  4.00000416],cruising,[ 0.63925976  0.24903542 -0.34837281]
1017.0819654464722,1004,False,6,4,[8.74602059 8.36774229 2.15248029],entering,[-0.62185191  0.08809385  0.93462812]
1017.0819654464722,1005,False,4,5,[-0.87720043 -3.44513793  3.99960382],cruising,[ 0.50568378 -0.03156594 -0.11489306]
1017.186408996582,1000,False,6,0,[2.86948537 8.60111065 1.41315201],fake_landed,[-0.82138112 -0.19970136 -0.21083176]
1017.186408996582,1001,False,1,2,[-6.73943392 -1.30721811  4.        ],exiting,[-0.48080528  0.59740651 -0.20557775]
1017.186408996582,1002,False,5,3,[5.6468459  4.79935625 3.99998454],cruising,[ 0.5677905  -0.59831228 -0.99408226]
1017.186408996582,1003,False,3,1,[-3.81748973  7.05341965  4.00000354],cruising,[ 0.63925976  0.24903542 -0.34837281]
1017.186408996582,1004,False,6,4,[8.71050924 8.19131894 2.22748029],entering,[-0.62185191  0.08809385  0.93462812]
1017.186408996582,1005,False,4,5,[-1.05656822 -3.53360937  3.99966325],cruising,[ 0.50568378 -0.03156594 -0.11489306]
1017.2874433994293,1000,False,6,0,[2.88094417 8.59223343 1.35492924],fake_landed,[-0.82138112 -0.19970136 -0.21083176]
1017.2874433994293,1001,False,1,2,[-6.81253937 -1.37545001  4.        ],exiting,[-0.48080528  0.59740651 -0.20557775]
1017.2874433994293,1002,False,5,3,[5.84506198 4.77270324 3.99998686],cruising,[ 0.5677905  -0.59831228 -0.99408226]
1017.2874433994293,1003,False,3,1,[-3.62265287  7.0985705   4.00000301],cruising,[ 0.63925976  0.24903542 -0.34837281]
1017.2874433994293,1004,False,6,4,[8.67196778 7.99512645 2.30248029],entering,[-0.62185191  0.08809385  0.93462812]
1017.2874433994293,1005,False,4,5,[-1.24139668 -3.61001905  3.99971376],cruising,[ 0.50568378 -0.03156594 -0.11489306]
1017.3897531032562,1000,False,6,0,[2.88858336 8.58631529 1.31611406],fake_landed,[-0.82138112 -0.19970136 -0.21083176]
1017.3897531032562,1001,False,1,2,[-6.88564482 -1.44368192  4.        ],exiting,[-0.48080528  0.59740651 -0.20557775]
1017.3897531032562,1002,False,5,3,[6.04254355 4.74106418 3.99998883],cruising,[ 0.5677905  -0.59831228 -0.99408226]
1017.3897531032562,1003,False,3,1,[-3.42680959  7.13913415  4.00000256],cruising,[ 0.63925976  0.24903542 -0.34837281]
1017.3897531032562,1004,False,6,4,[8.6334177  7.79887689 2.37748029],entering,[-0.62185191  0.08809385  0.93462812]
1017.3897531032562,1005,False,4,5,[-1.43263124 -3.66748245  3.99975852],cruising,[ 0.50568378 -0.03156594 -0.11489306]
1017.4831047058105,1000,False,6,0,[2.89240296 8.58335622 1.29670646],fake_landed,[-0.82138112 -0.19970136 -0.21083176]
1017.4831047058105,1001,False,1,2,[-6.95875028 -1.51191382  4.        ],landing,[-0.48080528  0.59740651 -0.20557775]
1017.4831047058105,1002,False,5,3,[6.23900223 4.70359434 3.9999905 ],cruising,[ 0.5677905  -0.59831228 -0.99408226]
1017.4831047058105,1003,False,3,1,[-3.2304586   7.17716422  4.00000217],cruising,[ 0.63925976  0.24903542 -0.34837281]
1017.4831047058105,1004,False,6,4,[8.59542961 7.60251777 2.45248029],entering,[-0.62185191  0.08809385  0.93462812]
1017.4831047058105,1005,False,4,5,[-1.62702295 -3.70519661  3.99980024],cruising,[ 0.50568378 -0.03156594 -0.11489306]
1017.5809371471405,1000,False,6,0,[2.89240296 8.58335622 1.29670646],fake_landed,[-0.82138112 -0.19970136 -0.21083176]
1017.5809371471405,1001,False,1,2,[-7.02375618 -1.56824193  3.98611847],landing,[-0.48080528  0.59740651 -0.20557775]
1017.5809371471405,1002,False,5,3,[6.43404765 4.65935313 3.99999193],cruising,[ 0.5677905  -0.59831228 -0.99408226]
1017.5809371471405,1003,False,3,1,[-3.03348688  7.21183613  4.00000185],cruising,[ 0.63925976  0.24903542 -0.34837281]
1017.5809371471405,1004,False,6,4,[8.56003105 7.40567534 2.52748029],entering,[-0.62185191  0.08809385  0.93462812]
1017.5809371471405,1005,False,4,5,[-1.82138891 -3.72291079  3.99983945],cruising,[ 0.50568378 -0.03156594 -0.11489306]
1017.6792867183685,1000,False,0,6,[2.89240296 8.58335622 1.29670646],waiting,[-0.82138112 -0.19970136 -0.21083176]
1017.6792867183685,1001,False,1,2,[-7.08051266 -1.61257804  3.95852056],landing,[-0.48080528  0.59740651 -0.20557775]
1017.6792867183685,1002,False,5,3,[6.62715255 4.6072907  3.99999314],cruising,[ 0.5677905  -0.59831228 -0.99408226]
1017.6792867183685,1003,False,3,1,[-2.83541419  7.2395347   4.00000157],cruising,[ 0.63925976  0.24903542 -0.34837281]
1017.6792867183685,1004,False,6,4,[8.52585278 7.20861736 2.60248029],entering,[-0.62185191  0.08809385  0.93462812]
1017.6792867183685,1005,False,4,5,[-2.01272348 -3.72085603  3.99987634],cruising,[ 0.50568378 -0.03156594 -0.11489306]
1017.7893691062927,1000,False,0,6,[2.89240296 8.58335622 1.29670646],waiting,[-0.82138112 -0.19970136 -0.21083176]
1017.7893691062927,1001,False,1,2,[-7.12884376 -1.64481994  3.9174044 ],landing,[-0.48080528  0.59740651 -0.20557775]
1017.7893691062927,1002,False,5,3,[6.8176074  4.54624194 3.99999417],cruising,[ 0.5677905  -0.59831228 -0.99408226]
1017.7893691062927,1003,False,3,1,[-2.63674374  7.26255759  4.00000133],cruising,[ 0.63925976  0.24903542 -0.34837281]
1017.7893691062927,1004,False,6,4,[8.49167452 7.01155938 2.67748029],entering,[-0.62185191  0.08809385  0.93462812]
1017.7893691062927,1005,False,4,5,[-2.19839202 -3.69962066  3.99991089],cruising,[ 0.50568378 -0.03156594 -0.11489306]
1017.8820259571075,1000,False,0,6,[2.89240296 8.58335622 1.29670646],waiting,[-0.82138112 -0.19970136 -0.21083176]
1017.8820259571075,1001,False,1,2,[-7.16851168 -1.66483183  3.86304527],landing,[-0.48080528  0.59740651 -0.20557775]
1017.8820259571075,1002,False,5,3,[7.00446364 4.47493454 3.99999504],cruising,[ 0.5677905  -0.59831228 -0.99408226]
1017.8820259571075,1003,False,3,1,[-2.4372284   7.27647267  4.00000113],cruising,[ 0.63925976  0.24903542 -0.34837281]
1017.8820259571075,1004,False,6,4,[8.45894829 6.81425507 2.75248029],entering,[-0.62185191  0.08809385  0.93462812]
1017.8820259571075,1005,False,4,5,[-2.37599582 -3.66008338  3.99994307],cruising,[ 0.50568378 -0.03156594 -0.11489306]
1017.9830219745636,1000,False,0,6,[2.89240296 8.58335622 1.29670646],waiting,[-0.82138112 -0.19970136 -0.21083176]
1017.9830219745636,1001,False,1,2,[-7.19930555 -1.67249563  3.79569477],landing,[-0.48080528  0.59740651 -0.20557775]
1017.9830219745636,1002,False,5,3,[7.18646741 4.39202117 3.99999579],cruising,[ 0.5677905  -0.59831228 -0.99408226]
1017.9830219745636,1003,False,3,1,[-2.23725753  7.27988586  4.00000096],cruising,[ 0.63925976  0.24903542 -0.34837281]
1017.9830219745636,1004,False,6,4,[8.42980898 6.6163892  2.82748029],entering,[-0.62185191  0.08809385  0.93462812]
1017.9830219745636,1005,False,4,5,[-2.54335238 -3.6033707   3.99997279],cruising,[ 0.50568378 -0.03156594 -0.11489306]
1018.0828449726105,1000,False,0,6,[2.89240296 8.58335622 1.29670646],waiting,[-0.82138112 -0.19970136 -0.21083176]
1018.0828449726105,1001,False,1,2,[-7.22103684 -1.6677077   3.71558402],landing,[-0.48080528  0.59740651 -0.20557775]
1018.0828449726105,1002,False,5,3,[7.36199114 4.29614927 3.99999642],cruising,[ 0.5677905  -0.59831228 -0.99408226]
1018.0828449726105,1003,False,3,1,[-2.03774378  7.26594799  4.00000082],cruising,[ 0.63925976  0.24903542 -0.34837281]
1018.0828449726105,1004,False,6,4,[8.40066966 6.41852334 2.90248029],entering,[-0.62185191  0.08809385  0.93462812]
1018.0828449726105,1005,False,4,5,[-2.69861848 -3.53072627  3.99999993],cruising,[ 0.50568378 -0.03156594 -0.11489306]
1018.183057308197,1000,False,0,6,[2.89240296 8.58335622 1.29670646],waiting,[-0.82138112 -0.19970136 -0.21083176]
1018.183057308197,1001,False,1,2,[-7.23351485 -1.65036515  3.62295295],landing,[-0.48080528  0.59740651 -0.20557775]
1018.183057308197,1002,False,5,3,[7.52685237 4.18335663 3.99999697],cruising,[ 0.5677905  -0.59831228 -0.99408226]
1018.183057308197,1003,False,3,1,[-1.84044555  7.23318507  4.0000007 ],cruising,[ 0.63925976  0.24903542 -0.34837281]
1018.183057308197,1004,False,6,4,[8.37400513 6.2203088  2.97748029],entering,[-0.62185191  0.08809385  0.93462812]
1018.183057308197,1005,False,4,5,[-2.84017562 -3.44351941  4.00002435],cruising,[ 0.50568378 -0.03156594 -0.11489306]
1018.2802262306213,1000,False,0,6,[2.89240296 8.58335622 1.29670646],waiting,[-0.82138112 -0.19970136 -0.21083176]
1018.2802262306213,1001,False,1,2,[-7.2425248  -1.62837609  3.52581746],landing,[-0.48080528  0.59740651 -0.20557775]
1018.2802262306213,1002,False,5,3,[7.67961261 4.05464024 3.99999745],cruising,[ 0.5677905  -0.59831228 -0.99408226]
1018.2802262306213,1003,False,3,1,[-1.64660519  7.1839315   4.00000059],cruising,[ 0.63925976  0.24903542 -0.34837281]
1018.2802262306213,1004,False,6,4,[8.35051869 6.02169262 3.05248029],entering,[-0.62185191  0.08809385  0.93462812]
1018.2802262306213,1005,False,4,5,[-2.9665679  -3.3432731   4.00004592],cruising,[ 0.50568378 -0.03156594 -0.11489306]
1018.3851571083069,1000,False,0,6,[2.89240296 8.58335622 1.29670646],waiting,[-0.82138112 -0.19970136 -0.21083176]
1018.3851571083069,1001,False,1,2,[-7.25153475 -1.60638703  3.42868198],landing,[-0.48080528  0.59740651 -0.20557775]
1018.3851571083069,1002,False,5,3,[7.81870049 3.91132705 3.99999785],cruising,[ 0.5677905  -0.59831228 -0.99408226]
1018.3851571083069,1003,False,3,1,[-1.45543162  7.12517211  4.0000005 ],cruising,[ 0.63925976  0.24903542 -0.34837281]
1018.3851571083069,1004,False,6,4,[8.32819961 5.82294187 3.12748029],entering,[-0.62185191  0.08809385  0.93462812]
1018.3851571083069,1005,False,4,5,[-3.07656327 -3.23157511  4.00006447],cruising,[ 0.50568378 -0.03156594 -0.11489306]
1018.4902713298798,1000,False,0,6,[2.89240296 8.58335622 1.29670646],waiting,[-0.82138112 -0.19970136 -0.21083176]
1018.4902713298798,1001,False,1,2,[-7.2605447  -1.58439797  3.3315465 ],landing,[-0.48080528  0.59740651 -0.20557775]
1018.4902713298798,1002,False,5,3,[7.94264602 3.75494828 3.99999819],cruising,[ 0.5677905  -0.59831228 -0.99408226]
1018.4902713298798,1003,False,3,1,[-1.26883998  7.05317515  4.00000043],cruising,[ 0.63925976  0.24903542 -0.34837281]
1018.4902713298798,1004,False,6,4,[8.31081562 5.62369881 3.20248029],entering,[-0.62185191  0.08809385  0.93462812]
1018.4902713298798,1005,False,4,5,[-3.16907314 -3.11016849  4.00007981],cruising,[ 0.50568378 -0.03156594 -0.11489306]
1018.5845100879669,1000,False,0,6,[2.89240296 8.58335622 1.29670646],waiting,[-0.82138112 -0.19970136 -0.21083176]
1018.5845100879669,1001,False,1,2,[-7.26955465 -1.56240891  3.23441101],landing,[-0.48080528  0.59740651 -0.20557775]
1018.5845100879669,1002,False,5,3,[8.04979379 3.58771432 3.9999985 ],cruising,[ 0.5677905  -0.59831228 -0.99408226]
1018.5845100879669,1003,False,3,1,[-1.08666425  6.9706403   4.00000036],cruising,[ 0.63925976  0.24903542 -0.34837281]
1018.5845100879669,1004,False,6,4,[8.29607099 5.42424306 3.27748029],entering,[-0.62185191  0.08809385  0.93462812]
1018.5845100879669,1005,False,4,5,[-3.24355752 -2.98009691  4.00009181],cruising,[ 0.50568378 -0.03156594 -0.11489306]
1018.6790564060211,1000,False,0,6,[2.89240296 8.58335622 1.29670646],waiting,[-0.82138112 -0.19970136 -0.21083176]
1018.6790564060211,1001,False,1,2,[-7.2785646  -1.54041985  3.13727553],landing,[-0.48080528  0.59740651 -0.20557775]
1018.6790564060211,1002,False,5,3,[8.13931397 3.41103218 3.99999877],cruising,[ 0.5677905  -0.59831228 -0.99408226]
1018.6790564060211,1003,False,3,1,[-0.90841827  6.87992994  4.00000031],cruising,[ 0.63925976  0.24903542 -0.34837281]
1018.6790564060211,1004,False,6,4,[8.28497044 5.22455136 3.35248029],entering,[-0.62185191  0.08809385  0.93462812]
1018.6790564060211,1005,False,4,5,[-3.29975705 -2.84192199  4.00010034],cruising,[ 0.50568378 -0.03156594 -0.11489306]
1018.7815568447113,1000,False,0,6,[2.89240296 8.58335622 1.29670646],waiting,[-0.82138112 -0.19970136 -0.21083176]
1018.7815568447113,1001,False,1,2,[-7.28757455 -1.51843079  3.04014005],landing,[-0.48080528  0.59740651 -0.20557775]
1018.7815568447113,1002,False,5,3,[8.21054638 3.22625328 3.999999  ],cruising,[ 0.5677905  -0.59831228 -0.99408226]
1018.7815568447113,1003,False,3,1,[-0.73231458  6.78512757  4.00000026],cruising,[ 0.63925976  0.24903542 -0.34837281]
1018.7815568447113,1004,False,6,4,[8.28000514 5.024613   3.42748029],entering,[-0.62185191  0.08809385  0.93462812]
1018.7815568447113,1005,False,4,5,[-3.33750848 -2.69602257  4.00010529],cruising,[ 0.50568378 -0.03156594 -0.11489306]
1018.8935623168945,1000,False,0,6,[2.89240296 8.58335622 1.29670646],waiting,[-0.82138112 -0.19970136 -0.21083176]
1018.8935623168945,1001,False,1,2,[-7.2965845  -1.49644173  2.94300456],landing,[-0.48080528  0.59740651 -0.20557775]
1018.8935623168945,1002,False,5,3,[8.26297783 3.03465353 3.99999918],cruising,[ 0.5677905  -0.59831228 -0.99408226]
1018.8935623168945,1003,False,3,1,[-0.55924817  6.68488776  4.00000022],cruising,[ 0.63925976  0.24903542 -0.34837281]
1018.8935623168945,1004,False,6,4,[8.28046179 4.82461352 3.50248029],entering,[-0.62185191  0.08809385  0.93462812]
1018.8935623168945,1005,False,4,5,[-3.35669121 -2.54269326  4.0001066 ],cruising,[ 0.50568378 -0.03156594 -0.11489306]
1018.9884338378906,1000,False,0,6,[2.89240296 8.58335622 1.29670646],waiting,[-0.82138112 -0.19970136 -0.21083176]
1018.9884338378906,1001,False,1,2,[-7.30559445 -1.47445267  2.84586908],landing,[-0.48080528  0.59740651 -0.20557775]
1018.9884338378906,1002,False,5,3,[8.30020946 2.83814957 3.9999993 ],cruising,[ 0.5677905  -0.59831228 -0.99408226]
1018.9884338378906,1003,False,3,1,[-0.38839398  6.58092215  4.00000019],cruising,[ 0.63925976  0.24903542 -0.34837281]
1018.9884338378906,1004,False,6,4,[8.28503791 4.62466588 3.57710825],entering,[-0.62185191  0.08809385  0.93462812]
1018.9884338378906,1005,False,4,5,[-3.35741246 -2.38167151  4.00010415],cruising,[ 0.50568378 -0.03156594 -0.11489306]
1019.0836892127991,1000,False,0,6,[2.89240296 8.58335622 1.29670646],waiting,[-0.82138112 -0.19970136 -0.21083176]
1019.0836892127991,1001,False,1,2,[-7.3146044  -1.45246361  2.7487336 ],landing,[-0.48080528  0.59740651 -0.20557775]
1019.0836892127991,1002,False,5,3,[8.33153117 2.64061742 3.99999941],cruising,[ 0.5677905  -0.59831228 -0.99408226]
1019.0836892127991,1003,False,3,1,[-0.21845158  6.47547274  4.00000016],cruising,[ 0.63925976  0.24903542 -0.34837281]
1019.0836892127991,1004,False,6,4,[8.29441387 4.42488578 3.64054201],entering,[-0.62185191  0.08809385  0.93462812]
1019.0836892127991,1005,False,4,5,[-3.34007496 -2.21205432  4.00009785],cruising,[ 0.50568378 -0.03156594 -0.11489306]
1019.1883964538574,1000,False,0,6,[2.89240296 8.58335622 1.29670646],waiting,[-0.82138112 -0.19970136 -0.21083176]
1019.1883964538574,1001,False,1,2,[-7.32361435 -1.43047455  2.65159812],landing,[-0.48080528  0.59740651 -0.20557775]
1019.1883964538574,1002,False,5,3,[8.35807539 2.44238674 3.9999995 ],cruising,[ 0.5677905  -0.59831228 -0.99408226]
1019.1883964538574,1003,False,3,1,[-0.04956719  6.36833702  4.00000014],cruising,[ 0.63925976  0.24903542 -0.34837281]
1019.1883964538574,1004,False,6,4,[8.30668691 4.2252627  3.69446071],entering,[-0.62185191  0.08809385  0.93462812]
1019.1883964538574,1005,False,4,5,[-3.30595353 -2.03156055  4.00008763],cruising,[ 0.50568378 -0.03156594 -0.11489306]
1019.2832899093628,1000,False,0,6,[2.89240296 8.58335622 1.29670646],waiting,[-0.82138112 -0.19970136 -0.21083176]
1019.2832899093628,1001,False,1,2,[-7.3326243  -1.40848549  2.55446263],landing,[-0.48080528  0.59740651 -0.20557775]
1019.2832899093628,1002,False,5,3,[8.38371775 2.24403737 3.99999957],cruising,[ 0.5677905  -0.59831228 -0.99408226]
1019.2832899093628,1003,False,3,1,[0.11913466 6.26091408 4.00000012],cruising,[ 0.63925976  0.24903542 -0.34837281]
1019.2832899093628,1004,False,6,4,[8.31621251 4.02548967 3.7402916 ],entering,[-0.62185191  0.08809385  0.93462812]
1019.2832899093628,1005,False,4,5,[-3.26556165 -1.83568177  4.00007448],cruising,[ 0.50568378 -0.03156594 -0.11489306]
1019.380589723587,1000,False,0,6,[2.89240296 8.58335622 1.29670646],waiting,[-0.82138112 -0.19970136 -0.21083176]
1019.380589723587,1001,False,1,2,[-7.34163425 -1.38649643  2.45732715],landing,[-0.48080528  0.59740651 -0.20557775]
1019.380589723587,1002,False,5,3,[8.40484363 2.04515626 3.99999964],cruising,[ 0.5677905  -0.59831228 -0.99408226]
1019.380589723587,1003,False,3,1,[0.28791906 6.15362091 4.0000001 ],cruising,[ 0.63925976  0.24903542 -0.34837281]
1019.380589723587,1004,False,6,4,[8.33098218 3.82603577 3.77924786],cruising,[-0.62185191  0.08809385  0.93462812]
1019.380589723587,1005,False,4,5,[-3.24170357 -1.63710989  4.00006331],cruising,[ 0.50568378 -0.03156594 -0.11489306]
1019.4865462779999,1000,False,0,6,[2.89240296 8.58335622 1.29670646],waiting,[-0.82138112 -0.19970136 -0.21083176]
1019.4865462779999,1001,False,1,2,[-7.3506442  -1.36450738  2.36019167],landing,[-0.48080528  0.59740651 -0.20557775]
1019.4865462779999,1002,False,5,3,[8.42478041 1.84615243 3.99999969],cruising,[ 0.5677905  -0.59831228 -0.99408226]
1019.4865462779999,1003,False,3,1,[0.45720631 6.0471229  4.00000008],cruising,[ 0.63925976  0.24903542 -0.34837281]
1019.4865462779999,1004,False,6,4,[8.33996944 3.6262378  3.81236068],cruising,[-0.62185191  0.08809385  0.93462812]
1019.4865462779999,1005,False,4,5,[-3.23385782 -1.43726384  4.00005381],cruising,[ 0.50568378 -0.03156594 -0.11489306]
1019.5830645561218,1000,False,0,6,[2.89240296 8.58335622 1.29670646],waiting,[-0.82138112 -0.19970136 -0.21083176]
1019.5830645561218,1001,False,1,2,[-7.35965416 -1.34251832  2.26305618],landing,[-0.48080528  0.59740651 -0.20557775]
1019.5830645561218,1002,False,5,3,[8.44315117 1.64699793 3.99999974],cruising,[ 0.5677905  -0.59831228 -0.99408226]
1019.5830645561218,1003,False,3,1,[0.62725965 5.94185248 4.00000007],cruising,[ 0.63925976  0.24903542 -0.34837281]
1019.5830645561218,1004,False,6,4,[8.34734887 3.42637399 3.84050658],cruising,[-0.62185191  0.08809385  0.93462812]
1019.5830645561218,1005,False,4,5,[-3.24159962 -1.23741373  4.00004574],cruising,[ 0.50568378 -0.03156594 -0.11489306]
1019.6871056556702,1000,False,0,6,[2.89240296 8.58335622 1.29670646],queued,[-0.82138112 -0.19970136 -0.21083176]
1019.6871056556702,1001,False,1,2,[-7.36866411 -1.32052926  2.1659207 ],landing,[-0.48080528  0.59740651 -0.20557775]
1019.6871056556702,1002,False,5,3,[8.4570443  1.44748106 3.99999978],cruising,[ 0.5677905  -0.59831228 -0.99408226]
1019.6871056556702,1003,False,3,1,[0.79884642 5.83910044 4.00000006],cruising,[ 0.63925976  0.24903542 -0.34837281]
1019.6871056556702,1004,False,6,4,[8.3608248  3.22682851 3.86443059],cruising,[-0.62185191  0.08809385  0.93462812]
1019.6871056556702,1005,False,4,5,[-3.26388704 -1.03865943  4.00003888],cruising,[ 0.50568378 -0.03156594 -0.11489306]
1019.7793445587158,1000,False,0,6,[2.89240296 8.58335622 1.31670646],queued,[-0.82138112 -0.19970136 -0.21083176]
1019.7793445587158,1001,False,1,2,[-7.37767406 -1.2985402   2.06878522],landing,[-0.48080528  0.59740651 -0.20557775]
1019.7793445587158,1002,False,5,3,[8.46944093 1.24786562 3.99999981],cruising,[ 0.5677905  -0.59831228 -0.99408226]
1019.7793445587158,1003,False,3,1,[0.97177851 5.73862909 4.00000005],cruising,[ 0.63925976  0.24903542 -0.34837281]
1019.7793445587158,1004,False,6,4,[8.37294162 3.02719589 3.884766  ],cruising,[-0.62185191  0.08809385  0.93462812]
1019.7793445587158,1005,False,4,5,[-3.29954758 -0.8418643   4.00003305],cruising,[ 0.50568378 -0.03156594 -0.11489306]
1019.8835277557373,1000,False,0,6,[2.89240296 8.58335622 1.35670646],queued,[-0.82138112 -0.19970136 -0.21083176]
1019.8835277557373,1001,False,1,2,[-7.38668401 -1.27655114  1.97164973],landing,[-0.48080528  0.59740651 -0.20557775]
1019.8835277557373,1002,False,5,3,[8.47783446 1.04804183 3.99999984],cruising,[ 0.5677905  -0.59831228 -0.99408226]
1019.8835277557373,1003,False,3,1,[1.14707598 5.64234412 4.00000004],cruising,[ 0.63925976  0.24903542 -0.34837281]
1019.8835277557373,1004,False,6,4,[8.38446325 2.82752803 3.9020511 ],cruising,[-0.62185191  0.08809385  0.93462812]
1019.8835277557373,1005,False,4,5,[-3.34597367 -0.64732737  4.00002809],cruising,[ 0.50568378 -0.03156594 -0.11489306]
1019.980030298233,1000,False,0,6,[2.89240296 8.58335622 1.41670646],queued,[-0.82138112 -0.19970136 -0.21083176]
1019.980030298233,1001,False,1,2,[-7.39569396 -1.25456208  1.87451425],landing,[-0.48080528  0.59740651 -0.20557775]
1019.980030298233,1002,False,5,3,[8.48476627 0.84816199 3.99999986],cruising,[ 0.5677905  -0.59831228 -0.99408226]
1019.980030298233,1003,False,3,1,[1.32416973 5.54940432 4.00000004],cruising,[ 0.63925976  0.24903542 -0.34837281]
1019.980030298233,1004,False,6,4,[8.39949838 2.62809397 3.91674344],cruising,[-0.62185191  0.08809385  0.93462812]
1019.980030298233,1005,False,4,5,[-3.40380983 -0.45587247  4.00002388],cruising,[ 0.50568378 -0.03156594 -0.11489306]
1020.0852086544037,1000,False,0,6,[2.89240296 8.58335622 1.49170646],queued,[-0.82138112 -0.19970136 -0.21083176]
1020.0852086544037,1001,False,1,2,[-7.40470391 -1.23257302  1.77737877],landing,[-0.48080528  0.59740651 -0.20557775]
1020.0852086544037,1002,False,5,3,[8.49002957 0.64823126 3.99999988],cruising,[ 0.5677905  -0.59831228 -0.99408226]
1020.0852086544037,1003,False,3,1,[1.50327542 5.46040348 4.00000003],cruising,[ 0.63925976  0.24903542 -0.34837281]
1020.0852086544037,1004,False,6,4,[8.41279173 2.42853625 3.92923192],cruising,[-0.62185191  0.08809385  0.93462812]
1020.0852086544037,1005,False,4,5,[-3.47228323 -0.2679592   4.0000203 ],cruising,[ 0.50568378 -0.03156594 -0.11489306]
1020.1839208602905,1000,False,0,6,[2.89240296 8.58335622 1.56670646],queued,[-0.82138112 -0.19970136 -0.21083176]
1020.1839208602905,1001,False,1,2,[-7.41371386 -1.21058396  1.68024329],landing,[-0.48080528  0.59740651 -0.20557775]
1020.1839208602905,1002,False,5,3,[8.49346998 0.44826085 3.9999999 ],cruising,[ 0.5677905  -0.59831228 -0.99408226]
1020.1839208602905,1003,False,3,1,[1.68561281 5.37822637 4.00000003],cruising,[ 0.63925976  0.24903542 -0.34837281]
1020.1839208602905,1004,False,6,4,[8.42779858 2.22910005 3.93984713],cruising,[-0.62185191  0.08809385  0.93462812]
1020.1839208602905,1005,False,4,5,[-3.54872456 -0.08314383  4.00001725],cruising,[ 0.50568378 -0.03156594 -0.11489306]
1020.2884104251862,1000,False,0,6,[2.89240296 8.58335622 1.64170646],queued,[-0.82138112 -0.19970136 -0.21083176]
1020.2884104251862,1001,False,1,2,[-7.42272381 -1.1885949   1.5831078 ],landing,[-0.48080528  0.59740651 -0.20557775]
1020.2884104251862,1002,False,5,3,[8.49285533 0.24826179 3.99999992],cruising,[ 0.5677905  -0.59831228 -0.99408226]
1020.2884104251862,1003,False,3,1,[1.87014465 5.3011031  4.00000002],cruising,[ 0.63925976  0.24903542 -0.34837281]
1020.2884104251862,1004,False,6,4,[8.44032154 2.0294925  3.94887006],cruising,[-0.62185191  0.08809385  0.93462812]
1020.2884104251862,1005,False,4,5,[-3.63589852  0.09685812  4.00001466],cruising,[ 0.50568378 -0.03156594 -0.11489306]
1020.382994890213,1000,False,0,6,[2.89240296 8.58335622 1.71670646],queued,[-0.82138112 -0.19970136 -0.21083176]
1020.382994890213,1001,False,1,2,[-7.43173376 -1.16660584  1.48597232],fake_landed,[-0.48080528  0.59740651 -0.20557775]
1020.382994890213,1002,False,5,3,[8.4905891  0.04827463 3.99999993],cruising,[ 0.5677905  -0.59831228 -0.99408226]
1020.382994890213,1003,False,3,1,[2.05697808 5.22973595 4.00000002],cruising,[ 0.63925976  0.24903542 -0.34837281]
1020.382994890213,1004,False,6,4,[8.45337443 1.8299189  3.95653955],cruising,[-0.62185191  0.08809385  0.93462812]
1020.382994890213,1005,False,4,5,[-3.7307211   0.27295093  4.00001246],cruising,[ 0.50568378 -0.03156594 -0.11489306]
1020.4927971363068,1000,False,0,6,[2.89240296 8.58335622 1.79170646],queued,[-0.82138112 -0.19970136 -0.21083176]
1020.4927971363068,1001,False,1,2,[-7.43894172 -1.14901459  1.40826393],fake_landed,[-0.48080528  0.59740651 -0.20557775]
1020.4927971363068,1002,False,5,3,[ 8.48651919 -0.15168395  3.99999994],cruising,[ 0.5677905  -0.59831228 -0.99408226]
1020.4927971363068,1003,False,3,1,[2.24756902 5.1691134  4.00000002],cruising,[ 0.63925976  0.24903542 -0.34837281]
1020.4927971363068,1004,False,6,4,[8.46357124 1.63017901 3.96305862],cruising,[-0.62185191  0.08809385  0.93462812]
1020.4927971363068,1005,False,4,5,[-3.83326525  0.44466201  4.00001059],cruising,[ 0.50568378 -0.03156594 -0.11489306]
1020.582025051117,1000,False,0,6,[2.89240296 8.58335622 1.86670646],queued,[-0.82138112 -0.19970136 -0.21083176]
1020.582025051117,1001,False,1,2,[-7.44434769 -1.13582116  1.34998264],fake_landed,[-0.48080528  0.59740651 -0.20557775]
1020.582025051117,1002,False,5,3,[ 8.47851527 -0.35152373  3.99999995],cruising,[ 0.5677905  -0.59831228 -0.99408226]
1020.582025051117,1003,False,3,1,[2.44110621 5.11868171 4.00000001],cruising,[ 0.63925976  0.24903542 -0.34837281]
1020.582025051117,1004,False,6,4,[8.47355458 1.43042833 3.96859983],cruising,[-0.62185191  0.08809385  0.93462812]
1020.582025051117,1005,False,4,5,[-3.93979811  0.61392734  4.00000901],cruising,[ 0.50568378 -0.03156594 -0.11489306]
1020.6862573623657,1000,False,0,6,[2.89240296 8.58335622 1.94170646],queued,[-0.82138112 -0.19970136 -0.21083176]
1020.6862573623657,1001,False,1,2,[-7.44795167 -1.12702554  1.31112845],fake_landed,[-0.48080528  0.59740651 -0.20557775]
1020.6862573623657,1002,False,5,3,[ 8.46880934 -0.55128808  3.99999996],cruising,[ 0.5677905  -0.59831228 -0.99408226]
1020.6862573623657,1003,False,3,1,[2.63671661 5.0770095  4.00000001],cruising,[ 0.63925976  0.24903542 -0.34837281]
1020.6862573623657,1004,False,6,4,[8.48281113 1.23064265 3.97330985],cruising,[-0.62185191  0.08809385  0.93462812]
1020.6862573623657,1005,False,4,5,[-4.04943351  0.78119981  4.00000765],cruising,[ 0.50568378 -0.03156594 -0.11489306]
1020.785964012146,1000,False,0,6,[2.89240296 8.58335622 2.01670646],queued,[-0.82138112 -0.19970136 -0.21083176]
1020.785964012146,1001,False,1,2,[-7.44975366 -1.12262772  1.29170135],fake_landed,[-0.48080528  0.59740651 -0.20557775]
1020.785964012146,1002,False,5,3,[ 8.45723546 -0.75095291  3.99999996],cruising,[ 0.5677905  -0.59831228 -0.99408226]
1020.785964012146,1003,False,3,1,[2.83375339 5.04270925 4.00000001],cruising,[ 0.63925976  0.24903542 -0.34837281]
1020.785964012146,1004,False,6,4,[8.4886323  1.03072739 3.97731338],cruising,[-0.62185191  0.08809385  0.93462812]
1020.785964012146,1005,False,4,5,[-4.16143602  0.94689664  4.00000651],cruising,[ 0.50568378 -0.03156594 -0.11489306]
1020.8850286006927,1000,False,0,6,[2.89240296 8.58335622 2.09170646],queued,[-0.82138112 -0.19970136 -0.21083176]
1020.8850286006927,1001,False,2,0,[-7.44975366 -1.12262772  1.29170135],waiting,[-0.48080528  0.59740651 -0.20557775]
1020.8850286006927,1002,False,5,3,[ 8.44365048 -0.950491    3.99999997],cruising,[ 0.5677905  -0.59831228 -0.99408226]
1020.8850286006927,1003,False,3,1,[3.03175236 5.01448854 4.00000001],cruising,[ 0.63925976  0.24903542 -0.34837281]
1020.8850286006927,1004,False,6,4,[8.49348894 0.83078636 3.98071637],cruising,[-0.62185191  0.08809385  0.93462812]
1020.8850286006927,1005,False,4,5,[-4.27519268  1.11139411  4.00000553],cruising,[ 0.50568378 -0.03156594 -0.11489306]
1020.9794507026672,1000,False,0,6,[2.89240296 8.58335622 2.16670646],queued,[-0.82138112 -0.19970136 -0.21083176]
1020.9794507026672,1001,False,2,0,[-7.44975366 -1.12262772  1.29170135],waiting,[-0.48080528  0.59740651 -0.20557775]
1020.9794507026672,1002,False,5,3,[ 8.42579226 -1.14969211  3.99999997],cruising,[ 0.5677905  -0.59831228 -0.99408226]
1020.9794507026672,1003,False,3,1,[3.23038862 4.9911725  4.00000001],cruising,[ 0.63925976  0.24903542 -0.34837281]
1020.9794507026672,1004,False,6,4,[8.49707181 0.63081846 3.98360891],cruising,[-0.62185191  0.08809385  0.93462812]
1020.9794507026672,1005,False,4,5,[-4.39018834  1.27502785  4.0000047 ],cruising,[ 0.50568378 -0.03156594 -0.11489306]
1021.0796294212341,1000,False,0,6,[2.89240296 8.58335622 2.24170646],queued,[-0.82138112 -0.19970136 -0.21083176]
1021.0796294212341,1001,False,2,0,[-7.44975366 -1.12262772  1.29170135],waiting,[-0.48080528  0.59740651 -0.20557775]
1021.0796294212341,1002,False,5,3,[ 8.40598205 -1.34870858  3.99999998],cruising,[ 0.5677905  -0.59831228 -0.99408226]
1021.0796294212341,1003,False,3,1,[3.42943917 4.97170773 4.00000001],cruising,[ 0.63925976  0.24903542 -0.34837281]
1021.0796294212341,1004,False,6,4,[8.49705602 0.43081846 3.98606758],cruising,[-0.62185191  0.08809385  0.93462812]
1021.0796294212341,1005,False,4,5,[-4.50598458  1.43809603  4.000004  ],cruising,[ 0.50568378 -0.03156594 -0.11489306]
1021.1808443069458,1000,False,0,6,[2.89240296 8.58335622 2.31670646],queued,[-0.82138112 -0.19970136 -0.21083176]
1021.1808443069458,1001,False,2,0,[-7.44975366 -1.12262772  1.29170135],waiting,[-0.48080528  0.59740651 -0.20557775]
1021.1808443069458,1002,False,5,3,[ 8.38402471 -1.54749962  3.99999998],cruising,[ 0.5677905  -0.59831228 -0.99408226]
1021.1808443069458,1003,False,3,1,[3.62875303 4.95515521 4.00000001],cruising,[ 0.63925976  0.24903542 -0.34837281]
1021.1808443069458,1004,False,6,4,[8.49572384 0.23082289 3.98815744],cruising,[-0.62185191  0.08809385  0.93462812]
1021.1808443069458,1005,False,4,5,[-4.62210116  1.60093626  4.0000034 ],cruising,[ 0.50568378 -0.03156594 -0.11489306]
1021.2830603122711,1000,False,0,6,[2.89240296 8.58335622 2.39170646],entering,[-0.82138112 -0.19970136 -0.21083176]
1021.2830603122711,1001,False,2,0,[-7.44975366 -1.12262772  1.29170135],waiting,[-0.48080528  0.59740651 -0.20557775]
1021.2830603122711,1002,False,5,3,[ 8.3574237  -1.74572269  3.99999998],cruising,[ 0.5677905  -0.59831228 -0.99408226]
1021.2830603122711,1003,False,3,1,[3.82822831 4.9406773  4.        ],cruising,[ 0.63925976  0.24903542 -0.34837281]
1021.2830603122711,1004,False,6,4,[8.49285366 0.03084349 3.98993382],cruising,[-0.62185191  0.08809385  0.93462812]
1021.2830603122711,1005,False,4,5,[-4.73846652  1.7635988   4.00000289],cruising,[ 0.50568378 -0.03156594 -0.11489306]
1021.3853027820587,1000,False,0,6,[2.88879288 8.56368473 2.46670646],entering,[-0.82138112 -0.19970136 -0.21083176]
1021.3853027820587,1001,False,2,0,[-7.44975366 -1.12262772  1.29170135],waiting,[-0.48080528  0.59740651 -0.20557775]
1021.3853027820587,1002,False,5,3,[ 8.3286042  -1.94363539  3.99999999],cruising,[ 0.5677905  -0.59831228 -0.99408226]
1021.3853027820587,1003,False,3,1,[4.02779518 4.92752193 4.        ],cruising,[ 0.63925976  0.24903542 -0.34837281]
1021.3853027820587,1004,False,6,4,[ 8.48826995 -0.16910398  3.99144375],cruising,[-0.62185191  0.08809385  0.93462812]
1021.3853027820587,1005,False,4,5,[-4.85473252  1.92633238  4.00000245],cruising,[ 0.50568378 -0.03156594 -0.11489306]
1021.4939320087433,1000,False,0,6,[2.88159727 8.52433728 2.54170646],entering,[-0.82138112 -0.19970136 -0.21083176]
1021.4939320087433,1001,False,2,0,[-7.44975366 -1.12262772  1.29170135],waiting,[-0.48080528  0.59740651 -0.20557775]
1021.4939320087433,1002,False,5,3,[ 8.29730717 -2.14117145  3.99999999],cruising,[ 0.5677905  -0.59831228 -0.99408226]
1021.4939320087433,1003,False,3,1,[4.2273779  4.91460918 4.        ],cruising,[ 0.63925976  0.24903542 -0.34837281]
1021.4939320087433,1004,False,6,4,[ 8.47978741 -0.36892401  3.99272719],cruising,[-0.62185191  0.08809385  0.93462812]
1021.4939320087433,1005,False,4,5,[-4.97058266  2.08936227  4.00000209],cruising,[ 0.50568378 -0.03156594 -0.11489306]
1021.5810582637787,1000,False,0,6,[2.8710624  8.46527055 2.61670646],entering,[-0.82138112 -0.19970136 -0.21083176]
1021.5810582637787,1001,False,2,0,[-7.44975366 -1.12262772  1.29170135],waiting,[-0.48080528  0.59740651 -0.20557775]
1021.5810582637787,1002,False,5,3,[ 8.26056861 -2.33776819  3.99999999],cruising,[ 0.5677905  -0.59831228 -0.99408226]
1021.5810582637787,1003,False,3,1,[4.42698725 4.90211493 4.        ],cruising,[ 0.63925976  0.24903542 -0.34837281]
1021.5810582637787,1004,False,6,4,[ 8.46966701 -0.56866779  3.99381811],cruising,[-0.62185191  0.08809385  0.93462812]
1021.5810582637787,1005,False,4,5,[-5.08571881  2.25289718  4.00000177],cruising,[ 0.50568378 -0.03156594 -0.11489306]
1021.6847443580627,1000,False,0,6,[2.85736461 8.38645551 2.69170646],entering,[-0.82138112 -0.19970136 -0.21083176]
1021.6847443580627,1001,False,2,0,[-7.44975366 -1.12262772  1.29170135],waiting,[-0.48080528  0.59740651 -0.20557775]
1021.6847443580627,1002,False,5,3,[ 8.22112654 -2.53384043  3.99999999],cruising,[ 0.5677905  -0.59831228 -0.99408226]
1021.6847443580627,1003,False,3,1,[4.62657871 4.88933797 4.        ],cruising,[ 0.63925976  0.24903542 -0.34837281]
1021.6847443580627,1004,False,6,4,[ 8.45772918 -0.76831119  3.99474539],cruising,[-0.62185191  0.08809385  0.93462812]
1021.6847443580627,1005,False,4,5,[-5.20038931  2.41675894  4.00000151],cruising,[ 0.50568378 -0.03156594 -0.11489306]
1021.7859220504761,1000,False,0,6,[2.84074227 8.28785546 2.76670646],entering,[-0.82138112 -0.19970136 -0.21083176]
1021.7859220504761,1001,False,2,0,[-7.44975366 -1.12262772  1.29170135],waiting,[-0.48080528  0.59740651 -0.20557775]
1021.7859220504761,1002,False,5,3,[ 8.17862591 -2.72927251  3.99999999],cruising,[ 0.5677905  -0.59831228 -0.99408226]
1021.7859220504761,1003,False,3,1,[4.82610801 4.87562456 4.        ],cruising,[ 0.63925976  0.24903542 -0.34837281]
1021.7859220504761,1004,False,6,4,[ 8.4438199  -0.96782694  3.99553358],cruising,[-0.62185191  0.08809385  0.93462812]
1021.7859220504761,1005,False,4,5,[-5.31378405  2.58150611  4.00000128],cruising,[ 0.50568378 -0.03156594 -0.11489306]
1021.8811345100403,1000,False,0,6,[2.82212262 8.16935538 2.84170646],entering,[-0.82138112 -0.19970136 -0.21083176]
1021.8811345100403,1001,False,2,0,[-7.44975366 -1.12262772  1.29170135],waiting,[-0.48080528  0.59740651 -0.20557775]
1021.8811345100403,1002,False,5,3,[ 8.12924255 -2.92307984  3.99999999],cruising,[ 0.5677905  -0.59831228 -0.99408226]
1021.8811345100403,1003,False,3,1,[5.02552367 4.86034732 4.        ],cruising,[ 0.63925976  0.24903542 -0.34837281]
1021.8811345100403,1004,False,6,4,[ 8.4256306  -1.16699809  3.99620355],cruising,[-0.62185191  0.08809385  0.93462812]
1021.8811345100403,1005,False,4,5,[-5.42558945  2.74733601  4.00000109],cruising,[ 0.50568378 -0.03156594 -0.11489306]
1021.9848339557648,1000,False,0,6,[2.80268471 8.03087205 2.91670646],entering,[-0.82138112 -0.19970136 -0.21083176]
1021.9848339557648,1001,False,2,0,[-7.44975366 -1.12262772  1.29170135],waiting,[-0.48080528  0.59740651 -0.20557775]
1021.9848339557648,1002,False,5,3,[ 8.07635178 -3.11595951  3.99999999],cruising,[ 0.5677905  -0.59831228 -0.99408226]
1021.9848339557648,1003,False,3,1,[5.2248508  4.84395537 4.        ],cruising,[ 0.63925976  0.24903542 -0.34837281]
1021.9848339557648,1004,False,6,4,[ 8.40552043 -1.36598448  3.99677301],cruising,[-0.62185191  0.08809385  0.93462812]
1021.9848339557648,1005,False,4,5,[-5.53546627  2.91444999  4.00000093],cruising,[ 0.50568378 -0.03156594 -0.11489306]
1022.0795493125916,1000,False,0,6,[2.78420856 7.87241186 2.99170646],entering,[-0.82138112 -0.19970136 -0.21083176]
1022.0795493125916,1001,False,2,0,[-7.44975366 -1.12262772  1.29170135],waiting,[-0.48080528  0.59740651 -0.20557775]
1022.0795493125916,1002,False,5,3,[ 8.01522197 -3.30638836  4.        ],cruising,[ 0.5677905  -0.59831228 -0.99408226]
1022.0795493125916,1003,False,3,1,[5.42393536 4.82484156 4.        ],cruising,[ 0.63925976  0.24903542 -0.34837281]
1022.0795493125916,1004,False,6,4,[ 8.38328691 -1.56474481  3.99725706],cruising,[-0.62185191  0.08809385  0.93462812]
1022.0795493125916,1005,False,4,5,[-5.64303474  3.08305908  4.00000079],cruising,[ 0.50568378 -0.03156594 -0.11489306]
1022.1839015483856,1000,False,0,6,[2.76829112 7.69411602 3.06670646],entering,[-0.82138112 -0.19970136 -0.21083176]
1022.1839015483856,1001,False,2,0,[-7.44975366 -1.12262772  1.29170135],waiting,[-0.48080528  0.59740651 -0.20557775]
1022.1839015483856,1002,False,5,3,[ 7.94515155 -3.49371197  4.        ],cruising,[ 0.5677905  -0.59831228 -0.99408226]
1022.1839015483856,1003,False,3,1,[5.62266469 4.80233258 4.        ],cruising,[ 0.63925976  0.24903542 -0.34837281]
1022.1839015483856,1004,False,6,4,[ 8.35638631 -1.76292745  3.9976685 ],cruising,[-0.62185191  0.08809385  0.93462812]
1022.1839015483856,1005,False,4,5,[-5.74785686  3.25338912  4.00000067],cruising,[ 0.50568378 -0.03156594 -0.11489306]
1022.2903113365173,1000,False,0,6,[2.7625156  7.49858238 3.14170646],entering,[-0.82138112 -0.19970136 -0.21083176]
1022.2903113365173,1001,False,2,0,[-7.44975366 -1.12262772  1.29170135],waiting,[-0.48080528  0.59740651 -0.20557775]
1022.2903113365173,1002,False,5,3,[ 7.86502662 -3.67696043  4.        ],cruising,[ 0.5677905  -0.59831228 -0.99408226]
1022.2903113365173,1003,False,3,1,[5.8208858  4.77571694 4.        ],cruising,[ 0.63925976  0.24903542 -0.34837281]
1022.2903113365173,1004,False,6,4,[ 8.32728756 -1.96079928  3.99801823],cruising,[-0.62185191  0.08809385  0.93462812]
1022.2903113365173,1005,False,4,5,[-5.84941454  3.42568549  4.00000057],cruising,[ 0.50568378 -0.03156594 -0.11489306]
1022.3804018497467,1000,False,0,6,[2.76754618 7.29864566 3.21670646],entering,[-0.82138112 -0.19970136 -0.21083176]
1022.3804018497467,1001,False,2,0,[-7.44975366 -1.12262772  1.29170135],waiting,[-0.48080528  0.59740651 -0.20557775]
1022.3804018497467,1002,False,5,3,[ 7.77928429 -3.8576487   4.        ],cruising,[ 0.5677905  -0.59831228 -0.99408226]
1022.3804018497467,1003,False,3,1,[6.01839094 4.74422539 4.        ],cruising,[ 0.63925976  0.24903542 -0.34837281]
1022.3804018497467,1004,False,6,4,[ 8.29572589 -2.15829324  3.99831549],cruising,[-0.62185191  0.08809385  0.93462812]
1022.3804018497467,1005,False,4,5,[-5.94708167  3.60021667  4.00000048],cruising,[ 0.50568378 -0.03156594 -0.11489306]
1022.4920754432678,1000,False,0,6,[2.78617026 7.09951469 3.29170646],entering,[-0.82138112 -0.19970136 -0.21083176]
1022.4920754432678,1001,False,2,0,[-7.44975366 -1.12262772  1.29170135],waiting,[-0.48080528  0.59740651 -0.20557775]
1022.4920754432678,1002,False,5,3,[ 7.67958843 -4.03102902  4.        ],cruising,[ 0.5677905  -0.59831228 -0.99408226]
1022.4920754432678,1003,False,3,1,[6.21489834 4.70701188 4.        ],cruising,[ 0.63925976  0.24903542 -0.34837281]
1022.4920754432678,1004,False,6,4,[ 8.25868519 -2.35483327  3.99856817],cruising,[-0.62185191  0.08809385  0.93462812]
1022.4920754432678,1005,False,4,5,[-6.04008752  3.77727573  4.00000041],cruising,[ 0.50568378 -0.03156594 -0.11489306]
1022.5800004005432,1000,False,0,6,[2.82166203 6.90268905 3.36670646],entering,[-0.82138112 -0.19970136 -0.21083176]
1022.5800004005432,1001,False,2,0,[-7.44975366 -1.12262772  1.29170135],waiting,[-0.48080528  0.59740651 -0.20557775]
1022.5800004005432,1002,False,5,3,[ 7.56334238 -4.19318029  4.        ],cruising,[ 0.5677905  -0.59831228 -0.99408226]
1022.5800004005432,1003,False,3,1,[6.4100263  4.66313618 4.        ],cruising,[ 0.63925976  0.24903542 -0.34837281]
1022.5800004005432,1004,False,6,4,[ 8.21895484 -2.5508473   3.99878294],cruising,[-0.62185191  0.08809385  0.93462812]
1022.5800004005432,1005,False,4,5,[-6.12746813  3.95717745  4.00000035],cruising,[ 0.50568378 -0.03156594 -0.11489306]
1022.6886305809021,1000,False,0,6,[2.8690944  6.70839502 3.44170646],entering,[-0.82138112 -0.19970136 -0.21083176]
1022.6886305809021,1001,False,2,0,[-7.44975366 -1.12262772  1.29170135],waiting,[-0.48080528  0.59740651 -0.20557775]
1022.6886305809021,1002,False,5,3,[ 7.4318138  -4.34243025  4.        ],cruising,[ 0.5677905  -0.59831228 -0.99408226]
1022.6886305809021,1003,False,3,1,[6.60325889 4.61154971 4.        ],cruising,[ 0.63925976  0.24903542 -0.34837281]
1022.6886305809021,1004,False,6,4,[ 8.17304634 -2.74550703  3.9989655 ],cruising,[-0.62185191  0.08809385  0.93462812]
1022.6886305809021,1005,False,4,5,[-6.20800124  4.14024688  4.0000003 ],cruising,[ 0.50568378 -0.03156594 -0.11489306]
1022.7904069423676,1000,False,0,6,[2.93270606 6.51878078 3.51670646],entering,[-0.82138112 -0.19970136 -0.21083176]
1022.7904069423676,1001,False,2,0,[-7.44975366 -1.12262772  1.29170135],waiting,[-0.48080528  0.59740651 -0.20557775]
1022.7904069423676,1002,False,5,3,[ 7.28686958 -4.47684711  4.        ],cruising,[ 0.5677905  -0.59831228 -0.99408226]
1022.7904069423676,1003,False,3,1,[6.79390118 4.55108881 4.        ],cruising,[ 0.63925976  0.24903542 -0.34837281]
1022.7904069423676,1004,False,6,4,[ 8.12398319 -2.93939568  3.99912068],cruising,[-0.62185191  0.08809385  0.93462812]
1022.7904069423676,1005,False,4,5,[-6.28011968  4.3267916   4.00000025],cruising,[ 0.50568378 -0.03156594 -0.11489306]
1022.8852157592773,1000,False,0,6,[3.0090266 6.3339155 3.5892005],entering,[-0.82138112 -0.19970136 -0.21083176]
1022.8852157592773,1001,False,2,0,[-7.44975366 -1.12262772  1.29170135],waiting,[-0.48080528  0.59740651 -0.20557775]
1022.8852157592773,1002,False,5,3,[ 7.13088634 -4.59458643  4.        ],cruising,[ 0.5677905  -0.59831228 -0.99408226]
1022.8852157592773,1003,False,3,1,[6.9810231  4.48048155 4.        ],cruising,[ 0.63925976  0.24903542 -0.34837281]
1022.8852157592773,1004,False,6,4,[ 8.06754279 -3.13126668  3.99925258],cruising,[-0.62185191  0.08809385  0.93462812]
1022.8852157592773,1005,False,4,5,[-6.33622799  4.51875997  4.00000021],exiting,[ 0.50568378 -0.03156594 -0.11489306]
1022.9882078170776,1000,False,0,6,[3.1007859  6.15623729 3.65120689],entering,[-0.82138112 -0.19970136 -0.21083176]
1022.9882078170776,1001,False,2,0,[-7.44975366 -1.12262772  1.29170135],waiting,[-0.48080528  0.59740651 -0.20557775]
1022.9882078170776,1002,False,5,3,[ 6.96601382 -4.69440983  4.        ],cruising,[ 0.5677905  -0.59831228 -0.99408226]
1022.9882078170776,1003,False,3,1,[7.16339364 4.39837804 4.        ],cruising,[ 0.63925976  0.24903542 -0.34837281]
1022.9882078170776,1004,False,6,4,[ 8.00720257 -3.32194719  3.99936469],exiting,[-0.62185191  0.08809385  0.93462812]
1022.9882078170776,1005,False,4,5,[-6.39296655  4.69073829  4.00000018],exiting,[ 0.50568378 -0.03156594 -0.11489306]
1023.092276096344,1000,False,0,6,[3.20673682 5.9866071  3.70352586],entering,[-0.82138112 -0.19970136 -0.21083176]
1023.092276096344,1001,False,2,0,[-7.44975366 -1.12262772  1.29170135],waiting,[-0.48080528  0.59740651 -0.20557775]
1023.092276096344,1002,False,5,3,[ 6.79441542 -4.77539808  4.        ],cruising,[ 0.5677905  -0.59831228 -0.99408226]
1023.092276096344,1003,False,3,1,[7.33941225 4.30341779 4.        ],cruising,[ 0.63925976  0.24903542 -0.34837281]
1023.092276096344,1004,False,6,4,[ 7.95976384 -3.49734531  3.99947666],exiting,[-0.62185191  0.08809385  0.93462812]
1023.092276096344,1005,False,4,5,[-6.45056378  4.84273504  4.00000014],exiting,[ 0.50568378 -0.03156594 -0.11489306]
1023.1834971904755,1000,False,0,6,[3.32789463 5.82751841 3.74825358],entering,[-0.82138112 -0.19970136 -0.21083176]
1023.1834971904755,1001,False,2,0,[-7.44975366 -1.12262772  1.29170135],waiting,[-0.48080528  0.59740651 -0.20557775]
1023.1834971904755,1002,False,5,3,[ 6.61807591 -4.83695641  4.        ],cruising,[ 0.5677905  -0.59831228 -0.99408226]
1023.1834971904755,1003,False,3,1,[7.50705451 4.19434868 4.        ],cruising,[ 0.63925976  0.24903542 -0.34837281]
1023.1834971904755,1004,False,6,4,[ 7.9253828  -3.65759428  3.99958543],exiting,[-0.62185191  0.08809385  0.93462812]
1023.1834971904755,1005,False,4,5,[-6.50933469  4.97476626  4.00000011],exiting,[ 0.50568378 -0.03156594 -0.11489306]
1023.2932167053223,1000,False,0,6,[3.46324291 5.68027425 3.78601555],entering,[-0.82138112 -0.19970136 -0.21083176]
1023.2932167053223,1001,False,2,0,[-7.44975366 -1.12262772  1.29170135],waiting,[-0.48080528  0.59740651 -0.20557775]
1023.2932167053223,1002,False,5,3,[ 6.43925638 -4.87866909  4.        ],cruising,[ 0.5677905  -0.59831228 -0.99408226]
1023.2932167053223,1003,False,3,1,[7.66265073 4.06931419 4.        ],cruising,[ 0.63925976  0.24903542 -0.34837281]
1023.2932167053223,1004,False,6,4,[ 7.90425692 -3.80286658  3.99968661],exiting,[-0.62185191  0.08809385  0.93462812]
1023.2932167053223,1005,False,4,5,[-6.56962711  5.08685544  4.00000008],exiting,[ 0.50568378 -0.03156594 -0.11489306]
1023.3903210163116,1000,False,0,6,[3.6120911  5.54675337 3.81835314],entering,[-0.82138112 -0.19970136 -0.21083176]
1023.3903210163116,1001,False,2,0,[-7.44975366 -1.12262772  1.29170135],queued,[-0.48080528  0.59740651 -0.20557775]
1023.3903210163116,1002,False,5,3,[ 6.25966519 -4.90039667  4.        ],cruising,[ 0.5677905  -0.59831228 -0.99408226]
1023.3903210163116,1003,False,3,1,[7.80481163 3.92946444 4.        ],cruising,[ 0.63925976  0.24903542 -0.34837281]
1023.3903210163116,1004,False,6,4,[ 7.89662978 -3.93338137  3.99977382],exiting,[-0.62185191  0.08809385  0.93462812]
1023.3903210163116,1005,False,4,5,[-6.63175852  5.17902934  4.00000006],exiting,[ 0.50568378 -0.03156594 -0.11489306]
1023.4801390171051,1000,False,0,6,[3.77317479 5.42821857 3.84562025],cruising,[-0.82138112 -0.19970136 -0.21083176]
1023.4801390171051,1001,False,2,0,[-7.44975366 -1.12262772  1.31170135],queued,[-0.48080528  0.59740651 -0.20557775]
1023.4801390171051,1002,False,5,3,[ 6.08032722 -4.90212586  4.        ],cruising,[ 0.5677905  -0.59831228 -0.99408226]
1023.4801390171051,1003,False,3,1,[7.93207643 3.77626905 4.        ],cruising,[ 0.63925976  0.24903542 -0.34837281]
1023.4801390171051,1004,False,6,4,[ 7.90269658 -4.04931963  3.99984066],exiting,[-0.62185191  0.08809385  0.93462812]
1023.4801390171051,1005,False,4,5,[-6.69554314  5.25604572  4.00000005],exiting,[ 0.50568378 -0.03156594 -0.11489306]
1023.5896553993225,1000,False,0,6,[3.94474906 5.32544567 3.86877721],cruising,[-0.82138112 -0.19970136 -0.21083176]
1023.5896553993225,1001,False,2,0,[-7.44975366 -1.12262772  1.35170135],queued,[-0.48080528  0.59740651 -0.20557775]
1023.5896553993225,1002,False,5,3,[ 5.90251977 -4.88391369  4.        ],cruising,[ 0.5677905  -0.59831228 -0.99408226]
1023.5896553993225,1003,False,3,1,[8.04309737 3.61140588 4.        ],cruising,[ 0.63925976  0.24903542 -0.34837281]
1023.5896553993225,1004,False,6,4,[ 7.92265312 -4.15086781  3.99987857],exiting,[-0.62185191  0.08809385  0.93462812]
1023.5896553993225,1005,False,4,5,[-6.75932776  5.3330621   4.00000004],exiting,[ 0.50568378 -0.03156594 -0.11489306]
1023.6802802085876,1000,False,0,6,[4.12413841 5.23701795 3.88846063],cruising,[-0.82138112 -0.19970136 -0.21083176]
1023.6802802085876,1001,False,2,0,[-7.44975366 -1.12262772  1.41170135],queued,[-0.48080528  0.59740651 -0.20557775]
1023.6802802085876,1002,False,5,3,[ 5.72727539 -4.84586643  4.        ],cruising,[ 0.5677905  -0.59831228 -0.99408226]
1023.6802802085876,1003,False,3,1,[8.13651839 3.43704308 4.        ],cruising,[ 0.63925976  0.24903542 -0.34837281]
1023.6802802085876,1004,False,6,4,[ 7.94717472 -4.24781466  3.99990059],exiting,[-0.62185191  0.08809385  0.93462812]
1023.6802802085876,1005,False,4,5,[-6.82311238  5.41007847  4.00000003],exiting,[ 0.50568378 -0.03156594 -0.11489306]
1023.7845468521118,1000,False,0,6,[4.30963002 5.1622325  3.90519154],cruising,[-0.82138112 -0.19970136 -0.21083176]
1023.7845468521118,1001,False,2,0,[-7.44975366 -1.12262772  1.48670135],queued,[-0.48080528  0.59740651 -0.20557775]
1023.7845468521118,1002,False,5,3,[ 5.55492744 -4.78803002  4.        ],cruising,[ 0.5677905  -0.59831228 -0.99408226]
1023.7845468521118,1003,False,3,1,[8.21171053 3.2544518  4.        ],exiting,[ 0.63925976  0.24903542 -0.34837281]
1023.7845468521118,1004,False,6,4,[ 7.97169631 -4.3447615   3.99991871],exiting,[-0.62185191  0.08809385  0.93462812]
1023.7845468521118,1005,False,4,5,[-6.886897    5.48709485  4.00000003],exiting,[ 0.50568378 -0.03156594 -0.11489306]
1023.8871607780457,1000,False,0,6,[4.49935602 5.09895496 3.91941281],cruising,[-0.82138112 -0.19970136 -0.21083176]
1023.8871607780457,1001,False,2,0,[-7.44975366 -1.12262772  1.56170135],queued,[-0.48080528  0.59740651 -0.20557775]
1023.8871607780457,1002,False,5,3,[ 5.38594488 -4.71047879  4.        ],cruising,[ 0.5677905  -0.59831228 -0.99408226]
1023.8871607780457,1003,False,3,1,[8.26786772 3.07799815 4.        ],exiting,[ 0.63925976  0.24903542 -0.34837281]
1023.8871607780457,1004,False,6,4,[ 7.99621791 -4.44170835  3.99993362],exiting,[-0.62185191  0.08809385  0.93462812]
1023.8871607780457,1005,False,4,5,[-6.95068162  5.56411122  4.00000002],exiting,[ 0.50568378 -0.03156594 -0.11489306]
1023.9829339981079,1000,False,0,6,[4.69190723 5.04488067 3.93150088],cruising,[-0.82138112 -0.19970136 -0.21083176]
1023.9829339981079,1001,False,2,0,[-7.44975366 -1.12262772  1.63670135],queued,[-0.48080528  0.59740651 -0.20557775]
1023.9829339981079,1002,False,5,3,[ 5.21948541 -4.61308734  4.        ],cruising,[ 0.5677905  -0.59831228 -0.99408226]
1023.9829339981079,1003,False,3,1,[8.30752718 2.91285046 4.        ],exiting,[ 0.63925976  0.24903542 -0.34837281]
1023.9829339981079,1004,False,6,4,[ 8.0207395  -4.5386552   3.99994588],exiting,[-0.62185191  0.08809385  0.93462812]
1023.9829339981079,1005,False,4,5,[-7.01446624  5.6411276   4.00000002],exiting,[ 0.50568378 -0.03156594 -0.11489306]
1024.0941715240479,1000,False,0,6,[4.8864088  4.99830663 3.94177575],cruising,[-0.82138112 -0.19970136 -0.21083176]
1024.0941715240479,1001,False,2,0,[-7.44975366 -1.12262772  1.71170135],queued,[-0.48080528  0.59740651 -0.20557775]
1024.0941715240479,1002,False,5,3,[ 5.05257089 -4.50290774  4.        ],cruising,[ 0.5677905  -0.59831228 -0.99408226]
1024.0941715240479,1003,False,3,1,[8.33212661 2.76086316 4.        ],exiting,[ 0.63925976  0.24903542 -0.34837281]
1024.0941715240479,1004,False,6,4,[ 8.0452611  -4.63560205  3.99995593],exiting,[-0.62185191  0.08809385  0.93462812]
1024.0941715240479,1005,False,4,5,[-7.07825086  5.71814398  4.00000001],exiting,[ 0.50568378 -0.03156594 -0.11489306]
1024.1876089572906,1000,False,0,6,[5.08205096 4.95678381 3.95050939],cruising,[-0.82138112 -0.19970136 -0.21083176]
1024.1876089572906,1001,False,2,0,[-7.44975366 -1.12262772  1.78670135],queued,[-0.48080528  0.59740651 -0.20557775]
1024.1876089572906,1002,False,5,3,[ 4.88058686 -4.40082204  4.        ],cruising,[ 0.5677905  -0.59831228 -0.99408226]
1024.1876089572906,1003,False,3,1,[8.34250797 2.62294164 4.        ],exiting,[ 0.63925976  0.24903542 -0.34837281]
1024.1876089572906,1004,False,6,4,[ 8.06978269 -4.7325489   3.99996418],exiting,[-0.62185191  0.08809385  0.93462812]
1024.1876089572906,1005,False,4,5,[-7.14203549  5.79516035  4.00000001],exiting,[ 0.50568378 -0.03156594 -0.11489306]
1024.2830665111542,1000,False,0,6,[5.27833086 4.91838849 3.95793298],cruising,[-0.82138112 -0.19970136 -0.21083176]
1024.2830665111542,1001,False,2,0,[-7.44975366 -1.12262772  1.86170135],queued,[-0.48080528  0.59740651 -0.20557775]
1024.2830665111542,1002,False,5,3,[ 4.70572874 -4.30374146  4.        ],cruising,[ 0.5677905  -0.59831228 -0.99408226]
1024.2830665111542,1003,False,3,1,[8.33926249 2.49965943 4.        ],exiting,[ 0.63925976  0.24903542 -0.34837281]
1024.2830665111542,1004,False,6,4,[ 8.09430429 -4.82949574  3.99997094],exiting,[-0.62185191  0.08809385  0.93462812]
1024.2830665111542,1005,False,4,5,[-7.20582011  5.87217673  4.00000001],exiting,[ 0.50568378 -0.03156594 -0.11489306]
1024.3812861442566,1000,False,0,6,[5.47488149 4.88140404 3.96424303],cruising,[-0.82138112 -0.19970136 -0.21083176]
1024.3812861442566,1001,False,2,0,[-7.44975366 -1.12262772  1.93670135],queued,[-0.48080528  0.59740651 -0.20557775]
1024.3812861442566,1002,False,5,3,[ 4.52780642 -4.21239789  4.        ],cruising,[ 0.5677905  -0.59831228 -0.99408226]
1024.3812861442566,1003,False,3,1,[8.32289839 2.39147363 4.        ],exiting,[ 0.63925976  0.24903542 -0.34837281]
1024.3812861442566,1004,False,6,4,[ 8.11882588 -4.92644259  3.99997646],exiting,[-0.62185191  0.08809385  0.93462812]
1024.3812861442566,1005,False,4,5,[-7.26960473  5.9491931   4.00000001],exiting,[ 0.50568378 -0.03156594 -0.11489306]
1024.4903626441956,1000,False,0,6,[5.67173497 4.84606696 3.96960658],exiting,[-0.82138112 -0.19970136 -0.21083176]
1024.4903626441956,1001,False,2,0,[-7.44975366 -1.12262772  2.01170135],queued,[-0.48080528  0.59740651 -0.20557775]
1024.4903626441956,1002,False,5,3,[ 4.348276   -4.12425693  4.        ],cruising,[ 0.5677905  -0.59831228 -0.99408226]
1024.4903626441956,1003,False,3,1,[8.29394924 2.29883186 4.        ],exiting,[ 0.63925976  0.24903542 -0.34837281]
1024.4903626441956,1004,False,6,4,[ 8.14334748 -5.02338944  3.99998098],exiting,[-0.62185191  0.08809385  0.93462812]
1024.4903626441956,1005,False,4,5,[-7.33338935  6.02620948  4.00000001],exiting,[ 0.50568378 -0.03156594 -0.11489306]
1024.5840747356415,1000,False,0,6,[5.85321413 4.82352169 3.97494721],exiting,[-0.82138112 -0.19970136 -0.21083176]
1024.5840747356415,1001,False,2,0,[-7.44975366 -1.12262772  2.08670135],queued,[-0.48080528  0.59740651 -0.20557775]
1024.5840747356415,1002,False,5,3,[ 4.16694557 -4.03988114  4.        ],cruising,[ 0.5677905  -0.59831228 -0.99408226]
1024.5840747356415,1003,False,3,1,[8.25267289 2.22193937 4.        ],exiting,[ 0.63925976  0.24903542 -0.34837281]
1024.5840747356415,1004,False,6,4,[ 8.16786907 -5.12033629  3.99998466],exiting,[-0.62185191  0.08809385  0.93462812]
1024.5840747356415,1005,False,4,5,[-7.39717397  6.10322586  4.        ],exiting,[ 0.50568378 -0.03156594 -0.11489306]
1024.6798822879791,1000,False,0,6,[6.01928684 4.81372908 3.98018571],exiting,[-0.82138112 -0.19970136 -0.21083176]
1024.6798822879791,1001,False,2,0,[-7.44975366 -1.12262772  2.16170135],entering,[-0.48080528  0.59740651 -0.20557775]
1024.6798822879791,1002,False,5,3,[ 3.98471023 -3.95747798  4.        ],cruising,[ 0.5677905  -0.59831228 -0.99408226]
1024.6798822879791,1003,False,3,1,[8.19933582 2.16100117 4.        ],exiting,[ 0.63925976  0.24903542 -0.34837281]
1024.6798822879791,1004,False,6,4,[ 8.19239067 -5.21728314  3.99998766],exiting,[-0.62185191  0.08809385  0.93462812]
1024.6798822879791,1005,False,4,5,[-7.46095859  6.18024223  4.        ],exiting,[ 0.50568378 -0.03156594 -0.11489306]
1024.7850224971771,1000,False,0,6,[6.16991347 4.81664005 3.98522996],exiting,[-0.82138112 -0.19970136 -0.21083176]
1024.7850224971771,1001,False,2,0,[-7.43667292 -1.10749847  2.23670135],entering,[-0.48080528  0.59740651 -0.20557775]
1024.7850224971771,1002,False,5,3,[ 3.80139012 -3.87751711  4.        ],cruising,[ 0.5677905  -0.59831228 -0.99408226]
1024.7850224971771,1003,False,3,1,[8.13421358 2.11622185 4.        ],exiting,[ 0.63925976  0.24903542 -0.34837281]
1024.7850224971771,1004,False,6,4,[ 8.21691226 -5.31422998  3.9999901 ],exiting,[-0.62185191  0.08809385  0.93462812]
1024.7850224971771,1005,False,4,5,[-7.52474321  6.25725861  4.        ],exiting,[ 0.50568378 -0.03156594 -0.11489306]
1024.8808498382568,1000,False,0,6,[6.30504455 4.83219202 3.98996899],exiting,[-0.82138112 -0.19970136 -0.21083176]
1024.8808498382568,1001,False,2,0,[-7.41052635 -1.07722709  2.31170135],entering,[-0.48080528  0.59740651 -0.20557775]
1024.8808498382568,1002,False,5,3,[ 3.61748955 -3.79890045  4.        ],cruising,[ 0.5677905  -0.59831228 -0.99408226]
1024.8808498382568,1003,False,3,1,[8.05759137 2.08780563 4.        ],exiting,[ 0.63925976  0.24903542 -0.34837281]
1024.8808498382568,1004,False,6,4,[ 8.24143386 -5.41117683  3.99999208],exiting,[-0.62185191  0.08809385  0.93462812]
1024.8808498382568,1005,False,4,5,[-7.58852783  6.33427498  4.        ],exiting,[ 0.50568378 -0.03156594 -0.11489306]
1024.9849622249603,1000,False,0,6,[6.42461482 4.86030025 3.99425916],exiting,[-0.82138112 -0.19970136 -0.21083176]
1024.9849622249603,1001,False,2,0,[-7.37134696 -1.03178516  2.38670135],entering,[-0.48080528  0.59740651 -0.20557775]
1024.9849622249603,1002,False,5,3,[ 3.4328833  -3.72195545  4.        ],cruising,[ 0.5677905  -0.59831228 -0.99408226]
1024.9849622249603,1003,False,3,1,[7.96976492 2.07595639 4.        ],exiting,[ 0.63925976  0.24903542 -0.34837281]
1024.9849622249603,1004,False,6,4,[ 8.26595545 -5.50812368  3.99999369],exiting,[-0.62185191  0.08809385  0.93462812]
1024.9849622249603,1005,False,4,5,[-7.65231245  6.41129136  4.        ],exiting,[ 0.50568378 -0.03156594 -0.11489306]
1025.094707250595,1000,False,0,6,[6.52853481 4.90084448 3.99790531],exiting,[-0.82138112 -0.19970136 -0.21083176]
1025.094707250595,1001,False,2,0,[-7.31919779 -0.97111875  2.46170135],entering,[-0.48080528  0.59740651 -0.20557775]
1025.094707250595,1002,False,5,3,[ 3.24778721 -3.64619638  4.        ],cruising,[ 0.5677905  -0.59831228 -0.99408226]
1025.094707250595,1003,False,3,1,[7.8710414  2.08087777 4.        ],exiting,[ 0.63925976  0.24903542 -0.34837281]
1025.094707250595,1004,False,6,4,[ 8.29047705 -5.60507053  3.99999499],exiting,[-0.62185191  0.08809385  0.93462812]
1025.094707250595,1005,False,4,5,[-7.71609707  6.48830774  4.        ],exiting,[ 0.50568378 -0.03156594 -0.11489306]
1025.1828639507294,1000,False,0,6,[6.61674059 4.95373606 4.00077266],exiting,[-0.82138112 -0.19970136 -0.21083176]
1025.1828639507294,1001,False,2,0,[-7.2542024  -0.89512346  2.53670135],entering,[-0.48080528  0.59740651 -0.20557775]
1025.1828639507294,1002,False,5,3,[ 3.06216295 -3.57174081  4.        ],cruising,[ 0.5677905  -0.59831228 -0.99408226]
1025.1828639507294,1003,False,3,1,[7.77126062 2.08749573 4.        ],exiting,[ 0.63925976  0.24903542 -0.34837281]
1025.1828639507294,1004,False,6,4,[ 8.31499865 -5.70201738  3.99999604],exiting,[-0.62185191  0.08809385  0.93462812]
1025.1828639507294,1005,False,4,5,[-7.77988169  6.56532411  4.        ],exiting,[ 0.50568378 -0.03156594 -0.11489306]
1025.2790548801422,1000,False,0,6,[6.6891662  5.01888133 4.00272716],exiting,[-0.82138112 -0.19970136 -0.21083176]
1025.2790548801422,1001,False,2,0,[-7.17667845 -0.80353858  2.61170135],entering,[-0.48080528  0.59740651 -0.20557775]
1025.2790548801422,1002,False,5,3,[ 2.87598775 -3.49867373  4.        ],cruising,[ 0.5677905  -0.59831228 -0.99408226]
1025.2790548801422,1003,False,3,1,[7.67147985 2.09411369 4.        ],exiting,[ 0.63925976  0.24903542 -0.34837281]
1025.2790548801422,1004,False,6,4,[ 8.33952024 -5.79896423  3.99999688],exiting,[-0.62185191  0.08809385  0.93462812]
1025.2790548801422,1005,False,4,5,[-7.84366631  6.64234049  4.        ],exiting,[ 0.50568378 -0.03156594 -0.11489306]
1025.3918120861053,1000,False,0,6,[6.7457441  5.09618272 4.00364294],exiting,[-0.82138112 -0.19970136 -0.21083176]
1025.3918120861053,1001,False,2,0,[-7.0869501  -0.69610906  2.68670135],entering,[-0.48080528  0.59740651 -0.20557775]
1025.3918120861053,1002,False,5,3,[ 2.68915199 -3.4273127   4.        ],cruising,[ 0.5677905  -0.59831228 -0.99408226]
1025.3918120861053,1003,False,3,1,[7.57169908 2.10073164 4.        ],exiting,[ 0.63925976  0.24903542 -0.34837281]
1025.3918120861053,1004,False,6,4,[ 8.36404184 -5.89591107  3.99999756],exiting,[-0.62185191  0.08809385  0.93462812]
1025.3918120861053,1005,False,4,5,[-7.90745093  6.71935686  4.        ],exiting,[ 0.50568378 -0.03156594 -0.11489306]
1025.4919288158417,1000,False,0,6,[6.78640484 5.1855405  4.0034242 ],exiting,[-0.82138112 -0.19970136 -0.21083176]
1025.4919288158417,1001,False,2,0,[-6.98556632 -0.57242681  2.76170135],entering,[-0.48080528  0.59740651 -0.20557775]
1025.4919288158417,1002,False,5,3,[ 2.50181354 -3.35728195  4.        ],cruising,[ 0.5677905  -0.59831228 -0.99408226]
1025.4919288158417,1003,False,3,1,[7.4719183 2.1073496 4.       ],exiting,[ 0.63925976  0.24903542 -0.34837281]
1025.4919288158417,1004,False,6,4,[ 8.38856343 -5.99285792  3.9999981 ],exiting,[-0.62185191  0.08809385  0.93462812]
1025.4919288158417,1005,False,4,5,[-7.97123555  6.79637324  4.        ],exiting,[ 0.50568378 -0.03156594 -0.11489306]
1025.5821623802185,1000,False,0,6,[6.8211809  5.27929881 4.00283251],exiting,[-0.82138112 -0.19970136 -0.21083176]
1025.5821623802185,1001,False,2,0,[-6.87370242 -0.43171028  2.83670135],entering,[-0.48080528  0.59740651 -0.20557775]
1025.5821623802185,1002,False,5,3,[ 2.31360157 -3.28963393  4.        ],cruising,[ 0.5677905  -0.59831228 -0.99408226]
1025.5821623802185,1003,False,3,1,[7.37213753 2.11396756 4.        ],exiting,[ 0.63925976  0.24903542 -0.34837281]
1025.5821623802185,1004,False,6,4,[ 8.41308503 -6.08980477  3.99999853],exiting,[-0.62185191  0.08809385  0.93462812]
1025.5821623802185,1005,False,4,5,[-8.03502017  6.87338962  4.        ],exiting,[ 0.50568378 -0.03156594 -0.11489306]
1025.6813516616821,1000,False,0,6,[6.85595696 5.37305712 4.00234156],exiting,[-0.82138112 -0.19970136 -0.21083176]
1025.6813516616821,1001,False,2,0,[-6.75400958 -0.27258973  2.91170135],entering,[-0.48080528  0.59740651 -0.20557775]
1025.6813516616821,1002,False,5,3,[ 2.12436507 -3.22490722  4.        ],cruising,[ 0.5677905  -0.59831228 -0.99408226]
1025.6813516616821,1003,False,3,1,[7.27235676 2.12058552 4.        ],exiting,[ 0.63925976  0.24903542 -0.34837281]
1025.6813516616821,1004,False,6,4,[ 8.43760662 -6.18675162  3.99999888],exiting,[-0.62185191  0.08809385  0.93462812]
1025.6813516616821,1005,False,4,5,[-8.09880479  6.95040599  4.        ],exiting,[ 0.50568378 -0.03156594 -0.11489306]
1025.7793402671814,1000,False,0,6,[6.89073303 5.46681543 4.00193439],exiting,[-0.82138112 -0.19970136 -0.21083176]
1025.7793402671814,1001,False,2,0,[-6.63722306 -0.11022931  2.98670135],entering,[-0.48080528  0.59740651 -0.20557775]
1025.7793402671814,1002,False,5,3,[ 1.93448624 -3.1620898   4.        ],cruising,[ 0.5677905  -0.59831228 -0.99408226]
1025.7793402671814,1003,False,3,1,[7.17257599 2.12720348 4.        ],exiting,[ 0.63925976  0.24903542 -0.34837281]
1025.7793402671814,1004,False,6,4,[ 8.46212822 -6.28369847  3.99999915],exiting,[-0.62185191  0.08809385  0.93462812]
1025.7793402671814,1005,False,4,5,[-8.16258942  7.02742237  4.        ],exiting,[ 0.50568378 -0.03156594 -0.11489306]
1025.8797099590302,1000,False,0,6,[6.9255091  5.56057376 4.0015969 ],exiting,[-0.82138112 -0.19970136 -0.21083176]
1025.8797099590302,1001,False,2,0,[-6.52396853  0.05461429  3.06170135],entering,[-0.48080528  0.59740651 -0.20557775]
1025.8797099590302,1002,False,5,3,[ 1.74322079 -3.10363018  4.        ],cruising,[ 0.5677905  -0.59831228 -0.99408226]
1025.8797099590302,1003,False,3,1,[7.07279521 2.13382144 4.        ],exiting,[ 0.63925976  0.24903542 -0.34837281]
1025.8797099590302,1004,False,6,4,[ 8.48664981 -6.38064531  3.99999936],exiting,[-0.62185191  0.08809385  0.93462812]
1025.8797099590302,1005,False,4,5,[-8.22637404  7.10443874  4.        ],exiting,[ 0.50568378 -0.03156594 -0.11489306]
1025.9884033203125,1000,False,0,6,[6.96028517 5.65433208 4.00131731],exiting,[-0.82138112 -0.19970136 -0.21083176]
1025.9884033203125,1001,False,2,0,[-6.41486144  0.22223184  3.13670135],entering,[-0.48080528  0.59740651 -0.20557775]
1025.9884033203125,1002,False,5,3,[ 1.55038173 -3.05059154  4.        ],cruising,[ 0.5677905  -0.59831228 -0.99408226]
1025.9884033203125,1003,False,3,1,[6.97301444 2.14043939 4.        ],exiting,[ 0.63925976  0.24903542 -0.34837281]
1025.9884033203125,1004,False,6,4,[ 8.51117141 -6.47759216  3.99999953],exiting,[-0.62185191  0.08809385  0.93462812]
1025.9884033203125,1005,False,4,5,[-8.29015866  7.18145512  4.        ],exiting,[ 0.50568378 -0.03156594 -0.11489306]
1026.084626197815,1000,False,0,6,[6.99506124 5.74809041 4.00108582],exiting,[-0.82138112 -0.19970136 -0.21083176]
1026.084626197815,1001,False,2,0,[-6.31043991  0.39280776  3.21170135],entering,[-0.48080528  0.59740651 -0.20557775]
1026.084626197815,1002,False,5,3,[ 1.3557844  -3.00441927  4.        ],cruising,[ 0.5677905  -0.59831228 -0.99408226]
1026.084626197815,1003,False,3,1,[6.87323367 2.14705735 4.        ],exiting,[ 0.63925976  0.24903542 -0.34837281]
1026.084626197815,1004,False,6,4,[ 8.535693   -6.57453901  3.99999966],exiting,[-0.62185191  0.08809385  0.93462812]
1026.084626197815,1005,False,4,5,[-8.35394328  7.2584715   4.        ],exiting,[ 0.50568378 -0.03156594 -0.11489306]
1026.1882810592651,1000,False,0,6,[7.02983731 5.84184873 4.00089427],exiting,[-0.82138112 -0.19970136 -0.21083176]
1026.1882810592651,1001,False,2,0,[-6.21140643  0.56656727  3.28670135],entering,[-0.48080528  0.59740651 -0.20557775]
1026.1882810592651,1002,False,5,3,[ 1.1592933  -2.96711984  4.        ],cruising,[ 0.5677905  -0.59831228 -0.99408226]
1026.1882810592651,1003,False,3,1,[6.7734529  2.15367531 4.        ],exiting,[ 0.63925976  0.24903542 -0.34837281]
1026.1882810592651,1004,False,6,4,[ 8.5602146  -6.67148586  3.99999976],exiting,[-0.62185191  0.08809385  0.93462812]
1026.1882810592651,1005,False,4,5,[-8.4177279   7.33548787  4.        ],landing,[ 0.50568378 -0.03156594 -0.11489306]
1026.2821426391602,1000,False,0,6,[7.06461338 5.93560706 4.00073587],exiting,[-0.82138112 -0.19970136 -0.21083176]
1026.2821426391602,1001,False,2,0,[-6.11859283  0.74372719  3.36170135],entering,[-0.48080528  0.59740651 -0.20557775]
1026.2821426391602,1002,False,5,3,[ 0.96020232 -2.94807299  4.        ],cruising,[ 0.5677905  -0.59831228 -0.99408226]
1026.2821426391602,1003,False,3,1,[6.67367212 2.16029327 4.        ],exiting,[ 0.63925976  0.24903542 -0.34837281]
1026.2821426391602,1004,False,6,4,[ 8.58473619 -6.76843271  3.99999984],exiting,[-0.62185191  0.08809385  0.93462812]
1026.2821426391602,1005,False,4,5,[-8.47030611  7.40410938  3.98571915],landing,[ 0.50568378 -0.03156594 -0.11489306]
1026.3857309818268,1000,False,0,6,[7.09938946 6.02936539 4.00060497],exiting,[-0.82138112 -0.19970136 -0.21083176]
1026.3857309818268,1001,False,2,0,[-6.03296704  0.92447072  3.43670135],entering,[-0.48080528  0.59740651 -0.20557775]
1026.3857309818268,1002,False,5,3,[ 0.76029688 -2.94192346  4.        ],cruising,[ 0.5677905  -0.59831228 -0.99408226]
1026.3857309818268,1003,False,3,1,[6.57389135 2.16691123 4.        ],exiting,[ 0.63925976  0.24903542 -0.34837281]
1026.3857309818268,1004,False,6,4,[ 8.60925779 -6.86537955  3.99999989],exiting,[-0.62185191  0.08809385  0.93462812]
1026.3857309818268,1005,False,4,5,[-8.51159467  7.46417786  3.95731777],landing,[ 0.50568378 -0.03156594 -0.11489306]
1026.4802985191345,1000,False,0,6,[7.13416553 6.12312372 4.00049688],exiting,[-0.82138112 -0.19970136 -0.21083176]
1026.4802985191345,1001,False,2,0,[-5.95568368  1.10893558  3.51170135],entering,[-0.48080528  0.59740651 -0.20557775]
1026.4802985191345,1002,False,5,3,[ 0.56051361 -2.95123178  4.        ],cruising,[ 0.5677905  -0.59831228 -0.99408226]
1026.4802985191345,1003,False,3,1,[6.47411058 2.17352919 4.        ],exiting,[ 0.63925976  0.24903542 -0.34837281]
1026.4802985191345,1004,False,6,4,[ 8.63377938 -6.9623264   3.99999994],exiting,[-0.62185191  0.08809385  0.93462812]
1026.4802985191345,1005,False,4,5,[-8.54149595  7.51550536  3.91499068],landing,[ 0.50568378 -0.03156594 -0.11489306]
1026.5920672416687,1000,False,0,6,[7.1689416  6.21688205 4.00040767],exiting,[-0.82138112 -0.19970136 -0.21083176]
1026.5920672416687,1001,False,2,0,[-5.88808992  1.29716704  3.58494615],entering,[-0.48080528  0.59740651 -0.20557775]
1026.5920672416687,1002,False,5,3,[ 0.36198464 -2.97544435  4.        ],cruising,[ 0.5677905  -0.59831228 -0.99408226]
1026.5920672416687,1003,False,3,1,[6.3743298  2.18014715 4.        ],exiting,[ 0.63925976  0.24903542 -0.34837281]
1026.5920672416687,1004,False,6,4,[ 8.65830098 -7.05927325  3.99999997],landing,[-0.62185191  0.08809385  0.93462812]
1026.5920672416687,1005,False,4,5,[-8.55987587  7.55782907  3.85901846],landing,[ 0.50568378 -0.03156594 -0.11489306]
1026.6832566261292,1000,False,0,6,[7.20371767 6.31064038 4.00033412],exiting,[-0.82138112 -0.19970136 -0.21083176]
1026.6832566261292,1001,False,2,0,[-5.83170102  1.48905318  3.64720423],entering,[-0.48080528  0.59740651 -0.20557775]
1026.6832566261292,1002,False,5,3,[ 0.16569714 -3.0138008   4.        ],cruising,[ 0.5677905  -0.59831228 -0.99408226]
1026.6832566261292,1003,False,3,1,[6.27454903 2.1867651  4.        ],exiting,[ 0.63925976  0.24903542 -0.34837281]
1026.6832566261292,1004,False,6,4,[ 8.6763074  -7.14387217  3.98567935],landing,[-0.62185191  0.08809385  0.93462812]
1026.6832566261292,1005,False,4,5,[-8.56663303  7.59094633  3.78962413],landing,[ 0.50568378 -0.03156594 -0.11489306]
1026.7932803630829,1000,False,0,6,[7.23849375 6.40439872 4.00027351],exiting,[-0.82138112 -0.19970136 -0.21083176]
1026.7932803630829,1001,False,2,0,[-5.78812164  1.68424754  3.70012359],entering,[-0.48080528  0.59740651 -0.20557775]
1026.7932803630829,1002,False,5,3,[-0.02756559 -3.06527424  4.        ],exiting,[ 0.5677905  -0.59831228 -0.99408226]
1026.7932803630829,1003,False,3,1,[6.17476826 2.19338306 4.        ],exiting,[ 0.63925976  0.24903542 -0.34837281]
1026.7932803630829,1004,False,6,4,[ 8.68779119 -7.21594416  3.95719782],landing,[-0.62185191  0.08809385  0.93462812]
1026.7932803630829,1005,False,4,5,[-8.56166937  7.61465765  3.7070332 ],landing,[ 0.50568378 -0.03156594 -0.11489306]
1026.880527973175,1000,False,0,6,[7.27326982 6.49815705 4.00022363],exiting,[-0.82138112 -0.19970136 -0.21083176]
1026.880527973175,1001,False,2,0,[-5.75888866  1.88209959  3.74510505],entering,[-0.48080528  0.59740651 -0.20557775]
1026.880527973175,1002,False,5,3,[-0.20145668 -3.12172155  4.        ],exiting,[ 0.5677905  -0.59831228 -0.99408226]
1026.880527973175,1003,False,3,1,[6.07498749 2.20000102 4.        ],exiting,[ 0.63925976  0.24903542 -0.34837281]
1026.880527973175,1004,False,6,4,[ 8.69274467 -7.27527677  3.91474977],landing,[-0.62185191  0.08809385  0.93462812]
1026.880527973175,1005,False,4,5,[-8.54488748  7.62876109  3.61148008],landing,[ 0.50568378 -0.03156594 -0.11489306]
1026.9845445156097,1000,False,0,6,[7.30804589 6.59191538 4.00018259],exiting,[-0.82138112 -0.19970136 -0.21083176]
1026.9845445156097,1001,False,2,0,[-5.74522989  2.08163264  3.7833393 ],entering,[-0.48080528  0.59740651 -0.20557775]
1026.9845445156097,1002,False,5,3,[-0.35595943 -3.18307725  4.        ],exiting,[ 0.5677905  -0.59831228 -0.99408226]
1026.9845445156097,1003,False,3,1,[5.97520671 2.20661898 4.        ],exiting,[ 0.63925976  0.24903542 -0.34837281]
1026.9845445156097,1004,False,6,4,[ 8.69115925 -7.32157279  3.85861634],landing,[-0.62185191  0.08809385  0.93462812]
1026.9845445156097,1005,False,4,5,[-8.52633154  7.64140349  3.51403344],landing,[ 0.50568378 -0.03156594 -0.11489306]
1027.084426164627,1000,False,0,6,[7.34282197 6.68567371 4.00014888],exiting,[-0.82138112 -0.19970136 -0.21083176]
1027.084426164627,1001,False,2,0,[-5.74692653  2.28162544  3.8158384 ],entering,[-0.48080528  0.59740651 -0.20557775]
1027.084426164627,1002,False,5,3,[-0.49105389 -3.24926185  4.        ],exiting,[ 0.5677905  -0.59831228 -0.99408226]
1027.084426164627,1003,False,3,1,[5.87542594 2.21323694 4.        ],exiting,[ 0.63925976  0.24903542 -0.34837281]
1027.084426164627,1004,False,6,4,[ 8.68303018 -7.35460776  3.7890172 ],landing,[-0.62185191  0.08809385  0.93462812]
1027.084426164627,1005,False,4,5,[-8.5077756   7.65404589  3.41658681],landing,[ 0.50568378 -0.03156594 -0.11489306]
1027.179432630539,1000,False,0,6,[7.37759804 6.77943204 4.00012121],exiting,[-0.82138112 -0.19970136 -0.21083176]
1027.179432630539,1001,False,2,0,[-5.76463031  2.48084034  3.84346264],cruising,[-0.48080528  0.59740651 -0.20557775]
1027.179432630539,1002,False,5,3,[-0.60671589 -3.32017713  4.        ],exiting,[ 0.5677905  -0.59831228 -0.99408226]
1027.179432630539,1003,False,3,1,[5.77564517 2.2198549  4.        ],exiting,[ 0.63925976  0.24903542 -0.34837281]
1027.179432630539,1004,False,6,4,[ 8.66835433 -7.37415876  3.70617714],landing,[-0.62185191  0.08809385  0.93462812]
1027.179432630539,1005,False,4,5,[-8.48921966  7.6666883   3.31914017],landing,[ 0.50568378 -0.03156594 -0.11489306]
1027.2811388969421,1000,False,0,6,[7.41237411 6.87319037 4.00009851],exiting,[-0.82138112 -0.19970136 -0.21083176]
1027.2811388969421,1001,False,2,0,[-5.7961492   2.67834112  3.86694325],cruising,[-0.48080528  0.59740651 -0.20557775]
1027.2811388969421,1002,False,5,3,[-0.70291478 -3.39569539  4.        ],exiting,[ 0.5677905  -0.59831228 -0.99408226]
1027.2811388969421,1003,False,3,1,[5.67586439 2.22647285 4.        ],exiting,[ 0.63925976  0.24903542 -0.34837281]
1027.2811388969421,1004,False,6,4,[ 8.64713016 -7.38000092  3.61032986],landing,[-0.62185191  0.08809385  0.93462812]
1027.2811388969421,1005,False,4,5,[-8.47066372  7.6793307   3.22169354],landing,[ 0.50568378 -0.03156594 -0.11489306]
1027.388501405716,1000,False,0,6,[7.44715018 6.9669487  4.00007993],exiting,[-0.82138112 -0.19970136 -0.21083176]
1027.388501405716,1001,False,2,0,[-5.84091259  2.87326736  3.88690176],cruising,[-0.48080528  0.59740651 -0.20557775]
1027.388501405716,1002,False,5,3,[-0.77960659 -3.4756266   4.        ],exiting,[ 0.5677905  -0.59831228 -0.99408226]
1027.388501405716,1003,False,3,1,[5.57608362 2.23309081 4.        ],landing,[ 0.63925976  0.24903542 -0.34837281]
1027.388501405716,1004,False,6,4,[ 8.62508199 -7.38408937  3.51287648],landing,[-0.62185191  0.08809385  0.93462812]
1027.388501405716,1005,False,4,5,[-8.45210778  7.6919731   3.1242469 ],landing,[ 0.50568378 -0.03156594 -0.11489306]
1027.4917147159576,1000,False,0,6,[7.48192626 7.06070704 4.00006472],exiting,[-0.82138112 -0.19970136 -0.21083176]
1027.4917147159576,1001,False,2,0,[-5.89523263  3.0657494   3.90386649],cruising,[-0.48080528  0.59740651 -0.20557775]
1027.4917147159576,1002,False,5,3,[-0.83676193 -3.55983871  4.        ],exiting,[ 0.5677905  -0.59831228 -0.99408226]
1027.4917147159576,1003,False,3,1,[5.49014814 2.23564511 3.98615101],landing,[ 0.63925976  0.24903542 -0.34837281]
1027.4917147159576,1004,False,6,4,[ 8.60303383 -7.38817782  3.41542309],landing,[-0.62185191  0.08809385  0.93462812]
1027.4917147159576,1005,False,4,5,[-8.43355184  7.7046155   3.02680027],landing,[ 0.50568378 -0.03156594 -0.11489306]
1027.5813989639282,1000,False,0,6,[7.51670233 7.15446537 4.0000523 ],exiting,[-0.82138112 -0.19970136 -0.21083176]
1027.5813989639282,1001,False,2,0,[-5.95667122  3.25607885  3.91828652],cruising,[-0.48080528  0.59740651 -0.20557775]
1027.5813989639282,1002,False,5,3,[-0.87435108 -3.64819377  4.        ],exiting,[ 0.5677905  -0.59831228 -0.99408226]
1027.5813989639282,1003,False,3,1,[5.41822934 2.23416202 3.95861873],landing,[ 0.63925976  0.24903542 -0.34837281]
1027.5813989639282,1004,False,6,4,[ 8.58098566 -7.39226627  3.3179697 ],landing,[-0.62185191  0.08809385  0.93462812]
1027.5813989639282,1005,False,4,5,[-8.4149959   7.71725791  2.92935363],landing,[ 0.50568378 -0.03156594 -0.11489306]
1027.6833174228668,1000,False,0,6,[7.5514784  7.2482237  4.00004217],exiting,[-0.82138112 -0.19970136 -0.21083176]
1027.6833174228668,1001,False,2,0,[-6.02283751  3.44481682  3.93054354],cruising,[-0.48080528  0.59740651 -0.20557775]
1027.6833174228668,1002,False,5,3,[-0.89234433 -3.74054895  4.        ],exiting,[ 0.5677905  -0.59831228 -0.99408226]
1027.6833174228668,1003,False,3,1,[5.36052733 2.22867336 3.91760172],landing,[ 0.63925976  0.24903542 -0.34837281]
1027.6833174228668,1004,False,6,4,[ 8.55893749 -7.39635472  3.22051631],landing,[-0.62185191  0.08809385  0.93462812]
1027.6833174228668,1005,False,4,5,[-8.39643996  7.72990031  2.831907  ],landing,[ 0.50568378 -0.03156594 -0.11489306]
1027.7908599376678,1000,False,0,6,[7.58625448 7.34198203 4.00003392],exiting,[-0.82138112 -0.19970136 -0.21083176]
1027.7908599376678,1001,False,2,0,[-6.09145535  3.63267738  3.94096201],cruising,[-0.48080528  0.59740651 -0.20557775]
1027.7908599376678,1002,False,5,3,[-0.89071233 -3.83675764  4.        ],exiting,[ 0.5677905  -0.59831228 -0.99408226]
1027.7908599376678,1003,False,3,1,[5.31731032 2.21922381 3.86337501],landing,[ 0.63925976  0.24903542 -0.34837281]
1027.7908599376678,1004,False,6,4,[ 8.53688933 -7.40044317  3.12306292],landing,[-0.62185191  0.08809385  0.93462812]
1027.7908599376678,1005,False,4,5,[-8.37788402  7.74254271  2.73446036],landing,[ 0.50568378 -0.03156594 -0.11489306]
1027.8944761753082,1000,False,0,6,[7.62103055 7.43574036 4.0000272 ],exiting,[-0.82138112 -0.19970136 -0.21083176]
1027.8944761753082,1001,False,2,0,[-6.16034795  3.82043737  3.94981771],cruising,[-0.48080528  0.59740651 -0.20557775]
1027.8944761753082,1002,False,5,3,[-0.87530223 -3.93556315  4.        ],exiting,[ 0.5677905  -0.59831228 -0.99408226]
1027.8944761753082,1003,False,3,1,[5.28881735 2.20585525 3.79619284],landing,[ 0.63925976  0.24903542 -0.34837281]
1027.8944761753082,1004,False,6,4,[ 8.51484116 -7.40453163  3.02560953],landing,[-0.62185191  0.08809385  0.93462812]
1027.8944761753082,1005,False,4,5,[-8.35932808  7.75518511  2.63701372],landing,[ 0.50568378 -0.03156594 -0.11489306]
1027.9789934158325,1000,False,0,6,[7.65580662 7.52949869 4.00002175],exiting,[-0.82138112 -0.19970136 -0.21083176]
1027.9789934158325,1001,False,2,0,[-6.22736735  4.00887409  3.95734505],cruising,[-0.48080528  0.59740651 -0.20557775]
1027.9789934158325,1002,False,5,3,[-0.85989213 -4.03436866  4.        ],exiting,[ 0.5677905  -0.59831228 -0.99408226]
1027.9789934158325,1003,False,3,1,[5.27525924 2.18860634 3.71628695],landing,[ 0.63925976  0.24903542 -0.34837281]
1027.9789934158325,1004,False,6,4,[ 8.492793   -7.40862008  2.92815614],landing,[-0.62185191  0.08809385  0.93462812]
1027.9789934158325,1005,False,4,5,[-8.34077214  7.76782752  2.53956709],landing,[ 0.50568378 -0.03156594 -0.11489306]
1028.0873737335205,1000,False,0,6,[7.6905827  7.62325703 4.00001734],exiting,[-0.82138112 -0.19970136 -0.21083176]
1028.0873737335205,1001,False,2,0,[-6.29028806  4.19871872  3.9637433 ],cruising,[-0.48080528  0.59740651 -0.20557775]
1028.0873737335205,1002,False,5,3,[-0.84448203 -4.13317417  4.        ],exiting,[ 0.5677905  -0.59831228 -0.99408226]
1028.0873737335205,1003,False,3,1,[5.27684801 2.16751765 3.62389795],landing,[ 0.63925976  0.24903542 -0.34837281]
1028.0873737335205,1004,False,6,4,[ 8.47074483 -7.41270853  2.83070276],landing,[-0.62185191  0.08809385  0.93462812]
1028.0873737335205,1005,False,4,5,[-8.3222162   7.78046992  2.44212045],landing,[ 0.50568378 -0.03156594 -0.11489306]
1028.1937608718872,1000,False,0,6,[7.72535877 7.71701536 4.00001377],exiting,[-0.82138112 -0.19970136 -0.21083176]
1028.1937608718872,1001,False,2,0,[-6.34667315  4.39060599  3.9691818 ],cruising,[-0.48080528  0.59740651 -0.20557775]
1028.1937608718872,1002,False,5,3,[-0.82907193 -4.23197968  4.        ],exiting,[ 0.5677905  -0.59831228 -0.99408226]
1028.1937608718872,1003,False,3,1,[5.28438991 2.14495745 3.52676836],landing,[ 0.63925976  0.24903542 -0.34837281]
1028.1937608718872,1004,False,6,4,[ 8.44869667 -7.41679698  2.73324937],landing,[-0.62185191  0.08809385  0.93462812]
1028.1937608718872,1005,False,4,5,[-8.30366026  7.79311232  2.34467382],landing,[ 0.50568378 -0.03156594 -0.11489306]
1028.2839522361755,1000,False,0,6,[7.76013484 7.81077369 4.00001089],exiting,[-0.82138112 -0.19970136 -0.21083176]
1028.2839522361755,1001,False,2,0,[-6.38749195  4.58639624  3.97380453],cruising,[-0.48080528  0.59740651 -0.20557775]
1028.2839522361755,1002,False,5,3,[-0.81366183 -4.33078519  4.        ],exiting,[ 0.5677905  -0.59831228 -0.99408226]
1028.2839522361755,1003,False,3,1,[5.29193182 2.12239725 3.42963877],landing,[ 0.63925976  0.24903542 -0.34837281]
1028.2839522361755,1004,False,6,4,[ 8.4266485  -7.42088543  2.63579598],landing,[-0.62185191  0.08809385  0.93462812]
1028.2839522361755,1005,False,4,5,[-8.28510432  7.80575472  2.24722718],landing,[ 0.50568378 -0.03156594 -0.11489306]
1028.3832232952118,1000,False,0,6,[7.79491091 7.90453202 4.00000857],exiting,[-0.82138112 -0.19970136 -0.21083176]
1028.3832232952118,1001,False,2,0,[-6.4152535   4.78446011  3.97773385],cruising,[-0.48080528  0.59740651 -0.20557775]
1028.3832232952118,1002,False,5,3,[-0.79825173 -4.4295907   4.        ],exiting,[ 0.5677905  -0.59831228 -0.99408226]
1028.3832232952118,1003,False,3,1,[5.29947372 2.09983705 3.33250918],landing,[ 0.63925976  0.24903542 -0.34837281]
1028.3832232952118,1004,False,6,4,[ 8.40460033 -7.42497388  2.53834259],landing,[-0.62185191  0.08809385  0.93462812]
1028.3832232952118,1005,False,4,5,[-8.26654838  7.81839713  2.14978055],landing,[ 0.50568378 -0.03156594 -0.11489306]
1028.4879550933838,1000,False,0,6,[7.82968699 7.99829035 4.00000671],exiting,[-0.82138112 -0.19970136 -0.21083176]
1028.4879550933838,1001,False,2,0,[-6.4230677   4.98391137  3.98124082],cruising,[-0.48080528  0.59740651 -0.20557775]
1028.4879550933838,1002,False,5,3,[-0.78284163 -4.52839621  4.        ],exiting,[ 0.5677905  -0.59831228 -0.99408226]
1028.4879550933838,1003,False,3,1,[5.30701563 2.07727685 3.2353796 ],landing,[ 0.63925976  0.24903542 -0.34837281]
1028.4879550933838,1004,False,6,4,[ 8.38255217 -7.42906233  2.4408892 ],landing,[-0.62185191  0.08809385  0.93462812]
1028.4879550933838,1005,False,4,5,[-8.24799244  7.83103953  2.05233391],landing,[ 0.50568378 -0.03156594 -0.11489306]
1028.586884021759,1000,False,0,6,[7.86446306 8.09204868 4.00000522],exiting,[-0.82138112 -0.19970136 -0.21083176]
1028.586884021759,1001,False,2,0,[-6.41092697  5.18205549  3.98444415],cruising,[-0.48080528  0.59740651 -0.20557775]
1028.586884021759,1002,False,5,3,[-0.76743153 -4.62720172  4.        ],exiting,[ 0.5677905  -0.59831228 -0.99408226]
1028.586884021759,1003,False,3,1,[5.31455753 2.05471665 3.13825001],landing,[ 0.63925976  0.24903542 -0.34837281]
1028.586884021759,1004,False,6,4,[ 8.360504   -7.43315078  2.34343581],landing,[-0.62185191  0.08809385  0.93462812]
1028.586884021759,1005,False,4,5,[-8.2294365   7.84368193  1.95488728],landing,[ 0.50568378 -0.03156594 -0.11489306]
1028.6808941364288,1000,False,0,6,[7.89923913 8.18580702 4.00000403],exiting,[-0.82138112 -0.19970136 -0.21083176]
1028.6808941364288,1001,False,2,0,[-6.37916568  5.37633147  3.98738087],cruising,[-0.48080528  0.59740651 -0.20557775]
1028.6808941364288,1002,False,5,3,[-0.75202142 -4.72600723  4.        ],exiting,[ 0.5677905  -0.59831228 -0.99408226]
1028.6808941364288,1003,False,3,1,[5.32209943 2.03215645 3.04112042],landing,[ 0.63925976  0.24903542 -0.34837281]
1028.6808941364288,1004,False,6,4,[ 8.33845584 -7.43723923  2.24598242],landing,[-0.62185191  0.08809385  0.93462812]
1028.6808941364288,1005,False,4,5,[-8.21088056  7.85632433  1.85744064],landing,[ 0.50568378 -0.03156594 -0.11489306]
1028.7841527462006,1000,False,0,6,[7.93401521 8.27956535 4.00000308],exiting,[-0.82138112 -0.19970136 -0.21083176]
1028.7841527462006,1001,False,2,0,[-6.328411    5.56434747  3.99006485],cruising,[-0.48080528  0.59740651 -0.20557775]
1028.7841527462006,1002,False,5,3,[-0.73661132 -4.82481274  4.        ],exiting,[ 0.5677905  -0.59831228 -0.99408226]
1028.7841527462006,1003,False,3,1,[5.32964134 2.00959625 2.94399083],landing,[ 0.63925976  0.24903542 -0.34837281]
1028.7841527462006,1004,False,6,4,[ 8.31640767 -7.44132768  2.14852903],landing,[-0.62185191  0.08809385  0.93462812]
1028.7841527462006,1005,False,4,5,[-8.19232463  7.86896674  1.75999401],landing,[ 0.50568378 -0.03156594 -0.11489306]
1028.8810505867004,1000,False,0,6,[7.96879128 8.37332368 4.00000234],exiting,[-0.82138112 -0.19970136 -0.21083176]
1028.8810505867004,1001,False,2,0,[-6.25955113  5.74386989  3.9925016 ],cruising,[-0.48080528  0.59740651 -0.20557775]
1028.8810505867004,1002,False,5,3,[-0.72120122 -4.92361825  4.        ],exiting,[ 0.5677905  -0.59831228 -0.99408226]
1028.8810505867004,1003,False,3,1,[5.33718324 1.98703605 2.84686124],landing,[ 0.63925976  0.24903542 -0.34837281]
1028.8810505867004,1004,False,6,4,[ 8.29435951 -7.44541613  2.05107565],landing,[-0.62185191  0.08809385  0.93462812]
1028.8810505867004,1005,False,4,5,[-8.17376869  7.88160914  1.66254737],landing,[ 0.50568378 -0.03156594 -0.11489306]
1028.9888002872467,1000,False,0,6,[8.00356735 8.46708201 4.00000175],exiting,[-0.82138112 -0.19970136 -0.21083176]
1028.9888002872467,1001,False,2,0,[-6.17362296  5.91297097  3.99467602],cruising,[-0.48080528  0.59740651 -0.20557775]
1028.9888002872467,1002,False,5,3,[-0.70579112 -5.02242376  4.        ],exiting,[ 0.5677905  -0.59831228 -0.99408226]
1028.9888002872467,1003,False,3,1,[5.34472514 1.96447585 2.74973165],landing,[ 0.63925976  0.24903542 -0.34837281]
1028.9888002872467,1004,False,6,4,[ 8.27231134 -7.44950458  1.95362226],landing,[-0.62185191  0.08809385  0.93462812]
1028.9888002872467,1005,False,4,5,[-8.15521275  7.89425154  1.56510073],landing,[ 0.50568378 -0.03156594 -0.11489306]
1029.0885608196259,1000,False,0,6,[8.03834342 8.56084034 4.00000129],exiting,[-0.82138112 -0.19970136 -0.21083176]
1029.0885608196259,1001,False,2,0,[-6.07178471  6.06995585  3.99659107],cruising,[-0.48080528  0.59740651 -0.20557775]
1029.0885608196259,1002,False,5,3,[-0.69038102 -5.12122927  4.        ],exiting,[ 0.5677905  -0.59831228 -0.99408226]
1029.0885608196259,1003,False,3,1,[5.35226705 1.94191564 2.65260206],landing,[ 0.63925976  0.24903542 -0.34837281]
1029.0885608196259,1004,False,6,4,[ 8.25026318 -7.45359303  1.85616887],landing,[-0.62185191  0.08809385  0.93462812]
1029.0885608196259,1005,False,4,5,[-8.13665681  7.90689394  1.4676541 ],fake_landed,[ 0.50568378 -0.03156594 -0.11489306]
1029.183750152588,1000,False,0,6,[8.0731195  8.65459867 4.00000093],exiting,[-0.82138112 -0.19970136 -0.21083176]
1029.183750152588,1001,False,2,0,[-5.9549359   6.21372678  3.99823354],cruising,[-0.48080528  0.59740651 -0.20557775]
1029.183750152588,1002,False,5,3,[-0.67497092 -5.22003478  4.        ],exiting,[ 0.5677905  -0.59831228 -0.99408226]
1029.183750152588,1003,False,3,1,[5.35980895 1.91935544 2.55547247],landing,[ 0.63925976  0.24903542 -0.34837281]
1029.183750152588,1004,False,6,4,[ 8.22821501 -7.45768148  1.75871548],landing,[-0.62185191  0.08809385  0.93462812]
1029.183750152588,1005,False,4,5,[-8.12181206  7.91700787  1.38969679],fake_landed,[ 0.50568378 -0.03156594 -0.11489306]
1029.2793035507202,1000,False,0,6,[8.10789557 8.748357   4.00000066],exiting,[-0.82138112 -0.19970136 -0.21083176]
1029.2793035507202,1001,False,2,0,[-5.82396704  6.34333636  3.99959226],cruising,[-0.48080528  0.59740651 -0.20557775]
1029.2793035507202,1002,False,5,3,[-0.65956082 -5.31884029  4.        ],exiting,[ 0.5677905  -0.59831228 -0.99408226]
1029.2793035507202,1003,False,3,1,[5.36735085 1.89679524 2.45834288],landing,[ 0.63925976  0.24903542 -0.34837281]
1029.2793035507202,1004,False,6,4,[ 8.20616684 -7.46176993  1.66126209],landing,[-0.62185191  0.08809385  0.93462812]
1029.2793035507202,1005,False,4,5,[-8.11067849  7.92459331  1.33122881],fake_landed,[ 0.50568378 -0.03156594 -0.11489306]
1029.3807802200317,1000,False,0,6,[8.14267164 8.84211534 4.00000045],exiting,[-0.82138112 -0.19970136 -0.21083176]
1029.3807802200317,1001,False,2,0,[-5.67972481  6.45798829  4.00065753],cruising,[-0.48080528  0.59740651 -0.20557775]
1029.3807802200317,1002,False,5,3,[-0.64415072 -5.4176458   4.        ],exiting,[ 0.5677905  -0.59831228 -0.99408226]
1029.3807802200317,1003,False,3,1,[5.37489276 1.87423504 2.3612133 ],landing,[ 0.63925976  0.24903542 -0.34837281]
1029.3807802200317,1004,False,6,4,[ 8.18411868 -7.46585838  1.5638087 ],landing,[-0.62185191  0.08809385  0.93462812]
1029.3807802200317,1005,False,4,5,[-8.10325612  7.92965027  1.29225015],fake_landed,[ 0.50568378 -0.03156594 -0.11489306]
1029.480661392212,1000,False,0,6,[8.17744772 8.93587367 4.00000029],exiting,[-0.82138112 -0.19970136 -0.21083176]
1029.480661392212,1001,False,2,0,[-5.52297846  6.55703394  4.00142077],cruising,[-0.48080528  0.59740651 -0.20557775]
1029.480661392212,1002,False,5,3,[-0.62874062 -5.51645131  4.        ],exiting,[ 0.5677905  -0.59831228 -0.99408226]
1029.480661392212,1003,False,3,1,[5.38243466 1.85167484 2.26408371],landing,[ 0.63925976  0.24903542 -0.34837281]
1029.480661392212,1004,False,6,4,[ 8.16207051 -7.46994683  1.46635531],fake_landed,[-0.62185191  0.08809385  0.93462812]
1029.480661392212,1005,False,4,5,[-8.09954493  7.93217875  1.27276083],fake_landed,[ 0.50568378 -0.03156594 -0.11489306]
1029.5942356586456,1000,False,0,6,[8.21222379 9.029632   4.00000017],exiting,[-0.82138112 -0.19970136 -0.21083176]
1029.5942356586456,1001,False,2,0,[-5.35441418  6.63994758  4.00187562],cruising,[-0.48080528  0.59740651 -0.20557775]
1029.5942356586456,1002,False,5,3,[-0.61333051 -5.61525682  4.        ],exiting,[ 0.5677905  -0.59831228 -0.99408226]
1029.5942356586456,1003,False,3,1,[5.38997656 1.82911464 2.16695412],landing,[ 0.63925976  0.24903542 -0.34837281]
1029.5942356586456,1004,False,6,4,[ 8.14443198 -7.47321759  1.3883926 ],fake_landed,[-0.62185191  0.08809385  0.93462812]
1029.5942356586456,1005,False,5,2,[-8.09954493  7.93217875  1.27276083],waiting,[ 0.50568378 -0.03156594 -0.11489306]
1029.680428981781,1000,False,0,6,[8.24699986 9.12339033 4.00000009],landing,[-0.82138112 -0.19970136 -0.21083176]
1029.680428981781,1001,False,2,0,[-5.17488454  6.70613784  4.00203202],cruising,[-0.48080528  0.59740651 -0.20557775]
1029.680428981781,1002,False,5,3,[-0.59792041 -5.71406233  4.        ],exiting,[ 0.5677905  -0.59831228 -0.99408226]
1029.680428981781,1003,False,3,1,[5.39751847 1.80655444 2.06982453],landing,[ 0.63925976  0.24903542 -0.34837281]
1029.680428981781,1004,False,6,4,[ 8.13120308 -7.47567066  1.32992057],fake_landed,[-0.62185191  0.08809385  0.93462812]
1029.680428981781,1005,False,5,2,[-8.09954493  7.93217875  1.27276083],waiting,[ 0.50568378 -0.03156594 -0.11489306]
1029.7796094417572,1000,False,0,6,[8.28000862 9.2030545  3.98592055],landing,[-0.82138112 -0.19970136 -0.21083176]
1029.7796094417572,1001,False,2,0,[-4.98440943  6.75559196  4.00187493],cruising,[-0.48080528  0.59740651 -0.20557775]
1029.7796094417572,1002,False,5,3,[-0.58251031 -5.81286784  4.        ],exiting,[ 0.5677905  -0.59831228 -0.99408226]
1029.7796094417572,1003,False,3,1,[5.40506037 1.78399424 1.97269494],landing,[ 0.63925976  0.24903542 -0.34837281]
1029.7796094417572,1004,False,6,4,[ 8.12238381 -7.47730604  1.29093921],fake_landed,[-0.62185191  0.08809385  0.93462812]
1029.7796094417572,1005,False,5,2,[-8.09954493  7.93217875  1.27276083],waiting,[ 0.50568378 -0.03156594 -0.11489306]
1029.8826854228973,1000,False,0,6,[8.31115491 9.26847586 3.95792433],landing,[-0.82138112 -0.19970136 -0.21083176]
1029.8826854228973,1001,False,2,0,[-4.78944546  6.80019071  4.00159369],cruising,[-0.48080528  0.59740651 -0.20557775]
1029.8826854228973,1002,False,5,3,[-0.56710021 -5.91167335  4.        ],exiting,[ 0.5677905  -0.59831228 -0.99408226]
1029.8826854228973,1003,False,3,1,[5.41260227 1.76143404 1.87556535],landing,[ 0.63925976  0.24903542 -0.34837281]
1029.8826854228973,1004,False,6,4,[ 8.11797418 -7.47812373  1.27144854],fake_landed,[-0.62185191  0.08809385  0.93462812]
1029.8826854228973,1005,False,5,2,[-8.09954493  7.93217875  1.27276083],waiting,[ 0.50568378 -0.03156594 -0.11489306]
1029.9864058494568,1000,False,0,6,[8.34032577 9.31948004 3.91620797],landing,[-0.82138112 -0.19970136 -0.21083176]
1029.9864058494568,1001,False,2,0,[-4.59534297  6.84840093  4.00135464],cruising,[-0.48080528  0.59740651 -0.20557775]
1029.9864058494568,1002,False,5,3,[-0.55169011 -6.01047886  4.        ],exiting,[ 0.5677905  -0.59831228 -0.99408226]
1029.9864058494568,1003,False,3,1,[5.42014418 1.73887384 1.77843576],landing,[ 0.63925976  0.24903542 -0.34837281]
1029.9864058494568,1004,False,4,5,[ 8.11797418 -7.47812373  1.27144854],waiting,[-0.62185191  0.08809385  0.93462812]
1029.9864058494568,1005,False,5,2,[-8.09954493  7.93217875  1.27276083],waiting,[ 0.50568378 -0.03156594 -0.11489306]
1030.0801537036896,1000,False,0,6,[8.36736487 9.35582962 3.86104919],landing,[-0.82138112 -0.19970136 -0.21083176]
1030.0801537036896,1001,False,2,0,[-4.40178804  6.89876449  4.00115144],cruising,[-0.48080528  0.59740651 -0.20557775]
1030.0801537036896,1002,False,5,3,[-0.53628001 -6.10928437  4.        ],exiting,[ 0.5677905  -0.59831228 -0.99408226]
1030.0801537036896,1003,False,3,1,[5.42768608 1.71631364 1.68130617],landing,[ 0.63925976  0.24903542 -0.34837281]
1030.0801537036896,1004,False,4,5,[ 8.11797418 -7.47812373  1.27144854],waiting,[-0.62185191  0.08809385  0.93462812]
1030.0801537036896,1005,False,5,2,[-8.09954493  7.93217875  1.27276083],waiting,[ 0.50568378 -0.03156594 -0.11489306]
1030.1944026947021,1000,False,0,6,[8.39214125 9.37732921 3.79268596],landing,[-0.82138112 -0.19970136 -0.21083176]
1030.1944026947021,1001,False,2,0,[-4.20846239  6.95000112  4.00097873],cruising,[-0.48080528  0.59740651 -0.20557775]
1030.1944026947021,1002,False,5,3,[-0.52086991 -6.20808988  4.        ],exiting,[ 0.5677905  -0.59831228 -0.99408226]
1030.1944026947021,1003,False,3,1,[5.43522798 1.69375343 1.58417659],landing,[ 0.63925976  0.24903542 -0.34837281]
1030.1944026947021,1004,False,4,5,[ 8.11797418 -7.47812373  1.27144854],waiting,[-0.62185191  0.08809385  0.93462812]
1030.1944026947021,1005,False,5,2,[-8.09954493  7.93217875  1.27276083],waiting,[ 0.50568378 -0.03156594 -0.11489306]
1030.28630900383,1000,False,0,6,[8.41453166 9.38379783 3.7113467 ],landing,[-0.82138112 -0.19970136 -0.21083176]
1030.28630900383,1001,False,2,0,[-4.01444669  6.99855944  4.00083192],cruising,[-0.48080528  0.59740651 -0.20557775]
1030.28630900383,1002,False,5,3,[-0.50545981 -6.30689539  4.        ],exiting,[ 0.5677905  -0.59831228 -0.99408226]
1030.28630900383,1003,False,3,1,[5.44276989 1.67119323 1.487047  ],fake_landed,[ 0.63925976  0.24903542 -0.34837281]
1030.28630900383,1004,False,4,5,[ 8.11797418 -7.47812373  1.27144854],waiting,[-0.62185191  0.08809385  0.93462812]
1030.28630900383,1005,False,5,2,[-8.09954493  7.93217875  1.27276083],waiting,[ 0.50568378 -0.03156594 -0.11489306]
1030.393193244934,1000,False,0,6,[8.43441046 9.37505408 3.61726871],landing,[-0.82138112 -0.19970136 -0.21083176]
1030.393193244934,1001,False,2,0,[-3.82026766  7.04646041  4.00070713],cruising,[-0.48080528  0.59740651 -0.20557775]
1030.393193244934,1002,False,5,3,[-0.49004971 -6.4057009   4.        ],exiting,[ 0.5677905  -0.59831228 -0.99408226]
1030.393193244934,1003,False,3,1,[5.44880341 1.65314507 1.40934333],fake_landed,[ 0.63925976  0.24903542 -0.34837281]
1030.393193244934,1004,False,4,5,[ 8.11797418 -7.47812373  1.27144854],waiting,[-0.62185191  0.08809385  0.93462812]
1030.393193244934,1005,False,5,2,[-8.09954493  7.93217875  1.27276083],waiting,[ 0.50568378 -0.03156594 -0.11489306]
1030.4942634105682,1000,False,0,6,[8.45360585 9.36232522 3.51995729],landing,[-0.82138112 -0.19970136 -0.21083176]
1030.4942634105682,1001,False,2,0,[-3.62570692  7.09278666  4.00060106],cruising,[-0.48080528  0.59740651 -0.20557775]
1030.4942634105682,1002,False,5,3,[-0.4746396  -6.50450641  4.        ],exiting,[ 0.5677905  -0.59831228 -0.99408226]
1030.4942634105682,1003,False,3,1,[5.45332855 1.63960895 1.35106557],fake_landed,[ 0.63925976  0.24903542 -0.34837281]
1030.4942634105682,1004,False,4,5,[ 8.11797418 -7.47812373  1.27144854],waiting,[-0.62185191  0.08809385  0.93462812]
1030.4942634105682,1005,False,5,2,[-8.09954493  7.93217875  1.27276083],queued,[ 0.50568378 -0.03156594 -0.11489306]
1030.590507030487,1000,False,0,6,[8.47280123 9.34959637 3.42264586],landing,[-0.82138112 -0.19970136 -0.21083176]
1030.590507030487,1001,False,2,0,[-3.4300675   7.13432239  4.0005109 ],cruising,[-0.48080528  0.59740651 -0.20557775]
1030.590507030487,1002,False,5,3,[-0.4592295  -6.60331192  4.        ],exiting,[ 0.5677905  -0.59831228 -0.99408226]
1030.590507030487,1003,False,3,1,[5.45634531 1.63058487 1.31221374],fake_landed,[ 0.63925976  0.24903542 -0.34837281]
1030.590507030487,1004,False,4,5,[ 8.11797418 -7.47812373  1.27144854],waiting,[-0.62185191  0.08809385  0.93462812]
1030.590507030487,1005,False,5,2,[-8.09954493  7.93217875  1.29276083],queued,[ 0.50568378 -0.03156594 -0.11489306]
1030.6902439594269,1000,False,0,6,[8.49199661 9.33686751 3.32533444],landing,[-0.82138112 -0.19970136 -0.21083176]
1030.6902439594269,1001,False,2,0,[-3.23387216  7.17314747  4.00043427],cruising,[-0.48080528  0.59740651 -0.20557775]
1030.6902439594269,1002,False,5,3,[-0.4438194  -6.70211743  4.        ],exiting,[ 0.5677905  -0.59831228 -0.99408226]
1030.6902439594269,1003,False,3,1,[5.45785369 1.62607283 1.29278782],fake_landed,[ 0.63925976  0.24903542 -0.34837281]
1030.6902439594269,1004,False,4,5,[ 8.11797418 -7.47812373  1.27144854],waiting,[-0.62185191  0.08809385  0.93462812]
1030.6902439594269,1005,False,5,2,[-8.09954493  7.93217875  1.33276083],queued,[ 0.50568378 -0.03156594 -0.11489306]
1030.7829685211182,1000,False,0,6,[8.511192   9.32413866 3.22802301],landing,[-0.82138112 -0.19970136 -0.21083176]
1030.7829685211182,1001,False,2,0,[-3.03701668  7.20847337  4.00036913],cruising,[-0.48080528  0.59740651 -0.20557775]
1030.7829685211182,1002,False,5,3,[-0.4284093  -6.80092294  4.        ],exiting,[ 0.5677905  -0.59831228 -0.99408226]
1030.7829685211182,1003,False,3,1,[5.45785369 1.62607283 1.29278782],fake_landed,[ 0.63925976  0.24903542 -0.34837281]
1030.7829685211182,1004,False,4,5,[ 8.11797418 -7.47812373  1.27144854],waiting,[-0.62185191  0.08809385  0.93462812]
1030.7829685211182,1005,False,5,2,[-8.09954493  7.93217875  1.39276083],queued,[ 0.50568378 -0.03156594 -0.11489306]
1030.8939344882965,1000,False,0,6,[8.53038738 9.3114098  3.13071158],landing,[-0.82138112 -0.19970136 -0.21083176]
1030.8939344882965,1001,False,2,0,[-2.83902243  7.23672718  4.00031376],cruising,[-0.48080528  0.59740651 -0.20557775]
1030.8939344882965,1002,False,5,3,[-0.4129992  -6.89972844  4.        ],exiting,[ 0.5677905  -0.59831228 -0.99408226]
1030.8939344882965,1003,False,1,4,[5.45785369 1.62607283 1.29278782],waiting,[ 0.63925976  0.24903542 -0.34837281]
1030.8939344882965,1004,False,4,5,[ 8.11797418 -7.47812373  1.27144854],waiting,[-0.62185191  0.08809385  0.93462812]
1030.8939344882965,1005,False,5,2,[-8.09954493  7.93217875  1.46776083],queued,[ 0.50568378 -0.03156594 -0.11489306]
1030.9876246452332,1000,False,0,6,[8.54958277 9.29868095 3.03340016],landing,[-0.82138112 -0.19970136 -0.21083176]
1030.9876246452332,1001,False,2,0,[-2.6404064   7.26021494  4.00026669],cruising,[-0.48080528  0.59740651 -0.20557775]
1030.9876246452332,1002,False,5,3,[-0.3975891  -6.99853395  4.        ],exiting,[ 0.5677905  -0.59831228 -0.99408226]
1030.9876246452332,1003,False,1,4,[5.45785369 1.62607283 1.29278782],waiting,[ 0.63925976  0.24903542 -0.34837281]
1030.9876246452332,1004,False,4,5,[ 8.11797418 -7.47812373  1.27144854],waiting,[-0.62185191  0.08809385  0.93462812]
1030.9876246452332,1005,False,5,2,[-8.09954493  7.93217875  1.54276083],queued,[ 0.50568378 -0.03156594 -0.11489306]
1031.091599225998,1000,False,0,6,[8.56877815 9.28595209 2.93608873],landing,[-0.82138112 -0.19970136 -0.21083176]
1031.091599225998,1001,False,2,0,[-2.44091997  7.27453845  4.00022669],cruising,[-0.48080528  0.59740651 -0.20557775]
1031.091599225998,1002,False,5,3,[-0.382179   -7.09733946  4.        ],exiting,[ 0.5677905  -0.59831228 -0.99408226]
1031.091599225998,1003,False,1,4,[5.45785369 1.62607283 1.29278782],waiting,[ 0.63925976  0.24903542 -0.34837281]
1031.091599225998,1004,False,4,5,[ 8.11797418 -7.47812373  1.27144854],waiting,[-0.62185191  0.08809385  0.93462812]
1031.091599225998,1005,False,5,2,[-8.09954493  7.93217875  1.61776083],queued,[ 0.50568378 -0.03156594 -0.11489306]
1031.179187297821,1000,False,0,6,[8.58797353 9.27322324 2.83877731],landing,[-0.82138112 -0.19970136 -0.21083176]
1031.179187297821,1001,False,2,0,[-2.24095571  7.27831915  4.00019269],cruising,[-0.48080528  0.59740651 -0.20557775]
1031.179187297821,1002,False,5,3,[-0.3667689  -7.19614497  4.        ],exiting,[ 0.5677905  -0.59831228 -0.99408226]
1031.179187297821,1003,False,1,4,[5.45785369 1.62607283 1.29278782],waiting,[ 0.63925976  0.24903542 -0.34837281]
1031.179187297821,1004,False,4,5,[ 8.11797418 -7.47812373  1.27144854],waiting,[-0.62185191  0.08809385  0.93462812]
1031.179187297821,1005,False,5,2,[-8.09954493  7.93217875  1.69276083],queued,[ 0.50568378 -0.03156594 -0.11489306]
1031.2811918258667,1000,False,0,6,[8.60716892 9.26049438 2.74146588],landing,[-0.82138112 -0.19970136 -0.21083176]
1031.2811918258667,1001,False,2,0,[-2.04141732  7.26473858  4.00016378],cruising,[-0.48080528  0.59740651 -0.20557775]
1031.2811918258667,1002,False,5,3,[-0.35135879 -7.29495048  4.        ],exiting,[ 0.5677905  -0.59831228 -0.99408226]
1031.2811918258667,1003,False,1,4,[5.45785369 1.62607283 1.29278782],waiting,[ 0.63925976  0.24903542 -0.34837281]
1031.2811918258667,1004,False,4,5,[ 8.11797418 -7.47812373  1.27144854],waiting,[-0.62185191  0.08809385  0.93462812]
1031.2811918258667,1005,False,5,2,[-8.09954493  7.93217875  1.76776083],queued,[ 0.50568378 -0.03156594 -0.11489306]
1031.3928928375244,1000,False,0,6,[8.6263643  9.24776553 2.64415446],landing,[-0.82138112 -0.19970136 -0.21083176]
1031.3928928375244,1001,False,2,0,[-1.84406157  7.23232397  4.00013922],cruising,[-0.48080528  0.59740651 -0.20557775]
1031.3928928375244,1002,False,5,3,[-0.33594869 -7.39375599  4.        ],exiting,[ 0.5677905  -0.59831228 -0.99408226]
1031.3928928375244,1003,False,1,4,[5.45785369 1.62607283 1.29278782],waiting,[ 0.63925976  0.24903542 -0.34837281]
1031.3928928375244,1004,False,4,5,[ 8.11797418 -7.47812373  1.27144854],waiting,[-0.62185191  0.08809385  0.93462812]
1031.3928928375244,1005,False,5,2,[-8.09954493  7.93217875  1.84276083],queued,[ 0.50568378 -0.03156594 -0.11489306]
1031.4843652248383,1000,False,0,6,[8.64555969 9.23503667 2.54684303],landing,[-0.82138112 -0.19970136 -0.21083176]
1031.4843652248383,1001,False,2,0,[-1.64888427  7.18866824  4.00011833],cruising,[-0.48080528  0.59740651 -0.20557775]
1031.4843652248383,1002,False,5,3,[-0.32053859 -7.4925615   4.        ],exiting,[ 0.5677905  -0.59831228 -0.99408226]
1031.4843652248383,1003,False,1,4,[5.45785369 1.62607283 1.29278782],waiting,[ 0.63925976  0.24903542 -0.34837281]
1031.4843652248383,1004,False,4,5,[ 8.11797418 -7.47812373  1.27144854],waiting,[-0.62185191  0.08809385  0.93462812]
1031.4843652248383,1005,False,5,2,[-8.09954493  7.93217875  1.91776083],queued,[ 0.50568378 -0.03156594 -0.11489306]
1031.5858500003815,1000,False,0,6,[8.66475507 9.22230782 2.44953161],landing,[-0.82138112 -0.19970136 -0.21083176]
1031.5858500003815,1001,False,2,0,[-1.45795677  7.12911417  4.00010058],cruising,[-0.48080528  0.59740651 -0.20557775]
1031.5858500003815,1002,False,5,3,[-0.30512849 -7.59136701  4.        ],exiting,[ 0.5677905  -0.59831228 -0.99408226]
1031.5858500003815,1003,False,1,4,[5.45785369 1.62607283 1.29278782],waiting,[ 0.63925976  0.24903542 -0.34837281]
1031.5858500003815,1004,False,4,5,[ 8.11797418 -7.47812373  1.27144854],waiting,[-0.62185191  0.08809385  0.93462812]
1031.5858500003815,1005,False,5,2,[-8.09954493  7.93217875  1.99276083],queued,[ 0.50568378 -0.03156594 -0.11489306]
1031.6843960285187,1000,False,0,6,[8.68395045 9.20957896 2.35222018],landing,[-0.82138112 -0.19970136 -0.21083176]
1031.6843960285187,1001,False,2,0,[-1.2715844   7.05655149  4.0000855 ],cruising,[-0.48080528  0.59740651 -0.20557775]
1031.6843960285187,1002,False,5,3,[-0.28971839 -7.69017252  4.        ],exiting,[ 0.5677905  -0.59831228 -0.99408226]
1031.6843960285187,1003,False,1,4,[5.45785369 1.62607283 1.29278782],waiting,[ 0.63925976  0.24903542 -0.34837281]
1031.6843960285187,1004,False,4,5,[ 8.11797418 -7.47812373  1.27144854],queued,[-0.62185191  0.08809385  0.93462812]
1031.6843960285187,1005,False,5,2,[-8.09954493  7.93217875  2.06776083],queued,[ 0.50568378 -0.03156594 -0.11489306]
1031.7799186706543,1000,False,0,6,[8.70314584 9.19685011 2.25490876],landing,[-0.82138112 -0.19970136 -0.21083176]
1031.7799186706543,1001,False,2,0,[-1.08958835  6.97362117  4.00007267],cruising,[-0.48080528  0.59740651 -0.20557775]
1031.7799186706543,1002,False,5,3,[-0.27430829 -7.78897803  4.        ],landing,[ 0.5677905  -0.59831228 -0.99408226]
1031.7799186706543,1003,False,1,4,[5.45785369 1.62607283 1.29278782],waiting,[ 0.63925976  0.24903542 -0.34837281]
1031.7799186706543,1004,False,4,5,[ 8.11797418 -7.47812373  1.29144854],queued,[-0.62185191  0.08809385  0.93462812]
1031.7799186706543,1005,False,5,2,[-8.09954493  7.93217875  2.14276083],queued,[ 0.50568378 -0.03156594 -0.11489306]
1031.88791513443,1000,False,0,6,[8.72234122 9.18412126 2.15759733],landing,[-0.82138112 -0.19970136 -0.21083176]
1031.88791513443,1001,False,2,0,[-0.91148082  6.88263927  4.00006177],cruising,[-0.48080528  0.59740651 -0.20557775]
1031.88791513443,1002,False,5,3,[-0.26423106 -7.87451104  3.9860214 ],landing,[ 0.5677905  -0.59831228 -0.99408226]
1031.88791513443,1003,False,1,4,[5.45785369 1.62607283 1.29278782],waiting,[ 0.63925976  0.24903542 -0.34837281]
1031.88791513443,1004,False,4,5,[ 8.11797418 -7.47812373  1.33144854],queued,[-0.62185191  0.08809385  0.93462812]
1031.88791513443,1005,False,5,2,[-8.09954493  7.93217875  2.21776083],queued,[ 0.50568378 -0.03156594 -0.11489306]
1031.992627620697,1000,False,0,6,[8.74153661 9.1713924  2.06028591],landing,[-0.82138112 -0.19970136 -0.21083176]
1031.992627620697,1001,False,2,0,[-0.73548105  6.78764411  4.00005251],cruising,[-0.48080528  0.59740651 -0.20557775]
1031.992627620697,1002,False,5,3,[-0.2594757  -7.94659665  3.95822814],landing,[ 0.5677905  -0.59831228 -0.99408226]
1031.992627620697,1003,False,1,4,[5.45785369 1.62607283 1.29278782],waiting,[ 0.63925976  0.24903542 -0.34837281]
1031.992627620697,1004,False,4,5,[ 8.11797418 -7.47812373  1.39144854],queued,[-0.62185191  0.08809385  0.93462812]
1031.992627620697,1005,False,5,2,[-8.09954493  7.93217875  2.29276083],queued,[ 0.50568378 -0.03156594 -0.11489306]
1032.087040901184,1000,False,0,6,[8.76073199 9.15866355 1.96297448],landing,[-0.82138112 -0.19970136 -0.21083176]
1032.087040901184,1001,False,2,0,[-0.56248782  6.68727807  4.00004463],cruising,[-0.48080528  0.59740651 -0.20557775]
1032.087040901184,1002,False,5,3,[-0.26002819 -8.00502967  3.91681747],landing,[ 0.5677905  -0.59831228 -0.99408226]
1032.087040901184,1003,False,1,4,[5.45785369 1.62607283 1.29278782],waiting,[ 0.63925976  0.24903542 -0.34837281]
1032.087040901184,1004,False,4,5,[ 8.11797418 -7.47812373  1.46644854],queued,[-0.62185191  0.08809385  0.93462812]
1032.087040901184,1005,False,5,2,[-8.09954493  7.93217875  2.36776083],queued,[ 0.50568378 -0.03156594 -0.11489306]
1032.186678647995,1000,False,0,6,[8.77992737 9.14593469 1.86566306],landing,[-0.82138112 -0.19970136 -0.21083176]
1032.186678647995,1001,False,2,0,[-0.39168285  6.58323161  4.00003793],cruising,[-0.48080528  0.59740651 -0.20557775]
1032.186678647995,1002,False,5,3,[-0.26586739 -8.04953185  3.8620658 ],landing,[ 0.5677905  -0.59831228 -0.99408226]
1032.186678647995,1003,False,1,4,[5.45785369 1.62607283 1.29278782],waiting,[ 0.63925976  0.24903542 -0.34837281]
1032.186678647995,1004,False,4,5,[ 8.11797418 -7.47812373  1.54144854],queued,[-0.62185191  0.08809385  0.93462812]
1032.186678647995,1005,False,5,2,[-8.09954493  7.93217875  2.44276083],queued,[ 0.50568378 -0.03156594 -0.11489306]
1032.2935421466827,1000,False,0,6,[8.79912276 9.13320584 1.76835163],landing,[-0.82138112 -0.19970136 -0.21083176]
1032.2935421466827,1001,False,2,0,[-0.22177445  6.47772742  4.00003224],cruising,[-0.48080528  0.59740651 -0.20557775]
1032.2935421466827,1002,False,5,3,[-0.27697327 -8.07986534  3.79421793],landing,[ 0.5677905  -0.59831228 -0.99408226]
1032.2935421466827,1003,False,1,4,[5.45785369 1.62607283 1.29278782],waiting,[ 0.63925976  0.24903542 -0.34837281]
1032.2935421466827,1004,False,4,5,[ 8.11797418 -7.47812373  1.61644854],queued,[-0.62185191  0.08809385  0.93462812]
1032.2935421466827,1005,False,5,2,[-8.09954493  7.93217875  2.51776083],entering,[ 0.50568378 -0.03156594 -0.11489306]
1032.3867497444153,1000,False,0,6,[8.81831814 9.12047698 1.67104021],landing,[-0.82138112 -0.19970136 -0.21083176]
1032.3867497444153,1001,False,2,0,[-0.05291165  6.37055768  4.00002741],cruising,[-0.48080528  0.59740651 -0.20557775]
1032.3867497444153,1002,False,5,3,[-0.29332592 -8.09581393  3.71350359],landing,[ 0.5677905  -0.59831228 -0.99408226]
1032.3867497444153,1003,False,1,4,[5.45785369 1.62607283 1.29278782],waiting,[ 0.63925976  0.24903542 -0.34837281]
1032.3867497444153,1004,False,4,5,[ 8.11797418 -7.47812373  1.69144854],queued,[-0.62185191  0.08809385  0.93462812]
1032.3867497444153,1005,False,5,2,[-8.08170007  7.92314762  2.59276083],entering,[ 0.50568378 -0.03156594 -0.11489306]
1032.4907920360565,1000,False,0,6,[8.83751353 9.10774813 1.57372878],landing,[-0.82138112 -0.19970136 -0.21083176]
1032.4907920360565,1001,False,2,0,[0.11577524 6.26311125 4.0000233 ],cruising,[-0.48080528  0.59740651 -0.20557775]
1032.4907920360565,1002,False,5,3,[-0.31490361 -8.09715996  3.62016134],landing,[ 0.5677905  -0.59831228 -0.99408226]
1032.4907920360565,1003,False,1,4,[5.45785369 1.62607283 1.29278782],queued,[ 0.63925976  0.24903542 -0.34837281]
1032.4907920360565,1004,False,4,5,[ 8.11797418 -7.47812373  1.76644854],queued,[-0.62185191  0.08809385  0.93462812]
1032.4907920360565,1005,False,5,2,[-8.04599673  7.90511238  2.66776083],entering,[ 0.50568378 -0.03156594 -0.11489306]
1032.5916566848755,1000,False,0,6,[8.85670891 9.09501927 1.47641735],fake_landed,[-0.82138112 -0.19970136 -0.21083176]
1032.5916566848755,1001,False,2,0,[0.28454867 6.15580082 4.0000198 ],cruising,[-0.48080528  0.59740651 -0.20557775]
1032.5916566848755,1002,False,5,3,[-0.33810839 -8.09386907  3.52294659],landing,[ 0.5677905  -0.59831228 -0.99408226]
1032.5916566848755,1003,False,1,4,[5.45785369 1.62607283 1.31278782],queued,[ 0.63925976  0.24903542 -0.34837281]
1032.5916566848755,1004,False,4,5,[ 8.11797418 -7.47812373  1.84144854],queued,[-0.62185191  0.08809385  0.93462812]
1032.5916566848755,1005,False,5,2,[-7.99240479  7.87813296  2.74276083],entering,[ 0.50568378 -0.03156594 -0.11489306]
1032.6921026706696,1000,False,0,6,[8.87206522 9.08483619 1.39856821],fake_landed,[-0.82138112 -0.19970136 -0.21083176]
1032.6921026706696,1001,False,2,0,[0.45382635 6.0492876  4.00001683],exiting,[-0.48080528  0.59740651 -0.20557775]
1032.6921026706696,1002,False,5,3,[-0.36131318 -8.09057818  3.42573184],landing,[ 0.5677905  -0.59831228 -0.99408226]
1032.6921026706696,1003,False,1,4,[5.45785369 1.62607283 1.35278782],queued,[ 0.63925976  0.24903542 -0.34837281]
1032.6921026706696,1004,False,4,5,[ 8.11797418 -7.47812373  1.91644854],queued,[-0.62185191  0.08809385  0.93462812]
1032.6921026706696,1005,False,5,2,[-7.92086726  7.84232427  2.81776083],entering,[ 0.50568378 -0.03156594 -0.11489306]
1032.7893567085266,1000,False,0,6,[8.88358245 9.07719888 1.34018136],fake_landed,[-0.82138112 -0.19970136 -0.21083176]
1032.7893567085266,1001,False,2,0,[0.6128357  5.95993717 4.00001386],exiting,[-0.48080528  0.59740651 -0.20557775]
1032.7893567085266,1002,False,5,3,[-0.38451796 -8.08728729  3.32851709],landing,[ 0.5677905  -0.59831228 -0.99408226]
1032.7893567085266,1003,False,1,4,[5.45785369 1.62607283 1.41278782],queued,[ 0.63925976  0.24903542 -0.34837281]
1032.7893567085266,1004,False,4,5,[ 8.11797418 -7.47812373  1.99144854],queued,[-0.62185191  0.08809385  0.93462812]
1032.7893567085266,1005,False,5,2,[-7.83133491  7.79778711  2.89276083],entering,[ 0.50568378 -0.03156594 -0.11489306]
1032.8922169208527,1000,False,0,6,[8.8912606  9.07210733 1.30125679],fake_landed,[-0.82138112 -0.19970136 -0.21083176]
1032.8922169208527,1001,False,2,0,[0.76142201 5.88765602 4.00001091],exiting,[-0.48080528  0.59740651 -0.20557775]
1032.8922169208527,1002,False,5,3,[-0.40772275 -8.0839964   3.23130234],landing,[ 0.5677905  -0.59831228 -0.99408226]
1032.8922169208527,1003,False,1,4,[5.45785369 1.62607283 1.48778782],queued,[ 0.63925976  0.24903542 -0.34837281]
1032.8922169208527,1004,False,4,5,[ 8.11797418 -7.47812373  2.06644854],queued,[-0.62185191  0.08809385  0.93462812]
1032.8922169208527,1005,False,5,2,[-7.7237831   7.74457246  2.96776083],entering,[ 0.50568378 -0.03156594 -0.11489306]
1032.9899027347565,1000,False,0,6,[8.89509968 9.06956156 1.2817945 ],fake_landed,[-0.82138112 -0.19970136 -0.21083176]
1032.9899027347565,1001,False,2,0,[0.89941181 5.832337   4.00000805],exiting,[-0.48080528  0.59740651 -0.20557775]
1032.9899027347565,1002,False,5,3,[-0.43092753 -8.08070552  3.13408758],landing,[ 0.5677905  -0.59831228 -0.99408226]
1032.9899027347565,1003,False,1,4,[5.45785369 1.62607283 1.56278782],queued,[ 0.63925976  0.24903542 -0.34837281]
1032.9899027347565,1004,False,4,5,[ 8.11797418 -7.47812373  2.14144854],queued,[-0.62185191  0.08809385  0.93462812]
1032.9899027347565,1005,False,5,2,[-7.59819451  7.68271634  3.04276083],entering,[ 0.50568378 -0.03156594 -0.11489306]
1033.0902733802795,1000,False,0,6,[8.89509968 9.06956156 1.2817945 ],fake_landed,[-0.82138112 -0.19970136 -0.21083176]
1033.0902733802795,1001,False,2,0,[1.02660866 5.79385581 4.00000531],exiting,[-0.48080528  0.59740651 -0.20557775]
1033.0902733802795,1002,False,5,3,[-0.45413232 -8.07741463  3.03687283],landing,[ 0.5677905  -0.59831228 -0.99408226]
1033.0902733802795,1003,False,1,4,[5.45785369 1.62607283 1.63778782],queued,[ 0.63925976  0.24903542 -0.34837281]
1033.0902733802795,1004,False,4,5,[ 8.11797418 -7.47812373  2.21644854],queued,[-0.62185191  0.08809385  0.93462812]
1033.0902733802795,1005,False,5,2,[-7.45412247  7.61322071  3.11776083],entering,[ 0.50568378 -0.03156594 -0.11489306]
1033.1839754581451,1000,False,6,1,[8.89509968 9.06956156 1.2817945 ],waiting,[-0.82138112 -0.19970136 -0.21083176]
1033.1839754581451,1001,False,2,0,[1.14278455 5.77206408 4.00000276],exiting,[-0.48080528  0.59740651 -0.20557775]
1033.1839754581451,1002,False,5,3,[-0.4773371  -8.07412374  2.93965808],landing,[ 0.5677905  -0.59831228 -0.99408226]
1033.1839754581451,1003,False,1,4,[5.45785369 1.62607283 1.71278782],queued,[ 0.63925976  0.24903542 -0.34837281]
1033.1839754581451,1004,False,4,5,[ 8.11797418 -7.47812373  2.29144854],queued,[-0.62185191  0.08809385  0.93462812]
1033.1839754581451,1005,False,5,2,[-7.2913339   7.53667588  3.19276083],entering,[ 0.50568378 -0.03156594 -0.11489306]
1033.2926638126373,1000,False,6,1,[8.89509968 9.06956156 1.2817945 ],waiting,[-0.82138112 -0.19970136 -0.21083176]
1033.2926638126373,1001,False,2,0,[1.24765957 5.76677358 4.00000047],exiting,[-0.48080528  0.59740651 -0.20557775]
1033.2926638126373,1002,False,5,3,[-0.50054188 -8.07083285  2.84244333],landing,[ 0.5677905  -0.59831228 -0.99408226]
1033.2926638126373,1003,False,1,4,[5.45785369 1.62607283 1.78778782],queued,[ 0.63925976  0.24903542 -0.34837281]
1033.2926638126373,1004,False,4,5,[ 8.11797418 -7.47812373  2.36644854],queued,[-0.62185191  0.08809385  0.93462812]
1033.2926638126373,1005,False,5,2,[-7.10906183  7.45561517  3.26776083],entering,[ 0.50568378 -0.03156594 -0.11489306]
1033.3920772075653,1000,False,6,1,[8.89509968 9.06956156 1.2817945 ],waiting,[-0.82138112 -0.19970136 -0.21083176]
1033.3920772075653,1001,False,2,0,[1.34084873 5.77771393 3.99999854],exiting,[-0.48080528  0.59740651 -0.20557775]
1033.3920772075653,1002,False,5,3,[-0.52374667 -8.06754196  2.74522858],landing,[ 0.5677905  -0.59831228 -0.99408226]
1033.3920772075653,1003,False,1,4,[5.45785369 1.62607283 1.86278782],queued,[ 0.63925976  0.24903542 -0.34837281]
1033.3920772075653,1004,False,4,5,[ 8.11797418 -7.47812373  2.44144854],entering,[-0.62185191  0.08809385  0.93462812]
1033.3920772075653,1005,False,5,2,[-6.9252715   7.37674114  3.34276083],entering,[ 0.50568378 -0.03156594 -0.11489306]
1033.4938068389893,1000,False,6,1,[8.89509968 9.06956156 1.2817945 ],waiting,[-0.82138112 -0.19970136 -0.21083176]
1033.4938068389893,1001,False,2,0,[1.42211417 5.80471121 3.99999703],exiting,[-0.48080528  0.59740651 -0.20557775]
1033.4938068389893,1002,False,5,3,[-0.54695145 -8.06425107  2.64801382],landing,[ 0.5677905  -0.59831228 -0.99408226]
1033.4938068389893,1003,False,1,4,[5.45785369 1.62607283 1.93778782],queued,[ 0.63925976  0.24903542 -0.34837281]
1033.4938068389893,1004,False,4,5,[ 8.10648364 -7.46175402  2.51644854],entering,[-0.62185191  0.08809385  0.93462812]
1033.4938068389893,1005,False,5,2,[-6.7393486   7.30303444  3.41776083],entering,[ 0.50568378 -0.03156594 -0.11489306]
1033.5795164108276,1000,False,6,1,[8.89509968 9.06956156 1.2817945 ],waiting,[-0.82138112 -0.19970136 -0.21083176]
1033.5795164108276,1001,False,2,0,[1.49121576 5.84758427 3.99999599],exiting,[-0.48080528  0.59740651 -0.20557775]
1033.5795164108276,1002,False,5,3,[-0.57015624 -8.06096018  2.55079907],landing,[ 0.5677905  -0.59831228 -0.99408226]
1033.5795164108276,1003,False,1,4,[5.45785369 1.62607283 2.01278782],queued,[ 0.63925976  0.24903542 -0.34837281]
1033.5795164108276,1004,False,4,5,[ 8.08350257 -7.42901459  2.59144854],entering,[-0.62185191  0.08809385  0.93462812]
1033.5795164108276,1005,False,5,2,[-6.55187752  7.23335953  3.49276083],entering,[ 0.50568378 -0.03156594 -0.11489306]
1033.6930742263794,1000,False,6,1,[8.89509968 9.06956156 1.2817945 ],waiting,[-0.82138112 -0.19970136 -0.21083176]
1033.6930742263794,1001,False,2,0,[1.54791115 5.90614448 3.99999547],exiting,[-0.48080528  0.59740651 -0.20557775]
1033.6930742263794,1002,False,5,3,[-0.59336102 -8.05766929  2.45358432],landing,[ 0.5677905  -0.59831228 -0.99408226]
1033.6930742263794,1003,False,1,4,[5.45785369 1.62607283 2.08778782],queued,[ 0.63925976  0.24903542 -0.34837281]
1033.6930742263794,1004,False,4,5,[ 8.04903096 -7.37990544  2.66644854],entering,[-0.62185191  0.08809385  0.93462812]
1033.6930742263794,1005,False,5,2,[-6.36270583  7.16844365  3.56776083],entering,[ 0.50568378 -0.03156594 -0.11489306]
1033.7931895256042,1000,False,6,1,[8.89509968 9.06956156 1.2817945 ],waiting,[-0.82138112 -0.19970136 -0.21083176]
1033.7931895256042,1001,False,2,0,[1.59195582 5.98019531 3.9999955 ],exiting,[-0.48080528  0.59740651 -0.20557775]
1033.7931895256042,1002,False,5,3,[-0.61656581 -8.05437841  2.35636957],landing,[ 0.5677905  -0.59831228 -0.99408226]
1033.7931895256042,1003,False,1,4,[5.45785369 1.62607283 2.16278782],queued,[ 0.63925976  0.24903542 -0.34837281]
1033.7931895256042,1004,False,4,5,[ 8.00306882 -7.31442658  2.74144854],entering,[-0.62185191  0.08809385  0.93462812]
1033.7931895256042,1005,False,5,2,[-6.17148658  7.10983307  3.6325967 ],entering,[ 0.50568378 -0.03156594 -0.11489306]
1033.885912656784,1000,False,6,1,[8.89509968 9.06956156 1.2817945 ],waiting,[-0.82138112 -0.19970136 -0.21083176]
1033.885912656784,1001,False,2,0,[1.62310297 6.06953188 3.99999606],exiting,[-0.48080528  0.59740651 -0.20557775]
1033.885912656784,1002,False,5,3,[-0.63977059 -8.05108752  2.25915481],landing,[ 0.5677905  -0.59831228 -0.99408226]
1033.885912656784,1003,False,1,4,[5.45785369 1.62607283 2.23778782],queued,[ 0.63925976  0.24903542 -0.34837281]
1033.885912656784,1004,False,4,5,[ 7.94561613 -7.23257801  2.81644854],entering,[-0.62185191  0.08809385  0.93462812]
1033.885912656784,1005,False,5,2,[-5.97800506  7.05918822  3.6877072 ],entering,[ 0.50568378 -0.03156594 -0.11489306]
1033.9803190231323,1000,False,6,1,[8.89509968 9.06956156 1.2817945 ],waiting,[-0.82138112 -0.19970136 -0.21083176]
1033.9803190231323,1001,False,2,0,[1.64760848 6.16648279 3.99999679],exiting,[-0.48080528  0.59740651 -0.20557775]
1033.9803190231323,1002,False,5,3,[-0.66297538 -8.04779663  2.16194006],landing,[ 0.5677905  -0.59831228 -0.99408226]
1033.9803190231323,1003,False,1,4,[5.45785369 1.62607283 2.31278782],queued,[ 0.63925976  0.24903542 -0.34837281]
1033.9803190231323,1004,False,4,5,[ 7.87667292 -7.13435972  2.89144854],entering,[-0.62185191  0.08809385  0.93462812]
1033.9803190231323,1005,False,5,2,[-5.78244372  7.0172864   3.73455112],entering,[ 0.50568378 -0.03156594 -0.11489306]
1034.0804686546326,1000,False,6,1,[8.89509968 9.06956156 1.2817945 ],waiting,[-0.82138112 -0.19970136 -0.21083176]
1034.0804686546326,1001,False,2,0,[1.67211399 6.26343371 3.99999739],exiting,[-0.48080528  0.59740651 -0.20557775]
1034.0804686546326,1002,False,5,3,[-0.68618016 -8.04450574  2.06472531],landing,[ 0.5677905  -0.59831228 -0.99408226]
1034.0804686546326,1003,False,1,4,[5.45785369 1.62607283 2.38778782],queued,[ 0.63925976  0.24903542 -0.34837281]
1034.0804686546326,1004,False,4,5,[ 7.7962994  -7.01972959  2.96644854],entering,[-0.62185191  0.08809385  0.93462812]
1034.0804686546326,1005,False,5,2,[-5.585256    6.98386478  3.77436845],entering,[ 0.50568378 -0.03156594 -0.11489306]
1034.1867237091064,1000,False,6,1,[8.89509968 9.06956156 1.2817945 ],waiting,[-0.82138112 -0.19970136 -0.21083176]
1034.1867237091064,1001,False,2,0,[1.6966195  6.36038463 3.99999788],exiting,[-0.48080528  0.59740651 -0.20557775]
1034.1867237091064,1002,False,5,3,[-0.70938495 -8.04121485  1.96751056],landing,[ 0.5677905  -0.59831228 -0.99408226]
1034.1867237091064,1003,False,1,4,[5.45785369 1.62607283 2.46278782],queued,[ 0.63925976  0.24903542 -0.34837281]
1034.1867237091064,1004,False,4,5,[ 7.70369149 -6.88927797  3.04144854],entering,[-0.62185191  0.08809385  0.93462812]
1034.1867237091064,1005,False,5,2,[-5.38633934  6.96307634  3.80821318],entering,[ 0.50568378 -0.03156594 -0.11489306]
1034.2929980754852,1000,False,6,1,[8.89509968 9.06956156 1.2817945 ],waiting,[-0.82138112 -0.19970136 -0.21083176]
1034.2929980754852,1001,False,2,0,[1.72112501 6.45733554 3.99999828],exiting,[-0.48080528  0.59740651 -0.20557775]
1034.2929980754852,1002,False,5,3,[-0.73258973 -8.03792396  1.87029581],landing,[ 0.5677905  -0.59831228 -0.99408226]
1034.2929980754852,1003,False,1,4,[5.45785369 1.62607283 2.53778782],queued,[ 0.63925976  0.24903542 -0.34837281]
1034.2929980754852,1004,False,4,5,[ 7.59820134 -6.74352773  3.11644854],entering,[-0.62185191  0.08809385  0.93462812]
1034.2929980754852,1005,False,5,2,[-5.18663212  6.95225834  3.83698121],entering,[ 0.50568378 -0.03156594 -0.11489306]
1034.3882658481598,1000,False,6,1,[8.89509968 9.06956156 1.2817945 ],waiting,[-0.82138112 -0.19970136 -0.21083176]
1034.3882658481598,1001,False,2,0,[1.74563052 6.55428646 3.99999861],exiting,[-0.48080528  0.59740651 -0.20557775]
1034.3882658481598,1002,False,5,3,[-0.75579452 -8.03463307  1.77308105],landing,[ 0.5677905  -0.59831228 -0.99408226]
1034.3882658481598,1003,False,1,4,[5.45785369 1.62607283 2.61278782],entering,[ 0.63925976  0.24903542 -0.34837281]
1034.3882658481598,1004,False,4,5,[ 7.47974896 -6.58254658  3.19144854],entering,[-0.62185191  0.08809385  0.93462812]
1034.3882658481598,1005,False,5,2,[-4.98663286  6.95171621  3.86143402],cruising,[ 0.50568378 -0.03156594 -0.11489306]
1034.4832639694214,1000,False,6,1,[8.89509968 9.06956156 1.2817945 ],waiting,[-0.82138112 -0.19970136 -0.21083176]
1034.4832639694214,1001,False,2,0,[1.77013603 6.65123737 3.99999888],exiting,[-0.48080528  0.59740651 -0.20557775]
1034.4832639694214,1002,False,5,3,[-0.7789993  -8.03134219  1.6758663 ],landing,[ 0.5677905  -0.59831228 -0.99408226]
1034.4832639694214,1003,False,1,4,[5.47754569 1.62257638 2.68778782],entering,[ 0.63925976  0.24903542 -0.34837281]
1034.4832639694214,1004,False,4,5,[ 7.36067194 -6.42185849  3.26644854],entering,[-0.62185191  0.08809385  0.93462812]
1034.4832639694214,1005,False,5,2,[-4.78684818  6.96099433  3.88221892],cruising,[ 0.50568378 -0.03156594 -0.11489306]
1034.5789721012115,1000,False,6,1,[8.89509968 9.06956156 1.2817945 ],waiting,[-0.82138112 -0.19970136 -0.21083176]
1034.5789721012115,1001,False,2,0,[1.79464154 6.74818829 3.9999991 ],exiting,[-0.48080528  0.59740651 -0.20557775]
1034.5789721012115,1002,False,5,3,[-0.80220409 -8.0280513   1.57865155],landing,[ 0.5677905  -0.59831228 -0.99408226]
1034.5789721012115,1003,False,1,4,[5.51692401 1.6155516  2.76278782],entering,[ 0.63925976  0.24903542 -0.34837281]
1034.5789721012115,1004,False,4,5,[ 7.23811277 -6.26381024  3.34144854],entering,[-0.62185191  0.08809385  0.93462812]
1034.5789721012115,1005,False,5,2,[-4.58765448  6.97893504  3.89988608],cruising,[ 0.50568378 -0.03156594 -0.11489306]
1034.684642791748,1000,False,6,1,[8.89509968 9.06956156 1.2817945 ],waiting,[-0.82138112 -0.19970136 -0.21083176]
1034.684642791748,1001,False,2,0,[1.81914705 6.8451392  3.99999928],exiting,[-0.48080528  0.59740651 -0.20557775]
1034.684642791748,1002,False,5,3,[-0.82540887 -8.02476041  1.4814368 ],fake_landed,[ 0.5677905  -0.59831228 -0.99408226]
1034.684642791748,1003,False,1,4,[5.57597584 1.60492786 2.83778782],entering,[ 0.63925976  0.24903542 -0.34837281]
1034.684642791748,1004,False,4,5,[ 7.11636594 -6.10513539  3.41644854],entering,[-0.62185191  0.08809385  0.93462812]
1034.684642791748,1005,False,5,2,[-4.3892242   7.00394354  3.91490317],cruising,[ 0.50568378 -0.03156594 -0.11489306]
1034.7803993225098,1000,False,6,1,[8.89509968 9.06956156 1.2817945 ],waiting,[-0.82138112 -0.19970136 -0.21083176]
1034.7803993225098,1001,False,2,0,[1.84365256 6.94209012 3.99999942],exiting,[-0.48080528  0.59740651 -0.20557775]
1034.7803993225098,1002,False,5,3,[-0.8439727 -8.0221277  1.403665 ],fake_landed,[ 0.5677905  -0.59831228 -0.99408226]
1034.7803993225098,1003,False,1,4,[5.65462694 1.59032055 2.91278782],entering,[ 0.63925976  0.24903542 -0.34837281]
1034.7803993225098,1004,False,4,5,[ 6.98933398 -5.95065923  3.49144854],entering,[-0.62185191  0.08809385  0.93462812]
1034.7803993225098,1005,False,5,2,[-4.19153552  7.03426159  3.92766769],cruising,[ 0.50568378 -0.03156594 -0.11489306]
1034.894627571106,1000,False,6,1,[8.89509968 9.06956156 1.2817945 ],waiting,[-0.82138112 -0.19970136 -0.21083176]
1034.894627571106,1001,False,2,0,[1.86815807 7.03904103 3.99999954],exiting,[-0.48080528  0.59740651 -0.20557775]
1034.894627571106,1002,False,5,3,[-0.85789557 -8.02015316  1.34533615],fake_landed,[ 0.5677905  -0.59831228 -0.99408226]
1034.894627571106,1003,False,1,4,[5.75279576 1.57134765 2.98778782],entering,[ 0.63925976  0.24903542 -0.34837281]
1034.894627571106,1004,False,4,5,[ 6.86091634 -5.79733308  3.56644854],entering,[-0.62185191  0.08809385  0.93462812]
1034.894627571106,1005,False,5,2,[-3.99443084  7.06816949  3.93851754],cruising,[ 0.50568378 -0.03156594 -0.11489306]
1034.9826419353485,1000,False,6,1,[8.89509968 9.06956156 1.2817945 ],waiting,[-0.82138112 -0.19970136 -0.21083176]
1034.9826419353485,1001,False,2,0,[1.89266358 7.13599195 3.99999963],exiting,[-0.48080528  0.59740651 -0.20557775]
1034.9826419353485,1002,False,5,3,[-0.86717748 -8.01883681  1.30645024],fake_landed,[ 0.5677905  -0.59831228 -0.99408226]
1034.9826419353485,1003,False,1,4,[5.87034042 1.54741723 3.06278782],entering,[ 0.63925976  0.24903542 -0.34837281]
1034.9826419353485,1004,False,4,5,[ 6.73085221 -5.64540112  3.63148126],entering,[-0.62185191  0.08809385  0.93462812]
1034.9826419353485,1005,False,5,2,[-3.79768409  7.10409604  3.94773991],cruising,[ 0.50568378 -0.03156594 -0.11489306]
1035.0855746269226,1000,False,6,1,[8.89509968 9.06956156 1.2817945 ],waiting,[-0.82138112 -0.19970136 -0.21083176]
1035.0855746269226,1001,False,2,0,[1.91716909 7.23294286 3.99999971],exiting,[-0.48080528  0.59740651 -0.20557775]
1035.0855746269226,1002,False,5,3,[-0.87181844 -8.01817863  1.28700729],fake_landed,[ 0.5677905  -0.59831228 -0.99408226]
1035.0855746269226,1003,False,1,4,[6.00707411 1.51784934 3.13778782],entering,[ 0.63925976  0.24903542 -0.34837281]
1035.0855746269226,1004,False,4,5,[ 6.59410223 -5.49945783  3.68675907],entering,[-0.62185191  0.08809385  0.93462812]
1035.0855746269226,1005,False,5,2,[-3.60061525  7.1382116   3.95557892],cruising,[ 0.50568378 -0.03156594 -0.11489306]
1035.180993795395,1000,False,6,1,[8.89509968 9.06956156 1.2817945 ],waiting,[-0.82138112 -0.19970136 -0.21083176]
1035.180993795395,1001,False,2,0,[1.9416746  7.32989378 3.99999977],exiting,[-0.48080528  0.59740651 -0.20557775]
1035.180993795395,1002,False,5,3,[-0.87181844 -8.01817863  1.28700729],fake_landed,[ 0.5677905  -0.59831228 -0.99408226]
1035.180993795395,1003,False,1,4,[6.16231857 1.48070837 3.21278782],entering,[ 0.63925976  0.24903542 -0.34837281]
1035.180993795395,1004,False,4,5,[ 6.45259585 -5.35812154  3.73374521],entering,[-0.62185191  0.08809385  0.93462812]
1035.180993795395,1005,False,5,2,[-3.40351897  7.17216828  3.96224208],cruising,[ 0.50568378 -0.03156594 -0.11489306]
1035.2854816913605,1000,False,6,1,[8.89509968 9.06956156 1.2817945 ],waiting,[-0.82138112 -0.19970136 -0.21083176]
1035.2854816913605,1001,False,2,0,[1.96618011 7.42684469 3.99999982],exiting,[-0.48080528  0.59740651 -0.20557775]
1035.2854816913605,1002,False,3,6,[-0.87181844 -8.01817863  1.28700729],waiting,[ 0.5677905  -0.59831228 -0.99408226]
1035.2854816913605,1003,False,1,4,[6.33514859 1.43404122 3.28778782],entering,[ 0.63925976  0.24903542 -0.34837281]
1035.2854816913605,1004,False,4,5,[ 6.30845146 -5.2194767   3.77368343],entering,[-0.62185191  0.08809385  0.93462812]
1035.2854816913605,1005,False,5,2,[-3.206196    7.20478186  3.96790577],cruising,[ 0.50568378 -0.03156594 -0.11489306]
1035.384339094162,1000,False,6,1,[8.89509968 9.06956156 1.2817945 ],waiting,[-0.82138112 -0.19970136 -0.21083176]
1035.384339094162,1001,False,2,0,[1.99068562 7.52379561 3.99999986],exiting,[-0.48080528  0.59740651 -0.20557775]
1035.384339094162,1002,False,3,6,[-0.87181844 -8.01817863  1.28700729],waiting,[ 0.5677905  -0.59831228 -0.99408226]
1035.384339094162,1003,False,1,4,[6.52144373 1.37258588 3.36278782],entering,[ 0.63925976  0.24903542 -0.34837281]
1035.384339094162,1004,False,4,5,[ 6.15742038 -5.08836753  3.80763091],entering,[-0.62185191  0.08809385  0.93462812]
1035.384339094162,1005,False,5,2,[-3.00810127  7.23232231  3.97271991],cruising,[ 0.50568378 -0.03156594 -0.11489306]
1035.4812440872192,1000,False,6,1,[8.89509968 9.06956156 1.2817945 ],waiting,[-0.82138112 -0.19970136 -0.21083176]
1035.4812440872192,1001,False,2,0,[2.01519113 7.62074653 3.99999989],exiting,[-0.48080528  0.59740651 -0.20557775]
1035.4812440872192,1002,False,3,6,[-0.87181844 -8.01817863  1.28700729],waiting,[ 0.5677905  -0.59831228 -0.99408226]
1035.4812440872192,1003,False,1,4,[6.70832455 1.30134294 3.43778782],entering,[ 0.63925976  0.24903542 -0.34837281]
1035.4812440872192,1004,False,4,5,[ 5.99940096 -4.96577119  3.83648628],cruising,[-0.62185191  0.08809385  0.93462812]
1035.4812440872192,1005,False,5,2,[-2.80960256  7.2567817   3.97681192],cruising,[ 0.50568378 -0.03156594 -0.11489306]
1035.5813508033752,1000,False,6,1,[8.89509968 9.06956156 1.2817945 ],queued,[-0.82138112 -0.19970136 -0.21083176]
1035.5813508033752,1001,False,2,0,[2.03969664 7.71769744 3.99999992],exiting,[-0.48080528  0.59740651 -0.20557775]
1035.5813508033752,1002,False,3,6,[-0.87181844 -8.01817863  1.28700729],waiting,[ 0.5677905  -0.59831228 -0.99408226]
1035.5813508033752,1003,False,1,4,[6.89118746 1.22034197 3.51278782],entering,[ 0.63925976  0.24903542 -0.34837281]
1035.5813508033752,1004,False,4,5,[ 5.83768673 -4.8480915   3.86101333],cruising,[-0.62185191  0.08809385  0.93462812]
1035.5813508033752,1005,False,5,2,[-2.61034206  7.27396469  3.98029013],cruising,[ 0.50568378 -0.03156594 -0.11489306]
1035.694508075714,1000,False,6,1,[8.89509968 9.06956156 1.3017945 ],queued,[-0.82138112 -0.19970136 -0.21083176]
1035.694508075714,1001,False,2,0,[2.06420215 7.81464836 3.99999994],exiting,[-0.48080528  0.59740651 -0.20557775]
1035.694508075714,1002,False,3,6,[-0.87181844 -8.01817863  1.28700729],waiting,[ 0.5677905  -0.59831228 -0.99408226]
1035.694508075714,1003,False,1,4,[7.06903019 1.12884354 3.58586965],entering,[ 0.63925976  0.24903542 -0.34837281]
1035.694508075714,1004,False,4,5,[ 5.6696369  -4.73965142  3.88186133],cruising,[-0.62185191  0.08809385  0.93462812]
1035.694508075714,1005,False,5,2,[-2.41070912  7.2860762   3.98324661],cruising,[ 0.50568378 -0.03156594 -0.11489306]
1035.793272972107,1000,False,6,1,[8.89509968 9.06956156 1.3417945 ],queued,[-0.82138112 -0.19970136 -0.21083176]
1035.793272972107,1001,False,2,0,[2.08870766 7.91159927 3.99999995],exiting,[-0.48080528  0.59740651 -0.20557775]
1035.793272972107,1002,False,3,6,[-0.87181844 -8.01817863  1.28700729],waiting,[ 0.5677905  -0.59831228 -0.99408226]
1035.793272972107,1003,False,1,4,[7.24061153 1.02608244 3.6479892 ],entering,[ 0.63925976  0.24903542 -0.34837281]
1035.793272972107,1004,False,4,5,[ 5.49837265 -4.6363627   3.89958213],cruising,[-0.62185191  0.08809385  0.93462812]
1035.793272972107,1005,False,5,2,[-2.21071611  7.28774882  3.98575962],cruising,[ 0.50568378 -0.03156594 -0.11489306]
1035.8851339817047,1000,False,6,1,[8.89509968 9.06956156 1.4017945 ],queued,[-0.82138112 -0.19970136 -0.21083176]
1035.8851339817047,1001,False,2,0,[2.11321317 8.00855019 3.99999996],exiting,[-0.48080528  0.59740651 -0.20557775]
1035.8851339817047,1002,False,3,6,[-0.87181844 -8.01817863  1.28700729],queued,[ 0.5677905  -0.59831228 -0.99408226]
1035.8851339817047,1003,False,1,4,[7.40442488 0.91134279 3.70079082],entering,[ 0.63925976  0.24903542 -0.34837281]
1035.8851339817047,1004,False,4,5,[ 5.32267574 -4.54080854  3.91464481],cruising,[-0.62185191  0.08809385  0.93462812]
1035.8851339817047,1005,False,5,2,[-2.01134067  7.27195536  3.98789568],cruising,[ 0.50568378 -0.03156594 -0.11489306]
1035.9793498516083,1000,False,6,1,[8.89509968 9.06956156 1.4767945 ],queued,[-0.82138112 -0.19970136 -0.21083176]
1035.9793498516083,1001,False,2,0,[2.13771868 8.1055011  3.99999997],exiting,[-0.48080528  0.59740651 -0.20557775]
1035.9793498516083,1002,False,3,6,[-0.87181844 -8.01817863  1.30700729],queued,[ 0.5677905  -0.59831228 -0.99408226]
1035.9793498516083,1003,False,1,4,[7.56006118 0.7857349  3.7456722 ],entering,[ 0.63925976  0.24903542 -0.34837281]
1035.9793498516083,1004,False,4,5,[ 5.14502108 -4.4489455   3.92744809],cruising,[-0.62185191  0.08809385  0.93462812]
1035.9793498516083,1005,False,5,2,[-1.81437615  7.23724259  3.98971133],cruising,[ 0.50568378 -0.03156594 -0.11489306]
1036.094039440155,1000,False,6,1,[8.89509968 9.06956156 1.5517945 ],entering,[-0.82138112 -0.19970136 -0.21083176]
1036.094039440155,1001,False,2,0,[2.16222419 8.20245202 3.99999998],exiting,[-0.48080528  0.59740651 -0.20557775]
1036.094039440155,1002,False,3,6,[-0.87181844 -8.01817863  1.34700729],queued,[ 0.5677905  -0.59831228 -0.99408226]
1036.094039440155,1003,False,1,4,[7.70421556 0.64710044 3.78382137],entering,[ 0.63925976  0.24903542 -0.34837281]
1036.094039440155,1004,False,4,5,[ 4.96465785 -4.3625215   3.93833088],cruising,[-0.62185191  0.08809385  0.93462812]
1036.094039440155,1005,False,5,2,[-1.62103973  7.18604662  3.99125463],cruising,[ 0.50568378 -0.03156594 -0.11489306]
1036.1801919937134,1000,False,6,1,[8.89087394 9.05001308 1.6267945 ],entering,[-0.82138112 -0.19970136 -0.21083176]
1036.1801919937134,1001,False,2,0,[2.1867297  8.29940293 3.99999999],exiting,[-0.48080528  0.59740651 -0.20557775]
1036.1801919937134,1002,False,3,6,[-0.87181844 -8.01817863  1.40700729],queued,[ 0.5677905  -0.59831228 -0.99408226]
1036.1801919937134,1003,False,1,4,[7.83489892 0.49570076 3.81624816],entering,[ 0.63925976  0.24903542 -0.34837281]
1036.1801919937134,1004,False,4,5,[ 4.78331909 -4.27816361  3.94758125],cruising,[-0.62185191  0.08809385  0.93462812]
1036.1801919937134,1005,False,5,2,[-1.43193161  7.12094576  3.99256643],cruising,[ 0.50568378 -0.03156594 -0.11489306]
1036.2846384048462,1000,False,6,1,[8.88242245 9.01091612 1.7017945 ],entering,[-0.82138112 -0.19970136 -0.21083176]
1036.2846384048462,1001,False,2,0,[2.21123521 8.39635385 3.99999999],exiting,[-0.48080528  0.59740651 -0.20557775]
1036.2846384048462,1002,False,3,6,[-0.87181844 -8.01817863  1.48200729],queued,[ 0.5677905  -0.59831228 -0.99408226]
1036.2846384048462,1003,False,1,4,[7.95040267 0.33242528 3.84381094],entering,[ 0.63925976  0.24903542 -0.34837281]
1036.2846384048462,1004,False,4,5,[ 4.60111925 -4.195682    3.95544406],cruising,[-0.62185191  0.08809385  0.93462812]
1036.2846384048462,1005,False,5,2,[-1.24714155  7.04444325  3.99368147],cruising,[ 0.50568378 -0.03156594 -0.11489306]
1036.3833475112915,1000,False,6,1,[8.86974522 8.95227068 1.7767945 ],entering,[-0.82138112 -0.19970136 -0.21083176]
1036.3833475112915,1001,False,2,0,[2.23574072 8.49330476 3.99999999],exiting,[-0.48080528  0.59740651 -0.20557775]
1036.3833475112915,1002,False,3,6,[-0.87181844 -8.01817863  1.55700729],queued,[ 0.5677905  -0.59831228 -0.99408226]
1036.3833475112915,1003,False,1,4,[8.04962331 0.15877257 3.8672393 ],cruising,[ 0.63925976  0.24903542 -0.34837281]
1036.3833475112915,1004,False,4,5,[ 4.41763096 -4.11610783  3.96212745],cruising,[-0.62185191  0.08809385  0.93462812]
1036.3833475112915,1005,False,5,2,[-1.06498532  6.96186537  3.99462925],cruising,[ 0.50568378 -0.03156594 -0.11489306]
1036.4801998138428,1000,False,6,1,[8.85284224 8.87407676 1.8517945 ],entering,[-0.82138112 -0.19970136 -0.21083176]
1036.4801998138428,1001,False,2,0,[2.26024623 8.59025568 4.        ],exiting,[-0.48080528  0.59740651 -0.20557775]
1036.4801998138428,1002,False,3,6,[-0.87181844 -8.01817863  1.63200729],queued,[ 0.5677905  -0.59831228 -0.99408226]
1036.4801998138428,1003,False,1,4,[ 8.13124415 -0.02376578  3.88730719],cruising,[ 0.63925976  0.24903542 -0.34837281]
1036.4801998138428,1004,False,4,5,[ 4.2337474  -4.03745137  3.96780833],cruising,[-0.62185191  0.08809385  0.93462812]
1036.4801998138428,1005,False,5,2,[-0.88686192  6.87091454  3.99543486],cruising,[ 0.50568378 -0.03156594 -0.11489306]
1036.5899152755737,1000,False,6,1,[8.83171637 8.77633374 1.9267945 ],entering,[-0.82138112 -0.19970136 -0.21083176]
1036.5899152755737,1001,False,2,0,[2.28475174 8.68720659 4.        ],landing,[-0.48080528  0.59740651 -0.20557775]
1036.5899152755737,1002,False,3,6,[-0.87181844 -8.01817863  1.70700729],queued,[ 0.5677905  -0.59831228 -0.99408226]
1036.5899152755737,1003,False,1,4,[ 8.19615798 -0.21293818  3.90421111],cruising,[ 0.63925976  0.24903542 -0.34837281]
1036.5899152755737,1004,False,4,5,[ 4.04910539 -3.96059225  3.97263708],cruising,[-0.62185191  0.08809385  0.93462812]
1036.5899152755737,1005,False,5,2,[-0.71208134  6.77369443  3.99611963],cruising,[ 0.50568378 -0.03156594 -0.11489306]
1036.6918439865112,1000,False,6,1,[8.80652523 8.65900824 2.0017945 ],entering,[-0.82138112 -0.19970136 -0.21083176]
1036.6918439865112,1001,False,2,0,[2.30882686 8.76966578 3.98622304],landing,[-0.48080528  0.59740651 -0.20557775]
1036.6918439865112,1002,False,3,6,[-0.87181844 -8.01817863  1.78200729],queued,[ 0.5677905  -0.59831228 -0.99408226]
1036.6918439865112,1003,False,1,4,[ 8.24655816 -0.40648358  3.91857945],cruising,[ 0.63925976  0.24903542 -0.34837281]
1036.6918439865112,1004,False,4,5,[ 3.86425446 -3.88423693  3.97674152],cruising,[-0.62185191  0.08809385  0.93462812]
1036.6918439865112,1005,False,5,2,[-0.53897689  6.67352033  3.99670169],cruising,[ 0.50568378 -0.03156594 -0.11489306]
1036.7896535396576,1000,False,6,1,[8.77751447 8.52205087 2.0767945 ],entering,[-0.82138112 -0.19970136 -0.21083176]
1036.7896535396576,1001,False,2,0,[2.33239369 8.83747944 3.95883543],landing,[-0.48080528  0.59740651 -0.20557775]
1036.7896535396576,1002,False,3,6,[-0.87181844 -8.01817863  1.85700729],entering,[ 0.5677905  -0.59831228 -0.99408226]
1036.7896535396576,1003,False,1,4,[ 8.28401224 -0.60294526  3.93079253],cruising,[ 0.63925976  0.24903542 -0.34837281]
1036.7896535396576,1004,False,4,5,[ 3.6789198  -3.80906338  3.98023029],cruising,[-0.62185191  0.08809385  0.93462812]
1036.7896535396576,1005,False,5,2,[-0.36815401  6.56950331  3.99719643],cruising,[ 0.50568378 -0.03156594 -0.11489306]
1036.8869218826294,1000,False,6,1,[8.74508811 8.36538731 2.1517945 ],entering,[-0.82138112 -0.19970136 -0.21083176]
1036.8869218826294,1001,False,2,0,[2.35536036 8.89046865 3.91803604],landing,[-0.48080528  0.59740651 -0.20557775]
1036.8869218826294,1002,False,3,6,[-0.87830572 -7.99925999  1.93200729],entering,[ 0.5677905  -0.59831228 -0.99408226]
1036.8869218826294,1003,False,1,4,[ 8.31015981 -0.80122865  3.94117365],cruising,[ 0.63925976  0.24903542 -0.34837281]
1036.8869218826294,1004,False,4,5,[ 3.49339127 -3.73436956  3.98319575],cruising,[-0.62185191  0.08809385  0.93462812]
1036.8869218826294,1005,False,5,2,[-0.19879603  6.4631178   3.99761697],cruising,[ 0.50568378 -0.03156594 -0.11489306]
1036.9900512695312,1000,False,6,1,[8.70959565 8.18896017 2.2267945 ],entering,[-0.82138112 -0.19970136 -0.21083176]
1036.9900512695312,1001,False,2,0,[2.37760242 8.9283955  3.8640989 ],landing,[-0.48080528  0.59740651 -0.20557775]
1036.9900512695312,1002,False,3,6,[-0.8912803  -7.9614227   2.00700729],entering,[ 0.5677905  -0.59831228 -0.99408226]
1036.9900512695312,1003,False,1,4,[ 8.32440393 -1.00072077  3.9499976 ],cruising,[ 0.63925976  0.24903542 -0.34837281]
1036.9900512695312,1004,False,4,5,[ 3.30750014 -3.66058279  3.98571639],cruising,[-0.62185191  0.08809385  0.93462812]
1036.9900512695312,1005,False,5,2,[-0.02987819  6.35603482  3.99797442],cruising,[ 0.50568378 -0.03156594 -0.11489306]
1037.0829288959503,1000,False,6,1,[8.67107483 7.99276364 2.3017945 ],entering,[-0.82138112 -0.19970136 -0.21083176]
1037.0829288959503,1001,False,2,0,[2.39900483 8.95104451 3.79728223],landing,[-0.48080528  0.59740651 -0.20557775]
1037.0829288959503,1002,False,3,6,[-0.91074215 -7.90466676  2.08200729],entering,[ 0.5677905  -0.59831228 -0.99408226]
1037.0829288959503,1003,False,1,4,[ 8.33052388 -1.20062711  3.95749796],cruising,[ 0.63925976  0.24903542 -0.34837281]
1037.0829288959503,1004,False,4,5,[ 3.12131823 -3.58753283  3.98785893],cruising,[-0.62185191  0.08809385  0.93462812]
1037.0829288959503,1005,False,5,2,[0.13883773 6.24863399 3.99827826],cruising,[ 0.50568378 -0.03156594 -0.11489306]
1037.194139957428,1000,False,6,1,[8.63254539 7.79651002 2.3767945 ],entering,[-0.82138112 -0.19970136 -0.21083176]
1037.194139957428,1001,False,2,0,[2.41946578 8.95822865 3.71781838],landing,[-0.48080528  0.59740651 -0.20557775]
1037.194139957428,1002,False,3,6,[-0.93669129 -7.82899218  2.15700729],entering,[ 0.5677905  -0.59831228 -0.99408226]
1037.194139957428,1003,False,1,4,[ 8.32957035 -1.40062484  3.96387327],cruising,[ 0.63925976  0.24903542 -0.34837281]
1037.194139957428,1004,False,4,5,[ 2.93479699 -3.5153537   3.98968009],cruising,[-0.62185191  0.08809385  0.93462812]
1037.194139957428,1005,False,5,2,[0.3076284  6.14135068 3.99853652],cruising,[ 0.50568378 -0.03156594 -0.11489306]
1037.2832720279694,1000,False,6,1,[8.59458923 7.60014473 2.4517945 ],entering,[-0.82138112 -0.19970136 -0.21083176]
1037.2832720279694,1001,False,2,0,[2.43888131 8.94976038 3.6259485 ],landing,[-0.48080528  0.59740651 -0.20557775]
1037.2832720279694,1002,False,3,6,[-0.96912772 -7.73439896  2.23200729],entering,[ 0.5677905  -0.59831228 -0.99408226]
1037.2832720279694,1003,False,1,4,[ 8.32009599 -1.60040031  3.96929228],cruising,[ 0.63925976  0.24903542 -0.34837281]
1037.2832720279694,1004,False,4,5,[ 2.74780451 -3.44440433  3.99122808],cruising,[-0.62185191  0.08809385  0.93462812]
1037.2832720279694,1005,False,5,2,[0.47692618 6.03486941 3.99875604],cruising,[ 0.50568378 -0.03156594 -0.11489306]
1037.3849058151245,1000,False,6,1,[8.55922592 7.40329596 2.5267945 ],entering,[-0.82138112 -0.19970136 -0.21083176]
1037.3849058151245,1001,False,2,0,[2.45780929 8.9345888  3.52893533],landing,[-0.48080528  0.59740651 -0.20557775]
1037.3849058151245,1002,False,3,6,[-1.00805143 -7.62088709  2.30700729],entering,[ 0.5677905  -0.59831228 -0.99408226]
1037.3849058151245,1003,False,1,4,[ 8.30533898 -1.79985514  3.97389844],cruising,[ 0.63925976  0.24903542 -0.34837281]
1037.3849058151245,1004,False,4,5,[ 2.56019274 -3.37510915  3.99254386],cruising,[-0.62185191  0.08809385  0.93462812]
1037.3849058151245,1005,False,5,2,[0.64736272 5.93022054 3.99894264],cruising,[ 0.50568378 -0.03156594 -0.11489306]
1037.486177444458,1000,False,6,1,[8.52506971 7.20623416 2.6017945 ],entering,[-0.82138112 -0.19970136 -0.21083176]
1037.486177444458,1001,False,2,0,[2.47673727 8.91941722 3.43192217],landing,[-0.48080528  0.59740651 -0.20557775]
1037.486177444458,1002,False,3,6,[-1.05346242 -7.48845657  2.38200729],entering,[ 0.5677905  -0.59831228 -0.99408226]
1037.486177444458,1003,False,1,4,[ 8.28571261 -1.99888982  3.97781367],cruising,[ 0.63925976  0.24903542 -0.34837281]
1037.486177444458,1004,False,4,5,[ 2.37213895 -3.30702265  3.99366228],cruising,[-0.62185191  0.08809385  0.93462812]
1037.486177444458,1005,False,5,2,[0.81892109 5.82742109 3.99910124],cruising,[ 0.50568378 -0.03156594 -0.11489306]
1037.5827548503876,1000,False,6,1,[8.49091351 7.00917236 2.6767945 ],entering,[-0.82138112 -0.19970136 -0.21083176]
1037.5827548503876,1001,False,2,0,[2.49566525 8.90424564 3.334909  ],landing,[-0.48080528  0.59740651 -0.20557775]
1037.5827548503876,1002,False,3,6,[-1.10536071 -7.33710741  2.45700729],entering,[ 0.5677905  -0.59831228 -0.99408226]
1037.5827548503876,1003,False,1,4,[ 8.25887438 -2.19708092  3.98114162],cruising,[ 0.63925976  0.24903542 -0.34837281]
1037.5827548503876,1004,False,4,5,[ 2.18317987 -3.24149045  3.99461294],cruising,[-0.62185191  0.08809385  0.93462812]
1037.5827548503876,1005,False,5,2,[0.99185889 5.72695957 3.99923605],cruising,[ 0.50568378 -0.03156594 -0.11489306]
1037.69145321846,1000,False,6,1,[8.45823567 6.81186002 2.7517945 ],entering,[-0.82138112 -0.19970136 -0.21083176]
1037.69145321846,1001,False,2,0,[2.51459324 8.88907406 3.23789583],landing,[-0.48080528  0.59740651 -0.20557775]
1037.69145321846,1002,False,3,6,[-1.16374627 -7.1668396   2.53200729],entering,[ 0.5677905  -0.59831228 -0.99408226]
1037.69145321846,1003,False,1,4,[ 8.22792325 -2.39467147  3.98397038],cruising,[ 0.63925976  0.24903542 -0.34837281]
1037.69145321846,1004,False,4,5,[ 1.99313984 -3.17916239  3.995421  ],cruising,[-0.62185191  0.08809385  0.93462812]
1037.69145321846,1005,False,5,2,[1.16721171 5.63077543 3.99935065],cruising,[ 0.50568378 -0.03156594 -0.11489306]
1037.7942848205566,1000,False,6,1,[8.42912054 6.6139906  2.8267945 ],entering,[-0.82138112 -0.19970136 -0.21083176]
1037.7942848205566,1001,False,2,0,[2.53352122 8.87390248 3.14088266],landing,[-0.48080528  0.59740651 -0.20557775]
1037.7942848205566,1002,False,3,6,[-1.22987094 -6.97812983  2.60700729],entering,[ 0.5677905  -0.59831228 -0.99408226]
1037.7942848205566,1003,False,1,4,[ 8.1928575  -2.59157346  3.98637482],cruising,[ 0.63925976  0.24903542 -0.34837281]
1037.7942848205566,1004,False,4,5,[ 1.80182862 -3.12085275  3.99610785],cruising,[-0.62185191  0.08809385  0.93462812]
1037.7942848205566,1005,False,5,2,[1.34438771 5.53799254 3.99944805],cruising,[ 0.50568378 -0.03156594 -0.11489306]
1037.886867761612,1000,False,6,1,[8.40000541 6.41612117 2.9017945 ],entering,[-0.82138112 -0.19970136 -0.21083176]
1037.886867761612,1001,False,2,0,[2.5524492  8.85873091 3.0438695 ],landing,[-0.48080528  0.59740651 -0.20557775]
1037.886867761612,1002,False,3,6,[-1.29601139 -6.7893828   2.68200729],entering,[ 0.5677905  -0.59831228 -0.99408226]
1037.886867761612,1003,False,1,4,[ 8.15032186 -2.78699792  3.9884186 ],cruising,[ 0.63925976  0.24903542 -0.34837281]
1037.886867761612,1004,False,4,5,[ 1.60976889 -3.06505793  3.99669167],cruising,[-0.62185191  0.08809385  0.93462812]
1037.886867761612,1005,False,5,2,[1.52457517 5.45120269 3.99953084],cruising,[ 0.50568378 -0.03156594 -0.11489306]
1037.9915716648102,1000,False,6,1,[8.37341025 6.21789731 2.9767945 ],entering,[-0.82138112 -0.19970136 -0.21083176]
1037.9915716648102,1001,False,2,0,[2.57137718 8.84355933 2.94685633],landing,[-0.48080528  0.59740651 -0.20557775]
1037.9915716648102,1002,False,3,6,[-1.36215185 -6.60063577  2.75700729],entering,[ 0.5677905  -0.59831228 -0.99408226]
1037.9915716648102,1003,False,1,4,[ 8.10375543 -2.98150131  3.99015581],cruising,[ 0.63925976  0.24903542 -0.34837281]
1037.9915716648102,1004,False,4,5,[ 1.4159923  -3.01555408  3.99718792],cruising,[-0.62185191  0.08809385  0.93462812]
1037.9915716648102,1005,False,5,2,[1.70686878 5.36892851 3.99960122],cruising,[ 0.50568378 -0.03156594 -0.11489306]
1038.0896518230438,1000,False,6,1,[8.34994948 6.0192781  3.0517945 ],entering,[-0.82138112 -0.19970136 -0.21083176]
1038.0896518230438,1001,False,2,0,[2.59030516 8.82838775 2.84984316],landing,[-0.48080528  0.59740651 -0.20557775]
1038.0896518230438,1002,False,3,6,[-1.42898339 -6.41213234  2.83200729],entering,[ 0.5677905  -0.59831228 -0.99408226]
1038.0896518230438,1003,False,1,4,[ 8.04892356 -3.17383816  3.99163244],cruising,[ 0.63925976  0.24903542 -0.34837281]
1038.0896518230438,1004,False,4,5,[ 1.21946927 -2.97842322  3.99760973],cruising,[-0.62185191  0.08809385  0.93462812]
1038.0896518230438,1005,False,5,2,[1.89141839 5.29184777 3.99966103],cruising,[ 0.50568378 -0.03156594 -0.11489306]
1038.1787827014923,1000,False,6,1,[8.32772012 5.8205173  3.1267945 ],entering,[-0.82138112 -0.19970136 -0.21083176]
1038.1787827014923,1001,False,2,0,[2.60923315 8.81321617 2.75282999],landing,[-0.48080528  0.59740651 -0.20557775]
1038.1787827014923,1002,False,3,6,[-1.49644254 -6.22385259  2.90700729],entering,[ 0.5677905  -0.59831228 -0.99408226]
1038.1787827014923,1003,False,1,4,[ 7.98539244 -3.3634794   3.99288757],exiting,[ 0.63925976  0.24903542 -0.34837281]
1038.1787827014923,1004,False,4,5,[ 1.02118484 -2.95228351  3.99796827],cruising,[-0.62185191  0.08809385  0.93462812]
1038.1787827014923,1005,False,5,2,[2.07831567 5.22064799 3.99971188],cruising,[ 0.50568378 -0.03156594 -0.11489306]
1038.287326335907,1000,False,6,1,[8.31036205 5.62127198 3.2017945 ],entering,[-0.82138112 -0.19970136 -0.21083176]
1038.287326335907,1001,False,2,0,[2.62816113 8.79804459 2.65581683],landing,[-0.48080528  0.59740651 -0.20557775]
1038.287326335907,1002,False,3,6,[-1.56390169 -6.03557284  2.98200729],entering,[ 0.5677905  -0.59831228 -0.99408226]
1038.287326335907,1003,False,1,4,[ 7.93520269 -3.5382207   3.99414139],exiting,[ 0.63925976  0.24903542 -0.34837281]
1038.287326335907,1004,False,4,5,[ 0.82152055 -2.9407002   3.99827303],cruising,[-0.62185191  0.08809385  0.93462812]
1038.287326335907,1005,False,5,2,[2.26902926 5.16041241 3.9997551 ],cruising,[ 0.50568378 -0.03156594 -0.11489306]
1038.3941004276276,1000,False,6,1,[8.29573501 5.42180757 3.2767945 ],entering,[-0.82138112 -0.19970136 -0.21083176]
1038.3941004276276,1001,False,2,0,[2.64708911 8.78287301 2.55880366],landing,[-0.48080528  0.59740651 -0.20557775]
1038.3941004276276,1002,False,3,6,[-1.63263441 -5.84775428  3.05700729],entering,[ 0.5677905  -0.59831228 -0.99408226]
1038.3941004276276,1003,False,1,4,[ 7.89850456 -3.69819802  3.99536043],exiting,[ 0.63925976  0.24903542 -0.34837281]
1038.3941004276276,1004,False,4,5,[ 0.62157189 -2.94523128  3.99853208],cruising,[-0.62185191  0.08809385  0.93462812]
1038.3941004276276,1005,False,5,2,[2.46270955 5.1105331  3.99979183],cruising,[ 0.50568378 -0.03156594 -0.11489306]
1038.4899804592133,1000,False,6,1,[8.28465759 5.22211458 3.3517945 ],entering,[-0.82138112 -0.19970136 -0.21083176]
1038.4899804592133,1001,False,2,0,[2.66601709 8.76770143 2.46179049],landing,[-0.48080528  0.59740651 -0.20557775]
1038.4899804592133,1002,False,3,6,[-1.70136712 -5.65993571  3.13200729],entering,[ 0.5677905  -0.59831228 -0.99408226]
1038.4899804592133,1003,False,1,4,[ 7.87548529 -3.84358488  3.9964972 ],exiting,[ 0.63925976  0.24903542 -0.34837281]
1038.4899804592133,1004,False,4,5,[ 0.42253972 -2.96488315  3.99875227],cruising,[-0.62185191  0.08809385  0.93462812]
1038.4899804592133,1005,False,5,2,[2.65845659 5.06950755 3.99982306],cruising,[ 0.50568378 -0.03156594 -0.11489306]
1038.5836145877838,1000,False,6,1,[8.27972356 5.02217545 3.4267945 ],entering,[-0.82138112 -0.19970136 -0.21083176]
1038.5836145877838,1001,False,2,0,[2.68494507 8.75252986 2.36477732],landing,[-0.48080528  0.59740651 -0.20557775]
1038.5836145877838,1002,False,3,6,[-1.77123862 -5.47253781  3.20700729],entering,[ 0.5677905  -0.59831228 -0.99408226]
1038.5836145877838,1003,False,1,4,[ 7.86638014 -3.974606    3.9974817 ],exiting,[ 0.63925976  0.24903542 -0.34837281]
1038.5836145877838,1004,False,4,5,[ 0.22546488 -2.99896406  3.99893943],cruising,[-0.62185191  0.08809385  0.93462812]
1038.5836145877838,1005,False,5,2,[2.85561183 5.03589488 3.9998496 ],cruising,[ 0.50568378 -0.03156594 -0.11489306]
1038.682062625885,1000,False,6,1,[8.2803226  4.82217635 3.5017945 ],entering,[-0.82138112 -0.19970136 -0.21083176]
1038.682062625885,1001,False,2,0,[2.70387306 8.73735828 2.26776416],landing,[-0.48080528  0.59740651 -0.20557775]
1038.682062625885,1002,False,3,6,[-1.84042006 -5.28488406  3.28200729],entering,[ 0.5677905  -0.59831228 -0.99408226]
1038.682062625885,1003,False,1,4,[ 7.87137361 -4.09144332  3.99824522],exiting,[ 0.63925976  0.24903542 -0.34837281]
1038.682062625885,1004,False,4,5,[ 0.03120391 -3.04653165  3.99909851],cruising,[-0.62185191  0.08809385  0.93462812]
1038.682062625885,1005,False,5,2,[3.05370791 5.00836407 3.99987216],cruising,[ 0.50568378 -0.03156594 -0.11489306]
1038.7840831279755,1000,False,6,1,[8.28508677 4.6222331  3.57652533],entering,[-0.82138112 -0.19970136 -0.21083176]
1038.7840831279755,1001,False,2,0,[2.72280104 8.7221867  2.17075099],landing,[-0.48080528  0.59740651 -0.20557775]
1038.7840831279755,1002,False,3,6,[-1.91131715 -5.09787176  3.35700729],entering,[ 0.5677905  -0.59831228 -0.99408226]
1038.7840831279755,1003,False,1,4,[ 7.89064944 -4.19428358  3.99869874],exiting,[ 0.63925976  0.24903542 -0.34837281]
1038.7840831279755,1004,False,4,5,[-0.15844797 -3.11003098  3.99923374],cruising,[-0.62185191  0.08809385  0.93462812]
1038.7840831279755,1005,False,5,2,[3.25242111 4.98571323 3.99989134],cruising,[ 0.50568378 -0.03156594 -0.11489306]
1038.882220029831,1000,False,6,1,[8.29447285 4.42245347 3.64004653],entering,[-0.82138112 -0.19970136 -0.21083176]
1038.882220029831,1001,False,2,0,[2.74172902 8.70701512 2.07373782],landing,[-0.48080528  0.59740651 -0.20557775]
1038.882220029831,1002,False,3,6,[-1.98283192 -4.91109479  3.43200729],entering,[ 0.5677905  -0.59831228 -0.99408226]
1038.882220029831,1003,False,1,4,[ 7.91644852 -4.29089831  3.99893514],exiting,[ 0.63925976  0.24903542 -0.34837281]
1038.882220029831,1004,False,4,5,[-0.34464141 -3.18305154  3.99934868],cruising,[-0.62185191  0.08809385  0.93462812]
1038.882220029831,1005,False,5,2,[3.45153153 4.96687067 3.99990763],cruising,[ 0.50568378 -0.03156594 -0.11489306]
1038.9899756908417,1000,False,6,1,[8.30676112 4.22283133 3.69403955],entering,[-0.82138112 -0.19970136 -0.21083176]
1038.9899756908417,1001,False,2,0,[2.760657   8.69184354 1.97672465],landing,[-0.48080528  0.59740651 -0.20557775]
1038.9899756908417,1002,False,3,6,[-2.05460897 -4.72441845  3.50700729],entering,[ 0.5677905  -0.59831228 -0.99408226]
1038.9899756908417,1003,False,1,4,[ 7.9422476  -4.38751305  3.9991297 ],exiting,[ 0.63925976  0.24903542 -0.34837281]
1038.9899756908417,1004,False,4,5,[-0.52649672 -3.26629004  3.99944637],cruising,[-0.62185191  0.08809385  0.93462812]
1038.9899756908417,1005,False,5,2,[3.65089169 4.95088546 3.99992149],cruising,[ 0.50568378 -0.03156594 -0.11489306]
1039.0792920589447,1000,False,6,1,[8.3164877  4.02306799 3.73993362],entering,[-0.82138112 -0.19970136 -0.21083176]
1039.0792920589447,1001,False,2,0,[2.77958499 8.67667196 1.87971149],landing,[-0.48080528  0.59740651 -0.20557775]
1039.0792920589447,1002,False,3,6,[-2.12627952 -4.53770119  3.5809562 ],entering,[ 0.5677905  -0.59831228 -0.99408226]
1039.0792920589447,1003,False,1,4,[ 7.96804668 -4.48412778  3.99928968],exiting,[ 0.63925976  0.24903542 -0.34837281]
1039.0792920589447,1004,False,4,5,[-0.70536282 -3.35577141  3.99952942],cruising,[-0.62185191  0.08809385  0.93462812]
1039.0792920589447,1005,False,5,2,[3.85040299 4.93691254 3.99993327],cruising,[ 0.50568378 -0.03156594 -0.11489306]
1039.1793684959412,1000,False,6,1,[8.33142746 3.82362676 3.77894357],cruising,[-0.82138112 -0.19970136 -0.21083176]
1039.1793684959412,1001,False,2,0,[2.79851297 8.66150038 1.78269832],landing,[-0.48080528  0.59740651 -0.20557775]
1039.1793684959412,1002,False,3,6,[-2.195851   -4.3501917   3.64381277],entering,[ 0.5677905  -0.59831228 -0.99408226]
1039.1793684959412,1003,False,1,4,[ 7.99384576 -4.58074251  3.99942109],exiting,[ 0.63925976  0.24903542 -0.34837281]
1039.1793684959412,1004,False,4,5,[-0.88320901 -3.44726311  3.99960001],cruising,[-0.62185191  0.08809385  0.93462812]
1039.1793684959412,1005,False,5,2,[4.04999827 4.92419544 3.99994328],cruising,[ 0.50568378 -0.03156594 -0.11489306]
1039.2827217578888,1000,False,6,1,[8.34053769 3.62383436 3.81210204],cruising,[-0.82138112 -0.19970136 -0.21083176]
1039.2827217578888,1001,False,2,0,[2.81744095 8.6463288  1.68568515],landing,[-0.48080528  0.59740651 -0.20557775]
1039.2827217578888,1002,False,3,6,[-2.2654313  -4.16268549  3.69724085],entering,[ 0.5677905  -0.59831228 -0.99408226]
1039.2827217578888,1003,False,1,4,[ 8.01964483 -4.67735725  3.99952892],exiting,[ 0.63925976  0.24903542 -0.34837281]
1039.2827217578888,1004,False,4,5,[-1.06314569 -3.53457172  3.99966   ],cruising,[-0.62185191  0.08809385  0.93462812]
1039.2827217578888,1005,False,5,2,[4.24962906 4.91204854 3.99995178],cruising,[ 0.50568378 -0.03156594 -0.11489306]
1039.3881237506866,1000,False,6,1,[8.34799254 3.42397334 3.84028673],exiting,[-0.82138112 -0.19970136 -0.21083176]
1039.3881237506866,1001,False,2,0,[2.83636893 8.63115723 1.58867198],landing,[-0.48080528  0.59740651 -0.20557775]
1039.3881237506866,1002,False,3,6,[-2.32726319 -3.97248344  3.74265473],entering,[ 0.5677905  -0.59831228 -0.99408226]
1039.3881237506866,1003,False,1,4,[ 8.04544391 -4.77397198  3.99961731],exiting,[ 0.63925976  0.24903542 -0.34837281]
1039.3881237506866,1004,False,4,5,[-1.24784817 -3.61128544  3.999711  ],cruising,[-0.62185191  0.08809385  0.93462812]
1039.3881237506866,1005,False,5,2,[4.44925168 4.89976819 3.99995902],cruising,[ 0.50568378 -0.03156594 -0.11489306]
1039.4828176498413,1000,False,6,1,[8.34496253 3.24114349 3.8685559 ],exiting,[-0.82138112 -0.19970136 -0.21083176]
1039.4828176498413,1001,False,2,0,[2.85529691 8.61598565 1.49165881],fake_landed,[-0.48080528  0.59740651 -0.20557775]
1039.4828176498413,1002,False,3,6,[-2.3879619  -3.78191674  3.78125652],entering,[ 0.5677905  -0.59831228 -0.99408226]
1039.4828176498413,1003,False,1,4,[ 8.07124299 -4.87058672  3.99968968],exiting,[ 0.63925976  0.24903542 -0.34837281]
1039.4828176498413,1004,False,4,5,[-1.43897701 -3.66905974  3.99975625],cruising,[-0.62185191  0.08809385  0.93462812]
1039.4828176498413,1005,False,5,2,[4.64885386 4.88715978 3.99996516],cruising,[ 0.50568378 -0.03156594 -0.11489306]
1039.5875148773193,1000,False,6,1,[8.33152531 3.07538889 3.8964703 ],exiting,[-0.82138112 -0.19970136 -0.21083176]
1039.5875148773193,1001,False,2,0,[2.8704393  8.60384838 1.41404828],fake_landed,[-0.48080528  0.59740651 -0.20557775]
1039.5875148773193,1002,False,3,6,[-2.44865807 -3.59134924  3.81406804],cruising,[ 0.5677905  -0.59831228 -0.99408226]
1039.5875148773193,1003,False,1,4,[ 8.09704207 -4.96720146  3.99974886],exiting,[ 0.63925976  0.24903542 -0.34837281]
1039.5875148773193,1004,False,4,5,[-1.63327655 -3.70708697  3.99979842],cruising,[-0.62185191  0.08809385  0.93462812]
1039.5875148773193,1005,False,5,2,[4.8483912  4.87356381 3.99997039],cruising,[ 0.50568378 -0.03156594 -0.11489306]
1039.6942846775055,1000,False,6,1,[8.30778898 2.92675725 3.92352891],exiting,[-0.82138112 -0.19970136 -0.21083176]
1039.6942846775055,1001,False,2,0,[2.88179609 8.59474544 1.35584038],fake_landed,[-0.48080528  0.59740651 -0.20557775]
1039.6942846775055,1002,False,3,6,[-2.50330343 -3.39895931  3.84195783],cruising,[ 0.5677905  -0.59831228 -0.99408226]
1039.6942846775055,1003,False,1,4,[ 8.12284115 -5.0638162   3.99979718],exiting,[ 0.63925976  0.24903542 -0.34837281]
1039.6942846775055,1004,False,4,5,[-1.82755313 -3.72511422  3.99983807],cruising,[-0.62185191  0.08809385  0.93462812]
1039.6942846775055,1005,False,5,2,[5.04781158 4.8583483  3.99997483],cruising,[ 0.50568378 -0.03156594 -0.11489306]
1039.790421962738,1000,False,6,1,[8.27390143 2.79529762 3.94914706],exiting,[-0.82138112 -0.19970136 -0.21083176]
1039.790421962738,1001,False,2,0,[2.88936728 8.58867681 1.31703511],fake_landed,[-0.48080528  0.59740651 -0.20557775]
1039.790421962738,1002,False,3,6,[-2.55308141 -3.20525295  3.86566416],cruising,[ 0.5677905  -0.59831228 -0.99408226]
1039.790421962738,1003,False,1,4,[ 8.14864023 -5.16043093  3.99983659],exiting,[ 0.63925976  0.24903542 -0.34837281]
1039.790421962738,1004,False,4,5,[-2.01879218 -3.72337347  3.99987538],cruising,[-0.62185191  0.08809385  0.93462812]
1039.790421962738,1005,False,5,2,[5.24704802 4.8408886  3.99997861],cruising,[ 0.50568378 -0.03156594 -0.11489306]
1039.890117406845,1000,False,6,1,[8.23006987 2.68105665 3.97261235],exiting,[-0.82138112 -0.19970136 -0.21083176]
1039.890117406845,1001,False,2,0,[2.89315288 8.58564249 1.29763248],fake_landed,[-0.48080528  0.59740651 -0.20557775]
1039.890117406845,1002,False,3,6,[-2.59578149 -3.00986435  3.88581453],cruising,[ 0.5677905  -0.59831228 -0.99408226]
1039.890117406845,1003,False,1,4,[ 8.17443931 -5.25704567  3.99986868],exiting,[ 0.63925976  0.24903542 -0.34837281]
1039.890117406845,1004,False,4,5,[-2.2043536  -3.70245554  3.99991034],cruising,[-0.62185191  0.08809385  0.93462812]
1039.890117406845,1005,False,5,2,[5.44615135 4.82197134 3.99998182],cruising,[ 0.50568378 -0.03156594 -0.11489306]
1039.9797768592834,1000,False,6,1,[8.17661656 2.5840701  3.99296213],exiting,[-0.82138112 -0.19970136 -0.21083176]
1039.9797768592834,1001,False,2,0,[2.89315288 8.58564249 1.29763248],fake_landed,[-0.48080528  0.59740651 -0.20557775]
1039.9797768592834,1002,False,3,6,[-2.63797868 -2.81436654  3.90294235],cruising,[ 0.5677905  -0.59831228 -0.99408226]
1039.9797768592834,1003,False,1,4,[ 8.20023839 -5.35366041  3.99989476],exiting,[ 0.63925976  0.24903542 -0.34837281]
1039.9797768592834,1004,False,4,5,[-2.38183665 -3.66324171  3.9999429 ],cruising,[-0.62185191  0.08809385  0.93462812]
1039.9797768592834,1005,False,5,2,[5.6448901  4.79954573 3.99998454],cruising,[ 0.50568378 -0.03156594 -0.11489306]
1040.0868825912476,1000,False,6,1,[8.1138395  2.50434745 4.00943561],exiting,[-0.82138112 -0.19970136 -0.21083176]
1040.0868825912476,1001,False,0,3,[2.89315288 8.58564249 1.29763248],waiting,[-0.48080528  0.59740651 -0.20557775]
1040.0868825912476,1002,False,3,6,[-2.67765181 -2.61834092  3.917501  ],cruising,[ 0.5677905  -0.59831228 -0.99408226]
1040.0868825912476,1003,False,1,4,[ 8.22603747 -5.45027514  3.99991592],exiting,[ 0.63925976  0.24903542 -0.34837281]
1040.0868825912476,1004,False,4,5,[-2.54905925 -3.60686038  3.99997298],cruising,[-0.62185191  0.08809385  0.93462812]
1040.0868825912476,1005,False,5,2,[5.84310802 4.77290632 3.99998686],cruising,[ 0.50568378 -0.03156594 -0.11489306]
1040.1915135383606,1000,False,6,1,[8.04201602 2.44188824 4.02142182],exiting,[-0.82138112 -0.19970136 -0.21083176]
1040.1915135383606,1001,False,0,3,[2.89315288 8.58564249 1.29763248],waiting,[-0.48080528  0.59740651 -0.20557775]
1040.1915135383606,1002,False,3,6,[-2.71889544 -2.42263971  3.92987585],cruising,[ 0.5677905  -0.59831228 -0.99408226]
1040.1915135383606,1003,False,1,4,[ 8.25183655 -5.54688988  3.99993306],exiting,[ 0.63925976  0.24903542 -0.34837281]
1040.1915135383606,1004,False,4,5,[-2.70418006 -3.5345559   4.00000046],cruising,[-0.62185191  0.08809385  0.93462812]
1040.1915135383606,1005,False,5,2,[6.04059283 4.74128748 3.99998883],cruising,[ 0.50568378 -0.03156594 -0.11489306]
1040.2942345142365,1000,False,6,1,[7.96143425 2.3966923  4.02838088],exiting,[-0.82138112 -0.19970136 -0.21083176]
1040.2942345142365,1001,False,0,3,[2.89315288 8.58564249 1.29763248],waiting,[-0.48080528  0.59740651 -0.20557775]
1040.2942345142365,1002,False,3,6,[-2.76191935 -2.22732217  3.94039447],cruising,[ 0.5677905  -0.59831228 -0.99408226]
1040.2942345142365,1003,False,1,4,[ 8.27763562 -5.64350462  3.99994691],exiting,[ 0.63925976  0.24903542 -0.34837281]
1040.2942345142365,1004,False,4,5,[-2.84558309 -3.44769729  4.0000252 ],cruising,[-0.62185191  0.08809385  0.93462812]
1040.2942345142365,1005,False,5,2,[6.23705668 4.70384483 3.99999051],cruising,[ 0.50568378 -0.03156594 -0.11489306]
1040.3908467292786,1000,False,6,1,[7.87238    2.36878049 4.02991079],exiting,[-0.82138112 -0.19970136 -0.21083176]
1040.3908467292786,1001,False,0,3,[2.89315288 8.58564249 1.29763248],waiting,[-0.48080528  0.59740651 -0.20557775]
1040.3908467292786,1002,False,3,6,[-2.80619812 -2.03228527  3.9493353 ],cruising,[ 0.5677905  -0.59831228 -0.99408226]
1040.3908467292786,1003,False,1,4,[ 8.3034347  -5.74011936  3.99995808],exiting,[ 0.63925976  0.24903542 -0.34837281]
1040.3908467292786,1004,False,4,5,[-2.97181608 -3.34780527  4.00004705],cruising,[-0.62185191  0.08809385  0.93462812]
1040.3908467292786,1005,False,5,2,[6.43210994 4.65963819 3.99999193],cruising,[ 0.50568378 -0.03156594 -0.11489306]
1040.4799802303314,1000,False,6,1,[7.7751065  2.35825385 4.02594525],exiting,[-0.82138112 -0.19970136 -0.21083176]
1040.4799802303314,1001,False,0,3,[2.89315288 8.58564249 1.29763248],waiting,[-0.48080528  0.59740651 -0.20557775]
1040.4799802303314,1002,False,3,6,[-2.85343852 -1.83794447  3.95693501],cruising,[ 0.5677905  -0.59831228 -0.99408226]
1040.4799802303314,1003,False,1,4,[ 8.32923378 -5.83673409  3.99996706],exiting,[ 0.63925976  0.24903542 -0.34837281]
1040.4799802303314,1004,False,4,5,[-3.08165041 -3.23646406  4.00006585],cruising,[-0.62185191  0.08809385  0.93462812]
1040.4799802303314,1005,False,5,2,[6.62522625 4.60761809 3.99999314],cruising,[ 0.50568378 -0.03156594 -0.11489306]
1040.5871291160583,1000,False,6,1,[7.67522816 2.35344554 4.02095896],exiting,[-0.82138112 -0.19970136 -0.21083176]
1040.5871291160583,1001,False,0,3,[2.89315288 8.58564249 1.29763248],waiting,[-0.48080528  0.59740651 -0.20557775]
1040.5871291160583,1002,False,3,6,[-2.90388964 -1.64441235  3.96339476],cruising,[ 0.5677905  -0.59831228 -0.99408226]
1040.5871291160583,1003,False,1,4,[ 8.35503286 -5.93334883  3.99997426],exiting,[ 0.63925976  0.24903542 -0.34837281]
1040.5871291160583,1004,False,4,5,[-3.17400409 -3.1154055   4.00008139],cruising,[-0.62185191  0.08809385  0.93462812]
1040.5871291160583,1005,False,5,2,[6.81569725 4.54661975 3.99999417],cruising,[ 0.50568378 -0.03156594 -0.11489306]
1040.692083120346,1000,False,6,1,[7.5753481  2.34863714 4.016892  ],exiting,[-0.82138112 -0.19970136 -0.21083176]
1040.692083120346,1001,False,0,3,[2.89315288 8.58564249 1.29763248],waiting,[-0.48080528  0.59740651 -0.20557775]
1040.692083120346,1002,False,3,6,[-2.95786721 -1.451834    3.96888554],cruising,[ 0.5677905  -0.59831228 -0.99408226]
1040.692083120346,1003,False,1,4,[ 8.38083194 -6.02996357  3.99998002],exiting,[ 0.63925976  0.24903542 -0.34837281]
1040.692083120346,1004,False,4,5,[-3.24832417 -2.98569886  4.00009356],cruising,[-0.62185191  0.08809385  0.93462812]
1040.692083120346,1005,False,5,2,[7.00257589 4.47537108 3.99999504],cruising,[ 0.50568378 -0.03156594 -0.11489306]
1040.779777765274,1000,False,6,1,[7.4754668  2.34382868 4.01357992],exiting,[-0.82138112 -0.19970136 -0.21083176]
1040.779777765274,1001,False,0,3,[2.89315288 8.58564249 1.29763248],waiting,[-0.48080528  0.59740651 -0.20557775]
1040.779777765274,1002,False,3,6,[-3.01573218 -1.2603878   3.97355271],cruising,[ 0.5677905  -0.59831228 -0.99408226]
1040.779777765274,1003,False,1,4,[ 8.40663102 -6.12657831  3.9999846 ],exiting,[ 0.63925976  0.24903542 -0.34837281]
1040.779777765274,1004,False,4,5,[-3.30435276 -2.84790386  4.00010221],cruising,[-0.62185191  0.08809385  0.93462812]
1040.779777765274,1005,False,5,2,[7.18461015 4.39252465 3.99999579],cruising,[ 0.50568378 -0.03156594 -0.11489306]
1040.8814916610718,1000,False,6,1,[7.37558463 2.33902018 4.01088703],exiting,[-0.82138112 -0.19970136 -0.21083176]
1040.8814916610718,1001,False,0,3,[2.89315288 8.58564249 1.29763248],waiting,[-0.48080528  0.59740651 -0.20557775]
1040.8814916610718,1002,False,3,6,[-3.07701724 -1.07000886  3.9775198 ],cruising,[ 0.5677905  -0.59831228 -0.99408226]
1040.8814916610718,1003,False,1,4,[ 8.4324301  -6.22319304  3.99998824],exiting,[ 0.63925976  0.24903542 -0.34837281]
1040.8814916610718,1004,False,4,5,[-3.34192746 -2.70239826  4.00010724],cruising,[-0.62185191  0.08809385  0.93462812]
1040.8814916610718,1005,False,5,2,[7.36017461 4.29672737 3.99999642],cruising,[ 0.50568378 -0.03156594 -0.11489306]
1040.984694480896,1000,False,6,1,[7.27570184 2.33421166 4.00870145],exiting,[-0.82138112 -0.19970136 -0.21083176]
1040.984694480896,1001,False,0,3,[2.89315288 8.58564249 1.29763248],waiting,[-0.48080528  0.59740651 -0.20557775]
1040.984694480896,1002,False,3,6,[-3.14290888 -0.88117483  3.98089183],cruising,[ 0.5677905  -0.59831228 -0.99408226]
1040.984694480896,1003,False,1,4,[ 8.45822918 -6.31980778  3.99999112],exiting,[ 0.63925976  0.24903542 -0.34837281]
1040.984694480896,1004,False,4,5,[-3.36092804 -2.54947628  4.00010857],cruising,[-0.62185191  0.08809385  0.93462812]
1040.984694480896,1005,False,5,2,[7.52508496 4.18400407 3.99999698],cruising,[ 0.50568378 -0.03156594 -0.11489306]
1041.0908279418945,1000,False,6,1,[7.1758186  2.32940311 4.00693101],exiting,[-0.82138112 -0.19970136 -0.21083176]
1041.0908279418945,1001,False,0,3,[2.89315288 8.58564249 1.29763248],queued,[-0.48080528  0.59740651 -0.20557775]
1041.0908279418945,1002,False,3,6,[-3.21384572 -0.69417759  3.98375806],cruising,[ 0.5677905  -0.59831228 -0.99408226]
1041.0908279418945,1003,False,1,4,[ 8.48402826 -6.41642252  3.99999338],exiting,[ 0.63925976  0.24903542 -0.34837281]
1041.0908279418945,1004,False,4,5,[-3.36146027 -2.38887839  4.00010611],cruising,[-0.62185191  0.08809385  0.93462812]
1041.0908279418945,1005,False,5,2,[7.67790222 4.05535102 3.99999745],cruising,[ 0.50568378 -0.03156594 -0.11489306]
1041.1791665554047,1000,False,6,1,[7.07593504 2.32459454 4.00549986],exiting,[-0.82138112 -0.19970136 -0.21083176]
1041.1791665554047,1001,False,0,3,[2.89315288 8.58564249 1.31763248],queued,[-0.48080528  0.59740651 -0.20557775]
1041.1791665554047,1002,False,3,6,[-3.29024535 -0.50934498  3.98619435],cruising,[ 0.5677905  -0.59831228 -0.99408226]
1041.1791665554047,1003,False,1,4,[ 8.50982734 -6.51303726  3.99999514],exiting,[ 0.63925976  0.24903542 -0.34837281]
1041.1791665554047,1004,False,4,5,[-3.34392105 -2.21971179  4.00009975],cruising,[-0.62185191  0.08809385  0.93462812]
1041.1791665554047,1005,False,5,2,[7.81705429 3.91209446 3.99999785],cruising,[ 0.50568378 -0.03156594 -0.11489306]
1041.279271364212,1000,False,6,1,[6.97605126 2.31978597 4.00434563],exiting,[-0.82138112 -0.19970136 -0.21083176]
1041.279271364212,1001,False,0,3,[2.89315288 8.58564249 1.35763248],queued,[-0.48080528  0.59740651 -0.20557775]
1041.279271364212,1002,False,3,6,[-3.37075975 -0.32626731  3.9882652 ],cruising,[ 0.5677905  -0.59831228 -0.99408226]
1041.279271364212,1003,False,1,4,[ 8.53562642 -6.60965199  3.99999651],exiting,[ 0.63925976  0.24903542 -0.34837281]
1041.279271364212,1004,False,4,5,[-3.30955629 -2.0397331   4.00008942],cruising,[-0.62185191  0.08809385  0.93462812]
1041.279271364212,1005,False,5,2,[7.94107066 3.75576462 3.99999819],cruising,[ 0.50568378 -0.03156594 -0.11489306]
1041.3896255493164,1000,False,6,1,[6.87616733 2.31497738 4.00341706],exiting,[-0.82138112 -0.19970136 -0.21083176]
1041.3896255493164,1001,False,0,3,[2.89315288 8.58564249 1.41763248],queued,[-0.48080528  0.59740651 -0.20557775]
1041.3896255493164,1002,False,3,6,[-3.45768391 -0.1461446   3.99002542],cruising,[ 0.5677905  -0.59831228 -0.99408226]
1041.3896255493164,1003,False,1,4,[ 8.56142549 -6.70626673  3.99999757],exiting,[ 0.63925976  0.24903542 -0.34837281]
1041.3896255493164,1004,False,4,5,[-3.2682437  -1.84404644  4.00007601],cruising,[-0.62185191  0.08809385  0.93462812]
1041.3896255493164,1005,False,5,2,[8.04829563 3.58856976 3.9999985 ],cruising,[ 0.50568378 -0.03156594 -0.11489306]
1041.4880740642548,1000,False,6,1,[6.77628328 2.3101688  4.00267211],exiting,[-0.82138112 -0.19970136 -0.21083176]
1041.4880740642548,1001,False,0,3,[2.89315288 8.58564249 1.49263248],queued,[-0.48080528  0.59740651 -0.20557775]
1041.4880740642548,1002,False,3,6,[-3.55142935  0.03052399  3.99152161],cruising,[ 0.5677905  -0.59831228 -0.99408226]
1041.4880740642548,1003,False,1,4,[ 8.58722457 -6.80288147  3.99999837],exiting,[ 0.63925976  0.24903542 -0.34837281]
1041.4880740642548,1004,False,4,5,[-3.24350014 -1.64558295  4.00006461],cruising,[-0.62185191  0.08809385  0.93462812]
1041.4880740642548,1005,False,5,2,[8.1378989  3.41191571 3.99999877],cruising,[ 0.50568378 -0.03156594 -0.11489306]
1041.5860841274261,1000,False,6,1,[6.67639915 2.3053602  4.0020763 ],exiting,[-0.82138112 -0.19970136 -0.21083176]
1041.5860841274261,1001,False,0,3,[2.89315288 8.58564249 1.56763248],queued,[-0.48080528  0.59740651 -0.20557775]
1041.5860841274261,1002,False,3,6,[-3.65114396  0.20389353  3.99279336],cruising,[ 0.5677905  -0.59831228 -0.99408226]
1041.5860841274261,1003,False,1,4,[ 8.61302365 -6.89949621  3.99999897],exiting,[ 0.63925976  0.24903542 -0.34837281]
1041.5860841274261,1004,False,4,5,[-3.23484177 -1.44577045  4.00005491],cruising,[-0.62185191  0.08809385  0.93462812]
1041.5860841274261,1005,False,5,2,[8.20921907 3.22715441 3.999999  ],cruising,[ 0.50568378 -0.03156594 -0.11489306]
1041.688030719757,1000,False,6,1,[6.57651496 2.30055161 4.00160142],exiting,[-0.82138112 -0.19970136 -0.21083176]
1041.688030719757,1001,False,0,3,[2.89315288 8.58564249 1.64263248],queued,[-0.48080528  0.59740651 -0.20557775]
1041.688030719757,1002,False,3,6,[-3.75760039  0.37320693  3.99387436],cruising,[ 0.5677905  -0.59831228 -0.99408226]
1041.688030719757,1003,False,1,4,[ 8.63882273 -6.99611095  3.99999941],exiting,[ 0.63925976  0.24903542 -0.34837281]
1041.688030719757,1004,False,4,5,[-3.24186114 -1.24589367  4.00004668],cruising,[-0.62185191  0.08809385  0.93462812]
1041.688030719757,1005,False,5,2,[8.26174159 3.03556311 3.99999918],cruising,[ 0.50568378 -0.03156594 -0.11489306]
1041.7883114814758,1000,False,6,1,[6.47663073 2.29574301 4.00122438],exiting,[-0.82138112 -0.19970136 -0.21083176]
1041.7883114814758,1001,False,0,3,[2.89315288 8.58564249 1.71763248],queued,[-0.48080528  0.59740651 -0.20557775]
1041.7883114814758,1002,False,3,6,[-3.8671631   0.54052703  3.99479321],cruising,[ 0.5677905  -0.59831228 -0.99408226]
1041.7883114814758,1003,False,1,4,[ 8.66462181 -7.09272568  3.99999973],landing,[ 0.63925976  0.24903542 -0.34837281]
1041.7883114814758,1004,False,4,5,[-3.26351973 -1.04706987  4.00003968],cruising,[-0.62185191  0.08809385  0.93462812]
1041.7883114814758,1005,False,5,2,[8.29916383 2.83909536 3.9999993 ],cruising,[ 0.50568378 -0.03156594 -0.11489306]
1041.8798789978027,1000,False,6,1,[6.37674648 2.29093441 4.00092633],exiting,[-0.82138112 -0.19970136 -0.21083176]
1041.8798789978027,1001,False,0,3,[2.89315288 8.58564249 1.79263248],queued,[-0.48080528  0.59740651 -0.20557775]
1041.8798789978027,1002,False,3,6,[-3.97917418  0.70621805  3.99557422],cruising,[ 0.5677905  -0.59831228 -0.99408226]
1041.8798789978027,1003,False,1,4,[ 8.68373415 -7.17698289  3.98576702],landing,[ 0.63925976  0.24903542 -0.34837281]
1041.8798789978027,1004,False,4,5,[-3.29737472 -0.84995609  4.00003372],cruising,[-0.62185191  0.08809385  0.93462812]
1041.8798789978027,1005,False,5,2,[8.33064868 2.64158915 3.99999941],cruising,[ 0.50568378 -0.03156594 -0.11489306]
1041.9842150211334,1000,False,6,1,[6.2768622  2.28612581 4.00069192],exiting,[-0.82138112 -0.19970136 -0.21083176]
1041.9842150211334,1001,False,0,3,[2.89315288 8.58564249 1.86763248],queued,[-0.48080528  0.59740651 -0.20557775]
1041.9842150211334,1002,False,3,6,[-4.09306896  0.87061994  3.99623809],cruising,[ 0.5677905  -0.59831228 -0.99408226]
1041.9842150211334,1003,False,1,4,[ 8.6961505  -7.24870459  3.95746219],landing,[ 0.63925976  0.24903542 -0.34837281]
1041.9842150211334,1004,False,4,5,[-3.34359086 -0.65536918  4.00002867],cruising,[-0.62185191  0.08809385  0.93462812]
1041.9842150211334,1005,False,5,2,[8.35733191 2.44337713 3.9999995 ],cruising,[ 0.50568378 -0.03156594 -0.11489306]
1042.0832931995392,1000,False,6,1,[6.17697792 2.28131721 4.00050864],exiting,[-0.82138112 -0.19970136 -0.21083176]
1042.0832931995392,1001,False,0,3,[2.89315288 8.58564249 1.94263248],queued,[-0.48080528  0.59740651 -0.20557775]
1042.0832931995392,1002,False,3,6,[-4.20836302  1.03404356  3.99680238],cruising,[ 0.5677905  -0.59831228 -0.99408226]
1042.0832931995392,1003,False,1,4,[ 8.70186107 -7.30768012  3.91528047],landing,[ 0.63925976  0.24903542 -0.34837281]
1042.0832931995392,1004,False,4,5,[-3.40121989 -0.46385182  4.00002437],cruising,[-0.62185191  0.08809385  0.93462812]
1042.0832931995392,1005,False,5,2,[8.38308851 2.24504257 3.99999957],cruising,[ 0.50568378 -0.03156594 -0.11489306]
1042.1816911697388,1000,False,6,1,[6.07709362 2.27650861 4.00036632],exiting,[-0.82138112 -0.19970136 -0.21083176]
1042.1816911697388,1001,False,0,3,[2.89315288 8.58564249 2.01763248],queued,[-0.48080528  0.59740651 -0.20557775]
1042.1816911697388,1002,False,3,6,[-4.32463883  1.19677013  3.99728202],cruising,[ 0.5677905  -0.59831228 -0.99408226]
1042.1816911697388,1003,False,1,4,[ 8.70085444 -7.35361726  3.85950173],landing,[ 0.63925976  0.24903542 -0.34837281]
1042.1816911697388,1004,False,4,5,[-3.46948404 -0.27586245  4.00002071],cruising,[-0.62185191  0.08809385  0.93462812]
1042.1816911697388,1005,False,5,2,[8.40431229 2.04617188 3.99999964],cruising,[ 0.50568378 -0.03156594 -0.11489306]
1042.2806341648102,1000,False,6,1,[5.97720931 2.27170001 4.00025673],exiting,[-0.82138112 -0.19970136 -0.21083176]
1042.2806341648102,1001,False,0,3,[2.89315288 8.58564249 2.09263248],queued,[-0.48080528  0.59740651 -0.20557775]
1042.2806341648102,1002,False,3,6,[-4.441533    1.35905307  3.99768972],cruising,[ 0.5677905  -0.59831228 -0.99408226]
1042.2806341648102,1003,False,1,4,[ 8.69312345 -7.38628727  3.79035262],landing,[ 0.63925976  0.24903542 -0.34837281]
1042.2806341648102,1004,False,4,5,[-3.54572742 -0.09096532  4.0000176 ],cruising,[-0.62185191  0.08809385  0.93462812]
1042.2806341648102,1005,False,5,2,[8.42432985 1.84717616 3.99999969],cruising,[ 0.50568378 -0.03156594 -0.11489306]
1042.3847212791443,1000,False,6,1,[5.877325   2.26689141 4.00017321],exiting,[-0.82138112 -0.19970136 -0.21083176]
1042.3847212791443,1001,False,0,3,[2.89315288 8.58564249 2.16763248],queued,[-0.48080528  0.59740651 -0.20557775]
1042.3847212791443,1002,False,3,6,[-4.55872467  1.52112131  3.99803626],cruising,[ 0.5677905  -0.59831228 -0.99408226]
1042.3847212791443,1003,False,1,4,[ 8.67866279 -7.40546866  3.70805937],landing,[ 0.63925976  0.24903542 -0.34837281]
1042.3847212791443,1004,False,4,5,[-3.63268603  0.08914076  4.00001496],cruising,[-0.62185191  0.08809385  0.93462812]
1042.3847212791443,1005,False,5,2,[8.44276764 1.64802785 3.99999974],cruising,[ 0.50568378 -0.03156594 -0.11489306]
1042.4879598617554,1000,False,6,1,[5.77744069 2.26208281 4.0001104 ],exiting,[-0.82138112 -0.19970136 -0.21083176]
1042.4879598617554,1001,False,0,3,[2.89315288 8.58564249 2.24263248],queued,[-0.48080528  0.59740651 -0.20557775]
1042.4879598617554,1002,False,3,6,[-4.67589653  1.68320386  3.99833082],cruising,[ 0.5677905  -0.59831228 -0.99408226]
1042.4879598617554,1003,False,1,4,[ 8.65746876 -7.41093806  3.61285708],landing,[ 0.63925976  0.24903542 -0.34837281]
1042.4879598617554,1004,False,4,5,[-3.72729796  0.26534684  4.00001272],cruising,[-0.62185191  0.08809385  0.93462812]
1042.4879598617554,1005,False,5,2,[8.4567196  1.44851509 3.99999978],cruising,[ 0.50568378 -0.03156594 -0.11489306]
1042.579458475113,1000,False,6,1,[5.67755637 2.25727421 4.00006403],exiting,[-0.82138112 -0.19970136 -0.21083176]
1042.579458475113,1001,False,0,3,[2.89315288 8.58564249 2.31763248],queued,[-0.48080528  0.59740651 -0.20557775]
1042.579458475113,1002,False,3,6,[-4.79295254  1.8453701   3.9985812 ],cruising,[ 0.5677905  -0.59831228 -0.99408226]
1042.579458475113,1003,False,1,4,[ 8.63509623 -7.41396868  3.51543899],landing,[ 0.63925976  0.24903542 -0.34837281]
1042.579458475113,1004,False,4,5,[-3.82963073  0.43718398  4.00001081],cruising,[-0.62185191  0.08809385  0.93462812]
1042.579458475113,1005,False,5,2,[8.46916546 1.24890271 3.99999981],cruising,[ 0.50568378 -0.03156594 -0.11489306]
1042.6898565292358,1000,False,6,1,[5.57767206 2.25246561 4.00003075],landing,[-0.82138112 -0.19970136 -0.21083176]
1042.6898565292358,1001,False,0,3,[2.89315288 8.58564249 2.39263248],entering,[-0.48080528  0.59740651 -0.20557775]
1042.6898565292358,1002,False,3,6,[-4.90960239  2.00782875  3.99879402],cruising,[ 0.5677905  -0.59831228 -0.99408226]
1042.6898565292358,1003,False,1,4,[ 8.6127237  -7.41699931  3.41802089],landing,[ 0.63925976  0.24903542 -0.34837281]
1042.6898565292358,1004,False,4,5,[-3.93597456  0.60656813  4.00000919],cruising,[-0.62185191  0.08809385  0.93462812]
1042.6898565292358,1005,False,5,2,[8.47760304 1.04908077 3.99999984],cruising,[ 0.50568378 -0.03156594 -0.11489306]
1042.7795631885529,1000,False,6,1,[5.49182806 2.2451037  3.98598497],landing,[-0.82138112 -0.19970136 -0.21083176]
1042.7795631885529,1001,False,0,3,[2.88953924 8.56597166 2.46763248],entering,[-0.48080528  0.59740651 -0.20557775]
1042.7795631885529,1002,False,3,6,[-5.02557181  2.17077382  3.99897492],cruising,[ 0.5677905  -0.59831228 -0.99408226]
1042.7795631885529,1003,False,1,4,[ 8.59035117 -7.42002993  3.3206028 ],landing,[ 0.63925976  0.24903542 -0.34837281]
1042.7795631885529,1004,False,4,5,[-4.04544322  0.77394977  4.00000781],cruising,[-0.62185191  0.08809385  0.93462812]
1042.7795631885529,1005,False,5,2,[8.48457211 0.84920223 3.99999986],cruising,[ 0.50568378 -0.03156594 -0.11489306]
1042.8809900283813,1000,False,6,1,[5.42019396 2.23523432 3.9580903 ],landing,[-0.82138112 -0.19970136 -0.21083176]
1042.8809900283813,1001,False,0,3,[2.88233648 8.52662551 2.54263248],entering,[-0.48080528  0.59740651 -0.20557775]
1042.8809900283813,1002,False,3,6,[-5.1405919   2.33439037  3.99912868],cruising,[ 0.5677905  -0.59831228 -0.99408226]
1042.8809900283813,1003,False,1,4,[ 8.56797864 -7.42306056  3.2231847 ],landing,[ 0.63925976  0.24903542 -0.34837281]
1042.8809900283813,1004,False,4,5,[-4.15730046  0.9397447   4.00000664],cruising,[-0.62185191  0.08809385  0.93462812]
1042.8809900283813,1005,False,5,2,[8.48986722 0.64927234 3.99999988],cruising,[ 0.50568378 -0.03156594 -0.11489306]
1042.9840269088745,1000,False,6,1,[5.36296868 2.22291244 3.91654385],landing,[-0.82138112 -0.19970136 -0.21083176]
1042.9840269088745,1001,False,0,3,[2.87179079 8.46756071 2.61763248],entering,[-0.48080528  0.59740651 -0.20557775]
1042.9840269088745,1002,False,3,6,[-5.25499721  2.4984374   3.99925938],cruising,[ 0.5677905  -0.59831228 -0.99408226]
1042.9840269088745,1003,False,1,4,[ 8.54560611 -7.42609118  3.12576661],landing,[ 0.63925976  0.24903542 -0.34837281]
1042.9840269088745,1004,False,4,5,[-4.27093208  1.10432858  4.00000564],cruising,[-0.62185191  0.08809385  0.93462812]
1042.9840269088745,1005,False,5,2,[8.49333509 0.4493024  3.9999999 ],cruising,[ 0.50568378 -0.03156594 -0.11489306]
1043.084332704544,1000,False,6,1,[5.32042237 2.20821488 3.86162266],landing,[-0.82138112 -0.19970136 -0.21083176]
1043.084332704544,1001,False,0,3,[2.85807837 8.38874822 2.69263248],entering,[-0.48080528  0.59740651 -0.20557775]
1043.084332704544,1002,False,3,6,[-5.36790613  2.66351791  3.99937047],cruising,[ 0.5677905  -0.59831228 -0.99408226]
1043.084332704544,1003,False,1,4,[ 8.52323358 -7.42912181  3.02834851],landing,[ 0.63925976  0.24903542 -0.34837281]
1043.084332704544,1004,False,4,5,[-4.38582156  1.26803688  4.0000048 ],cruising,[-0.62185191  0.08809385  0.93462812]
1043.084332704544,1005,False,5,2,[8.49274665 0.24930327 3.99999992],cruising,[ 0.50568378 -0.03156594 -0.11489306]
1043.1939718723297,1000,False,6,1,[5.29278286 2.19120844 3.7935692 ],landing,[-0.82138112 -0.19970136 -0.21083176]
1043.1939718723297,1001,False,0,3,[2.84143732 8.2901513  2.76763248],entering,[-0.48080528  0.59740651 -0.20557775]
1043.1939718723297,1002,False,3,6,[-5.47900842  2.82981969  3.9994649 ],cruising,[ 0.5677905  -0.59831228 -0.99408226]
1043.1939718723297,1003,False,1,4,[ 8.50086105 -7.43215243  2.93093042],landing,[ 0.63925976  0.24903542 -0.34837281]
1043.1939718723297,1004,False,4,5,[-4.50152919  1.43116794  4.00000408],cruising,[-0.62185191  0.08809385  0.93462812]
1043.1939718723297,1005,False,5,2,[8.49050334 0.04931585 3.99999993],cruising,[ 0.50568378 -0.03156594 -0.11489306]
1043.2852444648743,1000,False,6,1,[5.28025859 2.17195598 3.71261283],landing,[-0.82138112 -0.19970136 -0.21083176]
1043.2852444648743,1001,False,0,3,[2.82279429 8.17165484 2.84263248],entering,[-0.48080528  0.59740651 -0.20557775]
1043.2852444648743,1002,False,3,6,[-5.58795802  2.99753965  3.99954516],cruising,[ 0.5677905  -0.59831228 -0.99408226]
1043.2852444648743,1003,False,1,4,[ 8.47848853 -7.43518306  2.83351232],landing,[ 0.63925976  0.24903542 -0.34837281]
1043.2852444648743,1004,False,4,5,[-4.61757436  1.59405907  4.00000347],cruising,[-0.62185191  0.08809385  0.93462812]
1043.2852444648743,1005,False,5,2,[ 8.48645373 -0.15064315  3.99999994],cruising,[ 0.50568378 -0.03156594 -0.11489306]
1043.3905177116394,1000,False,6,1,[5.28305912 2.15052245 3.61899181],landing,[-0.82138112 -0.19970136 -0.21083176]
1043.3905177116394,1001,False,0,3,[2.80332756 8.03317535 2.91763248],entering,[-0.48080528  0.59740651 -0.20557775]
1043.3905177116394,1002,False,3,6,[-5.69435759  3.16688879  3.99961339],cruising,[ 0.5677905  -0.59831228 -0.99408226]
1043.3905177116394,1003,False,1,4,[ 8.456116   -7.43821368  2.73609423],landing,[ 0.63925976  0.24903542 -0.34837281]
1043.3905177116394,1004,False,4,5,[-4.73388224  1.75676271  4.00000295],cruising,[-0.62185191  0.08809385  0.93462812]
1043.3905177116394,1005,False,5,2,[ 8.4784702  -0.35048374  3.99999995],cruising,[ 0.50568378 -0.03156594 -0.11489306]
1043.4836452007294,1000,False,6,1,[5.29041353 2.1284694  3.52173147],landing,[-0.82138112 -0.19970136 -0.21083176]
1043.4836452007294,1001,False,0,3,[2.78481595 7.87471867 2.99263248],entering,[-0.48080528  0.59740651 -0.20557775]
1043.4836452007294,1002,False,3,6,[-5.79773946  3.33809682  3.99967138],cruising,[ 0.5677905  -0.59831228 -0.99408226]
1043.4836452007294,1003,False,1,4,[ 8.43374347 -7.4412443   2.63867613],landing,[ 0.63925976  0.24903542 -0.34837281]
1043.4836452007294,1004,False,4,5,[-4.85010415  1.91952779  4.0000025 ],cruising,[-0.62185191  0.08809385  0.93462812]
1043.4836452007294,1005,False,5,2,[ 8.46878256 -0.55024898  3.99999996],cruising,[ 0.50568378 -0.03156594 -0.11489306]
1043.5814685821533,1000,False,6,1,[5.29776794 2.10641634 3.42447112],landing,[-0.82138112 -0.19970136 -0.21083176]
1043.5814685821533,1001,False,0,3,[2.76885423 7.69642521 3.06763248],entering,[-0.48080528  0.59740651 -0.20557775]
1043.5814685821533,1002,False,3,6,[-5.89754142  3.51141608  3.99972067],cruising,[ 0.5677905  -0.59831228 -0.99408226]
1043.5814685821533,1003,False,1,4,[ 8.41137094 -7.44427493  2.54125803],landing,[ 0.63925976  0.24903542 -0.34837281]
1043.5814685821533,1004,False,4,5,[-4.96592313  2.08257981  4.00000213],cruising,[-0.62185191  0.08809385  0.93462812]
1043.5814685821533,1005,False,5,2,[ 8.45722531 -0.74991477  3.99999996],cruising,[ 0.50568378 -0.03156594 -0.11489306]
1043.6812181472778,1000,False,6,1,[5.30512235 2.08436328 3.32721077],landing,[-0.82138112 -0.19970136 -0.21083176]
1043.6812181472778,1001,False,0,3,[2.7630243  7.500888   3.14263248],entering,[-0.48080528  0.59740651 -0.20557775]
1043.6812181472778,1002,False,3,6,[-5.99307518  3.68712408  3.99976257],cruising,[ 0.5677905  -0.59831228 -0.99408226]
1043.6812181472778,1003,False,1,4,[ 8.38899841 -7.44730555  2.44383994],landing,[ 0.63925976  0.24903542 -0.34837281]
1043.6812181472778,1004,False,4,5,[-5.08104081  2.24612772  4.00000181],cruising,[-0.62185191  0.08809385  0.93462812]
1043.6812181472778,1005,False,5,2,[ 8.44365568 -0.9494539   3.99999997],cruising,[ 0.50568378 -0.03156594 -0.11489306]
1043.7794263362885,1000,False,6,1,[5.31247676 2.06231023 3.22995042],landing,[-0.82138112 -0.19970136 -0.21083176]
1043.7794263362885,1001,False,0,3,[2.76798636 7.30094957 3.21763248],entering,[-0.48080528  0.59740651 -0.20557775]
1043.7794263362885,1002,False,3,6,[-6.08348447  3.86552296  3.99979819],cruising,[ 0.5677905  -0.59831228 -0.99408226]
1043.7794263362885,1003,False,1,4,[ 8.36662588 -7.45033618  2.34642184],landing,[ 0.63925976  0.24903542 -0.34837281]
1043.7794263362885,1004,False,4,5,[-5.19570073  2.40999689  4.00000154],cruising,[-0.62185191  0.08809385  0.93462812]
1043.7794263362885,1005,False,5,2,[ 8.42581406 -1.14865651  3.99999997],cruising,[ 0.50568378 -0.03156594 -0.11489306]
1043.8855140209198,1000,False,6,1,[5.31983117 2.04025717 3.13269007],landing,[-0.82138112 -0.19970136 -0.21083176]
1043.8855140209198,1001,False,0,3,[2.78653237 7.10181131 3.29263248],entering,[-0.48080528  0.59740651 -0.20557775]
1043.8855140209198,1002,False,3,6,[-6.16768909  4.04693294  3.99982846],cruising,[ 0.5677905  -0.59831228 -0.99408226]
1043.8855140209198,1003,False,1,4,[ 8.34425335 -7.4533668   2.24900375],landing,[ 0.63925976  0.24903542 -0.34837281]
1043.8855140209198,1004,False,4,5,[-5.30909716  2.5747429   4.00000131],cruising,[-0.62185191  0.08809385  0.93462812]
1043.8855140209198,1005,False,5,2,[ 8.40601928 -1.34767451  3.99999998],cruising,[ 0.50568378 -0.03156594 -0.11489306]
1043.9906585216522,1000,False,6,1,[5.32718559 2.01820411 3.03542973],landing,[-0.82138112 -0.19970136 -0.21083176]
1043.9906585216522,1001,False,0,3,[2.82193538 6.90496968 3.36763248],entering,[-0.48080528  0.59740651 -0.20557775]
1043.9906585216522,1002,False,3,6,[-6.24430988  4.23167399  3.99985419],cruising,[ 0.5677905  -0.59831228 -0.99408226]
1043.9906585216522,1003,False,1,4,[ 8.32188082 -7.45639743  2.15158565],landing,[ 0.63925976  0.24903542 -0.34837281]
1043.9906585216522,1004,False,4,5,[-5.4209168   2.74056319  4.00000111],cruising,[-0.62185191  0.08809385  0.93462812]
1043.9906585216522,1005,False,5,2,[ 8.38407648 -1.54646715  3.99999998],cruising,[ 0.50568378 -0.03156594 -0.11489306]
1044.0835366249084,1000,False,6,1,[5.33454    1.99615105 2.93816938],landing,[-0.82138112 -0.19970136 -0.21083176]
1044.0835366249084,1001,False,0,3,[2.86926708 6.7106511  3.44263248],entering,[-0.48080528  0.59740651 -0.20557775]
1044.0835366249084,1002,False,3,6,[-6.31156963  4.42002506  3.99987606],cruising,[ 0.5677905  -0.59831228 -0.99408226]
1044.0835366249084,1003,False,1,4,[ 8.29950829 -7.45942805  2.05416756],landing,[ 0.63925976  0.24903542 -0.34837281]
1044.0835366249084,1004,False,4,5,[-5.53082097  2.9076592   4.00000094],cruising,[-0.62185191  0.08809385  0.93462812]
1044.0835366249084,1005,False,5,2,[ 8.35749184 -1.74469242  3.99999998],cruising,[ 0.50568378 -0.03156594 -0.11489306]
1044.1816709041595,1000,False,6,1,[5.34189441 1.974098   2.84090903],landing,[-0.82138112 -0.19970136 -0.21083176]
1044.1816709041595,1001,False,0,3,[2.93276527 6.52099884 3.51763248],entering,[-0.48080528  0.59740651 -0.20557775]
1044.1816709041595,1002,False,3,6,[-6.3608917   4.613848    3.99989465],cruising,[ 0.5677905  -0.59831228 -0.99408226]
1044.1816709041595,1003,False,1,4,[ 8.27713576 -7.46245868  1.95674946],landing,[ 0.63925976  0.24903542 -0.34837281]
1044.1816709041595,1004,False,4,5,[-5.6384307   3.07624195  4.0000008 ],cruising,[-0.62185191  0.08809385  0.93462812]
1044.1816709041595,1005,False,5,2,[ 8.32868783 -1.94260737  3.99999999],cruising,[ 0.50568378 -0.03156594 -0.11489306]
1044.2843706607819,1000,False,6,1,[5.34924882 1.95204494 2.74364868],landing,[-0.82138112 -0.19970136 -0.21083176]
1044.2843706607819,1001,False,0,3,[3.00895871 6.33608113 3.58998761],entering,[-0.48080528  0.59740651 -0.20557775]
1044.2843706607819,1002,False,3,6,[-6.39057329  4.81144606  3.99991089],cruising,[ 0.5677905  -0.59831228 -0.99408226]
1044.2843706607819,1003,False,1,4,[ 8.25476323 -7.4654893   1.85933137],landing,[ 0.63925976  0.24903542 -0.34837281]
1044.2843706607819,1004,False,4,5,[-5.74330916  3.24653731  4.00000068],cruising,[-0.62185191  0.08809385  0.93462812]
1044.2843706607819,1005,False,5,2,[ 8.29740567 -2.14014579  3.99999999],cruising,[ 0.50568378 -0.03156594 -0.11489306]
1044.386992931366,1000,False,6,1,[5.35660323 1.92999188 2.64638833],landing,[-0.82138112 -0.19970136 -0.21083176]
1044.386992931366,1001,False,0,3,[3.10059947 6.15834062 3.65186095],entering,[-0.48080528  0.59740651 -0.20557775]
1044.386992931366,1002,False,3,6,[-6.40034637  5.01095492  3.99992477],cruising,[ 0.5677905  -0.59831228 -0.99408226]
1044.386992931366,1003,False,1,4,[ 8.2323907  -7.46851992  1.76191327],landing,[ 0.63925976  0.24903542 -0.34837281]
1044.386992931366,1004,False,4,5,[-5.84661679  3.41779014  4.00000058],cruising,[-0.62185191  0.08809385  0.93462812]
1044.386992931366,1005,False,5,2,[ 8.26068445 -2.33674577  3.99999999],cruising,[ 0.50568378 -0.03156594 -0.11489306]
1044.479344367981,1000,False,6,1,[5.36395764 1.90793883 2.54912799],landing,[-0.82138112 -0.19970136 -0.21083176]
1044.479344367981,1001,False,0,3,[3.20639793 5.9886153  3.7040818 ],entering,[-0.48080528  0.59740651 -0.20557775]
1044.479344367981,1002,False,3,6,[-6.3901852   5.20884337  3.99993768],cruising,[ 0.5677905  -0.59831228 -0.99408226]
1044.479344367981,1003,False,1,4,[ 8.21001817 -7.47155055  1.66449518],landing,[ 0.63925976  0.24903542 -0.34837281]
1044.479344367981,1004,False,4,5,[-5.94601163  3.59134321  4.00000049],cruising,[-0.62185191  0.08809385  0.93462812]
1044.479344367981,1005,False,5,2,[ 8.22125905 -2.53282136  3.99999999],cruising,[ 0.50568378 -0.03156594 -0.11489306]
1044.5837383270264,1000,False,6,1,[5.37131205 1.88588577 2.45186764],landing,[-0.82138112 -0.19970136 -0.21083176]
1044.5837383270264,1001,False,0,3,[3.32741502 5.82941821 3.74871655],entering,[-0.48080528  0.59740651 -0.20557775]
1044.5837383270264,1002,False,3,6,[-6.36042225  5.40276066  3.99994964],cruising,[ 0.5677905  -0.59831228 -0.99408226]
1044.5837383270264,1003,False,1,4,[ 8.18764564 -7.47458117  1.56707708],landing,[ 0.63925976  0.24903542 -0.34837281]
1044.5837383270264,1004,False,4,5,[-6.04080462  3.76745195  4.00000042],cruising,[-0.62185191  0.08809385  0.93462812]
1044.5837383270264,1005,False,5,2,[ 8.1787747  -2.72825698  3.99999999],cruising,[ 0.50568378 -0.03156594 -0.11489306]
1044.6860489845276,1000,False,6,1,[5.37866646 1.86383271 2.35460729],landing,[-0.82138112 -0.19970136 -0.21083176]
1044.6860489845276,1001,False,0,3,[3.46260195 5.6820259  3.78640907],entering,[-0.48080528  0.59740651 -0.20557775]
1044.6860489845276,1002,False,3,6,[-6.31157083  5.59070881  3.99996056],cruising,[ 0.5677905  -0.59831228 -0.99408226]
1044.6860489845276,1003,False,1,4,[ 8.16527311 -7.4776118   1.46965899],fake_landed,[ 0.63925976  0.24903542 -0.34837281]
1044.6860489845276,1004,False,4,5,[-6.12724206  3.94780873  4.00000036],cruising,[-0.62185191  0.08809385  0.93462812]
1044.6860489845276,1005,False,5,2,[ 8.12941089 -2.9220693   3.99999999],cruising,[ 0.50568378 -0.03156594 -0.11489306]
1044.7851350307465,1000,False,6,1,[5.38602088 1.84177966 2.25734694],landing,[-0.82138112 -0.19970136 -0.21083176]
1044.7851350307465,1001,False,0,3,[3.61130548 5.54834302 3.81868373],entering,[-0.48080528  0.59740651 -0.20557775]
1044.7851350307465,1002,False,3,6,[-6.24448238  5.77044656  3.99997047],cruising,[ 0.5677905  -0.59831228 -0.99408226]
1044.7851350307465,1003,False,1,4,[ 8.14737509 -7.4800363   1.39172451],fake_landed,[ 0.63925976  0.24903542 -0.34837281]
1044.7851350307465,1004,False,4,5,[-6.20707683  4.13118378  4.0000003 ],cruising,[-0.62185191  0.08809385  0.93462812]
1044.7851350307465,1005,False,5,2,[ 8.0765392  -3.1149542   3.99999999],cruising,[ 0.50568378 -0.03156594 -0.11489306]
1044.8907008171082,1000,False,6,1,[5.39337529 1.8197266  2.16008659],landing,[-0.82138112 -0.19970136 -0.21083176]
1044.8907008171082,1001,False,0,3,[3.77226236 5.4296346  3.8458967 ],cruising,[-0.48080528  0.59740651 -0.20557775]
1044.8907008171082,1002,False,3,6,[-6.16025728  5.93987242  3.99997936],cruising,[ 0.5677905  -0.59831228 -0.99408226]
1044.8907008171082,1003,False,1,4,[ 8.13395157 -7.48185467  1.33327366],fake_landed,[ 0.63925976  0.24903542 -0.34837281]
1044.8907008171082,1004,False,4,5,[-6.27870617  4.31791685  4.00000026],cruising,[-0.62185191  0.08809385  0.93462812]
1044.8907008171082,1005,False,5,2,[ 8.01543235 -3.30539041  4.        ],cruising,[ 0.50568378 -0.03156594 -0.11489306]
1044.9853365421295,1000,False,6,1,[5.4007297  1.79767354 2.06282625],landing,[-0.82138112 -0.19970136 -0.21083176]
1044.9853365421295,1001,False,0,3,[3.9437206  5.32666824 3.86901219],cruising,[-0.48080528  0.59740651 -0.20557775]
1044.9853365421295,1002,False,3,6,[-6.06009984  6.09720859  3.9999872 ],cruising,[ 0.5677905  -0.59831228 -0.99408226]
1044.9853365421295,1003,False,1,4,[ 8.12500256 -7.48306692  1.29430642],fake_landed,[ 0.63925976  0.24903542 -0.34837281]
1044.9853365421295,1004,False,4,5,[-6.34008037  4.50826707  4.00000022],exiting,[-0.62185191  0.08809385  0.93462812]
1044.9853365421295,1005,False,5,2,[ 7.94538893 -3.49272412  4.        ],cruising,[ 0.50568378 -0.03156594 -0.11489306]
1045.083536863327,1000,False,6,1,[5.40808411 1.77562048 1.9655659 ],landing,[-0.82138112 -0.19970136 -0.21083176]
1045.083536863327,1001,False,0,3,[4.12301866 5.23805557 3.88866036],cruising,[-0.48080528  0.59740651 -0.20557775]
1045.083536863327,1002,False,3,6,[-5.94492784  6.24133254  3.99999392],cruising,[ 0.5677905  -0.59831228 -0.99408226]
1045.083536863327,1003,False,1,4,[ 8.12052805 -7.48367305  1.2748228 ],fake_landed,[ 0.63925976  0.24903542 -0.34837281]
1045.083536863327,1004,False,4,5,[-6.40110001  4.67862044  4.00000018],exiting,[-0.62185191  0.08809385  0.93462812]
1045.083536863327,1005,False,5,2,[ 7.87051798 -3.67818124  4.        ],cruising,[ 0.50568378 -0.03156594 -0.11489306]
1045.1871395111084,1000,False,6,1,[5.41543852 1.75356743 1.86830555],landing,[-0.82138112 -0.19970136 -0.21083176]
1045.1871395111084,1001,False,0,3,[4.30844222 5.16310157 3.90536131],cruising,[-0.48080528  0.59740651 -0.20557775]
1045.1871395111084,1002,False,3,6,[-5.81564862  6.37127951  3.99999949],cruising,[ 0.5677905  -0.59831228 -0.99408226]
1045.1871395111084,1003,False,4,0,[ 8.12052805 -7.48367305  1.2748228 ],waiting,[ 0.63925976  0.24903542 -0.34837281]
1045.1871395111084,1004,False,4,5,[-6.4619881   4.82897424  4.00000014],exiting,[-0.62185191  0.08809385  0.93462812]
1045.1871395111084,1005,False,5,2,[ 7.78373346 -3.85837127  4.        ],cruising,[ 0.50568378 -0.03156594 -0.11489306]
1045.293503522873,1000,False,6,1,[5.42279293 1.73151437 1.7710452 ],landing,[-0.82138112 -0.19970136 -0.21083176]
1045.293503522873,1001,False,0,3,[4.49811925 5.09967741 3.91955711],cruising,[-0.48080528  0.59740651 -0.20557775]
1045.293503522873,1002,False,3,6,[-5.67315859  6.48621068  4.00000388],cruising,[ 0.5677905  -0.59831228 -0.99408226]
1045.293503522873,1003,False,4,0,[ 8.12052805 -7.48367305  1.2748228 ],waiting,[ 0.63925976  0.24903542 -0.34837281]
1045.293503522873,1004,False,4,5,[-6.52305819  4.95932887  4.00000011],exiting,[-0.62185191  0.08809385  0.93462812]
1045.293503522873,1005,False,5,2,[ 7.68326517 -4.03130514  4.        ],cruising,[ 0.50568378 -0.03156594 -0.11489306]
1045.3799645900726,1000,False,6,1,[5.43014734 1.70946131 1.67378485],landing,[-0.82138112 -0.19970136 -0.21083176]
1045.3799645900726,1001,False,0,3,[4.69063592 5.04548025 3.93162355],cruising,[-0.48080528  0.59740651 -0.20557775]
1045.3799645900726,1002,False,3,6,[-5.51850424  6.58526641  4.0000071 ],cruising,[ 0.5677905  -0.59831228 -0.99408226]
1045.3799645900726,1003,False,4,0,[ 8.12052805 -7.48367305  1.2748228 ],waiting,[ 0.63925976  0.24903542 -0.34837281]
1045.3799645900726,1004,False,4,5,[-6.58464435  5.06969016  4.00000008],exiting,[-0.62185191  0.08809385  0.93462812]
1045.3799645900726,1005,False,5,2,[ 7.56676737 -4.19387285  4.        ],cruising,[ 0.50568378 -0.03156594 -0.11489306]
1045.4832861423492,1000,False,6,1,[5.43750175 1.68740826 1.57652451],landing,[-0.82138112 -0.19970136 -0.21083176]
1045.4832861423492,1001,False,0,3,[4.88511337 4.99880559 3.94188001],cruising,[-0.48080528  0.59740651 -0.20557775]
1045.4832861423492,1002,False,3,6,[-5.35230104  6.66799353  4.00000912],cruising,[ 0.5677905  -0.59831228 -0.99408226]
1045.4832861423492,1003,False,4,0,[ 8.12052805 -7.48367305  1.2748228 ],waiting,[ 0.63925976  0.24903542 -0.34837281]
1045.4832861423492,1004,False,4,5,[-6.64706129  5.16006871  4.00000006],exiting,[-0.62185191  0.08809385  0.93462812]
1045.4832861423492,1005,False,5,2,[ 7.43517671 -4.34331787  4.        ],cruising,[ 0.50568378 -0.03156594 -0.11489306]
1045.5945060253143,1000,False,6,1,[5.44485617 1.6653552  1.47926416],fake_landed,[-0.82138112 -0.19970136 -0.21083176]
1045.5945060253143,1001,False,0,3,[5.08073858 4.95720298 3.95059801],cruising,[-0.48080528  0.59740651 -0.20557775]
1045.5945060253143,1002,False,3,6,[-5.17498342  6.73409326  4.0000099 ],cruising,[ 0.5677905  -0.59831228 -0.99408226]
1045.5945060253143,1003,False,4,0,[ 8.12052805 -7.48367305  1.2748228 ],waiting,[ 0.63925976  0.24903542 -0.34837281]
1045.5945060253143,1004,False,4,5,[-6.71022439  5.23759562  4.00000005],exiting,[-0.62185191  0.08809385  0.93462812]
1045.5945060253143,1005,False,5,2,[ 7.29021615 -4.47788854  4.        ],cruising,[ 0.50568378 -0.03156594 -0.11489306]
1045.679937839508,1000,False,6,1,[5.45073969 1.64771275 1.40145588],fake_landed,[-0.82138112 -0.19970136 -0.21083176]
1045.679937839508,1001,False,0,3,[5.27700647 4.91874634 3.95800831],cruising,[-0.48080528  0.59740651 -0.20557775]
1045.679937839508,1002,False,3,6,[-4.98663967  6.78350694  4.00000938],cruising,[ 0.5677905  -0.59831228 -0.99408226]
1045.679937839508,1003,False,4,0,[ 8.12052805 -7.48367305  1.2748228 ],waiting,[ 0.63925976  0.24903542 -0.34837281]
1045.679937839508,1004,False,4,5,[-6.77338749  5.31512254  4.00000004],exiting,[-0.62185191  0.08809385  0.93462812]
1045.679937839508,1005,False,5,2,[ 7.13424315 -4.59576412  4.        ],cruising,[ 0.50568378 -0.03156594 -0.11489306]
1045.7823445796967,1000,False,6,1,[5.45515234 1.63448092 1.34309967],fake_landed,[-0.82138112 -0.19970136 -0.21083176]
1045.7823445796967,1001,False,0,3,[5.47354859 4.88171671 3.96430706],cruising,[-0.48080528  0.59740651 -0.20557775]
1045.7823445796967,1002,False,3,6,[-4.79061221  6.82317099  4.00000797],cruising,[ 0.5677905  -0.59831228 -0.99408226]
1045.7823445796967,1003,False,4,0,[ 8.12052805 -7.48367305  1.2748228 ],waiting,[ 0.63925976  0.24903542 -0.34837281]
1045.7823445796967,1004,False,4,5,[-6.8365506   5.39264945  4.00000003],exiting,[-0.62185191  0.08809385  0.93462812]
1045.7823445796967,1005,False,5,2,[ 6.96938833 -4.69572006  4.        ],cruising,[ 0.50568378 -0.03156594 -0.11489306]
1045.8876943588257,1000,False,6,1,[5.45809411 1.6256597  1.30419553],fake_landed,[-0.82138112 -0.19970136 -0.21083176]
1045.8876943588257,1001,False,0,3,[5.67039603 4.84634597 3.969661  ],cruising,[-0.48080528  0.59740651 -0.20557775]
1045.8876943588257,1002,False,3,6,[-4.59552953  6.8672476   4.00000677],cruising,[ 0.5677905  -0.59831228 -0.99408226]
1045.8876943588257,1003,False,4,0,[ 8.12052805 -7.48367305  1.2748228 ],waiting,[ 0.63925976  0.24903542 -0.34837281]
1045.8876943588257,1004,False,4,5,[-6.8997137   5.47017637  4.00000003],exiting,[-0.62185191  0.08809385  0.93462812]
1045.8876943588257,1005,False,5,2,[ 6.79779779 -4.77684439  4.        ],cruising,[ 0.50568378 -0.03156594 -0.11489306]
1045.9872686862946,1000,False,6,1,[5.45956499 1.62124908 1.28474346],fake_landed,[-0.82138112 -0.19970136 -0.21083176]
1045.9872686862946,1001,False,0,3,[5.86695637 4.80941318 3.97421185],cruising,[-0.48080528  0.59740651 -0.20557775]
1045.9872686862946,1002,False,3,6,[-4.40111935  6.91420164  4.00000576],cruising,[ 0.5677905  -0.59831228 -0.99408226]
1045.9872686862946,1003,False,4,0,[ 8.12052805 -7.48367305  1.2748228 ],waiting,[ 0.63925976  0.24903542 -0.34837281]
1045.9872686862946,1004,False,4,5,[-6.9628768   5.54770328  4.00000002],exiting,[-0.62185191  0.08809385  0.93462812]
1045.9872686862946,1005,False,5,2,[ 6.62142988 -4.83854767  4.        ],cruising,[ 0.50568378 -0.03156594 -0.11489306]
1046.0824091434479,1000,False,6,1,[5.45956499 1.62124908 1.28474346],fake_landed,[-0.82138112 -0.19970136 -0.21083176]
1046.0824091434479,1001,False,0,3,[6.06295258 4.76959503 3.97808008],cruising,[-0.48080528  0.59740651 -0.20557775]
1046.0824091434479,1002,False,3,6,[-4.20647202  6.96016268  4.00000489],cruising,[ 0.5677905  -0.59831228 -0.99408226]
1046.0824091434479,1003,False,4,0,[ 8.12052805 -7.48367305  1.2748228 ],waiting,[ 0.63925976  0.24903542 -0.34837281]
1046.0824091434479,1004,False,4,5,[-7.0260399   5.6252302   4.00000002],exiting,[-0.62185191  0.08809385  0.93462812]
1046.0824091434479,1005,False,5,2,[ 6.44252502 -4.88041251  4.        ],cruising,[ 0.50568378 -0.03156594 -0.11489306]
1046.1866543293,1000,False,1,4,[5.45956499 1.62124908 1.28474346],waiting,[-0.82138112 -0.19970136 -0.21083176]
1046.1866543293,1001,False,0,3,[6.25805455 4.72560387 3.98136806],cruising,[-0.48080528  0.59740651 -0.20557775]
1046.1866543293,1002,False,3,6,[-4.01202091  7.00694693  4.00000416],cruising,[ 0.5677905  -0.59831228 -0.99408226]
1046.1866543293,1003,False,4,0,[ 8.12052805 -7.48367305  1.2748228 ],waiting,[ 0.63925976  0.24903542 -0.34837281]
1046.1866543293,1004,False,4,5,[-7.089203    5.70275711  4.00000001],exiting,[-0.62185191  0.08809385  0.93462812]
1046.1866543293,1005,False,5,2,[ 6.26288446 -4.90229088  4.        ],cruising,[ 0.50568378 -0.03156594 -0.11489306]
1046.2838866710663,1000,False,1,4,[5.45956499 1.62124908 1.28474346],waiting,[-0.82138112 -0.19970136 -0.21083176]
1046.2838866710663,1001,False,0,3,[6.45184344 4.67614818 3.98416285],cruising,[-0.48080528  0.59740651 -0.20557775]
1046.2838866710663,1002,False,3,6,[-3.81749179  7.05340572  4.00000354],cruising,[ 0.5677905  -0.59831228 -0.99408226]
1046.2838866710663,1003,False,4,0,[ 8.12052805 -7.48367305  1.2748228 ],waiting,[ 0.63925976  0.24903542 -0.34837281]
1046.2838866710663,1004,False,4,5,[-7.1523661   5.78028403  4.00000001],exiting,[-0.62185191  0.08809385  0.93462812]
1046.2838866710663,1005,False,5,2,[ 6.08350897 -4.90417101  4.        ],cruising,[ 0.50568378 -0.03156594 -0.11489306]
1046.3839480876923,1000,False,1,4,[5.45956499 1.62124908 1.28474346],waiting,[-0.82138112 -0.19970136 -0.21083176]
1046.3839480876923,1001,False,0,3,[6.64377108 4.61990068 3.98653843],cruising,[-0.48080528  0.59740651 -0.20557775]
1046.3839480876923,1002,False,3,6,[-3.62265552  7.09855914  4.00000301],cruising,[ 0.5677905  -0.59831228 -0.99408226]
1046.3839480876923,1003,False,4,0,[ 8.12052805 -7.48367305  1.2748228 ],waiting,[ 0.63925976  0.24903542 -0.34837281]
1046.3839480876923,1004,False,4,5,[-7.2155292   5.85781095  4.00000001],exiting,[-0.62185191  0.08809385  0.93462812]
1046.3839480876923,1005,False,5,2,[ 5.9056932  -4.88611206  4.        ],cruising,[ 0.50568378 -0.03156594 -0.11489306]
1046.4863674640656,1000,False,1,4,[5.45956499 1.62124908 1.28474346],waiting,[-0.82138112 -0.19970136 -0.21083176]
1046.4863674640656,1001,False,0,3,[6.83311116 4.55547759 3.98855766],cruising,[-0.48080528  0.59740651 -0.20557775]
1046.4863674640656,1002,False,3,6,[-3.42681268  7.13912488  4.00000256],cruising,[ 0.5677905  -0.59831228 -0.99408226]
1046.4863674640656,1003,False,4,0,[ 8.12052805 -7.48367305  1.2748228 ],waiting,[ 0.63925976  0.24903542 -0.34837281]
1046.4863674640656,1004,False,4,5,[-7.2786923   5.93533786  4.00000001],exiting,[-0.62185191  0.08809385  0.93462812]
1046.4863674640656,1005,False,5,2,[ 5.73046482 -4.84822117  4.        ],cruising,[ 0.50568378 -0.03156594 -0.11489306]
1046.5889377593994,1000,False,1,4,[5.45956499 1.62124908 1.28474346],waiting,[-0.82138112 -0.19970136 -0.21083176]
1046.5889377593994,1001,False,0,3,[7.01890056 4.48143505 3.99027401],cruising,[-0.48080528  0.59740651 -0.20557775]
1046.5889377593994,1002,False,3,6,[-3.23046201  7.17715665  4.00000217],cruising,[ 0.5677905  -0.59831228 -0.99408226]
1046.5889377593994,1003,False,4,0,[ 8.12052805 -7.48367305  1.2748228 ],waiting,[ 0.63925976  0.24903542 -0.34837281]
1046.5889377593994,1004,False,4,5,[-7.34185541  6.01286478  4.00000001],exiting,[-0.62185191  0.08809385  0.93462812]
1046.5889377593994,1005,False,5,2,[ 5.55815729 -4.79054472  4.        ],cruising,[ 0.50568378 -0.03156594 -0.11489306]
1046.6850180625916,1000,False,1,4,[5.45956499 1.62124908 1.28474346],waiting,[-0.82138112 -0.19970136 -0.21083176]
1046.6850180625916,1001,False,0,3,[7.19987208 4.39629217 3.99173291],cruising,[-0.48080528  0.59740651 -0.20557775]
1046.6850180625916,1002,False,3,6,[-3.03349053  7.21182993  4.00000185],cruising,[ 0.5677905  -0.59831228 -0.99408226]
1046.6850180625916,1003,False,4,0,[ 8.12052805 -7.48367305  1.2748228 ],waiting,[ 0.63925976  0.24903542 -0.34837281]
1046.6850180625916,1004,False,4,5,[-7.40501851  6.09039169  4.        ],exiting,[-0.62185191  0.08809385  0.93462812]
1046.6850180625916,1005,False,5,2,[ 5.38881363 -4.71308909  4.        ],cruising,[ 0.50568378 -0.03156594 -0.11489306]
1046.7807307243347,1000,False,1,4,[5.45956499 1.62124908 1.28474346],waiting,[-0.82138112 -0.19970136 -0.21083176]
1046.7807307243347,1001,False,0,3,[7.3743858  4.29859385 3.99297297],cruising,[-0.48080528  0.59740651 -0.20557775]
1046.7807307243347,1002,False,3,6,[-2.835418    7.23952963  4.00000157],cruising,[ 0.5677905  -0.59831228 -0.99408226]
1046.7807307243347,1003,False,4,0,[ 8.12052805 -7.48367305  1.2748228 ],waiting,[ 0.63925976  0.24903542 -0.34837281]
1046.7807307243347,1004,False,4,5,[-7.46818161  6.16791861  4.        ],exiting,[-0.62185191  0.08809385  0.93462812]
1046.7807307243347,1005,False,5,2,[ 5.22226141 -4.61582924  4.        ],cruising,[ 0.50568378 -0.03156594 -0.11489306]
1046.8803215026855,1000,False,1,4,[5.45956499 1.62124908 1.28474346],waiting,[-0.82138112 -0.19970136 -0.21083176]
1046.8803215026855,1001,False,0,3,[7.53806999 4.18408188 3.99406258],cruising,[-0.48080528  0.59740651 -0.20557775]
1046.8803215026855,1002,False,3,6,[-2.63674766  7.26255344  4.00000133],cruising,[ 0.5677905  -0.59831228 -0.99408226]
1046.8803215026855,1003,False,4,0,[ 8.12052805 -7.48367305  1.2748228 ],queued,[ 0.63925976  0.24903542 -0.34837281]
1046.8803215026855,1004,False,4,5,[-7.53134471  6.24544552  4.        ],exiting,[-0.62185191  0.08809385  0.93462812]
1046.8803215026855,1005,False,5,2,[ 5.05420561 -4.5073984   4.        ],cruising,[ 0.50568378 -0.03156594 -0.11489306]
1046.979918718338,1000,False,1,4,[5.45956499 1.62124908 1.28474346],waiting,[-0.82138112 -0.19970136 -0.21083176]
1046.979918718338,1001,False,0,3,[7.68950366 4.0537618  3.99498296],cruising,[-0.48080528  0.59740651 -0.20557775]
1046.979918718338,1002,False,3,6,[-2.43723238  7.2764693   4.00000113],cruising,[ 0.5677905  -0.59831228 -0.99408226]
1046.979918718338,1003,False,4,0,[ 8.12052805 -7.48367305  1.2948228 ],queued,[ 0.63925976  0.24903542 -0.34837281]
1046.979918718338,1004,False,4,5,[-7.59450781  6.32297244  4.        ],exiting,[-0.62185191  0.08809385  0.93462812]
1046.979918718338,1005,False,5,2,[ 4.88261025 -4.4046607   4.        ],cruising,[ 0.50568378 -0.03156594 -0.11489306]
1047.0919184684753,1000,False,1,4,[5.45956499 1.62124908 1.28474346],waiting,[-0.82138112 -0.19970136 -0.21083176]
1047.0919184684753,1001,False,0,3,[7.82712782 3.90897528 3.99576409],cruising,[-0.48080528  0.59740651 -0.20557775]
1047.0919184684753,1002,False,3,6,[-2.23726152  7.27988315  4.00000096],cruising,[ 0.5677905  -0.59831228 -0.99408226]
1047.0919184684753,1003,False,4,0,[ 8.12052805 -7.48367305  1.3348228 ],queued,[ 0.63925976  0.24903542 -0.34837281]
1047.0919184684753,1004,False,4,5,[-7.65767091  6.40049936  4.        ],exiting,[-0.62185191  0.08809385  0.93462812]
1047.0919184684753,1005,False,5,2,[ 4.70805272 -4.30704069  4.        ],cruising,[ 0.50568378 -0.03156594 -0.11489306]
1047.180364370346,1000,False,1,4,[5.45956499 1.62124908 1.28474346],waiting,[-0.82138112 -0.19970136 -0.21083176]
1047.180364370346,1001,False,0,3,[7.94911406 3.75172083 3.99646704],cruising,[-0.48080528  0.59740651 -0.20557775]
1047.180364370346,1002,False,3,6,[-2.03774772  7.26594588  4.00000082],cruising,[ 0.5677905  -0.59831228 -0.99408226]
1047.180364370346,1003,False,4,0,[ 8.12052805 -7.48367305  1.3948228 ],queued,[ 0.63925976  0.24903542 -0.34837281]
1047.180364370346,1004,False,4,5,[-7.72083401  6.47802627  4.        ],exiting,[-0.62185191  0.08809385  0.93462812]
1047.180364370346,1005,False,5,2,[ 4.53035861 -4.21525397  4.        ],cruising,[ 0.50568378 -0.03156594 -0.11489306]
1047.2807955741882,1000,False,1,4,[5.45956499 1.62124908 1.28474346],waiting,[-0.82138112 -0.19970136 -0.21083176]
1047.2807955741882,1001,False,0,3,[8.05435984 3.58352335 3.99708667],cruising,[-0.48080528  0.59740651 -0.20557775]
1047.2807955741882,1002,False,3,6,[-1.84044941  7.2331835   4.0000007 ],cruising,[ 0.5677905  -0.59831228 -0.99408226]
1047.2807955741882,1003,False,4,0,[ 8.12052805 -7.48367305  1.4698228 ],queued,[ 0.63925976  0.24903542 -0.34837281]
1047.2807955741882,1004,False,4,5,[-7.78399711  6.55555319  4.        ],exiting,[-0.62185191  0.08809385  0.93462812]
1047.2807955741882,1005,False,5,2,[ 4.3510013  -4.12676128  4.        ],cruising,[ 0.50568378 -0.03156594 -0.11489306]
1047.392796754837,1000,False,1,4,[5.45956499 1.62124908 1.28474346],waiting,[-0.82138112 -0.19970136 -0.21083176]
1047.392796754837,1001,False,0,3,[8.14197354 3.40588647 3.99761914],cruising,[-0.48080528  0.59740651 -0.20557775]
1047.392796754837,1002,False,3,6,[-1.64660892  7.18393041  4.00000059],cruising,[ 0.5677905  -0.59831228 -0.99408226]
1047.392796754837,1003,False,4,0,[ 8.12052805 -7.48367305  1.5448228 ],queued,[ 0.63925976  0.24903542 -0.34837281]
1047.392796754837,1004,False,4,5,[-7.84716021  6.6330801   4.        ],exiting,[-0.62185191  0.08809385  0.93462812]
1047.392796754837,1005,False,5,2,[ 4.1698017  -4.04210488  4.        ],cruising,[ 0.50568378 -0.03156594 -0.11489306]
1047.4861311912537,1000,False,1,4,[5.45956499 1.62124908 1.28474346],queued,[-0.82138112 -0.19970136 -0.21083176]
1047.4861311912537,1001,False,0,3,[8.21127394 3.22021128 3.99805916],cruising,[-0.48080528  0.59740651 -0.20557775]
1047.4861311912537,1002,False,3,6,[-1.45543523  7.12517143  4.0000005 ],cruising,[ 0.5677905  -0.59831228 -0.99408226]
1047.4861311912537,1003,False,4,0,[ 8.12052805 -7.48367305  1.6198228 ],queued,[ 0.63925976  0.24903542 -0.34837281]
1047.4861311912537,1004,False,4,5,[-7.91032332  6.71060702  4.        ],exiting,[-0.62185191  0.08809385  0.93462812]
1047.4861311912537,1005,False,5,2,[ 3.9876651 -3.9594837  4.       ],cruising,[ 0.50568378 -0.03156594 -0.11489306]
1047.583829164505,1000,False,1,4,[5.45956499 1.62124908 1.30474346],queued,[-0.82138112 -0.19970136 -0.21083176]
1047.583829164505,1001,False,0,3,[8.26173951 3.02781007 3.99839939],cruising,[-0.48080528  0.59740651 -0.20557775]
1047.583829164505,1002,False,3,6,[-1.26884345  7.05317483  4.00000043],cruising,[ 0.5677905  -0.59831228 -0.99408226]
1047.583829164505,1003,False,4,0,[ 8.12052805 -7.48367305  1.6948228 ],queued,[ 0.63925976  0.24903542 -0.34837281]
1047.583829164505,1004,False,4,5,[-7.97348642  6.78813393  4.        ],exiting,[-0.62185191  0.08809385  0.93462812]
1047.583829164505,1005,False,5,2,[ 3.80441991 -3.87935132  4.        ],cruising,[ 0.50568378 -0.03156594 -0.11489306]
1047.6802554130554,1000,False,1,4,[5.45956499 1.62124908 1.34474346],queued,[-0.82138112 -0.19970136 -0.21083176]
1047.6802554130554,1001,False,0,3,[8.29960555 2.83142738 3.99863948],cruising,[-0.48080528  0.59740651 -0.20557775]
1047.6802554130554,1002,False,3,6,[-1.08666758  6.97064029  4.00000036],cruising,[ 0.5677905  -0.59831228 -0.99408226]
1047.6802554130554,1003,False,4,0,[ 8.12052805 -7.48367305  1.7698228 ],queued,[ 0.63925976  0.24903542 -0.34837281]
1047.6802554130554,1004,False,4,5,[-8.03664952  6.86566085  4.        ],exiting,[-0.62185191  0.08809385  0.93462812]
1047.6802554130554,1005,False,5,2,[ 3.62057591 -3.80060245  4.        ],cruising,[ 0.50568378 -0.03156594 -0.11489306]
1047.7791562080383,1000,False,1,4,[5.45956499 1.62124908 1.40474346],queued,[-0.82138112 -0.19970136 -0.21083176]
1047.7791562080383,1001,False,0,3,[8.33137613 2.63396693 3.99884356],cruising,[-0.48080528  0.59740651 -0.20557775]
1047.7791562080383,1002,False,3,6,[-0.90842146  6.87993019  4.00000031],cruising,[ 0.5677905  -0.59831228 -0.99408226]
1047.7791562080383,1003,False,4,0,[ 8.12052805 -7.48367305  1.8448228 ],queued,[ 0.63925976  0.24903542 -0.34837281]
1047.7791562080383,1004,False,4,5,[-8.09981262  6.94318777  4.        ],exiting,[-0.62185191  0.08809385  0.93462812]
1047.7791562080383,1005,False,5,2,[ 3.43601289 -3.72355381  4.        ],cruising,[ 0.50568378 -0.03156594 -0.11489306]
1047.88458609581,1000,False,1,4,[5.45956499 1.62124908 1.47974346],queued,[-0.82138112 -0.19970136 -0.21083176]
1047.88458609581,1001,False,0,3,[8.3582267  2.4357775  3.99901703],cruising,[-0.48080528  0.59740651 -0.20557775]
1047.88458609581,1002,False,3,6,[-0.73231765  6.78512804  4.00000026],cruising,[ 0.5677905  -0.59831228 -0.99408226]
1047.88458609581,1003,False,4,0,[ 8.12052805 -7.48367305  1.9198228 ],queued,[ 0.63925976  0.24903542 -0.34837281]
1047.88458609581,1004,False,4,5,[-8.16297572  7.02071468  4.        ],exiting,[-0.62185191  0.08809385  0.93462812]
1047.88458609581,1005,False,5,2,[ 3.2509498  -3.64771415  4.        ],cruising,[ 0.50568378 -0.03156594 -0.11489306]
1047.9875552654266,1000,False,1,4,[5.45956499 1.62124908 1.55474346],queued,[-0.82138112 -0.19970136 -0.21083176]
1047.9875552654266,1001,False,0,3,[8.38408865 2.23745666 3.99916447],cruising,[-0.48080528  0.59740651 -0.20557775]
1047.9875552654266,1002,False,3,6,[-0.55925113  6.68488843  4.00000022],cruising,[ 0.5677905  -0.59831228 -0.99408226]
1047.9875552654266,1003,False,4,0,[ 8.12052805 -7.48367305  1.9948228 ],queued,[ 0.63925976  0.24903542 -0.34837281]
1047.9875552654266,1004,False,4,5,[-8.22613882  7.0982416   4.        ],exiting,[-0.62185191  0.08809385  0.93462812]
1047.9875552654266,1005,False,5,2,[ 3.06535112 -3.57319483  4.        ],cruising,[ 0.50568378 -0.03156594 -0.11489306]
1048.0813677310944,1000,False,1,4,[5.45956499 1.62124908 1.62974346],queued,[-0.82138112 -0.19970136 -0.21083176]
1048.0813677310944,1001,False,0,3,[8.40534576 2.03858952 3.9992898 ],cruising,[-0.48080528  0.59740651 -0.20557775]
1048.0813677310944,1002,False,3,6,[-0.38839685  6.58092299  4.00000019],cruising,[ 0.5677905  -0.59831228 -0.99408226]
1048.0813677310944,1003,False,4,0,[ 8.12052805 -7.48367305  2.0698228 ],queued,[ 0.63925976  0.24903542 -0.34837281]
1048.0813677310944,1004,False,4,5,[-8.28930192  7.17576851  4.        ],exiting,[-0.62185191  0.08809385  0.93462812]
1048.0813677310944,1005,False,5,2,[ 2.87919619 -3.50007615  4.        ],cruising,[ 0.50568378 -0.03156594 -0.11489306]
1048.1906988620758,1000,False,1,4,[5.45956499 1.62124908 1.70474346],queued,[-0.82138112 -0.19970136 -0.21083176]
1048.1906988620758,1001,False,0,3,[8.42536651 1.83959412 3.99939633],cruising,[-0.48080528  0.59740651 -0.20557775]
1048.1906988620758,1002,False,3,6,[-0.21845436  6.4754737   4.00000016],cruising,[ 0.5677905  -0.59831228 -0.99408226]
1048.1906988620758,1003,False,4,0,[ 8.12052805 -7.48367305  2.1448228 ],queued,[ 0.63925976  0.24903542 -0.34837281]
1048.1906988620758,1004,False,4,5,[-8.35246502  7.25329543  4.        ],exiting,[-0.62185191  0.08809385  0.93462812]
1048.1906988620758,1005,False,5,2,[ 2.69237721 -3.4286712   4.        ],cruising,[ 0.50568378 -0.03156594 -0.11489306]
1048.2888436317444,1000,False,1,4,[5.45956499 1.62124908 1.77974346],queued,[-0.82138112 -0.19970136 -0.21083176]
1048.2888436317444,1001,False,0,3,[8.44378477 1.64044401 3.99948688],cruising,[-0.48080528  0.59740651 -0.20557775]
1048.2888436317444,1002,False,3,6,[-0.0495699   6.3683381   4.00000014],cruising,[ 0.5677905  -0.59831228 -0.99408226]
1048.2888436317444,1003,False,4,0,[ 8.12052805 -7.48367305  2.2198228 ],queued,[ 0.63925976  0.24903542 -0.34837281]
1048.2888436317444,1004,False,4,5,[-8.41562812  7.33082234  4.        ],landing,[-0.62185191  0.08809385  0.93462812]
1048.2888436317444,1005,False,5,2,[ 2.50505262 -3.35860337  4.        ],cruising,[ 0.50568378 -0.03156594 -0.11489306]
1048.3831150531769,1000,False,1,4,[5.45956499 1.62124908 1.85474346],queued,[-0.82138112 -0.19970136 -0.21083176]
1048.3831150531769,1001,False,0,3,[8.45767992 1.44092728 3.99956385],cruising,[-0.48080528  0.59740651 -0.20557775]
1048.3831150531769,1002,False,3,6,[0.119132   6.26091525 4.00000012],cruising,[ 0.5677905  -0.59831228 -0.99408226]
1048.3831150531769,1003,False,4,0,[ 8.12052805 -7.48367305  2.2948228 ],queued,[ 0.63925976  0.24903542 -0.34837281]
1048.3831150531769,1004,False,4,5,[-8.46766617  7.39988442  3.98569687],landing,[-0.62185191  0.08809385  0.93462812]
1048.3831150531769,1005,False,5,2,[ 2.31685349 -3.29091965  4.        ],cruising,[ 0.50568378 -0.03156594 -0.11489306]
1048.480875492096,1000,False,1,4,[5.45956499 1.62124908 1.92974346],queued,[-0.82138112 -0.19970136 -0.21083176]
1048.480875492096,1001,False,0,3,[8.4700614  1.2413109  3.99962927],cruising,[-0.48080528  0.59740651 -0.20557775]
1048.480875492096,1002,False,3,6,[0.28791645 6.15362214 4.0000001 ],cruising,[ 0.5677905  -0.59831228 -0.99408226]
1048.480875492096,1003,False,4,0,[ 8.12052805 -7.48367305  2.3698228 ],queued,[ 0.63925976  0.24903542 -0.34837281]
1048.480875492096,1004,False,4,5,[-8.50849694  7.4603227   3.95725064],landing,[-0.62185191  0.08809385  0.93462812]
1048.480875492096,1005,False,5,2,[ 2.1280788  -3.22485818  4.        ],cruising,[ 0.50568378 -0.03156594 -0.11489306]
1048.5938093662262,1000,False,1,4,[5.45956499 1.62124908 2.00474346],queued,[-0.82138112 -0.19970136 -0.21083176]
1048.5938093662262,1001,False,0,3,[8.47841108 1.04148527 3.99968488],cruising,[-0.48080528  0.59740651 -0.20557775]
1048.5938093662262,1002,False,3,6,[0.45720374 6.04712419 4.00000008],cruising,[ 0.5677905  -0.59831228 -0.99408226]
1048.5938093662262,1003,False,4,0,[ 8.12052805 -7.48367305  2.4448228 ],entering,[ 0.63925976  0.24903542 -0.34837281]
1048.5938093662262,1004,False,4,5,[-8.53802399  7.51194815  3.91485594],landing,[-0.62185191  0.08809385  0.93462812]
1048.5938093662262,1005,False,5,2,[ 1.93812116 -3.16227948  4.        ],cruising,[ 0.50568378 -0.03156594 -0.11489306]
1048.681228876114,1000,False,1,4,[5.45956499 1.62124908 2.07974346],queued,[-0.82138112 -0.19970136 -0.21083176]
1048.681228876114,1001,False,0,3,[8.48529297 0.84160371 3.99973215],cruising,[-0.48080528  0.59740651 -0.20557775]
1048.681228876114,1002,False,3,6,[0.62725711 5.94185382 4.00000007],cruising,[ 0.5677905  -0.59831228 -0.99408226]
1048.681228876114,1003,False,4,0,[ 8.10904292 -7.46729954  2.5198228 ],entering,[ 0.63925976  0.24903542 -0.34837281]
1048.681228876114,1004,False,4,5,[-8.55611456  7.55449591  3.85879367],landing,[-0.62185191  0.08809385  0.93462812]
1048.681228876114,1005,False,5,2,[ 1.74680196 -3.10399601  4.        ],cruising,[ 0.50568378 -0.03156594 -0.11489306]
1048.7906575202942,1000,False,1,4,[5.45956499 1.62124908 2.15474346],queued,[-0.82138112 -0.19970136 -0.21083176]
1048.7906575202942,1001,False,0,3,[8.49050195 0.64167155 3.99977233],cruising,[-0.48080528  0.59740651 -0.20557775]
1048.7906575202942,1002,False,3,6,[0.79884389 5.83910181 4.00000006],cruising,[ 0.5677905  -0.59831228 -0.99408226]
1048.7906575202942,1003,False,4,0,[ 8.08607264 -7.43455254  2.5948228 ],entering,[ 0.63925976  0.24903542 -0.34837281]
1048.7906575202942,1004,False,4,5,[-8.56266919  7.58776359  3.78928512],landing,[-0.62185191  0.08809385  0.93462812]
1048.7906575202942,1005,False,5,2,[ 1.55392933 -3.05107957  4.        ],cruising,[ 0.50568378 -0.03156594 -0.11489306]
1048.8941657543182,1000,False,1,4,[5.45956499 1.62124908 2.22974346],queued,[-0.82138112 -0.19970136 -0.21083176]
1048.8941657543182,1001,False,0,3,[8.49388487 0.44170017 3.99980648],cruising,[-0.48080528  0.59740651 -0.20557775]
1048.8941657543182,1002,False,3,6,[0.97177599 5.73863047 4.00000005],cruising,[ 0.5677905  -0.59831228 -0.99408226]
1048.8941657543182,1003,False,4,0,[ 8.05161722 -7.38543203  2.6698228 ],entering,[ 0.63925976  0.24903542 -0.34837281]
1048.8941657543182,1004,False,4,5,[-8.55759109  7.6115507   3.70655544],landing,[-0.62185191  0.08809385  0.93462812]
1048.8941657543182,1005,False,5,2,[ 1.35931449 -3.00498117  4.        ],cruising,[ 0.50568378 -0.03156594 -0.11489306]
1048.980719089508,1000,False,1,4,[5.45956499 1.62124908 2.30474346],queued,[-0.82138112 -0.19970136 -0.21083176]
1048.980719089508,1001,False,0,3,[8.4931964  0.24170135 3.99983551],cruising,[-0.48080528  0.59740651 -0.20557775]
1048.980719089508,1002,False,3,6,[1.14707346 5.6423455  4.00000004],cruising,[ 0.5677905  -0.59831228 -0.99408226]
1048.980719089508,1003,False,4,0,[ 8.00567666 -7.31993803  2.7448228 ],entering,[ 0.63925976  0.24903542 -0.34837281]
1048.980719089508,1004,False,4,5,[-8.54078413  7.62565429  3.61083872],landing,[-0.62185191  0.08809385  0.93462812]
1048.980719089508,1005,False,5,2,[ 1.16281802 -2.96771002  4.        ],cruising,[ 0.50568378 -0.03156594 -0.11489306]
1049.088069677353,1000,False,1,4,[5.45956499 1.62124908 2.37974346],queued,[-0.82138112 -0.19970136 -0.21083176]
1049.088069677353,1001,False,0,3,[8.49085792 0.04171502 3.99986018],cruising,[-0.48080528  0.59740651 -0.20557775]
1049.088069677353,1002,False,3,6,[1.3241672  5.54940569 4.00000004],cruising,[ 0.5677905  -0.59831228 -0.99408226]
1049.088069677353,1003,False,4,0,[ 7.94825096 -7.23807052  2.8198228 ],entering,[ 0.63925976  0.24903542 -0.34837281]
1049.088069677353,1004,False,4,5,[-8.52236172  7.63840679  3.51338109],landing,[-0.62185191  0.08809385  0.93462812]
1049.088069677353,1005,False,5,2,[ 0.96373105 -2.94862135  4.        ],cruising,[ 0.50568378 -0.03156594 -0.11489306]
1049.1946096420288,1000,False,1,4,[5.45956499 1.62124908 2.45474346],queued,[-0.82138112 -0.19970136 -0.21083176]
1049.1946096420288,1001,False,0,3,[ 8.48671711 -0.15824211  3.99988115],cruising,[-0.48080528  0.59740651 -0.20557775]
1049.1946096420288,1002,False,3,6,[1.50327289 5.46040483 4.00000003],cruising,[ 0.5677905  -0.59831228 -0.99408226]
1049.1946096420288,1003,False,4,0,[ 7.87934012 -7.13982951  2.8948228 ],entering,[ 0.63925976  0.24903542 -0.34837281]
1049.1946096420288,1004,False,4,5,[-8.50393932  7.65115929  3.41592347],landing,[-0.62185191  0.08809385  0.93462812]
1049.1946096420288,1005,False,5,2,[ 0.76382806 -2.94239276  4.        ],cruising,[ 0.50568378 -0.03156594 -0.11489306]
1049.2843747138977,1000,False,1,4,[5.45956499 1.62124908 2.52974346],queued,[-0.82138112 -0.19970136 -0.21083176]
1049.2843747138977,1001,False,0,3,[ 8.47862971 -0.35807853  3.99989898],cruising,[-0.48080528  0.59740651 -0.20557775]
1049.2843747138977,1002,False,3,6,[1.68561026 5.37822769 4.00000003],cruising,[ 0.5677905  -0.59831228 -0.99408226]
1049.2843747138977,1003,False,4,0,[ 7.79901745 -7.02516382  2.9698228 ],entering,[ 0.63925976  0.24903542 -0.34837281]
1049.2843747138977,1004,False,4,5,[-8.48551691  7.66391179  3.31846584],landing,[-0.62185191  0.08809385  0.93462812]
1049.2843747138977,1005,False,5,2,[ 0.5640394  -2.95158471  4.        ],cruising,[ 0.50568378 -0.03156594 -0.11489306]
1049.3792734146118,1000,False,1,4,[5.45956499 1.62124908 2.60474346],entering,[-0.82138112 -0.19970136 -0.21083176]
1049.3792734146118,1001,False,0,3,[ 8.46884408 -0.55783899  3.99991413],cruising,[-0.48080528  0.59740651 -0.20557775]
1049.3792734146118,1002,False,3,6,[1.87014209 5.30110437 4.00000002],cruising,[ 0.5677905  -0.59831228 -0.99408226]
1049.3792734146118,1003,False,4,0,[ 7.70648111 -6.89466063  3.0448228 ],entering,[ 0.63925976  0.24903542 -0.34837281]
1049.3792734146118,1004,False,4,5,[-8.4670945   7.67666429  3.22100822],landing,[-0.62185191  0.08809385  0.93462812]
1049.3792734146118,1005,False,5,2,[ 0.36549295 -2.97565349  4.        ],cruising,[ 0.50568378 -0.03156594 -0.11489306]
1049.4847919940948,1000,False,1,4,[5.47925663 1.6177506  2.67974346],entering,[-0.82138112 -0.19970136 -0.21083176]
1049.4847919940948,1001,False,0,3,[ 8.45719342 -0.75749935  3.99992701],cruising,[-0.48080528  0.59740651 -0.20557775]
1049.4847919940948,1002,False,3,6,[2.0569755  5.22973718 4.00000002],cruising,[ 0.5677905  -0.59831228 -0.99408226]
1049.4847919940948,1003,False,4,0,[ 7.60105555 -6.7488647   3.1198228 ],entering,[ 0.63925976  0.24903542 -0.34837281]
1049.4847919940948,1004,False,4,5,[-8.44867209  7.68941679  3.12355059],landing,[-0.62185191  0.08809385  0.93462812]
1049.4847919940948,1005,False,5,2,[ 0.16917392 -3.01384825  4.        ],cruising,[ 0.50568378 -0.03156594 -0.11489306]
1049.5879986286163,1000,False,1,4,[5.51863421 1.61072174 2.75474346],entering,[-0.82138112 -0.19970136 -0.21083176]
1049.5879986286163,1001,False,0,3,[ 8.44353386 -0.95703235  3.99993796],cruising,[-0.48080528  0.59740651 -0.20557775]
1049.5879986286163,1002,False,3,6,[2.24756641 5.16911455 4.00000002],cruising,[ 0.5677905  -0.59831228 -0.99408226]
1049.5879986286163,1003,False,4,0,[ 7.48266    -6.58784447  3.1948228 ],entering,[ 0.63925976  0.24903542 -0.34837281]
1049.5879986286163,1004,False,4,5,[-8.43024969  7.70216929  3.02609297],landing,[-0.62185191  0.08809385  0.93462812]
1049.5879986286163,1005,False,5,2,[-0.02413421 -3.06515094  4.        ],cruising,[ 0.50568378 -0.03156594 -0.11489306]
1049.690444946289,1000,False,1,4,[5.57768493 1.60009183 2.82974346],entering,[-0.82138112 -0.19970136 -0.21083176]
1049.690444946289,1001,False,0,3,[ 8.42558834 -1.15622562  3.99994727],cruising,[-0.48080528  0.59740651 -0.20557775]
1049.690444946289,1002,False,3,6,[2.44110358 5.11868278 4.00000001],cruising,[ 0.5677905  -0.59831228 -0.99408226]
1049.690444946289,1003,False,4,0,[ 7.36374051 -6.42703975  3.2698228 ],entering,[ 0.63925976  0.24903542 -0.34837281]
1049.690444946289,1004,False,4,5,[-8.41182728  7.71492179  2.92863534],landing,[-0.62185191  0.08809385  0.93462812]
1049.690444946289,1005,False,5,2,[-0.2127196  -3.13175086  4.        ],cruising,[ 0.50568378 -0.03156594 -0.11489306]
1049.7831468582153,1000,False,1,4,[5.65633445 1.58547606 2.90474346],entering,[-0.82138112 -0.19970136 -0.21083176]
1049.7831468582153,1001,False,0,3,[ 8.40569461 -1.35523376  3.99995518],cruising,[-0.48080528  0.59740651 -0.20557775]
1049.7831468582153,1002,False,3,6,[2.63671396 5.07701048 4.00000001],cruising,[ 0.5677905  -0.59831228 -0.99408226]
1049.7831468582153,1003,False,4,0,[ 7.2412352  -6.26894976  3.3448228 ],entering,[ 0.63925976  0.24903542 -0.34837281]
1049.7831468582153,1004,False,4,5,[-8.39340487  7.72767429  2.83117772],landing,[-0.62185191  0.08809385  0.93462812]
1049.7831468582153,1005,False,5,2,[-0.39788285 -3.20734566  4.        ],cruising,[ 0.50568378 -0.03156594 -0.11489306]
1049.8841361999512,1000,False,1,4,[5.75450114 1.56649216 2.97974346],entering,[-0.82138112 -0.19970136 -0.21083176]
1049.8841361999512,1001,False,0,3,[ 8.38365642 -1.55401584  3.9999619 ],cruising,[-0.48080528  0.59740651 -0.20557775]
1049.8841361999512,1002,False,3,6,[2.83375072 5.04271013 4.00000001],cruising,[ 0.5677905  -0.59831228 -0.99408226]
1049.8841361999512,1003,False,4,0,[ 7.11968948 -6.11012079  3.4198228 ],entering,[ 0.63925976  0.24903542 -0.34837281]
1049.8841361999512,1004,False,4,5,[-8.37498246  7.74042679  2.73372009],landing,[-0.62185191  0.08809385  0.93462812]
1049.8841361999512,1005,False,5,2,[-0.57892656 -3.29233492  4.        ],cruising,[ 0.50568378 -0.03156594 -0.11489306]
1049.9916398525238,1000,False,1,4,[5.87204291 1.54254784 3.05474346],entering,[-0.82138112 -0.19970136 -0.21083176]
1049.9916398525238,1001,False,0,3,[ 8.35696068 -1.75222618  3.99996762],cruising,[-0.48080528  0.59740651 -0.20557775]
1049.9916398525238,1002,False,3,6,[3.03174968 5.01448933 4.00000001],cruising,[ 0.5677905  -0.59831228 -0.99408226]
1049.9916398525238,1003,False,4,0,[ 6.99270656 -5.95560433  3.4948228 ],entering,[ 0.63925976  0.24903542 -0.34837281]
1049.9916398525238,1004,False,4,5,[-8.35656006  7.75317928  2.63626247],landing,[-0.62185191  0.08809385  0.93462812]
1049.9916398525238,1005,False,5,2,[-0.75737907 -3.38263831  4.        ],cruising,[ 0.50568378 -0.03156594 -0.11489306]
1050.0916435718536,1000,False,1,4,[6.00877273 1.51296271 3.12974346],entering,[-0.82138112 -0.19970136 -0.21083176]
1050.0916435718536,1001,False,0,3,[ 8.3280502  -1.95012561  3.99997247],cruising,[-0.48080528  0.59740651 -0.20557775]
1050.0916435718536,1002,False,3,6,[3.23038592 4.9911732  4.00000001],cruising,[ 0.5677905  -0.59831228 -0.99408226]
1050.0916435718536,1003,False,4,0,[ 6.86454227 -5.80206634  3.5698228 ],entering,[ 0.63925976  0.24903542 -0.34837281]
1050.0916435718536,1004,False,4,5,[-8.33813765  7.76593178  2.53880484],landing,[-0.62185191  0.08809385  0.93462812]
1050.0916435718536,1005,False,5,2,[-0.935372   -3.47384421  4.        ],cruising,[ 0.50568378 -0.03156594 -0.11489306]
1050.179131269455,1000,False,1,4,[6.16401145 1.47579994 3.20474346],entering,[-0.82138112 -0.19970136 -0.21083176]
1050.179131269455,1001,False,0,3,[ 8.2966646  -2.14764762  3.9999766 ],cruising,[-0.48080528  0.59740651 -0.20557775]
1050.179131269455,1002,False,3,6,[3.42943647 4.97170834 4.00000001],cruising,[ 0.5677905  -0.59831228 -0.99408226]
1050.179131269455,1003,False,4,0,[ 6.7347557  -5.6498972   3.63434938],entering,[ 0.63925976  0.24903542 -0.34837281]
1050.179131269455,1004,False,4,5,[-8.31971524  7.77868428  2.44134722],landing,[-0.62185191  0.08809385  0.93462812]
1050.179131269455,1005,False,5,2,[-1.11631411 -3.55904956  4.        ],cruising,[ 0.50568378 -0.03156594 -0.11489306]
1050.2916705608368,1000,False,1,4,[6.33683263 1.42910526 3.27974346],entering,[-0.82138112 -0.19970136 -0.21083176]
1050.2916705608368,1001,False,0,3,[ 8.25982078 -2.34422466  3.99998011],cruising,[-0.48080528  0.59740651 -0.20557775]
1050.2916705608368,1002,False,3,6,[3.62875032 4.95515575 4.00000001],cruising,[ 0.5677905  -0.59831228 -0.99408226]
1050.2916705608368,1003,False,4,0,[ 6.59802817 -5.50393288  3.68919697],entering,[ 0.63925976  0.24903542 -0.34837281]
1050.2916705608368,1004,False,4,5,[-8.30129283  7.79143678  2.34388959],landing,[-0.62185191  0.08809385  0.93462812]
1050.2916705608368,1005,False,5,2,[-1.30415985 -3.62770798  4.        ],cruising,[ 0.50568378 -0.03156594 -0.11489306]
1050.3805372714996,1000,False,1,4,[6.52311125 1.3676154  3.35474346],entering,[-0.82138112 -0.19970136 -0.21083176]
1050.3805372714996,1001,False,0,3,[ 8.22027676 -2.54027636  3.99998309],cruising,[-0.48080528  0.59740651 -0.20557775]
1050.3805372714996,1002,False,3,6,[3.8282256  4.94067777 4.        ],cruising,[ 0.5677905  -0.59831228 -0.99408226]
1050.3805372714996,1003,False,4,0,[ 6.45656253 -5.36255582  3.73581743],entering,[ 0.63925976  0.24903542 -0.34837281]
1050.3805372714996,1004,False,4,5,[-8.28287043  7.80418928  2.24643197],landing,[-0.62185191  0.08809385  0.93462812]
1050.3805372714996,1005,False,5,2,[-1.49734166 -3.67709139  4.        ],cruising,[ 0.50568378 -0.03156594 -0.11489306]
1050.4938728809357,1000,False,1,4,[6.70909408 1.29406006 3.42974346],entering,[-0.82138112 -0.19970136 -0.21083176]
1050.4938728809357,1001,False,0,3,[ 8.17458141 -2.73498624  3.99998563],cruising,[-0.48080528  0.59740651 -0.20557775]
1050.4938728809357,1002,False,3,6,[4.02779247 4.92752234 4.        ],cruising,[ 0.5677905  -0.59831228 -0.99408226]
1050.4938728809357,1003,False,4,0,[ 6.31276493 -5.22355133  3.77544481],entering,[ 0.63925976  0.24903542 -0.34837281]
1050.4938728809357,1004,False,4,5,[-8.26444802  7.81694178  2.14897435],landing,[-0.62185191  0.08809385  0.93462812]
1050.4938728809357,1005,False,5,2,[-1.69285174 -3.70661078  4.        ],cruising,[ 0.50568378 -0.03156594 -0.11489306]
1050.5881900787354,1000,False,1,4,[6.89195416 1.21305271 3.50474346],entering,[-0.82138112 -0.19970136 -0.21083176]
1050.5881900787354,1001,False,0,3,[ 8.12572224 -2.92892638  3.99998779],cruising,[-0.48080528  0.59740651 -0.20557775]
1050.5881900787354,1002,False,3,6,[4.22737519 4.91460955 4.        ],cruising,[ 0.5677905  -0.59831228 -0.99408226]
1050.5881900787354,1003,False,4,0,[ 6.16206443 -5.09206232  3.80912809],entering,[ 0.63925976  0.24903542 -0.34837281]
1050.5881900787354,1004,False,4,5,[-8.24602561  7.82969428  2.05151672],landing,[-0.62185191  0.08809385  0.93462812]
1050.5881900787354,1005,False,5,2,[-1.88742571 -3.71615209  4.        ],cruising,[ 0.50568378 -0.03156594 -0.11489306]
1050.6798911094666,1000,False,1,4,[7.06979097 1.12154278 3.57903194],entering,[-0.82138112 -0.19970136 -0.21083176]
1050.6798911094666,1001,False,0,3,[ 8.06952015 -3.12086733  3.99998962],cruising,[-0.48080528  0.59740651 -0.20557775]
1050.6798911094666,1002,False,3,6,[4.42698454 4.90211526 4.        ],cruising,[ 0.5677905  -0.59831228 -0.99408226]
1050.6798911094666,1003,False,4,0,[ 6.00434217 -4.96908391  3.83775888],entering,[ 0.63925976  0.24903542 -0.34837281]
1050.6798911094666,1004,False,4,5,[-8.2276032   7.84244678  1.9540591 ],landing,[-0.62185191  0.08809385  0.93462812]
1050.6798911094666,1005,False,5,2,[-2.0780388  -3.70608953  4.        ],cruising,[ 0.50568378 -0.03156594 -0.11489306]
1050.7839713096619,1000,False,1,4,[7.24136184 1.01876419 3.64217715],entering,[-0.82138112 -0.19970136 -0.21083176]
1050.7839713096619,1001,False,0,3,[ 8.00941033 -3.3116206   3.99999118],cruising,[-0.48080528  0.59740651 -0.20557775]
1050.7839713096619,1002,False,3,6,[4.62657599 4.88933828 4.        ],cruising,[ 0.5677905  -0.59831228 -0.99408226]
1050.7839713096619,1003,False,4,0,[ 5.84287555 -4.85106472  3.86209505],cruising,[ 0.63925976  0.24903542 -0.34837281]
1050.7839713096619,1004,False,4,5,[-8.20918079  7.85519928  1.85660147],landing,[-0.62185191  0.08809385  0.93462812]
1050.7839713096619,1005,False,5,2,[-2.26208687 -3.67713517  4.        ],cruising,[ 0.50568378 -0.03156594 -0.11489306]
1050.8798503875732,1000,False,1,4,[7.40515822 0.90400032 3.69585058],entering,[-0.82138112 -0.19970136 -0.21083176]
1050.8798503875732,1001,False,0,3,[ 7.94007092 -3.49921603  3.9999925 ],cruising,[-0.48080528  0.59740651 -0.20557775]
1050.8798503875732,1002,False,3,6,[4.82610529 4.87562484 4.        ],cruising,[ 0.5677905  -0.59831228 -0.99408226]
1050.8798503875732,1003,False,4,0,[ 5.67502379 -4.74231829  3.88278079],cruising,[ 0.63925976  0.24903542 -0.34837281]
1050.8798503875732,1004,False,4,5,[-8.19075839  7.86795178  1.75914385],landing,[-0.62185191  0.08809385  0.93462812]
1050.8798503875732,1005,False,5,2,[-2.43722413 -3.63027557  4.        ],cruising,[ 0.50568378 -0.03156594 -0.11489306]
1050.9794096946716,1000,False,1,4,[7.56077373 0.77836667 3.74147299],entering,[-0.82138112 -0.19970136 -0.21083176]
1050.9794096946716,1001,False,0,3,[ 7.86043805 -3.68267885  3.99999362],cruising,[-0.48080528  0.59740651 -0.20557775]
1050.9794096946716,1002,False,3,6,[5.02552095 4.86034759 4.        ],cruising,[ 0.5677905  -0.59831228 -0.99408226]
1050.9794096946716,1003,False,4,0,[ 5.5039046  -4.63878943  3.90036367],cruising,[ 0.63925976  0.24903542 -0.34837281]
1050.9794096946716,1004,False,4,5,[-8.17233598  7.88070428  1.66168622],landing,[-0.62185191  0.08809385  0.93462812]
1050.9794096946716,1005,False,5,2,[-2.60134214 -3.56672537  4.        ],cruising,[ 0.50568378 -0.03156594 -0.11489306]
1051.0863680839539,1000,False,1,4,[7.70489687 0.63969974 3.78025204],entering,[-0.82138112 -0.19970136 -0.21083176]
1051.0863680839539,1001,False,0,3,[ 7.77503729 -3.86352881  3.99999458],cruising,[-0.48080528  0.59740651 -0.20557775]
1051.0863680839539,1002,False,3,6,[5.22484808 4.84395563 4.        ],cruising,[ 0.5677905  -0.59831228 -0.99408226]
1051.0863680839539,1003,False,4,0,[ 5.32831329 -4.54304136  3.91530912],cruising,[ 0.63925976  0.24903542 -0.34837281]
1051.0863680839539,1004,False,4,5,[-8.15391357  7.89345678  1.5642286 ],landing,[-0.62185191  0.08809385  0.93462812]
1051.0863680839539,1005,False,5,2,[-2.75267242 -3.48779745  4.        ],cruising,[ 0.50568378 -0.03156594 -0.11489306]
1051.1822350025177,1000,False,1,4,[7.8355364  0.48826224 3.81321424],entering,[-0.82138112 -0.19970136 -0.21083176]
1051.1822350025177,1001,False,0,3,[ 7.67550667 -4.03700405  3.99999539],cruising,[-0.48080528  0.59740651 -0.20557775]
1051.1822350025177,1002,False,3,6,[5.42393264 4.82484182 4.        ],cruising,[ 0.5677905  -0.59831228 -0.99408226]
1051.1822350025177,1003,False,4,0,[ 5.15072711 -4.451046    3.92801275],cruising,[ 0.63925976  0.24903542 -0.34837281]
1051.1822350025177,1004,False,4,5,[-8.13549116  7.90620928  1.46677097],fake_landed,[-0.62185191  0.08809385  0.93462812]
1051.1822350025177,1005,False,5,2,[-2.88967074 -3.39491982  4.        ],cruising,[ 0.50568378 -0.03156594 -0.11489306]
1051.2912771701813,1000,False,1,4,[7.95098263 0.32494608 3.8412321 ],entering,[-0.82138112 -0.19970136 -0.21083176]
1051.2912771701813,1001,False,0,3,[ 7.55942227 -4.19925554  3.99999613],cruising,[-0.48080528  0.59740651 -0.20557775]
1051.2912771701813,1002,False,3,6,[5.62266197 4.80233285 4.        ],exiting,[ 0.5677905  -0.59831228 -0.99408226]
1051.2912771701813,1003,False,4,0,[ 4.97040989 -4.36452605  3.93881084],cruising,[ 0.63925976  0.24903542 -0.34837281]
1051.2912771701813,1004,False,4,5,[-8.12075324  7.91641127  1.38880487],fake_landed,[-0.62185191  0.08809385  0.93462812]
1051.2912771701813,1005,False,5,2,[-3.01096666 -3.28965531  4.        ],cruising,[ 0.50568378 -0.03156594 -0.11489306]
1051.3922202587128,1000,False,1,4,[8.05013268 0.15125306 3.86504729],cruising,[-0.82138112 -0.19970136 -0.21083176]
1051.3922202587128,1001,False,0,3,[ 7.42805625 -4.34860462  3.99999678],cruising,[-0.48080528  0.59740651 -0.20557775]
1051.3922202587128,1002,False,3,6,[5.80527558 4.79166802 4.        ],exiting,[ 0.5677905  -0.59831228 -0.99408226]
1051.3922202587128,1003,False,4,0,[ 4.78909571 -4.28011533  3.94798921],cruising,[ 0.63925976  0.24903542 -0.34837281]
1051.3922202587128,1004,False,4,5,[-8.10969979  7.92406277  1.3303303 ],fake_landed,[-0.62185191  0.08809385  0.93462812]
1051.3922202587128,1005,False,5,2,[-3.11540312 -3.17363167  4.        ],cruising,[ 0.50568378 -0.03156594 -0.11489306]
1051.4845280647278,1000,False,1,4,[ 8.1316866  -0.03131361  3.88545152],cruising,[-0.82138112 -0.19970136 -0.21083176]
1051.4845280647278,1001,False,0,3,[ 7.28327785 -4.48311766  3.99999737],cruising,[-0.48080528  0.59740651 -0.20557775]
1051.4845280647278,1002,False,3,6,[5.97175446 4.79282141 4.        ],exiting,[ 0.5677905  -0.59831228 -0.99408226]
1051.4845280647278,1003,False,4,0,[ 4.6069056  -4.19761223  3.95579083],cruising,[ 0.63925976  0.24903542 -0.34837281]
1051.4845280647278,1004,False,4,5,[-8.10233083  7.92916377  1.29134725],fake_landed,[-0.62185191  0.08809385  0.93462812]
1051.4845280647278,1005,False,5,2,[-3.20198003 -3.04860603  4.        ],cruising,[ 0.50568378 -0.03156594 -0.11489306]
1051.5859582424164,1000,False,1,4,[ 8.19649582 -0.22052187  3.90263379],cruising,[-0.82138112 -0.19970136 -0.21083176]
1051.5859582424164,1001,False,0,3,[ 7.12746712 -4.60094875  3.99999791],cruising,[-0.48080528  0.59740651 -0.20557775]
1051.5859582424164,1002,False,3,6,[6.12207321 4.80575828 4.        ],exiting,[ 0.5677905  -0.59831228 -0.99408226]
1051.5859582424164,1003,False,4,0,[ 4.42342083 -4.11802995  3.96242221],cruising,[ 0.63925976  0.24903542 -0.34837281]
1051.5859582424164,1004,False,4,5,[-8.09864635  7.93171427  1.27185572],fake_landed,[-0.62185191  0.08809385  0.93462812]
1051.5859582424164,1005,False,5,2,[-3.270382   -2.91523341  4.        ],cruising,[ 0.50568378 -0.03156594 -0.11489306]
1051.6791048049927,1000,False,1,4,[ 8.24678949 -0.41409498  3.91723872],cruising,[-0.82138112 -0.19970136 -0.21083176]
1051.6791048049927,1001,False,0,3,[ 6.96278    -4.70085751  3.9999984 ],cruising,[-0.48080528  0.59740651 -0.20557775]
1051.6791048049927,1002,False,3,6,[6.25619787 4.8304319  4.        ],exiting,[ 0.5677905  -0.59831228 -0.99408226]
1051.6791048049927,1003,False,4,0,[ 4.23953335 -4.03938266  3.96805888],cruising,[ 0.63925976  0.24903542 -0.34837281]
1051.6791048049927,1004,False,4,5,[-8.09864635  7.93171427  1.27185572],fake_landed,[-0.62185191  0.08809385  0.93462812]
1051.6791048049927,1005,False,5,2,[-3.32038941 -2.77400968  4.        ],cruising,[ 0.50568378 -0.03156594 -0.11489306]
1051.7868912220001,1000,False,1,4,[ 8.28413797 -0.61057676  3.92965291],cruising,[-0.82138112 -0.19970136 -0.21083176]
1051.7868912220001,1001,False,0,3,[ 6.79138327 -4.78192533  3.99999886],cruising,[-0.48080528  0.59740651 -0.20557775]
1051.7868912220001,1002,False,3,6,[6.37408008 4.86677527 4.        ],exiting,[ 0.5677905  -0.59831228 -0.99408226]
1051.7868912220001,1003,False,4,0,[ 4.05488557 -3.96253738  3.97285004],cruising,[ 0.63925976  0.24903542 -0.34837281]
1051.7868912220001,1004,False,5,1,[-8.09864635  7.93171427  1.27185572],waiting,[-0.62185191  0.08809385  0.93462812]
1051.7868912220001,1005,False,5,2,[-3.3518604  -2.62527588  4.        ],cruising,[ 0.50568378 -0.03156594 -0.11489306]
1051.894361257553,1000,False,1,4,[ 8.3081577  -0.80912915  3.94020498],cruising,[-0.82138112 -0.19970136 -0.21083176]
1051.894361257553,1001,False,0,3,[ 6.61546495 -4.84351097  3.99999927],cruising,[-0.48080528  0.59740651 -0.20557775]
1051.894361257553,1002,False,3,6,[6.47565755 4.91470117 4.        ],exiting,[ 0.5677905  -0.59831228 -0.99408226]
1051.894361257553,1003,False,4,0,[ 3.87002573 -3.88620365  3.97692254],cruising,[ 0.63925976  0.24903542 -0.34837281]
1051.894361257553,1004,False,5,1,[-8.09864635  7.93171427  1.27185572],waiting,[-0.62185191  0.08809385  0.93462812]
1051.894361257553,1005,False,5,2,[-3.3647475  -2.46915026  4.        ],cruising,[ 0.50568378 -0.03156594 -0.11489306]
1051.9850733280182,1000,False,1,4,[ 8.32269633 -1.00860002  3.94917423],cruising,[-0.82138112 -0.19970136 -0.21083176]
1051.9850733280182,1001,False,0,3,[ 6.43705442 -4.8852525   3.99999963],cruising,[-0.48080528  0.59740651 -0.20557775]
1051.9850733280182,1002,False,3,6,[6.56088092 4.97413984 4.        ],exiting,[ 0.5677905  -0.59831228 -0.99408226]
1051.9850733280182,1003,False,4,0,[ 3.68468245 -3.81105135  3.98038416],cruising,[ 0.63925976  0.24903542 -0.34837281]
1051.9850733280182,1004,False,5,1,[-8.09864635  7.93171427  1.27185572],waiting,[-0.62185191  0.08809385  0.93462812]
1051.9850733280182,1005,False,5,2,[-3.35923427 -2.30518706  4.        ],cruising,[ 0.50568378 -0.03156594 -0.11489306]
1052.0804378986359,1000,False,1,4,[ 8.32903577 -1.20849953  3.9567981 ],cruising,[-0.82138112 -0.19970136 -0.21083176]
1052.0804378986359,1001,False,0,3,[ 6.25789183 -4.90700817  3.99999994],cruising,[-0.48080528  0.59740651 -0.20557775]
1052.0804378986359,1002,False,3,6,[6.62969822 5.04501706 4.        ],exiting,[ 0.5677905  -0.59831228 -0.99408226]
1052.0804378986359,1003,False,4,0,[ 3.49914476 -3.73638029  3.98332653],cruising,[ 0.63925976  0.24903542 -0.34837281]
1052.0804378986359,1004,False,5,1,[-8.09864635  7.93171427  1.27185572],waiting,[-0.62185191  0.08809385  0.93462812]
1052.0804378986359,1005,False,5,2,[-3.33591675 -2.132113    4.        ],cruising,[ 0.50568378 -0.03156594 -0.11489306]
1052.1904442310333,1000,False,1,4,[ 8.32823967 -1.40849794  3.96327838],cruising,[-0.82138112 -0.19970136 -0.21083176]
1052.1904442310333,1001,False,0,3,[ 6.07900898 -4.9087658   4.00000019],cruising,[-0.48080528  0.59740651 -0.20557775]
1052.1904442310333,1002,False,3,6,[6.68205559 5.12725522 4.        ],exiting,[ 0.5677905  -0.59831228 -0.99408226]
1052.1904442310333,1003,False,4,0,[ 3.31324576 -3.66261335  3.98582755],cruising,[ 0.63925976  0.24903542 -0.34837281]
1052.1904442310333,1004,False,5,1,[-8.09864635  7.93171427  1.27185572],waiting,[-0.62185191  0.08809385  0.93462812]
1052.1904442310333,1005,False,5,2,[-3.296998  -1.9465249  4.       ],cruising,[ 0.50568378 -0.03156594 -0.11489306]
1052.2943923473358,1000,False,1,4,[ 8.31885329 -1.60827756  3.96878662],cruising,[-0.82138112 -0.19970136 -0.21083176]
1052.2943923473358,1001,False,0,3,[ 5.90167116 -4.8905832   4.0000004 ],cruising,[-0.48080528  0.59740651 -0.20557775]
1052.2943923473358,1002,False,3,6,[6.71845043 5.22039713 4.        ],exiting,[ 0.5677905  -0.59831228 -0.99408226]
1052.2943923473358,1003,False,4,0,[ 3.12705718 -3.5895804   3.98795342],cruising,[ 0.63925976  0.24903542 -0.34837281]
1052.2943923473358,1004,False,5,1,[-8.09864635  7.93171427  1.27185572],waiting,[-0.62185191  0.08809385  0.93462812]
1052.2943923473358,1005,False,5,2,[-3.26215116 -1.74958405  4.        ],cruising,[ 0.50568378 -0.03156594 -0.11489306]
1052.3807842731476,1000,False,1,4,[ 8.30414659 -1.80773611  3.97346863],cruising,[-0.82138112 -0.19970136 -0.21083176]
1052.3807842731476,1001,False,0,3,[ 5.72690846 -4.85256707  4.00000055],cruising,[-0.48080528  0.59740651 -0.20557775]
1052.3807842731476,1002,False,3,6,[6.75484528 5.31353904 4.        ],exiting,[ 0.5677905  -0.59831228 -0.99408226]
1052.3807842731476,1003,False,4,0,[ 2.94053093 -3.51741422  3.98976041],cruising,[ 0.63925976  0.24903542 -0.34837281]
1052.3807842731476,1004,False,5,1,[-8.09864635  7.93171427  1.27185572],waiting,[-0.62185191  0.08809385  0.93462812]
1052.3807842731476,1005,False,5,2,[-3.2439281  -1.55041598  4.        ],cruising,[ 0.50568378 -0.03156594 -0.11489306]
1052.4800877571106,1000,False,1,4,[ 8.28453998 -2.00677274  3.97744834],cruising,[-0.82138112 -0.19970136 -0.21083176]
1052.4800877571106,1001,False,0,3,[ 5.55505266 -4.79476332  4.00000064],cruising,[-0.48080528  0.59740651 -0.20557775]
1052.4800877571106,1002,False,3,6,[6.79124012 5.40668095 4.        ],exiting,[ 0.5677905  -0.59831228 -0.99408226]
1052.4800877571106,1003,False,4,0,[ 2.75353589 -3.44647159  3.99129635],cruising,[ 0.63925976  0.24903542 -0.34837281]
1052.4800877571106,1004,False,5,1,[-8.09864635  7.93171427  1.27185572],waiting,[-0.62185191  0.08809385  0.93462812]
1052.4800877571106,1005,False,5,2,[-3.24205666 -1.35042474  4.        ],cruising,[ 0.50568378 -0.03156594 -0.11489306]
1052.5884401798248,1000,False,1,4,[ 8.25767511 -2.20496023  3.98083109],cruising,[-0.82138112 -0.19970136 -0.21083176]
1052.5884401798248,1001,False,0,3,[ 5.38656978 -4.71724603  4.00000066],cruising,[-0.48080528  0.59740651 -0.20557775]
1052.5884401798248,1002,False,3,6,[6.82763497 5.49982286 4.        ],exiting,[ 0.5677905  -0.59831228 -0.99408226]
1052.5884401798248,1003,False,4,0,[ 2.56592474 -3.37717473  3.99260189],cruising,[ 0.63925976  0.24903542 -0.34837281]
1052.5884401798248,1004,False,5,1,[-8.09864635  7.93171427  1.27185572],waiting,[-0.62185191  0.08809385  0.93462812]
1052.5884401798248,1005,False,5,2,[-3.25477111 -1.15082929  4.        ],cruising,[ 0.50568378 -0.03156594 -0.11489306]
1052.6878938674927,1000,False,1,4,[ 8.22668052 -2.40254397  3.98370642],cruising,[-0.82138112 -0.19970136 -0.21083176]
1052.6878938674927,1001,False,0,3,[ 5.2206335  -4.61989154  4.00000063],cruising,[-0.48080528  0.59740651 -0.20557775]
1052.6878938674927,1002,False,3,6,[6.86402981 5.59296477 4.        ],exiting,[ 0.5677905  -0.59831228 -0.99408226]
1052.6878938674927,1003,False,4,0,[ 2.37787322 -3.30908194  3.99371161],cruising,[ 0.63925976  0.24903542 -0.34837281]
1052.6878938674927,1004,False,5,1,[-8.09864635  7.93171427  1.27185572],waiting,[-0.62185191  0.08809385  0.93462812]
1052.6878938674927,1005,False,5,2,[-3.28170737 -0.9526515   4.        ],cruising,[ 0.50568378 -0.03156594 -0.11489306]
1052.7871239185333,1000,False,1,4,[ 8.18860123 -2.59888543  3.98615046],cruising,[-0.82138112 -0.19970136 -0.21083176]
1052.7871239185333,1001,False,0,3,[ 5.05304404 -4.5107413   4.00000053],cruising,[-0.48080528  0.59740651 -0.20557775]
1052.7871239185333,1002,False,3,6,[6.90042466 5.68610668 4.        ],exiting,[ 0.5677905  -0.59831228 -0.99408226]
1052.7871239185333,1003,False,4,0,[ 2.18892043 -3.24353164  3.99465487],cruising,[ 0.63925976  0.24903542 -0.34837281]
1052.7871239185333,1004,False,5,1,[-8.09864635  7.93171427  1.27185572],waiting,[-0.62185191  0.08809385  0.93462812]
1052.7871239185333,1005,False,5,2,[-3.32170325 -0.75669147  4.        ],cruising,[ 0.50568378 -0.03156594 -0.11489306]
1052.8799777030945,1000,False,1,4,[ 8.14658654 -2.79442255  3.98822789],cruising,[-0.82138112 -0.19970136 -0.21083176]
1052.8799777030945,1001,False,0,3,[ 4.8818051  -4.40741064  4.00000045],cruising,[-0.48080528  0.59740651 -0.20557775]
1052.8799777030945,1002,False,3,6,[6.9368195  5.77924859 4.        ],exiting,[ 0.5677905  -0.59831228 -0.99408226]
1052.8799777030945,1003,False,4,0,[ 1.99889103 -3.18117119  3.99545664],cruising,[ 0.63925976  0.24903542 -0.34837281]
1052.8799777030945,1004,False,5,1,[-8.09864635  7.93171427  1.27185572],waiting,[-0.62185191  0.08809385  0.93462812]
1052.8799777030945,1005,False,5,2,[-3.37369214 -0.56356676  4.        ],cruising,[ 0.50568378 -0.03156594 -0.11489306]
1052.9934785366058,1000,False,1,4,[ 8.10040197 -2.98901696  3.98999371],cruising,[-0.82138112 -0.19970136 -0.21083176]
1052.9934785366058,1001,False,0,3,[ 4.70752885 -4.30928935  4.00000038],cruising,[-0.48080528  0.59740651 -0.20557775]
1052.9934785366058,1002,False,3,6,[6.97321435 5.87239049 4.        ],exiting,[ 0.5677905  -0.59831228 -0.99408226]
1052.9934785366058,1003,False,4,0,[ 1.80821155 -3.1208277   3.99613814],cruising,[ 0.63925976  0.24903542 -0.34837281]
1052.9934785366058,1004,False,5,1,[-8.09864635  7.93171427  1.27185572],waiting,[-0.62185191  0.08809385  0.93462812]
1052.9934785366058,1005,False,5,2,[-3.43499417 -0.37319328  4.        ],cruising,[ 0.50568378 -0.03156594 -0.11489306]
1053.08083152771,1000,False,1,4,[ 8.04580766 -3.18142138  3.99149465],cruising,[-0.82138112 -0.19970136 -0.21083176]
1053.08083152771,1001,False,0,3,[ 4.53005065 -4.21708582  4.00000033],cruising,[-0.48080528  0.59740651 -0.20557775]
1053.08083152771,1002,False,3,6,[7.00960919 5.9655324  4.        ],exiting,[ 0.5677905  -0.59831228 -0.99408226]
1053.08083152771,1003,False,4,0,[ 1.61604611 -3.06539806  3.99671742],cruising,[ 0.63925976  0.24903542 -0.34837281]
1053.08083152771,1004,False,5,1,[-8.09864635  7.93171427  1.27185572],waiting,[-0.62185191  0.08809385  0.93462812]
1053.08083152771,1005,False,5,2,[-3.50687398 -0.18655649  4.        ],cruising,[ 0.50568378 -0.03156594 -0.11489306]
1053.1792013645172,1000,False,1,4,[ 7.98239226 -3.37110134  3.99277045],exiting,[-0.82138112 -0.19970136 -0.21083176]
1053.1792013645172,1001,False,0,3,[ 4.35086099 -4.12825416  4.00000028],cruising,[-0.48080528  0.59740651 -0.20557775]
1053.1792013645172,1002,False,3,6,[7.04600404 6.05867431 4.        ],exiting,[ 0.5677905  -0.59831228 -0.99408226]
1053.1792013645172,1003,False,4,0,[ 1.42220448 -3.01614949  3.99720981],cruising,[ 0.63925976  0.24903542 -0.34837281]
1053.1792013645172,1004,False,5,1,[-8.09864635  7.93171427  1.27185572],waiting,[-0.62185191  0.08809385  0.93462812]
1053.1792013645172,1005,False,5,2,[-3.58887144 -0.00413824  4.        ],exiting,[ 0.50568378 -0.03156594 -0.11489306]
1053.2916402816772,1000,False,1,4,[ 7.93231279 -3.5458765   3.99404497],exiting,[-0.82138112 -0.19970136 -0.21083176]
1053.2916402816772,1001,False,0,3,[ 4.16978969 -4.04332369  4.00000024],cruising,[-0.48080528  0.59740651 -0.20557775]
1053.2916402816772,1002,False,3,6,[7.08239888 6.15181622 4.        ],exiting,[ 0.5677905  -0.59831228 -0.99408226]
1053.2916402816772,1003,False,4,0,[ 1.22652192 -2.97481748  3.99762834],cruising,[ 0.63925976  0.24903542 -0.34837281]
1053.2916402816772,1004,False,5,1,[-8.09864635  7.93171427  1.27185572],waiting,[-0.62185191  0.08809385  0.93462812]
1053.2916402816772,1005,False,5,2,[-3.6716505   0.15829529  4.        ],exiting,[ 0.50568378 -0.03156594 -0.11489306]
1053.3794276714325,1000,False,1,4,[ 7.89571972 -3.70588291  3.9952842 ],exiting,[-0.82138112 -0.19970136 -0.21083176]
1053.3794276714325,1001,False,0,3,[ 3.98775253 -3.96048366  4.0000002 ],cruising,[-0.48080528  0.59740651 -0.20557775]
1053.3794276714325,1002,False,3,6,[7.11879373 6.24495813 4.        ],exiting,[ 0.5677905  -0.59831228 -0.99408226]
1053.3794276714325,1003,False,4,0,[ 1.02811434 -2.94962953  3.99798409],cruising,[ 0.63925976  0.24903542 -0.34837281]
1053.3794276714325,1004,False,5,1,[-8.09864635  7.93171427  1.27185572],waiting,[-0.62185191  0.08809385  0.93462812]
1053.3794276714325,1005,False,5,2,[-3.75504754  0.30073837  4.        ],exiting,[ 0.50568378 -0.03156594 -0.11489306]
1053.4860150814056,1000,False,1,4,[ 7.87280054 -3.85129421  3.99643989],exiting,[-0.82138112 -0.19970136 -0.21083176]
1053.4860150814056,1001,False,0,3,[ 3.8045838  -3.88017663  4.00000017],cruising,[-0.48080528  0.59740651 -0.20557775]
1053.4860150814056,1002,False,3,6,[7.15518857 6.33810004 4.        ],exiting,[ 0.5677905  -0.59831228 -0.99408226]
1053.4860150814056,1003,False,4,0,[ 0.8284127  -2.93870912  3.99828647],cruising,[ 0.63925976  0.24903542 -0.34837281]
1053.4860150814056,1004,False,5,1,[-8.09864635  7.93171427  1.27185572],waiting,[-0.62185191  0.08809385  0.93462812]
1053.4860150814056,1005,False,5,2,[-3.83888036  0.42318619  4.        ],exiting,[ 0.50568378 -0.03156594 -0.11489306]
1053.587807893753,1000,False,1,4,[ 7.86379091 -3.98233537  3.99744092],exiting,[-0.82138112 -0.19970136 -0.21083176]
1053.587807893753,1001,False,0,3,[ 3.62079916 -3.80128934  4.00000014],cruising,[-0.48080528  0.59740651 -0.20557775]
1053.587807893753,1002,False,3,6,[7.19158342 6.43124195 4.        ],exiting,[ 0.5677905  -0.59831228 -0.99408226]
1053.587807893753,1003,False,4,0,[ 0.62847394 -2.94365789  3.9985435 ],cruising,[ 0.63925976  0.24903542 -0.34837281]
1053.587807893753,1004,False,5,1,[-8.09864635  7.93171427  1.27185572],waiting,[-0.62185191  0.08809385  0.93462812]
1053.587807893753,1005,False,5,2,[-3.92294335  0.52563534  4.        ],exiting,[ 0.50568378 -0.03156594 -0.11489306]
1053.6810743808746,1000,False,1,4,[ 7.86887555 -4.09918848  3.99821748],exiting,[-0.82138112 -0.19970136 -0.21083176]
1053.6810743808746,1001,False,0,3,[ 3.43628204 -3.72413084  4.00000012],cruising,[-0.48080528  0.59740651 -0.20557775]
1053.6810743808746,1002,False,3,6,[7.22797826 6.52438386 4.        ],exiting,[ 0.5677905  -0.59831228 -0.99408226]
1053.6810743808746,1003,False,4,0,[ 0.42946394 -2.96353308  3.99876198],cruising,[ 0.63925976  0.24903542 -0.34837281]
1053.6810743808746,1004,False,5,1,[-8.09864635  7.93171427  1.27185572],waiting,[-0.62185191  0.08809385  0.93462812]
1053.6810743808746,1005,False,5,2,[-4.00699788  0.60808449  4.        ],exiting,[ 0.50568378 -0.03156594 -0.11489306]
1053.7935936450958,1000,False,1,4,[ 7.88823842 -4.2020404   3.99867924],exiting,[-0.82138112 -0.19970136 -0.21083176]
1053.7935936450958,1001,False,0,3,[ 3.25125461 -3.64820424  4.0000001 ],cruising,[-0.48080528  0.59740651 -0.20557775]
1053.7935936450958,1002,False,3,6,[7.2643731  6.61752577 4.        ],exiting,[ 0.5677905  -0.59831228 -0.99408226]
1053.7935936450958,1003,False,4,0,[ 0.23240163 -2.99768632  3.99894768],cruising,[ 0.63925976  0.24903542 -0.34837281]
1053.7935936450958,1004,False,5,1,[-8.09864635  7.93171427  1.27185572],waiting,[-0.62185191  0.08809385  0.93462812]
1053.7935936450958,1005,False,5,2,[-4.09075011  0.67053593  4.        ],exiting,[ 0.50568378 -0.03156594 -0.11489306]
1053.8922827243805,1000,False,1,4,[ 7.91417028 -4.29861957  3.99891928],exiting,[-0.82138112 -0.19970136 -0.21083176]
1053.8922827243805,1001,False,0,3,[ 3.06568362 -3.57361598  4.00000009],cruising,[-0.48080528  0.59740651 -0.20557775]
1053.8922827243805,1002,False,3,6,[7.30076795 6.71066768 4.        ],exiting,[ 0.5677905  -0.59831228 -0.99408226]
1053.8922827243805,1003,False,4,0,[ 0.03813094 -3.04521419  3.99910553],cruising,[ 0.63925976  0.24903542 -0.34837281]
1053.8922827243805,1004,False,5,1,[-8.09864635  7.93171427  1.27185572],queued,[-0.62185191  0.08809385  0.93462812]
1053.8922827243805,1005,False,5,2,[-4.17378789  0.71300013  4.        ],exiting,[ 0.50568378 -0.03156594 -0.11489306]
1053.9794344902039,1000,False,1,4,[ 7.94010214 -4.39519875  3.99911682],exiting,[-0.82138112 -0.19970136 -0.21083176]
1053.9794344902039,1001,False,0,3,[ 2.87955022 -3.5004425   4.00000008],cruising,[-0.48080528  0.59740651 -0.20557775]
1053.9794344902039,1002,False,3,6,[7.33716279 6.80380959 4.        ],exiting,[ 0.5677905  -0.59831228 -0.99408226]
1053.9794344902039,1003,False,4,0,[-0.15156889 -3.10857015  3.9992397 ],cruising,[ 0.63925976  0.24903542 -0.34837281]
1053.9794344902039,1004,False,5,1,[-8.09864635  7.93171427  1.29185572],queued,[-0.62185191  0.08809385  0.93462812]
1053.9794344902039,1005,False,5,2,[-4.25585715  0.7354878   4.        ],exiting,[ 0.50568378 -0.03156594 -0.11489306]
1054.083270072937,1000,False,1,4,[ 7.96603401 -4.49177792  3.99927923],exiting,[-0.82138112 -0.19970136 -0.21083176]
1054.083270072937,1001,False,0,3,[ 2.69274801 -3.4289937   4.00000006],cruising,[-0.48080528  0.59740651 -0.20557775]
1054.083270072937,1002,False,3,6,[7.37355764 6.8969515  4.        ],exiting,[ 0.5677905  -0.59831228 -0.99408226]
1054.083270072937,1003,False,4,0,[-0.33783372 -3.18140839  3.99935374],cruising,[ 0.63925976  0.24903542 -0.34837281]
1054.083270072937,1004,False,5,1,[-8.09864635  7.93171427  1.33185572],queued,[-0.62185191  0.08809385  0.93462812]
1054.083270072937,1005,False,5,2,[-4.33669958  0.73801312  4.        ],exiting,[ 0.50568378 -0.03156594 -0.11489306]
1054.1915349960327,1000,False,1,4,[ 7.99196587 -4.5883571   3.99941263],exiting,[-0.82138112 -0.19970136 -0.21083176]
1054.1915349960327,1001,False,0,3,[ 2.50543653 -3.35889083  4.00000005],cruising,[-0.48080528  0.59740651 -0.20557775]
1054.1915349960327,1002,False,3,6,[7.40995248 6.99009341 4.        ],exiting,[ 0.5677905  -0.59831228 -0.99408226]
1054.1915349960327,1003,False,4,0,[-0.51978698 -3.26443255  3.99945068],cruising,[ 0.63925976  0.24903542 -0.34837281]
1054.1915349960327,1004,False,5,1,[-8.09864635  7.93171427  1.39185572],queued,[-0.62185191  0.08809385  0.93462812]
1054.1915349960327,1005,False,5,2,[-4.41605256  0.72059399  4.        ],exiting,[ 0.50568378 -0.03156594 -0.11489306]
1054.2928767204285,1000,False,1,4,[ 8.01789774 -4.68493628  3.99952209],exiting,[-0.82138112 -0.19970136 -0.21083176]
1054.2928767204285,1001,False,0,3,[ 2.3172477  -3.29117847  4.00000005],cruising,[-0.48080528  0.59740651 -0.20557775]
1054.2928767204285,1002,False,3,6,[7.44634733 7.08323532 4.        ],exiting,[ 0.5677905  -0.59831228 -0.99408226]
1054.2928767204285,1003,False,4,0,[-0.69876026 -3.35369938  3.99953308],cruising,[ 0.63925976  0.24903542 -0.34837281]
1054.2928767204285,1004,False,5,1,[-8.09864635  7.93171427  1.46685572],queued,[-0.62185191  0.08809385  0.93462812]
1054.2928767204285,1005,False,5,2,[-4.49364898  0.68325215  4.        ],exiting,[ 0.50568378 -0.03156594 -0.11489306]
1054.3819427490234,1000,False,1,4,[ 8.0438296  -4.78151546  3.99961181],exiting,[-0.82138112 -0.19970136 -0.21083176]
1054.3819427490234,1001,False,0,3,[ 2.12848115 -3.22509377  4.00000004],cruising,[-0.48080528  0.59740651 -0.20557775]
1054.3819427490234,1002,False,3,6,[7.48274217 7.17637723 4.        ],exiting,[ 0.5677905  -0.59831228 -0.99408226]
1054.3819427490234,1003,False,4,0,[-0.87670318 -3.44500282  3.99960312],cruising,[ 0.63925976  0.24903542 -0.34837281]
1054.3819427490234,1004,False,5,1,[-8.09864635  7.93171427  1.54185572],queued,[-0.62185191  0.08809385  0.93462812]
1054.3819427490234,1005,False,5,2,[-4.56921692  0.62601344  4.        ],exiting,[ 0.50568378 -0.03156594 -0.11489306]
1054.4912707805634,1000,False,1,4,[ 8.06976146 -4.87809464  3.99968526],exiting,[-0.82138112 -0.19970136 -0.21083176]
1054.4912707805634,1001,False,0,3,[ 1.93853003 -3.16249525  4.00000003],cruising,[-0.48080528  0.59740651 -0.20557775]
1054.4912707805634,1002,False,3,6,[7.51913702 7.26951913 4.        ],exiting,[ 0.5677905  -0.59831228 -0.99408226]
1054.4912707805634,1003,False,4,0,[-1.05607929 -3.53345738  3.99966265],cruising,[ 0.63925976  0.24903542 -0.34837281]
1054.4912707805634,1004,False,5,1,[-8.09864635  7.93171427  1.61685572],queued,[-0.62185191  0.08809385  0.93462812]
1054.4912707805634,1005,False,5,2,[-4.64368165  0.55926761  4.        ],exiting,[ 0.50568378 -0.03156594 -0.11489306]
1054.5892329216003,1000,False,1,4,[ 8.09569333 -4.97467382  3.99974532],exiting,[-0.82138112 -0.19970136 -0.21083176]
1054.5892329216003,1001,False,0,3,[ 1.74721618 -3.10419423  4.00000003],cruising,[-0.48080528  0.59740651 -0.20557775]
1054.5892329216003,1002,False,3,6,[7.55553186 7.36266104 4.        ],exiting,[ 0.5677905  -0.59831228 -0.99408226]
1054.5892329216003,1003,False,4,0,[-1.24091111 -3.60985894  3.99971325],cruising,[ 0.63925976  0.24903542 -0.34837281]
1054.5892329216003,1004,False,5,1,[-8.09864635  7.93171427  1.69185572],queued,[-0.62185191  0.08809385  0.93462812]
1054.5892329216003,1005,False,5,2,[-4.71814637  0.49252179  4.        ],exiting,[ 0.50568378 -0.03156594 -0.11489306]
1054.6864774227142,1000,False,1,4,[ 8.12162519 -5.07125301  3.99979435],exiting,[-0.82138112 -0.19970136 -0.21083176]
1054.6864774227142,1001,False,0,3,[ 1.55434802 -3.0512615   4.00000002],cruising,[-0.48080528  0.59740651 -0.20557775]
1054.6864774227142,1002,False,3,6,[7.59192671 7.45580295 4.        ],exiting,[ 0.5677905  -0.59831228 -0.99408226]
1054.6864774227142,1003,False,4,0,[-1.43214889 -3.66731416  3.99975809],cruising,[ 0.63925976  0.24903542 -0.34837281]
1054.6864774227142,1004,False,5,1,[-8.09864635  7.93171427  1.76685572],queued,[-0.62185191  0.08809385  0.93462812]
1054.6864774227142,1005,False,5,2,[-4.79261109  0.42577596  4.        ],exiting,[ 0.50568378 -0.03156594 -0.11489306]
1054.7891840934753,1000,False,1,4,[ 8.14755706 -5.16783219  3.99983434],exiting,[-0.82138112 -0.19970136 -0.21083176]
1054.7891840934753,1001,False,0,3,[ 1.35973696 -3.00514712  4.00000002],cruising,[-0.48080528  0.59740651 -0.20557775]
1054.7891840934753,1002,False,3,6,[7.62832155 7.54894486 4.        ],exiting,[ 0.5677905  -0.59831228 -0.99408226]
1054.7891840934753,1003,False,4,0,[-1.62654422 -3.7050202   3.99979988],cruising,[ 0.63925976  0.24903542 -0.34837281]
1054.7891840934753,1004,False,5,1,[-8.09864635  7.93171427  1.84185572],queued,[-0.62185191  0.08809385  0.93462812]
1054.7891840934753,1005,False,5,2,[-4.86707581  0.35903014  4.        ],exiting,[ 0.50568378 -0.03156594 -0.11489306]
1054.8800218105316,1000,False,1,4,[ 8.17348892 -5.26441137  3.99986689],exiting,[-0.82138112 -0.19970136 -0.21083176]
1054.8800218105316,1001,False,0,3,[ 1.16324364 -2.96785939  4.00000002],cruising,[-0.48080528  0.59740651 -0.20557775]
1054.8800218105316,1002,False,3,6,[7.6647164  7.64208677 4.        ],exiting,[ 0.5677905  -0.59831228 -0.99408226]
1054.8800218105316,1003,False,4,0,[-1.82091496 -3.72272627  3.99983916],cruising,[ 0.63925976  0.24903542 -0.34837281]
1054.8800218105316,1004,False,5,1,[-8.09864635  7.93171427  1.91685572],queued,[-0.62185191  0.08809385  0.93462812]
1054.8800218105316,1005,False,5,2,[-4.94154053  0.29228431  4.        ],exiting,[ 0.50568378 -0.03156594 -0.11489306]
1054.9863648414612,1000,False,1,4,[ 8.19942079 -5.36099055  3.99989335],exiting,[-0.82138112 -0.19970136 -0.21083176]
1054.9863648414612,1001,False,0,3,[ 0.96415871 -2.94874944  4.00000001],cruising,[-0.48080528  0.59740651 -0.20557775]
1054.9863648414612,1002,False,3,6,[7.70111124 7.73522868 4.        ],exiting,[ 0.5677905  -0.59831228 -0.99408226]
1054.9863648414612,1003,False,4,0,[-2.01225602 -3.72066313  3.9998761 ],cruising,[ 0.63925976  0.24903542 -0.34837281]
1054.9863648414612,1004,False,5,1,[-8.09864635  7.93171427  1.99185572],queued,[-0.62185191  0.08809385  0.93462812]
1054.9863648414612,1005,False,5,2,[-5.01600526  0.22553849  4.        ],exiting,[ 0.50568378 -0.03156594 -0.11489306]
1055.079654932022,1000,False,1,4,[ 8.22535265 -5.45756973  3.99991482],exiting,[-0.82138112 -0.19970136 -0.21083176]
1055.079654932022,1001,False,0,3,[ 0.76425642 -2.94249836  4.00000001],cruising,[-0.48080528  0.59740651 -0.20557775]
1055.079654932022,1002,False,3,6,[7.73750609 7.82837059 4.        ],exiting,[ 0.5677905  -0.59831228 -0.99408226]
1055.079654932022,1003,False,4,0,[-2.19793303 -3.6994188   3.99991072],cruising,[ 0.63925976  0.24903542 -0.34837281]
1055.079654932022,1004,False,5,1,[-8.09864635  7.93171427  2.06685572],queued,[-0.62185191  0.08809385  0.93462812]
1055.079654932022,1005,False,5,2,[-5.09046998  0.15879266  4.        ],exiting,[ 0.50568378 -0.03156594 -0.11489306]
1055.1818988323212,1000,False,1,4,[ 8.25128452 -5.55414891  3.9999322 ],exiting,[-0.82138112 -0.19970136 -0.21083176]
1055.1818988323212,1001,False,0,3,[ 0.56446665 -2.95166599  4.00000001],cruising,[-0.48080528  0.59740651 -0.20557775]
1055.1818988323212,1002,False,3,6,[7.77390093 7.9215125  4.        ],exiting,[ 0.5677905  -0.59831228 -0.99408226]
1055.1818988323212,1003,False,4,0,[-2.3755473  -3.65987167  3.99994294],cruising,[ 0.63925976  0.24903542 -0.34837281]
1055.1818988323212,1004,False,5,1,[-8.09864635  7.93171427  2.14185572],queued,[-0.62185191  0.08809385  0.93462812]
1055.1818988323212,1005,False,5,2,[-5.1649347   0.09204684  4.        ],exiting,[ 0.50568378 -0.03156594 -0.11489306]
1055.2867276668549,1000,False,1,4,[ 8.27721638 -5.6507281   3.99994624],exiting,[-0.82138112 -0.19970136 -0.21083176]
1055.2867276668549,1001,False,0,3,[ 0.36591712 -2.97570935  4.00000001],cruising,[-0.48080528  0.59740651 -0.20557775]
1055.2867276668549,1002,False,3,6,[7.81029578 8.01465441 4.        ],exiting,[ 0.5677905  -0.59831228 -0.99408226]
1055.2867276668549,1003,False,4,0,[-2.54291619 -3.60314804  3.99997271],cruising,[ 0.63925976  0.24903542 -0.34837281]
1055.2867276668549,1004,False,5,1,[-8.09864635  7.93171427  2.21685572],queued,[-0.62185191  0.08809385  0.93462812]
1055.2867276668549,1005,False,5,2,[-5.23939942  0.02530101  4.        ],exiting,[ 0.50568378 -0.03156594 -0.11489306]
1055.3809535503387,1000,False,1,4,[ 8.30314825 -5.74730728  3.99995756],exiting,[-0.82138112 -0.19970136 -0.21083176]
1055.3809535503387,1001,False,0,3,[ 0.16959308 -3.01387835  4.00000001],cruising,[-0.48080528  0.59740651 -0.20557775]
1055.3809535503387,1002,False,3,6,[7.84669062 8.10779632 4.        ],exiting,[ 0.5677905  -0.59831228 -0.99408226]
1055.3809535503387,1003,False,4,0,[-2.69819624 -3.53049143  3.99999989],cruising,[ 0.63925976  0.24903542 -0.34837281]
1055.3809535503387,1004,False,5,1,[-8.09864635  7.93171427  2.29185572],queued,[-0.62185191  0.08809385  0.93462812]
1055.3809535503387,1005,False,5,2,[-5.31386415 -0.04144481  4.        ],exiting,[ 0.50568378 -0.03156594 -0.11489306]
1055.4831609725952,1000,False,1,4,[ 8.32908011 -5.84388646  3.99996667],exiting,[-0.82138112 -0.19970136 -0.21083176]
1055.4831609725952,1001,False,0,3,[-0.02372179 -3.06515564  4.00000001],exiting,[-0.48080528  0.59740651 -0.20557775]
1055.4831609725952,1002,False,3,6,[7.88308547 8.20093823 4.        ],exiting,[ 0.5677905  -0.59831228 -0.99408226]
1055.4831609725952,1003,False,4,0,[-2.83976874 -3.44327106  4.00002435],cruising,[ 0.63925976  0.24903542 -0.34837281]
1055.4831609725952,1004,False,5,1,[-8.09864635  7.93171427  2.36685572],queued,[-0.62185191  0.08809385  0.93462812]
1055.4831609725952,1005,False,5,2,[-5.38832887 -0.10819064  4.        ],exiting,[ 0.50568378 -0.03156594 -0.11489306]
1055.5814723968506,1000,False,1,4,[ 8.35501198 -5.94046564  3.99997396],exiting,[-0.82138112 -0.19970136 -0.21083176]
1055.5814723968506,1001,False,0,3,[-0.19766996 -3.12142599  4.00000001],exiting,[-0.48080528  0.59740651 -0.20557775]
1055.5814723968506,1002,False,3,6,[7.91948031 8.29408014 4.        ],exiting,[ 0.5677905  -0.59831228 -0.99408226]
1055.5814723968506,1003,False,4,0,[-2.96617739 -3.34301007  4.00004596],cruising,[ 0.63925976  0.24903542 -0.34837281]
1055.5814723968506,1004,False,5,1,[-8.09864635  7.93171427  2.44185572],queued,[-0.62185191  0.08809385  0.93462812]
1055.5814723968506,1005,False,5,2,[-5.46279359 -0.17493646  4.        ],exiting,[ 0.50568378 -0.03156594 -0.11489306]
1055.6836519241333,1000,False,1,4,[ 8.38094384 -6.03704482  3.9999798 ],exiting,[-0.82138112 -0.19970136 -0.21083176]
1055.6836519241333,1001,False,0,3,[-0.35223465 -3.18262391  4.        ],exiting,[-0.48080528  0.59740651 -0.20557775]
1055.6836519241333,1002,False,3,6,[7.95587516 8.38722205 4.        ],exiting,[ 0.5677905  -0.59831228 -0.99408226]
1055.6836519241333,1003,False,4,0,[-3.0761898  -3.23129644  4.00006454],cruising,[ 0.63925976  0.24903542 -0.34837281]
1055.6836519241333,1004,False,5,1,[-8.09864635  7.93171427  2.51685572],entering,[-0.62185191  0.08809385  0.93462812]
1055.6836519241333,1005,False,5,2,[-5.53725831 -0.24168229  4.        ],exiting,[ 0.50568378 -0.03156594 -0.11489306]
1055.790071964264,1000,False,1,4,[ 8.40687571 -6.13362401  3.99998444],exiting,[-0.82138112 -0.19970136 -0.21083176]
1055.790071964264,1001,False,0,3,[-0.48739582 -3.24866987  4.        ],exiting,[-0.48080528  0.59740651 -0.20557775]
1055.790071964264,1002,False,3,6,[7.99227    8.48036396 4.        ],exiting,[ 0.5677905  -0.59831228 -0.99408226]
1055.790071964264,1003,False,4,0,[-3.16871695 -3.10987376  4.0000799 ],cruising,[ 0.63925976  0.24903542 -0.34837281]
1055.790071964264,1004,False,5,1,[-8.08080068  7.92268475  2.59185572],entering,[-0.62185191  0.08809385  0.93462812]
1055.790071964264,1005,False,5,2,[-5.61172303 -0.30842811  4.        ],exiting,[ 0.50568378 -0.03156594 -0.11489306]
1055.894338130951,1000,False,1,4,[ 8.43280757 -6.23020319  3.99998813],exiting,[-0.82138112 -0.19970136 -0.21083176]
1055.894338130951,1001,False,0,3,[-0.60312919 -3.31946561  4.        ],exiting,[-0.48080528  0.59740651 -0.20557775]
1055.894338130951,1002,False,3,6,[8.02866484 8.57350587 4.        ],exiting,[ 0.5677905  -0.59831228 -0.99408226]
1055.894338130951,1003,False,4,0,[-3.24321934 -2.97978457  4.00009192],cruising,[ 0.63925976  0.24903542 -0.34837281]
1055.894338130951,1004,False,5,1,[-8.0450957   7.90465274  2.66685572],entering,[-0.62185191  0.08809385  0.93462812]
1055.894338130951,1005,False,5,2,[-5.68618776 -0.37517394  4.        ],exiting,[ 0.50568378 -0.03156594 -0.11489306]
1055.991756439209,1000,False,1,4,[ 8.45873944 -6.32678237  3.99999104],exiting,[-0.82138112 -0.19970136 -0.21083176]
1055.991756439209,1001,False,0,3,[-0.69940398 -3.39488343  4.        ],exiting,[-0.48080528  0.59740651 -0.20557775]
1055.991756439209,1002,False,3,6,[8.06505969 8.66664777 4.        ],exiting,[ 0.5677905  -0.59831228 -0.99408226]
1055.991756439209,1003,False,4,0,[-3.29943748 -2.84159069  4.00010046],cruising,[ 0.63925976  0.24903542 -0.34837281]
1055.991756439209,1004,False,5,1,[-7.99150131  7.8776782   2.74185572],entering,[-0.62185191  0.08809385  0.93462812]
1055.991756439209,1005,False,5,2,[-5.76065248 -0.44191976  4.        ],exiting,[ 0.50568378 -0.03156594 -0.11489306]
1056.0875217914581,1000,False,1,4,[ 8.4846713  -6.42336155  3.99999333],exiting,[-0.82138112 -0.19970136 -0.21083176]
1056.0875217914581,1001,False,0,3,[-0.77617601 -3.47473321  4.        ],exiting,[-0.48080528  0.59740651 -0.20557775]
1056.0875217914581,1002,False,3,6,[8.10145453 8.75978968 4.        ],exiting,[ 0.5677905  -0.59831228 -0.99408226]
1056.0875217914581,1003,False,4,0,[-3.33720804 -2.69567109  4.00010542],cruising,[ 0.63925976  0.24903542 -0.34837281]
1056.0875217914581,1004,False,5,1,[-7.91996048  7.84187611  2.81685572],entering,[-0.62185191  0.08809385  0.93462812]
1056.0875217914581,1005,False,5,2,[-5.8351172  -0.50866559  4.        ],exiting,[ 0.50568378 -0.03156594 -0.11489306]
1056.1858661174774,1000,False,1,4,[ 8.51060317 -6.51994073  3.99999511],exiting,[-0.82138112 -0.19970136 -0.21083176]
1056.1858661174774,1001,False,0,3,[-0.83341573 -3.5588829   4.        ],exiting,[-0.48080528  0.59740651 -0.20557775]
1056.1858661174774,1002,False,3,6,[8.13784938 8.85293159 4.        ],exiting,[ 0.5677905  -0.59831228 -0.99408226]
1056.1858661174774,1003,False,4,0,[-3.35641034 -2.54232048  4.00010673],cruising,[ 0.63925976  0.24903542 -0.34837281]
1056.1858661174774,1004,False,5,1,[-7.83042498  7.79734523  2.89185572],entering,[-0.62185191  0.08809385  0.93462812]
1056.1858661174774,1005,False,5,2,[-5.90958192 -0.57541141  4.        ],exiting,[ 0.50568378 -0.03156594 -0.11489306]
1056.279604434967,1000,False,1,4,[ 8.53653503 -6.61651991  3.9999965 ],exiting,[-0.82138112 -0.19970136 -0.21083176]
1056.279604434967,1001,False,0,3,[-0.87109329 -3.64719451  4.        ],exiting,[-0.48080528  0.59740651 -0.20557775]
1056.279604434967,1002,False,3,6,[8.17424422 8.9460735  4.        ],exiting,[ 0.5677905  -0.59831228 -0.99408226]
1056.279604434967,1003,False,4,0,[-3.35715164 -2.38127628  4.00010428],cruising,[ 0.63925976  0.24903542 -0.34837281]
1056.279604434967,1004,False,5,1,[-7.72287065  7.74413555  2.96685572],entering,[-0.62185191  0.08809385  0.93462812]
1056.279604434967,1005,False,5,2,[-5.98404665 -0.64215724  4.        ],exiting,[ 0.50568378 -0.03156594 -0.11489306]
1056.379564523697,1000,False,1,4,[ 8.5624669  -6.7130991   3.99999756],exiting,[-0.82138112 -0.19970136 -0.21083176]
1056.379564523697,1001,False,0,3,[-0.88917883 -3.7395252   4.        ],exiting,[-0.48080528  0.59740651 -0.20557775]
1056.379564523697,1002,False,3,6,[8.21063907 9.03921541 4.        ],exiting,[ 0.5677905  -0.59831228 -0.99408226]
1056.379564523697,1003,False,4,0,[-3.33983489 -2.21163518  4.00009797],cruising,[ 0.63925976  0.24903542 -0.34837281]
1056.379564523697,1004,False,5,1,[-7.5972777   7.68228826  3.04185572],entering,[-0.62185191  0.08809385  0.93462812]
1056.379564523697,1005,False,5,2,[-6.05851137 -0.70890306  4.        ],exiting,[ 0.50568378 -0.03156594 -0.11489306]
1056.4916253089905,1000,False,1,4,[ 8.58839876 -6.80967828  3.99999837],exiting,[-0.82138112 -0.19970136 -0.21083176]
1056.4916253089905,1001,False,0,3,[-0.88764285 -3.83572835  4.        ],exiting,[-0.48080528  0.59740651 -0.20557775]
1056.4916253089905,1002,False,3,6,[8.24703391 9.13235732 4.        ],landing,[ 0.5677905  -0.59831228 -0.99408226]
1056.4916253089905,1003,False,4,0,[-3.30573612 -2.03111456  4.00008773],cruising,[ 0.63925976  0.24903542 -0.34837281]
1056.4916253089905,1004,False,5,1,[-7.45319941  7.61280604  3.11685572],entering,[-0.62185191  0.08809385  0.93462812]
1056.4916253089905,1005,False,5,2,[-6.13297609 -0.77564889  4.        ],exiting,[ 0.50568378 -0.03156594 -0.11489306]
1056.5857582092285,1000,False,1,4,[ 8.61433063 -6.90625746  3.99999898],exiting,[-0.82138112 -0.19970136 -0.21083176]
1056.5857582092285,1001,False,0,3,[-0.87230923 -3.93454576  4.        ],exiting,[-0.48080528  0.59740651 -0.20557775]
1056.5857582092285,1002,False,3,6,[8.28142542 9.21144537 3.98591187],landing,[ 0.5677905  -0.59831228 -0.99408226]
1056.5857582092285,1003,False,4,0,[-3.26539766 -1.83522478  4.00007457],cruising,[ 0.63925976  0.24903542 -0.34837281]
1056.5857582092285,1004,False,5,1,[-7.2904073   7.53626739  3.19185572],entering,[-0.62185191  0.08809385  0.93462812]
1056.5857582092285,1005,False,5,2,[-6.20744081 -0.84239471  4.        ],exiting,[ 0.50568378 -0.03156594 -0.11489306]
1056.6825165748596,1000,False,1,4,[ 8.64026249 -7.00283664  3.99999942],exiting,[-0.82138112 -0.19970136 -0.21083176]
1056.6825165748596,1001,False,0,3,[-0.85697561 -4.03336316  4.        ],exiting,[-0.48080528  0.59740651 -0.20557775]
1056.6825165748596,1002,False,3,6,[8.31371584 9.27633247 3.95789826],landing,[ 0.5677905  -0.59831228 -0.99408226]
1056.6825165748596,1003,False,4,0,[-3.24159088 -1.63664674  4.00006338],cruising,[ 0.63925976  0.24903542 -0.34837281]
1056.6825165748596,1004,False,5,1,[-7.1081266   7.45523488  3.26685572],entering,[-0.62185191  0.08809385  0.93462812]
1056.6825165748596,1005,False,5,2,[-6.28190554 -0.90914054  4.        ],exiting,[ 0.50568378 -0.03156594 -0.11489306]
1056.783835887909,1000,False,1,4,[ 8.66619436 -7.09941582  3.99999974],landing,[-0.82138112 -0.19970136 -0.21083176]
1056.783835887909,1001,False,0,3,[-0.84164198 -4.13218057  4.        ],exiting,[-0.48080528  0.59740651 -0.20557775]
1056.783835887909,1002,False,3,6,[8.34378912 9.32684608 3.91615561],landing,[ 0.5677905  -0.59831228 -0.99408226]
1056.783835887909,1003,False,4,0,[-3.23379211 -1.43679885  4.00005388],cruising,[ 0.63925976  0.24903542 -0.34837281]
1056.783835887909,1004,False,5,1,[-6.92433696  7.37635924  3.34185572],entering,[-0.62185191  0.08809385  0.93462812]
1056.783835887909,1005,False,5,2,[-6.35637026 -0.97588636  4.        ],exiting,[ 0.50568378 -0.03156594 -0.11489306]
1056.8923094272614,1000,False,1,4,[ 8.68542117 -7.18362922  3.98578283],landing,[-0.82138112 -0.19970136 -0.21083176]
1056.8923094272614,1001,False,0,3,[-0.82630836 -4.23099798  4.        ],exiting,[-0.48080528  0.59740651 -0.20557775]
1056.8923094272614,1002,False,3,6,[8.37148459 9.36275109 3.86096174],landing,[ 0.5677905  -0.59831228 -0.99408226]
1056.8923094272614,1003,False,4,0,[-3.2415756  -1.23695036  4.00004579],cruising,[ 0.63925976  0.24903542 -0.34837281]
1056.8923094272614,1004,False,5,1,[-6.73841369  7.30265349  3.41685572],entering,[-0.62185191  0.08809385  0.93462812]
1056.8923094272614,1005,False,5,2,[-6.43083498 -1.04263219  4.        ],exiting,[ 0.50568378 -0.03156594 -0.11489306]
1056.9820234775543,1000,False,1,4,[ 8.69793354 -7.25529902  3.9575098 ],landing,[-0.82138112 -0.19970136 -0.21083176]
1056.9820234775543,1001,False,0,3,[-0.81097474 -4.32981539  4.        ],exiting,[-0.48080528  0.59740651 -0.20557775]
1056.9820234775543,1002,False,3,6,[8.39666817 9.38385466 3.79255396],landing,[ 0.5677905  -0.59831228 -0.99408226]
1056.9820234775543,1003,False,4,0,[-3.26389919 -1.03820012  4.00003893],cruising,[ 0.63925976  0.24903542 -0.34837281]
1056.9820234775543,1004,False,5,1,[-6.5509266   7.23302167  3.49185572],entering,[-0.62185191  0.08809385  0.93462812]
1056.9820234775543,1005,False,5,2,[-6.5052997  -1.10937801  4.        ],exiting,[ 0.50568378 -0.03156594 -0.11489306]
1057.0879364013672,1000,False,1,4,[ 8.70372152 -7.3142149   3.91537603],landing,[-0.82138112 -0.19970136 -0.21083176]
1057.0879364013672,1001,False,0,3,[-0.79564111 -4.42863279  4.        ],exiting,[-0.48080528  0.59740651 -0.20557775]
1057.0879364013672,1002,False,3,6,[8.4192134  9.38997784 3.71116052],landing,[ 0.5677905  -0.59831228 -0.99408226]
1057.0879364013672,1003,False,4,0,[-3.29959086 -0.84141063  4.00003309],cruising,[ 0.63925976  0.24903542 -0.34837281]
1057.0879364013672,1004,False,5,1,[-6.36173809  7.1681548   3.56685572],entering,[-0.62185191  0.08809385  0.93462812]
1057.0879364013672,1005,False,5,2,[-6.57976442 -1.17612384  4.        ],exiting,[ 0.50568378 -0.03156594 -0.11489306]
1057.1865401268005,1000,False,1,4,[ 8.70277344 -7.36008551  3.85966115],landing,[-0.82138112 -0.19970136 -0.21083176]
1057.1865401268005,1001,False,0,3,[-0.78030749 -4.5274502   4.        ],exiting,[-0.48080528  0.59740651 -0.20557775]
1057.1865401268005,1002,False,3,6,[8.43899147 9.38094125 3.6170186 ],landing,[ 0.5677905  -0.59831228 -0.99408226]
1057.1865401268005,1003,False,4,0,[-3.34604323 -0.64687997  4.00002812],cruising,[ 0.63925976  0.24903542 -0.34837281]
1057.1865401268005,1004,False,5,1,[-6.17050183  7.10959978  3.63182736],entering,[-0.62185191  0.08809385  0.93462812]
1057.1865401268005,1005,False,5,2,[-6.65422915 -1.24286966  4.        ],exiting,[ 0.50568378 -0.03156594 -0.11489306]
1057.2830390930176,1000,False,1,4,[ 8.69508196 -7.3926814   3.79059307],landing,[-0.82138112 -0.19970136 -0.21083176]
1057.2830390930176,1001,False,0,3,[-0.76497387 -4.62626761  4.        ],exiting,[-0.48080528  0.59740651 -0.20557775]
1057.2830390930176,1002,False,3,6,[8.45803373 9.36801099 3.51970364],landing,[ 0.5677905  -0.59831228 -0.99408226]
1057.2830390930176,1003,False,4,0,[-3.40390234 -0.45543201  4.00002391],cruising,[ 0.63925976  0.24903542 -0.34837281]
1057.2830390930176,1004,False,5,1,[-5.977004    7.05901728  3.68705326],entering,[-0.62185191  0.08809385  0.93462812]
1057.2830390930176,1005,False,5,2,[-6.72869387 -1.30961549  4.        ],exiting,[ 0.50568378 -0.03156594 -0.11489306]
1057.3858873844147,1000,False,1,4,[ 8.68064159 -7.41178132  3.70839823],landing,[-0.82138112 -0.19970136 -0.21083176]
1057.3858873844147,1001,False,0,3,[-0.74964024 -4.72508502  4.        ],exiting,[-0.48080528  0.59740651 -0.20557775]
1057.3858873844147,1002,False,3,6,[8.47707599 9.35508074 3.42238868],landing,[ 0.5677905  -0.59831228 -0.99408226]
1057.3858873844147,1003,False,4,0,[-3.47239622 -0.26752621  4.00002032],cruising,[ 0.63925976  0.24903542 -0.34837281]
1057.3858873844147,1004,False,5,1,[-5.78144395  7.01710945  3.73399527],entering,[-0.62185191  0.08809385  0.93462812]
1057.3858873844147,1005,False,5,2,[-6.80315859 -1.37636131  4.        ],exiting,[ 0.50568378 -0.03156594 -0.11489306]
1057.4821474552155,1000,False,1,4,[ 8.65944846 -7.41716219  3.61331201],landing,[-0.82138112 -0.19970136 -0.21083176]
1057.4821474552155,1001,False,0,3,[-0.73430662 -4.82390242  4.        ],exiting,[-0.48080528  0.59740651 -0.20557775]
1057.4821474552155,1002,False,3,6,[8.49611825 9.34215048 3.32507373],landing,[ 0.5677905  -0.59831228 -0.99408226]
1057.4821474552155,1003,False,4,0,[-3.54885537 -0.0827182   4.00001727],cruising,[ 0.63925976  0.24903542 -0.34837281]
1057.4821474552155,1004,False,5,1,[-5.58424306  6.98376564  3.77389598],entering,[-0.62185191  0.08809385  0.93462812]
1057.4821474552155,1005,False,5,2,[-6.87762331 -1.44310714  4.        ],exiting,[ 0.50568378 -0.03156594 -0.11489306]
1057.5855572223663,1000,False,1,4,[ 8.63701395 -7.41998034  3.5159018 ],landing,[-0.82138112 -0.19970136 -0.21083176]
1057.5855572223663,1001,False,0,3,[-0.718973   -4.92271983  4.        ],exiting,[-0.48080528  0.59740651 -0.20557775]
1057.5855572223663,1002,False,3,6,[8.51516052 9.32922023 3.22775877],landing,[ 0.5677905  -0.59831228 -0.99408226]
1057.5855572223663,1003,False,4,0,[-3.63604638  0.09727548  4.00001468],cruising,[ 0.63925976  0.24903542 -0.34837281]
1057.5855572223663,1004,False,5,1,[-5.3853265   6.9629761   3.80781158],entering,[-0.62185191  0.08809385  0.93462812]
1057.5855572223663,1005,False,5,2,[-6.95208804 -1.50985296  4.        ],landing,[ 0.50568378 -0.03156594 -0.11489306]
1057.6898577213287,1000,False,1,4,[ 8.61457943 -7.42279849  3.41849158],landing,[-0.82138112 -0.19970136 -0.21083176]
1057.6898577213287,1001,False,0,3,[-0.70363937 -5.02153724  4.        ],exiting,[-0.48080528  0.59740651 -0.20557775]
1057.6898577213287,1002,False,3,6,[8.53420278 9.31628997 3.13044382],landing,[ 0.5677905  -0.59831228 -0.99408226]
1057.6898577213287,1003,False,4,0,[-3.73088446  0.27335995  4.00001248],cruising,[ 0.63925976  0.24903542 -0.34837281]
1057.6898577213287,1004,False,5,1,[-5.18561458  6.95224542  3.83663984],entering,[-0.62185191  0.08809385  0.93462812]
1057.6898577213287,1005,False,5,2,[-7.01826065 -1.56487793  3.98607654],landing,[ 0.50568378 -0.03156594 -0.11489306]
1057.7942280769348,1000,False,1,4,[ 8.59214492 -7.42561665  3.32108136],landing,[-0.82138112 -0.19970136 -0.21083176]
1057.7942280769348,1001,False,0,3,[-0.68830575 -5.12035465  4.        ],exiting,[-0.48080528  0.59740651 -0.20557775]
1057.7942280769348,1002,False,3,6,[8.55324504 9.30335972 3.03312886],landing,[ 0.5677905  -0.59831228 -0.99408226]
1057.7942280769348,1003,False,4,0,[-3.83344314  0.44506236  4.00001061],cruising,[ 0.63925976  0.24903542 -0.34837281]
1057.7942280769348,1004,False,5,1,[-4.98561511  6.95178337  3.86114387],cruising,[-0.62185191  0.08809385  0.93462812]
1057.7942280769348,1005,False,5,2,[-7.07598912 -1.60809649  3.95839428],landing,[ 0.50568378 -0.03156594 -0.11489306]
1057.8921508789062,1000,False,1,4,[ 8.5697104  -7.4284348   3.22367114],landing,[-0.82138112 -0.19970136 -0.21083176]
1057.8921508789062,1001,False,0,3,[-0.67297213 -5.21917205  4.        ],exiting,[-0.48080528  0.59740651 -0.20557775]
1057.8921508789062,1002,False,3,6,[8.5722873  9.29042946 2.9358139 ],landing,[ 0.5677905  -0.59831228 -0.99408226]
1057.8921508789062,1003,False,4,0,[-3.9399886   0.61431975  4.00000902],cruising,[ 0.63925976  0.24903542 -0.34837281]
1057.8921508789062,1004,False,5,1,[-4.78583367  6.96113073  3.88197229],cruising,[-0.62185191  0.08809385  0.93462812]
1057.8921508789062,1005,False,5,2,[-7.12509473 -1.63940935  3.91715102],landing,[ 0.50568378 -0.03156594 -0.11489306]
1057.985452413559,1000,False,1,4,[ 8.54727588 -7.43125295  3.12626092],landing,[-0.82138112 -0.19970136 -0.21083176]
1057.985452413559,1001,False,0,3,[-0.6576385  -5.31798946  4.        ],exiting,[-0.48080528  0.59740651 -0.20557775]
1057.985452413559,1002,False,3,6,[8.59132957 9.27749921 2.83849895],landing,[ 0.5677905  -0.59831228 -0.99408226]
1057.985452413559,1003,False,4,0,[-4.04963483  0.78158512  4.00000766],cruising,[ 0.63925976  0.24903542 -0.34837281]
1057.985452413559,1004,False,5,1,[-4.58664505  6.97912776  3.89967644],cruising,[-0.62185191  0.08809385  0.93462812]
1057.985452413559,1005,False,5,2,[-7.16533518 -1.65868428  3.86262252],landing,[ 0.50568378 -0.03156594 -0.11489306]
1058.0834312438965,1000,False,1,4,[ 8.52484137 -7.4340711   3.02885071],landing,[-0.82138112 -0.19970136 -0.21083176]
1058.0834312438965,1001,False,0,3,[-0.64230488 -5.41680687  4.        ],exiting,[-0.48080528  0.59740651 -0.20557775]
1058.0834312438965,1002,False,3,6,[8.61037183 9.26456895 2.74118399],landing,[ 0.5677905  -0.59831228 -0.99408226]
1058.0834312438965,1003,False,4,0,[-4.1616466   0.94727569  4.00000651],cruising,[ 0.63925976  0.24903542 -0.34837281]
1058.0834312438965,1004,False,5,1,[-4.3882202   7.00417936  3.91472498],cruising,[-0.62185191  0.08809385  0.93462812]
1058.0834312438965,1005,False,5,2,[-7.19649843 -1.66580783  3.7950576 ],landing,[ 0.50568378 -0.03156594 -0.11489306]
1058.1792623996735,1000,False,1,4,[ 8.50240685 -7.43688926  2.93144049],landing,[-0.82138112 -0.19970136 -0.21083176]
1058.1792623996735,1001,False,0,3,[-0.62697126 -5.51562428  4.        ],exiting,[-0.48080528  0.59740651 -0.20557775]
1058.1792623996735,1002,False,3,6,[8.62941409 9.2516387  2.64386903],landing,[ 0.5677905  -0.59831228 -0.99408226]
1058.1792623996735,1003,False,4,0,[-4.27541111  1.11176774  4.00000554],cruising,[ 0.63925976  0.24903542 -0.34837281]
1058.1792623996735,1004,False,5,1,[-4.19053625  7.03452821  3.92751623],cruising,[-0.62185191  0.08809385  0.93462812]
1058.1792623996735,1005,False,5,2,[-7.21839324 -1.66067962  3.71468681],landing,[ 0.50568378 -0.03156594 -0.11489306]
1058.2933554649353,1000,False,1,4,[ 8.47997234 -7.43970741  2.83403027],landing,[-0.82138112 -0.19970136 -0.21083176]
1058.2933554649353,1001,False,0,3,[-0.61163763 -5.61444168  4.        ],exiting,[-0.48080528  0.59740651 -0.20557775]
1058.2933554649353,1002,False,3,6,[8.64845635 9.23870844 2.54655408],landing,[ 0.5677905  -0.59831228 -0.99408226]
1058.2933554649353,1003,False,4,0,[-4.39041333  1.27539686  4.00000471],cruising,[ 0.63925976  0.24903542 -0.34837281]
1058.2933554649353,1004,False,5,1,[-3.99343502  7.06845618  3.9383888 ],cruising,[-0.62185191  0.08809385  0.93462812]
1058.2933554649353,1005,False,5,2,[-7.23082619 -1.6432      3.62174956],landing,[ 0.50568378 -0.03156594 -0.11489306]
1058.3838307857513,1000,False,1,4,[ 8.45753782 -7.44252556  2.73662005],landing,[-0.82138112 -0.19970136 -0.21083176]
1058.3838307857513,1001,False,0,3,[-0.59630401 -5.71325909  4.        ],exiting,[-0.48080528  0.59740651 -0.20557775]
1058.3838307857513,1002,False,3,6,[8.66749862 9.22577819 2.44923912],landing,[ 0.5677905  -0.59831228 -0.99408226]
1058.3838307857513,1003,False,4,0,[-4.50621502  1.43846117  4.000004  ],cruising,[ 0.63925976  0.24903542 -0.34837281]
1058.3838307857513,1004,False,5,1,[-3.7966903   7.10439383  3.94763048],cruising,[-0.62185191  0.08809385  0.93462812]
1058.3838307857513,1005,False,5,2,[-7.23993472 -1.62143485  3.52457285],landing,[ 0.50568378 -0.03156594 -0.11489306]
1058.4932761192322,1000,False,1,4,[ 8.43510331 -7.44534371  2.63920984],landing,[-0.82138112 -0.19970136 -0.21083176]
1058.4932761192322,1001,False,0,3,[-0.58097039 -5.8120765   4.        ],exiting,[-0.48080528  0.59740651 -0.20557775]
1058.4932761192322,1002,False,3,6,[8.68654088 9.21284794 2.35192416],landing,[ 0.5677905  -0.59831228 -0.99408226]
1058.4932761192322,1003,False,4,0,[-4.62233597  1.60129828  4.0000034 ],cruising,[ 0.63925976  0.24903542 -0.34837281]
1058.4932761192322,1004,False,5,1,[-3.59962166  7.13851058  3.95548591],cruising,[-0.62185191  0.08809385  0.93462812]
1058.4932761192322,1005,False,5,2,[-7.24904326 -1.5996697   3.42739615],landing,[ 0.50568378 -0.03156594 -0.11489306]
1058.5911316871643,1000,False,1,4,[ 8.41266879 -7.44816186  2.54179962],landing,[-0.82138112 -0.19970136 -0.21083176]
1058.5911316871643,1001,False,0,3,[-0.56563676 -5.9108939   4.        ],exiting,[-0.48080528  0.59740651 -0.20557775]
1058.5911316871643,1002,False,3,6,[8.70558314 9.19991768 2.25460921],landing,[ 0.5677905  -0.59831228 -0.99408226]
1058.5911316871643,1003,False,4,0,[-4.73870484  1.76395831  4.00000289],cruising,[ 0.63925976  0.24903542 -0.34837281]
1058.5911316871643,1004,False,5,1,[-3.40252465  7.17246298  3.96216302],cruising,[-0.62185191  0.08809385  0.93462812]
1058.5911316871643,1005,False,5,2,[-7.25815179 -1.57790455  3.33021944],landing,[ 0.50568378 -0.03156594 -0.11489306]
1058.6814484596252,1000,False,1,4,[ 8.39023427 -7.45098002  2.4443894 ],landing,[-0.82138112 -0.19970136 -0.21083176]
1058.6814484596252,1001,False,0,3,[-0.55030314 -6.00971131  4.        ],exiting,[-0.48080528  0.59740651 -0.20557775]
1058.6814484596252,1002,False,3,6,[8.7246254  9.18698743 2.15729425],landing,[ 0.5677905  -0.59831228 -0.99408226]
1058.6814484596252,1003,False,4,0,[-4.85497355  1.92668996  4.00000246],cruising,[ 0.63925976  0.24903542 -0.34837281]
1058.6814484596252,1004,False,5,1,[-3.20520023  7.20506781  3.96783857],cruising,[-0.62185191  0.08809385  0.93462812]
1058.6814484596252,1005,False,5,2,[-7.26726032 -1.5561394   3.23304273],landing,[ 0.50568378 -0.03156594 -0.11489306]
1058.7886621952057,1000,False,1,4,[ 8.36779976 -7.45379817  2.34697918],landing,[-0.82138112 -0.19970136 -0.21083176]
1058.7886621952057,1001,False,0,3,[-0.53496952 -6.10852872  4.        ],exiting,[-0.48080528  0.59740651 -0.20557775]
1058.7886621952057,1002,False,3,6,[8.74366767 9.17405717 2.05997929],landing,[ 0.5677905  -0.59831228 -0.99408226]
1058.7886621952057,1003,False,4,0,[-4.97082562  2.08971847  4.00000209],cruising,[ 0.63925976  0.24903542 -0.34837281]
1058.7886621952057,1004,False,5,1,[-3.00710336  7.23259291  3.97266278],cruising,[-0.62185191  0.08809385  0.93462812]
1058.7886621952057,1005,False,5,2,[-7.27636886 -1.53437425  3.13586602],landing,[ 0.50568378 -0.03156594 -0.11489306]
1058.8834879398346,1000,False,1,4,[ 8.34536524 -7.45661632  2.24956896],landing,[-0.82138112 -0.19970136 -0.21083176]
1058.8834879398346,1001,False,0,3,[-0.51963589 -6.20734613  4.        ],exiting,[-0.48080528  0.59740651 -0.20557775]
1058.8834879398346,1002,False,3,6,[8.76270993 9.16112692 1.96266434],landing,[ 0.5677905  -0.59831228 -0.99408226]
1058.8834879398346,1003,False,4,0,[-5.08596299  2.25325253  4.00000177],cruising,[ 0.63925976  0.24903542 -0.34837281]
1058.8834879398346,1004,False,5,1,[-2.80860242  7.25703421  3.97676336],cruising,[-0.62185191  0.08809385  0.93462812]
1058.8834879398346,1005,False,5,2,[-7.28547739 -1.5126091   3.03868931],landing,[ 0.50568378 -0.03156594 -0.11489306]
1058.9897906780243,1000,False,1,4,[ 8.32293073 -7.45943447  2.15215875],landing,[-0.82138112 -0.19970136 -0.21083176]
1058.9897906780243,1001,False,0,3,[-0.50430227 -6.30616353  4.        ],exiting,[-0.48080528  0.59740651 -0.20557775]
1058.9897906780243,1002,False,3,6,[8.78175219 9.14819666 1.86534938],landing,[ 0.5677905  -0.59831228 -0.99408226]
1058.9897906780243,1003,False,4,0,[-5.20063424  2.41711376  4.00000151],cruising,[ 0.63925976  0.24903542 -0.34837281]
1058.9897906780243,1004,False,5,1,[-2.60933987  7.27419329  3.98024886],cruising,[-0.62185191  0.08809385  0.93462812]
1058.9897906780243,1005,False,5,2,[-7.29458592 -1.49084395  2.9415126 ],landing,[ 0.50568378 -0.03156594 -0.11489306]
1059.087173461914,1000,False,1,4,[ 8.30049621 -7.46225263  2.05474853],landing,[-0.82138112 -0.19970136 -0.21083176]
1059.087173461914,1001,False,0,3,[-0.48896865 -6.40498094  4.        ],exiting,[-0.48080528  0.59740651 -0.20557775]
1059.087173461914,1002,False,3,6,[8.80079446 9.13526641 1.76803443],landing,[ 0.5677905  -0.59831228 -0.99408226]
1059.087173461914,1003,False,4,0,[-5.31402905  2.58186089  4.00000128],cruising,[ 0.63925976  0.24903542 -0.34837281]
1059.087173461914,1004,False,5,1,[-2.40970536  7.28627887  3.98321153],cruising,[-0.62185191  0.08809385  0.93462812]
1059.087173461914,1005,False,5,2,[-7.30369445 -1.4690788   2.84433589],landing,[ 0.50568378 -0.03156594 -0.11489306]
1059.1865606307983,1000,False,1,4,[ 8.2780617  -7.46507078  1.95733831],landing,[-0.82138112 -0.19970136 -0.21083176]
1059.1865606307983,1001,False,0,3,[-0.47363502 -6.50379835  4.        ],exiting,[-0.48080528  0.59740651 -0.20557775]
1059.1865606307983,1002,False,3,6,[8.81983672 9.12233615 1.67071947],landing,[ 0.5677905  -0.59831228 -0.99408226]
1059.1865606307983,1003,False,4,0,[-5.42583383  2.7476912   4.00000109],cruising,[ 0.63925976  0.24903542 -0.34837281]
1059.1865606307983,1004,False,5,1,[-2.20971208  7.28791931  3.9857298 ],cruising,[-0.62185191  0.08809385  0.93462812]
1059.1865606307983,1005,False,5,2,[-7.31280299 -1.44731365  2.74715918],landing,[ 0.50568378 -0.03156594 -0.11489306]
1059.2938129901886,1000,False,1,4,[ 8.25562718 -7.46788893  1.85992809],landing,[-0.82138112 -0.19970136 -0.21083176]
1059.2938129901886,1001,False,0,3,[-0.4583014  -6.60261576  4.        ],exiting,[-0.48080528  0.59740651 -0.20557775]
1059.2938129901886,1002,False,3,6,[8.83887898 9.1094059  1.57340451],landing,[ 0.5677905  -0.59831228 -0.99408226]
1059.2938129901886,1003,False,4,0,[-5.53570931  2.91480606  4.00000093],cruising,[ 0.63925976  0.24903542 -0.34837281]
1059.2938129901886,1004,False,5,1,[-2.0103401   7.27208222  3.98787033],cruising,[-0.62185191  0.08809385  0.93462812]
1059.2938129901886,1005,False,5,2,[-7.32191152 -1.4255485   2.64998247],landing,[ 0.50568378 -0.03156594 -0.11489306]
1059.3855743408203,1000,False,1,4,[ 8.23319266 -7.47070708  1.76251788],landing,[-0.82138112 -0.19970136 -0.21083176]
1059.3855743408203,1001,False,0,3,[-0.44296778 -6.70143316  4.        ],exiting,[-0.48080528  0.59740651 -0.20557775]
1059.3855743408203,1002,False,3,6,[8.85792124 9.09647564 1.47608956],fake_landed,[ 0.5677905  -0.59831228 -0.99408226]
1059.3855743408203,1003,False,4,0,[-5.6432757   3.08341648  4.00000079],cruising,[ 0.63925976  0.24903542 -0.34837281]
1059.3855743408203,1004,False,5,1,[-1.81338496  7.23731628  3.98968978],cruising,[-0.62185191  0.08809385  0.93462812]
1059.3855743408203,1005,False,5,2,[-7.33102005 -1.40378335  2.55280576],landing,[ 0.50568378 -0.03156594 -0.11489306]
1059.4867043495178,1000,False,1,4,[ 8.21075815 -7.47352523  1.66510766],landing,[-0.82138112 -0.19970136 -0.21083176]
1059.4867043495178,1001,False,0,3,[-0.42763415 -6.80025057  4.        ],exiting,[-0.48080528  0.59740651 -0.20557775]
1059.4867043495178,1002,False,3,6,[8.87315505 9.08613144 1.39823759],fake_landed,[ 0.5677905  -0.59831228 -0.99408226]
1059.4867043495178,1003,False,4,0,[-5.74809493  3.2537483   4.00000067],cruising,[ 0.63925976  0.24903542 -0.34837281]
1059.4867043495178,1004,False,5,1,[-1.62006384  7.18606253  3.99123631],cruising,[-0.62185191  0.08809385  0.93462812]
1059.4867043495178,1005,False,5,2,[-7.34012858 -1.3820182   2.45562905],landing,[ 0.50568378 -0.03156594 -0.11489306]
1059.5819737911224,1000,False,1,4,[ 8.18832363 -7.47634339  1.56769744],landing,[-0.82138112 -0.19970136 -0.21083176]
1059.5819737911224,1001,False,0,3,[-0.41230053 -6.89906798  4.        ],exiting,[-0.48080528  0.59740651 -0.20557775]
1059.5819737911224,1002,False,3,6,[8.88458041 9.07837329 1.33984862],fake_landed,[ 0.5677905  -0.59831228 -0.99408226]
1059.5819737911224,1003,False,4,0,[-5.84964883  3.4260469   4.00000057],cruising,[ 0.63925976  0.24903542 -0.34837281]
1059.5819737911224,1004,False,5,1,[-1.4309759   7.12090312  3.99255087],cruising,[-0.62185191  0.08809385  0.93462812]
1059.5819737911224,1005,False,5,2,[-7.34923712 -1.36025305  2.35845234],landing,[ 0.50568378 -0.03156594 -0.11489306]
1059.69389128685,1000,False,1,4,[ 8.16588912 -7.47916154  1.47028722],fake_landed,[-0.82138112 -0.19970136 -0.21083176]
1059.69389128685,1001,False,0,3,[-0.39696691 -6.99788539  4.        ],exiting,[-0.48080528  0.59740651 -0.20557775]
1059.69389128685,1002,False,3,6,[8.89219732 9.07320118 1.30092263],fake_landed,[ 0.5677905  -0.59831228 -0.99408226]
1059.69389128685,1003,False,4,0,[-5.94731119  3.60058074  4.00000048],cruising,[ 0.63925976  0.24903542 -0.34837281]
1059.69389128685,1004,False,5,1,[-1.2462093   7.04434395  3.99366824],cruising,[-0.62185191  0.08809385  0.93462812]
1059.69389128685,1005,False,5,2,[-7.35834565 -1.3384879   2.26127563],landing,[ 0.50568378 -0.03156594 -0.11489306]
1059.7861795425415,1000,False,1,4,[ 8.1479415  -7.48141606  1.39235905],fake_landed,[-0.82138112 -0.19970136 -0.21083176]
1059.7861795425415,1001,False,0,3,[-0.38163328 -7.09670279  4.        ],exiting,[-0.48080528  0.59740651 -0.20557775]
1059.7861795425415,1002,False,3,6,[8.89600577 9.07061513 1.28145964],fake_landed,[ 0.5677905  -0.59831228 -0.99408226]
1059.7861795425415,1003,False,4,0,[-6.04031114  3.7776429   4.00000041],cruising,[ 0.63925976  0.24903542 -0.34837281]
1059.7861795425415,1004,False,5,1,[-1.06407599  6.96171552  3.994618  ],cruising,[-0.62185191  0.08809385  0.93462812]
1059.7861795425415,1005,False,5,2,[-7.36745418 -1.31672275  2.16409892],landing,[ 0.50568378 -0.03156594 -0.11489306]
1059.8820173740387,1000,False,1,4,[ 8.13448079 -7.48310695  1.33391292],fake_landed,[-0.82138112 -0.19970136 -0.21083176]
1059.8820173740387,1001,False,0,3,[-0.36629966 -7.1955202   4.        ],exiting,[-0.48080528  0.59740651 -0.20557775]
1059.8820173740387,1002,False,3,6,[8.89600577 9.07061513 1.28145964],fake_landed,[ 0.5677905  -0.59831228 -0.99408226]
1059.8820173740387,1003,False,4,0,[-6.12768453  3.95754813  4.00000035],cruising,[ 0.63925976  0.24903542 -0.34837281]
1059.8820173740387,1004,False,5,1,[-0.88597658  6.87071773  3.9954253 ],cruising,[-0.62185191  0.08809385  0.93462812]
1059.8820173740387,1005,False,5,2,[-7.37656272 -1.2949576   2.06692221],landing,[ 0.50568378 -0.03156594 -0.11489306]
1059.9798827171326,1000,False,1,4,[ 8.12550699 -7.48423421  1.29494883],fake_landed,[-0.82138112 -0.19970136 -0.21083176]
1059.9798827171326,1001,False,0,3,[-0.35096604 -7.29433761  4.        ],exiting,[-0.48080528  0.59740651 -0.20557775]
1059.9798827171326,1002,False,6,5,[8.89600577 9.07061513 1.28145964],waiting,[ 0.5677905  -0.59831228 -0.99408226]
1059.9798827171326,1003,False,4,0,[-6.20820887  4.14062142  4.0000003 ],cruising,[ 0.63925976  0.24903542 -0.34837281]
1059.9798827171326,1004,False,5,1,[-0.71121972  6.773455    3.99611151],cruising,[-0.62185191  0.08809385  0.93462812]
1059.9798827171326,1005,False,5,2,[-7.38567125 -1.27319245  1.9697455 ],landing,[ 0.50568378 -0.03156594 -0.11489306]
1060.0832948684692,1000,False,1,4,[ 8.12102009 -7.48479784  1.27546679],fake_landed,[-0.82138112 -0.19970136 -0.21083176]
1060.0832948684692,1001,False,0,3,[-0.33563241 -7.39315501  4.        ],exiting,[-0.48080528  0.59740651 -0.20557775]
1060.0832948684692,1002,False,6,5,[8.89600577 9.07061513 1.28145964],waiting,[ 0.5677905  -0.59831228 -0.99408226]
1060.0832948684692,1003,False,4,0,[-6.28031669  4.32717024  4.00000025],cruising,[ 0.63925976  0.24903542 -0.34837281]
1060.0832948684692,1004,False,5,1,[-0.5381365   6.67324423  3.99669478],cruising,[-0.62185191  0.08809385  0.93462812]
1060.0832948684692,1005,False,5,2,[-7.39477978 -1.2514273   1.87256879],landing,[ 0.50568378 -0.03156594 -0.11489306]
1060.193773508072,1000,False,1,4,[ 8.12102009 -7.48479784  1.27546679],fake_landed,[-0.82138112 -0.19970136 -0.21083176]
1060.193773508072,1001,False,0,3,[-0.32029879 -7.49197242  4.        ],exiting,[-0.48080528  0.59740651 -0.20557775]
1060.193773508072,1002,False,6,5,[8.89600577 9.07061513 1.28145964],waiting,[ 0.5677905  -0.59831228 -0.99408226]
1060.193773508072,1003,False,4,0,[-6.33640958  4.51914313  4.00000021],cruising,[ 0.63925976  0.24903542 -0.34837281]
1060.193773508072,1004,False,5,1,[-0.36733336  6.56919477  3.99719056],cruising,[-0.62185191  0.08809385  0.93462812]
1060.193773508072,1005,False,5,2,[-7.40388831 -1.22966215  1.77539208],landing,[ 0.50568378 -0.03156594 -0.11489306]
1060.293574810028,1000,False,4,6,[ 8.12102009 -7.48479784  1.27546679],waiting,[-0.82138112 -0.19970136 -0.21083176]
1060.293574810028,1001,False,0,3,[-0.30496517 -7.59078983  4.        ],exiting,[-0.48080528  0.59740651 -0.20557775]
1060.293574810028,1002,False,6,5,[8.89600577 9.07061513 1.28145964],waiting,[ 0.5677905  -0.59831228 -0.99408226]
1060.293574810028,1003,False,4,0,[-6.37909571  4.71453477  4.00000018],cruising,[ 0.63925976  0.24903542 -0.34837281]
1060.293574810028,1004,False,5,1,[-0.19799302  6.4627812   3.99761198],cruising,[-0.62185191  0.08809385  0.93462812]
1060.293574810028,1005,False,5,2,[-7.41299685 -1.207897    1.67821537],landing,[ 0.50568378 -0.03156594 -0.11489306]
1060.3808472156525,1000,False,4,6,[ 8.12102009 -7.48479784  1.27546679],waiting,[-0.82138112 -0.19970136 -0.21083176]
1060.3808472156525,1001,False,0,3,[-0.28963154 -7.68960724  4.        ],exiting,[-0.48080528  0.59740651 -0.20557775]
1060.3808472156525,1002,False,6,5,[8.89600577 9.07061513 1.28145964],waiting,[ 0.5677905  -0.59831228 -0.99408226]
1060.3808472156525,1003,False,4,0,[-6.4020005   4.91287581  4.00000015],cruising,[ 0.63925976  0.24903542 -0.34837281]
1060.3808472156525,1004,False,5,1,[-0.02908995  6.35567493  3.99797018],cruising,[-0.62185191  0.08809385  0.93462812]
1060.3808472156525,1005,False,5,2,[-7.42210538 -1.18613185  1.58103866],landing,[ 0.50568378 -0.03156594 -0.11489306]
1060.4851241111755,1000,False,4,6,[ 8.12102009 -7.48479784  1.27546679],waiting,[-0.82138112 -0.19970136 -0.21083176]
1060.4851241111755,1001,False,0,3,[-0.27429792 -7.78842464  4.        ],landing,[-0.48080528  0.59740651 -0.20557775]
1060.4851241111755,1002,False,6,5,[8.89600577 9.07061513 1.28145964],waiting,[ 0.5677905  -0.59831228 -0.99408226]
1060.4851241111755,1003,False,4,0,[-6.40490801  5.11154611  4.00000013],cruising,[ 0.63925976  0.24903542 -0.34837281]
1060.4851241111755,1004,False,5,1,[0.13961382 6.24825501 3.99827465],cruising,[-0.62185191  0.08809385  0.93462812]
1060.4851241111755,1005,False,5,2,[-7.43121391 -1.1643667   1.48386195],fake_landed,[ 0.50568378 -0.03156594 -0.11489306]
1060.5825355052948,1000,False,4,6,[ 8.12102009 -7.48479784  1.27546679],waiting,[-0.82138112 -0.19970136 -0.21083176]
1060.5825355052948,1001,False,0,3,[-0.26428712 -7.87396791  3.98601913],landing,[-0.48080528  0.59740651 -0.20557775]
1060.5825355052948,1002,False,6,5,[8.89600577 9.07061513 1.28145964],waiting,[ 0.5677905  -0.59831228 -0.99408226]
1060.5825355052948,1003,False,4,0,[-6.38795654  5.30784546  4.0000001 ],cruising,[ 0.63925976  0.24903542 -0.34837281]
1060.5825355052948,1004,False,5,1,[0.30839471 6.14095631 3.99853346],cruising,[-0.62185191  0.08809385  0.93462812]
1060.5825355052948,1005,False,5,2,[-7.43850074 -1.14695458  1.40612059],fake_landed,[ 0.50568378 -0.03156594 -0.11489306]
1060.6880614757538,1000,False,4,6,[ 8.12102009 -7.48479784  1.27546679],waiting,[-0.82138112 -0.19970136 -0.21083176]
1060.6880614757538,1001,False,0,3,[-0.25958803 -7.94606211  3.9582213 ],landing,[-0.48080528  0.59740651 -0.20557775]
1060.6880614757538,1002,False,6,5,[8.89600577 9.07061513 1.28145964],waiting,[ 0.5677905  -0.59831228 -0.99408226]
1060.6880614757538,1003,False,4,0,[-6.35160513  5.4992825   4.00000008],cruising,[ 0.63925976  0.24903542 -0.34837281]
1060.6880614757538,1004,False,5,1,[0.47768503 6.03446318 3.99875344],cruising,[-0.62185191  0.08809385  0.93462812]
1060.6880614757538,1005,False,5,2,[-7.44396586 -1.13389549  1.34781456],fake_landed,[ 0.50568378 -0.03156594 -0.11489306]
1060.7915661334991,1000,False,4,6,[ 8.12102009 -7.48479784  1.27546679],waiting,[-0.82138112 -0.19970136 -0.21083176]
1060.7915661334991,1001,False,0,3,[-0.26018647 -8.00450202  3.91680376],landing,[-0.48080528  0.59740651 -0.20557775]
1060.7915661334991,1002,False,6,5,[8.89600577 9.07061513 1.28145964],waiting,[ 0.5677905  -0.59831228 -0.99408226]
1060.7915661334991,1003,False,4,0,[-6.29659585  5.68351648  4.00000006],cruising,[ 0.63925976  0.24903542 -0.34837281]
1060.7915661334991,1004,False,5,1,[0.64811655 5.92980614 3.99894042],cruising,[-0.62185191  0.08809385  0.93462812]
1060.7915661334991,1005,False,5,2,[-7.44760927 -1.12518943  1.30894388],fake_landed,[ 0.50568378 -0.03156594 -0.11489306]
1060.8941218852997,1000,False,4,6,[ 8.12102009 -7.48479784  1.27546679],waiting,[-0.82138112 -0.19970136 -0.21083176]
1060.8941218852997,1001,False,0,3,[-0.2660611  -8.0490093   3.86204292],landing,[-0.48080528  0.59740651 -0.20557775]
1060.8941218852997,1002,False,6,5,[8.89600577 9.07061513 1.28145964],waiting,[ 0.5677905  -0.59831228 -0.99408226]
1060.8941218852997,1003,False,4,0,[-6.22383825  5.8585311   4.00000004],cruising,[ 0.63925976  0.24903542 -0.34837281]
1060.8941218852997,1004,False,5,1,[0.81967183 5.82700154 3.99909936],cruising,[-0.62185191  0.08809385  0.93462812]
1060.8941218852997,1005,False,5,2,[-7.44943098 -1.1208364   1.28950853],fake_landed,[ 0.50568378 -0.03156594 -0.11489306]
1060.9899189472198,1000,False,4,6,[ 8.12102009 -7.48479784  1.27546679],queued,[-0.82138112 -0.19970136 -0.21083176]
1060.9899189472198,1001,False,0,3,[-0.27719173 -8.07934616  3.79418346],landing,[-0.48080528  0.59740651 -0.20557775]
1060.9899189472198,1002,False,6,5,[8.89600577 9.07061513 1.28145964],waiting,[ 0.5677905  -0.59831228 -0.99408226]
1060.9899189472198,1003,False,4,0,[-6.13455008  6.0222878   4.00000003],cruising,[ 0.63925976  0.24903542 -0.34837281]
1060.9899189472198,1004,False,5,1,[0.99260828 5.72653768 3.99923446],cruising,[-0.62185191  0.08809385  0.93462812]
1060.9899189472198,1005,False,2,4,[-7.44943098 -1.1208364   1.28950853],waiting,[ 0.50568378 -0.03156594 -0.11489306]
1061.0793499946594,1000,False,4,6,[ 8.12102009 -7.48479784  1.29546679],queued,[-0.82138112 -0.19970136 -0.21083176]
1061.0793499946594,1001,False,0,3,[-0.29355828 -8.09529639  3.71345506],landing,[-0.48080528  0.59740651 -0.20557775]
1061.0793499946594,1002,False,6,5,[8.89600577 9.07061513 1.28145964],waiting,[ 0.5677905  -0.59831228 -0.99408226]
1061.0793499946594,1003,False,4,0,[-6.0297385   6.17343405  4.00000001],cruising,[ 0.63925976  0.24903542 -0.34837281]
1061.0793499946594,1004,False,5,1,[1.16796195 5.6303551  3.99934929],cruising,[-0.62185191  0.08809385  0.93462812]
1061.0793499946594,1005,False,2,4,[-7.44943098 -1.1208364   1.28950853],waiting,[ 0.50568378 -0.03156594 -0.11489306]
1061.1865668296814,1000,False,4,6,[ 8.12102009 -7.48479784  1.33546679],queued,[-0.82138112 -0.19970136 -0.21083176]
1061.1865668296814,1001,False,0,3,[-0.31513888 -8.09664228  3.62009626],landing,[-0.48080528  0.59740651 -0.20557775]
1061.1865668296814,1002,False,6,5,[8.89600577 9.07061513 1.28145964],waiting,[ 0.5677905  -0.59831228 -0.99408226]
1061.1865668296814,1003,False,4,0,[-5.91031968  6.31091908  4.        ],cruising,[ 0.63925976  0.24903542 -0.34837281]
1061.1865668296814,1004,False,5,1,[1.34514009 5.5375763  3.99944689],cruising,[-0.62185191  0.08809385  0.93462812]
1061.1865668296814,1005,False,2,4,[-7.44943098 -1.1208364   1.28950853],waiting,[ 0.50568378 -0.03156594 -0.11489306]
1061.2836382389069,1000,False,4,6,[ 8.12102009 -7.48479784  1.39546679],queued,[-0.82138112 -0.19970136 -0.21083176]
1061.2836382389069,1001,False,0,3,[-0.33833676 -8.09336877  3.52287927],landing,[-0.48080528  0.59740651 -0.20557775]
1061.2836382389069,1002,False,6,5,[8.89600577 9.07061513 1.28145964],waiting,[ 0.5677905  -0.59831228 -0.99408226]
1061.2836382389069,1003,False,4,0,[-5.7771797   6.43385318  3.99999999],cruising,[ 0.63925976  0.24903542 -0.34837281]
1061.2836382389069,1004,False,5,1,[1.5253316  5.45079484 3.99952986],cruising,[-0.62185191  0.08809385  0.93462812]
1061.2836382389069,1005,False,2,4,[-7.44943098 -1.1208364   1.28950853],waiting,[ 0.50568378 -0.03156594 -0.11489306]
1061.3934035301208,1000,False,4,6,[ 8.12102009 -7.48479784  1.47046679],queued,[-0.82138112 -0.19970136 -0.21083176]
1061.3934035301208,1001,False,0,3,[-0.36153463 -8.09009527  3.42566228],landing,[-0.48080528  0.59740651 -0.20557775]
1061.3934035301208,1002,False,6,5,[8.89600577 9.07061513 1.28145964],waiting,[ 0.5677905  -0.59831228 -0.99408226]
1061.3934035301208,1003,False,4,0,[-5.63114156  6.54150208  3.99999999],cruising,[ 0.63925976  0.24903542 -0.34837281]
1061.3934035301208,1004,False,5,1,[1.70763001 5.36853132 3.99960038],cruising,[-0.62185191  0.08809385  0.93462812]
1061.3934035301208,1005,False,2,4,[-7.44943098 -1.1208364   1.28950853],waiting,[ 0.50568378 -0.03156594 -0.11489306]
1061.4939868450165,1000,False,4,6,[ 8.12102009 -7.48479784  1.54546679],queued,[-0.82138112 -0.19970136 -0.21083176]
1061.4939868450165,1001,False,0,3,[-0.38473251 -8.08682177  3.32844529],landing,[-0.48080528  0.59740651 -0.20557775]
1061.4939868450165,1002,False,6,5,[8.89600577 9.07061513 1.28145964],waiting,[ 0.5677905  -0.59831228 -0.99408226]
1061.4939868450165,1003,False,4,0,[-5.47293145  6.63328141  3.99999998],cruising,[ 0.63925976  0.24903542 -0.34837281]
1061.4939868450165,1004,False,5,1,[1.89218504 5.29146355 3.99966032],cruising,[-0.62185191  0.08809385  0.93462812]
1061.4939868450165,1005,False,2,4,[-7.44943098 -1.1208364   1.28950853],waiting,[ 0.50568378 -0.03156594 -0.11489306]
1061.5896508693695,1000,False,4,6,[ 8.12102009 -7.48479784  1.62046679],queued,[-0.82138112 -0.19970136 -0.21083176]
1061.5896508693695,1001,False,0,3,[-0.40793038 -8.08354826  3.23122831],landing,[-0.48080528  0.59740651 -0.20557775]
1061.5896508693695,1002,False,6,5,[8.89600577 9.07061513 1.28145964],waiting,[ 0.5677905  -0.59831228 -0.99408226]
1061.5896508693695,1003,False,4,0,[-5.30313638  6.70875771  3.99999998],cruising,[ 0.63925976  0.24903542 -0.34837281]
1061.5896508693695,1004,False,5,1,[2.07908814 5.22027906 3.99971128],cruising,[-0.62185191  0.08809385  0.93462812]
1061.5896508693695,1005,False,2,4,[-7.44943098 -1.1208364   1.28950853],waiting,[ 0.50568378 -0.03156594 -0.11489306]
1061.6854372024536,1000,False,4,6,[ 8.12102009 -7.48479784  1.69546679],queued,[-0.82138112 -0.19970136 -0.21083176]
1061.6854372024536,1001,False,0,3,[-0.43112826 -8.08027476  3.13401132],landing,[-0.48080528  0.59740651 -0.20557775]
1061.6854372024536,1002,False,6,5,[8.89600577 9.07061513 1.28145964],waiting,[ 0.5677905  -0.59831228 -0.99408226]
1061.6854372024536,1003,False,4,0,[-5.12216159  6.76765047  3.99999998],cruising,[ 0.63925976  0.24903542 -0.34837281]
1061.6854372024536,1004,False,5,1,[2.26980856 5.16006508 3.99975458],cruising,[-0.62185191  0.08809385  0.93462812]
1061.6854372024536,1005,False,2,4,[-7.44943098 -1.1208364   1.28950853],queued,[ 0.50568378 -0.03156594 -0.11489306]
1061.77952170372,1000,False,4,6,[ 8.12102009 -7.48479784  1.77046679],queued,[-0.82138112 -0.19970136 -0.21083176]
1061.77952170372,1001,False,0,3,[-0.45432613 -8.07700125  3.03679433],landing,[-0.48080528  0.59740651 -0.20557775]
1061.77952170372,1002,False,6,5,[8.89600577 9.07061513 1.28145964],waiting,[ 0.5677905  -0.59831228 -0.99408226]
1061.77952170372,1003,False,4,0,[-4.93047775  6.80965193  3.99999998],cruising,[ 0.63925976  0.24903542 -0.34837281]
1061.77952170372,1004,False,5,1,[2.4634956  5.11021199 3.9997914 ],cruising,[-0.62185191  0.08809385  0.93462812]
1061.77952170372,1005,False,2,4,[-7.44943098 -1.1208364   1.30950853],queued,[ 0.50568378 -0.03156594 -0.11489306]
1061.8897452354431,1000,False,4,6,[ 8.12102009 -7.48479784  1.84546679],queued,[-0.82138112 -0.19970136 -0.21083176]
1061.8897452354431,1001,False,0,3,[-0.47752401 -8.07372775  2.93957734],landing,[-0.48080528  0.59740651 -0.20557775]
1061.8897452354431,1002,False,6,5,[8.89600577 9.07061513 1.28145964],waiting,[ 0.5677905  -0.59831228 -0.99408226]
1061.8897452354431,1003,False,4,0,[-4.73398199  6.84692681  3.99999998],cruising,[ 0.63925976  0.24903542 -0.34837281]
1061.8897452354431,1004,False,5,1,[2.6592486  5.0692149  3.99982269],cruising,[-0.62185191  0.08809385  0.93462812]
1061.8897452354431,1005,False,2,4,[-7.44943098 -1.1208364   1.34950853],queued,[ 0.50568378 -0.03156594 -0.11489306]
1061.981350183487,1000,False,4,6,[ 8.12102009 -7.48479784  1.92046679],queued,[-0.82138112 -0.19970136 -0.21083176]
1061.981350183487,1001,False,0,3,[-0.50072188 -8.07045425  2.84236035],landing,[-0.48080528  0.59740651 -0.20557775]
1061.981350183487,1002,False,6,5,[8.89600577 9.07061513 1.28145964],waiting,[ 0.5677905  -0.59831228 -0.99408226]
1061.981350183487,1003,False,4,0,[-4.53842678  6.88885724  3.99999999],cruising,[ 0.63925976  0.24903542 -0.34837281]
1061.981350183487,1004,False,5,1,[2.85640878 5.03563122 3.99984928],cruising,[-0.62185191  0.08809385  0.93462812]
1061.981350183487,1005,False,2,4,[-7.44943098 -1.1208364   1.40950853],queued,[ 0.50568378 -0.03156594 -0.11489306]
1062.091088294983,1000,False,4,6,[ 8.12102009 -7.48479784  1.99546679],queued,[-0.82138112 -0.19970136 -0.21083176]
1062.091088294983,1001,False,0,3,[-0.52391976 -8.06718074  2.74514337],landing,[-0.48080528  0.59740651 -0.20557775]
1062.091088294983,1002,False,6,5,[8.89600577 9.07061513 1.28145964],waiting,[ 0.5677905  -0.59831228 -0.99408226]
1062.091088294983,1003,False,4,0,[-4.34355301  6.93384848  3.99999999],cruising,[ 0.63925976  0.24903542 -0.34837281]
1062.091088294983,1004,False,5,1,[3.05450878 5.00812869 3.99987189],cruising,[-0.62185191  0.08809385  0.93462812]
1062.091088294983,1005,False,2,4,[-7.44943098 -1.1208364   1.48450853],queued,[ 0.50568378 -0.03156594 -0.11489306]
1062.1917073726654,1000,False,4,6,[ 8.12102009 -7.48479784  2.07046679],queued,[-0.82138112 -0.19970136 -0.21083176]
1062.1917073726654,1001,False,0,3,[-0.54711764 -8.06390724  2.64792638],landing,[-0.48080528  0.59740651 -0.20557775]
1062.1917073726654,1002,False,6,5,[8.89600577 9.07061513 1.28145964],waiting,[ 0.5677905  -0.59831228 -0.99408226]
1062.1917073726654,1003,False,4,0,[-4.14906224  6.98046758  3.99999999],cruising,[ 0.63925976  0.24903542 -0.34837281]
1062.1917073726654,1004,False,5,1,[3.25322504 4.9855046  3.99989111],cruising,[-0.62185191  0.08809385  0.93462812]
1062.1917073726654,1005,False,2,4,[-7.44943098 -1.1208364   1.55950853],queued,[ 0.50568378 -0.03156594 -0.11489306]
1062.2917940616608,1000,False,4,6,[ 8.12102009 -7.48479784  2.14546679],queued,[-0.82138112 -0.19970136 -0.21083176]
1062.2917940616608,1001,False,0,3,[-0.57031551 -8.06063374  2.55070939],landing,[-0.48080528  0.59740651 -0.20557775]
1062.2917940616608,1002,False,6,5,[8.89600577 9.07061513 1.28145964],queued,[ 0.5677905  -0.59831228 -0.99408226]
1062.2917940616608,1003,False,4,0,[-3.95466458  7.02747342  3.99999999],cruising,[ 0.63925976  0.24903542 -0.34837281]
1062.2917940616608,1004,False,5,1,[3.45233779 4.9666867  3.99990744],cruising,[-0.62185191  0.08809385  0.93462812]
1062.2917940616608,1005,False,2,4,[-7.44943098 -1.1208364   1.63450853],queued,[ 0.50568378 -0.03156594 -0.11489306]
1062.3797466754913,1000,False,4,6,[ 8.12102009 -7.48479784  2.22046679],queued,[-0.82138112 -0.19970136 -0.21083176]
1062.3797466754913,1001,False,0,3,[-0.59351339 -8.05736023  2.4534924 ],landing,[-0.48080528  0.59740651 -0.20557775]
1062.3797466754913,1002,False,6,5,[8.89600577 9.07061513 1.30145964],queued,[ 0.5677905  -0.59831228 -0.99408226]
1062.3797466754913,1003,False,4,0,[-3.75954349  7.07137971  3.99999999],cruising,[ 0.63925976  0.24903542 -0.34837281]
1062.3797466754913,1004,False,5,1,[3.65169973 4.95072375 3.99992133],cruising,[-0.62185191  0.08809385  0.93462812]
1062.3797466754913,1005,False,2,4,[-7.44943098 -1.1208364   1.70950853],queued,[ 0.50568378 -0.03156594 -0.11489306]
1062.4879729747772,1000,False,4,6,[ 8.12102009 -7.48479784  2.29546679],queued,[-0.82138112 -0.19970136 -0.21083176]
1062.4879729747772,1001,False,0,3,[-0.61671126 -8.05408673  2.35627541],landing,[-0.48080528  0.59740651 -0.20557775]
1062.4879729747772,1002,False,6,5,[8.89600577 9.07061513 1.34145964],queued,[ 0.5677905  -0.59831228 -0.99408226]
1062.4879729747772,1003,False,4,0,[-3.56416942  7.1141462   3.99999999],cruising,[ 0.63925976  0.24903542 -0.34837281]
1062.4879729747772,1004,False,5,1,[3.8512124  4.93677048 3.99993313],cruising,[-0.62185191  0.08809385  0.93462812]
1062.4879729747772,1005,False,2,4,[-7.44943098 -1.1208364   1.78450853],queued,[ 0.50568378 -0.03156594 -0.11489306]
1062.5791535377502,1000,False,4,6,[ 8.12102009 -7.48479784  2.37046679],queued,[-0.82138112 -0.19970136 -0.21083176]
1062.5791535377502,1001,False,0,3,[-0.63990914 -8.05081322  2.25905843],landing,[-0.48080528  0.59740651 -0.20557775]
1062.5791535377502,1002,False,6,5,[8.89600577 9.07061513 1.40145964],queued,[ 0.5677905  -0.59831228 -0.99408226]
1062.5791535377502,1003,False,4,0,[-3.36835665  7.15485689  3.99999999],cruising,[ 0.63925976  0.24903542 -0.34837281]
1062.5791535377502,1004,False,5,1,[4.05080876 4.92407035 3.99994316],cruising,[-0.62185191  0.08809385  0.93462812]
1062.5791535377502,1005,False,2,4,[-7.44943098 -1.1208364   1.85950853],queued,[ 0.50568378 -0.03156594 -0.11489306]
1062.6793081760406,1000,False,4,6,[ 8.12102009 -7.48479784  2.44546679],entering,[-0.82138112 -0.19970136 -0.21083176]
1062.6793081760406,1001,False,0,3,[-0.66310701 -8.04753972  2.16184144],landing,[-0.48080528  0.59740651 -0.20557775]
1062.6793081760406,1002,False,6,5,[8.89600577 9.07061513 1.47645964],queued,[ 0.5677905  -0.59831228 -0.99408226]
1062.6793081760406,1003,False,4,0,[-3.17149448  7.19014547  4.        ],cruising,[ 0.63925976  0.24903542 -0.34837281]
1062.6793081760406,1004,False,5,1,[4.25044042 4.91193769 3.99995168],cruising,[-0.62185191  0.08809385  0.93462812]
1062.6793081760406,1005,False,2,4,[-7.44943098 -1.1208364   1.93450853],queued,[ 0.50568378 -0.03156594 -0.11489306]
1062.77938246727,1000,False,4,6,[ 8.10953614 -7.4684235   2.52046679],entering,[-0.82138112 -0.19970136 -0.21083176]
1062.77938246727,1001,False,0,3,[-0.68630489 -8.04426622  2.06462445],landing,[-0.48080528  0.59740651 -0.20557775]
1062.77938246727,1002,False,6,5,[8.89600577 9.07061513 1.55145964],entering,[ 0.5677905  -0.59831228 -0.99408226]
1062.77938246727,1003,False,4,0,[-2.97406895  7.22213236  4.        ],cruising,[ 0.63925976  0.24903542 -0.34837281]
1062.77938246727,1004,False,5,1,[4.45006375 4.89966879 3.99995893],cruising,[-0.62185191  0.08809385  0.93462812]
1062.77938246727,1005,False,2,4,[-7.44943098 -1.1208364   2.00950853],queued,[ 0.50568378 -0.03156594 -0.11489306]
1062.8832631111145,1000,False,4,6,[ 8.08656825 -7.43567482  2.59546679],entering,[-0.82138112 -0.19970136 -0.21083176]
1062.8832631111145,1001,False,0,3,[-0.70950276 -8.04099271  1.96740746],landing,[-0.48080528  0.59740651 -0.20557775]
1062.8832631111145,1002,False,6,5,[8.89177746 9.05106721 1.62645964],entering,[ 0.5677905  -0.59831228 -0.99408226]
1062.8832631111145,1003,False,4,0,[-2.77563236  7.24709074  4.        ],cruising,[ 0.63925976  0.24903542 -0.34837281]
1062.8832631111145,1004,False,5,1,[4.6496665  4.88706942 3.99996509],cruising,[-0.62185191  0.08809385  0.93462812]
1062.8832631111145,1005,False,2,4,[-7.44943098 -1.1208364   2.08450853],queued,[ 0.50568378 -0.03156594 -0.11489306]
1062.9933469295502,1000,False,4,6,[ 8.05211642 -7.3865518   2.67046679],entering,[-0.82138112 -0.19970136 -0.21083176]
1062.9933469295502,1001,False,0,3,[-0.73270064 -8.03771921  1.87019047],landing,[-0.48080528  0.59740651 -0.20557775]
1062.9933469295502,1002,False,6,5,[8.88332084 9.01197135 1.70145964],entering,[ 0.5677905  -0.59831228 -0.99408226]
1062.9933469295502,1003,False,4,0,[-2.5766498   7.26723871  4.        ],cruising,[ 0.63925976  0.24903542 -0.34837281]
1062.9933469295502,1004,False,5,1,[4.84920428 4.87348001 3.99997033],cruising,[-0.62185191  0.08809385  0.93462812]
1062.9933469295502,1005,False,2,4,[-7.44943098 -1.1208364   2.15950853],entering,[ 0.50568378 -0.03156594 -0.11489306]
1063.082615852356,1000,False,4,6,[ 8.00618064 -7.32105444  2.74546679],entering,[-0.82138112 -0.19970136 -0.21083176]
1063.082615852356,1001,False,0,3,[-0.75589851 -8.0344457   1.77297349],landing,[-0.48080528  0.59740651 -0.20557775]
1063.082615852356,1002,False,6,5,[8.87063592 8.95332758 1.77645964],entering,[ 0.5677905  -0.59831228 -0.99408226]
1063.082615852356,1003,False,4,0,[-2.37693623  7.27793857  4.        ],cruising,[ 0.63925976  0.24903542 -0.34837281]
1063.082615852356,1004,False,5,1,[5.04862497 4.85826855 3.99997478],cruising,[-0.62185191  0.08809385  0.93462812]
1063.082615852356,1005,False,2,4,[-7.43635141 -1.10570614  2.23450853],entering,[ 0.50568378 -0.03156594 -0.11489306]
1063.1899485588074,1000,False,4,6,[ 7.94876091 -7.23918275  2.82046679],entering,[-0.82138112 -0.19970136 -0.21083176]
1063.1899485588074,1001,False,0,3,[-0.77909639 -8.0311722   1.6757565 ],landing,[-0.48080528  0.59740651 -0.20557775]
1063.1899485588074,1002,False,6,5,[8.85372269 8.87513587 1.85145964],entering,[ 0.5677905  -0.59831228 -0.99408226]
1063.1899485588074,1003,False,4,0,[-2.1769374   7.27725172  4.        ],cruising,[ 0.63925976  0.24903542 -0.34837281]
1063.1899485588074,1004,False,5,1,[5.24786154 4.84081034 3.99997856],cruising,[-0.62185191  0.08809385  0.93462812]
1063.1899485588074,1005,False,2,4,[-7.41020719 -1.07543273  2.30950853],entering,[ 0.50568378 -0.03156594 -0.11489306]
1063.2835476398468,1000,False,4,6,[ 7.87985724 -7.14093671  2.89546679],entering,[-0.82138112 -0.19970136 -0.21083176]
1063.2835476398468,1001,False,0,3,[-0.80229426 -8.0278987   1.57853951],landing,[-0.48080528  0.59740651 -0.20557775]
1063.2835476398468,1002,False,6,5,[8.83258588 8.77739522 1.92645964],entering,[ 0.5677905  -0.59831228 -0.99408226]
1063.2835476398468,1003,False,4,0,[-1.97797177  7.25693726  4.        ],cruising,[ 0.63925976  0.24903542 -0.34837281]
1063.2835476398468,1004,False,5,1,[5.44696488 4.82189318 3.99998178],cruising,[-0.62185191  0.08809385  0.93462812]
1063.2835476398468,1005,False,2,4,[-7.37103136 -1.02998773  2.38450853],entering,[ 0.50568378 -0.03156594 -0.11489306]
1063.3791213035583,1000,False,4,6,[ 7.79954528 -7.02626353  2.97046679],entering,[-0.82138112 -0.19970136 -0.21083176]
1063.3791213035583,1001,False,0,3,[-0.82549214 -8.02462519  1.48132252],fake_landed,[-0.48080528  0.59740651 -0.20557775]
1063.3791213035583,1002,False,6,5,[8.80738383 8.66007208 2.00145964],entering,[ 0.5677905  -0.59831228 -0.99408226]
1063.3791213035583,1003,False,4,0,[-1.78063738  7.22439286  4.        ],cruising,[ 0.63925976  0.24903542 -0.34837281]
1063.3791213035583,1004,False,5,1,[5.64570335 4.79946504 3.99998451],cruising,[-0.62185191  0.08809385  0.93462812]
1063.3791213035583,1005,False,2,4,[-7.31888699 -0.96931719  2.45950853],entering,[ 0.50568378 -0.03156594 -0.11489306]
1063.4931282997131,1000,False,4,6,[ 7.70702366 -6.89574976  3.04546679],entering,[-0.82138112 -0.19970136 -0.21083176]
1063.4931282997131,1001,False,0,3,[-0.84405044 -8.02200639  1.40354893],fake_landed,[-0.48080528  0.59740651 -0.20557775]
1063.4931282997131,1002,False,6,5,[8.77836209 8.52311708 2.07645964],entering,[ 0.5677905  -0.59831228 -0.99408226]
1063.4931282997131,1003,False,4,0,[-1.58701984  7.17427055  4.        ],cruising,[ 0.63925976  0.24903542 -0.34837281]
1063.4931282997131,1004,False,5,1,[5.84392056 4.77282037 3.99998683],cruising,[-0.62185191  0.08809385  0.93462812]
1063.4931282997131,1005,False,2,4,[-7.25389773 -0.89331666  2.53450853],entering,[ 0.50568378 -0.03156594 -0.11489306]
1063.591518163681,1000,False,4,6,[ 7.60161178 -6.74994413  3.12046679],entering,[-0.82138112 -0.19970136 -0.21083176]
1063.591518163681,1001,False,0,3,[-0.85796916 -8.02004229  1.34521874],fake_landed,[-0.48080528  0.59740651 -0.20557775]
1063.591518163681,1002,False,6,5,[8.74592444 8.36645595 2.15145964],entering,[ 0.5677905  -0.59831228 -0.99408226]
1063.591518163681,1003,False,4,0,[-1.39780867  7.10946983  4.        ],cruising,[ 0.63925976  0.24903542 -0.34837281]
1063.591518163681,1004,False,5,1,[6.04140407 4.74119343 3.99998881],cruising,[-0.62185191  0.08809385  0.93462812]
1063.591518163681,1005,False,2,4,[-7.17638144 -0.80172531  2.60950853],entering,[ 0.50568378 -0.03156594 -0.11489306]
1063.6804146766663,1000,False,4,6,[ 7.48322875 -6.58891518  3.19546679],entering,[-0.82138112 -0.19970136 -0.21083176]
1063.6804146766663,1001,False,0,3,[-0.86724831 -8.01873289  1.30633194],fake_landed,[-0.48080528  0.59740651 -0.20557775]
1063.6804146766663,1002,False,6,5,[8.71041255 8.1900325  2.22645964],entering,[ 0.5677905  -0.59831228 -0.99408226]
1063.6804146766663,1003,False,4,0,[-1.2131076   7.03275271  4.        ],cruising,[ 0.63925976  0.24903542 -0.34837281]
1063.6804146766663,1004,False,5,1,[6.23786582 4.70373971 3.99999049],cruising,[-0.62185191  0.08809385  0.93462812]
1063.6804146766663,1005,False,2,4,[-7.08666252 -0.69428795  2.68450853],entering,[ 0.50568378 -0.03156594 -0.11489306]
1063.7928307056427,1000,False,4,6,[ 7.36434091 -6.42808707  3.27046679],entering,[-0.82138112 -0.19970136 -0.21083176]
1063.7928307056427,1001,False,0,3,[-0.87188789 -8.01807819  1.28688855],fake_landed,[-0.48080528  0.59740651 -0.20557775]
1063.7928307056427,1002,False,6,5,[8.67186389 7.99384095 2.30145964],entering,[ 0.5677905  -0.59831228 -0.99408226]
1063.7928307056427,1003,False,4,0,[-1.03261028  6.94660912  4.        ],cruising,[ 0.63925976  0.24903542 -0.34837281]
1063.7928307056427,1004,False,5,1,[6.43291586 4.65951888 3.99999191],cruising,[-0.62185191  0.08809385  0.93462812]
1063.7928307056427,1005,False,2,4,[-6.98529037 -0.57059631  2.75950853],entering,[ 0.50568378 -0.03156594 -0.11489306]
1063.8901114463806,1000,False,4,6,[ 7.24184757 -6.26998779  3.34546679],entering,[-0.82138112 -0.19970136 -0.21083176]
1063.8901114463806,1001,False,3,2,[-0.87188789 -8.01807819  1.28688855],waiting,[-0.48080528  0.59740651 -0.20557775]
1063.8901114463806,1002,False,6,5,[8.63330665 7.79759279 2.37645964],entering,[ 0.5677905  -0.59831228 -0.99408226]
1063.8901114463806,1003,False,4,0,[-0.85576081  6.85320534  4.        ],cruising,[ 0.63925976  0.24903542 -0.34837281]
1063.8901114463806,1004,False,5,1,[6.62602747 4.60748132 3.99999313],cruising,[-0.62185191  0.08809385  0.93462812]
1063.8901114463806,1005,False,2,4,[-6.87344114 -0.42986849  2.83450853],entering,[ 0.50568378 -0.03156594 -0.11489306]
1063.9808497428894,1000,False,4,6,[ 7.12034228 -6.11112791  3.42046679],entering,[-0.82138112 -0.19970136 -0.21083176]
1063.9808497428894,1001,False,3,2,[-0.87188789 -8.01807819  1.28688855],waiting,[-0.48080528  0.59740651 -0.20557775]
1063.9808497428894,1002,False,6,5,[8.59533391 7.6012307  2.45145964],entering,[ 0.5677905  -0.59831228 -0.99408226]
1063.9808497428894,1003,False,4,0,[-0.68083566  6.7562456   4.        ],cruising,[ 0.63925976  0.24903542 -0.34837281]
1063.9808497428894,1004,False,5,1,[6.81649179 4.54646212 3.99999416],cruising,[-0.62185191  0.08809385  0.93462812]
1063.9808497428894,1005,False,2,4,[-6.7537681  -0.27073448  2.90950853],entering,[ 0.50568378 -0.03156594 -0.11489306]
1064.086077451706,1000,False,4,6,[ 6.9933704  -5.95660237  3.49546679],entering,[-0.82138112 -0.19970136 -0.21083176]
1064.086077451706,1001,False,3,2,[-0.87188789 -8.01807819  1.28688855],waiting,[-0.48080528  0.59740651 -0.20557775]
1064.086077451706,1002,False,6,5,[8.55995229 7.40438523 2.52645964],entering,[ 0.5677905  -0.59831228 -0.99408226]
1064.086077451706,1003,False,4,0,[-0.50863435  6.65452684  4.        ],cruising,[ 0.63925976  0.24903542 -0.34837281]
1064.086077451706,1004,False,5,1,[7.00336115 4.47518911 3.99999503],cruising,[-0.62185191  0.08809385  0.93462812]
1064.086077451706,1005,False,2,4,[-6.6370038  -0.10835808  2.98450853],entering,[ 0.50568378 -0.03156594 -0.11489306]
1064.1848056316376,1000,False,4,6,[ 6.86525702 -5.80302189  3.57046679],entering,[-0.82138112 -0.19970136 -0.21083176]
1064.1848056316376,1001,False,3,2,[-0.87188789 -8.01807819  1.28688855],waiting,[-0.48080528  0.59740651 -0.20557775]
1064.1848056316376,1002,False,6,5,[8.52576588 7.20732866 2.60145964],entering,[ 0.5677905  -0.59831228 -0.99408226]
1064.1848056316376,1003,False,4,0,[-0.33767142  6.55074014  4.        ],cruising,[ 0.63925976  0.24903542 -0.34837281]
1064.1848056316376,1004,False,5,1,[7.18538275 4.3923149  3.99999578],cruising,[-0.62185191  0.08809385  0.93462812]
1064.1848056316376,1005,False,2,4,[-6.52377463  0.05650294  3.05950853],entering,[ 0.50568378 -0.03156594 -0.11489306]
1064.291502714157,1000,False,4,6,[ 6.73552631 -5.65080513  3.63489677],entering,[-0.82138112 -0.19970136 -0.21083176]
1064.291502714157,1001,False,3,2,[-0.87188789 -8.01807819  1.28688855],waiting,[-0.48080528  0.59740651 -0.20557775]
1064.291502714157,1002,False,6,5,[8.49157947 7.0102721  2.67645964],entering,[ 0.5677905  -0.59831228 -0.99408226]
1064.291502714157,1003,False,4,0,[-0.16826916  6.44442517  4.        ],cruising,[ 0.63925976  0.24903542 -0.34837281]
1064.291502714157,1004,False,5,1,[7.3609303  4.29648663 3.99999641],cruising,[-0.62185191  0.08809385  0.93462812]
1064.291502714157,1005,False,2,4,[-6.41469666  0.22413944  3.13450853],entering,[ 0.50568378 -0.03156594 -0.11489306]
1064.3846774101257,1000,False,4,6,[ 6.59880457 -5.50483539  3.68966225],entering,[-0.82138112 -0.19970136 -0.21083176]
1064.3846774101257,1001,False,3,2,[-0.87188789 -8.01807819  1.28688855],waiting,[-0.48080528  0.59740651 -0.20557775]
1064.3846774101257,1002,False,6,5,[8.45887649 6.81296393 2.75145964],entering,[ 0.5677905  -0.59831228 -0.99408226]
1064.3846774101257,1003,False,4,0,[6.53055597e-04 6.33734910e+00 4.00000000e+00],cruising,[ 0.63925976  0.24903542 -0.34837281]
1064.3846774101257,1004,False,5,1,[7.52582026 4.18373453 3.99999697],cruising,[-0.62185191  0.08809385  0.93462812]
1064.3846774101257,1005,False,2,4,[-6.31030877  0.39473595  3.20950853],entering,[ 0.50568378 -0.03156594 -0.11489306]
1064.4799027442932,1000,False,4,6,[ 6.45734823 -5.36344902  3.73621292],entering,[-0.82138112 -0.19970136 -0.21083176]
1064.4799027442932,1001,False,3,2,[-0.87188789 -8.01807819  1.28688855],waiting,[-0.48080528  0.59740651 -0.20557775]
1064.4799027442932,1002,False,6,5,[8.42972923 6.61509923 2.82645964],entering,[ 0.5677905  -0.59831228 -0.99408226]
1064.4799027442932,1003,False,4,0,[0.16920745 6.22969495 4.        ],cruising,[ 0.63925976  0.24903542 -0.34837281]
1064.4799027442932,1004,False,5,1,[7.67861384 4.05505517 3.99999744],cruising,[-0.62185191  0.08809385  0.93462812]
1064.4799027442932,1005,False,2,4,[-6.21131432  0.5685177   3.28450853],entering,[ 0.50568378 -0.03156594 -0.11489306]
1064.5948071479797,1000,False,4,6,[ 6.31362045 -5.22437234  3.77578098],entering,[-0.82138112 -0.19970136 -0.21083176]
1064.5948071479797,1001,False,3,2,[-0.87188789 -8.01807819  1.28688855],queued,[-0.48080528  0.59740651 -0.20557775]
1064.5948071479797,1002,False,6,5,[8.40058197 6.41723454 2.90145964],entering,[ 0.5677905  -0.59831228 -0.99408226]
1064.5948071479797,1003,False,4,0,[0.33800883 6.12242848 4.        ],exiting,[ 0.63925976  0.24903542 -0.34837281]
1064.5948071479797,1004,False,5,1,[7.81773924 3.91177509 3.99999784],cruising,[-0.62185191  0.08809385  0.93462812]
1064.5948071479797,1005,False,2,4,[-6.11854618  0.74570143  3.35950853],entering,[ 0.50568378 -0.03156594 -0.11489306]
1064.6787738800049,1000,False,4,6,[ 6.1629866  -5.09280697  3.80941383],entering,[-0.82138112 -0.19970136 -0.21083176]
1064.6787738800049,1001,False,3,2,[-0.87188789 -8.01807819  1.30688855],queued,[-0.48080528  0.59740651 -0.20557775]
1064.6787738800049,1002,False,6,5,[8.37395085 6.21901551 2.97645964],entering,[ 0.5677905  -0.59831228 -0.99408226]
1064.6787738800049,1003,False,4,0,[0.49673684 6.03243995 4.        ],exiting,[ 0.63925976  0.24903542 -0.34837281]
1064.6787738800049,1004,False,5,1,[7.94172619 3.75542493 3.99999819],cruising,[-0.62185191  0.08809385  0.93462812]
1064.6787738800049,1005,False,2,4,[-6.03297346  0.92647009  3.43450853],entering,[ 0.50568378 -0.03156594 -0.11489306]
1064.7801506519318,1000,False,4,6,[ 6.00532435 -4.96975164  3.83800176],entering,[-0.82138112 -0.19970136 -0.21083176]
1064.7801506519318,1001,False,3,2,[-0.87188789 -8.01807819  1.34688855],queued,[-0.48080528  0.59740651 -0.20557775]
1064.7801506519318,1002,False,6,5,[8.35045624 6.02040029 3.05145964],entering,[ 0.5677905  -0.59831228 -0.99408226]
1064.7801506519318,1003,False,4,0,[0.64524303 5.95964195 4.        ],exiting,[ 0.63925976  0.24903542 -0.34837281]
1064.7801506519318,1004,False,5,1,[8.04891909 3.58821383 3.9999985 ],cruising,[-0.62185191  0.08809385  0.93462812]
1064.7801506519318,1005,False,2,4,[-5.95575203  1.11096088  3.50950853],entering,[ 0.50568378 -0.03156594 -0.11489306]
1064.8838639259338,1000,False,4,6,[ 5.84390786 -4.8516639   3.86230149],cruising,[-0.82138112 -0.19970136 -0.21083176]
1064.8838639259338,1001,False,3,2,[-0.87188789 -8.01807819  1.40688855],queued,[-0.48080528  0.59740651 -0.20557775]
1064.8838639259338,1002,False,6,5,[8.3281803  5.82164471 3.12645964],entering,[ 0.5677905  -0.59831228 -0.99408226]
1064.8838639259338,1003,False,4,0,[0.78335923 5.90393338 4.        ],exiting,[ 0.63925976  0.24903542 -0.34837281]
1064.8838639259338,1004,False,5,1,[8.13848784 3.41154812 3.99999877],cruising,[-0.62185191  0.08809385  0.93462812]
1064.8838639259338,1005,False,2,4,[-5.88823027  1.29921818  3.58308225],entering,[ 0.50568378 -0.03156594 -0.11489306]
1064.9805631637573,1000,False,4,6,[ 5.67609626 -4.74285549  3.88295627],cruising,[-0.82138112 -0.19970136 -0.21083176]
1064.9805631637573,1001,False,3,2,[-0.87188789 -8.01807819  1.48188855],queued,[-0.48080528  0.59740651 -0.20557775]
1064.9805631637573,1002,False,6,5,[8.31078724 5.62240244 3.20145964],entering,[ 0.5677905  -0.59831228 -0.99408226]
1064.9805631637573,1003,False,4,0,[0.91089325 5.86519587 4.        ],exiting,[ 0.63925976  0.24903542 -0.34837281]
1064.9805631637573,1004,False,5,1,[8.20977155 3.22677952 3.999999  ],exiting,[-0.62185191  0.08809385  0.93462812]
1064.9805631637573,1005,False,2,4,[-5.83192428  1.49112867  3.64561992],entering,[ 0.50568378 -0.03156594 -0.11489306]
1065.0829343795776,1000,False,4,6,[ 5.50500658 -4.63927789  3.90051283],cruising,[-0.82138112 -0.19970136 -0.21083176]
1065.0829343795776,1001,False,3,2,[-0.87188789 -8.01807819  1.55688855],queued,[-0.48080528  0.59740651 -0.20557775]
1065.0829343795776,1002,False,6,5,[8.29609917 5.42294252 3.27645964],entering,[ 0.5677905  -0.59831228 -0.99408226]
1065.0829343795776,1003,False,4,0,[1.02761967 5.84328679 4.        ],exiting,[ 0.63925976  0.24903542 -0.34837281]
1065.0829343795776,1004,False,5,1,[8.26262643 3.0497813  3.99999921],exiting,[-0.62185191  0.08809385  0.93462812]
1065.0829343795776,1005,False,2,4,[-5.78843874  1.68634396  3.69877693],entering,[ 0.50568378 -0.03156594 -0.11489306]
1065.1844952106476,1000,False,4,6,[ 5.32943678 -4.54349039  3.9154359 ],cruising,[-0.82138112 -0.19970136 -0.21083176]
1065.1844952106476,1001,False,3,2,[-0.87188789 -8.01807819  1.63188855],queued,[-0.48080528  0.59740651 -0.20557775]
1065.1844952106476,1002,False,6,5,[8.28498704 5.22325146 3.35145964],entering,[ 0.5677905  -0.59831228 -0.99408226]
1065.1844952106476,1003,False,4,0,[1.13325785 5.83802256 4.        ],exiting,[ 0.63925976  0.24903542 -0.34837281]
1065.1844952106476,1004,False,5,1,[8.29961284 2.88495646 3.9999994 ],exiting,[-0.62185191  0.08809385  0.93462812]
1065.1844952106476,1005,False,2,4,[-5.75930921  1.88421126  3.74396039],entering,[ 0.50568378 -0.03156594 -0.11489306]
1065.2926201820374,1000,False,4,6,[ 5.15186461 -4.45146797  3.92812052],cruising,[-0.82138112 -0.19970136 -0.21083176]
1065.2926201820374,1001,False,3,2,[-0.87188789 -8.01807819  1.70688855],queued,[-0.48080528  0.59740651 -0.20557775]
1065.2926201820374,1002,False,6,5,[8.28001568 5.02331325 3.42645964],entering,[ 0.5677905  -0.59831228 -0.99408226]
1065.2926201820374,1003,False,4,0,[1.22743531 5.84914893 4.        ],exiting,[ 0.63925976  0.24903542 -0.34837281]
1065.2926201820374,1004,False,5,1,[8.32196128 2.7337599  3.99999959],exiting,[-0.62185191  0.08809385  0.93462812]
1065.2926201820374,1005,False,2,4,[-5.74576026  2.0837518   3.78236633],entering,[ 0.50568378 -0.03156594 -0.11489306]
1065.3810150623322,1000,False,4,6,[ 4.97155684 -4.36492833  3.93890244],cruising,[-0.82138112 -0.19970136 -0.21083176]
1065.3810150623322,1001,False,3,2,[-0.87188789 -8.01807819  1.78188855],queued,[-0.48080528  0.59740651 -0.20557775]
1065.3810150623322,1002,False,6,5,[8.28055679 4.82331398 3.50145964],entering,[ 0.5677905  -0.59831228 -0.99408226]
1065.3810150623322,1003,False,4,0,[1.30991469 5.87649735 4.        ],exiting,[ 0.63925976  0.24903542 -0.34837281]
1065.3810150623322,1004,False,5,1,[8.33037029 2.59690531 3.99999977],exiting,[-0.62185191  0.08809385  0.93462812]
1065.3810150623322,1005,False,2,4,[-5.74756687  2.28374364  3.81501138],entering,[ 0.50568378 -0.03156594 -0.11489306]
1065.4802105426788,1000,False,4,6,[ 4.79024779 -4.28050662  3.94806707],cruising,[-0.82138112 -0.19970136 -0.21083176]
1065.4802105426788,1001,False,3,2,[-0.87188789 -8.01807819  1.85688855],entering,[-0.48080528  0.59740651 -0.20557775]
1065.4802105426788,1002,False,6,5,[8.28522198 4.6233684  3.5762407 ],entering,[ 0.5677905  -0.59831228 -0.99408226]
1065.4802105426788,1003,False,4,0,[1.38045564 5.91989176 4.        ],exiting,[ 0.63925976  0.24903542 -0.34837281]
1065.4802105426788,1004,False,5,1,[8.32534127 2.47486354 3.99999993],exiting,[-0.62185191  0.08809385  0.93462812]
1065.4802105426788,1005,False,2,4,[-5.76537601  2.48294915  3.84275967],cruising,[ 0.50568378 -0.03156594 -0.11489306]
1065.580133676529,1000,False,4,6,[ 4.60805978 -4.19799886  3.95585701],cruising,[-0.82138112 -0.19970136 -0.21083176]
1065.580133676529,1001,False,3,2,[-0.87837504 -7.99915949  1.93188855],entering,[-0.48080528  0.59740651 -0.20557775]
1065.580133676529,1002,False,6,5,[8.29457887 4.4235874  3.63980459],entering,[ 0.5677905  -0.59831228 -0.99408226]
1065.580133676529,1003,False,4,0,[1.43881506 5.9791484  4.        ],exiting,[ 0.63925976  0.24903542 -0.34837281]
1065.580133676529,1004,False,5,1,[8.30732453 2.36803095 4.00000008],exiting,[-0.62185191  0.08809385  0.93462812]
1065.580133676529,1005,False,2,4,[-5.79698819  2.68043502  3.86634572],cruising,[ 0.50568378 -0.03156594 -0.11489306]
1065.683701992035,1000,False,4,6,[ 4.42457584 -4.11841467  3.96247846],cruising,[-0.82138112 -0.19970136 -0.21083176]
1065.683701992035,1001,False,3,2,[-0.89134933 -7.96132211  2.00688855],entering,[-0.48080528  0.59740651 -0.20557775]
1065.683701992035,1002,False,6,5,[8.3068376  4.22396344 3.6938339 ],entering,[ 0.5677905  -0.59831228 -0.99408226]
1065.683701992035,1003,False,4,0,[1.48474729 6.05407556 4.        ],exiting,[ 0.63925976  0.24903542 -0.34837281]
1065.683701992035,1004,False,5,1,[8.27682901 2.27682781 4.0000002 ],exiting,[-0.62185191  0.08809385  0.93462812]
1065.683701992035,1005,False,2,4,[-5.84183136  2.87534292  3.88639386],cruising,[ 0.50568378 -0.03156594 -0.11489306]
1065.7853882312775,1000,False,4,6,[ 4.24068768 -4.03976898  3.96810669],cruising,[-0.82138112 -0.19970136 -0.21083176]
1065.7853882312775,1001,False,3,2,[-0.91081077 -7.90456603  2.08188855],entering,[-0.48080528  0.59740651 -0.20557775]
1065.7853882312775,1002,False,6,5,[8.31645748 4.02419493 3.73975882],entering,[ 0.5677905  -0.59831228 -0.99408226]
1065.7853882312775,1003,False,4,0,[1.51800418 6.1444732  4.        ],exiting,[ 0.63925976  0.24903542 -0.34837281]
1065.7853882312775,1004,False,5,1,[8.2341156  2.20145891 4.00000029],exiting,[-0.62185191  0.08809385  0.93462812]
1065.7853882312775,1005,False,2,4,[-5.89621325  3.06780749  3.90343478],cruising,[ 0.50568378 -0.03156594 -0.11489306]
1065.8941876888275,1000,False,4,6,[ 4.05603883 -3.96292628  3.97289069],cruising,[-0.82138112 -0.19970136 -0.21083176]
1065.8941876888275,1001,False,3,2,[-0.93675935 -7.82889126  2.15688855],entering,[-0.48080528  0.59740651 -0.20557775]
1065.8941876888275,1002,False,6,5,[8.33130775 3.82474702 3.778795  ],cruising,[ 0.5677905  -0.59831228 -0.99408226]
1065.8941876888275,1003,False,4,0,[1.54668726 6.24027132 4.        ],exiting,[ 0.63925976  0.24903542 -0.34837281]
1065.8941876888275,1004,False,5,1,[8.17945397 2.14212873 4.00000035],exiting,[-0.62185191  0.08809385  0.93462812]
1065.8941876888275,1005,False,2,4,[-5.95769574  3.25812277  3.91791957],cruising,[ 0.50568378 -0.03156594 -0.11489306]
1065.9791615009308,1000,False,4,6,[ 3.87117726 -3.88659671  3.97695709],cruising,[-0.82138112 -0.19970136 -0.21083176]
1065.9791615009308,1001,False,3,2,[-0.96919509 -7.7342978   2.23188855],entering,[-0.48080528  0.59740651 -0.20557775]
1065.9791615009308,1002,False,6,5,[8.34034736 3.62495141 3.81197575],cruising,[ 0.5677905  -0.59831228 -0.99408226]
1065.9791615009308,1003,False,4,0,[1.57537033 6.33606945 4.        ],exiting,[ 0.63925976  0.24903542 -0.34837281]
1065.9791615009308,1004,False,5,1,[8.11312298 2.09904126 4.00000038],exiting,[-0.62185191  0.08809385  0.93462812]
1065.9791615009308,1005,False,2,4,[-6.02388893  3.4468513   3.93023163],cruising,[ 0.50568378 -0.03156594 -0.11489306]
1066.0914068222046,1000,False,4,6,[ 3.68583231 -3.81144853  3.98041352],cruising,[-0.82138112 -0.19970136 -0.21083176]
1066.0914068222046,1001,False,3,2,[-1.00811796 -7.62078564  2.30688855],entering,[-0.48080528  0.59740651 -0.20557775]
1066.0914068222046,1002,False,6,5,[8.34775468 3.42508863 3.84017938],cruising,[ 0.5677905  -0.59831228 -0.99408226]
1066.0914068222046,1003,False,4,0,[1.6040534  6.43186758 4.        ],exiting,[ 0.63925976  0.24903542 -0.34837281]
1066.0914068222046,1004,False,5,1,[8.03541131 2.07240007 4.00000038],exiting,[-0.62185191  0.08809385  0.93462812]
1066.0914068222046,1005,False,2,4,[-6.0925179   3.6347078   3.94069689],cruising,[ 0.50568378 -0.03156594 -0.11489306]
1066.1891248226166,1000,False,4,6,[ 3.50029284 -3.73678192  3.98335149],cruising,[-0.82138112 -0.19970136 -0.21083176]
1066.1891248226166,1001,False,3,2,[-1.05352799 -7.48835479  2.38188855],entering,[-0.48080528  0.59740651 -0.20557775]
1066.1891248226166,1002,False,6,5,[8.36124617 3.2255442  3.86415248],cruising,[ 0.5677905  -0.59831228 -0.99408226]
1066.1891248226166,1003,False,4,0,[1.63273647 6.52766571 4.        ],exiting,[ 0.63925976  0.24903542 -0.34837281]
1066.1891248226166,1004,False,5,1,[7.94661833 2.06240834 4.00000034],exiting,[-0.62185191  0.08809385  0.93462812]
1066.1891248226166,1005,False,2,4,[-6.16140686  3.82246912  3.94959235],cruising,[ 0.50568378 -0.03156594 -0.11489306]
1066.2847011089325,1000,False,4,6,[ 3.3143923  -3.66301886  3.98584877],cruising,[-0.82138112 -0.19970136 -0.21083176]
1066.2847011089325,1001,False,3,2,[-1.10542516 -7.33700525  2.45688855],entering,[-0.48080528  0.59740651 -0.20557775]
1066.2847011089325,1002,False,6,5,[8.37336076 3.02591145 3.8845296 ],cruising,[ 0.5677905  -0.59831228 -0.99408226]
1066.2847011089325,1003,False,4,0,[1.66141954 6.62346384 4.        ],exiting,[ 0.63925976  0.24903542 -0.34837281]
1066.2847011089325,1004,False,5,1,[7.84705508 2.06926895 4.00000028],exiting,[-0.62185191  0.08809385  0.93462812]
1066.2847011089325,1005,False,2,4,[-6.22840844  4.01091218  3.9571535 ],cruising,[ 0.50568378 -0.03156594 -0.11489306]
1066.3823871612549,1000,False,4,6,[ 3.1282024  -3.58998924  3.98797145],cruising,[-0.82138112 -0.19970136 -0.21083176]
1066.3823871612549,1001,False,3,2,[-1.16380948 -7.16673702  2.53188855],entering,[-0.48080528  0.59740651 -0.20557775]
1066.3823871612549,1002,False,6,5,[8.38486746 2.82624273 3.90185016],cruising,[ 0.5677905  -0.59831228 -0.99408226]
1066.3823871612549,1003,False,4,0,[1.69010261 6.71926197 4.        ],exiting,[ 0.63925976  0.24903542 -0.34837281]
1066.3823871612549,1004,False,5,1,[7.74731139 2.07642413 4.00000022],exiting,[-0.62185191  0.08809385  0.93462812]
1066.3823871612549,1005,False,2,4,[-6.29129709  4.20076744  3.96358048],cruising,[ 0.50568378 -0.03156594 -0.11489306]
1066.4807484149933,1000,False,4,6,[ 2.94167517 -3.5178256   3.98977574],cruising,[-0.82138112 -0.19970136 -0.21083176]
1066.4807484149933,1001,False,3,2,[-1.22993282 -6.97802678  2.60688855],entering,[-0.48080528  0.59740651 -0.20557775]
1066.4807484149933,1002,False,6,5,[8.39988459 2.62680731 3.91657264],cruising,[ 0.5677905  -0.59831228 -0.99408226]
1066.4807484149933,1003,False,4,0,[1.71878568 6.8150601  4.        ],exiting,[ 0.63925976  0.24903542 -0.34837281]
1066.4807484149933,1004,False,5,1,[7.6475677  2.08357931 4.00000018],exiting,[-0.62185191  0.08809385  0.93462812]
1066.4807484149933,1005,False,2,4,[-6.34763522  4.39266849  3.9690434 ],cruising,[ 0.50568378 -0.03156594 -0.11489306]
1066.5939478874207,1000,False,4,6,[ 2.75467964 -3.44688428  3.99130938],cruising,[-0.82138112 -0.19970136 -0.21083176]
1066.5939478874207,1001,False,3,2,[-1.29607195 -6.78927929  2.68188855],entering,[-0.48080528  0.59740651 -0.20557775]
1066.5939478874207,1002,False,6,5,[8.41315289 2.42724792 3.92908674],cruising,[ 0.5677905  -0.59831228 -0.99408226]
1066.5939478874207,1003,False,4,0,[1.74746875 6.91085822 4.        ],exiting,[ 0.63925976  0.24903542 -0.34837281]
1066.5939478874207,1004,False,5,1,[7.54782401 2.09073449 4.00000014],exiting,[-0.62185191  0.08809385  0.93462812]
1066.5939478874207,1005,False,2,4,[-6.38837586  4.58847503  3.97368689],cruising,[ 0.50568378 -0.03156594 -0.11489306]
1066.6810100078583,1000,False,4,6,[ 2.56706862 -3.37758706  3.99261297],cruising,[-0.82138112 -0.19970136 -0.21083176]
1066.6810100078583,1001,False,3,2,[-1.36221108 -6.6005318   2.75688855],entering,[-0.48080528  0.59740651 -0.20557775]
1066.6810100078583,1002,False,6,5,[8.42813491 2.22780986 3.93972373],cruising,[ 0.5677905  -0.59831228 -0.99408226]
1066.6810100078583,1003,False,4,0,[1.77615182 7.00665635 4.        ],exiting,[ 0.63925976  0.24903542 -0.34837281]
1066.6810100078583,1004,False,5,1,[7.44808032 2.09788967 4.00000012],exiting,[-0.62185191  0.08809385  0.93462812]
1066.6810100078583,1005,False,2,4,[-6.4160414   4.78655233  3.97763386],cruising,[ 0.50568378 -0.03156594 -0.11489306]
1066.7801179885864,1000,False,4,6,[ 2.37901757 -3.30949299  3.99372102],cruising,[-0.82138112 -0.19970136 -0.21083176]
1066.7801179885864,1001,False,3,2,[-1.42904458 -6.41202906  2.83188855],entering,[-0.48080528  0.59740651 -0.20557775]
1066.7801179885864,1002,False,6,5,[8.44062936 2.02820052 3.94876517],cruising,[ 0.5677905  -0.59831228 -0.99408226]
1066.7801179885864,1003,False,4,0,[1.80483489 7.10245448 4.        ],exiting,[ 0.63925976  0.24903542 -0.34837281]
1066.7801179885864,1004,False,5,1,[7.34833663 2.10504485 4.00000009],exiting,[-0.62185191  0.08809385  0.93462812]
1066.7801179885864,1005,False,2,4,[-6.42375881  4.98600527  3.98115721],cruising,[ 0.50568378 -0.03156594 -0.11489306]
1066.8828489780426,1000,False,4,6,[ 2.19006603 -3.24393906  3.99466287],cruising,[-0.82138112 -0.19970136 -0.21083176]
1066.8828489780426,1001,False,3,2,[-1.49650226 -6.22374878  2.90688855],entering,[-0.48080528  0.59740651 -0.20557775]
1066.8828489780426,1002,False,6,5,[8.4536556  1.82862518 3.9564504 ],cruising,[ 0.5677905  -0.59831228 -0.99408226]
1066.8828489780426,1003,False,4,0,[1.83351796 7.19825261 4.        ],exiting,[ 0.63925976  0.24903542 -0.34837281]
1066.8828489780426,1004,False,5,1,[7.24859295 2.11220003 4.00000007],exiting,[-0.62185191  0.08809385  0.93462812]
1066.8828489780426,1005,False,2,4,[-6.41152216  5.18413796  3.98437585],cruising,[ 0.50568378 -0.03156594 -0.11489306]
1066.9853053092957,1000,False,4,6,[ 2.00003876 -3.18157213  3.99546344],cruising,[-0.82138112 -0.19970136 -0.21083176]
1066.9853053092957,1001,False,3,2,[-1.56395994 -6.03546851  2.98188855],entering,[-0.48080528  0.59740651 -0.20557775]
1066.9853053092957,1002,False,6,5,[8.46382382 1.62888383 3.96298284],cruising,[ 0.5677905  -0.59831228 -0.99408226]
1066.9853053092957,1003,False,4,0,[1.86220103 7.29405074 4.        ],exiting,[ 0.63925976  0.24903542 -0.34837281]
1066.9853053092957,1004,False,5,1,[7.14884926 2.11935521 4.00000006],exiting,[-0.62185191  0.08809385  0.93462812]
1066.9853053092957,1005,False,2,4,[-6.37966763  5.37838905  3.98732686],cruising,[ 0.50568378 -0.03156594 -0.11489306]
1067.0822439193726,1000,False,4,6,[ 1.80936161 -3.12122129  3.99614392],cruising,[-0.82138112 -0.19970136 -0.21083176]
1067.0822439193726,1001,False,3,2,[-1.63269128 -5.84764944  3.05688855],entering,[-0.48080528  0.59740651 -0.20557775]
1067.0822439193726,1002,False,6,5,[8.47378103 1.42913184 3.96853541],cruising,[ 0.5677905  -0.59831228 -0.99408226]
1067.0822439193726,1003,False,4,0,[1.8908841  7.38984887 4.        ],exiting,[ 0.63925976  0.24903542 -0.34837281]
1067.0822439193726,1004,False,5,1,[7.04910557 2.12651039 4.00000005],exiting,[-0.62185191  0.08809385  0.93462812]
1067.0822439193726,1005,False,2,4,[-6.32882411  5.56636686  3.99002413],cruising,[ 0.50568378 -0.03156594 -0.11489306]
1067.1846401691437,1000,False,4,6,[ 1.61719943 -3.06578035  3.99672234],cruising,[-0.82138112 -0.19970136 -0.21083176]
1067.1846401691437,1001,False,3,2,[-1.70142262 -5.65983037  3.13188855],entering,[-0.48080528  0.59740651 -0.20557775]
1067.1846401691437,1002,False,6,5,[8.48301357 1.22934506 3.9732551 ],cruising,[ 0.5677905  -0.59831228 -0.99408226]
1067.1846401691437,1003,False,4,0,[1.91956717 7.485647   4.        ],exiting,[ 0.63925976  0.24903542 -0.34837281]
1067.1846401691437,1004,False,5,1,[6.94936188 2.13366558 4.00000004],exiting,[-0.62185191  0.08809385  0.93462812]
1067.1846401691437,1005,False,2,4,[-6.25988134  5.74583848  3.99247313],cruising,[ 0.50568378 -0.03156594 -0.11489306]
1067.2801995277405,1000,False,4,6,[ 1.42336188 -3.01651571  3.99721399],cruising,[-0.82138112 -0.19970136 -0.21083176]
1067.2801995277405,1001,False,3,2,[-1.77129285 -5.47243199  3.20688855],entering,[-0.48080528  0.59740651 -0.20557775]
1067.2801995277405,1002,False,6,5,[8.4888094  1.02942905 3.97726683],cruising,[ 0.5677905  -0.59831228 -0.99408226]
1067.2801995277405,1003,False,4,0,[1.94825024 7.58144513 4.        ],exiting,[ 0.63925976  0.24903542 -0.34837281]
1067.2801995277405,1004,False,5,1,[6.84961819 2.14082076 4.00000003],exiting,[-0.62185191  0.08809385  0.93462812]
1067.2801995277405,1005,False,2,4,[-6.17387702  5.91487773  3.9946587 ],cruising,[ 0.50568378 -0.03156594 -0.11489306]
1067.3885731697083,1000,False,4,6,[ 1.22768395 -2.97516175  3.99763189],cruising,[-0.82138112 -0.19970136 -0.21083176]
1067.3885731697083,1001,False,3,2,[-1.84047833 -5.28477974  3.28188855],entering,[-0.48080528  0.59740651 -0.20557775]
1067.3885731697083,1002,False,6,5,[8.49364297 0.82948747 3.98067681],cruising,[ 0.5677905  -0.59831228 -0.99408226]
1067.3885731697083,1003,False,4,0,[1.97693332 7.67724325 4.        ],exiting,[ 0.63925976  0.24903542 -0.34837281]
1067.3885731697083,1004,False,5,1,[6.7498745  2.14797594 4.00000002],exiting,[-0.62185191  0.08809385  0.93462812]
1067.3885731697083,1005,False,2,4,[-6.07197407  6.07178579  3.99658371],cruising,[ 0.50568378 -0.03156594 -0.11489306]
1067.479656457901,1000,False,4,6,[ 1.02928103 -2.9499372   3.9979871 ],cruising,[-0.82138112 -0.19970136 -0.21083176]
1067.479656457901,1001,False,3,2,[-1.91137369 -5.09776678  3.35688855],entering,[-0.48080528  0.59740651 -0.20557775]
1067.479656457901,1002,False,6,5,[8.49720466 0.62951919 3.98357529],cruising,[ 0.5677905  -0.59831228 -0.99408226]
1067.479656457901,1003,False,4,0,[2.00561639 7.77304138 4.        ],exiting,[ 0.63925976  0.24903542 -0.34837281]
1067.479656457901,1004,False,5,1,[6.65013081 2.15513112 4.00000002],exiting,[-0.62185191  0.08809385  0.93462812]
1067.479656457901,1005,False,2,4,[-5.95507198  6.21546695  3.99823482],cruising,[ 0.50568378 -0.03156594 -0.11489306]
1067.5801284313202,1000,False,4,6,[ 0.82958191 -2.9389707   3.99828904],cruising,[-0.82138112 -0.19970136 -0.21083176]
1067.5801284313202,1001,False,3,2,[-1.98288685 -4.91098918  3.43188855],entering,[-0.48080528  0.59740651 -0.20557775]
1067.5801284313202,1002,False,6,5,[8.49716641 0.42951919 3.98603899],cruising,[ 0.5677905  -0.59831228 -0.99408226]
1067.5801284313202,1003,False,4,0,[2.03429946 7.86883951 4.        ],exiting,[ 0.63925976  0.24903542 -0.34837281]
1067.5801284313202,1004,False,5,1,[6.55038713 2.1622863  4.00000001],exiting,[-0.62185191  0.08809385  0.93462812]
1067.5801284313202,1005,False,2,4,[-5.82406096  6.34497572  3.99960077],cruising,[ 0.50568378 -0.03156594 -0.11489306]
1067.687830209732,1000,False,4,6,[ 0.6296418  -2.94386457  3.99854568],cruising,[-0.82138112 -0.19970136 -0.21083176]
1067.687830209732,1001,False,3,2,[-2.05466235 -4.72431225  3.50688855],entering,[-0.48080528  0.59740651 -0.20557775]
1067.687830209732,1002,False,6,5,[8.49581368 0.22952377 3.98813315],cruising,[ 0.5677905  -0.59831228 -0.99408226]
1067.687830209732,1003,False,4,0,[2.06298253 7.96463764 4.        ],exiting,[ 0.63925976  0.24903542 -0.34837281]
1067.687830209732,1004,False,5,1,[6.45064344 2.16944148 4.00000001],exiting,[-0.62185191  0.08809385  0.93462812]
1067.687830209732,1005,False,2,4,[-5.67978705  6.45951758  4.00067177],cruising,[ 0.50568378 -0.03156594 -0.11489306]
1067.7930364608765,1000,False,4,6,[ 0.43062575 -2.96367906  3.99876383],cruising,[-0.82138112 -0.19970136 -0.21083176]
1067.7930364608765,1001,False,3,2,[-2.12633142 -4.53759443  3.58085526],entering,[-0.48080528  0.59740651 -0.20557775]
1067.7930364608765,1002,False,6,5,[8.49292452 0.02954464 3.98991317],cruising,[ 0.5677905  -0.59831228 -0.99408226]
1067.7930364608765,1003,False,4,0,[2.0916656  8.06043577 4.        ],exiting,[ 0.63925976  0.24903542 -0.34837281]
1067.7930364608765,1004,False,5,1,[6.35089975 2.17659666 4.00000001],exiting,[-0.62185191  0.08809385  0.93462812]
1067.7930364608765,1005,False,2,4,[-5.52301858  6.55844553  4.00143914],cruising,[ 0.50568378 -0.03156594 -0.11489306]
1067.8801112174988,1000,False,4,6,[ 0.23355234 -2.99776819  3.99894926],cruising,[-0.82138112 -0.19970136 -0.21083176]
1067.8801112174988,1001,False,3,2,[-2.19591005 -4.35008759  3.64372697],entering,[-0.48080528  0.59740651 -0.20557775]
1067.8801112174988,1002,False,6,5,[ 8.48832307 -0.17040242  3.9914262 ],cruising,[ 0.5677905  -0.59831228 -0.99408226]
1067.8801112174988,1003,False,4,0,[2.12034867 8.1562339  4.        ],exiting,[ 0.63925976  0.24903542 -0.34837281]
1067.8801112174988,1004,False,5,1,[6.25115606 2.18375184 4.00000001],exiting,[-0.62185191  0.08809385  0.93462812]
1067.8801112174988,1005,False,2,4,[-5.35444556  6.64123172  4.00189665],cruising,[ 0.50568378 -0.03156594 -0.11489306]
1067.9899611473083,1000,False,4,6,[ 0.03926572 -3.04523091  3.99910687],cruising,[-0.82138112 -0.19970136 -0.21083176]
1067.9899611473083,1001,False,3,2,[-2.26548753 -4.16258033  3.69716793],entering,[-0.48080528  0.59740651 -0.20557775]
1067.9899611473083,1002,False,6,5,[ 8.47982109 -0.37022163  3.99271227],cruising,[ 0.5677905  -0.59831228 -0.99408226]
1067.9899611473083,1003,False,4,0,[2.14903174 8.25203203 4.        ],exiting,[ 0.63925976  0.24903542 -0.34837281]
1067.9899611473083,1004,False,5,1,[6.15141237 2.19090702 4.        ],exiting,[-0.62185191  0.08809385  0.93462812]
1067.9899611473083,1005,False,2,4,[-5.17491178  6.70729153  4.00205386],cruising,[ 0.50568378 -0.03156594 -0.11489306]
1068.0824913978577,1000,False,4,6,[-0.15045675 -3.10851903  3.99924084],cruising,[-0.82138112 -0.19970136 -0.21083176]
1068.0824913978577,1001,False,3,2,[-2.32731617 -3.97237723  3.74259274],entering,[-0.48080528  0.59740651 -0.20557775]
1068.0824913978577,1002,False,6,5,[ 8.4696826  -0.56996449  3.99380543],cruising,[ 0.5677905  -0.59831228 -0.99408226]
1068.0824913978577,1003,False,4,0,[2.17771481 8.34783015 4.        ],exiting,[ 0.63925976  0.24903542 -0.34837281]
1068.0824913978577,1004,False,5,1,[6.05166868 2.1980622  4.        ],exiting,[-0.62185191  0.08809385  0.93462812]
1068.0824913978577,1005,False,2,4,[-4.98443423  6.75661413  4.00189557],cruising,[ 0.50568378 -0.03156594 -0.11489306]
1068.1863713264465,1000,False,4,6,[-0.33674642 -3.18129373  3.99935471],cruising,[-0.82138112 -0.19970136 -0.21083176]
1068.1863713264465,1001,False,3,2,[-2.38802183 -3.78181275  3.78120383],entering,[-0.48080528  0.59740651 -0.20557775]
1068.1863713264465,1002,False,6,5,[ 8.45772775 -0.76960688  3.99473461],cruising,[ 0.5677905  -0.59831228 -0.99408226]
1068.1863713264465,1003,False,4,0,[2.20639788 8.44362828 4.        ],exiting,[ 0.63925976  0.24903542 -0.34837281]
1068.1863713264465,1004,False,5,1,[5.95192499 2.20521738 4.        ],exiting,[-0.62185191  0.08809385  0.93462812]
1068.1863713264465,1005,False,2,4,[-4.78942999  6.80103651  4.00161123],cruising,[ 0.50568378 -0.03156594 -0.11489306]
1068.2905957698822,1000,False,4,6,[-0.51872716 -3.26425764  3.9994515 ],cruising,[-0.82138112 -0.19970136 -0.21083176]
1068.2905957698822,1001,False,3,2,[-2.44871355 -3.59124382  3.81402325],cruising,[-0.48080528  0.59740651 -0.20557775]
1068.2905957698822,1002,False,6,5,[ 8.44380226 -0.96912149  3.99552442],cruising,[ 0.5677905  -0.59831228 -0.99408226]
1068.2905957698822,1003,False,4,0,[2.23508095 8.53942641 4.        ],exiting,[ 0.63925976  0.24903542 -0.34837281]
1068.2905957698822,1004,False,5,1,[5.85218131 2.21237256 4.        ],exiting,[-0.62185191  0.08809385  0.93462812]
1068.2905957698822,1005,False,2,4,[-4.59529093  6.84909924  4.00136955],cruising,[ 0.50568378 -0.03156594 -0.11489306]
1068.3906462192535,1000,False,4,6,[-0.6977274  -3.35347039  3.99953378],cruising,[-0.82138112 -0.19970136 -0.21083176]
1068.3906462192535,1001,False,3,2,[-2.5033635  -3.39885519  3.84191977],cruising,[-0.48080528  0.59740651 -0.20557775]
1068.3906462192535,1002,False,6,5,[ 8.42559456 -1.16829097  3.99619576],cruising,[ 0.5677905  -0.59831228 -0.99408226]
1068.3906462192535,1003,False,4,0,[2.26376402 8.63522454 4.        ],landing,[ 0.63925976  0.24903542 -0.34837281]
1068.3906462192535,1004,False,5,1,[5.75243762 2.21952774 4.        ],exiting,[-0.62185191  0.08809385  0.93462812]
1068.3906462192535,1005,False,2,4,[-4.40170438  6.89934113  4.00116412],cruising,[ 0.50568378 -0.03156594 -0.11489306]
1068.4886951446533,1000,False,4,6,[-0.87569364 -3.44472837  3.99960371],cruising,[-0.82138112 -0.19970136 -0.21083176]
1068.4886951446533,1001,False,3,2,[-2.55313535 -3.20514726  3.8656318 ],cruising,[-0.48080528  0.59740651 -0.20557775]
1068.4886951446533,1002,False,6,5,[ 8.40546697 -1.36727559  3.99676639],cruising,[ 0.5677905  -0.59831228 -0.99408226]
1068.4886951446533,1003,False,4,0,[2.29150098 8.7167253  3.98604686],landing,[ 0.63925976  0.24903542 -0.34837281]
1068.4886951446533,1004,False,5,1,[5.65269393 2.22668292 4.        ],exiting,[-0.62185191  0.08809385  0.93462812]
1068.4886951446533,1005,False,2,4,[-4.20835237  6.9504782   4.0009895 ],cruising,[ 0.50568378 -0.03156594 -0.11489306]
1068.5880014896393,1000,False,4,6,[-1.05508663 -3.5331487   3.99966316],cruising,[-0.82138112 -0.19970136 -0.21083176]
1068.5880014896393,1001,False,3,2,[-2.59583678 -3.00975896  3.88578703],cruising,[-0.48080528  0.59740651 -0.20557775]
1068.5880014896393,1002,False,6,5,[ 8.38321674 -1.56603405  3.99725144],cruising,[ 0.5677905  -0.59831228 -0.99408226]
1068.5880014896393,1003,False,4,0,[2.3182068  8.78377591 3.95830496],landing,[ 0.63925976  0.24903542 -0.34837281]
1068.5880014896393,1004,False,5,1,[5.55295024 2.2338381  4.        ],landing,[-0.62185191  0.08809385  0.93462812]
1068.5880014896393,1005,False,2,4,[-4.01431614  6.99895439  4.00084107],cruising,[ 0.50568378 -0.03156594 -0.11489306]
1068.6854560375214,1000,False,4,6,[-1.23992526 -3.60953377  3.99971368],cruising,[-0.82138112 -0.19970136 -0.21083176]
1068.6854560375214,1001,False,3,2,[-2.63803382 -2.81426111  3.90291898],cruising,[-0.48080528  0.59740651 -0.20557775]
1068.6854560375214,1002,False,6,5,[ 8.35629684 -1.76421407  3.99766372],cruising,[ 0.5677905  -0.59831228 -0.99408226]
1068.6854560375214,1003,False,4,0,[2.34378078 8.83619777 3.91697194],landing,[ 0.63925976  0.24903542 -0.34837281]
1068.6854560375214,1004,False,5,1,[5.46708836 2.23686676 3.98620626],landing,[-0.62185191  0.08809385  0.93462812]
1068.6854560375214,1005,False,2,4,[-3.82012064  7.04678855  4.00071491],cruising,[ 0.50568378 -0.03156594 -0.11489306]
1068.7861895561218,1000,False,4,6,[-1.43116956 -3.6669724   3.99975845],cruising,[-0.82138112 -0.19970136 -0.21083176]
1068.7861895561218,1001,False,3,2,[-2.67770545 -2.61823519  3.91748113],cruising,[-0.48080528  0.59740651 -0.20557775]
1068.7861895561218,1002,False,6,5,[ 8.32717966 -1.96208319  3.99801416],cruising,[ 0.5677905  -0.59831228 -0.99408226]
1068.7861895561218,1003,False,4,0,[2.36808483 8.8737502  3.86232398],landing,[ 0.63925976  0.24903542 -0.34837281]
1068.7861895561218,1004,False,5,1,[5.39527898 2.23579439 3.95878502],landing,[-0.62185191  0.08809385  0.93462812]
1068.7861895561218,1005,False,2,4,[-3.62554696  7.09306038  4.00060768],cruising,[ 0.50568378 -0.03156594 -0.11489306]
1068.8793704509735,1000,False,4,6,[-1.62557224 -3.704662    3.99980016],cruising,[-0.82138112 -0.19970136 -0.21083176]
1068.8793704509735,1001,False,3,2,[-2.71894708 -2.42253356  3.92985896],cruising,[-0.48080528  0.59740651 -0.20557775]
1068.8793704509735,1002,False,6,5,[ 8.29560012 -2.15957429  3.99831204],cruising,[ 0.5677905  -0.59831228 -0.99408226]
1068.8793704509735,1003,False,4,0,[2.39099799 8.89622632 3.79460812],landing,[ 0.63925976  0.24903542 -0.34837281]
1068.8793704509735,1004,False,5,1,[5.33772117 2.23065186 3.9179352 ],landing,[-0.62185191  0.08809385  0.93462812]
1068.8793704509735,1005,False,2,4,[-3.42989796  7.13455096  4.00051652],cruising,[ 0.50568378 -0.03156594 -0.11489306]
1068.9917302131653,1000,False,4,6,[-1.81995268 -3.72235161  3.99983938],cruising,[-0.82138112 -0.19970136 -0.21083176]
1068.9917302131653,1001,False,3,2,[-2.76196882 -2.22721554  3.94038012],cruising,[-0.48080528  0.59740651 -0.20557775]
1068.9917302131653,1002,False,6,5,[ 8.25853834 -2.35611035  3.99856523],cruising,[ 0.5677905  -0.59831228 -0.99408226]
1068.9917302131653,1003,False,4,0,[2.41240951 8.90344008 3.7140546 ],landing,[ 0.63925976  0.24903542 -0.34837281]
1068.9917302131653,1004,False,5,1,[5.29468056 2.22148236 3.86393113],landing,[-0.62185191  0.08809385  0.93462812]
1068.9917302131653,1005,False,2,4,[-3.23369529  7.17333903  4.00043905],cruising,[ 0.50568378 -0.03156594 -0.11489306]
1069.0934126377106,1000,False,4,6,[-2.01130691 -3.72027149  3.99987626],cruising,[-0.82138112 -0.19970136 -0.21083176]
1069.0934126377106,1001,False,3,2,[-2.80624535 -2.03217813  3.9493231 ],cruising,[-0.48080528  0.59740651 -0.20557775]
1069.0934126377106,1002,False,6,5,[ 8.21878761 -2.55212025  3.99878045],cruising,[ 0.5677905  -0.59831228 -0.99408226]
1069.0934126377106,1003,False,4,0,[2.43220638 8.89520488 3.62090257],landing,[ 0.63925976  0.24903542 -0.34837281]
1069.0934126377106,1004,False,5,1,[5.26639763 2.20832712 3.79703038],landing,[-0.62185191  0.08809385  0.93462812]
1069.0934126377106,1005,False,2,4,[-3.03683433  7.20863439  4.00037319],cruising,[ 0.50568378 -0.03156594 -0.11489306]
1069.1871573925018,1000,False,4,6,[-2.19700112 -3.69900898  3.99991081],cruising,[-0.82138112 -0.19970136 -0.21083176]
1069.1871573925018,1001,False,3,2,[-2.85348377 -1.83783686  3.95692463],cruising,[-0.48080528  0.59740651 -0.20557775]
1069.1871573925018,1002,False,6,5,[ 8.17285505 -2.7467743   3.99896338],cruising,[ 0.5677905  -0.59831228 -0.99408226]
1069.1871573925018,1003,False,4,0,[2.45143357 8.88182206 3.52368521],landing,[ 0.63925976  0.24903542 -0.34837281]
1069.1871573925018,1004,False,5,1,[5.25308223 2.19122381 3.71746527],landing,[-0.62185191  0.08809385  0.93462812]
1069.1871573925018,1005,False,2,4,[-2.83883636  7.2368621   4.00031721],cruising,[ 0.50568378 -0.03156594 -0.11489306]
1069.2792568206787,1000,False,4,6,[-2.37463667 -3.65944187  3.99994298],cruising,[-0.82138112 -0.19970136 -0.21083176]
1069.2792568206787,1001,False,3,2,[-2.90393327 -1.64430431  3.96338594],cruising,[-0.48080528  0.59740651 -0.20557775]
1069.2792568206787,1002,False,6,5,[ 8.12376859 -2.94065705  3.99911887],cruising,[ 0.5677905  -0.59831228 -0.99408226]
1069.2792568206787,1003,False,4,0,[2.47066076 8.86843924 3.42646785],landing,[ 0.63925976  0.24903542 -0.34837281]
1069.2792568206787,1004,False,5,1,[5.25494538 2.17021202 3.62547697],landing,[-0.62185191  0.08809385  0.93462812]
1069.2792568206787,1005,False,2,4,[-2.64021774  7.26032792  4.00026963],cruising,[ 0.50568378 -0.03156594 -0.11489306]
1069.3810024261475,1000,False,4,6,[-2.54203062 -3.60269602  3.99997269],cruising,[-0.82138112 -0.19970136 -0.21083176]
1069.3810024261475,1001,False,3,2,[-2.95790962 -1.45172561  3.96887805],cruising,[-0.48080528  0.59740651 -0.20557775]
1069.3810024261475,1002,False,6,5,[ 8.06730047 -3.13251989  3.99925104],cruising,[ 0.5677905  -0.59831228 -0.99408226]
1069.3810024261475,1003,False,4,0,[2.48988796 8.85505642 3.32925049],landing,[ 0.63925976  0.24903542 -0.34837281]
1069.3810024261475,1004,False,5,1,[5.2632167  2.14759038 3.52842108],landing,[-0.62185191  0.08809385  0.93462812]
1069.3810024261475,1005,False,2,4,[-2.44072991  7.27463199  4.00022918],cruising,[ 0.50568378 -0.03156594 -0.11489306]
1069.4800181388855,1000,False,4,6,[-2.697339   -3.5300147   3.99999982],cruising,[-0.82138112 -0.19970136 -0.21083176]
1069.4800181388855,1001,False,3,2,[-3.0157738  -1.26027918  3.97354634],cruising,[-0.48080528  0.59740651 -0.20557775]
1069.4800181388855,1002,False,6,5,[ 8.00693326 -3.32319186  3.99936339],cruising,[ 0.5677905  -0.59831228 -0.99408226]
1069.4800181388855,1003,False,4,0,[2.50911515 8.8416736  3.23203313],landing,[ 0.63925976  0.24903542 -0.34837281]
1069.4800181388855,1004,False,5,1,[5.27148803 2.12496873 3.43136519],landing,[-0.62185191  0.08809385  0.93462812]
1069.4800181388855,1005,False,2,4,[-2.24076532  7.27839504  4.00019481],cruising,[ 0.50568378 -0.03156594 -0.11489306]
1069.5827250480652,1000,False,4,6,[-2.83894269 -3.44276694  4.00002424],cruising,[-0.82138112 -0.19970136 -0.21083176]
1069.5827250480652,1001,False,3,2,[-3.07705842 -1.0699001   3.97751439],cruising,[-0.48080528  0.59740651 -0.20557775]
1069.5827250480652,1002,False,6,5,[ 7.93728731 -3.51067371  3.99945888],cruising,[ 0.5677905  -0.59831228 -0.99408226]
1069.5827250480652,1003,False,4,0,[2.52834234 8.82829077 3.13481577],landing,[ 0.63925976  0.24903542 -0.34837281]
1069.5827250480652,1004,False,5,1,[5.27975935 2.10234708 3.33430929],landing,[-0.62185191  0.08809385  0.93462812]
1069.5827250480652,1005,False,2,4,[-2.04122812  7.26479707  4.00016559],cruising,[ 0.50568378 -0.03156594 -0.11489306]
1069.689787387848,1000,False,4,6,[-2.96538459 -3.34247616  4.0000458 ],cruising,[-0.82138112 -0.19970136 -0.21083176]
1069.689787387848,1001,False,3,2,[-3.14295005 -0.88106606  3.98088723],cruising,[-0.48080528  0.59740651 -0.20557775]
1069.689787387848,1002,False,6,5,[ 7.85729544 -3.69398028  3.99954005],cruising,[ 0.5677905  -0.59831228 -0.99408226]
1069.689787387848,1003,False,4,0,[2.54756954 8.81490795 3.03759841],landing,[ 0.63925976  0.24903542 -0.34837281]
1069.689787387848,1004,False,5,1,[5.28803067 2.07972543 3.2372534 ],landing,[-0.62185191  0.08809385  0.93462812]
1069.689787387848,1005,False,2,4,[-1.84387518  7.2323653   4.00014075],cruising,[ 0.50568378 -0.03156594 -0.11489306]
1069.7828817367554,1000,False,4,6,[-3.0754316  -3.23073079  4.00006434],cruising,[-0.82138112 -0.19970136 -0.21083176]
1069.7828817367554,1001,False,3,2,[-3.21388733 -0.694069    3.98375415],cruising,[-0.48080528  0.59740651 -0.20557775]
1069.7828817367554,1002,False,6,5,[ 7.76539552 -3.87161588  3.99960904],cruising,[ 0.5677905  -0.59831228 -0.99408226]
1069.7828817367554,1003,False,4,0,[2.56679673 8.80152513 2.94038104],landing,[ 0.63925976  0.24903542 -0.34837281]
1069.7828817367554,1004,False,5,1,[5.29630199 2.05710379 3.14019751],landing,[-0.62185191  0.08809385  0.93462812]
1069.7828817367554,1005,False,2,4,[-1.64870135  7.18869406  4.00011964],cruising,[ 0.50568378 -0.03156594 -0.11489306]
1069.8913383483887,1000,False,4,6,[-3.16799383 -3.10927551  4.00007967],cruising,[-0.82138112 -0.19970136 -0.21083176]
1069.8913383483887,1001,False,3,2,[-3.29028783 -0.50923674  3.98619102],cruising,[-0.48080528  0.59740651 -0.20557775]
1069.8913383483887,1002,False,6,5,[ 7.65946885 -4.04126121  3.99966768],cruising,[ 0.5677905  -0.59831228 -0.99408226]
1069.8913383483887,1003,False,4,0,[2.58602392 8.78814231 2.84316368],landing,[ 0.63925976  0.24903542 -0.34837281]
1069.8913383483887,1004,False,5,1,[5.30457331 2.03448214 3.04314162],landing,[-0.62185191  0.08809385  0.93462812]
1069.8913383483887,1005,False,2,4,[-1.45777842  7.12912532  4.00010169],cruising,[ 0.50568378 -0.03156594 -0.11489306]
1069.983421087265,1000,False,4,6,[-3.24253281 -2.9791506   4.00009167],cruising,[-0.82138112 -0.19970136 -0.21083176]
1069.983421087265,1001,False,3,2,[-3.3708033  -0.32615954  3.98826237],cruising,[-0.48080528  0.59740651 -0.20557775]
1069.983421087265,1002,False,6,5,[ 7.53713827 -4.19946487  3.99971768],cruising,[ 0.5677905  -0.59831228 -0.99408226]
1069.983421087265,1003,False,4,0,[2.60525111 8.77475949 2.74594632],landing,[ 0.63925976  0.24903542 -0.34837281]
1069.983421087265,1004,False,5,1,[5.31284463 2.01186049 2.94608572],landing,[-0.62185191  0.08809385  0.93462812]
1069.983421087265,1005,False,2,4,[-1.27141132  7.05654913  4.00008644],cruising,[ 0.50568378 -0.03156594 -0.11489306]
1070.0842115879059,1000,False,4,6,[-3.29878876 -2.84091823  4.0001002 ],cruising,[-0.82138112 -0.19970136 -0.21083176]
1070.0842115879059,1001,False,3,2,[-3.45772896 -0.14603756  3.99002302],cruising,[-0.48080528  0.59740651 -0.20557775]
1070.0842115879059,1002,False,6,5,[ 7.39982528 -4.34441987  3.99976192],cruising,[ 0.5677905  -0.59831228 -0.99408226]
1070.0842115879059,1003,False,4,0,[2.62447831 8.76137667 2.64872896],landing,[ 0.63925976  0.24903542 -0.34837281]
1070.0842115879059,1004,False,5,1,[5.32111595 1.98923884 2.84902983],landing,[-0.62185191  0.08809385  0.93462812]
1070.0842115879059,1005,False,2,4,[-1.08942084  6.9736066   4.00007347],cruising,[ 0.50568378 -0.03156594 -0.11489306]
1070.1878859996796,1000,False,4,6,[-3.33659817 -2.69495766  4.00010514],cruising,[-0.82138112 -0.19970136 -0.21083176]
1070.1878859996796,1001,False,3,2,[-3.55147629  0.03063003  3.99151956],exiting,[-0.48080528  0.59740651 -0.20557775]
1070.1878859996796,1002,False,6,5,[ 7.24996191 -4.47380284  3.99980313],cruising,[ 0.5677905  -0.59831228 -0.99408226]
1070.1878859996796,1003,False,4,0,[2.6437055  8.74799385 2.5515116 ],landing,[ 0.63925976  0.24903542 -0.34837281]
1070.1878859996796,1004,False,5,1,[5.32938728 1.9666172  2.75197394],landing,[-0.62185191  0.08809385  0.93462812]
1070.1878859996796,1005,False,2,4,[-0.91131885  6.88261385  4.00006245],cruising,[ 0.50568378 -0.03156594 -0.11489306]
1070.281037569046,1000,False,4,6,[-3.35584024 -2.5415638   4.00010645],cruising,[-0.82138112 -0.19970136 -0.21083176]
1070.281037569046,1001,False,3,2,[-3.64493624  0.18729968  3.99301558],exiting,[-0.48080528  0.59740651 -0.20557775]
1070.281037569046,1002,False,6,5,[ 7.08945169 -4.58625522  3.99984132],cruising,[ 0.5677905  -0.59831228 -0.99408226]
1070.281037569046,1003,False,4,0,[2.66293269 8.73461103 2.45429424],landing,[ 0.63925976  0.24903542 -0.34837281]
1070.281037569046,1004,False,5,1,[5.3376586  1.94399555 2.65491804],landing,[-0.62185191  0.08809385  0.93462812]
1070.281037569046,1005,False,2,4,[-0.73532407  6.78760943  4.00005308],cruising,[ 0.50568378 -0.03156594 -0.11489306]
1070.3887193202972,1000,False,4,6,[-3.35662227 -2.38047404  4.000104  ],cruising,[-0.82138112 -0.19970136 -0.21083176]
1070.3887193202972,1001,False,3,2,[-3.73795802  0.32397415  3.99449158],exiting,[-0.48080528  0.59740651 -0.20557775]
1070.3887193202972,1002,False,6,5,[ 6.92034788 -4.68064798  3.99987645],cruising,[ 0.5677905  -0.59831228 -0.99408226]
1070.3887193202972,1003,False,4,0,[2.68215988 8.72122821 2.35707688],landing,[ 0.63925976  0.24903542 -0.34837281]
1070.3887193202972,1004,False,5,1,[5.34592992 1.9213739  2.55786215],landing,[-0.62185191  0.08809385  0.93462812]
1070.3887193202972,1005,False,2,4,[-0.56233554  6.68723529  4.00004512],cruising,[ 0.50568378 -0.03156594 -0.11489306]
1070.4838073253632,1000,False,4,6,[-3.33934766 -2.21078441  4.00009771],cruising,[-0.82138112 -0.19970136 -0.21083176]
1070.4838073253632,1001,False,3,2,[-3.83037165  0.4406579   3.99592565],exiting,[-0.48080528  0.59740651 -0.20557775]
1070.4838073253632,1002,False,6,5,[ 6.74479755 -4.75610817  3.99990845],cruising,[ 0.5677905  -0.59831228 -0.99408226]
1070.4838073253632,1003,False,4,0,[2.70138708 8.70784539 2.25985952],landing,[ 0.63925976  0.24903542 -0.34837281]
1070.4838073253632,1004,False,5,1,[5.35420124 1.89875225 2.46080626],landing,[-0.62185191  0.08809385  0.93462812]
1070.4838073253632,1005,False,2,4,[-0.39153484  6.58318183  4.00003835],cruising,[ 0.50568378 -0.03156594 -0.11489306]
1070.5915114879608,1000,False,4,6,[-3.30529491 -2.03020928  4.00008749],cruising,[-0.82138112 -0.19970136 -0.21083176]
1070.5915114879608,1001,False,3,2,[-3.92198286  0.53735787  3.99729274],exiting,[-0.48080528  0.59740651 -0.20557775]
1070.5915114879608,1002,False,6,5,[ 6.56498876 -4.81202697  3.99993726],cruising,[ 0.5677905  -0.59831228 -0.99408226]
1070.5915114879608,1003,False,4,0,[2.72061427 8.69446256 2.16264216],landing,[ 0.63925976  0.24903542 -0.34837281]
1070.5915114879608,1004,False,5,1,[5.36247256 1.87613061 2.36375037],landing,[-0.62185191  0.08809385  0.93462812]
1070.5915114879608,1005,False,2,4,[-0.22163007  6.4776718   4.0000326 ],cruising,[ 0.50568378 -0.03156594 -0.11489306]
1070.6910874843597,1000,False,4,6,[-3.26506494 -1.83429718  4.00007436],cruising,[-0.82138112 -0.19970136 -0.21083176]
1070.6910874843597,1001,False,3,2,[-4.01256291  0.61408468  3.99856318],exiting,[-0.48080528  0.59740651 -0.20557775]
1070.6910874843597,1002,False,6,5,[ 6.38313289 -4.84805082  3.99996278],cruising,[ 0.5677905  -0.59831228 -0.99408226]
1070.6910874843597,1003,False,4,0,[2.73984146 8.68107974 2.0654248 ],landing,[ 0.63925976  0.24903542 -0.34837281]
1070.6910874843597,1004,False,5,1,[5.37074388 1.85350896 2.26669447],landing,[-0.62185191  0.08809385  0.93462812]
1070.6910874843597,1005,False,2,4,[-0.05277039  6.37049713  4.00002771],cruising,[ 0.50568378 -0.03156594 -0.11489306]
1070.7792341709137,1000,False,4,6,[-3.24136229 -1.63570669  4.00006321],cruising,[-0.82138112 -0.19970136 -0.21083176]
1070.7792341709137,1001,False,3,2,[-4.10182395  0.67085547  3.99969944],exiting,[-0.48080528  0.59740651 -0.20557775]
1070.7792341709137,1002,False,6,5,[ 6.20061465 -4.86408563  3.9999847 ],cruising,[ 0.5677905  -0.59831228 -0.99408226]
1070.7792341709137,1003,False,4,0,[2.75906866 8.66769692 1.96820744],landing,[ 0.63925976  0.24903542 -0.34837281]
1070.7792341709137,1004,False,5,1,[5.37901521 1.83088731 2.16963858],landing,[-0.62185191  0.08809385  0.93462812]
1070.7792341709137,1005,False,2,4,[0.11591393 6.26304669 4.00002355],cruising,[ 0.50568378 -0.03156594 -0.11489306]
1070.8873286247253,1000,False,4,6,[-3.23365891 -1.4358551   4.00005373],cruising,[-0.82138112 -0.19970136 -0.21083176]
1070.8873286247253,1001,False,3,2,[-4.18938797  0.70769924  4.00065245],exiting,[-0.48080528  0.59740651 -0.20557775]
1070.8873286247253,1002,False,6,5,[ 6.01889352 -4.86013634  4.00000295],cruising,[ 0.5677905  -0.59831228 -0.99408226]
1070.8873286247253,1003,False,4,0,[2.77829585 8.6543141  1.87099008],landing,[ 0.63925976  0.24903542 -0.34837281]
1070.8873286247253,1004,False,5,1,[5.38728653 1.80826567 2.07258269],landing,[-0.62185191  0.08809385  0.93462812]
1070.8873286247253,1005,False,2,4,[0.28468532 6.15573303 4.00002002],cruising,[ 0.50568378 -0.03156594 -0.11489306]
1070.987996339798,1000,False,4,6,[-3.24152697 -1.23600993  4.00004567],cruising,[-0.82138112 -0.19970136 -0.21083176]
1070.987996339798,1001,False,3,2,[-4.2750101   0.72463865  4.00139195],exiting,[-0.48080528  0.59740651 -0.20557775]
1070.987996339798,1002,False,6,5,[ 5.83916101 -4.83628616  4.00001741],cruising,[ 0.5677905  -0.59831228 -0.99408226]
1070.987996339798,1003,False,4,0,[2.79752304 8.64093128 1.77377272],landing,[ 0.63925976  0.24903542 -0.34837281]
1070.987996339798,1004,False,5,1,[5.39555785 1.78564402 1.9755268 ],landing,[-0.62185191  0.08809385  0.93462812]
1070.987996339798,1005,False,2,4,[0.45396143 6.04921732 4.00001702],cruising,[ 0.50568378 -0.03156594 -0.11489306]
1071.0941753387451,1000,False,4,6,[-3.26392397 -1.03726795  4.00003882],cruising,[-0.82138112 -0.19970136 -0.21083176]
1071.0941753387451,1001,False,3,2,[-4.35844071  0.72169996  4.00188973],exiting,[-0.48080528  0.59740651 -0.20557775]
1071.0941753387451,1002,False,6,5,[ 5.66195454 -4.79259614  4.00002778],cruising,[ 0.5677905  -0.59831228 -0.99408226]
1071.0941753387451,1003,False,4,0,[2.81675023 8.62754846 1.67655536],landing,[ 0.63925976  0.24903542 -0.34837281]
1071.0941753387451,1004,False,5,1,[5.40382917 1.76302237 1.8784709 ],landing,[-0.62185191  0.08809385  0.93462812]
1071.0941753387451,1005,False,2,4,[0.62400402 5.94392953 4.00001446],cruising,[ 0.50568378 -0.03156594 -0.11489306]
1071.1809766292572,1000,False,4,6,[-3.29967881 -0.84048992  4.000033  ],cruising,[-0.82138112 -0.19970136 -0.21083176]
1071.1809766292572,1001,False,3,2,[-4.43942555  0.69891316  4.00212197],exiting,[-0.48080528  0.59740651 -0.20557775]
1071.1809766292572,1002,False,6,5,[ 5.48800927 -4.7291738   4.00003392],cruising,[ 0.5677905  -0.59831228 -0.99408226]
1071.1809766292572,1003,False,4,0,[2.83597743 8.61416564 1.579338  ],landing,[ 0.63925976  0.24903542 -0.34837281]
1071.1809766292572,1004,False,5,1,[5.41210049 1.74040072 1.78141501],landing,[-0.62185191  0.08809385  0.93462812]
1071.1809766292572,1005,False,2,4,[0.79557745 5.84115523 4.00001229],cruising,[ 0.50568378 -0.03156594 -0.11489306]
1071.291662454605,1000,False,4,6,[-3.34618448 -0.64597199  4.00002805],cruising,[-0.82138112 -0.19970136 -0.21083176]
1071.291662454605,1001,False,3,2,[-4.5177058   0.65631204  4.00207429],exiting,[-0.48080528  0.59740651 -0.20557775]
1071.291662454605,1002,False,6,5,[ 5.31712625 -4.64598728  4.00003536],cruising,[ 0.5677905  -0.59831228 -0.99408226]
1071.291662454605,1003,False,4,0,[2.85520462 8.60078282 1.48212064],fake_landed,[ 0.63925976  0.24903542 -0.34837281]
1071.291662454605,1004,False,5,1,[5.42037181 1.71777908 1.68435912],landing,[-0.62185191  0.08809385  0.93462812]
1071.291662454605,1005,False,2,4,[0.96849464 5.74065824 4.00001045],cruising,[ 0.50568378 -0.03156594 -0.11489306]
1071.3864116668701,1000,False,4,6,[-3.40409017 -0.45453811  4.00002384],cruising,[-0.82138112 -0.19970136 -0.21083176]
1071.3864116668701,1001,False,3,2,[-4.59301815  0.59393419  4.0017581 ],exiting,[-0.48080528  0.59740651 -0.20557775]
1071.3864116668701,1002,False,6,5,[ 5.14877883 -4.54296215  4.00003166],cruising,[ 0.5677905  -0.59831228 -0.99408226]
1071.3864116668701,1003,False,4,0,[2.87058637 8.59007656 1.40434675],fake_landed,[ 0.63925976  0.24903542 -0.34837281]
1071.3864116668701,1004,False,5,1,[5.42864314 1.69515743 1.58730322],landing,[-0.62185191  0.08809385  0.93462812]
1071.3864116668701,1005,False,2,4,[1.14377236 5.64433731 4.00000888],cruising,[ 0.50568378 -0.03156594 -0.11489306]
1071.4861121177673,1000,False,4,6,[-3.47262557 -0.26664746  4.00002026],cruising,[-0.82138112 -0.19970136 -0.21083176]
1071.4861121177673,1001,False,3,2,[-4.6676439   0.52736848  4.0014413 ],exiting,[-0.48080528  0.59740651 -0.20557775]
1071.4861121177673,1002,False,6,5,[ 4.97685532 -4.44077454  4.00002691],cruising,[ 0.5677905  -0.59831228 -0.99408226]
1071.4861121177673,1003,False,4,0,[2.88212269 8.58204687 1.34601633],fake_landed,[ 0.63925976  0.24903542 -0.34837281]
1071.4861121177673,1004,False,5,1,[5.43691446 1.67253578 1.49024733],fake_landed,[-0.62185191  0.08809385  0.93462812]
1071.4861121177673,1005,False,2,4,[1.32084438 5.55135613 4.00000755],cruising,[ 0.50568378 -0.03156594 -0.11489306]
1071.5890295505524,1000,False,4,6,[-3.54912088 -0.08185442  4.00001722],cruising,[-0.82138112 -0.19970136 -0.21083176]
1071.5890295505524,1001,False,3,2,[-4.74226966  0.46080276  4.00118023],exiting,[-0.48080528  0.59740651 -0.20557775]
1071.5890295505524,1002,False,6,5,[ 4.80211277 -4.34348609  4.00002287],cruising,[ 0.5677905  -0.59831228 -0.99408226]
1071.5890295505524,1003,False,4,0,[2.88981357 8.57669374 1.30712939],fake_landed,[ 0.63925976  0.24903542 -0.34837281]
1071.5890295505524,1004,False,5,1,[5.44353151 1.65443846 1.41260262],fake_landed,[-0.62185191  0.08809385  0.93462812]
1071.5890295505524,1005,False,2,4,[1.49992634 5.46230754 4.00000642],cruising,[ 0.50568378 -0.03156594 -0.11489306]
1071.6810948848724,1000,False,4,6,[-3.63634648  0.09812251  4.00001464],cruising,[-0.82138112 -0.19970136 -0.21083176]
1071.6810948848724,1001,False,3,2,[-4.81689542  0.39423705  4.00096527],exiting,[-0.48080528  0.59740651 -0.20557775]
1071.6810948848724,1002,False,6,5,[ 4.62422932 -4.25206685  4.00001944],cruising,[ 0.5677905  -0.59831228 -0.99408226]
1071.6810948848724,1003,False,4,0,[2.89365901 8.57401718 1.28768592],fake_landed,[ 0.63925976  0.24903542 -0.34837281]
1071.6810948848724,1004,False,5,1,[5.44849431 1.64086547 1.35436908],fake_landed,[-0.62185191  0.08809385  0.93462812]
1071.6810948848724,1005,False,2,4,[1.68223472 5.3800661  4.00000546],cruising,[ 0.50568378 -0.03156594 -0.11489306]
1071.7809183597565,1000,False,4,6,[-3.73121603  0.27419002  4.00001244],cruising,[-0.82138112 -0.19970136 -0.21083176]
1071.7809183597565,1001,False,3,2,[-4.89152118  0.32767133  4.00078843],exiting,[-0.48080528  0.59740651 -0.20557775]
1071.7809183597565,1002,False,6,5,[ 4.44477792 -4.16376512  4.00001652],cruising,[ 0.5677905  -0.59831228 -0.99408226]
1071.7809183597565,1003,False,4,0,[2.89365901 8.57401718 1.28768592],fake_landed,[ 0.63925976  0.24903542 -0.34837281]
1071.7809183597565,1004,False,5,1,[5.45180284 1.63181681 1.31554673],fake_landed,[-0.62185191  0.08809385  0.93462812]
1071.7809183597565,1005,False,2,4,[1.86673675 5.30287154 4.00000464],cruising,[ 0.50568378 -0.03156594 -0.11489306]
1071.8933339118958,1000,False,4,6,[-3.83380419  0.44587482  4.00001058],cruising,[-0.82138112 -0.19970136 -0.21083176]
1071.8933339118958,1001,False,3,2,[-4.96614694  0.26110561  4.00064309],exiting,[-0.48080528  0.59740651 -0.20557775]
1071.8933339118958,1002,False,6,5,[ 4.26347648 -4.07932706  4.00001405],cruising,[ 0.5677905  -0.59831228 -0.99408226]
1071.8933339118958,1003,False,0,3,[2.89365901 8.57401718 1.28768592],waiting,[ 0.63925976  0.24903542 -0.34837281]
1071.8933339118958,1004,False,5,1,[5.4534571  1.62729249 1.29613555],fake_landed,[-0.62185191  0.08809385  0.93462812]
1071.8933339118958,1005,False,2,4,[2.05353999 5.23142539 4.00000394],cruising,[ 0.50568378 -0.03156594 -0.11489306]
1071.9794051647186,1000,False,4,6,[-3.9403752   0.61511613  4.00000899],cruising,[-0.82138112 -0.19970136 -0.21083176]
1071.9794051647186,1001,False,3,2,[-5.04077271  0.19453989  4.00052375],exiting,[-0.48080528  0.59740651 -0.20557775]
1071.9794051647186,1002,False,6,5,[ 4.0813159  -3.99675877  4.00001194],cruising,[ 0.5677905  -0.59831228 -0.99408226]
1071.9794051647186,1003,False,0,3,[2.89365901 8.57401718 1.28768592],waiting,[ 0.63925976  0.24903542 -0.34837281]
1071.9794051647186,1004,False,5,1,[5.4534571  1.62729249 1.29613555],fake_landed,[-0.62185191  0.08809385  0.93462812]
1071.9794051647186,1005,False,2,4,[2.2426848  5.16643123 4.00000335],cruising,[ 0.50568378 -0.03156594 -0.11489306]
1072.0877327919006,1000,False,4,6,[-4.05004342  0.78236708  4.00000764],cruising,[-0.82138112 -0.19970136 -0.21083176]
1072.0877327919006,1001,False,3,2,[-5.11539847  0.12797417  4.00042588],exiting,[-0.48080528  0.59740651 -0.20557775]
1072.0877327919006,1002,False,6,5,[ 3.89804507 -3.91668503  4.00001015],cruising,[ 0.5677905  -0.59831228 -0.99408226]
1072.0877327919006,1003,False,0,3,[2.89365901 8.57401718 1.28768592],waiting,[ 0.63925976  0.24903542 -0.34837281]
1072.0877327919006,1004,False,1,0,[5.4534571  1.62729249 1.29613555],waiting,[-0.62185191  0.08809385  0.93462812]
1072.0877327919006,1005,False,2,4,[2.4364257  5.11678786 4.00000285],cruising,[ 0.50568378 -0.03156594 -0.11489306]
1072.1914966106415,1000,False,4,6,[-4.16207396  0.94804495  4.0000065 ],cruising,[-0.82138112 -0.19970136 -0.21083176]
1072.1914966106415,1001,False,3,2,[-5.19002424  0.06140845  4.00034569],exiting,[-0.48080528  0.59740651 -0.20557775]
1072.1914966106415,1002,False,6,5,[ 3.71424716 -3.83782865  4.00000863],cruising,[ 0.5677905  -0.59831228 -0.99408226]
1072.1914966106415,1003,False,0,3,[2.89365901 8.57401718 1.28768592],waiting,[ 0.63925976  0.24903542 -0.34837281]
1072.1914966106415,1004,False,1,0,[5.4534571  1.62729249 1.29613555],waiting,[-0.62185191  0.08809385  0.93462812]
1072.1914966106415,1005,False,2,4,[2.63216144 5.07570843 4.00000242],cruising,[ 0.50568378 -0.03156594 -0.11489306]
1072.2804026603699,1000,False,4,6,[-4.27585439  1.112526    4.00000552],cruising,[-0.82138112 -0.19970136 -0.21083176]
1072.2804026603699,1001,False,3,2,[-5.26465000e+00 -5.15726626e-03  4.00028007e+00],exiting,[-0.48080528  0.59740651 -0.20557775]
1072.2804026603699,1002,False,6,5,[ 3.52973656 -3.76065457  4.00000733],cruising,[ 0.5677905  -0.59831228 -0.99408226]
1072.2804026603699,1003,False,0,3,[2.89365901 8.57401718 1.28768592],waiting,[ 0.63925976  0.24903542 -0.34837281]
1072.2804026603699,1004,False,1,0,[5.4534571  1.62729249 1.29613555],waiting,[-0.62185191  0.08809385  0.93462812]
1072.2804026603699,1005,False,2,4,[2.82927429 5.04184808 4.00000206],cruising,[ 0.50568378 -0.03156594 -0.11489306]
1072.3885276317596,1000,False,4,6,[-4.39086996  1.27614573  4.00000469],cruising,[-0.82138112 -0.19970136 -0.21083176]
1072.3885276317596,1001,False,3,2,[-5.33927577 -0.07172299  4.00022645],exiting,[-0.48080528  0.59740651 -0.20557775]
1072.3885276317596,1002,False,6,5,[ 3.34479722 -3.68451366  4.00000623],cruising,[ 0.5677905  -0.59831228 -0.99408226]
1072.3885276317596,1003,False,0,3,[2.89365901 8.57401718 1.28768592],waiting,[ 0.63925976  0.24903542 -0.34837281]
1072.3885276317596,1004,False,1,0,[5.4534571  1.62729249 1.29613555],waiting,[-0.62185191  0.08809385  0.93462812]
1072.3885276317596,1005,False,2,4,[3.02731891 5.01394954 4.00000175],cruising,[ 0.50568378 -0.03156594 -0.11489306]
1072.4860951900482,1000,False,4,6,[-4.50668268  1.43920221  4.00000399],cruising,[-0.82138112 -0.19970136 -0.21083176]
1072.4860951900482,1001,False,3,2,[-5.41390153 -0.13828871  4.00018269],exiting,[-0.48080528  0.59740651 -0.20557775]
1072.4860951900482,1002,False,6,5,[ 3.15935418 -3.60960784  4.0000053 ],cruising,[ 0.5677905  -0.59831228 -0.99408226]
1072.4860951900482,1003,False,0,3,[2.89365901 8.57401718 1.28768592],queued,[ 0.63925976  0.24903542 -0.34837281]
1072.4860951900482,1004,False,1,0,[5.4534571  1.62729249 1.29613555],waiting,[-0.62185191  0.08809385  0.93462812]
1072.4860951900482,1005,False,2,4,[3.22598235 4.99086628 4.00000149],cruising,[ 0.50568378 -0.03156594 -0.11489306]
1072.581727027893,1000,False,4,6,[-4.62281251  1.60203299  4.00000339],cruising,[-0.82138112 -0.19970136 -0.21083176]
1072.581727027893,1001,False,3,2,[-5.4885273  -0.20485443  4.00014702],exiting,[-0.48080528  0.59740651 -0.20557775]
1072.581727027893,1002,False,6,5,[ 2.97341001 -3.53595485  4.0000045 ],cruising,[ 0.5677905  -0.59831228 -0.99408226]
1072.581727027893,1003,False,0,3,[2.89365901 8.57401718 1.30768592],queued,[ 0.63925976  0.24903542 -0.34837281]
1072.581727027893,1004,False,1,0,[5.4534571  1.62729249 1.29613555],waiting,[-0.62185191  0.08809385  0.93462812]
1072.581727027893,1005,False,2,4,[3.42504906 4.97156741 4.00000126],cruising,[ 0.50568378 -0.03156594 -0.11489306]
1072.6829154491425,1000,False,4,6,[-4.7391885   1.76468793  4.00000288],cruising,[-0.82138112 -0.19970136 -0.21083176]
1072.6829154491425,1001,False,3,2,[-5.56315306 -0.27142015  4.00011801],exiting,[-0.48080528  0.59740651 -0.20557775]
1072.6829154491425,1002,False,6,5,[ 2.78687454 -3.46381248  4.00000383],cruising,[ 0.5677905  -0.59831228 -0.99408226]
1072.6829154491425,1003,False,0,3,[2.89365901 8.57401718 1.34768592],queued,[ 0.63925976  0.24903542 -0.34837281]
1072.6829154491425,1004,False,1,0,[5.4534571  1.62729249 1.29613555],waiting,[-0.62185191  0.08809385  0.93462812]
1072.6829154491425,1005,False,2,4,[3.62437257 4.95513161 4.00000107],cruising,[ 0.50568378 -0.03156594 -0.11489306]
1072.7863323688507,1000,False,4,6,[-4.85546269  1.92741565  4.00000245],cruising,[-0.82138112 -0.19970136 -0.21083176]
1072.7863323688507,1001,False,3,2,[-5.63777883 -0.33798587  4.00009444],exiting,[-0.48080528  0.59740651 -0.20557775]
1072.7863323688507,1002,False,6,5,[ 2.59986143 -3.39291753  4.00000325],cruising,[ 0.5677905  -0.59831228 -0.99408226]
1072.7863323688507,1003,False,0,3,[2.89365901 8.57401718 1.40768592],queued,[ 0.63925976  0.24903542 -0.34837281]
1072.7863323688507,1004,False,1,0,[5.4534571  1.62729249 1.29613555],waiting,[-0.62185191  0.08809385  0.93462812]
1072.7863323688507,1005,False,2,4,[3.82385375 4.94073502 4.00000091],cruising,[ 0.50568378 -0.03156594 -0.11489306]
1072.8850448131561,1000,False,4,6,[-4.97131871  2.09044136  4.00000208],cruising,[-0.82138112 -0.19970136 -0.21083176]
1072.8850448131561,1001,False,3,2,[-5.71240459 -0.40455159  4.00007534],exiting,[-0.48080528  0.59740651 -0.20557775]
1072.8850448131561,1002,False,6,5,[ 2.4120614  -3.32413418  4.00000277],cruising,[ 0.5677905  -0.59831228 -0.99408226]
1072.8850448131561,1003,False,0,3,[2.89365901 8.57401718 1.48268592],queued,[ 0.63925976  0.24903542 -0.34837281]
1072.8850448131561,1004,False,1,0,[5.4534571  1.62729249 1.29613555],waiting,[-0.62185191  0.08809385  0.93462812]
1072.8850448131561,1005,False,2,4,[4.02342435 4.92763631 4.00000078],cruising,[ 0.50568378 -0.03156594 -0.11489306]
1072.9868931770325,1000,False,4,6,[-5.08645854  2.25397368  4.00000177],cruising,[-0.82138112 -0.19970136 -0.21083176]
1072.9868931770325,1001,False,3,2,[-5.78703036 -0.47111731  4.00005988],exiting,[-0.48080528  0.59740651 -0.20557775]
1072.9868931770325,1002,False,6,5,[ 2.22332778 -3.25795549  4.00000235],cruising,[ 0.5677905  -0.59831228 -0.99408226]
1072.9868931770325,1003,False,0,3,[2.89365901 8.57401718 1.55768592],queued,[ 0.63925976  0.24903542 -0.34837281]
1072.9868931770325,1004,False,1,0,[5.4534571  1.62729249 1.29613555],waiting,[-0.62185191  0.08809385  0.93462812]
1072.9868931770325,1005,False,2,4,[4.22300979 4.91476572 4.00000066],cruising,[ 0.50568378 -0.03156594 -0.11489306]
1073.0803008079529,1000,False,4,6,[-5.20113132  2.41783385  4.0000015 ],cruising,[-0.82138112 -0.19970136 -0.21083176]
1073.0803008079529,1001,False,3,2,[-5.86165612 -0.53768303  4.0000474 ],exiting,[-0.48080528  0.59740651 -0.20557775]
1073.0803008079529,1002,False,6,5,[ 2.03399678 -3.1935057   4.000002  ],cruising,[ 0.5677905  -0.59831228 -0.99408226]
1073.0803008079529,1003,False,0,3,[2.89365901 8.57401718 1.63268592],queued,[ 0.63925976  0.24903542 -0.34837281]
1073.0803008079529,1004,False,1,0,[5.4534571  1.62729249 1.29613555],waiting,[-0.62185191  0.08809385  0.93462812]
1073.0803008079529,1005,False,2,4,[4.42262104 4.90230185 4.00000056],cruising,[ 0.50568378 -0.03156594 -0.11489306]
1073.181590795517,1000,False,4,6,[-5.31452626  2.58258089  4.00000128],cruising,[-0.82138112 -0.19970136 -0.21083176]
1073.181590795517,1001,False,3,2,[-5.93628189 -0.60424875  4.00003735],exiting,[-0.48080528  0.59740651 -0.20557775]
1073.181590795517,1002,False,6,5,[ 1.8433929  -3.13292384  4.0000017 ],cruising,[ 0.5677905  -0.59831228 -0.99408226]
1073.181590795517,1003,False,0,3,[2.89365901 8.57401718 1.70768592],queued,[ 0.63925976  0.24903542 -0.34837281]
1073.181590795517,1004,False,1,0,[5.4534571  1.62729249 1.29613555],waiting,[-0.62185191  0.08809385  0.93462812]
1073.181590795517,1005,False,2,4,[4.62221403 4.88954898 4.00000048],cruising,[ 0.50568378 -0.03156594 -0.11489306]
1073.2910125255585,1000,False,4,6,[-5.42632977  2.74841205  4.00000109],cruising,[-0.82138112 -0.19970136 -0.21083176]
1073.2910125255585,1001,False,3,2,[-6.01090765 -0.67081447  4.00002927],exiting,[-0.48080528  0.59740651 -0.20557775]
1073.2910125255585,1002,False,6,5,[ 1.65133063 -3.07713778  4.00000144],cruising,[ 0.5677905  -0.59831228 -0.99408226]
1073.2910125255585,1003,False,0,3,[2.89365901 8.57401718 1.78268592],queued,[ 0.63925976  0.24903542 -0.34837281]
1073.2910125255585,1004,False,1,0,[5.4534571  1.62729249 1.29613555],queued,[-0.62185191  0.08809385  0.93462812]
1073.2910125255585,1005,False,2,4,[4.82174485 4.87585764 4.00000041],cruising,[ 0.50568378 -0.03156594 -0.11489306]
1073.3895635604858,1000,False,4,6,[-5.53620255  2.9155287   4.00000092],cruising,[-0.82138112 -0.19970136 -0.21083176]
1073.3895635604858,1001,False,3,2,[-6.08553342 -0.73738019  4.00002281],exiting,[-0.48080528  0.59740651 -0.20557775]
1073.3895635604858,1002,False,6,5,[ 1.45761677 -3.02738903  4.00000123],cruising,[ 0.5677905  -0.59831228 -0.99408226]
1073.3895635604858,1003,False,0,3,[2.89365901 8.57401718 1.85768592],queued,[ 0.63925976  0.24903542 -0.34837281]
1073.3895635604858,1004,False,1,0,[5.4534571  1.62729249 1.31613555],queued,[-0.62185191  0.08809385  0.93462812]
1073.3895635604858,1005,False,2,4,[5.02116231 4.86060389 4.00000034],cruising,[ 0.50568378 -0.03156594 -0.11489306]
1073.4876637458801,1000,False,4,6,[-5.64376471  3.08414181  4.00000079],cruising,[-0.82138112 -0.19970136 -0.21083176]
1073.4876637458801,1001,False,3,2,[-6.16015918 -0.80394591  4.00001765],exiting,[-0.48080528  0.59740651 -0.20557775]
1073.4876637458801,1002,False,6,5,[ 1.26207869 -2.98537878  4.00000104],cruising,[ 0.5677905  -0.59831228 -0.99408226]
1073.4876637458801,1003,False,0,3,[2.89365901 8.57401718 1.93268592],queued,[ 0.63925976  0.24903542 -0.34837281]
1073.4876637458801,1004,False,1,0,[5.4534571  1.62729249 1.35613555],queued,[-0.62185191  0.08809385  0.93462812]
1073.4876637458801,1005,False,2,4,[5.22049131 4.84423466 4.00000029],cruising,[ 0.50568378 -0.03156594 -0.11489306]
1073.5809164047241,1000,False,4,6,[-5.74857807  3.25447724  4.00000067],cruising,[-0.82138112 -0.19970136 -0.21083176]
1073.5809164047241,1001,False,3,2,[-6.23478495 -0.87051163  4.00001355],exiting,[-0.48080528  0.59740651 -0.20557775]
1073.5809164047241,1002,False,6,5,[ 1.06463769 -2.95348754  4.00000089],cruising,[ 0.5677905  -0.59831228 -0.99408226]
1073.5809164047241,1003,False,0,3,[2.89365901 8.57401718 2.00768592],queued,[ 0.63925976  0.24903542 -0.34837281]
1073.5809164047241,1004,False,1,0,[5.4534571  1.62729249 1.41613555],queued,[-0.62185191  0.08809385  0.93462812]
1073.5809164047241,1005,False,2,4,[5.41957861 4.82514946 4.00000025],cruising,[ 0.50568378 -0.03156594 -0.11489306]
1073.6891040802002,1000,False,4,6,[-5.85012431  3.42678035  4.00000057],cruising,[-0.82138112 -0.19970136 -0.21083176]
1073.6891040802002,1001,False,3,2,[-6.30941071 -0.93707735  4.0000103 ],exiting,[-0.48080528  0.59740651 -0.20557775]
1073.6891040802002,1002,False,6,5,[ 0.86504137 -2.94147983  4.00000075],cruising,[ 0.5677905  -0.59831228 -0.99408226]
1073.6891040802002,1003,False,0,3,[2.89365901 8.57401718 2.08268592],queued,[ 0.63925976  0.24903542 -0.34837281]
1073.6891040802002,1004,False,1,0,[5.4534571  1.62729249 1.49113555],queued,[-0.62185191  0.08809385  0.93462812]
1073.6891040802002,1005,False,2,4,[5.61831207 4.80267701 4.00000021],cruising,[ 0.50568378 -0.03156594 -0.11489306]
1073.789717912674,1000,False,4,6,[-5.94777699  3.60131961  4.00000048],cruising,[-0.82138112 -0.19970136 -0.21083176]
1073.789717912674,1001,False,3,2,[-6.38403648 -1.00364307  4.00000773],exiting,[-0.48080528  0.59740651 -0.20557775]
1073.789717912674,1002,False,6,5,[ 0.66508905 -2.94584675  4.00000064],cruising,[ 0.5677905  -0.59831228 -0.99408226]
1073.789717912674,1003,False,0,3,[2.89365901 8.57401718 2.15768592],queued,[ 0.63925976  0.24903542 -0.34837281]
1073.789717912674,1004,False,1,0,[5.4534571  1.62729249 1.56613555],queued,[-0.62185191  0.08809385  0.93462812]
1073.789717912674,1005,False,2,4,[5.81653938 4.77610759 4.00000018],cruising,[ 0.50568378 -0.03156594 -0.11489306]
1073.8940589427948,1000,False,4,6,[-6.04076497  3.77838806  4.00000041],cruising,[-0.82138112 -0.19970136 -0.21083176]
1073.8940589427948,1001,False,3,2,[-6.45866224 -1.07020879  4.00000573],exiting,[-0.48080528  0.59740651 -0.20557775]
1073.8940589427948,1002,False,6,5,[ 0.46558742 -2.95995704  4.00000054],cruising,[ 0.5677905  -0.59831228 -0.99408226]
1073.8940589427948,1003,False,0,3,[2.89365901 8.57401718 2.23268592],queued,[ 0.63925976  0.24903542 -0.34837281]
1073.8940589427948,1004,False,1,0,[5.4534571  1.62729249 1.64113555],queued,[-0.62185191  0.08809385  0.93462812]
1073.8940589427948,1005,False,2,4,[6.01405369 4.74467353 4.00000015],cruising,[ 0.50568378 -0.03156594 -0.11489306]
1073.9933261871338,1000,False,4,6,[-6.12812371  3.9583004   4.00000035],cruising,[-0.82138112 -0.19970136 -0.21083176]
1073.9933261871338,1001,False,3,2,[-6.53328801 -1.13677451  4.00000416],exiting,[-0.48080528  0.59740651 -0.20557775]
1073.9933261871338,1002,False,6,5,[ 0.26773981 -2.98922002  4.00000046],cruising,[ 0.5677905  -0.59831228 -0.99408226]
1073.9933261871338,1003,False,0,3,[2.89365901 8.57401718 2.30768592],queued,[ 0.63925976  0.24903542 -0.34837281]
1073.9933261871338,1004,False,1,0,[5.4534571  1.62729249 1.71613555],queued,[-0.62185191  0.08809385  0.93462812]
1073.9933261871338,1005,False,2,4,[6.21057438 4.70753033 4.00000013],cruising,[ 0.50568378 -0.03156594 -0.11489306]
1074.080873966217,1000,False,4,6,[-6.20863025  4.14138153  4.0000003 ],cruising,[-0.82138112 -0.19970136 -0.21083176]
1074.080873966217,1001,False,3,2,[-6.60791377 -1.20334024  4.00000295],exiting,[-0.48080528  0.59740651 -0.20557775]
1074.080873966217,1002,False,6,5,[ 0.07351515 -3.03693568  4.00000039],cruising,[ 0.5677905  -0.59831228 -0.99408226]
1074.080873966217,1003,False,0,3,[2.89365901 8.57401718 2.38268592],entering,[ 0.63925976  0.24903542 -0.34837281]
1074.080873966217,1004,False,1,0,[5.4534571  1.62729249 1.79113555],queued,[-0.62185191  0.08809385  0.93462812]
1074.080873966217,1005,False,2,4,[6.40572133 4.66373915 4.00000011],cruising,[ 0.50568378 -0.03156594 -0.11489306]
1074.1890680789948,1000,False,4,6,[-6.28071651  4.32793868  4.00000025],cruising,[-0.82138112 -0.19970136 -0.21083176]
1074.1890680789948,1001,False,3,2,[-6.68253954 -1.26990596  4.00000203],exiting,[-0.48080528  0.59740651 -0.20557775]
1074.1890680789948,1002,False,6,5,[-0.11745799 -3.09634324  4.00000033],cruising,[ 0.5677905  -0.59831228 -0.99408226]
1074.1890680789948,1003,False,0,3,[2.89006067 8.55434354 2.45768592],entering,[ 0.63925976  0.24903542 -0.34837281]
1074.1890680789948,1004,False,1,0,[5.4534571  1.62729249 1.86613555],queued,[-0.62185191  0.08809385  0.93462812]
1074.1890680789948,1005,False,2,4,[6.59898061 4.61225275 4.00000009],cruising,[ 0.50568378 -0.03156594 -0.11489306]
1074.2842581272125,1000,False,4,6,[-6.33677811  4.5199207   4.00000021],cruising,[-0.82138112 -0.19970136 -0.21083176]
1074.2842581272125,1001,False,3,2,[-6.7571653  -1.33647168  4.00000133],exiting,[-0.48080528  0.59740651 -0.20557775]
1074.2842581272125,1002,False,6,5,[-0.30488946 -3.16612465  4.00000028],cruising,[ 0.5677905  -0.59831228 -0.99408226]
1074.2842581272125,1003,False,0,3,[2.88308506 8.51495711 2.53268592],entering,[ 0.63925976  0.24903542 -0.34837281]
1074.2842581272125,1004,False,1,0,[5.4534571  1.62729249 1.94113555],queued,[-0.62185191  0.08809385  0.93462812]
1074.2842581272125,1005,False,2,4,[6.78965987 4.55190858 4.00000008],cruising,[ 0.50568378 -0.03156594 -0.11489306]
1074.3884449005127,1000,False,4,6,[-6.37942758  4.71532035  4.00000018],cruising,[-0.82138112 -0.19970136 -0.21083176]
1074.3884449005127,1001,False,3,2,[-6.83179107 -1.4030374   4.00000081],exiting,[-0.48080528  0.59740651 -0.20557775]
1074.3884449005127,1002,False,6,5,[-0.48771834 -3.24720238  4.00000024],cruising,[ 0.5677905  -0.59831228 -0.99408226]
1074.3884449005127,1003,False,0,3,[2.87283237 8.455841   2.60768592],entering,[ 0.63925976  0.24903542 -0.34837281]
1074.3884449005127,1004,False,1,0,[5.4534571  1.62729249 2.01613555],queued,[-0.62185191  0.08809385  0.93462812]
1074.3884449005127,1005,False,2,4,[6.97683235 4.48143543 4.00000007],cruising,[ 0.50568378 -0.03156594 -0.11489306]
1074.486926317215,1000,False,4,6,[-6.40229507  4.913665    4.00000015],cruising,[-0.82138112 -0.19970136 -0.21083176]
1074.486926317215,1001,False,3,2,[-6.90641683 -1.46960312  4.00000043],exiting,[-0.48080528  0.59740651 -0.20557775]
1074.486926317215,1002,False,6,5,[-0.66713383 -3.33557705  4.00000021],cruising,[ 0.5677905  -0.59831228 -0.99408226]
1074.486926317215,1003,False,0,3,[2.85942428 8.37697536 2.68268592],entering,[ 0.63925976  0.24903542 -0.34837281]
1074.486926317215,1004,False,1,0,[5.4534571  1.62729249 2.09113555],queued,[-0.62185191  0.08809385  0.93462812]
1074.486926317215,1005,False,2,4,[7.15927108 4.39948355 4.00000006],cruising,[ 0.50568378 -0.03156594 -0.11489306]
1074.5896542072296,1000,False,4,6,[-6.40516519  5.11233395  4.00000013],cruising,[-0.82138112 -0.19970136 -0.21083176]
1074.5896542072296,1001,False,3,2,[-6.9810426  -1.53616884  4.00000016],landing,[-0.48080528  0.59740651 -0.20557775]
1074.5896542072296,1002,False,6,5,[-0.84497698 -3.42707467  4.00000017],cruising,[ 0.5677905  -0.59831228 -0.99408226]
1074.5896542072296,1003,False,0,3,[2.84337475 8.27828492 2.75768592],entering,[ 0.63925976  0.24903542 -0.34837281]
1074.5896542072296,1004,False,1,0,[5.4534571  1.62729249 2.16613555],queued,[-0.62185191  0.08809385  0.93462812]
1074.5896542072296,1005,False,2,4,[7.3353803  4.30469144 4.00000005],cruising,[ 0.50568378 -0.03156594 -0.11489306]
1074.6907315254211,1000,False,4,6,[-6.38817696  5.30862681  4.0000001 ],cruising,[-0.82138112 -0.19970136 -0.21083176]
1074.6907315254211,1001,False,3,2,[-7.04727732 -1.5909932   3.98615321],landing,[-0.48080528  0.59740651 -0.20557775]
1074.6907315254211,1002,False,6,5,[-1.02410139 -3.51603785  4.00000015],cruising,[ 0.5677905  -0.59831228 -0.99408226]
1074.6907315254211,1003,False,0,3,[2.82523989 8.1597035  2.83268592],entering,[ 0.63925976  0.24903542 -0.34837281]
1074.6907315254211,1004,False,1,0,[5.4534571  1.62729249 2.24113555],queued,[-0.62185191  0.08809385  0.93462812]
1074.6907315254211,1005,False,2,4,[7.50314091 4.19580445 4.00000004],cruising,[ 0.50568378 -0.03156594 -0.11489306]
1074.7834401130676,1000,False,4,6,[-6.35179009  5.50005211  4.00000008],cruising,[-0.82138112 -0.19970136 -0.21083176]
1074.7834401130676,1001,False,3,2,[-7.10496942 -1.63399187  3.95862499],landing,[-0.48080528  0.59740651 -0.20557775]
1074.7834401130676,1002,False,6,5,[-1.20736509 -3.59612788  4.00000013],cruising,[ 0.5677905  -0.59831228 -0.99408226]
1074.7834401130676,1003,False,0,3,[2.80620149 8.02114249 2.90768592],entering,[ 0.63925976  0.24903542 -0.34837281]
1074.7834401130676,1004,False,1,0,[5.4534571  1.62729249 2.31613555],queued,[-0.62185191  0.08809385  0.93462812]
1074.7834401130676,1005,False,2,4,[7.65887542 4.07093706 4.00000004],cruising,[ 0.50568378 -0.03156594 -0.11489306]
1074.8841857910156,1000,False,4,6,[-6.29674732  5.68426927  4.00000006],cruising,[-0.82138112 -0.19970136 -0.21083176]
1074.8841857910156,1001,False,3,2,[-7.15394117 -1.66506725  3.91761381],landing,[-0.48080528  0.59740651 -0.20557775]
1074.8841857910156,1002,False,6,5,[-1.3975404  -3.65745013  4.00000011],cruising,[ 0.5677905  -0.59831228 -0.99408226]
1074.8841857910156,1003,False,0,3,[2.78804645 7.86260101 2.98268592],entering,[ 0.63925976  0.24903542 -0.34837281]
1074.8841857910156,1004,False,1,0,[5.4534571  1.62729249 2.39113555],queued,[-0.62185191  0.08809385  0.93462812]
1074.8841857910156,1005,False,2,4,[7.80119341 3.93123739 4.00000003],cruising,[ 0.50568378 -0.03156594 -0.11489306]
1074.9857769012451,1000,False,4,6,[-6.22395864  5.85926241  4.00000004],cruising,[-0.82138112 -0.19970136 -0.21083176]
1074.9857769012451,1001,False,3,2,[-7.19395298 -1.68409011  3.86339444],landing,[-0.48080528  0.59740651 -0.20557775]
1074.9857769012451,1002,False,6,5,[-1.59147543 -3.69912894  4.00000009],cruising,[ 0.5677905  -0.59831228 -0.99408226]
1074.9857769012451,1003,False,0,3,[2.77371168 7.68442777 3.05768592],entering,[ 0.63925976  0.24903542 -0.34837281]
1074.9857769012451,1004,False,1,0,[5.4534571  1.62729249 2.46613555],queued,[-0.62185191  0.08809385  0.93462812]
1074.9857769012451,1005,False,2,4,[7.92863245 3.77817294 4.00000002],cruising,[ 0.50568378 -0.03156594 -0.11489306]
1075.0821270942688,1000,False,4,6,[-6.1346421   6.02299367  4.00000003],cruising,[-0.82138112 -0.19970136 -0.21083176]
1075.0821270942688,1001,False,3,2,[-7.22479043 -1.69094712  3.79622041],landing,[-0.48080528  0.59740651 -0.20557775]
1075.0821270942688,1002,False,6,5,[-1.78605576 -3.72081816  4.00000007],cruising,[ 0.5677905  -0.59831228 -0.99408226]
1075.0821270942688,1003,False,0,3,[2.76861404 7.48851544 3.13268592],entering,[ 0.63925976  0.24903542 -0.34837281]
1075.0821270942688,1004,False,1,0,[5.4534571  1.62729249 2.54113555],queued,[-0.62185191  0.08809385  0.93462812]
1075.0821270942688,1005,False,2,4,[8.03984309 3.61341923 4.00000002],cruising,[ 0.50568378 -0.03156594 -0.11489306]
1075.1828217506409,1000,False,4,6,[-6.0298066   6.174109    4.00000001],cruising,[-0.82138112 -0.19970136 -0.21083176]
1075.1828217506409,1001,False,3,2,[-7.24626309 -1.68553956  3.71632312],landing,[-0.48080528  0.59740651 -0.20557775]
1075.1828217506409,1002,False,6,5,[-1.97828035 -3.72264661  4.00000006],cruising,[ 0.5677905  -0.59831228 -0.99408226]
1075.1828217506409,1003,False,0,3,[2.77385912 7.28858423 3.20768592],entering,[ 0.63925976  0.24903542 -0.34837281]
1075.1828217506409,1004,False,1,0,[5.4534571  1.62729249 2.61613555],entering,[-0.62185191  0.08809385  0.93462812]
1075.1828217506409,1005,False,2,4,[8.13346755 3.4391405  4.00000002],cruising,[ 0.50568378 -0.03156594 -0.11489306]
1075.2810547351837,1000,False,4,6,[-5.91036825  6.31155842  4.        ],cruising,[-0.82138112 -0.19970136 -0.21083176]
1075.2810547351837,1001,False,3,2,[-7.25817842 -1.66776952  3.62394279],landing,[-0.48080528  0.59740651 -0.20557775]
1075.2810547351837,1002,False,6,5,[-2.16525012 -3.70517773  4.00000004],cruising,[ 0.5677905  -0.59831228 -0.99408226]
1075.2810547351837,1003,False,0,3,[2.79273832 7.08947729 3.28268592],entering,[ 0.63925976  0.24903542 -0.34837281]
1075.2810547351837,1004,False,1,0,[5.47315055 1.62380424 2.69113555],entering,[-0.62185191  0.08809385  0.93462812]
1075.2810547351837,1005,False,2,4,[8.2090819  3.25616486 4.00000001],cruising,[ 0.50568378 -0.03156594 -0.11489306]
1075.3912394046783,1000,False,4,6,[-5.77721297  6.43445293  3.99999999],cruising,[-0.82138112 -0.19970136 -0.21083176]
1075.3912394046783,1001,False,3,2,[-7.26634698 -1.64521275  3.5268631 ],landing,[-0.48080528  0.59740651 -0.20557775]
1075.3912394046783,1002,False,6,5,[-2.34463764 -3.66920183  4.00000003],cruising,[ 0.5677905  -0.59831228 -0.99408226]
1075.3912394046783,1003,False,0,3,[2.82853648 6.89270714 3.35768592],entering,[ 0.63925976  0.24903542 -0.34837281]
1075.3912394046783,1004,False,1,0,[5.51253181 1.61679596 2.76613555],entering,[-0.62185191  0.08809385  0.93462812]
1075.3912394046783,1005,False,2,4,[8.26604334 3.06597335 4.00000001],cruising,[ 0.50568378 -0.03156594 -0.11489306]
1075.4805314540863,1000,False,4,6,[-5.63116348  6.5420589   3.99999999],cruising,[-0.82138112 -0.19970136 -0.21083176]
1075.4805314540863,1001,False,3,2,[-7.27451554 -1.62265599  3.4297834 ],landing,[-0.48080528  0.59740651 -0.20557775]
1075.4805314540863,1002,False,6,5,[-2.51425432 -3.61577514  4.00000001],cruising,[ 0.5677905  -0.59831228 -0.99408226]
1075.4805314540863,1003,False,0,3,[2.8803746  6.6995419  3.43268592],entering,[ 0.63925976  0.24903542 -0.34837281]
1075.4805314540863,1004,False,1,0,[5.57158812 1.60619716 2.84113555],entering,[-0.62185191  0.08809385  0.93462812]
1075.4805314540863,1005,False,2,4,[8.3038756  2.8699445  4.00000001],cruising,[ 0.50568378 -0.03156594 -0.11489306]
1075.5868241786957,1000,False,4,6,[-5.4729456   6.63379254  3.99999998],cruising,[-0.82138112 -0.19970136 -0.21083176]
1075.5868241786957,1001,False,3,2,[-7.28268409 -1.60009922  3.33270371],landing,[-0.48080528  0.59740651 -0.20557775]
1075.5868241786957,1002,False,6,5,[-2.67210702 -3.54617411  4.        ],cruising,[ 0.5677905  -0.59831228 -0.99408226]
1075.5868241786957,1003,False,0,3,[2.94430974 6.5100365  3.50768592],entering,[ 0.63925976  0.24903542 -0.34837281]
1075.5868241786957,1004,False,1,0,[5.65024549 1.59162361 2.91613555],entering,[-0.62185191  0.08809385  0.93462812]
1075.5868241786957,1005,False,2,4,[8.33291236 2.67206356 4.00000001],cruising,[ 0.50568378 -0.03156594 -0.11489306]
1075.6940064430237,1000,False,4,6,[-5.30314786  6.70921955  3.99999998],cruising,[-0.82138112 -0.19970136 -0.21083176]
1075.6940064430237,1001,False,3,2,[-7.29085265 -1.57754245  3.23562402],landing,[-0.48080528  0.59740651 -0.20557775]
1075.6940064430237,1002,False,6,5,[-2.81651857 -3.46176311  3.99999999],cruising,[ 0.5677905  -0.59831228 -0.99408226]
1075.6940064430237,1003,False,0,3,[3.02100481 6.32532628 3.58153303],entering,[ 0.63925976  0.24903542 -0.34837281]
1075.6940064430237,1004,False,1,0,[5.7484227  1.57269392 2.99113555],entering,[-0.62185191  0.08809385  0.93462812]
1075.6940064430237,1005,False,2,4,[8.36145143 2.47411023 4.00000001],cruising,[ 0.50568378 -0.03156594 -0.11489306]
1075.7798428535461,1000,False,4,6,[-5.12217418  6.76806046  3.99999998],cruising,[-0.82138112 -0.19970136 -0.21083176]
1075.7798428535461,1001,False,3,2,[-7.29902121 -1.55498568  3.13854432],landing,[-0.48080528  0.59740651 -0.20557775]
1075.7798428535461,1002,False,6,5,[-2.94603607 -3.36400417  3.99999998],cruising,[ 0.5677905  -0.59831228 -0.99408226]
1075.7798428535461,1003,False,0,3,[3.11306444 6.1478106  3.64478915],entering,[ 0.63925976  0.24903542 -0.34837281]
1075.7798428535461,1004,False,1,0,[5.86597851 1.54881751 3.06613555],entering,[-0.62185191  0.08809385  0.93462812]
1075.7798428535461,1005,False,2,4,[8.38520219 2.27552549 4.00000001],cruising,[ 0.50568378 -0.03156594 -0.11489306]
1075.8829984664917,1000,False,4,6,[-4.93049041  6.81001073  3.99999998],cruising,[-0.82138112 -0.19970136 -0.21083176]
1075.8829984664917,1001,False,3,2,[-7.30718976 -1.53242891  3.04146463],landing,[-0.48080528  0.59740651 -0.20557775]
1075.8829984664917,1002,False,6,5,[-3.05935823 -3.25451021  3.99999997],cruising,[ 0.5677905  -0.59831228 -0.99408226]
1075.8829984664917,1003,False,0,3,[3.21950539 5.97848746 3.69807078],entering,[ 0.63925976  0.24903542 -0.34837281]
1075.8829984664917,1004,False,1,0,[6.002727   1.51931612 3.14113555],entering,[-0.62185191  0.08809385  0.93462812]
1075.8829984664917,1005,False,2,4,[8.40801601 2.07683092 4.        ],cruising,[ 0.50568378 -0.03156594 -0.11489306]
1075.9912741184235,1000,False,4,6,[-4.73398282  6.84722321  3.99999998],cruising,[-0.82138112 -0.19970136 -0.21083176]
1075.9912741184235,1001,False,3,2,[-7.31535832 -1.50987215  2.94438494],landing,[-0.48080528  0.59740651 -0.20557775]
1075.9912741184235,1002,False,6,5,[-3.15538591 -3.13497129  3.99999997],cruising,[ 0.5677905  -0.59831228 -0.99408226]
1075.9912741184235,1003,False,0,3,[3.34109076 5.8197328  3.74367428],entering,[ 0.63925976  0.24903542 -0.34837281]
1075.9912741184235,1004,False,1,0,[6.15799247 1.48225683 3.21613555],entering,[-0.62185191  0.08809385  0.93462812]
1075.9912741184235,1005,False,2,4,[8.42639128 1.87767684 4.        ],cruising,[ 0.50568378 -0.03156594 -0.11489306]
1076.0936875343323,1000,False,4,6,[-4.53841636  6.88910112  3.99999999],cruising,[-0.82138112 -0.19970136 -0.21083176]
1076.0936875343323,1001,False,3,2,[-7.32352688 -1.48731538  2.84730524],landing,[-0.48080528  0.59740651 -0.20557775]
1076.0936875343323,1002,False,6,5,[-3.23349873 -3.00654094  3.99999996],cruising,[ 0.5677905  -0.59831228 -0.99408226]
1076.0936875343323,1003,False,0,3,[3.4769807  5.67298932 3.78212859],entering,[ 0.63925976  0.24903542 -0.34837281]
1076.0936875343323,1004,False,1,0,[6.33085406 1.43569086 3.29113555],entering,[-0.62185191  0.08809385  0.93462812]
1076.0936875343323,1005,False,2,4,[8.44361572 1.67841992 4.        ],cruising,[ 0.50568378 -0.03156594 -0.11489306]
1076.1816310882568,1000,False,4,6,[-4.34353255  6.93404889  3.99999999],cruising,[-0.82138112 -0.19970136 -0.21083176]
1076.1816310882568,1001,False,3,2,[-7.33169543 -1.46475861  2.75022555],landing,[-0.48080528  0.59740651 -0.20557775]
1076.1816310882568,1002,False,6,5,[-3.29332327 -2.87001497  3.99999996],cruising,[ 0.5677905  -0.59831228 -0.99408226]
1076.1816310882568,1003,False,0,3,[3.62630234 5.54000531 3.81508143],entering,[ 0.63925976  0.24903542 -0.34837281]
1076.1816310882568,1004,False,1,0,[6.51720396 1.37435787 3.36613555],entering,[-0.62185191  0.08809385  0.93462812]
1076.1816310882568,1005,False,2,4,[8.4567695  1.47885295 4.        ],cruising,[ 0.50568378 -0.03156594 -0.11489306]
1076.2818417549133,1000,False,4,6,[-4.14903325  6.98063238  3.99999999],cruising,[-0.82138112 -0.19970136 -0.21083176]
1076.2818417549133,1001,False,3,2,[-7.33986399 -1.44220184  2.65314586],landing,[-0.48080528  0.59740651 -0.20557775]
1076.2818417549133,1002,False,6,5,[-3.33468595 -2.72579748  3.99999996],cruising,[ 0.5677905  -0.59831228 -0.99408226]
1076.2818417549133,1003,False,0,3,[3.78779039 5.4220346  3.84287876],cruising,[ 0.63925976  0.24903542 -0.34837281]
1076.2818417549133,1004,False,1,0,[6.70414477 1.30327248 3.44113555],entering,[-0.62185191  0.08809385  0.93462812]
1076.2818417549133,1005,False,2,4,[8.46866097 1.27920678 4.        ],cruising,[ 0.50568378 -0.03156594 -0.11489306]
1076.3805932998657,1000,False,4,6,[-3.95462858  7.02760922  3.99999999],cruising,[-0.82138112 -0.19970136 -0.21083176]
1076.3805932998657,1001,False,3,2,[-7.34803255 -1.41964507  2.55606616],landing,[-0.48080528  0.59740651 -0.20557775]
1076.3805932998657,1002,False,6,5,[-3.35751396 -2.57406557  3.99999995],cruising,[ 0.5677905  -0.59831228 -0.99408226]
1076.3805932998657,1003,False,0,3,[3.95979813 5.31998884 3.86644694],cruising,[ 0.63925976  0.24903542 -0.34837281]
1076.3805932998657,1004,False,1,0,[6.88708641 1.22244947 3.51613555],entering,[-0.62185191  0.08809385  0.93462812]
1076.3805932998657,1005,False,2,4,[8.47900934 1.07947468 4.        ],cruising,[ 0.50568378 -0.03156594 -0.11489306]
1076.487785577774,1000,False,4,6,[-3.75950213  7.07149168  3.99999999],cruising,[-0.82138112 -0.19970136 -0.21083176]
1076.487785577774,1001,False,3,2,[-7.3562011  -1.39708831  2.45898647],landing,[-0.48080528  0.59740651 -0.20557775]
1076.487785577774,1002,False,6,5,[-3.36181072 -2.41481087  3.99999996],cruising,[ 0.5677905  -0.59831228 -0.99408226]
1076.487785577774,1003,False,0,3,[4.13978149 5.23277652 3.8864799 ],cruising,[ 0.63925976  0.24903542 -0.34837281]
1076.487785577774,1004,False,1,0,[7.06503181 1.13115087 3.58871521],entering,[-0.62185191  0.08809385  0.93462812]
1076.487785577774,1005,False,2,4,[8.48535504 0.87957537 4.        ],cruising,[ 0.50568378 -0.03156594 -0.11489306]
1076.59175491333,1000,False,4,6,[-3.56412383  7.11423881  3.99999999],cruising,[-0.82138112 -0.19970136 -0.21083176]
1076.59175491333,1001,False,3,2,[-7.36436966 -1.37453154  2.36190677],landing,[-0.48080528  0.59740651 -0.20557775]
1076.59175491333,1002,False,6,5,[-3.34789782 -2.24728524  3.99999996],cruising,[ 0.5677905  -0.59831228 -0.99408226]
1076.59175491333,1003,False,0,3,[4.32549525 5.15854446 3.90350792],cruising,[ 0.63925976  0.24903542 -0.34837281]
1076.59175491333,1004,False,1,0,[7.23674592 1.0286118  3.65040793],entering,[-0.62185191  0.08809385  0.93462812]
1076.59175491333,1005,False,2,4,[8.49022601 0.6796347  4.        ],cruising,[ 0.50568378 -0.03156594 -0.11489306]
1076.6884298324585,1000,False,4,6,[-3.36830779  7.15493375  3.99999999],cruising,[-0.82138112 -0.19970136 -0.21083176]
1076.6884298324585,1001,False,3,2,[-7.37253822 -1.35197477  2.26482708],landing,[-0.48080528  0.59740651 -0.20557775]
1076.6884298324585,1002,False,6,5,[-3.31680571 -2.06951877  3.99999996],cruising,[ 0.5677905  -0.59831228 -0.99408226]
1076.6884298324585,1003,False,0,3,[4.5153821  5.09575126 3.91798173],cruising,[ 0.63925976  0.24903542 -0.34837281]
1076.6884298324585,1004,False,1,0,[7.40072883 0.9141146  3.70284674],entering,[-0.62185191  0.08809385  0.93462812]
1076.6884298324585,1005,False,2,4,[8.49342588 0.4796603  4.        ],cruising,[ 0.50568378 -0.03156594 -0.11489306]
1076.7851099967957,1000,False,4,6,[-3.17144327  7.19020926  4.        ],cruising,[-0.82138112 -0.19970136 -0.21083176]
1076.7851099967957,1001,False,3,2,[-7.38070677 -1.329418    2.16774739],landing,[-0.48080528  0.59740651 -0.20557775]
1076.7851099967957,1002,False,6,5,[-3.27391463 -1.87560348  3.99999997],cruising,[ 0.5677905  -0.59831228 -0.99408226]
1076.7851099967957,1003,False,0,3,[4.70804564 5.04207854 3.93028447],cruising,[ 0.63925976  0.24903542 -0.34837281]
1076.7851099967957,1004,False,1,0,[7.55657292 0.78876462 3.74741973],entering,[-0.62185191  0.08809385  0.93462812]
1076.7851099967957,1005,False,2,4,[8.49275687 0.27966142 4.        ],cruising,[ 0.50568378 -0.03156594 -0.11489306]
1076.8867824077606,1000,False,4,6,[-2.97401601  7.22218543  4.        ],cruising,[-0.82138112 -0.19970136 -0.21083176]
1076.8867824077606,1001,False,3,2,[-7.38887533 -1.30686123  2.07066769],landing,[-0.48080528  0.59740651 -0.20557775]
1076.8867824077606,1002,False,6,5,[-3.24639306 -1.67750612  3.99999997],cruising,[ 0.5677905  -0.59831228 -0.99408226]
1076.8867824077606,1003,False,0,3,[4.90262443 4.99582822 3.9407418 ],cruising,[ 0.63925976  0.24903542 -0.34837281]
1076.8867824077606,1004,False,1,0,[7.7009817  0.65039517 3.78530677],entering,[-0.62185191  0.08809385  0.93462812]
1076.8867824077606,1005,False,2,4,[8.49051438 0.07967399 4.        ],cruising,[ 0.50568378 -0.03156594 -0.11489306]
1076.9904928207397,1000,False,4,6,[-2.77557828  7.24713474  4.        ],cruising,[-0.82138112 -0.19970136 -0.21083176]
1076.9904928207397,1001,False,3,2,[-7.39704389 -1.28430447  1.973588  ],landing,[-0.48080528  0.59740651 -0.20557775]
1076.9904928207397,1002,False,6,5,[-3.23535445 -1.47781098  3.99999998],cruising,[ 0.5677905  -0.59831228 -0.99408226]
1076.9904928207397,1003,False,0,3,[5.09831748 4.95454587 3.94963053],cruising,[ 0.63925976  0.24903542 -0.34837281]
1076.9904928207397,1004,False,1,0,[7.83196453 0.49925451 3.81751076],entering,[-0.62185191  0.08809385  0.93462812]
1076.9904928207397,1005,False,2,4,[ 8.48652941 -0.12028631  4.        ],cruising,[ 0.50568378 -0.03156594 -0.11489306]
1077.0826976299286,1000,False,4,6,[-2.57659495  7.26727515  4.        ],cruising,[-0.82138112 -0.19970136 -0.21083176]
1077.0826976299286,1001,False,3,2,[-7.40521244 -1.2617477   1.87650831],landing,[-0.48080528  0.59740651 -0.20557775]
1077.0826976299286,1002,False,6,5,[-3.240236   -1.27787057  3.99999998],cruising,[ 0.5677905  -0.59831228 -0.99408226]
1077.0826976299286,1003,False,0,3,[5.29462854 4.91631018 3.95718595],cruising,[ 0.63925976  0.24903542 -0.34837281]
1077.0826976299286,1004,False,1,0,[7.94780384 0.33621693 3.84488414],entering,[-0.62185191  0.08809385  0.93462812]
1077.0826976299286,1005,False,2,4,[ 8.48066582 -0.32020034  4.        ],cruising,[ 0.50568378 -0.03156594 -0.11489306]
1077.186500787735,1000,False,4,6,[-2.37688102  7.27796839  4.        ],cruising,[-0.82138112 -0.19970136 -0.21083176]
1077.186500787735,1001,False,3,2,[-7.413381   -1.23919093  1.77942861],landing,[-0.48080528  0.59740651 -0.20557775]
1077.186500787735,1002,False,6,5,[-3.25902681 -1.07875526  3.99999998],cruising,[ 0.5677905  -0.59831228 -0.99408226]
1077.186500787735,1003,False,0,3,[5.49119456 4.8794076  3.96360806],cruising,[ 0.63925976  0.24903542 -0.34837281]
1077.186500787735,1004,False,1,0,[8.04737991 0.16276778 3.86815152],cruising,[-0.62185191  0.08809385  0.93462812]
1077.186500787735,1005,False,2,4,[ 8.47077547 -0.51995564  4.        ],cruising,[ 0.50568378 -0.03156594 -0.11489306]
1077.2791647911072,1000,False,4,6,[-2.17688222  7.2772756   4.        ],cruising,[-0.82138112 -0.19970136 -0.21083176]
1077.2791647911072,1001,False,3,2,[-7.42154956 -1.21663416  1.68234892],landing,[-0.48080528  0.59740651 -0.20557775]
1077.2791647911072,1002,False,6,5,[-3.29145079 -0.88140104  3.99999999],cruising,[ 0.5677905  -0.59831228 -0.99408226]
1077.2791647911072,1003,False,0,3,[5.68772069 4.84229321 3.96906685],cruising,[ 0.63925976  0.24903542 -0.34837281]
1077.2791647911072,1004,False,1,0,[ 8.12937046 -0.01960436  3.88808279],cruising,[-0.62185191  0.08809385  0.93462812]
1077.2791647911072,1005,False,2,4,[ 8.45912239 -0.71961586  4.        ],cruising,[ 0.50568378 -0.03156594 -0.11489306]
1077.380846977234,1000,False,4,6,[-1.97791718  7.25695536  4.        ],cruising,[-0.82138112 -0.19970136 -0.21083176]
1077.380846977234,1001,False,3,2,[-7.42971811 -1.1940774   1.58526923],landing,[-0.48080528  0.59740651 -0.20557775]
1077.380846977234,1002,False,6,5,[-3.33638628 -0.68651441  3.99999999],cruising,[ 0.5677905  -0.59831228 -0.99408226]
1077.380846977234,1003,False,0,3,[5.88434934 4.80572583 3.97370682],cruising,[ 0.63925976  0.24903542 -0.34837281]
1077.380846977234,1004,False,1,0,[ 8.19462699 -0.20865881  3.90487037],cruising,[-0.62185191  0.08809385  0.93462812]
1077.380846977234,1005,False,2,4,[ 8.44554195 -0.91915426  4.        ],cruising,[ 0.50568378 -0.03156594 -0.11489306]
1077.4879431724548,1000,False,4,6,[-1.7805837   7.22440542  4.        ],cruising,[-0.82138112 -0.19970136 -0.21083176]
1077.4879431724548,1001,False,3,2,[-7.43788667 -1.17152063  1.48818953],fake_landed,[-0.48080528  0.59740651 -0.20557775]
1077.4879431724548,1002,False,6,5,[-3.39117932 -0.49416649  3.99999999],cruising,[ 0.5677905  -0.59831228 -0.99408226]
1077.4879431724548,1003,False,0,3,[6.08038673 4.76611093 3.9776508 ],cruising,[ 0.63925976  0.24903542 -0.34837281]
1077.4879431724548,1004,False,1,0,[ 8.24533774 -0.40212307  3.91913982],cruising,[-0.62185191  0.08809385  0.93462812]
1077.4879431724548,1005,False,2,4,[ 8.42988934 -1.11854081  4.        ],cruising,[ 0.50568378 -0.03156594 -0.11489306]
1077.5792610645294,1000,False,4,6,[-1.58696741  7.17427827  4.        ],cruising,[-0.82138112 -0.19970136 -0.21083176]
1077.5792610645294,1001,False,3,2,[-7.44442152 -1.15347521  1.41052578],fake_landed,[-0.48080528  0.59740651 -0.20557775]
1077.5792610645294,1002,False,6,5,[-3.45684691 -0.30525442  3.99999999],cruising,[ 0.5677905  -0.59831228 -0.99408226]
1077.5792610645294,1003,False,0,3,[6.27550186 4.72217818 3.98100318],cruising,[ 0.63925976  0.24903542 -0.34837281]
1077.5792610645294,1004,False,1,0,[ 8.28306487 -0.5985325   3.93126884],cruising,[-0.62185191  0.08809385  0.93462812]
1077.5792610645294,1005,False,2,4,[ 8.40982721 -1.31753204  4.        ],cruising,[ 0.50568378 -0.03156594 -0.11489306]
1077.6823410987854,1000,False,4,6,[-1.39775776  7.1094731   4.        ],cruising,[-0.82138112 -0.19970136 -0.21083176]
1077.6823410987854,1001,False,3,2,[-7.44932265 -1.13994115  1.35227796],fake_landed,[-0.48080528  0.59740651 -0.20557775]
1077.6823410987854,1002,False,6,5,[-3.53273873 -0.12021272  3.99999999],cruising,[ 0.5677905  -0.59831228 -0.99408226]
1077.6823410987854,1003,False,0,3,[6.469272   4.67264904 3.9838527 ],cruising,[ 0.63925976  0.24903542 -0.34837281]
1077.6823410987854,1004,False,1,0,[ 8.3094479  -0.7967847   3.94157852],cruising,[-0.62185191  0.08809385  0.93462812]
1077.6823410987854,1005,False,2,4,[ 8.38774301 -1.51630902  4.        ],cruising,[ 0.50568378 -0.03156594 -0.11489306]
1077.7930901050568,1000,False,4,6,[-1.21305837  7.03275196  4.        ],cruising,[-0.82138112 -0.19970136 -0.21083176]
1077.7930901050568,1001,False,3,2,[-7.45259007 -1.13091845  1.31344608],fake_landed,[-0.48080528  0.59740651 -0.20557775]
1077.7930901050568,1002,False,6,5,[-3.61629148  0.06149842  3.99999999],cruising,[ 0.5677905  -0.59831228 -0.99408226]
1077.7930901050568,1003,False,0,3,[6.66114217 4.61620583 3.9862748 ],cruising,[ 0.63925976  0.24903542 -0.34837281]
1077.7930901050568,1004,False,1,0,[ 8.32390258 -0.99626168  3.95034174],cruising,[-0.62185191  0.08809385  0.93462812]
1077.7930901050568,1005,False,2,4,[ 8.36343078 -1.71482581  4.        ],cruising,[ 0.50568378 -0.03156594 -0.11489306]
1077.8892424106598,1000,False,4,6,[-1.03256275  6.94660479  4.        ],cruising,[-0.82138112 -0.19970136 -0.21083176]
1077.8892424106598,1001,False,3,2,[-7.45422378 -1.12640709  1.29403015],fake_landed,[-0.48080528  0.59740651 -0.20557775]
1077.8892424106598,1002,False,6,5,[-3.71092723  0.23769171  3.99999999],cruising,[ 0.5677905  -0.59831228 -0.99408226]
1077.8892424106598,1003,False,0,3,[6.85037629 4.55147215 3.98833358],cruising,[ 0.63925976  0.24903542 -0.34837281]
1077.8892424106598,1004,False,1,0,[ 8.33020147 -1.19616246  3.95779048],cruising,[-0.62185191  0.08809385  0.93462812]
1077.8892424106598,1005,False,2,4,[ 8.33425995 -1.91268703  4.        ],cruising,[ 0.50568378 -0.03156594 -0.11489306]
1077.9829876422882,1000,False,4,6,[-0.85571494  6.85319788  4.        ],cruising,[-0.82138112 -0.19970136 -0.21083176]
1077.9829876422882,1001,False,3,2,[-7.45422378 -1.12640709  1.29403015],fake_landed,[-0.48080528  0.59740651 -0.20557775]
1077.9829876422882,1002,False,6,5,[-3.81144818  0.41059497  4.        ],cruising,[ 0.5677905  -0.59831228 -0.99408226]
1077.9829876422882,1003,False,0,3,[7.03599816 4.47701062 3.99008354],cruising,[ 0.63925976  0.24903542 -0.34837281]
1077.9829876422882,1004,False,1,0,[ 8.32940067 -1.39616086  3.96412191],cruising,[-0.62185191  0.08809385  0.93462812]
1077.9829876422882,1005,False,2,4,[ 8.30276723 -2.11019199  4.        ],cruising,[ 0.50568378 -0.03156594 -0.11489306]
1078.0890884399414,1000,False,4,6,[-0.68079127  6.75623548  4.        ],cruising,[-0.82138112 -0.19970136 -0.21083176]
1078.0890884399414,1001,False,2,1,[-7.45422378 -1.12640709  1.29403015],waiting,[-0.48080528  0.59740651 -0.20557775]
1078.0890884399414,1002,False,6,5,[-3.91658446  0.58073128  4.        ],cruising,[ 0.5677905  -0.59831228 -0.99408226]
1078.0890884399414,1003,False,0,3,[7.21672409 4.39134768 3.99157101],cruising,[ 0.63925976  0.24903542 -0.34837281]
1078.0890884399414,1004,False,1,0,[ 8.32006813 -1.595943    3.96950362],cruising,[-0.62185191  0.08809385  0.93462812]
1078.0890884399414,1005,False,2,4,[ 8.26867285 -2.3072645   4.        ],cruising,[ 0.50568378 -0.03156594 -0.11489306]
1078.188259601593,1000,False,4,6,[-0.50859131  6.65451441  4.        ],cruising,[-0.82138112 -0.19970136 -0.21083176]
1078.188259601593,1001,False,2,1,[-7.45422378 -1.12640709  1.29403015],waiting,[-0.48080528  0.59740651 -0.20557775]
1078.188259601593,1002,False,6,5,[-4.02633628  0.74792738  4.        ],cruising,[ 0.5677905  -0.59831228 -0.99408226]
1078.188259601593,1003,False,0,3,[7.38791365 4.2881059  3.99285344],cruising,[ 0.63925976  0.24903542 -0.34837281]
1078.188259601593,1004,False,1,0,[ 8.30543411 -1.79540689  3.97407808],cruising,[-0.62185191  0.08809385  0.93462812]
1078.188259601593,1005,False,2,4,[ 8.2287888  -2.50324731  4.        ],cruising,[ 0.50568378 -0.03156594 -0.11489306]
1078.2848494052887,1000,False,4,6,[-0.33762956  6.55072579  4.        ],cruising,[-0.82138112 -0.19970136 -0.21083176]
1078.2848494052887,1001,False,2,1,[-7.45422378 -1.12640709  1.29403015],waiting,[-0.48080528  0.59740651 -0.20557775]
1078.2848494052887,1002,False,6,5,[-4.13835729  0.9136117   4.        ],cruising,[ 0.5677905  -0.59831228 -0.99408226]
1078.2848494052887,1003,False,0,3,[7.54917684 4.16980888 3.99392542],cruising,[ 0.63925976  0.24903542 -0.34837281]
1078.2848494052887,1004,False,1,0,[ 8.28591602 -1.99445223  3.97796637],cruising,[-0.62185191  0.08809385  0.93462812]
1078.2848494052887,1005,False,2,4,[ 8.18603707 -2.69862461  4.        ],cruising,[ 0.50568378 -0.03156594 -0.11489306]
1078.3903470039368,1000,False,4,6,[-0.16822832  6.44440917  4.        ],cruising,[-0.82138112 -0.19970136 -0.21083176]
1078.3903470039368,1001,False,2,1,[-7.45422378 -1.12640709  1.29403015],waiting,[-0.48080528  0.59740651 -0.20557775]
1078.3903470039368,1002,False,6,5,[-4.25148086  1.0785452   4.        ],cruising,[ 0.5677905  -0.59831228 -0.99408226]
1078.3903470039368,1003,False,0,3,[7.69901711 4.03734042 3.99483661],cruising,[ 0.63925976  0.24903542 -0.34837281]
1078.3903470039368,1004,False,1,0,[ 8.25918649 -2.19265801  3.98127141],cruising,[-0.62185191  0.08809385  0.93462812]
1078.3903470039368,1005,False,2,4,[ 8.13666652 -2.89243521  4.        ],cruising,[ 0.50568378 -0.03156594 -0.11489306]
1078.4895884990692,1000,False,4,6,[6.93032528e-04 6.33733175e+00 4.00000000e+00],cruising,[-0.82138112 -0.19970136 -0.21083176]
1078.4895884990692,1001,False,2,1,[-7.45422378 -1.12640709  1.29403015],queued,[-0.48080528  0.59740651 -0.20557775]
1078.4895884990692,1002,False,6,5,[-4.36612103  1.24242818  4.        ],cruising,[ 0.5677905  -0.59831228 -0.99408226]
1078.4895884990692,1003,False,0,3,[7.83486339 3.89058385 3.9956139 ],cruising,[ 0.63925976  0.24903542 -0.34837281]
1078.4895884990692,1004,False,1,0,[ 8.22833345 -2.3902639   3.9840807 ],cruising,[-0.62185191  0.08809385  0.93462812]
1078.4895884990692,1005,False,2,4,[ 8.08390012 -3.08534894  4.        ],cruising,[ 0.50568378 -0.03156594 -0.11489306]
1078.5794081687927,1000,False,4,6,[0.16924672 6.22967648 4.        ],cruising,[-0.82138112 -0.19970136 -0.21083176]
1078.5794081687927,1001,False,2,1,[-7.45422378 -1.12640709  1.31403015],queued,[-0.48080528  0.59740651 -0.20557775]
1078.5794081687927,1002,False,6,5,[-4.48177529  1.40559708  4.        ],cruising,[ 0.5677905  -0.59831228 -0.99408226]
1078.5794081687927,1003,False,0,3,[7.95494748 3.73151678 3.99632035],cruising,[ 0.63925976  0.24903542 -0.34837281]
1078.5794081687927,1004,False,1,0,[ 8.19335794 -2.58718194  3.98646859],cruising,[-0.62185191  0.08809385  0.93462812]
1078.5794081687927,1005,False,2,4,[ 8.02311718 -3.27588879  4.        ],cruising,[ 0.50568378 -0.03156594 -0.11489306]
1078.6840281486511,1000,False,4,6,[0.33804753 6.12240913 4.        ],cruising,[-0.82138112 -0.19970136 -0.21083176]
1078.6840281486511,1001,False,2,1,[-7.45422378 -1.12640709  1.35403015],queued,[-0.48080528  0.59740651 -0.20557775]
1078.6840281486511,1002,False,6,5,[-4.5980167   1.56834823  4.        ],cruising,[ 0.5677905  -0.59831228 -0.99408226]
1078.6840281486511,1003,False,0,3,[8.05819222 3.56165945 3.99694527],cruising,[ 0.63925976  0.24903542 -0.34837281]
1078.6840281486511,1004,False,1,0,[ 8.15092095 -2.78262785  3.98849831],cruising,[-0.62185191  0.08809385  0.93462812]
1078.6840281486511,1005,False,2,4,[ 7.95809624 -3.4650244   4.        ],exiting,[ 0.50568378 -0.03156594 -0.11489306]
1078.7935628890991,1000,False,4,6,[0.50758789 6.01631452 4.        ],cruising,[-0.82138112 -0.19970136 -0.21083176]
1078.7935628890991,1001,False,2,1,[-7.45422378 -1.12640709  1.41403015],queued,[-0.48080528  0.59740651 -0.20557775]
1078.7935628890991,1002,False,6,5,[-4.71447505  1.73094421  4.        ],cruising,[ 0.5677905  -0.59831228 -0.99408226]
1078.7935628890991,1003,False,0,3,[8.14371877 3.38252536 3.99748284],cruising,[ 0.63925976  0.24903542 -0.34837281]
1078.7935628890991,1004,False,1,0,[ 8.10444716 -2.97715339  3.99022356],cruising,[-0.62185191  0.08809385  0.93462812]
1078.7935628890991,1005,False,2,4,[ 7.90667401 -3.63949456  4.        ],exiting,[ 0.50568378 -0.03156594 -0.11489306]
1078.8941621780396,1000,False,4,6,[0.67802288 5.91166312 4.        ],cruising,[-0.82138112 -0.19970136 -0.21083176]
1078.8941621780396,1001,False,2,1,[-7.45422378 -1.12640709  1.48903015],queued,[-0.48080528  0.59740651 -0.20557775]
1078.8941621780396,1002,False,6,5,[-4.83082109  1.89362057  4.        ],cruising,[ 0.5677905  -0.59831228 -0.99408226]
1078.8941621780396,1003,False,0,3,[8.21085426 3.19553254 3.99792638],cruising,[ 0.63925976  0.24903542 -0.34837281]
1078.8941621780396,1004,False,1,0,[ 8.04972042 -3.16952019  3.99169003],cruising,[-0.62185191  0.08809385  0.93462812]
1078.8941621780396,1005,False,2,4,[ 7.86899864 -3.79943807  4.        ],exiting,[ 0.50568378 -0.03156594 -0.11489306]
1078.979459285736,1000,False,4,6,[0.85016001 5.80983577 4.        ],cruising,[-0.82138112 -0.19970136 -0.21083176]
1078.979459285736,1001,False,2,1,[-7.45422378 -1.12640709  1.56403015],queued,[-0.48080528  0.59740651 -0.20557775]
1078.979459285736,1002,False,6,5,[-4.94675305  2.05659229  4.        ],cruising,[ 0.5677905  -0.59831228 -0.99408226]
1078.979459285736,1003,False,0,3,[8.25907841 3.00203196 3.99826695],cruising,[ 0.63925976  0.24903542 -0.34837281]
1078.979459285736,1004,False,1,0,[ 7.98630823 -3.35920122  3.99293652],cruising,[-0.62185191  0.08809385  0.93462812]
1078.979459285736,1005,False,2,4,[ 7.84525275 -3.94502994  4.        ],exiting,[ 0.50568378 -0.03156594 -0.11489306]
1079.0910212993622,1000,False,4,6,[1.02373667 5.71048215 4.        ],cruising,[-0.82138112 -0.19970136 -0.21083176]
1079.0910212993622,1001,False,2,1,[-7.45422378 -1.12640709  1.63903015],queued,[-0.48080528  0.59740651 -0.20557775]
1079.0910212993622,1002,False,6,5,[-5.06236975  2.21978781  4.        ],cruising,[ 0.5677905  -0.59831228 -0.99408226]
1079.0910212993622,1003,False,0,3,[8.29435948 2.80516844 3.9985269 ],cruising,[ 0.63925976  0.24903542 -0.34837281]
1079.0910212993622,1004,False,1,0,[ 7.91810513 -3.54721275  3.99399604],cruising,[-0.62185191  0.08809385  0.93462812]
1079.0910212993622,1005,False,2,4,[ 7.83566938 -4.07650008  4.        ],exiting,[ 0.50568378 -0.03156594 -0.11489306]
1079.1887185573578,1000,False,4,6,[1.19899598 5.61412773 4.        ],cruising,[-0.82138112 -0.19970136 -0.21083176]
1079.1887185573578,1001,False,2,1,[-7.45422378 -1.12640709  1.71403015],queued,[-0.48080528  0.59740651 -0.20557775]
1079.1887185573578,1002,False,6,5,[-5.17705454  2.38363957  4.        ],cruising,[ 0.5677905  -0.59831228 -0.99408226]
1079.1887185573578,1003,False,0,3,[8.32846119 2.6080972  3.99874787],cruising,[ 0.63925976  0.24903542 -0.34837281]
1079.1887185573578,1004,False,1,0,[ 7.83879818 -3.7308167   3.99489664],cruising,[-0.62185191  0.08809385  0.93462812]
1079.1887185573578,1005,False,2,4,[ 7.84042843 -4.19403126  4.        ],exiting,[ 0.50568378 -0.03156594 -0.11489306]
1079.2887933254242,1000,False,4,6,[1.37707249 5.52308511 4.        ],cruising,[-0.82138112 -0.19970136 -0.21083176]
1079.2887933254242,1001,False,2,1,[-7.45422378 -1.12640709  1.78903015],queued,[-0.48080528  0.59740651 -0.20557775]
1079.2887933254242,1002,False,6,5,[-5.29051029  2.54834474  4.        ],cruising,[ 0.5677905  -0.59831228 -0.99408226]
1079.2887933254242,1003,False,0,3,[8.35697273 2.4101399  3.99893569],cruising,[ 0.63925976  0.24903542 -0.34837281]
1079.2887933254242,1004,False,1,0,[ 7.74692166 -3.90846439  3.99566214],cruising,[-0.62185191  0.08809385  0.93462812]
1079.2887933254242,1005,False,2,4,[ 7.85970865 -4.29780977  4.        ],exiting,[ 0.50568378 -0.03156594 -0.11489306]
1079.3800568580627,1000,False,4,6,[1.55717524 5.43611962 4.        ],cruising,[-0.82138112 -0.19970136 -0.21083176]
1079.3800568580627,1001,False,2,1,[-7.45422378 -1.12640709  1.86403015],queued,[-0.48080528  0.59740651 -0.20557775]
1079.3800568580627,1002,False,6,5,[-5.40242773  2.71409904  4.        ],cruising,[ 0.5677905  -0.59831228 -0.99408226]
1079.3800568580627,1003,False,0,3,[8.38406218 2.21198299 3.99909534],cruising,[ 0.63925976  0.24903542 -0.34837281]
1079.3800568580627,1004,False,1,0,[ 7.64043017 -4.07775575  3.99631282],cruising,[-0.62185191  0.08809385  0.93462812]
1079.3800568580627,1005,False,2,4,[ 7.88728713 -4.39393171  4.        ],exiting,[ 0.50568378 -0.03156594 -0.11489306]
1079.4889299869537,1000,False,4,6,[1.7394804  5.35387104 4.        ],cruising,[-0.82138112 -0.19970136 -0.21083176]
1079.4889299869537,1001,False,2,1,[-7.45422378 -1.12640709  1.93903015],queued,[-0.48080528  0.59740651 -0.20557775]
1079.4889299869537,1002,False,6,5,[-5.5124725   2.88110247  4.        ],cruising,[ 0.5677905  -0.59831228 -0.99408226]
1079.4889299869537,1003,False,0,3,[8.40612838 2.01320401 3.99923104],cruising,[ 0.63925976  0.24903542 -0.34837281]
1079.4889299869537,1004,False,1,0,[ 7.51759346 -4.23552211  3.99687075],cruising,[-0.62185191  0.08809385  0.93462812]
1079.4889299869537,1005,False,2,4,[ 7.91486561 -4.49005365  4.        ],exiting,[ 0.50568378 -0.03156594 -0.11489306]
1079.5825335979462,1000,False,4,6,[1.92520575 5.27966797 4.        ],cruising,[-0.82138112 -0.19970136 -0.21083176]
1079.5825335979462,1001,False,2,1,[-7.45422378 -1.12640709  2.01403015],queued,[-0.48080528  0.59740651 -0.20557775]
1079.5825335979462,1002,False,6,5,[-5.62142684  3.04881935  4.        ],cruising,[ 0.5677905  -0.59831228 -0.99408226]
1079.5825335979462,1003,False,0,3,[8.42671322 1.81426616 3.99934638],cruising,[ 0.63925976  0.24903542 -0.34837281]
1079.5825335979462,1004,False,1,0,[ 7.38038764 -4.37937708  3.99738794],cruising,[-0.62185191  0.08809385  0.93462812]
1079.5825335979462,1005,False,2,4,[ 7.94244409 -4.58617559  4.        ],exiting,[ 0.50568378 -0.03156594 -0.11489306]
1079.690418958664,1000,False,4,6,[2.11315748 5.21130024 4.        ],cruising,[-0.82138112 -0.19970136 -0.21083176]
1079.690418958664,1001,False,2,1,[-7.45422378 -1.12640709  2.08903015],queued,[-0.48080528  0.59740651 -0.20557775]
1079.690418958664,1002,False,6,5,[-5.72767108  3.21826599  4.        ],cruising,[ 0.5677905  -0.59831228 -0.99408226]
1079.690418958664,1003,False,0,3,[8.44281189 1.61491514 3.99944442],cruising,[ 0.63925976  0.24903542 -0.34837281]
1079.690418958664,1004,False,1,0,[ 7.23059123 -4.50769257  3.99786496],cruising,[-0.62185191  0.08809385  0.93462812]
1079.690418958664,1005,False,2,4,[ 7.97002257 -4.68229753  4.        ],exiting,[ 0.50568378 -0.03156594 -0.11489306]
1079.7856831550598,1000,False,4,6,[2.30374051 5.15065284 4.        ],cruising,[-0.82138112 -0.19970136 -0.21083176]
1079.7856831550598,1001,False,2,1,[-7.45422378 -1.12640709  2.16403015],entering,[-0.48080528  0.59740651 -0.20557775]
1079.7856831550598,1002,False,6,5,[-5.83073809  3.38966374  4.        ],cruising,[ 0.5677905  -0.59831228 -0.99408226]
1079.7856831550598,1003,False,0,3,[8.45743174 1.4154502  3.99952776],cruising,[ 0.63925976  0.24903542 -0.34837281]
1079.7856831550598,1004,False,1,0,[ 7.07022371 -4.61903013  3.99830314],cruising,[-0.62185191  0.08809385  0.93462812]
1079.7856831550598,1005,False,2,4,[ 7.99760105 -4.77841948  4.        ],exiting,[ 0.50568378 -0.03156594 -0.11489306]
1079.8879623413086,1000,False,4,6,[2.49743312 5.10082138 4.        ],cruising,[-0.82138112 -0.19970136 -0.21083176]
1079.8879623413086,1001,False,2,1,[-7.4411378  -1.11128237  2.23903015],entering,[-0.48080528  0.59740651 -0.20557775]
1079.8879623413086,1002,False,6,5,[-5.93006056  3.56325823  4.        ],cruising,[ 0.5677905  -0.59831228 -0.99408226]
1079.8879623413086,1003,False,0,3,[8.47032182 1.21586602 3.9995986 ],cruising,[ 0.63925976  0.24903542 -0.34837281]
1079.8879623413086,1004,False,1,0,[ 6.9014435  -4.71222312  3.99870345],cruising,[-0.62185191  0.08809385  0.93462812]
1079.8879623413086,1005,False,2,4,[ 8.02517953 -4.87454142  4.        ],exiting,[ 0.50568378 -0.03156594 -0.11489306]
1079.9898347854614,1000,False,4,6,[2.69400122 5.06392991 4.        ],cruising,[-0.82138112 -0.19970136 -0.21083176]
1079.9898347854614,1001,False,2,1,[-7.41498071 -1.08102009  2.31403015],entering,[-0.48080528  0.59740651 -0.20557775]
1079.9898347854614,1002,False,6,5,[-6.02493901  3.73932095  4.        ],cruising,[ 0.5677905  -0.59831228 -0.99408226]
1079.9898347854614,1003,False,0,3,[8.47895089 1.01605226 3.99965881],cruising,[ 0.63925976  0.24903542 -0.34837281]
1079.9898347854614,1004,False,1,0,[ 6.72647256 -4.7863984   3.99906626],cruising,[-0.62185191  0.08809385  0.93462812]
1079.9898347854614,1005,False,2,4,[ 8.05275801 -4.97066336  4.        ],exiting,[ 0.50568378 -0.03156594 -0.11489306]
1080.0908651351929,1000,False,4,6,[2.8916377  5.03327336 4.        ],cruising,[-0.82138112 -0.19970136 -0.21083176]
1080.0908651351929,1001,False,2,1,[-7.37578541 -1.03559188  2.38903015],entering,[-0.48080528  0.59740651 -0.20557775]
1080.0908651351929,1002,False,6,5,[-6.11449926  3.91814757  4.        ],cruising,[ 0.5677905  -0.59831228 -0.99408226]
1080.0908651351929,1003,False,0,3,[8.48599473 0.81617634 3.99970999],cruising,[ 0.63925976  0.24903542 -0.34837281]
1080.0908651351929,1004,False,1,0,[ 6.54755886 -4.8409662   3.99939134],cruising,[-0.62185191  0.08809385  0.93462812]
1080.0908651351929,1005,False,2,4,[ 8.08033649 -5.0667853   4.        ],exiting,[ 0.50568378 -0.03156594 -0.11489306]
1080.1815445423126,1000,False,4,6,[3.09000394 5.00776189 4.        ],cruising,[-0.82138112 -0.19970136 -0.21083176]
1080.1815445423126,1001,False,2,1,[-7.32361474 -0.97494395  2.46403015],entering,[-0.48080528  0.59740651 -0.20557775]
1080.1815445423126,1002,False,6,5,[-6.19763543  4.10004969  4.        ],cruising,[ 0.5677905  -0.59831228 -0.99408226]
1080.1815445423126,1003,False,0,3,[8.49127417 0.61624603 3.99975349],cruising,[ 0.63925976  0.24903542 -0.34837281]
1080.1815445423126,1004,False,1,0,[ 6.36696786 -4.8756045   3.99967788],cruising,[-0.62185191  0.08809385  0.93462812]
1080.1815445423126,1005,False,2,4,[ 8.10791497 -5.16290724  4.        ],exiting,[ 0.50568378 -0.03156594 -0.11489306]
1080.2894141674042,1000,False,4,6,[3.28885914 4.98639352 4.        ],cruising,[-0.82138112 -0.19970136 -0.21083176]
1080.2894141674042,1001,False,2,1,[-7.25859188 -0.89897215  2.53903015],entering,[-0.48080528  0.59740651 -0.20557775]
1080.2894141674042,1002,False,6,5,[-6.26872457  4.28698907  4.        ],cruising,[ 0.5677905  -0.59831228 -0.99408226]
1080.2894141674042,1003,False,0,3,[8.49253608 0.41625001 3.99979046],cruising,[ 0.63925976  0.24903542 -0.34837281]
1080.2894141674042,1004,False,1,0,[ 6.18632152 -4.89024291  3.99992468],cruising,[-0.62185191  0.08809385  0.93462812]
1080.2894141674042,1005,False,2,4,[ 8.13549345 -5.25902918  4.        ],exiting,[ 0.50568378 -0.03156594 -0.11489306]
1080.385576248169,1000,False,4,6,[3.48803523 4.96825834 4.        ],cruising,[-0.82138112 -0.19970136 -0.21083176]
1080.385576248169,1001,False,2,1,[-7.18103365 -0.80741623  2.61403015],entering,[-0.48080528  0.59740651 -0.20557775]
1080.385576248169,1002,False,6,5,[-6.3299931   4.47737333  4.        ],exiting,[ 0.5677905  -0.59831228 -0.99408226]
1080.385576248169,1003,False,0,3,[8.49218236 0.21625032 3.99982189],cruising,[ 0.63925976  0.24903542 -0.34837281]
1080.385576248169,1004,False,1,0,[ 6.00652781 -4.88489955  4.00012859],cruising,[-0.62185191  0.08809385  0.93462812]
1080.385576248169,1005,False,2,4,[ 8.16307193 -5.35515112  4.        ],exiting,[ 0.50568378 -0.03156594 -0.11489306]
1080.49178981781,1000,False,4,6,[3.68731128 4.95125662 4.        ],cruising,[-0.82138112 -0.19970136 -0.21083176]
1080.49178981781,1001,False,2,1,[-7.09126313 -0.70002176  2.68903015],entering,[-0.48080528  0.59740651 -0.20557775]
1080.49178981781,1002,False,6,5,[-6.39088533  4.64776114  4.        ],exiting,[ 0.5677905  -0.59831228 -0.99408226]
1080.49178981781,1003,False,0,3,[8.4900543  0.01626164 3.99984861],cruising,[ 0.63925976  0.24903542 -0.34837281]
1080.49178981781,1004,False,1,0,[ 5.8287723  -4.85966037  4.00028847],cruising,[-0.62185191  0.08809385  0.93462812]
1080.49178981781,1005,False,2,4,[ 8.19065041 -5.45127306  4.        ],exiting,[ 0.50568378 -0.03156594 -0.11489306]
1080.5882303714752,1000,False,4,6,[3.88677138 4.936571   4.        ],cruising,[-0.82138112 -0.19970136 -0.21083176]
1080.5882303714752,1001,False,2,1,[-6.98982741 -0.57638158  2.76403015],entering,[-0.48080528  0.59740651 -0.20557775]
1080.5882303714752,1002,False,6,5,[-6.45162187  4.79814955  4.        ],exiting,[ 0.5677905  -0.59831228 -0.99408226]
1080.5882303714752,1003,False,0,3,[ 8.48602606 -0.18369778  3.99987132],cruising,[ 0.63925976  0.24903542 -0.34837281]
1080.5882303714752,1004,False,1,0,[ 5.65356964 -4.81458484  4.00040101],cruising,[-0.62185191  0.08809385  0.93462812]
1080.5882303714752,1005,False,2,4,[ 8.21822889 -5.547395    4.        ],exiting,[ 0.50568378 -0.03156594 -0.11489306]
1080.6935033798218,1000,False,4,6,[4.08633417 4.92335392 4.        ],cruising,[-0.82138112 -0.19970136 -0.21083176]
1080.6935033798218,1001,False,2,1,[-6.87789801 -0.43571545  2.83903015],entering,[-0.48080528  0.59740651 -0.20557775]
1080.6935033798218,1002,False,6,5,[-6.51251323  4.92853856  4.        ],exiting,[ 0.5677905  -0.59831228 -0.99408226]
1080.6935033798218,1003,False,0,3,[ 8.47792066 -0.38353347  3.99989062],cruising,[ 0.63925976  0.24903542 -0.34837281]
1080.6935033798218,1004,False,1,0,[ 5.48163233 -4.74977773  4.00046482],cruising,[-0.62185191  0.08809385  0.93462812]
1080.6935033798218,1005,False,2,4,[ 8.24580737 -5.64351694  4.        ],exiting,[ 0.50568378 -0.03156594 -0.11489306]
1080.7880518436432,1000,False,4,6,[4.28594286 4.91084898 4.        ],cruising,[-0.82138112 -0.19970136 -0.21083176]
1080.7880518436432,1001,False,2,1,[-6.75811683 -0.27665504  2.91403015],entering,[-0.48080528  0.59740651 -0.20557775]
1080.7880518436432,1002,False,6,5,[-6.57388904  5.03893343  4.        ],exiting,[ 0.5677905  -0.59831228 -0.99408226]
1080.7880518436432,1003,False,0,3,[ 8.46806726 -0.5832906   3.99990703],cruising,[ 0.63925976  0.24903542 -0.34837281]
1080.7880518436432,1004,False,1,0,[ 5.31271954 -4.66520071  4.00047479],cruising,[-0.62185191  0.08809385  0.93462812]
1080.7880518436432,1005,False,2,4,[ 8.27338585 -5.73963888  4.        ],exiting,[ 0.50568378 -0.03156594 -0.11489306]
1080.8930320739746,1000,False,4,6,[4.48555309 4.89836879 4.        ],cruising,[-0.82138112 -0.19970136 -0.21083176]
1080.8930320739746,1001,False,2,1,[-6.64123131 -0.11436587  2.98903015],entering,[-0.48080528  0.59740651 -0.20557775]
1080.8930320739746,1002,False,6,5,[-6.63606051  5.12934414  4.        ],exiting,[ 0.5677905  -0.59831228 -0.99408226]
1080.8930320739746,1003,False,0,3,[ 8.45630919 -0.78294467  3.99992097],cruising,[ 0.63925976  0.24903542 -0.34837281]
1080.8930320739746,1004,False,1,0,[ 5.14624383 -4.56077282  4.00042658],cruising,[-0.62185191  0.08809385  0.93462812]
1080.8930320739746,1005,False,2,4,[ 8.30096433 -5.83576082  4.        ],exiting,[ 0.50568378 -0.03156594 -0.11489306]
1080.9795517921448,1000,False,4,6,[4.68512397 4.88527434 4.        ],cruising,[-0.82138112 -0.19970136 -0.21083176]
1080.9795517921448,1001,False,2,1,[-6.52786382  0.05040006  3.06403015],entering,[-0.48080528  0.59740651 -0.20557775]
1080.9795517921448,1002,False,6,5,[-6.69894206  5.2070996   4.        ],exiting,[ 0.5677905  -0.59831228 -0.99408226]
1080.9795517921448,1003,False,0,3,[ 8.44043571 -0.98231376  3.99993283],cruising,[ 0.63925976  0.24903542 -0.34837281]
1080.9795517921448,1004,False,1,0,[ 4.9761165  -4.45562202  4.00036259],cruising,[-0.62185191  0.08809385  0.93462812]
1080.9795517921448,1005,False,2,4,[ 8.32854281 -5.93188276  4.        ],exiting,[ 0.50568378 -0.03156594 -0.11489306]
1081.0875239372253,1000,False,4,6,[4.88465062 4.87152248 4.        ],cruising,[-0.82138112 -0.19970136 -0.21083176]
1081.0875239372253,1001,False,2,1,[-6.418627    0.21793309  3.13903015],entering,[-0.48080528  0.59740651 -0.20557775]
1081.0875239372253,1002,False,6,5,[-6.76182361  5.28485506  4.        ],exiting,[ 0.5677905  -0.59831228 -0.99408226]
1081.0875239372253,1003,False,0,3,[ 8.42270465 -1.18152623  3.9999429 ],cruising,[ 0.63925976  0.24903542 -0.34837281]
1081.0875239372253,1004,False,1,0,[ 4.80279304 -4.35582735  4.0003082 ],cruising,[-0.62185191  0.08809385  0.93462812]
1081.0875239372253,1005,False,2,4,[ 8.35612129 -6.0280047   4.        ],exiting,[ 0.50568378 -0.03156594 -0.11489306]
1081.1838989257812,1000,False,4,6,[5.0840577  4.85613357 4.        ],cruising,[-0.82138112 -0.19970136 -0.21083176]
1081.1838989257812,1001,False,2,1,[-6.31405574  0.38841726  3.21403015],entering,[-0.48080528  0.59740651 -0.20557775]
1081.1838989257812,1002,False,6,5,[-6.82470515  5.36261051  4.        ],exiting,[ 0.5677905  -0.59831228 -0.99408226]
1081.1838989257812,1003,False,0,3,[ 8.40292318 -1.38054556  3.99995147],cruising,[ 0.63925976  0.24903542 -0.34837281]
1081.1838989257812,1004,False,1,0,[ 4.62599842 -4.26231979  4.00026197],cruising,[-0.62185191  0.08809385  0.93462812]
1081.1838989257812,1005,False,2,4,[ 8.38369977 -6.12412664  4.        ],exiting,[ 0.50568378 -0.03156594 -0.11489306]
1081.2893297672272,1000,False,4,6,[5.28327539 4.83846122 4.        ],cruising,[-0.82138112 -0.19970136 -0.21083176]
1081.2893297672272,1001,False,2,1,[-6.21484856  0.56207766  3.28903015],entering,[-0.48080528  0.59740651 -0.20557775]
1081.2893297672272,1002,False,6,5,[-6.8875867   5.44036597  4.        ],exiting,[ 0.5677905  -0.59831228 -0.99408226]
1081.2893297672272,1003,False,0,3,[ 8.38091526 -1.579331    3.99995875],cruising,[ 0.63925976  0.24903542 -0.34837281]
1081.2893297672272,1004,False,1,0,[ 4.44738974 -4.17232568  4.00022268],cruising,[-0.62185191  0.08809385  0.93462812]
1081.2893297672272,1005,False,2,4,[ 8.41127825 -6.22024858  4.        ],exiting,[ 0.50568378 -0.03156594 -0.11489306]
1081.3846271038055,1000,False,4,6,[5.48221058 4.81785077 4.        ],cruising,[-0.82138112 -0.19970136 -0.21083176]
1081.3846271038055,1001,False,2,1,[-6.12183259  0.73913141  3.36403015],entering,[-0.48080528  0.59740651 -0.20557775]
1081.3846271038055,1002,False,6,5,[-6.95046824  5.51812143  4.        ],exiting,[ 0.5677905  -0.59831228 -0.99408226]
1081.3846271038055,1003,False,0,3,[ 8.35412203 -1.77752818  3.99996494],cruising,[ 0.63925976  0.24903542 -0.34837281]
1081.3846271038055,1004,False,1,0,[ 4.26673122 -4.08652068  4.00018927],cruising,[-0.62185191  0.08809385  0.93462812]
1081.3846271038055,1005,False,2,4,[ 8.43885673 -6.31637052  4.        ],exiting,[ 0.50568378 -0.03156594 -0.11489306]
1081.4819874763489,1000,False,4,6,[5.68073725 4.7936194  4.        ],exiting,[-0.82138112 -0.19970136 -0.21083176]
1081.4819874763489,1001,False,2,1,[-6.0359704   0.91976276  3.43903015],entering,[-0.48080528  0.59740651 -0.20557775]
1081.4819874763489,1002,False,6,5,[-7.01334979  5.59587689  4.        ],exiting,[ 0.5677905  -0.59831228 -0.99408226]
1081.4819874763489,1003,False,0,3,[ 8.32507109 -1.97540704  3.9999702 ],cruising,[ 0.63925976  0.24903542 -0.34837281]
1081.4819874763489,1004,False,1,0,[ 4.08506617 -4.00286776  4.00016088],cruising,[-0.62185191  0.08809385  0.93462812]
1081.4819874763489,1005,False,2,4,[ 8.46643521 -6.41249246  4.        ],exiting,[ 0.50568378 -0.03156594 -0.11489306]
1081.5808718204498,1000,False,4,6,[5.86323865 4.78135426 4.        ],exiting,[-0.82138112 -0.19970136 -0.21083176]
1081.5808718204498,1001,False,2,1,[-5.95841082  1.10411165  3.51403015],entering,[-0.48080528  0.59740651 -0.20557775]
1081.5808718204498,1002,False,6,5,[-7.07623134  5.67363234  4.        ],exiting,[ 0.5677905  -0.59831228 -0.99408226]
1081.5808718204498,1003,False,0,3,[ 8.29350889 -2.17290091  3.99997467],cruising,[ 0.63925976  0.24903542 -0.34837281]
1081.5808718204498,1004,False,1,0,[ 3.90217488 -3.92193091  4.00013675],cruising,[-0.62185191  0.08809385  0.93462812]
1081.5808718204498,1005,False,2,4,[ 8.49401369 -6.5086144   4.        ],exiting,[ 0.50568378 -0.03156594 -0.11489306]
1081.692275762558,1000,False,4,6,[6.0296924  4.78102532 4.        ],exiting,[-0.82138112 -0.19970136 -0.21083176]
1081.692275762558,1001,False,2,1,[-5.89049542  1.2922273   3.58692562],entering,[-0.48080528  0.59740651 -0.20557775]
1081.692275762558,1002,False,6,5,[-7.13911288  5.7513878   4.        ],exiting,[ 0.5677905  -0.59831228 -0.99408226]
1081.692275762558,1003,False,0,3,[ 8.25638674 -2.36942558  3.99997847],cruising,[ 0.63925976  0.24903542 -0.34837281]
1081.692275762558,1004,False,1,0,[ 3.71866961 -3.84239589  4.00011624],cruising,[-0.62185191  0.08809385  0.93462812]
1081.692275762558,1005,False,2,4,[ 8.52159217 -6.60473634  4.        ],exiting,[ 0.50568378 -0.03156594 -0.11489306]
1081.782949924469,1000,False,4,6,[6.1800694  4.79259336 4.        ],exiting,[-0.82138112 -0.19970136 -0.21083176]
1081.782949924469,1001,False,2,1,[-5.83373528  1.48400395  3.64888678],entering,[-0.48080528  0.59740651 -0.20557775]
1081.782949924469,1002,False,6,5,[-7.20199443  5.82914326  4.        ],exiting,[ 0.5677905  -0.59831228 -0.99408226]
1081.782949924469,1003,False,0,3,[ 8.21654892 -2.56541779  3.9999817 ],cruising,[ 0.63925976  0.24903542 -0.34837281]
1081.782949924469,1004,False,1,0,[ 3.53438441 -3.76468511  4.0000988 ],cruising,[-0.62185191  0.08809385  0.93462812]
1081.782949924469,1005,False,2,4,[ 8.54917065 -6.70085828  4.        ],exiting,[ 0.50568378 -0.03156594 -0.11489306]
1081.8832149505615,1000,False,4,6,[6.31433154 4.8160067  4.        ],exiting,[-0.82138112 -0.19970136 -0.21083176]
1081.8832149505615,1001,False,2,1,[-5.78973433  1.67910371  3.70155376],entering,[-0.48080528  0.59740651 -0.20557775]
1081.8832149505615,1002,False,6,5,[-7.26487597  5.90689872  4.        ],exiting,[ 0.5677905  -0.59831228 -0.99408226]
1081.8832149505615,1003,False,0,3,[ 8.17046308 -2.76003561  3.99998444],cruising,[ 0.63925976  0.24903542 -0.34837281]
1081.8832149505615,1004,False,1,0,[ 3.34961924 -3.68812252  4.00008398],cruising,[-0.62185191  0.08809385  0.93462812]
1081.8832149505615,1005,False,2,4,[ 8.57674913 -6.79698022  4.        ],exiting,[ 0.50568378 -0.03156594 -0.11489306]
1081.990029335022,1000,False,4,6,[6.43242574 4.85119281 4.        ],exiting,[-0.82138112 -0.19970136 -0.21083176]
1081.990029335022,1001,False,2,1,[-5.76003479  1.87688626  3.7463207 ],entering,[-0.48080528  0.59740651 -0.20557775]
1081.990029335022,1002,False,6,5,[-7.32775752  5.98465417  4.        ],exiting,[ 0.5677905  -0.59831228 -0.99408226]
1081.990029335022,1003,False,0,3,[ 8.12120995 -2.95387609  3.99998678],cruising,[ 0.63925976  0.24903542 -0.34837281]
1081.990029335022,1004,False,1,0,[ 3.16431115 -3.61288349  4.00007138],cruising,[-0.62185191  0.08809385  0.93462812]
1081.990029335022,1005,False,2,4,[ 8.60432761 -6.89310217  4.        ],exiting,[ 0.50568378 -0.03156594 -0.11489306]
1082.0820043087006,1000,False,4,6,[6.53428209 4.89805505 4.        ],exiting,[-0.82138112 -0.19970136 -0.21083176]
1082.0820043087006,1001,False,2,1,[-5.74587802  2.0763846   3.78437259],entering,[-0.48080528  0.59740651 -0.20557775]
1082.0820043087006,1002,False,6,5,[-7.39063907  6.06240963  4.        ],exiting,[ 0.5677905  -0.59831228 -0.99408226]
1082.0820043087006,1003,False,0,3,[ 8.06451135 -3.14567095  3.99998876],cruising,[ 0.63925976  0.24903542 -0.34837281]
1082.0820043087006,1004,False,1,0,[ 2.97847203 -3.53896583  4.00006068],cruising,[-0.62185191  0.08809385  0.93462812]
1082.0820043087006,1005,False,2,4,[ 8.63190609 -6.98922411  4.        ],exiting,[ 0.50568378 -0.03156594 -0.11489306]
1082.1868689060211,1000,False,4,6,[6.6198468  4.95651825 4.        ],exiting,[-0.82138112 -0.19970136 -0.21083176]
1082.1868689060211,1001,False,2,1,[-5.74706943  2.27638105  3.8167167 ],entering,[-0.48080528  0.59740651 -0.20557775]
1082.1868689060211,1002,False,6,5,[-7.45352061  6.14016509  4.        ],exiting,[ 0.5677905  -0.59831228 -0.99408226]
1082.1868689060211,1003,False,0,3,[ 8.00390814 -3.33626804  3.99999045],cruising,[ 0.63925976  0.24903542 -0.34837281]
1082.1868689060211,1004,False,1,0,[ 2.79201915 -3.46661028  4.00005158],cruising,[-0.62185191  0.08809385  0.93462812]
1082.1868689060211,1005,False,2,4,[ 8.65948458 -7.08534605  4.        ],landing,[ 0.50568378 -0.03156594 -0.11489306]
1082.2937936782837,1000,False,4,6,[6.6890634  5.02650273 4.        ],exiting,[-0.82138112 -0.19970136 -0.21083176]
1082.2937936782837,1001,False,2,1,[-5.76428451  2.47563878  3.8442092 ],cruising,[-0.48080528  0.59740651 -0.20557775]
1082.2937936782837,1002,False,6,5,[-7.51640216  6.21792055  4.        ],exiting,[ 0.5677905  -0.59831228 -0.99408226]
1082.2937936782837,1003,False,0,3,[ 7.93395787 -3.52363655  3.99999188],cruising,[ 0.63925976  0.24903542 -0.34837281]
1082.2937936782837,1004,False,1,0,[ 2.60507126 -3.39554352  4.00004384],cruising,[-0.62185191  0.08809385  0.93462812]
1082.2937936782837,1005,False,2,4,[ 8.68014415 -7.16922537  3.98577864],landing,[ 0.50568378 -0.03156594 -0.11489306]
1082.3830184936523,1000,False,4,6,[6.74187359 5.10792527 4.        ],exiting,[-0.82138112 -0.19970136 -0.21083176]
1082.3830184936523,1001,False,2,1,[-5.79535972  2.67320986  3.86757782],cruising,[-0.48080528  0.59740651 -0.20557775]
1082.3830184936523,1002,False,6,5,[-7.5792837  6.295676   4.       ],exiting,[ 0.5677905  -0.59831228 -0.99408226]
1082.3830184936523,1003,False,0,3,[ 7.85359216 -3.70677954  3.9999931 ],cruising,[ 0.63925976  0.24903542 -0.34837281]
1082.3830184936523,1004,False,1,0,[ 2.41732433 -3.32661537  4.00003726],cruising,[-0.62185191  0.08809385  0.93462812]
1082.3830184936523,1005,False,2,4,[ 8.69387241 -7.2406844   3.95749694],landing,[ 0.50568378 -0.03156594 -0.11489306]
1082.4879794120789,1000,False,4,6,[6.77821796 5.2007002  4.        ],exiting,[-0.82138112 -0.19970136 -0.21083176]
1082.4879794120789,1001,False,2,1,[-5.83973671  2.86822443  3.88744115],cruising,[-0.48080528  0.59740651 -0.20557775]
1082.4879794120789,1002,False,6,5,[-7.64216525  6.37343146  4.        ],exiting,[ 0.5677905  -0.59831228 -0.99408226]
1082.4879794120789,1003,False,0,3,[ 7.76124608 -3.8841836   3.99999413],cruising,[ 0.63925976  0.24903542 -0.34837281]
1082.4879794120789,1004,False,1,0,[ 2.22863543 -3.26030927  4.00003167],cruising,[-0.62185191  0.08809385  0.93462812]
1082.4879794120789,1005,False,2,4,[ 8.70065582 -7.29951292  3.9153502 ],landing,[ 0.50568378 -0.03156594 -0.11489306]
1082.5809116363525,1000,False,4,6,[6.81327135 5.29435521 4.        ],exiting,[-0.82138112 -0.19970136 -0.21083176]
1082.5809116363525,1001,False,2,1,[-5.89374078  3.06079535  3.90432497],cruising,[-0.48080528  0.59740651 -0.20557775]
1082.5809116363525,1002,False,6,5,[-7.7050468   6.45118692  4.        ],exiting,[ 0.5677905  -0.59831228 -0.99408226]
1082.5809116363525,1003,False,0,3,[ 7.65479884 -4.05350278  3.99999501],cruising,[ 0.63925976  0.24903542 -0.34837281]
1082.5809116363525,1004,False,1,0,[ 2.03934153 -3.1957506   4.00002692],cruising,[-0.62185191  0.08809385  0.93462812]
1082.5809116363525,1005,False,2,4,[ 8.70047776 -7.34541952  3.8596181 ],landing,[ 0.50568378 -0.03156594 -0.11489306]
1082.6838755607605,1000,False,4,6,[6.84832473 5.38801022 4.        ],exiting,[-0.82138112 -0.19970136 -0.21083176]
1082.6838755607605,1001,False,2,1,[-5.95493344  3.25120401  3.91867623],cruising,[-0.48080528  0.59740651 -0.20557775]
1082.6838755607605,1002,False,6,5,[-7.76792834  6.52894238  4.        ],exiting,[ 0.5677905  -0.59831228 -0.99408226]
1082.6838755607605,1003,False,0,3,[ 7.5319868  -4.21132445  3.99999576],cruising,[ 0.63925976  0.24903542 -0.34837281]
1082.6838755607605,1004,False,1,0,[ 1.84877148 -3.13506243  4.00002288],cruising,[-0.62185191  0.08809385  0.93462812]
1082.6838755607605,1005,False,2,4,[ 8.693327   -7.37817516  3.7905281 ],landing,[ 0.50568378 -0.03156594 -0.11489306]
1082.7821745872498,1000,False,4,6,[6.88337812 5.48166522 4.        ],exiting,[-0.82138112 -0.19970136 -0.21083176]
1082.7821745872498,1001,False,2,1,[-6.0209189   3.44000528  3.93087479],cruising,[-0.48080528  0.59740651 -0.20557775]
1082.7821745872498,1002,False,6,5,[-7.83080989  6.60669783  4.        ],exiting,[ 0.5677905  -0.59831228 -0.99408226]
1082.7821745872498,1003,False,0,3,[ 7.39424071 -4.35584295  3.99999643],cruising,[ 0.63925976  0.24903542 -0.34837281]
1082.7821745872498,1004,False,1,0,[ 1.65674133 -3.07916588  4.00001945],cruising,[-0.62185191  0.08809385  0.93462812]
1082.7821745872498,1005,False,2,4,[ 8.6791943  -7.39755863  3.70830655],landing,[ 0.50568378 -0.03156594 -0.11489306]
1082.8853421211243,1000,False,4,6,[6.9184315  5.57532023 4.        ],exiting,[-0.82138112 -0.19970136 -0.21083176]
1082.8853421211243,1001,False,2,1,[-6.09175419  3.627041    3.94124357],cruising,[-0.48080528  0.59740651 -0.20557775]
1082.8853421211243,1002,False,6,5,[-7.89369144  6.68445329  4.        ],exiting,[ 0.5677905  -0.59831228 -0.99408226]
1082.8853421211243,1003,False,0,3,[ 7.24400933 -4.48473719  3.99999705],cruising,[ 0.63925976  0.24903542 -0.34837281]
1082.8853421211243,1004,False,1,0,[ 1.46305872 -3.02929562  4.00001653],cruising,[-0.62185191  0.08809385  0.93462812]
1082.8853421211243,1005,False,2,4,[ 8.65807198 -7.40334685  3.6131887 ],landing,[ 0.50568378 -0.03156594 -0.11489306]
1082.9797794818878,1000,False,4,6,[6.95348488 5.66897524 4.        ],exiting,[-0.82138112 -0.19970136 -0.21083176]
1082.9797794818878,1001,False,2,1,[-6.16283422  3.81398385  3.95005704],cruising,[-0.48080528  0.59740651 -0.20557775]
1082.9797794818878,1002,False,6,5,[-7.95657298  6.76220875  4.        ],exiting,[ 0.5677905  -0.59831228 -0.99408226]
1082.9797794818878,1003,False,0,3,[ 7.08320913 -4.59665203  3.99999762],cruising,[ 0.63925976  0.24903542 -0.34837281]
1082.9797794818878,1004,False,1,0,[ 1.2675508  -2.98714524  4.00001405],cruising,[-0.62185191  0.08809385  0.93462812]
1082.9797794818878,1005,False,2,4,[ 8.63568424 -7.40663501  3.51578245],landing,[ 0.50568378 -0.03156594 -0.11489306]
1083.0895669460297,1000,False,4,6,[6.98853827 5.76263024 4.        ],exiting,[-0.82138112 -0.19970136 -0.21083176]
1083.0895669460297,1001,False,2,1,[-6.22887329  4.00276638  3.95754848],cruising,[-0.48080528  0.59740651 -0.20557775]
1083.0895669460297,1002,False,6,5,[-8.01945453  6.83996421  4.        ],exiting,[ 0.5677905  -0.59831228 -0.99408226]
1083.0895669460297,1003,False,0,3,[ 6.91389945 -4.69046745  3.99999815],cruising,[ 0.63925976  0.24903542 -0.34837281]
1083.0895669460297,1004,False,1,0,[ 1.07013695 -2.95508632  4.00001195],cruising,[-0.62185191  0.08809385  0.93462812]
1083.0895669460297,1005,False,2,4,[ 8.6132965  -7.40992317  3.4183762 ],landing,[ 0.50568378 -0.03156594 -0.11489306]
1083.1892812252045,1000,False,4,6,[7.02359165 5.85628525 4.        ],exiting,[-0.82138112 -0.19970136 -0.21083176]
1083.1892812252045,1001,False,2,1,[-6.29104666  4.19285707  3.96391621],cruising,[-0.48080528  0.59740651 -0.20557775]
1083.1892812252045,1002,False,6,5,[-8.08233607  6.91771966  4.        ],exiting,[ 0.5677905  -0.59831228 -0.99408226]
1083.1892812252045,1003,False,0,3,[ 6.73822955 -4.76532114  3.99999863],cruising,[ 0.63925976  0.24903542 -0.34837281]
1083.1892812252045,1004,False,1,0,[ 0.87054698 -2.94290866  4.00001014],cruising,[-0.62185191  0.08809385  0.93462812]
1083.1892812252045,1005,False,2,4,[ 8.59090876 -7.41321133  3.32096996],landing,[ 0.50568378 -0.03156594 -0.11489306]
1083.2836413383484,1000,False,4,6,[7.05864503 5.94994026 4.        ],exiting,[-0.82138112 -0.19970136 -0.21083176]
1083.2836413383484,1001,False,2,1,[-6.34688052  4.38490545  3.96932878],cruising,[-0.48080528  0.59740651 -0.20557775]
1083.2836413383484,1002,False,6,5,[-8.14521762  6.99547512  4.        ],exiting,[ 0.5677905  -0.59831228 -0.99408226]
1083.2836413383484,1003,False,0,3,[ 6.55838628 -4.82061509  3.99999907],cruising,[ 0.63925976  0.24903542 -0.34837281]
1083.2836413383484,1004,False,1,0,[ 0.67054848 -2.94213391  4.00000862],cruising,[-0.62185191  0.08809385  0.93462812]
1083.2836413383484,1005,False,2,4,[ 8.56852102 -7.41649949  3.22356371],landing,[ 0.50568378 -0.03156594 -0.11489306]
1083.3853690624237,1000,False,4,6,[7.09369842 6.04359526 4.        ],exiting,[-0.82138112 -0.19970136 -0.21083176]
1083.3853690624237,1001,False,2,1,[-6.38734928  4.58076836  3.97392946],cruising,[-0.48080528  0.59740651 -0.20557775]
1083.3853690624237,1002,False,6,5,[-8.20809917  7.07323058  4.        ],exiting,[ 0.5677905  -0.59831228 -0.99408226]
1083.3853690624237,1003,False,0,3,[ 6.37657649 -4.85600596  3.99999945],cruising,[ 0.63925976  0.24903542 -0.34837281]
1083.3853690624237,1004,False,1,0,[ 0.47109915 -2.95696512  4.00000733],cruising,[-0.62185191  0.08809385  0.93462812]
1083.3853690624237,1005,False,2,4,[ 8.54613328 -7.41978765  3.12615746],landing,[ 0.50568378 -0.03156594 -0.11489306]
1083.4845337867737,1000,False,4,6,[7.1287518  6.13725027 4.        ],exiting,[-0.82138112 -0.19970136 -0.21083176]
1083.4845337867737,1001,False,2,1,[-6.41491312  4.77885984  3.97784004],cruising,[-0.48080528  0.59740651 -0.20557775]
1083.4845337867737,1002,False,6,5,[-8.27098071  7.15098604  4.        ],exiting,[ 0.5677905  -0.59831228 -0.99408226]
1083.4845337867737,1003,False,0,3,[ 6.19422527 -4.87140417  3.99999978],cruising,[ 0.63925976  0.24903542 -0.34837281]
1083.4845337867737,1004,False,1,0,[ 0.2733231  -2.98670789  4.00000623],cruising,[-0.62185191  0.08809385  0.93462812]
1083.4845337867737,1005,False,2,4,[ 8.52374554 -7.42307581  3.02875121],landing,[ 0.50568378 -0.03156594 -0.11489306]
1083.5833790302277,1000,False,4,6,[7.16380519 6.23090528 4.        ],exiting,[-0.82138112 -0.19970136 -0.21083176]
1083.5833790302277,1001,False,2,1,[-6.42252895  4.97832883  3.98132724],cruising,[-0.48080528  0.59740651 -0.20557775]
1083.5833790302277,1002,False,6,5,[-8.33386226  7.22874149  4.        ],exiting,[ 0.5677905  -0.59831228 -0.99408226]
1083.5833790302277,1003,False,0,3,[ 6.01275716 -4.86682187  4.00000006],cruising,[ 0.63925976  0.24903542 -0.34837281]
1083.5833790302277,1004,False,1,0,[ 0.07916341 -3.0346872   4.00000529],cruising,[-0.62185191  0.08809385  0.93462812]
1083.5833790302277,1005,False,2,4,[ 8.5013578  -7.42636397  2.93134496],landing,[ 0.50568378 -0.03156594 -0.11489306]
1083.686440229416,1000,False,4,6,[7.19885857 6.32456028 4.        ],exiting,[-0.82138112 -0.19970136 -0.21083176]
1083.686440229416,1001,False,2,1,[-6.41019013  5.17648651  3.98451101],cruising,[-0.48080528  0.59740651 -0.20557775]
1083.686440229416,1002,False,6,5,[-8.3967438   7.30649695  4.        ],landing,[ 0.5677905  -0.59831228 -0.99408226]
1083.686440229416,1003,False,0,3,[ 5.8333549  -4.84234656  4.00000027],cruising,[ 0.63925976  0.24903542 -0.34837281]
1083.686440229416,1004,False,1,0,[-0.11176902 -3.0942255   4.0000045 ],cruising,[-0.62185191  0.08809385  0.93462812]
1083.686440229416,1005,False,2,4,[ 8.47897006 -7.42965213  2.83393872],landing,[ 0.50568378 -0.03156594 -0.11489306]
1083.789433479309,1000,False,4,6,[7.23391195 6.41821529 4.        ],exiting,[-0.82138112 -0.19970136 -0.21083176]
1083.789433479309,1001,False,2,1,[-6.37823095  5.37077492  3.9874286 ],cruising,[-0.48080528  0.59740651 -0.20557775]
1083.789433479309,1002,False,6,5,[-8.44856651  7.37581299  3.98563065],landing,[ 0.5677905  -0.59831228 -0.99408226]
1083.789433479309,1003,False,0,3,[ 5.65654472 -4.79803993  4.00000043],cruising,[ 0.63925976  0.24903542 -0.34837281]
1083.789433479309,1004,False,1,0,[-0.29918695 -3.16404324  4.00000383],cruising,[-0.62185191  0.08809385  0.93462812]
1083.789433479309,1005,False,2,4,[ 8.45658232 -7.43294029  2.73653247],landing,[ 0.50568378 -0.03156594 -0.11489306]
1083.8834154605865,1000,False,4,6,[7.26896534 6.5118703  4.        ],exiting,[-0.82138112 -0.19970136 -0.21083176]
1083.8834154605865,1001,False,2,1,[-6.32727797  5.55880462  3.99009396],cruising,[-0.48080528  0.59740651 -0.20557775]
1083.8834154605865,1002,False,6,5,[-8.4892481   7.43652993  3.95705105],landing,[ 0.5677905  -0.59831228 -0.99408226]
1083.8834154605865,1003,False,0,3,[ 5.48305111 -4.73401021  4.00000052],cruising,[ 0.63925976  0.24903542 -0.34837281]
1083.8834154605865,1004,False,1,0,[-0.48203425 -3.24507945  4.00000325],cruising,[-0.62185191  0.08809385  0.93462812]
1083.8834154605865,1005,False,2,4,[ 8.43419459 -7.43622845  2.63912622],landing,[ 0.50568378 -0.03156594 -0.11489306]
1083.9797666072845,1000,False,4,6,[7.30401872 6.6055253  4.        ],exiting,[-0.82138112 -0.19970136 -0.21083176]
1083.9797666072845,1001,False,2,1,[-6.25821888  5.73834268  3.99251274],cruising,[-0.48080528  0.59740651 -0.20557775]
1083.9797666072845,1002,False,6,5,[-8.51869182  7.48845744  3.91445517],landing,[ 0.5677905  -0.59831228 -0.99408226]
1083.9797666072845,1003,False,0,3,[ 5.31265931 -4.65022248  4.00000054],cruising,[ 0.63925976  0.24903542 -0.34837281]
1083.9797666072845,1004,False,1,0,[-0.66148916 -3.33337403  4.00000276],cruising,[-0.62185191  0.08809385  0.93462812]
1083.9797666072845,1005,False,2,4,[ 8.41180685 -7.43951661  2.54171997],landing,[ 0.50568378 -0.03156594 -0.11489306]
1084.0916805267334,1000,False,4,6,[7.3390721  6.69918031 4.        ],exiting,[-0.82138112 -0.19970136 -0.21083176]
1084.0916805267334,1001,False,2,1,[-6.17207799  5.90748151  3.99466982],cruising,[-0.48080528  0.59740651 -0.20557775]
1084.0916805267334,1002,False,6,5,[-8.53676382  7.53132748  3.85812444],landing,[ 0.5677905  -0.59831228 -0.99408226]
1084.0916805267334,1003,False,0,3,[ 5.14481768 -4.546598    4.00000049],cruising,[ 0.63925976  0.24903542 -0.34837281]
1084.0916805267334,1004,False,1,0,[-0.83937683 -3.42478507  4.00000235],cruising,[-0.62185191  0.08809385  0.93462812]
1084.0916805267334,1005,False,2,4,[ 8.38941911 -7.44280476  2.44431372],landing,[ 0.50568378 -0.03156594 -0.11489306]
1084.1875083446503,1000,False,4,6,[7.37412549 6.79283532 4.        ],exiting,[-0.82138112 -0.19970136 -0.21083176]
1084.1875083446503,1001,False,2,1,[-6.06976526  6.06485612  3.99655424],cruising,[-0.48080528  0.59740651 -0.20557775]
1084.1875083446503,1002,False,6,5,[-8.54336623  7.56494022  3.78827517],landing,[ 0.5677905  -0.59831228 -0.99408226]
1084.1875083446503,1003,False,0,3,[ 4.9733489  -4.4436492   4.00000041],cruising,[ 0.63925976  0.24903542 -0.34837281]
1084.1875083446503,1004,False,1,0,[-1.01806637 -3.51461853  4.000002  ],cruising,[-0.62185191  0.08809385  0.93462812]
1084.1875083446503,1005,False,2,4,[ 8.36703137 -7.44609292  2.34690748],landing,[ 0.50568378 -0.03156594 -0.11489306]
1084.282220363617,1000,False,4,6,[7.40917887 6.88649032 4.        ],exiting,[-0.82138112 -0.19970136 -0.21083176]
1084.282220363617,1001,False,2,1,[-5.95247346  6.20898099  3.99817051],cruising,[-0.48080528  0.59740651 -0.20557775]
1084.282220363617,1002,False,6,5,[-8.53840205  7.58909408  3.7051314 ],landing,[ 0.5677905  -0.59831228 -0.99408226]
1084.282220363617,1003,False,0,3,[ 4.79897263 -4.34570576  4.00000035],cruising,[ 0.63925976  0.24903542 -0.34837281]
1084.282220363617,1004,False,1,0,[-1.20141719 -3.59450893  4.0000017 ],cruising,[-0.62185191  0.08809385  0.93462812]
1084.282220363617,1005,False,2,4,[ 8.34464363 -7.44938108  2.24950123],landing,[ 0.50568378 -0.03156594 -0.11489306]
1084.3943750858307,1000,False,4,6,[7.44423225 6.98014533 4.        ],exiting,[-0.82138112 -0.19970136 -0.21083176]
1084.3943750858307,1001,False,2,1,[-5.82108921  6.33891695  3.99950761],cruising,[-0.48080528  0.59740651 -0.20557775]
1084.3943750858307,1002,False,6,5,[-8.52177493  7.60358509  3.60892605],landing,[ 0.5677905  -0.59831228 -0.99408226]
1084.3943750858307,1003,False,0,3,[ 4.62137315 -4.25373606  4.0000003 ],cruising,[ 0.63925976  0.24903542 -0.34837281]
1084.3943750858307,1004,False,1,0,[-1.39166764 -3.65562714  4.00000144],cruising,[-0.62185191  0.08809385  0.93462812]
1084.3943750858307,1005,False,2,4,[ 8.32225589 -7.45266924  2.15209498],landing,[ 0.50568378 -0.03156594 -0.11489306]
1084.4814183712006,1000,False,4,6,[7.47928564 7.07380034 4.        ],exiting,[-0.82138112 -0.19970136 -0.21083176]
1084.4814183712006,1001,False,2,1,[-5.67645683  6.45387281  4.000556  ],cruising,[-0.48080528  0.59740651 -0.20557775]
1084.4814183712006,1002,False,6,5,[-8.5039855   7.61710048  3.51145364],landing,[ 0.5677905  -0.59831228 -0.99408226]
1084.4814183712006,1003,False,0,3,[ 4.44214684 -4.16497837  4.00000025],cruising,[ 0.63925976  0.24903542 -0.34837281]
1084.4814183712006,1004,False,1,0,[-1.58567288 -3.69710097  4.00000119],cruising,[-0.62185191  0.08809385  0.93462812]
1084.4814183712006,1005,False,2,4,[ 8.29986815 -7.4559574   2.05468873],landing,[ 0.50568378 -0.03156594 -0.11489306]
1084.5818943977356,1000,False,4,6,[7.51433902 7.16745534 4.        ],exiting,[-0.82138112 -0.19970136 -0.21083176]
1084.5818943977356,1001,False,2,1,[-5.51934471  6.55320279  4.00130721],cruising,[-0.48080528  0.59740651 -0.20557775]
1084.5818943977356,1002,False,6,5,[-8.48619607  7.63061588  3.41398123],landing,[ 0.5677905  -0.59831228 -0.99408226]
1084.5818943977356,1003,False,0,3,[ 4.26101934 -4.08016781  4.00000022],cruising,[ 0.63925976  0.24903542 -0.34837281]
1084.5818943977356,1004,False,1,0,[-1.78032757 -3.71858535  4.00000097],cruising,[-0.62185191  0.08809385  0.93462812]
1084.5818943977356,1005,False,2,4,[ 8.27748041 -7.45924556  1.95728248],landing,[ 0.50568378 -0.03156594 -0.11489306]
1084.6796035766602,1000,False,4,6,[7.54939241 7.26111035 4.        ],exiting,[-0.82138112 -0.19970136 -0.21083176]
1084.6796035766602,1001,False,2,1,[-5.35044509  6.63637843  4.00175523],cruising,[-0.48080528  0.59740651 -0.20557775]
1084.6796035766602,1002,False,6,5,[-8.46840664  7.64413127  3.31650882],landing,[ 0.5677905  -0.59831228 -0.99408226]
1084.6796035766602,1003,False,0,3,[ 4.07899651 -3.99729629  4.00000018],cruising,[ 0.63925976  0.24903542 -0.34837281]
1084.6796035766602,1004,False,1,0,[-1.97263826 -3.72020757  4.00000075],cruising,[-0.62185191  0.08809385  0.93462812]
1084.6796035766602,1005,False,2,4,[ 8.25509267 -7.46253372  1.85987624],landing,[ 0.50568378 -0.03156594 -0.11489306]
1084.794461965561,1000,False,4,6,[7.58444579 7.35476536 4.        ],exiting,[-0.82138112 -0.19970136 -0.21083176]
1084.794461965561,1001,False,2,1,[-5.17060717  6.70281288  4.00190976],cruising,[-0.48080528  0.59740651 -0.20557775]
1084.794461965561,1002,False,6,5,[-8.45061722  7.65764667  3.21903642],landing,[ 0.5677905  -0.59831228 -0.99408226]
1084.794461965561,1003,False,0,3,[ 3.89583269 -3.91697808  4.00000016],cruising,[ 0.63925976  0.24903542 -0.34837281]
1084.794461965561,1004,False,1,0,[-2.15971463 -3.70252688  4.00000055],cruising,[-0.62185191  0.08809385  0.93462812]
1084.794461965561,1005,False,2,4,[ 8.23270493 -7.46582188  1.76246999],landing,[ 0.50568378 -0.03156594 -0.11489306]
1084.8928916454315,1000,False,4,6,[7.61949917 7.44842036 4.        ],exiting,[-0.82138112 -0.19970136 -0.21083176]
1084.8928916454315,1001,False,2,1,[-4.97985164  6.75249291  4.00175553],cruising,[-0.48080528  0.59740651 -0.20557775]
1084.8928916454315,1002,False,6,5,[-8.43282779  7.67116206  3.12156401],landing,[ 0.5677905  -0.59831228 -0.99408226]
1084.8928916454315,1003,False,0,3,[ 3.7121196  -3.8379243   4.00000013],cruising,[ 0.63925976  0.24903542 -0.34837281]
1084.8928916454315,1004,False,1,0,[-2.33923278 -3.66632936  4.00000036],cruising,[-0.62185191  0.08809385  0.93462812]
1084.8928916454315,1005,False,2,4,[ 8.21031719 -7.46911004  1.66506374],landing,[ 0.50568378 -0.03156594 -0.11489306]
1084.983698606491,1000,False,4,6,[7.65455256 7.54207537 4.        ],exiting,[-0.82138112 -0.19970136 -0.21083176]
1084.983698606491,1001,False,2,1,[-4.78510295  6.79802254  4.0014922 ],cruising,[-0.48080528  0.59740651 -0.20557775]
1084.983698606491,1002,False,6,5,[-8.41503836  7.68467746  3.0240916 ],landing,[ 0.5677905  -0.59831228 -0.99408226]
1084.983698606491,1003,False,0,3,[ 3.52767519 -3.76059217  4.00000011],cruising,[ 0.63925976  0.24903542 -0.34837281]
1084.983698606491,1004,False,1,0,[-2.50899968 -3.61267008  4.00000019],cruising,[-0.62185191  0.08809385  0.93462812]
1084.983698606491,1005,False,2,4,[ 8.18792945 -7.4723982   1.56765749],landing,[ 0.50568378 -0.03156594 -0.11489306]
1085.0842413902283,1000,False,4,6,[7.68960594 7.63573038 4.        ],exiting,[-0.82138112 -0.19970136 -0.21083176]
1085.0842413902283,1001,False,2,1,[-4.59118827  6.8469827   4.00126837],cruising,[-0.48080528  0.59740651 -0.20557775]
1085.0842413902283,1002,False,6,5,[-8.39724893  7.69819285  2.92661919],landing,[ 0.5677905  -0.59831228 -0.99408226]
1085.0842413902283,1003,False,0,3,[ 3.34278809 -3.68432448  4.0000001 ],cruising,[ 0.63925976  0.24903542 -0.34837281]
1085.0842413902283,1004,False,1,0,[-2.66701816 -3.54282516  4.00000003],cruising,[-0.62185191  0.08809385  0.93462812]
1085.0842413902283,1005,False,2,4,[ 8.16554171 -7.47568636  1.47025124],fake_landed,[ 0.50568378 -0.03156594 -0.11489306]
1085.1879343986511,1000,False,4,6,[7.72465932 7.72938538 4.        ],exiting,[-0.82138112 -0.19970136 -0.21083176]
1085.1879343986511,1001,False,2,1,[-4.39778832  6.89793818  4.00107812],cruising,[-0.48080528  0.59740651 -0.20557775]
1085.1879343986511,1002,False,6,5,[-8.3794595   7.71170825  2.82914678],landing,[ 0.5677905  -0.59831228 -0.99408226]
1085.1879343986511,1003,False,0,3,[ 3.15738586 -3.60931771  4.00000008],cruising,[ 0.63925976  0.24903542 -0.34837281]
1085.1879343986511,1004,False,1,0,[-2.81160722 -3.45815963  3.99999989],cruising,[-0.62185191  0.08809385  0.93462812]
1085.1879343986511,1005,False,2,4,[ 8.14763152 -7.47831688  1.39232625],fake_landed,[ 0.50568378 -0.03156594 -0.11489306]
1085.2821700572968,1000,False,4,6,[7.75971271 7.82304039 4.        ],exiting,[-0.82138112 -0.19970136 -0.21083176]
1085.2821700572968,1001,False,2,1,[-4.2039405   6.94716237  4.0009164 ],cruising,[-0.48080528  0.59740651 -0.20557775]
1085.2821700572968,1002,False,6,5,[-8.36167008  7.72522365  2.73167438],landing,[ 0.5677905  -0.59831228 -0.99408226]
1085.2821700572968,1003,False,0,3,[ 2.97147334 -3.53558485  4.00000007],cruising,[ 0.63925976  0.24903542 -0.34837281]
1085.2821700572968,1004,False,1,0,[-2.94130976 -3.36013778  3.99999976],cruising,[-0.62185191  0.08809385  0.93462812]
1085.2821700572968,1005,False,2,4,[ 8.13419888 -7.48028978  1.3338825 ],fake_landed,[ 0.50568378 -0.03156594 -0.11489306]
1085.383401632309,1000,False,4,6,[7.79476609 7.9166954  4.        ],exiting,[-0.82138112 -0.19970136 -0.21083176]
1085.383401632309,1001,False,2,1,[-4.0101404   6.99657413  4.00077894],cruising,[-0.48080528  0.59740651 -0.20557775]
1085.383401632309,1002,False,6,5,[-8.34388065  7.73873904  2.63420197],landing,[ 0.5677905  -0.59831228 -0.99408226]
1085.383401632309,1003,False,0,3,[ 2.78496195 -3.46338028  4.00000006],cruising,[ 0.63925976  0.24903542 -0.34837281]
1085.383401632309,1004,False,1,0,[-3.05482125 -3.25037496  3.99999965],cruising,[-0.62185191  0.08809385  0.93462812]
1085.383401632309,1005,False,2,4,[ 8.12524378 -7.48160504  1.29492   ],fake_landed,[ 0.50568378 -0.03156594 -0.11489306]
1085.4871332645416,1000,False,4,6,[7.82981948 8.0103504  4.        ],exiting,[-0.82138112 -0.19970136 -0.21083176]
1085.4871332645416,1001,False,2,1,[-3.81612641  7.04513927  4.0006621 ],cruising,[-0.48080528  0.59740651 -0.20557775]
1085.4871332645416,1002,False,6,5,[-8.32609122  7.75225444  2.53672956],landing,[ 0.5677905  -0.59831228 -0.99408226]
1085.4871332645416,1003,False,0,3,[ 2.59796715 -3.39243702  4.00000005],cruising,[ 0.63925976  0.24903542 -0.34837281]
1085.4871332645416,1004,False,1,0,[-3.15103946 -3.13056514  3.99999956],cruising,[-0.62185191  0.08809385  0.93462812]
1085.4871332645416,1005,False,2,4,[ 8.12076623 -7.48226268  1.27543875],fake_landed,[ 0.50568378 -0.03156594 -0.11489306]
1085.5803995132446,1000,False,4,6,[7.86487286 8.10400541 4.        ],exiting,[-0.82138112 -0.19970136 -0.21083176]
1085.5803995132446,1001,False,2,1,[-3.62168816  7.09197693  4.00056278],cruising,[-0.48080528  0.59740651 -0.20557775]
1085.5803995132446,1002,False,6,5,[-8.30830179  7.76576983  2.43925715],landing,[ 0.5677905  -0.59831228 -0.99408226]
1085.5803995132446,1003,False,0,3,[ 2.41018013 -3.32361818  4.00000004],cruising,[ 0.63925976  0.24903542 -0.34837281]
1085.5803995132446,1004,False,1,0,[-3.22934259 -3.00186431  3.99999949],cruising,[-0.62185191  0.08809385  0.93462812]
1085.5803995132446,1005,False,2,4,[ 8.12076623 -7.48226268  1.27543875],fake_landed,[ 0.50568378 -0.03156594 -0.11489306]
1085.6801569461823,1000,False,4,6,[7.89992624 8.19766042 4.        ],exiting,[-0.82138112 -0.19970136 -0.21083176]
1085.6801569461823,1001,False,2,1,[-3.42612993  7.13389325  4.00047837],cruising,[-0.48080528  0.59740651 -0.20557775]
1085.6801569461823,1002,False,6,5,[-8.29051237  7.77928523  2.34178474],landing,[ 0.5677905  -0.59831228 -0.99408226]
1085.6801569461823,1003,False,0,3,[ 2.22145491 -3.2574155   4.00000004],cruising,[ 0.63925976  0.24903542 -0.34837281]
1085.6801569461823,1004,False,1,0,[-3.28936412 -2.86505283  3.99999943],cruising,[-0.62185191  0.08809385  0.93462812]
1085.6801569461823,1005,False,4,2,[ 8.12076623 -7.48226268  1.27543875],waiting,[ 0.50568378 -0.03156594 -0.11489306]
1085.7807664871216,1000,False,4,6,[7.93497963 8.29131542 4.        ],exiting,[-0.82138112 -0.19970136 -0.21083176]
1085.7807664871216,1001,False,2,1,[-3.22999087  7.17300166  4.00040661],cruising,[-0.48080528  0.59740651 -0.20557775]
1085.7807664871216,1002,False,6,5,[-8.27272294  7.79280062  2.24431233],landing,[ 0.5677905  -0.59831228 -0.99408226]
1085.7807664871216,1003,False,0,3,[ 2.03212949 -3.19294937  4.00000003],cruising,[ 0.63925976  0.24903542 -0.34837281]
1085.7807664871216,1004,False,1,0,[-3.33092939 -2.72053636  3.9999994 ],cruising,[-0.62185191  0.08809385  0.93462812]
1085.7807664871216,1005,False,4,2,[ 8.12076623 -7.48226268  1.27543875],waiting,[ 0.50568378 -0.03156594 -0.11489306]
1085.8886139392853,1000,False,4,6,[7.97003301 8.38497043 4.        ],exiting,[-0.82138112 -0.19970136 -0.21083176]
1085.8886139392853,1001,False,2,1,[-3.0331723   7.20853265  4.00034562],cruising,[-0.48080528  0.59740651 -0.20557775]
1085.8886139392853,1002,False,6,5,[-8.25493351  7.80631602  2.14683993],landing,[ 0.5677905  -0.59831228 -0.99408226]
1085.8886139392853,1003,False,0,3,[ 1.84152763 -3.13236115  4.00000003],cruising,[ 0.63925976  0.24903542 -0.34837281]
1085.8886139392853,1004,False,1,0,[-3.35396515 -2.56849278  3.99999939],cruising,[-0.62185191  0.08809385  0.93462812]
1085.8886139392853,1005,False,4,2,[ 8.12076623 -7.48226268  1.27543875],waiting,[ 0.50568378 -0.03156594 -0.11489306]
1085.978893995285,1000,False,4,6,[8.00508639 8.47862544 4.        ],exiting,[-0.82138112 -0.19970136 -0.21083176]
1085.978893995285,1001,False,2,1,[-2.83519681  7.23691759  4.00029378],cruising,[-0.48080528  0.59740651 -0.20557775]
1085.978893995285,1002,False,6,5,[-8.23714408  7.81983141  2.04936752],landing,[ 0.5677905  -0.59831228 -0.99408226]
1085.978893995285,1003,False,0,3,[ 1.6494643  -3.07657875  4.00000002],cruising,[ 0.63925976  0.24903542 -0.34837281]
1085.978893995285,1004,False,1,0,[-3.35847493 -2.40891343  3.9999994 ],cruising,[-0.62185191  0.08809385  0.93462812]
1085.978893995285,1005,False,4,2,[ 8.12076623 -7.48226268  1.27543875],waiting,[ 0.50568378 -0.03156594 -0.11489306]
1086.0842118263245,1000,False,4,6,[8.04013978 8.57228045 4.        ],exiting,[-0.82138112 -0.19970136 -0.21083176]
1086.0842118263245,1001,False,2,1,[-2.63659037  7.26048627  4.00024971],cruising,[-0.48080528  0.59740651 -0.20557775]
1086.0842118263245,1002,False,6,5,[-8.21935465  7.83334681  1.95189511],landing,[ 0.5677905  -0.59831228 -0.99408226]
1086.0842118263245,1003,False,0,3,[ 1.45574677 -3.02684426  4.00000002],cruising,[ 0.63925976  0.24903542 -0.34837281]
1086.0842118263245,1004,False,1,0,[-3.3447831  -2.24104545  3.99999943],cruising,[-0.62185191  0.08809385  0.93462812]
1086.0842118263245,1005,False,4,2,[ 8.12076623 -7.48226268  1.27543875],waiting,[ 0.50568378 -0.03156594 -0.11489306]
1086.1808052062988,1000,False,4,6,[8.07519316 8.66593545 4.        ],exiting,[-0.82138112 -0.19970136 -0.21083176]
1086.1808052062988,1001,False,2,1,[-2.4371058   7.27483578  4.00021225],cruising,[-0.48080528  0.59740651 -0.20557775]
1086.1808052062988,1002,False,6,5,[-8.20156523  7.8468622   1.8544227 ],landing,[ 0.5677905  -0.59831228 -0.99408226]
1086.1808052062988,1003,False,0,3,[ 1.2602031  -2.98486005  4.00000002],cruising,[ 0.63925976  0.24903542 -0.34837281]
1086.1808052062988,1004,False,1,0,[-3.31393434 -2.06289934  3.99999949],cruising,[-0.62185191  0.08809385  0.93462812]
1086.1808052062988,1005,False,4,2,[ 8.12076623 -7.48226268  1.27543875],queued,[ 0.50568378 -0.03156594 -0.11489306]
1086.2794802188873,1000,False,4,6,[8.11024655 8.75959046 4.        ],exiting,[-0.82138112 -0.19970136 -0.21083176]
1086.2794802188873,1001,False,2,1,[-2.2371411   7.27859317  4.00018042],cruising,[-0.48080528  0.59740651 -0.20557775]
1086.2794802188873,1002,False,6,5,[-8.1837758   7.8603776   1.75695029],landing,[ 0.5677905  -0.59831228 -0.99408226]
1086.2794802188873,1003,False,0,3,[ 1.06275568 -2.95300857  4.00000001],cruising,[ 0.63925976  0.24903542 -0.34837281]
1086.2794802188873,1004,False,1,0,[-3.27148712 -1.86845981  3.99999956],cruising,[-0.62185191  0.08809385  0.93462812]
1086.2794802188873,1005,False,4,2,[ 8.12076623 -7.48226268  1.29543875],queued,[ 0.50568378 -0.03156594 -0.11489306]
1086.379588842392,1000,False,4,6,[8.14529993 8.85324547 4.        ],exiting,[-0.82138112 -0.19970136 -0.21083176]
1086.379588842392,1001,False,2,1,[-2.03760871  7.26492474  4.00015335],cruising,[-0.48080528  0.59740651 -0.20557775]
1086.379588842392,1002,False,6,5,[-8.16598637  7.873893    1.65947789],landing,[ 0.5677905  -0.59831228 -0.99408226]
1086.379588842392,1003,False,0,3,[ 0.86315846 -2.94104121  4.00000001],cruising,[ 0.63925976  0.24903542 -0.34837281]
1086.379588842392,1004,False,1,0,[-3.24473108 -1.67025761  3.99999963],cruising,[-0.62185191  0.08809385  0.93462812]
1086.379588842392,1005,False,4,2,[ 8.12076623 -7.48226268  1.33543875],queued,[ 0.50568378 -0.03156594 -0.11489306]
1086.4847404956818,1000,False,4,6,[8.18035331 8.94690047 4.        ],exiting,[-0.82138112 -0.19970136 -0.21083176]
1086.4847404956818,1001,False,2,1,[-1.84027635  7.23236807  4.00013035],cruising,[-0.48080528  0.59740651 -0.20557775]
1086.4847404956818,1002,False,6,5,[-8.14819694  7.88740839  1.56200548],landing,[ 0.5677905  -0.59831228 -0.99408226]
1086.4847404956818,1003,False,0,3,[ 0.66320818 -2.9455002   4.00000001],cruising,[ 0.63925976  0.24903542 -0.34837281]
1086.4847404956818,1004,False,1,0,[-3.23440174 -1.47052452  3.99999968],cruising,[-0.62185191  0.08809385  0.93462812]
1086.4847404956818,1005,False,4,2,[ 8.12076623 -7.48226268  1.39543875],queued,[ 0.50568378 -0.03156594 -0.11489306]
1086.5938348770142,1000,False,4,6,[8.2154067  9.04055548 4.        ],exiting,[-0.82138112 -0.19970136 -0.21083176]
1086.5938348770142,1001,False,2,1,[-1.6463967   7.18326935  4.0001108 ],cruising,[-0.48080528  0.59740651 -0.20557775]
1086.5938348770142,1002,False,6,5,[-8.13040751  7.90092379  1.46453307],fake_landed,[ 0.5677905  -0.59831228 -0.99408226]
1086.5938348770142,1003,False,0,3,[ 0.46371305 -2.95970204  4.00000001],cruising,[ 0.63925976  0.24903542 -0.34837281]
1086.5938348770142,1004,False,1,0,[-3.2399176  -1.2706006   3.99999973],cruising,[-0.62185191  0.08809385  0.93462812]
1086.5938348770142,1005,False,4,2,[ 8.12076623 -7.48226268  1.47043875],queued,[ 0.50568378 -0.03156594 -0.11489306]
1086.6860792636871,1000,False,4,6,[8.25046008 9.13421049 4.        ],landing,[-0.82138112 -0.19970136 -0.21083176]
1086.6860792636871,1001,False,2,1,[-1.4551872   7.12462699  4.00009418],cruising,[-0.48080528  0.59740651 -0.20557775]
1086.6860792636871,1002,False,6,5,[-8.11617597  7.9117361   1.38655514],fake_landed,[ 0.5677905  -0.59831228 -0.99408226]
1086.6860792636871,1003,False,0,3,[ 0.26588011 -2.98906407  4.00000001],cruising,[ 0.63925976  0.24903542 -0.34837281]
1086.6860792636871,1004,False,1,0,[-3.25925639 -1.07153777  3.99999977],cruising,[-0.62185191  0.08809385  0.93462812]
1086.6860792636871,1005,False,4,2,[ 8.12076623 -7.48226268  1.54543875],queued,[ 0.50568378 -0.03156594 -0.11489306]
1086.7934277057648,1000,False,4,6,[8.283694   9.21375946 3.98593908],landing,[-0.82138112 -0.19970136 -0.21083176]
1086.7934277057648,1001,False,2,1,[-1.26856278  7.05271506  4.00008005],cruising,[-0.48080528  0.59740651 -0.20557775]
1086.7934277057648,1002,False,6,5,[-8.10550232  7.91984534  1.3280717 ],fake_landed,[ 0.5677905  -0.59831228 -0.99408226]
1086.7934277057648,1003,False,0,3,[ 0.0716825  -3.0368897   4.00000001],cruising,[ 0.63925976  0.24903542 -0.34837281]
1086.7934277057648,1004,False,1,0,[-3.29215334 -0.87426184  3.99999981],cruising,[-0.62185191  0.08809385  0.93462812]
1086.7934277057648,1005,False,4,2,[ 8.12076623 -7.48226268  1.62043875],queued,[ 0.50568378 -0.03156594 -0.11489306]
1086.8845143318176,1000,False,4,6,[8.3150129  9.27905431 3.95798023],landing,[-0.82138112 -0.19970136 -0.21083176]
1086.8845143318176,1001,False,2,1,[-1.08635942  6.97024121  4.00006804],cruising,[-0.48080528  0.59740651 -0.20557775]
1086.8845143318176,1002,False,6,5,[-8.09838654  7.9252515   1.28908274],fake_landed,[ 0.5677905  -0.59831228 -0.99408226]
1086.8845143318176,1003,False,0,3,[-0.11925724 -3.09640451  4.00000001],exiting,[ 0.63925976  0.24903542 -0.34837281]
1086.8845143318176,1004,False,1,0,[-3.33749806 -0.67947001  3.99999983],cruising,[-0.62185191  0.08809385  0.93462812]
1086.8845143318176,1005,False,4,2,[ 8.12076623 -7.48226268  1.69543875],queued,[ 0.50568378 -0.03156594 -0.11489306]
1086.9802434444427,1000,False,4,6,[8.3443034  9.32992136 3.91632013],landing,[-0.82138112 -0.19970136 -0.21083176]
1086.9802434444427,1001,False,2,1,[-0.90809143  6.87957411  4.00005784],cruising,[-0.48080528  0.59740651 -0.20557775]
1086.9802434444427,1002,False,6,5,[-8.09482866  7.92795458  1.26958825],fake_landed,[ 0.5677905  -0.59831228 -0.99408226]
1086.9802434444427,1003,False,0,3,[-0.29064383 -3.16012334  4.        ],exiting,[ 0.63925976  0.24903542 -0.34837281]
1086.9802434444427,1004,False,1,0,[-3.39431591 -0.48771045  3.99999986],cruising,[-0.62185191  0.08809385  0.93462812]
1086.9802434444427,1005,False,4,2,[ 8.12076623 -7.48226268  1.77043875],queued,[ 0.50568378 -0.03156594 -0.11489306]
1087.0806086063385,1000,False,4,6,[8.37140886 9.36612457 3.86123626],landing,[-0.82138112 -0.19970136 -0.21083176]
1087.0806086063385,1001,False,2,1,[-0.73197073  6.78480333  4.00004916],cruising,[-0.48080528  0.59740651 -0.20557775]
1087.0806086063385,1002,False,6,5,[-8.09482866  7.92795458  1.26958825],fake_landed,[ 0.5677905  -0.59831228 -0.99408226]
1087.0806086063385,1003,False,0,3,[-0.44246429 -3.22798545  4.        ],exiting,[ 0.63925976  0.24903542 -0.34837281]
1087.0806086063385,1004,False,1,0,[-3.45995449 -0.2987883   3.99999988],cruising,[-0.62185191  0.08809385  0.93462812]
1087.0806086063385,1005,False,4,2,[ 8.12076623 -7.48226268  1.84543875],queued,[ 0.50568378 -0.03156594 -0.11489306]
1087.1928265094757,1000,False,4,6,[8.39619724 9.38746846 3.79296787],landing,[-0.82138112 -0.19970136 -0.21083176]
1087.1928265094757,1001,False,2,1,[-0.55889168  6.68458537  4.00004179],cruising,[-0.48080528  0.59740651 -0.20557775]
1087.1928265094757,1002,False,5,4,[-8.09482866  7.92795458  1.26958825],waiting,[ 0.5677905  -0.59831228 -0.99408226]
1087.1928265094757,1003,False,0,3,[-0.57470293 -3.29991603  4.        ],exiting,[ 0.63925976  0.24903542 -0.34837281]
1087.1928265094757,1004,False,1,0,[-3.53586706 -0.11375511  3.9999999 ],cruising,[-0.62185191  0.08809385  0.93462812]
1087.1928265094757,1005,False,4,2,[ 8.12076623 -7.48226268  1.92043875],queued,[ 0.50568378 -0.03156594 -0.11489306]
1087.2890565395355,1000,False,4,6,[8.41854481 9.39377278 3.71174364],landing,[-0.82138112 -0.19970136 -0.21083176]
1087.2890565395355,1001,False,2,1,[-0.38802836  6.58063477  4.00003552],cruising,[-0.48080528  0.59740651 -0.20557775]
1087.2890565395355,1002,False,5,4,[-8.09482866  7.92795458  1.26958825],waiting,[ 0.5677905  -0.59831228 -0.99408226]
1087.2890565395355,1003,False,0,3,[-0.68734056 -3.37582155  4.        ],exiting,[ 0.63925976  0.24903542 -0.34837281]
1087.2890565395355,1004,False,1,0,[-3.62238417  0.06656347  3.99999991],cruising,[-0.62185191  0.08809385  0.93462812]
1087.2890565395355,1005,False,4,2,[ 8.12076623 -7.48226268  1.99543875],queued,[ 0.50568378 -0.03156594 -0.11489306]
1087.3892750740051,1000,False,4,6,[8.43832547 9.38485685 3.61780112],landing,[-0.82138112 -0.19970136 -0.21083176]
1087.3892750740051,1001,False,2,1,[-0.21807926  6.47519614  4.00003019],cruising,[-0.48080528  0.59740651 -0.20557775]
1087.3892750740051,1002,False,5,4,[-8.09482866  7.92795458  1.26958825],waiting,[ 0.5677905  -0.59831228 -0.99408226]
1087.3892750740051,1003,False,0,3,[-0.78035256 -3.45557867  4.        ],exiting,[ 0.63925976  0.24903542 -0.34837281]
1087.3892750740051,1004,False,1,0,[-3.71652333  0.24302258  3.99999993],cruising,[-0.62185191  0.08809385  0.93462812]
1087.3892750740051,1005,False,4,2,[ 8.12076623 -7.48226268  2.07043875],queued,[ 0.50568378 -0.03156594 -0.11489306]
1087.4889891147614,1000,False,4,6,[8.4573813  9.37179988 3.52050574],landing,[-0.82138112 -0.19970136 -0.21083176]
1087.4889891147614,1001,False,2,1,[-0.04919015  6.36806787  4.00002566],cruising,[-0.48080528  0.59740651 -0.20557775]
1087.4889891147614,1002,False,5,4,[-8.09482866  7.92795458  1.26958825],waiting,[ 0.5677905  -0.59831228 -0.99408226]
1087.4889891147614,1003,False,0,3,[-0.85370445 -3.53900733  4.        ],exiting,[ 0.63925976  0.24903542 -0.34837281]
1087.4889891147614,1004,False,1,0,[-3.81668998  0.41613134  3.99999994],cruising,[-0.62185191  0.08809385  0.93462812]
1087.4889891147614,1005,False,4,2,[ 8.12076623 -7.48226268  2.14543875],queued,[ 0.50568378 -0.03156594 -0.11489306]
1087.5829730033875,1000,False,4,6,[8.47643714 9.35874291 3.42321036],landing,[-0.82138112 -0.19970136 -0.21083176]
1087.5829730033875,1001,False,2,1,[0.11951519 6.26065041 4.00002181],cruising,[-0.48080528  0.59740651 -0.20557775]
1087.5829730033875,1002,False,5,4,[-8.09482866  7.92795458  1.26958825],waiting,[ 0.5677905  -0.59831228 -0.99408226]
1087.5829730033875,1003,False,0,3,[-0.90737281 -3.62597975  4.        ],exiting,[ 0.63925976  0.24903542 -0.34837281]
1087.5829730033875,1004,False,1,0,[-3.92157541  0.5864224   3.99999995],cruising,[-0.62185191  0.08809385  0.93462812]
1087.5829730033875,1005,False,4,2,[ 8.12076623 -7.48226268  2.22043875],queued,[ 0.50568378 -0.03156594 -0.11489306]
1087.6941809654236,1000,False,4,6,[8.49549297 9.34568594 3.32591498],landing,[-0.82138112 -0.19970136 -0.21083176]
1087.6941809654236,1001,False,2,1,[0.28830225 6.15336142 4.00001854],cruising,[-0.48080528  0.59740651 -0.20557775]
1087.6941809654236,1002,False,5,4,[-8.09482866  7.92795458  1.26958825],waiting,[ 0.5677905  -0.59831228 -0.99408226]
1087.6941809654236,1003,False,0,3,[-0.941334   -3.71636209  4.        ],exiting,[ 0.63925976  0.24903542 -0.34837281]
1087.6941809654236,1004,False,1,0,[-4.03116012  0.75372809  3.99999995],cruising,[-0.62185191  0.08809385  0.93462812]
1087.6941809654236,1005,False,4,2,[ 8.12076623 -7.48226268  2.29543875],queued,[ 0.50568378 -0.03156594 -0.11489306]
1087.7864909172058,1000,False,4,6,[8.5145488  9.33262897 3.22861961],landing,[-0.82138112 -0.19970136 -0.21083176]
1087.7864909172058,1001,False,2,1,[0.4575917  6.0468669  4.00001576],cruising,[-0.48080528  0.59740651 -0.20557775]
1087.7864909172058,1002,False,5,4,[-8.09482866  7.92795458  1.26958825],waiting,[ 0.5677905  -0.59831228 -0.99408226]
1087.7864909172058,1003,False,0,3,[-0.9555645  -3.81001554  4.        ],exiting,[ 0.63925976  0.24903542 -0.34837281]
1087.7864909172058,1004,False,1,0,[-4.14306377  0.91949169  3.99999996],cruising,[-0.62185191  0.08809385  0.93462812]
1087.7864909172058,1005,False,4,2,[ 8.12076623 -7.48226268  2.37043875],queued,[ 0.50568378 -0.03156594 -0.11489306]
1087.8932418823242,1000,False,4,6,[8.53360463 9.319572   3.13132423],landing,[-0.82138112 -0.19970136 -0.21083176]
1087.8932418823242,1001,False,2,1,[0.627647   5.94159965 4.0000134 ],cruising,[-0.48080528  0.59740651 -0.20557775]
1087.8932418823242,1002,False,5,4,[-8.09482866  7.92795458  1.26958825],waiting,[ 0.5677905  -0.59831228 -0.99408226]
1087.8932418823242,1003,False,0,3,[-0.95004121 -3.90679753  4.        ],exiting,[ 0.63925976  0.24903542 -0.34837281]
1087.8932418823242,1004,False,1,0,[-4.25669841  1.08407349  3.99999997],cruising,[-0.62185191  0.08809385  0.93462812]
1087.8932418823242,1005,False,4,2,[ 8.12076623 -7.48226268  2.44543875],entering,[ 0.50568378 -0.03156594 -0.11489306]
1087.9892122745514,1000,False,4,6,[8.55266046 9.30651503 3.03402885],landing,[-0.82138112 -0.19970136 -0.21083176]
1087.9892122745514,1001,False,2,1,[0.79923588 5.83885115 4.00001139],cruising,[-0.48080528  0.59740651 -0.20557775]
1087.9892122745514,1002,False,5,4,[-8.09482866  7.92795458  1.26958825],waiting,[ 0.5677905  -0.59831228 -0.99408226]
1087.9892122745514,1003,False,0,3,[-0.93294551 -4.00532538  4.        ],exiting,[ 0.63925976  0.24903542 -0.34837281]
1087.9892122745514,1004,False,1,0,[-4.37115412  1.24808536  3.99999997],cruising,[-0.62185191  0.08809385  0.93462812]
1087.9892122745514,1005,False,4,2,[ 8.10927615 -7.46589264  2.52043875],entering,[ 0.50568378 -0.03156594 -0.11489306]
1088.0885934829712,1000,False,4,6,[8.5717163  9.29345806 2.93673347],landing,[-0.82138112 -0.19970136 -0.21083176]
1088.0885934829712,1001,False,2,1,[0.97217015 5.73838355 4.00000968],cruising,[-0.48080528  0.59740651 -0.20557775]
1088.0885934829712,1002,False,5,4,[-8.09482866  7.92795458  1.26958825],waiting,[ 0.5677905  -0.59831228 -0.99408226]
1088.0885934829712,1003,False,0,3,[-0.91584981 -4.10385322  4.        ],exiting,[ 0.63925976  0.24903542 -0.34837281]
1088.0885934829712,1004,False,1,0,[-4.48666918  1.41135284  3.99999998],cruising,[-0.62185191  0.08809385  0.93462812]
1088.0885934829712,1005,False,4,2,[ 8.08629599 -7.43315257  2.59543875],entering,[ 0.50568378 -0.03156594 -0.11489306]
1088.1927196979523,1000,False,4,6,[8.59077213 9.28040109 2.83943809],landing,[-0.82138112 -0.19970136 -0.21083176]
1088.1927196979523,1001,False,2,1,[1.1474703  5.64210344 4.00000823],cruising,[-0.48080528  0.59740651 -0.20557775]
1088.1927196979523,1002,False,5,4,[-8.09482866  7.92795458  1.26958825],queued,[ 0.5677905  -0.59831228 -0.99408226]
1088.1927196979523,1003,False,0,3,[-0.8987541  -4.20238107  4.        ],exiting,[ 0.63925976  0.24903542 -0.34837281]
1088.1927196979523,1004,False,1,0,[-4.60280427  1.57417986  3.99999998],cruising,[-0.62185191  0.08809385  0.93462812]
1088.1927196979523,1005,False,4,2,[ 8.05182575 -7.38404247  2.67043875],entering,[ 0.50568378 -0.03156594 -0.11489306]
1088.2832736968994,1000,False,4,6,[8.60982796 9.26734412 2.74214271],landing,[-0.82138112 -0.19970136 -0.21083176]
1088.2832736968994,1001,False,2,1,[1.32456687 5.54916904 4.00000699],cruising,[-0.48080528  0.59740651 -0.20557775]
1088.2832736968994,1002,False,5,4,[-8.09482866  7.92795458  1.28958825],queued,[ 0.5677905  -0.59831228 -0.99408226]
1088.2832736968994,1003,False,0,3,[-0.8816584  -4.30090892  4.        ],exiting,[ 0.63925976  0.24903542 -0.34837281]
1088.2832736968994,1004,False,1,0,[-4.71917974  1.73683517  3.99999998],cruising,[-0.62185191  0.08809385  0.93462812]
1088.2832736968994,1005,False,4,2,[ 8.00586543 -7.31856233  2.74543875],entering,[ 0.50568378 -0.03156594 -0.11489306]
1088.3812816143036,1000,False,4,6,[8.62888379 9.25428715 2.64484733],landing,[-0.82138112 -0.19970136 -0.21083176]
1088.3812816143036,1001,False,2,1,[1.50367558 5.46017426 4.00000594],cruising,[-0.48080528  0.59740651 -0.20557775]
1088.3812816143036,1002,False,5,4,[-8.09482866  7.92795458  1.32958825],queued,[ 0.5677905  -0.59831228 -0.99408226]
1088.3812816143036,1003,False,0,3,[-0.86456269 -4.39943677  4.        ],exiting,[ 0.63925976  0.24903542 -0.34837281]
1088.3812816143036,1004,False,1,0,[-4.83545906  1.89955923  3.99999999],cruising,[-0.62185191  0.08809385  0.93462812]
1088.3812816143036,1005,False,4,2,[ 7.94841502 -7.23671215  2.82043875],entering,[ 0.50568378 -0.03156594 -0.11489306]
1088.4875192642212,1000,False,4,6,[8.64793962 9.24123018 2.54755195],landing,[-0.82138112 -0.19970136 -0.21083176]
1088.4875192642212,1001,False,2,1,[1.68601657 5.37800514 4.00000505],cruising,[-0.48080528  0.59740651 -0.20557775]
1088.4875192642212,1002,False,5,4,[-8.09482866  7.92795458  1.38958825],queued,[ 0.5677905  -0.59831228 -0.99408226]
1088.4875192642212,1003,False,0,3,[-0.84746699 -4.49796462  4.        ],exiting,[ 0.63925976  0.24903542 -0.34837281]
1088.4875192642212,1004,False,1,0,[-4.95133478  2.06257094  3.99999999],cruising,[-0.62185191  0.08809385  0.93462812]
1088.4875192642212,1005,False,4,2,[ 7.87947454 -7.13849194  2.89543875],entering,[ 0.50568378 -0.03156594 -0.11489306]
1088.5908498764038,1000,False,4,6,[8.66699545 9.22817321 2.45025657],landing,[-0.82138112 -0.19970136 -0.21083176]
1088.5908498764038,1001,False,2,1,[1.87055207 5.30089063 4.00000429],cruising,[-0.48080528  0.59740651 -0.20557775]
1088.5908498764038,1002,False,5,4,[-8.09482866  7.92795458  1.46458825],queued,[ 0.5677905  -0.59831228 -0.99408226]
1088.5908498764038,1003,False,0,3,[-0.83037129 -4.59649247  4.        ],exiting,[ 0.63925976  0.24903542 -0.34837281]
1088.5908498764038,1004,False,1,0,[-5.06690444  2.22579978  3.99999999],cruising,[-0.62185191  0.08809385  0.93462812]
1088.5908498764038,1005,False,4,2,[ 7.79912414 -7.02384572  2.97043875],entering,[ 0.50568378 -0.03156594 -0.11489306]
1088.679294347763,1000,False,4,6,[8.68605129 9.21511624 2.35296119],landing,[-0.82138112 -0.19970136 -0.21083176]
1088.679294347763,1001,False,2,1,[2.05738918 5.22953312 4.00000365],cruising,[-0.48080528  0.59740651 -0.20557775]
1088.679294347763,1002,False,5,4,[-8.09482866  7.92795458  1.53958825],queued,[ 0.5677905  -0.59831228 -0.99408226]
1088.679294347763,1003,False,0,3,[-0.81327558 -4.69502031  4.        ],exiting,[ 0.63925976  0.24903542 -0.34837281]
1088.679294347763,1004,False,1,0,[-5.1815451   2.38968242  3.99999999],cruising,[-0.62185191  0.08809385  0.93462812]
1088.679294347763,1005,False,4,2,[ 7.70656135 -6.89336102  3.04543875],entering,[ 0.50568378 -0.03156594 -0.11489306]
1088.7798540592194,1000,False,4,6,[8.70510712 9.20205927 2.25566581],landing,[-0.82138112 -0.19970136 -0.21083176]
1088.7798540592194,1001,False,2,1,[2.24798417 5.16892329 4.0000031 ],cruising,[-0.48080528  0.59740651 -0.20557775]
1088.7798540592194,1002,False,5,4,[-8.09482866  7.92795458  1.61458825],queued,[ 0.5677905  -0.59831228 -0.99408226]
1088.7798540592194,1003,False,0,3,[-0.79617988 -4.79354816  4.        ],exiting,[ 0.63925976  0.24903542 -0.34837281]
1088.7798540592194,1004,False,1,0,[-5.29495658  2.55441807  3.99999999],cruising,[-0.62185191  0.08809385  0.93462812]
1088.7798540592194,1005,False,4,2,[ 7.60109804 -6.7475931   3.12043875],entering,[ 0.50568378 -0.03156594 -0.11489306]
1088.8825886249542,1000,False,4,6,[8.72416295 9.1890023  2.15837043],landing,[-0.82138112 -0.19970136 -0.21083176]
1088.8825886249542,1001,False,2,1,[2.44152526 5.11850656 4.00000264],cruising,[-0.48080528  0.59740651 -0.20557775]
1088.8825886249542,1002,False,5,4,[-8.09482866  7.92795458  1.68958825],queued,[ 0.5677905  -0.59831228 -0.99408226]
1088.8825886249542,1003,False,0,3,[-0.77908418 -4.89207601  4.        ],exiting,[ 0.63925976  0.24903542 -0.34837281]
1088.8825886249542,1004,False,1,0,[-5.40682702  2.7202041   3.99999999],cruising,[-0.62185191  0.08809385  0.93462812]
1088.8825886249542,1005,False,4,2,[ 7.48265297 -6.58661092  3.19543875],entering,[ 0.50568378 -0.03156594 -0.11489306]
1088.9938342571259,1000,False,4,6,[8.74321878 9.17594533 2.06107506],landing,[-0.82138112 -0.19970136 -0.21083176]
1088.9938342571259,1001,False,2,1,[2.63713905 5.0768503  4.00000224],cruising,[-0.48080528  0.59740651 -0.20557775]
1088.9938342571259,1002,False,5,4,[-8.09482866  7.92795458  1.76458825],queued,[ 0.5677905  -0.59831228 -0.99408226]
1088.9938342571259,1003,False,0,3,[-0.76198847 -4.99060386  4.        ],exiting,[ 0.63925976  0.24903542 -0.34837281]
1088.9938342571259,1004,False,1,0,[-5.51681977  2.8872418   3.99999999],cruising,[-0.62185191  0.08809385  0.93462812]
1088.9938342571259,1005,False,4,2,[ 7.36370091 -6.4258303   3.27043875],entering,[ 0.50568378 -0.03156594 -0.11489306]
1089.0818996429443,1000,False,4,6,[8.76227461 9.16288836 1.96377968],landing,[-0.82138112 -0.19970136 -0.21083176]
1089.0818996429443,1001,False,2,1,[2.83417863 5.04256614 4.00000191],cruising,[-0.48080528  0.59740651 -0.20557775]
1089.0818996429443,1002,False,5,4,[-8.09482866  7.92795458  1.83958825],queued,[ 0.5677905  -0.59831228 -0.99408226]
1089.0818996429443,1003,False,0,3,[-0.74489277 -5.08913171  4.        ],exiting,[ 0.63925976  0.24903542 -0.34837281]
1089.0818996429443,1004,False,1,0,[-5.62572438  3.05499098  4.        ],cruising,[-0.62185191  0.08809385  0.93462812]
1089.0818996429443,1005,False,4,2,[ 7.24114463 -6.2677798   3.34543875],entering,[ 0.50568378 -0.03156594 -0.11489306]
1089.1815948486328,1000,False,4,6,[8.78133045 9.14983139 1.8664843 ],landing,[-0.82138112 -0.19970136 -0.21083176]
1089.1815948486328,1001,False,2,1,[3.03217982 5.01436102 4.00000162],cruising,[-0.48080528  0.59740651 -0.20557775]
1089.1815948486328,1002,False,5,4,[-8.09482866  7.92795458  1.91458825],queued,[ 0.5677905  -0.59831228 -0.99408226]
1089.1815948486328,1003,False,0,3,[-0.72779706 -5.18765956  4.        ],exiting,[ 0.63925976  0.24903542 -0.34837281]
1089.1815948486328,1004,False,1,0,[-5.73190939  3.22447474  4.        ],cruising,[-0.62185191  0.08809385  0.93462812]
1089.1815948486328,1005,False,4,2,[ 7.11955699 -6.10898293  3.42043875],entering,[ 0.50568378 -0.03156594 -0.11489306]
1089.2808055877686,1000,False,4,6,[8.80038628 9.13677442 1.76918892],landing,[-0.82138112 -0.19970136 -0.21083176]
1089.2808055877686,1001,False,2,1,[3.2308178  4.99105964 4.00000138],cruising,[-0.48080528  0.59740651 -0.20557775]
1089.2808055877686,1002,False,5,4,[-8.09482866  7.92795458  1.98958825],queued,[ 0.5677905  -0.59831228 -0.99408226]
1089.2808055877686,1003,False,0,3,[-0.71070136 -5.2861874   4.        ],exiting,[ 0.63925976  0.24903542 -0.34837281]
1089.2808055877686,1004,False,1,0,[-5.83490566  3.39591501  4.        ],cruising,[-0.62185191  0.08809385  0.93462812]
1089.2808055877686,1005,False,4,2,[ 6.99252333 -5.95450819  3.49543875],entering,[ 0.50568378 -0.03156594 -0.11489306]
1089.3873889446259,1000,False,4,6,[8.81944211 9.12371745 1.67189354],landing,[-0.82138112 -0.19970136 -0.21083176]
1089.3873889446259,1001,False,2,1,[3.42986967 4.97160834 4.00000117],cruising,[-0.48080528  0.59740651 -0.20557775]
1089.3873889446259,1002,False,5,4,[-8.09482866  7.92795458  2.06458825],queued,[ 0.5677905  -0.59831228 -0.99408226]
1089.3873889446259,1003,False,0,3,[-0.69360566 -5.38471525  4.        ],exiting,[ 0.63925976  0.24903542 -0.34837281]
1089.3873889446259,1004,False,1,0,[-5.93414358  3.56955785  4.        ],cruising,[-0.62185191  0.08809385  0.93462812]
1089.3873889446259,1005,False,4,2,[ 6.86430621 -5.80101431  3.57043875],entering,[ 0.50568378 -0.03156594 -0.11489306]
1089.485143661499,1000,False,4,6,[8.83849794 9.11066048 1.57459816],landing,[-0.82138112 -0.19970136 -0.21083176]
1089.485143661499,1001,False,2,1,[3.62918453 4.95506794 4.00000099],cruising,[-0.48080528  0.59740651 -0.20557775]
1089.485143661499,1002,False,5,4,[-8.09482866  7.92795458  2.13958825],queued,[ 0.5677905  -0.59831228 -0.99408226]
1089.485143661499,1003,False,0,3,[-0.67650995 -5.4832431   4.        ],exiting,[ 0.63925976  0.24903542 -0.34837281]
1089.485143661499,1004,False,1,0,[-6.02892101  3.74567497  4.        ],cruising,[-0.62185191  0.08809385  0.93462812]
1089.485143661499,1005,False,4,2,[ 6.73446044 -5.64889568  3.63487294],entering,[ 0.50568378 -0.03156594 -0.11489306]
1089.5814609527588,1000,False,4,6,[8.85755377 9.09760351 1.47730278],fake_landed,[-0.82138112 -0.19970136 -0.21083176]
1089.5814609527588,1001,False,2,1,[3.8286606  4.94060072 4.00000085],cruising,[-0.48080528  0.59740651 -0.20557775]
1089.5814609527588,1002,False,5,4,[-8.09482866  7.92795458  2.21458825],queued,[ 0.5677905  -0.59831228 -0.99408226]
1089.5814609527588,1003,False,0,3,[-0.65941425 -5.58177095  4.        ],exiting,[ 0.63925976  0.24903542 -0.34837281]
1089.5814609527588,1004,False,1,0,[-6.11836053  3.924562    4.        ],cruising,[-0.62185191  0.08809385  0.93462812]
1089.5814609527588,1005,False,4,2,[ 6.59768623 -5.50297511  3.689642  ],entering,[ 0.50568378 -0.03156594 -0.11489306]
1089.6861786842346,1000,False,4,6,[8.87279844 9.08715793 1.39946648],fake_landed,[-0.82138112 -0.19970136 -0.21083176]
1089.6861786842346,1001,False,2,1,[4.02822807 4.92745456 4.00000072],cruising,[-0.48080528  0.59740651 -0.20557775]
1089.6861786842346,1002,False,5,4,[-8.09482866  7.92795458  2.28958825],queued,[ 0.5677905  -0.59831228 -0.99408226]
1089.6861786842346,1003,False,0,3,[-0.64231854 -5.6802988   4.        ],exiting,[ 0.63925976  0.24903542 -0.34837281]
1089.6861786842346,1004,False,1,0,[-6.2013523   4.10653004  4.        ],cruising,[-0.62185191  0.08809385  0.93462812]
1089.6861786842346,1005,False,4,2,[ 6.45617526 -5.36164341  3.7361957 ],entering,[ 0.50568378 -0.03156594 -0.11489306]
1089.7793445587158,1000,False,4,6,[8.88423194 9.07932375 1.34108925],fake_landed,[-0.82138112 -0.19970136 -0.21083176]
1089.7793445587158,1001,False,2,1,[4.22781128 4.91454935 4.00000061],cruising,[-0.48080528  0.59740651 -0.20557775]
1089.7793445587158,1002,False,5,4,[-8.09482866  7.92795458  2.36458825],queued,[ 0.5677905  -0.59831228 -0.99408226]
1089.7793445587158,1003,False,0,3,[-0.62522284 -5.77882665  4.        ],exiting,[ 0.63925976  0.24903542 -0.34837281]
1089.7793445587158,1004,False,1,0,[-6.27223457  4.29354796  4.        ],cruising,[-0.62185191  0.08809385  0.93462812]
1089.7793445587158,1005,False,4,2,[ 6.31230506 -5.22271407  3.77576634],entering,[ 0.50568378 -0.03156594 -0.11489306]
1089.8870594501495,1000,False,4,6,[8.89185427 9.07410096 1.3021711 ],fake_landed,[-0.82138112 -0.19970136 -0.21083176]
1089.8870594501495,1001,False,2,1,[4.42742102 4.90206134 4.00000052],cruising,[-0.48080528  0.59740651 -0.20557775]
1089.8870594501495,1002,False,5,4,[-8.09482866  7.92795458  2.43958825],queued,[ 0.5677905  -0.59831228 -0.99408226]
1089.8870594501495,1003,False,0,3,[-0.60812714 -5.87735449  4.        ],exiting,[ 0.63925976  0.24903542 -0.34837281]
1089.8870594501495,1004,False,1,0,[-6.33326193  4.48400967  4.        ],cruising,[-0.62185191  0.08809385  0.93462812]
1089.8870594501495,1005,False,4,2,[ 6.16153408 -5.09130587  3.80940139],entering,[ 0.50568378 -0.03156594 -0.11489306]
1089.9809231758118,1000,False,4,6,[8.89566544 9.07148957 1.28271202],fake_landed,[-0.82138112 -0.19970136 -0.21083176]
1089.9809231758118,1001,False,2,1,[4.62701279 4.88928932 4.00000044],cruising,[-0.48080528  0.59740651 -0.20557775]
1089.9809231758118,1002,False,5,4,[-8.09482866  7.92795458  2.51458825],entering,[ 0.5677905  -0.59831228 -0.99408226]
1089.9809231758118,1003,False,0,3,[-0.59103143 -5.97588234  4.        ],exiting,[ 0.63925976  0.24903542 -0.34837281]
1089.9809231758118,1004,False,1,0,[-6.3749611   4.67961157  4.        ],cruising,[-0.62185191  0.08809385  0.93462812]
1089.9809231758118,1005,False,4,2,[ 6.00374721 -4.96841038  3.83799118],cruising,[ 0.50568378 -0.03156594 -0.11489306]
1090.0810942649841,1000,False,4,6,[8.89566544 9.07148957 1.28271202],fake_landed,[-0.82138112 -0.19970136 -0.21083176]
1090.0810942649841,1001,False,2,1,[4.82654234 4.87557949 4.00000038],cruising,[-0.48080528  0.59740651 -0.20557775]
1090.0810942649841,1002,False,5,4,[-8.07697849  7.91893396  2.58958825],entering,[ 0.5677905  -0.59831228 -0.99408226]
1090.0810942649841,1003,False,0,3,[-0.57393573 -6.07441019  4.        ],exiting,[ 0.63925976  0.24903542 -0.34837281]
1090.0810942649841,1004,False,1,0,[-6.39687236  4.8781183   4.        ],cruising,[-0.62185191  0.08809385  0.93462812]
1090.0810942649841,1005,False,4,2,[ 5.84222438 -4.85046812  3.8622925 ],cruising,[ 0.50568378 -0.03156594 -0.11489306]
1090.1934411525726,1000,False,6,5,[8.89566544 9.07148957 1.28271202],waiting,[-0.82138112 -0.19970136 -0.21083176]
1090.1934411525726,1001,False,2,1,[5.02595817 4.86030448 4.00000032],cruising,[-0.48080528  0.59740651 -0.20557775]
1090.1934411525726,1002,False,5,4,[-8.04126449  7.90091982  2.66458825],entering,[ 0.5677905  -0.59831228 -0.99408226]
1090.1934411525726,1003,False,0,3,[-0.55684003 -6.17293804  4.        ],exiting,[ 0.63925976  0.24903542 -0.34837281]
1090.1934411525726,1004,False,1,0,[-6.39880713  5.07759463  4.        ],cruising,[-0.62185191  0.08809385  0.93462812]
1090.1934411525726,1005,False,4,2,[ 5.67432651 -4.74179289  3.88294863],cruising,[ 0.50568378 -0.03156594 -0.11489306]
1090.2941303253174,1000,False,6,5,[8.89566544 9.07148957 1.28271202],waiting,[-0.82138112 -0.19970136 -0.21083176]
1090.2941303253174,1001,False,2,1,[5.22528541 4.84391387 4.00000027],cruising,[-0.48080528  0.59740651 -0.20557775]
1090.2941303253174,1002,False,5,4,[-7.98765648  7.87397236  2.73958825],entering,[ 0.5677905  -0.59831228 -0.99408226]
1090.2941303253174,1003,False,0,3,[-0.53974432 -6.27146589  4.        ],exiting,[ 0.63925976  0.24903542 -0.34837281]
1090.2941303253174,1004,False,1,0,[-6.38089698  5.27458519  4.        ],cruising,[-0.62185191  0.08809385  0.93462812]
1090.2941303253174,1005,False,4,2,[ 5.50317147 -4.63832333  3.90050633],cruising,[ 0.50568378 -0.03156594 -0.11489306]
1090.3796808719635,1000,False,6,5,[8.89566544 9.07148957 1.28271202],waiting,[-0.82138112 -0.19970136 -0.21083176]
1090.3796808719635,1001,False,2,1,[5.42436997 4.82480005 4.00000023],cruising,[-0.48080528  0.59740651 -0.20557775]
1090.3796808719635,1002,False,5,4,[-7.91609733  7.83820691  2.81458825],entering,[ 0.5677905  -0.59831228 -0.99408226]
1090.3796808719635,1003,False,0,3,[-0.52264862 -6.36999374  4.        ],exiting,[ 0.63925976  0.24903542 -0.34837281]
1090.3796808719635,1004,False,1,0,[-6.34358443  5.46672327  4.        ],cruising,[-0.62185191  0.08809385  0.93462812]
1090.3796808719635,1005,False,4,2,[ 5.32755304 -4.54262501  3.91543038],cruising,[ 0.50568378 -0.03156594 -0.11489306]
1090.4842629432678,1000,False,6,5,[8.89566544 9.07148957 1.28271202],waiting,[-0.82138112 -0.19970136 -0.21083176]
1090.4842629432678,1001,False,2,1,[5.62309914 4.80228966 4.0000002 ],cruising,[-0.48080528  0.59740651 -0.20557775]
1090.4842629432678,1002,False,5,4,[-7.8265388   7.7937224   2.88958825],entering,[ 0.5677905  -0.59831228 -0.99408226]
1090.4842629432678,1003,False,0,3,[-0.50555291 -6.46852159  4.        ],exiting,[ 0.63925976  0.24903542 -0.34837281]
1090.4842629432678,1004,False,1,0,[-6.28747502  5.65202917  4.        ],cruising,[-0.62185191  0.08809385  0.93462812]
1090.4842629432678,1005,False,4,2,[ 5.14994737 -4.45066726  3.92811583],cruising,[ 0.50568378 -0.03156594 -0.11489306]
1090.5794930458069,1000,False,6,5,[8.89566544 9.07148957 1.28271202],waiting,[-0.82138112 -0.19970136 -0.21083176]
1090.5794930458069,1001,False,2,1,[5.82131987 4.77567118 4.00000017],cruising,[-0.48080528  0.59740651 -0.20557775]
1090.5794930458069,1002,False,5,4,[-7.71895671  7.74056889  2.96458825],entering,[ 0.5677905  -0.59831228 -0.99408226]
1090.5794930458069,1003,False,0,3,[-0.48845721 -6.56704943  4.        ],exiting,[ 0.63925976  0.24903542 -0.34837281]
1090.5794930458069,1004,False,1,0,[-6.21350444  5.82833627  4.        ],cruising,[-0.62185191  0.08809385  0.93462812]
1090.5794930458069,1005,False,4,2,[ 4.96961609 -4.36417663  3.93889845],cruising,[ 0.50568378 -0.03156594 -0.11489306]
1090.679151058197,1000,False,6,5,[8.89566544 9.07148957 1.28271202],waiting,[-0.82138112 -0.19970136 -0.21083176]
1090.679151058197,1001,False,2,1,[6.01882432 4.74417526 4.00000014],cruising,[-0.48080528  0.59740651 -0.20557775]
1090.679151058197,1002,False,5,4,[-7.59332911  7.67879218  3.03958825],entering,[ 0.5677905  -0.59831228 -0.99408226]
1090.679151058197,1003,False,0,3,[-0.47136151 -6.66557728  4.        ],exiting,[ 0.63925976  0.24903542 -0.34837281]
1090.679151058197,1004,False,1,0,[-6.12276072  5.99375019  4.        ],cruising,[-0.62185191  0.08809385  0.93462812]
1090.679151058197,1005,False,4,2,[ 4.78829247 -4.2797862   3.94806368],cruising,[ 0.50568378 -0.03156594 -0.11489306]
1090.7796576023102,1000,False,6,5,[8.89566544 9.07148957 1.28271202],waiting,[-0.82138112 -0.19970136 -0.21083176]
1090.7796576023102,1001,False,2,1,[6.21533058 4.70695582 4.00000012],cruising,[-0.48080528  0.59740651 -0.20557775]
1090.7796576023102,1002,False,5,4,[-7.44920868  7.60939871  3.11458825],entering,[ 0.5677905  -0.59831228 -0.99408226]
1090.7796576023102,1003,False,0,3,[-0.4542658  -6.76410513  4.        ],exiting,[ 0.63925976  0.24903542 -0.34837281]
1090.7796576023102,1004,False,1,0,[-6.01650715  6.14653697  4.        ],cruising,[-0.62185191  0.08809385  0.93462812]
1090.7796576023102,1005,False,4,2,[ 4.6060963  -4.19729647  3.95585413],cruising,[ 0.50568378 -0.03156594 -0.11489306]
1090.8798468112946,1000,False,6,5,[8.89566544 9.07148957 1.28271202],waiting,[-0.82138112 -0.19970136 -0.21083176]
1090.8798468112946,1001,False,2,1,[6.41045684 4.66307251 4.0000001 ],cruising,[-0.48080528  0.59740651 -0.20557775]
1090.8798468112946,1002,False,5,4,[-7.28637196  7.53295537  3.18958825],entering,[ 0.5677905  -0.59831228 -0.99408226]
1090.8798468112946,1003,False,0,3,[-0.4371701  -6.86263298  4.        ],exiting,[ 0.63925976  0.24903542 -0.34837281]
1090.8798468112946,1004,False,1,0,[-5.89564982  6.28565881  4.        ],cruising,[-0.62185191  0.08809385  0.93462812]
1090.8798468112946,1005,False,4,2,[ 4.42260744 -4.11772364  3.96247601],cruising,[ 0.50568378 -0.03156594 -0.11489306]
1090.9791164398193,1000,False,6,5,[8.89566544 9.07148957 1.28271202],waiting,[-0.82138112 -0.19970136 -0.21083176]
1090.9791164398193,1001,False,2,1,[6.60368694 4.61147669 4.00000009],cruising,[-0.48080528  0.59740651 -0.20557775]
1090.9791164398193,1002,False,5,4,[-7.10403263  7.4520794   3.26458825],entering,[ 0.5677905  -0.59831228 -0.99408226]
1090.9791164398193,1003,False,0,3,[-0.42007439 -6.96116083  4.        ],exiting,[ 0.63925976  0.24903542 -0.34837281]
1090.9791164398193,1004,False,1,0,[-5.76107133  6.41022972  4.        ],cruising,[-0.62185191  0.08809385  0.93462812]
1090.9791164398193,1005,False,4,2,[ 4.23871769 -4.03908165  3.96810461],cruising,[ 0.50568378 -0.03156594 -0.11489306]
1091.0789041519165,1000,False,6,5,[8.89566544 9.07148957 1.28271202],queued,[-0.82138112 -0.19970136 -0.21083176]
1091.0789041519165,1001,False,2,1,[6.79432568 4.55100463 4.00000007],cruising,[-0.48080528  0.59740651 -0.20557775]
1091.0789041519165,1002,False,5,4,[-6.92019722  7.37331049  3.33958825],entering,[ 0.5677905  -0.59831228 -0.99408226]
1091.0789041519165,1003,False,0,3,[-0.40297869 -7.05968868  4.        ],exiting,[ 0.63925976  0.24903542 -0.34837281]
1091.0789041519165,1004,False,1,0,[-5.61359709  6.51951339  4.        ],cruising,[-0.62185191  0.08809385  0.93462812]
1091.0789041519165,1005,False,4,2,[ 4.05406854 -3.96223967  3.97288892],cruising,[ 0.50568378 -0.03156594 -0.11489306]
1091.1881487369537,1000,False,6,5,[8.89566544 9.07148957 1.30271202],queued,[-0.82138112 -0.19970136 -0.21083176]
1091.1881487369537,1001,False,2,1,[6.98144269 4.48038434 4.00000006],cruising,[-0.48080528  0.59740651 -0.20557775]
1091.1881487369537,1002,False,5,4,[-6.73422736  7.29972238  3.41458825],entering,[ 0.5677905  -0.59831228 -0.99408226]
1091.1881487369537,1003,False,0,3,[-0.38588299 -7.15821652  4.        ],exiting,[ 0.63925976  0.24903542 -0.34837281]
1091.1881487369537,1004,False,1,0,[-5.45396142  6.61291942  4.        ],cruising,[-0.62185191  0.08809385  0.93462812]
1091.1881487369537,1005,False,4,2,[ 3.86920824 -3.88590704  3.97695558],cruising,[ 0.50568378 -0.03156594 -0.11489306]
1091.2792370319366,1000,False,6,5,[8.89566544 9.07148957 1.34271202],queued,[-0.82138112 -0.19970136 -0.21083176]
1091.2792370319366,1001,False,2,1,[7.16380653 4.39826596 4.00000005],cruising,[-0.48080528  0.59740651 -0.20557775]
1091.2792370319366,1002,False,5,4,[-6.54665169  7.23032954  3.48958825],entering,[ 0.5677905  -0.59831228 -0.99408226]
1091.2792370319366,1003,False,0,3,[-0.36878728 -7.25674437  4.        ],exiting,[ 0.63925976  0.24903542 -0.34837281]
1091.2792370319366,1004,False,1,0,[-5.28280023  6.68998034  4.        ],cruising,[-0.62185191  0.08809385  0.93462812]
1091.2792370319366,1005,False,4,2,[ 3.68386484 -3.81075503  3.98041224],cruising,[ 0.50568378 -0.03156594 -0.11489306]
1091.3792457580566,1000,False,6,5,[8.89566544 9.07148957 1.40271202],queued,[-0.82138112 -0.19970136 -0.21083176]
1091.3792457580566,1001,False,2,1,[7.33981618 4.3032891  4.00000005],cruising,[-0.48080528  0.59740651 -0.20557775]
1091.3792457580566,1002,False,5,4,[-6.35736959  7.16573628  3.56458825],entering,[ 0.5677905  -0.59831228 -0.99408226]
1091.3792457580566,1003,False,0,3,[-0.35169158 -7.35527222  4.        ],exiting,[ 0.63925976  0.24903542 -0.34837281]
1091.3792457580566,1004,False,1,0,[-5.10089246  6.75017381  4.        ],cruising,[-0.62185191  0.08809385  0.93462812]
1091.3792457580566,1005,False,4,2,[ 3.49832741 -3.73608334  3.98335041],cruising,[ 0.50568378 -0.03156594 -0.11489306]
1091.4797089099884,1000,False,6,5,[8.89566544 9.07148957 1.47771202],queued,[-0.82138112 -0.19970136 -0.21083176]
1091.4797089099884,1001,False,2,1,[7.50744668 4.19420191 4.00000004],cruising,[-0.48080528  0.59740651 -0.20557775]
1091.4797089099884,1002,False,5,4,[-6.16603808  7.10749323  3.62990002],entering,[ 0.5677905  -0.59831228 -0.99408226]
1091.4797089099884,1003,False,0,3,[-0.33459587 -7.45380007  4.        ],exiting,[ 0.63925976  0.24903542 -0.34837281]
1091.4797089099884,1004,False,1,0,[-4.90806194  6.79361337  4.        ],cruising,[-0.62185191  0.08809385  0.93462812]
1091.4797089099884,1005,False,4,2,[ 3.31242871 -3.66231565  3.98584785],cruising,[ 0.50568378 -0.03156594 -0.11489306]
1091.580284357071,1000,False,6,5,[8.89566544 9.07148957 1.55271202],entering,[-0.82138112 -0.19970136 -0.21083176]
1091.580284357071,1001,False,2,1,[7.66302915 4.06915085 4.00000003],cruising,[-0.48080528  0.59740651 -0.20557775]
1091.580284357071,1002,False,5,4,[-5.97244853  7.0572629   3.68541501],entering,[ 0.5677905  -0.59831228 -0.99408226]
1091.580284357071,1003,False,0,3,[-0.31750017 -7.55232792  4.        ],exiting,[ 0.63925976  0.24903542 -0.34837281]
1091.580284357071,1004,False,1,0,[-4.71251063  6.83556198  4.        ],cruising,[-0.62185191  0.08809385  0.93462812]
1091.580284357071,1005,False,4,2,[ 3.12624043 -3.58928192  3.98797067],cruising,[ 0.50568378 -0.03156594 -0.11489306]
1091.68004155159,1000,False,6,5,[8.89143913 9.05194121 1.62771202],entering,[-0.82138112 -0.19970136 -0.21083176]
1091.68004155159,1001,False,2,1,[7.80517444 3.92928621 4.00000003],cruising,[-0.48080528  0.59740651 -0.20557775]
1091.68004155159,1002,False,5,4,[-5.77686543  7.01546279  3.73260276],entering,[ 0.5677905  -0.59831228 -0.99408226]
1091.68004155159,1003,False,0,3,[-0.30040447 -7.65085577  4.        ],exiting,[ 0.63925976  0.24903542 -0.34837281]
1091.68004155159,1004,False,1,0,[-4.51780594  6.88127941  4.        ],cruising,[-0.62185191  0.08809385  0.93462812]
1091.68004155159,1005,False,4,2,[ 2.93971439 -3.5171152   3.98977507],cruising,[ 0.50568378 -0.03156594 -0.11489306]
1091.7790758609772,1000,False,6,5,[8.88298652 9.01284449 1.70271202],entering,[-0.82138112 -0.19970136 -0.21083176]
1091.7790758609772,1001,False,2,1,[7.93242191 3.77607786 4.00000002],cruising,[-0.48080528  0.59740651 -0.20557775]
1091.7790758609772,1002,False,5,4,[-5.57959124  6.98255542  3.77271235],entering,[ 0.5677905  -0.59831228 -0.99408226]
1091.7790758609772,1003,False,0,3,[-0.28330876 -7.74938361  4.        ],landing,[ 0.63925976  0.24903542 -0.34837281]
1091.7790758609772,1004,False,1,0,[-4.32364952  6.92927198  4.        ],cruising,[-0.62185191  0.08809385  0.93462812]
1091.7790758609772,1005,False,4,2,[ 2.75271933 -3.44617264  3.99130881],cruising,[ 0.50568378 -0.03156594 -0.11489306]
1091.8857607841492,1000,False,6,5,[8.8703076  8.95419942 1.77771202],entering,[-0.82138112 -0.19970136 -0.21083176]
1091.8857607841492,1001,False,2,1,[8.04342399 3.61120386 4.00000002],cruising,[-0.48080528  0.59740651 -0.20557775]
1091.8857607841492,1002,False,5,4,[-5.38066224  6.96188527  3.8068055 ],entering,[ 0.5677905  -0.59831228 -0.99408226]
1091.8857607841492,1003,False,0,3,[-0.27177221 -7.83479265  3.9859646 ],landing,[ 0.63925976  0.24903542 -0.34837281]
1091.8857607841492,1004,False,1,0,[-4.12973331  6.97822607  4.        ],cruising,[-0.62185191  0.08809385  0.93462812]
1091.8857607841492,1005,False,4,2,[ 2.56510778 -3.37687684  3.99261249],cruising,[ 0.50568378 -0.03156594 -0.11489306]
1091.979166507721,1000,False,6,5,[8.85340237 8.87600598 1.85271202],entering,[-0.82138112 -0.19970136 -0.21083176]
1091.979166507721,1001,False,2,1,[8.13682478 3.43683277 4.00000002],cruising,[-0.48080528  0.59740651 -0.20557775]
1091.979166507721,1002,False,5,4,[-5.18092494  6.95163787  3.83578467],entering,[ 0.5677905  -0.59831228 -0.99408226]
1091.979166507721,1003,False,0,3,[-0.26578711 -7.90690709  3.95805709],landing,[ 0.63925976  0.24903542 -0.34837281]
1091.979166507721,1004,False,1,0,[-3.93518041  7.02458521  4.        ],cruising,[-0.62185191  0.08809385  0.93462812]
1091.979166507721,1005,False,4,2,[ 2.37705571 -3.3087856   3.99372061],cruising,[ 0.50568378 -0.03156594 -0.11489306]
1092.0789618492126,1000,False,6,5,[8.83227246 8.77826384 1.92771202],entering,[-0.82138112 -0.19970136 -0.21083176]
1092.0789618492126,1001,False,2,1,[8.21199555 3.25423571 4.00000001],exiting,[-0.48080528  0.59740651 -0.20557775]
1092.0789618492126,1002,False,5,4,[-4.98092494  6.95162408  3.86041697],cruising,[ 0.5677905  -0.59831228 -0.99408226]
1092.0789618492126,1003,False,0,3,[-0.26534326 -7.96552033  3.91647435],landing,[ 0.63925976  0.24903542 -0.34837281]
1092.0789618492126,1004,False,1,0,[-3.74047389  7.07029485  4.        ],cruising,[-0.62185191  0.08809385  0.93462812]
1092.0789618492126,1005,False,4,2,[ 2.18810184 -3.24323839  3.99466252],cruising,[ 0.50568378 -0.03156594 -0.11489306]
1092.1792278289795,1000,False,6,5,[8.80707485 8.66093972 2.00271202],entering,[-0.82138112 -0.19970136 -0.21083176]
1092.1792278289795,1001,False,2,1,[8.26813067 3.07777411 4.00000001],exiting,[-0.48080528  0.59740651 -0.20557775]
1092.1792278289795,1002,False,5,4,[-4.78116227  6.96136443  3.88135442],cruising,[ 0.5677905  -0.59831228 -0.99408226]
1092.1792278289795,1003,False,0,3,[-0.27042468 -8.01035088  3.86149352],landing,[ 0.63925976  0.24903542 -0.34837281]
1092.1792278289795,1004,False,1,0,[-3.54539968  7.11440894  4.        ],cruising,[-0.62185191  0.08809385  0.93462812]
1092.1792278289795,1005,False,4,2,[ 1.99807079 -3.18088297  3.99546314],cruising,[ 0.50568378 -0.03156594 -0.11489306]
1092.2792615890503,1000,False,6,5,[8.77805498 8.52398423 2.07771202],entering,[-0.82138112 -0.19970136 -0.21083176]
1092.2792615890503,1001,False,2,1,[8.30776791 2.91261825 4.00000001],exiting,[-0.48080528  0.59740651 -0.20557775]
1092.2792615890503,1002,False,5,4,[-4.58200335  6.97968726  3.89915126],cruising,[ 0.5677905  -0.59831228 -0.99408226]
1092.2792615890503,1003,False,0,3,[-0.281016   -8.04116241  3.79335564],landing,[ 0.63925976  0.24903542 -0.34837281]
1092.2792615890503,1004,False,1,0,[-3.34979228  7.1560952   4.        ],cruising,[-0.62185191  0.08809385  0.93462812]
1092.2792615890503,1005,False,4,2,[ 1.80738954 -3.12054506  3.99614367],cruising,[ 0.50568378 -0.03156594 -0.11489306]
1092.3792626857758,1000,False,6,5,[8.74561653 8.36732308 2.15271202],entering,[-0.82138112 -0.19970136 -0.21083176]
1092.3792626857758,1001,False,2,1,[8.33234593 2.7606237  4.        ],exiting,[-0.48080528  0.59740651 -0.20557775]
1092.3792626857758,1002,False,5,4,[-4.38361098  7.00499471  3.91427857],cruising,[ 0.5677905  -0.59831228 -0.99408226]
1092.3792626857758,1003,False,0,3,[-0.29710141 -8.05773733  3.71228971],landing,[ 0.63925976  0.24903542 -0.34837281]
1092.3792626857758,1004,False,1,0,[-3.15304586  7.19202353  4.        ],cruising,[-0.62185191  0.08809385  0.93462812]
1092.3792626857758,1005,False,4,2,[ 1.6152217  -3.06512376  3.99672212],cruising,[ 0.50568378 -0.03156594 -0.11489306]
1092.478917837143,1000,False,6,5,[8.71011479 8.19089792 2.22771202],entering,[-0.82138112 -0.19970136 -0.21083176]
1092.478917837143,1001,False,2,1,[8.34270733 2.62269641 4.        ],exiting,[-0.48080528  0.59740651 -0.20557775]
1092.478917837143,1002,False,5,4,[-4.18595631  7.03553372  3.92713679],cruising,[ 0.5677905  -0.59831228 -0.99408226]
1092.478917837143,1003,False,0,3,[-0.31866328 -8.05985652  3.61853364],landing,[ 0.63925976  0.24903542 -0.34837281]
1092.478917837143,1004,False,1,0,[-2.95568685  7.22441832  4.        ],cruising,[-0.62185191  0.08809385  0.93462812]
1092.478917837143,1005,False,4,2,[ 1.4213771  -3.01588688  3.9972138 ],cruising,[ 0.50568378 -0.03156594 -0.11489306]
1092.5788316726685,1000,False,6,5,[8.67158765 7.99470291 2.30271202],entering,[-0.82138112 -0.19970136 -0.21083176]
1092.5788316726685,1001,False,2,1,[8.33944376 2.49941015 4.        ],exiting,[-0.48080528  0.59740651 -0.20557775]
1092.5788316726685,1002,False,5,4,[-3.98887794  7.06959419  3.93806627],cruising,[ 0.5677905  -0.59831228 -0.99408226]
1092.5788316726685,1003,False,0,3,[-0.34176769 -8.05782676  3.52126049],landing,[ 0.63925976  0.24903542 -0.34837281]
1092.5788316726685,1004,False,1,0,[-2.75727088  7.24954007  4.        ],cruising,[-0.62185191  0.08809385  0.93462812]
1092.5788316726685,1005,False,4,2,[ 1.22569119 -2.97457072  3.99763173],cruising,[ 0.50568378 -0.03156594 -0.11489306]
1092.6809930801392,1000,False,6,5,[8.63305185 7.79845054 2.37771202],entering,[-0.82138112 -0.19970136 -0.21083176]
1092.6809930801392,1001,False,2,1,[8.32306369 2.39122217 4.        ],exiting,[-0.48080528  0.59740651 -0.20557775]
1092.6809930801392,1002,False,5,4,[-3.79214834  7.10561453  3.94735633],cruising,[ 0.5677905  -0.59831228 -0.99408226]
1092.6809930801392,1003,False,0,3,[-0.3648721  -8.055797    3.42398733],landing,[ 0.63925976  0.24903542 -0.34837281]
1092.6809930801392,1004,False,1,0,[-2.55828964  7.2697011   4.        ],cruising,[-0.62185191  0.08809385  0.93462812]
1092.6809930801392,1005,False,4,2,[ 1.02728027 -2.94940907  3.99798697],cruising,[ 0.50568378 -0.03156594 -0.11489306]
1092.7793531417847,1000,False,6,5,[8.59507065 7.60209008 2.45271202],entering,[-0.82138112 -0.19970136 -0.21083176]
1092.7793531417847,1001,False,2,1,[8.29410082 2.29858001 4.        ],exiting,[-0.48080528  0.59740651 -0.20557775]
1092.7793531417847,1002,False,5,4,[-3.59508538  7.13976405  3.95525288],cruising,[ 0.5677905  -0.59831228 -0.99408226]
1092.7793531417847,1003,False,0,3,[-0.3879765  -8.05376724  3.32671418],landing,[ 0.63925976  0.24903542 -0.34837281]
1092.7793531417847,1004,False,1,0,[-2.35856634  7.28021781  4.        ],cruising,[-0.62185191  0.08809385  0.93462812]
1092.7793531417847,1005,False,4,2,[ 0.82757683 -2.93852172  3.99828893],cruising,[ 0.50568378 -0.03156594 -0.11489306]
1092.879899263382,1000,False,6,5,[8.55967968 7.40524629 2.52771202],entering,[-0.82138112 -0.19970136 -0.21083176]
1092.879899263382,1001,False,2,1,[8.25281296 2.22168888 4.        ],exiting,[-0.48080528  0.59740651 -0.20557775]
1092.879899263382,1002,False,5,4,[-3.39798879  7.17371892  3.96196495],cruising,[ 0.5677905  -0.59831228 -0.99408226]
1092.879899263382,1003,False,0,3,[-0.41108091 -8.05173748  3.22944103],landing,[ 0.63925976  0.24903542 -0.34837281]
1092.879899263382,1004,False,1,0,[-2.15856915  7.27915656  4.        ],cruising,[-0.62185191  0.08809385  0.93462812]
1092.879899263382,1005,False,4,2,[ 0.62763904 -2.94350982  3.99854559],cruising,[ 0.50568378 -0.03156594 -0.11489306]
1092.979697227478,1000,False,6,5,[8.52551697 7.20818561 2.60271202],entering,[-0.82138112 -0.19970136 -0.21083176]
1092.979697227478,1001,False,2,1,[8.19946664 2.16075374 4.        ],exiting,[-0.48080528  0.59740651 -0.20557775]
1092.979697227478,1002,False,5,4,[-3.20066069  7.20630144  3.9676702 ],cruising,[ 0.5677905  -0.59831228 -0.99408226]
1092.979697227478,1003,False,0,3,[-0.43418532 -8.04970772  3.13216787],landing,[ 0.63925976  0.24903542 -0.34837281]
1092.979697227478,1004,False,1,0,[-1.95967268  7.25817577  4.        ],cruising,[-0.62185191  0.08809385  0.93462812]
1092.979697227478,1005,False,4,2,[ 0.4286334  -2.96342847  3.99876375],cruising,[ 0.50568378 -0.03156594 -0.11489306]
1093.090543270111,1000,False,6,5,[8.49135427 7.01112494 2.67771202],entering,[-0.82138112 -0.19970136 -0.21083176]
1093.090543270111,1001,False,2,1,[8.13433739 2.11597913 3.99999999],exiting,[-0.48080528  0.59740651 -0.20557775]
1093.090543270111,1002,False,5,4,[-3.00255607  7.23377074  3.97251967],cruising,[ 0.5677905  -0.59831228 -0.99408226]
1093.090543270111,1003,False,0,3,[-0.45728973 -8.04767796  3.03489472],landing,[ 0.63925976  0.24903542 -0.34837281]
1093.090543270111,1004,False,1,0,[-1.7635451   7.21900983  4.        ],cruising,[-0.62185191  0.08809385  0.93462812]
1093.090543270111,1005,False,4,2,[ 0.23157903 -2.99762757  3.99894919],cruising,[ 0.50568378 -0.03156594 -0.11489306]
1093.1790673732758,1000,False,6,5,[8.45863848 6.81381889 2.75271202],entering,[-0.82138112 -0.19970136 -0.21083176]
1093.1790673732758,1001,False,2,1,[8.05771044 2.08756919 3.99999999],exiting,[-0.48080528  0.59740651 -0.20557775]
1093.1790673732758,1002,False,5,4,[-2.80404639  7.25814091  3.97664172],cruising,[ 0.5677905  -0.59831228 -0.99408226]
1093.1790673732758,1003,False,0,3,[-0.48039414 -8.0456482   2.93762157],landing,[ 0.63925976  0.24903542 -0.34837281]
1093.1790673732758,1004,False,1,0,[-1.57122056  7.16413477  4.        ],cruising,[-0.62185191  0.08809385  0.93462812]
1093.1790673732758,1005,False,4,2,[ 0.03731976 -3.04520207  3.99910681],cruising,[ 0.50568378 -0.03156594 -0.11489306]
1093.279144525528,1000,False,6,5,[8.42951565 6.6159506  2.82771202],entering,[-0.82138112 -0.19970136 -0.21083176]
1093.279144525528,1001,False,2,1,[7.96988151 2.07572777 4.        ],exiting,[-0.48080528  0.59740651 -0.20557775]
1093.279144525528,1002,False,5,4,[-2.60477525  7.27520006  3.98014546],cruising,[ 0.5677905  -0.59831228 -0.99408226]
1093.279144525528,1003,False,0,3,[-0.50349854 -8.04361845  2.84034841],landing,[ 0.63925976  0.24903542 -0.34837281]
1093.279144525528,1004,False,1,0,[-1.3831474   7.09610179  4.        ],cruising,[-0.62185191  0.08809385  0.93462812]
1093.279144525528,1005,False,4,2,[-0.15236386 -3.10860654  3.99924079],cruising,[ 0.50568378 -0.03156594 -0.11489306]
1093.3799934387207,1000,False,6,5,[8.40039283 6.41808231 2.90271202],entering,[-0.82138112 -0.19970136 -0.21083176]
1093.3799934387207,1001,False,2,1,[7.87115776 2.08065844 4.        ],exiting,[-0.48080528  0.59740651 -0.20557775]
1093.3799934387207,1002,False,5,4,[-2.40513406  7.28717476  3.98312364],cruising,[ 0.5677905  -0.59831228 -0.99408226]
1093.3799934387207,1003,False,0,3,[-0.52660295 -8.04158869  2.74307526],landing,[ 0.63925976  0.24903542 -0.34837281]
1093.3799934387207,1004,False,1,0,[-1.1978538   7.02082709  4.        ],cruising,[-0.62185191  0.08809385  0.93462812]
1093.3799934387207,1005,False,4,2,[-0.33861092 -3.18149023  3.99935467],cruising,[ 0.50568378 -0.03156594 -0.11489306]
1093.4793019294739,1000,False,6,5,[8.37374321 6.21986576 2.97771202],entering,[-0.82138112 -0.19970136 -0.21083176]
1093.4793019294739,1001,False,2,1,[7.77137755 2.08728493 4.        ],exiting,[-0.48080528  0.59740651 -0.20557775]
1093.4793019294739,1002,False,5,4,[-2.20513968  7.28867431  3.9856551 ],cruising,[ 0.5677905  -0.59831228 -0.99408226]
1093.4793019294739,1003,False,0,3,[-0.54970736 -8.03955893  2.6458021 ],landing,[ 0.63925976  0.24903542 -0.34837281]
1093.4793019294739,1004,False,1,0,[-1.01691847  6.93560732  4.        ],cruising,[-0.62185191  0.08809385  0.93462812]
1093.4793019294739,1005,False,4,2,[-0.52054451 -3.26455747  3.99945147],cruising,[ 0.50568378 -0.03156594 -0.11489306]
1093.5791561603546,1000,False,6,5,[8.35027412 6.02124753 3.05271202],entering,[-0.82138112 -0.19970136 -0.21083176]
1093.5791561603546,1001,False,2,1,[7.67159735 2.09391142 4.        ],exiting,[-0.48080528  0.59740651 -0.20557775]
1093.5791561603546,1002,False,5,4,[-2.00578322  7.27264301  3.98780683],cruising,[ 0.5677905  -0.59831228 -0.99408226]
1093.5791561603546,1003,False,0,3,[-0.57281177 -8.03752917  2.54852895],landing,[ 0.63925976  0.24903542 -0.34837281]
1093.5791561603546,1004,False,1,0,[-0.83977429  6.84276369  4.        ],cruising,[-0.62185191  0.08809385  0.93462812]
1093.5791561603546,1005,False,4,2,[-0.6994985  -3.35386297  3.99953375],cruising,[ 0.50568378 -0.03156594 -0.11489306]
1093.6802275180817,1000,False,6,5,[8.32797436 5.82249462 3.12771202],entering,[-0.82138112 -0.19970136 -0.21083176]
1093.6802275180817,1001,False,2,1,[7.57181714 2.10053791 4.        ],exiting,[-0.48080528  0.59740651 -0.20557775]
1093.6802275180817,1002,False,5,4,[-1.80887035  7.23763844  3.98963581],cruising,[ 0.5677905  -0.59831228 -0.99408226]
1093.6802275180817,1003,False,0,3,[-0.59591618 -8.03549941  2.4512558 ],landing,[ 0.63925976  0.24903542 -0.34837281]
1093.6802275180817,1004,False,1,0,[-0.66571489  6.74425824  4.        ],cruising,[-0.62185191  0.08809385  0.93462812]
1093.6802275180817,1005,False,4,2,[-0.87742474 -3.44519891  3.99960369],cruising,[ 0.50568378 -0.03156594 -0.11489306]
1093.781499862671,1000,False,6,5,[8.31060837 5.62324999 3.20271202],entering,[-0.82138112 -0.19970136 -0.21083176]
1093.781499862671,1001,False,2,1,[7.47203694 2.1071644  4.        ],exiting,[-0.48080528  0.59740651 -0.20557775]
1093.781499862671,1002,False,5,4,[-1.61561846  7.18612427  3.99119044],cruising,[ 0.5677905  -0.59831228 -0.99408226]
1093.781499862671,1003,False,0,3,[-0.61902058 -8.03346965  2.35398264],landing,[ 0.63925976  0.24903542 -0.34837281]
1093.781499862671,1004,False,1,0,[-0.49318131  6.64310409  4.        ],cruising,[-0.62185191  0.08809385  0.93462812]
1093.781499862671,1005,False,4,2,[-1.05678878 -3.53367795  3.99966313],cruising,[ 0.50568378 -0.03156594 -0.11489306]
1093.8903408050537,1000,False,6,5,[8.29588906 5.42379237 3.27771202],entering,[-0.82138112 -0.19970136 -0.21083176]
1093.8903408050537,1001,False,2,1,[7.37225673 2.11379089 4.        ],exiting,[-0.48080528  0.59740651 -0.20557775]
1093.8903408050537,1002,False,5,4,[-1.42662191  7.12070024  3.99251187],cruising,[ 0.5677905  -0.59831228 -0.99408226]
1093.8903408050537,1003,False,0,3,[-0.64212499 -8.03143989  2.25670949],landing,[ 0.63925976  0.24903542 -0.34837281]
1093.8903408050537,1004,False,1,0,[-0.32267379  6.53857091  4.        ],cruising,[-0.62185191  0.08809385  0.93462812]
1093.8903408050537,1005,False,4,2,[-1.24161572 -3.6100913   3.99971366],cruising,[ 0.50568378 -0.03156594 -0.11489306]
1093.9844357967377,1000,False,6,5,[8.28480657 5.22409966 3.35271202],entering,[-0.82138112 -0.19970136 -0.21083176]
1093.9844357967377,1001,False,2,1,[7.27247652 2.12041739 4.        ],exiting,[-0.48080528  0.59740651 -0.20557775]
1093.9844357967377,1002,False,5,4,[-1.24196178  7.04388466  3.99363509],cruising,[ 0.5677905  -0.59831228 -0.99408226]
1093.9844357967377,1003,False,0,3,[-0.6652294  -8.02941013  2.15943634],landing,[ 0.63925976  0.24903542 -0.34837281]
1093.9844357967377,1004,False,1,0,[-0.15296937  6.43273892  4.        ],cruising,[-0.62185191  0.08809385  0.93462812]
1093.9844357967377,1005,False,4,2,[-1.43284884 -3.66755838  3.99975845],cruising,[ 0.50568378 -0.03156594 -0.11489306]
1094.087441444397,1000,False,6,5,[8.27986016 5.02416084 3.42771202],entering,[-0.82138112 -0.19970136 -0.21083176]
1094.087441444397,1001,False,2,1,[7.17269632 2.12704388 4.        ],exiting,[-0.48080528  0.59740651 -0.20557775]
1094.087441444397,1002,False,5,4,[-1.05993253  6.96102724  3.99458983],cruising,[ 0.5677905  -0.59831228 -0.99408226]
1094.087441444397,1003,False,0,3,[-0.68833381 -8.02738037  2.06216318],landing,[ 0.63925976  0.24903542 -0.34837281]
1094.087441444397,1004,False,1,0,[0.01587984 6.32554775 4.        ],cruising,[-0.62185191  0.08809385  0.93462812]
1094.087441444397,1005,False,4,2,[-1.62723891 -3.7052762   3.99980017],cruising,[ 0.50568378 -0.03156594 -0.11489306]
1094.1803636550903,1000,False,6,5,[8.28035412 4.82416145 3.50271202],entering,[-0.82138112 -0.19970136 -0.21083176]
1094.1803636550903,1001,False,2,1,[7.07291611 2.13367037 4.        ],exiting,[-0.48080528  0.59740651 -0.20557775]
1094.1803636550903,1002,False,5,4,[-0.88194211  6.86981643  3.99540135],cruising,[ 0.5677905  -0.59831228 -0.99408226]
1094.1803636550903,1003,False,0,3,[-0.71143822 -8.02535061  1.96489003],landing,[ 0.63925976  0.24903542 -0.34837281]
1094.1803636550903,1004,False,1,0,[0.18466189 6.21825088 4.        ],cruising,[-0.62185191  0.08809385  0.93462812]
1094.1803636550903,1005,False,4,2,[-1.82160271 -3.72299403  3.9998394 ],cruising,[ 0.50568378 -0.03156594 -0.11489306]
1094.29088139534,1000,False,6,5,[8.28497049 4.62421473 3.57730522],entering,[-0.82138112 -0.19970136 -0.21083176]
1094.29088139534,1001,False,2,1,[6.9731359  2.14029686 4.        ],exiting,[-0.48080528  0.59740651 -0.20557775]
1094.29088139534,1002,False,5,4,[-0.70729304  6.77236027  3.99609115],cruising,[ 0.5677905  -0.59831228 -0.99408226]
1094.29088139534,1003,False,0,3,[-0.73454262 -8.02332085  1.86761688],landing,[ 0.63925976  0.24903542 -0.34837281]
1094.29088139534,1004,False,1,0,[0.35372185 6.11139242 4.        ],exiting,[-0.62185191  0.08809385  0.93462812]
1094.29088139534,1005,False,4,2,[-2.01293436 -3.72094305  3.9998763 ],cruising,[ 0.50568378 -0.03156594 -0.11489306]
1094.3916337490082,1000,False,6,5,[8.29436016 4.42443527 3.64070944],entering,[-0.82138112 -0.19970136 -0.21083176]
1094.3916337490082,1001,False,2,1,[6.8733557  2.14692335 4.        ],exiting,[-0.48080528  0.59740651 -0.20557775]
1094.3916337490082,1002,False,5,4,[-0.53430631  6.67198302  3.99667748],cruising,[ 0.5677905  -0.59831228 -0.99408226]
1094.3916337490082,1003,False,0,3,[-0.75764703 -8.0212911   1.77034372],landing,[ 0.63925976  0.24903542 -0.34837281]
1094.3916337490082,1004,False,1,0,[0.51265618 6.02178133 4.        ],exiting,[-0.62185191  0.08809385  0.93462812]
1094.3916337490082,1005,False,4,2,[-2.19859908 -3.69971172  3.99991087],cruising,[ 0.50568378 -0.03156594 -0.11489306]
1094.4817655086517,1000,False,6,5,[8.30664686 4.22481303 3.69460302],entering,[-0.82138112 -0.19970136 -0.21083176]
1094.4817655086517,1001,False,2,1,[6.77357549 2.15354984 4.        ],exiting,[-0.48080528  0.59740651 -0.20557775]
1094.4817655086517,1002,False,5,4,[-0.36359301  6.56778625  3.99717586],cruising,[ 0.5677905  -0.59831228 -0.99408226]
1094.4817655086517,1003,False,0,3,[-0.78075144 -8.01926134  1.67307057],landing,[ 0.63925976  0.24903542 -0.34837281]
1094.4817655086517,1004,False,1,0,[0.661316   5.94932933 4.        ],exiting,[-0.62185191  0.08809385  0.93462812]
1094.4817655086517,1005,False,4,2,[-2.37619815 -3.66017887  3.99994306],cruising,[ 0.50568378 -0.03156594 -0.11489306]
1094.580956697464,1000,False,6,5,[8.31621595 4.02504208 3.74041257],entering,[-0.82138112 -0.19970136 -0.21083176]
1094.580956697464,1001,False,2,1,[6.67379528 2.16017633 4.        ],exiting,[-0.48080528  0.59740651 -0.20557775]
1094.580956697464,1002,False,5,4,[-0.19433286  6.46124516  3.99759948],cruising,[ 0.5677905  -0.59831228 -0.99408226]
1094.580956697464,1003,False,0,3,[-0.80385585 -8.01723158  1.57579742],landing,[ 0.63925976  0.24903542 -0.34837281]
1094.580956697464,1004,False,1,0,[0.79953286 5.89393443 4.        ],exiting,[-0.62185191  0.08809385  0.93462812]
1094.580956697464,1005,False,4,2,[-2.54354914 -3.60347114  3.99997279],cruising,[ 0.50568378 -0.03156594 -0.11489306]
1094.683233499527,1000,False,6,5,[8.33102442 3.82559106 3.77935068],cruising,[-0.82138112 -0.19970136 -0.21083176]
1094.683233499527,1001,False,2,1,[6.57401508 2.16680282 4.        ],exiting,[-0.48080528  0.59740651 -0.20557775]
1094.683233499527,1002,False,5,4,[-0.02549696  6.35403305  3.99795956],cruising,[ 0.5677905  -0.59831228 -0.99408226]
1094.683233499527,1003,False,0,3,[-0.82696025 -8.01520182  1.47852426],fake_landed,[ 0.63925976  0.24903542 -0.34837281]
1094.683233499527,1004,False,1,0,[0.92711438 5.85547733 4.        ],exiting,[-0.62185191  0.08809385  0.93462812]
1094.683233499527,1005,False,4,2,[-2.69880895 -3.5308322   3.99999994],cruising,[ 0.50568378 -0.03156594 -0.11489306]
1094.7812995910645,1000,False,6,5,[8.34004052 3.62579439 3.81244808],cruising,[-0.82138112 -0.19970136 -0.21083176]
1094.7812995910645,1001,False,2,1,[6.47423487 2.17342932 4.        ],exiting,[-0.48080528  0.59740651 -0.20557775]
1094.7812995910645,1002,False,5,4,[0.14301011 6.24630484 3.99826562],cruising,[ 0.5677905  -0.59831228 -0.99408226]
1094.7812995910645,1003,False,0,3,[-0.84544378 -8.01357801  1.40070574],fake_landed,[ 0.63925976  0.24903542 -0.34837281]
1094.7812995910645,1004,False,1,0,[1.04383517 5.83381443 4.        ],exiting,[-0.62185191  0.08809385  0.93462812]
1094.7812995910645,1005,False,4,2,[-2.84035916 -3.44363143  4.00002438],cruising,[ 0.50568378 -0.03156594 -0.11489306]
1094.8920969963074,1000,False,6,5,[8.34743956 3.4259313  3.84058087],cruising,[-0.82138112 -0.19970136 -0.21083176]
1094.8920969963074,1001,False,2,1,[6.37445466 2.18005581 4.        ],exiting,[-0.48080528  0.59740651 -0.20557775]
1094.8920969963074,1002,False,5,4,[0.31177614 6.13898276 3.99852578],cruising,[ 0.5677905  -0.59831228 -0.99408226]
1094.8920969963074,1003,False,0,3,[-0.85930643 -8.01236015  1.34234185],fake_landed,[ 0.63925976  0.24903542 -0.34837281]
1094.8920969963074,1004,False,1,0,[1.14941503 5.82876115 4.        ],exiting,[-0.62185191  0.08809385  0.93462812]
1094.8920969963074,1005,False,4,2,[-2.96674407 -3.34339174  4.00004596],cruising,[ 0.50568378 -0.03156594 -0.11489306]
1094.9927372932434,1000,False,6,5,[8.36092962 3.22638677 3.86449374],cruising,[-0.82138112 -0.19970136 -0.21083176]
1094.9927372932434,1001,False,2,1,[6.27467446 2.1866823  4.        ],exiting,[-0.48080528  0.59740651 -0.20557775]
1094.9927372932434,1002,False,5,4,[0.48105574 6.03247259 3.99874691],cruising,[ 0.5677905  -0.59831228 -0.99408226]
1094.9927372932434,1003,False,0,3,[-0.86854819 -8.01154825  1.30343259],fake_landed,[ 0.63925976  0.24903542 -0.34837281]
1094.9927372932434,1004,False,1,0,[1.24348077 5.840061   4.        ],exiting,[-0.62185191  0.08809385  0.93462812]
1094.9927372932434,1005,False,4,2,[-3.07673175 -3.2317008   4.00006452],cruising,[ 0.50568378 -0.03156594 -0.11489306]
1095.0828258991241,1000,False,6,5,[8.3730532  3.02675456 3.88481968],cruising,[-0.82138112 -0.19970136 -0.21083176]
1095.0828258991241,1001,False,2,1,[6.17489425 2.19330879 4.        ],exiting,[-0.48080528  0.59740651 -0.20557775]
1095.0828258991241,1002,False,5,4,[0.65148247 5.92780774 3.99893488],cruising,[ 0.5677905  -0.59831228 -0.99408226]
1095.0828258991241,1003,False,0,3,[-0.87316907 -8.0111423   1.28397795],fake_landed,[ 0.63925976  0.24903542 -0.34837281]
1095.0828258991241,1004,False,1,0,[1.32579532 5.86754448 4.        ],exiting,[-0.62185191  0.08809385  0.93462812]
1095.0828258991241,1005,False,4,2,[-3.16923383 -3.11030143  4.00007986],cruising,[ 0.50568378 -0.03156594 -0.11489306]
1095.1910281181335,1000,False,6,5,[8.38457601 2.82708678 3.90209673],cruising,[-0.82138112 -0.19970136 -0.21083176]
1095.1910281181335,1001,False,2,1,[6.07511404 2.19993528 4.        ],exiting,[-0.48080528  0.59740651 -0.20557775]
1095.1910281181335,1002,False,5,4,[0.82303771 5.82500308 3.99909464],cruising,[ 0.5677905  -0.59831228 -0.99408226]
1095.1910281181335,1003,False,3,6,[-0.87316907 -8.0111423   1.28397795],waiting,[ 0.63925976  0.24903542 -0.34837281]
1095.1910281181335,1004,False,1,0,[1.39611867 5.91103455 4.        ],exiting,[-0.62185191  0.08809385  0.93462812]
1095.1910281181335,1005,False,4,2,[-3.24371008 -2.98023778  4.00009186],cruising,[ 0.50568378 -0.03156594 -0.11489306]
1095.2944598197937,1000,False,6,5,[8.3996101  2.62765264 3.91678222],cruising,[-0.82138112 -0.19970136 -0.21083176]
1095.2944598197937,1001,False,2,1,[5.97533384 2.20656177 4.        ],exiting,[-0.48080528  0.59740651 -0.20557775]
1095.2944598197937,1002,False,5,4,[0.9966406  5.72569529 3.99923045],cruising,[ 0.5677905  -0.59831228 -0.99408226]
1095.2944598197937,1003,False,3,6,[-0.87316907 -8.0111423   1.28397795],waiting,[ 0.63925976  0.24903542 -0.34837281]
1095.2944598197937,1004,False,1,0,[1.45420816 5.97034652 4.        ],exiting,[-0.62185191  0.08809385  0.93462812]
1095.2944598197937,1005,False,4,2,[-3.29990121 -2.84207141  4.0001004 ],cruising,[ 0.50568378 -0.03156594 -0.11489306]
1095.379582643509,1000,False,6,5,[8.41289905 2.42809462 3.92926488],cruising,[-0.82138112 -0.19970136 -0.21083176]
1095.379582643509,1001,False,2,1,[5.87555363 2.21318826 4.        ],exiting,[-0.48080528  0.59740651 -0.20557775]
1095.379582643509,1002,False,5,4,[1.17187242 5.62929089 3.99934588],cruising,[ 0.5677905  -0.59831228 -0.99408226]
1095.379582643509,1003,False,3,6,[-0.87316907 -8.0111423   1.28397795],waiting,[ 0.63925976  0.24903542 -0.34837281]
1095.379582643509,1004,False,1,0,[1.49981859 6.04528773 4.        ],exiting,[-0.62185191  0.08809385  0.93462812]
1095.379582643509,1005,False,4,2,[-3.33764401 -2.6961811   4.00010535],cruising,[ 0.50568378 -0.03156594 -0.11489306]
1095.4818465709686,1000,False,6,5,[8.42790074 2.22865804 3.93987515],cruising,[-0.82138112 -0.19970136 -0.21083176]
1095.4818465709686,1001,False,2,1,[5.77577342 2.21981476 4.        ],exiting,[-0.48080528  0.59740651 -0.20557775]
1095.4818465709686,1002,False,5,4,[1.34896454 5.536348   3.999444  ],cruising,[ 0.5677905  -0.59831228 -0.99408226]
1095.4818465709686,1003,False,3,6,[-0.87316907 -8.0111423   1.28397795],waiting,[ 0.63925976  0.24903542 -0.34837281]
1095.4818465709686,1004,False,1,0,[1.53270232 6.1356572  4.        ],exiting,[-0.62185191  0.08809385  0.93462812]
1095.4818465709686,1005,False,4,2,[-3.35681791 -2.54286139  4.00010666],cruising,[ 0.50568378 -0.03156594 -0.11489306]
1095.5870909690857,1000,False,6,5,[8.44041662 2.02905004 3.94889388],cruising,[-0.82138112 -0.19970136 -0.21083176]
1095.5870909690857,1001,False,2,1,[5.67599322 2.22644125 4.        ],exiting,[-0.48080528  0.59740651 -0.20557775]
1095.5870909690857,1002,False,5,4,[1.52910385 5.44945825 3.9995274 ],cruising,[ 0.5677905  -0.59831228 -0.99408226]
1095.5870909690857,1003,False,3,6,[-0.87316907 -8.0111423   1.28397795],waiting,[ 0.63925976  0.24903542 -0.34837281]
1095.5870909690857,1004,False,1,0,[1.56081251 6.23162499 4.        ],exiting,[-0.62185191  0.08809385  0.93462812]
1095.5870909690857,1005,False,4,2,[-3.35753011 -2.38184976  4.00010421],cruising,[ 0.50568378 -0.03156594 -0.11489306]
1095.6934597492218,1000,False,6,5,[8.45346252 1.82947598 3.9565598 ],cruising,[-0.82138112 -0.19970136 -0.21083176]
1095.6934597492218,1001,False,2,1,[5.57621301 2.23306774 4.        ],landing,[-0.48080528  0.59740651 -0.20557775]
1095.6934597492218,1002,False,5,4,[1.7113715  5.36712658 3.99959829],cruising,[ 0.5677905  -0.59831228 -0.99408226]
1095.6934597492218,1003,False,3,6,[-0.87316907 -8.0111423   1.28397795],waiting,[ 0.63925976  0.24903542 -0.34837281]
1095.6934597492218,1004,False,1,0,[1.5889227  6.32759278 4.        ],exiting,[-0.62185191  0.08809385  0.93462812]
1095.6934597492218,1005,False,4,2,[-3.34018325 -2.21224335  4.00009791],cruising,[ 0.50568378 -0.03156594 -0.11489306]
1095.7839744091034,1000,False,6,5,[8.46365124 1.62973568 3.96307583],cruising,[-0.82138112 -0.19970136 -0.21083176]
1095.7839744091034,1001,False,2,1,[5.49027761 2.23562942 3.98615086],landing,[-0.48080528  0.59740651 -0.20557775]
1095.7839744091034,1002,False,5,4,[1.8959124  5.29002496 3.99965855],cruising,[ 0.5677905  -0.59831228 -0.99408226]
1095.7839744091034,1003,False,3,6,[-0.87316907 -8.0111423   1.28397795],waiting,[ 0.63925976  0.24903542 -0.34837281]
1095.7839744091034,1004,False,1,0,[1.61703288 6.42356058 4.        ],exiting,[-0.62185191  0.08809385  0.93462812]
1095.7839744091034,1005,False,4,2,[-3.30605161 -2.03176169  4.00008768],cruising,[ 0.50568378 -0.03156594 -0.11489306]
1095.8853361606598,1000,False,6,5,[8.47362697 1.42998462 3.96861445],cruising,[-0.82138112 -0.19970136 -0.21083176]
1095.8853361606598,1001,False,2,1,[5.41835839 2.23415253 3.95861828],landing,[-0.48080528  0.59740651 -0.20557775]
1095.8853361606598,1002,False,5,4,[2.08390453 5.2217684  3.99970976],cruising,[ 0.5677905  -0.59831228 -0.99408226]
1095.8853361606598,1003,False,3,6,[-0.87316907 -8.0111423   1.28397795],waiting,[ 0.63925976  0.24903542 -0.34837281]
1095.8853361606598,1004,False,1,0,[1.64514307 6.51952837 4.        ],exiting,[-0.62185191  0.08809385  0.93462812]
1095.8853361606598,1005,False,4,2,[-3.26563564 -1.83588788  4.00007453],cruising,[ 0.50568378 -0.03156594 -0.11489306]
1095.9817118644714,1000,False,6,5,[8.48287638 1.23019861 3.97332229],cruising,[-0.82138112 -0.19970136 -0.21083176]
1095.9817118644714,1001,False,2,1,[5.3606555  2.22866888 3.91760082],landing,[-0.48080528  0.59740651 -0.20557775]
1095.9817118644714,1002,False,5,4,[2.2744391  5.16096894 3.9997533 ],cruising,[ 0.5677905  -0.59831228 -0.99408226]
1095.9817118644714,1003,False,3,6,[-0.87316907 -8.0111423   1.28397795],waiting,[ 0.63925976  0.24903542 -0.34837281]
1095.9817118644714,1004,False,1,0,[1.67325326 6.61549616 4.        ],exiting,[-0.62185191  0.08809385  0.93462812]
1095.9817118644714,1005,False,4,2,[-3.24175442 -1.63731878  4.00006335],cruising,[ 0.50568378 -0.03156594 -0.11489306]
1096.087431192398,1000,False,6,5,[8.48868972 1.03028312 3.97732394],cruising,[-0.82138112 -0.19970136 -0.21083176]
1096.087431192398,1001,False,2,1,[5.31743713 2.21922312 3.8633735 ],landing,[-0.48080528  0.59740651 -0.20557775]
1096.087431192398,1002,False,5,4,[2.46801599 5.11068981 3.9997903 ],cruising,[ 0.5677905  -0.59831228 -0.99408226]
1096.087431192398,1003,False,3,6,[-0.87316907 -8.0111423   1.28397795],waiting,[ 0.63925976  0.24903542 -0.34837281]
1096.087431192398,1004,False,1,0,[1.70136345 6.71146396 4.        ],exiting,[-0.62185191  0.08809385  0.93462812]
1096.087431192398,1005,False,4,2,[-3.23388748 -1.43747356  4.00005385],cruising,[ 0.50568378 -0.03156594 -0.11489306]
1096.181002855301,1000,False,6,5,[8.49353913 0.83034192 3.98072535],cruising,[-0.82138112 -0.19970136 -0.21083176]
1096.181002855301,1001,False,2,1,[5.28894233 2.20585712 3.79619057],landing,[-0.48080528  0.59740651 -0.20557775]
1096.181002855301,1002,False,5,4,[2.66370551 5.06939078 3.99982176],cruising,[ 0.5677905  -0.59831228 -0.99408226]
1096.181002855301,1003,False,3,6,[-0.87316907 -8.0111423   1.28397795],waiting,[ 0.63925976  0.24903542 -0.34837281]
1096.181002855301,1004,False,1,0,[1.72947364 6.80743175 4.        ],exiting,[-0.62185191  0.08809385  0.93462812]
1096.181002855301,1005,False,4,2,[-3.24161048 -1.23762273  4.00004577],cruising,[ 0.50568378 -0.03156594 -0.11489306]
1096.2798113822937,1000,False,6,5,[8.49711528 0.63037389 3.98361655],cruising,[-0.82138112 -0.19970136 -0.21083176]
1096.2798113822937,1001,False,2,1,[5.27538193 2.18860951 3.71628376],landing,[-0.48080528  0.59740651 -0.20557775]
1096.2798113822937,1002,False,5,4,[2.86083024 5.03559964 3.99984849],cruising,[ 0.5677905  -0.59831228 -0.99408226]
1096.2798113822937,1003,False,3,6,[-0.87316907 -8.0111423   1.28397795],waiting,[ 0.63925976  0.24903542 -0.34837281]
1096.2798113822937,1004,False,1,0,[1.75758383 6.90339954 4.        ],exiting,[-0.62185191  0.08809385  0.93462812]
1096.2798113822937,1005,False,4,2,[-3.26388158 -1.0388666   4.0000389 ],cruising,[ 0.50568378 -0.03156594 -0.11489306]
1096.3817012310028,1000,False,6,5,[8.49709223 0.43037389 3.98607407],cruising,[-0.82138112 -0.19970136 -0.21083176]
1096.3817012310028,1001,False,2,1,[5.27696796 2.16752086 3.62389367],landing,[-0.48080528  0.59740651 -0.20557775]
1096.3817012310028,1002,False,5,4,[3.05891117 5.00796008 3.99987122],cruising,[ 0.5677905  -0.59831228 -0.99408226]
1096.3817012310028,1003,False,3,6,[-0.87316907 -8.0111423   1.28397795],queued,[ 0.63925976  0.24903542 -0.34837281]
1096.3817012310028,1004,False,1,0,[1.78569402 6.99936733 4.        ],exiting,[-0.62185191  0.08809385  0.93462812]
1096.3817012310028,1005,False,4,2,[-3.29952807 -0.84206892  4.00003307],cruising,[ 0.50568378 -0.03156594 -0.11489306]
1096.4807436466217,1000,False,6,5,[8.49575334 0.23037838 3.98816296],cruising,[-0.82138112 -0.19970136 -0.21083176]
1096.4807436466217,1001,False,2,1,[5.28450584 2.14496045 3.52676382],landing,[-0.48080528  0.59740651 -0.20557775]
1096.4807436466217,1002,False,5,4,[3.25761765 4.98525032 3.99989054],cruising,[ 0.5677905  -0.59831228 -0.99408226]
1096.4807436466217,1003,False,3,6,[-0.87316907 -8.0111423   1.30397795],queued,[ 0.63925976  0.24903542 -0.34837281]
1096.4807436466217,1004,False,1,0,[1.81380421 7.09533513 4.        ],exiting,[-0.62185191  0.08809385  0.93462812]
1096.4807436466217,1005,False,4,2,[-3.34594231 -0.64752916  4.00002811],cruising,[ 0.50568378 -0.03156594 -0.11489306]
1096.594096660614,1000,False,6,5,[8.49287693 0.03039906 3.98993851],cruising,[-0.82138112 -0.19970136 -0.21083176]
1096.594096660614,1001,False,2,1,[5.29204372 2.12240005 3.42963397],landing,[-0.48080528  0.59740651 -0.20557775]
1096.594096660614,1002,False,5,4,[3.45672575 4.96638323 3.99990696],cruising,[ 0.5677905  -0.59831228 -0.99408226]
1096.594096660614,1003,False,3,6,[-0.87316907 -8.0111423   1.34397795],queued,[ 0.63925976  0.24903542 -0.34837281]
1096.594096660614,1004,False,1,0,[1.8419144  7.19130292 4.        ],exiting,[-0.62185191  0.08809385  0.93462812]
1096.594096660614,1005,False,4,2,[-3.40376811 -0.45607113  4.00002389],cruising,[ 0.50568378 -0.03156594 -0.11489306]
1096.6824641227722,1000,False,6,5,[ 8.48828735 -0.16954827  3.99144774],cruising,[-0.82138112 -0.19970136 -0.21083176]
1096.6824641227722,1001,False,2,1,[5.2995816  2.09983964 3.33250411],landing,[-0.48080528  0.59740651 -0.20557775]
1096.6824641227722,1002,False,5,4,[3.65608575 4.95039604 3.99992091],cruising,[ 0.5677905  -0.59831228 -0.99408226]
1096.6824641227722,1003,False,3,6,[-0.87316907 -8.0111423   1.40397795],queued,[ 0.63925976  0.24903542 -0.34837281]
1096.6824641227722,1004,False,1,0,[1.87002459 7.28727071 4.        ],exiting,[-0.62185191  0.08809385  0.93462812]
1096.6824641227722,1005,False,4,2,[-3.47223227 -0.26815451  4.00002031],cruising,[ 0.50568378 -0.03156594 -0.11489306]
1096.7807359695435,1000,False,6,5,[ 8.47979832 -0.36936803  3.99273058],cruising,[-0.82138112 -0.19970136 -0.21083176]
1096.7807359695435,1001,False,2,1,[5.30711948 2.07727924 3.23537426],landing,[-0.48080528  0.59740651 -0.20557775]
1096.7807359695435,1002,False,5,4,[3.85559785 4.93643467 3.99993278],cruising,[ 0.5677905  -0.59831228 -0.99408226]
1096.7807359695435,1003,False,3,6,[-0.87316907 -8.0111423   1.47897795],queued,[ 0.63925976  0.24903542 -0.34837281]
1096.7807359695435,1004,False,1,0,[1.89813477 7.38323851 4.        ],exiting,[-0.62185191  0.08809385  0.93462812]
1096.7807359695435,1005,False,4,2,[-3.54866557 -0.08333581  4.00001726],cruising,[ 0.50568378 -0.03156594 -0.11489306]
1096.8796513080597,1000,False,6,5,[ 8.46967186 -0.5691115   3.99382099],cruising,[-0.82138112 -0.19970136 -0.21083176]
1096.8796513080597,1001,False,2,1,[5.31465736 2.05471884 3.1382444 ],landing,[-0.48080528  0.59740651 -0.20557775]
1096.8796513080597,1002,False,5,4,[4.05519429 4.92373581 3.99994286],cruising,[ 0.5677905  -0.59831228 -0.99408226]
1096.8796513080597,1003,False,3,6,[-0.87316907 -8.0111423   1.55397795],queued,[ 0.63925976  0.24903542 -0.34837281]
1096.8796513080597,1004,False,1,0,[1.92624496 7.4792063  4.        ],exiting,[-0.62185191  0.08809385  0.93462812]
1096.8796513080597,1005,False,4,2,[-3.63583184  0.09666986  4.00001467],exiting,[ 0.50568378 -0.03156594 -0.11489306]
1096.9884810447693,1000,False,6,5,[ 8.4577283  -0.76875456  3.99474784],cruising,[-0.82138112 -0.19970136 -0.21083176]
1096.9884810447693,1001,False,2,1,[5.32219525 2.03215843 3.04111455],landing,[-0.48080528  0.59740651 -0.20557775]
1096.9884810447693,1002,False,5,4,[4.25482629 4.91160864 3.99995143],cruising,[ 0.5677905  -0.59831228 -0.99408226]
1096.9884810447693,1003,False,3,6,[-0.87316907 -8.0111423   1.62897795],queued,[ 0.63925976  0.24903542 -0.34837281]
1096.9884810447693,1004,False,1,0,[1.95435515 7.57517409 4.        ],exiting,[-0.62185191  0.08809385  0.93462812]
1096.9884810447693,1005,False,4,2,[-3.72320739  0.25667663  4.00001208],exiting,[ 0.50568378 -0.03156594 -0.11489306]
1097.0798234939575,1000,False,6,5,[ 8.44381356 -0.96826993  3.99553566],cruising,[-0.82138112 -0.19970136 -0.21083176]
1097.0798234939575,1001,False,2,1,[5.32973313 2.00959803 2.9439847 ],landing,[-0.48080528  0.59740651 -0.20557775]
1097.0798234939575,1002,False,5,4,[4.45444995 4.89934518 3.99995872],cruising,[ 0.5677905  -0.59831228 -0.99408226]
1097.0798234939575,1003,False,3,6,[-0.87316907 -8.0111423   1.70397795],queued,[ 0.63925976  0.24903542 -0.34837281]
1097.0798234939575,1004,False,1,0,[1.98246534 7.67114189 4.        ],exiting,[-0.62185191  0.08809385  0.93462812]
1097.0798234939575,1005,False,4,2,[-3.81062844  0.39668345  4.00000953],exiting,[ 0.50568378 -0.03156594 -0.11489306]
1097.1790702342987,1000,False,6,5,[ 8.42561803 -1.16744051  3.99620531],cruising,[-0.82138112 -0.19970136 -0.21083176]
1097.1790702342987,1001,False,2,1,[5.33727101 1.98703762 2.84685484],landing,[-0.48080528  0.59740651 -0.20557775]
1097.1790702342987,1002,False,5,4,[4.65405296 4.88675001 3.99996491],cruising,[ 0.5677905  -0.59831228 -0.99408226]
1097.1790702342987,1003,False,3,6,[-0.87316907 -8.0111423   1.77897795],queued,[ 0.63925976  0.24903542 -0.34837281]
1097.1790702342987,1004,False,1,0,[2.01057553 7.76710968 4.        ],exiting,[-0.62185191  0.08809385  0.93462812]
1097.1790702342987,1005,False,4,2,[-3.89791275  0.51669073  4.00000704],exiting,[ 0.50568378 -0.03156594 -0.11489306]
1097.2792031764984,1000,False,6,5,[ 8.40550195 -1.3664263   3.99677452],cruising,[-0.82138112 -0.19970136 -0.21083176]
1097.2792031764984,1001,False,2,1,[5.34480889 1.96447722 2.74972499],landing,[-0.48080528  0.59740651 -0.20557775]
1097.2792031764984,1002,False,5,4,[4.85359076 4.87316084 3.99997017],cruising,[ 0.5677905  -0.59831228 -0.99408226]
1097.2792031764984,1003,False,3,6,[-0.87316907 -8.0111423   1.85397795],entering,[ 0.63925976  0.24903542 -0.34837281]
1097.2792031764984,1004,False,1,0,[2.03868572 7.86307747 4.        ],exiting,[-0.62185191  0.08809385  0.93462812]
1097.2792031764984,1005,False,4,2,[-3.98485469  0.61670095  4.00000467],exiting,[ 0.50568378 -0.03156594 -0.11489306]
1097.3791358470917,1000,False,6,5,[ 8.38326275 -1.565186    3.99725834],cruising,[-0.82138112 -0.19970136 -0.21083176]
1097.3791358470917,1001,False,2,1,[5.35234677 1.94191681 2.65259514],landing,[-0.48080528  0.59740651 -0.20557775]
1097.3791358470917,1002,False,5,4,[5.053011   4.85794348 3.99997465],cruising,[ 0.5677905  -0.59831228 -0.99408226]
1097.3791358470917,1003,False,3,6,[-0.87966057 -7.9922251   1.92897795],entering,[ 0.63925976  0.24903542 -0.34837281]
1097.3791358470917,1004,False,1,0,[2.06679591 7.95904526 4.        ],exiting,[-0.62185191  0.08809385  0.93462812]
1097.3791358470917,1005,False,4,2,[-4.07121573  0.6967196   4.00000246],exiting,[ 0.50568378 -0.03156594 -0.11489306]
1097.4822359085083,1000,False,6,5,[ 8.35635557 -1.76336774  3.99766959],cruising,[-0.82138112 -0.19970136 -0.21083176]
1097.4822359085083,1001,False,2,1,[5.35988465 1.91935641 2.55546528],landing,[-0.48080528  0.59740651 -0.20557775]
1097.4822359085083,1002,False,5,4,[5.25224636 4.84047143 3.99997845],cruising,[ 0.5677905  -0.59831228 -0.99408226]
1097.4822359085083,1003,False,3,6,[-0.89264357 -7.9543907   2.00397795],entering,[ 0.63925976  0.24903542 -0.34837281]
1097.4822359085083,1004,False,1,0,[2.0949061  8.05501306 4.        ],exiting,[-0.62185191  0.08809385  0.93462812]
1097.4822359085083,1005,False,4,2,[-4.1567023   0.75675738  4.00000047],exiting,[ 0.50568378 -0.03156594 -0.11489306]
1097.579113483429,1000,False,6,5,[ 8.32725054 -1.96123865  3.99801915],cruising,[-0.82138112 -0.19970136 -0.21083176]
1097.579113483429,1001,False,2,1,[5.36742253 1.89679601 2.45833543],landing,[-0.48080528  0.59740651 -0.20557775]
1097.579113483429,1002,False,5,4,[5.45134811 4.82153755 3.99998168],cruising,[ 0.5677905  -0.59831228 -0.99408226]
1097.579113483429,1003,False,3,6,[-0.91211807 -7.89763911  2.07897795],entering,[ 0.63925976  0.24903542 -0.34837281]
1097.579113483429,1004,False,1,0,[2.12301629 8.15098085 4.        ],exiting,[-0.62185191  0.08809385  0.93462812]
1097.579113483429,1005,False,4,2,[-4.24090268  0.79683656  3.99999879],exiting,[ 0.50568378 -0.03156594 -0.11489306]
1097.6814815998077,1000,False,6,5,[ 8.29568277 -2.15873163  3.99831628],cruising,[-0.82138112 -0.19970136 -0.21083176]
1097.6814815998077,1001,False,2,1,[5.37496042 1.8742356  2.36120557],landing,[-0.48080528  0.59740651 -0.20557775]
1097.6814815998077,1002,False,5,4,[5.6500835  4.79908217 3.99998443],cruising,[ 0.5677905  -0.59831228 -0.99408226]
1097.6814815998077,1003,False,3,6,[-0.93808408 -7.82197031  2.15397795],entering,[ 0.63925976  0.24903542 -0.34837281]
1097.6814815998077,1004,False,1,0,[2.15112648 8.24694864 4.        ],exiting,[-0.62185191  0.08809385  0.93462812]
1097.6814815998077,1005,False,4,2,[-4.32356329  0.81697511  3.99999747],exiting,[ 0.50568378 -0.03156594 -0.11489306]
1097.7939059734344,1000,False,6,5,[ 8.25863487 -2.35527031  3.99856884],cruising,[-0.82138112 -0.19970136 -0.21083176]
1097.7939059734344,1001,False,2,1,[5.3824983  1.8516752  2.26407572],landing,[-0.48080528  0.59740651 -0.20557775]
1097.7939059734344,1002,False,5,4,[5.84829546 4.77239848 3.99998677],cruising,[ 0.5677905  -0.59831228 -0.99408226]
1097.7939059734344,1003,False,3,6,[-0.97054158 -7.72738431  2.22897795],entering,[ 0.63925976  0.24903542 -0.34837281]
1097.7939059734344,1004,False,1,0,[2.17923666 8.34291644 4.        ],exiting,[-0.62185191  0.08809385  0.93462812]
1097.7939059734344,1005,False,4,2,[-4.40442638  0.81719459  3.99999656],exiting,[ 0.50568378 -0.03156594 -0.11489306]
1097.8792688846588,1000,False,6,5,[ 8.21889756 -2.55128293  3.99878351],cruising,[-0.82138112 -0.19970136 -0.21083176]
1097.8792688846588,1001,False,2,1,[5.39003618 1.82911479 2.16694587],landing,[-0.48080528  0.59740651 -0.20557775]
1097.8792688846588,1002,False,5,4,[6.04577064 4.74071955 3.99998875],cruising,[ 0.5677905  -0.59831228 -0.99408226]
1097.8792688846588,1003,False,3,6,[-1.00949058 -7.61388112  2.30397795],entering,[ 0.63925976  0.24903542 -0.34837281]
1097.8792688846588,1004,False,1,0,[2.20734685 8.43888423 4.        ],exiting,[-0.62185191  0.08809385  0.93462812]
1097.8792688846588,1005,False,4,2,[-4.48323006  0.79752038  3.99999609],exiting,[ 0.50568378 -0.03156594 -0.11489306]
1097.9794149398804,1000,False,6,5,[ 8.17298084 -2.74594072  3.99896598],cruising,[-0.82138112 -0.19970136 -0.21083176]
1097.9794149398804,1001,False,2,1,[5.39757406 1.80655439 2.06981601],landing,[-0.48080528  0.59740651 -0.20557775]
1097.9794149398804,1002,False,5,4,[6.24221977 4.70319968 3.99999044],cruising,[ 0.5677905  -0.59831228 -0.99408226]
1097.9794149398804,1003,False,3,6,[-1.05493109 -7.48146073  2.37897795],entering,[ 0.63925976  0.24903542 -0.34837281]
1097.9794149398804,1004,False,1,0,[2.23545704 8.53485202 4.        ],exiting,[-0.62185191  0.08809385  0.93462812]
1097.9794149398804,1005,False,4,2,[-4.55970801  0.75798186  3.9999961 ],exiting,[ 0.50568378 -0.03156594 -0.11489306]
1098.0793330669403,1000,False,6,5,[ 8.12390972 -2.93982735  3.99912109],cruising,[-0.82138112 -0.19970136 -0.21083176]
1098.0793330669403,1001,False,2,1,[5.40511194 1.78399398 1.97268616],landing,[-0.48080528  0.59740651 -0.20557775]
1098.0793330669403,1002,False,5,4,[6.43725132 4.65889738 3.99999187],cruising,[ 0.5677905  -0.59831228 -0.99408226]
1098.0793330669403,1003,False,3,6,[-1.10686309 -7.33012313  2.45397795],entering,[ 0.63925976  0.24903542 -0.34837281]
1098.0793330669403,1004,False,1,0,[2.26356723 8.63081981 4.        ],landing,[-0.62185191  0.08809385  0.93462812]
1098.0793330669403,1005,False,4,2,[-4.63358927  0.69861263  3.99999658],exiting,[ 0.50568378 -0.03156594 -0.11489306]
1098.179111480713,1000,False,6,5,[ 8.06745984 -3.13169556  3.99925292],cruising,[-0.82138112 -0.19970136 -0.21083176]
1098.179111480713,1001,False,2,1,[5.41264982 1.76143358 1.87555631],landing,[-0.48080528  0.59740651 -0.20557775]
1098.179111480713,1002,False,5,4,[6.63033652 4.60676193 3.99999309],cruising,[ 0.5677905  -0.59831228 -0.99408226]
1098.179111480713,1003,False,3,6,[-1.1652866  -7.15986834  2.52897795],entering,[ 0.63925976  0.24903542 -0.34837281]
1098.179111480713,1004,False,1,0,[2.29081433 8.71248519 3.98604665],landing,[-0.62185191  0.08809385  0.93462812]
1098.179111480713,1005,False,4,2,[-4.70609127  0.62973985  3.9999972 ],exiting,[ 0.50568378 -0.03156594 -0.11489306]
1098.2794198989868,1000,False,6,5,[ 8.00711039 -3.32237315  3.99936499],cruising,[-0.82138112 -0.19970136 -0.21083176]
1098.2794198989868,1001,False,2,1,[5.4201877  1.73887318 1.77842645],landing,[-0.48080528  0.59740651 -0.20557775]
1098.2794198989868,1002,False,5,4,[6.82076387 4.54562747 3.99999413],cruising,[ 0.5677905  -0.59831228 -0.99408226]
1098.2794198989868,1003,False,3,6,[-1.23145515 -6.97117408  2.60397795],entering,[ 0.63925976  0.24903542 -0.34837281]
1098.2794198989868,1004,False,1,0,[2.31711425 8.77969485 3.95830435],landing,[-0.62185191  0.08809385  0.93462812]
1098.2794198989868,1005,False,4,2,[-4.77859327  0.56086707  3.9999977 ],exiting,[ 0.50568378 -0.03156594 -0.11489306]
1098.3822276592255,1000,False,6,5,[ 7.93748577 -3.50986292  3.99946024],cruising,[-0.82138112 -0.19970136 -0.21083176]
1098.3822276592255,1001,False,2,1,[5.42772559 1.71631277 1.6812966 ],landing,[-0.48080528  0.59740651 -0.20557775]
1098.3822276592255,1002,False,5,4,[7.00758237 4.47422124 3.99999501],cruising,[ 0.5677905  -0.59831228 -0.99408226]
1098.3822276592255,1003,False,3,6,[-1.29763955 -6.78244245  2.67897795],entering,[ 0.63925976  0.24903542 -0.34837281]
1098.3822276592255,1004,False,1,0,[2.34236737 8.83226959 3.91697076],landing,[-0.62185191  0.08809385  0.93462812]
1098.3822276592255,1005,False,4,2,[-4.85109528  0.49199429  3.99999812],exiting,[ 0.50568378 -0.03156594 -0.11489306]
1098.4809396266937,1000,False,6,5,[ 7.85751903 -3.69318046  3.9995412 ],cruising,[-0.82138112 -0.19970136 -0.21083176]
1098.4809396266937,1001,False,2,1,[5.43526347 1.69375237 1.58416674],landing,[-0.48080528  0.59740651 -0.20557775]
1098.4809396266937,1002,False,5,4,[7.1895351  4.39119592 3.99999576],cruising,[ 0.5677905  -0.59831228 -0.99408226]
1098.4809396266937,1003,False,3,6,[-1.36382394 -6.59371083  2.75397795],entering,[ 0.63925976  0.24903542 -0.34837281]
1098.4809396266937,1004,False,1,0,[2.36643712 8.8699679  3.86232208],landing,[-0.62185191  0.08809385  0.93462812]
1098.4809396266937,1005,False,4,2,[-4.92359728  0.42312151  3.99999846],exiting,[ 0.50568378 -0.03156594 -0.11489306]
1098.5810298919678,1000,False,6,5,[ 7.76564832 -3.87083116  3.99961002],cruising,[-0.82138112 -0.19970136 -0.21083176]
1098.5810298919678,1001,False,2,1,[5.44280135 1.67119196 1.48703689],fake_landed,[-0.48080528  0.59740651 -0.20557775]
1098.5810298919678,1002,False,5,4,[7.3649909  4.29519977 3.99999639],cruising,[ 0.5677905  -0.59831228 -0.99408226]
1098.5810298919678,1003,False,3,6,[-1.43078472 -6.40525326  2.82897795],entering,[ 0.63925976  0.24903542 -0.34837281]
1098.5810298919678,1004,False,1,0,[2.38920377 8.89258216 3.79460538],landing,[-0.62185191  0.08809385  0.93462812]
1098.5810298919678,1005,False,4,2,[-4.99609928  0.35424873  3.99999875],exiting,[ 0.50568378 -0.03156594 -0.11489306]
1098.6822962760925,1000,False,6,5,[ 7.65975514 -4.04049741  3.99966852],cruising,[-0.82138112 -0.19970136 -0.21083176]
1098.6822962760925,1001,False,2,1,[5.44883165 1.65314364 1.40933301],fake_landed,[-0.48080528  0.59740651 -0.20557775]
1098.6822962760925,1002,False,5,4,[7.52977029 4.18229166 3.99999695],cruising,[ 0.5677905  -0.59831228 -0.99408226]
1098.6822962760925,1003,False,3,6,[-1.49828426 -6.21698799  2.90397795],entering,[ 0.63925976  0.24903542 -0.34837281]
1098.6822962760925,1004,False,1,0,[2.41055775 8.89992563 3.71405093],landing,[-0.62185191  0.08809385  0.93462812]
1098.6822962760925,1005,False,4,2,[-5.06860128  0.28537595  3.99999898],exiting,[ 0.50568378 -0.03156594 -0.11489306]
1098.7795917987823,1000,False,6,5,[ 7.53745557 -4.19872555  3.99971838],cruising,[-0.82138112 -0.19970136 -0.21083176]
1098.7795917987823,1001,False,2,1,[5.45335438 1.6396074  1.35105509],fake_landed,[-0.48080528  0.59740651 -0.20557775]
1098.7795917987823,1002,False,5,4,[7.68243557 4.05346977 3.99999743],cruising,[ 0.5677905  -0.59831228 -0.99408226]
1098.7795917987823,1003,False,3,6,[-1.5657838  -6.02872272  2.97897795],entering,[ 0.63925976  0.24903542 -0.34837281]
1098.7795917987823,1004,False,1,0,[2.43038719 8.89181106 3.62089789],landing,[-0.62185191  0.08809385  0.93462812]
1098.7795917987823,1005,False,4,2,[-5.14110328  0.21650317  3.99999917],exiting,[ 0.50568378 -0.03156594 -0.11489306]
1098.879413843155,1000,False,6,5,[ 7.40017052 -4.3437085   3.99976251],cruising,[-0.82138112 -0.19970136 -0.21083176]
1098.879413843155,1001,False,2,1,[5.45636953 1.63058323 1.31220315],fake_landed,[-0.48080528  0.59740651 -0.20557775]
1098.879413843155,1002,False,5,4,[7.82141656 3.91006225 3.99999783],cruising,[ 0.5677905  -0.59831228 -0.99408226]
1098.879413843155,1003,False,3,6,[-1.63455943 -5.84091987  3.05397795],entering,[ 0.63925976  0.24903542 -0.34837281]
1098.879413843155,1004,False,1,0,[2.44967668 8.87854269 3.52367719],landing,[-0.62185191  0.08809385  0.93462812]
1098.879413843155,1005,False,4,2,[-5.21360528  0.14763039  3.99999932],exiting,[ 0.50568378 -0.03156594 -0.11489306]
1098.983440876007,1000,False,6,5,[ 7.25033095 -4.47312276  3.99980361],cruising,[-0.82138112 -0.19970136 -0.21083176]
1098.983440876007,1001,False,2,1,[5.45787711 1.62607115 1.29277718],fake_landed,[-0.48080528  0.59740651 -0.20557775]
1098.983440876007,1002,False,5,4,[7.94524349 3.75360276 3.99999818],cruising,[ 0.5677905  -0.59831228 -0.99408226]
1098.983440876007,1003,False,3,6,[-1.70333506 -5.65311701  3.12897795],entering,[ 0.63925976  0.24903542 -0.34837281]
1098.983440876007,1004,False,1,0,[2.46896617 8.86527431 3.42645648],landing,[-0.62185191  0.08809385  0.93462812]
1098.983440876007,1005,False,4,2,[-5.28610729  0.07875761  3.99999945],exiting,[ 0.50568378 -0.03156594 -0.11489306]
1099.0801975727081,1000,False,6,5,[ 7.08983961 -4.58560954  3.9998417 ],cruising,[-0.82138112 -0.19970136 -0.21083176]
1099.0801975727081,1001,False,2,1,[5.45787711 1.62607115 1.29277718],fake_landed,[-0.48080528  0.59740651 -0.20557775]
1099.0801975727081,1002,False,5,4,[8.05226227 3.58630417 3.99999849],cruising,[ 0.5677905  -0.59831228 -0.99408226]
1099.0801975727081,1003,False,3,6,[-1.77325187 -5.46573601  3.20397795],entering,[ 0.63925976  0.24903542 -0.34837281]
1099.0801975727081,1004,False,1,0,[2.48825566 8.85200594 3.32923577],landing,[-0.62185191  0.08809385  0.93462812]
1099.0801975727081,1005,False,4,2,[-5.35860929  0.00988483  3.99999956],exiting,[ 0.50568378 -0.03156594 -0.11489306]
1099.181688785553,1000,False,6,5,[ 6.92074937 -4.68003921  3.99987673],cruising,[-0.82138112 -0.19970136 -0.21083176]
1099.181688785553,1001,False,1,3,[5.45787711 1.62607115 1.29277718],waiting,[-0.48080528  0.59740651 -0.20557775]
1099.181688785553,1002,False,5,4,[8.14164387 3.40957529 3.99999876],cruising,[ 0.5677905  -0.59831228 -0.99408226]
1099.181688785553,1003,False,3,6,[-1.84270153 -5.27818136  3.27897795],entering,[ 0.63925976  0.24903542 -0.34837281]
1099.181688785553,1004,False,1,0,[2.50754515 8.83873756 3.23201507],landing,[-0.62185191  0.08809385  0.93462812]
1099.181688785553,1005,False,4,2,[-5.43111129 -0.05898795  3.99999964],exiting,[ 0.50568378 -0.03156594 -0.11489306]
1099.2794773578644,1000,False,6,5,[ 6.74520718 -4.75553816  3.99990865],cruising,[-0.82138112 -0.19970136 -0.21083176]
1099.2794773578644,1001,False,1,3,[5.45787711 1.62607115 1.29277718],waiting,[-0.48080528  0.59740651 -0.20557775]
1099.2794773578644,1002,False,5,4,[8.21273008 3.22476691 3.99999899],cruising,[ 0.5677905  -0.59831228 -0.99408226]
1099.2794773578644,1003,False,3,6,[-1.91362267 -5.09117818  3.35397795],entering,[ 0.63925976  0.24903542 -0.34837281]
1099.2794773578644,1004,False,1,0,[2.52683464 8.82546919 3.13479436],landing,[-0.62185191  0.08809385  0.93462812]
1099.2794773578644,1005,False,4,2,[-5.50361329 -0.12786073  3.99999971],exiting,[ 0.50568378 -0.03156594 -0.11489306]
1099.3804025650024,1000,False,6,5,[ 6.56540117 -4.81149689  3.99993739],cruising,[-0.82138112 -0.19970136 -0.21083176]
1099.3804025650024,1001,False,1,3,[5.45787711 1.62607115 1.29277718],waiting,[-0.48080528  0.59740651 -0.20557775]
1099.3804025650024,1002,False,5,4,[8.26500987 3.03315274 3.99999917],cruising,[ 0.5677905  -0.59831228 -0.99408226]
1099.3804025650024,1003,False,3,6,[-1.9851631  -4.90441103  3.42897795],entering,[ 0.63925976  0.24903542 -0.34837281]
1099.3804025650024,1004,False,1,0,[2.54612413 8.81220082 3.03757365],landing,[-0.62185191  0.08809385  0.93462812]
1099.3804025650024,1005,False,4,2,[-5.57611529 -0.19673351  3.99999977],exiting,[ 0.50568378 -0.03156594 -0.11489306]
1099.4792470932007,1000,False,6,5,[ 6.383543   -4.84756119  3.99996283],cruising,[-0.82138112 -0.19970136 -0.21083176]
1099.4792470932007,1001,False,1,3,[5.45787711 1.62607115 1.29277718],waiting,[-0.48080528  0.59740651 -0.20557775]
1099.4792470932007,1002,False,5,4,[8.30192853 2.83658974 3.9999993 ],cruising,[ 0.5677905  -0.59831228 -0.99408226]
1099.4792470932007,1003,False,3,6,[-2.05696594 -4.71774461  3.50397795],entering,[ 0.63925976  0.24903542 -0.34837281]
1099.4792470932007,1004,False,1,0,[2.56541363 8.79893244 2.94035295],landing,[-0.62185191  0.08809385  0.93462812]
1099.4792470932007,1005,False,4,2,[-5.64861729 -0.26560628  3.99999981],exiting,[ 0.50568378 -0.03156594 -0.11489306]
1099.5790753364563,1000,False,6,5,[ 6.20101627 -4.86363667  3.9999847 ],cruising,[-0.82138112 -0.19970136 -0.21083176]
1099.5790753364563,1001,False,1,3,[5.45787711 1.62607115 1.29277718],waiting,[-0.48080528  0.59740651 -0.20557775]
1099.5790753364563,1002,False,5,4,[8.33298225 2.63901529 3.9999994 ],cruising,[ 0.5677905  -0.59831228 -0.99408226]
1099.5790753364563,1003,False,3,6,[-2.12866065 -4.53103663  3.57838126],entering,[ 0.63925976  0.24903542 -0.34837281]
1099.5790753364563,1004,False,1,0,[2.58470312 8.78566407 2.84313224],landing,[-0.62185191  0.08809385  0.93462812]
1099.5790753364563,1005,False,4,2,[-5.7211193  -0.33447906  3.99999985],exiting,[ 0.50568378 -0.03156594 -0.11489306]
1099.6794707775116,1000,False,6,5,[ 6.01928101 -4.85972782  4.00000289],cruising,[-0.82138112 -0.19970136 -0.21083176]
1099.6794707775116,1001,False,1,3,[5.45787711 1.62607115 1.29277718],waiting,[-0.48080528  0.59740651 -0.20557775]
1099.6794707775116,1002,False,5,4,[8.35929809 2.44075415 3.99999949],cruising,[ 0.5677905  -0.59831228 -0.99408226]
1099.6794707775116,1003,False,3,6,[-2.19870883 -4.3437047   3.64162407],entering,[ 0.63925976  0.24903542 -0.34837281]
1099.6794707775116,1004,False,1,0,[2.60399261 8.77239569 2.74591153],landing,[-0.62185191  0.08809385  0.93462812]
1099.6794707775116,1005,False,4,2,[-5.7936213  -0.40335184  3.99999988],exiting,[ 0.50568378 -0.03156594 -0.11489306]
1099.7791192531586,1000,False,6,5,[ 5.83952934 -4.83591757  4.00001731],cruising,[-0.82138112 -0.19970136 -0.21083176]
1099.7791192531586,1001,False,1,3,[5.45787711 1.62607115 1.29277718],queued,[-0.48080528  0.59740651 -0.20557775]
1099.7791192531586,1002,False,5,4,[8.38475271 2.24238061 3.99999957],cruising,[ 0.5677905  -0.59831228 -0.99408226]
1099.7791192531586,1003,False,3,6,[-2.26338788 -4.15445191  3.69538046],entering,[ 0.63925976  0.24903542 -0.34837281]
1099.7791192531586,1004,False,1,0,[2.6232821  8.75912732 2.64869083],landing,[-0.62185191  0.08809385  0.93462812]
1099.7791192531586,1005,False,4,2,[-5.8661233  -0.47222462  3.99999991],exiting,[ 0.50568378 -0.03156594 -0.11489306]
1099.879694223404,1000,False,6,5,[ 5.66229937 -4.79226694  4.00002765],cruising,[-0.82138112 -0.19970136 -0.21083176]
1099.879694223404,1001,False,1,3,[5.45787711 1.62607115 1.31277718],queued,[-0.48080528  0.59740651 -0.20557775]
1099.879694223404,1002,False,5,4,[8.40571768 2.04348247 3.99999963],cruising,[ 0.5677905  -0.59831228 -0.99408226]
1099.879694223404,1003,False,3,6,[-2.32591905 -3.96447861  3.74107339],entering,[ 0.63925976  0.24903542 -0.34837281]
1099.879694223404,1004,False,1,0,[2.64257159 8.74585894 2.55147012],landing,[-0.62185191  0.08809385  0.93462812]
1099.879694223404,1005,False,4,2,[-5.9386253  -0.5410974   3.99999993],exiting,[ 0.50568378 -0.03156594 -0.11489306]
1099.9803829193115,1000,False,6,5,[ 5.48832697 -4.72888338  4.00003378],cruising,[-0.82138112 -0.19970136 -0.21083176]
1099.9803829193115,1001,False,1,3,[5.45787711 1.62607115 1.35277718],queued,[-0.48080528  0.59740651 -0.20557775]
1099.9803829193115,1002,False,5,4,[8.42552166 1.84446538 3.99999969],cruising,[ 0.5677905  -0.59831228 -0.99408226]
1099.9803829193115,1003,False,3,6,[-2.38759684 -3.77422654  3.77991238],entering,[ 0.63925976  0.24903542 -0.34837281]
1099.9803829193115,1004,False,1,0,[2.66186108 8.73259057 2.45424941],landing,[-0.62185191  0.08809385  0.93462812]
1099.9803829193115,1005,False,4,2,[-6.0111273  -0.60997018  3.99999994],exiting,[ 0.50568378 -0.03156594 -0.11489306]
1100.0794939994812,1000,False,6,5,[ 5.31741418 -4.64573524  4.00003522],cruising,[-0.82138112 -0.19970136 -0.21083176]
1100.0794939994812,1001,False,1,3,[5.45787711 1.62607115 1.41277718],queued,[-0.48080528  0.59740651 -0.20557775]
1100.0794939994812,1002,False,5,4,[8.44378223 1.64530074 3.99999974],cruising,[ 0.5677905  -0.59831228 -0.99408226]
1100.0794939994812,1003,False,3,6,[-2.44876393 -3.58380966  3.81292553],cruising,[ 0.63925976  0.24903542 -0.34837281]
1100.0794939994812,1004,False,1,0,[2.68115057 8.71932219 2.35702871],landing,[-0.62185191  0.08809385  0.93462812]
1100.0794939994812,1005,False,4,2,[-6.0836293  -0.67884296  3.99999995],exiting,[ 0.50568378 -0.03156594 -0.11489306]
1100.179131269455,1000,False,6,5,[ 5.14903599 -4.54274836  4.00003153],cruising,[-0.82138112 -0.19970136 -0.21083176]
1100.179131269455,1001,False,1,3,[5.45787711 1.62607115 1.48777718],queued,[-0.48080528  0.59740651 -0.20557775]
1100.179131269455,1002,False,5,4,[8.45757859 1.44577716 3.99999978],cruising,[ 0.5677905  -0.59831228 -0.99408226]
1100.179131269455,1003,False,3,6,[-2.50404511 -3.39160147  3.8409867 ],cruising,[ 0.63925976  0.24903542 -0.34837281]
1100.179131269455,1004,False,1,0,[2.70044007 8.70605382 2.259808  ],landing,[-0.62185191  0.08809385  0.93462812]
1100.179131269455,1005,False,4,2,[-6.15613131 -0.74771574  3.99999996],exiting,[ 0.50568378 -0.03156594 -0.11489306]
1100.2791850566864,1000,False,6,5,[ 4.97708518 -4.4406067   4.0000268 ],cruising,[-0.82138112 -0.19970136 -0.21083176]
1100.2791850566864,1001,False,1,3,[5.45787711 1.62607115 1.56277718],queued,[-0.48080528  0.59740651 -0.20557775]
1100.2791850566864,1002,False,5,4,[8.46989426 1.24615671 3.99999981],cruising,[ 0.5677905  -0.59831228 -0.99408226]
1100.2791850566864,1003,False,3,6,[-2.54961979 -3.19686331  3.86483869],cruising,[ 0.63925976  0.24903542 -0.34837281]
1100.2791850566864,1004,False,1,0,[2.71972956 8.69278545 2.1625873 ],landing,[-0.62185191  0.08809385  0.93462812]
1100.2791850566864,1005,False,4,2,[-6.22863331 -0.81658852  3.99999997],exiting,[ 0.50568378 -0.03156594 -0.11489306]
1100.3808317184448,1000,False,6,5,[ 4.80232061 -4.34335782  4.00002278],cruising,[-0.82138112 -0.19970136 -0.21083176]
1100.3808317184448,1001,False,1,3,[5.45787711 1.62607115 1.63777718],queued,[-0.48080528  0.59740651 -0.20557775]
1100.3808317184448,1002,False,5,4,[8.47821533 1.04632989 3.99999984],cruising,[ 0.5677905  -0.59831228 -0.99408226]
1100.3808317184448,1003,False,3,6,[-2.59366303 -3.0017731   3.88511289],cruising,[ 0.63925976  0.24903542 -0.34837281]
1100.3808317184448,1004,False,1,0,[2.73901905 8.67951707 2.06536659],landing,[-0.62185191  0.08809385  0.93462812]
1100.3808317184448,1005,False,4,2,[-6.30113531 -0.8854613   3.99999998],exiting,[ 0.50568378 -0.03156594 -0.11489306]
1100.4801030158997,1000,False,6,5,[ 4.62442007 -4.25197184  4.00001936],cruising,[-0.82138112 -0.19970136 -0.21083176]
1100.4801030158997,1001,False,1,3,[5.45787711 1.62607115 1.71277718],queued,[-0.48080528  0.59740651 -0.20557775]
1100.4801030158997,1002,False,5,4,[8.48508585 0.84644793 3.99999986],cruising,[ 0.5677905  -0.59831228 -0.99408226]
1100.4801030158997,1003,False,3,6,[-2.63693111 -2.8065095   3.90234596],cruising,[ 0.63925976  0.24903542 -0.34837281]
1100.4801030158997,1004,False,1,0,[2.75830854 8.6662487  1.96814588],landing,[-0.62185191  0.08809385  0.93462812]
1100.4801030158997,1005,False,4,2,[-6.37363731 -0.95433408  3.99999998],exiting,[ 0.50568378 -0.03156594 -0.11489306]
1100.5828576087952,1000,False,6,5,[ 4.44495509 -4.1636977   4.00001646],cruising,[-0.82138112 -0.19970136 -0.21083176]
1100.5828576087952,1001,False,1,3,[5.45787711 1.62607115 1.78777718],queued,[-0.48080528  0.59740651 -0.20557775]
1100.5828576087952,1002,False,5,4,[8.4902968  0.64651583 3.99999988],cruising,[ 0.5677905  -0.59831228 -0.99408226]
1100.5828576087952,1003,False,3,6,[-2.67741773 -2.61065028  3.91699406],cruising,[ 0.63925976  0.24903542 -0.34837281]
1100.5828576087952,1004,False,1,0,[2.77759803 8.65298032 1.87092518],landing,[-0.62185191  0.08809385  0.93462812]
1100.5828576087952,1005,False,4,2,[-6.44613931 -1.02320686  3.99999999],exiting,[ 0.50568378 -0.03156594 -0.11489306]
1100.6831860542297,1000,False,6,5,[ 4.26364315 -4.07928219  4.00001399],cruising,[-0.82138112 -0.19970136 -0.21083176]
1100.6831860542297,1001,False,1,3,[5.45787711 1.62607115 1.86277718],queued,[-0.48080528  0.59740651 -0.20557775]
1100.6831860542297,1002,False,5,4,[8.49369203 0.44654465 3.9999999 ],cruising,[ 0.5677905  -0.59831228 -0.99408226]
1100.6831860542297,1003,False,3,6,[-2.71927976 -2.41508042  3.92944495],cruising,[ 0.63925976  0.24903542 -0.34837281]
1100.6831860542297,1004,False,1,0,[2.79688752 8.63971195 1.77370447],landing,[-0.62185191  0.08809385  0.93462812]
1100.6831860542297,1005,False,4,2,[-6.51864131 -1.09207964  3.99999999],exiting,[ 0.50568378 -0.03156594 -0.11489306]
1100.787047624588,1000,False,6,5,[ 4.08147423 -3.99673231  4.00001189],cruising,[-0.82138112 -0.19970136 -0.21083176]
1100.787047624588,1001,False,1,3,[5.45787711 1.62607115 1.93777718],queued,[-0.48080528  0.59740651 -0.20557775]
1100.787047624588,1002,False,5,4,[8.49303423 0.24654573 3.99999992],cruising,[ 0.5677905  -0.59831228 -0.99408226]
1100.787047624588,1003,False,3,6,[-2.76276758 -2.21986564  3.94002821],cruising,[ 0.63925976  0.24903542 -0.34837281]
1100.787047624588,1004,False,1,0,[2.81617701 8.62644357 1.67648376],landing,[-0.62185191  0.08809385  0.93462812]
1100.787047624588,1005,False,4,2,[-6.59114332 -1.16095242  3.99999999],exiting,[ 0.50568378 -0.03156594 -0.11489306]
1100.8884737491608,1000,False,6,5,[ 3.89819691 -3.91667341  4.00001011],cruising,[-0.82138112 -0.19970136 -0.21083176]
1100.8884737491608,1001,False,1,3,[5.45787711 1.62607115 2.01277718],queued,[-0.48080528  0.59740651 -0.20557775]
1100.8884737491608,1002,False,5,4,[8.49073027 0.046559   3.99999993],cruising,[ 0.5677905  -0.59831228 -0.99408226]
1100.8884737491608,1003,False,3,6,[-2.80738705 -2.02490641  3.94902398],cruising,[ 0.63925976  0.24903542 -0.34837281]
1100.8884737491608,1004,False,1,0,[2.8354665  8.6131752  1.57926306],landing,[-0.62185191  0.08809385  0.93462812]
1100.8884737491608,1005,False,4,2,[-6.66364532 -1.2298252   4.        ],exiting,[ 0.50568378 -0.03156594 -0.11489306]
1100.9945726394653,1000,False,6,5,[ 3.71439385 -3.83782905  4.00000859],cruising,[-0.82138112 -0.19970136 -0.21083176]
1100.9945726394653,1001,False,1,3,[5.45787711 1.62607115 2.08777718],queued,[-0.48080528  0.59740651 -0.20557775]
1100.9945726394653,1002,False,5,4,[ 8.48662694 -0.1533989   3.99999994],cruising,[ 0.5677905  -0.59831228 -0.99408226]
1100.9945726394653,1003,False,3,6,[-2.85488612 -1.83062867  3.95667038],cruising,[ 0.63925976  0.24903542 -0.34837281]
1100.9945726394653,1004,False,1,0,[2.854756   8.59990682 1.48204235],fake_landed,[-0.62185191  0.08809385  0.93462812]
1100.9945726394653,1005,False,4,2,[-6.73614732 -1.29869798  4.        ],exiting,[ 0.50568378 -0.03156594 -0.11489306]
1101.0794444084167,1000,False,6,5,[ 3.52987922 -3.7606646   4.0000073 ],cruising,[-0.82138112 -0.19970136 -0.21083176]
1101.0794444084167,1001,False,1,3,[5.45787711 1.62607115 2.16277718],queued,[-0.48080528  0.59740651 -0.20557775]
1101.0794444084167,1002,False,5,4,[ 8.47858945 -0.35323733  3.99999995],cruising,[ 0.5677905  -0.59831228 -0.99408226]
1101.0794444084167,1003,False,3,6,[-2.90553826 -1.63714906  3.96316982],cruising,[ 0.63925976  0.24903542 -0.34837281]
1101.0794444084167,1004,False,1,0,[2.87018759 8.58929212 1.40426579],fake_landed,[-0.62185191  0.08809385  0.93462812]
1101.0794444084167,1005,False,4,2,[-6.80864932 -1.36757076  4.        ],exiting,[ 0.50568378 -0.03156594 -0.11489306]
1101.1811187267303,1000,False,6,5,[ 3.34493669 -3.68453143  4.00000621],cruising,[-0.82138112 -0.19970136 -0.21083176]
1101.1811187267303,1001,False,1,3,[5.45787711 1.62607115 2.23777718],queued,[-0.48080528  0.59740651 -0.20557775]
1101.1811187267303,1002,False,5,4,[ 8.46885341 -0.55300022  3.99999996],cruising,[ 0.5677905  -0.59831228 -0.99408226]
1101.1811187267303,1003,False,3,6,[-2.95967846 -1.44461636  3.96869435],cruising,[ 0.63925976  0.24903542 -0.34837281]
1101.1811187267303,1004,False,1,0,[2.88176128 8.5813311  1.34593336],fake_landed,[-0.62185191  0.08809385  0.93462812]
1101.1811187267303,1005,False,4,2,[-6.88115132 -1.43644354  4.        ],exiting,[ 0.50568378 -0.03156594 -0.11489306]
1101.2790160179138,1000,False,6,5,[ 3.15949117 -3.60963177  4.00000528],cruising,[-0.82138112 -0.19970136 -0.21083176]
1101.2790160179138,1001,False,1,3,[5.45787711 1.62607115 2.31277718],queued,[-0.48080528  0.59740651 -0.20557775]
1101.2790160179138,1002,False,5,4,[ 8.45725213 -0.75266346  3.99999996],cruising,[ 0.5677905  -0.59831228 -0.99408226]
1101.2790160179138,1003,False,3,6,[-3.01768261 -1.25321229  3.9733902 ],cruising,[ 0.63925976  0.24903542 -0.34837281]
1101.2790160179138,1004,False,1,0,[2.88947708 8.57602375 1.30704508],fake_landed,[-0.62185191  0.08809385  0.93462812]
1101.2790160179138,1005,False,4,2,[-6.95365332 -1.50531632  4.        ],landing,[ 0.50568378 -0.03156594 -0.11489306]
1101.3787534236908,1000,False,6,5,[ 2.97354506 -3.53598365  4.00000448],cruising,[-0.82138112 -0.19970136 -0.21083176]
1101.3787534236908,1001,False,1,3,[5.45787711 1.62607115 2.38777718],queued,[-0.48080528  0.59740651 -0.20557775]
1101.3787534236908,1002,False,5,4,[ 8.44364188 -0.95219982  3.99999997],cruising,[ 0.5677905  -0.59831228 -0.99408226]
1101.3787534236908,1003,False,3,6,[-3.07995001 -1.06315238  3.97738167],cruising,[ 0.63925976  0.24903542 -0.34837281]
1101.3787534236908,1004,False,1,0,[2.89333498 8.57337008 1.28760094],fake_landed,[-0.62185191  0.08809385  0.93462812]
1101.3787534236908,1005,False,4,2,[-7.01816155 -1.56221901  3.98611416],landing,[ 0.50568378 -0.03156594 -0.11489306]
1101.4797160625458,1000,False,6,5,[ 2.78700813 -3.46384507  4.00000381],cruising,[-0.82138112 -0.19970136 -0.21083176]
1101.4797160625458,1001,False,1,3,[5.45787711 1.62607115 2.46277718],queued,[-0.48080528  0.59740651 -0.20557775]
1101.4797160625458,1002,False,5,4,[ 8.4257563  -1.15139848  3.99999997],cruising,[ 0.5677905  -0.59831228 -0.99408226]
1101.4797160625458,1003,False,3,6,[-3.14577898 -0.87429649  3.98077442],cruising,[ 0.63925976  0.24903542 -0.34837281]
1101.4797160625458,1004,False,1,0,[2.89333498 8.57337008 1.28760094],fake_landed,[-0.62185191  0.08809385  0.93462812]
1101.4797160625458,1005,False,4,2,[-7.07452689 -1.60706202  3.95850762],landing,[ 0.50568378 -0.03156594 -0.11489306]
1101.5823876857758,1000,False,6,5,[ 2.59999391 -3.39295305  4.00000324],cruising,[-0.82138112 -0.19970136 -0.21083176]
1101.5823876857758,1001,False,1,3,[5.45787711 1.62607115 2.53777718],queued,[-0.48080528  0.59740651 -0.20557775]
1101.5823876857758,1002,False,5,4,[ 8.40592067 -1.35041242  3.99999998],cruising,[ 0.5677905  -0.59831228 -0.99408226]
1101.5823876857758,1003,False,3,6,[-3.21669487 -0.68729131  3.98365826],cruising,[ 0.63925976  0.24903542 -0.34837281]
1101.5823876857758,1004,False,0,1,[2.89333498 8.57337008 1.28760094],waiting,[-0.62185191  0.08809385  0.93462812]
1101.5823876857758,1005,False,4,2,[-7.12257428 -1.6397415   3.9173785 ],landing,[ 0.50568378 -0.03156594 -0.11489306]
1101.6792395114899,1000,False,6,5,[ 2.4121931  -3.32417182  4.00000275],cruising,[-0.82138112 -0.19970136 -0.21083176]
1101.6792395114899,1001,False,1,3,[5.45787711 1.62607115 2.61277718],entering,[-0.48080528  0.59740651 -0.20557775]
1101.6792395114899,1002,False,5,4,[ 8.38393939 -1.54920081  3.99999998],cruising,[ 0.5677905  -0.59831228 -0.99408226]
1101.6792395114899,1003,False,3,6,[-3.2931119  -0.50246588  3.98610952],cruising,[ 0.63925976  0.24903542 -0.34837281]
1101.6792395114899,1004,False,0,1,[2.89333498 8.57337008 1.28760094],waiting,[-0.62185191  0.08809385  0.93462812]
1101.6792395114899,1005,False,4,2,[-7.16206703 -1.66011937  3.86300217],landing,[ 0.50568378 -0.03156594 -0.11489306]
1101.794186115265,1000,False,6,5,[ 2.22345899 -3.25799453  4.00000234],cruising,[-0.82138112 -0.19970136 -0.21083176]
1101.794186115265,1001,False,1,3,[5.4775691  1.62257465 2.68777718],entering,[-0.48080528  0.59740651 -0.20557775]
1101.794186115265,1002,False,5,4,[ 8.35731141 -1.74742026  3.99999998],cruising,[ 0.5677905  -0.59831228 -0.99408226]
1101.794186115265,1003,False,3,6,[-3.3754148  -0.32018524  3.98819309],cruising,[ 0.63925976  0.24903542 -0.34837281]
1101.794186115265,1004,False,0,1,[2.89333498 8.57337008 1.28760094],waiting,[-0.62185191  0.08809385  0.93462812]
1101.794186115265,1005,False,4,2,[-7.19279543 -1.66807568  3.79563005],landing,[ 0.50568378 -0.03156594 -0.11489306]
1101.879382610321,1000,False,6,5,[ 2.03412768 -3.19354566  4.00000199],cruising,[-0.82138112 -0.19970136 -0.21083176]
1101.879382610321,1001,False,1,3,[5.5169474  1.61554979 2.76277718],entering,[-0.48080528  0.59740651 -0.20557775]
1101.879382610321,1002,False,5,4,[ 8.3284664  -1.94532924  3.99999999],cruising,[ 0.5677905  -0.59831228 -0.99408226]
1101.879382610321,1003,False,3,6,[-3.46204943 -0.1399231   3.98996413],cruising,[ 0.63925976  0.24903542 -0.34837281]
1101.879382610321,1004,False,0,1,[2.89333498 8.57337008 1.28760094],waiting,[-0.62185191  0.08809385  0.93462812]
1101.879382610321,1005,False,4,2,[-7.21457185 -1.66350502  3.71549323],landing,[ 0.50568378 -0.03156594 -0.11489306]
1101.9792413711548,1000,False,6,5,[ 1.84352372 -3.13296406  4.00000169],cruising,[-0.82138112 -0.19970136 -0.21083176]
1101.9792413711548,1001,False,1,3,[5.57599921 1.60492591 2.83777718],entering,[-0.48080528  0.59740651 -0.20557775]
1101.9792413711548,1002,False,5,4,[ 8.29714486 -2.14286142  3.99999999],cruising,[ 0.5677905  -0.59831228 -0.99408226]
1101.9792413711548,1003,False,3,6,[-3.55561876  0.03683883  3.99146951],cruising,[ 0.63925976  0.24903542 -0.34837281]
1101.9792413711548,1004,False,0,1,[2.89333498 8.57337008 1.28760094],waiting,[-0.62185191  0.08809385  0.93462812]
1101.9792413711548,1005,False,4,2,[-7.2272065  -1.64630273  3.62283165],landing,[ 0.50568378 -0.03156594 -0.11489306]
1102.0823638439178,1000,False,6,5,[ 1.65146157 -3.0771776   4.00000144],cruising,[-0.82138112 -0.19970136 -0.21083176]
1102.0823638439178,1001,False,1,3,[5.65465027 1.59031842 2.91277718],entering,[-0.48080528  0.59740651 -0.20557775]
1102.0823638439178,1002,False,5,4,[ 8.26037774 -2.33945282  3.99999999],cruising,[ 0.5677905  -0.59831228 -0.99408226]
1102.0823638439178,1003,False,3,6,[-3.65523969  0.21026222  3.99274908],cruising,[ 0.63925976  0.24903542 -0.34837281]
1102.0823638439178,1004,False,0,1,[2.89333498 8.57337008 1.28760094],waiting,[-0.62185191  0.08809385  0.93462812]
1102.0823638439178,1005,False,4,2,[-7.23643109 -1.62444782  3.52568604],landing,[ 0.50568378 -0.03156594 -0.11489306]
1102.1868753433228,1000,False,6,5,[ 1.45774799 -3.02742773  4.00000122],cruising,[-0.82138112 -0.19970136 -0.21083176]
1102.1868753433228,1001,False,1,3,[5.75281905 1.57134528 2.98777718],entering,[-0.48080528  0.59740651 -0.20557775]
1102.1868753433228,1002,False,5,4,[ 8.22090821 -2.53551953  3.99999999],cruising,[ 0.5677905  -0.59831228 -0.99408226]
1102.1868753433228,1003,False,3,6,[-3.761673    0.37959016  3.99383672],cruising,[ 0.63925976  0.24903542 -0.34837281]
1102.1868753433228,1004,False,0,1,[2.89333498 8.57337008 1.28760094],waiting,[-0.62185191  0.08809385  0.93462812]
1102.1868753433228,1005,False,4,2,[-7.24565568 -1.60259291  3.42854043],landing,[ 0.50568378 -0.03156594 -0.11489306]
1102.2857298851013,1000,False,6,5,[ 1.26221033 -2.98541556  4.00000104],cruising,[-0.82138112 -0.19970136 -0.21083176]
1102.2857298851013,1001,False,1,3,[5.87036365 1.54741456 3.06277718],entering,[-0.48080528  0.59740651 -0.20557775]
1102.2857298851013,1002,False,5,4,[ 8.17838075 -2.73094577  3.99999999],cruising,[ 0.5677905  -0.59831228 -0.99408226]
1102.2857298851013,1003,False,3,6,[-3.87124229  0.54690594  3.99476121],cruising,[ 0.63925976  0.24903542 -0.34837281]
1102.2857298851013,1004,False,0,1,[2.89333498 8.57337008 1.28760094],waiting,[-0.62185191  0.08809385  0.93462812]
1102.2857298851013,1005,False,4,2,[-7.25488026 -1.580738    3.33139482],landing,[ 0.50568378 -0.03156594 -0.11489306]
1102.379075050354,1000,False,6,5,[ 1.06476979 -2.95352145  4.00000088],cruising,[-0.82138112 -0.19970136 -0.21083176]
1102.379075050354,1001,False,1,3,[6.00709726 1.51784631 3.13777718],entering,[-0.48080528  0.59740651 -0.20557775]
1102.379075050354,1002,False,5,4,[ 8.12896517 -2.9247449   3.99999999],cruising,[ 0.5677905  -0.59831228 -0.99408226]
1102.379075050354,1003,False,3,6,[-3.98327804  0.71258029  3.99554703],cruising,[ 0.63925976  0.24903542 -0.34837281]
1102.379075050354,1004,False,0,1,[2.89333498 8.57337008 1.28760094],waiting,[-0.62185191  0.08809385  0.93462812]
1102.379075050354,1005,False,4,2,[-7.26410485 -1.55888309  3.2342492 ],landing,[ 0.50568378 -0.03156594 -0.11489306]
1102.4800913333893,1000,False,6,5,[ 0.86517353 -2.94151083  4.00000075],cruising,[-0.82138112 -0.19970136 -0.21083176]
1102.4800913333893,1001,False,1,3,[6.1623416  1.48070489 3.21277718],entering,[-0.48080528  0.59740651 -0.20557775]
1102.4800913333893,1002,False,5,4,[ 8.07604297 -3.11761594  3.99999999],cruising,[ 0.5677905  -0.59831228 -0.99408226]
1102.4800913333893,1003,False,3,6,[-4.09720743  0.87695819  3.99621498],cruising,[ 0.63925976  0.24903542 -0.34837281]
1102.4800913333893,1004,False,0,1,[2.89333498 8.57337008 1.28760094],waiting,[-0.62185191  0.08809385  0.93462812]
1102.4800913333893,1005,False,4,2,[-7.27332944 -1.53702818  3.13710359],landing,[ 0.50568378 -0.03156594 -0.11489306]
1102.586349248886,1000,False,6,5,[ 0.66522107 -2.94587124  4.00000064],cruising,[-0.82138112 -0.19970136 -0.21083176]
1102.586349248886,1001,False,1,3,[6.33517144 1.43403718 3.28777718],entering,[-0.48080528  0.59740651 -0.20557775]
1102.586349248886,1002,False,5,4,[ 8.01487535 -3.30803265  4.        ],exiting,[ 0.5677905  -0.59831228 -0.99408226]
1102.586349248886,1003,False,3,6,[-4.21254037  1.04035437  3.99678273],cruising,[ 0.63925976  0.24903542 -0.34837281]
1102.586349248886,1004,False,0,1,[2.89333498 8.57337008 1.28760094],waiting,[-0.62185191  0.08809385  0.93462812]
1102.586349248886,1005,False,4,2,[-7.28255403 -1.51517327  3.03995798],landing,[ 0.50568378 -0.03156594 -0.11489306]
1102.6800260543823,1000,False,6,5,[ 0.46571899 -2.95997507  4.00000054],cruising,[-0.82138112 -0.19970136 -0.21083176]
1102.6800260543823,1001,False,1,3,[6.52146629 1.37258118 3.36277718],entering,[-0.48080528  0.59740651 -0.20557775]
1102.6800260543823,1002,False,5,4,[ 7.96669028 -3.48323576  4.        ],exiting,[ 0.5677905  -0.59831228 -0.99408226]
1102.6800260543823,1003,False,3,6,[-4.32885539  1.20305292  3.99726532],cruising,[ 0.63925976  0.24903542 -0.34837281]
1102.6800260543823,1004,False,0,1,[2.89333498 8.57337008 1.28760094],waiting,[-0.62185191  0.08809385  0.93462812]
1102.6800260543823,1005,False,4,2,[-7.29177862 -1.49331836  2.94281237],landing,[ 0.50568378 -0.03156594 -0.11489306]
1102.7793984413147,1000,False,6,5,[ 0.26787034 -2.98923108  4.00000046],cruising,[-0.82138112 -0.19970136 -0.21083176]
1102.7793984413147,1001,False,1,3,[6.70834679 1.30133738 3.43777718],entering,[-0.48080528  0.59740651 -0.20557775]
1102.7793984413147,1002,False,5,4,[ 7.93164251 -3.64335872  4.        ],exiting,[ 0.5677905  -0.59831228 -0.99408226]
1102.7793984413147,1003,False,3,6,[-4.44578632  1.36530937  3.99767552],cruising,[ 0.63925976  0.24903542 -0.34837281]
1102.7793984413147,1004,False,0,1,[2.89333498 8.57337008 1.28760094],waiting,[-0.62185191  0.08809385  0.93462812]
1102.7793984413147,1005,False,4,2,[-7.30100321 -1.47146345  2.84566676],landing,[ 0.50568378 -0.03156594 -0.11489306]
1102.8800880908966,1000,False,6,5,[ 0.07364379 -3.03693899  4.00000039],cruising,[-0.82138112 -0.19970136 -0.21083176]
1102.8800880908966,1001,False,1,3,[6.89120927 1.22033545 3.51277718],entering,[-0.48080528  0.59740651 -0.20557775]
1102.8800880908966,1002,False,5,4,[ 7.90992751 -3.78857404  4.        ],exiting,[ 0.5677905  -0.59831228 -0.99408226]
1102.8800880908966,1003,False,3,6,[-4.56301036  1.52735419  3.99802419],cruising,[ 0.63925976  0.24903542 -0.34837281]
1102.8800880908966,1004,False,0,1,[2.89333498 8.57337008 1.28760094],waiting,[-0.62185191  0.08809385  0.93462812]
1102.8800880908966,1005,False,4,2,[-7.3102278  -1.44960855  2.74852114],landing,[ 0.50568378 -0.03156594 -0.11489306]
1102.979528427124,1000,False,6,5,[-0.1173317  -3.09633901  4.00000033],cruising,[-0.82138112 -0.19970136 -0.21083176]
1102.979528427124,1001,False,1,3,[7.06905144 1.12883593 3.58586061],entering,[-0.48080528  0.59740651 -0.20557775]
1102.979528427124,1002,False,5,4,[ 7.90178666 -3.91910119  4.        ],exiting,[ 0.5677905  -0.59831228 -0.99408226]
1102.979528427124,1003,False,3,6,[-4.68020861  1.68941767  3.99832056],cruising,[ 0.63925976  0.24903542 -0.34837281]
1102.979528427124,1004,False,0,1,[2.89333498 8.57337008 1.28760094],waiting,[-0.62185191  0.08809385  0.93462812]
1102.979528427124,1005,False,4,2,[-7.31945239 -1.42775364  2.65137553],landing,[ 0.50568378 -0.03156594 -0.11489306]
1103.0840797424316,1000,False,6,5,[-0.30476584 -3.16611325  4.00000028],cruising,[-0.82138112 -0.19970136 -0.21083176]
1103.0840797424316,1001,False,1,3,[7.24063206 1.02607363 3.64798151],entering,[-0.48080528  0.59740651 -0.20557775]
1103.0840797424316,1002,False,5,4,[ 7.90741313 -4.03512107  4.        ],exiting,[ 0.5677905  -0.59831228 -0.99408226]
1103.0840797424316,1003,False,3,6,[-4.79728536  1.85156894  3.99857248],cruising,[ 0.63925976  0.24903542 -0.34837281]
1103.0840797424316,1004,False,0,1,[2.89333498 8.57337008 1.28760094],waiting,[-0.62185191  0.08809385  0.93462812]
1103.0840797424316,1005,False,4,2,[-7.32867698 -1.40589873  2.55422992],landing,[ 0.50568378 -0.03156594 -0.11489306]
1103.1849701404572,1000,False,6,5,[-0.48759778 -3.24718409  4.00000024],cruising,[-0.82138112 -0.19970136 -0.21083176]
1103.1849701404572,1001,False,1,3,[7.4044445  0.91133268 3.70078429],entering,[-0.48080528  0.59740651 -0.20557775]
1103.1849701404572,1002,False,5,4,[ 7.92700059 -4.13681996  4.        ],exiting,[ 0.5677905  -0.59831228 -0.99408226]
1103.1849701404572,1003,False,3,6,[-4.91394931  2.01401747  3.99878661],cruising,[ 0.63925976  0.24903542 -0.34837281]
1103.1849701404572,1004,False,0,1,[2.89333498 8.57337008 1.28760094],waiting,[-0.62185191  0.08809385  0.93462812]
1103.1849701404572,1005,False,4,2,[-7.33790157 -1.38404382  2.45708431],landing,[ 0.50568378 -0.03156594 -0.11489306]
1103.282709121704,1000,False,6,5,[-0.66701636 -3.33555249  4.0000002 ],cruising,[-0.82138112 -0.19970136 -0.21083176]
1103.282709121704,1001,False,1,3,[7.56007968 0.7857234  3.74566664],entering,[-0.48080528  0.59740651 -0.20557775]
1103.282709121704,1002,False,5,4,[ 7.95129033 -4.23382516  4.        ],exiting,[ 0.5677905  -0.59831228 -0.99408226]
1103.282709121704,1003,False,3,6,[-5.02992533  2.17695783  3.99896862],cruising,[ 0.63925976  0.24903542 -0.34837281]
1103.282709121704,1004,False,0,1,[2.89333498 8.57337008 1.28760094],waiting,[-0.62185191  0.08809385  0.93462812]
1103.282709121704,1005,False,4,2,[-7.34712616 -1.36218891  2.3599387 ],landing,[ 0.50568378 -0.03156594 -0.11489306]
1103.3798308372498,1000,False,6,5,[-0.84486228 -3.42704472  4.00000017],cruising,[-0.82138112 -0.19970136 -0.21083176]
1103.3798308372498,1001,False,1,3,[7.70423269 0.64708752 3.78381665],entering,[-0.48080528  0.59740651 -0.20557775]
1103.3798308372498,1002,False,5,4,[ 7.97558008 -4.33083035  4.        ],exiting,[ 0.5677905  -0.59831228 -0.99408226]
1103.3798308372498,1003,False,3,6,[-5.14494381  2.34057552  3.99912332],cruising,[ 0.63925976  0.24903542 -0.34837281]
1103.3798308372498,1004,False,0,1,[2.89333498 8.57337008 1.28760094],queued,[-0.62185191  0.08809385  0.93462812]
1103.3798308372498,1005,False,4,2,[-7.35635075 -1.340334    2.26279308],landing,[ 0.50568378 -0.03156594 -0.11489306]
1103.479147195816,1000,False,6,5,[-1.02398872 -3.51600381  4.00000015],cruising,[-0.82138112 -0.19970136 -0.21083176]
1103.479147195816,1001,False,1,3,[7.83491445 0.49568646 3.81624415],entering,[-0.48080528  0.59740651 -0.20557775]
1103.479147195816,1002,False,5,4,[ 7.99986983 -4.42783555  4.        ],exiting,[ 0.5677905  -0.59831228 -0.99408226]
1103.479147195816,1003,False,3,6,[-5.25934353  2.50462644  3.99925483],cruising,[ 0.63925976  0.24903542 -0.34837281]
1103.479147195816,1004,False,0,1,[2.89333498 8.57337008 1.30760094],queued,[-0.62185191  0.08809385  0.93462812]
1103.479147195816,1005,False,4,2,[-7.36557533 -1.31847909  2.16564747],landing,[ 0.50568378 -0.03156594 -0.11489306]
1103.5797493457794,1000,False,6,5,[-1.20725347 -3.59609145  4.00000013],cruising,[-0.82138112 -0.19970136 -0.21083176]
1103.5797493457794,1001,False,1,3,[7.9504164  0.33240971 3.84380753],entering,[-0.48080528  0.59740651 -0.20557775]
1103.5797493457794,1002,False,5,4,[ 8.02415957 -4.52484075  4.        ],exiting,[ 0.5677905  -0.59831228 -0.99408226]
1103.5797493457794,1003,False,3,6,[-5.37223748  2.66971719  3.9993666 ],cruising,[ 0.63925976  0.24903542 -0.34837281]
1103.5797493457794,1004,False,0,1,[2.89333498 8.57337008 1.34760094],queued,[-0.62185191  0.08809385  0.93462812]
1103.5797493457794,1005,False,4,2,[-7.37479992 -1.29662418  2.06850186],landing,[ 0.50568378 -0.03156594 -0.11489306]
1103.6795456409454,1000,False,6,5,[-1.39742973 -3.65741127  4.00000011],cruising,[-0.82138112 -0.19970136 -0.21083176]
1103.6795456409454,1001,False,1,3,[8.04963515 0.15875592 3.8672364 ],cruising,[-0.48080528  0.59740651 -0.20557775]
1103.6795456409454,1002,False,5,4,[ 8.04844932 -4.62184595  4.        ],exiting,[ 0.5677905  -0.59831228 -0.99408226]
1103.6795456409454,1003,False,3,6,[-5.48331462  2.83603577  3.99946161],cruising,[ 0.63925976  0.24903542 -0.34837281]
1103.6795456409454,1004,False,0,1,[2.89333498 8.57337008 1.40760094],queued,[-0.62185191  0.08809385  0.93462812]
1103.6795456409454,1005,False,4,2,[-7.38402451 -1.27476928  1.97135625],landing,[ 0.50568378 -0.03156594 -0.11489306]
1103.7789332866669,1000,False,6,5,[-1.59136574 -3.69908767  4.00000009],cruising,[-0.82138112 -0.19970136 -0.21083176]
1103.7789332866669,1001,False,1,3,[ 8.13125403 -0.02378331  3.88730472],cruising,[-0.48080528  0.59740651 -0.20557775]
1103.7789332866669,1002,False,5,4,[ 8.07273906 -4.71885114  4.        ],exiting,[ 0.5677905  -0.59831228 -0.99408226]
1103.7789332866669,1003,False,3,6,[-5.59222794  3.00377929  3.99954237],cruising,[ 0.63925976  0.24903542 -0.34837281]
1103.7789332866669,1004,False,0,1,[2.89333498 8.57337008 1.48260094],queued,[-0.62185191  0.08809385  0.93462812]
1103.7789332866669,1005,False,4,2,[-7.3932491  -1.25291437  1.87421064],landing,[ 0.50568378 -0.03156594 -0.11489306]
1103.879055261612,1000,False,6,5,[-1.78594725 -3.72077448  4.00000007],cruising,[-0.82138112 -0.19970136 -0.21083176]
1103.879055261612,1001,False,1,3,[ 8.19616607 -0.21295632  3.90420901],cruising,[-0.48080528  0.59740651 -0.20557775]
1103.879055261612,1002,False,5,4,[ 8.09702881 -4.81585634  4.        ],exiting,[ 0.5677905  -0.59831228 -0.99408226]
1103.879055261612,1003,False,3,6,[-5.69857893  3.17315894  3.99961101],cruising,[ 0.63925976  0.24903542 -0.34837281]
1103.879055261612,1004,False,0,1,[2.89333498 8.57337008 1.55760094],queued,[-0.62185191  0.08809385  0.93462812]
1103.879055261612,1005,False,4,2,[-7.40247369 -1.23105946  1.77706502],landing,[ 0.50568378 -0.03156594 -0.11489306]
1103.979756116867,1000,False,6,5,[-1.97817337 -3.72260048  4.00000006],cruising,[-0.82138112 -0.19970136 -0.21083176]
1103.979756116867,1001,False,1,3,[ 8.24656463 -0.40650215  3.91857766],cruising,[-0.48080528  0.59740651 -0.20557775]
1103.979756116867,1002,False,5,4,[ 8.12131856 -4.91286154  4.        ],exiting,[ 0.5677905  -0.59831228 -0.99408226]
1103.979756116867,1003,False,3,6,[-5.80189848  3.34440459  3.99966936],cruising,[ 0.63925976  0.24903542 -0.34837281]
1103.979756116867,1004,False,0,1,[2.89333498 8.57337008 1.63260094],queued,[-0.62185191  0.08809385  0.93462812]
1103.979756116867,1005,False,4,2,[-7.41169828 -1.20920455  1.67991941],landing,[ 0.50568378 -0.03156594 -0.11489306]
1104.079592704773,1000,False,6,5,[-2.16514515 -3.70512901  4.00000004],cruising,[-0.82138112 -0.19970136 -0.21083176]
1104.079592704773,1001,False,1,3,[ 8.2840173  -0.60296409  3.93079101],cruising,[-0.48080528  0.59740651 -0.20557775]
1104.079592704773,1002,False,5,4,[ 8.1456083  -5.00986673  4.        ],exiting,[ 0.5677905  -0.59831228 -0.99408226]
1104.079592704773,1003,False,3,6,[-5.90162254  3.51776869  3.99971896],cruising,[ 0.63925976  0.24903542 -0.34837281]
1104.079592704773,1004,False,0,1,[2.89333498 8.57337008 1.70760094],queued,[-0.62185191  0.08809385  0.93462812]
1104.079592704773,1005,False,4,2,[-7.42092287 -1.18734964  1.5827738 ],landing,[ 0.50568378 -0.03156594 -0.11489306]
1104.1793410778046,1000,False,6,5,[-2.34453524 -3.66915031  4.00000003],cruising,[-0.82138112 -0.19970136 -0.21083176]
1104.1793410778046,1001,False,1,3,[ 8.31016366 -0.80124765  3.94117236],cruising,[-0.48080528  0.59740651 -0.20557775]
1104.1793410778046,1002,False,5,4,[ 8.16989805 -5.10687193  4.        ],exiting,[ 0.5677905  -0.59831228 -0.99408226]
1104.1793410778046,1003,False,3,6,[-5.99706049  3.69352875  3.99976111],cruising,[ 0.63925976  0.24903542 -0.34837281]
1104.1793410778046,1004,False,0,1,[2.89333498 8.57337008 1.78260094],queued,[-0.62185191  0.08809385  0.93462812]
1104.1793410778046,1005,False,4,2,[-7.43014746 -1.16549473  1.48562819],fake_landed,[ 0.50568378 -0.03156594 -0.11489306]
1104.2801451683044,1000,False,6,5,[-2.51415493 -3.61572054  4.00000001],cruising,[-0.82138112 -0.19970136 -0.21083176]
1104.2801451683044,1001,False,1,3,[ 8.32440671 -1.00073984  3.94999651],cruising,[-0.48080528  0.59740651 -0.20557775]
1104.2801451683044,1002,False,5,4,[ 8.19418779 -5.20387713  4.        ],exiting,[ 0.5677905  -0.59831228 -0.99408226]
1104.2801451683044,1003,False,3,6,[-6.08735312  3.8719867   3.99979695],cruising,[ 0.63925976  0.24903542 -0.34837281]
1104.2801451683044,1004,False,0,1,[2.89333498 8.57337008 1.85760094],queued,[-0.62185191  0.08809385  0.93462812]
1104.2801451683044,1005,False,4,2,[-7.43752713 -1.1480108   1.4079117 ],fake_landed,[ 0.50568378 -0.03156594 -0.11489306]
1104.37988114357,1000,False,6,5,[-2.67201101 -3.54611619  4.        ],cruising,[-0.82138112 -0.19970136 -0.21083176]
1104.37988114357,1001,False,1,3,[ 8.33052576 -1.20064621  3.95749703],cruising,[-0.48080528  0.59740651 -0.20557775]
1104.37988114357,1002,False,5,4,[ 8.21847754 -5.30088232  4.        ],exiting,[ 0.5677905  -0.59831228 -0.99408226]
1104.37988114357,1003,False,3,6,[-6.17141645  4.0534622   3.9998274 ],cruising,[ 0.63925976  0.24903542 -0.34837281]
1104.37988114357,1004,False,0,1,[2.89333498 8.57337008 1.93260094],queued,[-0.62185191  0.08809385  0.93462812]
1104.37988114357,1005,False,4,2,[-7.44306188 -1.13489786  1.34962433],fake_landed,[ 0.50568378 -0.03156594 -0.11489306]
1104.4802310466766,1000,False,6,5,[-2.81642623 -3.4617016   3.99999999],cruising,[-0.82138112 -0.19970136 -0.21083176]
1104.4802310466766,1001,False,1,3,[ 8.32957148 -1.40064394  3.96387248],cruising,[-0.48080528  0.59740651 -0.20557775]
1104.4802310466766,1002,False,5,4,[ 8.24276729 -5.39788752  4.        ],exiting,[ 0.5677905  -0.59831228 -0.99408226]
1104.4802310466766,1003,False,3,6,[-6.24786659  4.23827393  3.99985329],cruising,[ 0.63925976  0.24903542 -0.34837281]
1104.4802310466766,1004,False,0,1,[2.89333498 8.57337008 2.00760094],queued,[-0.62185191  0.08809385  0.93462812]
1104.4802310466766,1005,False,4,2,[-7.44675172 -1.1261559   1.31076609],fake_landed,[ 0.50568378 -0.03156594 -0.11489306]
1104.578917980194,1000,False,6,5,[-2.9459476  -3.36393885  3.99999998],cruising,[-0.82138112 -0.19970136 -0.21083176]
1104.578917980194,1001,False,1,3,[ 8.32009643 -1.60041937  3.9692916 ],cruising,[-0.48080528  0.59740651 -0.20557775]
1104.578917980194,1002,False,5,4,[ 8.26705703 -5.49489272  4.        ],exiting,[ 0.5677905  -0.59831228 -0.99408226]
1104.578917980194,1003,False,3,6,[-6.31492038  4.42669842  3.9998753 ],cruising,[ 0.63925976  0.24903542 -0.34837281]
1104.578917980194,1004,False,0,1,[2.89333498 8.57337008 2.08260094],queued,[-0.62185191  0.08809385  0.93462812]
1104.578917980194,1005,False,4,2,[-7.44859664 -1.12178491  1.29133696],fake_landed,[ 0.50568378 -0.03156594 -0.11489306]
1104.67986702919,1000,False,6,5,[-3.05927376 -3.25444089  3.99999997],cruising,[-0.82138112 -0.19970136 -0.21083176]
1104.67986702919,1001,False,1,3,[ 8.30533882 -1.79987416  3.97389786],cruising,[-0.48080528  0.59740651 -0.20557775]
1104.67986702919,1002,False,5,4,[ 8.29134678 -5.59189791  4.        ],exiting,[ 0.5677905  -0.59831228 -0.99408226]
1104.67986702919,1003,False,3,6,[-6.3639445   4.62059694  3.99989401],cruising,[ 0.63925976  0.24903542 -0.34837281]
1104.67986702919,1004,False,0,1,[2.89333498 8.57337008 2.15760094],queued,[-0.62185191  0.08809385  0.93462812]
1104.67986702919,1005,False,2,0,[-7.44859664 -1.12178491  1.29133696],waiting,[ 0.50568378 -0.03156594 -0.11489306]
1104.779356956482,1000,False,6,5,[-3.15530551 -3.13489785  3.99999997],cruising,[-0.82138112 -0.19970136 -0.21083176]
1104.779356956482,1001,False,1,3,[ 8.28571194 -1.99890879  3.97781318],cruising,[-0.48080528  0.59740651 -0.20557775]
1104.779356956482,1002,False,5,4,[ 8.31563652 -5.68890311  4.        ],exiting,[ 0.5677905  -0.59831228 -0.99408226]
1104.779356956482,1003,False,3,6,[-6.39332134  4.81823507  3.99991035],cruising,[ 0.63925976  0.24903542 -0.34837281]
1104.779356956482,1004,False,0,1,[2.89333498 8.57337008 2.23260094],queued,[-0.62185191  0.08809385  0.93462812]
1104.779356956482,1005,False,2,0,[-7.44859664 -1.12178491  1.29133696],waiting,[ 0.50568378 -0.03156594 -0.11489306]
1104.8794133663177,1000,False,6,5,[-3.23342244 -3.00646331  3.99999996],cruising,[-0.82138112 -0.19970136 -0.21083176]
1104.8794133663177,1001,False,1,3,[ 8.25887321 -2.19709982  3.98114121],cruising,[-0.48080528  0.59740651 -0.20557775]
1104.8794133663177,1002,False,5,4,[ 8.33992627 -5.78590831  4.        ],exiting,[ 0.5677905  -0.59831228 -0.99408226]
1104.8794133663177,1003,False,3,6,[-6.40273954  5.01715877  3.99992506],cruising,[ 0.63925976  0.24903542 -0.34837281]
1104.8794133663177,1004,False,0,1,[2.89333498 8.57337008 2.30760094],queued,[-0.62185191  0.08809385  0.93462812]
1104.8794133663177,1005,False,2,0,[-7.44859664 -1.12178491  1.29133696],waiting,[ 0.50568378 -0.03156594 -0.11489306]
1104.9789700508118,1000,False,6,5,[-3.29325122 -2.86993285  3.99999996],cruising,[-0.82138112 -0.19970136 -0.21083176]
1104.9789700508118,1001,False,1,3,[ 8.22792162 -2.3946903   3.98397003],cruising,[-0.48080528  0.59740651 -0.20557775]
1104.9789700508118,1002,False,5,4,[ 8.36421602 -5.88291351  4.        ],exiting,[ 0.5677905  -0.59831228 -0.99408226]
1104.9789700508118,1003,False,3,6,[-6.3922111   5.21462259  3.99993852],cruising,[ 0.63925976  0.24903542 -0.34837281]
1104.9789700508118,1004,False,0,1,[2.89333498 8.57337008 2.38260094],entering,[-0.62185191  0.08809385  0.93462812]
1104.9789700508118,1005,False,2,0,[-7.44859664 -1.12178491  1.29133696],waiting,[ 0.50568378 -0.03156594 -0.11489306]
1105.0792889595032,1000,False,6,5,[-3.33461825 -2.7257106   3.99999996],cruising,[-0.82138112 -0.19970136 -0.21083176]
1105.0792889595032,1001,False,1,3,[ 8.19285546 -2.59159222  3.98637452],cruising,[-0.48080528  0.59740651 -0.20557775]
1105.0792889595032,1002,False,5,4,[ 8.38850576 -5.9799187   4.        ],exiting,[ 0.5677905  -0.59831228 -0.99408226]
1105.0792889595032,1003,False,3,6,[-6.36208168  5.40811127  3.99995085],cruising,[ 0.63925976  0.24903542 -0.34837281]
1105.0792889595032,1004,False,0,1,[2.88973773 8.55369624 2.45760094],entering,[-0.62185191  0.08809385  0.93462812]
1105.0792889595032,1005,False,2,0,[-7.44859664 -1.12178491  1.29133696],waiting,[ 0.50568378 -0.03156594 -0.11489306]
1105.1798346042633,1000,False,6,5,[-3.35745072 -2.5739737   3.99999995],cruising,[-0.82138112 -0.19970136 -0.21083176]
1105.1798346042633,1001,False,1,3,[ 8.15031938 -2.78701658  3.98841834],cruising,[-0.48080528  0.59740651 -0.20557775]
1105.1798346042633,1002,False,5,4,[ 8.41279551 -6.0769239   4.        ],exiting,[ 0.5677905  -0.59831228 -0.99408226]
1105.1798346042633,1003,False,3,6,[-6.31291538  5.59546828  3.99996201],cruising,[ 0.63925976  0.24903542 -0.34837281]
1105.1798346042633,1004,False,0,1,[2.8827643  8.51430943 2.53260094],entering,[-0.62185191  0.08809385  0.93462812]
1105.1798346042633,1005,False,2,0,[-7.44859664 -1.12178491  1.29133696],waiting,[ 0.50568378 -0.03156594 -0.11489306]
1105.287318944931,1000,False,6,5,[-3.36175202 -2.41471376  3.99999996],cruising,[-0.82138112 -0.19970136 -0.21083176]
1105.287318944931,1001,False,1,3,[ 8.10375254 -2.98151987  3.99015559],cruising,[-0.48080528  0.59740651 -0.20557775]
1105.287318944931,1002,False,5,4,[ 8.43708525 -6.1739291   4.        ],exiting,[ 0.5677905  -0.59831228 -0.99408226]
1105.287318944931,1003,False,3,6,[-6.24561501  5.77438994  3.99997206],cruising,[ 0.63925976  0.24903542 -0.34837281]
1105.287318944931,1004,False,0,1,[2.87251491 8.45519274 2.60760094],entering,[-0.62185191  0.08809385  0.93462812]
1105.287318944931,1005,False,2,0,[-7.44859664 -1.12178491  1.29133696],waiting,[ 0.50568378 -0.03156594 -0.11489306]
1105.3846130371094,1000,False,6,5,[-3.34784379 -2.24718261  3.99999996],cruising,[-0.82138112 -0.19970136 -0.21083176]
1105.3846130371094,1001,False,1,3,[ 8.04892021 -3.17385659  3.99163225],cruising,[-0.48080528  0.59740651 -0.20557775]
1105.3846130371094,1002,False,5,4,[ 8.461375   -6.27093429  4.        ],exiting,[ 0.5677905  -0.59831228 -0.99408226]
1105.3846130371094,1003,False,3,6,[-6.16133278  5.94274672  3.99998103],cruising,[ 0.63925976  0.24903542 -0.34837281]
1105.3846130371094,1004,False,0,1,[2.85911129 8.37632635 2.68260094],entering,[-0.62185191  0.08809385  0.93462812]
1105.3846130371094,1005,False,2,0,[-7.44859664 -1.12178491  1.29133696],waiting,[ 0.50568378 -0.03156594 -0.11489306]
1105.4804198741913,1000,False,6,5,[-3.31675668 -2.06941008  3.99999996],cruising,[-0.82138112 -0.19970136 -0.21083176]
1105.4804198741913,1001,False,1,3,[ 7.98538857 -3.36349765  3.99288742],cruising,[-0.48080528  0.59740651 -0.20557775]
1105.4804198741913,1002,False,5,4,[ 8.48566475 -6.36793949  4.        ],exiting,[ 0.5677905  -0.59831228 -0.99408226]
1105.4804198741913,1003,False,3,6,[-6.06104948  6.09910493  3.99998887],cruising,[ 0.63925976  0.24903542 -0.34837281]
1105.4804198741913,1004,False,0,1,[2.84306747 8.27763499 2.75760094],entering,[-0.62185191  0.08809385  0.93462812]
1105.4804198741913,1005,False,2,0,[-7.44859664 -1.12178491  1.29133696],waiting,[ 0.50568378 -0.03156594 -0.11489306]
1105.5878167152405,1000,False,6,5,[-3.27387345 -1.87548665  3.99999997],cruising,[-0.82138112 -0.19970136 -0.21083176]
1105.5878167152405,1001,False,1,3,[ 7.91707135 -3.55146775  3.9939543 ],cruising,[-0.48080528  0.59740651 -0.20557775]
1105.5878167152405,1002,False,5,4,[ 8.50995449 -6.46494469  4.        ],exiting,[ 0.5677905  -0.59831228 -0.99408226]
1105.5878167152405,1003,False,3,6,[-5.94568921  6.24232217  3.99999555],cruising,[ 0.63925976  0.24903542 -0.34837281]
1105.5878167152405,1004,False,0,1,[2.82493973 8.15905249 2.83260094],entering,[-0.62185191  0.08809385  0.93462812]
1105.5878167152405,1005,False,2,0,[-7.44859664 -1.12178491  1.29133696],waiting,[ 0.50568378 -0.03156594 -0.11489306]
1105.6840488910675,1000,False,6,5,[-3.24636461 -1.67738752  3.99999997],cruising,[-0.82138112 -0.19970136 -0.21083176]
1105.6840488910675,1001,False,1,3,[ 7.83763094 -3.73501399  3.99486116],cruising,[-0.48080528  0.59740651 -0.20557775]
1105.6840488910675,1002,False,5,4,[ 8.53424424 -6.56194988  4.        ],exiting,[ 0.5677905  -0.59831228 -0.99408226]
1105.6840488910675,1003,False,3,6,[-5.81616342  6.3714207   4.00000103],cruising,[ 0.63925976  0.24903542 -0.34837281]
1105.6840488910675,1004,False,0,1,[2.8059101  8.02049034 2.90760094],entering,[-0.62185191  0.08809385  0.93462812]
1105.6840488910675,1005,False,2,0,[-7.44859664 -1.12178491  1.29133696],waiting,[ 0.50568378 -0.03156594 -0.11489306]
1105.7793836593628,1000,False,6,5,[-3.2353378  -1.47769173  3.99999998],cruising,[-0.82138112 -0.19970136 -0.21083176]
1105.7793836593628,1001,False,1,3,[ 7.74560016 -3.91258182  3.99563198],cruising,[-0.48080528  0.59740651 -0.20557775]
1105.7793836593628,1002,False,5,4,[ 8.55853398 -6.65895508  4.        ],exiting,[ 0.5677905  -0.59831228 -0.99408226]
1105.7793836593628,1003,False,3,6,[-5.67336965  6.48555392  4.00000529],cruising,[ 0.63925976  0.24903542 -0.34837281]
1105.7793836593628,1004,False,0,1,[2.78776584 7.86194779 2.98260094],entering,[-0.62185191  0.08809385  0.93462812]
1105.7793836593628,1005,False,2,0,[-7.44859664 -1.12178491  1.29133696],waiting,[ 0.50568378 -0.03156594 -0.11489306]
1105.8801481723785,1000,False,6,5,[-3.24022991 -1.27775157  3.99999998],cruising,[-0.82138112 -0.19970136 -0.21083176]
1105.8801481723785,1001,False,1,3,[ 7.63893261 -4.0817623   3.99628719],cruising,[-0.48080528  0.59740651 -0.20557775]
1105.8801481723785,1002,False,5,4,[ 8.58282373 -6.75596028  4.        ],exiting,[ 0.5677905  -0.59831228 -0.99408226]
1105.8801481723785,1003,False,3,6,[-5.51835991  6.58385142  4.00000836],cruising,[ 0.63925976  0.24903542 -0.34837281]
1105.8801481723785,1004,False,0,1,[2.77344443 7.683774   3.05760094],entering,[-0.62185191  0.08809385  0.93462812]
1105.8801481723785,1005,False,2,0,[-7.44859664 -1.12178491  1.29133696],queued,[ 0.50568378 -0.03156594 -0.11489306]
1105.9801187515259,1000,False,6,5,[-3.25902985 -1.07863713  3.99999998],cruising,[-0.82138112 -0.19970136 -0.21083176]
1105.9801187515259,1001,False,1,3,[ 7.51593307 -4.23939906  3.99684918],cruising,[-0.48080528  0.59740651 -0.20557775]
1105.9801187515259,1002,False,5,4,[ 8.60711348 -6.85296548  4.        ],exiting,[ 0.5677905  -0.59831228 -0.99408226]
1105.9801187515259,1003,False,3,6,[-5.35174557  6.66585985  4.00001019],cruising,[ 0.63925976  0.24903542 -0.34837281]
1105.9801187515259,1004,False,0,1,[2.7683634  7.48786281 3.13260094],entering,[-0.62185191  0.08809385  0.93462812]
1105.9801187515259,1005,False,2,0,[-7.44859664 -1.12178491  1.31133696],queued,[ 0.50568378 -0.03156594 -0.11489306]
1106.0788164138794,1000,False,6,5,[-3.2914617  -0.88128421  3.99999999],cruising,[-0.82138112 -0.19970136 -0.21083176]
1106.0788164138794,1001,False,1,3,[ 7.37858343 -4.38310482  3.9973702 ],cruising,[-0.48080528  0.59740651 -0.20557775]
1106.0788164138794,1002,False,5,4,[ 8.63140322 -6.94997067  4.        ],exiting,[ 0.5677905  -0.59831228 -0.99408226]
1106.0788164138794,1003,False,3,6,[-5.17395131  6.73128488  4.00001076],cruising,[ 0.63925976  0.24903542 -0.34837281]
1106.0788164138794,1004,False,0,1,[2.7736291  7.28793214 3.20760094],entering,[-0.62185191  0.08809385  0.93462812]
1106.0788164138794,1005,False,2,0,[-7.44859664 -1.12178491  1.35133696],queued,[ 0.50568378 -0.03156594 -0.11489306]
1106.1795182228088,1000,False,6,5,[-3.33640399 -0.68639914  3.99999999],cruising,[-0.82138112 -0.19970136 -0.21083176]
1106.1795182228088,1001,False,1,3,[ 7.22866543 -4.51125312  3.99785082],cruising,[-0.48080528  0.59740651 -0.20557775]
1106.1795182228088,1002,False,5,4,[ 8.65569297 -7.04697587  4.        ],exiting,[ 0.5677905  -0.59831228 -0.99408226]
1106.1795182228088,1003,False,3,6,[-4.98503645  6.78008668  4.00001003],cruising,[ 0.63925976  0.24903542 -0.34837281]
1106.1795182228088,1004,False,0,1,[2.79253167 7.08882741 3.28260094],entering,[-0.62185191  0.08809385  0.93462812]
1106.1795182228088,1005,False,2,0,[-7.44859664 -1.12178491  1.41133696],queued,[ 0.50568378 -0.03156594 -0.11489306]
1106.2799232006073,1000,False,6,5,[-3.39120281 -0.49405286  3.99999999],cruising,[-0.82138112 -0.19970136 -0.21083176]
1106.2799232006073,1001,False,1,3,[ 7.06820077 -4.62240828  3.99829237],cruising,[-0.48080528  0.59740651 -0.20557775]
1106.2799232006073,1002,False,5,4,[ 8.67998272 -7.14398107  4.        ],landing,[ 0.5677905  -0.59831228 -0.99408226]
1106.2799232006073,1003,False,3,6,[-4.78915582  6.82046959  4.00000852],cruising,[ 0.63925976  0.24903542 -0.34837281]
1106.2799232006073,1004,False,0,1,[2.8283562  6.89206206 3.35760094],entering,[-0.62185191  0.08809385  0.93462812]
1106.2799232006073,1005,False,2,0,[-7.44859664 -1.12178491  1.48633696],queued,[ 0.50568378 -0.03156594 -0.11489306]
1106.3826162815094,1000,False,6,5,[-3.45687555 -0.30514259  3.99999999],cruising,[-0.82138112 -0.19970136 -0.21083176]
1106.3826162815094,1001,False,1,3,[ 6.89935206 -4.71540563  3.99869585],cruising,[-0.48080528  0.59740651 -0.20557775]
1106.3826162815094,1002,False,5,4,[ 8.69778011 -7.22843197  3.98584942],landing,[ 0.5677905  -0.59831228 -0.99408226]
1106.3826162815094,1003,False,3,6,[-4.59420885  6.86514262  4.00000724],cruising,[ 0.63925976  0.24903542 -0.34837281]
1106.3826162815094,1004,False,0,1,[2.88022394 6.69890477 3.43260094],entering,[-0.62185191  0.08809385  0.93462812]
1106.3826162815094,1005,False,2,0,[-7.44859664 -1.12178491  1.56133696],queued,[ 0.50568378 -0.03156594 -0.11489306]
1106.4810764789581,1000,False,6,5,[-3.53277207 -0.12010281  3.99999999],cruising,[-0.82138112 -0.19970136 -0.21083176]
1106.4810764789581,1001,False,1,3,[ 6.72433944 -4.78937656  3.99906157],cruising,[-0.48080528  0.59740651 -0.20557775]
1106.4810764789581,1002,False,5,4,[ 8.70907911 -7.30015138  3.95771026],landing,[ 0.5677905  -0.59831228 -0.99408226]
1106.4810764789581,1003,False,3,6,[-4.39991657  6.91258216  4.00000616],cruising,[ 0.63925976  0.24903542 -0.34837281]
1106.4810764789581,1004,False,0,1,[2.94419239 6.50941061 3.50760094],entering,[-0.62185191  0.08809385  0.93462812]
1106.4810764789581,1005,False,2,0,[-7.44859664 -1.12178491  1.63633696],queued,[ 0.50568378 -0.03156594 -0.11489306]
1106.5820560455322,1000,False,6,5,[-3.61632899  0.06160641  3.99999999],cruising,[-0.82138112 -0.19970136 -0.21083176]
1106.5820560455322,1001,False,1,3,[ 6.54540978 -4.84373485  3.99938929],cruising,[-0.48080528  0.59740651 -0.20557775]
1106.5820560455322,1002,False,5,4,[ 8.71387377 -7.3589302   3.91577855],landing,[ 0.5677905  -0.59831228 -0.99408226]
1106.5820560455322,1003,False,3,6,[-4.20536171  6.95893305  4.00000523],cruising,[ 0.63925976  0.24903542 -0.34837281]
1106.5820560455322,1004,False,0,1,[3.02092466 6.32471584 3.5814608 ],entering,[-0.62185191  0.08809385  0.93462812]
1106.5820560455322,1005,False,2,0,[-7.44859664 -1.12178491  1.71133696],queued,[ 0.50568378 -0.03156594 -0.11489306]
1106.6877436637878,1000,False,6,5,[-3.71096887  0.23779748  3.99999999],cruising,[-0.82138112 -0.19970136 -0.21083176]
1106.6877436637878,1001,False,1,3,[ 6.36482682 -4.87816164  3.99967817],cruising,[-0.48080528  0.59740651 -0.20557775]
1106.6877436637878,1002,False,5,4,[ 8.71215797 -7.4044806   3.86033305],landing,[ 0.5677905  -0.59831228 -0.99408226]
1106.6877436637878,1003,False,3,6,[-4.01098543  7.00602724  4.00000445],cruising,[ 0.63925976  0.24903542 -0.34837281]
1106.6877436637878,1004,False,0,1,[3.11302057 6.14721923 3.6447308 ],entering,[-0.62185191  0.08809385  0.93462812]
1106.6877436637878,1005,False,2,0,[-7.44859664 -1.12178491  1.78633696],queued,[ 0.50568378 -0.03156594 -0.11489306]
1106.7849426269531,1000,False,6,5,[-3.8114935  0.4106986  4.       ],cruising,[-0.82138112 -0.19970136 -0.21083176]
1106.7849426269531,1001,False,1,3,[ 6.18422227 -4.89258847  3.999927  ],cruising,[-0.48080528  0.59740651 -0.20557775]
1106.7849426269531,1002,False,5,4,[ 8.70392865 -7.43657005  3.79160683],landing,[ 0.5677905  -0.59831228 -0.99408226]
1106.7849426269531,1003,False,3,6,[-3.81651481  7.05273033  4.00000378],cruising,[ 0.63925976  0.24903542 -0.34837281]
1106.7849426269531,1004,False,0,1,[3.21950567 5.97792385 3.69802118],entering,[-0.62185191  0.08809385  0.93462812]
1106.7849426269531,1005,False,2,0,[-7.44859664 -1.12178491  1.86133696],queued,[ 0.50568378 -0.03156594 -0.11489306]
1106.882299900055,1000,False,6,5,[-3.91663301  0.58083291  4.        ],cruising,[-0.82138112 -0.19970136 -0.21083176]
1106.882299900055,1001,False,1,3,[ 6.00450045 -4.88703484  4.00013257],cruising,[-0.48080528  0.59740651 -0.20557775]
1106.882299900055,1002,False,5,4,[ 8.68918454 -7.45497842  3.70982744],landing,[ 0.5677905  -0.59831228 -0.99408226]
1106.882299900055,1003,False,3,6,[-3.62172295  7.09807489  4.00000321],cruising,[ 0.63925976  0.24903542 -0.34837281]
1106.882299900055,1004,False,0,1,[3.34113259 5.81920133 3.74363432],entering,[-0.62185191  0.08809385  0.93462812]
1106.882299900055,1005,False,2,0,[-7.44859664 -1.12178491  1.93633696],queued,[ 0.50568378 -0.03156594 -0.11489306]
1106.9789850711823,1000,False,6,5,[-4.02638775  0.7480271   4.        ],cruising,[-0.82138112 -0.19970136 -0.21083176]
1106.9789850711823,1001,False,1,3,[ 5.82684384 -4.86158818  4.00029374],cruising,[-0.48080528  0.59740651 -0.20557775]
1106.9789850711823,1002,False,5,4,[ 8.66792603 -7.45948379  3.61523131],landing,[ 0.5677905  -0.59831228 -0.99408226]
1106.9789850711823,1003,False,3,6,[-3.42591056  7.13878741  4.00000273],cruising,[ 0.63925976  0.24903542 -0.34837281]
1106.9789850711823,1004,False,0,1,[3.47706083 5.67249402 3.78209857],entering,[-0.62185191  0.08809385  0.93462812]
1106.9789850711823,1005,False,2,0,[-7.44859664 -1.12178491  2.01133696],queued,[ 0.50568378 -0.03156594 -0.11489306]
1107.0870432853699,1000,False,6,5,[-4.13841125  0.91370974  4.        ],cruising,[-0.82138112 -0.19970136 -0.21083176]
1107.0870432853699,1001,False,1,3,[ 5.65176342 -4.81630819  4.00040716],cruising,[-0.48080528  0.59740651 -0.20557775]
1107.0870432853699,1002,False,5,4,[ 8.64522546 -7.4608608   3.5178517 ],landing,[ 0.5677905  -0.59831228 -0.99408226]
1107.0870432853699,1003,False,3,6,[-3.22958173  7.17693177  4.00000232],cruising,[ 0.63925976  0.24903542 -0.34837281]
1107.0870432853699,1004,False,0,1,[3.62641677 5.53954961 3.81506012],entering,[-0.62185191  0.08809385  0.93462812]
1107.0870432853699,1005,False,2,0,[-7.44859664 -1.12178491  2.08633696],queued,[ 0.50568378 -0.03156594 -0.11489306]
1107.1821026802063,1000,False,6,5,[-4.25153685  1.07864184  4.        ],cruising,[-0.82138112 -0.19970136 -0.21083176]
1107.1821026802063,1001,False,1,3,[ 5.47996819 -4.75129991  4.00047141],cruising,[-0.48080528  0.59740651 -0.20557775]
1107.1821026802063,1002,False,5,4,[ 8.6225249  -7.46223781  3.42047209],landing,[ 0.5677905  -0.59831228 -0.99408226]
1107.1821026802063,1003,False,3,6,[-3.03262526  7.2116902   4.00000197],cruising,[ 0.63925976  0.24903542 -0.34837281]
1107.1821026802063,1004,False,0,1,[3.78793491 5.42162152 3.84286501],cruising,[-0.62185191  0.08809385  0.93462812]
1107.1821026802063,1005,False,2,0,[-7.44859664 -1.12178491  2.16133696],entering,[ 0.50568378 -0.03156594 -0.11489306]
1107.2795419692993,1000,False,6,5,[-4.36617875  1.24252361  4.        ],cruising,[-0.82138112 -0.19970136 -0.21083176]
1107.2795419692993,1001,False,1,3,[ 5.31121228 -4.66652399  4.00048134],cruising,[-0.48080528  0.59740651 -0.20557775]
1107.2795419692993,1002,False,5,4,[ 8.59982433 -7.46361482  3.32309248],landing,[ 0.5677905  -0.59831228 -0.99408226]
1107.2795419692993,1003,False,3,6,[-2.83456124  7.23945068  4.00000168],cruising,[ 0.63925976  0.24903542 -0.34837281]
1107.2795419692993,1004,False,0,1,[3.95997721 5.31963403 3.86643526],cruising,[-0.62185191  0.08809385  0.93462812]
1107.2795419692993,1005,False,2,0,[-7.43551719 -1.10665455  2.23633696],entering,[ 0.50568378 -0.03156594 -0.11489306]
1107.3895313739777,1000,False,6,5,[-4.48183446  1.40569149  4.        ],cruising,[-0.82138112 -0.19970136 -0.21083176]
1107.3895313739777,1001,False,1,3,[ 5.14490038 -4.56189805  4.00043253],cruising,[-0.48080528  0.59740651 -0.20557775]
1107.3895313739777,1002,False,5,4,[ 8.57712376 -7.46499183  3.22571287],landing,[ 0.5677905  -0.59831228 -0.99408226]
1107.3895313739777,1003,False,3,6,[-2.63589591  7.26251766  4.00000143],cruising,[ 0.63925976  0.24903542 -0.34837281]
1107.3895313739777,1004,False,0,1,[4.13998752 5.23247734 3.88646997],cruising,[-0.62185191  0.08809385  0.93462812]
1107.3895313739777,1005,False,2,0,[-7.40937321 -1.07638093  2.31133696],entering,[ 0.50568378 -0.03156594 -0.11489306]
1107.4876246452332,1000,False,6,5,[-4.59807705  1.56844179  4.        ],cruising,[-0.82138112 -0.19970136 -0.21083176]
1107.4876246452332,1001,False,1,3,[ 4.97491932 -4.45651096  4.00036765],cruising,[-0.48080528  0.59740651 -0.20557775]
1107.4876246452332,1002,False,5,4,[ 8.55442319 -7.46636884  3.12833326],landing,[ 0.5677905  -0.59831228 -0.99408226]
1107.4876246452332,1003,False,3,6,[-2.43638243  7.27645938  4.00000121],cruising,[ 0.63925976  0.24903542 -0.34837281]
1107.4876246452332,1004,False,0,1,[4.32572135 5.15829551 3.90349948],cruising,[-0.62185191  0.08809385  0.93462812]
1107.4876246452332,1005,False,2,0,[-7.37019773 -1.03093563  2.38633696],entering,[ 0.50568378 -0.03156594 -0.11489306]
1107.5928072929382,1000,False,6,5,[-4.71453635  1.73103709  4.        ],cruising,[-0.82138112 -0.19970136 -0.21083176]
1107.5928072929382,1001,False,1,3,[ 4.80171425 -4.35651093  4.00031251],cruising,[-0.48080528  0.59740651 -0.20557775]
1107.5928072929382,1002,False,5,4,[ 8.53172263 -7.46774585  3.03095366],landing,[ 0.5677905  -0.59831228 -0.99408226]
1107.5928072929382,1003,False,3,6,[-2.23641175  7.27988399  4.00000103],cruising,[ 0.63925976  0.24903542 -0.34837281]
1107.5928072929382,1004,False,0,1,[4.5156226  5.09554588 3.91797456],cruising,[-0.62185191  0.08809385  0.93462812]
1107.5928072929382,1005,False,2,0,[-7.31805384 -0.97026467  2.46133696],entering,[ 0.50568378 -0.03156594 -0.11489306]
1107.7236144542694,1000,False,6,5,[-4.83088313  1.89371292  4.        ],cruising,[-0.82138112 -0.19970136 -0.21083176]
1107.7236144542694,1001,False,1,3,[ 4.62501166 -4.26282959  4.00026563],cruising,[-0.48080528  0.59740651 -0.20557775]
1107.7236144542694,1002,False,5,4,[ 8.50902206 -7.46912286  2.93357405],landing,[ 0.5677905  -0.59831228 -0.99408226]
1107.7236144542694,1003,False,3,6,[-2.03689845  7.26593975  4.00000088],cruising,[ 0.63925976  0.24903542 -0.34837281]
1107.7236144542694,1004,False,0,1,[4.7082963  5.04190967 3.93027837],cruising,[-0.62185191  0.08809385  0.93462812]
1107.7236144542694,1005,False,2,0,[-7.2530652  -0.89426361  2.53633696],entering,[ 0.50568378 -0.03156594 -0.11489306]
1107.8901708126068,1000,False,6,5,[-4.94681562  2.05668427  4.        ],cruising,[-0.82138112 -0.19970136 -0.21083176]
1107.8901708126068,1001,False,1,3,[ 4.44647602 -4.17269067  4.00022579],cruising,[-0.48080528  0.59740651 -0.20557775]
1107.8901708126068,1002,False,5,4,[ 8.48632149 -7.47049987  2.83619444],landing,[ 0.5677905  -0.59831228 -0.99408226]
1107.8901708126068,1003,False,3,6,[-1.83960377  7.23315547  4.00000074],cruising,[ 0.63925976  0.24903542 -0.34837281]
1107.8901708126068,1004,False,0,1,[4.90288221 4.99568927 3.94073662],cruising,[-0.62185191  0.08809385  0.93462812]
1107.8901708126068,1005,False,2,0,[-7.17554968 -0.80267161  2.61133696],entering,[ 0.50568378 -0.03156594 -0.11489306]
1107.9895825386047,1000,False,6,5,[-5.0624327   2.21987952  4.        ],cruising,[-0.82138112 -0.19970136 -0.21083176]
1107.9895825386047,1001,False,1,3,[ 4.26587394 -4.08676692  4.00019192],cruising,[-0.48080528  0.59740651 -0.20557775]
1107.9895825386047,1002,False,5,4,[ 8.46362093 -7.47187688  2.73881483],landing,[ 0.5677905  -0.59831228 -0.99408226]
1107.9895825386047,1003,False,3,6,[-1.64577127  7.18387097  4.00000063],cruising,[ 0.63925976  0.24903542 -0.34837281]
1107.9895825386047,1004,False,0,1,[5.09858029 4.95443079 3.94962612],cruising,[-0.62185191  0.08809385  0.93462812]
1107.9895825386047,1005,False,2,0,[-7.0858317  -0.69523348  2.68633696],entering,[ 0.50568378 -0.03156594 -0.11489306]
1108.1147809028625,1000,False,6,5,[-5.1771177   2.38373113  4.        ],cruising,[-0.82138112 -0.19970136 -0.21083176]
1108.1147809028625,1001,False,1,3,[ 4.0842536  -4.00301699  4.00016313],cruising,[-0.48080528  0.59740651 -0.20557775]
1108.1147809028625,1002,False,5,4,[ 8.44092036 -7.47325389  2.64143522],landing,[ 0.5677905  -0.59831228 -0.99408226]
1108.1147809028625,1003,False,3,6,[-1.45460769  7.12507908  4.00000054],cruising,[ 0.63925976  0.24903542 -0.34837281]
1108.1147809028625,1004,False,0,1,[5.29489497 4.91621371 3.95718221],cruising,[-0.62185191  0.08809385  0.93462812]
1108.1147809028625,1005,False,2,0,[-6.98446069 -0.5715409   2.76133696],entering,[ 0.50568378 -0.03156594 -0.11489306]
1108.2055163383484,1000,False,6,5,[-5.29057347  2.54843628  4.        ],cruising,[-0.82138112 -0.19970136 -0.21083176]
1108.2055163383484,1001,False,1,3,[ 3.90139702 -3.92200174  4.00013866],cruising,[-0.48080528  0.59740651 -0.20557775]
1108.2055163383484,1002,False,5,4,[ 8.41821979 -7.4746309   2.54405562],landing,[ 0.5677905  -0.59831228 -0.99408226]
1108.2055163383484,1003,False,3,6,[-1.26802988  7.0530463   4.00000046],cruising,[ 0.63925976  0.24903542 -0.34837281]
1108.2055163383484,1004,False,0,1,[5.49146363 4.87932522 3.96360487],cruising,[-0.62185191  0.08809385  0.93462812]
1108.2055163383484,1005,False,2,0,[-6.8726129  -0.43081198  2.83633696],entering,[ 0.50568378 -0.03156594 -0.11489306]
1108.3117480278015,1000,False,6,5,[-5.40249075  2.71419069  4.        ],cruising,[-0.82138112 -0.19970136 -0.21083176]
1108.3117480278015,1001,False,1,3,[ 3.71791928 -3.84240326  4.00011786],cruising,[-0.48080528  0.59740651 -0.20557775]
1108.3117480278015,1002,False,5,4,[ 8.39551923 -7.47600791  2.44667601],landing,[ 0.5677905  -0.59831228 -0.99408226]
1108.3117480278015,1003,False,3,6,[-1.08587065  6.97047504  4.00000039],cruising,[ 0.63925976  0.24903542 -0.34837281]
1108.3117480278015,1004,False,0,1,[5.68799169 4.84222103 3.96906414],cruising,[-0.62185191  0.08809385  0.93462812]
1108.3117480278015,1005,False,2,0,[-6.75294178 -0.27167666  2.91133696],entering,[ 0.50568378 -0.03156594 -0.11489306]
1108.407827615738,1000,False,6,5,[-5.51253518  2.88119435  4.        ],cruising,[-0.82138112 -0.19970136 -0.21083176]
1108.407827615738,1001,False,1,3,[ 3.53365554 -3.7646416   4.00010018],cruising,[-0.48080528  0.59740651 -0.20557775]
1108.407827615738,1002,False,5,4,[ 8.37281866 -7.47738492  2.3492964 ],landing,[ 0.5677905  -0.59831228 -0.99408226]
1108.407827615738,1003,False,3,6,[-0.90764258  6.87972948  4.00000033],cruising,[ 0.63925976  0.24903542 -0.34837281]
1108.407827615738,1004,False,0,1,[5.88462174 4.80566116 3.97370452],cruising,[-0.62185191  0.08809385  0.93462812]
1108.407827615738,1005,False,2,0,[-6.63617961 -0.10929872  2.98633696],entering,[ 0.50568378 -0.03156594 -0.11489306]
1108.5064470767975,1000,False,6,5,[-5.62148913  3.04891149  4.        ],cruising,[-0.82138112 -0.19970136 -0.21083176]
1108.5064470767975,1001,False,1,3,[ 3.34890732 -3.68803812  4.00008516],cruising,[-0.48080528  0.59740651 -0.20557775]
1108.5064470767975,1002,False,5,4,[ 8.35011809 -7.47876193  2.25191679],landing,[ 0.5677905  -0.59831228 -0.99408226]
1108.5064470767975,1003,False,3,6,[-0.73155576  6.78489578  4.00000028],cruising,[ 0.63925976  0.24903542 -0.34837281]
1108.5064470767975,1004,False,0,1,[6.08066006 4.76605084 3.97764884],cruising,[-0.62185191  0.08809385  0.93462812]
1108.5064470767975,1005,False,2,0,[-6.52295286  0.05556396  3.06133696],entering,[ 0.50568378 -0.03156594 -0.11489306]
1108.6102771759033,1000,False,6,5,[-5.72773276  3.2183585   4.        ],cruising,[-0.82138112 -0.19970136 -0.21083176]
1108.6102771759033,1001,False,1,3,[ 3.16361246 -3.61276651  4.00007238],cruising,[-0.48080528  0.59740651 -0.20557775]
1108.6102771759033,1002,False,5,4,[ 8.32741753 -7.48013894  2.15453718],landing,[ 0.5677905  -0.59831228 -0.99408226]
1108.6102771759033,1003,False,3,6,[-0.55850612  6.68462703  4.00000024],cruising,[ 0.63925976  0.24903542 -0.34837281]
1108.6102771759033,1004,False,0,1,[6.27577564 4.72212011 3.98100152],cruising,[-0.62185191  0.08809385  0.93462812]
1108.6102771759033,1005,False,2,0,[-6.41387767  0.22320227  3.13633696],entering,[ 0.50568378 -0.03156594 -0.11489306]
1108.714971780777,1000,False,6,5,[-5.83079895  3.38975675  4.        ],cruising,[-0.82138112 -0.19970136 -0.21083176]
1108.714971780777,1001,False,1,3,[ 2.97778359 -3.53882308  4.00006152],cruising,[-0.48080528  0.59740651 -0.20557775]
1108.714971780777,1002,False,5,4,[ 8.30471696 -7.48151595  2.05715757],landing,[ 0.5677905  -0.59831228 -0.99408226]
1108.714971780777,1003,False,3,6,[-0.38766777  6.58063541  4.0000002 ],cruising,[ 0.63925976  0.24903542 -0.34837281]
1108.714971780777,1004,False,0,1,[6.4695457  4.67259068 3.98385129],cruising,[-0.62185191  0.08809385  0.93462812]
1108.714971780777,1005,False,2,0,[-6.30949297  0.39380073  3.21133696],entering,[ 0.50568378 -0.03156594 -0.11489306]
1108.8126425743103,1000,False,6,5,[-5.93012034  3.56335186  4.        ],cruising,[-0.82138112 -0.19970136 -0.21083176]
1108.8126425743103,1001,False,1,3,[ 2.79133849 -3.46644749  4.0000523 ],cruising,[-0.48080528  0.59740651 -0.20557775]
1108.8126425743103,1002,False,5,4,[ 8.28201639 -7.48289296  1.95977797],landing,[ 0.5677905  -0.59831228 -0.99408226]
1108.8126425743103,1003,False,3,6,[-0.2177391   6.47516385  4.00000017],cruising,[ 0.63925976  0.24903542 -0.34837281]
1108.8126425743103,1004,False,0,1,[6.66141517 4.61614506 3.9862736 ],cruising,[-0.62185191  0.08809385  0.93462812]
1108.8126425743103,1005,False,2,0,[-6.21050222  0.56758459  3.28633696],entering,[ 0.50568378 -0.03156594 -0.11489306]
1108.9151496887207,1000,False,6,5,[-6.02499743  3.7394153   4.        ],cruising,[-0.82138112 -0.19970136 -0.21083176]
1108.9151496887207,1001,False,1,3,[ 2.6043965  -3.3953652   4.00004445],cruising,[-0.48080528  0.59740651 -0.20557775]
1108.9151496887207,1002,False,5,4,[ 8.25931582 -7.48426997  1.86239836],landing,[ 0.5677905  -0.59831228 -0.99408226]
1108.9151496887207,1003,False,3,6,[-0.04886683  6.36800903  4.00000015],cruising,[ 0.63925976  0.24903542 -0.34837281]
1108.9151496887207,1004,False,0,1,[6.85064779 4.55140701 3.98833256],cruising,[-0.62185191  0.08809385  0.93462812]
1108.9151496887207,1005,False,2,0,[-6.11773841  0.74477058  3.36133696],entering,[ 0.50568378 -0.03156594 -0.11489306]
1109.0093712806702,1000,False,6,5,[-6.11455601  3.91824277  4.        ],cruising,[-0.82138112 -0.19970136 -0.21083176]
1109.0093712806702,1001,False,1,3,[ 2.41665372 -3.32642575  4.00003778],cruising,[-0.48080528  0.59740651 -0.20557775]
1109.0093712806702,1002,False,5,4,[ 8.23661526 -7.48564698  1.76501875],landing,[ 0.5677905  -0.59831228 -0.99408226]
1109.0093712806702,1003,False,3,6,[0.11982499 6.26057036 4.00000012],cruising,[ 0.63925976  0.24903542 -0.34837281]
1109.0093712806702,1004,False,0,1,[7.03626718 4.47693929 3.99008267],cruising,[-0.62185191  0.08809385  0.93462812]
1109.0093712806702,1005,False,2,0,[-6.03217079  0.92554166  3.43633696],entering,[ 0.50568378 -0.03156594 -0.11489306]
1109.108553647995,1000,False,6,5,[-6.19769013  4.10014581  4.        ],cruising,[-0.82138112 -0.19970136 -0.21083176]
1109.108553647995,1001,False,1,3,[ 2.22796745 -3.26011216  4.00003212],cruising,[-0.48080528  0.59740651 -0.20557775]
1109.108553647995,1002,False,5,4,[ 8.21391469 -7.48702399  1.66763914],landing,[ 0.5677905  -0.59831228 -0.99408226]
1109.108553647995,1003,False,3,6,[0.28860133 6.15326449 4.00000011],cruising,[ 0.63925976  0.24903542 -0.34837281]
1109.108553647995,1004,False,0,1,[7.21698937 4.39126847 3.99157027],cruising,[-0.62185191  0.08809385  0.93462812]
1109.108553647995,1005,False,2,0,[-5.95495539  1.11003497  3.51133696],entering,[ 0.50568378 -0.03156594 -0.11489306]
1109.219213962555,1000,False,6,5,[-6.26877628  4.28708633  4.        ],cruising,[-0.82138112 -0.19970136 -0.21083176]
1109.219213962555,1001,False,1,3,[ 2.03867525 -3.19554851  4.0000273 ],cruising,[-0.48080528  0.59740651 -0.20557775]
1109.219213962555,1002,False,5,4,[ 8.19121412 -7.488401    1.57025953],landing,[ 0.5677905  -0.59831228 -0.99408226]
1109.219213962555,1003,False,3,6,[0.45788245 6.04675673 4.00000009],cruising,[ 0.63925976  0.24903542 -0.34837281]
1109.219213962555,1004,False,0,1,[7.38817425 4.28801933 3.99285285],cruising,[-0.62185191  0.08809385  0.93462812]
1109.219213962555,1005,False,2,0,[-5.88744078  1.29829484  3.58463642],entering,[ 0.50568378 -0.03156594 -0.11489306]
1109.3087713718414,1000,False,6,5,[-6.3300413   4.47747173  4.        ],exiting,[-0.82138112 -0.19970136 -0.21083176]
1109.3087713718414,1001,False,1,3,[ 1.84810571 -3.13485875  4.0000232 ],cruising,[-0.48080528  0.59740651 -0.20557775]
1109.3087713718414,1002,False,5,4,[ 8.16851356 -7.48977801  1.47287992],fake_landed,[ 0.5677905  -0.59831228 -0.99408226]
1109.3087713718414,1003,False,3,6,[0.6279314  5.94147922 4.00000008],cruising,[ 0.63925976  0.24903542 -0.34837281]
1109.3087713718414,1004,False,0,1,[7.54942822 4.16970974 3.99392492],cruising,[-0.62185191  0.08809385  0.93462812]
1109.3087713718414,1005,False,2,0,[-5.83114322  1.4902078   3.64694096],entering,[ 0.50568378 -0.03156594 -0.11489306]
1109.4184629917145,1000,False,6,5,[-6.39093074  4.64786065  4.        ],exiting,[-0.82138112 -0.19970136 -0.21083176]
1109.4184629917145,1001,False,1,3,[ 1.65607502 -3.07896407  4.00001972],cruising,[-0.48080528  0.59740651 -0.20557775]
1109.4184629917145,1002,False,5,4,[ 8.1503531  -7.49087962  1.39497624],fake_landed,[ 0.5677905  -0.59831228 -0.99408226]
1109.4184629917145,1003,False,3,6,[0.79951579 5.83872321 4.00000007],cruising,[ 0.63925976  0.24903542 -0.34837281]
1109.4184629917145,1004,False,0,1,[7.69925709 4.03722839 3.99483619],cruising,[-0.62185191  0.08809385  0.93462812]
1109.4184629917145,1005,False,2,0,[-5.78766755  1.68542528  3.69989981],entering,[ 0.50568378 -0.03156594 -0.11489306]
1109.5211815834045,1000,False,6,5,[-6.45166523  4.79825017  4.        ],exiting,[-0.82138112 -0.19970136 -0.21083176]
1109.5211815834045,1001,False,1,3,[ 1.46239098 -3.02909933  4.00001676],cruising,[-0.48080528  0.59740651 -0.20557775]
1109.5211815834045,1002,False,5,4,[ 8.13673276 -7.49170583  1.33654847],fake_landed,[ 0.5677905  -0.59831228 -0.99408226]
1109.5211815834045,1003,False,3,6,[0.97244695 5.73825027 4.00000006],cruising,[ 0.63925976  0.24903542 -0.34837281]
1109.5211815834045,1004,False,0,1,[7.83509069 3.89046019 3.99561355],cruising,[-0.62185191  0.08809385  0.93462812]
1109.5211815834045,1005,False,2,0,[-5.75854932  1.88329425  3.74491484],entering,[ 0.50568378 -0.03156594 -0.11489306]
1109.6176187992096,1000,False,6,5,[-6.51255527  4.92864029  4.        ],exiting,[-0.82138112 -0.19970136 -0.21083176]
1109.6176187992096,1001,False,1,3,[ 1.26688098 -2.9869586   4.00001425],cruising,[-0.48080528  0.59740651 -0.20557775]
1109.6176187992096,1002,False,5,4,[ 8.12765254 -7.49225663  1.29759663],fake_landed,[ 0.5677905  -0.59831228 -0.99408226]
1109.6176187992096,1003,False,3,6,[1.14774541 5.6419671  4.00000005],cruising,[ 0.63925976  0.24903542 -0.34837281]
1109.6176187992096,1004,False,0,1,[7.95516088 3.73138304 3.99632007],cruising,[-0.62185191  0.08809385  0.93462812]
1109.6176187992096,1005,False,2,0,[-5.74501297  2.08283565  3.78317762],entering,[ 0.50568378 -0.03156594 -0.11489306]
1109.7118089199066,1000,False,6,5,[-6.57393054  5.03903631  4.        ],exiting,[-0.82138112 -0.19970136 -0.21083176]
1109.7118089199066,1001,False,1,3,[ 1.06946479 -2.95491416  4.00001211],cruising,[-0.48080528  0.59740651 -0.20557775]
1109.7118089199066,1002,False,5,4,[ 8.12311242 -7.49253203  1.27812071],fake_landed,[ 0.5677905  -0.59831228 -0.99408226]
1109.7118089199066,1003,False,3,6,[1.32484124 5.54903127 4.00000004],cruising,[ 0.63925976  0.24903542 -0.34837281]
1109.7118089199066,1004,False,0,1,[8.05839065 3.56151731 3.99694506],cruising,[-0.62185191  0.08809385  0.93462812]
1109.7118089199066,1005,False,2,0,[-5.74683383  2.28282736  3.81570097],entering,[ 0.50568378 -0.03156594 -0.11489306]
1109.8189859390259,1000,False,6,5,[-6.63610225  5.12944818  4.        ],exiting,[-0.82138112 -0.19970136 -0.21083176]
1109.8189859390259,1001,False,1,3,[ 0.86987446 -2.9427512   4.00001028],cruising,[-0.48080528  0.59740651 -0.20557775]
1109.8189859390259,1002,False,4,2,[ 8.12311242 -7.49253203  1.27812071],waiting,[ 0.5677905  -0.59831228 -0.99408226]
1109.8189859390259,1003,False,3,6,[1.50394996 5.46003652 4.00000003],cruising,[ 0.63925976  0.24903542 -0.34837281]
1109.8189859390259,1004,False,0,1,[8.14390134 3.38237654 3.9974827 ],cruising,[-0.62185191  0.08809385  0.93462812]
1109.8189859390259,1005,False,2,0,[-5.76465771  2.48203155  3.84334583],cruising,[ 0.50568378 -0.03156594 -0.11489306]
1109.907336473465,1000,False,6,5,[-6.69898466  5.20720295  4.        ],exiting,[-0.82138112 -0.19970136 -0.21083176]
1109.907336473465,1001,False,1,3,[ 0.66987585 -2.94200608  4.00000874],cruising,[-0.48080528  0.59740651 -0.20557775]
1109.907336473465,1002,False,4,2,[ 8.12311242 -7.49253203  1.27812071],waiting,[ 0.5677905  -0.59831228 -0.99408226]
1109.907336473465,1003,False,3,6,[1.68629189 5.3778695  4.00000003],cruising,[ 0.63925976  0.24903542 -0.34837281]
1109.907336473465,1004,False,0,1,[8.21102025 3.19537868 3.99792631],exiting,[-0.62185191  0.08809385  0.93462812]
1109.907336473465,1005,False,2,0,[-5.79628573  2.67951488  3.86684395],cruising,[ 0.50568378 -0.03156594 -0.11489306]
1110.0152306556702,1000,False,6,5,[-6.76186706  5.28495772  4.        ],exiting,[-0.82138112 -0.19970136 -0.21083176]
1110.0152306556702,1001,False,1,3,[ 0.47042902 -2.95687083  4.00000743],cruising,[-0.48080528  0.59740651 -0.20557775]
1110.0152306556702,1002,False,4,2,[ 8.12311242 -7.49253203  1.27812071],waiting,[ 0.5677905  -0.59831228 -0.99408226]
1110.0152306556702,1003,False,3,6,[1.87082876 5.30075824 4.00000002],cruising,[ 0.63925976  0.24903542 -0.34837281]
1110.0152306556702,1004,False,0,1,[8.26060171 3.01799524 3.99833866],exiting,[-0.62185191  0.08809385  0.93462812]
1110.0152306556702,1005,False,2,0,[-5.84114422  2.87441926  3.88681736],cruising,[ 0.50568378 -0.03156594 -0.11489306]
1110.1084396839142,1000,False,6,5,[-6.82474946  5.36271248  4.        ],exiting,[-0.82138112 -0.19970136 -0.21083176]
1110.1084396839142,1001,False,1,3,[ 0.27265839 -2.98664964  4.00000632],cruising,[-0.48080528  0.59740651 -0.20557775]
1110.1084396839142,1002,False,4,2,[ 8.12311242 -7.49253203  1.27812071],waiting,[ 0.5677905  -0.59831228 -0.99408226]
1110.1084396839142,1003,False,3,6,[2.05766754 5.2294051  4.00000002],cruising,[ 0.63925976  0.24903542 -0.34837281]
1110.1084396839142,1004,False,0,1,[8.29499234 2.85362096 3.99873404],exiting,[-0.62185191  0.08809385  0.93462812]
1110.1084396839142,1005,False,2,0,[-5.89554226  3.06687926  3.90379476],cruising,[ 0.50568378 -0.03156594 -0.11489306]
1110.2131555080414,1000,False,6,5,[-6.88763186  5.44046725  4.        ],exiting,[-0.82138112 -0.19970136 -0.21083176]
1110.2131555080414,1001,False,1,3,[ 0.07850853 -3.03466874  4.00000537],cruising,[-0.48080528  0.59740651 -0.20557775]
1110.2131555080414,1002,False,4,2,[ 8.12311242 -7.49253203  1.27812071],waiting,[ 0.5677905  -0.59831228 -0.99408226]
1110.2131555080414,1003,False,3,6,[2.2482647  5.16880212 4.00000002],cruising,[ 0.63925976  0.24903542 -0.34837281]
1110.2131555080414,1004,False,0,1,[8.31516289 2.70331043 3.99911261],exiting,[-0.62185191  0.08809385  0.93462812]
1110.2131555080414,1005,False,2,0,[-5.95704189  3.257189    3.91822554],cruising,[ 0.50568378 -0.03156594 -0.11489306]
1110.3198726177216,1000,False,6,5,[-6.95051426  5.51822201  4.        ],exiting,[-0.82138112 -0.19970136 -0.21083176]
1110.3198726177216,1001,False,1,3,[-0.11241182 -3.09424575  4.00000456],exiting,[-0.48080528  0.59740651 -0.20557775]
1110.3198726177216,1002,False,4,2,[ 8.12311242 -7.49253203  1.27812071],waiting,[ 0.5677905  -0.59831228 -0.99408226]
1110.3198726177216,1003,False,3,6,[2.44180805 5.11839406 4.00000002],cruising,[ 0.63925976  0.24903542 -0.34837281]
1110.3198726177216,1004,False,0,1,[8.3216638  2.56759923 3.9994703 ],exiting,[-0.62185191  0.08809385  0.93462812]
1110.3198726177216,1005,False,2,0,[-6.02325351  3.44591108  3.93049171],cruising,[ 0.50568378 -0.03156594 -0.11489306]
1110.4191799163818,1000,False,6,5,[-7.01339666  5.59597678  4.        ],exiting,[-0.82138112 -0.19970136 -0.21083176]
1110.4191799163818,1001,False,1,3,[-0.28377832 -3.15802361  4.00000376],exiting,[-0.48080528  0.59740651 -0.20557775]
1110.4191799163818,1002,False,4,2,[ 8.12311242 -7.49253203  1.27812071],waiting,[ 0.5677905  -0.59831228 -0.99408226]
1110.4191799163818,1003,False,3,6,[2.6374239  5.07674744 4.00000001],cruising,[ 0.63925976  0.24903542 -0.34837281]
1110.4191799163818,1004,False,0,1,[8.31491095 2.44686592 3.99980075],exiting,[-0.62185191  0.08809385  0.93462812]
1110.4191799163818,1005,False,2,0,[-6.09190259  3.63376022  3.94091795],cruising,[ 0.50568378 -0.03156594 -0.11489306]
1110.5128726959229,1000,False,6,5,[-7.07627906  5.67373155  4.        ],exiting,[-0.82138112 -0.19970136 -0.21083176]
1110.5128726959229,1001,False,1,3,[-0.43557813 -3.22594206  4.00000297],exiting,[-0.48080528  0.59740651 -0.20557775]
1110.5128726959229,1002,False,4,2,[ 8.12311242 -7.49253203  1.27812071],waiting,[ 0.5677905  -0.59831228 -0.99408226]
1110.5128726959229,1003,False,3,6,[2.8344652  5.04247321 4.00000001],cruising,[ 0.63925976  0.24903542 -0.34837281]
1110.5128726959229,1004,False,0,1,[8.29530186 2.34145305 4.00009543],exiting,[-0.62185191  0.08809385  0.93462812]
1110.5128726959229,1005,False,2,0,[-6.16081389  3.82151334  3.94978026],cruising,[ 0.50568378 -0.03156594 -0.11489306]
1110.6200726032257,1000,False,6,5,[-7.13916146  5.75148631  4.        ],exiting,[-0.82138112 -0.19970136 -0.21083176]
1110.6200726032257,1001,False,1,3,[-0.56779567 -3.2979268   4.00000221],exiting,[-0.48080528  0.59740651 -0.20557775]
1110.6200726032257,1002,False,4,2,[ 8.12311242 -7.49253203  1.27812071],waiting,[ 0.5677905  -0.59831228 -0.99408226]
1110.6200726032257,1003,False,3,6,[3.03246779 5.01427787 4.00000001],cruising,[ 0.63925976  0.24903542 -0.34837281]
1110.6200726032257,1004,False,0,1,[8.26332186 2.25175508 4.00034202],exiting,[-0.62185191  0.08809385  0.93462812]
1110.6200726032257,1005,False,2,0,[-6.22784066  4.00994745  3.95731322],cruising,[ 0.50568378 -0.03156594 -0.11489306]
1110.7139918804169,1000,False,6,5,[-7.20204386  5.82924108  4.        ],exiting,[-0.82138112 -0.19970136 -0.21083176]
1110.7139918804169,1001,False,1,3,[-0.68041186 -3.37388483  4.0000015 ],exiting,[-0.48080528  0.59740651 -0.20557775]
1110.7139918804169,1002,False,4,2,[ 8.12311242 -7.49253203  1.27812071],waiting,[ 0.5677905  -0.59831228 -0.99408226]
1110.7139918804169,1003,False,3,6,[3.23110685 4.9909858  4.00000001],cruising,[ 0.63925976  0.24903542 -0.34837281]
1110.7139918804169,1004,False,0,1,[8.21923478 2.17797615 4.00053345],exiting,[-0.62185191  0.08809385  0.93462812]
1110.7139918804169,1005,False,2,0,[-6.29075815  4.19979315  3.96371624],cruising,[ 0.50568378 -0.03156594 -0.11489306]
1110.8095812797546,1000,False,6,5,[-7.26492626  5.90699585  4.        ],exiting,[-0.82138112 -0.19970136 -0.21083176]
1110.8095812797546,1001,False,1,3,[-0.77340222 -3.45369341  4.00000085],exiting,[-0.48080528  0.59740651 -0.20557775]
1110.8095812797546,1002,False,4,2,[ 8.12311242 -7.49253203  1.27812071],waiting,[ 0.5677905  -0.59831228 -0.99408226]
1110.8095812797546,1003,False,3,6,[3.43015957 4.97154312 4.00000001],cruising,[ 0.63925976  0.24903542 -0.34837281]
1110.8095812797546,1004,False,0,1,[8.16331333 2.12032    4.00066338],exiting,[-0.62185191  0.08809385  0.93462812]
1110.8095812797546,1005,False,2,0,[-6.34712972  4.39168438  3.9691588 ],cruising,[ 0.50568378 -0.03156594 -0.11489306]
1110.9097685813904,1000,False,6,5,[-7.32780866  5.98475061  4.        ],exiting,[-0.82138112 -0.19970136 -0.21083176]
1110.9097685813904,1001,False,1,3,[-0.84673249 -3.5371736   4.00000029],exiting,[-0.48080528  0.59740651 -0.20557775]
1110.9097685813904,1002,False,4,2,[ 8.12311242 -7.49253203  1.27812071],waiting,[ 0.5677905  -0.59831228 -0.99408226]
1110.9097685813904,1003,False,3,6,[3.62947508 4.95501053 4.00000001],cruising,[ 0.63925976  0.24903542 -0.34837281]
1110.9097685813904,1004,False,0,1,[8.09583947 2.07898981 4.00072673],exiting,[-0.62185191  0.08809385  0.93462812]
1110.9097685813904,1005,False,2,0,[-6.38791683  4.58748125  3.97378498],cruising,[ 0.50568378 -0.03156594 -0.11489306]
1111.0124998092651,1000,False,6,5,[-7.39069106  6.06250538  4.        ],exiting,[-0.82138112 -0.19970136 -0.21083176]
1111.0124998092651,1001,False,1,3,[-0.90037934 -3.62419826  3.99999985],exiting,[-0.48080528  0.59740651 -0.20557775]
1111.0124998092651,1002,False,4,2,[ 8.12311242 -7.49253203  1.27812071],waiting,[ 0.5677905  -0.59831228 -0.99408226]
1111.0124998092651,1003,False,3,6,[3.82895164 4.94055022 4.        ],cruising,[ 0.63925976  0.24903542 -0.34837281]
1111.0124998092651,1004,False,0,1,[8.01710513 2.05418829 4.00072066],exiting,[-0.62185191  0.08809385  0.93462812]
1111.0124998092651,1005,False,2,0,[-6.41563569  4.78555109  3.97771724],cruising,[ 0.50568378 -0.03156594 -0.11489306]
1111.1112923622131,1000,False,6,5,[-7.45357346  6.14026015  4.        ],exiting,[-0.82138112 -0.19970136 -0.21083176]
1111.1112923622131,1001,False,1,3,[-0.93431924 -3.71463413  3.99999954],exiting,[-0.48080528  0.59740651 -0.20557775]
1111.1112923622131,1002,False,4,2,[ 8.12311242 -7.49253203  1.27812071],waiting,[ 0.5677905  -0.59831228 -0.99408226]
1111.1112923622131,1003,False,3,6,[4.02851951 4.92741004 4.        ],cruising,[ 0.63925976  0.24903542 -0.34837281]
1111.1112923622131,1004,False,0,1,[7.92741306 2.04611769 4.00064699],exiting,[-0.62185191  0.08809385  0.93462812]
1111.1112923622131,1005,False,2,0,[-6.42340681  4.98500287  3.98122717],cruising,[ 0.50568378 -0.03156594 -0.11489306]
1111.2089879512787,1000,False,6,5,[-7.51645586  6.21801491  4.        ],exiting,[-0.82138112 -0.19970136 -0.21083176]
1111.2089879512787,1001,False,1,3,[-0.94852878 -3.808343    3.99999939],exiting,[-0.48080528  0.59740651 -0.20557775]
1111.2089879512787,1002,False,4,2,[ 8.12311242 -7.49253203  1.27812071],waiting,[ 0.5677905  -0.59831228 -0.99408226]
1111.2089879512787,1003,False,3,6,[4.22810304 4.91450973 4.        ],cruising,[ 0.63925976  0.24903542 -0.34837281]
1111.2089879512787,1004,False,0,1,[7.82772082 2.05395703 4.00052434],exiting,[-0.62185191  0.08809385  0.93462812]
1111.2089879512787,1005,False,2,0,[-6.41122342  5.18314132  3.9844334 ],cruising,[ 0.50568378 -0.03156594 -0.11489306]
1111.3130626678467,1000,False,6,5,[-7.57933826  6.29576968  4.        ],exiting,[-0.82138112 -0.19970136 -0.21083176]
1111.3130626678467,1001,False,1,3,[-0.94298493 -3.90518293  3.9999994 ],exiting,[-0.48080528  0.59740651 -0.20557775]
1111.3130626678467,1002,False,4,2,[ 8.12311242 -7.49253203  1.27812071],waiting,[ 0.5677905  -0.59831228 -0.99408226]
1111.3130626678467,1003,False,3,6,[4.42771303 4.90202579 4.        ],cruising,[ 0.63925976  0.24903542 -0.34837281]
1111.3130626678467,1004,False,0,1,[7.72802857 2.06179636 4.00042409],exiting,[-0.62185191  0.08809385  0.93462812]
1111.3130626678467,1005,False,2,0,[-6.37942073  5.3774052   3.98737292],cruising,[ 0.50568378 -0.03156594 -0.11489306]
1111.4197733402252,1000,False,6,5,[-7.64222067  6.37352444  4.        ],exiting,[-0.82138112 -0.19970136 -0.21083176]
1111.4197733402252,1001,False,1,3,[-0.92606451 -4.00374103  3.99999951],exiting,[-0.48080528  0.59740651 -0.20557775]
1111.4197733402252,1002,False,4,2,[ 8.12311242 -7.49253203  1.27812071],waiting,[ 0.5677905  -0.59831228 -0.99408226]
1111.4197733402252,1003,False,3,6,[4.62730501 4.88925697 4.        ],cruising,[ 0.63925976  0.24903542 -0.34837281]
1111.4197733402252,1004,False,0,1,[7.62833632 2.0696357  4.00034226],exiting,[-0.62185191  0.08809385  0.93462812]
1111.4197733402252,1005,False,2,0,[-6.32862676  5.56540271  3.99005959],cruising,[ 0.50568378 -0.03156594 -0.11489306]
1111.5093252658844,1000,False,6,5,[-7.70510307  6.45127921  4.        ],exiting,[-0.82138112 -0.19970136 -0.21083176]
1111.5093252658844,1001,False,1,3,[-0.90914409 -4.10229913  3.99999959],exiting,[-0.48080528  0.59740651 -0.20557775]
1111.5093252658844,1002,False,4,2,[ 8.12311242 -7.49253203  1.27812071],waiting,[ 0.5677905  -0.59831228 -0.99408226]
1111.5093252658844,1003,False,3,6,[4.82683472 4.87554948 4.        ],cruising,[ 0.63925976  0.24903542 -0.34837281]
1111.5093252658844,1004,False,0,1,[7.52864407 2.07747504 4.00027556],exiting,[-0.62185191  0.08809385  0.93462812]
1111.5093252658844,1005,False,2,0,[-6.25973045  5.74490058  3.99249888],cruising,[ 0.50568378 -0.03156594 -0.11489306]
1111.6167795658112,1000,False,6,5,[-7.76798547  6.52903398  4.        ],exiting,[-0.82138112 -0.19970136 -0.21083176]
1111.6167795658112,1001,False,1,3,[-0.89222367 -4.20085723  3.99999967],exiting,[-0.48080528  0.59740651 -0.20557775]
1111.6167795658112,1002,False,4,2,[ 8.12311242 -7.49253203  1.27812071],waiting,[ 0.5677905  -0.59831228 -0.99408226]
1111.6167795658112,1003,False,3,6,[5.02625066 4.86027589 4.        ],cruising,[ 0.63925976  0.24903542 -0.34837281]
1111.6167795658112,1004,False,0,1,[7.42895182 2.08531438 4.00022127],exiting,[-0.62185191  0.08809385  0.93462812]
1111.6167795658112,1005,False,2,0,[-6.17376906  5.91397185  3.9946757 ],cruising,[ 0.50568378 -0.03156594 -0.11489306]
1111.7209792137146,1000,False,6,5,[-7.83086787  6.60678874  4.        ],exiting,[-0.82138112 -0.19970136 -0.21083176]
1111.7209792137146,1001,False,1,3,[-0.87530324 -4.29941534  3.99999972],exiting,[-0.48080528  0.59740651 -0.20557775]
1111.7209792137146,1002,False,4,2,[ 8.12311242 -7.49253203  1.27812071],waiting,[ 0.5677905  -0.59831228 -0.99408226]
1111.7209792137146,1003,False,3,6,[5.22557797 4.84388613 4.        ],cruising,[ 0.63925976  0.24903542 -0.34837281]
1111.7209792137146,1004,False,0,1,[7.32925957 2.09315371 4.00017717],exiting,[-0.62185191  0.08809385  0.93462812]
1111.7209792137146,1005,False,2,0,[-6.07190344  6.07091924  3.99659295],cruising,[ 0.50568378 -0.03156594 -0.11489306]
1111.8190796375275,1000,False,6,5,[-7.89375027  6.68454351  4.        ],exiting,[-0.82138112 -0.19970136 -0.21083176]
1111.8190796375275,1001,False,1,3,[-0.85838282 -4.39797344  3.99999977],exiting,[-0.48080528  0.59740651 -0.20557775]
1111.8190796375275,1002,False,4,2,[ 8.12311242 -7.49253203  1.27812071],waiting,[ 0.5677905  -0.59831228 -0.99408226]
1111.8190796375275,1003,False,3,6,[5.42466252 4.82477226 4.        ],cruising,[ 0.63925976  0.24903542 -0.34837281]
1111.8190796375275,1004,False,0,1,[7.22956732 2.10099305 4.0001414 ],exiting,[-0.62185191  0.08809385  0.93462812]
1111.8190796375275,1005,False,2,0,[-5.9550331   6.21464604  3.99823737],cruising,[ 0.50568378 -0.03156594 -0.11489306]
1111.9136791229248,1000,False,6,5,[-7.95663267  6.76229828  4.        ],exiting,[-0.82138112 -0.19970136 -0.21083176]
1111.9136791229248,1001,False,1,3,[-0.8414624  -4.49653154  3.99999981],exiting,[-0.48080528  0.59740651 -0.20557775]
1111.9136791229248,1002,False,4,2,[ 8.12311242 -7.49253203  1.27812071],queued,[ 0.5677905  -0.59831228 -0.99408226]
1111.9136791229248,1003,False,3,6,[5.62339158 4.8022609  4.        ],exiting,[ 0.63925976  0.24903542 -0.34837281]
1111.9136791229248,1004,False,0,1,[7.12987507 2.10883239 4.00011246],exiting,[-0.62185191  0.08809385  0.93462812]
1111.9136791229248,1005,False,2,0,[-5.82404842  6.34420582  3.99959776],cruising,[ 0.50568378 -0.03156594 -0.11489306]
1112.00675034523,1000,False,6,5,[-8.01951507  6.84005304  4.        ],exiting,[-0.82138112 -0.19970136 -0.21083176]
1112.00675034523,1001,False,1,3,[-0.82454198 -4.59508964  3.99999985],exiting,[-0.48080528  0.59740651 -0.20557775]
1112.00675034523,1002,False,4,2,[ 8.12311242 -7.49253203  1.29812071],queued,[ 0.5677905  -0.59831228 -0.99408226]
1112.00675034523,1003,False,3,6,[5.80600498 4.79159376 4.        ],exiting,[ 0.63925976  0.24903542 -0.34837281]
1112.00675034523,1004,False,0,1,[7.03018282 2.11667173 4.00008908],exiting,[-0.62185191  0.08809385  0.93462812]
1112.00675034523,1005,False,2,0,[-5.67979574  6.45880318  4.0006644 ],cruising,[ 0.50568378 -0.03156594 -0.11489306]
1112.1098656654358,1000,False,6,5,[-8.08239747  6.91780781  4.        ],exiting,[-0.82138112 -0.19970136 -0.21083176]
1112.1098656654358,1001,False,1,3,[-0.80762156 -4.69364774  3.99999987],exiting,[-0.48080528  0.59740651 -0.20557775]
1112.1098656654358,1002,False,4,2,[ 8.12311242 -7.49253203  1.33812071],queued,[ 0.5677905  -0.59831228 -0.99408226]
1112.1098656654358,1003,False,3,6,[5.97248368 4.79274488 4.        ],exiting,[ 0.63925976  0.24903542 -0.34837281]
1112.1098656654358,1004,False,0,1,[6.93049057 2.12451106 4.00007024],exiting,[-0.62185191  0.08809385  0.93462812]
1112.1098656654358,1005,False,2,0,[-5.52304386  6.55779034  4.00142866],cruising,[ 0.50568378 -0.03156594 -0.11489306]
1112.2070155143738,1000,False,6,5,[-8.14527987  6.99556258  4.        ],exiting,[-0.82138112 -0.19970136 -0.21083176]
1112.2070155143738,1001,False,1,3,[-0.79070114 -4.79220584  3.9999999 ],exiting,[-0.48080528  0.59740651 -0.20557775]
1112.2070155143738,1002,False,4,2,[ 8.12311242 -7.49253203  1.39812071],queued,[ 0.5677905  -0.59831228 -0.99408226]
1112.2070155143738,1003,False,3,6,[6.12280226 4.8056795  4.        ],exiting,[ 0.63925976  0.24903542 -0.34837281]
1112.2070155143738,1004,False,0,1,[6.83079832 2.1323504  4.00005511],exiting,[-0.62185191  0.08809385  0.93462812]
1112.2070155143738,1005,False,2,0,[-5.3544808   6.64064056  4.00188426],cruising,[ 0.50568378 -0.03156594 -0.11489306]
1112.3182849884033,1000,False,6,5,[-8.20816227  7.07331734  4.        ],exiting,[-0.82138112 -0.19970136 -0.21083176]
1112.3182849884033,1001,False,1,3,[-0.77378071 -4.89076394  3.99999992],exiting,[-0.48080528  0.59740651 -0.20557775]
1112.3182849884033,1002,False,4,2,[ 8.12311242 -7.49253203  1.47312071],queued,[ 0.5677905  -0.59831228 -0.99408226]
1112.3182849884033,1003,False,3,6,[6.25692673 4.83035083 4.        ],exiting,[ 0.63925976  0.24903542 -0.34837281]
1112.3182849884033,1004,False,0,1,[6.73110607 2.14018974 4.00004298],exiting,[-0.62185191  0.08809385  0.93462812]
1112.3182849884033,1005,False,2,0,[-5.17495475  6.70676583  4.00204092],cruising,[ 0.50568378 -0.03156594 -0.11489306]
1112.4090876579285,1000,False,6,5,[-8.27104467  7.15107211  4.        ],exiting,[-0.82138112 -0.19970136 -0.21083176]
1112.4090876579285,1001,False,1,3,[-0.75686029 -4.98932204  3.99999993],exiting,[-0.48080528  0.59740651 -0.20557775]
1112.4090876579285,1002,False,4,2,[ 8.12311242 -7.49253203  1.54812071],queued,[ 0.5677905  -0.59831228 -0.99408226]
1112.4090876579285,1003,False,3,6,[6.37480869 4.86669183 4.        ],exiting,[ 0.63925976  0.24903542 -0.34837281]
1112.4090876579285,1004,False,0,1,[6.63141382 2.14802908 4.0000333 ],exiting,[-0.62185191  0.08809385  0.93462812]
1112.4090876579285,1005,False,2,0,[-4.9844843   6.75615429  4.00188357],cruising,[ 0.50568378 -0.03156594 -0.11489306]
1112.5056238174438,1000,False,6,5,[-8.33392707  7.22882687  4.        ],exiting,[-0.82138112 -0.19970136 -0.21083176]
1112.5056238174438,1001,False,1,3,[-0.73993987 -5.08788015  3.99999994],exiting,[-0.48080528  0.59740651 -0.20557775]
1112.5056238174438,1002,False,4,2,[ 8.12311242 -7.49253203  1.62312071],queued,[ 0.5677905  -0.59831228 -0.99408226]
1112.5056238174438,1003,False,3,6,[6.4763858  4.91461522 4.        ],exiting,[ 0.63925976  0.24903542 -0.34837281]
1112.5056238174438,1004,False,0,1,[6.53172157 2.15586841 4.00002559],exiting,[-0.62185191  0.08809385  0.93462812]
1112.5056238174438,1005,False,2,0,[-4.78949692  6.8006506   4.00160103],cruising,[ 0.50568378 -0.03156594 -0.11489306]
1112.6088149547577,1000,False,6,5,[-8.39680947  7.30658164  4.        ],landing,[-0.82138112 -0.19970136 -0.21083176]
1112.6088149547577,1001,False,1,3,[-0.72301945 -5.18643825  3.99999995],exiting,[-0.48080528  0.59740651 -0.20557775]
1112.6088149547577,1002,False,4,2,[ 8.12311242 -7.49253203  1.69812071],queued,[ 0.5677905  -0.59831228 -0.99408226]
1112.6088149547577,1003,False,3,6,[6.56160868 4.97405118 4.        ],exiting,[ 0.63925976  0.24903542 -0.34837281]
1112.6088149547577,1004,False,0,1,[6.43202932 2.16370775 4.00001948],exiting,[-0.62185191  0.08809385  0.93462812]
1112.6088149547577,1005,False,2,0,[-4.59537327  6.84877555  4.00136088],cruising,[ 0.50568378 -0.03156594 -0.11489306]
1112.7131946086884,1000,False,6,5,[-8.44863282  7.37589689  3.98563087],landing,[-0.82138112 -0.19970136 -0.21083176]
1112.7131946086884,1001,False,1,3,[-0.70609903 -5.28499635  3.99999996],exiting,[-0.48080528  0.59740651 -0.20557775]
1112.7131946086884,1002,False,4,2,[ 8.12311242 -7.49253203  1.77312071],queued,[ 0.5677905  -0.59831228 -0.99408226]
1112.7131946086884,1003,False,3,6,[6.63042531 5.04492545 4.        ],exiting,[ 0.63925976  0.24903542 -0.34837281]
1112.7131946086884,1004,False,0,1,[6.33233707 2.17154709 4.00001466],exiting,[-0.62185191  0.08809385  0.93462812]
1112.7131946086884,1005,False,2,0,[-4.40180015  6.89906912  4.00115675],cruising,[ 0.50568378 -0.03156594 -0.11489306]
1112.8070168495178,1000,False,6,5,[-8.48931483  7.43661292  3.95705174],landing,[-0.82138112 -0.19970136 -0.21083176]
1112.8070168495178,1001,False,1,3,[-0.68917861 -5.38355445  3.99999997],exiting,[-0.48080528  0.59740651 -0.20557775]
1112.8070168495178,1002,False,4,2,[ 8.12311242 -7.49253203  1.84812071],queued,[ 0.5677905  -0.59831228 -0.99408226]
1112.8070168495178,1003,False,3,6,[6.68278182 5.12716036 4.        ],exiting,[ 0.63925976  0.24903542 -0.34837281]
1112.8070168495178,1004,False,0,1,[6.23264482 2.17938643 4.00001088],exiting,[-0.62185191  0.08809385  0.93462812]
1112.8070168495178,1005,False,2,0,[-4.20845942  6.95024883  4.00098323],cruising,[ 0.50568378 -0.03156594 -0.11489306]
1112.9092831611633,1000,False,6,5,[-8.51875877  7.48853944  3.91445654],landing,[-0.82138112 -0.19970136 -0.21083176]
1112.9092831611633,1001,False,1,3,[-0.67225818 -5.48211255  3.99999998],exiting,[-0.48080528  0.59740651 -0.20557775]
1112.9092831611633,1002,False,4,2,[ 8.12311242 -7.49253203  1.92312071],queued,[ 0.5677905  -0.59831228 -0.99408226]
1112.9092831611633,1003,False,3,6,[6.71916187 5.22030804 4.        ],exiting,[ 0.63925976  0.24903542 -0.34837281]
1112.9092831611633,1004,False,0,1,[6.13295257 2.18722576 4.00000794],exiting,[-0.62185191  0.08809385  0.93462812]
1112.9092831611633,1005,False,2,0,[-4.0144321   6.99876069  4.00083575],cruising,[ 0.50568378 -0.03156594 -0.11489306]
1113.006111383438,1000,False,6,5,[-8.53683077  7.53140839  3.85812674],landing,[-0.82138112 -0.19970136 -0.21083176]
1113.006111383438,1001,False,1,3,[-0.65533776 -5.58067065  3.99999998],exiting,[-0.48080528  0.59740651 -0.20557775]
1113.006111383438,1002,False,4,2,[ 8.12311242 -7.49253203  1.99812071],queued,[ 0.5677905  -0.59831228 -0.99408226]
1113.006111383438,1003,False,3,6,[6.75554193 5.31345573 4.        ],exiting,[ 0.63925976  0.24903542 -0.34837281]
1113.006111383438,1004,False,0,1,[6.03326032 2.1950651  4.00000566],exiting,[-0.62185191  0.08809385  0.93462812]
1113.006111383438,1005,False,2,0,[-3.82024383  7.04662418  4.00071039],cruising,[ 0.50568378 -0.03156594 -0.11489306]
1113.119175195694,1000,False,6,5,[-8.54343296  7.56501993  3.78827865],landing,[-0.82138112 -0.19970136 -0.21083176]
1113.119175195694,1001,False,1,3,[-0.63841734 -5.67922875  3.99999998],exiting,[-0.48080528  0.59740651 -0.20557775]
1113.119175195694,1002,False,4,2,[ 8.12311242 -7.49253203  2.07312071],queued,[ 0.5677905  -0.59831228 -0.99408226]
1113.119175195694,1003,False,3,6,[6.79192199 5.40660342 4.        ],exiting,[ 0.63925976  0.24903542 -0.34837281]
1113.119175195694,1004,False,0,1,[5.93356807 2.20290444 4.00000391],exiting,[-0.62185191  0.08809385  0.93462812]
1113.119175195694,1005,False,2,0,[-3.6256759   7.09292021  4.00060383],cruising,[ 0.50568378 -0.03156594 -0.11489306]
1113.2087614536285,1000,False,6,5,[-8.53846835  7.58917252  3.70513631],landing,[-0.82138112 -0.19970136 -0.21083176]
1113.2087614536285,1001,False,1,3,[-0.62149692 -5.77778686  3.99999999],exiting,[-0.48080528  0.59740651 -0.20557775]
1113.2087614536285,1002,False,4,2,[ 8.12311242 -7.49253203  2.14812071],queued,[ 0.5677905  -0.59831228 -0.99408226]
1113.2087614536285,1003,False,3,6,[6.82830204 5.4997511  4.        ],exiting,[ 0.63925976  0.24903542 -0.34837281]
1113.2087614536285,1004,False,0,1,[5.83387582 2.21074378 4.00000258],exiting,[-0.62185191  0.08809385  0.93462812]
1113.2087614536285,1005,False,2,0,[-3.43003125  7.13443133  4.00051325],cruising,[ 0.50568378 -0.03156594 -0.11489306]
1113.313940525055,1000,False,6,5,[-8.52184059  7.60366215  3.60893263],landing,[-0.82138112 -0.19970136 -0.21083176]
1113.313940525055,1001,False,1,3,[-0.6045765  -5.87634496  3.99999999],exiting,[-0.48080528  0.59740651 -0.20557775]
1113.313940525055,1002,False,4,2,[ 8.12311242 -7.49253203  2.22312071],queued,[ 0.5677905  -0.59831228 -0.99408226]
1113.313940525055,1003,False,3,6,[6.8646821  5.59289879 4.        ],exiting,[ 0.63925976  0.24903542 -0.34837281]
1113.313940525055,1004,False,0,1,[5.73418357 2.21858311 4.00000159],exiting,[-0.62185191  0.08809385  0.93462812]
1113.313940525055,1005,False,2,0,[-3.23383198  7.17323653  4.00043627],cruising,[ 0.50568378 -0.03156594 -0.11489306]
1113.4165215492249,1000,False,6,5,[-8.50404897  7.61717489  3.51146026],landing,[-0.82138112 -0.19970136 -0.21083176]
1113.4165215492249,1001,False,1,3,[-0.58765608 -5.97490306  3.99999999],exiting,[-0.48080528  0.59740651 -0.20557775]
1113.4165215492249,1002,False,4,2,[ 8.12311242 -7.49253203  2.29812071],queued,[ 0.5677905  -0.59831228 -0.99408226]
1113.4165215492249,1003,False,3,6,[6.90106216 5.68604648 4.        ],exiting,[ 0.63925976  0.24903542 -0.34837281]
1113.4165215492249,1004,False,0,1,[5.63449132 2.22642245 4.00000087],exiting,[-0.62185191  0.08809385  0.93462812]
1113.4165215492249,1005,False,2,0,[-3.03697361  7.20854633  4.00037083],cruising,[ 0.50568378 -0.03156594 -0.11489306]
1113.519222021103,1000,False,6,5,[-8.48625735  7.63068762  3.41398788],landing,[-0.82138112 -0.19970136 -0.21083176]
1113.519222021103,1001,False,1,3,[-0.57073565 -6.07346116  3.99999999],exiting,[-0.48080528  0.59740651 -0.20557775]
1113.519222021103,1002,False,4,2,[ 8.12311242 -7.49253203  2.37312071],queued,[ 0.5677905  -0.59831228 -0.99408226]
1113.519222021103,1003,False,3,6,[6.93744221 5.77919416 4.        ],exiting,[ 0.63925976  0.24903542 -0.34837281]
1113.519222021103,1004,False,0,1,[5.53479907 2.23426179 4.00000036],landing,[-0.62185191  0.08809385  0.93462812]
1113.519222021103,1005,False,2,0,[-2.83897746  7.23678683  4.0003152 ],cruising,[ 0.50568378 -0.03156594 -0.11489306]
1113.618516921997,1000,False,6,5,[-8.46846573  7.64420035  3.3165155 ],landing,[-0.82138112 -0.19970136 -0.21083176]
1113.618516921997,1001,False,1,3,[-0.55381523 -6.17201926  3.99999999],exiting,[-0.48080528  0.59740651 -0.20557775]
1113.618516921997,1002,False,4,2,[ 8.12311242 -7.49253203  2.44812071],entering,[ 0.5677905  -0.59831228 -0.99408226]
1113.618516921997,1003,False,3,6,[6.97382227 5.87234185 4.        ],exiting,[ 0.63925976  0.24903542 -0.34837281]
1113.618516921997,1004,False,0,1,[5.44901014 2.23789052 3.98625327],landing,[-0.62185191  0.08809385  0.93462812]
1113.618516921997,1005,False,2,0,[-2.64036015  7.26026372  4.00026792],cruising,[ 0.50568378 -0.03156594 -0.11489306]
1113.711131811142,1000,False,6,5,[-8.45067411  7.65771308  3.21904312],landing,[-0.82138112 -0.19970136 -0.21083176]
1113.711131811142,1001,False,1,3,[-0.53689481 -6.27057736  4.        ],exiting,[-0.48080528  0.59740651 -0.20557775]
1113.711131811142,1002,False,4,2,[ 8.11164186 -7.47614832  2.52312071],entering,[ 0.5677905  -0.59831228 -0.99408226]
1113.711131811142,1003,False,3,6,[7.01020233 5.96548953 4.        ],exiting,[ 0.63925976  0.24903542 -0.34837281]
1113.711131811142,1004,False,0,1,[5.37729471 2.23733308 3.95892631],landing,[-0.62185191  0.08809385  0.93462812]
1113.711131811142,1005,False,2,0,[-2.44087306  7.27457808  4.00022773],cruising,[ 0.50568378 -0.03156594 -0.11489306]
1113.8087406158447,1000,False,6,5,[-8.43288249  7.67122582  3.12157075],landing,[-0.82138112 -0.19970136 -0.21083176]
1113.8087406158447,1001,False,1,3,[-0.51997439 -6.36913546  4.        ],exiting,[-0.48080528  0.59740651 -0.20557775]
1113.8087406158447,1002,False,4,2,[ 8.08870073 -7.44338089  2.59812071],entering,[ 0.5677905  -0.59831228 -0.99408226]
1113.8087406158447,1003,False,3,6,[7.04658238 6.05863722 4.        ],exiting,[ 0.63925976  0.24903542 -0.34837281]
1113.8087406158447,1004,False,0,1,[5.31985094 2.23261905 3.91821869],landing,[-0.62185191  0.08809385  0.93462812]
1113.8087406158447,1005,False,2,0,[-2.24090865  7.27835096  4.00019357],cruising,[ 0.50568378 -0.03156594 -0.11489306]
1113.9184193611145,1000,False,6,5,[-8.41509087  7.68473855  3.02409837],landing,[-0.82138112 -0.19970136 -0.21083176]
1113.9184193611145,1001,False,1,3,[-0.50305397 -6.46769356  4.        ],exiting,[-0.48080528  0.59740651 -0.20557775]
1113.9184193611145,1002,False,4,2,[ 8.05428903 -7.39422974  2.67312071],entering,[ 0.5677905  -0.59831228 -0.99408226]
1113.9184193611145,1003,False,3,6,[7.08296244 6.15178491 4.        ],exiting,[ 0.63925976  0.24903542 -0.34837281]
1113.9184193611145,1004,False,0,1,[5.27694241 2.22378977 3.86440414],landing,[-0.62185191  0.08809385  0.93462812]
1113.9184193611145,1005,False,2,0,[-2.04137074  7.26476335  4.00016454],cruising,[ 0.50568378 -0.03156594 -0.11489306]
1114.0105800628662,1000,False,6,5,[-8.39729925  7.69825128  2.92662599],landing,[-0.82138112 -0.19970136 -0.21083176]
1114.0105800628662,1001,False,1,3,[-0.48613355 -6.56625167  4.        ],exiting,[-0.48080528  0.59740651 -0.20557775]
1114.0105800628662,1002,False,4,2,[ 8.00840677 -7.32869488  2.74812071],entering,[ 0.5677905  -0.59831228 -0.99408226]
1114.0105800628662,1003,False,3,6,[7.1193425  6.24493259 4.        ],exiting,[ 0.63925976  0.24903542 -0.34837281]
1114.0105800628662,1004,False,0,1,[5.24881082 2.21088528 3.79774301],landing,[-0.62185191  0.08809385  0.93462812]
1114.0105800628662,1005,False,2,0,[-1.84401603  7.23234239  4.00013986],cruising,[ 0.50568378 -0.03156594 -0.11489306]
1114.1168231964111,1000,False,6,5,[-8.37950763  7.71176401  2.82915362],landing,[-0.82138112 -0.19970136 -0.21083176]
1114.1168231964111,1001,False,1,3,[-0.46921312 -6.66480977  4.        ],exiting,[-0.48080528  0.59740651 -0.20557775]
1114.1168231964111,1002,False,4,2,[ 7.95105394 -7.2467763   2.82312071],entering,[ 0.5677905  -0.59831228 -0.99408226]
1114.1168231964111,1003,False,3,6,[7.15572255 6.33808028 4.        ],exiting,[ 0.63925976  0.24903542 -0.34837281]
1114.1168231964111,1004,False,0,1,[5.23566524 2.19394194 3.7184681 ],landing,[-0.62185191  0.08809385  0.93462812]
1114.1168231964111,1005,False,2,0,[-1.64883996  7.1886812   4.00011888],cruising,[ 0.50568378 -0.03156594 -0.11489306]
1114.2155196666718,1000,False,6,5,[-8.36171601  7.72527675  2.73168124],landing,[-0.82138112 -0.19970136 -0.21083176]
1114.2155196666718,1001,False,1,3,[-0.4522927  -6.76336787  4.        ],exiting,[-0.48080528  0.59740651 -0.20557775]
1114.2155196666718,1002,False,4,2,[ 7.88223055 -7.14847401  2.89812071],entering,[ 0.5677905  -0.59831228 -0.99408226]
1114.2155196666718,1003,False,3,6,[7.19210261 6.43122797 4.        ],exiting,[ 0.63925976  0.24903542 -0.34837281]
1114.2155196666718,1004,False,0,1,[5.23771588 2.17299801 3.62682105],landing,[-0.62185191  0.08809385  0.93462812]
1114.2155196666718,1005,False,2,0,[-1.45791396  7.12912228  4.00010105],cruising,[ 0.50568378 -0.03156594 -0.11489306]
1114.310072183609,1000,False,6,5,[-8.34392439  7.73878948  2.63420886],landing,[-0.82138112 -0.19970136 -0.21083176]
1114.310072183609,1001,False,1,3,[-0.43537228 -6.86192597  4.        ],exiting,[-0.48080528  0.59740651 -0.20557775]
1114.310072183609,1002,False,4,2,[ 7.80201359 -7.03373436  2.97312071],entering,[ 0.5677905  -0.59831228 -0.99408226]
1114.310072183609,1003,False,3,6,[7.22848267 6.52437565 4.        ],exiting,[ 0.63925976  0.24903542 -0.34837281]
1114.310072183609,1004,False,0,1,[5.24655857 2.15030844 3.52983141],landing,[-0.62185191  0.08809385  0.93462812]
1114.310072183609,1005,False,2,0,[-1.27154325  7.05655536  4.00008589],cruising,[ 0.50568378 -0.03156594 -0.11489306]
1114.4070727825165,1000,False,6,5,[-8.32613277  7.75230221  2.53673648],landing,[-0.82138112 -0.19970136 -0.21083176]
1114.4070727825165,1001,False,1,3,[-0.41845186 -6.96048407  4.        ],exiting,[-0.48080528  0.59740651 -0.20557775]
1114.4070727825165,1002,False,4,2,[ 7.70960497 -6.90314027  3.04812071],entering,[ 0.5677905  -0.59831228 -0.99408226]
1114.4070727825165,1003,False,3,6,[7.26486272 6.61752334 4.        ],exiting,[ 0.63925976  0.24903542 -0.34837281]
1114.4070727825165,1004,False,0,1,[5.25540127 2.12761886 3.43284177],landing,[-0.62185191  0.08809385  0.93462812]
1114.4070727825165,1005,False,2,0,[-1.08954888  6.97362135  4.00007301],cruising,[ 0.50568378 -0.03156594 -0.11489306]
1114.5070769786835,1000,False,6,5,[-8.30834115  7.76581494  2.43926411],landing,[-0.82138112 -0.19970136 -0.21083176]
1114.5070769786835,1001,False,1,3,[-0.40153144 -7.05904217  4.        ],exiting,[-0.48080528  0.59740651 -0.20557775]
1114.5070769786835,1002,False,4,2,[ 7.60431794 -6.75724433  3.12312071],entering,[ 0.5677905  -0.59831228 -0.99408226]
1114.5070769786835,1003,False,3,6,[7.30124278 6.71067103 4.        ],exiting,[ 0.63925976  0.24903542 -0.34837281]
1114.5070769786835,1004,False,0,1,[5.26424396 2.10492929 3.33585213],landing,[-0.62185191  0.08809385  0.93462812]
1114.5070769786835,1005,False,2,0,[-0.91144297  6.88263629  4.00006206],cruising,[ 0.50568378 -0.03156594 -0.11489306]
1114.6113731861115,1000,False,6,5,[-8.29054953  7.77932768  2.34179173],landing,[-0.82138112 -0.19970136 -0.21083176]
1114.6113731861115,1001,False,1,3,[-0.38461102 -7.15760027  4.        ],exiting,[-0.48080528  0.59740651 -0.20557775]
1114.6113731861115,1002,False,4,2,[ 7.48607173 -6.59611489  3.19812071],entering,[ 0.5677905  -0.59831228 -0.99408226]
1114.6113731861115,1003,False,3,6,[7.33762284 6.80381871 4.        ],exiting,[ 0.63925976  0.24903542 -0.34837281]
1114.6113731861115,1004,False,0,1,[5.27308665 2.08223972 3.23886249],landing,[-0.62185191  0.08809385  0.93462812]
1114.6113731861115,1005,False,2,0,[-0.73544463  6.78763847  4.00005275],cruising,[ 0.50568378 -0.03156594 -0.11489306]
1114.7079656124115,1000,False,6,5,[-8.27275791  7.79284041  2.24431935],landing,[-0.82138112 -0.19970136 -0.21083176]
1114.7079656124115,1001,False,1,3,[-0.36769059 -7.25615837  4.        ],exiting,[-0.48080528  0.59740651 -0.20557775]
1114.7079656124115,1002,False,4,2,[ 7.3673902  -6.43513447  3.27312071],entering,[ 0.5677905  -0.59831228 -0.99408226]
1114.7079656124115,1003,False,3,6,[7.37400289 6.8969664  4.        ],exiting,[ 0.63925976  0.24903542 -0.34837281]
1114.7079656124115,1004,False,0,1,[5.28192934 2.05955015 3.14187285],landing,[-0.62185191  0.08809385  0.93462812]
1114.7079656124115,1005,False,2,0,[-0.56245271  6.68727017  4.00004483],cruising,[ 0.50568378 -0.03156594 -0.11489306]
1114.8179075717926,1000,False,6,5,[-8.25496629  7.80635314  2.14684698],landing,[-0.82138112 -0.19970136 -0.21083176]
1114.8179075717926,1001,False,1,3,[-0.35077017 -7.35471648  4.        ],exiting,[-0.48080528  0.59740651 -0.20557775]
1114.8179075717926,1002,False,4,2,[ 7.24503322 -6.27692964  3.34812071],entering,[ 0.5677905  -0.59831228 -0.99408226]
1114.8179075717926,1003,False,3,6,[7.41038295 6.99011408 4.        ],exiting,[ 0.63925976  0.24903542 -0.34837281]
1114.8179075717926,1004,False,0,1,[5.29077203 2.03686058 3.04488321],landing,[-0.62185191  0.08809385  0.93462812]
1114.8179075717926,1005,False,2,0,[-0.39164891  6.58322179  4.00003811],cruising,[ 0.50568378 -0.03156594 -0.11489306]
1114.9080255031586,1000,False,6,5,[-8.23717467  7.81986587  2.0493746 ],landing,[-0.82138112 -0.19970136 -0.21083176]
1114.9080255031586,1001,False,1,3,[-0.33384975 -7.45327458  4.        ],exiting,[-0.48080528  0.59740651 -0.20557775]
1114.9080255031586,1002,False,4,2,[ 7.12379187 -6.11786822  3.42312071],entering,[ 0.5677905  -0.59831228 -0.99408226]
1114.9080255031586,1003,False,3,6,[7.44676301 7.08326177 4.        ],exiting,[ 0.63925976  0.24903542 -0.34837281]
1114.9080255031586,1004,False,0,1,[5.29961473 2.01417101 2.94789357],landing,[-0.62185191  0.08809385  0.93462812]
1114.9080255031586,1005,False,2,0,[-0.2217415   6.47771602  4.00003239],cruising,[ 0.50568378 -0.03156594 -0.11489306]
1115.0170502662659,1000,False,6,5,[-8.21938305  7.83337861  1.95190222],landing,[-0.82138112 -0.19970136 -0.21083176]
1115.0170502662659,1001,False,1,3,[-0.31692933 -7.55183268  4.        ],exiting,[-0.48080528  0.59740651 -0.20557775]
1115.0170502662659,1002,False,4,2,[ 6.99695146 -5.96323475  3.49812071],entering,[ 0.5677905  -0.59831228 -0.99408226]
1115.0170502662659,1003,False,3,6,[7.48314307 7.17640946 4.        ],exiting,[ 0.63925976  0.24903542 -0.34837281]
1115.0170502662659,1004,False,0,1,[5.30845742 1.99148144 2.85090393],landing,[-0.62185191  0.08809385  0.93462812]
1115.0170502662659,1005,False,2,0,[-0.05287953  6.37054496  4.00002753],cruising,[ 0.50568378 -0.03156594 -0.11489306]
1115.1152155399323,1000,False,6,5,[-8.20159143  7.84689134  1.85442984],landing,[-0.82138112 -0.19970136 -0.21083176]
1115.1152155399323,1001,False,1,3,[-0.30000891 -7.65039078  4.        ],exiting,[-0.48080528  0.59740651 -0.20557775]
1115.1152155399323,1002,False,4,2,[ 6.86917076 -5.80937737  3.57312071],entering,[ 0.5677905  -0.59831228 -0.99408226]
1115.1152155399323,1003,False,3,6,[7.51952312 7.26955714 4.        ],exiting,[ 0.63925976  0.24903542 -0.34837281]
1115.1152155399323,1004,False,0,1,[5.31730011 1.96879187 2.75391429],landing,[-0.62185191  0.08809385  0.93462812]
1115.1152155399323,1005,False,2,0,[0.11580667 6.26309746 4.0000234 ],cruising,[ 0.50568378 -0.03156594 -0.11489306]
1115.2153079509735,1000,False,6,5,[-8.18379981  7.86040407  1.75695747],landing,[-0.82138112 -0.19970136 -0.21083176]
1115.2153079509735,1001,False,1,3,[-0.28308849 -7.74894888  4.        ],landing,[-0.48080528  0.59740651 -0.20557775]
1115.2153079509735,1002,False,4,2,[ 6.73980699 -5.65684864  3.6371526 ],entering,[ 0.5677905  -0.59831228 -0.99408226]
1115.2153079509735,1003,False,3,6,[7.55590318 7.36270483 4.        ],exiting,[ 0.63925976  0.24903542 -0.34837281]
1115.2153079509735,1004,False,0,1,[5.3261428  1.9461023  2.65692465],landing,[-0.62185191  0.08809385  0.93462812]
1115.2153079509735,1005,False,2,0,[0.28457956 6.15578617 4.00001989],cruising,[ 0.50568378 -0.03156594 -0.11489306]
1115.3104074001312,1000,False,6,5,[-8.16600819  7.8739168   1.65948509],landing,[-0.82138112 -0.19970136 -0.21083176]
1115.3104074001312,1001,False,1,3,[-0.27170431 -7.83438214  3.98596118],landing,[-0.48080528  0.59740651 -0.20557775]
1115.3104074001312,1002,False,4,2,[ 6.60318486 -5.51078566  3.69157971],entering,[ 0.5677905  -0.59831228 -0.99408226]
1115.3104074001312,1003,False,3,6,[7.59228324 7.45585252 4.        ],exiting,[ 0.63925976  0.24903542 -0.34837281]
1115.3104074001312,1004,False,0,1,[5.33498549 1.92341273 2.55993501],landing,[-0.62185191  0.08809385  0.93462812]
1115.3104074001312,1005,False,2,0,[0.45385683 6.04927229 4.00001691],exiting,[ 0.50568378 -0.03156594 -0.11489306]
1115.4131500720978,1000,False,6,5,[-8.14821657  7.88742954  1.56201271],landing,[-0.82138112 -0.19970136 -0.21083176]
1115.4131500720978,1001,False,1,3,[-0.26584838 -7.90651476  3.95804678],landing,[-0.48080528  0.59740651 -0.20557775]
1115.4131500720978,1002,False,4,2,[ 6.46184345 -5.36928439  3.73784275],entering,[ 0.5677905  -0.59831228 -0.99408226]
1115.4131500720978,1003,False,3,6,[7.62866329 7.5490002  4.        ],exiting,[ 0.63925976  0.24903542 -0.34837281]
1115.4131500720978,1004,False,0,1,[5.34382818 1.90072316 2.46294537],landing,[-0.62185191  0.08809385  0.93462812]
1115.4131500720978,1005,False,2,0,[0.61286577 5.9599212  4.00001392],exiting,[ 0.50568378 -0.03156594 -0.11489306]
1115.5159831047058,1000,False,6,5,[-8.13042495  7.90094227  1.46454034],fake_landed,[-0.82138112 -0.19970136 -0.21083176]
1115.5159831047058,1001,False,1,3,[-0.26551015 -7.96514008  3.91645366],landing,[-0.48080528  0.59740651 -0.20557775]
1115.5159831047058,1002,False,4,2,[ 6.3158217  -5.23261821  3.77716634],entering,[ 0.5677905  -0.59831228 -0.99408226]
1115.5159831047058,1003,False,3,6,[7.66504335 7.64214789 4.        ],exiting,[ 0.63925976  0.24903542 -0.34837281]
1115.5159831047058,1004,False,0,1,[5.35267088 1.87803359 2.36595573],landing,[-0.62185191  0.08809385  0.93462812]
1115.5159831047058,1005,False,2,0,[0.76145171 5.88763941 4.00001096],exiting,[ 0.50568378 -0.03156594 -0.11489306]
1115.612759590149,1000,False,6,5,[-8.11619166  7.91175246  1.38656243],fake_landed,[-0.82138112 -0.19970136 -0.21083176]
1115.612759590149,1001,False,1,3,[-0.27067315 -8.00997643  3.861459  ],landing,[-0.48080528  0.59740651 -0.20557775]
1115.612759590149,1002,False,4,2,[ 6.16589507 -5.1002475   3.81059139],entering,[ 0.5677905  -0.59831228 -0.99408226]
1115.612759590149,1003,False,3,6,[7.70142341 7.73529558 4.        ],exiting,[ 0.63925976  0.24903542 -0.34837281]
1115.612759590149,1004,False,0,1,[5.36151357 1.85534402 2.26896609],landing,[-0.62185191  0.08809385  0.93462812]
1115.612759590149,1005,False,2,0,[0.89944114 5.83231975 4.00000809],exiting,[ 0.50568378 -0.03156594 -0.11489306]
1115.7113418579102,1000,False,6,5,[-8.10551668  7.9198601   1.32807901],fake_landed,[-0.82138112 -0.19970136 -0.21083176]
1115.7113418579102,1001,False,1,3,[-0.28132162 -8.04078765  3.7933036 ],landing,[-0.48080528  0.59740651 -0.20557775]
1115.7113418579102,1002,False,4,2,[ 6.00888906 -4.97635596  3.83900268],entering,[ 0.5677905  -0.59831228 -0.99408226]
1115.7113418579102,1003,False,3,6,[7.73780346 7.82844326 4.        ],exiting,[ 0.63925976  0.24903542 -0.34837281]
1115.7113418579102,1004,False,0,1,[5.37035626 1.83265445 2.17197645],landing,[-0.62185191  0.08809385  0.93462812]
1115.7113418579102,1005,False,2,0,[1.02663764 5.79383793 4.00000534],exiting,[ 0.50568378 -0.03156594 -0.11489306]
1115.8164525032043,1000,False,6,5,[-8.09840004  7.92526519  1.28909006],fake_landed,[-0.82138112 -0.19970136 -0.21083176]
1115.8164525032043,1001,False,1,3,[-0.29743937 -8.05735612  3.71221642],landing,[-0.48080528  0.59740651 -0.20557775]
1115.8164525032043,1002,False,4,2,[ 5.84805667 -4.8574739   3.86315228],cruising,[ 0.5677905  -0.59831228 -0.99408226]
1115.8164525032043,1003,False,3,6,[7.77418352 7.92159095 4.        ],exiting,[ 0.63925976  0.24903542 -0.34837281]
1115.8164525032043,1004,False,0,1,[5.37919895 1.80996488 2.07498681],landing,[-0.62185191  0.08809385  0.93462812]
1115.8164525032043,1005,False,2,0,[1.14281319 5.77204559 4.00000278],exiting,[ 0.50568378 -0.03156594 -0.11489306]
1115.9186742305756,1000,False,6,5,[-8.09484171  7.92796773  1.26959558],fake_landed,[-0.82138112 -0.19970136 -0.21083176]
1115.9186742305756,1001,False,1,3,[-0.31900842 -8.05946267  3.61843529],landing,[-0.48080528  0.59740651 -0.20557775]
1115.9186742305756,1002,False,4,2,[ 5.68073065 -4.74792025  3.88367944],cruising,[ 0.5677905  -0.59831228 -0.99408226]
1115.9186742305756,1003,False,3,6,[7.81056358 8.01473863 4.        ],exiting,[ 0.63925976  0.24903542 -0.34837281]
1115.9186742305756,1004,False,0,1,[5.38804164 1.78727531 1.97799717],landing,[-0.62185191  0.08809385  0.93462812]
1115.9186742305756,1005,False,2,0,[1.24768788 5.76675448 4.00000047],exiting,[ 0.50568378 -0.03156594 -0.11489306]
1116.0212817192078,1000,False,5,4,[-8.09484171  7.92796773  1.26959558],waiting,[-0.82138112 -0.19970136 -0.21083176]
1116.0212817192078,1001,False,1,3,[-0.34210256 -8.05744614  3.52115943],landing,[-0.48080528  0.59740651 -0.20557775]
1116.0212817192078,1002,False,4,2,[ 5.51002922 -4.64370403  3.90112752],cruising,[ 0.5677905  -0.59831228 -0.99408226]
1116.0212817192078,1003,False,3,6,[7.84694363 8.10788632 4.        ],exiting,[ 0.63925976  0.24903542 -0.34837281]
1116.0212817192078,1004,False,0,1,[5.39688434 1.76458574 1.88100753],landing,[-0.62185191  0.08809385  0.93462812]
1116.0212817192078,1005,False,2,0,[1.34087671 5.77769422 3.99999853],exiting,[ 0.50568378 -0.03156594 -0.11489306]
1116.110900402069,1000,False,5,4,[-8.09484171  7.92796773  1.26959558],waiting,[-0.82138112 -0.19970136 -0.21083176]
1116.110900402069,1001,False,1,3,[-0.3651967  -8.05542961  3.42388356],landing,[-0.48080528  0.59740651 -0.20557775]
1116.110900402069,1002,False,4,2,[ 5.33475786 -4.54737152  3.91595839],cruising,[ 0.5677905  -0.59831228 -0.99408226]
1116.110900402069,1003,False,3,6,[7.88332369 8.20103401 4.        ],exiting,[ 0.63925976  0.24903542 -0.34837281]
1116.110900402069,1004,False,0,1,[5.40572703 1.74189617 1.78401789],landing,[-0.62185191  0.08809385  0.93462812]
1116.110900402069,1005,False,2,0,[1.42214184 5.8046909  3.99999701],exiting,[ 0.50568378 -0.03156594 -0.11489306]
1116.2065215110779,1000,False,5,4,[-8.09484171  7.92796773  1.26959558],waiting,[-0.82138112 -0.19970136 -0.21083176]
1116.2065215110779,1001,False,1,3,[-0.38829084 -8.05341308  3.32660769],landing,[-0.48080528  0.59740651 -0.20557775]
1116.2065215110779,1002,False,4,2,[ 5.15740845 -4.45492053  3.92856463],cruising,[ 0.5677905  -0.59831228 -0.99408226]
1116.2065215110779,1003,False,3,6,[7.91970375 8.29418169 4.        ],exiting,[ 0.63925976  0.24903542 -0.34837281]
1116.2065215110779,1004,False,0,1,[5.41456972 1.7192066  1.68702825],landing,[-0.62185191  0.08809385  0.93462812]
1116.2065215110779,1005,False,2,0,[1.4912431  5.84756337 3.99999597],exiting,[ 0.50568378 -0.03156594 -0.11489306]
1116.309261083603,1000,False,5,4,[-8.09484171  7.92796773  1.26959558],waiting,[-0.82138112 -0.19970136 -0.21083176]
1116.309261083603,1001,False,1,3,[-0.41138498 -8.05139655  3.22933182],landing,[-0.48080528  0.59740651 -0.20557775]
1116.309261083603,1002,False,4,2,[ 4.97726543 -4.36803848  3.93927994],cruising,[ 0.5677905  -0.59831228 -0.99408226]
1116.309261083603,1003,False,3,6,[7.9560838  8.38732938 4.        ],exiting,[ 0.63925976  0.24903542 -0.34837281]
1116.309261083603,1004,False,0,1,[5.42341241 1.69651702 1.59003861],landing,[-0.62185191  0.08809385  0.93462812]
1116.309261083603,1005,False,2,0,[1.54793818 5.90612297 3.99999545],exiting,[ 0.50568378 -0.03156594 -0.11489306]
1116.4183945655823,1000,False,5,4,[-8.09484171  7.92796773  1.26959558],waiting,[-0.82138112 -0.19970136 -0.21083176]
1116.4183945655823,1001,False,1,3,[-0.43447912 -8.04938002  3.13205596],landing,[-0.48080528  0.59740651 -0.20557775]
1116.4183945655823,1002,False,4,2,[ 4.79607412 -4.28336434  3.94838795],cruising,[ 0.5677905  -0.59831228 -0.99408226]
1116.4183945655823,1003,False,3,6,[7.99246386 8.48047707 4.        ],exiting,[ 0.63925976  0.24903542 -0.34837281]
1116.4183945655823,1004,False,0,1,[5.4322551  1.67382745 1.49304898],fake_landed,[-0.62185191  0.08809385  0.93462812]
1116.4183945655823,1005,False,2,0,[1.59198254 5.9801732  3.99999548],exiting,[ 0.50568378 -0.03156594 -0.11489306]
1116.5209958553314,1000,False,5,4,[-8.09484171  7.92796773  1.26959558],waiting,[-0.82138112 -0.19970136 -0.21083176]
1116.5209958553314,1001,False,1,3,[-0.45757326 -8.04736349  3.03478009],landing,[-0.48080528  0.59740651 -0.20557775]
1116.5209958553314,1002,False,4,2,[ 4.61325604 -4.20226224  3.95612976],cruising,[ 0.5677905  -0.59831228 -0.99408226]
1116.5209958553314,1003,False,3,6,[8.02884392 8.57362475 4.        ],exiting,[ 0.63925976  0.24903542 -0.34837281]
1116.5209958553314,1004,False,0,1,[5.43932926 1.6556758  1.41545726],fake_landed,[-0.62185191  0.08809385  0.93462812]
1116.5209958553314,1005,False,2,0,[1.62312938 6.06950917 3.99999604],exiting,[ 0.50568378 -0.03156594 -0.11489306]
1116.620108127594,1000,False,5,4,[-8.09484171  7.92796773  1.26959558],waiting,[-0.82138112 -0.19970136 -0.21083176]
1116.620108127594,1001,False,1,3,[-0.4806674  -8.04534696  2.93750422],landing,[-0.48080528  0.59740651 -0.20557775]
1116.620108127594,1002,False,4,2,[ 4.42997503 -4.1222118   3.96271029],cruising,[ 0.5677905  -0.59831228 -0.99408226]
1116.620108127594,1003,False,3,6,[8.06522397 8.66677244 4.        ],exiting,[ 0.63925976  0.24903542 -0.34837281]
1116.620108127594,1004,False,0,1,[5.44463487 1.64206206 1.35726348],fake_landed,[-0.62185191  0.08809385  0.93462812]
1116.620108127594,1005,False,2,0,[1.64763381 6.16646036 3.99999678],exiting,[ 0.50568378 -0.03156594 -0.11489306]
1116.7097325325012,1000,False,5,4,[-8.09484171  7.92796773  1.26959558],waiting,[-0.82138112 -0.19970136 -0.21083176]
1116.7097325325012,1001,False,1,3,[-0.50376154 -8.04333044  2.84022836],landing,[-0.48080528  0.59740651 -0.20557775]
1116.7097325325012,1002,False,4,2,[ 4.24623934 -4.04321057  3.96830375],cruising,[ 0.5677905  -0.59831228 -0.99408226]
1116.7097325325012,1003,False,3,6,[8.10160403 8.75992013 4.        ],exiting,[ 0.63925976  0.24903542 -0.34837281]
1116.7097325325012,1004,False,0,1,[5.44817195 1.63298623 1.31846762],fake_landed,[-0.62185191  0.08809385  0.93462812]
1116.7097325325012,1005,False,2,0,[1.67213825 6.26341155 3.99999738],exiting,[ 0.50568378 -0.03156594 -0.11489306]
1116.8104774951935,1000,False,5,4,[-8.09484171  7.92796773  1.26959558],waiting,[-0.82138112 -0.19970136 -0.21083176]
1116.8104774951935,1001,False,1,3,[-0.52685568 -8.04131391  2.74295249],landing,[-0.48080528  0.59740651 -0.20557775]
1116.8104774951935,1002,False,4,2,[ 4.0617058  -3.96609135  3.97305819],cruising,[ 0.5677905  -0.59831228 -0.99408226]
1116.8104774951935,1003,False,3,6,[8.13798409 8.85306781 4.        ],exiting,[ 0.63925976  0.24903542 -0.34837281]
1116.8104774951935,1004,False,0,1,[5.44994049 1.62844831 1.2990697 ],fake_landed,[-0.62185191  0.08809385  0.93462812]
1116.8104774951935,1005,False,2,0,[1.69664269 6.36036273 3.99999787],exiting,[ 0.50568378 -0.03156594 -0.11489306]
1116.9070794582367,1000,False,5,4,[-8.09484171  7.92796773  1.26959558],waiting,[-0.82138112 -0.19970136 -0.21083176]
1116.9070794582367,1001,False,1,3,[-0.54994982 -8.03929738  2.64567662],landing,[-0.48080528  0.59740651 -0.20557775]
1116.9070794582367,1002,False,4,2,[ 3.87693034 -3.88955359  3.97709946],cruising,[ 0.5677905  -0.59831228 -0.99408226]
1116.9070794582367,1003,False,3,6,[8.17436414 8.9462155  4.        ],exiting,[ 0.63925976  0.24903542 -0.34837281]
1116.9070794582367,1004,False,0,1,[5.44994049 1.62844831 1.2990697 ],fake_landed,[-0.62185191  0.08809385  0.93462812]
1116.9070794582367,1005,False,2,0,[1.72114713 6.45731392 3.99999828],exiting,[ 0.50568378 -0.03156594 -0.11489306]
1117.0096943378448,1000,False,5,4,[-8.09484171  7.92796773  1.26959558],waiting,[-0.82138112 -0.19970136 -0.21083176]
1117.0096943378448,1001,False,1,3,[-0.57304396 -8.03728085  2.54840076],landing,[-0.48080528  0.59740651 -0.20557775]
1117.0096943378448,1002,False,4,2,[ 3.6916507  -3.81424452  3.98053454],cruising,[ 0.5677905  -0.59831228 -0.99408226]
1117.0096943378448,1003,False,3,6,[8.2107442  9.03936318 4.        ],exiting,[ 0.63925976  0.24903542 -0.34837281]
1117.0096943378448,1004,False,1,5,[5.44994049 1.62844831 1.2990697 ],waiting,[-0.62185191  0.08809385  0.93462812]
1117.0096943378448,1005,False,2,0,[1.74565157 6.5542651  3.99999861],exiting,[ 0.50568378 -0.03156594 -0.11489306]
1117.109432220459,1000,False,5,4,[-8.09484171  7.92796773  1.26959558],waiting,[-0.82138112 -0.19970136 -0.21083176]
1117.109432220459,1001,False,1,3,[-0.5961381  -8.03526432  2.45112489],landing,[-0.48080528  0.59740651 -0.20557775]
1117.109432220459,1002,False,4,2,[ 3.50616003 -3.73945675  3.98345436],cruising,[ 0.5677905  -0.59831228 -0.99408226]
1117.109432220459,1003,False,3,6,[8.24712426 9.13251087 4.        ],landing,[ 0.63925976  0.24903542 -0.34837281]
1117.109432220459,1004,False,1,5,[5.44994049 1.62844831 1.2990697 ],waiting,[-0.62185191  0.08809385  0.93462812]
1117.109432220459,1005,False,2,0,[1.77015601 6.65121629 3.99999888],exiting,[ 0.50568378 -0.03156594 -0.11489306]
1117.2145411968231,1000,False,5,4,[-8.09484171  7.92796773  1.26959558],waiting,[-0.82138112 -0.19970136 -0.21083176]
1117.2145411968231,1001,False,1,3,[-0.61923224 -8.03324779  2.35384902],landing,[-0.48080528  0.59740651 -0.20557775]
1117.2145411968231,1002,False,4,2,[ 3.32029684 -3.66559963  3.9859362 ],cruising,[ 0.5677905  -0.59831228 -0.99408226]
1117.2145411968231,1003,False,3,6,[8.28150283 9.21160384 3.98591246],landing,[ 0.63925976  0.24903542 -0.34837281]
1117.2145411968231,1004,False,1,5,[5.44994049 1.62844831 1.2990697 ],waiting,[-0.62185191  0.08809385  0.93462812]
1117.2145411968231,1005,False,2,0,[1.79466044 6.74816748 3.99999909],exiting,[ 0.50568378 -0.03156594 -0.11489306]
1117.3156669139862,1000,False,5,4,[-8.09484171  7.92796773  1.26959558],waiting,[-0.82138112 -0.19970136 -0.21083176]
1117.3156669139862,1001,False,1,3,[-0.64232638 -8.03123126  2.25657315],landing,[-0.48080528  0.59740651 -0.20557775]
1117.3156669139862,1002,False,4,2,[ 3.13413563 -3.59249695  3.98804577],cruising,[ 0.5677905  -0.59831228 -0.99408226]
1117.3156669139862,1003,False,3,6,[8.3137822  9.276495   3.95790003],landing,[ 0.63925976  0.24903542 -0.34837281]
1117.3156669139862,1004,False,1,5,[5.44994049 1.62844831 1.2990697 ],waiting,[-0.62185191  0.08809385  0.93462812]
1117.3156669139862,1005,False,2,0,[1.81916488 6.84511866 3.99999927],exiting,[ 0.50568378 -0.03156594 -0.11489306]
1117.4107801914215,1000,False,5,4,[-8.09484171  7.92796773  1.26959558],waiting,[-0.82138112 -0.19970136 -0.21083176]
1117.4107801914215,1001,False,1,3,[-0.66542052 -8.02921473  2.15929729],landing,[-0.48080528  0.59740651 -0.20557775]
1117.4107801914215,1002,False,4,2,[ 2.947631   -3.5202749   3.98983891],cruising,[ 0.5677905  -0.59831228 -0.99408226]
1117.4107801914215,1003,False,3,6,[8.34384633 9.3270118  3.91615917],landing,[ 0.63925976  0.24903542 -0.34837281]
1117.4107801914215,1004,False,1,5,[5.44994049 1.62844831 1.2990697 ],waiting,[-0.62185191  0.08809385  0.93462812]
1117.4107801914215,1005,False,2,0,[1.84366932 6.94206985 3.99999942],exiting,[ 0.50568378 -0.03156594 -0.11489306]
1117.5147335529327,1000,False,5,4,[-8.09484171  7.92796773  1.26959558],waiting,[-0.82138112 -0.19970136 -0.21083176]
1117.5147335529327,1001,False,1,3,[-0.68851466 -8.02719821  2.06202142],landing,[-0.48080528  0.59740651 -0.20557775]
1117.5147335529327,1002,False,4,2,[ 2.76065443 -3.44928361  3.99136307],cruising,[ 0.5677905  -0.59831228 -0.99408226]
1117.5147335529327,1003,False,3,6,[8.37153462 9.36291913 3.86096769],landing,[ 0.63925976  0.24903542 -0.34837281]
1117.5147335529327,1004,False,1,5,[5.44994049 1.62844831 1.2990697 ],waiting,[-0.62185191  0.08809385  0.93462812]
1117.5147335529327,1005,False,2,0,[1.86817376 7.03902104 3.99999954],exiting,[ 0.50568378 -0.03156594 -0.11489306]
1117.617526769638,1000,False,5,4,[-8.09484171  7.92796773  1.26959558],waiting,[-0.82138112 -0.19970136 -0.21083176]
1117.617526769638,1001,False,1,3,[-0.7116088  -8.02518168  1.96474555],landing,[-0.48080528  0.59740651 -0.20557775]
1117.617526769638,1002,False,4,2,[ 2.57306079 -3.37993934  3.99265861],cruising,[ 0.5677905  -0.59831228 -0.99408226]
1117.617526769638,1003,False,3,6,[8.39671299 9.38402411 3.79256293],landing,[ 0.63925976  0.24903542 -0.34837281]
1117.617526769638,1004,False,1,5,[5.44994049 1.62844831 1.2990697 ],waiting,[-0.62185191  0.08809385  0.93462812]
1117.617526769638,1005,False,2,0,[1.8926782  7.13597222 3.99999963],exiting,[ 0.50568378 -0.03156594 -0.11489306]
1117.7171084880829,1000,False,5,4,[-8.09484171  7.92796773  1.26959558],waiting,[-0.82138112 -0.19970136 -0.21083176]
1117.7171084880829,1001,False,1,3,[-0.73470294 -8.02316515  1.86746969],landing,[-0.48080528  0.59740651 -0.20557775]
1117.7171084880829,1002,False,4,2,[ 2.38502513 -3.31180281  3.99375982],cruising,[ 0.5677905  -0.59831228 -0.99408226]
1117.7171084880829,1003,False,3,6,[8.41925503 9.3901478  3.71117316],landing,[ 0.63925976  0.24903542 -0.34837281]
1117.7171084880829,1004,False,1,5,[5.44994049 1.62844831 1.2990697 ],waiting,[-0.62185191  0.08809385  0.93462812]
1117.7171084880829,1005,False,2,0,[1.91718264 7.23292341 3.99999971],exiting,[ 0.50568378 -0.03156594 -0.11489306]
1117.8057107925415,1000,False,5,4,[-8.09484171  7.92796773  1.26959558],waiting,[-0.82138112 -0.19970136 -0.21083176]
1117.8057107925415,1001,False,1,3,[-0.75779708 -8.02114862  1.77019382],landing,[-0.48080528  0.59740651 -0.20557775]
1117.8057107925415,1002,False,4,2,[ 2.19609011 -3.2462013   3.99469585],cruising,[ 0.5677905  -0.59831228 -0.99408226]
1117.8057107925415,1003,False,3,6,[8.43903194 9.38111079 3.61703555],landing,[ 0.63925976  0.24903542 -0.34837281]
1117.8057107925415,1004,False,1,5,[5.44994049 1.62844831 1.2990697 ],queued,[-0.62185191  0.08809385  0.93462812]
1117.8057107925415,1005,False,2,0,[1.94168707 7.32987459 3.99999977],exiting,[ 0.50568378 -0.03156594 -0.11489306]
1117.9065475463867,1000,False,5,4,[-8.09484171  7.92796773  1.26959558],waiting,[-0.82138112 -0.19970136 -0.21083176]
1117.9065475463867,1001,False,1,3,[-0.78089122 -8.01913209  1.67291795],landing,[-0.48080528  0.59740651 -0.20557775]
1117.9065475463867,1002,False,4,2,[ 2.00608148 -3.18377757  3.99549147],cruising,[ 0.5677905  -0.59831228 -0.99408226]
1117.9065475463867,1003,False,3,6,[8.45807263 9.36817492 3.51972103],landing,[ 0.63925976  0.24903542 -0.34837281]
1117.9065475463867,1004,False,1,5,[5.44994049 1.62844831 1.3190697 ],queued,[-0.62185191  0.08809385  0.93462812]
1117.9065475463867,1005,False,2,0,[1.96619151 7.42682578 3.99999982],exiting,[ 0.50568378 -0.03156594 -0.11489306]
1118.0076880455017,1000,False,5,4,[-8.09484171  7.92796773  1.26959558],waiting,[-0.82138112 -0.19970136 -0.21083176]
1118.0076880455017,1001,False,1,3,[-0.80398536 -8.01711556  1.57564209],landing,[-0.48080528  0.59740651 -0.20557775]
1118.0076880455017,1002,False,4,2,[ 1.8154223  -3.12336998  3.99616775],cruising,[ 0.5677905  -0.59831228 -0.99408226]
1118.0076880455017,1003,False,3,6,[8.47711332 9.35523904 3.42240652],landing,[ 0.63925976  0.24903542 -0.34837281]
1118.0076880455017,1004,False,1,5,[5.44994049 1.62844831 1.3590697 ],queued,[-0.62185191  0.08809385  0.93462812]
1118.0076880455017,1005,False,2,0,[1.99069595 7.52377697 3.99999986],exiting,[ 0.50568378 -0.03156594 -0.11489306]
1118.112470626831,1000,False,5,4,[-8.09484171  7.92796773  1.26959558],waiting,[-0.82138112 -0.19970136 -0.21083176]
1118.112470626831,1001,False,1,3,[-0.8270795  -8.01509903  1.47836622],fake_landed,[-0.48080528  0.59740651 -0.20557775]
1118.112470626831,1002,False,4,2,[ 1.62328148 -3.06785506  3.99674259],cruising,[ 0.5677905  -0.59831228 -0.99408226]
1118.112470626831,1003,False,3,6,[8.49615401 9.34230317 3.325092  ],landing,[ 0.63925976  0.24903542 -0.34837281]
1118.112470626831,1004,False,1,5,[5.44994049 1.62844831 1.4190697 ],queued,[-0.62185191  0.08809385  0.93462812]
1118.112470626831,1005,False,2,0,[2.01520039 7.62072815 3.99999989],exiting,[ 0.50568378 -0.03156594 -0.11489306]
1118.2192759513855,1000,False,5,4,[-8.09484171  7.92796773  1.26959558],queued,[-0.82138112 -0.19970136 -0.21083176]
1118.2192759513855,1001,False,1,3,[-0.84555481 -8.01348581  1.40054552],fake_landed,[-0.48080528  0.59740651 -0.20557775]
1118.2192759513855,1002,False,4,2,[ 1.42946843 -3.01849412  3.9972312 ],cruising,[ 0.5677905  -0.59831228 -0.99408226]
1118.2192759513855,1003,False,3,6,[8.5151947  9.32936729 3.22777748],landing,[ 0.63925976  0.24903542 -0.34837281]
1118.2192759513855,1004,False,1,5,[5.44994049 1.62844831 1.4940697 ],queued,[-0.62185191  0.08809385  0.93462812]
1118.2192759513855,1005,False,2,0,[2.03970483 7.71767934 3.99999992],exiting,[ 0.50568378 -0.03156594 -0.11489306]
1118.3105807304382,1000,False,5,4,[-8.09484171  7.92796773  1.28959558],queued,[-0.82138112 -0.19970136 -0.21083176]
1118.3105807304382,1001,False,1,3,[-0.8594113  -8.01227589  1.34218   ],fake_landed,[-0.48080528  0.59740651 -0.20557775]
1118.3105807304382,1002,False,4,2,[ 1.23381698 -2.9770151   3.99764652],cruising,[ 0.5677905  -0.59831228 -0.99408226]
1118.3105807304382,1003,False,3,6,[8.53423539 9.31643142 3.13046297],landing,[ 0.63925976  0.24903542 -0.34837281]
1118.3105807304382,1004,False,1,5,[5.44994049 1.62844831 1.5690697 ],queued,[-0.62185191  0.08809385  0.93462812]
1118.3105807304382,1005,False,2,0,[2.06420927 7.81463052 3.99999994],exiting,[ 0.50568378 -0.03156594 -0.11489306]
1118.4136562347412,1000,False,5,4,[-8.09484171  7.92796773  1.32959558],queued,[-0.82138112 -0.19970136 -0.21083176]
1118.4136562347412,1001,False,1,3,[-0.86864895 -8.01146928  1.30326966],fake_landed,[-0.48080528  0.59740651 -0.20557775]
1118.4136562347412,1002,False,4,2,[ 1.03543967 -2.95158988  3.99799954],cruising,[ 0.5677905  -0.59831228 -0.99408226]
1118.4136562347412,1003,False,3,6,[8.55327608 9.30349554 3.03314845],landing,[ 0.63925976  0.24903542 -0.34837281]
1118.4136562347412,1004,False,1,5,[5.44994049 1.62844831 1.6440697 ],queued,[-0.62185191  0.08809385  0.93462812]
1118.4136562347412,1005,False,2,0,[2.0887137  7.91158171 3.99999995],exiting,[ 0.50568378 -0.03156594 -0.11489306]
1118.511348247528,1000,False,5,4,[-8.09484171  7.92796773  1.38959558],queued,[-0.82138112 -0.19970136 -0.21083176]
1118.511348247528,1001,False,1,3,[-0.87326778 -8.01106597  1.28381448],fake_landed,[-0.48080528  0.59740651 -0.20557775]
1118.511348247528,1002,False,4,2,[ 0.8357544  -2.94037409  3.99829961],cruising,[ 0.5677905  -0.59831228 -0.99408226]
1118.511348247528,1003,False,3,6,[8.57231677 9.29055967 2.93583393],landing,[ 0.63925976  0.24903542 -0.34837281]
1118.511348247528,1004,False,1,5,[5.44994049 1.62844831 1.7190697 ],queued,[-0.62185191  0.08809385  0.93462812]
1118.511348247528,1005,False,2,0,[2.11321814 8.0085329  3.99999996],exiting,[ 0.50568378 -0.03156594 -0.11489306]
1118.6189439296722,1000,False,5,4,[-8.09484171  7.92796773  1.46459558],queued,[-0.82138112 -0.19970136 -0.21083176]
1118.6189439296722,1001,False,3,1,[-0.87326778 -8.01106597  1.28381448],waiting,[-0.48080528  0.59740651 -0.20557775]
1118.6189439296722,1002,False,4,2,[ 0.63580729 -2.94497342  3.99855467],cruising,[ 0.5677905  -0.59831228 -0.99408226]
1118.6189439296722,1003,False,3,6,[8.59135746 9.2776238  2.83851941],landing,[ 0.63925976  0.24903542 -0.34837281]
1118.6189439296722,1004,False,1,5,[5.44994049 1.62844831 1.7940697 ],queued,[-0.62185191  0.08809385  0.93462812]
1118.6189439296722,1005,False,2,0,[2.13772258 8.10548408 3.99999997],exiting,[ 0.50568378 -0.03156594 -0.11489306]
1118.71147108078,1000,False,5,4,[-8.09484171  7.92796773  1.53959558],queued,[-0.82138112 -0.19970136 -0.21083176]
1118.71147108078,1001,False,3,1,[-0.87326778 -8.01106597  1.28381448],waiting,[-0.48080528  0.59740651 -0.20557775]
1118.71147108078,1002,False,4,2,[ 0.43675923 -2.9644637   3.99877147],cruising,[ 0.5677905  -0.59831228 -0.99408226]
1118.71147108078,1003,False,3,6,[8.61039815 9.26468792 2.7412049 ],landing,[ 0.63925976  0.24903542 -0.34837281]
1118.71147108078,1004,False,1,5,[5.44994049 1.62844831 1.8690697 ],queued,[-0.62185191  0.08809385  0.93462812]
1118.71147108078,1005,False,2,0,[2.16222702 8.20243527 3.99999998],exiting,[ 0.50568378 -0.03156594 -0.11489306]
1118.8177745342255,1000,False,5,4,[-8.09484171  7.92796773  1.61459558],queued,[-0.82138112 -0.19970136 -0.21083176]
1118.8177745342255,1001,False,3,1,[-0.87326778 -8.01106597  1.28381448],waiting,[-0.48080528  0.59740651 -0.20557775]
1118.8177745342255,1002,False,4,2,[ 0.23962708 -2.99821151  3.99895575],cruising,[ 0.5677905  -0.59831228 -0.99408226]
1118.8177745342255,1003,False,3,6,[8.62943884 9.25175205 2.64389038],landing,[ 0.63925976  0.24903542 -0.34837281]
1118.8177745342255,1004,False,1,5,[5.44994049 1.62844831 1.9440697 ],queued,[-0.62185191  0.08809385  0.93462812]
1118.8177745342255,1005,False,2,0,[2.18673146 8.29938646 3.99999999],exiting,[ 0.50568378 -0.03156594 -0.11489306]
1118.9198639392853,1000,False,5,4,[-8.09484171  7.92796773  1.68959558],queued,[-0.82138112 -0.19970136 -0.21083176]
1118.9198639392853,1001,False,3,1,[-0.87326778 -8.01106597  1.28381448],waiting,[-0.48080528  0.59740651 -0.20557775]
1118.9198639392853,1002,False,4,2,[ 0.04525619 -3.04532791  3.99911239],cruising,[ 0.5677905  -0.59831228 -0.99408226]
1118.9198639392853,1003,False,3,6,[8.64847953 9.23881617 2.54657586],landing,[ 0.63925976  0.24903542 -0.34837281]
1118.9198639392853,1004,False,1,5,[5.44994049 1.62844831 2.0190697 ],queued,[-0.62185191  0.08809385  0.93462812]
1118.9198639392853,1005,False,2,0,[2.2112359  8.39633764 3.99999999],exiting,[ 0.50568378 -0.03156594 -0.11489306]
1119.0064418315887,1000,False,5,4,[-8.09484171  7.92796773  1.76459558],queued,[-0.82138112 -0.19970136 -0.21083176]
1119.0064418315887,1001,False,3,1,[-0.87326778 -8.01106597  1.28381448],waiting,[-0.48080528  0.59740651 -0.20557775]
1119.0064418315887,1002,False,4,2,[-0.14574888 -3.10463274  3.99924553],cruising,[ 0.5677905  -0.59831228 -0.99408226]
1119.0064418315887,1003,False,3,6,[8.66752022 9.2258803  2.44926135],landing,[ 0.63925976  0.24903542 -0.34837281]
1119.0064418315887,1004,False,1,5,[5.44994049 1.62844831 2.0940697 ],queued,[-0.62185191  0.08809385  0.93462812]
1119.0064418315887,1005,False,2,0,[2.23574033 8.49328883 3.99999999],exiting,[ 0.50568378 -0.03156594 -0.11489306]
1119.1173079013824,1000,False,5,4,[-8.09484171  7.92796773  1.83959558],queued,[-0.82138112 -0.19970136 -0.21083176]
1119.1173079013824,1001,False,3,1,[-0.87326778 -8.01106597  1.28381448],waiting,[-0.48080528  0.59740651 -0.20557775]
1119.1173079013824,1002,False,4,2,[-0.3318793  -3.17781379  3.9993587 ],cruising,[ 0.5677905  -0.59831228 -0.99408226]
1119.1173079013824,1003,False,3,6,[8.68656091 9.21294442 2.35194683],landing,[ 0.63925976  0.24903542 -0.34837281]
1119.1173079013824,1004,False,1,5,[5.44994049 1.62844831 2.1690697 ],queued,[-0.62185191  0.08809385  0.93462812]
1119.1173079013824,1005,False,2,0,[2.26024477 8.59024001 4.        ],exiting,[ 0.50568378 -0.03156594 -0.11489306]
1119.2067596912384,1000,False,5,4,[-8.09484171  7.92796773  1.91459558],queued,[-0.82138112 -0.19970136 -0.21083176]
1119.2067596912384,1001,False,3,1,[-0.87326778 -8.01106597  1.28381448],waiting,[-0.48080528  0.59740651 -0.20557775]
1119.2067596912384,1002,False,4,2,[-0.51374481 -3.26102999  3.99945489],cruising,[ 0.5677905  -0.59831228 -0.99408226]
1119.2067596912384,1003,False,3,6,[8.7056016  9.20000855 2.25463231],landing,[ 0.63925976  0.24903542 -0.34837281]
1119.2067596912384,1004,False,1,5,[5.44994049 1.62844831 2.2440697 ],queued,[-0.62185191  0.08809385  0.93462812]
1119.2067596912384,1005,False,2,0,[2.28474921 8.6871912  4.        ],landing,[ 0.50568378 -0.03156594 -0.11489306]
1119.3086822032928,1000,False,5,4,[-8.09484171  7.92796773  1.98959558],queued,[-0.82138112 -0.19970136 -0.21083176]
1119.3086822032928,1001,False,3,1,[-0.87326778 -8.01106597  1.28381448],waiting,[-0.48080528  0.59740651 -0.20557775]
1119.3086822032928,1002,False,4,2,[-0.69266753 -3.35039812  3.99953666],cruising,[ 0.5677905  -0.59831228 -0.99408226]
1119.3086822032928,1003,False,3,6,[8.72464229 9.18707267 2.15731779],landing,[ 0.63925976  0.24903542 -0.34837281]
1119.3086822032928,1004,False,1,5,[5.44994049 1.62844831 2.3190697 ],queued,[-0.62185191  0.08809385  0.93462812]
1119.3086822032928,1005,False,2,0,[2.30882342 8.76965067 3.98622303],landing,[ 0.50568378 -0.03156594 -0.11489306]
1119.4073519706726,1000,False,5,4,[-8.09484171  7.92796773  2.06459558],queued,[-0.82138112 -0.19970136 -0.21083176]
1119.4073519706726,1001,False,3,1,[-0.87326778 -8.01106597  1.28381448],waiting,[-0.48080528  0.59740651 -0.20557775]
1119.4073519706726,1002,False,4,2,[-0.87057977 -3.44176133  3.99960616],cruising,[ 0.5677905  -0.59831228 -0.99408226]
1119.4073519706726,1003,False,3,6,[8.74368298 9.1741368  2.06000328],landing,[ 0.63925976  0.24903542 -0.34837281]
1119.4073519706726,1004,False,1,5,[5.44994049 1.62844831 2.3940697 ],queued,[-0.62185191  0.08809385  0.93462812]
1119.4073519706726,1005,False,2,0,[2.33238951 8.83746462 3.95883538],landing,[ 0.50568378 -0.03156594 -0.11489306]
1119.510056734085,1000,False,5,4,[-8.09484171  7.92796773  2.13959558],queued,[-0.82138112 -0.19970136 -0.21083176]
1119.510056734085,1001,False,3,1,[-0.87326778 -8.01106597  1.28381448],waiting,[-0.48080528  0.59740651 -0.20557775]
1119.510056734085,1002,False,4,2,[-1.0499258  -3.53027686  3.99966524],cruising,[ 0.5677905  -0.59831228 -0.99408226]
1119.510056734085,1003,False,3,6,[8.76272367 9.16120092 1.96268876],landing,[ 0.63925976  0.24903542 -0.34837281]
1119.510056734085,1004,False,1,5,[5.44994049 1.62844831 2.4690697 ],queued,[-0.62185191  0.08809385  0.93462812]
1119.510056734085,1005,False,2,0,[2.3553556  8.89045413 3.91803594],landing,[ 0.50568378 -0.03156594 -0.11489306]
1119.6160383224487,1000,False,5,4,[-8.09484171  7.92796773  2.21459558],queued,[-0.82138112 -0.19970136 -0.21083176]
1119.6160383224487,1001,False,3,1,[-0.87326778 -8.01106597  1.28381448],waiting,[-0.48080528  0.59740651 -0.20557775]
1119.6160383224487,1002,False,4,2,[-1.23470556 -3.60680424  3.99971545],cruising,[ 0.5677905  -0.59831228 -0.99408226]
1119.6160383224487,1003,False,3,6,[8.78176436 9.14826505 1.86537424],landing,[ 0.63925976  0.24903542 -0.34837281]
1119.6160383224487,1004,False,1,5,[5.44994049 1.62844831 2.5440697 ],queued,[-0.62185191  0.08809385  0.93462812]
1119.6160383224487,1005,False,2,0,[2.37759725 8.92838129 3.86409874],landing,[ 0.50568378 -0.03156594 -0.11489306]
1119.716270685196,1000,False,5,4,[-8.09484171  7.92796773  2.28959558],queued,[-0.82138112 -0.19970136 -0.21083176]
1119.716270685196,1001,False,3,1,[-0.87326778 -8.01106597  1.28381448],waiting,[-0.48080528  0.59740651 -0.20557775]
1119.716270685196,1002,False,4,2,[-1.42591085 -3.66439191  3.99975992],cruising,[ 0.5677905  -0.59831228 -0.99408226]
1119.716270685196,1003,False,3,6,[8.80080505 9.13532917 1.76805973],landing,[ 0.63925976  0.24903542 -0.34837281]
1119.716270685196,1004,False,1,5,[5.44994049 1.62844831 2.6190697 ],entering,[-0.62185191  0.08809385  0.93462812]
1119.716270685196,1005,False,2,0,[2.39899941 8.95103061 3.79728198],landing,[ 0.50568378 -0.03156594 -0.11489306]
1119.8062250614166,1000,False,5,4,[-8.09484171  7.92796773  2.36459558],queued,[-0.82138112 -0.19970136 -0.21083176]
1119.8062250614166,1001,False,3,1,[-0.87326778 -8.01106597  1.28381448],waiting,[-0.48080528  0.59740651 -0.20557775]
1119.8062250614166,1002,False,4,2,[-1.62030121 -3.70223483  3.99980134],cruising,[ 0.5677905  -0.59831228 -0.99408226]
1119.8062250614166,1003,False,3,6,[8.81984574 9.1223933  1.67074521],landing,[ 0.63925976  0.24903542 -0.34837281]
1119.8062250614166,1004,False,1,5,[5.46963509 1.62496657 2.6940697 ],entering,[-0.62185191  0.08809385  0.93462812]
1119.8062250614166,1005,False,2,0,[2.4194603  8.95821506 3.71781803],landing,[ 0.50568378 -0.03156594 -0.11489306]
1119.9067165851593,1000,False,5,4,[-8.09484171  7.92796773  2.43959558],queued,[-0.82138112 -0.19970136 -0.21083176]
1119.9067165851593,1001,False,3,1,[-0.87326778 -8.01106597  1.28381448],waiting,[-0.48080528  0.59740651 -0.20557775]
1119.9067165851593,1002,False,4,2,[-1.81470289 -3.72007774  3.99984028],cruising,[ 0.5677905  -0.59831228 -0.99408226]
1119.9067165851593,1003,False,3,6,[8.83888643 9.10945742 1.57343069],landing,[ 0.63925976  0.24903542 -0.34837281]
1119.9067165851593,1004,False,1,5,[5.50901867 1.61797136 2.7690697 ],entering,[-0.62185191  0.08809385  0.93462812]
1119.9067165851593,1005,False,2,0,[2.43887593 8.94974711 3.62594803],landing,[ 0.50568378 -0.03156594 -0.11489306]
1120.006953716278,1000,False,5,4,[-8.09484171  7.92796773  2.51459558],entering,[-0.82138112 -0.19970136 -0.21083176]
1120.006953716278,1001,False,3,1,[-0.87326778 -8.01106597  1.28381448],queued,[-0.48080528  0.59740651 -0.20557775]
1120.006953716278,1002,False,4,2,[-2.00611611 -3.7181452   3.9998769 ],cruising,[ 0.5677905  -0.59831228 -0.99408226]
1120.006953716278,1003,False,3,6,[8.85792712 9.09652155 1.47611617],fake_landed,[ 0.63925976  0.24903542 -0.34837281]
1120.006953716278,1004,False,1,5,[5.56807853 1.60739232 2.8440697 ],entering,[-0.62185191  0.08809385  0.93462812]
1120.006953716278,1005,False,2,0,[2.45780411 8.93457597 3.52893483],landing,[ 0.50568378 -0.03156594 -0.11489306]
1120.1060016155243,1000,False,5,4,[-8.07699156  7.91894708  2.58959558],entering,[-0.82138112 -0.19970136 -0.21083176]
1120.1060016155243,1001,False,3,1,[-0.87326778 -8.01106597  1.30381448],queued,[-0.48080528  0.59740651 -0.20557775]
1120.1060016155243,1002,False,4,2,[-2.1919079  -3.69701891  3.9999112 ],cruising,[ 0.5677905  -0.59831228 -0.99408226]
1120.1060016155243,1003,False,3,6,[8.87315968 9.08617285 1.39826456],fake_landed,[ 0.63925976  0.24903542 -0.34837281]
1120.1060016155243,1004,False,1,5,[5.64678971 1.593095   2.9190697 ],entering,[-0.62185191  0.08809385  0.93462812]
1120.1060016155243,1005,False,2,0,[2.47673228 8.91940483 3.43192163],landing,[ 0.50568378 -0.03156594 -0.11489306]
1120.2067649364471,1000,False,5,4,[-8.04127759  7.90093289  2.66459558],entering,[-0.82138112 -0.19970136 -0.21083176]
1120.2067649364471,1001,False,3,1,[-0.87326778 -8.01106597  1.34381448],queued,[-0.48080528  0.59740651 -0.20557775]
1120.2067649364471,1002,False,4,2,[-2.36967792 -3.65757184  3.99994313],cruising,[ 0.5677905  -0.59831228 -0.99408226]
1120.2067649364471,1003,False,3,6,[8.88458409 9.07841132 1.33987585],fake_landed,[ 0.63925976  0.24903542 -0.34837281]
1120.2067649364471,1004,False,1,5,[5.7450302  1.57448423 2.9940697 ],entering,[-0.62185191  0.08809385  0.93462812]
1120.2067649364471,1005,False,2,0,[2.49566045 8.90423369 3.33490844],landing,[ 0.50568378 -0.03156594 -0.11489306]
1120.3060421943665,1000,False,5,4,[-7.98766963  7.87398533  2.73959558],entering,[-0.82138112 -0.19970136 -0.21083176]
1120.3060421943665,1001,False,3,1,[-0.87326778 -8.01106597  1.40381448],queued,[-0.48080528  0.59740651 -0.20557775]
1120.3060421943665,1002,False,4,2,[-2.5373564  -3.60085744  3.99997258],cruising,[ 0.5677905  -0.59831228 -0.99408226]
1120.3060421943665,1003,False,3,6,[8.89220037 9.07323697 1.30095004],fake_landed,[ 0.63925976  0.24903542 -0.34837281]
1120.3060421943665,1004,False,1,5,[5.8626369  1.55087843 3.0690697 ],entering,[-0.62185191  0.08809385  0.93462812]
1120.3060421943665,1005,False,2,0,[2.51458862 8.88906255 3.23789524],landing,[ 0.50568378 -0.03156594 -0.11489306]
1120.4089925289154,1000,False,5,4,[-7.91611054  7.83821976  2.81459558],entering,[-0.82138112 -0.19970136 -0.21083176]
1120.4089925289154,1001,False,3,1,[-0.87326778 -8.01106597  1.47881448],queued,[-0.48080528  0.59740651 -0.20557775]
1120.4089925289154,1002,False,4,2,[-2.69302857 -3.52814778  3.99999945],cruising,[ 0.5677905  -0.59831228 -0.99408226]
1120.4089925289154,1003,False,3,6,[8.89600851 9.0706498  1.28148714],fake_landed,[ 0.63925976  0.24903542 -0.34837281]
1120.4089925289154,1004,False,1,5,[5.99942254 1.52160095 3.1440697 ],entering,[-0.62185191  0.08809385  0.93462812]
1120.4089925289154,1005,False,2,0,[2.5335168  8.87389141 3.14088204],landing,[ 0.50568378 -0.03156594 -0.11489306]
1120.505821466446,1000,False,5,4,[-7.82655209  7.79373508  2.88959558],entering,[-0.82138112 -0.19970136 -0.21083176]
1120.505821466446,1001,False,3,1,[-0.87326778 -8.01106597  1.55381448],queued,[-0.48080528  0.59740651 -0.20557775]
1120.505821466446,1002,False,4,2,[-2.83503833 -3.44083199  4.00002363],cruising,[ 0.5677905  -0.59831228 -0.99408226]
1120.505821466446,1003,False,3,6,[8.89600851 9.0706498  1.28148714],fake_landed,[ 0.63925976  0.24903542 -0.34837281]
1120.505821466446,1004,False,1,5,[6.15470817 1.4847241  3.2190697 ],entering,[-0.62185191  0.08809385  0.93462812]
1120.505821466446,1005,False,2,0,[2.55244497 8.85872028 3.04386884],landing,[ 0.50568378 -0.03156594 -0.11489306]
1120.6115341186523,1000,False,5,4,[-7.7189701   7.74058137  2.96459558],entering,[-0.82138112 -0.19970136 -0.21083176]
1120.6115341186523,1001,False,3,1,[-0.87326778 -8.01106597  1.62881448],queued,[-0.48080528  0.59740651 -0.20557775]
1120.6115341186523,1002,False,4,2,[-2.96190725 -3.34044889  4.00004497],cruising,[ 0.5677905  -0.59831228 -0.99408226]
1120.6115341186523,1003,False,6,3,[8.89600851 9.0706498  1.28148714],waiting,[ 0.63925976  0.24903542 -0.34837281]
1120.6115341186523,1004,False,1,5,[6.3275721  1.43830769 3.2940697 ],entering,[-0.62185191  0.08809385  0.93462812]
1120.6115341186523,1005,False,2,0,[2.57137314 8.84354914 2.94685564],landing,[ 0.50568378 -0.03156594 -0.11489306]
1120.7069146633148,1000,False,5,4,[-7.59334262  7.67880441  3.03959558],entering,[-0.82138112 -0.19970136 -0.21083176]
1120.7069146633148,1001,False,3,1,[-0.87326778 -8.01106597  1.70381448],queued,[-0.48080528  0.59740651 -0.20557775]
1120.7069146633148,1002,False,4,2,[-3.07239112 -3.22859712  4.00006333],cruising,[ 0.5677905  -0.59831228 -0.99408226]
1120.7069146633148,1003,False,6,3,[8.89600851 9.0706498  1.28148714],waiting,[ 0.63925976  0.24903542 -0.34837281]
1120.7069146633148,1004,False,1,5,[6.5139196 1.3771199 3.3690697],entering,[-0.62185191  0.08809385  0.93462812]
1120.7069146633148,1005,False,2,0,[2.59030131 8.828378   2.84984244],landing,[ 0.50568378 -0.03156594 -0.11489306]
1120.812959432602,1000,False,5,4,[-7.44922234  7.60941064  3.11459558],entering,[-0.82138112 -0.19970136 -0.21083176]
1120.812959432602,1001,False,3,1,[-0.87326778 -8.01106597  1.77881448],queued,[-0.48080528  0.59740651 -0.20557775]
1120.812959432602,1002,False,4,2,[-3.1653952  -3.10702647  4.00007851],cruising,[ 0.5677905  -0.59831228 -0.99408226]
1120.812959432602,1003,False,6,3,[8.89600851 9.0706498  1.28148714],waiting,[ 0.63925976  0.24903542 -0.34837281]
1120.812959432602,1004,False,1,5,[6.70090465 1.30615096 3.4440697 ],entering,[-0.62185191  0.08809385  0.93462812]
1120.812959432602,1005,False,2,0,[2.60922949 8.81320686 2.75282924],landing,[ 0.50568378 -0.03156594 -0.11489306]
1120.9095509052277,1000,False,5,4,[-7.28638578  7.53296696  3.18959558],entering,[-0.82138112 -0.19970136 -0.21083176]
1120.9095509052277,1001,False,3,1,[-0.87326778 -8.01106597  1.85381448],entering,[-0.48080528  0.59740651 -0.20557775]
1120.9095509052277,1002,False,4,2,[-3.24037444 -2.97678949  4.0000904 ],cruising,[ 0.5677905  -0.59831228 -0.99408226]
1120.9095509052277,1003,False,6,3,[8.89600851 9.0706498  1.28148714],waiting,[ 0.63925976  0.24903542 -0.34837281]
1120.9095509052277,1004,False,1,5,[6.88390469 1.22546028 3.5190697 ],entering,[-0.62185191  0.08809385  0.93462812]
1120.9095509052277,1005,False,2,0,[2.62815766 8.79803572 2.65581604],landing,[ 0.50568378 -0.03156594 -0.11489306]
1121.0060830116272,1000,False,5,4,[-7.10404665  7.45209045  3.26459558],entering,[-0.82138112 -0.19970136 -0.21083176]
1121.0060830116272,1001,False,3,1,[-0.87975899 -7.99214868  1.92881448],entering,[-0.48080528  0.59740651 -0.20557775]
1121.0060830116272,1002,False,4,2,[-3.29706797 -2.8384511   4.00009886],cruising,[ 0.5677905  -0.59831228 -0.99408226]
1121.0060830116272,1003,False,6,3,[8.89600851 9.0706498  1.28148714],waiting,[ 0.63925976  0.24903542 -0.34837281]
1121.0060830116272,1004,False,1,5,[7.0619267  1.13431115 3.59120924],entering,[-0.62185191  0.08809385  0.93462812]
1121.0060830116272,1005,False,2,0,[2.64708583 8.78286458 2.55880284],landing,[ 0.50568378 -0.03156594 -0.11489306]
1121.1072919368744,1000,False,5,4,[-6.92021141  7.37332115  3.33959558],entering,[-0.82138112 -0.19970136 -0.21083176]
1121.1072919368744,1001,False,3,1,[-0.89274142 -7.95431408  2.00381448],entering,[-0.48080528  0.59740651 -0.20557775]
1121.1072919368744,1002,False,4,2,[-3.33530502 -2.69240827  4.00010379],cruising,[ 0.5677905  -0.59831228 -0.99408226]
1121.1072919368744,1003,False,6,3,[8.89600851 9.0706498  1.28148714],waiting,[ 0.63925976  0.24903542 -0.34837281]
1121.1072919368744,1004,False,1,5,[7.23374046 1.03193911 3.65252786],entering,[-0.62185191  0.08809385  0.93462812]
1121.1072919368744,1005,False,2,0,[2.666014   8.76769345 2.46178964],landing,[ 0.50568378 -0.03156594 -0.11489306]
1121.2118349075317,1000,False,5,4,[-6.73424171  7.29973261  3.41459558],entering,[-0.82138112 -0.19970136 -0.21083176]
1121.2118349075317,1001,False,3,1,[-0.91221506 -7.89756219  2.07881448],entering,[-0.48080528  0.59740651 -0.20557775]
1121.2118349075317,1002,False,4,2,[-3.35497049 -2.53894275  4.00010512],cruising,[ 0.5677905  -0.59831228 -0.99408226]
1121.2118349075317,1003,False,6,3,[8.89600851 9.0706498  1.28148714],waiting,[ 0.63925976  0.24903542 -0.34837281]
1121.2118349075317,1004,False,1,5,[7.39910234 0.91944269 3.70464868],entering,[-0.62185191  0.08809385  0.93462812]
1121.2118349075317,1005,False,2,0,[2.68494218 8.75252231 2.36477644],landing,[ 0.50568378 -0.03156594 -0.11489306]
1121.3068771362305,1000,False,5,4,[-6.54666634  7.23033895  3.48959558],entering,[-0.82138112 -0.19970136 -0.21083176]
1121.3068771362305,1001,False,3,1,[-0.93817991 -7.821893    2.15381448],entering,[-0.48080528  0.59740651 -0.20557775]
1121.3068771362305,1002,False,4,2,[-3.35616886 -2.37779828  4.00010275],cruising,[ 0.5677905  -0.59831228 -0.99408226]
1121.3068771362305,1003,False,6,3,[8.89600851 9.0706498  1.28148714],waiting,[ 0.63925976  0.24903542 -0.34837281]
1121.3068771362305,1004,False,1,5,[7.55502517 0.79419065 3.74895138],entering,[-0.62185191  0.08809385  0.93462812]
1121.3068771362305,1005,False,2,0,[2.70387035 8.73735117 2.26776324],landing,[ 0.50568378 -0.03156594 -0.11489306]
1121.4057669639587,1000,False,5,4,[-6.35738457  7.16574474  3.56459558],entering,[-0.82138112 -0.19970136 -0.21083176]
1121.4057669639587,1001,False,3,1,[-0.97063597 -7.72730651  2.22881448],entering,[-0.48080528  0.59740651 -0.20557775]
1121.4057669639587,1002,False,4,2,[-3.33929706 -2.20808242  4.00009658],cruising,[ 0.5677905  -0.59831228 -0.99408226]
1121.4057669639587,1003,False,6,3,[8.89600851 9.0706498  1.28148714],waiting,[ 0.63925976  0.24903542 -0.34837281]
1121.4057669639587,1004,False,1,5,[7.69953385 0.65592554 3.78660867],entering,[-0.62185191  0.08809385  0.93462812]
1121.4057669639587,1005,False,2,0,[2.72279852 8.72218003 2.17075004],landing,[ 0.50568378 -0.03156594 -0.11489306]
1121.5093898773193,1000,False,5,4,[-6.16605339  7.10750061  3.62990624],entering,[-0.82138112 -0.19970136 -0.21083176]
1121.5093898773193,1001,False,3,1,[-1.00958325 -7.61380272  2.30381448],entering,[-0.48080528  0.59740651 -0.20557775]
1121.5093898773193,1002,False,4,2,[-3.30561108 -2.0275368   4.00008652],cruising,[ 0.5677905  -0.59831228 -0.99408226]
1121.5093898773193,1003,False,6,3,[8.89600851 9.0706498  1.28148714],waiting,[ 0.63925976  0.24903542 -0.34837281]
1121.5093898773193,1004,False,1,5,[7.83063861 0.50489063 3.81861737],entering,[-0.62185191  0.08809385  0.93462812]
1121.5093898773193,1005,False,2,0,[2.7417267  8.70700889 2.07373684],landing,[ 0.50568378 -0.03156594 -0.11489306]
1121.607944726944,1000,False,5,4,[-5.97246416  7.05726906  3.68542031],entering,[-0.82138112 -0.19970136 -0.21083176]
1121.607944726944,1001,False,3,1,[-1.05502174 -7.48138164  2.37881448],entering,[-0.48080528  0.59740651 -0.20557775]
1121.607944726944,1002,False,4,2,[-3.26546751 -1.83160698  4.00007354],cruising,[ 0.5677905  -0.59831228 -0.99408226]
1121.607944726944,1003,False,6,3,[8.89600851 9.0706498  1.28148714],waiting,[ 0.63925976  0.24903542 -0.34837281]
1121.607944726944,1004,False,1,5,[7.94661973 0.3419539  3.84582476],entering,[-0.62185191  0.08809385  0.93462812]
1121.607944726944,1005,False,2,0,[2.76065487 8.69183775 1.97672365],landing,[ 0.50568378 -0.03156594 -0.11489306]
1121.7072269916534,1000,False,5,4,[-5.77688114  7.01546856  3.73260726],entering,[-0.82138112 -0.19970136 -0.21083176]
1121.7072269916534,1001,False,3,1,[-1.10695144 -7.33004325  2.45381448],entering,[-0.48080528  0.59740651 -0.20557775]
1121.7072269916534,1002,False,4,2,[-3.24184809 -1.63300657  4.00006251],cruising,[ 0.5677905  -0.59831228 -0.99408226]
1121.7072269916534,1003,False,6,3,[8.89600851 9.0706498  1.28148714],waiting,[ 0.63925976  0.24903542 -0.34837281]
1121.7072269916534,1004,False,1,5,[8.04635199 0.16859451 3.86895105],cruising,[-0.62185191  0.08809385  0.93462812]
1121.7072269916534,1005,False,2,0,[2.77958304 8.67666662 1.87971045],landing,[ 0.50568378 -0.03156594 -0.11489306]
1121.8060777187347,1000,False,5,4,[-5.5796072   6.98255967  3.77271617],entering,[-0.82138112 -0.19970136 -0.21083176]
1121.8060777187347,1001,False,3,1,[-1.16537236 -7.15978757  2.52881448],entering,[-0.48080528  0.59740651 -0.20557775]
1121.8060777187347,1002,False,4,2,[-3.2342222  -1.43315201  4.00005313],cruising,[ 0.5677905  -0.59831228 -0.99408226]
1121.8060777187347,1003,False,6,3,[8.89600851 9.0706498  1.28148714],waiting,[ 0.63925976  0.24903542 -0.34837281]
1121.8060777187347,1004,False,1,5,[ 8.12850423 -0.0137055   3.88875949],cruising,[-0.62185191  0.08809385  0.93462812]
1121.8060777187347,1005,False,2,0,[2.79851121 8.66149548 1.78269725],landing,[ 0.50568378 -0.03156594 -0.11489306]
1121.9111223220825,1000,False,5,4,[-5.38067825  6.9618891   3.80680875],entering,[-0.82138112 -0.19970136 -0.21083176]
1121.9111223220825,1001,False,3,1,[-1.23153811 -6.97109233  2.60381448],entering,[-0.48080528  0.59740651 -0.20557775]
1121.9111223220825,1002,False,4,2,[-3.24216251 -1.23330969  4.00004516],cruising,[ 0.5677905  -0.59831228 -0.99408226]
1121.9111223220825,1003,False,6,3,[8.89600851 9.0706498  1.28148714],waiting,[ 0.63925976  0.24903542 -0.34837281]
1121.9111223220825,1004,False,1,5,[ 8.1939332  -0.20270034  3.90544557],cruising,[-0.62185191  0.08809385  0.93462812]
1121.9111223220825,1005,False,2,0,[2.81743939 8.64632434 1.68568405],landing,[ 0.50568378 -0.03156594 -0.11489306]
1122.0063123703003,1000,False,5,4,[-5.18094103  6.95164003  3.83578743],entering,[-0.82138112 -0.19970136 -0.21083176]
1122.0063123703003,1001,False,3,1,[-1.29771971 -6.78235973  2.67881448],entering,[-0.48080528  0.59740651 -0.20557775]
1122.0063123703003,1002,False,4,2,[-3.26462754 -1.03457539  4.00003839],cruising,[ 0.5677905  -0.59831228 -0.99408226]
1122.0063123703003,1003,False,6,3,[8.89600851 9.0706498  1.28148714],waiting,[ 0.63925976  0.24903542 -0.34837281]
1122.0063123703003,1004,False,1,5,[ 8.24480745 -0.39612167  3.91962873],cruising,[-0.62185191  0.08809385  0.93462812]
1122.0063123703003,1005,False,2,0,[2.83636756 8.6311532  1.58867085],landing,[ 0.50568378 -0.03156594 -0.11489306]
1122.1062850952148,1000,False,5,4,[-4.98094103  6.95162469  3.86041932],cruising,[-0.82138112 -0.19970136 -0.21083176]
1122.1062850952148,1001,False,3,1,[-1.36390131 -6.59362712  2.75381448],entering,[-0.48080528  0.59740651 -0.20557775]
1122.1062850952148,1002,False,4,2,[-3.30044784 -0.83780927  4.00003263],cruising,[ 0.5677905  -0.59831228 -0.99408226]
1122.1062850952148,1003,False,6,3,[8.89600851 9.0706498  1.28148714],waiting,[ 0.63925976  0.24903542 -0.34837281]
1122.1062850952148,1004,False,1,5,[ 8.28268567 -0.59250201  3.93168442],cruising,[-0.62185191  0.08809385  0.93462812]
1122.1062850952148,1005,False,2,0,[2.85529573 8.61598206 1.49165765],fake_landed,[ 0.50568378 -0.03156594 -0.11489306]
1122.2062406539917,1000,False,5,4,[-4.78117829  6.96136368  3.88135642],cruising,[-0.82138112 -0.19970136 -0.21083176]
1122.2062406539917,1001,False,3,1,[-1.43086369 -6.40517013  2.82881448],entering,[-0.48080528  0.59740651 -0.20557775]
1122.2062406539917,1002,False,4,2,[-3.34701398 -0.64330582  4.00002774],cruising,[ 0.5677905  -0.59831228 -0.99408226]
1122.2062406539917,1003,False,6,3,[8.89600851 9.0706498  1.28148714],waiting,[ 0.63925976  0.24903542 -0.34837281]
1122.2062406539917,1004,False,1,5,[ 8.30920633 -0.79073585  3.94193176],cruising,[-0.62185191  0.08809385  0.93462812]
1122.2062406539917,1005,False,2,0,[2.87043827 8.60384515 1.41404709],fake_landed,[ 0.50568378 -0.03156594 -0.11489306]
1122.307549238205,1000,False,5,4,[-4.58201927  6.97968538  3.89915296],cruising,[-0.82138112 -0.19970136 -0.21083176]
1122.307549238205,1001,False,3,1,[-1.49836024 -6.21690378  2.90381448],entering,[-0.48080528  0.59740651 -0.20557775]
1122.307549238205,1002,False,4,2,[-3.40498117 -0.45189055  4.00002358],cruising,[ 0.5677905  -0.59831228 -0.99408226]
1122.307549238205,1003,False,6,3,[8.89600851 9.0706498  1.28148714],waiting,[ 0.63925976  0.24903542 -0.34837281]
1122.307549238205,1004,False,1,5,[ 8.32379867 -0.9902028   3.950642  ],cruising,[-0.62185191  0.08809385  0.93462812]
1122.307549238205,1005,False,2,0,[2.88179517 8.59474247 1.35583917],fake_landed,[ 0.50568378 -0.03156594 -0.11489306]
1122.405940771103,1000,False,5,4,[-4.38362679  7.00499195  3.91428001],cruising,[-0.82138112 -0.19970136 -0.21083176]
1122.405940771103,1001,False,3,1,[-1.56585678 -6.02863744  2.97881448],entering,[-0.48080528  0.59740651 -0.20557775]
1122.405940771103,1002,False,4,2,[-3.47358039 -0.26402318  4.00002004],cruising,[ 0.5677905  -0.59831228 -0.99408226]
1122.405940771103,1003,False,6,3,[8.89600851 9.0706498  1.28148714],waiting,[ 0.63925976  0.24903542 -0.34837281]
1122.405940771103,1004,False,1,5,[ 8.33022144 -1.19009964  3.9580457 ],cruising,[-0.62185191  0.08809385  0.93462812]
1122.405940771103,1005,False,2,0,[2.88936644 8.58867401 1.31703389],fake_landed,[ 0.50568378 -0.03156594 -0.11489306]
1122.5072059631348,1000,False,5,4,[-4.18597202  7.0355303   3.92713801],cruising,[-0.82138112 -0.19970136 -0.21083176]
1122.5072059631348,1001,False,3,1,[-1.63462955 -5.84083353  3.05381448],entering,[-0.48080528  0.59740651 -0.20557775]
1122.5072059631348,1002,False,4,2,[-3.55013703 -0.07925554  4.00001703],cruising,[ 0.5677905  -0.59831228 -0.99408226]
1122.5072059631348,1003,False,6,3,[8.89600851 9.0706498  1.28148714],queued,[ 0.63925976  0.24903542 -0.34837281]
1122.5072059631348,1004,False,1,5,[ 8.32953303 -1.39009846  3.96433884],cruising,[-0.62185191  0.08809385  0.93462812]
1122.5072059631348,1005,False,2,0,[2.89315208 8.58563978 1.29763125],fake_landed,[ 0.50568378 -0.03156594 -0.11489306]
1122.6068959236145,1000,False,5,4,[-3.98889357  7.06959031  3.93806731],cruising,[-0.82138112 -0.19970136 -0.21083176]
1122.6068959236145,1001,False,3,1,[-1.70340231 -5.65302963  3.12881448],entering,[-0.48080528  0.59740651 -0.20557775]
1122.6068959236145,1002,False,4,2,[-3.63743081  0.10068833  4.00001448],exiting,[ 0.5677905  -0.59831228 -0.99408226]
1122.6068959236145,1003,False,6,3,[8.89600851 9.0706498  1.30148714],queued,[ 0.63925976  0.24903542 -0.34837281]
1122.6068959236145,1004,False,1,5,[ 8.32031783 -1.58988605  3.96968802],cruising,[-0.62185191  0.08809385  0.93462812]
1122.6068959236145,1005,False,0,6,[2.89315208 8.58563978 1.29763125],waiting,[ 0.50568378 -0.03156594 -0.11489306]
1122.7063958644867,1000,False,5,4,[-3.79216401  7.10561085  3.94735721],cruising,[-0.82138112 -0.19970136 -0.21083176]
1122.7063958644867,1001,False,3,1,[-1.77331638 -5.4656476   3.20381448],entering,[-0.48080528  0.59740651 -0.20557775]
1122.7063958644867,1002,False,4,2,[-3.724918    0.26063313  4.00001192],exiting,[ 0.5677905  -0.59831228 -0.99408226]
1122.7063958644867,1003,False,6,3,[8.89600851 9.0706498  1.34148714],queued,[ 0.63925976  0.24903542 -0.34837281]
1122.7063958644867,1004,False,1,5,[ 8.30579137 -1.7893578   3.97423481],cruising,[-0.62185191  0.08809385  0.93462812]
1122.7063958644867,1005,False,0,6,[2.89315208 8.58563978 1.29763125],waiting,[ 0.50568378 -0.03156594 -0.11489306]
1122.8065676689148,1000,False,5,4,[-3.59510101  7.13976015  3.95525363],cruising,[-0.82138112 -0.19970136 -0.21083176]
1122.8065676689148,1001,False,3,1,[-1.84276934 -5.27809418  3.27881448],entering,[-0.48080528  0.59740651 -0.20557775]
1122.8065676689148,1002,False,4,2,[-3.8124348   0.40057796  4.0000094 ],exiting,[ 0.5677905  -0.59831228 -0.99408226]
1122.8065676689148,1003,False,6,3,[8.89600851 9.0706498  1.40148714],queued,[ 0.63925976  0.24903542 -0.34837281]
1122.8065676689148,1004,False,1,5,[ 8.28637342 -1.98841293  3.97809959],cruising,[-0.62185191  0.08809385  0.93462812]
1122.8065676689148,1005,False,0,6,[2.89315208 8.58563978 1.29763125],waiting,[ 0.50568378 -0.03156594 -0.11489306]
1122.9134485721588,1000,False,5,4,[-3.3980044   7.17371493  3.96196559],cruising,[-0.82138112 -0.19970136 -0.21083176]
1122.9134485721588,1001,False,3,1,[-1.91368726 -5.09108977  3.35381448],entering,[-0.48080528  0.59740651 -0.20557775]
1122.9134485721588,1002,False,4,2,[-3.89979889  0.52052337  4.00000695],exiting,[ 0.5677905  -0.59831228 -0.99408226]
1122.9134485721588,1003,False,6,3,[8.89600851 9.0706498  1.47648714],queued,[ 0.63925976  0.24903542 -0.34837281]
1122.9134485721588,1004,False,1,5,[ 8.25975477 -2.18663363  3.98138465],cruising,[-0.62185191  0.08809385  0.93462812]
1122.9134485721588,1005,False,0,6,[2.89315208 8.58563978 1.29763125],waiting,[ 0.50568378 -0.03156594 -0.11489306]
1123.0057713985443,1000,False,5,4,[-3.2006763   7.20629746  3.96767075],cruising,[-0.82138112 -0.19970136 -0.21083176]
1123.0057713985443,1001,False,3,1,[-1.98522464 -4.90432146  3.42881448],entering,[-0.48080528  0.59740651 -0.20557775]
1123.0057713985443,1002,False,4,2,[-3.98680464  0.620472    4.00000461],exiting,[ 0.5677905  -0.59831228 -0.99408226]
1123.0057713985443,1003,False,6,3,[8.89600851 9.0706498  1.55148714],entering,[ 0.63925976  0.24903542 -0.34837281]
1123.0057713985443,1004,False,1,5,[ 8.22900613 -2.3842558   3.98417695],cruising,[-0.62185191  0.08809385  0.93462812]
1123.0057713985443,1005,False,0,6,[2.89315208 8.58563978 1.29763125],waiting,[ 0.50568378 -0.03156594 -0.11489306]
1123.1057527065277,1000,False,5,4,[-3.00257171  7.2337669   3.97252014],cruising,[-0.82138112 -0.19970136 -0.21083176]
1123.1057527065277,1001,False,3,1,[-2.05702455 -4.71765391  3.50381448],entering,[-0.48080528  0.59740651 -0.20557775]
1123.1057527065277,1002,False,4,2,[-4.07321349  0.70042953  4.00000243],exiting,[ 0.5677905  -0.59831228 -0.99408226]
1123.1057527065277,1003,False,6,3,[8.89178022 9.05110187 1.62648714],entering,[ 0.63925976  0.24903542 -0.34837281]
1123.1057527065277,1004,False,1,5,[ 8.19413061 -2.58119157  3.98655041],cruising,[-0.62185191  0.08809385  0.93462812]
1123.1057527065277,1005,False,0,6,[2.89315208 8.58563978 1.29763125],waiting,[ 0.50568378 -0.03156594 -0.11489306]
1123.2127368450165,1000,False,5,4,[-2.80406205  7.25813727  3.97664212],cruising,[-0.82138112 -0.19970136 -0.21083176]
1123.2127368450165,1001,False,3,1,[-2.12871645 -4.53094486  3.57824231],entering,[-0.48080528  0.59740651 -0.20557775]
1123.2127368450165,1002,False,4,2,[-4.15873192  0.76040689  4.00000046],exiting,[ 0.5677905  -0.59831228 -0.99408226]
1123.2127368450165,1003,False,6,3,[8.88332364 9.01200601 1.70148714],entering,[ 0.63925976  0.24903542 -0.34837281]
1123.2127368450165,1004,False,1,5,[ 8.15181017 -2.77666275  3.98856785],cruising,[-0.62185191  0.08809385  0.93462812]
1123.2127368450165,1005,False,0,6,[2.89315208 8.58563978 1.29763125],waiting,[ 0.50568378 -0.03156594 -0.11489306]
1123.306384086609,1000,False,5,4,[-2.60479094  7.27519673  3.9801458 ],cruising,[-0.82138112 -0.19970136 -0.21083176]
1123.306384086609,1001,False,3,1,[-2.19877042 -4.34361509  3.64150596],entering,[-0.48080528  0.59740651 -0.20557775]
1123.306384086609,1002,False,4,2,[-4.2429481   0.80042669  3.9999988 ],exiting,[ 0.5677905  -0.59831228 -0.99408226]
1123.306384086609,1003,False,6,3,[8.87063877 8.95336222 1.77648714],entering,[ 0.63925976  0.24903542 -0.34837281]
1123.306384086609,1004,False,1,5,[ 8.10544866 -2.97121508  3.99028267],cruising,[-0.62185191  0.08809385  0.93462812]
1123.306384086609,1005,False,0,6,[2.89315208 8.58563978 1.29763125],waiting,[ 0.50568378 -0.03156594 -0.11489306]
1123.4059097766876,1000,False,5,4,[-2.40514976  7.28717179  3.98312393],cruising,[-0.82138112 -0.19970136 -0.21083176]
1123.4059097766876,1001,False,3,1,[-2.26345478 -4.15436411  3.69528007],entering,[-0.48080528  0.59740651 -0.20557775]
1123.4059097766876,1002,False,4,2,[-4.32560846  0.8205071   3.9999975 ],exiting,[ 0.5677905  -0.59831228 -0.99408226]
1123.4059097766876,1003,False,6,3,[8.8537256  8.8751705  1.85148714],entering,[ 0.63925976  0.24903542 -0.34837281]
1123.4059097766876,1004,False,1,5,[ 8.05085452 -3.16361955  3.99174027],cruising,[-0.62185191  0.08809385  0.93462812]
1123.4059097766876,1005,False,0,6,[2.89315208 8.58563978 1.29763125],waiting,[ 0.50568378 -0.03156594 -0.11489306]
1123.5069506168365,1000,False,5,4,[-2.20515539  7.28867179  3.98565534],cruising,[-0.82138112 -0.19970136 -0.21083176]
1123.5069506168365,1001,False,3,1,[-2.32598033 -3.96438897  3.74098806],entering,[-0.48080528  0.59740651 -0.20557775]
1123.5069506168365,1002,False,4,2,[-4.4064553  0.8206699  3.9999966],exiting,[ 0.5677905  -0.59831228 -0.99408226]
1123.5069506168365,1003,False,6,3,[8.83258883 8.77742984 1.92648714],entering,[ 0.63925976  0.24903542 -0.34837281]
1123.5069506168365,1004,False,1,5,[ 7.98759634 -3.353352    3.99297923],cruising,[-0.62185191  0.08809385  0.93462812]
1123.5069506168365,1005,False,0,6,[2.89315208 8.58563978 1.29763125],queued,[ 0.50568378 -0.03156594 -0.11489306]
1123.6061644554138,1000,False,5,4,[-2.00579888  7.27264115  3.98780704],cruising,[-0.82138112 -0.19970136 -0.21083176]
1123.6061644554138,1001,False,3,1,[-2.38766261 -3.77413835  3.77983985],entering,[-0.48080528  0.59740651 -0.20557775]
1123.6061644554138,1002,False,4,2,[-4.48522674  0.80094068  3.99999614],exiting,[ 0.5677905  -0.59831228 -0.99408226]
1123.6061644554138,1003,False,6,3,[8.80738676 8.6601067  2.00148714],entering,[ 0.63925976  0.24903542 -0.34837281]
1123.6061644554138,1004,False,1,5,[ 7.91954194 -3.54141741  3.99403235],cruising,[-0.62185191  0.08809385  0.93462812]
1123.6061644554138,1005,False,0,6,[2.89315208 8.58563978 1.31763125],queued,[ 0.50568378 -0.03156594 -0.11489306]
1123.7092130184174,1000,False,5,4,[-1.80888586  7.23763738  3.98963598],cruising,[-0.82138112 -0.19970136 -0.21083176]
1123.7092130184174,1001,False,3,1,[-2.44882344 -3.58371946  3.81286387],cruising,[-0.48080528  0.59740651 -0.20557775]
1123.7092130184174,1002,False,4,2,[-4.56165651  0.76134901  3.99999615],exiting,[ 0.5677905  -0.59831228 -0.99408226]
1123.7092130184174,1003,False,6,3,[8.77836493 8.52315172 2.07648714],entering,[ 0.63925976  0.24903542 -0.34837281]
1123.7092130184174,1004,False,1,5,[ 7.84041172 -3.72509759  3.99492749],cruising,[-0.62185191  0.08809385  0.93462812]
1123.7092130184174,1005,False,0,6,[2.89315208 8.58563978 1.35763125],queued,[ 0.50568378 -0.03156594 -0.11489306]
1123.8105990886688,1000,False,5,4,[-1.61563374  7.1861241   3.99119059],cruising,[-0.82138112 -0.19970136 -0.21083176]
1123.8105990886688,1001,False,3,1,[-2.50409872 -3.39150957  3.84093429],cruising,[-0.48080528  0.59740651 -0.20557775]
1123.8105990886688,1002,False,4,2,[-4.63547369  0.70192872  3.99999662],exiting,[ 0.5677905  -0.59831228 -0.99408226]
1123.8105990886688,1003,False,6,3,[8.74592712 8.36649062 2.15148714],entering,[ 0.63925976  0.24903542 -0.34837281]
1123.8105990886688,1004,False,1,5,[ 7.74874165 -3.90285191  3.99568837],cruising,[-0.62185191  0.08809385  0.93462812]
1123.8105990886688,1005,False,0,6,[2.89315208 8.58563978 1.41763125],queued,[ 0.50568378 -0.03156594 -0.11489306]
1123.9058022499084,1000,False,5,4,[-1.42663688  7.12070097  3.992512  ],cruising,[-0.82138112 -0.19970136 -0.21083176]
1123.9058022499084,1001,False,3,1,[-2.54967483 -3.19677175  3.86479415],cruising,[-0.48080528  0.59740651 -0.20557775]
1123.9058022499084,1002,False,4,2,[-4.70789962  0.63297595  3.99999723],exiting,[ 0.5677905  -0.59831228 -0.99408226]
1123.9058022499084,1003,False,6,3,[8.71041524 8.19006718 2.22648714],entering,[ 0.63925976  0.24903542 -0.34837281]
1123.9058022499084,1004,False,1,5,[ 7.64248749 -4.07229233  3.99633511],cruising,[-0.62185191  0.08809385  0.93462812]
1123.9058022499084,1005,False,0,6,[2.89315208 8.58563978 1.49263125],queued,[ 0.50568378 -0.03156594 -0.11489306]
1124.0155012607574,1000,False,5,4,[-1.24197638  7.04388627  3.9936352 ],cruising,[-0.82138112 -0.19970136 -0.21083176]
1124.0155012607574,1001,False,3,1,[-2.59371791 -3.0016815   3.88507503],cruising,[-0.48080528  0.59740651 -0.20557775]
1124.0155012607574,1002,False,4,2,[-4.78032556  0.56402318  3.99999773],exiting,[ 0.5677905  -0.59831228 -0.99408226]
1124.0155012607574,1003,False,6,3,[8.67186677 7.9938756  2.30148714],entering,[ 0.63925976  0.24903542 -0.34837281]
1124.0155012607574,1004,False,1,5,[ 7.51987031 -4.23023306  3.99688941],cruising,[-0.62185191  0.08809385  0.93462812]
1124.0155012607574,1005,False,0,6,[2.89315208 8.58563978 1.56763125],queued,[ 0.50568378 -0.03156594 -0.11489306]
1124.1058127880096,1000,False,5,4,[-1.05994677  6.96102962  3.99458992],cruising,[-0.82138112 -0.19970136 -0.21083176]
1124.1058127880096,1001,False,3,1,[-2.63698469 -2.80641761  3.90231377],cruising,[-0.48080528  0.59740651 -0.20557775]
1124.1058127880096,1002,False,4,2,[-4.85275149  0.49507041  3.99999814],exiting,[ 0.5677905  -0.59831228 -0.99408226]
1124.1058127880096,1003,False,6,3,[8.63330973 7.7976274  2.37648714],entering,[ 0.63925976  0.24903542 -0.34837281]
1124.1058127880096,1004,False,1,5,[ 7.38285828 -4.37428902  3.99740317],cruising,[-0.62185191  0.08809385  0.93462812]
1124.1058127880096,1005,False,0,6,[2.89315208 8.58563978 1.64263125],queued,[ 0.50568378 -0.03156594 -0.11489306]
1124.2063813209534,1000,False,5,4,[-0.88195598  6.86981954  3.99540143],cruising,[-0.82138112 -0.19970136 -0.21083176]
1124.2063813209534,1001,False,3,1,[-2.67746902 -2.61055791  3.91696671],cruising,[-0.48080528  0.59740651 -0.20557775]
1124.2063813209534,1002,False,4,2,[-4.92517742  0.42611764  3.99999848],exiting,[ 0.5677905  -0.59831228 -0.99408226]
1124.2063813209534,1003,False,6,3,[8.59533657 7.60126539 2.45148714],entering,[ 0.63925976  0.24903542 -0.34837281]
1124.2063813209534,1004,False,1,5,[ 7.23322564 -4.50282989  3.99787691],cruising,[-0.62185191  0.08809385  0.93462812]
1124.2063813209534,1005,False,0,6,[2.89315208 8.58563978 1.71763125],queued,[ 0.50568378 -0.03156594 -0.11489306]
1124.3164525032043,1000,False,5,4,[-0.70730654  6.77236405  3.99609122],cruising,[-0.82138112 -0.19970136 -0.21083176]
1124.3164525032043,1001,False,3,1,[-2.71932849 -2.41498751  3.9294217 ],cruising,[-0.48080528  0.59740651 -0.20557775]
1124.3164525032043,1002,False,4,2,[-4.99760335  0.35716487  3.99999876],exiting,[ 0.5677905  -0.59831228 -0.99408226]
1124.3164525032043,1003,False,6,3,[8.55995449 7.40442    2.52648714],entering,[ 0.63925976  0.24903542 -0.34837281]
1124.3164525032043,1004,False,1,5,[ 7.07298877 -4.61441348  3.99831199],cruising,[-0.62185191  0.08809385  0.93462812]
1124.3164525032043,1005,False,0,6,[2.89315208 8.58563978 1.79263125],queued,[ 0.50568378 -0.03156594 -0.11489306]
1124.4055852890015,1000,False,5,4,[-0.53431949  6.67198737  3.99667753],cruising,[-0.82138112 -0.19970136 -0.21083176]
1124.4055852890015,1001,False,3,1,[-2.76281374 -2.21977216  3.94000845],cruising,[-0.48080528  0.59740651 -0.20557775]
1124.4055852890015,1002,False,4,2,[-5.07002928  0.2882121   3.99999899],exiting,[ 0.5677905  -0.59831228 -0.99408226]
1124.4055852890015,1003,False,6,3,[8.5257683  7.2073634  2.60148714],entering,[ 0.63925976  0.24903542 -0.34837281]
1124.4055852890015,1004,False,1,5,[ 6.90430195 -4.70786983  3.99870938],cruising,[-0.62185191  0.08809385  0.93462812]
1124.4055852890015,1005,False,0,6,[2.89315208 8.58563978 1.86763125],queued,[ 0.50568378 -0.03156594 -0.11489306]
1124.5069541931152,1000,False,5,4,[-0.36360587  6.5677911   3.9971759 ],cruising,[-0.82138112 -0.19970136 -0.21083176]
1124.5069541931152,1001,False,3,1,[-2.80743072 -2.02481235  3.94900718],cruising,[-0.48080528  0.59740651 -0.20557775]
1124.5069541931152,1002,False,4,2,[-5.14245521  0.21925933  3.99999918],exiting,[ 0.5677905  -0.59831228 -0.99408226]
1124.5069541931152,1003,False,6,3,[8.4915821  7.0103068  2.67648714],entering,[ 0.63925976  0.24903542 -0.34837281]
1124.5069541931152,1004,False,1,5,[ 6.72938828 -4.78232026  3.99906947],cruising,[-0.62185191  0.08809385  0.93462812]
1124.5069541931152,1005,False,0,6,[2.89315208 8.58563978 1.94263125],queued,[ 0.50568378 -0.03156594 -0.11489306]
1124.620017528534,1000,False,5,4,[-0.19434545  6.46125045  3.99759952],cruising,[-0.82138112 -0.19970136 -0.21083176]
1124.620017528534,1001,False,3,1,[-2.85492763 -1.83053409  3.9566561 ],cruising,[-0.48080528  0.59740651 -0.20557775]
1124.620017528534,1002,False,4,2,[-5.21488114  0.15030656  3.99999933],exiting,[ 0.5677905  -0.59831228 -0.99408226]
1124.620017528534,1003,False,6,3,[8.45887849 6.81299873 2.75148714],entering,[ 0.63925976  0.24903542 -0.34837281]
1124.620017528534,1004,False,1,5,[ 6.55049685 -4.83717028  3.99939209],cruising,[-0.62185191  0.08809385  0.93462812]
1124.620017528534,1005,False,0,6,[2.89315208 8.58563978 2.01763125],queued,[ 0.50568378 -0.03156594 -0.11489306]
1124.707002878189,1000,False,5,4,[-0.02550932  6.3540387   3.99795959],cruising,[-0.82138112 -0.19970136 -0.21083176]
1124.707002878189,1001,False,3,1,[-2.90557801 -1.63705401  3.96315769],cruising,[-0.48080528  0.59740651 -0.20557775]
1124.707002878189,1002,False,4,2,[-5.28730708  0.08135379  3.99999946],exiting,[ 0.5677905  -0.59831228 -0.99408226]
1124.707002878189,1003,False,6,3,[8.42973144 6.615134   2.82648714],entering,[ 0.63925976  0.24903542 -0.34837281]
1124.707002878189,1004,False,1,5,[ 6.36989551 -4.87209357  3.99967643],cruising,[-0.62185191  0.08809385  0.93462812]
1124.707002878189,1005,False,0,6,[2.89315208 8.58563978 2.09263125],queued,[ 0.50568378 -0.03156594 -0.11489306]
1124.805879831314,1000,False,5,4,[0.14299795 6.2463108  3.99826565],cruising,[-0.82138112 -0.19970136 -0.21083176]
1124.805879831314,1001,False,3,1,[-2.95971687 -1.44452094  3.96868403],cruising,[-0.48080528  0.59740651 -0.20557775]
1124.805879831314,1002,False,4,2,[-5.35973301  0.01240102  3.99999956],exiting,[ 0.5677905  -0.59831228 -0.99408226]
1124.805879831314,1003,False,6,3,[8.40058439 6.41726928 2.90148714],entering,[ 0.63925976  0.24903542 -0.34837281]
1124.805879831314,1004,False,1,5,[ 6.18878914 -4.88702328  3.9999196 ],cruising,[-0.62185191  0.08809385  0.93462812]
1124.805879831314,1005,False,0,6,[2.89315208 8.58563978 2.16763125],queued,[ 0.50568378 -0.03156594 -0.11489306]
1124.9067797660828,1000,False,5,4,[0.31176412 6.13898895 3.9985258 ],cruising,[-0.82138112 -0.19970136 -0.21083176]
1124.9067797660828,1001,False,3,1,[-3.01772013 -1.2531166   3.97338143],cruising,[-0.48080528  0.59740651 -0.20557775]
1124.9067797660828,1002,False,4,2,[-5.43215894 -0.05655175  3.99999965],exiting,[ 0.5677905  -0.59831228 -0.99408226]
1124.9067797660828,1003,False,6,3,[8.37395237 6.21905037 2.97648714],entering,[ 0.63925976  0.24903542 -0.34837281]
1124.9067797660828,1004,False,1,5,[ 6.00856801 -4.88197263  4.00012057],cruising,[-0.62185191  0.08809385  0.93462812]
1124.9067797660828,1005,False,0,6,[2.89315208 8.58563978 2.24263125],queued,[ 0.50568378 -0.03156594 -0.11489306]
1125.017907857895,1000,False,5,4,[0.48104384 6.03247897 3.99874693],cruising,[-0.82138112 -0.19970136 -0.21083176]
1125.017907857895,1001,False,3,1,[-3.07998707 -1.06305654  3.97737421],cruising,[-0.48080528  0.59740651 -0.20557775]
1125.017907857895,1002,False,4,2,[-5.50458487 -0.12550452  3.99999972],exiting,[ 0.5677905  -0.59831228 -0.99408226]
1125.017907857895,1003,False,6,3,[8.35045797 6.02043513 3.05148714],entering,[ 0.63925976  0.24903542 -0.34837281]
1125.017907857895,1004,False,1,5,[ 5.83041393 -4.85702914  4.00027827],cruising,[-0.62185191  0.08809385  0.93462812]
1125.017907857895,1005,False,0,6,[2.89315208 8.58563978 2.31763125],queued,[ 0.50568378 -0.03156594 -0.11489306]
1125.1079943180084,1000,False,5,4,[0.65147065 5.92781425 3.99893489],cruising,[-0.82138112 -0.19970136 -0.21083176]
1125.1079943180084,1001,False,3,1,[-3.14581589 -0.8742006   3.98076808],cruising,[-0.48080528  0.59740651 -0.20557775]
1125.1079943180084,1002,False,4,2,[-5.5770108  -0.19445729  3.99999977],exiting,[ 0.5677905  -0.59831228 -0.99408226]
1125.1079943180084,1003,False,6,3,[8.32818087 5.82167968 3.12648714],entering,[ 0.63925976  0.24903542 -0.34837281]
1125.1079943180084,1004,False,1,5,[ 5.65484404 -4.81225335  4.00038943],cruising,[-0.62185191  0.08809385  0.93462812]
1125.1079943180084,1005,False,0,6,[2.89315208 8.58563978 2.39263125],entering,[ 0.50568378 -0.03156594 -0.11489306]
1125.2157287597656,1000,False,5,4,[0.82302594 5.82500966 3.99909466],cruising,[-0.82138112 -0.19970136 -0.21083176]
1125.2157287597656,1001,False,3,1,[-3.21673206 -0.68719552  3.98365287],cruising,[-0.48080528  0.59740651 -0.20557775]
1125.2157287597656,1002,False,4,2,[-5.64943673 -0.26341006  3.99999982],exiting,[ 0.5677905  -0.59831228 -0.99408226]
1125.2157287597656,1003,False,6,3,[8.31078805 5.62243739 3.20148714],entering,[ 0.63925976  0.24903542 -0.34837281]
1125.2157287597656,1004,False,1,5,[ 5.48257233 -4.74775145  4.0004527 ],cruising,[-0.62185191  0.08809385  0.93462812]
1125.2157287597656,1005,False,0,6,[2.88953844 8.56596895 2.46763125],entering,[ 0.50568378 -0.03156594 -0.11489306]
1125.3088073730469,1000,False,5,4,[0.99662884 5.7257019  3.99923046],cruising,[-0.82138112 -0.19970136 -0.21083176]
1125.3088073730469,1001,False,3,1,[-3.29314976 -0.50237038  3.98610494],cruising,[-0.48080528  0.59740651 -0.20557775]
1125.3088073730469,1002,False,4,2,[-5.72186266 -0.33236283  3.99999985],exiting,[ 0.5677905  -0.59831228 -0.99408226]
1125.3088073730469,1003,False,6,3,[8.29609845 5.42297758 3.27648714],entering,[ 0.63925976  0.24903542 -0.34837281]
1125.3088073730469,1004,False,1,5,[ 5.3133695  -4.66348647  4.00046309],cruising,[-0.62185191  0.08809385  0.93462812]
1125.3088073730469,1005,False,0,6,[2.88233569 8.5266228  2.54263125],entering,[ 0.50568378 -0.03156594 -0.11489306]
1125.4107604026794,1000,False,5,4,[1.17186065 5.62929748 3.99934589],cruising,[-0.82138112 -0.19970136 -0.21083176]
1125.4107604026794,1001,False,3,1,[-3.37545373 -0.32009022  3.9881892 ],cruising,[-0.48080528  0.59740651 -0.20557775]
1125.4107604026794,1002,False,4,2,[-5.7942886  -0.4013156   3.99999988],exiting,[ 0.5677905  -0.59831228 -0.99408226]
1125.4107604026794,1003,False,6,3,[8.28498663 5.2232865  3.35148714],entering,[ 0.63925976  0.24903542 -0.34837281]
1125.4107604026794,1004,False,1,5,[ 5.14667125 -4.55937901  4.00041633],cruising,[-0.62185191  0.08809385  0.93462812]
1125.4107604026794,1005,False,0,6,[2.87179002 8.467558   2.61763125],entering,[ 0.50568378 -0.03156594 -0.11489306]
1125.5170080661774,1000,False,5,4,[1.34895274 5.53635452 3.99944401],cruising,[-0.82138112 -0.19970136 -0.21083176]
1125.5170080661774,1001,False,3,1,[-3.46208959 -0.13982866  3.98996082],cruising,[-0.48080528  0.59740651 -0.20557775]
1125.5170080661774,1002,False,4,2,[-5.86671453 -0.47026837  3.99999991],exiting,[ 0.5677905  -0.59831228 -0.99408226]
1125.5170080661774,1003,False,6,3,[8.28001543 5.02334829 3.42648714],entering,[ 0.63925976  0.24903542 -0.34837281]
1125.5170080661774,1004,False,1,5,[ 4.97639604 -4.45446784  4.00035388],cruising,[-0.62185191  0.08809385  0.93462812]
1125.5170080661774,1005,False,0,6,[2.85807761 8.3887455  2.69263125],entering,[ 0.50568378 -0.03156594 -0.11489306]
1125.6063022613525,1000,False,5,4,[1.52909199 5.44946464 3.99952741],cruising,[-0.82138112 -0.19970136 -0.21083176]
1125.6063022613525,1001,False,3,1,[-3.55566053  0.03693242  3.9914667 ],cruising,[-0.48080528  0.59740651 -0.20557775]
1125.6063022613525,1002,False,4,2,[-5.93914046 -0.53922114  3.99999993],exiting,[ 0.5677905  -0.59831228 -0.99408226]
1125.6063022613525,1003,False,6,3,[8.28055426 4.82334902 3.50148714],entering,[ 0.63925976  0.24903542 -0.34837281]
1125.6063022613525,1004,False,1,5,[ 4.80295505 -4.35487757  4.0003008 ],cruising,[-0.62185191  0.08809385  0.93462812]
1125.6063022613525,1005,False,0,6,[2.84143659 8.29014859 2.76763125],entering,[ 0.50568378 -0.03156594 -0.11489306]
1125.7066814899445,1000,False,5,4,[1.71135956 5.3671328  3.9995983 ],cruising,[-0.82138112 -0.19970136 -0.21083176]
1125.7066814899445,1001,False,3,1,[-3.65528328  0.21035476  3.99274669],cruising,[-0.48080528  0.59740651 -0.20557775]
1125.7066814899445,1002,False,4,2,[-6.01156639 -0.60817391  3.99999994],exiting,[ 0.5677905  -0.59831228 -0.99408226]
1125.7066814899445,1003,False,6,3,[8.28521704 4.62340338 3.57626407],entering,[ 0.63925976  0.24903542 -0.34837281]
1125.7066814899445,1004,False,1,5,[ 4.62606997 -4.26154124  4.00025568],cruising,[-0.62185191  0.08809385  0.93462812]
1125.7066814899445,1005,False,0,6,[2.82279358 8.17165212 2.84263125],entering,[ 0.50568378 -0.03156594 -0.11489306]
1125.8089926242828,1000,False,5,4,[1.89590037 5.29003099 3.99965855],cruising,[-0.82138112 -0.19970136 -0.21083176]
1125.8089926242828,1001,False,3,1,[-3.76171866  0.37968139  3.99383469],cruising,[-0.48080528  0.59740651 -0.20557775]
1125.8089926242828,1002,False,4,2,[-6.08399232 -0.67712668  3.99999996],exiting,[ 0.5677905  -0.59831228 -0.99408226]
1125.8089926242828,1003,False,6,3,[8.29457444 4.4236224  3.63982446],entering,[ 0.63925976  0.24903542 -0.34837281]
1125.8089926242828,1004,False,1,5,[ 4.44739094 -4.17168689  4.00021733],cruising,[-0.62185191  0.08809385  0.93462812]
1125.8089926242828,1005,False,0,6,[2.80332688 8.03317262 2.91763125],entering,[ 0.50568378 -0.03156594 -0.11489306]
1125.9057023525238,1000,False,5,4,[2.0838924  5.22177414 3.99970977],cruising,[-0.82138112 -0.19970136 -0.21083176]
1125.9057023525238,1001,False,3,1,[-3.8712899   0.5469959   3.99475948],cruising,[-0.48080528  0.59740651 -0.20557775]
1125.9057023525238,1002,False,4,2,[-6.15641825 -0.74607945  3.99999997],exiting,[ 0.5677905  -0.59831228 -0.99408226]
1125.9057023525238,1003,False,6,3,[8.30683356 4.22399847 3.69385079],entering,[ 0.63925976  0.24903542 -0.34837281]
1125.9057023525238,1004,False,1,5,[ 4.26667862 -4.08599524  4.00018473],cruising,[-0.62185191  0.08809385  0.93462812]
1125.9057023525238,1005,False,0,6,[2.78481531 7.87471594 2.99263125],entering,[ 0.50568378 -0.03156594 -0.11489306]
1126.0060696601868,1000,False,5,4,[2.27442687 5.16097435 3.9997533 ],cruising,[-0.82138112 -0.19970136 -0.21083176]
1126.0060696601868,1001,False,3,1,[-3.98332743  0.71266904  3.99554556],cruising,[-0.48080528  0.59740651 -0.20557775]
1126.0060696601868,1002,False,4,2,[-6.22884419 -0.81503222  3.99999997],exiting,[ 0.5677905  -0.59831228 -0.99408226]
1126.0060696601868,1003,False,6,3,[8.31645089 4.02422983 3.73977317],entering,[ 0.63925976  0.24903542 -0.34837281]
1126.0060696601868,1004,False,1,5,[ 4.08497191 -4.00243288  4.00015702],cruising,[-0.62185191  0.08809385  0.93462812]
1126.0060696601868,1005,False,0,6,[2.76885365 7.69642248 3.06763125],entering,[ 0.50568378 -0.03156594 -0.11489306]
1126.106173992157,1000,False,5,4,[2.46800365 5.11069482 3.99979031],cruising,[-0.82138112 -0.19970136 -0.21083176]
1126.106173992157,1001,False,3,1,[-4.09725842  0.87704583  3.99621373],cruising,[-0.48080528  0.59740651 -0.20557775]
1126.106173992157,1002,False,4,2,[-6.30127012 -0.88398498  3.99999998],exiting,[ 0.5677905  -0.59831228 -0.99408226]
1126.106173992157,1003,False,6,3,[8.33129898 3.82478176 3.7788072 ],cruising,[ 0.63925976  0.24903542 -0.34837281]
1126.106173992157,1004,False,1,5,[ 3.90204863 -3.92156834  4.00013347],cruising,[-0.62185191  0.08809385  0.93462812]
1126.106173992157,1005,False,0,6,[2.76302378 7.50088528 3.14263125],entering,[ 0.50568378 -0.03156594 -0.11489306]
1126.2200589179993,1000,False,5,4,[2.66369308 5.06939535 3.99982176],cruising,[-0.82138112 -0.19970136 -0.21083176]
1126.2200589179993,1001,False,3,1,[-4.21259278  1.04044101  3.99678167],cruising,[-0.48080528  0.59740651 -0.20557775]
1126.2200589179993,1002,False,4,2,[-6.37369605 -0.95293775  3.99999998],exiting,[ 0.5677905  -0.59831228 -0.99408226]
1126.2200589179993,1003,False,6,3,[8.34033718 3.62498609 3.81198612],cruising,[ 0.63925976  0.24903542 -0.34837281]
1126.2200589179993,1004,False,1,5,[ 3.71851857 -3.84209056  4.00011345],cruising,[-0.62185191  0.08809385  0.93462812]
1126.2200589179993,1005,False,0,6,[2.76798592 7.30094684 3.21763125],entering,[ 0.50568378 -0.03156594 -0.11489306]
1126.308786869049,1000,False,5,4,[2.86081773 5.03560376 3.9998485 ],cruising,[-0.82138112 -0.19970136 -0.21083176]
1126.308786869049,1001,False,3,1,[-4.32890903  1.20313868  3.99726442],cruising,[-0.48080528  0.59740651 -0.20557775]
1126.308786869049,1002,False,4,2,[-6.44612198 -1.02189052  3.99999999],exiting,[ 0.5677905  -0.59831228 -0.99408226]
1126.308786869049,1003,False,6,3,[8.34774375 3.42512328 3.8401882 ],cruising,[ 0.63925976  0.24903542 -0.34837281]
1126.308786869049,1004,False,1,5,[ 3.53421423 -3.76442519  4.00009643],cruising,[-0.62185191  0.08809385  0.93462812]
1126.308786869049,1005,False,0,6,[2.78653202 7.10180859 3.29263125],entering,[ 0.50568378 -0.03156594 -0.11489306]
1126.4161524772644,1000,False,5,4,[3.0588986  5.00796376 3.99987122],cruising,[-0.82138112 -0.19970136 -0.21083176]
1126.4161524772644,1001,False,3,1,[-4.445841    1.36539439  3.99767476],cruising,[-0.48080528  0.59740651 -0.20557775]
1126.4161524772644,1002,False,4,2,[-6.51854791 -1.09084329  3.99999999],exiting,[ 0.5677905  -0.59831228 -0.99408226]
1126.4161524772644,1003,False,6,3,[8.36123482 3.22557882 3.86415997],cruising,[ 0.63925976  0.24903542 -0.34837281]
1126.4161524772644,1004,False,1,5,[ 3.3494342  -3.68789845  4.00008197],cruising,[-0.62185191  0.08809385  0.93462812]
1126.4161524772644,1005,False,0,6,[2.82193514 6.90496698 3.36763125],entering,[ 0.50568378 -0.03156594 -0.11489306]
1126.5076451301575,1000,False,5,4,[3.25760504 4.98525358 3.99989054],cruising,[-0.82138112 -0.19970136 -0.21083176]
1126.5076451301575,1001,False,3,1,[-4.56306592  1.52743858  3.99802354],cruising,[-0.48080528  0.59740651 -0.20557775]
1126.5076451301575,1002,False,4,2,[-6.59097384 -1.15979606  3.99999999],exiting,[ 0.5677905  -0.59831228 -0.99408226]
1126.5076451301575,1003,False,6,3,[8.37334947 3.02594607 3.88453597],cruising,[ 0.63925976  0.24903542 -0.34837281]
1126.5076451301575,1004,False,1,5,[ 3.16411459 -3.6126878   4.00006967],cruising,[-0.62185191  0.08809385  0.93462812]
1126.5076451301575,1005,False,0,6,[2.86926696 6.71064843 3.44263125],entering,[ 0.50568378 -0.03156594 -0.11489306]
1126.607105255127,1000,False,5,4,[3.45671309 4.96638611 3.99990696],cruising,[-0.82138112 -0.19970136 -0.21083176]
1126.607105255127,1001,False,3,1,[-4.68026486  1.68950155  3.99832001],cruising,[-0.48080528  0.59740651 -0.20557775]
1126.607105255127,1002,False,4,2,[-6.66339977 -1.22874883  4.        ],exiting,[ 0.5677905  -0.59831228 -0.99408226]
1126.607105255127,1003,False,6,3,[8.38485657 2.82627738 3.90185558],cruising,[ 0.63925976  0.24903542 -0.34837281]
1126.607105255127,1004,False,1,5,[ 2.97826651 -3.53879267  4.00005922],cruising,[-0.62185191  0.08809385  0.93462812]
1126.607105255127,1005,False,0,6,[2.93276528 6.52099622 3.51763125],entering,[ 0.50568378 -0.03156594 -0.11489306]
1126.7119600772858,1000,False,5,4,[3.65607307 4.95039857 3.99992091],cruising,[-0.82138112 -0.19970136 -0.21083176]
1126.7119600772858,1001,False,3,1,[-4.79734217  1.85165242  3.99857201],cruising,[-0.48080528  0.59740651 -0.20557775]
1126.7119600772858,1002,False,4,2,[-6.73582571 -1.2977016   4.        ],exiting,[ 0.5677905  -0.59831228 -0.99408226]
1126.7119600772858,1003,False,6,3,[8.39987418 2.62684199 3.91657724],cruising,[ 0.63925976  0.24903542 -0.34837281]
1126.7119600772858,1004,False,1,5,[ 2.79180664 -3.46645513  4.00005034],cruising,[-0.62185191  0.08809385  0.93462812]
1126.7119600772858,1005,False,0,6,[3.00895886 6.33607857 3.58998656],entering,[ 0.50568378 -0.03156594 -0.11489306]
1126.8157324790955,1000,False,5,4,[3.85558515 4.93643689 3.99993278],cruising,[-0.82138112 -0.19970136 -0.21083176]
1126.8157324790955,1001,False,3,1,[-4.91400652  2.01410066  3.99878621],cruising,[-0.48080528  0.59740651 -0.20557775]
1126.8157324790955,1002,False,4,2,[-6.80825164 -1.36665437  4.        ],exiting,[ 0.5677905  -0.59831228 -0.99408226]
1126.8157324790955,1003,False,6,3,[8.41314315 2.42728264 3.92909065],cruising,[ 0.63925976  0.24903542 -0.34837281]
1126.8157324790955,1004,False,1,5,[ 2.60485327 -3.39540277  4.00004279],cruising,[-0.62185191  0.08809385  0.93462812]
1126.8157324790955,1005,False,0,6,[3.10059976 6.15833813 3.65186008],entering,[ 0.50568378 -0.03156594 -0.11489306]
1126.9108486175537,1000,False,5,4,[4.05518157 4.92373777 3.99994286],cruising,[-0.82138112 -0.19970136 -0.21083176]
1126.9108486175537,1001,False,3,1,[-5.02998279  2.17704084  3.99896828],cruising,[-0.48080528  0.59740651 -0.20557775]
1126.9108486175537,1002,False,4,2,[-6.88067757 -1.43560714  4.        ],exiting,[ 0.5677905  -0.59831228 -0.99408226]
1126.9108486175537,1003,False,6,3,[8.42812585 2.22784464 3.93972706],cruising,[ 0.63925976  0.24903542 -0.34837281]
1126.9108486175537,1004,False,1,5,[ 2.41710201 -3.32648642  4.00003637],cruising,[-0.62185191  0.08809385  0.93462812]
1126.9108486175537,1005,False,0,6,[3.2063984  5.98861292 3.70408106],entering,[ 0.50568378 -0.03156594 -0.11489306]
1127.0072224140167,1000,False,5,4,[4.25481355 4.91161038 3.99995143],cruising,[-0.82138112 -0.19970136 -0.21083176]
1127.0072224140167,1001,False,3,1,[-5.14500139  2.34065845  3.99912304],cruising,[-0.48080528  0.59740651 -0.20557775]
1127.0072224140167,1002,False,4,2,[-6.9531035  -1.50455991  4.        ],landing,[ 0.5677905  -0.59831228 -0.99408226]
1127.0072224140167,1003,False,6,3,[8.44062106 2.02823534 3.948768  ],cruising,[ 0.63925976  0.24903542 -0.34837281]
1127.0072224140167,1004,False,1,5,[ 2.22840963 -3.26019022  4.00003091],cruising,[-0.62185191  0.08809385  0.93462812]
1127.0072224140167,1005,False,0,6,[3.32741566 5.82941596 3.74871593],entering,[ 0.50568378 -0.03156594 -0.11489306]
1127.1126973628998,1000,False,5,4,[4.4544372  4.89934673 3.99995872],cruising,[-0.82138112 -0.19970136 -0.21083176]
1127.1126973628998,1001,False,3,1,[-5.25940114  2.50470934  3.99925458],cruising,[-0.48080528  0.59740651 -0.20557775]
1127.1126973628998,1002,False,4,2,[-7.01754873 -1.56153423  3.98611385],landing,[ 0.5677905  -0.59831228 -0.99408226]
1127.1126973628998,1003,False,6,3,[8.45364802 1.82866005 3.9564528 ],cruising,[ 0.63925976  0.24903542 -0.34837281]
1127.1126973628998,1004,False,1,5,[ 2.03911294 -3.19563975  4.00002628],cruising,[-0.62185191  0.08809385  0.93462812]
1127.1126973628998,1005,False,0,6,[3.46260278 5.68202382 3.78640854],entering,[ 0.50568378 -0.03156594 -0.11489306]
1127.2092878818512,1000,False,5,4,[4.6540402  4.88675142 3.99996491],cruising,[-0.82138112 -0.19970136 -0.21083176]
1127.2092878818512,1001,False,3,1,[-5.37229498  2.66980017  3.99936639],cruising,[-0.48080528  0.59740651 -0.20557775]
1127.2092878818512,1002,False,4,2,[-7.07386427 -1.60644035  3.95850668],landing,[ 0.5677905  -0.59831228 -0.99408226]
1127.2092878818512,1003,False,6,3,[8.46381701 1.62891874 3.96298488],cruising,[ 0.63925976  0.24903542 -0.34837281]
1127.2092878818512,1004,False,1,5,[ 1.84854054 -3.13495895  4.00002233],cruising,[-0.62185191  0.08809385  0.93462812]
1127.2092878818512,1005,False,0,6,[3.61130648 5.54834113 3.81868329],entering,[ 0.50568378 -0.03156594 -0.11489306]
1127.3147253990173,1000,False,5,4,[4.853578   4.87316216 3.99997017],cruising,[-0.82138112 -0.19970136 -0.21083176]
1127.3147253990173,1001,False,3,1,[-5.48337185  2.83611893  3.99946143],cruising,[-0.48080528  0.59740651 -0.20557775]
1127.3147253990173,1002,False,4,2,[-7.12187515 -1.63917418  3.91737662],landing,[ 0.5677905  -0.59831228 -0.99408226]
1127.3147253990173,1003,False,6,3,[8.47377493 1.42916679 3.96853715],cruising,[ 0.63925976  0.24903542 -0.34837281]
1127.3147253990173,1004,False,1,5,[ 1.65650836 -3.07906941  4.00001898],cruising,[-0.62185191  0.08809385  0.93462812]
1127.3147253990173,1005,False,0,6,[3.77226351 5.42963292 3.84589633],cruising,[ 0.50568378 -0.03156594 -0.11489306]
1127.4146151542664,1000,False,5,4,[5.05299823 4.85794473 3.99997465],cruising,[-0.82138112 -0.19970136 -0.21083176]
1127.4146151542664,1001,False,3,1,[-5.59228474  3.00386273  3.99954222],cruising,[-0.48080528  0.59740651 -0.20557775]
1127.4146151542664,1002,False,4,2,[-7.16134483 -1.6595974   3.86299905],landing,[ 0.5677905  -0.59831228 -0.99408226]
1127.4146151542664,1003,False,6,3,[8.48300812 1.22938003 3.97325657],cruising,[ 0.63925976  0.24903542 -0.34837281]
1127.4146151542664,1004,False,1,5,[ 1.46282393 -3.02920618  4.00001614],cruising,[-0.62185191  0.08809385  0.93462812]
1127.4146151542664,1005,False,0,6,[3.94372189 5.32666679 3.86901188],cruising,[ 0.50568378 -0.03156594 -0.11489306]
1127.507596731186,1000,False,5,4,[5.25223359 4.84047266 3.99997845],cruising,[-0.82138112 -0.19970136 -0.21083176]
1127.507596731186,1001,False,3,1,[-5.69863513  3.17324276  3.99961089],cruising,[-0.48080528  0.59740651 -0.20557775]
1127.507596731186,1002,False,4,2,[-7.19206374 -1.66758981  3.79562537],landing,[ 0.5677905  -0.59831228 -0.99408226]
1127.507596731186,1003,False,6,3,[8.48880462 1.02946405 3.97726809],cruising,[ 0.63925976  0.24903542 -0.34837281]
1127.507596731186,1004,False,1,5,[ 1.2673144  -2.98706328  4.00001372],cruising,[-0.62185191  0.08809385  0.93462812]
1127.507596731186,1005,False,0,6,[4.12302006 5.23805434 3.8886601 ],cruising,[ 0.50568378 -0.03156594 -0.11489306]
1127.616447687149,1000,False,5,4,[5.45133534 4.82153878 3.99998168],cruising,[-0.82138112 -0.19970136 -0.21083176]
1127.616447687149,1001,False,3,1,[-5.80195388  3.34448889  3.99966925],cruising,[-0.48080528  0.59740651 -0.20557775]
1127.616447687149,1002,False,4,2,[-7.21384439 -1.66304579  3.71548668],landing,[ 0.5677905  -0.59831228 -0.99408226]
1127.616447687149,1003,False,6,3,[8.49363882 0.82952248 3.98067788],cruising,[ 0.63925976  0.24903542 -0.34837281]
1127.616447687149,1004,False,1,5,[ 1.06989919 -2.95501276  4.00001166],cruising,[-0.62185191  0.08809385  0.93462812]
1127.616447687149,1005,False,0,6,[4.3084437  5.16310054 3.90536108],cruising,[ 0.50568378 -0.03156594 -0.11489306]
1127.7105314731598,1000,False,5,4,[5.65007074 4.79908343 3.99998443],cruising,[-0.82138112 -0.19970136 -0.21083176]
1127.7105314731598,1001,False,3,1,[-5.90167693  3.51785357  3.99971887],cruising,[-0.48080528  0.59740651 -0.20557775]
1127.7105314731598,1002,False,4,2,[-7.22649708 -1.64586044  3.62282293],landing,[ 0.5677905  -0.59831228 -0.99408226]
1127.7105314731598,1003,False,6,3,[8.49720108 0.62955421 3.98357619],cruising,[ 0.63925976  0.24903542 -0.34837281]
1127.7105314731598,1004,False,1,5,[ 0.87030886 -2.94284361  4.0000099 ],cruising,[-0.62185191  0.08809385  0.93462812]
1127.7105314731598,1005,False,0,6,[4.49812079 5.09967655 3.91955692],cruising,[ 0.50568378 -0.03156594 -0.11489306]
1127.8071014881134,1000,False,5,4,[5.84828271 4.77239983 3.99998677],cruising,[-0.82138112 -0.19970136 -0.21083176]
1127.8071014881134,1001,False,3,1,[-5.99711362  3.69361431  3.99976104],cruising,[-0.48080528  0.59740651 -0.20557775]
1127.8071014881134,1002,False,4,2,[-7.23574579 -1.62402019  3.52567631],landing,[ 0.5677905  -0.59831228 -0.99408226]
1127.8071014881134,1003,False,6,3,[8.49716344 0.42955421 3.98603976],cruising,[ 0.63925976  0.24903542 -0.34837281]
1127.8071014881134,1004,False,1,5,[ 0.67031031 -2.9420813   4.00000841],cruising,[-0.62185191  0.08809385  0.93462812]
1127.8071014881134,1005,False,0,6,[4.6906375  5.04547953 3.93162338],cruising,[ 0.50568378 -0.03156594 -0.11489306]
1127.9138023853302,1000,False,5,4,[6.04575791 4.74072103 3.99998875],cruising,[-0.82138112 -0.19970136 -0.21083176]
1127.9138023853302,1001,False,3,1,[-6.08740471  3.87207304  3.99979688],cruising,[-0.48080528  0.59740651 -0.20557775]
1127.9138023853302,1002,False,4,2,[-7.24499449 -1.60217995  3.4285297 ],landing,[ 0.5677905  -0.59831228 -0.99408226]
1127.9138023853302,1003,False,6,3,[8.49581126 0.22955878 3.9881338 ],cruising,[ 0.63925976  0.24903542 -0.34837281]
1127.9138023853302,1004,False,1,5,[ 0.47086198 -2.95692592  4.00000715],cruising,[-0.62185191  0.08809385  0.93462812]
1127.9138023853302,1005,False,0,6,[4.88511497 4.998805   3.94187987],cruising,[ 0.50568378 -0.03156594 -0.11489306]
1128.0141706466675,1000,False,5,4,[6.24220707 4.70320133 3.99999044],cruising,[-0.82138112 -0.19970136 -0.21083176]
1128.0141706466675,1001,False,3,1,[-6.17146617  4.05354941  3.99982735],cruising,[-0.48080528  0.59740651 -0.20557775]
1128.0141706466675,1002,False,4,2,[-7.25424319 -1.5803397   3.33138308],landing,[ 0.5677905  -0.59831228 -0.99408226]
1128.0141706466675,1003,False,6,3,[8.49292261 0.02957965 3.98991373],cruising,[ 0.63925976  0.24903542 -0.34837281]
1128.0141706466675,1004,False,1,5,[ 0.27308803 -2.98668265  4.00000608],cruising,[-0.62185191  0.08809385  0.93462812]
1128.0141706466675,1005,False,0,6,[5.0807402  4.95720248 3.95059789],cruising,[ 0.50568378 -0.03156594 -0.11489306]
1128.1097848415375,1000,False,5,4,[6.43723867 4.65889925 3.99999187],cruising,[-0.82138112 -0.19970136 -0.21083176]
1128.1097848415375,1001,False,3,1,[-6.24791404  4.23836208  3.99985325],cruising,[-0.48080528  0.59740651 -0.20557775]
1128.1097848415375,1002,False,4,2,[-7.26349189 -1.55849946  3.23423646],landing,[ 0.5677905  -0.59831228 -0.99408226]
1128.1097848415375,1003,False,6,3,[ 8.48832164 -0.17036742  3.99142667],cruising,[ 0.63925976  0.24903542 -0.34837281]
1128.1097848415375,1004,False,1,5,[ 0.07893204 -3.03467695  4.00000517],cruising,[-0.62185191  0.08809385  0.93462812]
1128.1097848415375,1005,False,0,6,[5.27700811 4.91874591 3.95800821],cruising,[ 0.50568378 -0.03156594 -0.11489306]
1128.20898103714,1000,False,5,4,[6.63032394 4.60676407 3.99999309],cruising,[-0.82138112 -0.19970136 -0.21083176]
1128.20898103714,1001,False,3,1,[-6.31496509  4.42678755  3.99987526],cruising,[-0.48080528  0.59740651 -0.20557775]
1128.20898103714,1002,False,4,2,[-7.27274059 -1.53665921  3.13708984],landing,[ 0.5677905  -0.59831228 -0.99408226]
1128.20898103714,1003,False,6,3,[ 8.47982018 -0.37018666  3.99271267],cruising,[ 0.63925976  0.24903542 -0.34837281]
1128.20898103714,1004,False,1,5,[-0.11199589 -3.09422965  4.00000439],cruising,[-0.62185191  0.08809385  0.93462812]
1128.20898103714,1005,False,0,6,[5.47355024 4.88171633 3.96430698],cruising,[ 0.50568378 -0.03156594 -0.11489306]
1128.3193027973175,1000,False,5,4,[6.8207514  4.54562994 3.99999413],cruising,[-0.82138112 -0.19970136 -0.21083176]
1128.3193027973175,1001,False,3,1,[-6.36398523  4.62068707  3.99989397],cruising,[-0.48080528  0.59740651 -0.20557775]
1128.3193027973175,1002,False,4,2,[-7.2819893  -1.51481897  3.03994323],landing,[ 0.5677905  -0.59831228 -0.99408226]
1128.3193027973175,1003,False,6,3,[ 8.46968218 -0.56992954  3.99380577],cruising,[ 0.63925976  0.24903542 -0.34837281]
1128.3193027973175,1004,False,1,5,[-0.2994088  -3.1640609   4.00000373],cruising,[-0.62185191  0.08809385  0.93462812]
1128.3193027973175,1005,False,0,6,[5.67039768 4.84634564 3.96966093],exiting,[ 0.50568378 -0.03156594 -0.11489306]
1128.4146234989166,1000,False,5,4,[7.00757005 4.47422409 3.99999501],cruising,[-0.82138112 -0.19970136 -0.21083176]
1128.4146234989166,1001,False,3,1,[-6.39335801  4.81832573  3.99991032],cruising,[-0.48080528  0.59740651 -0.20557775]
1128.4146234989166,1002,False,4,2,[-7.291238   -1.49297872  2.94279661],landing,[ 0.5677905  -0.59831228 -0.99408226]
1128.4146234989166,1003,False,6,3,[ 8.45772778 -0.76957195  3.9947349 ],cruising,[ 0.63925976  0.24903542 -0.34837281]
1128.4146234989166,1004,False,1,5,[-0.48225039 -3.24510997  4.00000317],cruising,[-0.62185191  0.08809385  0.93462812]
1128.4146234989166,1005,False,0,6,[5.85187308 4.82376947 3.97499201],exiting,[ 0.50568378 -0.03156594 -0.11489306]
1128.5142016410828,1000,False,5,4,[7.18952298 4.39119921 3.99999576],cruising,[-0.82138112 -0.19970136 -0.21083176]
1128.5142016410828,1001,False,3,1,[-6.40277212  5.01724941  3.99992504],cruising,[-0.48080528  0.59740651 -0.20557775]
1128.5142016410828,1002,False,4,2,[-7.3004867  -1.47113848  2.84564999],landing,[ 0.5677905  -0.59831228 -0.99408226]
1128.5142016410828,1003,False,6,3,[ 8.44380274 -0.9690866   3.99552467],cruising,[ 0.63925976  0.24903542 -0.34837281]
1128.5142016410828,1004,False,1,5,[-0.66169957 -3.3334162   4.0000027 ],cruising,[-0.62185191  0.08809385  0.93462812]
1128.5142016410828,1005,False,0,6,[6.01794429 4.81394872 3.98022112],exiting,[ 0.50568378 -0.03156594 -0.11489306]
1128.6068060398102,1000,False,5,4,[7.36497904 4.29520354 3.99999639],cruising,[-0.82138112 -0.19970136 -0.21083176]
1128.6068060398102,1001,False,3,1,[-6.39223962  5.21471261  3.9999385 ],cruising,[-0.48080528  0.59740651 -0.20557775]
1128.6068060398102,1002,False,4,2,[-7.3097354  -1.44929823  2.74850338],landing,[ 0.5677905  -0.59831228 -0.99408226]
1128.6068060398102,1003,False,6,3,[ 8.42559553 -1.16825612  3.99619597],cruising,[ 0.63925976  0.24903542 -0.34837281]
1128.6068060398102,1004,False,1,5,[-0.83958213 -3.42483719  4.00000229],cruising,[-0.62185191  0.08809385  0.93462812]
1128.6068060398102,1005,False,0,6,[6.16857172 4.81683434 3.98525632],exiting,[ 0.50568378 -0.03156594 -0.11489306]
1128.706951379776,1000,False,5,4,[7.52975875 4.18229588 3.99999695],cruising,[-0.82138112 -0.19970136 -0.21083176]
1128.706951379776,1001,False,3,1,[-6.36210627  5.40820006  3.99995084],cruising,[-0.48080528  0.59740651 -0.20557775]
1128.706951379776,1002,False,4,2,[-7.3189841  -1.42745799  2.65135676],landing,[ 0.5677905  -0.59831228 -0.99408226]
1128.706951379776,1003,False,6,3,[ 8.40546841 -1.36724079  3.99676657],cruising,[ 0.63925976  0.24903542 -0.34837281]
1128.706951379776,1004,False,1,5,[-1.01826776 -3.5146784   4.00000195],cruising,[-0.62185191  0.08809385  0.93462812]
1128.706951379776,1005,False,0,6,[6.30370588 4.83236377 3.98998683],exiting,[ 0.50568378 -0.03156594 -0.11489306]
1128.8085267543793,1000,False,5,4,[7.6824244  4.05347441 3.99999743],cruising,[-0.82138112 -0.19970136 -0.21083176]
1128.8085267543793,1001,False,3,1,[-6.31293626  5.59555519  3.999962  ],cruising,[-0.48080528  0.59740651 -0.20557775]
1128.8085267543793,1002,False,4,2,[-7.32823281 -1.40561774  2.55421014],landing,[ 0.5677905  -0.59831228 -0.99408226]
1128.8085267543793,1003,False,6,3,[ 8.38321863 -1.5659993   3.99725159],cruising,[ 0.63925976  0.24903542 -0.34837281]
1128.8085267543793,1004,False,1,5,[-1.20161665 -3.59457325  4.00000166],cruising,[-0.62185191  0.08809385  0.93462812]
1128.8085267543793,1005,False,0,6,[6.42328152 4.86045232 3.99426923],exiting,[ 0.50568378 -0.03156594 -0.11489306]
1128.9120383262634,1000,False,5,4,[7.82140582 3.91006726 3.99999783],cruising,[-0.82138112 -0.19970136 -0.21083176]
1128.9120383262634,1001,False,3,1,[-6.24563241  5.77447443  3.99997205],cruising,[-0.48080528  0.59740651 -0.20557775]
1128.9120383262634,1002,False,4,2,[-7.33748151 -1.3837775   2.45706353],landing,[ 0.5677905  -0.59831228 -0.99408226]
1128.9120383262634,1003,False,6,3,[ 8.35629926 -1.76417939  3.99766385],cruising,[ 0.63925976  0.24903542 -0.34837281]
1128.9120383262634,1004,False,1,5,[-1.39186536 -3.65569598  4.0000014 ],cruising,[-0.62185191  0.08809385  0.93462812]
1128.9120383262634,1005,False,0,6,[6.52720917 4.90097981 3.99790874],exiting,[ 0.50568378 -0.03156594 -0.11489306]
1129.0061357021332,1000,False,5,4,[7.94523321 3.75360808 3.99999818],cruising,[-0.82138112 -0.19970136 -0.21083176]
1129.0061357021332,1001,False,3,1,[-6.16134702  5.94282829  3.99998102],cruising,[-0.48080528  0.59740651 -0.20557775]
1129.0061357021332,1002,False,4,2,[-7.34673021 -1.36193725  2.35991691],landing,[ 0.5677905  -0.59831228 -0.99408226]
1129.0061357021332,1003,False,6,3,[ 8.32718257 -1.96204859  3.99801427],cruising,[ 0.63925976  0.24903542 -0.34837281]
1129.0061357021332,1004,False,1,5,[-1.5858688  -3.69717431  4.00000116],cruising,[-0.62185191  0.08809385  0.93462812]
1129.0061357021332,1005,False,0,6,[6.6154249  4.95385765 4.00077078],exiting,[ 0.50568378 -0.03156594 -0.11489306]
1129.1109173297882,1000,False,5,4,[8.05225249 3.58630974 3.99999849],cruising,[-0.82138112 -0.19970136 -0.21083176]
1129.1109173297882,1001,False,3,1,[-6.06106104  6.09918295  3.99998887],cruising,[-0.48080528  0.59740651 -0.20557775]
1129.1109173297882,1002,False,4,2,[-7.35597891 -1.34009701  2.26277029],landing,[ 0.5677905  -0.59831228 -0.99408226]
1129.1109173297882,1003,False,6,3,[ 8.29560351 -2.15953976  3.99831213],cruising,[ 0.63925976  0.24903542 -0.34837281]
1129.1109173297882,1004,False,1,5,[-1.78052134 -3.71866319  4.00000094],cruising,[-0.62185191  0.08809385  0.93462812]
1129.1109173297882,1005,False,0,6,[6.68786273 5.01899222 4.00272155],exiting,[ 0.50568378 -0.03156594 -0.11489306]
1129.2061157226562,1000,False,5,4,[8.14163464 3.40958105 3.99999876],cruising,[-0.82138112 -0.19970136 -0.21083176]
1129.2061157226562,1001,False,3,1,[-5.94569857  6.24239609  3.99999555],cruising,[-0.48080528  0.59740651 -0.20557775]
1129.2061157226562,1002,False,4,2,[-7.36522761 -1.31825676  2.16562367],landing,[ 0.5677905  -0.59831228 -0.99408226]
1129.2061157226562,1003,False,6,3,[ 8.2585423  -2.35607593  3.99856531],cruising,[ 0.63925976  0.24903542 -0.34837281]
1129.2061157226562,1004,False,1,5,[-1.9728293  -3.72028996  4.00000073],cruising,[-0.62185191  0.08809385  0.93462812]
1129.2061157226562,1005,False,0,6,[6.74445512 5.09628601 4.00363539],exiting,[ 0.50568378 -0.03156594 -0.11489306]
1129.3110086917877,1000,False,5,4,[8.21272143 3.22477278 3.99999899],cruising,[-0.82138112 -0.19970136 -0.21083176]
1129.3110086917877,1001,False,3,1,[-5.81617103  6.37149005  4.00000104],cruising,[-0.48080528  0.59740651 -0.20557775]
1129.3110086917877,1002,False,4,2,[-7.37447632 -1.29641652  2.06847706],landing,[ 0.5677905  -0.59831228 -0.99408226]
1129.3110086917877,1003,False,6,3,[ 8.21879212 -2.55208594  3.99878051],cruising,[ 0.63925976  0.24903542 -0.34837281]
1129.3110086917877,1004,False,1,5,[-2.15990207 -3.70261408  4.00000054],cruising,[-0.62185191  0.08809385  0.93462812]
1129.3110086917877,1005,False,0,6,[6.78513259 5.18563936 4.00341665],exiting,[ 0.50568378 -0.03156594 -0.11489306]
1129.4099836349487,1000,False,5,4,[8.26500182 3.03315866 3.99999917],cruising,[-0.82138112 -0.19970136 -0.21083176]
1129.4099836349487,1001,False,3,1,[-5.67337613  6.48561817  4.0000053 ],cruising,[-0.48080528  0.59740651 -0.20557775]
1129.4099836349487,1002,False,4,2,[-7.38372502 -1.27457627  1.97133044],landing,[ 0.5677905  -0.59831228 -0.99408226]
1129.4099836349487,1003,False,6,3,[ 8.17286021 -2.74674014  3.99896344],cruising,[ 0.63925976  0.24903542 -0.34837281]
1129.4099836349487,1004,False,1,5,[-2.33941566 -3.66642174  4.00000035],cruising,[-0.62185191  0.08809385  0.93462812]
1129.4099836349487,1005,False,0,6,[6.81993488 5.27938793 4.00282627],exiting,[ 0.50568378 -0.03156594 -0.11489306]
1129.5207233428955,1000,False,5,4,[8.30192171 2.8365959  3.9999993 ],cruising,[-0.82138112 -0.19970136 -0.21083176]
1129.5207233428955,1001,False,3,1,[-5.51836562  6.58391027  4.00000836],cruising,[-0.48080528  0.59740651 -0.20557775]
1129.5207233428955,1002,False,4,2,[-7.39297372 -1.25273603  1.87418382],landing,[ 0.5677905  -0.59831228 -0.99408226]
1129.5207233428955,1003,False,6,3,[ 8.12377438 -2.94062305  3.99911892],cruising,[ 0.63925976  0.24903542 -0.34837281]
1129.5207233428955,1004,False,1,5,[-2.50917721 -3.61276809  4.00000018],cruising,[-0.62185191  0.08809385  0.93462812]
1129.5207233428955,1005,False,0,6,[6.85473717 5.37313651 4.0023364 ],exiting,[ 0.50568378 -0.03156594 -0.11489306]
1129.6173100471497,1000,False,5,4,[8.3329765  2.63902161 3.9999994 ],cruising,[-0.82138112 -0.19970136 -0.21083176]
1129.6173100471497,1001,False,3,1,[-5.35175083  6.6659131   4.0000102 ],cruising,[-0.48080528  0.59740651 -0.20557775]
1129.6173100471497,1002,False,4,2,[-7.40222242 -1.23089578  1.77703721],landing,[ 0.5677905  -0.59831228 -0.99408226]
1129.6173100471497,1003,False,6,3,[ 8.067307   -3.13248611  3.99925108],cruising,[ 0.63925976  0.24903542 -0.34837281]
1129.6173100471497,1004,False,1,5,[-2.6671897  -3.54292927  4.00000003],cruising,[-0.62185191  0.08809385  0.93462812]
1129.6173100471497,1005,False,0,6,[6.88953947 5.4668851  4.00193014],exiting,[ 0.50568378 -0.03156594 -0.11489306]
1129.712675333023,1000,False,5,4,[8.35929324 2.44076059 3.99999949],cruising,[-0.82138112 -0.19970136 -0.21083176]
1129.712675333023,1001,False,3,1,[-5.17395635  6.73133236  4.00001077],cruising,[-0.48080528  0.59740651 -0.20557775]
1129.712675333023,1002,False,4,2,[-7.41147112 -1.20905554  1.67989059],landing,[ 0.5677905  -0.59831228 -0.99408226]
1129.712675333023,1003,False,6,3,[ 8.00694052 -3.32315831  3.99936342],cruising,[ 0.63925976  0.24903542 -0.34837281]
1129.712675333023,1004,False,1,5,[-2.81177227 -3.45827029  3.99999989],cruising,[-0.62185191  0.08809385  0.93462812]
1129.712675333023,1005,False,0,6,[6.92434176 5.56063369 4.00159339],exiting,[ 0.50568378 -0.03156594 -0.11489306]
1129.8199138641357,1000,False,5,4,[8.38474861 2.24238715 3.99999957],cruising,[-0.82138112 -0.19970136 -0.21083176]
1129.8199138641357,1001,False,3,1,[-4.98504137  6.78012831  4.00001003],cruising,[-0.48080528  0.59740651 -0.20557775]
1129.8199138641357,1002,False,4,2,[-7.42071982 -1.18721529  1.58274397],landing,[ 0.5677905  -0.59831228 -0.99408226]
1129.8199138641357,1003,False,6,3,[ 7.93729545 -3.51064048  3.99945891],cruising,[ 0.63925976  0.24903542 -0.34837281]
1129.8199138641357,1004,False,1,5,[-2.94146796 -3.36025538  3.99999977],cruising,[-0.62185191  0.08809385  0.93462812]
1129.8199138641357,1005,False,0,6,[6.95914406 5.65438228 4.00131442],exiting,[ 0.50568378 -0.03156594 -0.11489306]
1129.9100005626678,1000,False,5,4,[8.40571422 2.04348907 3.99999963],cruising,[-0.82138112 -0.19970136 -0.21083176]
1129.9100005626678,1001,False,3,1,[-4.7891592   6.82050374  4.00000853],cruising,[-0.48080528  0.59740651 -0.20557775]
1129.9100005626678,1002,False,4,2,[-7.42996853 -1.16537505  1.48559735],fake_landed,[ 0.5677905  -0.59831228 -0.99408226]
1129.9100005626678,1003,False,6,3,[ 7.8573046  -3.69394751  3.99954007],cruising,[ 0.63925976  0.24903542 -0.34837281]
1129.9100005626678,1004,False,1,5,[-3.05497237 -3.25049984  3.99999966],cruising,[-0.62185191  0.08809385  0.93462812]
1129.9100005626678,1005,False,0,6,[6.99394636 5.74813087 4.00108344],exiting,[ 0.50568378 -0.03156594 -0.11489306]
1130.0107321739197,1000,False,5,4,[8.42551872 1.84447204 3.99999969],cruising,[-0.82138112 -0.19970136 -0.21083176]
1130.0107321739197,1001,False,3,1,[-4.5942108   6.8651705   4.00000725],cruising,[-0.48080528  0.59740651 -0.20557775]
1130.0107321739197,1002,False,4,2,[-7.43736749 -1.14790285  1.40788006],fake_landed,[ 0.5677905  -0.59831228 -0.99408226]
1130.0107321739197,1003,False,6,3,[ 7.76540588 -3.87158372  3.99960906],cruising,[ 0.63925976  0.24903542 -0.34837281]
1130.0107321739197,1004,False,1,5,[-3.15118337 -3.13069749  3.99999957],cruising,[-0.62185191  0.08809385  0.93462812]
1130.0107321739197,1005,False,0,6,[7.02874866 5.84187947 4.00089231],exiting,[ 0.50568378 -0.03156594 -0.11489306]
1130.119969367981,1000,False,5,4,[8.44377973 1.64530744 3.99999974],cruising,[-0.82138112 -0.19970136 -0.21083176]
1130.119969367981,1001,False,3,1,[-4.39991725  6.91260486  4.00000616],cruising,[-0.48080528  0.59740651 -0.20557775]
1130.119969367981,1002,False,4,2,[-7.44291671 -1.13479871  1.34959209],fake_landed,[ 0.5677905  -0.59831228 -0.99408226]
1130.119969367981,1003,False,6,3,[ 7.65948058 -4.04122991  3.9996677 ],cruising,[ 0.63925976  0.24903542 -0.34837281]
1130.119969367981,1004,False,1,5,[-3.22947924 -3.00200427  3.9999995 ],cruising,[-0.62185191  0.08809385  0.93462812]
1130.119969367981,1005,False,0,6,[7.06355096 5.93562806 4.00073426],exiting,[ 0.50568378 -0.03156594 -0.11489306]
1130.2136149406433,1000,False,5,4,[8.45757648 1.44578389 3.99999978],cruising,[-0.82138112 -0.19970136 -0.21083176]
1130.2136149406433,1001,False,3,1,[-4.20536138  6.9589515   4.00000524],cruising,[-0.48080528  0.59740651 -0.20557775]
1130.2136149406433,1002,False,4,2,[-7.44661619 -1.12606261  1.31073344],fake_landed,[ 0.5677905  -0.59831228 -0.99408226]
1130.2136149406433,1003,False,6,3,[ 7.53715127 -4.19943458  3.99971769],cruising,[ 0.63925976  0.24903542 -0.34837281]
1130.2136149406433,1004,False,1,5,[-3.28949326 -2.86520092  3.99999945],cruising,[-0.62185191  0.08809385  0.93462812]
1130.2136149406433,1005,False,0,6,[7.09835326 6.02937666 4.00060365],exiting,[ 0.50568378 -0.03156594 -0.11489306]
1130.3079946041107,1000,False,5,4,[8.46989247 1.24616345 3.99999981],cruising,[-0.82138112 -0.19970136 -0.21083176]
1130.3079946041107,1001,False,3,1,[-4.01098426  7.00604223  4.00000445],cruising,[-0.48080528  0.59740651 -0.20557775]
1130.3079946041107,1002,False,4,2,[-7.44846593 -1.12169456  1.29130412],fake_landed,[ 0.5677905  -0.59831228 -0.99408226]
1130.3079946041107,1003,False,6,3,[ 7.39983943 -4.34439072  3.99976193],cruising,[ 0.63925976  0.24903542 -0.34837281]
1130.3079946041107,1004,False,1,5,[-3.33105083 -2.72069307  3.99999942],cruising,[-0.62185191  0.08809385  0.93462812]
1130.3079946041107,1005,False,0,6,[7.13315556 6.12312526 4.00049579],exiting,[ 0.50568378 -0.03156594 -0.11489306]
1130.4150025844574,1000,False,5,4,[8.47821382 1.04633664 3.99999984],cruising,[-0.82138112 -0.19970136 -0.21083176]
1130.4150025844574,1001,False,3,1,[-3.81651298  7.05274254  4.00000378],cruising,[-0.48080528  0.59740651 -0.20557775]
1130.4150025844574,1002,False,2,0,[-7.44846593 -1.12169456  1.29130412],waiting,[ 0.5677905  -0.59831228 -0.99408226]
1130.4150025844574,1003,False,6,3,[ 7.24997703 -4.47377497  3.99980314],cruising,[ 0.63925976  0.24903542 -0.34837281]
1130.4150025844574,1004,False,1,5,[-3.35407871 -2.56865855  3.9999994 ],cruising,[-0.62185191  0.08809385  0.93462812]
1130.4150025844574,1005,False,0,6,[7.16795785 6.21687386 4.00040679],exiting,[ 0.50568378 -0.03156594 -0.11489306]
1130.517917394638,1000,False,5,4,[8.48508459 0.8464547  3.99999986],cruising,[-0.82138112 -0.19970136 -0.21083176]
1130.517917394638,1001,False,3,1,[-3.62172059  7.09808484  4.00000322],cruising,[-0.48080528  0.59740651 -0.20557775]
1130.517917394638,1002,False,2,0,[-7.44846593 -1.12169456  1.29130412],waiting,[ 0.5677905  -0.59831228 -0.99408226]
1130.517917394638,1003,False,6,3,[ 7.08946759 -4.58622876  3.99984133],cruising,[ 0.63925976  0.24903542 -0.34837281]
1130.517917394638,1004,False,1,5,[-3.35858044 -2.40908867  3.99999941],cruising,[-0.62185191  0.08809385  0.93462812]
1130.517917394638,1005,False,0,6,[7.20276015 6.31062246 4.00033339],exiting,[ 0.50568378 -0.03156594 -0.11489306]
1130.6100251674652,1000,False,5,4,[8.49029574 0.6465226  3.99999988],cruising,[-0.82138112 -0.19970136 -0.21083176]
1130.6100251674652,1001,False,3,1,[-3.42590782  7.13879553  4.00000273],cruising,[-0.48080528  0.59740651 -0.20557775]
1130.6100251674652,1002,False,2,0,[-7.44846593 -1.12169456  1.29130412],queued,[ 0.5677905  -0.59831228 -0.99408226]
1130.6100251674652,1003,False,6,3,[ 6.92036433 -4.68062304  3.99987645],cruising,[ 0.63925976  0.24903542 -0.34837281]
1130.6100251674652,1004,False,1,5,[-3.34488031 -2.24123069  3.99999944],cruising,[-0.62185191  0.08809385  0.93462812]
1130.6100251674652,1005,False,0,6,[7.23756245 6.40437106 4.00027292],exiting,[ 0.50568378 -0.03156594 -0.11489306]
1130.7120003700256,1000,False,5,4,[8.49369115 0.44655142 3.9999999 ],cruising,[-0.82138112 -0.19970136 -0.21083176]
1130.7120003700256,1001,False,3,1,[-3.22957871  7.17693842  4.00000232],cruising,[-0.48080528  0.59740651 -0.20557775]
1130.7120003700256,1002,False,2,0,[-7.44846593 -1.12169456  1.31130412],queued,[ 0.5677905  -0.59831228 -0.99408226]
1130.7120003700256,1003,False,6,3,[ 6.74481433 -4.75608481  3.99990845],cruising,[ 0.63925976  0.24903542 -0.34837281]
1130.7120003700256,1004,False,1,5,[-3.31402266 -2.06309561  3.9999995 ],cruising,[-0.62185191  0.08809385  0.93462812]
1130.7120003700256,1005,False,0,6,[7.27236475 6.49811966 4.00022314],exiting,[ 0.50568378 -0.03156594 -0.11489306]
1130.807179927826,1000,False,5,4,[8.49303352 0.2465525  3.99999992],cruising,[-0.82138112 -0.19970136 -0.21083176]
1130.807179927826,1001,False,3,1,[-3.03262202  7.21169564  4.00000198],cruising,[-0.48080528  0.59740651 -0.20557775]
1130.807179927826,1002,False,2,0,[-7.44846593 -1.12169456  1.35130412],queued,[ 0.5677905  -0.59831228 -0.99408226]
1130.807179927826,1003,False,6,3,[ 6.56500566 -4.81200525  3.99993726],cruising,[ 0.63925976  0.24903542 -0.34837281]
1130.807179927826,1004,False,1,5,[-3.27156104 -1.86867101  3.99999957],cruising,[-0.62185191  0.08809385  0.93462812]
1130.807179927826,1005,False,0,6,[7.30716705 6.59186826 4.0001822 ],exiting,[ 0.50568378 -0.03156594 -0.11489306]
1130.9079267978668,1000,False,5,4,[8.49072971 0.04656577 3.99999993],cruising,[-0.82138112 -0.19970136 -0.21083176]
1130.9079267978668,1001,False,3,1,[-2.83455786  7.23945514  4.00000168],cruising,[-0.48080528  0.59740651 -0.20557775]
1130.9079267978668,1002,False,2,0,[-7.44846593 -1.12169456  1.41130412],queued,[ 0.5677905  -0.59831228 -0.99408226]
1130.9079267978668,1003,False,6,3,[ 6.3831497  -4.84803075  3.99996278],cruising,[ 0.63925976  0.24903542 -0.34837281]
1130.9079267978668,1004,False,1,5,[-3.24478198 -1.67047192  3.99999964],cruising,[-0.62185191  0.08809385  0.93462812]
1130.9079267978668,1005,False,0,6,[7.34196935 6.68561686 4.00014856],exiting,[ 0.50568378 -0.03156594 -0.11489306]
1131.0166420936584,1000,False,5,4,[ 8.48662652 -0.15339213  3.99999994],cruising,[-0.82138112 -0.19970136 -0.21083176]
1131.0166420936584,1001,False,3,1,[-2.63589244  7.2625213   4.00000143],cruising,[-0.48080528  0.59740651 -0.20557775]
1131.0166420936584,1002,False,2,0,[-7.44846593 -1.12169456  1.48630412],queued,[ 0.5677905  -0.59831228 -0.99408226]
1131.0166420936584,1003,False,6,3,[ 6.20063111 -4.86406723  3.9999847 ],cruising,[ 0.63925976  0.24903542 -0.34837281]
1131.0166420936584,1004,False,1,5,[-3.23443134 -1.47073994  3.99999969],cruising,[-0.62185191  0.08809385  0.93462812]
1131.0166420936584,1005,False,0,6,[7.37677165 6.77936545 4.00012095],exiting,[ 0.50568378 -0.03156594 -0.11489306]
1131.108150959015,1000,False,5,4,[ 8.47858916 -0.35323057  3.99999995],cruising,[-0.82138112 -0.19970136 -0.21083176]
1131.108150959015,1001,False,3,1,[-2.43637891  7.27646234  4.00000121],cruising,[-0.48080528  0.59740651 -0.20557775]
1131.108150959015,1002,False,2,0,[-7.44846593 -1.12169456  1.56130412],queued,[ 0.5677905  -0.59831228 -0.99408226]
1131.108150959015,1003,False,6,3,[ 6.01890939 -4.8601196   4.00000294],cruising,[ 0.63925976  0.24903542 -0.34837281]
1131.108150959015,1004,False,1,5,[-3.23992818 -1.27081549  3.99999974],cruising,[-0.62185191  0.08809385  0.93462812]
1131.108150959015,1005,False,0,6,[7.41157395 6.87311405 4.0000983 ],exiting,[ 0.50568378 -0.03156594 -0.11489306]
1131.207090139389,1000,False,5,4,[ 8.46885323 -0.55299346  3.99999996],cruising,[-0.82138112 -0.19970136 -0.21083176]
1131.207090139389,1001,False,3,1,[-2.23640822  7.27988637  4.00000103],cruising,[-0.48080528  0.59740651 -0.20557775]
1131.207090139389,1002,False,2,0,[-7.44846593 -1.12169456  1.63630412],queued,[ 0.5677905  -0.59831228 -0.99408226]
1131.207090139389,1003,False,6,3,[ 5.8391761  -4.83627105  4.0000174 ],cruising,[ 0.63925976  0.24903542 -0.34837281]
1131.207090139389,1004,False,1,5,[-3.25925054 -1.07175106  3.99999978],cruising,[-0.62185191  0.08809385  0.93462812]
1131.207090139389,1005,False,0,6,[7.44637625 6.96686265 4.00007976],exiting,[ 0.50568378 -0.03156594 -0.11489306]
1131.3139836788177,1000,False,5,4,[ 8.45725207 -0.75265671  3.99999996],cruising,[-0.82138112 -0.19970136 -0.21083176]
1131.3139836788177,1001,False,3,1,[-2.03689496  7.2659416   4.00000088],cruising,[-0.48080528  0.59740651 -0.20557775]
1131.3139836788177,1002,False,2,0,[-7.44846593 -1.12169456  1.71130412],queued,[ 0.5677905  -0.59831228 -0.99408226]
1131.3139836788177,1003,False,6,3,[ 5.66196867 -4.79258265  4.00002777],cruising,[ 0.63925976  0.24903542 -0.34837281]
1131.3139836788177,1004,False,1,5,[-3.29213334 -0.87447278  3.99999981],cruising,[-0.62185191  0.08809385  0.93462812]
1131.3139836788177,1005,False,0,6,[7.48117855 7.06061125 4.00006459],exiting,[ 0.50568378 -0.03156594 -0.11489306]
1131.4057297706604,1000,False,5,4,[ 8.44364192 -0.95219308  3.99999997],cruising,[-0.82138112 -0.19970136 -0.21083176]
1131.4057297706604,1001,False,3,1,[-1.83960035  7.23315684  4.00000074],cruising,[-0.48080528  0.59740651 -0.20557775]
1131.4057297706604,1002,False,2,0,[-7.44846593 -1.12169456  1.78630412],queued,[ 0.5677905  -0.59831228 -0.99408226]
1131.4057297706604,1003,False,6,3,[ 5.48802229 -4.7291619   4.00003392],cruising,[ 0.63925976  0.24903542 -0.34837281]
1131.4057297706604,1004,False,1,5,[-3.33746582 -0.6796781   3.99999984],cruising,[-0.62185191  0.08809385  0.93462812]
1131.4057297706604,1005,False,0,6,[7.51598085 7.15435985 4.00005219],exiting,[ 0.50568378 -0.03156594 -0.11489306]
1131.508960723877,1000,False,5,4,[ 8.42575644 -1.15139175  3.99999997],cruising,[-0.82138112 -0.19970136 -0.21083176]
1131.508960723877,1001,False,3,1,[-1.64576796  7.18387192  4.00000063],cruising,[-0.48080528  0.59740651 -0.20557775]
1131.508960723877,1002,False,2,0,[-7.44846593 -1.12169456  1.86130412],queued,[ 0.5677905  -0.59831228 -0.99408226]
1131.508960723877,1003,False,6,3,[ 5.31713804 -4.64597695  4.00003536],cruising,[ 0.63925976  0.24903542 -0.34837281]
1131.508960723877,1004,False,1,5,[-3.39427298 -0.48791536  3.99999986],cruising,[-0.62185191  0.08809385  0.93462812]
1131.508960723877,1005,False,0,6,[7.55078315 7.24810845 4.00004208],exiting,[ 0.50568378 -0.03156594 -0.11489306]
1131.6105918884277,1000,False,5,4,[ 8.40592092 -1.3504057   3.99999998],cruising,[-0.82138112 -0.19970136 -0.21083176]
1131.6105918884277,1001,False,3,1,[-1.45460449  7.12507967  4.00000054],cruising,[-0.48080528  0.59740651 -0.20557775]
1131.6105918884277,1002,False,2,0,[-7.44846593 -1.12169456  1.93630412],queued,[ 0.5677905  -0.59831228 -0.99408226]
1131.6105918884277,1003,False,6,3,[ 5.14878936 -4.54295339  4.00003165],cruising,[ 0.63925976  0.24903542 -0.34837281]
1131.6105918884277,1004,False,1,5,[-3.45990237 -0.29899003  3.99999988],cruising,[-0.62185191  0.08809385  0.93462812]
1131.6105918884277,1005,False,0,6,[7.58558545 7.34185705 4.00003384],exiting,[ 0.50568378 -0.03156594 -0.11489306]
1131.7057247161865,1000,False,5,4,[ 8.38393972 -1.5491941   3.99999998],cruising,[-0.82138112 -0.19970136 -0.21083176]
1131.7057247161865,1001,False,3,1,[-1.26802681  7.05304658  4.00000046],cruising,[-0.48080528  0.59740651 -0.20557775]
1131.7057247161865,1002,False,2,0,[-7.44846593 -1.12169456  2.01130412],queued,[ 0.5677905  -0.59831228 -0.99408226]
1131.7057247161865,1003,False,6,3,[ 4.97686474 -4.44076766  4.0000269 ],cruising,[ 0.63925976  0.24903542 -0.34837281]
1131.7057247161865,1004,False,1,5,[-3.53580654 -0.11395339  3.9999999 ],cruising,[-0.62185191  0.08809385  0.93462812]
1131.7057247161865,1005,False,0,6,[7.62038775 7.43560565 4.00002715],exiting,[ 0.50568378 -0.03156594 -0.11489306]
1131.808613538742,1000,False,5,4,[ 8.35731185 -1.74741356  3.99999998],cruising,[-0.82138112 -0.19970136 -0.21083176]
1131.808613538742,1001,False,3,1,[-1.0858677   6.97047504  4.00000039],cruising,[-0.48080528  0.59740651 -0.20557775]
1131.808613538742,1002,False,2,0,[-7.44846593 -1.12169456  2.08630412],queued,[ 0.5677905  -0.59831228 -0.99408226]
1131.808613538742,1003,False,6,3,[ 4.80212129 -4.34348083  4.00002287],cruising,[ 0.63925976  0.24903542 -0.34837281]
1131.808613538742,1004,False,1,5,[-3.62231563  0.06636903  3.99999992],cruising,[-0.62185191  0.08809385  0.93462812]
1131.808613538742,1005,False,0,6,[7.65519005 7.52935425 4.00002171],exiting,[ 0.50568378 -0.03156594 -0.11489306]
1131.9099671840668,1000,False,5,4,[ 8.32846694 -1.94532256  3.99999999],cruising,[-0.82138112 -0.19970136 -0.21083176]
1131.9099671840668,1001,False,3,1,[-0.90763975  6.87972925  4.00000033],cruising,[-0.48080528  0.59740651 -0.20557775]
1131.9099671840668,1002,False,2,0,[-7.44846593 -1.12169456  2.16130412],entering,[ 0.5677905  -0.59831228 -0.99408226]
1131.9099671840668,1003,False,6,3,[ 4.62423714 -4.25206295  4.00001944],cruising,[ 0.63925976  0.24903542 -0.34837281]
1131.9099671840668,1004,False,1,5,[-3.7164475   0.24283204  3.99999993],cruising,[-0.62185191  0.08809385  0.93462812]
1131.9099671840668,1005,False,0,6,[7.68999235 7.62310285 4.0000173 ],exiting,[ 0.50568378 -0.03156594 -0.11489306]
1132.0068264007568,1000,False,5,4,[ 8.2971455  -2.14285475  3.99999999],cruising,[-0.82138112 -0.19970136 -0.21083176]
1132.0068264007568,1001,False,3,1,[-0.73155303  6.78489535  4.00000028],cruising,[-0.48080528  0.59740651 -0.20557775]
1132.0068264007568,1002,False,2,0,[-7.43538662 -1.10656407  2.23630412],entering,[ 0.5677905  -0.59831228 -0.99408226]
1132.0068264007568,1003,False,6,3,[ 4.44478518 -4.16376236  4.00001652],cruising,[ 0.63925976  0.24903542 -0.34837281]
1132.0068264007568,1004,False,1,5,[-3.81660764  0.41594456  3.99999994],cruising,[-0.62185191  0.08809385  0.93462812]
1132.0068264007568,1005,False,0,6,[7.72479465 7.71685145 4.00001374],exiting,[ 0.50568378 -0.03156594 -0.11489306]
1132.116040945053,1000,False,5,4,[ 8.26037849 -2.33944617  3.99999999],cruising,[-0.82138112 -0.19970136 -0.21083176]
1132.116040945053,1001,False,3,1,[-0.55850349  6.68462643  4.00000024],cruising,[-0.48080528  0.59740651 -0.20557775]
1132.116040945053,1002,False,2,0,[-7.40924293 -1.0762902   2.31130412],entering,[ 0.5677905  -0.59831228 -0.99408226]
1132.116040945053,1003,False,6,3,[ 4.26348331 -4.07932522  4.00001404],cruising,[ 0.63925976  0.24903542 -0.34837281]
1132.116040945053,1004,False,1,5,[-3.92148735  0.58623915  3.99999995],cruising,[-0.62185191  0.08809385  0.93462812]
1132.116040945053,1005,False,0,6,[7.75959695 7.81060005 4.00001086],exiting,[ 0.50568378 -0.03156594 -0.11489306]
1132.2121517658234,1000,False,5,4,[ 8.22090907 -2.53551291  3.99999999],cruising,[-0.82138112 -0.19970136 -0.21083176]
1132.2121517658234,1001,False,3,1,[-0.38766523  6.58063467  4.0000002 ],cruising,[-0.48080528  0.59740651 -0.20557775]
1132.2121517658234,1002,False,2,0,[-7.37006789 -1.03084452  2.38630412],entering,[ 0.5677905  -0.59831228 -0.99408226]
1132.2121517658234,1003,False,6,3,[ 4.08132238 -3.99675768  4.00001194],cruising,[ 0.63925976  0.24903542 -0.34837281]
1132.2121517658234,1004,False,1,5,[-4.03106686  0.75354824  3.99999996],cruising,[-0.62185191  0.08809385  0.93462812]
1132.2121517658234,1005,False,0,6,[7.79439925 7.90434865 4.00000855],exiting,[ 0.50568378 -0.03156594 -0.11489306]
1132.3093678951263,1000,False,5,4,[ 8.17838172 -2.73093917  3.99999999],cruising,[-0.82138112 -0.19970136 -0.21083176]
1132.3093678951263,1001,False,3,1,[-0.21773664  6.47516299  4.00000017],cruising,[-0.48080528  0.59740651 -0.20557775]
1132.3093678951263,1002,False,2,0,[-7.31792459 -0.97017307  2.46130412],entering,[ 0.5677905  -0.59831228 -0.99408226]
1132.3093678951263,1003,False,6,3,[ 3.89805129 -3.91668455  4.00001015],cruising,[ 0.63925976  0.24903542 -0.34837281]
1132.3093678951263,1004,False,1,5,[-4.14296609  0.91931483  3.99999996],cruising,[-0.62185191  0.08809385  0.93462812]
1132.3093678951263,1005,False,0,6,[7.82920155 7.99809725 4.00000669],exiting,[ 0.50568378 -0.03156594 -0.11489306]
1132.4132359027863,1000,False,5,4,[ 8.12896626 -2.92473833  3.99999999],cruising,[-0.82138112 -0.19970136 -0.21083176]
1132.4132359027863,1001,False,3,1,[-0.04886443  6.36800807  4.00000015],cruising,[-0.48080528  0.59740651 -0.20557775]
1132.4132359027863,1002,False,2,0,[-7.2529367  -0.89417136  2.53630412],entering,[ 0.5677905  -0.59831228 -0.99408226]
1132.4132359027863,1003,False,6,3,[ 3.71425317 -3.83782866  4.00000863],cruising,[ 0.63925976  0.24903542 -0.34837281]
1132.4132359027863,1004,False,1,5,[-4.25659699  1.08389921  3.99999997],cruising,[-0.62185191  0.08809385  0.93462812]
1132.4132359027863,1005,False,0,6,[7.86400385 8.09184585 4.00000521],exiting,[ 0.50568378 -0.03156594 -0.11489306]
1132.5137269496918,1000,False,5,4,[ 8.07604418 -3.11760941  3.99999999],cruising,[-0.82138112 -0.19970136 -0.21083176]
1132.5137269496918,1001,False,3,1,[0.11982735 6.26056932 4.00000012],cruising,[-0.48080528  0.59740651 -0.20557775]
1132.5137269496918,1002,False,2,0,[-7.17542211 -0.80257857  2.61130412],entering,[ 0.5677905  -0.59831228 -0.99408226]
1132.5137269496918,1003,False,6,3,[ 3.5297424  -3.76065498  4.00000733],cruising,[ 0.63925976  0.24903542 -0.34837281]
1132.5137269496918,1004,False,1,5,[-4.37104964  1.2479132   3.99999997],cruising,[-0.62185191  0.08809385  0.93462812]
1132.5137269496918,1005,False,0,6,[7.89880615 8.18559445 4.00000402],exiting,[ 0.50568378 -0.03156594 -0.11489306]
1132.6073384284973,1000,False,5,4,[ 8.01487672 -3.30802616  4.        ],exiting,[-0.82138112 -0.19970136 -0.21083176]
1132.6073384284973,1001,False,3,1,[0.28860364 6.15326339 4.00000011],cruising,[-0.48080528  0.59740651 -0.20557775]
1132.6073384284973,1002,False,2,0,[-7.08570528 -0.69513948  2.68630412],entering,[ 0.5677905  -0.59831228 -0.99408226]
1132.6073384284973,1003,False,6,3,[ 3.34480293 -3.68451439  4.00000623],cruising,[ 0.63925976  0.24903542 -0.34837281]
1132.6073384284973,1004,False,1,5,[-4.48656215  1.4111825   3.99999998],cruising,[-0.62185191  0.08809385  0.93462812]
1132.6073384284973,1005,False,0,6,[7.93360845 8.27934305 4.00000308],exiting,[ 0.50568378 -0.03156594 -0.11489306]
1132.7120683193207,1000,False,5,4,[ 7.96669177 -3.4832293   4.        ],exiting,[-0.82138112 -0.19970136 -0.21083176]
1132.7120683193207,1001,False,3,1,[0.45788473 6.04675558 4.00000009],cruising,[-0.48080528  0.59740651 -0.20557775]
1132.7120683193207,1002,False,2,0,[-6.9843357  -0.57144576  2.76130412],entering,[ 0.5677905  -0.59831228 -0.99408226]
1132.7120683193207,1003,False,6,3,[ 3.15935979 -3.60960882  4.0000053 ],cruising,[ 0.63925976  0.24903542 -0.34837281]
1132.7120683193207,1004,False,1,5,[-4.60269514  1.57401102  3.99999998],cruising,[-0.62185191  0.08809385  0.93462812]
1132.7120683193207,1005,False,0,6,[7.96841075 8.37309165 4.00000233],exiting,[ 0.50568378 -0.03156594 -0.11489306]
1132.8172571659088,1000,False,5,4,[ 7.93164411 -3.64335226  4.        ],exiting,[-0.82138112 -0.19970136 -0.21083176]
1132.8172571659088,1001,False,3,1,[0.62793366 5.94147804 4.00000008],cruising,[-0.48080528  0.59740651 -0.20557775]
1132.8172571659088,1002,False,2,0,[-6.87248969 -0.43071546  2.83630412],entering,[ 0.5677905  -0.59831228 -0.99408226]
1132.8172571659088,1003,False,6,3,[ 2.97341554 -3.53595602  4.0000045 ],cruising,[ 0.63925976  0.24903542 -0.34837281]
1132.8172571659088,1004,False,1,5,[-4.71906891  1.73666754  3.99999998],cruising,[-0.62185191  0.08809385  0.93462812]
1132.8172571659088,1005,False,0,6,[8.00321305 8.46684025 4.00000175],exiting,[ 0.50568378 -0.03156594 -0.11489306]
1132.907966375351,1000,False,5,4,[ 7.90992919 -3.78856758  4.        ],exiting,[-0.82138112 -0.19970136 -0.21083176]
1132.907966375351,1001,False,3,1,[0.79951803 5.838722   4.00000007],cruising,[-0.48080528  0.59740651 -0.20557775]
1132.907966375351,1002,False,2,0,[-6.75282099 -0.2715785   2.91130412],entering,[ 0.5677905  -0.59831228 -0.99408226]
1132.907966375351,1003,False,6,3,[ 2.78688001 -3.46381382  4.00000383],cruising,[ 0.63925976  0.24903542 -0.34837281]
1132.907966375351,1004,False,1,5,[-4.83534693  1.89939253  3.99999999],cruising,[-0.62185191  0.08809385  0.93462812]
1132.907966375351,1005,False,0,6,[8.03801535 8.56058885 4.00000129],exiting,[ 0.50568378 -0.03156594 -0.11489306]
1133.0154366493225,1000,False,5,4,[ 7.9017884 -3.9190947  4.       ],exiting,[-0.82138112 -0.19970136 -0.21083176]
1133.0154366493225,1001,False,3,1,[0.97244919 5.73824904 4.00000006],cruising,[-0.48080528  0.59740651 -0.20557775]
1133.0154366493225,1002,False,2,0,[-6.63606151 -0.10919862  2.98630412],entering,[ 0.5677905  -0.59831228 -0.99408226]
1133.0154366493225,1003,False,6,3,[ 2.59986685 -3.39291898  4.00000325],cruising,[ 0.63925976  0.24903542 -0.34837281]
1133.0154366493225,1004,False,1,5,[-4.95122172  2.06240491  3.99999999],cruising,[-0.62185191  0.08809385  0.93462812]
1133.0154366493225,1005,False,0,6,[8.07281765 8.65433745 4.00000093],exiting,[ 0.50568378 -0.03156594 -0.11489306]
1133.1089532375336,1000,False,5,4,[ 7.9074149  -4.03511452  4.        ],exiting,[-0.82138112 -0.19970136 -0.21083176]
1133.1089532375336,1001,False,3,1,[1.14774765 5.64196587 4.00000005],cruising,[-0.48080528  0.59740651 -0.20557775]
1133.1089532375336,1002,False,2,0,[-6.52283785  0.05566618  3.06130412],entering,[ 0.5677905  -0.59831228 -0.99408226]
1133.1089532375336,1003,False,6,3,[ 2.41206679 -3.32413572  4.00000277],cruising,[ 0.63925976  0.24903542 -0.34837281]
1133.1089532375336,1004,False,1,5,[-5.0667907   2.22563422  3.99999999],cruising,[-0.62185191  0.08809385  0.93462812]
1133.1089532375336,1005,False,0,6,[8.10761995 8.74808605 4.00000066],exiting,[ 0.50568378 -0.03156594 -0.11489306]
1133.2109189033508,1000,False,5,4,[ 7.92700237 -4.13681333  4.        ],exiting,[-0.82138112 -0.19970136 -0.21083176]
1133.2109189033508,1001,False,3,1,[1.32484348 5.54903005 4.00000004],cruising,[-0.48080528  0.59740651 -0.20557775]
1133.2109189033508,1002,False,2,0,[-6.4137662   0.22330679  3.13630412],entering,[ 0.5677905  -0.59831228 -0.99408226]
1133.2109189033508,1003,False,6,3,[ 2.22333315 -3.25795708  4.00000235],cruising,[ 0.63925976  0.24903542 -0.34837281]
1133.2109189033508,1004,False,1,5,[-5.18143101  2.38951711  3.99999999],cruising,[-0.62185191  0.08809385  0.93462812]
1133.2109189033508,1005,False,0,6,[8.14242225 8.84183465 4.00000045],exiting,[ 0.50568378 -0.03156594 -0.11489306]
1133.3185696601868,1000,False,5,4,[ 7.95129202 -4.23381856  4.        ],exiting,[-0.82138112 -0.19970136 -0.21083176]
1133.3185696601868,1001,False,3,1,[1.50395221 5.46003532 4.00000003],cruising,[-0.48080528  0.59740651 -0.20557775]
1133.3185696601868,1002,False,2,0,[-6.30938559  0.39390776  3.21130412],entering,[ 0.5677905  -0.59831228 -0.99408226]
1133.3185696601868,1003,False,6,3,[ 2.03400214 -3.19350734  4.000002  ],cruising,[ 0.63925976  0.24903542 -0.34837281]
1133.3185696601868,1004,False,1,5,[-5.29484246  2.55425279  3.99999999],cruising,[-0.62185191  0.08809385  0.93462812]
1133.3185696601868,1005,False,0,6,[8.17722455 8.93558325 4.00000029],exiting,[ 0.50568378 -0.03156594 -0.11489306]
1133.408359527588,1000,False,5,4,[ 7.97558166 -4.33082378  4.        ],exiting,[-0.82138112 -0.19970136 -0.21083176]
1133.408359527588,1001,False,3,1,[1.68629416 5.37786832 4.00000003],cruising,[-0.48080528  0.59740651 -0.20557775]
1133.408359527588,1002,False,2,0,[-6.21039959  0.56769432  3.28630412],entering,[ 0.5677905  -0.59831228 -0.99408226]
1133.408359527588,1003,False,6,3,[ 1.84339826 -3.13292549  4.0000017 ],cruising,[ 0.63925976  0.24903542 -0.34837281]
1133.408359527588,1004,False,1,5,[-5.40671318  2.72003861  3.99999999],cruising,[-0.62185191  0.08809385  0.93462812]
1133.408359527588,1005,False,0,6,[8.21202685 9.02933185 4.00000017],exiting,[ 0.50568378 -0.03156594 -0.11489306]
1133.5208444595337,1000,False,5,4,[ 7.99987131 -4.427829    4.        ],exiting,[-0.82138112 -0.19970136 -0.21083176]
1133.5208444595337,1001,False,3,1,[1.87083104 5.30075711 4.00000002],cruising,[-0.48080528  0.59740651 -0.20557775]
1133.5208444595337,1002,False,2,0,[-6.11764131  0.74488321  3.36130412],entering,[ 0.5677905  -0.59831228 -0.99408226]
1133.5208444595337,1003,False,6,3,[ 1.651336   -3.07713941  4.00000144],cruising,[ 0.63925976  0.24903542 -0.34837281]
1133.5208444595337,1004,False,1,5,[-5.51670655  2.88707591  3.99999999],cruising,[-0.62185191  0.08809385  0.93462812]
1133.5208444595337,1005,False,0,6,[8.24682915 9.12308044 4.00000009],landing,[ 0.50568378 -0.03156594 -0.11489306]
1133.6212618350983,1000,False,5,4,[ 8.02416095 -4.52483422  4.        ],exiting,[-0.82138112 -0.19970136 -0.21083176]
1133.6212618350983,1001,False,3,1,[2.05766984 5.22940401 4.00000002],cruising,[-0.48080528  0.59740651 -0.20557775]
1133.6212618350983,1002,False,2,0,[-6.03208015  0.92565735  3.43630412],entering,[ 0.5677905  -0.59831228 -0.99408226]
1133.6212618350983,1003,False,6,3,[ 1.45762214 -3.02739062  4.00000123],cruising,[ 0.63925976  0.24903542 -0.34837281]
1133.6212618350983,1004,False,1,5,[-5.62561188  3.05482462  4.        ],cruising,[-0.62185191  0.08809385  0.93462812]
1133.6212618350983,1005,False,0,6,[8.27986089 9.2027364  3.98591943],landing,[ 0.50568378 -0.03156594 -0.11489306]
1133.7097477912903,1000,False,5,4,[ 8.0484506  -4.62183945  4.        ],exiting,[-0.82138112 -0.19970136 -0.21083176]
1133.7097477912903,1001,False,3,1,[2.24826702 5.16880109 4.00000002],cruising,[-0.48080528  0.59740651 -0.20557775]
1133.7097477912903,1002,False,2,0,[-5.9548723   1.11015382  3.51130412],entering,[ 0.5677905  -0.59831228 -0.99408226]
1133.7097477912903,1003,False,6,3,[ 1.26208408 -2.98538029  4.00000104],cruising,[ 0.63925976  0.24903542 -0.34837281]
1133.7097477912903,1004,False,1,5,[-5.73179798  3.22430769  4.        ],cruising,[-0.62185191  0.08809385  0.93462812]
1133.7097477912903,1005,False,0,6,[8.3110269  9.26815108 3.95792097],landing,[ 0.50568378 -0.03156594 -0.11489306]
1133.8114912509918,1000,False,5,4,[ 8.07274024 -4.71884467  4.        ],exiting,[-0.82138112 -0.19970136 -0.21083176]
1133.8114912509918,1001,False,3,1,[2.44181039 5.11839311 4.00000002],cruising,[-0.48080528  0.59740651 -0.20557775]
1133.8114912509918,1002,False,2,0,[-5.88736648  1.29841683  3.5846085 ],entering,[ 0.5677905  -0.59831228 -0.99408226]
1133.8114912509918,1003,False,6,3,[ 1.0646431  -2.95348893  4.00000089],cruising,[ 0.63925976  0.24903542 -0.34837281]
1133.8114912509918,1004,False,1,5,[-5.83479575  3.39574707  4.        ],cruising,[-0.62185191  0.08809385  0.93462812]
1133.8114912509918,1005,False,0,6,[8.34021414 9.31915013 3.91620122],landing,[ 0.50568378 -0.03156594 -0.11489306]
1133.9191777706146,1000,False,5,4,[ 8.09702989 -4.81584989  4.        ],exiting,[-0.82138112 -0.19970136 -0.21083176]
1133.9191777706146,1001,False,3,1,[2.63742625 5.07674657 4.00000001],cruising,[-0.48080528  0.59740651 -0.20557775]
1133.9191777706146,1002,False,2,0,[-5.83107907  1.49033277  3.64691723],entering,[ 0.5677905  -0.59831228 -0.99408226]
1133.9191777706146,1003,False,6,3,[ 0.86504678 -2.9414811   4.00000075],cruising,[ 0.63925976  0.24903542 -0.34837281]
1133.9191777706146,1004,False,1,5,[-5.93403562  3.56938879  4.        ],cruising,[-0.62185191  0.08809385  0.93462812]
1133.9191777706146,1005,False,0,6,[8.36726619 9.35549611 3.86103793],landing,[ 0.50568378 -0.03156594 -0.11489306]
1134.0172200202942,1000,False,5,4,[ 8.12131953 -4.91285511  4.        ],exiting,[-0.82138112 -0.19970136 -0.21083176]
1134.0172200202942,1001,False,3,1,[2.83446757 5.04247243 4.00000001],cruising,[-0.48080528  0.59740651 -0.20557775]
1134.0172200202942,1002,False,2,0,[-5.78761491  1.68555282  3.69987964],entering,[ 0.5677905  -0.59831228 -0.99408226]
1134.0172200202942,1003,False,6,3,[ 0.66509446 -2.94584775  4.00000064],cruising,[ 0.63925976  0.24903542 -0.34837281]
1134.0172200202942,1004,False,1,5,[-6.0288155   3.74550459  4.        ],cruising,[-0.62185191  0.08809385  0.93462812]
1134.0172200202942,1005,False,0,6,[8.39205208 9.3769937  3.79266898],landing,[ 0.50568378 -0.03156594 -0.11489306]
1134.1120421886444,1000,False,5,4,[ 8.14560918 -5.00986033  4.        ],exiting,[-0.82138112 -0.19970136 -0.21083176]
1134.1120421886444,1001,False,3,1,[3.03247017 5.01427717 4.00000001],cruising,[-0.48080528  0.59740651 -0.20557775]
1134.1120421886444,1002,False,2,0,[-5.75850943  1.88342367  3.7448977 ],entering,[ 0.5677905  -0.59831228 -0.99408226]
1134.1120421886444,1003,False,6,3,[ 0.46559281 -2.95995777  4.00000054],cruising,[ 0.63925976  0.24903542 -0.34837281]
1134.1120421886444,1004,False,1,5,[-6.11825805  3.92439011  4.        ],cruising,[-0.62185191  0.08809385  0.93462812]
1134.1120421886444,1005,False,0,6,[8.41444848 9.38346193 3.71132277],landing,[ 0.50568378 -0.03156594 -0.11489306]
1134.220715045929,1000,False,5,4,[ 8.16989882 -5.10686556  4.        ],exiting,[-0.82138112 -0.19970136 -0.21083176]
1134.220715045929,1001,False,3,1,[3.23110924 4.99098518 4.00000001],cruising,[-0.48080528  0.59740651 -0.20557775]
1134.220715045929,1002,False,2,0,[-5.74498668  2.08296598  3.78316304],entering,[ 0.5677905  -0.59831228 -0.99408226]
1134.220715045929,1003,False,6,3,[ 0.26774515 -2.98922048  4.00000046],cruising,[ 0.63925976  0.24903542 -0.34837281]
1134.220715045929,1004,False,1,5,[-6.20125352  4.10635646  4.        ],cruising,[-0.62185191  0.08809385  0.93462812]
1134.220715045929,1005,False,0,6,[8.43432972 9.37471941 3.6172366 ],landing,[ 0.50568378 -0.03156594 -0.11489306]
1134.3158106803894,1000,False,5,4,[ 8.19418847 -5.20387078  4.        ],exiting,[-0.82138112 -0.19970136 -0.21083176]
1134.3158106803894,1001,False,3,1,[3.43016196 4.97154257 4.00000001],cruising,[-0.48080528  0.59740651 -0.20557775]
1134.3158106803894,1002,False,2,0,[-5.74682133  2.28295756  3.81568859],entering,[ 0.5677905  -0.59831228 -0.99408226]
1134.3158106803894,1003,False,6,3,[ 0.07352042 -3.03693582  4.00000039],cruising,[ 0.63925976  0.24903542 -0.34837281]
1134.3158106803894,1004,False,1,5,[-6.27214119  4.29337234  4.        ],cruising,[-0.62185191  0.08809385  0.93462812]
1134.3158106803894,1005,False,0,6,[8.45352822 9.36200166 3.51992434],landing,[ 0.50568378 -0.03156594 -0.11489306]
1134.4179422855377,1000,False,5,4,[ 8.21847811 -5.300876    4.        ],exiting,[-0.82138112 -0.19970136 -0.21083176]
1134.4179422855377,1001,False,3,1,[3.62947748 4.95501005 4.00000001],cruising,[-0.48080528  0.59740651 -0.20557775]
1134.4179422855377,1002,False,2,0,[-5.76465856  2.48216056  3.8433353 ],cruising,[ 0.5677905  -0.59831228 -0.99408226]
1134.4179422855377,1003,False,6,3,[-0.11745282 -3.09634307  4.00000033],exiting,[ 0.63925976  0.24903542 -0.34837281]
1134.4179422855377,1004,False,1,5,[-6.33317489  4.48383201  4.        ],exiting,[-0.62185191  0.08809385  0.93462812]
1134.4179422855377,1005,False,0,6,[8.47272673 9.34928391 3.42261208],landing,[ 0.50568378 -0.03156594 -0.11489306]
1134.5190875530243,1000,False,5,4,[ 8.24276776 -5.39788122  4.        ],exiting,[-0.82138112 -0.19970136 -0.21083176]
1134.5190875530243,1001,False,3,1,[3.82895405 4.9405498  4.        ],cruising,[-0.48080528  0.59740651 -0.20557775]
1134.5190875530243,1002,False,2,0,[-5.7962987   2.67964195  3.866835  ],cruising,[ 0.5677905  -0.59831228 -0.99408226]
1134.5190875530243,1003,False,6,3,[-0.28887519 -3.159965    4.00000028],exiting,[ 0.63925976  0.24903542 -0.34837281]
1134.5190875530243,1004,False,1,5,[-6.39388034  4.65429438  4.        ],exiting,[-0.62185191  0.08809385  0.93462812]
1134.5190875530243,1005,False,0,6,[8.49192523 9.33656616 3.32529982],landing,[ 0.50568378 -0.03156594 -0.11489306]
1134.6083309650421,1000,False,5,4,[ 8.2670574  -5.49488645  4.        ],exiting,[-0.82138112 -0.19970136 -0.21083176]
1134.6083309650421,1001,False,3,1,[4.02852192 4.92740967 4.        ],cruising,[-0.48080528  0.59740651 -0.20557775]
1134.6083309650421,1002,False,2,0,[-5.84116776  2.8745439   3.88680975],cruising,[ 0.5677905  -0.59831228 -0.99408226]
1134.6083309650421,1003,False,6,3,[-0.44073369 -3.22774084  4.00000022],exiting,[ 0.63925976  0.24903542 -0.34837281]
1134.6083309650421,1004,False,1,5,[-6.45447893  4.80475703  4.        ],exiting,[-0.62185191  0.08809385  0.93462812]
1134.6083309650421,1005,False,0,6,[8.51112373 9.32384841 3.22798756],landing,[ 0.50568378 -0.03156594 -0.11489306]
1134.7117764949799,1000,False,5,4,[ 8.29134705 -5.59189167  4.        ],exiting,[-0.82138112 -0.19970136 -0.21083176]
1134.7117764949799,1001,False,3,1,[4.22810545 4.9145094  4.        ],cruising,[-0.48080528  0.59740651 -0.20557775]
1134.7117764949799,1002,False,2,0,[-5.89557448  3.06700145  3.90378829],cruising,[ 0.5677905  -0.59831228 -0.99408226]
1134.7117764949799,1003,False,6,3,[-0.57301257 -3.29959573  4.00000016],exiting,[ 0.63925976  0.24903542 -0.34837281]
1134.7117764949799,1004,False,1,5,[-6.51528199  4.93522073  4.        ],exiting,[-0.62185191  0.08809385  0.93462812]
1134.7117764949799,1005,False,0,6,[8.53032224 9.31113067 3.13067529],landing,[ 0.50568378 -0.03156594 -0.11489306]
1134.8106439113617,1000,False,5,4,[ 8.31563669 -5.68889689  4.        ],exiting,[-0.82138112 -0.19970136 -0.21083176]
1134.8106439113617,1001,False,3,1,[4.42771545 4.90202549 4.        ],cruising,[-0.48080528  0.59740651 -0.20557775]
1134.8106439113617,1002,False,2,0,[-5.95708092  3.25730898  3.91822005],cruising,[ 0.5677905  -0.59831228 -0.99408226]
1134.8106439113617,1003,False,6,3,[-0.68569258 -3.3754361   4.00000011],exiting,[ 0.63925976  0.24903542 -0.34837281]
1134.8106439113617,1004,False,1,5,[-6.57662072  5.04569161  4.        ],exiting,[-0.62185191  0.08809385  0.93462812]
1134.8106439113617,1005,False,0,6,[8.54952074 9.29841292 3.03336303],landing,[ 0.50568378 -0.03156594 -0.11489306]
1134.9103031158447,1000,False,5,4,[ 8.33992634 -5.78590211  4.        ],exiting,[-0.82138112 -0.19970136 -0.21083176]
1134.9103031158447,1001,False,3,1,[4.62730743 4.88925671 4.        ],cruising,[-0.48080528  0.59740651 -0.20557775]
1134.9103031158447,1002,False,2,0,[-6.0232976   3.44602928  3.93048704],cruising,[ 0.5677905  -0.59831228 -0.99408226]
1134.9103031158447,1003,False,6,3,[-0.77874903 -3.45513858  4.00000006],exiting,[ 0.63925976  0.24903542 -0.34837281]
1134.9103031158447,1004,False,1,5,[-6.6388073   5.13618046  4.        ],exiting,[-0.62185191  0.08809385  0.93462812]
1134.9103031158447,1005,False,0,6,[8.56871925 9.28569517 2.93605077],landing,[ 0.50568378 -0.03156594 -0.11489306]
1135.0170199871063,1000,False,5,4,[ 8.36421598 -5.88290734  4.        ],exiting,[-0.82138112 -0.19970136 -0.21083176]
1135.0170199871063,1001,False,3,1,[4.82683714 4.87554923 4.        ],cruising,[-0.48080528  0.59740651 -0.20557775]
1135.0170199871063,1002,False,2,0,[-6.09195021  3.63387715  3.94091398],cruising,[ 0.5677905  -0.59831228 -0.99408226]
1135.0170199871063,1003,False,6,3,[-0.85214732 -3.538523    4.00000002],exiting,[ 0.63925976  0.24903542 -0.34837281]
1135.0170199871063,1004,False,1,5,[-6.70174503  5.21389045  4.        ],exiting,[-0.62185191  0.08809385  0.93462812]
1135.0170199871063,1005,False,0,6,[8.58791775 9.27297742 2.83873851],landing,[ 0.50568378 -0.03156594 -0.11489306]
1135.1073665618896,1000,False,5,4,[ 8.38850562 -5.97991256  4.        ],exiting,[-0.82138112 -0.19970136 -0.21083176]
1135.1073665618896,1001,False,3,1,[5.02625308 4.86027566 4.        ],cruising,[-0.48080528  0.59740651 -0.20557775]
1135.1073665618896,1002,False,2,0,[-6.16086364  3.82162948  3.94977689],cruising,[ 0.5677905  -0.59831228 -0.99408226]
1135.1073665618896,1003,False,6,3,[-0.90586394 -3.62546157  3.99999999],exiting,[ 0.63925976  0.24903542 -0.34837281]
1135.1073665618896,1004,False,1,5,[-6.76468276  5.29160044  4.        ],exiting,[-0.62185191  0.08809385  0.93462812]
1135.1073665618896,1005,False,0,6,[8.60711626 9.26025967 2.74142625],landing,[ 0.50568378 -0.03156594 -0.11489306]
1135.2101480960846,1000,False,5,4,[ 8.41279527 -6.07691778  4.        ],exiting,[-0.82138112 -0.19970136 -0.21083176]
1135.2101480960846,1001,False,3,1,[5.22558039 4.8438859  4.        ],cruising,[-0.48080528  0.59740651 -0.20557775]
1135.2101480960846,1002,False,2,0,[-6.2278913   4.01006327  3.95731035],cruising,[ 0.5677905  -0.59831228 -0.99408226]
1135.2101480960846,1003,False,6,3,[-0.93987518 -3.71582039  3.99999997],exiting,[ 0.63925976  0.24903542 -0.34837281]
1135.2101480960846,1004,False,1,5,[-6.82762049  5.36931042  4.        ],exiting,[-0.62185191  0.08809385  0.93462812]
1135.2101480960846,1005,False,0,6,[8.62631476 9.24754193 2.64411399],landing,[ 0.50568378 -0.03156594 -0.11489306]
1135.3152949810028,1000,False,5,4,[ 8.43708491 -6.173923    4.        ],exiting,[-0.82138112 -0.19970136 -0.21083176]
1135.3152949810028,1001,False,3,1,[5.42466494 4.82477203 4.        ],cruising,[-0.48080528  0.59740651 -0.20557775]
1135.3152949810028,1002,False,2,0,[-6.29080852  4.19990906  3.9637138 ],cruising,[ 0.5677905  -0.59831228 -0.99408226]
1135.3152949810028,1003,False,6,3,[-0.95415745 -3.80946063  3.99999996],exiting,[ 0.63925976  0.24903542 -0.34837281]
1135.3152949810028,1004,False,1,5,[-6.89055822  5.44702041  4.        ],exiting,[-0.62185191  0.08809385  0.93462812]
1135.3152949810028,1005,False,0,6,[8.64551327 9.23482418 2.54680172],landing,[ 0.50568378 -0.03156594 -0.11489306]
1135.4131832122803,1000,False,5,4,[ 8.46137456 -6.27092822  4.        ],exiting,[-0.82138112 -0.19970136 -0.21083176]
1135.4131832122803,1001,False,3,1,[5.623394   4.80226066 4.        ],cruising,[-0.48080528  0.59740651 -0.20557775]
1135.4131832122803,1002,False,2,0,[-6.34717869  4.3918007   3.96915673],cruising,[ 0.5677905  -0.59831228 -0.99408226]
1135.4131832122803,1003,False,6,3,[-0.94868756 -3.90623967  3.99999996],exiting,[ 0.63925976  0.24903542 -0.34837281]
1135.4131832122803,1004,False,1,5,[-6.95349595  5.5247304   4.        ],exiting,[-0.62185191  0.08809385  0.93462812]
1135.4131832122803,1005,False,0,6,[8.66471177 9.22210643 2.44948946],landing,[ 0.50568378 -0.03156594 -0.11489306]
1135.5078353881836,1000,False,5,4,[ 8.4856642  -6.36793345  4.        ],exiting,[-0.82138112 -0.19970136 -0.21083176]
1135.5078353881836,1001,False,3,1,[5.82161446 4.77564022 4.        ],cruising,[-0.48080528  0.59740651 -0.20557775]
1135.5078353881836,1002,False,2,0,[-6.38796244  4.58759827  3.97378322],cruising,[ 0.5677905  -0.59831228 -0.99408226]
1135.5078353881836,1003,False,6,3,[-0.93162651 -4.00477352  3.99999996],exiting,[ 0.63925976  0.24903542 -0.34837281]
1135.5078353881836,1004,False,1,5,[-7.01643368  5.60244039  4.        ],exiting,[-0.62185191  0.08809385  0.93462812]
1135.5078353881836,1005,False,0,6,[8.68391027 9.20938868 2.3521772 ],landing,[ 0.50568378 -0.03156594 -0.11489306]
1135.6125311851501,1000,False,5,4,[ 8.50995385 -6.46493867  4.        ],exiting,[-0.82138112 -0.19970136 -0.21083176]
1135.6125311851501,1001,False,3,1,[6.01911844 4.74414132 4.        ],cruising,[-0.48080528  0.59740651 -0.20557775]
1135.6125311851501,1002,False,2,0,[-6.41567674  4.78566875  3.97771574],cruising,[ 0.5677905  -0.59831228 -0.99408226]
1135.6125311851501,1003,False,6,3,[-0.91456545 -4.10330738  3.99999997],exiting,[ 0.63925976  0.24903542 -0.34837281]
1135.6125311851501,1004,False,1,5,[-7.0793714   5.68015038  4.        ],exiting,[-0.62185191  0.08809385  0.93462812]
1135.6125311851501,1005,False,0,6,[8.70310878 9.19667093 2.25486494],landing,[ 0.50568378 -0.03156594 -0.11489306]
1135.7167780399323,1000,False,5,4,[ 8.53424349 -6.56194389  4.        ],exiting,[-0.82138112 -0.19970136 -0.21083176]
1135.7167780399323,1001,False,3,1,[6.21562394 4.70691783 4.        ],cruising,[-0.48080528  0.59740651 -0.20557775]
1135.7167780399323,1002,False,2,0,[-6.42344326  4.98512059  3.98122595],cruising,[ 0.5677905  -0.59831228 -0.99408226]
1135.7167780399323,1003,False,6,3,[-0.8975044  -4.20184123  3.99999998],exiting,[ 0.63925976  0.24903542 -0.34837281]
1135.7167780399323,1004,False,1,5,[-7.14230913  5.75786037  4.        ],exiting,[-0.62185191  0.08809385  0.93462812]
1135.7167780399323,1005,False,0,6,[8.72230728 9.18395318 2.15755268],landing,[ 0.50568378 -0.03156594 -0.11489306]
1135.819254398346,1000,False,5,4,[ 8.55853314 -6.65894911  4.        ],exiting,[-0.82138112 -0.19970136 -0.21083176]
1135.819254398346,1001,False,3,1,[6.41074903 4.66302935 4.        ],cruising,[-0.48080528  0.59740651 -0.20557775]
1135.819254398346,1002,False,2,0,[-6.41125531  5.18325842  3.98443245],cruising,[ 0.5677905  -0.59831228 -0.99408226]
1135.819254398346,1003,False,6,3,[-0.88044335 -4.30037508  3.99999998],exiting,[ 0.63925976  0.24903542 -0.34837281]
1135.819254398346,1004,False,1,5,[-7.20524686  5.83557036  4.        ],exiting,[-0.62185191  0.08809385  0.93462812]
1135.819254398346,1005,False,0,6,[8.74150579 9.17123544 2.06024041],landing,[ 0.50568378 -0.03156594 -0.11489306]
1135.9083275794983,1000,False,5,4,[ 8.58282278 -6.75595434  4.        ],exiting,[-0.82138112 -0.19970136 -0.21083176]
1135.9083275794983,1001,False,3,1,[6.60397743 4.61142718 4.        ],cruising,[-0.48080528  0.59740651 -0.20557775]
1135.9083275794983,1002,False,2,0,[-6.3794482   5.377521    3.98737223],cruising,[ 0.5677905  -0.59831228 -0.99408226]
1135.9083275794983,1003,False,6,3,[-0.86338229 -4.39890894  3.99999998],exiting,[ 0.63925976  0.24903542 -0.34837281]
1135.9083275794983,1004,False,1,5,[-7.26818459  5.91328034  4.        ],exiting,[-0.62185191  0.08809385  0.93462812]
1135.9083275794983,1005,False,0,6,[8.76070429 9.15851769 1.96292815],landing,[ 0.50568378 -0.03156594 -0.11489306]
1136.0089132785797,1000,False,5,4,[ 8.60711243 -6.85295956  4.        ],exiting,[-0.82138112 -0.19970136 -0.21083176]
1136.0089132785797,1001,False,3,1,[6.79461377 4.55094754 4.        ],cruising,[-0.48080528  0.59740651 -0.20557775]
1136.0089132785797,1002,False,2,0,[-6.32865003  5.56551653  3.99005915],cruising,[ 0.5677905  -0.59831228 -0.99408226]
1136.0089132785797,1003,False,6,3,[-0.84632124 -4.49744279  3.99999999],exiting,[ 0.63925976  0.24903542 -0.34837281]
1136.0089132785797,1004,False,1,5,[-7.33112232  5.99099033  4.        ],exiting,[-0.62185191  0.08809385  0.93462812]
1136.0089132785797,1005,False,0,6,[8.7799028  9.14579994 1.86561589],landing,[ 0.50568378 -0.03156594 -0.11489306]
1136.1099979877472,1000,False,5,4,[ 8.63140207 -6.94996478  4.        ],exiting,[-0.82138112 -0.19970136 -0.21083176]
1136.1099979877472,1001,False,3,1,[6.98172744 4.4803184  4.        ],cruising,[-0.48080528  0.59740651 -0.20557775]
1136.1099979877472,1002,False,2,0,[-6.25974983  5.74501176  3.99249869],cruising,[ 0.5677905  -0.59831228 -0.99408226]
1136.1099979877472,1003,False,6,3,[-0.82926019 -4.59597665  3.99999999],exiting,[ 0.63925976  0.24903542 -0.34837281]
1136.1099979877472,1004,False,1,5,[-7.39406005  6.06870032  4.        ],exiting,[-0.62185191  0.08809385  0.93462812]
1136.1099979877472,1005,False,0,6,[8.7991013  9.13308219 1.76830363],landing,[ 0.50568378 -0.03156594 -0.11489306]
1136.2063686847687,1000,False,5,4,[ 8.65569172 -7.04697     4.        ],exiting,[-0.82138112 -0.19970136 -0.21083176]
1136.2063686847687,1001,False,3,1,[7.16408673 4.39818991 4.        ],cruising,[-0.48080528  0.59740651 -0.20557775]
1136.2063686847687,1002,False,2,0,[-6.17378489  5.91407982  3.99467573],cruising,[ 0.5677905  -0.59831228 -0.99408226]
1136.2063686847687,1003,False,6,3,[-0.81219913 -4.6945105   3.99999999],exiting,[ 0.63925976  0.24903542 -0.34837281]
1136.2063686847687,1004,False,1,5,[-7.45699778  6.14641031  4.        ],exiting,[-0.62185191  0.08809385  0.93462812]
1136.2063686847687,1005,False,0,6,[8.81829981 9.12036444 1.67099137],landing,[ 0.50568378 -0.03156594 -0.11489306]
1136.321052789688,1000,False,5,4,[ 8.67998136 -7.14397522  4.        ],landing,[-0.82138112 -0.19970136 -0.21083176]
1136.321052789688,1001,False,3,1,[7.34009029 4.30320178 4.        ],cruising,[-0.48080528  0.59740651 -0.20557775]
1136.321052789688,1002,False,2,0,[-6.07191636  6.07102319  3.99659319],cruising,[ 0.5677905  -0.59831228 -0.99408226]
1136.321052789688,1003,False,6,3,[-0.79513808 -4.79304436  3.99999999],exiting,[ 0.63925976  0.24903542 -0.34837281]
1136.321052789688,1004,False,1,5,[-7.51993551  6.2241203   4.        ],exiting,[-0.62185191  0.08809385  0.93462812]
1136.321052789688,1005,False,0,6,[8.83749831 9.1076467  1.5736791 ],landing,[ 0.50568378 -0.03156594 -0.11489306]
1136.4062201976776,1000,False,5,4,[ 8.69777867 -7.22842616  3.98584941],landing,[-0.82138112 -0.19970136 -0.21083176]
1136.4062201976776,1001,False,3,1,[7.50771281 4.19410232 4.        ],cruising,[-0.48080528  0.59740651 -0.20557775]
1136.4062201976776,1002,False,2,0,[-5.95504374  6.21474524  3.99823781],cruising,[ 0.5677905  -0.59831228 -0.99408226]
1136.4062201976776,1003,False,6,3,[-0.77807703 -4.89157821  3.99999999],exiting,[ 0.63925976  0.24903542 -0.34837281]
1136.4062201976776,1004,False,1,5,[-7.58287323  6.30183029  4.        ],exiting,[-0.62185191  0.08809385  0.93462812]
1136.4062201976776,1005,False,0,6,[8.85669681 9.09492895 1.47636684],fake_landed,[ 0.50568378 -0.03156594 -0.11489306]
1136.5098299980164,1000,False,5,4,[ 8.7090776  -7.30014561  3.95771022],landing,[-0.82138112 -0.19970136 -0.21083176]
1136.5098299980164,1001,False,3,1,[7.66328595 4.06904001 4.        ],cruising,[-0.48080528  0.59740651 -0.20557775]
1136.5098299980164,1002,False,2,0,[-5.82405739  6.34429967  3.99959836],cruising,[ 0.5677905  -0.59831228 -0.99408226]
1136.5098299980164,1003,False,6,3,[-0.76101597 -4.99011206  3.99999999],exiting,[ 0.63925976  0.24903542 -0.34837281]
1136.5098299980164,1004,False,1,5,[-7.64581096  6.37954028  4.        ],exiting,[-0.62185191  0.08809385  0.93462812]
1136.5098299980164,1005,False,0,6,[8.87205562 9.08475475 1.39851703],fake_landed,[ 0.50568378 -0.03156594 -0.11489306]
1136.6070234775543,1000,False,5,4,[ 8.7138722  -7.35892448  3.91577847],landing,[-0.82138112 -0.19970136 -0.21083176]
1136.6070234775543,1001,False,3,1,[7.80542065 3.92916528 4.        ],cruising,[-0.48080528  0.59740651 -0.20557775]
1136.6070234775543,1002,False,2,0,[-5.67980362  6.45889116  4.00066514],cruising,[ 0.5677905  -0.59831228 -0.99408226]
1136.6070234775543,1003,False,6,3,[-0.74395492 -5.08864592  4.        ],exiting,[ 0.63925976  0.24903542 -0.34837281]
1136.6070234775543,1004,False,1,5,[-7.70874869  6.45725026  4.        ],exiting,[-0.62185191  0.08809385  0.93462812]
1136.6070234775543,1005,False,0,6,[8.88357472 9.0771241  1.34012968],fake_landed,[ 0.50568378 -0.03156594 -0.11489306]
1136.7097203731537,1000,False,5,4,[ 8.71215635 -7.40447494  3.86033291],landing,[-0.82138112 -0.19970136 -0.21083176]
1136.7097203731537,1001,False,3,1,[7.93265635 3.77594812 4.        ],cruising,[-0.48080528  0.59740651 -0.20557775]
1136.7097203731537,1002,False,2,0,[-5.52305118  6.55787203  4.0014295 ],cruising,[ 0.5677905  -0.59831228 -0.99408226]
1136.7097203731537,1003,False,6,3,[-0.72689387 -5.18717977  4.        ],exiting,[ 0.63925976  0.24903542 -0.34837281]
1136.7097203731537,1004,False,1,5,[-7.77168642  6.53496025  4.        ],exiting,[-0.62185191  0.08809385  0.93462812]
1136.7097203731537,1005,False,0,6,[8.89125412 9.072037   1.30120477],fake_landed,[ 0.50568378 -0.03156594 -0.11489306]
1136.8192925453186,1000,False,5,4,[ 8.70392701 -7.43656446  3.79160662],landing,[-0.82138112 -0.19970136 -0.21083176]
1136.8192925453186,1001,False,3,1,[8.04364563 3.61106677 4.        ],cruising,[-0.48080528  0.59740651 -0.20557775]
1136.8192925453186,1002,False,2,0,[-5.35448828  6.64071542  4.00188517],cruising,[ 0.5677905  -0.59831228 -0.99408226]
1136.8192925453186,1003,False,6,3,[-0.70983281 -5.28571363  4.        ],exiting,[ 0.63925976  0.24903542 -0.34837281]
1136.8192925453186,1004,False,1,5,[-7.83462415  6.61267024  4.        ],exiting,[-0.62185191  0.08809385  0.93462812]
1136.8192925453186,1005,False,0,6,[8.89509382 9.06949345 1.28174232],fake_landed,[ 0.50568378 -0.03156594 -0.11489306]
1136.9067821502686,1000,False,5,4,[ 8.68918288 -7.4549729   3.70982715],landing,[-0.82138112 -0.19970136 -0.21083176]
1136.9067821502686,1001,False,3,1,[8.13703268 3.43669005 4.        ],cruising,[-0.48080528  0.59740651 -0.20557775]
1136.9067821502686,1002,False,2,0,[-5.17496266  6.70683371  4.00204186],cruising,[ 0.5677905  -0.59831228 -0.99408226]
1136.9067821502686,1003,False,6,3,[-0.69277176 -5.38424748  4.        ],exiting,[ 0.63925976  0.24903542 -0.34837281]
1136.9067821502686,1004,False,1,5,[-7.89756188  6.69038023  4.        ],exiting,[-0.62185191  0.08809385  0.93462812]
1136.9067821502686,1005,False,6,2,[8.89509382 9.06949345 1.28174232],waiting,[ 0.50568378 -0.03156594 -0.11489306]
1137.006180524826,1000,False,5,4,[ 8.66792437 -7.45947834  3.61523091],landing,[-0.82138112 -0.19970136 -0.21083176]
1137.006180524826,1001,False,3,1,[8.21218895 3.25408907 4.        ],exiting,[-0.48080528  0.59740651 -0.20557775]
1137.006180524826,1002,False,2,0,[-4.98449275  6.7562151   4.00188448],cruising,[ 0.5677905  -0.59831228 -0.99408226]
1137.006180524826,1003,False,6,3,[-0.67571071 -5.48278134  4.        ],exiting,[ 0.63925976  0.24903542 -0.34837281]
1137.006180524826,1004,False,1,5,[-7.96049961  6.76809022  4.        ],exiting,[-0.62185191  0.08809385  0.93462812]
1137.006180524826,1005,False,6,2,[8.89509382 9.06949345 1.28174232],waiting,[ 0.50568378 -0.03156594 -0.11489306]
1137.1142408847809,1000,False,5,4,[ 8.64522385 -7.46085554  3.5178513 ],landing,[-0.82138112 -0.19970136 -0.21083176]
1137.1142408847809,1001,False,3,1,[8.2683091  3.07762208 4.        ],exiting,[-0.48080528  0.59740651 -0.20557775]
1137.1142408847809,1002,False,2,0,[-4.78950283  6.8007003   4.00160181],cruising,[ 0.5677905  -0.59831228 -0.99408226]
1137.1142408847809,1003,False,6,3,[-0.65864965 -5.58131519  4.        ],exiting,[ 0.63925976  0.24903542 -0.34837281]
1137.1142408847809,1004,False,1,5,[-8.02343733  6.84580021  4.        ],exiting,[-0.62185191  0.08809385  0.93462812]
1137.1142408847809,1005,False,6,2,[8.89509382 9.06949345 1.28174232],waiting,[ 0.50568378 -0.03156594 -0.11489306]
1137.2109479904175,1000,False,5,4,[ 8.62252334 -7.46223273  3.42047168],landing,[-0.82138112 -0.19970136 -0.21083176]
1137.2109479904175,1001,False,3,1,[8.30793125 2.91246068 4.        ],exiting,[-0.48080528  0.59740651 -0.20557775]
1137.2109479904175,1002,False,2,0,[-4.59537689  6.848816    4.00136154],cruising,[ 0.5677905  -0.59831228 -0.99408226]
1137.2109479904175,1003,False,6,3,[-0.6415886  -5.67984905  4.        ],exiting,[ 0.63925976  0.24903542 -0.34837281]
1137.2109479904175,1004,False,1,5,[-8.08637506  6.92351019  4.        ],exiting,[-0.62185191  0.08809385  0.93462812]
1137.2109479904175,1005,False,6,2,[8.89509382 9.06949345 1.28174232],waiting,[ 0.50568378 -0.03156594 -0.11489306]
1137.313874721527,1000,False,5,4,[ 8.59982282 -7.46360993  3.32309206],landing,[-0.82138112 -0.19970136 -0.21083176]
1137.313874721527,1001,False,3,1,[8.33249474 2.76046122 4.        ],exiting,[-0.48080528  0.59740651 -0.20557775]
1137.313874721527,1002,False,2,0,[-4.4018018   6.899102    4.00115731],cruising,[ 0.5677905  -0.59831228 -0.99408226]
1137.313874721527,1003,False,6,3,[-0.62452755 -5.7783829   4.        ],exiting,[ 0.63925976  0.24903542 -0.34837281]
1137.313874721527,1004,False,1,5,[-8.14931279  7.00122018  4.        ],exiting,[-0.62185191  0.08809385  0.93462812]
1137.313874721527,1005,False,6,2,[8.89509382 9.06949345 1.28174232],waiting,[ 0.50568378 -0.03156594 -0.11489306]
1137.415714263916,1000,False,5,4,[ 8.5771223  -7.46498712  3.22571244],landing,[-0.82138112 -0.19970136 -0.21083176]
1137.415714263916,1001,False,3,1,[8.34284261 2.62253001 4.        ],exiting,[-0.48080528  0.59740651 -0.20557775]
1137.415714263916,1002,False,2,0,[-4.20845943  6.95027553  4.00098371],cruising,[ 0.5677905  -0.59831228 -0.99408226]
1137.415714263916,1003,False,6,3,[-0.60746649 -5.87691675  4.        ],exiting,[ 0.63925976  0.24903542 -0.34837281]
1137.415714263916,1004,False,1,5,[-8.21225052  7.07893017  4.        ],exiting,[-0.62185191  0.08809385  0.93462812]
1137.415714263916,1005,False,6,2,[8.89509382 9.06949345 1.28174232],waiting,[ 0.50568378 -0.03156594 -0.11489306]
1137.5173788070679,1000,False,5,4,[ 8.55442179 -7.46636432  3.12833283],landing,[-0.82138112 -0.19970136 -0.21083176]
1137.5173788070679,1001,False,3,1,[8.33956675 2.49924102 4.        ],exiting,[-0.48080528  0.59740651 -0.20557775]
1137.5173788070679,1002,False,2,0,[-4.01443086  6.99878236  4.00083615],cruising,[ 0.5677905  -0.59831228 -0.99408226]
1137.5173788070679,1003,False,6,3,[-0.59040544 -5.97545061  4.        ],exiting,[ 0.63925976  0.24903542 -0.34837281]
1137.5173788070679,1004,False,1,5,[-8.27518825  7.15664016  4.        ],exiting,[-0.62185191  0.08809385  0.93462812]
1137.5173788070679,1005,False,6,2,[8.89509382 9.06949345 1.28174232],waiting,[ 0.50568378 -0.03156594 -0.11489306]
1137.6206357479095,1000,False,5,4,[ 8.53172127 -7.46774151  3.03095321],landing,[-0.82138112 -0.19970136 -0.21083176]
1137.6206357479095,1001,False,3,1,[8.32317585 2.39105155 4.        ],exiting,[-0.48080528  0.59740651 -0.20557775]
1137.6206357479095,1002,False,2,0,[-3.82024158  7.0466418   4.00071073],cruising,[ 0.5677905  -0.59831228 -0.99408226]
1137.6206357479095,1003,False,6,3,[-0.57334439 -6.07398446  4.        ],exiting,[ 0.63925976  0.24903542 -0.34837281]
1137.6206357479095,1004,False,1,5,[-8.33812598  7.23435015  4.        ],exiting,[-0.62185191  0.08809385  0.93462812]
1137.6206357479095,1005,False,6,2,[8.89509382 9.06949345 1.28174232],waiting,[ 0.50568378 -0.03156594 -0.11489306]
1137.7152054309845,1000,False,5,4,[ 8.50902076 -7.46911871  2.93357359],landing,[-0.82138112 -0.19970136 -0.21083176]
1137.7152054309845,1001,False,3,1,[8.29420365 2.29840914 4.        ],exiting,[-0.48080528  0.59740651 -0.20557775]
1137.7152054309845,1002,False,2,0,[-3.62567288  7.09293455  4.00060412],cruising,[ 0.5677905  -0.59831228 -0.99408226]
1137.7152054309845,1003,False,6,3,[-0.55628333 -6.17251832  4.        ],exiting,[ 0.63925976  0.24903542 -0.34837281]
1137.7152054309845,1004,False,1,5,[-8.40106371  7.31206014  4.        ],landing,[-0.62185191  0.08809385  0.93462812]
1137.7152054309845,1005,False,6,2,[8.89509382 9.06949345 1.28174232],waiting,[ 0.50568378 -0.03156594 -0.11489306]
1137.8067083358765,1000,False,5,4,[ 8.48632024 -7.47049591  2.83619397],landing,[-0.82138112 -0.19970136 -0.21083176]
1137.8067083358765,1001,False,3,1,[8.25290799 2.22151894 4.        ],exiting,[-0.48080528  0.59740651 -0.20557775]
1137.8067083358765,1002,False,2,0,[-3.43002767  7.13444301  4.0005135 ],cruising,[ 0.5677905  -0.59831228 -0.99408226]
1137.8067083358765,1003,False,6,3,[-0.53922228 -6.27105217  4.        ],exiting,[ 0.63925976  0.24903542 -0.34837281]
1137.8067083358765,1004,False,1,5,[-8.45292847  7.38132381  3.98564559],landing,[-0.62185191  0.08809385  0.93462812]
1137.8067083358765,1005,False,6,2,[8.89509382 9.06949345 1.28174232],waiting,[ 0.50568378 -0.03156594 -0.11489306]
1137.9061992168427,1000,False,5,4,[ 8.46361973 -7.4718731   2.73881436],landing,[-0.82138112 -0.19970136 -0.21083176]
1137.9061992168427,1001,False,3,1,[8.19955539 2.16058587 4.        ],exiting,[-0.48080528  0.59740651 -0.20557775]
1137.9061992168427,1002,False,2,0,[-3.23382797  7.17324606  4.00043648],cruising,[ 0.5677905  -0.59831228 -0.99408226]
1137.9061992168427,1003,False,6,3,[-0.52216123 -6.36958603  4.        ],exiting,[ 0.63925976  0.24903542 -0.34837281]
1137.9061992168427,1004,False,1,5,[-8.49363802  7.44198163  3.95709609],landing,[-0.62185191  0.08809385  0.93462812]
1137.9061992168427,1005,False,6,2,[8.89509382 9.06949345 1.28174232],waiting,[ 0.50568378 -0.03156594 -0.11489306]
1138.0070097446442,1000,False,5,4,[ 8.44091921 -7.4732503   2.64143474],landing,[-0.82138112 -0.19970136 -0.21083176]
1138.0070097446442,1001,False,3,1,[8.13442139 2.11581445 4.        ],exiting,[-0.48080528  0.59740651 -0.20557775]
1138.0070097446442,1002,False,2,0,[-3.03696929  7.20855412  4.00037101],cruising,[ 0.5677905  -0.59831228 -0.99408226]
1138.0070097446442,1003,False,6,3,[-0.50510017 -6.46811988  4.        ],exiting,[ 0.63925976  0.24903542 -0.34837281]
1138.0070097446442,1004,False,1,5,[-8.52309569  7.49384356  3.91454561],landing,[-0.62185191  0.08809385  0.93462812]
1138.0070097446442,1005,False,6,2,[8.89509382 9.06949345 1.28174232],waiting,[ 0.50568378 -0.03156594 -0.11489306]
1138.1085107326508,1000,False,5,4,[ 8.41821869 -7.47462749  2.54405512],landing,[-0.82138112 -0.19970136 -0.21083176]
1138.1085107326508,1001,False,3,1,[8.05779122 2.08740878 4.        ],exiting,[-0.48080528  0.59740651 -0.20557775]
1138.1085107326508,1002,False,2,0,[-2.83897294  7.2367932   4.00031535],cruising,[ 0.5677905  -0.59831228 -0.99408226]
1138.1085107326508,1003,False,6,3,[-0.48803912 -6.56665373  4.        ],exiting,[ 0.63925976  0.24903542 -0.34837281]
1138.1085107326508,1004,False,1,5,[-8.54116774  7.53664195  3.85827579],landing,[-0.62185191  0.08809385  0.93462812]
1138.1085107326508,1005,False,6,2,[8.89509382 9.06949345 1.28174232],waiting,[ 0.50568378 -0.03156594 -0.11489306]
1138.2140474319458,1000,False,5,4,[ 8.39551818 -7.47600469  2.4466755 ],landing,[-0.82138112 -0.19970136 -0.21083176]
1138.2140474319458,1001,False,3,1,[7.96996059 2.07557267 4.        ],exiting,[-0.48080528  0.59740651 -0.20557775]
1138.2140474319458,1002,False,2,0,[-2.64035549  7.26026892  4.00026805],cruising,[ 0.5677905  -0.59831228 -0.99408226]
1138.2140474319458,1003,False,6,3,[-0.47097807 -6.66518759  4.        ],exiting,[ 0.63925976  0.24903542 -0.34837281]
1138.2140474319458,1004,False,1,5,[-8.54775616  7.57017677  3.78850366],landing,[-0.62185191  0.08809385  0.93462812]
1138.2140474319458,1005,False,6,2,[8.89509382 9.06949345 1.28174232],waiting,[ 0.50568378 -0.03156594 -0.11489306]
1138.306035041809,1000,False,5,4,[ 8.37281766 -7.47738188  2.34929589],landing,[-0.82138112 -0.19970136 -0.21083176]
1138.306035041809,1001,False,3,1,[7.8712367  2.08050964 4.        ],exiting,[-0.48080528  0.59740651 -0.20557775]
1138.306035041809,1002,False,2,0,[-2.44086833  7.2745823   4.00022784],cruising,[ 0.5677905  -0.59831228 -0.99408226]
1138.306035041809,1003,False,6,3,[-0.45391701 -6.76372144  4.        ],exiting,[ 0.63925976  0.24903542 -0.34837281]
1138.306035041809,1004,False,1,5,[-8.54276401  7.59424669  3.70545351],landing,[-0.62185191  0.08809385  0.93462812]
1138.306035041809,1005,False,6,2,[8.89509382 9.06949345 1.28174232],waiting,[ 0.50568378 -0.03156594 -0.11489306]
1138.4113428592682,1000,False,5,4,[ 8.35011715 -7.47875908  2.25191627],landing,[-0.82138112 -0.19970136 -0.21083176]
1138.4113428592682,1001,False,3,1,[7.77145687 2.08714192 4.        ],exiting,[-0.48080528  0.59740651 -0.20557775]
1138.4113428592682,1002,False,2,0,[-2.2409039   7.27835434  4.00019367],cruising,[ 0.5677905  -0.59831228 -0.99408226]
1138.4113428592682,1003,False,6,3,[-0.43685596 -6.8622553   4.        ],exiting,[ 0.63925976  0.24903542 -0.34837281]
1138.4113428592682,1004,False,1,5,[-8.52609501  7.60864794  3.60935851],landing,[-0.62185191  0.08809385  0.93462812]
1138.4113428592682,1005,False,6,2,[8.89509382 9.06949345 1.28174232],waiting,[ 0.50568378 -0.03156594 -0.11489306]
1138.5064051151276,1000,False,5,4,[ 8.32741663 -7.48013628  2.15453665],landing,[-0.82138112 -0.19970136 -0.21083176]
1138.5064051151276,1001,False,3,1,[7.67167705 2.0937742  4.        ],exiting,[-0.48080528  0.59740651 -0.20557775]
1138.5064051151276,1002,False,2,0,[-2.04136604  7.26476599  4.00016462],cruising,[ 0.5677905  -0.59831228 -0.99408226]
1138.5064051151276,1003,False,6,3,[-0.41979491 -6.96078915  4.        ],exiting,[ 0.63925976  0.24903542 -0.34837281]
1138.5064051151276,1004,False,1,5,[-8.50816144  7.62198839  3.51188841],landing,[-0.62185191  0.08809385  0.93462812]
1138.5064051151276,1005,False,6,2,[8.89509382 9.06949345 1.28174232],waiting,[ 0.50568378 -0.03156594 -0.11489306]
1138.6065022945404,1000,False,5,4,[ 8.30471612 -7.48151347  2.05715703],landing,[-0.82138112 -0.19970136 -0.21083176]
1138.6065022945404,1001,False,3,1,[7.57189723 2.10040648 4.        ],exiting,[-0.48080528  0.59740651 -0.20557775]
1138.6065022945404,1002,False,2,0,[-1.84401144  7.23234436  4.00013992],cruising,[ 0.5677905  -0.59831228 -0.99408226]
1138.6065022945404,1003,False,6,3,[-0.40273385 -7.05932301  4.        ],exiting,[ 0.63925976  0.24903542 -0.34837281]
1138.6065022945404,1004,False,1,5,[-8.49022786  7.63532884  3.41441832],landing,[-0.62185191  0.08809385  0.93462812]
1138.6065022945404,1005,False,6,2,[8.89509382 9.06949345 1.28174232],queued,[ 0.50568378 -0.03156594 -0.11489306]
1138.7064487934113,1000,False,5,4,[ 8.2820156  -7.48289067  1.95977741],landing,[-0.82138112 -0.19970136 -0.21083176]
1138.7064487934113,1001,False,3,1,[7.47211741 2.10703876 4.        ],exiting,[-0.48080528  0.59740651 -0.20557775]
1138.7064487934113,1002,False,2,0,[-1.6488355   7.18868259  4.00011894],cruising,[ 0.5677905  -0.59831228 -0.99408226]
1138.7064487934113,1003,False,6,3,[-0.3856728  -7.15785686  4.        ],exiting,[ 0.63925976  0.24903542 -0.34837281]
1138.7064487934113,1004,False,1,5,[-8.47229428  7.64866928  3.31694823],landing,[-0.62185191  0.08809385  0.93462812]
1138.7064487934113,1005,False,6,2,[8.89509382 9.06949345 1.30174232],queued,[ 0.50568378 -0.03156594 -0.11489306]
1138.8070635795593,1000,False,5,4,[ 8.25931508 -7.48426786  1.8623978 ],landing,[-0.82138112 -0.19970136 -0.21083176]
1138.8070635795593,1001,False,3,1,[7.37233759 2.11367104 4.        ],exiting,[-0.48080528  0.59740651 -0.20557775]
1138.8070635795593,1002,False,2,0,[-1.45790966  7.12912317  4.0001011 ],cruising,[ 0.5677905  -0.59831228 -0.99408226]
1138.8070635795593,1003,False,6,3,[-0.36861175 -7.25639072  4.        ],exiting,[ 0.63925976  0.24903542 -0.34837281]
1138.8070635795593,1004,False,1,5,[-8.4543607   7.66200973  3.21947813],landing,[-0.62185191  0.08809385  0.93462812]
1138.8070635795593,1005,False,6,2,[8.89509382 9.06949345 1.34174232],queued,[ 0.50568378 -0.03156594 -0.11489306]
1138.909681558609,1000,False,5,4,[ 8.23661457 -7.48564506  1.76501818],landing,[-0.82138112 -0.19970136 -0.21083176]
1138.909681558609,1001,False,3,1,[7.27255776 2.12030332 4.        ],exiting,[-0.48080528  0.59740651 -0.20557775]
1138.909681558609,1002,False,2,0,[-1.27153912  7.0565558   4.00008593],cruising,[ 0.5677905  -0.59831228 -0.99408226]
1138.909681558609,1003,False,6,3,[-0.35155069 -7.35492457  4.        ],exiting,[ 0.63925976  0.24903542 -0.34837281]
1138.909681558609,1004,False,1,5,[-8.43642712  7.67535018  3.12200804],landing,[-0.62185191  0.08809385  0.93462812]
1138.909681558609,1005,False,6,2,[8.89509382 9.06949345 1.40174232],queued,[ 0.50568378 -0.03156594 -0.11489306]
1139.0109601020813,1000,False,5,4,[ 8.21391405 -7.48702225  1.66763856],landing,[-0.82138112 -0.19970136 -0.21083176]
1139.0109601020813,1001,False,3,1,[7.17277794 2.1269356  4.        ],exiting,[-0.48080528  0.59740651 -0.20557775]
1139.0109601020813,1002,False,2,0,[-1.08954493  6.97362142  4.00007304],cruising,[ 0.5677905  -0.59831228 -0.99408226]
1139.0109601020813,1003,False,6,3,[-0.33448964 -7.45345842  4.        ],exiting,[ 0.63925976  0.24903542 -0.34837281]
1139.0109601020813,1004,False,1,5,[-8.41849354  7.68869063  3.02453794],landing,[-0.62185191  0.08809385  0.93462812]
1139.0109601020813,1005,False,6,2,[8.89509382 9.06949345 1.47674232],queued,[ 0.50568378 -0.03156594 -0.11489306]
1139.1106905937195,1000,False,5,4,[ 8.19121354 -7.48839945  1.57025894],landing,[-0.82138112 -0.19970136 -0.21083176]
1139.1106905937195,1001,False,3,1,[7.07299812 2.13356788 4.        ],exiting,[-0.48080528  0.59740651 -0.20557775]
1139.1106905937195,1002,False,2,0,[-0.91143917  6.88263603  4.00006209],cruising,[ 0.5677905  -0.59831228 -0.99408226]
1139.1106905937195,1003,False,6,3,[-0.31742859 -7.55199228  4.        ],exiting,[ 0.63925976  0.24903542 -0.34837281]
1139.1106905937195,1004,False,1,5,[-8.40055996  7.70203107  2.92706785],landing,[-0.62185191  0.08809385  0.93462812]
1139.1106905937195,1005,False,6,2,[8.89509382 9.06949345 1.55174232],entering,[ 0.50568378 -0.03156594 -0.11489306]
1139.2069218158722,1000,False,5,4,[ 8.16851302 -7.48977665  1.47287933],fake_landed,[-0.82138112 -0.19970136 -0.21083176]
1139.2069218158722,1001,False,3,1,[6.9732183  2.14020016 4.        ],exiting,[-0.48080528  0.59740651 -0.20557775]
1139.2069218158722,1002,False,2,0,[-0.73544098  6.78763794  4.00005277],cruising,[ 0.5677905  -0.59831228 -0.99408226]
1139.2069218158722,1003,False,6,3,[-0.30036753 -7.65052613  4.        ],exiting,[ 0.63925976  0.24903542 -0.34837281]
1139.2069218158722,1004,False,1,5,[-8.38262639  7.71537152  2.82959776],landing,[-0.62185191  0.08809385  0.93462812]
1139.2069218158722,1005,False,6,2,[8.89086805 9.04994498 1.62674232],entering,[ 0.50568378 -0.03156594 -0.11489306]
1139.3108944892883,1000,False,5,4,[ 8.15035261 -7.4908784   1.39497563],fake_landed,[-0.82138112 -0.19970136 -0.21083176]
1139.3108944892883,1001,False,3,1,[6.87343848 2.14683244 4.        ],exiting,[-0.48080528  0.59740651 -0.20557775]
1139.3108944892883,1002,False,2,0,[-0.5624492   6.68726941  4.00004486],cruising,[ 0.5677905  -0.59831228 -0.99408226]
1139.3108944892883,1003,False,6,3,[-0.28330648 -7.74905999  4.        ],landing,[ 0.63925976  0.24903542 -0.34837281]
1139.3108944892883,1004,False,1,5,[-8.36469281  7.72871197  2.73212766],landing,[-0.62185191  0.08809385  0.93462812]
1139.3108944892883,1005,False,6,2,[8.88241649 9.01084803 1.70174232],entering,[ 0.50568378 -0.03156594 -0.11489306]
1139.410145521164,1000,False,5,4,[ 8.1367323  -7.49170472  1.33654786],fake_landed,[-0.82138112 -0.19970136 -0.21083176]
1139.410145521164,1001,False,3,1,[6.77365866 2.15346472 4.        ],exiting,[-0.48080528  0.59740651 -0.20557775]
1139.410145521164,1002,False,2,0,[-0.39164552  6.58322084  4.00003813],cruising,[ 0.5677905  -0.59831228 -0.99408226]
1139.410145521164,1003,False,6,3,[-0.27180007 -7.83447436  3.98596343],landing,[ 0.63925976  0.24903542 -0.34837281]
1139.410145521164,1004,False,1,5,[-8.34675923  7.74205242  2.63465757],landing,[-0.62185191  0.08809385  0.93462812]
1139.410145521164,1005,False,6,2,[8.86973916 8.95220261 1.77674232],entering,[ 0.50568378 -0.03156594 -0.11489306]
1139.5132653713226,1000,False,5,4,[ 8.12765209 -7.4922556   1.29759602],fake_landed,[-0.82138112 -0.19970136 -0.21083176]
1139.5132653713226,1001,False,3,1,[6.67387883 2.160097   4.        ],exiting,[-0.48080528  0.59740651 -0.20557775]
1139.5132653713226,1002,False,2,0,[-0.22173821  6.4777149   4.00003241],cruising,[ 0.5677905  -0.59831228 -0.99408226]
1139.5132653713226,1003,False,6,3,[-0.26584055 -7.90659348  3.95805358],landing,[ 0.63925976  0.24903542 -0.34837281]
1139.5132653713226,1004,False,1,5,[-8.32882565  7.75539286  2.53718747],landing,[-0.62185191  0.08809385  0.93462812]
1139.5132653713226,1005,False,6,2,[8.85283605 8.87400872 1.85174232],entering,[ 0.50568378 -0.03156594 -0.11489306]
1139.6088185310364,1000,False,5,4,[ 8.12311199 -7.49253104  1.27812009],fake_landed,[-0.82138112 -0.19970136 -0.21083176]
1139.6088185310364,1001,False,3,1,[6.57409901 2.16672928 4.        ],exiting,[-0.48080528  0.59740651 -0.20557775]
1139.6088185310364,1002,False,2,0,[-0.05287633  6.3705437   4.00002755],cruising,[ 0.5677905  -0.59831228 -0.99408226]
1139.6088185310364,1003,False,6,3,[-0.26541766 -7.96521069  3.91646731],landing,[ 0.63925976  0.24903542 -0.34837281]
1139.6088185310364,1004,False,1,5,[-8.31089207  7.76873331  2.43971738],landing,[-0.62185191  0.08809385  0.93462812]
1139.6088185310364,1005,False,6,2,[8.83171012 8.77626571 1.92674232],entering,[ 0.50568378 -0.03156594 -0.11489306]
1139.7108097076416,1000,False,4,6,[ 8.12311199 -7.49253104  1.27812009],waiting,[-0.82138112 -0.19970136 -0.21083176]
1139.7108097076416,1001,False,3,1,[6.47431919 2.17336156 4.        ],exiting,[-0.48080528  0.59740651 -0.20557775]
1139.7108097076416,1002,False,2,0,[0.11580981 6.26309609 4.00002342],cruising,[ 0.5677905  -0.59831228 -0.99408226]
1139.7108097076416,1003,False,6,3,[-0.27051531 -8.01004446  3.86148177],landing,[ 0.63925976  0.24903542 -0.34837281]
1139.7108097076416,1004,False,1,5,[-8.29295849  7.78207376  2.34224729],landing,[-0.62185191  0.08809385  0.93462812]
1139.7108097076416,1005,False,6,2,[8.80651903 8.6589402  2.00174232],entering,[ 0.50568378 -0.03156594 -0.11489306]
1139.8155362606049,1000,False,4,6,[ 8.12311199 -7.49253104  1.27812009],waiting,[-0.82138112 -0.19970136 -0.21083176]
1139.8155362606049,1001,False,3,1,[6.37453937 2.17999384 4.        ],exiting,[-0.48080528  0.59740651 -0.20557775]
1139.8155362606049,1002,False,2,0,[0.28458264 6.15578472 4.0000199 ],cruising,[ 0.5677905  -0.59831228 -0.99408226]
1139.8155362606049,1003,False,6,3,[-0.28111807 -8.0408585   3.79333793],landing,[ 0.63925976  0.24903542 -0.34837281]
1139.8155362606049,1004,False,1,5,[-8.27502491  7.79541421  2.24477719],landing,[-0.62185191  0.08809385  0.93462812]
1139.8155362606049,1005,False,6,2,[8.77750844 8.5219828  2.07674232],entering,[ 0.50568378 -0.03156594 -0.11489306]
1139.9123711585999,1000,False,4,6,[ 8.12311199 -7.49253104  1.27812009],waiting,[-0.82138112 -0.19970136 -0.21083176]
1139.9123711585999,1001,False,3,1,[6.27475955 2.18662612 4.        ],exiting,[-0.48080528  0.59740651 -0.20557775]
1139.9123711585999,1002,False,2,0,[0.45385986 6.04927077 4.00001692],exiting,[ 0.5677905  -0.59831228 -0.99408226]
1139.9123711585999,1003,False,6,3,[-0.29721005 -8.05743522  3.71226478],landing,[ 0.63925976  0.24903542 -0.34837281]
1139.9123711585999,1004,False,1,5,[-8.25709134  7.80875465  2.1473071 ],landing,[-0.62185191  0.08809385  0.93462812]
1139.9123711585999,1005,False,6,2,[8.7450824  8.36531918 2.15174232],entering,[ 0.50568378 -0.03156594 -0.11489306]
1140.0148601531982,1000,False,4,6,[ 8.12311199 -7.49253104  1.27812009],waiting,[-0.82138112 -0.19970136 -0.21083176]
1140.0148601531982,1001,False,3,1,[6.17497972 2.1932584  4.        ],exiting,[-0.48080528  0.59740651 -0.20557775]
1140.0148601531982,1002,False,2,0,[0.61286877 5.95991962 4.00001393],exiting,[ 0.5677905  -0.59831228 -0.99408226]
1140.0148601531982,1003,False,6,3,[-0.31877357 -8.05955547  3.61850019],landing,[ 0.63925976  0.24903542 -0.34837281]
1140.0148601531982,1004,False,1,5,[-8.23915776  7.8220951   2.049837  ],landing,[-0.62185191  0.08809385  0.93462812]
1140.0148601531982,1005,False,6,2,[8.70958993 8.18889204 2.22674232],entering,[ 0.50568378 -0.03156594 -0.11489306]
1140.1064457893372,1000,False,4,6,[ 8.12311199 -7.49253104  1.27812009],waiting,[-0.82138112 -0.19970136 -0.21083176]
1140.1064457893372,1001,False,3,1,[6.0751999  2.19989068 4.        ],exiting,[-0.48080528  0.59740651 -0.20557775]
1140.1064457893372,1002,False,2,0,[0.76145466 5.88763776 4.00001097],exiting,[ 0.5677905  -0.59831228 -0.99408226]
1140.1064457893372,1003,False,6,3,[-0.34187474 -8.05753587  3.52122606],landing,[ 0.63925976  0.24903542 -0.34837281]
1140.1064457893372,1004,False,1,5,[-8.22122418  7.83543555  1.95236691],landing,[-0.62185191  0.08809385  0.93462812]
1140.1064457893372,1005,False,6,2,[8.67106876 7.99269555 2.30174232],entering,[ 0.50568378 -0.03156594 -0.11489306]
1140.2056703567505,1000,False,4,6,[ 8.12311199 -7.49253104  1.27812009],waiting,[-0.82138112 -0.19970136 -0.21083176]
1140.2056703567505,1001,False,3,1,[5.97542008 2.20652295 4.        ],exiting,[-0.48080528  0.59740651 -0.20557775]
1140.2056703567505,1002,False,2,0,[0.89944406 5.83231804 4.00000809],exiting,[ 0.5677905  -0.59831228 -0.99408226]
1140.2056703567505,1003,False,6,3,[-0.36497591 -8.05551628  3.42395192],landing,[ 0.63925976  0.24903542 -0.34837281]
1140.2056703567505,1004,False,1,5,[-8.2032906   7.848776    1.85489682],landing,[-0.62185191  0.08809385  0.93462812]
1140.2056703567505,1005,False,6,2,[8.63253897 7.796442   2.37674232],entering,[ 0.50568378 -0.03156594 -0.11489306]
1140.318127632141,1000,False,4,6,[ 8.12311199 -7.49253104  1.27812009],waiting,[-0.82138112 -0.19970136 -0.21083176]
1140.318127632141,1001,False,3,1,[5.87564026 2.21315523 4.        ],exiting,[-0.48080528  0.59740651 -0.20557775]
1140.318127632141,1002,False,2,0,[1.02664052 5.79383616 4.00000534],exiting,[ 0.5677905  -0.59831228 -0.99408226]
1140.318127632141,1003,False,6,3,[-0.38807708 -8.05349668  3.32667779],landing,[ 0.63925976  0.24903542 -0.34837281]
1140.318127632141,1004,False,1,5,[-8.18535702  7.86211644  1.75742672],landing,[-0.62185191  0.08809385  0.93462812]
1140.318127632141,1005,False,6,2,[8.59458362 7.60007654 2.45174232],entering,[ 0.50568378 -0.03156594 -0.11489306]
1140.4151430130005,1000,False,4,6,[ 8.12311199 -7.49253104  1.27812009],waiting,[-0.82138112 -0.19970136 -0.21083176]
1140.4151430130005,1001,False,3,1,[5.77586044 2.21978751 4.        ],exiting,[-0.48080528  0.59740651 -0.20557775]
1140.4151430130005,1002,False,2,0,[1.14281604 5.77204375 4.00000278],exiting,[ 0.5677905  -0.59831228 -0.99408226]
1140.4151430130005,1003,False,6,3,[-0.41117825 -8.05147709  3.22940366],landing,[ 0.63925976  0.24903542 -0.34837281]
1140.4151430130005,1004,False,1,5,[-8.16742344  7.87545689  1.65995663],landing,[-0.62185191  0.08809385  0.93462812]
1140.4151430130005,1005,False,6,2,[8.55922121 7.40322762 2.52674232],entering,[ 0.50568378 -0.03156594 -0.11489306]
1140.5102217197418,1000,False,4,6,[ 8.12311199 -7.49253104  1.27812009],waiting,[-0.82138112 -0.19970136 -0.21083176]
1140.5102217197418,1001,False,3,1,[5.67608061 2.22641979 4.        ],exiting,[-0.48080528  0.59740651 -0.20557775]
1140.5102217197418,1002,False,2,0,[1.2476907  5.76675257 4.00000047],exiting,[ 0.5677905  -0.59831228 -0.99408226]
1140.5102217197418,1003,False,6,3,[-0.43427942 -8.04945749  3.13212952],landing,[ 0.63925976  0.24903542 -0.34837281]
1140.5102217197418,1004,False,1,5,[-8.14948986  7.88879734  1.56248653],landing,[-0.62185191  0.08809385  0.93462812]
1140.5102217197418,1005,False,6,2,[8.52506461 7.20616588 2.60174232],entering,[ 0.50568378 -0.03156594 -0.11489306]
1140.6169109344482,1000,False,4,6,[ 8.12311199 -7.49253104  1.27812009],waiting,[-0.82138112 -0.19970136 -0.21083176]
1140.6169109344482,1001,False,3,1,[5.57630079 2.23305207 4.        ],landing,[-0.48080528  0.59740651 -0.20557775]
1140.6169109344482,1002,False,2,0,[1.3408795  5.77769226 3.99999853],exiting,[ 0.5677905  -0.59831228 -0.99408226]
1140.6169109344482,1003,False,6,3,[-0.45738059 -8.0474379   3.03485539],landing,[ 0.63925976  0.24903542 -0.34837281]
1140.6169109344482,1004,False,1,5,[-8.13155629  7.90213779  1.46501644],fake_landed,[-0.62185191  0.08809385  0.93462812]
1140.6169109344482,1005,False,6,2,[8.490908   7.00910415 2.67674232],entering,[ 0.50568378 -0.03156594 -0.11489306]
1140.7129979133606,1000,False,4,6,[ 8.12311199 -7.49253104  1.27812009],waiting,[-0.82138112 -0.19970136 -0.21083176]
1140.7129979133606,1001,False,3,1,[5.49036544 2.23561875 3.98615076],landing,[-0.48080528  0.59740651 -0.20557775]
1140.7129979133606,1002,False,2,0,[1.42214459 5.80468888 3.99999701],exiting,[ 0.5677905  -0.59831228 -0.99408226]
1140.7129979133606,1003,False,6,3,[-0.48048176 -8.04541831  2.93758125],landing,[ 0.63925976  0.24903542 -0.34837281]
1140.7129979133606,1004,False,1,5,[-8.11720942  7.91281014  1.38704036],fake_landed,[-0.62185191  0.08809385  0.93462812]
1140.7129979133606,1005,False,6,2,[8.4582314  6.81179161 2.75174232],entering,[ 0.50568378 -0.03156594 -0.11489306]
1140.8115620613098,1000,False,4,6,[ 8.12311199 -7.49253104  1.27812009],waiting,[-0.82138112 -0.19970136 -0.21083176]
1140.8115620613098,1001,False,3,1,[5.41844595 2.23414607 3.95861797],landing,[-0.48080528  0.59740651 -0.20557775]
1140.8115620613098,1002,False,2,0,[1.49124583 5.84756128 3.99999597],exiting,[ 0.5677905  -0.59831228 -0.99408226]
1140.8115620613098,1003,False,6,3,[-0.50358293 -8.04339871  2.84030712],landing,[ 0.63925976  0.24903542 -0.34837281]
1140.8115620613098,1004,False,1,5,[-8.10644928  7.92081441  1.32855831],fake_landed,[-0.62185191  0.08809385  0.93462812]
1140.8115620613098,1005,False,6,2,[8.42911588 6.61392224 2.82674232],entering,[ 0.50568378 -0.03156594 -0.11489306]
1140.9154810905457,1000,False,4,6,[ 8.12311199 -7.49253104  1.27812009],waiting,[-0.82138112 -0.19970136 -0.21083176]
1140.9154810905457,1001,False,3,1,[5.36074245 2.22866582 3.9176002 ],landing,[-0.48080528  0.59740651 -0.20557775]
1140.9154810905457,1002,False,2,0,[1.54794087 5.90612083 3.99999544],exiting,[ 0.5677905  -0.59831228 -0.99408226]
1140.9154810905457,1003,False,6,3,[-0.5266841  -8.04137912  2.74303298],landing,[ 0.63925976  0.24903542 -0.34837281]
1140.9154810905457,1004,False,1,5,[-8.09927584  7.92615059  1.28957027],fake_landed,[-0.62185191  0.08809385  0.93462812]
1140.9154810905457,1005,False,6,2,[8.40000036 6.41605288 2.90174232],entering,[ 0.50568378 -0.03156594 -0.11489306]
1141.0094528198242,1000,False,4,6,[ 8.12311199 -7.49253104  1.27812009],waiting,[-0.82138112 -0.19970136 -0.21083176]
1141.0094528198242,1001,False,3,1,[5.31752316 2.21922264 3.86337248],landing,[-0.48080528  0.59740651 -0.20557775]
1141.0094528198242,1002,False,2,0,[1.5919852  5.980171   3.99999547],exiting,[ 0.5677905  -0.59831228 -0.99408226]
1141.0094528198242,1003,False,6,3,[-0.54978527 -8.03935952  2.64575885],landing,[ 0.63925976  0.24903542 -0.34837281]
1141.0094528198242,1004,False,1,5,[-8.09568913  7.92881868  1.27007625],fake_landed,[-0.62185191  0.08809385  0.93462812]
1141.0094528198242,1005,False,6,2,[8.37340698 6.21782878 2.97674232],entering,[ 0.50568378 -0.03156594 -0.11489306]
1141.1070609092712,1000,False,4,6,[ 8.12311199 -7.49253104  1.27812009],waiting,[-0.82138112 -0.19970136 -0.21083176]
1141.1070609092712,1001,False,3,1,[5.28902712 2.20585838 3.79618902],landing,[-0.48080528  0.59740651 -0.20557775]
1141.1070609092712,1002,False,2,0,[1.62313201 6.06950691 3.99999604],exiting,[ 0.5677905  -0.59831228 -0.99408226]
1141.1070609092712,1003,False,6,3,[-0.57288644 -8.03733993  2.54848472],landing,[ 0.63925976  0.24903542 -0.34837281]
1141.1070609092712,1004,False,1,5,[-8.09568913  7.92881868  1.27007625],fake_landed,[-0.62185191  0.08809385  0.93462812]
1141.1070609092712,1005,False,6,2,[8.34994581 6.01920961 3.05174232],entering,[ 0.50568378 -0.03156594 -0.11489306]
1141.2128195762634,1000,False,4,6,[ 8.12311199 -7.49253104  1.27812009],waiting,[-0.82138112 -0.19970136 -0.21083176]
1141.2128195762634,1001,False,3,1,[5.27546517 2.18861166 3.71628159],landing,[-0.48080528  0.59740651 -0.20557775]
1141.2128195762634,1002,False,2,0,[1.64763634 6.16645812 3.99999678],exiting,[ 0.5677905  -0.59831228 -0.99408226]
1141.2128195762634,1003,False,6,3,[-0.59598761 -8.03532034  2.45121058],landing,[ 0.63925976  0.24903542 -0.34837281]
1141.2128195762634,1004,False,5,4,[-8.09568913  7.92881868  1.27007625],waiting,[-0.62185191  0.08809385  0.93462812]
1141.2128195762634,1005,False,6,2,[8.32771875 5.82044856 3.12674232],entering,[ 0.50568378 -0.03156594 -0.11489306]
1141.3166756629944,1000,False,4,6,[ 8.12311199 -7.49253104  1.27812009],waiting,[-0.82138112 -0.19970136 -0.21083176]
1141.3166756629944,1001,False,3,1,[5.27704933 2.16752302 3.62389077],landing,[-0.48080528  0.59740651 -0.20557775]
1141.3166756629944,1002,False,2,0,[1.67214067 6.26340933 3.99999738],exiting,[ 0.5677905  -0.59831228 -0.99408226]
1141.3166756629944,1003,False,6,3,[-0.61908878 -8.03330074  2.35393645],landing,[ 0.63925976  0.24903542 -0.34837281]
1141.3166756629944,1004,False,5,4,[-8.09568913  7.92881868  1.27007625],waiting,[-0.62185191  0.08809385  0.93462812]
1141.3166756629944,1005,False,6,2,[8.31036024 5.62120327 3.20174232],entering,[ 0.50568378 -0.03156594 -0.11489306]
1141.415267944336,1000,False,4,6,[ 8.12311199 -7.49253104  1.27812009],waiting,[-0.82138112 -0.19970136 -0.21083176]
1141.415267944336,1001,False,3,1,[5.28458449 2.14496248 3.52676074],landing,[-0.48080528  0.59740651 -0.20557775]
1141.415267944336,1002,False,2,0,[1.696645   6.36036055 3.99999787],exiting,[ 0.5677905  -0.59831228 -0.99408226]
1141.415267944336,1003,False,6,3,[-0.64218995 -8.03128115  2.25666231],landing,[ 0.63925976  0.24903542 -0.34837281]
1141.415267944336,1004,False,5,4,[-8.09568913  7.92881868  1.27007625],waiting,[-0.62185191  0.08809385  0.93462812]
1141.415267944336,1005,False,6,2,[8.29573621 5.42173865 3.27674232],entering,[ 0.50568378 -0.03156594 -0.11489306]
1141.518977880478,1000,False,4,6,[ 8.12311199 -7.49253104  1.27812009],queued,[-0.82138112 -0.19970136 -0.21083176]
1141.518977880478,1001,False,3,1,[5.29211964 2.12240194 3.4296307 ],landing,[-0.48080528  0.59740651 -0.20557775]
1141.518977880478,1002,False,2,0,[1.72114933 6.45731176 3.99999828],exiting,[ 0.5677905  -0.59831228 -0.99408226]
1141.518977880478,1003,False,6,3,[-0.66529112 -8.02926155  2.15938818],landing,[ 0.63925976  0.24903542 -0.34837281]
1141.518977880478,1004,False,5,4,[-8.09568913  7.92881868  1.27007625],waiting,[-0.62185191  0.08809385  0.93462812]
1141.518977880478,1005,False,6,2,[8.2846582  5.22204569 3.35174232],entering,[ 0.50568378 -0.03156594 -0.11489306]
1141.6064364910126,1000,False,4,6,[ 8.12311199 -7.49253104  1.29812009],queued,[-0.82138112 -0.19970136 -0.21083176]
1141.6064364910126,1001,False,3,1,[5.29965479 2.09984139 3.33250067],landing,[-0.48080528  0.59740651 -0.20557775]
1141.6064364910126,1002,False,2,0,[1.74565366 6.55426297 3.99999861],exiting,[ 0.5677905  -0.59831228 -0.99408226]
1141.6064364910126,1003,False,6,3,[-0.68839229 -8.02724196  2.06211405],landing,[ 0.63925976  0.24903542 -0.34837281]
1141.6064364910126,1004,False,5,4,[-8.09568913  7.92881868  1.27007625],waiting,[-0.62185191  0.08809385  0.93462812]
1141.6064364910126,1005,False,6,2,[8.27972388 5.02210657 3.42674232],entering,[ 0.50568378 -0.03156594 -0.11489306]
1141.717586517334,1000,False,4,6,[ 8.12311199 -7.49253104  1.33812009],queued,[-0.82138112 -0.19970136 -0.21083176]
1141.717586517334,1001,False,3,1,[5.30718994 2.07728085 3.23537064],landing,[-0.48080528  0.59740651 -0.20557775]
1141.717586517334,1002,False,2,0,[1.770158   6.65121419 3.99999887],exiting,[ 0.5677905  -0.59831228 -0.99408226]
1141.717586517334,1003,False,6,3,[-0.71149346 -8.02522236  1.96483991],landing,[ 0.63925976  0.24903542 -0.34837281]
1141.717586517334,1004,False,5,4,[-8.09568913  7.92881868  1.27007625],waiting,[-0.62185191  0.08809385  0.93462812]
1141.717586517334,1005,False,6,2,[8.28032291 4.82210746 3.50174232],entering,[ 0.50568378 -0.03156594 -0.11489306]
1141.8193383216858,1000,False,4,6,[ 8.12311199 -7.49253104  1.39812009],queued,[-0.82138112 -0.19970136 -0.21083176]
1141.8193383216858,1001,False,3,1,[5.3147251  2.05472031 3.1382406 ],landing,[-0.48080528  0.59740651 -0.20557775]
1141.8193383216858,1002,False,2,0,[1.79466233 6.7481654  3.99999909],exiting,[ 0.5677905  -0.59831228 -0.99408226]
1141.8193383216858,1003,False,6,3,[-0.73459463 -8.02320277  1.86756578],landing,[ 0.63925976  0.24903542 -0.34837281]
1141.8193383216858,1004,False,5,4,[-8.09568913  7.92881868  1.27007625],waiting,[-0.62185191  0.08809385  0.93462812]
1141.8193383216858,1005,False,6,2,[8.28509212 4.62216433 3.57648097],entering,[ 0.50568378 -0.03156594 -0.11489306]
1141.9081013202667,1000,False,4,6,[ 8.12311199 -7.49253104  1.47312009],queued,[-0.82138112 -0.19970136 -0.21083176]
1141.9081013202667,1001,False,3,1,[5.32226025 2.03215977 3.04111057],landing,[-0.48080528  0.59740651 -0.20557775]
1141.9081013202667,1002,False,2,0,[1.81916666 6.84511661 3.99999927],exiting,[ 0.5677905  -0.59831228 -0.99408226]
1141.9081013202667,1003,False,6,3,[-0.7576958  -8.02118318  1.77029164],landing,[ 0.63925976  0.24903542 -0.34837281]
1141.9081013202667,1004,False,5,4,[-8.09568913  7.92881868  1.27007625],waiting,[-0.62185191  0.08809385  0.93462812]
1141.9081013202667,1005,False,6,2,[8.29447788 4.42238469 3.64000883],entering,[ 0.50568378 -0.03156594 -0.11489306]
1142.0159368515015,1000,False,4,6,[ 8.12311199 -7.49253104  1.54812009],queued,[-0.82138112 -0.19970136 -0.21083176]
1142.0159368515015,1001,False,3,1,[5.3297954  2.00959923 2.94398054],landing,[-0.48080528  0.59740651 -0.20557775]
1142.0159368515015,1002,False,2,0,[1.84367099 6.94206783 3.99999942],exiting,[ 0.5677905  -0.59831228 -0.99408226]
1142.0159368515015,1003,False,6,3,[-0.78079697 -8.01916358  1.67301751],landing,[ 0.63925976  0.24903542 -0.34837281]
1142.0159368515015,1004,False,5,4,[-8.09568913  7.92881868  1.27007625],waiting,[-0.62185191  0.08809385  0.93462812]
1142.0159368515015,1005,False,6,2,[8.30676601 4.22276254 3.6940075 ],entering,[ 0.50568378 -0.03156594 -0.11489306]
1142.1103127002716,1000,False,4,6,[ 8.12311199 -7.49253104  1.62312009],queued,[-0.82138112 -0.19970136 -0.21083176]
1142.1103127002716,1001,False,3,1,[5.33733055 1.98703868 2.8468505 ],landing,[-0.48080528  0.59740651 -0.20557775]
1142.1103127002716,1002,False,2,0,[1.86817532 7.03901904 3.99999954],exiting,[ 0.5677905  -0.59831228 -0.99408226]
1142.1103127002716,1003,False,6,3,[-0.80389814 -8.01714399  1.57574338],landing,[ 0.63925976  0.24903542 -0.34837281]
1142.1103127002716,1004,False,5,4,[-8.09568913  7.92881868  1.27007625],waiting,[-0.62185191  0.08809385  0.93462812]
1142.1103127002716,1005,False,6,2,[8.31649795 4.02299946 3.73990638],entering,[ 0.50568378 -0.03156594 -0.11489306]
1142.2202847003937,1000,False,4,6,[ 8.12311199 -7.49253104  1.69812009],queued,[-0.82138112 -0.19970136 -0.21083176]
1142.2202847003937,1001,False,3,1,[5.34486571 1.96447814 2.74972047],landing,[-0.48080528  0.59740651 -0.20557775]
1142.2202847003937,1002,False,2,0,[1.89267965 7.13597025 3.99999963],exiting,[ 0.5677905  -0.59831228 -0.99408226]
1142.2202847003937,1003,False,6,3,[-0.82699931 -8.01512439  1.47846924],fake_landed,[ 0.63925976  0.24903542 -0.34837281]
1142.2202847003937,1004,False,5,4,[-8.09568913  7.92881868  1.27007625],waiting,[-0.62185191  0.08809385  0.93462812]
1142.2202847003937,1005,False,6,2,[8.33143678 3.82355816 3.77892042],cruising,[ 0.50568378 -0.03156594 -0.11489306]
1142.3167667388916,1000,False,4,6,[ 8.12311199 -7.49253104  1.77312009],queued,[-0.82138112 -0.19970136 -0.21083176]
1142.3167667388916,1001,False,3,1,[5.35240086 1.9419176  2.65259044],landing,[-0.48080528  0.59740651 -0.20557775]
1142.3167667388916,1002,False,2,0,[1.91718398 7.23292146 3.99999971],exiting,[ 0.5677905  -0.59831228 -0.99408226]
1142.3167667388916,1003,False,6,3,[-0.84548025 -8.01350872  1.40064993],fake_landed,[ 0.63925976  0.24903542 -0.34837281]
1142.3167667388916,1004,False,5,4,[-8.09568913  7.92881868  1.27007625],waiting,[-0.62185191  0.08809385  0.93462812]
1142.3167667388916,1005,False,6,2,[8.34055103 3.62376594 3.81208236],cruising,[ 0.50568378 -0.03156594 -0.11489306]
1142.40625,1000,False,4,6,[ 8.12311199 -7.49253104  1.84812009],queued,[-0.82138112 -0.19970136 -0.21083176]
1142.40625,1001,False,3,1,[5.35993601 1.91935706 2.5554604 ],landing,[-0.48080528  0.59740651 -0.20557775]
1142.40625,1002,False,2,0,[1.94168832 7.32987268 3.99999977],exiting,[ 0.5677905  -0.59831228 -0.99408226]
1142.40625,1003,False,6,3,[-0.85934095 -8.01229696  1.34228545],fake_landed,[ 0.63925976  0.24903542 -0.34837281]
1142.40625,1004,False,5,4,[-8.09568913  7.92881868  1.27007625],waiting,[-0.62185191  0.08809385  0.93462812]
1142.40625,1005,False,6,2,[8.34800851 3.42390502 3.84027   ],cruising,[ 0.50568378 -0.03156594 -0.11489306]
1142.5068559646606,1000,False,4,6,[ 8.12311199 -7.49253104  1.92312009],queued,[-0.82138112 -0.19970136 -0.21083176]
1142.5068559646606,1001,False,3,1,[5.36747116 1.89679652 2.45833037],landing,[-0.48080528  0.59740651 -0.20557775]
1142.5068559646606,1002,False,2,0,[1.96619265 7.42682389 3.99999982],exiting,[ 0.5677905  -0.59831228 -0.99408226]
1142.5068559646606,1003,False,6,3,[-0.86858142 -8.01148912  1.3033758 ],fake_landed,[ 0.63925976  0.24903542 -0.34837281]
1142.5068559646606,1004,False,5,4,[-8.09568913  7.92881868  1.27007625],waiting,[-0.62185191  0.08809385  0.93462812]
1142.5068559646606,1005,False,6,2,[8.36153575 3.22436301 3.8642295 ],cruising,[ 0.50568378 -0.03156594 -0.11489306]
1142.614548921585,1000,False,4,6,[ 8.12311199 -7.49253104  1.99812009],queued,[-0.82138112 -0.19970136 -0.21083176]
1142.614548921585,1001,False,3,1,[5.37500632 1.87423597 2.36120034],landing,[-0.48080528  0.59740651 -0.20557775]
1142.614548921585,1002,False,2,0,[1.99069698 7.5237751  3.99999986],exiting,[ 0.5677905  -0.59831228 -0.99408226]
1142.614548921585,1003,False,6,3,[-0.87320165 -8.0110852   1.28392097],fake_landed,[ 0.63925976  0.24903542 -0.34837281]
1142.614548921585,1004,False,5,4,[-8.09568913  7.92881868  1.27007625],waiting,[-0.62185191  0.08809385  0.93462812]
1142.614548921585,1005,False,6,2,[8.37366668 3.02473125 3.88459508],cruising,[ 0.50568378 -0.03156594 -0.11489306]
1142.7096672058105,1000,False,4,6,[ 8.12311199 -7.49253104  2.07312009],queued,[-0.82138112 -0.19970136 -0.21083176]
1142.7096672058105,1001,False,3,1,[5.38254147 1.85167543 2.2640703 ],landing,[-0.48080528  0.59740651 -0.20557775]
1142.7096672058105,1002,False,2,0,[2.01520131 7.62072632 3.99999989],exiting,[ 0.5677905  -0.59831228 -0.99408226]
1142.7096672058105,1003,False,6,3,[-0.87320165 -8.0110852   1.28392097],fake_landed,[ 0.63925976  0.24903542 -0.34837281]
1142.7096672058105,1004,False,5,4,[-8.09568913  7.92881868  1.27007625],waiting,[-0.62185191  0.08809385  0.93462812]
1142.7096672058105,1005,False,6,2,[8.38517505 2.82506263 3.90190582],cruising,[ 0.50568378 -0.03156594 -0.11489306]
1142.8178787231445,1000,False,4,6,[ 8.12311199 -7.49253104  2.14812009],queued,[-0.82138112 -0.19970136 -0.21083176]
1142.8178787231445,1001,False,3,1,[5.39007662 1.82911489 2.16694027],landing,[-0.48080528  0.59740651 -0.20557775]
1142.8178787231445,1002,False,2,0,[2.03970564 7.71767753 3.99999992],exiting,[ 0.5677905  -0.59831228 -0.99408226]
1142.8178787231445,1003,False,3,5,[-0.87320165 -8.0110852   1.28392097],waiting,[ 0.63925976  0.24903542 -0.34837281]
1142.8178787231445,1004,False,5,4,[-8.09568913  7.92881868  1.27007625],waiting,[-0.62185191  0.08809385  0.93462812]
1142.8178787231445,1005,False,6,2,[8.40018823 2.62562692 3.91661994],cruising,[ 0.50568378 -0.03156594 -0.11489306]
1142.9139912128448,1000,False,4,6,[ 8.12311199 -7.49253104  2.22312009],queued,[-0.82138112 -0.19970136 -0.21083176]
1142.9139912128448,1001,False,3,1,[5.39761178 1.80655435 2.06981023],landing,[-0.48080528  0.59740651 -0.20557775]
1142.9139912128448,1002,False,2,0,[2.06420997 7.81462874 3.99999994],exiting,[ 0.5677905  -0.59831228 -0.99408226]
1142.9139912128448,1003,False,3,5,[-0.87320165 -8.0110852   1.28392097],waiting,[ 0.63925976  0.24903542 -0.34837281]
1142.9139912128448,1004,False,5,4,[-8.09568913  7.92881868  1.27007625],waiting,[-0.62185191  0.08809385  0.93462812]
1142.9139912128448,1005,False,6,2,[8.41344376 2.42606667 3.92912695],cruising,[ 0.50568378 -0.03156594 -0.11489306]
1143.0102257728577,1000,False,4,6,[ 8.12311199 -7.49253104  2.29812009],queued,[-0.82138112 -0.19970136 -0.21083176]
1143.0102257728577,1001,False,3,1,[5.40514693 1.78399381 1.9726802 ],landing,[-0.48080528  0.59740651 -0.20557775]
1143.0102257728577,1002,False,2,0,[2.08871431 7.91157996 3.99999995],exiting,[ 0.5677905  -0.59831228 -0.99408226]
1143.0102257728577,1003,False,3,5,[-0.87320165 -8.0110852   1.28392097],waiting,[ 0.63925976  0.24903542 -0.34837281]
1143.0102257728577,1004,False,5,4,[-8.09568913  7.92881868  1.27007625],waiting,[-0.62185191  0.08809385  0.93462812]
1143.0102257728577,1005,False,6,2,[8.42841122 2.22662752 3.93975791],cruising,[ 0.50568378 -0.03156594 -0.11489306]
1143.1075925827026,1000,False,4,6,[ 8.12311199 -7.49253104  2.37312009],queued,[-0.82138112 -0.19970136 -0.21083176]
1143.1075925827026,1001,False,3,1,[5.41268208 1.76143326 1.87555017],landing,[-0.48080528  0.59740651 -0.20557775]
1143.1075925827026,1002,False,2,0,[2.11321864 8.00853117 3.99999996],exiting,[ 0.5677905  -0.59831228 -0.99408226]
1143.1075925827026,1003,False,3,5,[-0.87320165 -8.0110852   1.28392097],waiting,[ 0.63925976  0.24903542 -0.34837281]
1143.1075925827026,1004,False,5,4,[-8.09568913  7.92881868  1.27007625],waiting,[-0.62185191  0.08809385  0.93462812]
1143.1075925827026,1005,False,6,2,[8.4408861  2.02701696 3.94879422],cruising,[ 0.50568378 -0.03156594 -0.11489306]
1143.2077105045319,1000,False,4,6,[ 8.12311199 -7.49253104  2.44812009],entering,[-0.82138112 -0.19970136 -0.21083176]
1143.2077105045319,1001,False,3,1,[5.42021723 1.73887272 1.77842013],landing,[-0.48080528  0.59740651 -0.20557775]
1143.2077105045319,1002,False,2,0,[2.13772297 8.10548238 3.99999997],exiting,[ 0.5677905  -0.59831228 -0.99408226]
1143.2077105045319,1003,False,3,5,[-0.87320165 -8.0110852   1.28392097],waiting,[ 0.63925976  0.24903542 -0.34837281]
1143.2077105045319,1004,False,5,4,[-8.09568913  7.92881868  1.27007625],waiting,[-0.62185191  0.08809385  0.93462812]
1143.2077105045319,1005,False,6,2,[8.45389314 1.82744036 3.95647509],cruising,[ 0.50568378 -0.03156594 -0.11489306]
1143.3065519332886,1000,False,4,6,[ 8.11164142 -7.47614732  2.52312009],entering,[-0.82138112 -0.19970136 -0.21083176]
1143.3065519332886,1001,False,3,1,[5.42775239 1.71631218 1.6812901 ],landing,[-0.48080528  0.59740651 -0.20557775]
1143.3065519332886,1002,False,2,0,[2.1622273  8.2024336  3.99999998],exiting,[ 0.5677905  -0.59831228 -0.99408226]
1143.3065519332886,1003,False,3,5,[-0.87320165 -8.0110852   1.28392097],waiting,[ 0.63925976  0.24903542 -0.34837281]
1143.3065519332886,1004,False,5,4,[-8.09568913  7.92881868  1.27007625],queued,[-0.62185191  0.08809385  0.93462812]
1143.3065519332886,1005,False,6,2,[8.46403932 1.62769789 3.96300383],cruising,[ 0.50568378 -0.03156594 -0.11489306]
1143.406372308731,1000,False,4,6,[ 8.08870029 -7.44337989  2.59812009],entering,[-0.82138112 -0.19970136 -0.21083176]
1143.406372308731,1001,False,3,1,[5.43528754 1.69375164 1.58416007],landing,[-0.48080528  0.59740651 -0.20557775]
1143.406372308731,1002,False,2,0,[2.18673163 8.29938481 3.99999999],exiting,[ 0.5677905  -0.59831228 -0.99408226]
1143.406372308731,1003,False,3,5,[-0.87320165 -8.0110852   1.28392097],waiting,[ 0.63925976  0.24903542 -0.34837281]
1143.406372308731,1004,False,5,4,[-8.09568913  7.92881868  1.29007625],queued,[-0.62185191  0.08809385  0.93462812]
1143.406372308731,1005,False,6,2,[8.47397589 1.42794488 3.96855325],cruising,[ 0.50568378 -0.03156594 -0.11489306]
1143.5103960037231,1000,False,4,6,[ 8.05428859 -7.39422875  2.67312009],entering,[-0.82138112 -0.19970136 -0.21083176]
1143.5103960037231,1001,False,3,1,[5.44282269 1.6711911  1.48703003],fake_landed,[-0.48080528  0.59740651 -0.20557775]
1143.5103960037231,1002,False,2,0,[2.21123596 8.39633602 3.99999999],exiting,[ 0.5677905  -0.59831228 -0.99408226]
1143.5103960037231,1003,False,3,5,[-0.87320165 -8.0110852   1.28392097],waiting,[ 0.63925976  0.24903542 -0.34837281]
1143.5103960037231,1004,False,5,4,[-8.09568913  7.92881868  1.33007625],queued,[-0.62185191  0.08809385  0.93462812]
1143.5103960037231,1005,False,6,2,[8.48318905 1.2281572  3.97327026],cruising,[ 0.50568378 -0.03156594 -0.11489306]
1143.6070711612701,1000,False,4,6,[ 8.00840633 -7.32869389  2.74812009],entering,[-0.82138112 -0.19970136 -0.21083176]
1143.6070711612701,1001,False,3,1,[5.44885081 1.65314266 1.40932601],fake_landed,[-0.48080528  0.59740651 -0.20557775]
1143.6070711612701,1002,False,2,0,[2.2357403  8.49328724 3.99999999],exiting,[ 0.5677905  -0.59831228 -0.99408226]
1143.6070711612701,1003,False,3,5,[-0.87320165 -8.0110852   1.28392097],waiting,[ 0.63925976  0.24903542 -0.34837281]
1143.6070711612701,1004,False,5,4,[-8.09568913  7.92881868  1.39007625],queued,[-0.62185191  0.08809385  0.93462812]
1143.6070711612701,1005,False,6,2,[8.48896374 1.02824059 3.97727972],cruising,[ 0.50568378 -0.03156594 -0.11489306]
1143.7199709415436,1000,False,4,6,[ 7.95105349 -7.24677532  2.82312009],entering,[-0.82138112 -0.19970136 -0.21083176]
1143.7199709415436,1001,False,3,1,[5.45337191 1.63960634 1.35104799],fake_landed,[-0.48080528  0.59740651 -0.20557775]
1143.7199709415436,1002,False,2,0,[2.26024463 8.59023845 4.        ],exiting,[ 0.5677905  -0.59831228 -0.99408226]
1143.7199709415436,1003,False,3,5,[-0.87320165 -8.0110852   1.28392097],waiting,[ 0.63925976  0.24903542 -0.34837281]
1143.7199709415436,1004,False,5,4,[-8.09568913  7.92881868  1.46507625],queued,[-0.62185191  0.08809385  0.93462812]
1143.7199709415436,1005,False,6,2,[8.49377783 0.82829853 3.98068777],cruising,[ 0.50568378 -0.03156594 -0.11489306]
1143.808932542801,1000,False,4,6,[ 7.8822301  -7.14847303  2.89812009],entering,[-0.82138112 -0.19970136 -0.21083176]
1143.808932542801,1001,False,3,1,[5.45638597 1.63058212 1.31219597],fake_landed,[-0.48080528  0.59740651 -0.20557775]
1143.808932542801,1002,False,2,0,[2.28474896 8.68718966 4.        ],landing,[ 0.5677905  -0.59831228 -0.99408226]
1143.808932542801,1003,False,3,5,[-0.87320165 -8.0110852   1.28392097],waiting,[ 0.63925976  0.24903542 -0.34837281]
1143.808932542801,1004,False,5,4,[-8.09568913  7.92881868  1.54007625],queued,[-0.62185191  0.08809385  0.93462812]
1143.808932542801,1005,False,6,2,[8.49732142 0.62832993 3.9835846 ],cruising,[ 0.50568378 -0.03156594 -0.11489306]
1143.9201273918152,1000,False,4,6,[ 7.80201313 -7.03373339  2.97312009],entering,[-0.82138112 -0.19970136 -0.21083176]
1143.9201273918152,1001,False,3,1,[5.457893   1.62607001 1.29276997],fake_landed,[-0.48080528  0.59740651 -0.20557775]
1143.9201273918152,1002,False,2,0,[2.30882308 8.76964916 3.98622302],landing,[ 0.5677905  -0.59831228 -0.99408226]
1143.9201273918152,1003,False,3,5,[-0.87320165 -8.0110852   1.28392097],waiting,[ 0.63925976  0.24903542 -0.34837281]
1143.9201273918152,1004,False,5,4,[-8.09568913  7.92881868  1.61507625],queued,[-0.62185191  0.08809385  0.93462812]
1143.9201273918152,1005,False,6,2,[8.49726363 0.42832994 3.98604691],cruising,[ 0.50568378 -0.03156594 -0.11489306]
1144.0142357349396,1000,False,4,6,[ 7.70960449 -6.90313931  3.04812009],entering,[-0.82138112 -0.19970136 -0.21083176]
1144.0142357349396,1001,False,1,3,[5.457893   1.62607001 1.29276997],waiting,[-0.48080528  0.59740651 -0.20557775]
1144.0142357349396,1002,False,2,0,[2.3323891  8.83746313 3.95883537],landing,[ 0.5677905  -0.59831228 -0.99408226]
1144.0142357349396,1003,False,3,5,[-0.87320165 -8.0110852   1.28392097],waiting,[ 0.63925976  0.24903542 -0.34837281]
1144.0142357349396,1004,False,5,4,[-8.09568913  7.92881868  1.69007625],queued,[-0.62185191  0.08809385  0.93462812]
1144.0142357349396,1005,False,6,2,[8.4958929  0.22833463 3.98813987],cruising,[ 0.50568378 -0.03156594 -0.11489306]
1144.1093182563782,1000,False,4,6,[ 7.60431745 -6.75724337  3.12312009],entering,[-0.82138112 -0.19970136 -0.21083176]
1144.1093182563782,1001,False,1,3,[5.457893   1.62607001 1.29276997],waiting,[-0.48080528  0.59740651 -0.20557775]
1144.1093182563782,1002,False,2,0,[2.35535513 8.89045268 3.91803593],landing,[ 0.5677905  -0.59831228 -0.99408226]
1144.1093182563782,1003,False,3,5,[-0.87320165 -8.0110852   1.28392097],waiting,[ 0.63925976  0.24903542 -0.34837281]
1144.1093182563782,1004,False,5,4,[-8.09568913  7.92881868  1.76507625],queued,[-0.62185191  0.08809385  0.93462812]
1144.1093182563782,1005,False,6,2,[8.49298699 0.02835575 3.98991889],cruising,[ 0.50568378 -0.03156594 -0.11489306]
1144.21235704422,1000,False,4,6,[ 7.48607123 -6.59611394  3.19812009],entering,[-0.82138112 -0.19970136 -0.21083176]
1144.21235704422,1001,False,1,3,[5.457893   1.62607001 1.29276997],waiting,[-0.48080528  0.59740651 -0.20557775]
1144.21235704422,1002,False,2,0,[2.37759673 8.92837987 3.86409872],landing,[ 0.5677905  -0.59831228 -0.99408226]
1144.21235704422,1003,False,3,5,[-0.87320165 -8.0110852   1.28392097],waiting,[ 0.63925976  0.24903542 -0.34837281]
1144.21235704422,1004,False,5,4,[-8.09568913  7.92881868  1.84007625],queued,[-0.62185191  0.08809385  0.93462812]
1144.21235704422,1005,False,6,2,[ 8.4883698  -0.17159095  3.99143106],cruising,[ 0.50568378 -0.03156594 -0.11489306]
1144.3153712749481,1000,False,4,6,[ 7.36738967 -6.43513355  3.27312009],entering,[-0.82138112 -0.19970136 -0.21083176]
1144.3153712749481,1001,False,1,3,[5.457893   1.62607001 1.29276997],waiting,[-0.48080528  0.59740651 -0.20557775]
1144.3153712749481,1002,False,2,0,[2.39899887 8.95102922 3.79728196],landing,[ 0.5677905  -0.59831228 -0.99408226]
1144.3153712749481,1003,False,3,5,[-0.87320165 -8.0110852   1.28392097],waiting,[ 0.63925976  0.24903542 -0.34837281]
1144.3153712749481,1004,False,5,4,[-8.09568913  7.92881868  1.91507625],queued,[-0.62185191  0.08809385  0.93462812]
1144.3153712749481,1005,False,6,2,[ 8.47985042 -0.37140942  3.9927164 ],cruising,[ 0.50568378 -0.03156594 -0.11489306]
1144.4164457321167,1000,False,4,6,[ 7.24503268 -6.27692872  3.34812009],entering,[-0.82138112 -0.19970136 -0.21083176]
1144.4164457321167,1001,False,1,3,[5.457893   1.62607001 1.29276997],waiting,[-0.48080528  0.59740651 -0.20557775]
1144.4164457321167,1002,False,2,0,[2.41945976 8.9582137  3.71781799],landing,[ 0.5677905  -0.59831228 -0.99408226]
1144.4164457321167,1003,False,3,5,[-0.87320165 -8.0110852   1.28392097],waiting,[ 0.63925976  0.24903542 -0.34837281]
1144.4164457321167,1004,False,5,4,[-8.09568913  7.92881868  1.99007625],queued,[-0.62185191  0.08809385  0.93462812]
1144.4164457321167,1005,False,6,2,[ 8.46969568 -0.57115146  3.99380894],cruising,[ 0.50568378 -0.03156594 -0.11489306]
1144.5151495933533,1000,False,4,6,[ 7.12379129 -6.11786733  3.42312009],entering,[-0.82138112 -0.19970136 -0.21083176]
1144.5151495933533,1001,False,1,3,[5.457893   1.62607001 1.29276997],waiting,[-0.48080528  0.59740651 -0.20557775]
1144.5151495933533,1002,False,2,0,[2.4388754  8.94974578 3.62594799],landing,[ 0.5677905  -0.59831228 -0.99408226]
1144.5151495933533,1003,False,3,5,[-0.87320165 -8.0110852   1.28392097],waiting,[ 0.63925976  0.24903542 -0.34837281]
1144.5151495933533,1004,False,5,4,[-8.09568913  7.92881868  2.06507625],queued,[-0.62185191  0.08809385  0.93462812]
1144.5151495933533,1005,False,6,2,[ 8.4577255  -0.77079292  3.9947376 ],cruising,[ 0.50568378 -0.03156594 -0.11489306]
1144.6110181808472,1000,False,4,6,[ 6.99695088 -5.96323386  3.49812009],entering,[-0.82138112 -0.19970136 -0.21083176]
1144.6110181808472,1001,False,1,3,[5.457893   1.62607001 1.29276997],waiting,[-0.48080528  0.59740651 -0.20557775]
1144.6110181808472,1002,False,2,0,[2.45780359 8.93457469 3.52893478],landing,[ 0.5677905  -0.59831228 -0.99408226]
1144.6110181808472,1003,False,3,5,[-0.87320165 -8.0110852   1.28392097],waiting,[ 0.63925976  0.24903542 -0.34837281]
1144.6110181808472,1004,False,5,4,[-8.09568913  7.92881868  2.14007625],queued,[-0.62185191  0.08809385  0.93462812]
1144.6110181808472,1005,False,6,2,[ 8.44378539 -0.97030651  3.99552696],cruising,[ 0.50568378 -0.03156594 -0.11489306]
1144.7071192264557,1000,False,4,6,[ 6.86917013 -5.80937652  3.57312009],entering,[-0.82138112 -0.19970136 -0.21083176]
1144.7071192264557,1001,False,1,3,[5.457893   1.62607001 1.29276997],waiting,[-0.48080528  0.59740651 -0.20557775]
1144.7071192264557,1002,False,2,0,[2.47673178 8.91940359 3.43192158],landing,[ 0.5677905  -0.59831228 -0.99408226]
1144.7071192264557,1003,False,3,5,[-0.87320165 -8.0110852   1.28392097],queued,[ 0.63925976  0.24903542 -0.34837281]
1144.7071192264557,1004,False,5,4,[-8.09568913  7.92881868  2.21507625],queued,[-0.62185191  0.08809385  0.93462812]
1144.7071192264557,1005,False,6,2,[ 8.42556098 -1.16947446  3.99619792],cruising,[ 0.50568378 -0.03156594 -0.11489306]
1144.8066313266754,1000,False,4,6,[ 6.73980631 -5.65684783  3.63715208],entering,[-0.82138112 -0.19970136 -0.21083176]
1144.8066313266754,1001,False,1,3,[5.457893   1.62607001 1.29276997],waiting,[-0.48080528  0.59740651 -0.20557775]
1144.8066313266754,1002,False,2,0,[2.49565997 8.9042325  3.33490838],landing,[ 0.5677905  -0.59831228 -0.99408226]
1144.8066313266754,1003,False,3,5,[-0.87320165 -8.0110852   1.30392097],queued,[ 0.63925976  0.24903542 -0.34837281]
1144.8066313266754,1004,False,5,4,[-8.09568913  7.92881868  2.29007625],queued,[-0.62185191  0.08809385  0.93462812]
1144.8066313266754,1005,False,6,2,[ 8.40541757 -1.36845748  3.99676823],cruising,[ 0.50568378 -0.03156594 -0.11489306]
1144.9067287445068,1000,False,4,6,[ 6.60318418 -5.51078486  3.69157927],entering,[-0.82138112 -0.19970136 -0.21083176]
1144.9067287445068,1001,False,1,3,[5.457893   1.62607001 1.29276997],waiting,[-0.48080528  0.59740651 -0.20557775]
1144.9067287445068,1002,False,2,0,[2.51458816 8.8890614  3.23789518],landing,[ 0.5677905  -0.59831228 -0.99408226]
1144.9067287445068,1003,False,3,5,[-0.87320165 -8.0110852   1.34392097],queued,[ 0.63925976  0.24903542 -0.34837281]
1144.9067287445068,1004,False,5,4,[-8.09568913  7.92881868  2.36507625],queued,[-0.62185191  0.08809385  0.93462812]
1144.9067287445068,1005,False,6,2,[ 8.38315215 -1.56721425  3.99725299],cruising,[ 0.50568378 -0.03156594 -0.11489306]
1145.010496377945,1000,False,4,6,[ 6.46184276 -5.3692836   3.73784238],entering,[-0.82138112 -0.19970136 -0.21083176]
1145.010496377945,1001,False,1,3,[5.457893   1.62607001 1.29276997],waiting,[-0.48080528  0.59740651 -0.20557775]
1145.010496377945,1002,False,2,0,[2.53351635 8.87389031 3.14088197],landing,[ 0.5677905  -0.59831228 -0.99408226]
1145.010496377945,1003,False,3,5,[-0.87320165 -8.0110852   1.40392097],queued,[ 0.63925976  0.24903542 -0.34837281]
1145.010496377945,1004,False,5,4,[-8.09568913  7.92881868  2.44007625],queued,[-0.62185191  0.08809385  0.93462812]
1145.010496377945,1005,False,6,2,[ 8.35621466 -1.76539187  3.99766504],cruising,[ 0.50568378 -0.03156594 -0.11489306]
1145.1079490184784,1000,False,4,6,[ 6.315821   -5.23261743  3.77716602],entering,[-0.82138112 -0.19970136 -0.21083176]
1145.1079490184784,1001,False,1,3,[5.457893   1.62607001 1.29276997],waiting,[-0.48080528  0.59740651 -0.20557775]
1145.1079490184784,1002,False,2,0,[2.55244455 8.85871921 3.04386877],landing,[ 0.5677905  -0.59831228 -0.99408226]
1145.1079490184784,1003,False,3,5,[-0.87320165 -8.0110852   1.47892097],queued,[ 0.63925976  0.24903542 -0.34837281]
1145.1079490184784,1004,False,5,4,[-8.09568913  7.92881868  2.51507625],entering,[-0.62185191  0.08809385  0.93462812]
1145.1079490184784,1005,False,6,2,[ 8.32708066 -1.96325852  3.99801529],cruising,[ 0.50568378 -0.03156594 -0.11489306]
1145.2060730457306,1000,False,4,6,[ 6.1658943  -5.10024679  3.81059112],entering,[-0.82138112 -0.19970136 -0.21083176]
1145.2060730457306,1001,False,1,3,[5.457893   1.62607001 1.29276997],waiting,[-0.48080528  0.59740651 -0.20557775]
1145.2060730457306,1002,False,2,0,[2.57137274 8.84354812 2.94685557],landing,[ 0.5677905  -0.59831228 -0.99408226]
1145.2060730457306,1003,False,3,5,[-0.87320165 -8.0110852   1.55392097],queued,[ 0.63925976  0.24903542 -0.34837281]
1145.2060730457306,1004,False,5,4,[-8.07783999  7.91979603  2.59007625],entering,[-0.62185191  0.08809385  0.93462812]
1145.2060730457306,1005,False,6,2,[ 8.29548482 -2.16074701  3.99831299],cruising,[ 0.50568378 -0.03156594 -0.11489306]
1145.3059756755829,1000,False,4,6,[ 6.00888823 -4.97635532  3.83900245],entering,[-0.82138112 -0.19970136 -0.21083176]
1145.3059756755829,1001,False,1,3,[5.457893   1.62607001 1.29276997],waiting,[-0.48080528  0.59740651 -0.20557775]
1145.3059756755829,1002,False,2,0,[2.59030093 8.82837703 2.84984237],landing,[ 0.5677905  -0.59831228 -0.99408226]
1145.3059756755829,1003,False,3,5,[-0.87320165 -8.0110852   1.62892097],queued,[ 0.63925976  0.24903542 -0.34837281]
1145.3059756755829,1004,False,5,4,[-8.04212804  7.90177782  2.66507625],entering,[-0.62185191  0.08809385  0.93462812]
1145.3059756755829,1005,False,6,2,[ 8.25840376 -2.35727944  3.99856605],cruising,[ 0.50568378 -0.03156594 -0.11489306]
1145.4155762195587,1000,False,4,6,[ 5.8480558  -4.85747333  3.86315208],cruising,[-0.82138112 -0.19970136 -0.21083176]
1145.4155762195587,1001,False,1,3,[5.457893   1.62607001 1.29276997],waiting,[-0.48080528  0.59740651 -0.20557775]
1145.4155762195587,1002,False,2,0,[2.60922912 8.81320593 2.75282916],landing,[ 0.5677905  -0.59831228 -0.99408226]
1145.4155762195587,1003,False,3,5,[-0.87320165 -8.0110852   1.70392097],queued,[ 0.63925976  0.24903542 -0.34837281]
1145.4155762195587,1004,False,5,4,[-7.98852313  7.87482419  2.74007625],entering,[-0.62185191  0.08809385  0.93462812]
1145.4155762195587,1005,False,6,2,[ 8.21863441 -2.55328555  3.99878114],cruising,[ 0.50568378 -0.03156594 -0.11489306]
1145.5061554908752,1000,False,4,6,[ 5.68072974 -4.74791974  3.88367927],cruising,[-0.82138112 -0.19970136 -0.21083176]
1145.5061554908752,1001,False,1,3,[5.457893   1.62607001 1.29276997],waiting,[-0.48080528  0.59740651 -0.20557775]
1145.5061554908752,1002,False,2,0,[2.62815731 8.79803484 2.65581596],landing,[ 0.5677905  -0.59831228 -0.99408226]
1145.5061554908752,1003,False,3,5,[-0.87320165 -8.0110852   1.77892097],queued,[ 0.63925976  0.24903542 -0.34837281]
1145.5061554908752,1004,False,5,4,[-7.91696815  7.83905039  2.81507625],entering,[-0.62185191  0.08809385  0.93462812]
1145.5061554908752,1005,False,6,2,[ 8.17267985 -2.74793441  3.99896397],cruising,[ 0.50568378 -0.03156594 -0.11489306]
1145.607414484024,1000,False,4,6,[ 5.51002827 -4.64370357  3.90112738],cruising,[-0.82138112 -0.19970136 -0.21083176]
1145.607414484024,1001,False,1,3,[5.457893   1.62607001 1.29276997],waiting,[-0.48080528  0.59740651 -0.20557775]
1145.607414484024,1002,False,2,0,[2.6470855  8.78286374 2.55880276],landing,[ 0.5677905  -0.59831228 -0.99408226]
1145.607414484024,1003,False,3,5,[-0.87320165 -8.0110852   1.85392097],entering,[ 0.63925976  0.24903542 -0.34837281]
1145.607414484024,1004,False,5,4,[-7.82741491  7.79455523  2.89007625],entering,[-0.62185191  0.08809385  0.93462812]
1145.607414484024,1005,False,6,2,[ 8.12357208 -2.94181176  3.99911937],cruising,[ 0.50568378 -0.03156594 -0.11489306]
1145.7063105106354,1000,False,4,6,[ 5.3347569  -4.5473711   3.91595827],cruising,[-0.82138112 -0.19970136 -0.21083176]
1145.7063105106354,1001,False,1,3,[5.457893   1.62607001 1.29276997],waiting,[-0.48080528  0.59740651 -0.20557775]
1145.7063105106354,1002,False,2,0,[2.6660137  8.76769265 2.46178956],landing,[ 0.5677905  -0.59831228 -0.99408226]
1145.7063105106354,1003,False,3,5,[-0.8796931  -7.99216799  1.92892097],entering,[ 0.63925976  0.24903542 -0.34837281]
1145.7063105106354,1004,False,5,4,[-7.71983924  7.74138872  2.96507625],entering,[-0.62185191  0.08809385  0.93462812]
1145.7063105106354,1005,False,6,2,[ 8.06707859 -3.13366714  3.99925147],cruising,[ 0.50568378 -0.03156594 -0.11489306]
1145.807270526886,1000,False,4,6,[ 5.15740747 -4.45492014  3.92856453],cruising,[-0.82138112 -0.19970136 -0.21083176]
1145.807270526886,1001,False,1,3,[5.457893   1.62607001 1.29276997],waiting,[-0.48080528  0.59740651 -0.20557775]
1145.807270526886,1002,False,2,0,[2.68494189 8.75252155 2.36477635],landing,[ 0.5677905  -0.59831228 -0.99408226]
1145.807270526886,1003,False,3,5,[-0.892676   -7.95433355  2.00392097],entering,[ 0.63925976  0.24903542 -0.34837281]
1145.807270526886,1004,False,5,4,[-7.59421961  7.67959577  3.04007625],entering,[-0.62185191  0.08809385  0.93462812]
1145.807270526886,1005,False,6,2,[ 8.00668669 -3.32433129  3.99936375],cruising,[ 0.50568378 -0.03156594 -0.11489306]
1145.9055597782135,1000,False,4,6,[ 4.97726443 -4.36803811  3.93927985],cruising,[-0.82138112 -0.19970136 -0.21083176]
1145.9055597782135,1001,False,1,3,[5.457893   1.62607001 1.29276997],waiting,[-0.48080528  0.59740651 -0.20557775]
1145.9055597782135,1002,False,2,0,[2.70387008 8.73735046 2.26776315],landing,[ 0.5677905  -0.59831228 -0.99408226]
1145.9055597782135,1003,False,3,5,[-0.91215035 -7.8975819   2.07892097],entering,[ 0.63925976  0.24903542 -0.34837281]
1145.9055597782135,1004,False,5,4,[-7.45010883  7.61018197  3.11507625],entering,[-0.62185191  0.08809385  0.93462812]
1145.9055597782135,1005,False,6,2,[ 7.93701106 -3.51180211  3.99945918],cruising,[ 0.50568378 -0.03156594 -0.11489306]
1146.0081400871277,1000,False,4,6,[ 4.79607312 -4.28336398  3.94838787],cruising,[-0.82138112 -0.19970136 -0.21083176]
1146.0081400871277,1001,False,1,3,[5.457893   1.62607001 1.29276997],waiting,[-0.48080528  0.59740651 -0.20557775]
1146.0081400871277,1002,False,2,0,[2.72279827 8.72217936 2.17074995],landing,[ 0.5677905  -0.59831228 -0.99408226]
1146.0081400871277,1003,False,3,5,[-0.93811614 -7.82191304  2.15392097],entering,[ 0.63925976  0.24903542 -0.34837281]
1146.0081400871277,1004,False,5,4,[-7.28728245  7.53371648  3.19007625],entering,[-0.62185191  0.08809385  0.93462812]
1146.0081400871277,1005,False,6,2,[ 7.85698422 -3.69509342  3.99954031],cruising,[ 0.50568378 -0.03156594 -0.11489306]
1146.121563911438,1000,False,4,6,[ 4.61325504 -4.20226189  3.95612969],cruising,[-0.82138112 -0.19970136 -0.21083176]
1146.121563911438,1001,False,1,3,[5.457893   1.62607001 1.29276997],waiting,[-0.48080528  0.59740651 -0.20557775]
1146.121563911438,1002,False,2,0,[2.74172646 8.70700827 2.07373675],landing,[ 0.5677905  -0.59831228 -0.99408226]
1146.121563911438,1003,False,3,5,[-0.97057339 -7.72732695  2.22892097],entering,[ 0.63925976  0.24903542 -0.34837281]
1146.121563911438,1004,False,5,4,[-7.10495654  7.45280483  3.26507625],entering,[-0.62185191  0.08809385  0.93462812]
1146.121563911438,1005,False,6,2,[ 7.76504366 -3.87270798  3.99960926],cruising,[ 0.50568378 -0.03156594 -0.11489306]
1146.2076466083527,1000,False,4,6,[ 4.42997403 -4.12221146  3.96271024],cruising,[-0.82138112 -0.19970136 -0.21083176]
1146.2076466083527,1001,False,1,3,[5.457893   1.62607001 1.29276997],waiting,[-0.48080528  0.59740651 -0.20557775]
1146.2076466083527,1002,False,2,0,[2.76065466 8.69183718 1.97672354],landing,[ 0.5677905  -0.59831228 -0.99408226]
1146.2076466083527,1003,False,3,5,[-1.00952208 -7.61382365  2.30392097],entering,[ 0.63925976  0.24903542 -0.34837281]
1146.2076466083527,1004,False,5,4,[-6.9211319   7.37401077  3.34007625],entering,[-0.62185191  0.08809385  0.93462812]
1146.2076466083527,1005,False,6,2,[ 7.65907038 -4.04232421  3.99966787],cruising,[ 0.50568378 -0.03156594 -0.11489306]
1146.3110876083374,1000,False,4,6,[ 4.24623834 -4.04321022  3.9683037 ],cruising,[-0.82138112 -0.19970136 -0.21083176]
1146.3110876083374,1001,False,1,3,[5.457893   1.62607001 1.29276997],queued,[-0.48080528  0.59740651 -0.20557775]
1146.3110876083374,1002,False,2,0,[2.77958285 8.67666608 1.87971034],landing,[ 0.5677905  -0.59831228 -0.99408226]
1146.3110876083374,1003,False,3,5,[-1.05496223 -7.48140314  2.37892097],entering,[ 0.63925976  0.24903542 -0.34837281]
1146.3110876083374,1004,False,5,4,[-6.73517297  7.30039505  3.41507625],entering,[-0.62185191  0.08809385  0.93462812]
1146.3110876083374,1005,False,6,2,[ 7.53669666 -4.20049379  3.99971784],cruising,[ 0.50568378 -0.03156594 -0.11489306]
1146.4184656143188,1000,False,4,6,[ 4.0617048  -3.96609101  3.97305815],cruising,[-0.82138112 -0.19970136 -0.21083176]
1146.4184656143188,1001,False,1,3,[5.457893   1.62607001 1.31276997],queued,[-0.48080528  0.59740651 -0.20557775]
1146.4184656143188,1002,False,2,0,[2.79851104 8.66149499 1.78269714],landing,[ 0.5677905  -0.59831228 -0.99408226]
1146.4184656143188,1003,False,3,5,[-1.10689382 -7.3300654   2.45392097],entering,[ 0.63925976  0.24903542 -0.34837281]
1146.4184656143188,1004,False,5,4,[-6.54761745  7.23094773  3.49007625],entering,[-0.62185191  0.08809385  0.93462812]
1146.4184656143188,1005,False,6,2,[ 7.39934481 -4.34540987  3.99976207],cruising,[ 0.50568378 -0.03156594 -0.11489306]
1146.5139181613922,1000,False,4,6,[ 3.87692934 -3.88955324  3.97709943],cruising,[-0.82138112 -0.19970136 -0.21083176]
1146.5139181613922,1001,False,1,3,[5.457893   1.62607001 1.35276997],queued,[-0.48080528  0.59740651 -0.20557775]
1146.5139181613922,1002,False,2,0,[2.81743923 8.64632389 1.68568394],landing,[ 0.5677905  -0.59831228 -0.99408226]
1146.5139181613922,1003,False,3,5,[-1.16531686 -7.15981045  2.52892097],entering,[ 0.63925976  0.24903542 -0.34837281]
1146.5139181613922,1004,False,5,4,[-6.35835666  7.16629209  3.56507625],entering,[-0.62185191  0.08809385  0.93462812]
1146.5139181613922,1005,False,6,2,[ 7.24944833 -4.47474929  3.99980326],cruising,[ 0.50568378 -0.03156594 -0.11489306]
1146.617788553238,1000,False,4,6,[ 3.6916497  -3.81424417  3.98053451],cruising,[-0.82138112 -0.19970136 -0.21083176]
1146.617788553238,1001,False,1,3,[5.457893   1.62607001 1.41276997],queued,[-0.48080528  0.59740651 -0.20557775]
1146.617788553238,1002,False,2,0,[2.83636742 8.6311528  1.58867073],landing,[ 0.5677905  -0.59831228 -0.99408226]
1146.617788553238,1003,False,3,5,[-1.23148493 -6.97111602  2.60392097],entering,[ 0.63925976  0.24903542 -0.34837281]
1146.617788553238,1004,False,5,4,[-6.16704682  7.10797791  3.63031481],entering,[-0.62185191  0.08809385  0.93462812]
1146.617788553238,1005,False,6,2,[ 7.08891185 -4.58715382  3.99984144],cruising,[ 0.50568378 -0.03156594 -0.11489306]
1146.711059808731,1000,False,4,6,[ 3.50615903 -3.7394564   3.98345433],cruising,[-0.82138112 -0.19970136 -0.21083176]
1146.711059808731,1001,False,1,3,[5.457893   1.62607001 1.48776997],queued,[-0.48080528  0.59740651 -0.20557775]
1146.711059808731,1002,False,2,0,[2.85529561 8.6159817  1.49165753],fake_landed,[ 0.5677905  -0.59831228 -0.99408226]
1146.711059808731,1003,False,3,5,[-1.29766884 -6.78238422  2.67892097],entering,[ 0.63925976  0.24903542 -0.34837281]
1146.711059808731,1004,False,5,4,[-5.97347812  7.05766727  3.68576759],entering,[-0.62185191  0.08809385  0.93462812]
1146.711059808731,1005,False,6,2,[ 6.91978916 -4.68149521  3.99987655],cruising,[ 0.50568378 -0.03156594 -0.11489306]
1146.8119506835938,1000,False,4,6,[ 3.32029584 -3.66559928  3.98593618],cruising,[-0.82138112 -0.19970136 -0.21083176]
1146.8119506835938,1001,False,1,3,[5.457893   1.62607001 1.56276997],queued,[-0.48080528  0.59740651 -0.20557775]
1146.8119506835938,1002,False,2,0,[2.87043817 8.60384483 1.41404697],fake_landed,[ 0.5677905  -0.59831228 -0.99408226]
1146.8119506835938,1003,False,3,5,[-1.36385275 -6.59365243  2.75392097],entering,[ 0.63925976  0.24903542 -0.34837281]
1146.8119506835938,1004,False,5,4,[-5.77790047  7.01584166  3.73290245],entering,[-0.62185191  0.08809385  0.93462812]
1146.8119506835938,1005,False,6,2,[ 6.74422752 -4.75690146  3.99990854],cruising,[ 0.50568378 -0.03156594 -0.11489306]
1146.9177527427673,1000,False,4,6,[ 3.13413463 -3.59249659  3.98804576],cruising,[-0.82138112 -0.19970136 -0.21083176]
1146.9177527427673,1001,False,1,3,[5.457893   1.62607001 1.63776997],queued,[-0.48080528  0.59740651 -0.20557775]
1146.9177527427673,1002,False,2,0,[2.88179508 8.59474217 1.35583905],fake_landed,[ 0.5677905  -0.59831228 -0.99408226]
1146.9177527427673,1003,False,3,5,[-1.43081463 -6.40519526  2.82892097],entering,[ 0.63925976  0.24903542 -0.34837281]
1146.9177527427673,1004,False,5,4,[-5.5806429   6.98283483  3.77296709],entering,[-0.62185191  0.08809385  0.93462812]
1146.9177527427673,1005,False,6,2,[ 6.56441489 -4.81276469  3.99993734],cruising,[ 0.50568378 -0.03156594 -0.11489306]
1147.007031917572,1000,False,4,6,[ 2.94763    -3.52027454  3.98983889],cruising,[-0.82138112 -0.19970136 -0.21083176]
1147.007031917572,1001,False,1,3,[5.457893   1.62607001 1.71276997],queued,[-0.48080528  0.59740651 -0.20557775]
1147.007031917572,1002,False,2,0,[2.88936636 8.58867373 1.31703377],fake_landed,[ 0.5677905  -0.59831228 -0.99408226]
1147.007031917572,1003,False,3,5,[-1.49831362 -6.21692979  2.90392097],entering,[ 0.63925976  0.24903542 -0.34837281]
1147.007031917572,1004,False,5,4,[-5.38171682  6.96213665  3.80702202],entering,[-0.62185191  0.08809385  0.93462812]
1147.007031917572,1005,False,6,2,[ 6.38256225 -4.84873224  3.99996286],cruising,[ 0.50568378 -0.03156594 -0.11489306]
1147.1162748336792,1000,False,4,6,[ 2.76065344 -3.44928325  3.99136306],cruising,[-0.82138112 -0.19970136 -0.21083176]
1147.1162748336792,1001,False,1,3,[5.457893   1.62607001 1.78776997],queued,[-0.48080528  0.59740651 -0.20557775]
1147.1162748336792,1002,False,2,0,[2.893152   8.58563951 1.29763113],fake_landed,[ 0.5677905  -0.59831228 -0.99408226]
1147.1162748336792,1003,False,3,5,[-1.5658126  -6.02866432  2.97892097],entering,[ 0.63925976  0.24903542 -0.34837281]
1147.1162748336792,1004,False,5,4,[-5.18198519  6.95177924  3.83596872],entering,[-0.62185191  0.08809385  0.93462812]
1147.1162748336792,1005,False,6,2,[ 6.20005584 -4.86471048  3.99998477],cruising,[ 0.50568378 -0.03156594 -0.11489306]
1147.2059814929962,1000,False,4,6,[ 2.5730598  -3.37993898  3.9926586 ],cruising,[-0.82138112 -0.19970136 -0.21083176]
1147.2059814929962,1001,False,1,3,[5.457893   1.62607001 1.86276997],queued,[-0.48080528  0.59740651 -0.20557775]
1147.2059814929962,1002,False,2,0,[2.893152   8.58563951 1.29763113],fake_landed,[ 0.5677905  -0.59831228 -0.99408226]
1147.2059814929962,1003,False,3,5,[-1.63458772 -5.84086127  3.05392097],entering,[ 0.63925976  0.24903542 -0.34837281]
1147.2059814929962,1004,False,5,4,[-4.98198522  6.95166344  3.86057341],cruising,[-0.62185191  0.08809385  0.93462812]
1147.2059814929962,1005,False,6,2,[ 6.01835436 -4.86070493  4.00000301],cruising,[ 0.50568378 -0.03156594 -0.11489306]
1147.3207049369812,1000,False,4,6,[ 2.38502413 -3.31180245  3.99375981],cruising,[-0.82138112 -0.19970136 -0.21083176]
1147.3207049369812,1001,False,1,3,[5.457893   1.62607001 1.93776997],queued,[-0.48080528  0.59740651 -0.20557775]
1147.3207049369812,1002,False,0,1,[2.893152   8.58563951 1.29763113],waiting,[ 0.5677905  -0.59831228 -0.99408226]
1147.3207049369812,1003,False,3,5,[-1.70336284 -5.65305823  3.12892097],entering,[ 0.63925976  0.24903542 -0.34837281]
1147.3207049369812,1004,False,5,4,[-4.78221821  6.96131436  3.8814874 ],cruising,[-0.62185191  0.08809385  0.93462812]
1147.3207049369812,1005,False,6,2,[ 5.83864854 -4.83679918  4.00001747],cruising,[ 0.50568378 -0.03156594 -0.11489306]
1147.4115064144135,1000,False,4,6,[ 2.19608911 -3.24620094  3.99469584],cruising,[-0.82138112 -0.19970136 -0.21083176]
1147.4115064144135,1001,False,1,3,[5.457893   1.62607001 2.01276997],queued,[-0.48080528  0.59740651 -0.20557775]
1147.4115064144135,1002,False,0,1,[2.893152   8.58563951 1.29763113],waiting,[ 0.5677905  -0.59831228 -0.99408226]
1147.4115064144135,1003,False,3,5,[-1.77327919 -5.46567706  3.20392097],entering,[ 0.63925976  0.24903542 -0.34837281]
1147.4115064144135,1004,False,5,4,[-4.58305249  6.97956305  3.89926429],cruising,[-0.62185191  0.08809385  0.93462812]
1147.4115064144135,1005,False,6,2,[ 5.66147478 -4.79305437  4.00002783],cruising,[ 0.50568378 -0.03156594 -0.11489306]
1147.511039018631,1000,False,4,6,[ 2.00608048 -3.18377722  3.99549146],cruising,[-0.82138112 -0.19970136 -0.21083176]
1147.511039018631,1001,False,1,3,[5.457893   1.62607001 2.08776997],queued,[-0.48080528  0.59740651 -0.20557775]
1147.511039018631,1002,False,0,1,[2.893152   8.58563951 1.29763113],waiting,[ 0.5677905  -0.59831228 -0.99408226]
1147.511039018631,1003,False,3,5,[-1.84273113 -5.27812326  3.27892097],entering,[ 0.63925976  0.24903542 -0.34837281]
1147.511039018631,1004,False,5,4,[-4.38465269  7.00481227  3.91437465],cruising,[-0.62185191  0.08809385  0.93462812]
1147.511039018631,1005,False,6,2,[ 5.48756729 -4.72957808  4.00003398],cruising,[ 0.50568378 -0.03156594 -0.11489306]
1147.620234966278,1000,False,4,6,[ 1.8154213  -3.12336964  3.99616774],cruising,[-0.82138112 -0.19970136 -0.21083176]
1147.620234966278,1001,False,1,3,[5.457893   1.62607001 2.16276997],queued,[-0.48080528  0.59740651 -0.20557775]
1147.620234966278,1002,False,0,1,[2.893152   8.58563951 1.29763113],waiting,[ 0.5677905  -0.59831228 -0.99408226]
1147.620234966278,1003,False,3,5,[-1.91365157 -5.0911198   3.35392097],entering,[ 0.63925976  0.24903542 -0.34837281]
1147.620234966278,1004,False,5,4,[-4.18699134  7.03530796  3.92721845],cruising,[-0.62185191  0.08809385  0.93462812]
1147.620234966278,1005,False,6,2,[ 5.3167257  -4.64633818  4.00003541],cruising,[ 0.50568378 -0.03156594 -0.11489306]
1147.7116363048553,1000,False,4,6,[ 1.62328048 -3.06785473  3.99674258],cruising,[-0.82138112 -0.19970136 -0.21083176]
1147.7116363048553,1001,False,1,3,[5.457893   1.62607001 2.23776997],queued,[-0.48080528  0.59740651 -0.20557775]
1147.7116363048553,1002,False,0,1,[2.893152   8.58563951 1.29763113],waiting,[ 0.5677905  -0.59831228 -0.99408226]
1147.7116363048553,1003,False,3,5,[-1.98519135 -4.90435241  3.42892097],entering,[ 0.63925976  0.24903542 -0.34837281]
1147.7116363048553,1004,False,5,4,[-3.98990774  7.0693382   3.93813568],cruising,[-0.62185191  0.08809385  0.93462812]
1147.7116363048553,1005,False,6,2,[ 5.14842112 -4.54325984  4.00003171],cruising,[ 0.50568378 -0.03156594 -0.11489306]
1147.807142496109,1000,False,4,6,[ 1.42946743 -3.0184938   3.99723119],cruising,[-0.82138112 -0.19970136 -0.21083176]
1147.807142496109,1001,False,1,3,[5.457893   1.62607001 2.31276997],queued,[-0.48080528  0.59740651 -0.20557775]
1147.807142496109,1002,False,0,1,[2.893152   8.58563951 1.29763113],waiting,[ 0.5677905  -0.59831228 -0.99408226]
1147.807142496109,1003,False,3,5,[-2.05699357 -4.71768575  3.50392097],entering,[ 0.63925976  0.24903542 -0.34837281]
1147.807142496109,1004,False,5,4,[-3.79317487  7.10534064  3.94741533],cruising,[-0.62185191  0.08809385  0.93462812]
1147.807142496109,1005,False,6,2,[ 4.97653563 -4.44100829  4.00002695],cruising,[ 0.50568378 -0.03156594 -0.11489306]
1147.9139950275421,1000,False,4,6,[ 1.23381597 -2.9770148   3.99764652],cruising,[-0.82138112 -0.19970136 -0.21083176]
1147.9139950275421,1001,False,1,3,[5.457893   1.62607001 2.38776997],queued,[-0.48080528  0.59740651 -0.20557775]
1147.9139950275421,1002,False,0,1,[2.893152   8.58563951 1.29763113],waiting,[ 0.5677905  -0.59831228 -0.99408226]
1147.9139950275421,1003,False,3,5,[-2.12868769 -4.53097755  3.57833283],entering,[ 0.63925976  0.24903542 -0.34837281]
1147.9139950275421,1004,False,5,4,[-3.59611056  7.13948236  3.95530303],cruising,[-0.62185191  0.08809385  0.93462812]
1147.9139950275421,1005,False,6,2,[ 4.80182376 -4.34366476  4.00002291],cruising,[ 0.50568378 -0.03156594 -0.11489306]
1148.0062472820282,1000,False,4,6,[ 1.03543865 -2.95158962  3.99799954],cruising,[-0.82138112 -0.19970136 -0.21083176]
1148.0062472820282,1001,False,1,3,[5.457893   1.62607001 2.46276997],queued,[-0.48080528  0.59740651 -0.20557775]
1148.0062472820282,1002,False,0,1,[2.893152   8.58563951 1.29763113],waiting,[ 0.5677905  -0.59831228 -0.99408226]
1148.0062472820282,1003,False,3,5,[-2.1987399  -4.34364713  3.6415829 ],entering,[ 0.63925976  0.24903542 -0.34837281]
1148.0062472820282,1004,False,5,4,[-3.39901381  7.17343636  3.96200758],cruising,[-0.62185191  0.08809385  0.93462812]
1148.0062472820282,1005,False,6,2,[ 4.62396411 -4.25219923  4.00001947],cruising,[ 0.50568378 -0.03156594 -0.11489306]
1148.11874461174,1000,False,4,6,[ 0.83575338 -2.94037387  3.99829961],cruising,[-0.82138112 -0.19970136 -0.21083176]
1148.11874461174,1001,False,1,3,[5.457893   1.62607001 2.53776997],queued,[-0.48080528  0.59740651 -0.20557775]
1148.11874461174,1002,False,0,1,[2.893152   8.58563951 1.29763113],waiting,[ 0.5677905  -0.59831228 -0.99408226]
1148.11874461174,1003,False,3,5,[-2.26342279 -4.15439564  3.69534547],entering,[ 0.63925976  0.24903542 -0.34837281]
1148.11874461174,1004,False,5,4,[-3.2016865   7.20602367  3.96770644],cruising,[-0.62185191  0.08809385  0.93462812]
1148.11874461174,1005,False,6,2,[ 4.44453161 -4.16385909  4.00001655],cruising,[ 0.50568378 -0.03156594 -0.11489306]
1148.2136409282684,1000,False,4,6,[ 0.63580627 -2.94497324  3.99855467],cruising,[-0.82138112 -0.19970136 -0.21083176]
1148.2136409282684,1001,False,1,3,[5.457893   1.62607001 2.61276997],entering,[-0.48080528  0.59740651 -0.20557775]
1148.2136409282684,1002,False,0,1,[2.893152   8.58563951 1.29763113],queued,[ 0.5677905  -0.59831228 -0.99408226]
1148.2136409282684,1003,False,3,5,[-2.32595154 -3.96442155  3.74104365],entering,[ 0.63925976  0.24903542 -0.34837281]
1148.2136409282684,1004,False,5,4,[-3.00358361  7.23350538  3.97255047],cruising,[-0.62185191  0.08809385  0.93462812]
1148.2136409282684,1005,False,6,2,[ 4.2632448  -4.07938963  4.00001407],cruising,[ 0.50568378 -0.03156594 -0.11489306]
1148.306102514267,1000,False,4,6,[ 0.43675822 -2.96446357  3.99877147],cruising,[-0.82138112 -0.19970136 -0.21083176]
1148.306102514267,1001,False,1,3,[5.47758498 1.62257348 2.68776997],entering,[-0.48080528  0.59740651 -0.20557775]
1148.306102514267,1002,False,0,1,[2.893152   8.58563951 1.31763113],queued,[ 0.5677905  -0.59831228 -0.99408226]
1148.306102514267,1003,False,3,5,[-2.38763274 -3.77417058  3.7798871 ],entering,[ 0.63925976  0.24903542 -0.34837281]
1148.306102514267,1004,False,5,4,[-2.80507588  7.25789146  3.9766679 ],cruising,[-0.62185191  0.08809385  0.93462812]
1148.306102514267,1005,False,6,2,[ 4.08109583 -3.99679573  4.00001196],cruising,[ 0.50568378 -0.03156594 -0.11489306]
1148.4175400733948,1000,False,4,6,[ 0.23962608 -2.99821144  3.99895575],cruising,[-0.82138112 -0.19970136 -0.21083176]
1148.4175400733948,1001,False,1,3,[5.51696327 1.61554855 2.76276997],entering,[-0.48080528  0.59740651 -0.20557775]
1148.4175400733948,1002,False,0,1,[2.893152   8.58563951 1.35763113],queued,[ 0.5677905  -0.59831228 -0.99408226]
1148.4175400733948,1003,False,3,5,[-2.44879683 -3.58375274  3.81290404],cruising,[ 0.63925976  0.24903542 -0.34837281]
1148.4175400733948,1004,False,5,4,[-2.60580667  7.27497306  3.98016772],cruising,[-0.62185191  0.08809385  0.93462812]
1148.4175400733948,1005,False,6,2,[ 3.89783403 -3.91670132  4.00001016],cruising,[ 0.50568378 -0.03156594 -0.11489306]
1148.5060365200043,1000,False,4,6,[ 0.0452552  -3.0453279   3.99911238],cruising,[-0.82138112 -0.19970136 -0.21083176]
1148.5060365200043,1001,False,1,3,[5.57601506 1.60492458 2.83776997],entering,[-0.48080528  0.59740651 -0.20557775]
1148.5060365200043,1002,False,0,1,[2.893152   8.58563951 1.41763113],queued,[ 0.5677905  -0.59831228 -0.99408226]
1148.5060365200043,1003,False,3,5,[-2.5040751  -3.39154371  3.84096843],cruising,[ 0.63925976  0.24903542 -0.34837281]
1148.5060365200043,1004,False,5,4,[-2.40616697  7.28697271  3.98314256],cruising,[-0.62185191  0.08809385  0.93462812]
1148.5060365200043,1005,False,6,2,[ 3.7140433  -3.83782821  4.00000864],cruising,[ 0.50568378 -0.03156594 -0.11489306]
1148.606371641159,1000,False,4,6,[-0.14574986 -3.10463278  3.99924553],cruising,[-0.82138112 -0.19970136 -0.21083176]
1148.606371641159,1001,False,1,3,[5.6546661  1.59031697 2.91276997],entering,[-0.48080528  0.59740651 -0.20557775]
1148.606371641159,1002,False,0,1,[2.893152   8.58563951 1.49263113],queued,[ 0.5677905  -0.59831228 -0.99408226]
1148.606371641159,1003,False,3,5,[-2.54965122 -3.19680589  3.86482317],cruising,[ 0.63925976  0.24903542 -0.34837281]
1148.606371641159,1004,False,5,4,[-2.20617284  7.28850401  3.98567118],cruising,[-0.62185191  0.08809385  0.93462812]
1148.606371641159,1005,False,6,2,[ 3.5295383  -3.76064074  4.00000734],cruising,[ 0.50568378 -0.03156594 -0.11489306]
1148.7067551612854,1000,False,4,6,[-0.33188025 -3.17781389  3.9993587 ],cruising,[-0.82138112 -0.19970136 -0.21083176]
1148.7067551612854,1001,False,1,3,[5.75283485 1.57134367 2.98776997],entering,[-0.48080528  0.59740651 -0.20557775]
1148.7067551612854,1002,False,0,1,[2.893152   8.58563951 1.56763113],queued,[ 0.5677905  -0.59831228 -0.99408226]
1148.7067551612854,1003,False,3,5,[-2.59369486 -3.00171577  3.88509969],cruising,[ 0.63925976  0.24903542 -0.34837281]
1148.7067551612854,1004,False,5,4,[-2.00681286  7.27251654  3.9878205 ],cruising,[-0.62185191  0.08809385  0.93462812]
1148.7067551612854,1005,False,6,2,[ 3.34460339 -3.68448905  4.00000624],cruising,[ 0.50568378 -0.03156594 -0.11489306]
1148.8171436786652,1000,False,4,6,[-0.51374574 -3.26103014  3.99945489],cruising,[-0.82138112 -0.19970136 -0.21083176]
1148.8171436786652,1001,False,1,3,[5.87037941 1.54741275 3.06276997],entering,[-0.48080528  0.59740651 -0.20557775]
1148.8171436786652,1002,False,0,1,[2.893152   8.58563951 1.64263113],queued,[ 0.5677905  -0.59831228 -0.99408226]
1148.8171436786652,1003,False,3,5,[-2.63696255 -2.80645208  3.90233474],cruising,[ 0.63925976  0.24903542 -0.34837281]
1148.8171436786652,1004,False,5,4,[-1.80989042  7.23756583  3.98964742],cruising,[-0.62185191  0.08809385  0.93462812]
1148.8171436786652,1005,False,6,2,[ 3.15916383 -3.60957465  4.00000531],cruising,[ 0.50568378 -0.03156594 -0.11489306]
1148.9081995487213,1000,False,4,6,[-0.69266843 -3.35039832  3.99953666],cruising,[-0.82138112 -0.19970136 -0.21083176]
1148.9081995487213,1001,False,1,3,[6.00711296 1.51784425 3.13776997],entering,[-0.48080528  0.59740651 -0.20557775]
1148.9081995487213,1002,False,0,1,[2.893152   8.58563951 1.71763113],queued,[ 0.5677905  -0.59831228 -0.99408226]
1148.9081995487213,1003,False,3,5,[-2.67744811 -2.61059264  3.91698453],cruising,[ 0.63925976  0.24903542 -0.34837281]
1148.9081995487213,1004,False,5,4,[-1.61662287  7.18611045  3.99120031],cruising,[-0.62185191  0.08809385  0.93462812]
1148.9081995487213,1005,False,6,2,[ 2.97322234 -3.53591487  4.00000451],cruising,[ 0.50568378 -0.03156594 -0.11489306]
1149.0061328411102,1000,False,4,6,[-0.87058065 -3.44176157  3.99960616],cruising,[-0.82138112 -0.19970136 -0.21083176]
1149.0061328411102,1001,False,1,3,[6.16235722 1.48070253 3.21276997],entering,[-0.48080528  0.59740651 -0.20557775]
1149.0061328411102,1002,False,0,1,[2.893152   8.58563951 1.79263113],queued,[ 0.5677905  -0.59831228 -0.99408226]
1149.0061328411102,1003,False,3,5,[-2.71930884 -2.4150225   3.92943685],cruising,[ 0.63925976  0.24903542 -0.34837281]
1149.0061328411102,1004,False,5,4,[-1.42760565  7.12074617  3.99252026],cruising,[-0.62185191  0.08809385  0.93462812]
1149.0061328411102,1005,False,6,2,[ 2.78668891 -3.46376724  4.00000383],cruising,[ 0.50568378 -0.03156594 -0.11489306]
1149.1061549186707,1000,False,4,6,[-1.04992667 -3.53027713  3.99966524],cruising,[-0.82138112 -0.19970136 -0.21083176]
1149.1061549186707,1001,False,1,3,[6.33518695 1.43403445 3.28776997],entering,[-0.48080528  0.59740651 -0.20557775]
1149.1061549186707,1002,False,0,1,[2.893152   8.58563951 1.86763113],queued,[ 0.5677905  -0.59831228 -0.99408226]
1149.1061549186707,1003,False,3,5,[-2.7627953  -2.21980742  3.94002132],cruising,[ 0.63925976  0.24903542 -0.34837281]
1149.1061549186707,1004,False,5,4,[-1.24292143  7.04398849  3.99364222],cruising,[-0.62185191  0.08809385  0.93462812]
1149.1061549186707,1005,False,6,2,[ 2.59967735 -3.3928682   4.00000326],cruising,[ 0.50568378 -0.03156594 -0.11489306]
1149.2059733867645,1000,False,4,6,[-1.23470643 -3.60680452  3.99971545],cruising,[-0.82138112 -0.19970136 -0.21083176]
1149.2059733867645,1001,False,1,3,[6.52148159 1.37257799 3.36276997],entering,[-0.48080528  0.59740651 -0.20557775]
1149.2059733867645,1002,False,0,1,[2.893152   8.58563951 1.94263113],queued,[ 0.5677905  -0.59831228 -0.99408226]
1149.2059733867645,1003,False,3,5,[-2.80741341 -2.02484788  3.94901812],cruising,[ 0.63925976  0.24903542 -0.34837281]
1149.2059733867645,1004,False,5,4,[-1.06086865  6.96118278  3.99459589],cruising,[-0.62185191  0.08809385  0.93462812]
1149.2059733867645,1005,False,6,2,[ 2.4118784  -3.32408189  4.00000277],cruising,[ 0.50568378 -0.03156594 -0.11489306]
1149.3100407123566,1000,False,4,6,[-1.42591171 -3.66439221  3.99975992],cruising,[-0.82138112 -0.19970136 -0.21083176]
1149.3100407123566,1001,False,1,3,[6.70836187 1.30133361 3.43776997],entering,[-0.48080528  0.59740651 -0.20557775]
1149.3100407123566,1002,False,0,1,[2.893152   8.58563951 2.01763113],queued,[ 0.5677905  -0.59831228 -0.99408226]
1149.3100407123566,1003,False,3,5,[-2.8549113  -1.83056985  3.9566654 ],cruising,[ 0.63925976  0.24903542 -0.34837281]
1149.3100407123566,1004,False,5,4,[-0.8828536   6.87002008  3.99540651],cruising,[-0.62185191  0.08809385  0.93462812]
1149.3100407123566,1005,False,6,2,[ 2.22314546 -3.25790126  4.00000235],cruising,[ 0.50568378 -0.03156594 -0.11489306]
1149.4059779644012,1000,False,4,6,[-1.62030205 -3.70223514  3.99980134],cruising,[-0.82138112 -0.19970136 -0.21083176]
1149.4059779644012,1001,False,1,3,[6.89122406 1.22033102 3.51276997],entering,[-0.48080528  0.59740651 -0.20557775]
1149.4059779644012,1002,False,0,1,[2.893152   8.58563951 2.09263113],queued,[ 0.5677905  -0.59831228 -0.99408226]
1149.4059779644012,1003,False,3,5,[-2.90556246 -1.63708998  3.96316559],cruising,[ 0.63925976  0.24903542 -0.34837281]
1149.4059779644012,1004,False,5,4,[-0.70818015  6.77260761  3.99609553],cruising,[-0.62185191  0.08809385  0.93462812]
1149.4059779644012,1005,False,6,2,[ 2.0338149 -3.1934502  4.000002 ],cruising,[ 0.50568378 -0.03156594 -0.11489306]
1149.5090577602386,1000,False,4,6,[-1.81470373 -3.72007807  3.99984028],cruising,[-0.82138112 -0.19970136 -0.21083176]
1149.5090577602386,1001,False,1,3,[7.06906586 1.12883077 3.58585447],entering,[-0.48080528  0.59740651 -0.20557775]
1149.5090577602386,1002,False,0,1,[2.893152   8.58563951 2.16763113],queued,[ 0.5677905  -0.59831228 -0.99408226]
1149.5090577602386,1003,False,3,5,[-2.95970193 -1.44455708  3.96869075],cruising,[ 0.63925976  0.24903542 -0.34837281]
1149.5090577602386,1004,False,5,4,[-0.53517162  6.67226796  3.9966812 ],cruising,[-0.62185191  0.08809385  0.93462812]
1149.5090577602386,1005,False,6,2,[ 1.84321114 -3.13286797  4.0000017 ],cruising,[ 0.50568378 -0.03156594 -0.11489306]
1149.606015920639,1000,False,4,6,[-2.00611694 -3.71814554  3.9998769 ],cruising,[-0.82138112 -0.19970136 -0.21083176]
1149.606015920639,1001,False,1,3,[7.24064599 1.02606766 3.6479763 ],entering,[-0.48080528  0.59740651 -0.20557775]
1149.606015920639,1002,False,0,1,[2.893152   8.58563951 2.24263113],queued,[ 0.5677905  -0.59831228 -0.99408226]
1149.606015920639,1003,False,3,5,[-3.0177056  -1.25315287  3.97338714],cruising,[ 0.63925976  0.24903542 -0.34837281]
1149.606015920639,1004,False,5,4,[-0.36443801  6.56810446  3.99717902],cruising,[-0.62185191  0.08809385  0.93462812]
1149.606015920639,1005,False,6,2,[ 1.65114871 -3.07708247  4.00000145],cruising,[ 0.50568378 -0.03156594 -0.11489306]
1149.720463514328,1000,False,4,6,[-2.19190871 -3.69701927  3.9999112 ],cruising,[-0.82138112 -0.19970136 -0.21083176]
1149.720463514328,1001,False,1,3,[7.40445781 0.91132582 3.70077986],entering,[-0.48080528  0.59740651 -0.20557775]
1149.720463514328,1002,False,0,1,[2.893152   8.58563951 2.31763113],queued,[ 0.5677905  -0.59831228 -0.99408226]
1149.720463514328,1003,False,3,5,[-3.07997277 -1.06309288  3.97737907],cruising,[ 0.63925976  0.24903542 -0.34837281]
1149.720463514328,1004,False,5,4,[-0.19515974  6.46159217  3.99760217],cruising,[-0.62185191  0.08809385  0.93462812]
1149.720463514328,1005,False,6,2,[ 1.45743444 -3.02733527  4.00000123],cruising,[ 0.50568378 -0.03156594 -0.11489306]
1149.8159244060516,1000,False,4,6,[-2.36967872 -3.65757222  3.99994313],cruising,[-0.82138112 -0.19970136 -0.21083176]
1149.8159244060516,1001,False,1,3,[7.56009223 0.7857156  3.74566288],entering,[-0.48080528  0.59740651 -0.20557775]
1149.8159244060516,1002,False,0,1,[2.893152   8.58563951 2.39263113],entering,[ 0.5677905  -0.59831228 -0.99408226]
1149.8159244060516,1003,False,3,5,[-3.14580169 -0.87423697  3.98077221],cruising,[ 0.63925976  0.24903542 -0.34837281]
1149.8159244060516,1004,False,5,4,[-0.02630865  6.35440397  3.99796184],cruising,[-0.62185191  0.08809385  0.93462812]
1149.8159244060516,1005,False,6,2,[ 1.26189579 -2.98532769  4.00000104],cruising,[ 0.50568378 -0.03156594 -0.11489306]
1149.9067797660828,1000,False,4,6,[-2.53735718 -3.60085783  3.99997258],cruising,[-0.82138112 -0.19970136 -0.21083176]
1149.9067797660828,1001,False,1,3,[7.70424431 0.64707875 3.78381345],entering,[-0.48080528  0.59740651 -0.20557775]
1149.9067797660828,1002,False,0,1,[2.88953836 8.56596868 2.46763113],entering,[ 0.5677905  -0.59831228 -0.99408226]
1149.9067797660828,1003,False,3,5,[-3.21671779 -0.68723187  3.98365638],cruising,[ 0.63925976  0.24903542 -0.34837281]
1149.9067797660828,1004,False,5,4,[0.14221108 6.24669556 3.99826757],cruising,[-0.62185191  0.08809385  0.93462812]
1149.9067797660828,1005,False,6,2,[ 1.06445415 -2.95344043  4.00000089],cruising,[ 0.50568378 -0.03156594 -0.11489306]
1150.0078597068787,1000,False,4,6,[-2.69302932 -3.52814819  3.99999945],cruising,[-0.82138112 -0.19970136 -0.21083176]
1150.0078597068787,1001,False,1,3,[7.83492498 0.49567676 3.81624143],entering,[-0.48080528  0.59740651 -0.20557775]
1150.0078597068787,1002,False,0,1,[2.88233561 8.52662253 2.54263113],entering,[ 0.5677905  -0.59831228 -0.99408226]
1150.0078597068787,1003,False,3,5,[-3.29313526 -0.50240663  3.98610792],cruising,[ 0.63925976  0.24903542 -0.34837281]
1150.0078597068787,1004,False,5,4,[0.31098712 6.13938923 3.99852743],cruising,[-0.62185191  0.08809385  0.93462812]
1150.0078597068787,1005,False,6,2,[ 0.86485773 -2.94143675  4.00000075],cruising,[ 0.50568378 -0.03156594 -0.11489306]
1150.116456270218,1000,False,4,6,[-2.83503905 -3.44083243  4.00002363],cruising,[-0.82138112 -0.19970136 -0.21083176]
1150.116456270218,1001,False,1,3,[7.95042572 0.33239915 3.84380521],entering,[-0.48080528  0.59740651 -0.20557775]
1150.116456270218,1002,False,0,1,[2.87178994 8.46755773 2.61763113],entering,[ 0.5677905  -0.59831228 -0.99408226]
1150.116456270218,1003,False,3,5,[-3.37543885 -0.3201263   3.98819173],cruising,[ 0.63925976  0.24903542 -0.34837281]
1150.116456270218,1004,False,5,4,[0.48027437 6.03289122 3.99874832],cruising,[-0.62185191  0.08809385  0.93462812]
1150.116456270218,1005,False,6,2,[ 0.66490561 -2.94581271  4.00000064],cruising,[ 0.50568378 -0.03156594 -0.11489306]
1150.2136685848236,1000,False,4,6,[-2.96190794 -3.34044936  4.00004497],cruising,[-0.82138112 -0.19970136 -0.21083176]
1150.2136685848236,1001,False,1,3,[8.04964319 0.15874462 3.86723443],cruising,[-0.48080528  0.59740651 -0.20557775]
1150.2136685848236,1002,False,0,1,[2.85807754 8.38874523 2.69263113],entering,[ 0.5677905  -0.59831228 -0.99408226]
1150.2136685848236,1003,False,3,5,[-3.46207426 -0.13986453  3.98996297],cruising,[ 0.63925976  0.24903542 -0.34837281]
1150.2136685848236,1004,False,5,4,[0.65070623 5.92823473 3.99893607],cruising,[-0.62185191  0.08809385  0.93462812]
1150.2136685848236,1005,False,6,2,[ 0.46540462 -2.95993198  4.00000054],cruising,[ 0.50568378 -0.03156594 -0.11489306]
1150.3065965175629,1000,False,4,6,[-3.07239178 -3.22859761  4.00006333],cruising,[-0.82138112 -0.19970136 -0.21083176]
1150.3065965175629,1001,False,1,3,[ 8.13126073 -0.02379521  3.88730304],cruising,[-0.48080528  0.59740651 -0.20557775]
1150.3065965175629,1002,False,0,1,[2.84143651 8.29014832 2.76763113],entering,[ 0.5677905  -0.59831228 -0.99408226]
1150.3065965175629,1003,False,3,5,[-3.5556446   0.03689687  3.99146853],cruising,[ 0.63925976  0.24903542 -0.34837281]
1150.3065965175629,1004,False,5,4,[0.82226462 5.82543533 3.99909566],cruising,[-0.62185191  0.08809385  0.93462812]
1150.3065965175629,1005,False,6,2,[ 0.26755844 -2.98920467  4.00000046],cruising,[ 0.50568378 -0.03156594 -0.11489306]
1150.4064543247223,1000,False,4,6,[-3.16539582 -3.10702699  4.00007851],cruising,[-0.82138112 -0.19970136 -0.21083176]
1150.4064543247223,1001,False,1,3,[ 8.19617155 -0.21296864  3.90420759],cruising,[-0.48080528  0.59740651 -0.20557775]
1150.4064543247223,1002,False,0,1,[2.82279351 8.17165185 2.84263113],entering,[ 0.5677905  -0.59831228 -0.99408226]
1150.4064543247223,1003,False,3,5,[-3.65526667  0.2103196   3.99274825],cruising,[ 0.63925976  0.24903542 -0.34837281]
1150.4064543247223,1004,False,5,4,[0.99586827 5.72612886 3.99923131],cruising,[-0.62185191  0.08809385  0.93462812]
1150.4064543247223,1005,False,6,2,[ 0.07333643 -3.03693108  4.00000039],cruising,[ 0.50568378 -0.03156594 -0.11489306]
1150.5089151859283,1000,False,4,6,[-3.24037503 -2.97679004  4.0000904 ],cruising,[-0.82138112 -0.19970136 -0.21083176]
1150.5089151859283,1001,False,1,3,[ 8.24656902 -0.40651474  3.91857645],cruising,[-0.48080528  0.59740651 -0.20557775]
1150.5089151859283,1002,False,0,1,[2.80332682 8.03317235 2.91763113],entering,[ 0.5677905  -0.59831228 -0.99408226]
1150.5089151859283,1003,False,3,5,[-3.76170127  0.37964672  3.99383601],cruising,[ 0.63925976  0.24903542 -0.34837281]
1150.5089151859283,1004,False,5,4,[1.17109932 5.62972305 3.99934661],cruising,[-0.62185191  0.08809385  0.93462812]
1150.5089151859283,1005,False,6,2,[-0.11763345 -3.09634912  4.00000033],cruising,[ 0.50568378 -0.03156594 -0.11489306]
1150.6203339099884,1000,False,4,6,[-3.29706853 -2.83845169  4.00009886],cruising,[-0.82138112 -0.19970136 -0.21083176]
1150.6203339099884,1001,False,1,3,[ 8.28402073 -0.60297687  3.93078998],cruising,[-0.48080528  0.59740651 -0.20557775]
1150.6203339099884,1002,False,0,1,[2.78481525 7.87471567 2.99263113],entering,[ 0.5677905  -0.59831228 -0.99408226]
1150.6203339099884,1003,False,3,5,[-3.87127177  0.54696171  3.99476061],cruising,[ 0.63925976  0.24903542 -0.34837281]
1150.6203339099884,1004,False,5,4,[1.34818931 5.53677611 3.99944462],cruising,[-0.62185191  0.08809385  0.93462812]
1150.6203339099884,1005,False,6,2,[-0.30506112 -3.16614076  4.00000028],cruising,[ 0.50568378 -0.03156594 -0.11489306]
1150.7074127197266,1000,False,4,6,[-3.33530555 -2.69240889  4.00010379],cruising,[-0.82138112 -0.19970136 -0.21083176]
1150.7074127197266,1001,False,1,3,[ 8.31016627 -0.80126054  3.94117148],cruising,[-0.48080528  0.59740651 -0.20557775]
1150.7074127197266,1002,False,0,1,[2.76885359 7.69642221 3.06763113],entering,[ 0.5677905  -0.59831228 -0.99408226]
1150.7074127197266,1003,False,3,5,[-3.98330863  0.71263531  3.99554652],cruising,[ 0.63925976  0.24903542 -0.34837281]
1150.7074127197266,1004,False,5,4,[1.52832452 5.44987785 3.99952793],cruising,[-0.62185191  0.08809385  0.93462812]
1150.7074127197266,1005,False,6,2,[-0.48788578 -3.24722801  4.00000024],cruising,[ 0.50568378 -0.03156594 -0.11489306]
1150.8061311244965,1000,False,4,6,[-3.35497098 -2.53894341  4.00010512],cruising,[-0.82138112 -0.19970136 -0.21083176]
1150.8061311244965,1001,False,1,3,[ 8.3244086  -1.00075278  3.94999576],cruising,[-0.48080528  0.59740651 -0.20557775]
1150.8061311244965,1002,False,0,1,[2.76302373 7.500885   3.14263113],entering,[ 0.5677905  -0.59831228 -0.99408226]
1150.8061311244965,1003,False,3,5,[-4.09723902  0.87701252  3.99621454],cruising,[ 0.63925976  0.24903542 -0.34837281]
1150.8061311244965,1004,False,5,4,[1.71058725 5.3675353  3.99959874],cruising,[-0.62185191  0.08809385  0.93462812]
1150.8061311244965,1005,False,6,2,[-0.66729699 -3.33561136  4.00000021],cruising,[ 0.50568378 -0.03156594 -0.11489306]
1150.9176754951477,1000,False,4,6,[-3.35616932 -2.37779898  4.00010275],cruising,[-0.82138112 -0.19970136 -0.21083176]
1150.9176754951477,1001,False,1,3,[ 8.33052704 -1.20065917  3.9574964 ],cruising,[-0.48080528  0.59740651 -0.20557775]
1150.9176754951477,1002,False,0,1,[2.76798587 7.30094657 3.21763113],entering,[ 0.5677905  -0.59831228 -0.99408226]
1150.9176754951477,1003,False,3,5,[-4.21257285  1.04040808  3.99678236],cruising,[ 0.63925976  0.24903542 -0.34837281]
1150.9176754951477,1004,False,5,4,[1.8951226  5.29042041 3.99965893],cruising,[-0.62185191  0.08809385  0.93462812]
1150.9176754951477,1005,False,6,2,[-0.84513631 -3.42711642  4.00000017],cruising,[ 0.50568378 -0.03156594 -0.11489306]
1151.0156548023224,1000,False,4,6,[-3.33929748 -2.20808315  4.00009658],cruising,[-0.82138112 -0.19970136 -0.21083176]
1151.0156548023224,1001,False,1,3,[ 8.32957225 -1.40065689  3.96387194],cruising,[-0.48080528  0.59740651 -0.20557775]
1151.0156548023224,1002,False,0,1,[2.78653199 7.10180832 3.29263113],entering,[ 0.5677905  -0.59831228 -0.99408226]
1151.0156548023224,1003,False,3,5,[-4.32888862  1.20310608  3.99726501],cruising,[ 0.63925976  0.24903542 -0.34837281]
1151.0156548023224,1004,False,5,4,[2.08310802 5.22214536 3.99971009],cruising,[-0.62185191  0.08809385  0.93462812]
1151.0156548023224,1005,False,6,2,[-1.02425791 -3.51608526  4.00000015],cruising,[ 0.50568378 -0.03156594 -0.11489306]
1151.105883359909,1000,False,4,6,[-3.30561146 -2.02753758  4.00008652],cruising,[-0.82138112 -0.19970136 -0.21083176]
1151.105883359909,1001,False,1,3,[ 8.32009672 -1.6004323   3.96929115],cruising,[-0.48080528  0.59740651 -0.20557775]
1151.105883359909,1002,False,0,1,[2.82193512 6.90496671 3.36763113],entering,[ 0.5677905  -0.59831228 -0.99408226]
1151.105883359909,1003,False,3,5,[-4.44582021  1.36536207  3.99767525],cruising,[ 0.63925976  0.24903542 -0.34837281]
1151.105883359909,1004,False,5,4,[2.2736357  5.1613243  3.99975358],cruising,[-0.62185191  0.08809385  0.93462812]
1151.105883359909,1005,False,6,2,[-1.20752017 -3.59617859  4.00000013],cruising,[ 0.50568378 -0.03156594 -0.11489306]
1151.2189536094666,1000,False,4,6,[-3.2654678  -1.83160779  4.00007354],cruising,[-0.82138112 -0.19970136 -0.21083176]
1151.2189536094666,1001,False,1,3,[ 8.30533872 -1.79988706  3.97389748],cruising,[-0.48080528  0.59740651 -0.20557775]
1151.2189536094666,1002,False,0,1,[2.86926694 6.71064817 3.44263113],entering,[ 0.5677905  -0.59831228 -0.99408226]
1151.2189536094666,1003,False,3,5,[-4.56304479  1.5274065   3.99802397],cruising,[ 0.63925976  0.24903542 -0.34837281]
1151.2189536094666,1004,False,5,4,[2.4672057  5.11101869 3.99979054],cruising,[-0.62185191  0.08809385  0.93462812]
1151.2189536094666,1005,False,6,2,[-1.39769418 -3.65750418  4.00000011],cruising,[ 0.50568378 -0.03156594 -0.11489306]
1151.3063251972198,1000,False,4,6,[-3.24184829 -1.63300739  4.00006251],cruising,[-0.82138112 -0.19970136 -0.21083176]
1151.3063251972198,1001,False,1,3,[ 8.28571148 -1.99892166  3.97781285],cruising,[-0.48080528  0.59740651 -0.20557775]
1151.3063251972198,1002,False,0,1,[2.93276528 6.52099595 3.51763113],entering,[ 0.5677905  -0.59831228 -0.99408226]
1151.3063251972198,1003,False,3,5,[-4.68024347  1.68946966  3.99832037],cruising,[ 0.63925976  0.24903542 -0.34837281]
1151.3063251972198,1004,False,5,4,[2.66288912 5.06969075 3.99982196],cruising,[-0.62185191  0.08809385  0.93462812]
1151.3063251972198,1005,False,6,2,[-1.59162784 -3.69918633  4.00000009],cruising,[ 0.50568378 -0.03156594 -0.11489306]
1151.4063475131989,1000,False,4,6,[-3.23422232 -1.43315283  4.00005313],cruising,[-0.82138112 -0.19970136 -0.21083176]
1151.4063475131989,1001,False,1,3,[ 8.25887241 -2.19711264  3.98114093],cruising,[-0.48080528  0.59740651 -0.20557775]
1151.4063475131989,1002,False,0,1,[3.00895888 6.33607831 3.58998646],entering,[ 0.5677905  -0.59831228 -0.99408226]
1151.4063475131989,1003,False,3,5,[-4.79732057  1.85162068  3.99857232],cruising,[ 0.63925976  0.24903542 -0.34837281]
1151.4063475131989,1004,False,5,4,[2.86000879 5.03587008 3.99984866],cruising,[-0.62185191  0.08809385  0.93462812]
1151.4063475131989,1005,False,6,2,[-1.78620652 -3.72087888  4.00000007],cruising,[ 0.50568378 -0.03156594 -0.11489306]
1151.5152173042297,1000,False,4,6,[-3.24216255 -1.23331051  4.00004516],cruising,[-0.82138112 -0.19970136 -0.21083176]
1151.5152173042297,1001,False,1,3,[ 8.22792052 -2.39470308  3.98396979],cruising,[-0.48080528  0.59740651 -0.20557775]
1151.5152173042297,1002,False,0,1,[3.10059979 6.15833788 3.65185999],entering,[ 0.5677905  -0.59831228 -0.99408226]
1151.5152173042297,1003,False,3,5,[-4.91398476  2.01406903  3.99878647],cruising,[ 0.63925976  0.24903542 -0.34837281]
1151.5152173042297,1004,False,5,4,[3.05808569 5.00820164 3.99987136],cruising,[-0.62185191  0.08809385  0.93462812]
1151.5152173042297,1005,False,6,2,[-1.978429   -3.72271071  4.00000006],cruising,[ 0.50568378 -0.03156594 -0.11489306]
1151.6155529022217,1000,False,4,6,[-3.26462752 -1.0345762   4.00003839],cruising,[-0.82138112 -0.19970136 -0.21083176]
1151.6155529022217,1001,False,1,3,[ 8.19285408 -2.59160494  3.98637432],cruising,[-0.48080528  0.59740651 -0.20557775]
1151.6155529022217,1002,False,0,1,[3.20639845 5.98861268 3.70408099],entering,[ 0.5677905  -0.59831228 -0.99408226]
1151.6155529022217,1003,False,3,5,[-5.02996094  2.17700928  3.9989685 ],cruising,[ 0.63925976  0.24903542 -0.34837281]
1151.6155529022217,1004,False,5,4,[3.25678904 4.98546453 3.99989066],cruising,[-0.62185191  0.08809385  0.93462812]
1151.6155529022217,1005,False,6,2,[-2.16539596 -3.7052454   4.00000004],cruising,[ 0.50568378 -0.03156594 -0.11489306]
1151.7120468616486,1000,False,4,6,[-3.30044777 -0.83781007  4.00003263],cruising,[-0.82138112 -0.19970136 -0.21083176]
1151.7120468616486,1001,False,1,3,[ 8.1503177  -2.78702924  3.98841817],cruising,[-0.48080528  0.59740651 -0.20557775]
1151.7120468616486,1002,False,0,1,[3.32741573 5.82941574 3.74871587],entering,[ 0.5677905  -0.59831228 -0.99408226]
1151.7120468616486,1003,False,3,5,[-5.1449795   2.34062692  3.99912322],cruising,[ 0.63925976  0.24903542 -0.34837281]
1151.7120468616486,1004,False,5,4,[3.45589474 4.96657219 3.99990706],cruising,[-0.62185191  0.08809385  0.93462812]
1151.7120468616486,1005,False,6,2,[-2.34477993 -3.66927339  4.00000003],cruising,[ 0.50568378 -0.03156594 -0.11489306]
1151.80664229393,1000,False,4,6,[-3.34701386 -0.6433066   4.00002774],cruising,[-0.82138112 -0.19970136 -0.21083176]
1151.80664229393,1001,False,1,3,[ 8.10375058 -2.98153246  3.99015545],cruising,[-0.48080528  0.59740651 -0.20557775]
1151.80664229393,1002,False,0,1,[3.46260287 5.68202362 3.78640849],entering,[ 0.5677905  -0.59831228 -0.99408226]
1151.80664229393,1003,False,3,5,[-5.25937924  2.50467783  3.99925474],cruising,[ 0.63925976  0.24903542 -0.34837281]
1151.80664229393,1004,False,5,4,[3.65525291 4.9505622  3.999921  ],cruising,[-0.62185191  0.08809385  0.93462812]
1151.80664229393,1005,False,6,2,[-2.51439241 -3.61585092  4.00000001],cruising,[ 0.50568378 -0.03156594 -0.11489306]
1151.9056012630463,1000,False,4,6,[-3.40498101 -0.45189132  4.00002358],cruising,[-0.82138112 -0.19970136 -0.21083176]
1151.9056012630463,1001,False,1,3,[ 8.04891793 -3.1738691   3.99163213],cruising,[-0.48080528  0.59740651 -0.20557775]
1151.9056012630463,1002,False,0,1,[3.61130659 5.54834094 3.81868325],entering,[ 0.5677905  -0.59831228 -0.99408226]
1151.9056012630463,1003,False,3,5,[-5.37227312  2.66976862  3.99936653],cruising,[ 0.63925976  0.24903542 -0.34837281]
1151.9056012630463,1004,False,5,4,[3.85476361 4.93658067 3.99993285],cruising,[-0.62185191  0.08809385  0.93462812]
1151.9056012630463,1005,False,6,2,[-2.67224041 -3.5462545   4.        ],cruising,[ 0.50568378 -0.03156594 -0.11489306]
1152.0141167640686,1000,False,4,6,[-3.47358019 -0.26402394  4.00002004],cruising,[-0.82138112 -0.19970136 -0.21083176]
1152.0141167640686,1001,False,1,3,[ 7.98538595 -3.36351004  3.99288731],cruising,[-0.48080528  0.59740651 -0.20557775]
1152.0141167640686,1002,False,0,1,[3.77226362 5.42963275 3.84589629],cruising,[ 0.5677905  -0.59831228 -0.99408226]
1152.0141167640686,1003,False,3,5,[-5.48335009  2.83608731  3.99946155],cruising,[ 0.63925976  0.24903542 -0.34837281]
1152.0141167640686,1004,False,5,4,[4.05435894 4.92386441 3.99994292],cruising,[-0.62185191  0.08809385  0.93462812]
1152.0141167640686,1005,False,6,2,[-2.81664687 -3.46184846  3.99999999],cruising,[ 0.50568378 -0.03156594 -0.11489306]
1152.109102010727,1000,False,4,6,[-3.5501368  -0.07925629  4.00001703],cruising,[-0.82138112 -0.19970136 -0.21083176]
1152.109102010727,1001,False,1,3,[ 7.91706839 -3.55148002  3.99395421],cruising,[-0.48080528  0.59740651 -0.20557775]
1152.109102010727,1002,False,0,1,[3.94372202 5.32666665 3.86901185],cruising,[ 0.5677905  -0.59831228 -0.99408226]
1152.109102010727,1003,False,3,5,[-5.59226314  3.00383101  3.99954232],cruising,[ 0.63925976  0.24903542 -0.34837281]
1152.109102010727,1004,False,5,4,[4.25399004 4.91172263 3.99995149],cruising,[-0.62185191  0.08809385  0.93462812]
1152.109102010727,1005,False,6,2,[-2.94615898 -3.3640948   3.99999998],cruising,[ 0.50568378 -0.03156594 -0.11489306]
1152.2207925319672,1000,False,4,6,[-3.63743055  0.1006876   4.00001448],cruising,[-0.82138112 -0.19970136 -0.21083176]
1152.2207925319672,1001,False,1,3,[ 7.83762759 -3.73502608  3.99486108],cruising,[-0.48080528  0.59740651 -0.20557775]
1152.2207925319672,1002,False,0,1,[4.1230202  5.23805422 3.88866007],cruising,[ 0.5677905  -0.59831228 -0.99408226]
1152.2207925319672,1003,False,3,5,[-5.69861376  3.17321089  3.99961097],cruising,[ 0.63925976  0.24903542 -0.34837281]
1152.2207925319672,1004,False,5,4,[4.45361298 4.89944742 3.99995876],cruising,[-0.62185191  0.08809385  0.93462812]
1152.2207925319672,1005,False,6,2,[-3.05947557 -3.25460638  3.99999997],cruising,[ 0.50568378 -0.03156594 -0.11489306]
1152.3127958774567,1000,False,4,6,[-3.73236748  0.27671878  4.00001231],cruising,[-0.82138112 -0.19970136 -0.21083176]
1152.3127958774567,1001,False,1,3,[ 7.74559636 -3.91259368  3.99563192],cruising,[-0.48080528  0.59740651 -0.20557775]
1152.3127958774567,1002,False,0,1,[4.30844385 5.16310043 3.90536106],cruising,[ 0.5677905  -0.59831228 -0.99408226]
1152.3127958774567,1003,False,3,5,[-5.80193281  3.34445684  3.99966932],cruising,[ 0.63925976  0.24903542 -0.34837281]
1152.3127958774567,1004,False,5,4,[4.65321541 4.88684298 3.99996495],cruising,[-0.62185191  0.08809385  0.93462812]
1152.3127958774567,1005,False,6,2,[-3.15549759 -3.13507317  3.99999997],cruising,[ 0.50568378 -0.03156594 -0.11489306]
1152.4170336723328,1000,False,4,6,[-3.8350239   0.44836277  4.00001046],cruising,[-0.82138112 -0.19970136 -0.21083176]
1152.4170336723328,1001,False,1,3,[ 7.6389283  -4.08177384  3.99628713],cruising,[-0.48080528  0.59740651 -0.20557775]
1152.4170336723328,1002,False,0,1,[4.49812094 5.09967646 3.9195569 ],cruising,[ 0.5677905  -0.59831228 -0.99408226]
1152.4170336723328,1003,False,3,5,[-5.90165625  3.5178213   3.99971893],cruising,[ 0.63925976  0.24903542 -0.34837281]
1152.4170336723328,1004,False,5,4,[4.85275275 4.87324709 3.99997021],cruising,[-0.62185191  0.08809385  0.93462812]
1152.4170336723328,1005,False,6,2,[-3.23360468 -3.00664863  3.99999996],cruising,[ 0.50568378 -0.03156594 -0.11489306]
1152.5063054561615,1000,False,4,6,[-3.94165621  0.61756546  4.00000889],cruising,[-0.82138112 -0.19970136 -0.21083176]
1152.5063054561615,1001,False,1,3,[ 7.51592829 -4.23941023  3.99684913],cruising,[-0.48080528  0.59740651 -0.20557775]
1152.5063054561615,1002,False,0,1,[4.69063765 5.04547946 3.93162337],cruising,[ 0.5677905  -0.59831228 -0.99408226]
1152.5063054561615,1003,False,3,5,[-5.99709342  3.69358178  3.99976109],cruising,[ 0.63925976  0.24903542 -0.34837281]
1152.5063054561615,1004,False,5,4,[5.05217268 4.85802557 3.99997468],cruising,[-0.62185191  0.08809385  0.93462812]
1152.5063054561615,1005,False,6,2,[-3.29342332 -2.87012889  3.99999996],cruising,[ 0.50568378 -0.03156594 -0.11489306]
1152.6058042049408,1000,False,4,6,[-4.05137866  0.78478084  4.00000756],cruising,[-0.82138112 -0.19970136 -0.21083176]
1152.6058042049408,1001,False,1,3,[ 7.37857824 -4.38311556  3.99737016],cruising,[-0.48080528  0.59740651 -0.20557775]
1152.6058042049408,1002,False,0,1,[4.88511513 4.99880494 3.94187986],cruising,[ 0.5677905  -0.59831228 -0.99408226]
1152.6058042049408,1003,False,3,5,[-6.08738509  3.87204022  3.99979692],cruising,[ 0.63925976  0.24903542 -0.34837281]
1152.6058042049408,1004,False,5,4,[5.2514079  4.84055201 3.99997847],cruising,[-0.62185191  0.08809385  0.93462812]
1152.6058042049408,1005,False,6,2,[-3.33477995 -2.72591798  3.99999996],cruising,[ 0.50568378 -0.03156594 -0.11489306]
1152.7100911140442,1000,False,4,6,[-4.16345659  0.95042667  4.00000642],cruising,[-0.82138112 -0.19970136 -0.21083176]
1152.7100911140442,1001,False,1,3,[ 7.22865988 -4.51126337  3.99785079],cruising,[-0.48080528  0.59740651 -0.20557775]
1152.7100911140442,1002,False,0,1,[5.08074036 4.95720243 3.95059788],cruising,[ 0.5677905  -0.59831228 -0.99408226]
1152.7100911140442,1003,False,3,5,[-6.17144726  4.05351625  3.99982739],cruising,[ 0.63925976  0.24903542 -0.34837281]
1152.7100911140442,1004,False,5,4,[5.45050965 4.82161805 3.9999817 ],cruising,[-0.62185191  0.08809385  0.93462812]
1152.7100911140442,1005,False,6,2,[-3.35760177 -2.57419301  3.99999995],cruising,[ 0.50568378 -0.03156594 -0.11489306]
1152.8062286376953,1000,False,4,6,[-4.27727787  1.11487944  4.00000546],cruising,[-0.82138112 -0.19970136 -0.21083176]
1152.8062286376953,1001,False,1,3,[ 7.06819494 -4.62241801  3.99829235],cruising,[-0.48080528  0.59740651 -0.20557775]
1152.8062286376953,1002,False,0,1,[5.27700827 4.91874587 3.9580082 ],cruising,[ 0.5677905  -0.59831228 -0.99408226]
1152.8062286376953,1003,False,3,5,[-6.247896    4.23832856  3.99985328],cruising,[ 0.63925976  0.24903542 -0.34837281]
1152.8062286376953,1004,False,5,4,[5.64924533 4.79916529 3.99998445],cruising,[-0.62185191  0.08809385  0.93462812]
1152.8062286376953,1005,False,6,2,[-3.36189221 -2.41494555  3.99999996],cruising,[ 0.50568378 -0.03156594 -0.11489306]
1152.9167907238007,1000,False,4,6,[-4.39232819  1.27847475  4.00000464],cruising,[-0.82138112 -0.19970136 -0.21083176]
1152.9167907238007,1001,False,1,3,[ 6.89934604 -4.71541479  3.99869584],cruising,[-0.48080528  0.59740651 -0.20557775]
1152.9167907238007,1002,False,0,1,[5.47355041 4.88171629 3.96430697],cruising,[ 0.5677905  -0.59831228 -0.99408226]
1152.9167907238007,1003,False,3,5,[-6.31494809  4.42675366  3.99987529],cruising,[ 0.63925976  0.24903542 -0.34837281]
1152.9167907238007,1004,False,5,4,[5.84745802 4.77248703 3.99998678],cruising,[-0.62185191  0.08809385  0.93462812]
1152.9167907238007,1005,False,6,2,[-3.34797281 -2.24742758  3.99999996],cruising,[ 0.50568378 -0.03156594 -0.11489306]
1153.0098774433136,1000,False,4,6,[-4.50816994  1.4415106   4.00000395],cruising,[-0.82138112 -0.19970136 -0.21083176]
1153.0098774433136,1001,False,1,3,[ 6.72433329 -4.78938513  3.99906156],cruising,[-0.48080528  0.59740651 -0.20557775]
1153.0098774433136,1002,False,0,1,[5.67039785 4.8463456  3.96966092],cruising,[ 0.5677905  -0.59831228 -0.99408226]
1153.0098774433136,1003,False,3,5,[-6.36396974  4.6206528   3.99989399],exiting,[ 0.63925976  0.24903542 -0.34837281]
1153.0098774433136,1004,False,5,4,[6.04493454 4.74081646 3.99998876],cruising,[-0.62185191  0.08809385  0.93462812]
1153.0098774433136,1005,False,6,2,[-3.31687374 -2.06966951  3.99999996],cruising,[ 0.50568378 -0.03156594 -0.11489306]
1153.1169126033783,1000,False,4,6,[-4.62442448  1.60425237  4.00000335],cruising,[-0.82138112 -0.19970136 -0.21083176]
1153.1169126033783,1001,False,1,3,[ 6.54540359 -4.84374282  3.99938928],cruising,[-0.48080528  0.59740651 -0.20557775]
1153.1169126033783,1002,False,0,1,[5.8669582  4.80941284 3.97421179],cruising,[ 0.5677905  -0.59831228 -0.99408226]
1153.1169126033783,1003,False,3,5,[-6.41498898  4.79465195  3.99991273],exiting,[ 0.63925976  0.24903542 -0.34837281]
1153.1169126033783,1004,False,5,4,[6.24138585 4.703308   3.99999045],cruising,[-0.62185191  0.08809385  0.93462812]
1153.1169126033783,1005,False,6,2,[-3.27397176 -1.87576552  3.99999997],cruising,[ 0.50568378 -0.03156594 -0.11489306]
1153.2071380615234,1000,False,4,6,[-4.74079806  1.76690903  4.00000285],cruising,[-0.82138112 -0.19970136 -0.21083176]
1153.2071380615234,1001,False,1,3,[ 6.36482065 -4.87816899  3.99967818],cruising,[-0.48080528  0.59740651 -0.20557775]
1153.2071380615234,1002,False,0,1,[6.06295441 4.76959469 3.97808002],cruising,[ 0.5677905  -0.59831228 -0.99408226]
1153.2071380615234,1003,False,3,5,[-6.46824238  4.94877628  3.99993094],exiting,[ 0.63925976  0.24903542 -0.34837281]
1153.2071380615234,1004,False,5,4,[6.43642072 4.65902033 3.99999188],cruising,[-0.62185191  0.08809385  0.93462812]
1153.2071380615234,1005,False,6,2,[-3.24643255 -1.67767061  3.99999997],cruising,[ 0.50568378 -0.03156594 -0.11489306]
1153.3355193138123,1000,False,4,6,[-4.8570699   1.92963843  4.00000242],cruising,[-0.82138112 -0.19970136 -0.21083176]
1153.3355193138123,1001,False,1,3,[ 6.18421622 -4.89259521  3.999927  ],cruising,[-0.48080528  0.59740651 -0.20557775]
1153.3355193138123,1002,False,0,1,[6.25805638 4.72560353 3.98136802],cruising,[ 0.5677905  -0.59831228 -0.99408226]
1153.3355193138123,1003,False,3,5,[-6.52404663  5.08306395  3.99994778],exiting,[ 0.63925976  0.24903542 -0.34837281]
1153.3355193138123,1004,False,5,4,[6.62951078 4.60690287 3.9999931 ],cruising,[-0.62185191  0.08809385  0.93462812]
1153.3355193138123,1005,False,6,2,[-3.23537757 -1.47797638  3.99999998],cruising,[ 0.50568378 -0.03156594 -0.11489306]
1153.4359896183014,1000,False,4,6,[-4.97292281  2.09266635  4.00000206],cruising,[-0.82138112 -0.19970136 -0.21083176]
1153.4359896183014,1001,False,1,3,[ 6.00449461 -4.88704098  4.00013258],cruising,[-0.48080528  0.59740651 -0.20557775]
1153.4359896183014,1002,False,0,1,[6.45184527 4.67614783 3.98416281],cruising,[ 0.5677905  -0.59831228 -0.99408226]
1153.4359896183014,1003,False,3,5,[-6.58277072  5.1975659   3.99996212],exiting,[ 0.63925976  0.24903542 -0.34837281]
1153.4359896183014,1004,False,5,4,[6.81994503 4.5457899  3.99999413],cruising,[-0.62185191  0.08809385  0.93462812]
1153.4359896183014,1005,False,6,2,[-3.24024447 -1.2780356   3.99999998],cruising,[ 0.50568378 -0.03156594 -0.11489306]
1153.5366432666779,1000,False,4,6,[-5.08805811  2.25620186  4.00000175],cruising,[-0.82138112 -0.19970136 -0.21083176]
1153.5366432666779,1001,False,1,3,[ 5.82683829 -4.86159371  4.00029376],cruising,[-0.48080528  0.59740651 -0.20557775]
1153.5366432666779,1002,False,0,1,[6.6437729  4.61990031 3.98653839],cruising,[ 0.5677905  -0.59831228 -0.99408226]
1153.5366432666779,1003,False,3,5,[-6.64473583  5.29233221  3.99997267],exiting,[ 0.63925976  0.24903542 -0.34837281]
1153.5366432666779,1004,False,5,4,[7.00677311 4.47440875 3.99999501],cruising,[-0.62185191  0.08809385  0.93462812]
1153.5366432666779,1005,False,6,2,[-3.25902262 -1.0789191   3.99999998],cruising,[ 0.50568378 -0.03156594 -0.11489306]
1153.6358029842377,1000,False,4,6,[-5.20272595  2.42006549  4.00000149],cruising,[-0.82138112 -0.19970136 -0.21083176]
1153.6358029842377,1001,False,1,3,[ 5.65175822 -4.81631313  4.00040718],cruising,[-0.48080528  0.59740651 -0.20557775]
1153.6358029842377,1002,False,0,1,[6.83311297 4.55547719 3.98855763],cruising,[ 0.5677905  -0.59831228 -0.99408226]
1153.6358029842377,1003,False,3,5,[-6.71017708  5.36794598  3.99997772],exiting,[ 0.63925976  0.24903542 -0.34837281]
1153.6358029842377,1004,False,5,4,[7.1887389  4.39141206 3.99999576],cruising,[-0.62185191  0.08809385  0.93462812]
1153.6358029842377,1005,False,6,2,[-3.29143567 -0.88156309  3.99999999],cruising,[ 0.50568378 -0.03156594 -0.11489306]
1153.7511632442474,1000,False,4,6,[-5.31611361  2.58481754  4.00000126],cruising,[-0.82138112 -0.19970136 -0.21083176]
1153.7511632442474,1001,False,1,3,[ 5.47996339 -4.75130427  4.00047143],cruising,[-0.48080528  0.59740651 -0.20557775]
1153.7511632442474,1002,False,0,1,[7.01890235 4.4814346  3.99027399],cruising,[ 0.5677905  -0.59831228 -0.99408226]
1153.7511632442474,1003,False,3,5,[-6.77561834  5.44355975  3.99998187],exiting,[ 0.63925976  0.24903542 -0.34837281]
1153.7511632442474,1004,False,5,4,[7.36421217 4.29544783 3.9999964 ],cruising,[-0.62185191  0.08809385  0.93462812]
1153.7511632442474,1005,False,6,2,[-3.33636172 -0.68667428  3.99999999],cruising,[ 0.50568378 -0.03156594 -0.11489306]
1153.8358347415924,1000,False,4,6,[-5.42790702  2.75065551  4.00000108],cruising,[-0.82138112 -0.19970136 -0.21083176]
1153.8358347415924,1001,False,1,3,[ 5.31120793 -4.66652778  4.00048136],cruising,[-0.48080528  0.59740651 -0.20557775]
1153.8358347415924,1002,False,0,1,[7.19987384 4.39629166 3.99173289],cruising,[ 0.5677905  -0.59831228 -0.99408226]
1153.8358347415924,1003,False,3,5,[-6.84105959  5.51917352  3.99998527],exiting,[ 0.63925976  0.24903542 -0.34837281]
1153.8358347415924,1004,False,5,4,[7.5290126  4.18256938 3.99999696],cruising,[-0.62185191  0.08809385  0.93462812]
1153.8358347415924,1005,False,6,2,[-3.39114675 -0.49432408  3.99999999],cruising,[ 0.50568378 -0.03156594 -0.11489306]
1153.9360880851746,1000,False,4,6,[-5.53776643  2.91778094  4.00000091],cruising,[-0.82138112 -0.19970136 -0.21083176]
1153.9360880851746,1001,False,1,3,[ 5.1448965  -4.56190127  4.00043255],cruising,[-0.48080528  0.59740651 -0.20557775]
1153.9360880851746,1002,False,0,1,[7.37438752 4.29859327 3.99297296],cruising,[ 0.5677905  -0.59831228 -0.99408226]
1153.9360880851746,1003,False,3,5,[-6.90650085  5.59478729  3.99998805],exiting,[ 0.63925976  0.24903542 -0.34837281]
1153.9360880851746,1004,False,5,4,[7.68170231 4.05377458 3.99999743],cruising,[-0.62185191  0.08809385  0.93462812]
1153.9360880851746,1005,False,6,2,[-3.4568072  -0.30540953  3.99999999],cruising,[ 0.50568378 -0.03156594 -0.11489306]
1154.035758972168,1000,False,4,6,[-5.64531145  3.08640499  4.00000078],cruising,[-0.82138112 -0.19970136 -0.21083176]
1154.035758972168,1001,False,1,3,[ 4.97491586 -4.45651349  4.00036767],cruising,[-0.48080528  0.59740651 -0.20557775]
1154.035758972168,1002,False,0,1,[7.53807167 4.18408124 3.99406256],cruising,[ 0.5677905  -0.59831228 -0.99408226]
1154.035758972168,1003,False,3,5,[-6.9719421   5.67040106  3.99999033],exiting,[ 0.63925976  0.24903542 -0.34837281]
1154.035758972168,1004,False,5,4,[7.82071081 3.91039127 3.99999783],cruising,[-0.62185191  0.08809385  0.93462812]
1154.035758972168,1005,False,6,2,[-3.5326925  -0.12036515  3.99999999],cruising,[ 0.50568378 -0.03156594 -0.11489306]
1154.1383345127106,1000,False,4,6,[-5.75010332  3.25675364  4.00000066],cruising,[-0.82138112 -0.19970136 -0.21083176]
1154.1383345127106,1001,False,1,3,[ 4.80171114 -4.35651288  4.00031252],cruising,[-0.48080528  0.59740651 -0.20557775]
1154.1383345127106,1002,False,0,1,[7.68950529 4.05376112 3.99498295],cruising,[ 0.5677905  -0.59831228 -0.99408226]
1154.1383345127106,1003,False,3,5,[-7.03738336  5.74601483  3.99999219],exiting,[ 0.63925976  0.24903542 -0.34837281]
1154.1383345127106,1004,False,5,4,[7.9445684  3.75395232 3.99999818],cruising,[-0.62185191  0.08809385  0.93462812]
1154.1383345127106,1005,False,6,2,[-3.61623947  0.06134865  3.99999999],exiting,[ 0.50568378 -0.03156594 -0.11489306]
1154.236124753952,1000,False,4,6,[-5.85162307  3.42907236  4.00000056],cruising,[-0.82138112 -0.19970136 -0.21083176]
1154.236124753952,1001,False,1,3,[ 4.62500881 -4.26283104  4.00026564],cruising,[-0.48080528  0.59740651 -0.20557775]
1154.236124753952,1002,False,0,1,[7.8271294  3.90897454 3.99576408],cruising,[ 0.5677905  -0.59831228 -0.99408226]
1154.236124753952,1003,False,3,5,[-7.10282461  5.8216286   3.9999937 ],exiting,[ 0.63925976  0.24903542 -0.34837281]
1154.236124753952,1004,False,5,4,[8.05162049 3.58667016 3.99999849],cruising,[-0.62185191  0.08809385  0.93462812]
1154.236124753952,1005,False,6,2,[-3.70035722  0.22307059  3.99999999],exiting,[ 0.50568378 -0.03156594 -0.11489306]
1154.3366332054138,1000,False,4,6,[-5.94924345  3.60362969  4.00000048],cruising,[-0.82138112 -0.19970136 -0.21083176]
1154.3366332054138,1001,False,1,3,[ 4.44647338 -4.17269171  4.00022579],cruising,[-0.48080528  0.59740651 -0.20557775]
1154.3366332054138,1002,False,0,1,[7.94911557 3.75172006 3.99646703],cruising,[ 0.5677905  -0.59831228 -0.99408226]
1154.3366332054138,1003,False,3,5,[-7.16826586  5.89724237  3.99999494],exiting,[ 0.63925976  0.24903542 -0.34837281]
1154.3366332054138,1004,False,5,4,[8.14103786 3.40995313 3.99999877],cruising,[-0.62185191  0.08809385  0.93462812]
1154.3366332054138,1005,False,6,2,[-3.7848806   0.36479665  4.        ],exiting,[ 0.50568378 -0.03156594 -0.11489306]
1154.436930656433,1000,False,4,6,[-6.04219231  3.78071867  4.00000041],cruising,[-0.82138112 -0.19970136 -0.21083176]
1154.436930656433,1001,False,1,3,[ 4.26587146 -4.08676762  4.00019192],cruising,[-0.48080528  0.59740651 -0.20557775]
1154.436930656433,1002,False,0,1,[8.05436128 3.58352254 3.99708666],cruising,[ 0.5677905  -0.59831228 -0.99408226]
1154.436930656433,1003,False,3,5,[-7.23370712  5.97285614  3.99999594],exiting,[ 0.63925976  0.24903542 -0.34837281]
1154.436930656433,1004,False,5,4,[8.21216178 3.22515218 3.99999899],cruising,[-0.62185191  0.08809385  0.93462812]
1154.436930656433,1005,False,6,2,[-3.86962611  0.48652395  4.        ],exiting,[ 0.50568378 -0.03156594 -0.11489306]
1154.5365879535675,1000,False,4,6,[-6.12950389  3.96065391  4.00000034],cruising,[-0.82138112 -0.19970136 -0.21083176]
1154.5365879535675,1001,False,1,3,[ 4.08425125 -4.00301741  4.00016314],cruising,[-0.48080528  0.59740651 -0.20557775]
1154.5365879535675,1002,False,0,1,[8.14197491 3.40588564 3.99761913],cruising,[ 0.5677905  -0.59831228 -0.99408226]
1154.5365879535675,1003,False,3,5,[-7.29914837  6.04846991  3.99999676],exiting,[ 0.63925976  0.24903542 -0.34837281]
1154.5365879535675,1004,False,5,4,[8.26448069 3.03354156 3.99999918],cruising,[-0.62185191  0.08809385  0.93462812]
1154.5365879535675,1005,False,6,2,[-3.95438711  0.58825125  4.        ],exiting,[ 0.50568378 -0.03156594 -0.11489306]
1154.635689496994,1000,False,4,6,[-6.20995365  4.14375999  4.00000029],cruising,[-0.82138112 -0.19970136 -0.21083176]
1154.635689496994,1001,False,1,3,[ 3.90139477 -3.92200193  4.00013867],cruising,[-0.48080528  0.59740651 -0.20557775]
1154.635689496994,1002,False,0,1,[8.21127522 3.22021043 3.99805916],exiting,[ 0.5677905  -0.59831228 -0.99408226]
1154.635689496994,1003,False,3,5,[-7.36458963  6.12408368  3.99999742],exiting,[ 0.63925976  0.24903542 -0.34837281]
1154.635689496994,1004,False,5,4,[8.30148097 2.83699391 3.9999993 ],cruising,[-0.62185191  0.08809385  0.93462812]
1154.635689496994,1005,False,6,2,[-4.03892433  0.6699798   4.        ],exiting,[ 0.50568378 -0.03156594 -0.11489306]
1154.7473542690277,1000,False,4,6,[-6.28197155  4.33034354  4.00000025],cruising,[-0.82138112 -0.19970136 -0.21083176]
1154.7473542690277,1001,False,1,3,[ 3.7179171  -3.84240327  4.00011787],cruising,[-0.48080528  0.59740651 -0.20557775]
1154.7473542690277,1002,False,0,1,[8.26241996 3.04292412 3.99846163],exiting,[ 0.5677905  -0.59831228 -0.99408226]
1154.7473542690277,1003,False,3,5,[-7.43003088  6.19969745  3.99999795],exiting,[ 0.63925976  0.24903542 -0.34837281]
1154.7473542690277,1004,False,5,4,[8.33260456 2.63943045 3.9999994 ],cruising,[-0.62185191  0.08809385  0.93462812]
1154.7473542690277,1005,False,6,2,[-4.12294409  0.73171504  4.        ],exiting,[ 0.50568378 -0.03156594 -0.11489306]
1154.836415052414,1000,False,4,6,[-6.3379345   4.52235434  4.00000021],cruising,[-0.82138112 -0.19970136 -0.21083176]
1154.836415052414,1001,False,1,3,[ 3.53365343 -3.76464146  4.00010019],cruising,[-0.48080528  0.59740651 -0.20557775]
1154.836415052414,1002,False,0,1,[8.29794415 2.87812773 3.99884366],exiting,[ 0.5677905  -0.59831228 -0.99408226]
1154.836415052414,1003,False,3,5,[-7.49547214  6.27531122  3.99999838],exiting,[ 0.63925976  0.24903542 -0.34837281]
1154.836415052414,1004,False,5,4,[8.35897991 2.44117722 3.99999949],cruising,[-0.62185191  0.08809385  0.93462812]
1154.836415052414,1005,False,6,2,[-4.20603098  0.77347206  4.        ],exiting,[ 0.50568378 -0.03156594 -0.11489306]
1154.936522245407,1000,False,4,6,[-6.38046866  4.71777912  4.00000018],cruising,[-0.82138112 -0.19970136 -0.21083176]
1154.936522245407,1001,False,1,3,[ 3.34890525 -3.68803787  4.00008516],cruising,[-0.48080528  0.59740651 -0.20557775]
1154.936522245407,1002,False,0,1,[8.3190022  2.72714185 3.99920707],exiting,[ 0.5677905  -0.59831228 -0.99408226]
1154.936522245407,1003,False,3,5,[-7.56091339  6.35092499  3.99999873],exiting,[ 0.63925976  0.24903542 -0.34837281]
1154.936522245407,1004,False,5,4,[8.38448345 2.24280996 3.99999957],cruising,[-0.62185191  0.08809385  0.93462812]
1154.936522245407,1005,False,6,2,[-4.28793073  0.79526434  4.        ],exiting,[ 0.50568378 -0.03156594 -0.11489306]
1155.0360569953918,1000,False,4,6,[-6.40321879  4.9161351   4.00000015],cruising,[-0.82138112 -0.19970136 -0.21083176]
1155.0360569953918,1001,False,1,3,[ 3.16361043 -3.61276616  4.00007238],cruising,[-0.48080528  0.59740651 -0.20557775]
1155.0360569953918,1002,False,0,1,[8.3262454  2.59061798 3.9995487 ],exiting,[ 0.5677905  -0.59831228 -0.99408226]
1155.0360569953918,1003,False,3,5,[-7.62635464  6.42653876  3.999999  ],exiting,[ 0.63925976  0.24903542 -0.34837281]
1155.0360569953918,1004,False,5,4,[8.40549034 2.04391625 3.99999963],cruising,[-0.62185191  0.08809385  0.93462812]
1155.0360569953918,1005,False,6,2,[-4.36838502  0.79710892  4.        ],exiting,[ 0.50568378 -0.03156594 -0.11489306]
1155.135905265808,1000,False,4,6,[-6.40597131  5.11479982  4.00000013],cruising,[-0.82138112 -0.19970136 -0.21083176]
1155.135905265808,1001,False,1,3,[ 2.97778159 -3.53882266  4.00006153],cruising,[-0.48080528  0.59740651 -0.20557775]
1155.135905265808,1002,False,0,1,[8.32014701 2.46899382 3.99986291],exiting,[ 0.5677905  -0.59831228 -0.99408226]
1155.135905265808,1003,False,3,5,[-7.6917959   6.50215253  3.99999923],exiting,[ 0.63925976  0.24903542 -0.34837281]
1155.135905265808,1004,False,5,4,[8.4253289  1.8449026  3.99999969],cruising,[-0.62185191  0.08809385  0.93462812]
1155.135905265808,1005,False,6,2,[-4.44713141  0.77902655  4.        ],exiting,[ 0.50568378 -0.03156594 -0.11489306]
1155.2361950874329,1000,False,4,6,[-6.38886741  5.31107227  4.0000001 ],cruising,[-0.82138112 -0.19970136 -0.21083176]
1155.2361950874329,1001,False,1,3,[ 2.79133652 -3.46644701  4.0000523 ],cruising,[-0.48080528  0.59740651 -0.20557775]
1155.2361950874329,1002,False,0,1,[8.30113996 2.36264595 4.00014174],exiting,[ 0.5677905  -0.59831228 -0.99408226]
1155.2361950874329,1003,False,3,5,[-7.75723715  6.5777663   3.9999994 ],exiting,[ 0.63925976  0.24903542 -0.34837281]
1155.2361950874329,1004,False,5,4,[8.44361817 1.6457406  3.99999974],cruising,[-0.62185191  0.08809385  0.93462812]
1155.2361950874329,1005,False,6,2,[-4.523903    0.74104193  4.        ],exiting,[ 0.50568378 -0.03156594 -0.11489306]
1155.336364030838,1000,False,4,6,[-6.35236901  5.50246073  4.00000008],cruising,[-0.82138112 -0.19970136 -0.21083176]
1155.336364030838,1001,False,1,3,[ 2.60439454 -3.39536468  4.00004445],cruising,[-0.48080528  0.59740651 -0.20557775]
1155.336364030838,1002,False,0,1,[8.26972331 2.27198245 4.00037379],exiting,[ 0.5677905  -0.59831228 -0.99408226]
1155.336364030838,1003,False,3,5,[-7.82267841  6.65338007  3.99999954],exiting,[ 0.63925976  0.24903542 -0.34837281]
1155.336364030838,1004,False,5,4,[8.45743971 1.44621876 3.99999978],cruising,[-0.62185191  0.08809385  0.93462812]
1155.336364030838,1005,False,6,2,[-4.59842823  0.68318385  4.        ],exiting,[ 0.50568378 -0.03156594 -0.11489306]
1155.4465441703796,1000,False,4,6,[-6.2972209   5.68662505  4.00000006],cruising,[-0.82138112 -0.19970136 -0.21083176]
1155.4465441703796,1001,False,1,3,[ 2.41665177 -3.32642519  4.00003779],cruising,[-0.48080528  0.59740651 -0.20557775]
1155.4465441703796,1002,False,0,1,[8.22615903 2.19720707 4.00055249],exiting,[ 0.5677905  -0.59831228 -0.99408226]
1155.4465441703796,1003,False,3,5,[-7.88811966  6.72899384  3.99999965],exiting,[ 0.63925976  0.24903542 -0.34837281]
1155.4465441703796,1004,False,5,4,[8.46977645 1.24659961 3.99999981],cruising,[-0.62185191  0.08809385  0.93462812]
1155.4465441703796,1005,False,6,2,[-4.6716502  0.615077   4.       ],exiting,[ 0.50568378 -0.03156594 -0.11489306]
1155.5461659431458,1000,False,4,6,[-6.22433444  5.8615508   4.00000004],cruising,[-0.82138112 -0.19970136 -0.21083176]
1155.5461659431458,1001,False,1,3,[ 2.22796551 -3.26011158  4.00003212],cruising,[-0.48080528  0.59740651 -0.20557775]
1155.5461659431458,1002,False,0,1,[8.17071801 2.1385233  4.00067201],exiting,[ 0.5677905  -0.59831228 -0.99408226]
1155.5461659431458,1003,False,3,5,[-7.95356092  6.80460761  3.99999974],exiting,[ 0.63925976  0.24903542 -0.34837281]
1155.5461659431458,1004,False,5,4,[8.47811637 1.04677357 3.99999984],cruising,[-0.62185191  0.08809385  0.93462812]
1155.5461659431458,1005,False,6,2,[-4.74487217  0.54697015  4.        ],exiting,[ 0.50568378 -0.03156594 -0.11489306]
1155.6366217136383,1000,False,4,6,[-6.13492864  6.02520219  4.00000003],cruising,[-0.82138112 -0.19970136 -0.21083176]
1155.6366217136383,1001,False,1,3,[ 2.03867332 -3.19554792  4.0000273 ],cruising,[-0.48080528  0.59740651 -0.20557775]
1155.6366217136383,1002,False,0,1,[8.1036804  2.09613415 4.00072776],exiting,[ 0.5677905  -0.59831228 -0.99408226]
1155.6366217136383,1003,False,3,5,[-8.01900217  6.88022138  3.99999981],exiting,[ 0.63925976  0.24903542 -0.34837281]
1155.6366217136383,1004,False,5,4,[8.48500283 0.84689216 3.99999986],cruising,[-0.62185191  0.08809385  0.93462812]
1155.6366217136383,1005,False,6,2,[-4.81809414  0.47886331  4.        ],exiting,[ 0.50568378 -0.03156594 -0.11489306]
1155.7365708351135,1000,False,4,6,[-6.03001782  6.17622051  4.00000001],cruising,[-0.82138112 -0.19970136 -0.21083176]
1155.7365708351135,1001,False,1,3,[ 1.84810377 -3.13485816  4.0000232 ],cruising,[-0.48080528  0.59740651 -0.20557775]
1155.7365708351135,1002,False,0,1,[8.02533625 2.07024221 4.00071739],exiting,[ 0.5677905  -0.59831228 -0.99408226]
1155.7365708351135,1003,False,3,5,[-8.08444342  6.95583515  3.99999986],exiting,[ 0.63925976  0.24903542 -0.34837281]
1155.7365708351135,1004,False,5,4,[8.49022739 0.64696041 3.99999988],cruising,[-0.62185191  0.08809385  0.93462812]
1155.7365708351135,1005,False,6,2,[-4.89131611  0.41075646  4.        ],exiting,[ 0.50568378 -0.03156594 -0.11489306]
1155.836840391159,1000,False,4,6,[-5.91051792  6.31355824  4.        ],cruising,[-0.82138112 -0.19970136 -0.21083176]
1155.836840391159,1001,False,1,3,[ 1.65607309 -3.07896348  4.00001972],cruising,[-0.48080528  0.59740651 -0.20557775]
1155.836840391159,1002,False,0,1,[7.93598641 2.06104968 4.00064306],exiting,[ 0.5677905  -0.59831228 -0.99408226]
1155.836840391159,1003,False,3,5,[-8.14988468  7.03144892  3.9999999 ],exiting,[ 0.63925976  0.24903542 -0.34837281]
1155.836840391159,1004,False,5,4,[8.49363436 0.44698944 3.9999999 ],cruising,[-0.62185191  0.08809385  0.93462812]
1155.836840391159,1005,False,6,2,[-4.96453809  0.34264961  4.        ],exiting,[ 0.50568378 -0.03156594 -0.11489306]
1155.936565876007,1000,False,4,6,[-5.77731429  6.43632861  3.99999999],cruising,[-0.82138112 -0.19970136 -0.21083176]
1155.936565876007,1001,False,1,3,[ 1.46238904 -3.02909876  4.00001677],cruising,[-0.48080528  0.59740651 -0.20557775]
1155.936565876007,1002,False,0,1,[7.83624793 2.06827706 4.00052124],exiting,[ 0.5677905  -0.59831228 -0.99408226]
1155.936565876007,1003,False,3,5,[-8.21532593  7.10706269  3.99999994],exiting,[ 0.63925976  0.24903542 -0.34837281]
1155.936565876007,1004,False,5,4,[8.49298776 0.24699048 3.99999992],cruising,[-0.62185191  0.08809385  0.93462812]
1155.936565876007,1005,False,6,2,[-5.03776006  0.27454276  4.        ],exiting,[ 0.50568378 -0.03156594 -0.11489306]
1156.0437529087067,1000,False,4,6,[-5.63122884  6.5438      3.99999999],cruising,[-0.82138112 -0.19970136 -0.21083176]
1156.0437529087067,1001,False,1,3,[ 1.26687904 -2.98695805  4.00001425],cruising,[-0.48080528  0.59740651 -0.20557775]
1156.0437529087067,1002,False,0,1,[7.73650945 2.07550443 4.00042165],exiting,[ 0.5677905  -0.59831228 -0.99408226]
1156.0437529087067,1003,False,3,5,[-8.28076719  7.18267646  3.99999996],exiting,[ 0.63925976  0.24903542 -0.34837281]
1156.0437529087067,1004,False,5,4,[8.49069361 0.04700364 3.99999993],cruising,[-0.62185191  0.08809385  0.93462812]
1156.0437529087067,1005,False,6,2,[-5.11098203  0.20643591  4.        ],exiting,[ 0.50568378 -0.03156594 -0.11489306]
1156.1490819454193,1000,False,4,6,[-5.47298624  6.63539047  3.99999998],cruising,[-0.82138112 -0.19970136 -0.21083176]
1156.1490819454193,1001,False,1,3,[ 1.06946283 -2.95491366  4.00001211],cruising,[-0.48080528  0.59740651 -0.20557775]
1156.1490819454193,1002,False,0,1,[7.63677096 2.08273181 4.00034034],exiting,[ 0.5677905  -0.59831228 -0.99408226]
1156.1490819454193,1003,False,3,5,[-8.34620844  7.25829023  3.99999998],exiting,[ 0.63925976  0.24903542 -0.34837281]
1156.1490819454193,1004,False,5,4,[ 8.48659895 -0.15295444  3.99999994],cruising,[-0.62185191  0.08809385  0.93462812]
1156.1490819454193,1005,False,6,2,[-5.184204    0.13832906  4.        ],exiting,[ 0.50568378 -0.03156594 -0.11489306]
1156.2365186214447,1000,False,4,6,[-5.30317971  6.71066299  3.99999998],cruising,[-0.82138112 -0.19970136 -0.21083176]
1156.2365186214447,1001,False,1,3,[ 0.86987251 -2.94275075  4.00001028],cruising,[-0.48080528  0.59740651 -0.20557775]
1156.2365186214447,1002,False,0,1,[7.53703248 2.08995919 4.00027406],exiting,[ 0.5677905  -0.59831228 -0.99408226]
1156.2365186214447,1003,False,3,5,[-8.4116497   7.333904    3.99999999],landing,[ 0.63925976  0.24903542 -0.34837281]
1156.2365186214447,1004,False,5,4,[ 8.47857018 -0.35279322  3.99999995],cruising,[-0.62185191  0.08809385  0.93462812]
1156.2365186214447,1005,False,6,2,[-5.25742597  0.07022221  4.        ],exiting,[ 0.50568378 -0.03156594 -0.11489306]
1156.3367149829865,1000,False,4,6,[-5.12259051  6.76909111  3.99999998],cruising,[-0.82138112 -0.19970136 -0.21083176]
1156.3367149829865,1001,False,1,3,[ 0.6698739  -2.9420057   4.00000874],cruising,[-0.48080528  0.59740651 -0.20557775]
1156.3367149829865,1002,False,0,1,[7.437294   2.09718656 4.00022012],exiting,[ 0.5677905  -0.59831228 -0.99408226]
1156.3367149829865,1003,False,3,5,[-8.46568792  7.40135085  3.98574264],landing,[ 0.63925976  0.24903542 -0.34837281]
1156.3367149829865,1004,False,5,4,[ 8.46884195 -0.55255649  3.99999996],cruising,[-0.62185191  0.08809385  0.93462812]
1156.3367149829865,1005,False,6,2,[-5.33064794e+00  2.11536541e-03  4.00000000e+00],exiting,[ 0.50568378 -0.03156594 -0.11489306]
1156.4377763271332,1000,False,4,6,[-4.93103413  6.81079436  3.99999998],cruising,[-0.82138112 -0.19970136 -0.21083176]
1156.4377763271332,1001,False,1,3,[ 0.47042707 -2.95687055  4.00000743],cruising,[-0.48080528  0.59740651 -0.20557775]
1156.4377763271332,1002,False,0,1,[7.33755552 2.10441394 4.00017628],exiting,[ 0.5677905  -0.59831228 -0.99408226]
1156.4377763271332,1003,False,3,5,[-8.50823674  7.46047456  3.95738853],landing,[ 0.63925976  0.24903542 -0.34837281]
1156.4377763271332,1004,False,5,4,[ 8.45724778 -0.75222014  3.99999996],cruising,[-0.62185191  0.08809385  0.93462812]
1156.4377763271332,1005,False,6,2,[-5.40386992 -0.06599148  4.        ],exiting,[ 0.50568378 -0.03156594 -0.11489306]
1156.54639005661,1000,False,4,6,[-4.73449249  6.84782657  3.99999998],cruising,[-0.82138112 -0.19970136 -0.21083176]
1156.54639005661,1001,False,1,3,[ 0.27265646 -2.98664947  4.00000632],cruising,[-0.48080528  0.59740651 -0.20557775]
1156.54639005661,1002,False,0,1,[7.23781703 2.11164131 4.00014073],exiting,[ 0.5677905  -0.59831228 -0.99408226]
1156.54639005661,1003,False,3,5,[-8.53919489  7.51108962  3.91513263],landing,[ 0.63925976  0.24903542 -0.34837281]
1156.54639005661,1004,False,5,4,[ 8.44364409 -0.95175695  3.99999997],cruising,[-0.62185191  0.08809385  0.93462812]
1156.54639005661,1005,False,6,2,[-5.47709189 -0.13409833  4.        ],exiting,[ 0.50568378 -0.03156594 -0.11489306]
1156.6486084461212,1000,False,4,6,[-4.53889424  6.88955576  3.99999999],cruising,[-0.82138112 -0.19970136 -0.21083176]
1156.6486084461212,1001,False,1,3,[ 0.07850663 -3.03466869  4.00000537],cruising,[-0.48080528  0.59740651 -0.20557775]
1156.6486084461212,1002,False,0,1,[7.13807855 2.11886869 4.00011195],exiting,[ 0.5677905  -0.59831228 -0.99408226]
1156.6486084461212,1003,False,3,5,[-8.55842348  7.55293713  3.85925516],landing,[ 0.63925976  0.24903542 -0.34837281]
1156.6486084461212,1004,False,5,4,[ 8.4257656  -1.15095625  3.99999997],cruising,[-0.62185191  0.08809385  0.93462812]
1156.6486084461212,1005,False,6,2,[-5.55031386 -0.20220518  4.        ],exiting,[ 0.50568378 -0.03156594 -0.11489306]
1156.7369675636292,1000,False,4,6,[-4.34398276  6.93438337  3.99999999],cruising,[-0.82138112 -0.19970136 -0.21083176]
1156.7369675636292,1001,False,1,3,[-0.11241368 -3.09424581  4.00000456],exiting,[-0.48080528  0.59740651 -0.20557775]
1156.7369675636292,1002,False,0,1,[7.03834007 2.12609607 4.00008871],exiting,[ 0.5677905  -0.59831228 -0.99408226]
1156.7369675636292,1003,False,3,5,[-8.56581648  7.5858156   3.78998086],landing,[ 0.63925976  0.24903542 -0.34837281]
1156.7369675636292,1004,False,5,4,[ 8.40593657 -1.34997085  3.99999998],cruising,[-0.62185191  0.08809385  0.93462812]
1156.7369675636292,1005,False,6,2,[-5.62353583 -0.27031203  4.        ],exiting,[ 0.50568378 -0.03156594 -0.11489306]
1156.8372893333435,1000,False,4,6,[-4.14946059  6.98087126  3.99999999],cruising,[-0.82138112 -0.19970136 -0.21083176]
1156.8372893333435,1001,False,1,3,[-0.28378015 -3.15802377  4.00000376],exiting,[-0.48080528  0.59740651 -0.20557775]
1156.8372893333435,1002,False,0,1,[6.93860158 2.13332344 4.00006998],exiting,[ 0.5677905  -0.59831228 -0.99408226]
1156.8372893333435,1003,False,3,5,[-8.56127192  7.60952788  3.70753554],landing,[ 0.63925976  0.24903542 -0.34837281]
1156.8372893333435,1004,False,5,4,[ 8.38396149 -1.54875992  3.99999998],cruising,[-0.62185191  0.08809385  0.93462812]
1156.8372893333435,1005,False,6,2,[-5.6967578  -0.33841888  4.        ],exiting,[ 0.50568378 -0.03156594 -0.11489306]
1156.936923980713,1000,False,4,6,[-3.95503778  7.02777297  3.99999999],cruising,[-0.82138112 -0.19970136 -0.21083176]
1156.936923980713,1001,False,1,3,[-0.43557992 -3.22594231  4.00000297],exiting,[-0.48080528  0.59740651 -0.20557775]
1156.936923980713,1002,False,0,1,[6.8388631  2.14055082 4.00005492],exiting,[ 0.5677905  -0.59831228 -0.99408226]
1156.936923980713,1003,False,3,5,[-8.54468844  7.62387442  3.61215394],landing,[ 0.63925976  0.24903542 -0.34837281]
1156.936923980713,1004,False,5,4,[ 8.3573405  -1.74698031  3.99999998],cruising,[-0.62185191  0.08809385  0.93462812]
1156.936923980713,1005,False,6,2,[-5.76997978 -0.40652573  4.        ],exiting,[ 0.50568378 -0.03156594 -0.11489306]
1157.0444922447205,1000,False,4,6,[-3.75989836  7.07159771  3.99999999],cruising,[-0.82138112 -0.19970136 -0.21083176]
1157.0444922447205,1001,False,1,3,[-0.56779742 -3.29792713  4.00000221],exiting,[-0.48080528  0.59740651 -0.20557775]
1157.0444922447205,1002,False,0,1,[6.73912462 2.14777819 4.00004286],exiting,[ 0.5677905  -0.59831228 -0.99408226]
1157.0444922447205,1003,False,3,5,[-8.52614712  7.63667783  3.51472555],landing,[ 0.63925976  0.24903542 -0.34837281]
1157.0444922447205,1004,False,5,4,[ 8.3285021  -1.94489026  3.99999999],cruising,[-0.62185191  0.08809385  0.93462812]
1157.0444922447205,1005,False,6,2,[-5.84320175 -0.47463258  4.        ],exiting,[ 0.50568378 -0.03156594 -0.11489306]
1157.13605427742,1000,False,4,6,[-3.56451037  7.11430057  3.99999999],cruising,[-0.82138112 -0.19970136 -0.21083176]
1157.13605427742,1001,False,1,3,[-0.68041357 -3.37388523  4.0000015 ],exiting,[-0.48080528  0.59740651 -0.20557775]
1157.13605427742,1002,False,0,1,[6.63938614 2.15500557 4.00003322],exiting,[ 0.5677905  -0.59831228 -0.99408226]
1157.13605427742,1003,False,3,5,[-8.50760579  7.64948123  3.41729715],landing,[ 0.63925976  0.24903542 -0.34837281]
1157.13605427742,1004,False,5,4,[ 8.29718692 -2.14242344  3.99999999],cruising,[-0.62185191  0.08809385  0.93462812]
1157.13605427742,1005,False,6,2,[-5.91642372 -0.54273942  4.        ],exiting,[ 0.50568378 -0.03156594 -0.11489306]
1157.2389113903046,1000,False,4,6,[-3.36868738  7.15496207  3.99999999],cruising,[-0.82138112 -0.19970136 -0.21083176]
1157.2389113903046,1001,False,1,3,[-0.77340388 -3.45369386  4.00000085],exiting,[-0.48080528  0.59740651 -0.20557775]
1157.2389113903046,1002,False,0,1,[6.53964765 2.16223295 4.00002555],exiting,[ 0.5677905  -0.59831228 -0.99408226]
1157.2389113903046,1003,False,3,5,[-8.48906447  7.66228463  3.31986876],landing,[ 0.63925976  0.24903542 -0.34837281]
1157.2389113903046,1004,False,5,4,[ 8.2604272  -2.33901623  3.99999999],cruising,[-0.62185191  0.08809385  0.93462812]
1157.2389113903046,1005,False,6,2,[-5.98964569 -0.61084627  4.        ],exiting,[ 0.50568378 -0.03156594 -0.11489306]
1157.335748910904,1000,False,4,6,[-3.1718186   7.19021375  4.        ],cruising,[-0.82138112 -0.19970136 -0.21083176]
1157.335748910904,1001,False,1,3,[-0.84673409 -3.5371741   4.00000029],exiting,[-0.48080528  0.59740651 -0.20557775]
1157.335748910904,1002,False,0,1,[6.43990917 2.16946032 4.00001946],exiting,[ 0.5677905  -0.59831228 -0.99408226]
1157.335748910904,1003,False,3,5,[-8.47052315  7.67508804  3.22244036],landing,[ 0.63925976  0.24903542 -0.34837281]
1157.335748910904,1004,False,5,4,[ 8.22096479 -2.53508437  3.99999999],cruising,[-0.62185191  0.08809385  0.93462812]
1157.335748910904,1005,False,6,2,[-6.06286766 -0.67895312  4.        ],exiting,[ 0.50568378 -0.03156594 -0.11489306]
1157.4426164627075,1000,False,4,6,[-2.97438859  7.22217298  4.        ],cruising,[-0.82138112 -0.19970136 -0.21083176]
1157.4426164627075,1001,False,1,3,[-0.90038089 -3.6241988   3.99999985],exiting,[-0.48080528  0.59740651 -0.20557775]
1157.4426164627075,1002,False,0,1,[6.34017069 2.1766877  4.00001466],exiting,[ 0.5677905  -0.59831228 -0.99408226]
1157.4426164627075,1003,False,3,5,[-8.45198182  7.68789144  3.12501196],landing,[ 0.63925976  0.24903542 -0.34837281]
1157.4426164627075,1004,False,5,4,[ 8.17844428 -2.73051213  3.99999999],cruising,[-0.62185191  0.08809385  0.93462812]
1157.4426164627075,1005,False,6,2,[-6.13608964 -0.74705997  4.        ],exiting,[ 0.50568378 -0.03156594 -0.11489306]
1157.5412826538086,1000,False,4,6,[-2.77594957  7.24711203  4.        ],cruising,[-0.82138112 -0.19970136 -0.21083176]
1157.5412826538086,1001,False,1,3,[-0.93432075 -3.71463469  3.99999954],exiting,[-0.48080528  0.59740651 -0.20557775]
1157.5412826538086,1002,False,0,1,[6.2404322  2.18391507 4.0000109 ],exiting,[ 0.5677905  -0.59831228 -0.99408226]
1157.5412826538086,1003,False,3,5,[-8.4334405   7.70069484  3.02758357],landing,[ 0.63925976  0.24903542 -0.34837281]
1157.5412826538086,1004,False,5,4,[ 8.12903705 -2.92431338  3.99999999],cruising,[-0.62185191  0.08809385  0.93462812]
1157.5412826538086,1005,False,6,2,[-6.20931161 -0.81516682  4.        ],exiting,[ 0.50568378 -0.03156594 -0.11489306]
1157.647135734558,1000,False,4,6,[-2.57696566  7.26724662  4.        ],cruising,[-0.82138112 -0.19970136 -0.21083176]
1157.647135734558,1001,False,1,3,[-0.94853023 -3.80834357  3.99999939],exiting,[-0.48080528  0.59740651 -0.20557775]
1157.647135734558,1002,False,0,1,[6.14069372 2.19114245 4.00000796],exiting,[ 0.5677905  -0.59831228 -0.99408226]
1157.647135734558,1003,False,3,5,[-8.41489918  7.71349825  2.93015517],landing,[ 0.63925976  0.24903542 -0.34837281]
1157.647135734558,1004,False,5,4,[ 8.076123   -3.11718666  3.99999999],cruising,[-0.62185191  0.08809385  0.93462812]
1157.647135734558,1005,False,6,2,[-6.28253358 -0.88327367  4.        ],exiting,[ 0.50568378 -0.03156594 -0.11489306]
1157.7365863323212,1000,False,4,6,[-2.37725169  7.27793914  4.        ],cruising,[-0.82138112 -0.19970136 -0.21083176]
1157.7365863323212,1001,False,1,3,[-0.94298633 -3.90518351  3.9999994 ],exiting,[-0.48080528  0.59740651 -0.20557775]
1157.7365863323212,1002,False,0,1,[6.04095524 2.19836983 4.00000568],exiting,[ 0.5677905  -0.59831228 -0.99408226]
1157.7365863323212,1003,False,3,5,[-8.39635786  7.72630165  2.83272678],landing,[ 0.63925976  0.24903542 -0.34837281]
1157.7365863323212,1004,False,5,4,[ 8.01496518 -3.30760652  4.        ],cruising,[-0.62185191  0.08809385  0.93462812]
1157.7365863323212,1005,False,6,2,[-6.35575555 -0.95138052  4.        ],exiting,[ 0.50568378 -0.03156594 -0.11489306]
1157.8397996425629,1000,False,4,6,[-2.17725287  7.27725039  4.        ],cruising,[-0.82138112 -0.19970136 -0.21083176]
1157.8397996425629,1001,False,1,3,[-0.92606587 -4.0037416   3.99999951],exiting,[-0.48080528  0.59740651 -0.20557775]
1157.8397996425629,1002,False,0,1,[5.94121675 2.2055972  4.00000393],exiting,[ 0.5677905  -0.59831228 -0.99408226]
1157.8397996425629,1003,False,3,5,[-8.37781653  7.73910505  2.73529838],landing,[ 0.63925976  0.24903542 -0.34837281]
1157.8397996425629,1004,False,5,4,[ 7.94486178 -3.49491779  4.        ],exiting,[-0.62185191  0.08809385  0.93462812]
1157.8397996425629,1005,False,6,2,[-6.42897752 -1.01948736  4.        ],exiting,[ 0.50568378 -0.03156594 -0.11489306]
1157.9395892620087,1000,False,4,6,[-1.97828674  7.25694085  4.        ],cruising,[-0.82138112 -0.19970136 -0.21083176]
1157.9395892620087,1001,False,1,3,[-0.90914541 -4.1022997   3.99999959],exiting,[-0.48080528  0.59740651 -0.20557775]
1157.9395892620087,1002,False,0,1,[5.84147827 2.21282458 4.00000261],exiting,[ 0.5677905  -0.59831228 -0.99408226]
1157.9395892620087,1003,False,3,5,[-8.35927521  7.75190846  2.63786999],landing,[ 0.63925976  0.24903542 -0.34837281]
1157.9395892620087,1004,False,5,4,[ 7.88895328 -3.66813989  4.        ],exiting,[-0.62185191  0.08809385  0.93462812]
1157.9395892620087,1005,False,6,2,[-6.5021995  -1.08759421  4.        ],exiting,[ 0.50568378 -0.03156594 -0.11489306]
1158.041167974472,1000,False,4,6,[-1.78095098  7.22440477  4.        ],cruising,[-0.82138112 -0.19970136 -0.21083176]
1158.041167974472,1001,False,1,3,[-0.89222495 -4.20085779  3.99999967],exiting,[-0.48080528  0.59740651 -0.20557775]
1158.041167974472,1002,False,0,1,[5.74173979 2.22005195 4.00000162],exiting,[ 0.5677905  -0.59831228 -0.99408226]
1158.041167974472,1003,False,3,5,[-8.34073389  7.76471186  2.54044159],landing,[ 0.63925976  0.24903542 -0.34837281]
1158.041167974472,1004,False,5,4,[ 7.84737684 -3.82741235  4.        ],exiting,[-0.62185191  0.08809385  0.93462812]
1158.041167974472,1005,False,6,2,[-6.57542147 -1.15570106  4.        ],exiting,[ 0.50568378 -0.03156594 -0.11489306]
1158.1472346782684,1000,False,4,6,[-1.5873305   7.17429378  4.        ],cruising,[-0.82138112 -0.19970136 -0.21083176]
1158.1472346782684,1001,False,1,3,[-0.8753045  -4.29941589  3.99999972],exiting,[-0.48080528  0.59740651 -0.20557775]
1158.1472346782684,1002,False,0,1,[5.6420013  2.22727933 4.00000089],exiting,[ 0.5677905  -0.59831228 -0.99408226]
1158.1472346782684,1003,False,3,5,[-8.32219256  7.77751526  2.4430132 ],landing,[ 0.63925976  0.24903542 -0.34837281]
1158.1472346782684,1004,False,5,4,[ 7.82029841 -3.97290775  4.        ],exiting,[-0.62185191  0.08809385  0.93462812]
1158.1472346782684,1005,False,6,2,[-6.64864344 -1.22380791  4.        ],exiting,[ 0.50568378 -0.03156594 -0.11489306]
1158.2415676116943,1000,False,4,6,[-1.39811478  7.10950634  4.        ],cruising,[-0.82138112 -0.19970136 -0.21083176]
1158.2415676116943,1001,False,1,3,[-0.85838404 -4.39797398  3.99999977],exiting,[-0.48080528  0.59740651 -0.20557775]
1158.2415676116943,1002,False,0,1,[5.54226282 2.23450671 4.00000038],landing,[ 0.5677905  -0.59831228 -0.99408226]
1158.2415676116943,1003,False,3,5,[-8.30365124  7.79031867  2.3455848 ],landing,[ 0.63925976  0.24903542 -0.34837281]
1158.2415676116943,1004,False,5,4,[ 7.8079342  -4.10485724  4.        ],exiting,[-0.62185191  0.08809385  0.93462812]
1158.2415676116943,1005,False,6,2,[-6.72186541 -1.29191476  4.        ],exiting,[ 0.50568378 -0.03156594 -0.11489306]
1158.336178302765,1000,False,4,6,[-1.21340791  7.03280321  4.        ],cruising,[-0.82138112 -0.19970136 -0.21083176]
1158.336178302765,1001,False,1,3,[-0.84146358 -4.49653208  3.99999981],exiting,[-0.48080528  0.59740651 -0.20557775]
1158.336178302765,1002,False,0,1,[5.45642737 2.23760147 3.98622935],landing,[ 0.5677905  -0.59831228 -0.99408226]
1158.336178302765,1003,False,3,5,[-8.28510992  7.80312207  2.24815641],landing,[ 0.63925976  0.24903542 -0.34837281]
1158.336178302765,1004,False,5,4,[ 7.81044675 -4.22343953  4.        ],exiting,[-0.62185191  0.08809385  0.93462812]
1158.336178302765,1005,False,6,2,[-6.79508738 -1.36002161  4.        ],exiting,[ 0.50568378 -0.03156594 -0.11489306]
1158.437171459198,1000,False,4,6,[-1.03290398  6.94667346  4.        ],cruising,[-0.82138112 -0.19970136 -0.21083176]
1158.437171459198,1001,False,1,3,[-0.82454312 -4.59509017  3.99999985],exiting,[-0.48080528  0.59740651 -0.20557775]
1158.437171459198,1002,False,0,1,[5.38466533 2.23658904 3.95885427],landing,[ 0.5677905  -0.59831228 -0.99408226]
1158.437171459198,1003,False,3,5,[-8.2665686   7.81592547  2.15072801],landing,[ 0.63925976  0.24903542 -0.34837281]
1158.437171459198,1004,False,5,4,[ 7.82799629 -4.32883512  4.        ],exiting,[-0.62185191  0.08809385  0.93462812]
1158.437171459198,1005,False,6,2,[-6.86830935 -1.42812846  4.        ],exiting,[ 0.50568378 -0.03156594 -0.11489306]
1158.5357072353363,1000,False,4,6,[-0.85604758  6.85328282  4.        ],cruising,[-0.82138112 -0.19970136 -0.21083176]
1158.5357072353363,1001,False,1,3,[-0.80762267 -4.69364827  3.99999987],exiting,[-0.48080528  0.59740651 -0.20557775]
1158.5357072353363,1002,False,0,1,[5.32717524 2.23150022 3.91807418],landing,[ 0.5677905  -0.59831228 -0.99408226]
1158.5357072353363,1003,False,3,5,[-8.24802727  7.82872888  2.05329962],landing,[ 0.63925976  0.24903542 -0.34837281]
1158.5357072353363,1004,False,5,4,[ 7.8568049  -4.42459558  4.        ],exiting,[-0.62185191  0.08809385  0.93462812]
1158.5357072353363,1005,False,6,2,[-6.94153133 -1.4962353   4.        ],landing,[ 0.50568378 -0.03156594 -0.11489306]
1158.644296169281,1000,False,4,6,[-0.68111601  6.75633466  4.        ],cruising,[-0.82138112 -0.19970136 -0.21083176]
1158.644296169281,1001,False,1,3,[-0.79070221 -4.79220636  3.9999999 ],exiting,[-0.48080528  0.59740651 -0.20557775]
1158.644296169281,1002,False,0,1,[5.28422164 2.22237801 3.86416311],landing,[ 0.5677905  -0.59831228 -0.99408226]
1158.644296169281,1003,False,3,5,[-8.22948595  7.84153228  1.95587122],landing,[ 0.63925976  0.24903542 -0.34837281]
1158.644296169281,1004,False,5,4,[ 7.8856135  -4.52035603  4.        ],exiting,[-0.62185191  0.08809385  0.93462812]
1158.644296169281,1005,False,6,2,[-7.00668017 -1.55247906  3.98606832],landing,[ 0.50568378 -0.03156594 -0.11489306]
1158.747347354889,1000,False,4,6,[-0.50890845  6.65462647  4.        ],cruising,[-0.82138112 -0.19970136 -0.21083176]
1158.747347354889,1001,False,1,3,[-0.77378175 -4.89076446  3.99999992],exiting,[-0.48080528  0.59740651 -0.20557775]
1158.747347354889,1002,False,0,1,[5.25604549 2.20926372 3.79737997],landing,[ 0.5677905  -0.59831228 -0.99408226]
1158.747347354889,1003,False,3,5,[-8.21094463  7.85433568  1.85844283],landing,[ 0.63925976  0.24903542 -0.34837281]
1158.747347354889,1004,False,5,4,[ 7.91442211 -4.61611648  4.        ],exiting,[-0.62185191  0.08809385  0.93462812]
1158.747347354889,1005,False,6,2,[-7.06360542 -1.59677123  3.95836958],landing,[ 0.50568378 -0.03156594 -0.11489306]
1158.8372342586517,1000,False,4,6,[-0.33794     6.55084887  4.        ],cruising,[-0.82138112 -0.19970136 -0.21083176]
1158.8372342586517,1001,False,1,3,[-0.75686129 -4.98932256  3.99999993],exiting,[-0.48080528  0.59740651 -0.20557775]
1158.8372342586517,1002,False,0,1,[5.24285616 2.19219496 3.71795733],landing,[ 0.5677905  -0.59831228 -0.99408226]
1158.8372342586517,1003,False,3,5,[-8.1924033   7.86713909  1.76101443],landing,[ 0.63925976  0.24903542 -0.34837281]
1158.8372342586517,1004,False,5,4,[ 7.94323072 -4.71187693  4.        ],exiting,[-0.62185191  0.08809385  0.93462812]
1158.8372342586517,1005,False,6,2,[-7.11213017 -1.62900907  3.91710158],landing,[ 0.50568378 -0.03156594 -0.11489306]
1158.9427683353424,1000,False,4,6,[-0.16853271  6.44454191  4.        ],cruising,[-0.82138112 -0.19970136 -0.21083176]
1158.9427683353424,1001,False,1,3,[-0.73994084 -5.08788065  3.99999994],exiting,[-0.48080528  0.59740651 -0.20557775]
1158.9427683353424,1002,False,0,1,[5.24486419 2.17121124 3.62613655],landing,[ 0.5677905  -0.59831228 -0.99408226]
1158.9427683353424,1003,False,3,5,[-8.17386198  7.87994249  1.66358604],landing,[ 0.63925976  0.24903542 -0.34837281]
1158.9427683353424,1004,False,5,4,[ 7.97203932 -4.80763738  4.        ],exiting,[-0.62185191  0.08809385  0.93462812]
1158.9427683353424,1005,False,6,2,[-7.15201441 -1.64905557  3.86254024],landing,[ 0.50568378 -0.03156594 -0.11489306]
1159.048497915268,1000,False,4,6,[3.93745861e-04 6.33747253e+00 4.00000000e+00],cruising,[-0.82138112 -0.19970136 -0.21083176]
1159.048497915268,1001,False,1,3,[-0.72302038 -5.18643875  3.99999995],exiting,[-0.48080528  0.59740651 -0.20557775]
1159.048497915268,1002,False,0,1,[5.25347079 2.14856899 3.52911462],landing,[ 0.5677905  -0.59831228 -0.99408226]
1159.048497915268,1003,False,3,5,[-8.15532066  7.89274589  1.56615764],landing,[ 0.63925976  0.24903542 -0.34837281]
1159.048497915268,1004,False,5,4,[ 8.00084793 -4.90339784  4.        ],exiting,[-0.62185191  0.08809385  0.93462812]
1159.048497915268,1005,False,6,2,[-7.18304847 -1.65679334  3.79493401],landing,[ 0.50568378 -0.03156594 -0.11489306]
1159.1367585659027,1000,False,4,6,[0.16895171 6.22982396 4.        ],cruising,[-0.82138112 -0.19970136 -0.21083176]
1159.1367585659027,1001,False,1,3,[-0.70609992 -5.28499684  3.99999996],exiting,[-0.48080528  0.59740651 -0.20557775]
1159.1367585659027,1002,False,0,1,[5.26207739 2.12592674 3.43209269],landing,[ 0.5677905  -0.59831228 -0.99408226]
1159.1367585659027,1003,False,3,5,[-8.13677933  7.9055493   1.46872924],fake_landed,[ 0.63925976  0.24903542 -0.34837281]
1159.1367585659027,1004,False,5,4,[ 8.02965654 -4.99915829  4.        ],exiting,[-0.62185191  0.08809385  0.93462812]
1159.1367585659027,1005,False,6,2,[-7.20504296 -1.65211828  3.7145134 ],landing,[ 0.50568378 -0.03156594 -0.11489306]
1159.2492191791534,1000,False,4,6,[0.33775591 6.12256194 4.        ],cruising,[-0.82138112 -0.19970136 -0.21083176]
1159.2492191791534,1001,False,1,3,[-0.68917947 -5.38355494  3.99999997],exiting,[-0.48080528  0.59740651 -0.20557775]
1159.2492191791534,1002,False,0,1,[5.270684   2.10328449 3.33507076],landing,[ 0.5677905  -0.59831228 -0.99408226]
1159.2492191791534,1003,False,3,5,[-8.12194628  7.91579202  1.39078653],fake_landed,[ 0.63925976  0.24903542 -0.34837281]
1159.2492191791534,1004,False,5,4,[ 8.05846514 -5.09491874  4.        ],exiting,[-0.62185191  0.08809385  0.93462812]
1159.2492191791534,1005,False,6,2,[-7.2178063  -1.63492701  3.62151782],landing,[ 0.50568378 -0.03156594 -0.11489306]
1159.3434541225433,1000,False,4,6,[0.50729876 6.01647131 4.        ],cruising,[-0.82138112 -0.19970136 -0.21083176]
1159.3434541225433,1001,False,1,3,[-0.67225901 -5.48211303  3.99999998],exiting,[-0.48080528  0.59740651 -0.20557775]
1159.3434541225433,1002,False,0,1,[5.2792906  2.08064223 3.23804883],landing,[ 0.5677905  -0.59831228 -0.99408226]
1159.3434541225433,1003,False,3,5,[-8.11082148  7.92347406  1.33232949],fake_landed,[ 0.63925976  0.24903542 -0.34837281]
1159.3434541225433,1004,False,5,4,[ 8.08727375 -5.19067919  4.        ],exiting,[-0.62185191  0.08809385  0.93462812]
1159.3434541225433,1005,False,6,2,[-7.227358   -1.61343599  3.52432264],landing,[ 0.50568378 -0.03156594 -0.11489306]
1159.436832666397,1000,False,4,6,[0.67773547 5.91182272 4.        ],cruising,[-0.82138112 -0.19970136 -0.21083176]
1159.436832666397,1001,False,1,3,[-0.65533855 -5.58067113  3.99999998],exiting,[-0.48080528  0.59740651 -0.20557775]
1159.436832666397,1002,False,0,1,[5.28789721 2.05799998 3.1410269 ],landing,[ 0.5677905  -0.59831228 -0.99408226]
1159.436832666397,1003,False,3,5,[-8.10340495  7.92859542  1.29335813],fake_landed,[ 0.63925976  0.24903542 -0.34837281]
1159.436832666397,1004,False,5,4,[ 8.11608236 -5.28643964  4.        ],exiting,[-0.62185191  0.08809385  0.93462812]
1159.436832666397,1005,False,6,2,[-7.2369097  -1.59194497  3.42712747],landing,[ 0.50568378 -0.03156594 -0.11489306]
1159.536062002182,1000,False,4,6,[0.84987343 5.80999678 4.        ],cruising,[-0.82138112 -0.19970136 -0.21083176]
1159.536062002182,1001,False,1,3,[-0.63841809 -5.67922922  3.99999998],exiting,[-0.48080528  0.59740651 -0.20557775]
1159.536062002182,1002,False,0,1,[5.29650381 2.03535773 3.04400498],landing,[ 0.5677905  -0.59831228 -0.99408226]
1159.536062002182,1003,False,3,5,[-8.09969669  7.9311561   1.27387245],fake_landed,[ 0.63925976  0.24903542 -0.34837281]
1159.536062002182,1004,False,5,4,[ 8.14489096 -5.3822001   4.        ],exiting,[-0.62185191  0.08809385  0.93462812]
1159.536062002182,1005,False,6,2,[-7.24646139 -1.57045396  3.3299323 ],landing,[ 0.50568378 -0.03156594 -0.11489306]
1159.635894536972,1000,False,4,6,[1.0234503  5.71064352 4.        ],cruising,[-0.82138112 -0.19970136 -0.21083176]
1159.635894536972,1001,False,1,3,[-0.62149764 -5.77778732  3.99999999],exiting,[-0.48080528  0.59740651 -0.20557775]
1159.635894536972,1002,False,0,1,[5.30511042 2.01271548 2.94698305],landing,[ 0.5677905  -0.59831228 -0.99408226]
1159.635894536972,1003,False,3,5,[-8.09969669  7.9311561   1.27387245],fake_landed,[ 0.63925976  0.24903542 -0.34837281]
1159.635894536972,1004,False,5,4,[ 8.17369957 -5.47796055  4.        ],exiting,[-0.62185191  0.08809385  0.93462812]
1159.635894536972,1005,False,6,2,[-7.25601309 -1.54896294  3.23273713],landing,[ 0.50568378 -0.03156594 -0.11489306]
1159.736268043518,1000,False,4,6,[1.19870927 5.61428848 4.        ],cruising,[-0.82138112 -0.19970136 -0.21083176]
1159.736268043518,1001,False,1,3,[-0.60457718 -5.87634541  3.99999999],exiting,[-0.48080528  0.59740651 -0.20557775]
1159.736268043518,1002,False,0,1,[5.31371702 1.99007322 2.84996112],landing,[ 0.5677905  -0.59831228 -0.99408226]
1159.736268043518,1003,False,5,0,[-8.09969669  7.9311561   1.27387245],waiting,[ 0.63925976  0.24903542 -0.34837281]
1159.736268043518,1004,False,5,4,[ 8.20250818 -5.573721    4.        ],exiting,[-0.62185191  0.08809385  0.93462812]
1159.736268043518,1005,False,6,2,[-7.26556478 -1.52747192  3.13554196],landing,[ 0.50568378 -0.03156594 -0.11489306]
1159.839274406433,1000,False,4,6,[1.37678466 5.52324367 4.        ],cruising,[-0.82138112 -0.19970136 -0.21083176]
1159.839274406433,1001,False,1,3,[-0.58765672 -5.97490351  3.99999999],exiting,[-0.48080528  0.59740651 -0.20557775]
1159.839274406433,1002,False,0,1,[5.32232362 1.96743097 2.75293919],landing,[ 0.5677905  -0.59831228 -0.99408226]
1159.839274406433,1003,False,5,0,[-8.09969669  7.9311561   1.27387245],waiting,[ 0.63925976  0.24903542 -0.34837281]
1159.839274406433,1004,False,5,4,[ 8.23131678 -5.66948145  4.        ],exiting,[-0.62185191  0.08809385  0.93462812]
1159.839274406433,1005,False,6,2,[-7.27511648 -1.5059809   3.03834679],landing,[ 0.50568378 -0.03156594 -0.11489306]
1159.9427273273468,1000,False,4,6,[1.55688592 5.43627508 4.        ],cruising,[-0.82138112 -0.19970136 -0.21083176]
1159.9427273273468,1001,False,1,3,[-0.57073626 -6.0734616   3.99999999],exiting,[-0.48080528  0.59740651 -0.20557775]
1159.9427273273468,1002,False,0,1,[5.33093023 1.94478872 2.65591726],landing,[ 0.5677905  -0.59831228 -0.99408226]
1159.9427273273468,1003,False,5,0,[-8.09969669  7.9311561   1.27387245],waiting,[ 0.63925976  0.24903542 -0.34837281]
1159.9427273273468,1004,False,5,4,[ 8.26012539 -5.76524191  4.        ],exiting,[-0.62185191  0.08809385  0.93462812]
1159.9427273273468,1005,False,6,2,[-7.28466817 -1.48448989  2.94115162],landing,[ 0.50568378 -0.03156594 -0.11489306]
1160.0366344451904,1000,False,4,6,[1.73918928 5.35402252 4.        ],cruising,[-0.82138112 -0.19970136 -0.21083176]
1160.0366344451904,1001,False,1,3,[-0.55381581 -6.1720197   3.99999999],exiting,[-0.48080528  0.59740651 -0.20557775]
1160.0366344451904,1002,False,0,1,[5.33953683 1.92214647 2.55889533],landing,[ 0.5677905  -0.59831228 -0.99408226]
1160.0366344451904,1003,False,5,0,[-8.09969669  7.9311561   1.27387245],waiting,[ 0.63925976  0.24903542 -0.34837281]
1160.0366344451904,1004,False,5,4,[ 8.288934   -5.86100236  4.        ],exiting,[-0.62185191  0.08809385  0.93462812]
1160.0366344451904,1005,False,6,2,[-7.29421987 -1.46299887  2.84395645],landing,[ 0.50568378 -0.03156594 -0.11489306]
1160.1359705924988,1000,False,4,6,[1.9249123  5.27981362 4.        ],cruising,[-0.82138112 -0.19970136 -0.21083176]
1160.1359705924988,1001,False,1,3,[-0.53689535 -6.27057779  4.        ],exiting,[-0.48080528  0.59740651 -0.20557775]
1160.1359705924988,1002,False,0,1,[5.34814344 1.89950421 2.4618734 ],landing,[ 0.5677905  -0.59831228 -0.99408226]
1160.1359705924988,1003,False,5,0,[-8.09969669  7.9311561   1.27387245],waiting,[ 0.63925976  0.24903542 -0.34837281]
1160.1359705924988,1004,False,5,4,[ 8.3177426  -5.95676281  4.        ],exiting,[-0.62185191  0.08809385  0.93462812]
1160.1359705924988,1005,False,6,2,[-7.30377157 -1.44150785  2.74676128],landing,[ 0.50568378 -0.03156594 -0.11489306]
1160.2363033294678,1000,False,4,6,[2.11286162 5.21143926 4.        ],cruising,[-0.82138112 -0.19970136 -0.21083176]
1160.2363033294678,1001,False,1,3,[-0.51997489 -6.36913589  4.        ],exiting,[-0.48080528  0.59740651 -0.20557775]
1160.2363033294678,1002,False,0,1,[5.35675004 1.87686196 2.36485147],landing,[ 0.5677905  -0.59831228 -0.99408226]
1160.2363033294678,1003,False,5,0,[-8.09969669  7.9311561   1.27387245],waiting,[ 0.63925976  0.24903542 -0.34837281]
1160.2363033294678,1004,False,5,4,[ 8.34655121 -6.05252326  4.        ],exiting,[-0.62185191  0.08809385  0.93462812]
1160.2363033294678,1005,False,6,2,[-7.31332326 -1.42001683  2.6495661 ],landing,[ 0.50568378 -0.03156594 -0.11489306]
1160.3420097827911,1000,False,4,6,[2.30344216 5.15078402 4.        ],cruising,[-0.82138112 -0.19970136 -0.21083176]
1160.3420097827911,1001,False,1,3,[-0.50305443 -6.46769398  4.        ],exiting,[-0.48080528  0.59740651 -0.20557775]
1160.3420097827911,1002,False,0,1,[5.36535664 1.85421971 2.26782954],landing,[ 0.5677905  -0.59831228 -0.99408226]
1160.3420097827911,1003,False,5,0,[-8.09969669  7.9311561   1.27387245],waiting,[ 0.63925976  0.24903542 -0.34837281]
1160.3420097827911,1004,False,5,4,[ 8.37535982 -6.14828371  4.        ],exiting,[-0.62185191  0.08809385  0.93462812]
1160.3420097827911,1005,False,6,2,[-7.32287496 -1.39852582  2.55237093],landing,[ 0.50568378 -0.03156594 -0.11489306]
1160.4380881786346,1000,False,4,6,[2.49713227 5.10094288 4.        ],cruising,[-0.82138112 -0.19970136 -0.21083176]
1160.4380881786346,1001,False,1,3,[-0.48613398 -6.56625208  4.        ],exiting,[-0.48080528  0.59740651 -0.20557775]
1160.4380881786346,1002,False,0,1,[5.37396325 1.83157746 2.17080761],landing,[ 0.5677905  -0.59831228 -0.99408226]
1160.4380881786346,1003,False,5,0,[-8.09969669  7.9311561   1.27387245],waiting,[ 0.63925976  0.24903542 -0.34837281]
1160.4380881786346,1004,False,5,4,[ 8.40416842 -6.24404417  4.        ],exiting,[-0.62185191  0.08809385  0.93462812]
1160.4380881786346,1005,False,6,2,[-7.33242665 -1.3770348   2.45517576],landing,[ 0.50568378 -0.03156594 -0.11489306]
1160.545548915863,1000,False,4,6,[2.69369814 5.06403948 4.        ],cruising,[-0.82138112 -0.19970136 -0.21083176]
1160.545548915863,1001,False,1,3,[-0.46921352 -6.66481017  4.        ],exiting,[-0.48080528  0.59740651 -0.20557775]
1160.545548915863,1002,False,0,1,[5.38256985 1.8089352  2.07378568],landing,[ 0.5677905  -0.59831228 -0.99408226]
1160.545548915863,1003,False,5,0,[-8.09969669  7.9311561   1.27387245],waiting,[ 0.63925976  0.24903542 -0.34837281]
1160.545548915863,1004,False,5,4,[ 8.43297703 -6.33980462  4.        ],exiting,[-0.62185191  0.08809385  0.93462812]
1160.545548915863,1005,False,6,2,[-7.34197835 -1.35554378  2.35798059],landing,[ 0.50568378 -0.03156594 -0.11489306]
1160.6361484527588,1000,False,4,6,[2.8913328  5.03337125 4.        ],cruising,[-0.82138112 -0.19970136 -0.21083176]
1160.6361484527588,1001,False,1,3,[-0.45229306 -6.76336827  4.        ],exiting,[-0.48080528  0.59740651 -0.20557775]
1160.6361484527588,1002,False,0,1,[5.39117646 1.78629295 1.97676375],landing,[ 0.5677905  -0.59831228 -0.99408226]
1160.6361484527588,1003,False,5,0,[-8.09969669  7.9311561   1.27387245],waiting,[ 0.63925976  0.24903542 -0.34837281]
1160.6361484527588,1004,False,5,4,[ 8.46178564 -6.43556507  4.        ],exiting,[-0.62185191  0.08809385  0.93462812]
1160.6361484527588,1005,False,6,2,[-7.35153004 -1.33405276  2.26078542],landing,[ 0.50568378 -0.03156594 -0.11489306]
1160.7452709674835,1000,False,4,6,[3.08969761 5.0078487  4.        ],cruising,[-0.82138112 -0.19970136 -0.21083176]
1160.7452709674835,1001,False,1,3,[-0.4353726  -6.86192636  4.        ],exiting,[-0.48080528  0.59740651 -0.20557775]
1160.7452709674835,1002,False,0,1,[5.39978306 1.7636507  1.87974182],landing,[ 0.5677905  -0.59831228 -0.99408226]
1160.7452709674835,1003,False,5,0,[-8.09969669  7.9311561   1.27387245],waiting,[ 0.63925976  0.24903542 -0.34837281]
1160.7452709674835,1004,False,5,4,[ 8.49059424 -6.53132552  4.        ],exiting,[-0.62185191  0.08809385  0.93462812]
1160.7452709674835,1005,False,6,2,[-7.36108174 -1.31256175  2.16359025],landing,[ 0.50568378 -0.03156594 -0.11489306]
1160.8372972011566,1000,False,4,6,[3.28855171 4.98647005 4.        ],cruising,[-0.82138112 -0.19970136 -0.21083176]
1160.8372972011566,1001,False,1,3,[-0.41845215 -6.96048446  4.        ],exiting,[-0.48080528  0.59740651 -0.20557775]
1160.8372972011566,1002,False,0,1,[5.40838967 1.74100845 1.78271989],landing,[ 0.5677905  -0.59831228 -0.99408226]
1160.8372972011566,1003,False,5,0,[-8.09969669  7.9311561   1.27387245],waiting,[ 0.63925976  0.24903542 -0.34837281]
1160.8372972011566,1004,False,5,4,[ 8.51940285 -6.62708597  4.        ],exiting,[-0.62185191  0.08809385  0.93462812]
1160.8372972011566,1005,False,6,2,[-7.37063344 -1.29107073  2.06639508],landing,[ 0.50568378 -0.03156594 -0.11489306]
1160.9370217323303,1000,False,4,6,[3.48772696 4.96832555 4.        ],cruising,[-0.82138112 -0.19970136 -0.21083176]
1160.9370217323303,1001,False,1,3,[-0.40153169 -7.05904255  4.        ],exiting,[-0.48080528  0.59740651 -0.20557775]
1160.9370217323303,1002,False,0,1,[5.41699627 1.71836619 1.68569796],landing,[ 0.5677905  -0.59831228 -0.99408226]
1160.9370217323303,1003,False,5,0,[-8.09969669  7.9311561   1.27387245],waiting,[ 0.63925976  0.24903542 -0.34837281]
1160.9370217323303,1004,False,5,4,[ 8.54821146 -6.72284643  4.        ],exiting,[-0.62185191  0.08809385  0.93462812]
1160.9370217323303,1005,False,6,2,[-7.38018513 -1.26957971  1.96919991],landing,[ 0.50568378 -0.03156594 -0.11489306]
1161.0483474731445,1000,False,4,6,[3.68700233 4.95131597 4.        ],cruising,[-0.82138112 -0.19970136 -0.21083176]
1161.0483474731445,1001,False,1,3,[-0.38461123 -7.15760065  4.        ],exiting,[-0.48080528  0.59740651 -0.20557775]
1161.0483474731445,1002,False,0,1,[5.42560287 1.69572394 1.58867604],landing,[ 0.5677905  -0.59831228 -0.99408226]
1161.0483474731445,1003,False,5,0,[-8.09969669  7.9311561   1.27387245],waiting,[ 0.63925976  0.24903542 -0.34837281]
1161.0483474731445,1004,False,5,4,[ 8.57702006 -6.81860688  4.        ],exiting,[-0.62185191  0.08809385  0.93462812]
1161.0483474731445,1005,False,6,2,[-7.38973683 -1.2480887   1.87200474],landing,[ 0.50568378 -0.03156594 -0.11489306]
1161.1437242031097,1000,False,4,6,[3.88646192 4.93662335 4.        ],cruising,[-0.82138112 -0.19970136 -0.21083176]
1161.1437242031097,1001,False,1,3,[-0.36769078 -7.25615874  4.        ],exiting,[-0.48080528  0.59740651 -0.20557775]
1161.1437242031097,1002,False,0,1,[5.43420948 1.67308169 1.49165411],fake_landed,[ 0.5677905  -0.59831228 -0.99408226]
1161.1437242031097,1003,False,5,0,[-8.09969669  7.9311561   1.27387245],waiting,[ 0.63925976  0.24903542 -0.34837281]
1161.1437242031097,1004,False,5,4,[ 8.60582867 -6.91436733  4.        ],exiting,[-0.62185191  0.08809385  0.93462812]
1161.1437242031097,1005,False,6,2,[-7.39928852 -1.22659768  1.77480956],landing,[ 0.50568378 -0.03156594 -0.11489306]
1161.2429554462433,1000,False,4,6,[4.08602431 4.9234002  4.        ],cruising,[-0.82138112 -0.19970136 -0.21083176]
1161.2429554462433,1001,False,1,3,[-0.35077032 -7.35471684  4.        ],exiting,[-0.48080528  0.59740651 -0.20557775]
1161.2429554462433,1002,False,0,1,[5.44109476 1.65496789 1.41403656],fake_landed,[ 0.5677905  -0.59831228 -0.99408226]
1161.2429554462433,1003,False,5,0,[-8.09969669  7.9311561   1.27387245],waiting,[ 0.63925976  0.24903542 -0.34837281]
1161.2429554462433,1004,False,5,4,[ 8.63463728 -7.01012778  4.        ],exiting,[-0.62185191  0.08809385  0.93462812]
1161.2429554462433,1005,False,6,2,[-7.40884022 -1.20510666  1.67761439],landing,[ 0.50568378 -0.03156594 -0.11489306]
1161.3510971069336,1000,False,4,6,[4.28563267 4.91089014 4.        ],cruising,[-0.82138112 -0.19970136 -0.21083176]
1161.3510971069336,1001,False,1,3,[-0.33384986 -7.45327493  4.        ],exiting,[-0.48080528  0.59740651 -0.20557775]
1161.3510971069336,1002,False,0,1,[5.44625872 1.64138254 1.35582341],fake_landed,[ 0.5677905  -0.59831228 -0.99408226]
1161.3510971069336,1003,False,5,0,[-8.09969669  7.9311561   1.27387245],waiting,[ 0.63925976  0.24903542 -0.34837281]
1161.3510971069336,1004,False,5,4,[ 8.66344588 -7.10588823  4.        ],landing,[-0.62185191  0.08809385  0.93462812]
1161.3510971069336,1005,False,6,2,[-7.41839192 -1.18361564  1.58041922],landing,[ 0.50568378 -0.03156594 -0.11489306]
1161.4376020431519,1000,False,4,6,[4.48524264 4.8984058  4.        ],cruising,[-0.82138112 -0.19970136 -0.21083176]
1161.4376020431519,1001,False,1,3,[-0.3169294  -7.55183303  4.        ],exiting,[-0.48080528  0.59740651 -0.20557775]
1161.4376020431519,1002,False,0,1,[5.44970137 1.63232564 1.31701463],fake_landed,[ 0.5677905  -0.59831228 -0.99408226]
1161.4376020431519,1003,False,5,0,[-8.09969669  7.9311561   1.27387245],waiting,[ 0.63925976  0.24903542 -0.34837281]
1161.4376020431519,1004,False,5,4,[ 8.68517116 -7.18942907  3.98583993],landing,[-0.62185191  0.08809385  0.93462812]
1161.4376020431519,1005,False,6,2,[-7.42794361 -1.16212463  1.48322405],fake_landed,[ 0.50568378 -0.03156594 -0.11489306]
1161.5369970798492,1000,False,4,6,[4.68481331 4.88530819 4.        ],cruising,[-0.82138112 -0.19970136 -0.21083176]
1161.5369970798492,1001,False,1,3,[-0.30000895 -7.65039112  4.        ],exiting,[-0.48080528  0.59740651 -0.20557775]
1161.5369970798492,1002,False,0,1,[5.45142269 1.62779718 1.29761025],fake_landed,[ 0.5677905  -0.59831228 -0.99408226]
1161.5369970798492,1003,False,5,0,[-8.09969669  7.9311561   1.27387245],waiting,[ 0.63925976  0.24903542 -0.34837281]
1161.5369970798492,1004,False,5,4,[ 8.69979884 -7.26057345  3.95768159],landing,[-0.62185191  0.08809385  0.93462812]
1161.5369970798492,1005,False,6,2,[-7.43558497 -1.14493181  1.40546791],fake_landed,[ 0.50568378 -0.03156594 -0.11489306]
1161.6476037502289,1000,False,4,6,[4.88433981 4.87155396 4.        ],cruising,[-0.82138112 -0.19970136 -0.21083176]
1161.6476037502289,1001,False,1,3,[-0.28308849 -7.74894922  4.        ],landing,[-0.48080528  0.59740651 -0.20557775]
1161.6476037502289,1002,False,1,5,[5.45142269 1.62779718 1.29761025],waiting,[ 0.5677905  -0.59831228 -0.99408226]
1161.6476037502289,1003,False,5,0,[-8.09969669  7.9311561   1.27387245],waiting,[ 0.63925976  0.24903542 -0.34837281]
1161.6476037502289,1004,False,5,4,[ 8.7073132  -7.31911252  3.91572081],landing,[-0.62185191  0.08809385  0.93462812]
1161.6476037502289,1005,False,6,2,[-7.44131599 -1.1320372   1.34715081],fake_landed,[ 0.50568378 -0.03156594 -0.11489306]
1161.7473497390747,1000,False,4,6,[5.08374677 4.85616362 4.        ],cruising,[-0.82138112 -0.19970136 -0.21083176]
1161.7473497390747,1001,False,1,3,[-0.27170428 -7.83438248  3.98596118],landing,[-0.48080528  0.59740651 -0.20557775]
1161.7473497390747,1002,False,1,5,[5.45142269 1.62779718 1.29761025],waiting,[ 0.5677905  -0.59831228 -0.99408226]
1161.7473497390747,1003,False,5,0,[-8.09969669  7.9311561   1.27387245],waiting,[ 0.63925976  0.24903542 -0.34837281]
1161.7473497390747,1004,False,5,4,[ 8.70769474 -7.36475839  3.86023642],landing,[-0.62185191  0.08809385  0.93462812]
1161.7473497390747,1005,False,6,2,[-7.44513666 -1.1234408   1.30827274],fake_landed,[ 0.50568378 -0.03156594 -0.11489306]
1161.8394601345062,1000,False,4,6,[5.28296442 4.83849079 4.        ],cruising,[-0.82138112 -0.19970136 -0.21083176]
1161.8394601345062,1001,False,1,3,[-0.26584833 -7.90651509  3.95804679],landing,[-0.48080528  0.59740651 -0.20557775]
1161.8394601345062,1002,False,1,5,[5.45142269 1.62779718 1.29761025],waiting,[ 0.5677905  -0.59831228 -0.99408226]
1161.8394601345062,1003,False,5,0,[-8.09969669  7.9311561   1.27387245],waiting,[ 0.63925976  0.24903542 -0.34837281]
1161.8394601345062,1004,False,5,4,[ 8.70092962 -7.39727946  3.7914605 ],landing,[-0.62185191  0.08809385  0.93462812]
1161.8394601345062,1005,False,6,2,[-7.447047   -1.11914259  1.28883371],fake_landed,[ 0.50568378 -0.03156594 -0.11489306]
1161.9475855827332,1000,False,4,6,[5.48189966 4.81788084 4.        ],cruising,[-0.82138112 -0.19970136 -0.21083176]
1161.9475855827332,1001,False,1,3,[-0.26551007 -7.9651404   3.91645367],landing,[-0.48080528  0.59740651 -0.20557775]
1161.9475855827332,1002,False,1,5,[5.45142269 1.62779718 1.29761025],waiting,[ 0.5677905  -0.59831228 -0.99408226]
1161.9475855827332,1003,False,5,0,[-8.09969669  7.9311561   1.27387245],queued,[ 0.63925976  0.24903542 -0.34837281]
1161.9475855827332,1004,False,5,4,[ 8.68700632 -7.41645566  3.70962032],landing,[-0.62185191  0.08809385  0.93462812]
1161.9475855827332,1005,False,2,1,[-7.447047   -1.11914259  1.28883371],waiting,[ 0.50568378 -0.03156594 -0.11489306]
1162.0451929569244,1000,False,4,6,[5.68042652 4.79365099 4.        ],exiting,[-0.82138112 -0.19970136 -0.21083176]
1162.0451929569244,1001,False,1,3,[-0.27067306 -8.00997675  3.86145901],landing,[-0.48080528  0.59740651 -0.20557775]
1162.0451929569244,1002,False,1,5,[5.45142269 1.62779718 1.29761025],waiting,[ 0.5677905  -0.59831228 -0.99408226]
1162.0451929569244,1003,False,5,0,[-8.09969669  7.9311561   1.29387245],queued,[ 0.63925976  0.24903542 -0.34837281]
1162.0451929569244,1004,False,5,4,[ 8.6659149  -7.42206506  3.61495203],landing,[-0.62185191  0.08809385  0.93462812]
1162.0451929569244,1005,False,2,1,[-7.447047   -1.11914259  1.28883371],waiting,[ 0.50568378 -0.03156594 -0.11489306]
1162.1414618492126,1000,False,4,6,[5.86292806 4.78138731 4.        ],exiting,[-0.82138112 -0.19970136 -0.21083176]
1162.1414618492126,1001,False,1,3,[-0.28132151 -8.04078797  3.79330362],landing,[-0.48080528  0.59740651 -0.20557775]
1162.1414618492126,1002,False,1,5,[5.45142269 1.62779718 1.29761025],waiting,[ 0.5677905  -0.59831228 -0.99408226]
1162.1414618492126,1003,False,5,0,[-8.09969669  7.9311561   1.33387245],queued,[ 0.63925976  0.24903542 -0.34837281]
1162.1414618492126,1004,False,5,4,[ 8.64328288 -7.42471379  3.51758276],landing,[-0.62185191  0.08809385  0.93462812]
1162.1414618492126,1005,False,2,1,[-7.447047   -1.11914259  1.28883371],waiting,[ 0.50568378 -0.03156594 -0.11489306]
1162.2431852817535,1000,False,4,6,[6.02938191 4.78105977 4.        ],exiting,[-0.82138112 -0.19970136 -0.21083176]
1162.2431852817535,1001,False,1,3,[-0.29743926 -8.05735644  3.71221644],landing,[-0.48080528  0.59740651 -0.20557775]
1162.2431852817535,1002,False,1,5,[5.45142269 1.62779718 1.29761025],waiting,[ 0.5677905  -0.59831228 -0.99408226]
1162.2431852817535,1003,False,5,0,[-8.09969669  7.9311561   1.39387245],queued,[ 0.63925976  0.24903542 -0.34837281]
1162.2431852817535,1004,False,5,4,[ 8.62065086 -7.42736251  3.42021348],landing,[-0.62185191  0.08809385  0.93462812]
1162.2431852817535,1005,False,2,1,[-7.447047   -1.11914259  1.28883371],waiting,[ 0.50568378 -0.03156594 -0.11489306]
1162.3388328552246,1000,False,4,6,[6.17975899 4.79262919 4.        ],exiting,[-0.82138112 -0.19970136 -0.21083176]
1162.3388328552246,1001,False,1,3,[-0.3190083  -8.05946298  3.61843533],landing,[-0.48080528  0.59740651 -0.20557775]
1162.3388328552246,1002,False,1,5,[5.45142269 1.62779718 1.29761025],waiting,[ 0.5677905  -0.59831228 -0.99408226]
1162.3388328552246,1003,False,5,0,[-8.09969669  7.9311561   1.46887245],queued,[ 0.63925976  0.24903542 -0.34837281]
1162.3388328552246,1004,False,5,4,[ 8.59801884 -7.43001123  3.3228442 ],landing,[-0.62185191  0.08809385  0.93462812]
1162.3388328552246,1005,False,2,1,[-7.447047   -1.11914259  1.28883371],waiting,[ 0.50568378 -0.03156594 -0.11489306]
1162.43816614151,1000,False,4,6,[6.3140212 4.8160439 4.       ],exiting,[-0.82138112 -0.19970136 -0.21083176]
1162.43816614151,1001,False,1,3,[-0.34210245 -8.05744644  3.52115946],landing,[-0.48080528  0.59740651 -0.20557775]
1162.43816614151,1002,False,1,5,[5.45142269 1.62779718 1.29761025],queued,[ 0.5677905  -0.59831228 -0.99408226]
1162.43816614151,1003,False,5,0,[-8.09969669  7.9311561   1.54387245],queued,[ 0.63925976  0.24903542 -0.34837281]
1162.43816614151,1004,False,5,4,[ 8.57538682 -7.43265996  3.22547493],landing,[-0.62185191  0.08809385  0.93462812]
1162.43816614151,1005,False,2,1,[-7.447047   -1.11914259  1.28883371],waiting,[ 0.50568378 -0.03156594 -0.11489306]
1162.5360889434814,1000,False,4,6,[6.43211547 4.85123136 4.        ],exiting,[-0.82138112 -0.19970136 -0.21083176]
1162.5360889434814,1001,False,1,3,[-0.36519659 -8.0554299   3.4238836 ],landing,[-0.48080528  0.59740651 -0.20557775]
1162.5360889434814,1002,False,1,5,[5.45142269 1.62779718 1.31761025],queued,[ 0.5677905  -0.59831228 -0.99408226]
1162.5360889434814,1003,False,5,0,[-8.09969669  7.9311561   1.61887245],queued,[ 0.63925976  0.24903542 -0.34837281]
1162.5360889434814,1004,False,5,4,[ 8.5527548  -7.43530868  3.12810565],landing,[-0.62185191  0.08809385  0.93462812]
1162.5360889434814,1005,False,2,1,[-7.447047   -1.11914259  1.28883371],waiting,[ 0.50568378 -0.03156594 -0.11489306]
1162.6379282474518,1000,False,4,6,[6.53397192 4.89809501 4.        ],exiting,[-0.82138112 -0.19970136 -0.21083176]
1162.6379282474518,1001,False,1,3,[-0.38829074 -8.05341336  3.32660773],landing,[-0.48080528  0.59740651 -0.20557775]
1162.6379282474518,1002,False,1,5,[5.45142269 1.62779718 1.35761025],queued,[ 0.5677905  -0.59831228 -0.99408226]
1162.6379282474518,1003,False,5,0,[-8.09969669  7.9311561   1.69387245],queued,[ 0.63925976  0.24903542 -0.34837281]
1162.6379282474518,1004,False,5,4,[ 8.53012278 -7.43795741  3.03073638],landing,[-0.62185191  0.08809385  0.93462812]
1162.6379282474518,1005,False,2,1,[-7.447047   -1.11914259  1.28883371],waiting,[ 0.50568378 -0.03156594 -0.11489306]
1162.7458431720734,1000,False,4,6,[6.61953677 4.95655967 4.        ],exiting,[-0.82138112 -0.19970136 -0.21083176]
1162.7458431720734,1001,False,1,3,[-0.41138488 -8.05139682  3.22933186],landing,[-0.48080528  0.59740651 -0.20557775]
1162.7458431720734,1002,False,1,5,[5.45142269 1.62779718 1.41761025],queued,[ 0.5677905  -0.59831228 -0.99408226]
1162.7458431720734,1003,False,5,0,[-8.09969669  7.9311561   1.76887245],queued,[ 0.63925976  0.24903542 -0.34837281]
1162.7458431720734,1004,False,5,4,[ 8.50749076 -7.44060613  2.9333671 ],landing,[-0.62185191  0.08809385  0.93462812]
1162.7458431720734,1005,False,2,1,[-7.447047   -1.11914259  1.28883371],queued,[ 0.50568378 -0.03156594 -0.11489306]
1162.8507742881775,1000,False,4,6,[6.68875357 5.02654569 4.        ],exiting,[-0.82138112 -0.19970136 -0.21083176]
1162.8507742881775,1001,False,1,3,[-0.43447902 -8.04938028  3.132056  ],landing,[-0.48080528  0.59740651 -0.20557775]
1162.8507742881775,1002,False,1,5,[5.45142269 1.62779718 1.49261025],queued,[ 0.5677905  -0.59831228 -0.99408226]
1162.8507742881775,1003,False,5,0,[-8.09969669  7.9311561   1.84387245],queued,[ 0.63925976  0.24903542 -0.34837281]
1162.8507742881775,1004,False,5,4,[ 8.48485874 -7.44325486  2.83599782],landing,[-0.62185191  0.08809385  0.93462812]
1162.8507742881775,1005,False,2,1,[-7.447047   -1.11914259  1.30883371],queued,[ 0.50568378 -0.03156594 -0.11489306]
1162.941487312317,1000,False,4,6,[6.74156403 5.10796987 4.        ],exiting,[-0.82138112 -0.19970136 -0.21083176]
1162.941487312317,1001,False,1,3,[-0.45757317 -8.04736375  3.03478013],landing,[-0.48080528  0.59740651 -0.20557775]
1162.941487312317,1002,False,1,5,[5.45142269 1.62779718 1.56761025],queued,[ 0.5677905  -0.59831228 -0.99408226]
1162.941487312317,1003,False,5,0,[-8.09969669  7.9311561   1.91887245],queued,[ 0.63925976  0.24903542 -0.34837281]
1162.941487312317,1004,False,5,4,[ 8.46222672 -7.44590358  2.73862855],landing,[-0.62185191  0.08809385  0.93462812]
1162.941487312317,1005,False,2,1,[-7.447047   -1.11914259  1.34883371],queued,[ 0.50568378 -0.03156594 -0.11489306]
1163.0368010997772,1000,False,4,6,[6.77790874 5.20074656 4.        ],exiting,[-0.82138112 -0.19970136 -0.21083176]
1163.0368010997772,1001,False,1,3,[-0.48066731 -8.04534721  2.93750427],landing,[-0.48080528  0.59740651 -0.20557775]
1163.0368010997772,1002,False,1,5,[5.45142269 1.62779718 1.64261025],queued,[ 0.5677905  -0.59831228 -0.99408226]
1163.0368010997772,1003,False,5,0,[-8.09969669  7.9311561   1.99387245],queued,[ 0.63925976  0.24903542 -0.34837281]
1163.0368010997772,1004,False,5,4,[ 8.4395947  -7.44855231  2.64125927],landing,[-0.62185191  0.08809385  0.93462812]
1163.0368010997772,1005,False,2,1,[-7.447047   -1.11914259  1.40883371],queued,[ 0.50568378 -0.03156594 -0.11489306]
1163.1362345218658,1000,False,4,6,[6.81296867 5.29439912 4.        ],exiting,[-0.82138112 -0.19970136 -0.21083176]
1163.1362345218658,1001,False,1,3,[-0.50376145 -8.04333067  2.8402284 ],landing,[-0.48080528  0.59740651 -0.20557775]
1163.1362345218658,1002,False,1,5,[5.45142269 1.62779718 1.71761025],queued,[ 0.5677905  -0.59831228 -0.99408226]
1163.1362345218658,1003,False,5,0,[-8.09969669  7.9311561   2.06887245],queued,[ 0.63925976  0.24903542 -0.34837281]
1163.1362345218658,1004,False,5,4,[ 8.41696268 -7.45120103  2.54389   ],landing,[-0.62185191  0.08809385  0.93462812]
1163.1362345218658,1005,False,2,1,[-7.447047   -1.11914259  1.48383371],queued,[ 0.50568378 -0.03156594 -0.11489306]
1163.2433128356934,1000,False,4,6,[6.84802861 5.38805168 4.        ],exiting,[-0.82138112 -0.19970136 -0.21083176]
1163.2433128356934,1001,False,1,3,[-0.5268556  -8.04131413  2.74295253],landing,[-0.48080528  0.59740651 -0.20557775]
1163.2433128356934,1002,False,1,5,[5.45142269 1.62779718 1.79261025],queued,[ 0.5677905  -0.59831228 -0.99408226]
1163.2433128356934,1003,False,5,0,[-8.09969669  7.9311561   2.14387245],queued,[ 0.63925976  0.24903542 -0.34837281]
1163.2433128356934,1004,False,5,4,[ 8.39433066 -7.45384975  2.44652072],landing,[-0.62185191  0.08809385  0.93462812]
1163.2433128356934,1005,False,2,1,[-7.447047   -1.11914259  1.55883371],queued,[ 0.50568378 -0.03156594 -0.11489306]
1163.3455953598022,1000,False,4,6,[6.88308854 5.48170423 4.        ],exiting,[-0.82138112 -0.19970136 -0.21083176]
1163.3455953598022,1001,False,1,3,[-0.54994974 -8.03929759  2.64567667],landing,[-0.48080528  0.59740651 -0.20557775]
1163.3455953598022,1002,False,1,5,[5.45142269 1.62779718 1.86761025],queued,[ 0.5677905  -0.59831228 -0.99408226]
1163.3455953598022,1003,False,5,0,[-8.09969669  7.9311561   2.21887245],queued,[ 0.63925976  0.24903542 -0.34837281]
1163.3455953598022,1004,False,5,4,[ 8.37169864 -7.45649848  2.34915144],landing,[-0.62185191  0.08809385  0.93462812]
1163.3455953598022,1005,False,2,1,[-7.447047   -1.11914259  1.63383371],queued,[ 0.50568378 -0.03156594 -0.11489306]
1163.4468357563019,1000,False,4,6,[6.91814847 5.57535679 4.        ],exiting,[-0.82138112 -0.19970136 -0.21083176]
1163.4468357563019,1001,False,1,3,[-0.57304388 -8.03728105  2.5484008 ],landing,[-0.48080528  0.59740651 -0.20557775]
1163.4468357563019,1002,False,1,5,[5.45142269 1.62779718 1.94261025],queued,[ 0.5677905  -0.59831228 -0.99408226]
1163.4468357563019,1003,False,5,0,[-8.09969669  7.9311561   2.29387245],queued,[ 0.63925976  0.24903542 -0.34837281]
1163.4468357563019,1004,False,5,4,[ 8.34906662 -7.4591472   2.25178217],landing,[-0.62185191  0.08809385  0.93462812]
1163.4468357563019,1005,False,2,1,[-7.447047   -1.11914259  1.70883371],queued,[ 0.50568378 -0.03156594 -0.11489306]
1163.5388791561127,1000,False,4,6,[6.9532084  5.66900934 4.        ],exiting,[-0.82138112 -0.19970136 -0.21083176]
1163.5388791561127,1001,False,1,3,[-0.59613803 -8.03526451  2.45112494],landing,[-0.48080528  0.59740651 -0.20557775]
1163.5388791561127,1002,False,1,5,[5.45142269 1.62779718 2.01761025],queued,[ 0.5677905  -0.59831228 -0.99408226]
1163.5388791561127,1003,False,5,0,[-8.09969669  7.9311561   2.36887245],queued,[ 0.63925976  0.24903542 -0.34837281]
1163.5388791561127,1004,False,5,4,[ 8.3264346  -7.46179593  2.15441289],landing,[-0.62185191  0.08809385  0.93462812]
1163.5388791561127,1005,False,2,1,[-7.447047   -1.11914259  1.78383371],queued,[ 0.50568378 -0.03156594 -0.11489306]
1163.6512777805328,1000,False,4,6,[6.98826833 5.7626619  4.        ],exiting,[-0.82138112 -0.19970136 -0.21083176]
1163.6512777805328,1001,False,1,3,[-0.61923217 -8.03324797  2.35384907],landing,[-0.48080528  0.59740651 -0.20557775]
1163.6512777805328,1002,False,1,5,[5.45142269 1.62779718 2.09261025],queued,[ 0.5677905  -0.59831228 -0.99408226]
1163.6512777805328,1003,False,5,0,[-8.09969669  7.9311561   2.44387245],queued,[ 0.63925976  0.24903542 -0.34837281]
1163.6512777805328,1004,False,5,4,[ 8.30380258 -7.46444465  2.05704362],landing,[-0.62185191  0.08809385  0.93462812]
1163.6512777805328,1005,False,2,1,[-7.447047   -1.11914259  1.85883371],queued,[ 0.50568378 -0.03156594 -0.11489306]
1163.744679927826,1000,False,4,6,[7.02332826 5.85631446 4.        ],exiting,[-0.82138112 -0.19970136 -0.21083176]
1163.744679927826,1001,False,1,3,[-0.64232631 -8.03123143  2.2565732 ],landing,[-0.48080528  0.59740651 -0.20557775]
1163.744679927826,1002,False,1,5,[5.45142269 1.62779718 2.16761025],queued,[ 0.5677905  -0.59831228 -0.99408226]
1163.744679927826,1003,False,5,0,[-8.09969669  7.9311561   2.51887245],entering,[ 0.63925976  0.24903542 -0.34837281]
1163.744679927826,1004,False,5,4,[ 8.28117056 -7.46709338  1.95967434],landing,[-0.62185191  0.08809385  0.93462812]
1163.744679927826,1005,False,2,1,[-7.447047   -1.11914259  1.93383371],queued,[ 0.50568378 -0.03156594 -0.11489306]
1163.8437707424164,1000,False,4,6,[7.05838819 5.94996701 4.        ],exiting,[-0.82138112 -0.19970136 -0.21083176]
1163.8437707424164,1001,False,1,3,[-0.66542046 -8.02921489  2.15929734],landing,[-0.48080528  0.59740651 -0.20557775]
1163.8437707424164,1002,False,1,5,[5.45142269 1.62779718 2.24261025],queued,[ 0.5677905  -0.59831228 -0.99408226]
1163.8437707424164,1003,False,5,0,[-8.08185133  7.92212598  2.59387245],entering,[ 0.63925976  0.24903542 -0.34837281]
1163.8437707424164,1004,False,5,4,[ 8.25853854 -7.4697421   1.86230506],landing,[-0.62185191  0.08809385  0.93462812]
1163.8437707424164,1005,False,2,1,[-7.447047   -1.11914259  2.00883371],queued,[ 0.50568378 -0.03156594 -0.11489306]
1163.945081949234,1000,False,4,6,[7.09344812 6.04361957 4.        ],exiting,[-0.82138112 -0.19970136 -0.21083176]
1163.945081949234,1001,False,1,3,[-0.6885146  -8.02719835  2.06202147],landing,[-0.48080528  0.59740651 -0.20557775]
1163.945081949234,1002,False,1,5,[5.45142269 1.62779718 2.31761025],queued,[ 0.5677905  -0.59831228 -0.99408226]
1163.945081949234,1003,False,5,0,[-8.04614696  7.90409275  2.66887245],entering,[ 0.63925976  0.24903542 -0.34837281]
1163.945081949234,1004,False,5,4,[ 8.23590652 -7.47239083  1.76493579],landing,[-0.62185191  0.08809385  0.93462812]
1163.945081949234,1005,False,2,1,[-7.447047   -1.11914259  2.08383371],queued,[ 0.50568378 -0.03156594 -0.11489306]
1164.0488817691803,1000,False,4,6,[7.12850805 6.13727213 4.        ],exiting,[-0.82138112 -0.19970136 -0.21083176]
1164.0488817691803,1001,False,1,3,[-0.71160874 -8.02518181  1.96474561],landing,[-0.48080528  0.59740651 -0.20557775]
1164.0488817691803,1002,False,1,5,[5.45142269 1.62779718 2.39261025],queued,[ 0.5677905  -0.59831228 -0.99408226]
1164.0488817691803,1003,False,5,0,[-7.99255349  7.87711637  2.74387245],entering,[ 0.63925976  0.24903542 -0.34837281]
1164.0488817691803,1004,False,5,4,[ 8.2132745  -7.47503955  1.66756651],landing,[-0.62185191  0.08809385  0.93462812]
1164.0488817691803,1005,False,2,1,[-7.447047   -1.11914259  2.15883371],entering,[ 0.50568378 -0.03156594 -0.11489306]
1164.1358351707458,1000,False,4,6,[7.16356798 6.23092468 4.        ],exiting,[-0.82138112 -0.19970136 -0.21083176]
1164.1358351707458,1001,False,1,3,[-0.73470289 -8.02316527  1.86746974],landing,[-0.48080528  0.59740651 -0.20557775]
1164.1358351707458,1002,False,1,5,[5.45142269 1.62779718 2.46761025],queued,[ 0.5677905  -0.59831228 -0.99408226]
1164.1358351707458,1003,False,5,0,[-7.92101391  7.84131179  2.81887245],entering,[ 0.63925976  0.24903542 -0.34837281]
1164.1358351707458,1004,False,5,4,[ 8.19064248 -7.47768828  1.57019724],landing,[-0.62185191  0.08809385  0.93462812]
1164.1358351707458,1005,False,2,1,[-7.43397007 -1.10401005  2.23383371],entering,[ 0.50568378 -0.03156594 -0.11489306]
1164.2481083869934,1000,False,4,6,[7.19862791 6.32457724 4.        ],exiting,[-0.82138112 -0.19970136 -0.21083176]
1164.2481083869934,1001,False,1,3,[-0.75779703 -8.02114873  1.77019387],landing,[-0.48080528  0.59740651 -0.20557775]
1164.2481083869934,1002,False,1,5,[5.45142269 1.62779718 2.54261025],queued,[ 0.5677905  -0.59831228 -0.99408226]
1164.2481083869934,1003,False,5,0,[-7.83147615  7.79678566  2.89387245],entering,[ 0.63925976  0.24903542 -0.34837281]
1164.2481083869934,1004,False,5,4,[ 8.16801046 -7.480337    1.47282796],fake_landed,[-0.62185191  0.08809385  0.93462812]
1164.2481083869934,1005,False,2,1,[-7.40783115 -1.07373207  2.30883371],entering,[ 0.50568378 -0.03156594 -0.11489306]
1164.3407106399536,1000,False,4,6,[7.23368784 6.41822979 4.        ],exiting,[-0.82138112 -0.19970136 -0.21083176]
1164.3407106399536,1001,False,1,3,[-0.78089117 -8.01913219  1.67291801],landing,[-0.48080528  0.59740651 -0.20557775]
1164.3407106399536,1002,False,1,5,[5.45142269 1.62779718 2.61761025],entering,[ 0.5677905  -0.59831228 -0.99408226]
1164.3407106399536,1003,False,5,0,[-7.72391427  7.74359171  2.96887245],entering,[ 0.63925976  0.24903542 -0.34837281]
1164.3407106399536,1004,False,5,4,[ 8.14990484 -7.48245598  1.39493254],fake_landed,[-0.62185191  0.08809385  0.93462812]
1164.3407106399536,1005,False,2,1,[-7.36866331 -1.02828017  2.38383371],entering,[ 0.50568378 -0.03156594 -0.11489306]
1164.4438202381134,1000,False,4,6,[7.26874777 6.51188235 4.        ],exiting,[-0.82138112 -0.19970136 -0.21083176]
1164.4438202381134,1001,False,1,3,[-0.80398532 -8.01711565  1.57564214],landing,[-0.48080528  0.59740651 -0.20557775]
1164.4438202381134,1002,False,1,5,[5.47111682 1.62431275 2.69261025],entering,[ 0.5677905  -0.59831228 -0.99408226]
1164.4438202381134,1003,False,5,0,[-7.59831653  7.68175439  3.04387245],entering,[ 0.63925976  0.24903542 -0.34837281]
1164.4438202381134,1004,False,5,4,[ 8.13632563 -7.48404521  1.33651097],fake_landed,[-0.62185191  0.08809385  0.93462812]
1164.4438202381134,1005,False,2,1,[-7.31652975 -0.96760035  2.45883371],entering,[ 0.50568378 -0.03156594 -0.11489306]
1164.5489518642426,1000,False,4,6,[7.3038077  6.60553491 4.        ],exiting,[-0.82138112 -0.19970136 -0.21083176]
1164.5489518642426,1001,False,1,3,[-0.82707946 -8.01509911  1.47836628],fake_landed,[-0.48080528  0.59740651 -0.20557775]
1164.5489518642426,1002,False,1,5,[5.51049943 1.61731212 2.76761025],entering,[ 0.5677905  -0.59831228 -0.99408226]
1164.5489518642426,1003,False,5,0,[-7.45423599  7.61227599  3.11887245],entering,[ 0.63925976  0.24903542 -0.34837281]
1164.5489518642426,1004,False,5,4,[ 8.12727282 -7.4851047   1.29756326],fake_landed,[-0.62185191  0.08809385  0.93462812]
1164.5489518642426,1005,False,2,1,[-7.25155431 -0.89158801  2.53383371],entering,[ 0.50568378 -0.03156594 -0.11489306]
1164.6376507282257,1000,False,4,6,[7.33886763 6.69918746 4.        ],exiting,[-0.82138112 -0.19970136 -0.21083176]
1164.6376507282257,1001,False,1,3,[-0.84555478 -8.01348588  1.40054558],fake_landed,[-0.48080528  0.59740651 -0.20557775]
1164.6376507282257,1002,False,1,5,[5.56955782 1.60672489 2.84261025],entering,[ 0.5677905  -0.59831228 -0.99408226]
1164.6376507282257,1003,False,5,0,[-7.29142983  7.53577254  3.19387245],entering,[ 0.63925976  0.24903542 -0.34837281]
1164.6376507282257,1004,False,5,4,[ 8.12274642 -7.48563445  1.27808941],fake_landed,[-0.62185191  0.08809385  0.93462812]
1164.6376507282257,1005,False,2,1,[-7.17405526 -0.7999821   2.60883371],entering,[ 0.50568378 -0.03156594 -0.11489306]
1164.738368988037,1000,False,4,6,[7.37392756 6.79284002 4.        ],exiting,[-0.82138112 -0.19970136 -0.21083176]
1164.738368988037,1001,False,1,3,[-0.85941126 -8.01227596  1.34218006],fake_landed,[-0.48080528  0.59740651 -0.20557775]
1164.738368988037,1002,False,1,5,[5.64821809 1.592167   2.91761025],entering,[ 0.5677905  -0.59831228 -0.99408226]
1164.738368988037,1003,False,5,0,[-7.10914568  7.45472953  3.26887245],entering,[ 0.63925976  0.24903542 -0.34837281]
1164.738368988037,1004,False,5,4,[ 8.12274642 -7.48563445  1.27808941],fake_landed,[-0.62185191  0.08809385  0.93462812]
1164.738368988037,1005,False,2,1,[-7.08435755 -0.69252713  2.68383371],entering,[ 0.50568378 -0.03156594 -0.11489306]
1164.836549282074,1000,False,4,6,[7.40898749 6.88649257 4.        ],exiting,[-0.82138112 -0.19970136 -0.21083176]
1164.836549282074,1001,False,1,3,[-0.86864892 -8.01146934  1.30326972],fake_landed,[-0.48080528  0.59740651 -0.20557775]
1164.836549282074,1002,False,1,5,[5.74639918 1.57325734 2.99261025],entering,[ 0.5677905  -0.59831228 -0.99408226]
1164.836549282074,1003,False,5,0,[-6.92532526  7.37592564  3.34387245],entering,[ 0.63925976  0.24903542 -0.34837281]
1164.836549282074,1004,False,4,2,[ 8.12274642 -7.48563445  1.27808941],waiting,[-0.62185191  0.08809385  0.93462812]
1164.836549282074,1005,False,2,1,[-6.98301152 -0.56881435  2.75883371],entering,[ 0.50568378 -0.03156594 -0.11489306]
1164.9435739517212,1000,False,4,6,[7.44404742 6.98014513 4.        ],exiting,[-0.82138112 -0.19970136 -0.21083176]
1164.9435739517212,1001,False,1,3,[-0.87326775 -8.01106603  1.28381454],fake_landed,[-0.48080528  0.59740651 -0.20557775]
1164.9435739517212,1002,False,1,5,[5.86396014 1.54940597 3.06761025],entering,[ 0.5677905  -0.59831228 -0.99408226]
1164.9435739517212,1003,False,5,0,[-6.73937473  7.30228868  3.41887245],entering,[ 0.63925976  0.24903542 -0.34837281]
1164.9435739517212,1004,False,4,2,[ 8.12274642 -7.48563445  1.27808941],waiting,[-0.62185191  0.08809385  0.93462812]
1164.9435739517212,1005,False,2,1,[-6.87119524 -0.42806121  2.83383371],entering,[ 0.50568378 -0.03156594 -0.11489306]
1165.0375847816467,1000,False,4,6,[7.47910735 7.07379769 4.        ],exiting,[-0.82138112 -0.19970136 -0.21083176]
1165.0375847816467,1001,False,1,3,[-0.87326775 -8.01106603  1.28381454],fake_landed,[-0.48080528  0.59740651 -0.20557775]
1165.0375847816467,1002,False,1,5,[6.0007155  1.51993541 3.14261025],entering,[ 0.5677905  -0.59831228 -0.99408226]
1165.0375847816467,1003,False,5,0,[-6.55189369  7.23264057  3.49387245],entering,[ 0.63925976  0.24903542 -0.34837281]
1165.0375847816467,1004,False,4,2,[ 8.12274642 -7.48563445  1.27808941],waiting,[-0.62185191  0.08809385  0.93462812]
1165.0375847816467,1005,False,2,1,[-6.75156664 -0.26889699  2.90883371],entering,[ 0.50568378 -0.03156594 -0.11489306]
1165.1362447738647,1000,False,4,6,[7.51416728 7.16745024 4.        ],exiting,[-0.82138112 -0.19970136 -0.21083176]
1165.1362447738647,1001,False,3,4,[-0.87326775 -8.01106603  1.28381454],waiting,[-0.48080528  0.59740651 -0.20557775]
1165.1362447738647,1002,False,1,5,[6.15599069 1.48291398 3.21761025],entering,[ 0.5677905  -0.59831228 -0.99408226]
1165.1362447738647,1003,False,5,0,[-6.36271118  7.16775621  3.56887245],entering,[ 0.63925976  0.24903542 -0.34837281]
1165.1362447738647,1004,False,4,2,[ 8.12274642 -7.48563445  1.27808941],waiting,[-0.62185191  0.08809385  0.93462812]
1165.1362447738647,1005,False,2,1,[-6.63485214 -0.10648478  2.98383371],entering,[ 0.50568378 -0.03156594 -0.11489306]
1165.2446208000183,1000,False,4,6,[7.54922722 7.2611028  4.        ],exiting,[-0.82138112 -0.19970136 -0.21083176]
1165.2446208000183,1001,False,3,4,[-0.87326775 -8.01106603  1.28381454],waiting,[-0.48080528  0.59740651 -0.20557775]
1165.2446208000183,1002,False,1,5,[6.32886687 1.43639491 3.29261025],entering,[ 0.5677905  -0.59831228 -0.99408226]
1165.2446208000183,1003,False,5,0,[-6.17148062  7.10918256  3.63354159],entering,[ 0.63925976  0.24903542 -0.34837281]
1165.2446208000183,1004,False,4,2,[ 8.12274642 -7.48563445  1.27808941],waiting,[-0.62185191  0.08809385  0.93462812]
1165.2446208000183,1005,False,2,1,[-6.52167982  0.05841526  3.05883371],entering,[ 0.50568378 -0.03156594 -0.11489306]
1165.3372385501862,1000,False,4,6,[7.58428715 7.35475536 4.        ],exiting,[-0.82138112 -0.19970136 -0.21083176]
1165.3372385501862,1001,False,3,4,[-0.87326775 -8.01106603  1.28381454],waiting,[-0.48080528  0.59740651 -0.20557775]
1165.3372385501862,1002,False,1,5,[6.51524209 1.37511861 3.36761025],entering,[ 0.5677905  -0.59831228 -0.99408226]
1165.3372385501862,1003,False,5,0,[-5.9779879   7.05858051  3.68851035],entering,[ 0.63925976  0.24903542 -0.34837281]
1165.3372385501862,1004,False,4,2,[ 8.12274642 -7.48563445  1.27808941],waiting,[-0.62185191  0.08809385  0.93462812]
1165.3372385501862,1005,False,2,1,[-6.41266713  0.22609423  3.13383371],entering,[ 0.50568378 -0.03156594 -0.11489306]
1165.4361073970795,1000,False,4,6,[7.61934708 7.44840791 4.        ],exiting,[-0.82138112 -0.19970136 -0.21083176]
1165.4361073970795,1001,False,3,4,[-0.87326775 -8.01106603  1.28381454],waiting,[-0.48080528  0.59740651 -0.20557775]
1165.4361073970795,1002,False,1,5,[6.70221063 1.30410619 3.44261025],entering,[ 0.5677905  -0.59831228 -0.99408226]
1165.4361073970795,1003,False,5,0,[-5.78240874  7.01676196  3.7352338 ],entering,[ 0.63925976  0.24903542 -0.34837281]
1165.4361073970795,1004,False,4,2,[ 8.12274642 -7.48563445  1.27808941],waiting,[-0.62185191  0.08809385  0.93462812]
1165.4361073970795,1005,False,2,1,[-6.3083546   0.39673682  3.20883371],entering,[ 0.50568378 -0.03156594 -0.11489306]
1165.5465264320374,1000,False,4,6,[7.65440701 7.54206047 4.        ],exiting,[-0.82138112 -0.19970136 -0.21083176]
1165.5465264320374,1001,False,3,4,[-0.87326775 -8.01106603  1.28381454],waiting,[-0.48080528  0.59740651 -0.20557775]
1165.5465264320374,1002,False,1,5,[6.88518865 1.22336557 3.51761025],entering,[ 0.5677905  -0.59831228 -0.99408226]
1165.5465264320374,1003,False,5,0,[-5.58521228  6.98339199  3.77494873],entering,[ 0.63925976  0.24903542 -0.34837281]
1165.5465264320374,1004,False,4,2,[ 8.12274642 -7.48563445  1.27808941],waiting,[-0.62185191  0.08809385  0.93462812]
1165.5465264320374,1005,False,2,1,[-6.20944759  0.57056836  3.28383371],entering,[ 0.50568378 -0.03156594 -0.11489306]
1165.6433522701263,1000,False,4,6,[7.68946694 7.63571302 4.        ],exiting,[-0.82138112 -0.19970136 -0.21083176]
1165.6433522701263,1001,False,3,4,[-0.87326775 -8.01106603  1.28381454],waiting,[-0.48080528  0.59740651 -0.20557775]
1165.6433522701263,1002,False,1,5,[7.06318147 1.13215945 3.58996871],entering,[ 0.5677905  -0.59831228 -0.99408226]
1165.6433522701263,1003,False,5,0,[-5.38628759  6.9626804   3.80870642],entering,[ 0.63925976  0.24903542 -0.34837281]
1165.6433522701263,1004,False,4,2,[ 8.12274642 -7.48563445  1.27808941],waiting,[-0.62185191  0.08809385  0.93462812]
1165.6433522701263,1005,False,2,1,[-6.11678134  0.74780539  3.35883371],entering,[ 0.50568378 -0.03156594 -0.11489306]
1165.7425708770752,1000,False,4,6,[7.72452687 7.72936558 4.        ],exiting,[-0.82138112 -0.19970136 -0.21083176]
1165.7425708770752,1001,False,3,4,[-0.87326775 -8.01106603  1.28381454],waiting,[-0.48080528  0.59740651 -0.20557775]
1165.7425708770752,1002,False,1,5,[7.23495689 1.02972311 3.6514734 ],entering,[ 0.5677905  -0.59831228 -0.99408226]
1165.7425708770752,1003,False,5,0,[-5.18657745  6.95191668  3.83740045],entering,[ 0.63925976  0.24903542 -0.34837281]
1165.7425708770752,1004,False,4,2,[ 8.12274642 -7.48563445  1.27808941],waiting,[-0.62185191  0.08809385  0.93462812]
1165.7425708770752,1005,False,2,1,[-6.03132765  0.92863036  3.43383371],entering,[ 0.50568378 -0.03156594 -0.11489306]
1165.8440570831299,1000,False,4,6,[7.7595868  7.82301814 4.        ],exiting,[-0.82138112 -0.19970136 -0.21083176]
1165.8440570831299,1001,False,3,4,[-0.87326775 -8.01106603  1.28381454],waiting,[-0.48080528  0.59740651 -0.20557775]
1165.8440570831299,1002,False,1,5,[7.40027099 0.91715647 3.70375239],entering,[ 0.5677905  -0.59831228 -0.99408226]
1165.8440570831299,1003,False,5,0,[-4.98657805  6.9514277   3.86179039],cruising,[ 0.63925976  0.24903542 -0.34837281]
1165.8440570831299,1004,False,4,2,[ 8.12274642 -7.48563445  1.27808941],waiting,[-0.62185191  0.08809385  0.93462812]
1165.8440570831299,1005,False,2,1,[-5.95424532  1.1131793   3.50883371],entering,[ 0.50568378 -0.03156594 -0.11489306]
1165.9393038749695,1000,False,4,6,[7.79464673 7.91667069 4.        ],exiting,[-0.82138112 -0.19970136 -0.21083176]
1165.9393038749695,1001,False,3,4,[-0.87326775 -8.01106603  1.28381454],waiting,[-0.48080528  0.59740651 -0.20557775]
1165.9393038749695,1002,False,1,5,[7.55613262 0.7918283  3.74818953],entering,[ 0.5677905  -0.59831228 -0.99408226]
1165.9393038749695,1003,False,5,0,[-4.78679568  6.9607554   3.88252183],cruising,[ 0.63925976  0.24903542 -0.34837281]
1165.9393038749695,1004,False,4,2,[ 8.12274642 -7.48563445  1.27808941],waiting,[-0.62185191  0.08809385  0.93462812]
1165.9393038749695,1005,False,2,1,[-5.88688552  1.30149462  3.58250865],entering,[ 0.50568378 -0.03156594 -0.11489306]
1166.037645816803,1000,False,4,6,[7.82970666 8.01032325 4.        ],exiting,[-0.82138112 -0.19970136 -0.21083176]
1166.037645816803,1001,False,3,4,[-0.87326775 -8.01106603  1.28381454],waiting,[-0.48080528  0.59740651 -0.20557775]
1166.037645816803,1002,False,1,5,[7.70056517 0.65348365 3.7859611 ],entering,[ 0.5677905  -0.59831228 -0.99408226]
1166.037645816803,1003,False,5,0,[-4.58760596  6.97874032  3.90014355],cruising,[ 0.63925976  0.24903542 -0.34837281]
1166.037645816803,1004,False,4,2,[ 8.12274642 -7.48563445  1.27808941],waiting,[-0.62185191  0.08809385  0.93462812]
1166.037645816803,1005,False,2,1,[-5.83076643  1.49345984  3.64513235],entering,[ 0.50568378 -0.03156594 -0.11489306]
1166.1407613754272,1000,False,4,6,[7.86476659 8.1039758  4.        ],exiting,[-0.82138112 -0.19970136 -0.21083176]
1166.1407613754272,1001,False,3,4,[-0.87326775 -8.01106603  1.28381454],waiting,[-0.48080528  0.59740651 -0.20557775]
1166.1407613754272,1002,False,1,5,[7.83157878 0.50236968 3.81806694],entering,[ 0.5677905  -0.59831228 -0.99408226]
1166.1407613754272,1003,False,5,0,[-4.38918048  7.00378684  3.91512202],cruising,[ 0.63925976  0.24903542 -0.34837281]
1166.1407613754272,1004,False,4,2,[ 8.12274642 -7.48563445  1.27808941],waiting,[-0.62185191  0.08809385  0.93462812]
1166.1407613754272,1005,False,2,1,[-5.78749307  1.68872227  3.6983625 ],entering,[ 0.50568378 -0.03156594 -0.11489306]
1166.2397980690002,1000,False,4,6,[7.89982652 8.19762836 4.        ],exiting,[-0.82138112 -0.19970136 -0.21083176]
1166.2397980690002,1001,False,3,4,[-0.87326775 -8.01106603  1.28381454],waiting,[-0.48080528  0.59740651 -0.20557775]
1166.2397980690002,1002,False,1,5,[7.94745595 0.339359   3.8453569 ],entering,[ 0.5677905  -0.59831228 -0.99408226]
1166.2397980690002,1003,False,5,0,[-4.19149668  7.0341367   3.92785372],cruising,[ 0.63925976  0.24903542 -0.34837281]
1166.2397980690002,1004,False,4,2,[ 8.12274642 -7.48563445  1.27808941],waiting,[-0.62185191  0.08809385  0.93462812]
1166.2397980690002,1005,False,2,1,[-5.75859822  1.88662398  3.74360813],entering,[ 0.50568378 -0.03156594 -0.11489306]
1166.3365564346313,1000,False,4,6,[7.93488645 8.29128092 4.        ],exiting,[-0.82138112 -0.19970136 -0.21083176]
1166.3365564346313,1001,False,3,4,[-0.87326775 -8.01106603  1.28381454],waiting,[-0.48080528  0.59740651 -0.20557775]
1166.3365564346313,1002,False,1,5,[8.04707599 0.1659351  3.86855336],cruising,[ 0.5677905  -0.59831228 -0.99408226]
1166.3365564346313,1003,False,5,0,[-3.99439649  7.06807068  3.93867566],cruising,[ 0.63925976  0.24903542 -0.34837281]
1166.3365564346313,1004,False,4,2,[ 8.12274642 -7.48563445  1.27808941],waiting,[-0.62185191  0.08809385  0.93462812]
1166.3365564346313,1005,False,2,1,[-5.74529957  2.08618136  3.78206691],entering,[ 0.50568378 -0.03156594 -0.11489306]
1166.4437930583954,1000,False,4,6,[7.96994638 8.38493347 4.        ],exiting,[-0.82138112 -0.19970136 -0.21083176]
1166.4437930583954,1001,False,3,4,[-0.87326775 -8.01106603  1.28381454],waiting,[-0.48080528  0.59740651 -0.20557775]
1166.4437930583954,1002,False,1,5,[ 8.12911164 -0.01641726  3.88842237],cruising,[ 0.5677905  -0.59831228 -0.99408226]
1166.4437930583954,1003,False,5,0,[-3.7976536   7.10401834  3.94787431],cruising,[ 0.63925976  0.24903542 -0.34837281]
1166.4437930583954,1004,False,4,2,[ 8.12274642 -7.48563445  1.27808941],waiting,[-0.62185191  0.08809385  0.93462812]
1166.4437930583954,1005,False,2,1,[-5.74736002  2.28617074  3.81475687],entering,[ 0.50568378 -0.03156594 -0.11489306]
1166.5402874946594,1000,False,4,6,[8.00500631 8.47858603 4.        ],exiting,[-0.82138112 -0.19970136 -0.21083176]
1166.5402874946594,1001,False,3,4,[-0.87326775 -8.01106603  1.28381454],waiting,[-0.48080528  0.59740651 -0.20557775]
1166.5402874946594,1002,False,1,5,[ 8.19442482 -0.20545214  3.90515902],cruising,[ 0.5677905  -0.59831228 -0.99408226]
1166.5402874946594,1003,False,5,0,[-3.60058769  7.13815085  3.95569316],cruising,[ 0.63925976  0.24903542 -0.34837281]
1166.5402874946594,1004,False,4,2,[ 8.12274642 -7.48563445  1.27808941],waiting,[-0.62185191  0.08809385  0.93462812]
1166.5402874946594,1005,False,2,1,[-5.76541452  2.48535417  3.84254334],cruising,[ 0.50568378 -0.03156594 -0.11489306]
1166.6364743709564,1000,False,4,6,[8.04006624 8.57223859 4.        ],exiting,[-0.82138112 -0.19970136 -0.21083176]
1166.6364743709564,1001,False,3,4,[-0.87326775 -8.01106603  1.28381454],waiting,[-0.48080528  0.59740651 -0.20557775]
1166.6364743709564,1002,False,1,5,[ 8.24519161 -0.39890171  3.91938516],cruising,[ 0.5677905  -0.59831228 -0.99408226]
1166.6364743709564,1003,False,5,0,[-3.40349374  7.17212103  3.96233919],cruising,[ 0.63925976  0.24903542 -0.34837281]
1166.6364743709564,1004,False,4,2,[ 8.12274642 -7.48563445  1.27808941],waiting,[-0.62185191  0.08809385  0.93462812]
1166.6364743709564,1005,False,2,1,[-5.79724957  2.68280423  3.86616184],cruising,[ 0.50568378 -0.03156594 -0.11489306]
1166.7361817359924,1000,False,4,6,[8.07512617 8.66589114 4.        ],exiting,[-0.82138112 -0.19970136 -0.21083176]
1166.7361817359924,1001,False,3,4,[-0.87326775 -8.01106603  1.28381454],queued,[-0.48080528  0.59740651 -0.20557775]
1166.7361817359924,1002,False,1,5,[ 8.2829728  -0.59530074  3.93147739],cruising,[ 0.5677905  -0.59831228 -0.99408226]
1166.7361817359924,1003,False,5,0,[-3.20617253  7.20474531  3.96798831],cruising,[ 0.63925976  0.24903542 -0.34837281]
1166.7361817359924,1004,False,4,2,[ 8.12274642 -7.48563445  1.27808941],waiting,[-0.62185191  0.08809385  0.93462812]
1166.7361817359924,1005,False,2,1,[-5.84228689  2.87766736  3.88623756],cruising,[ 0.50568378 -0.03156594 -0.11489306]
1166.837094783783,1000,False,4,6,[8.1101861 8.7595437 4.       ],exiting,[-0.82138112 -0.19970136 -0.21083176]
1166.837094783783,1001,False,3,4,[-0.87326775 -8.01106603  1.30381454],queued,[-0.48080528  0.59740651 -0.20557775]
1166.837094783783,1002,False,1,5,[ 8.30940725 -0.7935461   3.94175578],cruising,[ 0.5677905  -0.59831228 -0.99408226]
1166.837094783783,1003,False,5,0,[-3.00807897  7.23229417  3.97279006],cruising,[ 0.63925976  0.24903542 -0.34837281]
1166.837094783783,1004,False,4,2,[ 8.12274642 -7.48563445  1.27808941],queued,[-0.62185191  0.08809385  0.93462812]
1166.837094783783,1005,False,2,1,[-5.89682807  3.07008685  3.90330193],cruising,[ 0.50568378 -0.03156594 -0.11489306]
1166.9459919929504,1000,False,4,6,[8.14524603 8.85319625 4.        ],exiting,[-0.82138112 -0.19970136 -0.21083176]
1166.9459919929504,1001,False,3,4,[-0.87326775 -8.01106603  1.34381454],queued,[-0.48080528  0.59740651 -0.20557775]
1166.9459919929504,1002,False,1,5,[ 8.3239175  -0.99301903  3.95049241],cruising,[ 0.5677905  -0.59831228 -0.99408226]
1166.9459919929504,1003,False,5,0,[-2.80958107  7.25676014  3.97687155],cruising,[ 0.63925976  0.24903542 -0.34837281]
1166.9459919929504,1004,False,4,2,[ 8.12274642 -7.48563445  1.29808941],queued,[-0.62185191  0.08809385  0.93462812]
1166.9459919929504,1005,False,2,1,[-5.95843529  3.26036179  3.91780664],cruising,[ 0.50568378 -0.03156594 -0.11489306]
1167.0482687950134,1000,False,4,6,[8.18030596 8.94684881 4.        ],exiting,[-0.82138112 -0.19970136 -0.21083176]
1167.0482687950134,1001,False,3,4,[-0.87326775 -8.01106603  1.40381454],queued,[-0.48080528  0.59740651 -0.20557775]
1167.0482687950134,1002,False,1,5,[ 8.33026812 -1.19291818  3.95791855],cruising,[ 0.5677905  -0.59831228 -0.99408226]
1167.0482687950134,1003,False,5,0,[-2.61032101  7.2739482   3.98034082],cruising,[ 0.63925976  0.24903542 -0.34837281]
1167.0482687950134,1004,False,4,2,[ 8.12274642 -7.48563445  1.33808941],queued,[-0.62185191  0.08809385  0.93462812]
1167.0482687950134,1005,False,2,1,[-6.02472123  3.44905777  3.93013564],cruising,[ 0.50568378 -0.03156594 -0.11489306]
1167.1373896598816,1000,False,4,6,[8.21536589 9.04050137 4.        ],exiting,[-0.82138112 -0.19970136 -0.21083176]
1167.1373896598816,1001,False,3,4,[-0.87326775 -8.01106603  1.47881454],queued,[-0.48080528  0.59740651 -0.20557775]
1167.1373896598816,1002,False,1,5,[ 8.32951585 -1.39291677  3.96423077],cruising,[ 0.5677905  -0.59831228 -0.99408226]
1167.1373896598816,1003,False,5,0,[-2.41068831  7.28606359  3.9832897 ],cruising,[ 0.63925976  0.24903542 -0.34837281]
1167.1373896598816,1004,False,4,2,[ 8.12274642 -7.48563445  1.39808941],queued,[-0.62185191  0.08809385  0.93462812]
1167.1373896598816,1005,False,2,1,[-6.0934143   3.63689084  3.9406153 ],cruising,[ 0.50568378 -0.03156594 -0.11489306]
1167.2462980747223,1000,False,4,6,[8.25042583 9.13415392 4.        ],landing,[-0.82138112 -0.19970136 -0.21083176]
1167.2462980747223,1001,False,3,4,[-0.87326775 -8.01106603  1.55381454],queued,[-0.48080528  0.59740651 -0.20557775]
1167.2462980747223,1002,False,1,5,[ 8.3202369  -1.5927014   3.96959615],cruising,[ 0.5677905  -0.59831228 -0.99408226]
1167.2462980747223,1003,False,5,0,[-2.21069532  7.28773907  3.98579624],cruising,[ 0.63925976  0.24903542 -0.34837281]
1167.2462980747223,1004,False,4,2,[ 8.12274642 -7.48563445  1.47308941],queued,[-0.62185191  0.08809385  0.93462812]
1167.2462980747223,1005,False,2,1,[-6.16234187  3.82463798  3.949523  ],cruising,[ 0.50568378 -0.03156594 -0.11489306]
1167.3375520706177,1000,False,4,6,[8.28366545 9.21370079 3.98593884],landing,[-0.82138112 -0.19970136 -0.21083176]
1167.3375520706177,1001,False,3,4,[-0.87326775 -8.01106603  1.62881454],queued,[-0.48080528  0.59740651 -0.20557775]
1167.3375520706177,1002,False,1,5,[ 8.30565317 -1.79216898  3.97415673],cruising,[ 0.5677905  -0.59831228 -0.99408226]
1167.3375520706177,1003,False,5,0,[-2.01131973  7.27194748  3.98792681],cruising,[ 0.63925976  0.24903542 -0.34837281]
1167.3375520706177,1004,False,4,2,[ 8.12274642 -7.48563445  1.54808941],queued,[-0.62185191  0.08809385  0.93462812]
1167.3375520706177,1005,False,2,1,[-6.22935904  4.01307551  3.95709455],cruising,[ 0.50568378 -0.03156594 -0.11489306]
1167.4501178264618,1000,False,4,6,[8.31498922 9.27899387 3.95797953],landing,[-0.82138112 -0.19970136 -0.21083176]
1167.4501178264618,1001,False,3,4,[-0.87326775 -8.01106603  1.70381454],queued,[-0.48080528  0.59740651 -0.20557775]
1167.4501178264618,1002,False,1,5,[ 8.28618293 -1.991219    3.97803322],cruising,[ 0.5677905  -0.59831228 -0.99408226]
1167.4501178264618,1003,False,5,0,[-1.81435503  7.23723575  3.98973779],cruising,[ 0.63925976  0.24903542 -0.34837281]
1167.4501178264618,1004,False,4,2,[ 8.12274642 -7.48563445  1.62308941],queued,[-0.62185191  0.08809385  0.93462812]
1167.4501178264618,1005,False,2,1,[-6.29224181  4.20293271  3.96353037],cruising,[ 0.50568378 -0.03156594 -0.11489306]
1167.5360765457153,1000,False,4,6,[8.34428372 9.3298595  3.91631871],landing,[-0.82138112 -0.19970136 -0.21083176]
1167.5360765457153,1001,False,3,4,[-0.87326775 -8.01106603  1.77881454],queued,[-0.48080528  0.59740651 -0.20557775]
1167.5360765457153,1002,False,1,5,[ 8.25950824 -2.18943217  3.98132824],cruising,[ 0.5677905  -0.59831228 -0.99408226]
1167.5360765457153,1003,False,5,0,[-1.62101849  7.18604021  3.99127712],cruising,[ 0.63925976  0.24903542 -0.34837281]
1167.5360765457153,1004,False,4,2,[ 8.12274642 -7.48563445  1.69808941],queued,[-0.62185191  0.08809385  0.93462812]
1167.5360765457153,1005,False,2,1,[-6.34855319  4.39484161  3.96900081],cruising,[ 0.50568378 -0.03156594 -0.11489306]
1167.6447548866272,1000,False,4,6,[8.37139231 9.36606165 3.8612339 ],landing,[-0.82138112 -0.19970136 -0.21083176]
1167.6447548866272,1001,False,3,4,[-0.87326775 -8.01106603  1.85381454],entering,[-0.48080528  0.59740651 -0.20557775]
1167.6447548866272,1002,False,1,5,[ 8.22870754 -2.38704623  3.984129  ],cruising,[ 0.5677905  -0.59831228 -0.99408226]
1167.6447548866272,1003,False,5,0,[-1.43191037  7.12093936  3.99258555],cruising,[ 0.63925976  0.24903542 -0.34837281]
1167.6447548866272,1004,False,4,2,[ 8.12274642 -7.48563445  1.77308941],queued,[-0.62185191  0.08809385  0.93462812]
1167.6447548866272,1005,False,2,1,[-6.38923038  4.59066134  3.97365069],cruising,[ 0.50568378 -0.03156594 -0.11489306]
1167.7446691989899,1000,False,4,6,[8.39618292 9.38740483 3.79296431],landing,[-0.82138112 -0.19970136 -0.21083176]
1167.7446691989899,1001,False,3,4,[-0.87975896 -7.99214874  1.92881454],entering,[-0.48080528  0.59740651 -0.20557775]
1167.7446691989899,1002,False,1,5,[ 8.19378277 -2.58397328  3.98650965],cruising,[ 0.5677905  -0.59831228 -0.99408226]
1167.7446691989899,1003,False,5,0,[-1.24712043  7.04443658  3.99369772],cruising,[ 0.63925976  0.24903542 -0.34837281]
1167.7446691989899,1004,False,4,2,[ 8.12274642 -7.48563445  1.84808941],queued,[-0.62185191  0.08809385  0.93462812]
1167.7446691989899,1005,False,2,1,[-6.41681022  4.7887506   3.97760309],cruising,[ 0.50568378 -0.03156594 -0.11489306]
1167.8361082077026,1000,False,4,6,[8.41853181 9.39370882 3.71173862],landing,[-0.82138112 -0.19970136 -0.21083176]
1167.8361082077026,1001,False,3,4,[-0.89274139 -7.95431414  2.00381454],entering,[-0.48080528  0.59740651 -0.20557775]
1167.8361082077026,1002,False,1,5,[ 8.15140601 -2.77943225  3.9885332 ],cruising,[ 0.5677905  -0.59831228 -0.99408226]
1167.8361082077026,1003,False,5,0,[-1.06496436  6.96185833  3.99464306],cruising,[ 0.63925976  0.24903542 -0.34837281]
1167.8361082077026,1004,False,4,2,[ 8.12274642 -7.48563445  1.92308941],queued,[-0.62185191  0.08809385  0.93462812]
1167.8361082077026,1005,False,2,1,[-6.42444117  4.98820452  3.98113199],cruising,[ 0.50568378 -0.03156594 -0.11489306]
1167.9385302066803,1000,False,4,6,[8.43831289 9.38479292 3.61779439],landing,[-0.82138112 -0.19970136 -0.21083176]
1167.9385302066803,1001,False,3,4,[-0.91221502 -7.89756225  2.07881454],entering,[-0.48080528  0.59740651 -0.20557775]
1167.9385302066803,1002,False,1,5,[ 8.10499065 -2.97397174  3.99025322],cruising,[ 0.5677905  -0.59831228 -0.99408226]
1167.9385302066803,1003,False,5,0,[-0.8868412   6.87090703  3.9954466 ],cruising,[ 0.63925976  0.24903542 -0.34837281]
1167.9385302066803,1004,False,4,2,[ 8.12274642 -7.48563445  1.99808941],queued,[-0.62185191  0.08809385  0.93462812]
1167.9385302066803,1005,False,2,1,[-6.4121189   5.18632574  3.98435608],cruising,[ 0.50568378 -0.03156594 -0.11489306]
1168.0367949008942,1000,False,4,6,[8.45736923 9.37173806 3.52049882],landing,[-0.82138112 -0.19970136 -0.21083176]
1168.0367949008942,1001,False,3,4,[-0.93817988 -7.82189306  2.15381454],entering,[-0.48080528  0.59740651 -0.20557775]
1168.0367949008942,1002,False,1,5,[ 8.05033361 -3.16635835  3.99171524],cruising,[ 0.5677905  -0.59831228 -0.99408226]
1168.0367949008942,1003,False,5,0,[-0.71206091  6.7736864   3.99612961],cruising,[ 0.63925976  0.24903542 -0.34837281]
1168.0367949008942,1004,False,4,2,[ 8.12274642 -7.48563445  2.07308941],queued,[-0.62185191  0.08809385  0.93462812]
1168.0367949008942,1005,False,2,1,[-6.3801813   5.38055245  3.98731238],cruising,[ 0.50568378 -0.03156594 -0.11489306]
1168.1393790245056,1000,False,4,6,[8.47642557 9.35868321 3.42320326],landing,[-0.82138112 -0.19970136 -0.21083176]
1168.1393790245056,1001,False,3,4,[-0.97063594 -7.72730657  2.22881454],entering,[-0.48080528  0.59740651 -0.20557775]
1168.1393790245056,1002,False,1,5,[ 7.9870029  -3.35606661  3.99295795],cruising,[ 0.5677905  -0.59831228 -0.99408226]
1168.1393790245056,1003,False,5,0,[-0.53895675  6.6735118   3.99671017],cruising,[ 0.63925976  0.24903542 -0.34837281]
1168.1393790245056,1004,False,4,2,[ 8.12274642 -7.48563445  2.14808941],queued,[-0.62185191  0.08809385  0.93462812]
1168.1393790245056,1005,False,2,1,[-6.32925897  5.56849302  3.99001474],cruising,[ 0.50568378 -0.03156594 -0.11489306]
1168.2416379451752,1000,False,4,6,[8.49548191 9.34562835 3.3259077 ],landing,[-0.82138112 -0.19970136 -0.21083176]
1168.2416379451752,1001,False,3,4,[-1.00958322 -7.61380278  2.30381454],entering,[-0.48080528  0.59740651 -0.20557775]
1168.2416379451752,1002,False,1,5,[ 7.91887867 -3.54410673  3.99401426],cruising,[ 0.5677905  -0.59831228 -0.99408226]
1168.2416379451752,1003,False,5,0,[-0.36813416  6.5694943   3.99720364],cruising,[ 0.63925976  0.24903542 -0.34837281]
1168.2416379451752,1004,False,4,2,[ 8.12274642 -7.48563445  2.22308941],queued,[-0.62185191  0.08809385  0.93462812]
1168.2416379451752,1005,False,2,1,[-6.26024312  5.74791521  3.99246859],cruising,[ 0.50568378 -0.03156594 -0.11489306]
1168.3368985652924,1000,False,4,6,[8.51453825 9.33257349 3.22861213],landing,[-0.82138112 -0.19970136 -0.21083176]
1168.3368985652924,1001,False,3,4,[-1.05502171 -7.4813817   2.37881454],entering,[-0.48080528  0.59740651 -0.20557775]
1168.3368985652924,1002,False,1,5,[ 7.83966581 -3.72775129  3.99491212],cruising,[ 0.5677905  -0.59831228 -0.99408226]
1168.3368985652924,1003,False,5,0,[-0.19877646  6.46310834  3.9976231 ],cruising,[ 0.63925976  0.24903542 -0.34837281]
1168.3368985652924,1004,False,4,2,[ 8.12274642 -7.48563445  2.29808941],queued,[-0.62185191  0.08809385  0.93462812]
1168.3368985652924,1005,False,2,1,[-6.17417223  5.91689442  3.99465873],cruising,[ 0.50568378 -0.03156594 -0.11489306]
1168.4372136592865,1000,False,4,6,[8.53359459 9.31951864 3.13131657],landing,[-0.82138112 -0.19970136 -0.21083176]
1168.4372136592865,1001,False,3,4,[-1.10695141 -7.33004331  2.45381454],entering,[-0.48080528  0.59740651 -0.20557775]
1168.4372136592865,1002,False,1,5,[ 7.74789947 -3.90545592  3.9956753 ],cruising,[ 0.5677905  -0.59831228 -0.99408226]
1168.4372136592865,1003,False,5,0,[-0.02985886  6.35602499  3.99797963],cruising,[ 0.63925976  0.24903542 -0.34837281]
1168.4372136592865,1004,False,4,2,[ 8.12274642 -7.48563445  2.37308941],queued,[-0.62185191  0.08809385  0.93462812]
1168.4372136592865,1005,False,2,1,[-6.07221449  6.07372702  3.99658794],cruising,[ 0.50568378 -0.03156594 -0.11489306]
1168.5417873859406,1000,False,4,6,[8.55265093 9.30646378 3.03402101],landing,[-0.82138112 -0.19970136 -0.21083176]
1168.5417873859406,1001,False,3,4,[-1.16537233 -7.15978763  2.52881454],entering,[-0.48080528  0.59740651 -0.20557775]
1168.5417873859406,1002,False,1,5,[ 7.64153483 -4.07482701  3.99632401],cruising,[ 0.5677905  -0.59831228 -0.99408226]
1168.5417873859406,1003,False,5,0,[0.13885686 6.24862385 3.99828269],cruising,[ 0.63925976  0.24903542 -0.34837281]
1168.5417873859406,1004,False,4,2,[ 8.12274642 -7.48563445  2.44808941],entering,[-0.62185191  0.08809385  0.93462812]
1168.5417873859406,1005,False,2,1,[-5.9552694   6.21731938  3.9982428 ],cruising,[ 0.50568378 -0.03156594 -0.11489306]
1168.650727033615,1000,False,4,6,[8.57170727 9.29340892 2.93672544],landing,[-0.82138112 -0.19970136 -0.21083176]
1168.650727033615,1001,False,3,4,[-1.23153808 -6.97109239  2.60381454],entering,[-0.48080528  0.59740651 -0.20557775]
1168.650727033615,1002,False,1,5,[ 7.51881544 -4.23268663  3.9968801 ],cruising,[ 0.5677905  -0.59831228 -0.99408226]
1168.650727033615,1003,False,5,0,[0.30764737 6.14134028 3.99854028],cruising,[ 0.63925976  0.24903542 -0.34837281]
1168.650727033615,1004,False,4,2,[ 8.11125789 -7.46926332  2.52308941],entering,[-0.62185191  0.08809385  0.93462812]
1168.650727033615,1005,False,2,1,[-5.82422684  6.34672795  3.99961198],cruising,[ 0.50568378 -0.03156594 -0.11489306]
1168.7383742332458,1000,False,4,6,[8.59076361 9.28035407 2.83942988],landing,[-0.82138112 -0.19970136 -0.21083176]
1168.7383742332458,1001,False,3,4,[-1.29771968 -6.78235979  2.67881454],entering,[-0.48080528  0.59740651 -0.20557775]
1168.7383742332458,1002,False,1,5,[ 7.38171316 -4.37664911  3.99739556],cruising,[ 0.5677905  -0.59831228 -0.99408226]
1168.7383742332458,1003,False,5,0,[0.47694502 6.03485881 3.99875924],exiting,[ 0.63925976  0.24903542 -0.34837281]
1168.7383742332458,1004,False,4,2,[ 8.08828084 -7.43652107  2.59808941],entering,[-0.62185191  0.08809385  0.93462812]
1168.7383742332458,1005,False,2,1,[-5.67993223  6.46116002  4.00068561],cruising,[ 0.50568378 -0.03156594 -0.11489306]
1168.8414509296417,1000,False,4,6,[8.60981995 9.26729921 2.74213432],landing,[-0.82138112 -0.19970136 -0.21083176]
1168.8414509296417,1001,False,3,4,[-1.36390128 -6.59362718  2.75381454],entering,[-0.48080528  0.59740651 -0.20557775]
1168.8414509296417,1002,False,1,5,[ 7.23200422 -4.50508514  3.99787092],cruising,[ 0.5677905  -0.59831228 -0.99408226]
1168.8414509296417,1003,False,5,0,[0.63594461 5.9455223  3.99897861],exiting,[ 0.63925976  0.24903542 -0.34837281]
1168.8414509296417,1004,False,4,2,[ 8.05381526 -7.3874077   2.67308941],entering,[-0.62185191  0.08809385  0.93462812]
1168.8414509296417,1005,False,2,1,[-5.52315297  6.55997027  4.00145495],cruising,[ 0.50568378 -0.03156594 -0.11489306]
1168.9437038898468,1000,False,4,6,[8.62887629 9.25424435 2.64483875],landing,[-0.82138112 -0.19970136 -0.21083176]
1168.9437038898468,1001,False,3,4,[-1.43086366 -6.40517019  2.82881454],entering,[-0.48080528  0.59740651 -0.20557775]
1168.9437038898468,1002,False,1,5,[ 7.07170642 -4.6165543   3.99830753],cruising,[ 0.5677905  -0.59831228 -0.99408226]
1168.9437038898468,1003,False,5,0,[0.78449012 5.87323609 3.99919548],exiting,[ 0.63925976  0.24903542 -0.34837281]
1168.9437038898468,1004,False,4,2,[ 8.00786115 -7.3219232   2.74808941],entering,[-0.62185191  0.08809385  0.93462812]
1168.9437038898468,1005,False,2,1,[-5.35488744  6.64241051  4.00192775],cruising,[ 0.50568378 -0.03156594 -0.11489306]
1169.0444939136505,1000,False,4,6,[8.64793263 9.2411895  2.54754319],landing,[-0.82138112 -0.19970136 -0.21083176]
1169.0444939136505,1001,False,3,4,[-1.49836021 -6.21690384  2.90381454],entering,[-0.48080528  0.59740651 -0.20557775]
1169.0444939136505,1002,False,1,5,[ 6.90297522 -4.70988852  3.99870635],cruising,[ 0.5677905  -0.59831228 -0.99408226]
1169.0444939136505,1003,False,5,0,[0.92240699 5.81789188 3.99940665],exiting,[ 0.63925976  0.24903542 -0.34837281]
1169.0444939136505,1004,False,4,2,[ 7.95041851 -7.24006757  2.82308941],entering,[-0.62185191  0.08809385  0.93462812]
1169.0444939136505,1005,False,2,1,[-5.1755391   6.70820512  4.00209279],cruising,[ 0.50568378 -0.03156594 -0.11489306]
1169.1451344490051,1000,False,4,6,[8.66698897 9.22813464 2.45024763],landing,[-0.82138112 -0.19970136 -0.21083176]
1169.1451344490051,1001,False,3,4,[-1.56585675 -6.0286375   2.97881454],entering,[-0.48080528  0.59740651 -0.20557775]
1169.1451344490051,1002,False,1,5,[ 6.72803387 -4.78421136  3.99906776],cruising,[ 0.5677905  -0.59831228 -0.99408226]
1169.1451344490051,1003,False,5,0,[1.04949791 5.77936431 3.99960843],exiting,[ 0.63925976  0.24903542 -0.34837281]
1169.1451344490051,1004,False,4,2,[ 7.88148734 -7.14184082  2.89808941],entering,[-0.62185191  0.08809385  0.93462812]
1169.1451344490051,1005,False,2,1,[-4.98512078  6.75734589  4.00193391],cruising,[ 0.50568378 -0.03156594 -0.11489306]
1169.237666130066,1000,False,4,6,[8.6860453  9.21507979 2.35295206],landing,[-0.82138112 -0.19970136 -0.21083176]
1169.237666130066,1001,False,3,4,[-1.63462952 -5.84083359  3.05381454],entering,[-0.48080528  0.59740651 -0.20557775]
1169.237666130066,1002,False,1,5,[ 6.5491311  -4.83893047  3.99939158],cruising,[ 0.5677905  -0.59831228 -0.99408226]
1169.237666130066,1003,False,5,0,[1.16553436 5.75750402 3.99979654],exiting,[ 0.63925976  0.24903542 -0.34837281]
1169.237666130066,1004,False,4,2,[ 7.80116064 -7.02717808  2.97308941],entering,[-0.62185191  0.08809385  0.93462812]
1169.237666130066,1005,False,2,1,[-4.79007445  6.80158305  4.00164383],cruising,[ 0.50568378 -0.03156594 -0.11489306]
1169.3453149795532,1000,False,4,6,[8.70510164 9.20202493 2.2556565 ],landing,[-0.82138112 -0.19970136 -0.21083176]
1169.3453149795532,1001,False,3,4,[-1.70340228 -5.65302969  3.12881454],entering,[-0.48080528  0.59740651 -0.20557775]
1169.3453149795532,1002,False,1,5,[ 6.36853366 -4.87372155  3.999677  ],cruising,[ 0.5677905  -0.59831228 -0.99408226]
1169.3453149795532,1003,False,5,0,[1.27023662 5.75212206 3.99996566],exiting,[ 0.63925976  0.24903542 -0.34837281]
1169.3453149795532,1004,False,4,2,[ 7.70863728 -6.89666474  3.04808941],entering,[-0.62185191  0.08809385  0.93462812]
1169.3453149795532,1005,False,2,1,[-4.59589812  6.84949501  4.00139725],cruising,[ 0.50568378 -0.03156594 -0.11489306]
1169.4495241641998,1000,False,4,6,[8.72415798 9.18897007 2.15836094],landing,[-0.82138112 -0.19970136 -0.21083176]
1169.4495241641998,1001,False,3,4,[-1.77331636 -5.46564767  3.20381454],entering,[-0.48080528  0.59740651 -0.20557775]
1169.4495241641998,1002,False,1,5,[ 6.18785613 -4.88851283  3.99992283],cruising,[ 0.5677905  -0.59831228 -0.99408226]
1169.4495241641998,1003,False,5,0,[1.36321714 5.76294505 4.00010838],exiting,[ 0.63925976  0.24903542 -0.34837281]
1169.4495241641998,1004,False,4,2,[ 7.60320289 -6.75087707  3.12308941],entering,[-0.62185191  0.08809385  0.93462812]
1169.4495241641998,1005,False,2,1,[-4.40228035  6.89961643  4.00118766],cruising,[ 0.50568378 -0.03156594 -0.11489306]
1169.5444889068604,1000,False,4,6,[8.74321432 9.17591522 2.06106537],landing,[-0.82138112 -0.19970136 -0.21083176]
1169.5444889068604,1001,False,3,4,[-1.84276931 -5.27809424  3.27881454],entering,[-0.48080528  0.59740651 -0.20557775]
1169.5444889068604,1002,False,1,5,[ 6.00800913 -4.88332141  4.00012593],cruising,[ 0.5677905  -0.59831228 -0.99408226]
1169.5444889068604,1003,False,5,0,[1.444238   5.7897982  4.00022035],exiting,[ 0.63925976  0.24903542 -0.34837281]
1169.5444889068604,1004,False,4,2,[ 7.48477546 -6.58988476  3.19808941],entering,[-0.62185191  0.08809385  0.93462812]
1169.5444889068604,1005,False,2,1,[-4.20890328  6.95065865  4.00100951],cruising,[ 0.50568378 -0.03156594 -0.11489306]
1169.6394896507263,1000,False,4,6,[8.76227066 9.16286036 1.96376981],landing,[-0.82138112 -0.19970136 -0.21083176]
1169.6394896507263,1001,False,3,4,[-1.91368723 -5.09108983  3.35381454],entering,[-0.48080528  0.59740651 -0.20557775]
1169.6394896507263,1002,False,1,5,[ 5.83018049 -4.85823215  4.0002852 ],cruising,[ 0.5677905  -0.59831228 -0.99408226]
1169.6394896507263,1003,False,5,0,[1.51305914 5.83249954 4.0002975 ],exiting,[ 0.63925976  0.24903542 -0.34837281]
1169.6394896507263,1004,False,4,2,[ 7.36592248 -6.42903089  3.27308941],entering,[-0.62185191  0.08809385  0.93462812]
1169.6394896507263,1005,False,2,1,[-4.01484887  6.99906202  4.00085809],cruising,[ 0.50568378 -0.03156594 -0.11489306]
1169.744910478592,1000,False,4,6,[8.781327   9.1498055  1.86647425],landing,[-0.82138112 -0.19970136 -0.21083176]
1169.744910478592,1001,False,3,4,[-1.98522461 -4.90432152  3.42881454],entering,[-0.48080528  0.59740651 -0.20557775]
1169.744910478592,1002,False,1,5,[ 5.65488758 -4.81330433  4.00039732],cruising,[ 0.5677905  -0.59831228 -0.99408226]
1169.744910478592,1003,False,5,0,[1.56943841 5.8908597  4.00033643],exiting,[ 0.63925976  0.24903542 -0.34837281]
1169.744910478592,1004,False,4,2,[ 7.24338095 -6.27096896  3.34808941],entering,[-0.62185191  0.08809385  0.93462812]
1169.744910478592,1005,False,2,1,[-3.82063963  7.04684037  4.00072937],cruising,[ 0.50568378 -0.03156594 -0.11489306]
1169.8381733894348,1000,False,4,6,[8.80038334 9.13675065 1.76917868],landing,[-0.82138112 -0.19970136 -0.21083176]
1169.8381733894348,1001,False,3,4,[-2.05702452 -4.71765397  3.50381454],entering,[-0.48080528  0.59740651 -0.20557775]
1169.8381733894348,1002,False,1,5,[ 5.48284543 -4.74864253  4.00046092],cruising,[ 0.5677905  -0.59831228 -0.99408226]
1169.8381733894348,1003,False,5,0,[1.61313157 5.96468145 4.00033499],exiting,[ 0.63925976  0.24903542 -0.34837281]
1169.8381733894348,1004,False,4,2,[ 7.12191963 -6.11207544  3.42308941],entering,[-0.62185191  0.08809385  0.93462812]
1169.8381733894348,1005,False,2,1,[-3.62605594  7.0930701   4.00061997],cruising,[ 0.50568378 -0.03156594 -0.11489306]
1169.9457502365112,1000,False,4,6,[8.81943968 9.12369579 1.67188312],landing,[-0.82138112 -0.19970136 -0.21083176]
1169.9457502365112,1001,False,3,4,[-2.12871642 -4.53094492  3.57824236],entering,[-0.48080528  0.59740651 -0.20557775]
1169.9457502365112,1002,False,1,5,[ 5.31381684 -4.66420915  4.00047095],cruising,[ 0.5677905  -0.59831228 -0.99408226]
1169.9457502365112,1003,False,5,0,[1.64389209 6.0537592  4.00029403],exiting,[ 0.63925976  0.24903542 -0.34837281]
1169.9457502365112,1004,False,4,2,[ 6.99489735 -5.95759133  3.49808941],entering,[-0.62185191  0.08809385  0.93462812]
1169.9457502365112,1005,False,2,1,[-3.4304006   7.13453078  4.00052697],cruising,[ 0.50568378 -0.03156594 -0.11489306]
1170.0395007133484,1000,False,4,6,[8.83849602 9.11064093 1.57458756],landing,[-0.82138112 -0.19970136 -0.21083176]
1170.0395007133484,1001,False,3,4,[-2.19877039 -4.34361515  3.64150601],entering,[-0.48080528  0.59740651 -0.20557775]
1170.0395007133484,1002,False,1,5,[ 5.14721997 -4.55992423  4.00042306],cruising,[ 0.5677905  -0.59831228 -0.99408226]
1170.0395007133484,1003,False,5,0,[1.66757389 6.1509146  4.00023953],exiting,[ 0.63925976  0.24903542 -0.34837281]
1170.0395007133484,1004,False,4,2,[ 6.8668394  -5.80396464  3.57308941],entering,[-0.62185191  0.08809385  0.93462812]
1170.0395007133484,1005,False,2,1,[-3.23419374  7.17329761  4.00044793],cruising,[ 0.50568378 -0.03156594 -0.11489306]
1170.135999917984,1000,False,4,6,[8.85755236 9.09758608 1.47729199],fake_landed,[-0.82138112 -0.19970136 -0.21083176]
1170.135999917984,1001,False,3,4,[-2.26345474 -4.15436417  3.69528011],entering,[-0.48080528  0.59740651 -0.20557775]
1170.135999917984,1002,False,1,5,[ 4.97698346 -4.45495029  4.0003596 ],cruising,[ 0.5677905  -0.59831228 -0.99408226]
1170.135999917984,1003,False,5,0,[1.69125568 6.24807001 4.00019483],exiting,[ 0.63925976  0.24903542 -0.34837281]
1170.135999917984,1004,False,4,2,[ 6.73716744 -5.65169783  3.637126  ],entering,[-0.62185191  0.08809385  0.93462812]
1170.135999917984,1005,False,2,1,[-3.03733022  7.20857873  4.00038074],cruising,[ 0.50568378 -0.03156594 -0.11489306]
1170.2475762367249,1000,False,4,6,[8.87279743 9.08714219 1.39945554],fake_landed,[-0.82138112 -0.19970136 -0.21083176]
1170.2475762367249,1001,False,3,4,[-2.3259803  -3.96438902  3.74098809],entering,[-0.48080528  0.59740651 -0.20557775]
1170.2475762367249,1002,False,1,5,[ 4.8035717  -4.35530912  4.00030566],cruising,[ 0.5677905  -0.59831228 -0.99408226]
1170.2475762367249,1003,False,5,0,[1.71493747 6.34522541 4.0001582 ],exiting,[ 0.63925976  0.24903542 -0.34837281]
1170.2475762367249,1004,False,4,2,[ 6.6003874  -5.50578271  3.6915571 ],entering,[-0.62185191  0.08809385  0.93462812]
1170.2475762367249,1005,False,2,1,[-2.83933124  7.23679933  4.00032363],cruising,[ 0.50568378 -0.03156594 -0.11489306]
1170.3459889888763,1000,False,4,6,[8.88423124 9.07930928 1.3410782 ],fake_landed,[-0.82138112 -0.19970136 -0.21083176]
1170.3459889888763,1001,False,3,4,[-2.38766257 -3.77413841  3.77983988],entering,[-0.48080528  0.59740651 -0.20557775]
1170.3459889888763,1002,False,1,5,[ 4.6267085  -4.26193135  4.00025981],cruising,[ 0.5677905  -0.59831228 -0.99408226]
1170.3459889888763,1003,False,5,0,[1.73861927 6.44238082 4.00012822],exiting,[ 0.63925976  0.24903542 -0.34837281]
1170.3459889888763,1004,False,4,2,[ 6.45888449 -5.36444295  3.73782353],entering,[-0.62185191  0.08809385  0.93462812]
1170.3459889888763,1005,False,2,1,[-2.64071231  7.26026254  4.00027508],cruising,[ 0.50568378 -0.03156594 -0.11489306]
1170.4365818500519,1000,False,4,6,[8.89185377 9.07408734 1.30215998],fake_landed,[-0.82138112 -0.19970136 -0.21083176]
1170.4365818500519,1001,False,3,4,[-2.4488234  -3.58371952  3.8128639 ],cruising,[-0.48080528  0.59740651 -0.20557775]
1170.4365818500519,1002,False,1,5,[ 4.44804543 -4.17204526  4.00022084],cruising,[ 0.5677905  -0.59831228 -0.99408226]
1170.4365818500519,1003,False,5,0,[1.76230106 6.53953622 4.00010371],exiting,[ 0.63925976  0.24903542 -0.34837281]
1170.4365818500519,1004,False,4,2,[ 6.31523237 -5.22528812  3.77715   ],entering,[-0.62185191  0.08809385  0.93462812]
1170.4365818500519,1005,False,2,1,[-2.44122469  7.27456953  4.00023382],cruising,[ 0.50568378 -0.03156594 -0.11489306]
1170.5466237068176,1000,False,4,6,[8.89566504 9.07147637 1.28270087],fake_landed,[-0.82138112 -0.19970136 -0.21083176]
1170.5466237068176,1001,False,3,4,[-2.50409869 -3.39150963  3.84093431],cruising,[-0.48080528  0.59740651 -0.20557775]
1170.5466237068176,1002,False,1,5,[ 4.26734489 -4.08632879  4.00018771],cruising,[ 0.5677905  -0.59831228 -0.99408226]
1170.5466237068176,1003,False,5,0,[1.78598285 6.63669162 4.0000837 ],exiting,[ 0.63925976  0.24903542 -0.34837281]
1170.5466237068176,1004,False,4,2,[ 6.16466889 -5.09364223  3.8105775 ],entering,[-0.62185191  0.08809385  0.93462812]
1170.5466237068176,1005,False,2,1,[-2.24126025  7.27834061  4.00019875],cruising,[ 0.50568378 -0.03156594 -0.11489306]
1170.6509335041046,1000,False,6,3,[8.89566504 9.07147637 1.28270087],waiting,[-0.82138112 -0.19970136 -0.21083176]
1170.6509335041046,1001,False,3,4,[-2.54967479 -3.19677181  3.86479416],cruising,[-0.48080528  0.59740651 -0.20557775]
1170.6509335041046,1002,False,1,5,[ 4.08564658 -4.00274813  4.00015956],cruising,[ 0.5677905  -0.59831228 -0.99408226]
1170.6509335041046,1003,False,5,0,[1.80966464 6.73384703 4.00006739],exiting,[ 0.63925976  0.24903542 -0.34837281]
1170.6509335041046,1004,False,4,2,[ 6.00706815 -4.97050814  3.83899088],entering,[-0.62185191  0.08809385  0.93462812]
1170.6509335041046,1005,False,2,1,[-2.041722    7.26475798  4.00016894],cruising,[ 0.50568378 -0.03156594 -0.11489306]
1170.745135307312,1000,False,6,3,[8.89566504 9.07147637 1.28270087],waiting,[-0.82138112 -0.19970136 -0.21083176]
1170.745135307312,1001,False,3,4,[-2.59371788 -3.00168156  3.88507504],cruising,[-0.48080528  0.59740651 -0.20557775]
1170.745135307312,1002,False,1,5,[ 3.90272947 -3.92186964  4.00013562],cruising,[ 0.5677905  -0.59831228 -0.99408226]
1170.745135307312,1003,False,5,0,[1.83334644 6.83100243 4.00005412],exiting,[ 0.63925976  0.24903542 -0.34837281]
1170.745135307312,1004,False,4,2,[ 5.84569943 -4.85235511  3.86314225],cruising,[-0.62185191  0.08809385  0.93462812]
1170.745135307312,1005,False,2,1,[-1.84436554  7.2323477   4.0001436 ],cruising,[ 0.50568378 -0.03156594 -0.11489306]
1170.8371005058289,1000,False,6,3,[8.89566504 9.07147637 1.28270087],waiting,[-0.82138112 -0.19970136 -0.21083176]
1170.8371005058289,1001,False,3,4,[-2.63698466 -2.80641767  3.90231378],cruising,[-0.48080528  0.59740651 -0.20557775]
1170.8371005058289,1002,False,1,5,[ 3.71920376 -3.84238182  4.00011528],cruising,[ 0.5677905  -0.59831228 -0.99408226]
1170.8371005058289,1003,False,5,0,[1.85702823 6.92815784 4.00004334],exiting,[ 0.63925976  0.24903542 -0.34837281]
1170.8371005058289,1004,False,4,2,[ 5.67792441 -4.74349032  3.88367091],cruising,[-0.62185191  0.08809385  0.93462812]
1170.8371005058289,1005,False,2,1,[-1.64918668  7.18869893  4.00012206],cruising,[ 0.50568378 -0.03156594 -0.11489306]
1170.9391784667969,1000,False,6,3,[8.89566504 9.07147637 1.28270087],waiting,[-0.82138112 -0.19970136 -0.21083176]
1170.9391784667969,1001,False,3,4,[-2.67746899 -2.61055798  3.91696672],cruising,[-0.48080528  0.59740651 -0.20557775]
1170.9391784667969,1002,False,1,5,[ 3.53490261 -3.76470887  4.00009799],cruising,[ 0.5677905  -0.59831228 -0.99408226]
1170.9391784667969,1003,False,5,0,[1.88071002 7.02531324 4.00003459],exiting,[ 0.63925976  0.24903542 -0.34837281]
1170.9391784667969,1004,False,4,2,[ 5.50685838 -4.63987365  3.90112027],cruising,[-0.62185191  0.08809385  0.93462812]
1170.9391784667969,1005,False,2,1,[-1.45825603  7.12915494  4.00010375],cruising,[ 0.50568378 -0.03156594 -0.11489306]
1171.0399241447449,1000,False,6,3,[8.89566504 9.07147637 1.28270087],waiting,[-0.82138112 -0.19970136 -0.21083176]
1171.0399241447449,1001,False,3,4,[-2.71932846 -2.41498757  3.92942171],cruising,[-0.48080528  0.59740651 -0.20557775]
1171.0399241447449,1002,False,1,5,[ 3.35012486 -3.68817665  4.00008329],cruising,[ 0.5677905  -0.59831228 -0.99408226]
1171.0399241447449,1003,False,5,0,[1.90439182 7.12246865 4.00002751],exiting,[ 0.63925976  0.24903542 -0.34837281]
1171.0399241447449,1004,False,4,2,[ 5.3313043  -4.54405735  3.91595223],cruising,[-0.62185191  0.08809385  0.93462812]
1171.0399241447449,1005,False,2,1,[-1.27187911  7.05660397  4.00008819],cruising,[ 0.50568378 -0.03156594 -0.11489306]
1171.1469452381134,1000,False,6,3,[8.89566504 9.07147637 1.28270087],waiting,[-0.82138112 -0.19970136 -0.21083176]
1171.1469452381134,1001,False,3,4,[-2.76281371 -2.21977222  3.94000845],cruising,[-0.48080528  0.59740651 -0.20557775]
1171.1469452381134,1002,False,1,5,[ 3.16480695 -3.61296182  4.0000708 ],cruising,[ 0.5677905  -0.59831228 -0.99408226]
1171.1469452381134,1003,False,5,0,[1.92807361 7.21962405 4.0000218 ],exiting,[ 0.63925976  0.24903542 -0.34837281]
1171.1469452381134,1004,False,4,2,[ 5.15373948 -4.45202075  3.9285594 ],cruising,[-0.62185191  0.08809385  0.93462812]
1171.1469452381134,1005,False,2,1,[-1.08987749  6.97368589  4.00007496],cruising,[ 0.50568378 -0.03156594 -0.11489306]
1171.2447888851166,1000,False,6,3,[8.89566504 9.07147637 1.28270087],waiting,[-0.82138112 -0.19970136 -0.21083176]
1171.2447888851166,1001,False,3,4,[-2.80743069 -2.02481241  3.94900718],cruising,[-0.48080528  0.59740651 -0.20557775]
1171.2447888851166,1002,False,1,5,[ 2.97896021 -3.53906331  4.00006018],cruising,[ 0.5677905  -0.59831228 -0.99408226]
1171.2447888851166,1003,False,5,0,[1.9517554  7.31677946 4.00001719],exiting,[ 0.63925976  0.24903542 -0.34837281]
1171.2447888851166,1004,False,4,2,[ 4.97343519 -4.36547387  3.93927549],cruising,[-0.62185191  0.08809385  0.93462812]
1171.2447888851166,1005,False,2,1,[-0.9117638   6.88271605  4.00006371],cruising,[ 0.50568378 -0.03156594 -0.11489306]
1171.3494601249695,1000,False,6,3,[8.89566504 9.07147637 1.28270087],waiting,[-0.82138112 -0.19970136 -0.21083176]
1171.3494601249695,1001,False,3,4,[-2.8549276  -1.83053415  3.95665611],cruising,[-0.48080528  0.59740651 -0.20557775]
1171.3494601249695,1002,False,1,5,[ 2.79250155 -3.46672266  4.00005115],cruising,[ 0.5677905  -0.59831228 -0.99408226]
1171.3494601249695,1003,False,5,0,[1.9754372  7.41393486 4.00001349],exiting,[ 0.63925976  0.24903542 -0.34837281]
1171.3494601249695,1004,False,4,2,[ 4.7921251  -4.28105438  3.94838416],cruising,[-0.62185191  0.08809385  0.93462812]
1171.3494601249695,1005,False,2,1,[-0.73575819  6.7877317   4.00005416],cruising,[ 0.50568378 -0.03156594 -0.11489306]
1171.4395949840546,1000,False,6,3,[8.89566504 9.07147637 1.28270087],waiting,[-0.82138112 -0.19970136 -0.21083176]
1171.4395949840546,1001,False,3,4,[-2.90557798 -1.63705408  3.96315769],cruising,[-0.48080528  0.59740651 -0.20557775]
1171.4395949840546,1002,False,1,5,[ 2.60554926 -3.39566746  4.00004348],cruising,[ 0.5677905  -0.59831228 -0.99408226]
1171.4395949840546,1003,False,5,0,[1.99911899 7.51109027 4.00001052],exiting,[ 0.63925976  0.24903542 -0.34837281]
1171.4395949840546,1004,False,4,2,[ 4.60993321 -4.1985552   3.95612654],cruising,[-0.62185191  0.08809385  0.93462812]
1171.4395949840546,1005,False,2,1,[-0.56275909  6.68737577  4.00004603],cruising,[ 0.50568378 -0.03156594 -0.11489306]
1171.5362644195557,1000,False,6,3,[8.89566504 9.07147637 1.28270087],waiting,[-0.82138112 -0.19970136 -0.21083176]
1171.5362644195557,1001,False,3,4,[-2.95971685 -1.444521    3.96868404],cruising,[-0.48080528  0.59740651 -0.20557775]
1171.5362644195557,1002,False,1,5,[ 2.41779923 -3.32674776  4.00003696],cruising,[ 0.5677905  -0.59831228 -0.99408226]
1171.5362644195557,1003,False,5,0,[2.02280078 7.60824567 4.00000815],exiting,[ 0.63925976  0.24903542 -0.34837281]
1171.5362644195557,1004,False,4,2,[ 4.426445   -4.11898084  3.96270756],cruising,[-0.62185191  0.08809385  0.93462812]
1171.5362644195557,1005,False,2,1,[-0.39194857  6.58333845  4.00003913],cruising,[ 0.50568378 -0.03156594 -0.11489306]
1171.645364522934,1000,False,6,3,[8.89566504 9.07147637 1.28270087],waiting,[-0.82138112 -0.19970136 -0.21083176]
1171.645364522934,1001,False,3,4,[-3.0177201  -1.25311666  3.97338143],cruising,[-0.48080528  0.59740651 -0.20557775]
1171.645364522934,1002,False,1,5,[ 2.22910834 -3.26044731  4.00003141],cruising,[ 0.5677905  -0.59831228 -0.99408226]
1171.645364522934,1003,False,5,0,[2.04648257 7.70540108 4.00000627],exiting,[ 0.63925976  0.24903542 -0.34837281]
1171.645364522934,1004,False,4,2,[ 4.24255135 -4.04034798  3.96830142],cruising,[-0.62185191  0.08809385  0.93462812]
1171.645364522934,1005,False,2,1,[-0.22203532  6.47784206  4.00003326],cruising,[ 0.50568378 -0.03156594 -0.11489306]
1171.7470791339874,1000,False,6,3,[8.89566504 9.07147637 1.28270087],waiting,[-0.82138112 -0.19970136 -0.21083176]
1171.7470791339874,1001,False,3,4,[-3.07998704 -1.0630566   3.97737422],cruising,[-0.48080528  0.59740651 -0.20557775]
1171.7470791339874,1002,False,1,5,[ 2.03981315 -3.19589245  4.0000267 ],cruising,[ 0.5677905  -0.59831228 -0.99408226]
1171.7470791339874,1003,False,5,0,[2.07016437 7.80255648 4.00000477],exiting,[ 0.63925976  0.24903542 -0.34837281]
1171.7470791339874,1004,False,4,2,[ 4.05789737 -3.9635176   3.97305621],cruising,[-0.62185191  0.08809385  0.93462812]
1171.7470791339874,1005,False,2,1,[-0.05316822  6.37067908  4.00002827],cruising,[ 0.50568378 -0.03156594 -0.11489306]
1171.83820104599,1000,False,6,3,[8.89566504 9.07147637 1.28270087],waiting,[-0.82138112 -0.19970136 -0.21083176]
1171.83820104599,1001,False,3,4,[-3.14581587 -0.87420066  3.98076808],cruising,[-0.48080528  0.59740651 -0.20557775]
1171.83820104599,1002,False,1,5,[ 1.84924266 -3.13520563  4.0000227 ],cruising,[ 0.5677905  -0.59831228 -0.99408226]
1171.83820104599,1003,False,5,0,[2.09384616 7.89971189 4.00000359],exiting,[ 0.63925976  0.24903542 -0.34837281]
1171.83820104599,1004,False,4,2,[ 3.87303038 -3.8872012   3.97709778],cruising,[-0.62185191  0.08809385  0.93462812]
1171.83820104599,1005,False,2,1,[0.11552221 6.26323823 4.00002403],cruising,[ 0.50568378 -0.03156594 -0.11489306]
1171.942869901657,1000,False,6,3,[8.89566504 9.07147637 1.28270087],waiting,[-0.82138112 -0.19970136 -0.21083176]
1171.942869901657,1001,False,3,4,[-3.21673203 -0.68719559  3.98365287],cruising,[-0.48080528  0.59740651 -0.20557775]
1171.942869901657,1002,False,1,5,[ 1.65721285 -3.07930795  4.00001929],cruising,[ 0.5677905  -0.59831228 -0.99408226]
1171.942869901657,1003,False,5,0,[2.11752795 7.99686729 4.00000267],exiting,[ 0.63925976  0.24903542 -0.34837281]
1171.942869901657,1004,False,4,2,[ 3.68768065 -3.81206479  3.98053311],cruising,[-0.62185191  0.08809385  0.93462812]
1171.942869901657,1005,False,2,1,[0.28429851 6.1559323  4.00002043],cruising,[ 0.50568378 -0.03156594 -0.11489306]
1172.036423921585,1000,False,6,3,[8.89566504 9.07147637 1.28270087],waiting,[-0.82138112 -0.19970136 -0.21083176]
1172.036423921585,1001,False,3,4,[-3.29314973 -0.50237044  3.98610494],cruising,[-0.48080528  0.59740651 -0.20557775]
1172.036423921585,1002,False,1,5,[ 1.4635312  -3.02943392  4.0000164 ],cruising,[ 0.5677905  -0.59831228 -0.99408226]
1172.036423921585,1003,False,5,0,[2.14120975 8.0940227  4.00000195],exiting,[ 0.63925976  0.24903542 -0.34837281]
1172.036423921585,1004,False,4,2,[ 3.50213667 -3.73740937  3.98345315],cruising,[-0.62185191  0.08809385  0.93462812]
1172.036423921585,1005,False,2,1,[0.45357837 6.04942254 4.00001736],cruising,[ 0.50568378 -0.03156594 -0.11489306]
1172.14417886734,1000,False,6,3,[8.89566504 9.07147637 1.28270087],waiting,[-0.82138112 -0.19970136 -0.21083176]
1172.14417886734,1001,False,3,4,[-3.37545371 -0.32009028  3.9881892 ],cruising,[-0.48080528  0.59740651 -0.20557775]
1172.14417886734,1002,False,1,5,[ 1.26802473 -2.98727683  4.00001394],cruising,[ 0.5677905  -0.59831228 -0.99408226]
1172.14417886734,1003,False,5,0,[2.16489154 8.1911781  4.00000139],exiting,[ 0.63925976  0.24903542 -0.34837281]
1172.14417886734,1004,False,4,2,[ 3.31623238 -3.66365577  3.98593517],cruising,[-0.62185191  0.08809385  0.93462812]
1172.14417886734,1005,False,2,1,[0.62362365 5.9441391  4.00001476],cruising,[ 0.50568378 -0.03156594 -0.11489306]
1172.2364320755005,1000,False,6,3,[8.89566504 9.07147637 1.28270087],waiting,[-0.82138112 -0.19970136 -0.21083176]
1172.2364320755005,1001,False,3,4,[-3.46208956 -0.13982872  3.98996082],cruising,[-0.48080528  0.59740651 -0.20557775]
1172.2364320755005,1002,False,1,5,[ 1.07061253 -2.95520777  4.00001185],cruising,[ 0.5677905  -0.59831228 -0.99408226]
1172.2364320755005,1003,False,5,0,[2.18857333 8.28833351 4.00000096],exiting,[ 0.63925976  0.24903542 -0.34837281]
1172.2364320755005,1004,False,4,2,[ 3.13003939 -3.59063406  3.9880449 ],cruising,[-0.62185191  0.08809385  0.93462812]
1172.2364320755005,1005,False,2,1,[0.7951986  5.84136733 4.00001254],cruising,[ 0.50568378 -0.03156594 -0.11489306]
1172.3372650146484,1000,False,6,3,[8.89566504 9.07147637 1.28270087],waiting,[-0.82138112 -0.19970136 -0.21083176]
1172.3372650146484,1001,False,3,4,[-3.5556605   0.03693235  3.9914667 ],cruising,[-0.48080528  0.59740651 -0.20557775]
1172.3372650146484,1002,False,1,5,[ 0.87102281 -2.9430198   4.00001006],cruising,[ 0.5677905  -0.59831228 -0.99408226]
1172.3372650146484,1003,False,5,0,[2.21225513 8.38548891 4.00000063],exiting,[ 0.63925976  0.24903542 -0.34837281]
1172.3372650146484,1004,False,4,2,[ 2.9435098  -3.51847651  3.98983816],cruising,[-0.62185191  0.08809385  0.93462812]
1172.3372650146484,1005,False,2,1,[0.96811644 5.74087146 4.00001066],cruising,[ 0.50568378 -0.03156594 -0.11489306]
1172.4498612880707,1000,False,6,3,[8.89566504 9.07147637 1.28270087],waiting,[-0.82138112 -0.19970136 -0.21083176]
1172.4498612880707,1001,False,3,4,[-3.65528325  0.2103547   3.99274669],cruising,[-0.48080528  0.59740651 -0.20557775]
1172.4498612880707,1002,False,1,5,[ 0.67102439 -2.94222415  4.00000855],cruising,[ 0.5677905  -0.59831228 -0.99408226]
1172.4498612880707,1003,False,5,0,[2.23593692 8.48264432 4.00000039],exiting,[ 0.63925976  0.24903542 -0.34837281]
1172.4498612880707,1004,False,4,2,[ 2.75651286 -3.44753889  3.99136244],cruising,[-0.62185191  0.08809385  0.93462812]
1172.4498612880707,1005,False,2,1,[1.1433937  5.64454969 4.00000906],cruising,[ 0.50568378 -0.03156594 -0.11489306]
1172.5364017486572,1000,False,6,3,[8.89566504 9.07147637 1.28270087],waiting,[-0.82138112 -0.19970136 -0.21083176]
1172.5364017486572,1001,False,3,4,[-3.76171863  0.37968133  3.99383469],cruising,[-0.48080528  0.59740651 -0.20557775]
1172.5364017486572,1002,False,1,5,[ 0.4715733  -2.95703167  4.00000727],cruising,[ 0.5677905  -0.59831228 -0.99408226]
1172.5364017486572,1003,False,5,0,[2.25961871 8.57979972 4.00000021],exiting,[ 0.63925976  0.24903542 -0.34837281]
1172.5364017486572,1004,False,4,2,[ 2.56890159 -3.37824235  3.99265807],cruising,[-0.62185191  0.08809385  0.93462812]
1172.5364017486572,1005,False,2,1,[1.32046461 5.55156641 4.0000077 ],cruising,[ 0.50568378 -0.03156594 -0.11489306]
1172.6496336460114,1000,False,6,3,[8.89566504 9.07147637 1.28270087],waiting,[-0.82138112 -0.19970136 -0.21083176]
1172.6496336460114,1001,False,3,4,[-3.87128987  0.54699584  3.99475949],cruising,[-0.48080528  0.59740651 -0.20557775]
1172.6496336460114,1002,False,1,5,[ 0.27379342 -2.98674897  4.00000618],cruising,[ 0.5677905  -0.59831228 -0.99408226]
1172.6496336460114,1003,False,5,0,[2.2833005  8.67695513 4.00000009],landing,[ 0.63925976  0.24903542 -0.34837281]
1172.6496336460114,1004,False,4,2,[ 2.38085091 -3.31014725  3.99375936],cruising,[-0.62185191  0.08809385  0.93462812]
1172.6496336460114,1005,False,2,1,[1.49954492 5.46251449 4.00000655],cruising,[ 0.50568378 -0.03156594 -0.11489306]
1172.7417027950287,1000,False,6,3,[8.89566504 9.07147637 1.28270087],waiting,[-0.82138112 -0.19970136 -0.21083176]
1172.7417027950287,1001,False,3,4,[-3.9833274   0.71266899  3.99554556],cruising,[-0.48080528  0.59740651 -0.20557775]
1172.7417027950287,1002,False,1,5,[ 0.07962678 -3.03470015  4.00000525],cruising,[ 0.5677905  -0.59831228 -0.99408226]
1172.7417027950287,1003,False,5,0,[2.30667448 8.75962456 3.98621367],landing,[ 0.63925976  0.24903542 -0.34837281]
1172.7417027950287,1004,False,4,2,[ 2.19190112 -3.2445883   3.99469546],cruising,[-0.62185191  0.08809385  0.93462812]
1172.7417027950287,1005,False,2,1,[1.68185077 5.38026745 4.00000557],cruising,[ 0.50568378 -0.03156594 -0.11489306]
1172.8408198356628,1000,False,6,3,[8.89566504 9.07147637 1.28270087],waiting,[-0.82138112 -0.19970136 -0.21083176]
1172.8408198356628,1001,False,3,4,[-4.09725839  0.87704578  3.99621373],cruising,[-0.48080528  0.59740651 -0.20557775]
1172.8408198356628,1002,False,1,5,[-0.11131418 -3.09421109  4.00000446],cruising,[ 0.5677905  -0.59831228 -0.99408226]
1172.8408198356628,1003,False,5,0,[2.3296641  8.82765342 3.9588072 ],landing,[ 0.63925976  0.24903542 -0.34837281]
1172.8408198356628,1004,False,4,2,[ 2.00187704 -3.18221164  3.99549114],cruising,[-0.62185191  0.08809385  0.93462812]
1172.8408198356628,1005,False,2,1,[1.86634999 5.30306616 4.00000473],cruising,[ 0.50568378 -0.03156594 -0.11489306]
1172.9368991851807,1000,False,6,3,[8.89566504 9.07147637 1.28270087],queued,[-0.82138112 -0.19970136 -0.21083176]
1172.9368991851807,1001,False,3,4,[-4.21259275  1.04044096  3.99678167],cruising,[-0.48080528  0.59740651 -0.20557775]
1172.9368991851807,1002,False,1,5,[-0.29874178 -3.16400288  4.00000379],cruising,[ 0.5677905  -0.59831228 -0.99408226]
1172.9368991851807,1003,False,5,0,[2.352179   8.88086179 3.91797955],landing,[ 0.63925976  0.24903542 -0.34837281]
1172.9368991851807,1004,False,4,2,[ 1.81120345 -3.12184953  3.99616747],cruising,[-0.62185191  0.08809385  0.93462812]
1172.9368991851807,1005,False,2,1,[2.05315022 5.23161217 4.00000402],cruising,[ 0.50568378 -0.03156594 -0.11489306]
1173.0362088680267,1000,False,6,3,[8.89566504 9.07147637 1.30270087],queued,[-0.82138112 -0.19970136 -0.21083176]
1173.0362088680267,1001,False,3,4,[-4.32890899  1.20313863  3.99726442],cruising,[-0.48080528  0.59740651 -0.20557775]
1173.0362088680267,1002,False,1,5,[-0.48160013 -3.24501414  4.00000322],cruising,[ 0.5677905  -0.59831228 -0.99408226]
1173.0362088680267,1003,False,5,0,[2.37409673 8.9190103  3.8640049 ],landing,[ 0.63925976  0.24903542 -0.34837281]
1173.0362088680267,1004,False,4,2,[ 1.61904638 -3.0663909   3.99674235],cruising,[-0.62185191  0.08809385  0.93462812]
1173.0362088680267,1005,False,2,1,[2.24229194 5.166609   4.00000342],cruising,[ 0.50568378 -0.03156594 -0.11489306]
1173.1404330730438,1000,False,6,3,[8.89566504 9.07147637 1.34270087],queued,[-0.82138112 -0.19970136 -0.21083176]
1173.1404330730438,1001,False,3,4,[-4.44584097  1.36539433  3.99767476],cruising,[-0.48080528  0.59740651 -0.20557775]
1173.1404330730438,1002,False,1,5,[-0.66106621 -3.33328602  4.00000274],cruising,[ 0.5677905  -0.59831228 -0.99408226]
1173.1404330730438,1003,False,5,0,[2.39530429 8.94188257 3.79714102],landing,[ 0.63925976  0.24903542 -0.34837281]
1173.1404330730438,1004,False,4,2,[ 1.42521529 -3.01710085  3.997231  ],cruising,[-0.62185191  0.08809385  0.93462812]
1173.1404330730438,1005,False,2,1,[2.43602931 5.11695189 4.00000291],cruising,[ 0.50568378 -0.03156594 -0.11489306]
1173.237467288971,1000,False,6,3,[8.89566504 9.07147637 1.40270087],queued,[-0.82138112 -0.19970136 -0.21083176]
1173.237467288971,1001,False,3,4,[-4.56306588  1.52743852  3.99802354],cruising,[-0.48080528  0.59740651 -0.20557775]
1173.237467288971,1002,False,1,5,[-0.83896387 -3.42467761  4.00000233],cruising,[ 0.5677905  -0.59831228 -0.99408226]
1173.237467288971,1003,False,5,0,[2.41570153 8.94929051 3.71762021],landing,[ 0.63925976  0.24903542 -0.34837281]
1173.237467288971,1004,False,4,2,[ 1.22954474 -2.97571201  3.99764635],cruising,[-0.62185191  0.08809385  0.93462812]
1173.237467288971,1005,False,2,1,[2.63176195 5.07585768 4.00000247],cruising,[ 0.50568378 -0.03156594 -0.11489306]
1173.3482036590576,1000,False,6,3,[8.89566504 9.07147637 1.47770087],queued,[-0.82138112 -0.19970136 -0.21083176]
1173.3482036590576,1001,False,3,4,[-4.68026482  1.6895015   3.99832001],cruising,[-0.48080528  0.59740651 -0.20557775]
1173.3482036590576,1002,False,1,5,[-1.01766104 -3.51449589  4.00000198],cruising,[ 0.5677905  -0.59831228 -0.99408226]
1173.3482036590576,1003,False,5,0,[2.43518608 8.94104549 3.62568361],landing,[ 0.63925976  0.24903542 -0.34837281]
1173.3482036590576,1004,False,4,2,[ 1.03114925 -2.95042906  3.99799939],cruising,[-0.62185191  0.08809385  0.93462812]
1173.3482036590576,1005,False,2,1,[2.82887224 5.04198237 4.0000021 ],cruising,[ 0.50568378 -0.03156594 -0.11489306]
1173.4400565624237,1000,False,6,3,[8.89566504 9.07147637 1.55270087],entering,[-0.82138112 -0.19970136 -0.21083176]
1173.4400565624237,1001,False,3,4,[-4.79734213  1.85165237  3.99857201],cruising,[-0.48080528  0.59740651 -0.20557775]
1173.4400565624237,1002,False,1,5,[-1.20101559 -3.59437772  4.00000168],cruising,[ 0.5677905  -0.59831228 -0.99408226]
1173.4400565624237,1003,False,5,0,[2.45424427 8.92616355 3.52865107],landing,[ 0.63925976  0.24903542 -0.34837281]
1173.4400565624237,1004,False,4,2,[ 0.83145419 -2.93938892  3.99829949],cruising,[-0.62185191  0.08809385  0.93462812]
1173.4400565624237,1005,False,2,1,[3.02691481 5.0140693  4.00000178],cruising,[ 0.50568378 -0.03156594 -0.11489306]
1173.5450279712677,1000,False,6,3,[8.89143872 9.05192801 1.62770087],entering,[-0.82138112 -0.19970136 -0.21083176]
1173.5450279712677,1001,False,3,4,[-4.91400648  2.0141006   3.99878621],cruising,[-0.48080528  0.59740651 -0.20557775]
1173.5450279712677,1002,False,1,5,[-1.39126943 -3.65548724  4.00000142],cruising,[ 0.5677905  -0.59831228 -0.99408226]
1173.5450279712677,1003,False,5,0,[2.47330246 8.9112816  3.43161854],landing,[ 0.63925976  0.24903542 -0.34837281]
1173.5450279712677,1004,False,4,2,[ 0.63151195 -2.94419502  3.99855456],cruising,[-0.62185191  0.08809385  0.93462812]
1173.5450279712677,1005,False,2,1,[3.22557666 4.99097235 4.00000152],cruising,[ 0.50568378 -0.03156594 -0.11489306]
1173.6363372802734,1000,False,6,3,[8.88298609 9.0128313  1.70270087],entering,[-0.82138112 -0.19970136 -0.21083176]
1173.6363372802734,1001,False,3,4,[-5.02998275  2.17704079  3.99896828],cruising,[-0.48080528  0.59740651 -0.20557775]
1173.6363372802734,1002,False,1,5,[-1.58527819 -3.6969524   4.00000118],cruising,[ 0.5677905  -0.59831228 -0.99408226]
1173.6363372802734,1003,False,5,0,[2.49236065 8.89639966 3.334586  ],landing,[ 0.63925976  0.24903542 -0.34837281]
1173.6363372802734,1004,False,4,2,[ 0.43248626 -2.9639124   3.99877138],cruising,[-0.62185191  0.08809385  0.93462812]
1173.6363372802734,1005,False,2,1,[3.42464214 4.97166087 4.00000129],cruising,[ 0.50568378 -0.03156594 -0.11489306]
1173.7498321533203,1000,False,6,3,[8.87030714 8.95418623 1.77770087],entering,[-0.82138112 -0.19970136 -0.21083176]
1173.7498321533203,1001,False,3,4,[-5.14500136  2.34065839  3.99912304],cruising,[-0.48080528  0.59740651 -0.20557775]
1173.7498321533203,1002,False,1,5,[-1.77993715 -3.71842814  4.00000096],cruising,[ 0.5677905  -0.59831228 -0.99408226]
1173.7498321533203,1003,False,5,0,[2.51141884 8.88151771 3.23755346],landing,[ 0.63925976  0.24903542 -0.34837281]
1173.7498321533203,1004,False,4,2,[ 0.23539513 -2.99789897  3.99895567],cruising,[-0.62185191  0.08809385  0.93462812]
1173.7498321533203,1005,False,2,1,[3.62396472 4.95521371 4.0000011 ],cruising,[ 0.50568378 -0.03156594 -0.11489306]
1173.8368682861328,1000,False,6,3,[8.85340188 8.8759928  1.85270087],entering,[-0.82138112 -0.19970136 -0.21083176]
1173.8368682861328,1001,False,3,4,[-5.25940111  2.50470929  3.99925458],cruising,[-0.48080528  0.59740651 -0.20557775]
1173.8368682861328,1002,False,1,5,[-1.97225332 -3.72004157  4.00000074],cruising,[ 0.5677905  -0.59831228 -0.99408226]
1173.8368682861328,1003,False,5,0,[2.53047703 8.86663577 3.14052093],landing,[ 0.63925976  0.24903542 -0.34837281]
1173.8368682861328,1004,False,4,2,[ 0.04108306 -3.04525739  3.99911232],cruising,[-0.62185191  0.08809385  0.93462812]
1173.8368682861328,1005,False,2,1,[3.82344517 4.9408071  4.00000093],cruising,[ 0.50568378 -0.03156594 -0.11489306]
1173.9428417682648,1000,False,6,3,[8.83227195 8.77825066 1.92770087],entering,[-0.82138112 -0.19970136 -0.21083176]
1173.9428417682648,1001,False,3,4,[-5.37229494  2.66980012  3.99936639],cruising,[-0.48080528  0.59740651 -0.20557775]
1173.9428417682648,1002,False,1,5,[-2.15933693 -3.70235162  4.00000055],cruising,[ 0.5677905  -0.59831228 -0.99408226]
1173.9428417682648,1003,False,5,0,[2.54953522 8.85175383 3.04348839],landing,[ 0.63925976  0.24903542 -0.34837281]
1173.9428417682648,1004,False,4,2,[-0.1486756  -3.10843692  3.99924547],cruising,[-0.62185191  0.08809385  0.93462812]
1173.9428417682648,1005,False,2,1,[4.0230152  4.92769975 4.00000079],cruising,[ 0.50568378 -0.03156594 -0.11489306]
1174.0372776985168,1000,False,6,3,[8.80707434 8.66092654 2.00270087],entering,[-0.82138112 -0.19970136 -0.21083176]
1174.0372776985168,1001,False,3,4,[-5.48337181  2.83611888  3.99946143],cruising,[-0.48080528  0.59740651 -0.20557775]
1174.0372776985168,1002,False,1,5,[-2.33886429 -3.66614403  4.00000036],cruising,[ 0.5677905  -0.59831228 -0.99408226]
1174.0372776985168,1003,False,5,0,[2.56859341 8.83687188 2.94645585],landing,[ 0.63925976  0.24903542 -0.34837281]
1174.0372776985168,1004,False,4,2,[-0.33500499 -3.18110987  3.99935865],cruising,[-0.62185191  0.08809385  0.93462812]
1174.0372776985168,1005,False,2,1,[4.22260019 4.91482208 4.00000067],cruising,[ 0.50568378 -0.03156594 -0.11489306]
1174.135870218277,1000,False,6,3,[8.7780545  8.52397105 2.07770087],entering,[-0.82138112 -0.19970136 -0.21083176]
1174.135870218277,1001,False,3,4,[-5.5922847   3.00386268  3.99954222],cruising,[-0.48080528  0.59740651 -0.20557775]
1174.135870218277,1002,False,1,5,[-2.50864202 -3.61247377  4.00000019],cruising,[ 0.5677905  -0.59831228 -0.99408226]
1174.135870218277,1003,False,5,0,[2.5876516  8.82198994 2.84942332],landing,[ 0.63925976  0.24903542 -0.34837281]
1174.135870218277,1004,False,4,2,[-0.51702968 -3.26397729  3.99945485],cruising,[-0.62185191  0.08809385  0.93462812]
1174.135870218277,1005,False,2,1,[4.42221107 4.90235234 4.00000057],cruising,[ 0.50568378 -0.03156594 -0.11489306]
1174.2439453601837,1000,False,6,3,[8.7456161  8.36730989 2.15270087],entering,[-0.82138112 -0.19970136 -0.21083176]
1174.2439453601837,1001,False,3,4,[-5.69863509  3.17324271  3.99961089],cruising,[-0.48080528  0.59740651 -0.20557775]
1174.2439453601837,1002,False,1,5,[-2.66667264 -3.54261693  4.00000003],cruising,[ 0.5677905  -0.59831228 -0.99408226]
1174.2439453601837,1003,False,5,0,[2.6067098  8.80710799 2.75239078],landing,[ 0.63925976  0.24903542 -0.34837281]
1174.2439453601837,1004,False,4,2,[-0.69607306 -3.35310343  3.99953663],cruising,[-0.62185191  0.08809385  0.93462812]
1174.2439453601837,1005,False,2,1,[4.62180377 4.88959485 4.00000049],cruising,[ 0.50568378 -0.03156594 -0.11489306]
1174.3362662792206,1000,False,6,3,[8.71011434 8.19088473 2.22770087],entering,[-0.82138112 -0.19970136 -0.21083176]
1174.3362662792206,1001,False,3,4,[-5.80195384  3.34448883  3.99966925],cruising,[-0.48080528  0.59740651 -0.20557775]
1174.3362662792206,1002,False,1,5,[-2.81127486 -3.45793855  3.99999989],cruising,[ 0.5677905  -0.59831228 -0.99408226]
1174.3362662792206,1003,False,5,0,[2.62576799 8.79222605 2.65535825],landing,[ 0.63925976  0.24903542 -0.34837281]
1174.3362662792206,1004,False,4,2,[-0.8740766  -3.44428862  3.99960613],cruising,[-0.62185191  0.08809385  0.93462812]
1174.3362662792206,1005,False,2,1,[4.82133436 4.87590015 4.00000041],cruising,[ 0.50568378 -0.03156594 -0.11489306]
1174.4526436328888,1000,False,6,3,[8.6715871  7.99468973 2.30270087],entering,[-0.82138112 -0.19970136 -0.21083176]
1174.4526436328888,1001,False,3,4,[-5.90167689  3.51785351  3.99971887],cruising,[-0.48080528  0.59740651 -0.20557775]
1174.4526436328888,1002,False,1,5,[-2.9409913  -3.35990302  3.99999976],cruising,[ 0.5677905  -0.59831228 -0.99408226]
1174.4526436328888,1003,False,5,0,[2.64482618 8.77734411 2.55832571],landing,[ 0.63925976  0.24903542 -0.34837281]
1174.4526436328888,1004,False,4,2,[-1.0534966  -3.53265414  3.99966521],cruising,[-0.62185191  0.08809385  0.93462812]
1174.4526436328888,1005,False,2,1,[5.02075166 4.86064431 4.00000035],cruising,[ 0.50568378 -0.03156594 -0.11489306]
1174.5530233383179,1000,False,6,3,[8.63305121 7.79843738 2.37770087],entering,[-0.82138112 -0.19970136 -0.21083176]
1174.5530233383179,1001,False,3,4,[-5.99711359  3.69361425  3.99976104],cruising,[-0.48080528  0.59740651 -0.20557775]
1174.5530233383179,1002,False,1,5,[-3.05451718 -3.25012586  3.99999965],cruising,[ 0.5677905  -0.59831228 -0.99408226]
1174.5530233383179,1003,False,5,0,[2.66388437 8.76246216 2.46129317],landing,[ 0.63925976  0.24903542 -0.34837281]
1174.5530233383179,1004,False,4,2,[-1.23834614 -3.60901282  3.99971543],cruising,[-0.62185191  0.08809385  0.93462812]
1174.5530233383179,1005,False,2,1,[5.22008055 4.84427382 4.0000003 ],cruising,[ 0.50568378 -0.03156594 -0.11489306]
1174.6664452552795,1000,False,6,3,[8.59507016 7.60207689 2.45270087],entering,[-0.82138112 -0.19970136 -0.21083176]
1174.6664452552795,1001,False,3,4,[-6.08740467  3.87207299  3.99979688],cruising,[-0.48080528  0.59740651 -0.20557775]
1174.6664452552795,1002,False,1,5,[-3.15075002 -3.13030127  3.99999956],cruising,[ 0.5677905  -0.59831228 -0.99408226]
1174.6664452552795,1003,False,5,0,[2.68294256 8.74758022 2.36426064],landing,[ 0.63925976  0.24903542 -0.34837281]
1174.6664452552795,1004,False,4,2,[-1.42960086 -3.66642491  3.99975991],cruising,[-0.62185191  0.08809385  0.93462812]
1174.6664452552795,1005,False,2,1,[5.41916786 4.82518865 4.00000025],cruising,[ 0.50568378 -0.03156594 -0.11489306]
1174.755090713501,1000,False,6,3,[8.55967936 7.40523307 2.52770087],entering,[-0.82138112 -0.19970136 -0.21083176]
1174.755090713501,1001,False,3,4,[-6.17146613  4.05354935  3.99982735],cruising,[-0.48080528  0.59740651 -0.20557775]
1174.755090713501,1002,False,1,5,[-3.22906793 -3.00158538  3.99999949],cruising,[ 0.5677905  -0.59831228 -0.99408226]
1174.755090713501,1003,False,5,0,[2.70200075 8.73269827 2.2672281 ],landing,[ 0.63925976  0.24903542 -0.34837281]
1174.755090713501,1004,False,4,2,[-1.62401532 -3.70408818  3.99980136],cruising,[-0.62185191  0.08809385  0.93462812]
1174.755090713501,1005,False,2,1,[5.61790147 4.80271754 4.00000022],cruising,[ 0.50568378 -0.03156594 -0.11489306]
1174.8542704582214,1000,False,6,3,[8.52551654 7.20817241 2.60270087],entering,[-0.82138112 -0.19970136 -0.21083176]
1174.8542704582214,1001,False,3,4,[-6.24791401  4.23836202  3.99985325],cruising,[-0.48080528  0.59740651 -0.20557775]
1174.8542704582214,1002,False,1,5,[-3.28910471 -2.86475775  3.99999944],cruising,[ 0.5677905  -0.59831228 -0.99408226]
1174.8542704582214,1003,False,5,0,[2.72105894 8.71781633 2.17019556],landing,[ 0.63925976  0.24903542 -0.34837281]
1174.8542704582214,1004,False,4,2,[-1.8184113  -3.72175145  3.99984032],cruising,[-0.62185191  0.08809385  0.93462812]
1174.8542704582214,1005,False,2,1,[5.81612914 4.77615081 4.00000018],cruising,[ 0.50568378 -0.03156594 -0.11489306]
1174.954008102417,1000,False,6,3,[8.49135373 7.01111176 2.67770087],entering,[-0.82138112 -0.19970136 -0.21083176]
1174.954008102417,1001,False,3,4,[-6.31496506  4.42678749  3.99987526],cruising,[-0.48080528  0.59740651 -0.20557775]
1174.954008102417,1002,False,1,5,[-3.33068565 -2.72022417  3.99999941],cruising,[ 0.5677905  -0.59831228 -0.99408226]
1174.954008102417,1003,False,5,0,[2.74011713 8.70293439 2.07316303],landing,[ 0.63925976  0.24903542 -0.34837281]
1174.954008102417,1004,False,4,2,[-2.00978663 -3.71964414  3.99987696],cruising,[-0.62185191  0.08809385  0.93462812]
1174.954008102417,1005,False,2,1,[6.0136441  4.74472088 4.00000016],cruising,[ 0.50568378 -0.03156594 -0.11489306]
1175.0555036067963,1000,False,6,3,[8.45863817 6.81380567 2.75270087],entering,[-0.82138112 -0.19970136 -0.21083176]
1175.0555036067963,1001,False,3,4,[-6.36398521  4.62068701  3.99989397],cruising,[-0.48080528  0.59740651 -0.20557775]
1175.0555036067963,1002,False,1,5,[-3.35373743 -2.56816259  3.9999994 ],cruising,[ 0.5677905  -0.59831228 -0.99408226]
1175.0555036067963,1003,False,5,0,[2.75917532 8.68805244 1.97613049],landing,[ 0.63925976  0.24903542 -0.34837281]
1175.0555036067963,1004,False,4,2,[-2.1955084  -3.69835254  3.99991129],cruising,[-0.62185191  0.08809385  0.93462812]
1175.0555036067963,1005,False,2,1,[6.21016586 4.7075833  4.00000013],cruising,[ 0.50568378 -0.03156594 -0.11489306]
1175.163423538208,1000,False,6,3,[8.42951524 6.61593739 2.82770087],entering,[-0.82138112 -0.19970136 -0.21083176]
1175.163423538208,1001,False,3,4,[-6.39335799  4.81832567  3.99991032],cruising,[-0.48080528  0.59740651 -0.20557775]
1175.163423538208,1002,False,1,5,[-3.35826358 -2.40856439  3.99999941],cruising,[ 0.5677905  -0.59831228 -0.99408226]
1175.163423538208,1003,False,5,0,[2.77823351 8.6731705  1.87909796],landing,[ 0.63925976  0.24903542 -0.34837281]
1175.163423538208,1004,False,4,2,[-2.37317805 -3.65875348  3.99994325],cruising,[-0.62185191  0.08809385  0.93462812]
1175.163423538208,1005,False,2,1,[6.40531442 4.66379931 4.00000011],cruising,[ 0.50568378 -0.03156594 -0.11489306]
1175.2553820610046,1000,False,6,3,[8.4003923  6.41806912 2.90270087],entering,[-0.82138112 -0.19970136 -0.21083176]
1175.2553820610046,1001,False,3,4,[-6.4027721   5.01724935  3.99992504],cruising,[-0.48080528  0.59740651 -0.20557775]
1175.2553820610046,1002,False,1,5,[-3.3445886  -2.24067651  3.99999944],cruising,[ 0.5677905  -0.59831228 -0.99408226]
1175.2553820610046,1003,False,5,0,[2.79729171 8.65828855 1.78206542],landing,[ 0.63925976  0.24903542 -0.34837281]
1175.2553820610046,1004,False,4,2,[-2.54061215 -3.60197205  3.99997276],cruising,[-0.62185191  0.08809385  0.93462812]
1175.2553820610046,1005,False,2,1,[6.59857606 4.61232174 4.0000001 ],cruising,[ 0.50568378 -0.03156594 -0.11489306]
1175.353639125824,1000,False,6,3,[8.37374302 6.21985253 2.97770087],entering,[-0.82138112 -0.19970136 -0.21083176]
1175.353639125824,1001,False,3,4,[-6.3922396   5.21471255  3.9999385 ],cruising,[-0.48080528  0.59740651 -0.20557775]
1175.353639125824,1002,False,1,5,[-3.31375789 -2.0625085   3.99999949],cruising,[ 0.5677905  -0.59831228 -0.99408226]
1175.353639125824,1003,False,5,0,[2.8163499  8.64340661 1.68503288],landing,[ 0.63925976  0.24903542 -0.34837281]
1175.353639125824,1004,False,4,2,[-2.69596594 -3.52925117  3.99999971],cruising,[-0.62185191  0.08809385  0.93462812]
1175.353639125824,1005,False,2,1,[6.78925866 4.55198813 4.00000008],cruising,[ 0.50568378 -0.03156594 -0.11489306]
1175.4575872421265,1000,False,6,3,[8.35027381 6.02123431 3.05270087],entering,[-0.82138112 -0.19970136 -0.21083176]
1175.4575872421265,1001,False,3,4,[-6.36210626  5.4082      3.99995084],cruising,[-0.48080528  0.59740651 -0.20557775]
1175.4575872421265,1002,False,1,5,[-3.27133955 -1.86803937  3.99999957],cruising,[ 0.5677905  -0.59831228 -0.99408226]
1175.4575872421265,1003,False,5,0,[2.83540809 8.62852467 1.58800035],landing,[ 0.63925976  0.24903542 -0.34837281]
1175.4575872421265,1004,False,4,2,[-2.8376196  -3.44195955  4.00002396],cruising,[-0.62185191  0.08809385  0.93462812]
1175.4575872421265,1005,False,2,1,[6.97643578 4.48152731 4.00000007],cruising,[ 0.50568378 -0.03156594 -0.11489306]
1175.5529396533966,1000,False,6,3,[8.32797449 5.82248135 3.12770087],entering,[-0.82138112 -0.19970136 -0.21083176]
1175.5529396533966,1001,False,3,4,[-6.31293624  5.59555513  3.999962  ],cruising,[-0.48080528  0.59740651 -0.20557775]
1175.5529396533966,1002,False,1,5,[-3.24462941 -1.66983097  3.99999963],cruising,[ 0.5677905  -0.59831228 -0.99408226]
1175.5529396533966,1003,False,5,0,[2.85446628 8.61364272 1.49096781],fake_landed,[ 0.63925976  0.24903542 -0.34837281]
1175.5529396533966,1004,False,4,2,[-2.96411477 -3.34162108  4.00004538],cruising,[-0.62185191  0.08809385  0.93462812]
1175.5529396533966,1005,False,2,1,[7.15888082 4.39958949 4.00000006],cruising,[ 0.50568378 -0.03156594 -0.11489306]
1175.6560909748077,1000,False,6,3,[8.31060837 5.62323673 3.20270087],entering,[-0.82138112 -0.19970136 -0.21083176]
1175.6560909748077,1001,False,3,4,[-6.2456324   5.77447437  3.99997205],cruising,[-0.48080528  0.59740651 -0.20557775]
1175.6560909748077,1002,False,1,5,[-3.23434255 -1.47009569  3.99999969],cruising,[ 0.5677905  -0.59831228 -0.99408226]
1175.6560909748077,1003,False,5,0,[2.86971283 8.60173717 1.41334178],fake_landed,[ 0.63925976  0.24903542 -0.34837281]
1175.6560909748077,1004,False,4,2,[-3.07421724 -3.2298249   4.00006379],cruising,[-0.62185191  0.08809385  0.93462812]
1175.6560909748077,1005,False,2,1,[7.33499849 4.30481309 4.00000005],cruising,[ 0.50568378 -0.03156594 -0.11489306]
1175.753501176834,1000,False,6,3,[8.29588963 5.42377907 3.27770087],entering,[-0.82138112 -0.19970136 -0.21083176]
1175.753501176834,1001,False,3,4,[-6.16134701  5.94282824  3.99998102],cruising,[-0.48080528  0.59740651 -0.20557775]
1175.753501176834,1002,False,1,5,[-3.23989634 -1.27017282  3.99999973],cruising,[ 0.5677905  -0.59831228 -0.99408226]
1175.753501176834,1003,False,5,0,[2.88114775 8.592808   1.35512226],fake_landed,[ 0.63925976  0.24903542 -0.34837281]
1175.753501176834,1004,False,4,2,[-3.16683569 -3.10831743  4.00007902],cruising,[-0.62185191  0.08809385  0.93462812]
1175.753501176834,1005,False,2,1,[7.5027702  4.1959432  4.00000004],cruising,[ 0.50568378 -0.03156594 -0.11489306]
1175.8656132221222,1000,False,6,3,[8.284807   5.22408637 3.35270087],entering,[-0.82138112 -0.19970136 -0.21083176]
1175.8656132221222,1001,False,3,4,[-6.06106103  6.0991829   3.99998887],cruising,[-0.48080528  0.59740651 -0.20557775]
1175.8656132221222,1002,False,1,5,[-3.25926785 -1.07111317  3.99999977],cruising,[ 0.5677905  -0.59831228 -0.99408226]
1175.8656132221222,1003,False,5,0,[2.88877102 8.58685522 1.31630924],fake_landed,[ 0.63925976  0.24903542 -0.34837281]
1175.8656132221222,1004,False,4,2,[-3.24143331 -2.97813532  4.00009093],cruising,[-0.62185191  0.08809385  0.93462812]
1175.8656132221222,1005,False,2,1,[7.65851769 4.0710915  4.00000004],cruising,[ 0.50568378 -0.03156594 -0.11489306]
1175.965490102768,1000,False,6,3,[8.27986049 5.02414755 3.42770087],entering,[-0.82138112 -0.19970136 -0.21083176]
1175.965490102768,1001,False,3,4,[-5.94569856  6.24239604  3.99999555],cruising,[-0.48080528  0.59740651 -0.20557775]
1175.965490102768,1002,False,1,5,[-3.29219301 -0.87384195  3.99999981],cruising,[ 0.5677905  -0.59831228 -0.99408226]
1175.965490102768,1003,False,5,0,[2.89258266 8.58387883 1.29690274],fake_landed,[ 0.63925976  0.24903542 -0.34837281]
1175.965490102768,1004,False,4,2,[-3.29774986 -2.8398413   4.0000994 ],cruising,[-0.62185191  0.08809385  0.93462812]
1175.965490102768,1005,False,2,1,[7.80085041 3.93140591 4.00000003],cruising,[ 0.50568378 -0.03156594 -0.11489306]
1176.0536913871765,1000,False,6,3,[8.2803553  4.82414816 3.50270087],entering,[-0.82138112 -0.19970136 -0.21083176]
1176.0536913871765,1001,False,3,4,[-5.81617103  6.37149001  4.00000104],cruising,[-0.48080528  0.59740651 -0.20557775]
1176.0536913871765,1002,False,1,5,[-3.3375621  -0.6790558   3.99999984],cruising,[ 0.5677905  -0.59831228 -0.99408226]
1176.0536913871765,1003,False,0,6,[2.89258266 8.58387883 1.29690274],waiting,[ 0.63925976  0.24903542 -0.34837281]
1176.0536913871765,1004,False,4,2,[-3.33561966 -2.69381959  4.00010431],cruising,[-0.62185191  0.08809385  0.93462812]
1176.0536913871765,1005,False,2,1,[7.92830582 3.77835374 4.00000003],cruising,[ 0.50568378 -0.03156594 -0.11489306]
1176.1534264087677,1000,False,6,3,[8.28497256 4.62420146 3.57729574],entering,[-0.82138112 -0.19970136 -0.21083176]
1176.1534264087677,1001,False,3,4,[-5.67337612  6.48561812  4.0000053 ],cruising,[-0.48080528  0.59740651 -0.20557775]
1176.1534264087677,1002,False,1,5,[-3.39440129 -0.48730255  3.99999986],cruising,[ 0.5677905  -0.59831228 -0.99408226]
1176.1534264087677,1003,False,0,6,[2.89258266 8.58387883 1.29690274],waiting,[ 0.63925976  0.24903542 -0.34837281]
1176.1534264087677,1004,False,4,2,[-3.3549239  -2.54036015  4.00010561],cruising,[-0.62185191  0.08809385  0.93462812]
1176.1534264087677,1005,False,2,1,[8.03953428 3.61361029 4.00000002],cruising,[ 0.50568378 -0.03156594 -0.11489306]
1176.2533695697784,1000,False,6,3,[8.29436201 4.42442199 3.64070138],entering,[-0.82138112 -0.19970136 -0.21083176]
1176.2533695697784,1001,False,3,4,[-5.51836562  6.58391023  4.00000836],cruising,[-0.48080528  0.59740651 -0.20557775]
1176.2533695697784,1002,False,1,5,[-3.46005816 -0.29838676  3.99999988],cruising,[ 0.5677905  -0.59831228 -0.99408226]
1176.2533695697784,1003,False,0,6,[2.89258266 8.58387883 1.29690274],queued,[ 0.63925976  0.24903542 -0.34837281]
1176.2533695697784,1004,False,4,2,[-3.35577    -2.37920027  4.00010318],cruising,[-0.62185191  0.08809385  0.93462812]
1176.2533695697784,1005,False,2,1,[8.13317785 3.43933943 4.00000002],cruising,[ 0.50568378 -0.03156594 -0.11489306]
1176.3534002304077,1000,False,6,3,[8.30664854 4.22479974 3.69459617],entering,[-0.82138112 -0.19970136 -0.21083176]
1176.3534002304077,1001,False,3,4,[-5.35175083  6.66591306  4.0000102 ],cruising,[-0.48080528  0.59740651 -0.20557775]
1176.3534002304077,1002,False,1,5,[-3.53598746 -0.11336044  3.9999999 ],cruising,[ 0.5677905  -0.59831228 -0.99408226]
1176.3534002304077,1003,False,0,6,[2.89258266 8.58387883 1.31690274],queued,[ 0.63925976  0.24903542 -0.34837281]
1176.3534002304077,1004,False,4,2,[-3.33856211 -2.20943493  4.00009693],cruising,[-0.62185191  0.08809385  0.93462812]
1176.3534002304077,1005,False,2,1,[8.2088126  3.25636899 4.00000001],exiting,[ 0.50568378 -0.03156594 -0.11489306]
1176.4538588523865,1000,False,6,3,[8.31621857 4.02502884 3.74040674],entering,[-0.82138112 -0.19970136 -0.21083176]
1176.4538588523865,1001,False,3,4,[-5.17395635  6.73133233  4.00001077],cruising,[-0.48080528  0.59740651 -0.20557775]
1176.4538588523865,1002,False,1,5,[-3.62252055  0.06695047  3.99999991],cruising,[ 0.5677905  -0.59831228 -0.99408226]
1176.4538588523865,1003,False,0,6,[2.89258266 8.58387883 1.35690274],queued,[ 0.63925976  0.24903542 -0.34837281]
1176.4538588523865,1004,False,4,2,[-3.30458291 -2.0287736   4.00008678],cruising,[-0.62185191  0.08809385  0.93462812]
1176.4538588523865,1005,False,2,1,[8.26591223 3.08091182 4.00000001],exiting,[ 0.50568378 -0.03156594 -0.11489306]
1176.5554778575897,1000,False,6,3,[8.33102785 3.82557788 3.77934573],cruising,[-0.82138112 -0.19970136 -0.21083176]
1176.5554778575897,1001,False,3,4,[-4.98504137  6.78012828  4.00001003],cruising,[-0.48080528  0.59740651 -0.20557775]
1176.5554778575897,1002,False,1,5,[-3.71667423  0.24340184  3.99999993],cruising,[ 0.5677905  -0.59831228 -0.99408226]
1176.5554778575897,1003,False,0,6,[2.89258266 8.58387883 1.41690274],queued,[ 0.63925976  0.24903542 -0.34837281]
1176.5554778575897,1004,False,4,2,[-3.26452694 -1.83282585  4.00007376],cruising,[-0.62185191  0.08809385  0.93462812]
1176.5554778575897,1005,False,2,1,[8.30693758 2.91735497 4.00000001],exiting,[ 0.50568378 -0.03156594 -0.11489306]
1176.6541152000427,1000,False,6,3,[8.34004447 3.62578123 3.81244387],cruising,[-0.82138112 -0.19970136 -0.21083176]
1176.6541152000427,1001,False,3,4,[-4.7891592   6.82050372  4.00000853],cruising,[-0.48080528  0.59740651 -0.20557775]
1176.6541152000427,1002,False,1,5,[-3.81685383  0.41650311  3.99999994],cruising,[ 0.5677905  -0.59831228 -0.99408226]
1176.6541152000427,1003,False,0,6,[2.89258266 8.58387883 1.49190274],queued,[ 0.63925976  0.24903542 -0.34837281]
1176.6541152000427,1004,False,4,2,[-3.24099124 -1.6342155   4.0000627 ],cruising,[-0.62185191  0.08809385  0.93462812]
1176.6541152000427,1005,False,2,1,[8.33306029 2.76713646 4.00000001],exiting,[ 0.50568378 -0.03156594 -0.11489306]
1176.7531752586365,1000,False,6,3,[8.34744379 3.42591815 3.84057729],cruising,[-0.82138112 -0.19970136 -0.21083176]
1176.7531752586365,1001,False,3,4,[-4.5942108   6.86517048  4.00000725],cruising,[-0.48080528  0.59740651 -0.20557775]
1176.7531752586365,1002,False,1,5,[-3.92175067  0.58678714  3.99999995],cruising,[ 0.5677905  -0.59831228 -0.99408226]
1176.7531752586365,1003,False,0,6,[2.89258266 8.58387883 1.56690274],queued,[ 0.63925976  0.24903542 -0.34837281]
1176.7531752586365,1004,False,4,2,[-3.23344068 -1.43435808  4.00005329],cruising,[-0.62185191  0.08809385  0.93462812]
1176.7531752586365,1005,False,2,1,[8.34494534 2.63096391 4.        ],exiting,[ 0.50568378 -0.03156594 -0.11489306]
1176.8555641174316,1000,False,6,3,[8.36093399 3.22637363 3.8644907 ],cruising,[-0.82138112 -0.19970136 -0.21083176]
1176.8555641174316,1001,False,3,4,[-4.39991725  6.91260485  4.00000616],cruising,[-0.48080528  0.59740651 -0.20557775]
1176.8555641174316,1002,False,1,5,[-4.03134572  0.75408605  3.99999996],cruising,[ 0.5677905  -0.59831228 -0.99408226]
1176.8555641174316,1003,False,0,6,[2.89258266 8.58387883 1.64190274],queued,[ 0.63925976  0.24903542 -0.34837281]
1176.8555641174316,1004,False,4,2,[-3.2414442  -1.23451828  4.0000453 ],cruising,[-0.62185191  0.08809385  0.93462812]
1176.8555641174316,1005,False,2,1,[8.34307238 2.50930747 4.        ],exiting,[ 0.50568378 -0.03156594 -0.11489306]
1176.9586446285248,1000,False,6,3,[8.37305754 3.02674142 3.88481709],cruising,[-0.82138112 -0.19970136 -0.21083176]
1176.9586446285248,1001,False,3,4,[-4.20536138  6.95895149  4.00000524],cruising,[-0.48080528  0.59740651 -0.20557775]
1176.9586446285248,1002,False,1,5,[-4.14325818  0.91984371  3.99999996],cruising,[ 0.5677905  -0.59831228 -0.99408226]
1176.9586446285248,1003,False,0,6,[2.89258266 8.58387883 1.71690274],queued,[ 0.63925976  0.24903542 -0.34837281]
1176.9586446285248,1004,False,4,2,[-3.26395869 -1.03578958  4.0000385 ],cruising,[-0.62185191  0.08809385  0.93462812]
1176.9586446285248,1005,False,2,1,[8.32787426 2.40256544 4.        ],exiting,[ 0.50568378 -0.03156594 -0.11489306]
1177.0682430267334,1000,False,6,3,[8.38458018 2.82707363 3.90209453],cruising,[-0.82138112 -0.19970136 -0.21083176]
1177.0682430267334,1001,False,3,4,[-4.01098426  7.00604222  4.00000445],cruising,[-0.48080528  0.59740651 -0.20557775]
1177.0682430267334,1002,False,1,5,[-4.25690026  1.08442037  3.99999997],cruising,[ 0.5677905  -0.59831228 -0.99408226]
1177.0682430267334,1003,False,0,6,[2.89258266 8.58387883 1.79190274],queued,[ 0.63925976  0.24903542 -0.34837281]
1177.0682430267334,1004,False,4,2,[-3.29981457 -0.83902994  4.00003273],cruising,[-0.62185191  0.08809385  0.93462812]
1177.0682430267334,1005,False,2,1,[8.29985333 2.31117189 4.        ],exiting,[ 0.50568378 -0.03156594 -0.11489306]
1177.165509223938,1000,False,6,3,[8.39961409 2.62763947 3.91678035],cruising,[-0.82138112 -0.19970136 -0.21083176]
1177.165509223938,1001,False,3,4,[-3.81651298  7.05274253  4.00000378],cruising,[-0.48080528  0.59740651 -0.20557775]
1177.165509223938,1002,False,1,5,[-4.37136205  1.24842799  3.99999997],cruising,[ 0.5677905  -0.59831228 -0.99408226]
1177.165509223938,1003,False,0,6,[2.89258266 8.58387883 1.86690274],queued,[ 0.63925976  0.24903542 -0.34837281]
1177.165509223938,1004,False,4,2,[-3.34640543 -0.6445324   4.00002782],cruising,[-0.62185191  0.08809385  0.93462812]
1177.165509223938,1005,False,2,1,[8.25926544 2.23533699 4.        ],exiting,[ 0.50568378 -0.03156594 -0.11489306]
1177.258736371994,1000,False,6,3,[8.41290277 2.42808143 3.9292633 ],cruising,[-0.82138112 -0.19970136 -0.21083176]
1177.258736371994,1001,False,3,4,[-3.62172059  7.09808484  4.00000322],cruising,[-0.48080528  0.59740651 -0.20557775]
1177.258736371994,1002,False,1,5,[-4.4868822   1.41169187  3.99999998],cruising,[ 0.5677905  -0.59831228 -0.99408226]
1177.258736371994,1003,False,0,6,[2.89258266 8.58387883 1.94190274],queued,[ 0.63925976  0.24903542 -0.34837281]
1177.258736371994,1004,False,4,2,[-3.40438552 -0.45312104  4.00002365],cruising,[-0.62185191  0.08809385  0.93462812]
1177.258736371994,1005,False,2,1,[8.20637486 2.17527052 4.        ],exiting,[ 0.50568378 -0.03156594 -0.11489306]
1177.354819536209,1000,False,6,3,[8.4279042  2.22864484 3.9398738 ],cruising,[-0.82138112 -0.19970136 -0.21083176]
1177.354819536209,1001,False,3,4,[-3.42590782  7.13879553  4.00000273],cruising,[-0.48080528  0.59740651 -0.20557775]
1177.354819536209,1002,False,1,5,[-4.60302148  1.57451591  3.99999998],cruising,[ 0.5677905  -0.59831228 -0.99408226]
1177.354819536209,1003,False,0,6,[2.89258266 8.58387883 2.01690274],queued,[ 0.63925976  0.24903542 -0.34837281]
1177.354819536209,1004,False,4,2,[-3.47298718 -0.26525457  4.0000201 ],cruising,[-0.62185191  0.08809385  0.93462812]
1177.354819536209,1005,False,2,1,[8.14145474 2.13118186 3.99999999],exiting,[ 0.50568378 -0.03156594 -0.11489306]
1177.4534270763397,1000,False,6,3,[8.44041978 2.02903682 3.94889273],cruising,[-0.82138112 -0.19970136 -0.21083176]
1177.4534270763397,1001,False,3,4,[-3.22957871  7.17693841  4.00000232],cruising,[-0.48080528  0.59740651 -0.20557775]
1177.4534270763397,1002,False,1,5,[-4.71940031  1.73716881  3.99999998],cruising,[ 0.5677905  -0.59831228 -0.99408226]
1177.4534270763397,1003,False,0,6,[2.89258266 8.58387883 2.09190274],queued,[ 0.63925976  0.24903542 -0.34837281]
1177.4534270763397,1004,False,4,2,[-3.54954012 -0.0804854   4.00001708],cruising,[-0.62185191  0.08809385  0.93462812]
1177.4534270763397,1005,False,2,1,[8.06478784 2.10328003 3.99999999],exiting,[ 0.50568378 -0.03156594 -0.11489306]
1177.5588784217834,1000,False,6,3,[8.45346541 1.82946274 3.95655882],cruising,[-0.82138112 -0.19970136 -0.21083176]
1177.5588784217834,1001,False,3,4,[-3.03262202  7.21169563  4.00000198],cruising,[-0.48080528  0.59740651 -0.20557775]
1177.5588784217834,1002,False,1,5,[-4.83568222  1.89989102  3.99999999],cruising,[ 0.5677905  -0.59831228 -0.99408226]
1177.5588784217834,1003,False,0,6,[2.89258266 8.58387883 2.16690274],queued,[ 0.63925976  0.24903542 -0.34837281]
1177.5588784217834,1004,False,4,2,[-3.6368208   0.09946483  4.00001452],exiting,[-0.62185191  0.08809385  0.93462812]
1177.5588784217834,1005,False,2,1,[7.97666746 2.09177385 4.        ],exiting,[ 0.50568378 -0.03156594 -0.11489306]
1177.6536989212036,1000,False,6,3,[8.46365383 1.62972242 3.963075  ],cruising,[-0.82138112 -0.19970136 -0.21083176]
1177.6536989212036,1001,False,3,4,[-2.83455787  7.23945513  4.00000168],cruising,[-0.48080528  0.59740651 -0.20557775]
1177.6536989212036,1002,False,1,5,[-4.95155982  2.0629014   3.99999999],cruising,[ 0.5677905  -0.59831228 -0.99408226]
1177.6536989212036,1003,False,0,6,[2.89258266 8.58387883 2.24190274],queued,[ 0.63925976  0.24903542 -0.34837281]
1177.6536989212036,1004,False,4,2,[-3.72429751  0.25941601  4.00001196],exiting,[-0.62185191  0.08809385  0.93462812]
1177.6536989212036,1005,False,2,1,[7.87739843 2.09687213 4.        ],exiting,[ 0.50568378 -0.03156594 -0.11489306]
1177.7679090499878,1000,False,6,3,[8.4736293  1.42997135 3.96861375],cruising,[-0.82138112 -0.19970136 -0.21083176]
1177.7679090499878,1001,False,3,4,[-2.63589244  7.2625213   4.00000143],cruising,[-0.48080528  0.59740651 -0.20557775]
1177.7679090499878,1002,False,1,5,[-5.06713082  2.22612929  3.99999999],cruising,[ 0.5677905  -0.59831228 -0.99408226]
1177.7679090499878,1003,False,0,6,[2.89258266 8.58387883 2.31690274],queued,[ 0.63925976  0.24903542 -0.34837281]
1177.7679090499878,1004,False,4,2,[-3.81180647  0.39936723  4.00000943],exiting,[-0.62185191  0.08809385  0.93462812]
1177.7679090499878,1005,False,2,1,[7.77757603 2.10282939 4.        ],exiting,[ 0.50568378 -0.03156594 -0.11489306]
1177.8554921150208,1000,False,6,3,[8.48287846 1.23018533 3.97332169],cruising,[-0.82138112 -0.19970136 -0.21083176]
1177.8554921150208,1001,False,3,4,[-2.43637891  7.27646233  4.00000121],cruising,[-0.48080528  0.59740651 -0.20557775]
1177.8554921150208,1002,False,1,5,[-5.18177218  2.39001143  3.99999999],cruising,[ 0.5677905  -0.59831228 -0.99408226]
1177.8554921150208,1003,False,0,6,[2.89258266 8.58387883 2.39190274],entering,[ 0.63925976  0.24903542 -0.34837281]
1177.8554921150208,1004,False,4,2,[-3.89916542  0.519319    4.00000697],exiting,[-0.62185191  0.08809385  0.93462812]
1177.8554921150208,1005,False,2,1,[7.67775364 2.10878665 4.        ],exiting,[ 0.50568378 -0.03156594 -0.11489306]
1177.9606227874756,1000,False,6,3,[8.48869153 1.03026983 3.97732343],cruising,[-0.82138112 -0.19970136 -0.21083176]
1177.9606227874756,1001,False,3,4,[-2.23640822  7.27988637  4.00000103],cruising,[-0.48080528  0.59740651 -0.20557775]
1177.9606227874756,1002,False,1,5,[-5.29518373  2.55474704  3.99999999],cruising,[ 0.5677905  -0.59831228 -0.99408226]
1177.9606227874756,1003,False,0,6,[2.88897176 8.5642075  2.46690274],entering,[ 0.63925976  0.24903542 -0.34837281]
1177.9606227874756,1004,False,4,2,[-3.98616875  0.61927394  4.00000462],exiting,[-0.62185191  0.08809385  0.93462812]
1177.9606227874756,1005,False,2,1,[7.57793124 2.11474391 4.        ],exiting,[ 0.50568378 -0.03156594 -0.11489306]
1178.0563020706177,1000,False,6,3,[8.49354071 0.83032863 3.98072492],cruising,[-0.82138112 -0.19970136 -0.21083176]
1178.0563020706177,1001,False,3,4,[-2.03689496  7.2659416   4.00000088],cruising,[-0.48080528  0.59740651 -0.20557775]
1178.0563020706177,1002,False,1,5,[-5.40705359  2.72053345  3.99999999],cruising,[ 0.5677905  -0.59831228 -0.99408226]
1178.0563020706177,1003,False,0,6,[2.8817745  8.52486034 2.54190274],entering,[ 0.63925976  0.24903542 -0.34837281]
1178.0563020706177,1004,False,4,2,[-4.07257795  0.6992377   4.00000243],exiting,[-0.62185191  0.08809385  0.93462812]
1178.0563020706177,1005,False,2,1,[7.47810884 2.12070117 4.        ],exiting,[ 0.50568378 -0.03156594 -0.11489306]
1178.155225276947,1000,False,6,3,[8.49711664 0.6303606  3.98361618],cruising,[-0.82138112 -0.19970136 -0.21083176]
1178.155225276947,1001,False,3,4,[-1.83960036  7.23315684  4.00000074],cruising,[-0.48080528  0.59740651 -0.20557775]
1178.155225276947,1002,False,1,5,[-5.51704511  2.88757197  3.99999999],cruising,[ 0.5677905  -0.59831228 -0.99408226]
1178.155225276947,1003,False,0,6,[2.87123715 8.46579406 2.61690274],entering,[ 0.63925976  0.24903542 -0.34837281]
1178.155225276947,1004,False,4,2,[-4.15809947  0.75922117  4.00000046],exiting,[-0.62185191  0.08809385  0.93462812]
1178.155225276947,1005,False,2,1,[7.37828644 2.12665843 4.        ],exiting,[ 0.50568378 -0.03156594 -0.11489306]
1178.2588105201721,1000,False,6,3,[8.49709336 0.4303606  3.98607375],cruising,[-0.82138112 -0.19970136 -0.21083176]
1178.2588105201721,1001,False,3,4,[-1.64576796  7.18387192  4.00000063],cruising,[-0.48080528  0.59740651 -0.20557775]
1178.2588105201721,1002,False,1,5,[-5.62594829  3.05532207  4.        ],cruising,[ 0.5677905  -0.59831228 -0.99408226]
1178.2588105201721,1003,False,0,6,[2.85753599 8.38697961 2.69190274],entering,[ 0.63925976  0.24903542 -0.34837281]
1178.2588105201721,1004,False,4,2,[-4.24232161  0.7992469   3.9999988 ],exiting,[-0.62185191  0.08809385  0.93462812]
1178.2588105201721,1005,False,2,1,[7.27846405 2.13261569 4.        ],exiting,[ 0.50568378 -0.03156594 -0.11489306]
1178.3665280342102,1000,False,6,3,[8.49575426 0.23036508 3.98816269],cruising,[-0.82138112 -0.19970136 -0.21083176]
1178.3665280342102,1001,False,3,4,[-1.45460449  7.12507967  4.00000054],cruising,[-0.48080528  0.59740651 -0.20557775]
1178.3665280342102,1002,False,1,5,[-5.73213112  3.2248072   4.        ],cruising,[ 0.5677905  -0.59831228 -0.99408226]
1178.3665280342102,1003,False,0,6,[2.84090934 8.28838027 2.76690274],entering,[ 0.63925976  0.24903542 -0.34837281]
1178.3665280342102,1004,False,4,2,[-4.32499081  0.819333    3.99999749],exiting,[-0.62185191  0.08809385  0.93462812]
1178.3665280342102,1005,False,2,1,[7.17864165 2.13857295 4.        ],exiting,[ 0.50568378 -0.03156594 -0.11489306]
1178.4675786495209,1000,False,6,3,[8.49287766 0.03038577 3.98993829],cruising,[-0.82138112 -0.19970136 -0.21083176]
1178.4675786495209,1001,False,3,4,[-1.26802681  7.05304658  4.00000046],cruising,[-0.48080528  0.59740651 -0.20557775]
1178.4675786495209,1002,False,1,5,[-5.8351244   3.39624927  4.        ],cruising,[ 0.5677905  -0.59831228 -0.99408226]
1178.4675786495209,1003,False,0,6,[2.8222843  8.16988103 2.84190274],entering,[ 0.63925976  0.24903542 -0.34837281]
1178.4675786495209,1004,False,4,2,[-4.40584938  0.81950124  3.99999659],exiting,[-0.62185191  0.08809385  0.93462812]
1178.4675786495209,1005,False,2,1,[7.07881925 2.14453021 4.        ],exiting,[ 0.50568378 -0.03156594 -0.11489306]
1178.5639424324036,1000,False,6,3,[ 8.4882879  -0.16956156  3.99144754],cruising,[-0.82138112 -0.19970136 -0.21083176]
1178.5639424324036,1001,False,3,4,[-1.0858677   6.97047504  4.00000039],cruising,[-0.48080528  0.59740651 -0.20557775]
1178.5639424324036,1002,False,1,5,[-5.93435845  3.56989432  4.        ],cruising,[ 0.5677905  -0.59831228 -0.99408226]
1178.5639424324036,1003,False,0,6,[2.80283976 8.03139858 2.91690274],entering,[ 0.63925976  0.24903542 -0.34837281]
1178.5639424324036,1004,False,4,2,[-4.48463543  0.79977715  3.99999613],exiting,[-0.62185191  0.08809385  0.93462812]
1178.5639424324036,1005,False,2,1,[6.97899685 2.15048747 4.        ],exiting,[ 0.50568378 -0.03156594 -0.11489306]
1178.6550574302673,1000,False,6,3,[ 8.47979867 -0.36938131  3.99273041],cruising,[-0.82138112 -0.19970136 -0.21083176]
1178.6550574302673,1001,False,3,4,[-0.90763975  6.87972925  4.00000033],cruising,[-0.48080528  0.59740651 -0.20557775]
1178.6550574302673,1002,False,1,5,[-6.029131    3.74601406  4.        ],cruising,[ 0.5677905  -0.59831228 -0.99408226]
1178.6550574302673,1003,False,0,6,[2.78435545 7.8729392  2.99190274],entering,[ 0.63925976  0.24903542 -0.34837281]
1178.6550574302673,1004,False,4,2,[-4.56108271  0.76019028  3.99999614],exiting,[-0.62185191  0.08809385  0.93462812]
1178.6550574302673,1005,False,2,1,[6.87917446 2.15644473 4.        ],exiting,[ 0.50568378 -0.03156594 -0.11489306]
1178.7540922164917,1000,False,6,3,[ 8.46967202 -0.56912477  3.99382085],cruising,[-0.82138112 -0.19970136 -0.21083176]
1178.7540922164917,1001,False,3,4,[-0.73155303  6.78489535  4.00000028],cruising,[-0.48080528  0.59740651 -0.20557775]
1178.7540922164917,1002,False,1,5,[-6.1185645   3.92490411  4.        ],cruising,[ 0.5677905  -0.59831228 -0.99408226]
1178.7540922164917,1003,False,0,6,[2.76842782 7.6946439  3.06690274],entering,[ 0.63925976  0.24903542 -0.34837281]
1178.7540922164917,1004,False,4,2,[-4.63492031  0.70077439  3.99999662],exiting,[-0.62185191  0.08809385  0.93462812]
1178.7540922164917,1005,False,2,1,[6.77935206 2.16240199 4.        ],exiting,[ 0.50568378 -0.03156594 -0.11489306]
1178.8639674186707,1000,False,6,3,[ 8.45772829 -0.76876782  3.99474772],cruising,[-0.82138112 -0.19970136 -0.21083176]
1178.8639674186707,1001,False,3,4,[-0.55850349  6.68462643  4.00000024],cruising,[-0.48080528  0.59740651 -0.20557775]
1178.8639674186707,1002,False,1,5,[-6.20154891  4.1068755   4.        ],cruising,[ 0.5677905  -0.59831228 -0.99408226]
1178.8639674186707,1003,False,0,6,[2.76263979 7.49910945 3.14190274],entering,[ 0.63925976  0.24903542 -0.34837281]
1178.8639674186707,1004,False,4,2,[-4.70737127  0.63184793  3.99999722],exiting,[-0.62185191  0.08809385  0.93462812]
1178.8639674186707,1005,False,2,1,[6.67952966 2.16835925 4.        ],exiting,[ 0.50568378 -0.03156594 -0.11489306]
1178.9675006866455,1000,False,6,3,[ 8.44381338 -0.96828317  3.99553556],cruising,[-0.82138112 -0.19970136 -0.21083176]
1178.9675006866455,1001,False,3,4,[-0.38766523  6.58063467  4.0000002 ],cruising,[-0.48080528  0.59740651 -0.20557775]
1178.9675006866455,1002,False,1,5,[-6.27242043  4.2938975   4.        ],cruising,[ 0.5677905  -0.59831228 -0.99408226]
1178.9675006866455,1003,False,0,6,[2.76765461 7.29917233 3.21690274],entering,[ 0.63925976  0.24903542 -0.34837281]
1178.9675006866455,1004,False,4,2,[-4.77982223  0.56292146  3.99999773],exiting,[-0.62185191  0.08809385  0.93462812]
1178.9675006866455,1005,False,2,1,[6.57970726 2.17431651 4.        ],exiting,[ 0.50568378 -0.03156594 -0.11489306]
1179.0585632324219,1000,False,6,3,[ 8.42561766 -1.16745374  3.99620523],cruising,[-0.82138112 -0.19970136 -0.21083176]
1179.0585632324219,1001,False,3,4,[-0.21773664  6.47516299  4.00000017],cruising,[-0.48080528  0.59740651 -0.20557775]
1179.0585632324219,1002,False,1,5,[-6.33343515  4.48436325  4.        ],exiting,[ 0.5677905  -0.59831228 -0.99408226]
1179.0585632324219,1003,False,0,6,[2.78626075 7.10003968 3.29190274],entering,[ 0.63925976  0.24903542 -0.34837281]
1179.0585632324219,1004,False,4,2,[-4.8522732   0.49399499  3.99999814],exiting,[-0.62185191  0.08809385  0.93462812]
1179.0585632324219,1005,False,2,1,[6.47988487 2.18027377 4.        ],exiting,[ 0.50568378 -0.03156594 -0.11489306]
1179.161283493042,1000,False,6,3,[ 8.4055014  -1.36643951  3.99677445],cruising,[-0.82138112 -0.19970136 -0.21083176]
1179.161283493042,1001,False,3,4,[-0.04886443  6.36800807  4.00000015],cruising,[-0.48080528  0.59740651 -0.20557775]
1179.161283493042,1002,False,1,5,[-6.39412552  4.65483164  4.        ],exiting,[ 0.5677905  -0.59831228 -0.99408226]
1179.161283493042,1003,False,0,6,[2.82173214 6.90321037 3.36690274],entering,[ 0.63925976  0.24903542 -0.34837281]
1179.161283493042,1004,False,4,2,[-4.92472416  0.42506852  3.99999848],exiting,[-0.62185191  0.08809385  0.93462812]
1179.161283493042,1005,False,2,1,[6.38006247 2.18623103 4.        ],exiting,[ 0.50568378 -0.03156594 -0.11489306]
1179.2573459148407,1000,False,6,3,[ 8.38326203 -1.56519919  3.99725828],cruising,[-0.82138112 -0.19970136 -0.21083176]
1179.2573459148407,1001,False,3,4,[0.11982735 6.26056932 4.00000012],cruising,[-0.48080528  0.59740651 -0.20557775]
1179.2573459148407,1002,False,1,5,[-6.45471299  4.80530028  4.        ],exiting,[ 0.5677905  -0.59831228 -0.99408226]
1179.2573459148407,1003,False,0,6,[2.8691414  6.70891069 3.44190274],entering,[ 0.63925976  0.24903542 -0.34837281]
1179.2573459148407,1004,False,4,2,[-4.99717512  0.35614206  3.99999876],exiting,[-0.62185191  0.08809385  0.93462812]
1179.2573459148407,1005,False,2,1,[6.28024007 2.19218829 4.        ],exiting,[ 0.50568378 -0.03156594 -0.11489306]
1179.355962753296,1000,False,6,3,[ 8.35635466 -1.76338091  3.99766954],cruising,[-0.82138112 -0.19970136 -0.21083176]
1179.355962753296,1001,False,3,4,[0.28860364 6.1532634  4.00000011],cruising,[-0.48080528  0.59740651 -0.20557775]
1179.355962753296,1002,False,1,5,[-6.51550894  4.93577002  4.        ],exiting,[ 0.5677905  -0.59831228 -0.99408226]
1179.355962753296,1003,False,0,6,[2.93272703 6.51928773 3.51690274],entering,[ 0.63925976  0.24903542 -0.34837281]
1179.355962753296,1004,False,4,2,[-5.06962609  0.28721559  3.99999899],exiting,[-0.62185191  0.08809385  0.93462812]
1179.355962753296,1005,False,2,1,[6.18041767 2.19814555 4.        ],exiting,[ 0.50568378 -0.03156594 -0.11489306]
1179.466649055481,1000,False,6,3,[ 8.32724943 -1.96125179  3.99801911],cruising,[-0.82138112 -0.19970136 -0.21083176]
1179.466649055481,1001,False,3,4,[0.45788473 6.04675558 4.00000009],cruising,[-0.48080528  0.59740651 -0.20557775]
1179.466649055481,1002,False,1,5,[-6.57684472  5.04624704  4.        ],exiting,[ 0.5677905  -0.59831228 -0.99408226]
1179.466649055481,1003,False,0,6,[3.00901842 6.33441041 3.58936733],entering,[ 0.63925976  0.24903542 -0.34837281]
1179.466649055481,1004,False,4,2,[-5.14207705  0.21828912  3.99999918],exiting,[-0.62185191  0.08809385  0.93462812]
1179.466649055481,1005,False,2,1,[6.08059528 2.20410281 4.        ],exiting,[ 0.50568378 -0.03156594 -0.11489306]
1179.566785812378,1000,False,6,3,[ 8.29568149 -2.15874474  3.99831624],cruising,[-0.82138112 -0.19970136 -0.21083176]
1179.566785812378,1001,False,3,4,[0.62793366 5.94147804 4.00000008],cruising,[-0.48080528  0.59740651 -0.20557775]
1179.566785812378,1002,False,1,5,[-6.63903258  5.13674222  4.        ],exiting,[ 0.5677905  -0.59831228 -0.99408226]
1179.566785812378,1003,False,0,6,[3.10075039 6.15671785 3.65134537],entering,[ 0.63925976  0.24903542 -0.34837281]
1179.566785812378,1004,False,4,2,[-5.21452802  0.14936265  3.99999933],exiting,[-0.62185191  0.08809385  0.93462812]
1179.566785812378,1005,False,2,1,[5.98077288 2.21006007 4.        ],exiting,[ 0.50568378 -0.03156594 -0.11489306]
1179.6554079055786,1000,False,6,3,[ 8.25863337 -2.35528338  3.9985688 ],cruising,[-0.82138112 -0.19970136 -0.21083176]
1179.6554079055786,1001,False,3,4,[0.79951803 5.838722   4.00000007],cruising,[-0.48080528  0.59740651 -0.20557775]
1179.6554079055786,1002,False,1,5,[-6.70197494  5.21444845  4.        ],exiting,[ 0.5677905  -0.59831228 -0.99408226]
1179.6554079055786,1003,False,0,6,[3.20666638 5.98706584 3.70364357],entering,[ 0.63925976  0.24903542 -0.34837281]
1179.6554079055786,1004,False,4,2,[-5.28697898  0.08043619  3.99999946],exiting,[-0.62185191  0.08809385  0.93462812]
1179.6554079055786,1005,False,2,1,[5.88095048 2.21601733 4.        ],exiting,[ 0.50568378 -0.03156594 -0.11489306]
1179.7558810710907,1000,False,6,3,[ 8.21889585 -2.55129596  3.99878348],cruising,[-0.82138112 -0.19970136 -0.21083176]
1179.7558810710907,1001,False,3,4,[0.97244919 5.73824904 4.00000006],cruising,[-0.48080528  0.59740651 -0.20557775]
1179.7558810710907,1002,False,1,5,[-6.76491731  5.29215469  4.        ],exiting,[ 0.5677905  -0.59831228 -0.99408226]
1179.7558810710907,1003,False,0,6,[3.32779189 5.82795225 3.74835149],entering,[ 0.63925976  0.24903542 -0.34837281]
1179.7558810710907,1004,False,4,2,[-5.35942994  0.01150972  3.99999956],exiting,[-0.62185191  0.08809385  0.93462812]
1179.7558810710907,1005,False,2,1,[5.78112808 2.22197459 4.        ],exiting,[ 0.50568378 -0.03156594 -0.11489306]
1179.861738204956,1000,False,6,3,[ 8.17297888 -2.74595369  3.99896596],cruising,[-0.82138112 -0.19970136 -0.21083176]
1179.861738204956,1001,False,3,4,[1.14774765 5.64196587 4.00000005],cruising,[-0.48080528  0.59740651 -0.20557775]
1179.861738204956,1002,False,1,5,[-6.82785967  5.36986092  4.        ],exiting,[ 0.5677905  -0.59831228 -0.99408226]
1179.861738204956,1003,False,0,6,[3.46310324 5.68067416 3.78609877],entering,[ 0.63925976  0.24903542 -0.34837281]
1179.861738204956,1004,False,4,2,[-5.43188091 -0.05741675  3.99999965],exiting,[-0.62185191  0.08809385  0.93462812]
1179.861738204956,1005,False,2,1,[5.68130569 2.22793185 4.        ],exiting,[ 0.50568378 -0.03156594 -0.11489306]
1179.9538140296936,1000,False,6,3,[ 8.12390752 -2.93984026  3.99912107],cruising,[-0.82138112 -0.19970136 -0.21083176]
1179.9538140296936,1001,False,3,4,[1.32484348 5.54903005 4.00000004],cruising,[-0.48080528  0.59740651 -0.20557775]
1179.9538140296936,1002,False,1,5,[-6.89080203  5.44756715  4.        ],exiting,[ 0.5677905  -0.59831228 -0.99408226]
1179.9538140296936,1003,False,0,6,[3.6119183  5.54711615 3.81842301],entering,[ 0.63925976  0.24903542 -0.34837281]
1179.9538140296936,1004,False,4,2,[-5.50433187 -0.12634321  3.99999971],exiting,[-0.62185191  0.08809385  0.93462812]
1179.9538140296936,1005,False,2,1,[5.58148329 2.23388911 4.        ],landing,[ 0.50568378 -0.03156594 -0.11489306]
1180.0564913749695,1000,False,6,3,[ 8.06745736 -3.13170838  3.99925291],cruising,[-0.82138112 -0.19970136 -0.21083176]
1180.0564913749695,1001,False,3,4,[1.50395221 5.46003532 4.00000003],cruising,[-0.48080528  0.59740651 -0.20557775]
1180.0564913749695,1002,False,1,5,[-6.9537444   5.52527339  4.        ],exiting,[ 0.5677905  -0.59831228 -0.99408226]
1180.0564913749695,1003,False,0,6,[3.77297292 5.42854153 3.84567863],cruising,[ 0.63925976  0.24903542 -0.34837281]
1180.0564913749695,1004,False,4,2,[-5.57678283 -0.19526968  3.99999977],exiting,[-0.62185191  0.08809385  0.93462812]
1180.0564913749695,1005,False,2,1,[5.49551054 2.23586726 3.98613083],landing,[ 0.50568378 -0.03156594 -0.11489306]
1180.1535086631775,1000,False,6,3,[ 8.00710763 -3.32238589  3.99936497],cruising,[-0.82138112 -0.19970136 -0.21083176]
1180.1535086631775,1001,False,3,4,[1.68629416 5.37786832 4.00000003],cruising,[-0.48080528  0.59740651 -0.20557775]
1180.1535086631775,1002,False,1,5,[-7.01668676  5.60297962  4.        ],exiting,[ 0.5677905  -0.59831228 -0.99408226]
1180.1535086631775,1003,False,0,6,[3.94452069 5.3257244  3.86882684],cruising,[ 0.63925976  0.24903542 -0.34837281]
1180.1535086631775,1004,False,4,2,[-5.6492338  -0.26419615  3.99999982],exiting,[-0.62185191  0.08809385  0.93462812]
1180.1535086631775,1005,False,2,1,[5.42355892 2.23389369 3.95855794],landing,[ 0.50568378 -0.03156594 -0.11489306]
1180.2548081874847,1000,False,6,3,[ 7.93748269 -3.50987553  3.99946023],cruising,[-0.82138112 -0.19970136 -0.21083176]
1180.2548081874847,1001,False,3,4,[1.87083104 5.30075711 4.00000002],cruising,[-0.48080528  0.59740651 -0.20557775]
1180.2548081874847,1002,False,1,5,[-7.07962913  5.68068586  4.        ],exiting,[ 0.5677905  -0.59831228 -0.99408226]
1180.2548081874847,1003,False,0,6,[4.1238892  5.23725442 3.88850281],cruising,[ 0.63925976  0.24903542 -0.34837281]
1180.2548081874847,1004,False,4,2,[-5.72168476 -0.33312262  3.99999985],exiting,[-0.62185191  0.08809385  0.93462812]
1180.2548081874847,1005,False,2,1,[5.36582882 2.22800153 3.91747976],landing,[ 0.50568378 -0.03156594 -0.11489306]
1180.3534824848175,1000,False,6,3,[ 7.85751555 -3.6931929   3.99954119],cruising,[-0.82138112 -0.19970136 -0.21083176]
1180.3534824848175,1001,False,3,4,[2.05766983 5.22940401 4.00000002],cruising,[-0.48080528  0.59740651 -0.20557775]
1180.3534824848175,1002,False,1,5,[-7.14257149  5.75839209  4.        ],exiting,[ 0.5677905  -0.59831228 -0.99408226]
1180.3534824848175,1003,False,0,6,[4.30936528 5.16243047 3.90522739],cruising,[ 0.63925976  0.24903542 -0.34837281]
1180.3534824848175,1004,False,4,2,[-5.79413572 -0.40204908  3.99999988],exiting,[-0.62185191  0.08809385  0.93462812]
1180.3534824848175,1005,False,2,1,[5.32258918 2.2182373  3.86317154],landing,[ 0.50568378 -0.03156594 -0.11489306]
1180.4547839164734,1000,False,6,3,[ 7.76564438 -3.87084337  3.99961001],cruising,[-0.82138112 -0.19970136 -0.21083176]
1180.4547839164734,1001,False,3,4,[2.24826701 5.16880109 4.00000002],cruising,[-0.48080528  0.59740651 -0.20557775]
1180.4547839164734,1002,False,1,5,[-7.20551386  5.83609832  4.        ],exiting,[ 0.5677905  -0.59831228 -0.99408226]
1180.4547839164734,1003,False,0,6,[4.49908011 5.09911945 3.91944328],cruising,[ 0.63925976  0.24903542 -0.34837281]
1180.4547839164734,1004,False,4,2,[-5.86658669 -0.47097555  3.99999991],exiting,[-0.62185191  0.08809385  0.93462812]
1180.4547839164734,1005,False,2,1,[5.29407826 2.20464428 3.79588623],landing,[ 0.50568378 -0.03156594 -0.11489306]
1180.5551998615265,1000,False,6,3,[ 7.65975069 -4.04050929  3.99966851],cruising,[-0.82138112 -0.19970136 -0.21083176]
1180.5551998615265,1001,False,3,4,[2.44181038 5.11839311 4.00000002],cruising,[-0.48080528  0.59740651 -0.20557775]
1180.5551998615265,1002,False,1,5,[-7.26845622  5.91380456  4.        ],exiting,[ 0.5677905  -0.59831228 -0.99408226]
1180.5551998615265,1003,False,0,6,[4.69162344 5.0450171  3.93152679],cruising,[ 0.63925976  0.24903542 -0.34837281]
1180.5551998615265,1004,False,4,2,[-5.93903765 -0.53990202  3.99999993],exiting,[-0.62185191  0.08809385  0.93462812]
1180.5551998615265,1005,False,2,1,[5.28050704 2.1872625  3.71585531],landing,[ 0.50568378 -0.03156594 -0.11489306]
1180.6554539203644,1000,False,6,3,[ 7.53745064 -4.19873705  3.99971838],cruising,[-0.82138112 -0.19970136 -0.21083176]
1180.6554539203644,1001,False,3,4,[2.63742625 5.07674657 4.00000001],cruising,[-0.48080528  0.59740651 -0.20557775]
1180.6554539203644,1002,False,1,5,[-7.33139859  5.99151079  4.        ],exiting,[ 0.5677905  -0.59831228 -0.99408226]
1180.6554539203644,1003,False,0,6,[4.8861195  4.99842009 3.94179777],cruising,[ 0.63925976  0.24903542 -0.34837281]
1180.6554539203644,1004,False,4,2,[-6.01148861 -0.60882849  3.99999994],exiting,[-0.62185191  0.08809385  0.93462812]
1180.6554539203644,1005,False,2,1,[5.28208773 2.16613393 3.62331913],landing,[ 0.50568378 -0.03156594 -0.11489306]
1180.7661707401276,1000,False,6,3,[ 7.40016515 -4.34371957  3.9997625 ],cruising,[-0.82138112 -0.19970136 -0.21083176]
1180.7661707401276,1001,False,3,4,[2.83446757 5.04247243 4.00000001],cruising,[-0.48080528  0.59740651 -0.20557775]
1180.7661707401276,1002,False,1,5,[-7.39434095  6.06921702  4.        ],exiting,[ 0.5677905  -0.59831228 -0.99408226]
1180.7661707401276,1003,False,0,6,[5.0817578  4.95687904 3.9505281 ],cruising,[ 0.63925976  0.24903542 -0.34837281]
1180.7661707401276,1004,False,4,2,[-6.08393958 -0.67775495  3.99999996],exiting,[-0.62185191  0.08809385  0.93462812]
1180.7661707401276,1005,False,2,1,[5.2894557  2.14361087 3.52616758],landing,[ 0.50568378 -0.03156594 -0.11489306]
1180.8539714813232,1000,False,6,3,[ 7.25032521 -4.47313334  3.99980361],cruising,[-0.82138112 -0.19970136 -0.21083176]
1180.8539714813232,1001,False,3,4,[3.03247016 5.01427717 4.00000001],cruising,[-0.48080528  0.59740651 -0.20557775]
1180.8539714813232,1002,False,1,5,[-7.45728332  6.14692326  4.        ],exiting,[ 0.5677905  -0.59831228 -0.99408226]
1180.8539714813232,1003,False,0,6,[5.27803495 4.9184697  3.95794889],cruising,[ 0.63925976  0.24903542 -0.34837281]
1180.8539714813232,1004,False,4,2,[-6.15639054 -0.74668142  3.99999997],exiting,[-0.62185191  0.08809385  0.93462812]
1180.8539714813232,1005,False,2,1,[5.29682366 2.12108781 3.42901602],landing,[ 0.50568378 -0.03156594 -0.11489306]
1180.952956199646,1000,False,6,3,[ 7.08983358 -4.58561958  3.9998417 ],cruising,[-0.82138112 -0.19970136 -0.21083176]
1180.952956199646,1001,False,3,4,[3.23110924 4.99098518 4.00000001],cruising,[-0.48080528  0.59740651 -0.20557775]
1180.952956199646,1002,False,1,5,[-7.52022568  6.22462949  4.        ],exiting,[ 0.5677905  -0.59831228 -0.99408226]
1180.952956199646,1003,False,0,6,[5.47458364 4.88147489 3.96425656],cruising,[ 0.63925976  0.24903542 -0.34837281]
1180.952956199646,1004,False,4,2,[-6.2288415  -0.81560789  3.99999997],exiting,[-0.62185191  0.08809385  0.93462812]
1180.952956199646,1005,False,2,1,[5.30419163 2.09856474 3.33186447],landing,[ 0.50568378 -0.03156594 -0.11489306]
1181.0530319213867,1000,False,6,3,[ 6.92074312 -4.68004868  3.99987673],cruising,[-0.82138112 -0.19970136 -0.21083176]
1181.0530319213867,1001,False,3,4,[3.43016196 4.97154257 4.00000001],cruising,[-0.48080528  0.59740651 -0.20557775]
1181.0530319213867,1002,False,1,5,[-7.58316804  6.30233572  4.        ],exiting,[ 0.5677905  -0.59831228 -0.99408226]
1181.0530319213867,1003,False,0,6,[5.67143573 4.84613009 3.96961807],exiting,[ 0.63925976  0.24903542 -0.34837281]
1181.0530319213867,1004,False,4,2,[-6.30129247 -0.88453436  3.99999998],exiting,[-0.62185191  0.08809385  0.93462812]
1181.0530319213867,1005,False,2,1,[5.31155959 2.07604168 3.23471291],landing,[ 0.50568378 -0.03156594 -0.11489306]
1181.1535835266113,1000,False,6,3,[ 6.74520081 -4.75554703  3.99990865],cruising,[-0.82138112 -0.19970136 -0.21083176]
1181.1535835266113,1001,False,3,4,[3.62947748 4.95501005 4.00000001],cruising,[-0.48080528  0.59740651 -0.20557775]
1181.1535835266113,1002,False,1,5,[-7.64611041  6.38004196  4.        ],exiting,[ 0.5677905  -0.59831228 -0.99408226]
1181.1535835266113,1003,False,0,6,[5.85291403 4.82357772 3.97495668],exiting,[ 0.63925976  0.24903542 -0.34837281]
1181.1535835266113,1004,False,4,2,[-6.37374343 -0.95346082  3.99999998],exiting,[-0.62185191  0.08809385  0.93462812]
1181.1535835266113,1005,False,2,1,[5.31892756 2.05351862 3.13756135],landing,[ 0.50568378 -0.03156594 -0.11489306]
1181.2532193660736,1000,False,6,3,[ 6.56539476 -4.81150514  3.99993738],cruising,[-0.82138112 -0.19970136 -0.21083176]
1181.2532193660736,1001,False,3,4,[3.82895405 4.9405498  4.        ],cruising,[-0.48080528  0.59740651 -0.20557775]
1181.2532193660736,1002,False,1,5,[-7.70905277  6.45774819  4.        ],exiting,[ 0.5677905  -0.59831228 -0.99408226]
1181.2532193660736,1003,False,0,6,[6.01898639 4.81377864 3.9801932 ],exiting,[ 0.63925976  0.24903542 -0.34837281]
1181.2532193660736,1004,False,4,2,[-6.44619439 -1.02238729  3.99999999],exiting,[-0.62185191  0.08809385  0.93462812]
1181.2532193660736,1005,False,2,1,[5.32629553 2.03099555 3.0404098 ],landing,[ 0.50568378 -0.03156594 -0.11489306]
1181.3542475700378,1000,False,6,3,[ 6.38353662 -4.84756881  3.99996283],cruising,[-0.82138112 -0.19970136 -0.21083176]
1181.3542475700378,1001,False,3,4,[4.02852192 4.92740967 4.        ],cruising,[-0.48080528  0.59740651 -0.20557775]
1181.3542475700378,1002,False,1,5,[-7.77199514  6.53545443  4.        ],exiting,[ 0.5677905  -0.59831228 -0.99408226]
1181.3542475700378,1003,False,0,6,[6.16961319 4.81668379 3.98523553],exiting,[ 0.63925976  0.24903542 -0.34837281]
1181.3542475700378,1004,False,4,2,[-6.51864536 -1.09131376  3.99999999],exiting,[-0.62185191  0.08809385  0.93462812]
1181.3542475700378,1005,False,2,1,[5.33366349 2.00847249 2.94325824],landing,[ 0.50568378 -0.03156594 -0.11489306]
1181.4526934623718,1000,False,6,3,[ 6.20101002 -4.86364366  3.9999847 ],cruising,[-0.82138112 -0.19970136 -0.21083176]
1181.4526934623718,1001,False,3,4,[4.22810545 4.9145094  4.        ],cruising,[-0.48080528  0.59740651 -0.20557775]
1181.4526934623718,1002,False,1,5,[-7.8349375   6.61316066  4.        ],exiting,[ 0.5677905  -0.59831228 -0.99408226]
1181.4526934623718,1003,False,0,6,[6.30474497 4.83223057 3.98997276],exiting,[ 0.63925976  0.24903542 -0.34837281]
1181.4526934623718,1004,False,4,2,[-6.59109632 -1.16024022  3.99999999],exiting,[-0.62185191  0.08809385  0.93462812]
1181.4526934623718,1005,False,2,1,[5.34103146 1.98594943 2.84610669],landing,[ 0.50568378 -0.03156594 -0.11489306]
1181.5531811714172,1000,False,6,3,[ 6.01927498 -4.85973417  4.00000289],cruising,[-0.82138112 -0.19970136 -0.21083176]
1181.5531811714172,1001,False,3,4,[4.42771545 4.90202549 4.        ],cruising,[-0.48080528  0.59740651 -0.20557775]
1181.5531811714172,1002,False,1,5,[-7.89787987  6.69086689  4.        ],exiting,[ 0.5677905  -0.59831228 -0.99408226]
1181.5531811714172,1003,False,0,6,[6.42431647 4.86033427 3.99426129],exiting,[ 0.63925976  0.24903542 -0.34837281]
1181.5531811714172,1004,False,4,2,[-6.66354728 -1.22916669  4.        ],exiting,[-0.62185191  0.08809385  0.93462812]
1181.5531811714172,1005,False,2,1,[5.34839942 1.96342636 2.74895513],landing,[ 0.50568378 -0.03156594 -0.11489306]
1181.6532776355743,1000,False,6,3,[ 5.83952361 -4.83592331  4.00001731],cruising,[-0.82138112 -0.19970136 -0.21083176]
1181.6532776355743,1001,False,3,4,[4.62730743 4.88925671 4.        ],cruising,[-0.48080528  0.59740651 -0.20557775]
1181.6532776355743,1002,False,1,5,[-7.96082223  6.76857313  4.        ],exiting,[ 0.5677905  -0.59831228 -0.99408226]
1181.6532776355743,1003,False,0,6,[6.5282382  4.90087463 3.99790604],exiting,[ 0.63925976  0.24903542 -0.34837281]
1181.6532776355743,1004,False,4,2,[-6.73599825 -1.29809316  4.        ],exiting,[-0.62185191  0.08809385  0.93462812]
1181.6532776355743,1005,False,2,1,[5.35576739 1.9409033  2.65180358],landing,[ 0.50568378 -0.03156594 -0.11489306]
1181.7589118480682,1000,False,6,3,[ 5.66229401 -4.79227206  4.00002766],cruising,[-0.82138112 -0.19970136 -0.21083176]
1181.7589118480682,1001,False,3,4,[4.82683714 4.87554923 4.        ],cruising,[-0.48080528  0.59740651 -0.20557775]
1181.7589118480682,1002,False,1,5,[-8.0237646   6.84627936  4.        ],exiting,[ 0.5677905  -0.59831228 -0.99408226]
1181.7589118480682,1003,False,0,6,[6.61644626 4.95376303 4.00077226],exiting,[ 0.63925976  0.24903542 -0.34837281]
1181.7589118480682,1004,False,4,2,[-6.80844921 -1.36701963  4.        ],exiting,[-0.62185191  0.08809385  0.93462812]
1181.7589118480682,1005,False,2,1,[5.36313535 1.91838024 2.55465202],landing,[ 0.50568378 -0.03156594 -0.11489306]
1181.8659584522247,1000,False,6,3,[ 5.48832202 -4.7288879   4.00003378],cruising,[-0.82138112 -0.19970136 -0.21083176]
1181.8659584522247,1001,False,3,4,[5.02625308 4.86027566 4.        ],cruising,[-0.48080528  0.59740651 -0.20557775]
1181.8659584522247,1002,False,1,5,[-8.08670696  6.92398559  4.        ],exiting,[ 0.5677905  -0.59831228 -0.99408226]
1181.8659584522247,1003,False,0,6,[6.68887466 5.01890582 4.00272597],exiting,[ 0.63925976  0.24903542 -0.34837281]
1181.8659584522247,1004,False,4,2,[-6.88090017 -1.43594609  4.        ],exiting,[-0.62185191  0.08809385  0.93462812]
1181.8659584522247,1005,False,2,1,[5.37050332 1.89585718 2.45750047],landing,[ 0.50568378 -0.03156594 -0.11489306]
1181.9568688869476,1000,False,6,3,[ 5.3174097  -4.64573916  4.00003522],cruising,[-0.82138112 -0.19970136 -0.21083176]
1181.9568688869476,1001,False,3,4,[5.22558039 4.8438859  4.        ],cruising,[-0.48080528  0.59740651 -0.20557775]
1181.9568688869476,1002,False,1,5,[-8.14964932  7.00169183  4.        ],exiting,[ 0.5677905  -0.59831228 -0.99408226]
1181.9568688869476,1003,False,0,6,[6.74545587 5.09620543 4.00364134],exiting,[ 0.63925976  0.24903542 -0.34837281]
1181.9568688869476,1004,False,4,2,[-6.95335114 -1.50487256  4.        ],landing,[-0.62185191  0.08809385  0.93462812]
1181.9568688869476,1005,False,2,1,[5.37787128 1.87333411 2.36034891],landing,[ 0.50568378 -0.03156594 -0.11489306]
1182.0531134605408,1000,False,6,3,[ 5.14903199 -4.54275168  4.00003153],cruising,[-0.82138112 -0.19970136 -0.21083176]
1182.0531134605408,1001,False,3,4,[5.42466494 4.82477203 4.        ],cruising,[-0.48080528  0.59740651 -0.20557775]
1182.0531134605408,1002,False,1,5,[-8.21259169  7.07939806  4.        ],exiting,[ 0.5677905  -0.59831228 -0.99408226]
1182.0531134605408,1003,False,0,6,[6.78612042 5.18556215 4.0034226 ],exiting,[ 0.63925976  0.24903542 -0.34837281]
1182.0531134605408,1004,False,4,2,[-7.01781693 -1.56182322  3.98611414],landing,[-0.62185191  0.08809385  0.93462812]
1182.0531134605408,1005,False,2,1,[5.38523925 1.85081105 2.26319736],landing,[ 0.50568378 -0.03156594 -0.11489306]
1182.15461063385,1000,False,6,3,[ 4.9770816  -4.44060931  4.0000268 ],cruising,[-0.82138112 -0.19970136 -0.21083176]
1182.15461063385,1001,False,3,4,[5.623394   4.80226066 4.        ],cruising,[-0.48080528  0.59740651 -0.20557775]
1182.15461063385,1002,False,1,5,[-8.27553405  7.1571043   4.        ],exiting,[ 0.5677905  -0.59831228 -0.99408226]
1182.15461063385,1003,False,0,6,[6.82090235 5.27931828 4.00283119],exiting,[ 0.63925976  0.24903542 -0.34837281]
1182.15461063385,1004,False,4,2,[-7.07414851 -1.60670838  3.95850756],landing,[-0.62185191  0.08809385  0.93462812]
1182.15461063385,1005,False,2,1,[5.39260721 1.82828799 2.1660458 ],landing,[ 0.50568378 -0.03156594 -0.11489306]
1182.2648770809174,1000,False,6,3,[ 4.80231738 -4.34335981  4.00002278],cruising,[-0.82138112 -0.19970136 -0.21083176]
1182.2648770809174,1001,False,3,4,[5.82161446 4.77564022 4.        ],cruising,[-0.48080528  0.59740651 -0.20557775]
1182.2648770809174,1002,False,1,5,[-8.33847642  7.23481053  4.        ],exiting,[ 0.5677905  -0.59831228 -0.99408226]
1182.2648770809174,1003,False,0,6,[6.85568427 5.37307442 4.00234046],exiting,[ 0.63925976  0.24903542 -0.34837281]
1182.2648770809174,1004,False,4,2,[-7.1221709  -1.63942403  3.91737839],landing,[-0.62185191  0.08809385  0.93462812]
1182.2648770809174,1005,False,2,1,[5.39997518 1.80576492 2.06889424],landing,[ 0.50568378 -0.03156594 -0.11489306]
1182.3543512821198,1000,False,6,3,[ 4.6244171  -4.25197331  4.00001936],cruising,[-0.82138112 -0.19970136 -0.21083176]
1182.3543512821198,1001,False,3,4,[6.01911843 4.74414132 4.        ],cruising,[-0.48080528  0.59740651 -0.20557775]
1182.3543512821198,1002,False,1,5,[-8.40141878  7.31251676  4.        ],landing,[ 0.5677905  -0.59831228 -0.99408226]
1182.3543512821198,1003,False,0,6,[6.8904662  5.46683056 4.00193349],exiting,[ 0.63925976  0.24903542 -0.34837281]
1182.3543512821198,1004,False,4,2,[-7.1616475  -1.65983194  3.86300199],landing,[-0.62185191  0.08809385  0.93462812]
1182.3543512821198,1005,False,2,1,[5.40734314 1.78324186 1.97174269],landing,[ 0.50568378 -0.03156594 -0.11489306]
1182.4566910266876,1000,False,6,3,[ 4.44495234 -4.16369875  4.00001646],cruising,[-0.82138112 -0.19970136 -0.21083176]
1182.4566910266876,1001,False,3,4,[6.21562394 4.70691783 4.        ],cruising,[-0.48080528  0.59740651 -0.20557775]
1182.4566910266876,1002,False,1,5,[-8.45328702  7.38177612  3.98564682],landing,[ 0.5677905  -0.59831228 -0.99408226]
1182.4566910266876,1003,False,0,6,[6.92524813 5.56058671 4.00159616],exiting,[ 0.63925976  0.24903542 -0.34837281]
1182.4566910266876,1004,False,4,2,[-7.1923687  -1.66781198  3.79562979],landing,[-0.62185191  0.08809385  0.93462812]
1182.4566910266876,1005,False,2,1,[5.41471111 1.7607188  1.87459113],landing,[ 0.50568378 -0.03156594 -0.11489306]
1182.5552697181702,1000,False,6,3,[ 4.26364055 -4.07928289  4.00001399],cruising,[-0.82138112 -0.19970136 -0.21083176]
1182.5552697181702,1001,False,3,4,[6.41074903 4.66302935 4.        ],cruising,[-0.48080528  0.59740651 -0.20557775]
1182.5552697181702,1002,False,1,5,[-8.49399888  7.44242907  3.95709979],landing,[ 0.5677905  -0.59831228 -0.99408226]
1182.5552697181702,1003,False,0,6,[6.96003006 5.65434286 4.00131669],exiting,[ 0.63925976  0.24903542 -0.34837281]
1182.5552697181702,1004,False,4,2,[-7.21414696 -1.66325861  3.71549288],landing,[-0.62185191  0.08809385  0.93462812]
1182.5552697181702,1005,False,2,1,[5.42207907 1.73819574 1.77743958],landing,[ 0.50568378 -0.03156594 -0.11489306]
1182.6537845134735,1000,False,6,3,[ 4.08147176 -3.99673272  4.00001189],cruising,[-0.82138112 -0.19970136 -0.21083176]
1182.6537845134735,1001,False,3,4,[6.60397743 4.61142718 4.        ],cruising,[-0.48080528  0.59740651 -0.20557775]
1182.6537845134735,1002,False,1,5,[-8.52345771  7.4942856   3.91455304],landing,[ 0.5677905  -0.59831228 -0.99408226]
1182.6537845134735,1003,False,0,6,[6.99481199 5.74809901 4.00108531],exiting,[ 0.63925976  0.24903542 -0.34837281]
1182.6537845134735,1004,False,4,2,[-7.22679255 -1.64606701  3.62283123],landing,[-0.62185191  0.08809385  0.93462812]
1182.6537845134735,1005,False,2,1,[5.42944704 1.71567267 1.68028802],landing,[ 0.50568378 -0.03156594 -0.11489306]
1182.7592866420746,1000,False,6,3,[ 3.89819455 -3.91667359  4.00001011],cruising,[-0.82138112 -0.19970136 -0.21083176]
1182.7592866420746,1001,False,3,4,[6.79461377 4.55094754 4.        ],cruising,[-0.48080528  0.59740651 -0.20557775]
1182.7592866420746,1002,False,1,5,[-8.54152979  7.53707813  3.8582882 ],landing,[ 0.5677905  -0.59831228 -0.99408226]
1182.7592866420746,1003,False,0,6,[7.02959392 5.84185517 4.00089385],exiting,[ 0.63925976  0.24903542 -0.34837281]
1182.7592866420746,1004,False,4,2,[-7.23603118 -1.62421997  3.52568518],landing,[-0.62185191  0.08809385  0.93462812]
1182.7592866420746,1005,False,2,1,[5.436815   1.69314961 1.58313647],landing,[ 0.50568378 -0.03156594 -0.11489306]
1182.8531312942505,1000,False,6,3,[ 3.71439157 -3.83782904  4.00000859],cruising,[-0.82138112 -0.19970136 -0.21083176]
1182.8531312942505,1001,False,3,4,[6.98172743 4.4803184  4.        ],cruising,[-0.48080528  0.59740651 -0.20557775]
1182.8531312942505,1002,False,1,5,[-8.54811708  7.57060658  3.78852239],landing,[ 0.5677905  -0.59831228 -0.99408226]
1182.8531312942505,1003,False,0,6,[7.06437586 5.93561132 4.00073553],exiting,[ 0.63925976  0.24903542 -0.34837281]
1182.8531312942505,1004,False,4,2,[-7.24526981 -1.60237293  3.42853913],landing,[-0.62185191  0.08809385  0.93462812]
1182.8531312942505,1005,False,2,1,[5.44418297 1.67062655 1.48598491],fake_landed,[ 0.50568378 -0.03156594 -0.11489306]
1182.9532923698425,1000,False,6,3,[ 3.529877   -3.76066445  4.0000073 ],cruising,[-0.82138112 -0.19970136 -0.21083176]
1182.9532923698425,1001,False,3,4,[7.16408673 4.39818991 4.        ],cruising,[-0.48080528  0.59740651 -0.20557775]
1182.9532923698425,1002,False,1,5,[-8.54312264  7.59466963  3.70547992],landing,[ 0.5677905  -0.59831228 -0.99408226]
1182.9532923698425,1003,False,0,6,[7.09915779 6.02936748 4.00060469],exiting,[ 0.63925976  0.24903542 -0.34837281]
1182.9532923698425,1004,False,4,2,[-7.25450844 -1.58052589  3.33139308],landing,[-0.62185191  0.08809385  0.93462812]
1182.9532923698425,1005,False,2,1,[5.45007734 1.6526081  1.40826367],fake_landed,[ 0.50568378 -0.03156594 -0.11489306]
1183.0531387329102,1000,False,6,3,[ 3.34493452 -3.68453115  4.00000621],cruising,[-0.82138112 -0.19970136 -0.21083176]
1183.0531387329102,1001,False,3,4,[7.34009029 4.30320178 4.        ],cruising,[-0.48080528  0.59740651 -0.20557775]
1183.0531387329102,1002,False,1,5,[-8.52645021  7.60906351  3.60939399],landing,[ 0.5677905  -0.59831228 -0.99408226]
1183.0531387329102,1003,False,0,6,[7.13393972 6.12312363 4.00049665],exiting,[ 0.63925976  0.24903542 -0.34837281]
1183.0531387329102,1004,False,4,2,[-7.26374707 -1.55867885  3.23424703],landing,[-0.62185191  0.08809385  0.93462812]
1183.0531387329102,1005,False,2,1,[5.45449812 1.63909426 1.34997273],fake_landed,[ 0.50568378 -0.03156594 -0.11489306]
1183.154910326004,1000,False,6,3,[ 3.15948904 -3.6096314   4.00000528],cruising,[-0.82138112 -0.19970136 -0.21083176]
1183.154910326004,1001,False,3,4,[7.50771281 4.19410232 4.        ],cruising,[-0.48080528  0.59740651 -0.20557775]
1183.154910326004,1002,False,1,5,[-8.50850479  7.6223896   3.51192411],landing,[ 0.5677905  -0.59831228 -0.99408226]
1183.154910326004,1003,False,0,6,[7.16872165 6.21687979 4.00040749],exiting,[ 0.63925976  0.24903542 -0.34837281]
1183.154910326004,1004,False,4,2,[-7.2729857  -1.53683181  3.13710099],landing,[-0.62185191  0.08809385  0.93462812]
1183.154910326004,1005,False,2,1,[5.45744531 1.63008503 1.31111211],fake_landed,[ 0.50568378 -0.03156594 -0.11489306]
1183.2622582912445,1000,False,6,3,[ 2.97354296 -3.5359832   4.00000449],cruising,[-0.82138112 -0.19970136 -0.21083176]
1183.2622582912445,1001,False,3,4,[7.66328595 4.06904001 4.        ],cruising,[-0.48080528  0.59740651 -0.20557775]
1183.2622582912445,1002,False,1,5,[-8.49055936  7.63571569  3.41445423],landing,[ 0.5677905  -0.59831228 -0.99408226]
1183.2622582912445,1003,False,0,6,[7.20350359 6.31063595 4.00033396],exiting,[ 0.63925976  0.24903542 -0.34837281]
1183.2622582912445,1004,False,4,2,[-7.28222433 -1.51498477  3.03995494],landing,[-0.62185191  0.08809385  0.93462812]
1183.2622582912445,1005,False,2,1,[5.4589189  1.62558042 1.2916818 ],fake_landed,[ 0.50568378 -0.03156594 -0.11489306]
1183.3530921936035,1000,False,6,3,[ 2.78700605 -3.46384457  4.00000381],cruising,[-0.82138112 -0.19970136 -0.21083176]
1183.3530921936035,1001,False,3,4,[7.80542064 3.92916528 4.        ],cruising,[-0.48080528  0.59740651 -0.20557775]
1183.3530921936035,1002,False,1,5,[-8.47261394  7.64904177  3.31698436],landing,[ 0.5677905  -0.59831228 -0.99408226]
1183.3530921936035,1003,False,0,6,[7.23828552 6.40439211 4.00027339],exiting,[ 0.63925976  0.24903542 -0.34837281]
1183.3530921936035,1004,False,4,2,[-7.29146296 -1.49313773  2.94280889],landing,[-0.62185191  0.08809385  0.93462812]
1183.3530921936035,1005,False,2,1,[5.4589189  1.62558042 1.2916818 ],fake_landed,[ 0.50568378 -0.03156594 -0.11489306]
1183.4540705680847,1000,False,6,3,[ 2.59999184 -3.3929525   4.00000324],cruising,[-0.82138112 -0.19970136 -0.21083176]
1183.4540705680847,1001,False,3,4,[7.93265635 3.77594812 4.        ],cruising,[-0.48080528  0.59740651 -0.20557775]
1183.4540705680847,1002,False,1,5,[-8.45466851  7.66236786  3.21951448],landing,[ 0.5677905  -0.59831228 -0.99408226]
1183.4540705680847,1003,False,0,6,[7.27306745 6.49814826 4.00022352],exiting,[ 0.63925976  0.24903542 -0.34837281]
1183.4540705680847,1004,False,4,2,[-7.30070159 -1.47129069  2.84566284],landing,[-0.62185191  0.08809385  0.93462812]
1183.4540705680847,1005,False,1,0,[5.4589189  1.62558042 1.2916818 ],waiting,[ 0.50568378 -0.03156594 -0.11489306]
1183.552879333496,1000,False,6,3,[ 2.41219105 -3.32417124  4.00000275],cruising,[-0.82138112 -0.19970136 -0.21083176]
1183.552879333496,1001,False,3,4,[8.04364563 3.61106677 4.        ],cruising,[-0.48080528  0.59740651 -0.20557775]
1183.552879333496,1002,False,1,5,[-8.43672309  7.67569395  3.1220446 ],landing,[ 0.5677905  -0.59831228 -0.99408226]
1183.552879333496,1003,False,0,6,[7.30784939 6.59190442 4.00018251],exiting,[ 0.63925976  0.24903542 -0.34837281]
1183.552879333496,1004,False,4,2,[-7.30994022 -1.44944365  2.7485168 ],landing,[-0.62185191  0.08809385  0.93462812]
1183.552879333496,1005,False,1,0,[5.4589189  1.62558042 1.2916818 ],waiting,[ 0.50568378 -0.03156594 -0.11489306]
1183.6542422771454,1000,False,6,3,[ 2.22345695 -3.25799392  4.00000234],cruising,[-0.82138112 -0.19970136 -0.21083176]
1183.6542422771454,1001,False,3,4,[8.13703268 3.43669005 4.        ],cruising,[-0.48080528  0.59740651 -0.20557775]
1183.6542422771454,1002,False,1,5,[-8.41877766  7.68902003  3.02457472],landing,[ 0.5677905  -0.59831228 -0.99408226]
1183.6542422771454,1003,False,0,6,[7.34263132 6.68566058 4.00014881],exiting,[ 0.63925976  0.24903542 -0.34837281]
1183.6542422771454,1004,False,4,2,[-7.31917885 -1.42759661  2.65137075],landing,[-0.62185191  0.08809385  0.93462812]
1183.6542422771454,1005,False,1,0,[5.4589189  1.62558042 1.2916818 ],waiting,[ 0.50568378 -0.03156594 -0.11489306]
1183.756539106369,1000,False,6,3,[ 2.03412564 -3.19354504  4.00000199],cruising,[-0.82138112 -0.19970136 -0.21083176]
1183.756539106369,1001,False,3,4,[8.21218895 3.25408907 4.        ],cruising,[-0.48080528  0.59740651 -0.20557775]
1183.756539106369,1002,False,1,5,[-8.40083224  7.70234612  2.92710484],landing,[ 0.5677905  -0.59831228 -0.99408226]
1183.756539106369,1003,False,0,6,[7.37741325 6.77941674 4.00012115],exiting,[ 0.63925976  0.24903542 -0.34837281]
1183.756539106369,1004,False,4,2,[-7.32841748 -1.40574958  2.5542247 ],landing,[-0.62185191  0.08809385  0.93462812]
1183.756539106369,1005,False,1,0,[5.4589189  1.62558042 1.2916818 ],waiting,[ 0.50568378 -0.03156594 -0.11489306]
1183.8671493530273,1000,False,6,3,[ 1.84352168 -3.13296344  4.00000169],cruising,[-0.82138112 -0.19970136 -0.21083176]
1183.8671493530273,1001,False,3,4,[8.26879074 3.06402278 4.        ],cruising,[-0.48080528  0.59740651 -0.20557775]
1183.8671493530273,1002,False,1,5,[-8.38288682  7.71567221  2.82963496],landing,[ 0.5677905  -0.59831228 -0.99408226]
1183.8671493530273,1003,False,0,6,[7.41219519 6.87317289 4.00009847],exiting,[ 0.63925976  0.24903542 -0.34837281]
1183.8671493530273,1004,False,4,2,[-7.33765611 -1.38390254  2.45707865],landing,[-0.62185191  0.08809385  0.93462812]
1183.8671493530273,1005,False,1,0,[5.4589189  1.62558042 1.2916818 ],waiting,[ 0.50568378 -0.03156594 -0.11489306]
1183.9672417640686,1000,False,6,3,[ 1.65145953 -3.07717698  4.00000144],cruising,[-0.82138112 -0.19970136 -0.21083176]
1183.9672417640686,1001,False,3,4,[8.306307   2.86797795 4.        ],cruising,[-0.48080528  0.59740651 -0.20557775]
1183.9672417640686,1002,False,1,5,[-8.36494139  7.72899829  2.73216509],landing,[ 0.5677905  -0.59831228 -0.99408226]
1183.9672417640686,1003,False,0,6,[7.44697712 6.96692905 4.00007989],exiting,[ 0.63925976  0.24903542 -0.34837281]
1183.9672417640686,1004,False,4,2,[-7.34689474 -1.3620555   2.3599326 ],landing,[-0.62185191  0.08809385  0.93462812]
1183.9672417640686,1005,False,1,0,[5.4589189  1.62558042 1.2916818 ],waiting,[ 0.50568378 -0.03156594 -0.11489306]
1184.0534536838531,1000,False,6,3,[ 1.45774595 -3.02742713  4.00000122],cruising,[-0.82138112 -0.19970136 -0.21083176]
1184.0534536838531,1001,False,3,4,[8.33495316 2.67004009 4.        ],cruising,[-0.48080528  0.59740651 -0.20557775]
1184.0534536838531,1002,False,1,5,[-8.34699597  7.74232438  2.63469521],landing,[ 0.5677905  -0.59831228 -0.99408226]
1184.0534536838531,1003,False,0,6,[7.48175905 7.06068521 4.00006469],exiting,[ 0.63925976  0.24903542 -0.34837281]
1184.0534536838531,1004,False,4,2,[-7.35613337 -1.34020846  2.26278656],landing,[-0.62185191  0.08809385  0.93462812]
1184.0534536838531,1005,False,1,0,[5.4589189  1.62558042 1.2916818 ],waiting,[ 0.50568378 -0.03156594 -0.11489306]
1184.164597272873,1000,False,6,3,[ 1.26220828 -2.98541499  4.00000104],cruising,[-0.82138112 -0.19970136 -0.21083176]
1184.164597272873,1001,False,3,4,[8.36317157 2.47204079 4.        ],cruising,[-0.48080528  0.59740651 -0.20557775]
1184.164597272873,1002,False,1,5,[-8.32905054  7.75565047  2.53722533],landing,[ 0.5677905  -0.59831228 -0.99408226]
1184.164597272873,1003,False,0,6,[7.51654099 7.15444137 4.00005228],exiting,[ 0.63925976  0.24903542 -0.34837281]
1184.164597272873,1004,False,4,2,[-7.365372   -1.31836142  2.16564051],landing,[-0.62185191  0.08809385  0.93462812]
1184.164597272873,1005,False,1,0,[5.4589189  1.62558042 1.2916818 ],waiting,[ 0.50568378 -0.03156594 -0.11489306]
1184.2532863616943,1000,False,6,3,[ 1.06476773 -2.95352093  4.00000088],cruising,[-0.82138112 -0.19970136 -0.21083176]
1184.2532863616943,1001,False,3,4,[8.38664959 2.27342362 4.        ],cruising,[-0.48080528  0.59740651 -0.20557775]
1184.2532863616943,1002,False,1,5,[-8.31110512  7.76897655  2.43975545],landing,[ 0.5677905  -0.59831228 -0.99408226]
1184.2532863616943,1003,False,0,6,[7.55132292 7.24819752 4.00004215],exiting,[ 0.63925976  0.24903542 -0.34837281]
1184.2532863616943,1004,False,4,2,[-7.37461063 -1.29651438  2.06849446],landing,[-0.62185191  0.08809385  0.93462812]
1184.2532863616943,1005,False,1,0,[5.4589189  1.62558042 1.2916818 ],waiting,[ 0.50568378 -0.03156594 -0.11489306]
1184.4250948429108,1000,False,6,3,[ 0.86517148 -2.94151035  4.00000075],cruising,[-0.82138112 -0.19970136 -0.21083176]
1184.4250948429108,1001,False,3,4,[8.40923931 2.07470345 4.        ],cruising,[-0.48080528  0.59740651 -0.20557775]
1184.4250948429108,1002,False,1,5,[-8.2931597   7.78230264  2.34228557],landing,[ 0.5677905  -0.59831228 -0.99408226]
1184.4250948429108,1003,False,0,6,[7.58610485 7.34195368 4.0000339 ],exiting,[ 0.63925976  0.24903542 -0.34837281]
1184.4250948429108,1004,False,4,2,[-7.38384926 -1.27466734  1.97134841],landing,[-0.62185191  0.08809385  0.93462812]
1184.4250948429108,1005,False,1,0,[5.4589189  1.62558042 1.2916818 ],waiting,[ 0.50568378 -0.03156594 -0.11489306]
1184.555361032486,1000,False,6,3,[ 0.66521902 -2.94587086  4.00000064],cruising,[-0.82138112 -0.19970136 -0.21083176]
1184.555361032486,1001,False,3,4,[8.42742254 1.87553174 4.        ],cruising,[-0.48080528  0.59740651 -0.20557775]
1184.555361032486,1002,False,1,5,[-8.27521427  7.79562873  2.24481569],landing,[ 0.5677905  -0.59831228 -0.99408226]
1184.555361032486,1003,False,0,6,[7.62088679 7.43570984 4.00002719],exiting,[ 0.63925976  0.24903542 -0.34837281]
1184.555361032486,1004,False,4,2,[-7.39308789 -1.2528203   1.87420236],landing,[-0.62185191  0.08809385  0.93462812]
1184.555361032486,1005,False,1,0,[5.4589189  1.62558042 1.2916818 ],waiting,[ 0.50568378 -0.03156594 -0.11489306]
1184.6560888290405,1000,False,6,3,[ 0.46571694 -2.95997479  4.00000054],cruising,[-0.82138112 -0.19970136 -0.21083176]
1184.6560888290405,1001,False,3,4,[8.44448846 1.67626118 4.        ],cruising,[-0.48080528  0.59740651 -0.20557775]
1184.6560888290405,1002,False,1,5,[-8.25726885  7.80895481  2.14734582],landing,[ 0.5677905  -0.59831228 -0.99408226]
1184.6560888290405,1003,False,0,6,[7.65566872 7.529466   4.00002174],exiting,[ 0.63925976  0.24903542 -0.34837281]
1184.6560888290405,1004,False,4,2,[-7.40232652 -1.23097326  1.77705632],landing,[-0.62185191  0.08809385  0.93462812]
1184.6560888290405,1005,False,1,0,[5.4589189  1.62558042 1.2916818 ],waiting,[ 0.50568378 -0.03156594 -0.11489306]
1184.7582449913025,1000,False,6,3,[ 0.26786831 -2.9892309   4.00000046],cruising,[-0.82138112 -0.19970136 -0.21083176]
1184.7582449913025,1001,False,3,4,[8.45750456 1.47668518 4.        ],cruising,[-0.48080528  0.59740651 -0.20557775]
1184.7582449913025,1002,False,1,5,[-8.23932342  7.8222809   2.04987594],landing,[ 0.5677905  -0.59831228 -0.99408226]
1184.7582449913025,1003,False,0,6,[7.69045065 7.62322216 4.00001733],exiting,[ 0.63925976  0.24903542 -0.34837281]
1184.7582449913025,1004,False,4,2,[-7.41156515 -1.20912622  1.67991027],landing,[-0.62185191  0.08809385  0.93462812]
1184.7582449913025,1005,False,1,0,[5.4589189  1.62558042 1.2916818 ],waiting,[ 0.50568378 -0.03156594 -0.11489306]
1184.8611755371094,1000,False,6,3,[ 0.07364178 -3.03693894  4.00000039],cruising,[-0.82138112 -0.19970136 -0.21083176]
1184.8611755371094,1001,False,3,4,[8.46928149 1.27703222 4.        ],cruising,[-0.48080528  0.59740651 -0.20557775]
1184.8611755371094,1002,False,1,5,[-8.221378    7.83560698  1.95240606],landing,[ 0.5677905  -0.59831228 -0.99408226]
1184.8611755371094,1003,False,0,6,[7.72523258 7.71697831 4.00001376],exiting,[ 0.63925976  0.24903542 -0.34837281]
1184.8611755371094,1004,False,4,2,[-7.42080378 -1.18727918  1.58276422],landing,[-0.62185191  0.08809385  0.93462812]
1184.8611755371094,1005,False,1,0,[5.4589189  1.62558042 1.2916818 ],waiting,[ 0.50568378 -0.03156594 -0.11489306]
1184.9585790634155,1000,False,6,3,[-0.11733367 -3.09633907  4.00000033],exiting,[-0.82138112 -0.19970136 -0.21083176]
1184.9585790634155,1001,False,3,4,[8.47953382 1.07729517 4.        ],cruising,[-0.48080528  0.59740651 -0.20557775]
1184.9585790634155,1002,False,1,5,[-8.20343258  7.84893307  1.85493618],landing,[ 0.5677905  -0.59831228 -0.99408226]
1184.9585790634155,1003,False,0,6,[7.76001452 7.81073447 4.00001088],exiting,[ 0.63925976  0.24903542 -0.34837281]
1184.9585790634155,1004,False,4,2,[-7.43004241 -1.16543214  1.48561817],fake_landed,[-0.62185191  0.08809385  0.93462812]
1184.9585790634155,1005,False,1,0,[5.4589189  1.62558042 1.2916818 ],queued,[ 0.50568378 -0.03156594 -0.11489306]
1185.063456773758,1000,False,6,3,[-0.28875841 -3.15995459  4.00000027],exiting,[-0.82138112 -0.19970136 -0.21083176]
1185.063456773758,1001,False,3,4,[8.4857932  0.87739314 4.        ],cruising,[-0.48080528  0.59740651 -0.20557775]
1185.063456773758,1002,False,1,5,[-8.18548715  7.86225916  1.7574663 ],landing,[ 0.5677905  -0.59831228 -0.99408226]
1185.063456773758,1003,False,0,6,[7.79479645 7.90449063 4.00000856],exiting,[ 0.63925976  0.24903542 -0.34837281]
1185.063456773758,1004,False,4,2,[-7.43743331 -1.14795451  1.40790134],fake_landed,[-0.62185191  0.08809385  0.93462812]
1185.063456773758,1005,False,1,0,[5.4589189  1.62558042 1.3116818 ],queued,[ 0.50568378 -0.03156594 -0.11489306]
1185.1595437526703,1000,False,6,3,[-0.44061942 -3.22772472  4.00000022],exiting,[-0.82138112 -0.19970136 -0.21083176]
1185.1595437526703,1001,False,3,4,[8.49059096 0.6774507  4.        ],cruising,[-0.48080528  0.59740651 -0.20557775]
1185.1595437526703,1002,False,1,5,[-8.16754173  7.87558524  1.65999643],landing,[ 0.5677905  -0.59831228 -0.99408226]
1185.1595437526703,1003,False,0,6,[7.82957838 7.99824679 4.0000067 ],exiting,[ 0.63925976  0.24903542 -0.34837281]
1185.1595437526703,1004,False,4,2,[-7.44297649 -1.13484629  1.34961371],fake_landed,[-0.62185191  0.08809385  0.93462812]
1185.1595437526703,1005,False,1,0,[5.4589189  1.62558042 1.3516818 ],queued,[ 0.50568378 -0.03156594 -0.11489306]
1185.2597904205322,1000,False,6,3,[-0.57290097 -3.29957461  4.00000016],exiting,[-0.82138112 -0.19970136 -0.21083176]
1185.2597904205322,1001,False,3,4,[8.49372812 0.4774753  4.        ],cruising,[-0.48080528  0.59740651 -0.20557775]
1185.2597904205322,1002,False,1,5,[-8.1495963   7.88891133  1.56252655],landing,[ 0.5677905  -0.59831228 -0.99408226]
1185.2597904205322,1003,False,0,6,[7.86436032 8.09200294 4.00000521],exiting,[ 0.63925976  0.24903542 -0.34837281]
1185.2597904205322,1004,False,4,2,[-7.44667194 -1.12610747  1.31075529],fake_landed,[-0.62185191  0.08809385  0.93462812]
1185.2597904205322,1005,False,1,0,[5.4589189  1.62558042 1.4116818 ],queued,[ 0.50568378 -0.03156594 -0.11489306]
1185.3700046539307,1000,False,6,3,[-0.68558378 -3.37541066  4.00000011],exiting,[-0.82138112 -0.19970136 -0.21083176]
1185.3700046539307,1001,False,3,4,[8.49300008 0.27747663 4.        ],cruising,[-0.48080528  0.59740651 -0.20557775]
1185.3700046539307,1002,False,1,5,[-8.13165088  7.90223742  1.46505667],fake_landed,[ 0.5677905  -0.59831228 -0.99408226]
1185.3700046539307,1003,False,0,6,[7.89914225 8.1857591  4.00000403],exiting,[ 0.63925976  0.24903542 -0.34837281]
1185.3700046539307,1004,False,4,2,[-7.44851966 -1.12173807  1.29132608],fake_landed,[-0.62185191  0.08809385  0.93462812]
1185.3700046539307,1005,False,1,0,[5.4589189  1.62558042 1.4866818 ],queued,[ 0.50568378 -0.03156594 -0.11489306]
1185.4628624916077,1000,False,6,3,[-0.77864317 -3.45510952  4.00000006],exiting,[-0.82138112 -0.19970136 -0.21083176]
1185.4628624916077,1001,False,3,4,[8.49070631 0.07748978 4.        ],cruising,[-0.48080528  0.59740651 -0.20557775]
1185.4628624916077,1002,False,1,5,[-8.11729454  7.91289829  1.38708077],fake_landed,[ 0.5677905  -0.59831228 -0.99408226]
1185.4628624916077,1003,False,0,6,[7.93392418 8.27951526 4.00000308],exiting,[ 0.63925976  0.24903542 -0.34837281]
1185.4628624916077,1004,False,2,1,[-7.44851966 -1.12173807  1.29132608],waiting,[-0.62185191  0.08809385  0.93462812]
1185.4628624916077,1005,False,1,0,[5.4589189  1.62558042 1.5616818 ],queued,[ 0.50568378 -0.03156594 -0.11489306]
1185.5564787387848,1000,False,6,3,[-0.85204452 -3.53849101  4.00000002],exiting,[-0.82138112 -0.19970136 -0.21083176]
1185.5564787387848,1001,False,3,4,[ 8.48667623 -0.12246961  4.        ],cruising,[-0.48080528  0.59740651 -0.20557775]
1185.5564787387848,1002,False,1,5,[-8.10652729  7.92089394  1.32859884],fake_landed,[ 0.5677905  -0.59831228 -0.99408226]
1185.5564787387848,1003,False,0,6,[7.96870612 8.37327142 4.00000234],exiting,[ 0.63925976  0.24903542 -0.34837281]
1185.5564787387848,1004,False,2,1,[-7.44851966 -1.12173807  1.29132608],waiting,[-0.62185191  0.08809385  0.93462812]
1185.5564787387848,1005,False,1,0,[5.4589189  1.62558042 1.6366818 ],queued,[ 0.50568378 -0.03156594 -0.11489306]
1185.6643688678741,1000,False,6,3,[-0.90576434 -3.62542734  3.99999999],exiting,[-0.82138112 -0.19970136 -0.21083176]
1185.6643688678741,1001,False,3,4,[ 8.48077244 -0.32238245  4.        ],cruising,[-0.48080528  0.59740651 -0.20557775]
1185.6643688678741,1002,False,1,5,[-8.09934912  7.92622437  1.28961089],fake_landed,[ 0.5677905  -0.59831228 -0.99408226]
1185.6643688678741,1003,False,0,6,[8.00348805 8.46702758 4.00000175],exiting,[ 0.63925976  0.24903542 -0.34837281]
1185.6643688678741,1004,False,2,1,[-7.44851966 -1.12173807  1.29132608],waiting,[-0.62185191  0.08809385  0.93462812]
1185.6643688678741,1005,False,1,0,[5.4589189  1.62558042 1.7116818 ],queued,[ 0.50568378 -0.03156594 -0.11489306]
1185.7569859027863,1000,False,6,3,[-0.93977889 -3.7157846   3.99999997],exiting,[-0.82138112 -0.19970136 -0.21083176]
1185.7569859027863,1001,False,3,4,[ 8.4708412  -0.52213573  4.        ],cruising,[-0.48080528  0.59740651 -0.20557775]
1185.7569859027863,1002,False,1,5,[-8.09576003  7.92888959  1.27011691],fake_landed,[ 0.5677905  -0.59831228 -0.99408226]
1185.7569859027863,1003,False,0,6,[8.03826998 8.56078373 4.00000129],exiting,[ 0.63925976  0.24903542 -0.34837281]
1185.7569859027863,1004,False,2,1,[-7.44851966 -1.12173807  1.29132608],waiting,[-0.62185191  0.08809385  0.93462812]
1185.7569859027863,1005,False,1,0,[5.4589189  1.62558042 1.7866818 ],queued,[ 0.50568378 -0.03156594 -0.11489306]
1185.856567144394,1000,False,6,3,[-0.95406459 -3.80942396  3.99999996],exiting,[-0.82138112 -0.19970136 -0.21083176]
1185.856567144394,1001,False,3,4,[ 8.45915123 -0.7217938   4.        ],cruising,[-0.48080528  0.59740651 -0.20557775]
1185.856567144394,1002,False,1,5,[-8.09576003  7.92888959  1.27011691],fake_landed,[ 0.5677905  -0.59831228 -0.99408226]
1185.856567144394,1003,False,0,6,[8.07305192 8.65453989 4.00000093],exiting,[ 0.63925976  0.24903542 -0.34837281]
1185.856567144394,1004,False,2,1,[-7.44851966 -1.12173807  1.29132608],waiting,[-0.62185191  0.08809385  0.93462812]
1185.856567144394,1005,False,1,0,[5.4589189  1.62558042 1.8616818 ],queued,[ 0.50568378 -0.03156594 -0.11489306]
1185.9564216136932,1000,False,6,3,[-0.94859823 -3.9062028   3.99999996],exiting,[-0.82138112 -0.19970136 -0.21083176]
1185.9564216136932,1001,False,3,4,[ 8.44553701 -0.92132989  4.        ],cruising,[-0.48080528  0.59740651 -0.20557775]
1185.9564216136932,1002,False,5,2,[-8.09576003  7.92888959  1.27011691],waiting,[ 0.5677905  -0.59831228 -0.99408226]
1185.9564216136932,1003,False,0,6,[8.10783385 8.74829605 4.00000066],exiting,[ 0.63925976  0.24903542 -0.34837281]
1185.9564216136932,1004,False,2,1,[-7.44851966 -1.12173807  1.29132608],waiting,[-0.62185191  0.08809385  0.93462812]
1185.9564216136932,1005,False,1,0,[5.4589189  1.62558042 1.9366818 ],queued,[ 0.50568378 -0.03156594 -0.11489306]
1186.0564913749695,1000,False,6,3,[-0.93153946 -4.00473705  3.99999996],exiting,[-0.82138112 -0.19970136 -0.21083176]
1186.0564913749695,1001,False,3,4,[ 8.42985305 -1.12071398  4.        ],cruising,[-0.48080528  0.59740651 -0.20557775]
1186.0564913749695,1002,False,5,2,[-8.09576003  7.92888959  1.27011691],waiting,[ 0.5677905  -0.59831228 -0.99408226]
1186.0564913749695,1003,False,0,6,[8.14261578 8.84205221 4.00000045],exiting,[ 0.63925976  0.24903542 -0.34837281]
1186.0564913749695,1004,False,2,1,[-7.44851966 -1.12173807  1.29132608],waiting,[-0.62185191  0.08809385  0.93462812]
1186.0564913749695,1005,False,1,0,[5.4589189  1.62558042 2.0116818 ],queued,[ 0.50568378 -0.03156594 -0.11489306]
1186.1661839485168,1000,False,6,3,[-0.9144807  -4.1032713   3.99999997],exiting,[-0.82138112 -0.19970136 -0.21083176]
1186.1661839485168,1001,False,3,4,[ 8.40975659 -1.31970174  4.        ],cruising,[-0.48080528  0.59740651 -0.20557775]
1186.1661839485168,1002,False,5,2,[-8.09576003  7.92888959  1.27011691],waiting,[ 0.5677905  -0.59831228 -0.99408226]
1186.1661839485168,1003,False,0,6,[8.17739772 8.93580836 4.00000029],exiting,[ 0.63925976  0.24903542 -0.34837281]
1186.1661839485168,1004,False,2,1,[-7.44851966 -1.12173807  1.29132608],waiting,[-0.62185191  0.08809385  0.93462812]
1186.1661839485168,1005,False,1,0,[5.4589189  1.62558042 2.0866818 ],queued,[ 0.50568378 -0.03156594 -0.11489306]
1186.2713377475739,1000,False,6,3,[-0.89742193 -4.20180555  3.99999998],exiting,[-0.82138112 -0.19970136 -0.21083176]
1186.2713377475739,1001,False,3,4,[ 8.38764032 -1.51847516  4.        ],cruising,[-0.48080528  0.59740651 -0.20557775]
1186.2713377475739,1002,False,5,2,[-8.09576003  7.92888959  1.27011691],queued,[ 0.5677905  -0.59831228 -0.99408226]
1186.2713377475739,1003,False,0,6,[8.21217965 9.02956452 4.00000017],exiting,[ 0.63925976  0.24903542 -0.34837281]
1186.2713377475739,1004,False,2,1,[-7.44851966 -1.12173807  1.29132608],waiting,[-0.62185191  0.08809385  0.93462812]
1186.2713377475739,1005,False,1,0,[5.4589189  1.62558042 2.1616818 ],queued,[ 0.50568378 -0.03156594 -0.11489306]
1186.3667380809784,1000,False,6,3,[-0.88036316 -4.3003398   3.99999998],exiting,[-0.82138112 -0.19970136 -0.21083176]
1186.3667380809784,1001,False,3,4,[ 8.36329771 -1.71698823  4.        ],cruising,[-0.48080528  0.59740651 -0.20557775]
1186.3667380809784,1002,False,5,2,[-8.09576003  7.92888959  1.29011691],queued,[ 0.5677905  -0.59831228 -0.99408226]
1186.3667380809784,1003,False,0,6,[8.24696158 9.12332068 4.00000009],landing,[ 0.63925976  0.24903542 -0.34837281]
1186.3667380809784,1004,False,2,1,[-7.44851966 -1.12173807  1.29132608],waiting,[-0.62185191  0.08809385  0.93462812]
1186.3667380809784,1005,False,1,0,[5.4589189  1.62558042 2.2366818 ],queued,[ 0.50568378 -0.03156594 -0.11489306]
1186.457781791687,1000,False,6,3,[-0.8633044  -4.39887406  3.99999998],exiting,[-0.82138112 -0.19970136 -0.21083176]
1186.457781791687,1001,False,3,4,[ 8.33409234 -1.91484435  4.        ],cruising,[-0.48080528  0.59740651 -0.20557775]
1186.457781791687,1002,False,5,2,[-8.09576003  7.92888959  1.33011691],queued,[ 0.5677905  -0.59831228 -0.99408226]
1186.457781791687,1003,False,0,6,[8.27997548 9.20298301 3.9859203 ],landing,[ 0.63925976  0.24903542 -0.34837281]
1186.457781791687,1004,False,2,1,[-7.44851966 -1.12173807  1.29132608],waiting,[-0.62185191  0.08809385  0.93462812]
1186.457781791687,1005,False,1,0,[5.4589189  1.62558042 2.3116818 ],queued,[ 0.50568378 -0.03156594 -0.11489306]
1186.5568542480469,1000,False,6,3,[-0.84624563 -4.49740831  3.99999999],exiting,[-0.82138112 -0.19970136 -0.21083176]
1186.5568542480469,1001,False,3,4,[ 8.3025668  -2.11234407  4.        ],cruising,[-0.48080528  0.59740651 -0.20557775]
1186.5568542480469,1002,False,5,2,[-8.09576003  7.92888959  1.39011691],queued,[ 0.5677905  -0.59831228 -0.99408226]
1186.5568542480469,1003,False,0,6,[8.31112618 9.26840288 3.95792358],landing,[ 0.63925976  0.24903542 -0.34837281]
1186.5568542480469,1004,False,2,1,[-7.44851966 -1.12173807  1.29132608],waiting,[-0.62185191  0.08809385  0.93462812]
1186.5568542480469,1005,False,1,0,[5.4589189  1.62558042 2.3866818 ],queued,[ 0.50568378 -0.03156594 -0.11489306]
1186.6560354232788,1000,False,6,3,[-0.82918686 -4.59594256  3.99999999],exiting,[-0.82138112 -0.19970136 -0.21083176]
1186.6560354232788,1001,False,3,4,[ 8.26844074 -2.3094111   4.        ],cruising,[-0.48080528  0.59740651 -0.20557775]
1186.6560354232788,1002,False,5,2,[-8.09576003  7.92888959  1.46511691],queued,[ 0.5677905  -0.59831228 -0.99408226]
1186.6560354232788,1003,False,0,6,[8.3403007  9.31940592 3.91620646],landing,[ 0.63925976  0.24903542 -0.34837281]
1186.6560354232788,1004,False,2,1,[-7.44851966 -1.12173807  1.29132608],waiting,[-0.62185191  0.08809385  0.93462812]
1186.6560354232788,1005,False,1,0,[5.4589189  1.62558042 2.4616818 ],queued,[ 0.50568378 -0.03156594 -0.11489306]
1186.7626991271973,1000,False,6,3,[-0.8121281  -4.69447681  3.99999999],exiting,[-0.82138112 -0.19970136 -0.21083176]
1186.7626991271973,1001,False,3,4,[ 8.22851947 -2.50538633  4.        ],cruising,[-0.48080528  0.59740651 -0.20557775]
1186.7626991271973,1002,False,5,2,[-8.09576003  7.92888959  1.54011691],queued,[ 0.5677905  -0.59831228 -0.99408226]
1186.7626991271973,1003,False,0,6,[8.36734269 9.3557547  3.86104667],landing,[ 0.63925976  0.24903542 -0.34837281]
1186.7626991271973,1004,False,2,1,[-7.44851966 -1.12173807  1.29132608],waiting,[-0.62185191  0.08809385  0.93462812]
1186.7626991271973,1005,False,1,0,[5.4589189  1.62558042 2.5366818 ],queued,[ 0.50568378 -0.03156594 -0.11489306]
1186.856482744217,1000,False,6,3,[-0.79506933 -4.79301106  3.99999999],exiting,[-0.82138112 -0.19970136 -0.21083176]
1186.856482744217,1001,False,3,4,[ 8.18573181 -2.70075577  4.        ],cruising,[-0.48080528  0.59740651 -0.20557775]
1186.856482744217,1002,False,5,2,[-8.09576003  7.92888959  1.61511691],queued,[ 0.5677905  -0.59831228 -0.99408226]
1186.856482744217,1003,False,0,6,[8.3921212  9.37725384 3.79268216],landing,[ 0.63925976  0.24903542 -0.34837281]
1186.856482744217,1004,False,2,1,[-7.44851966 -1.12173807  1.29132608],waiting,[-0.62185191  0.08809385  0.93462812]
1186.856482744217,1005,False,1,0,[5.4589189  1.62558042 2.6116818 ],entering,[ 0.50568378 -0.03156594 -0.11489306]
1186.9624078273773,1000,False,6,3,[-0.77801056 -4.89154531  3.99999999],exiting,[-0.82138112 -0.19970136 -0.21083176]
1186.9624078273773,1001,False,3,4,[ 8.13631884 -2.89455556  4.        ],cruising,[-0.48080528  0.59740651 -0.20557775]
1186.9624078273773,1002,False,5,2,[-8.09576003  7.92888959  1.69011691],queued,[ 0.5677905  -0.59831228 -0.99408226]
1186.9624078273773,1003,False,0,6,[8.41451295 9.38372239 3.71134134],landing,[ 0.63925976  0.24903542 -0.34837281]
1186.9624078273773,1004,False,2,1,[-7.44851966 -1.12173807  1.29132608],waiting,[-0.62185191  0.08809385  0.93462812]
1186.9624078273773,1005,False,1,0,[5.47861055 1.62208203 2.6866818 ],entering,[ 0.50568378 -0.03156594 -0.11489306]
1187.0561554431915,1000,False,6,3,[-0.7609518  -4.99007956  3.99999999],exiting,[-0.82138112 -0.19970136 -0.21083176]
1187.0561554431915,1001,False,3,4,[ 8.08351132 -3.08745803  4.        ],cruising,[-0.48080528  0.59740651 -0.20557775]
1187.0561554431915,1002,False,5,2,[-8.09576003  7.92888959  1.76511691],queued,[ 0.5677905  -0.59831228 -0.99408226]
1187.0561554431915,1003,False,0,6,[8.4343923  9.37497891 3.61726151],landing,[ 0.63925976  0.24903542 -0.34837281]
1187.0561554431915,1004,False,2,1,[-7.44851966 -1.12173807  1.29132608],waiting,[-0.62185191  0.08809385  0.93462812]
1187.0561554431915,1005,False,1,0,[5.51798817 1.61505336 2.7616818 ],entering,[ 0.50568378 -0.03156594 -0.11489306]
1187.1560537815094,1000,False,6,3,[-0.74389303 -5.08861381  4.        ],exiting,[-0.82138112 -0.19970136 -0.21083176]
1187.1560537815094,1001,False,3,4,[ 8.02267936 -3.27798224  4.        ],cruising,[-0.48080528  0.59740651 -0.20557775]
1187.1560537815094,1002,False,5,2,[-8.09576003  7.92888959  1.84011691],queued,[ 0.5677905  -0.59831228 -0.99408226]
1187.1560537815094,1003,False,0,6,[8.45358839 9.36225255 3.5199499 ],landing,[ 0.63925976  0.24903542 -0.34837281]
1187.1560537815094,1004,False,2,1,[-7.44851966 -1.12173807  1.29132608],waiting,[-0.62185191  0.08809385  0.93462812]
1187.1560537815094,1005,False,1,0,[5.57703894 1.60442372 2.8366818 ],entering,[ 0.50568378 -0.03156594 -0.11489306]
1187.2560393810272,1000,False,6,3,[-0.72683426 -5.18714806  4.        ],exiting,[-0.82138112 -0.19970136 -0.21083176]
1187.2560393810272,1001,False,3,4,[ 7.95310586 -3.46549098  4.        ],exiting,[-0.48080528  0.59740651 -0.20557775]
1187.2560393810272,1002,False,5,2,[-8.09576003  7.92888959  1.91511691],queued,[ 0.5677905  -0.59831228 -0.99408226]
1187.2560393810272,1003,False,0,6,[8.47278447 9.34952619 3.42263829],landing,[ 0.63925976  0.24903542 -0.34837281]
1187.2560393810272,1004,False,2,1,[-7.44851966 -1.12173807  1.29132608],waiting,[-0.62185191  0.08809385  0.93462812]
1187.2560393810272,1005,False,1,0,[5.65568856 1.58980844 2.9116818 ],entering,[ 0.50568378 -0.03156594 -0.11489306]
1187.357902288437,1000,False,6,3,[-0.7097755  -5.28568231  4.        ],exiting,[-0.82138112 -0.19970136 -0.21083176]
1187.357902288437,1001,False,3,4,[ 7.8976475  -3.63883064  4.        ],exiting,[-0.48080528  0.59740651 -0.20557775]
1187.357902288437,1002,False,5,2,[-8.09576003  7.92888959  1.99011691],queued,[ 0.5677905  -0.59831228 -0.99408226]
1187.357902288437,1003,False,0,6,[8.49198056 9.33679983 3.32532667],landing,[ 0.63925976  0.24903542 -0.34837281]
1187.357902288437,1004,False,2,1,[-7.44851966 -1.12173807  1.29132608],queued,[-0.62185191  0.08809385  0.93462812]
1187.357902288437,1005,False,1,0,[5.7538554  1.57082532 2.9866818 ],entering,[ 0.50568378 -0.03156594 -0.11489306]
1187.4556014537811,1000,False,6,3,[-0.69271673 -5.38421656  4.        ],exiting,[-0.82138112 -0.19970136 -0.21083176]
1187.4556014537811,1001,False,3,4,[ 7.85644257 -3.79814034  4.        ],exiting,[-0.48080528  0.59740651 -0.20557775]
1187.4556014537811,1002,False,5,2,[-8.09576003  7.92888959  2.06511691],queued,[ 0.5677905  -0.59831228 -0.99408226]
1187.4556014537811,1003,False,0,6,[8.51117664 9.32407347 3.22801506],landing,[ 0.63925976  0.24903542 -0.34837281]
1187.4556014537811,1004,False,2,1,[-7.44851966 -1.12173807  1.31132608],queued,[-0.62185191  0.08809385  0.93462812]
1187.4556014537811,1005,False,1,0,[5.87139742 1.54688211 3.0616818 ],entering,[ 0.50568378 -0.03156594 -0.11489306]
1187.5646495819092,1000,False,6,3,[-0.67565796 -5.48275081  4.        ],exiting,[-0.82138112 -0.19970136 -0.21083176]
1187.5646495819092,1001,False,3,4,[ 7.82965903 -3.94359279  4.        ],exiting,[-0.48080528  0.59740651 -0.20557775]
1187.5646495819092,1002,False,5,2,[-8.09576003  7.92888959  2.14011691],queued,[ 0.5677905  -0.59831228 -0.99408226]
1187.5646495819092,1003,False,0,6,[8.53037273 9.31134711 3.13070345],landing,[ 0.63925976  0.24903542 -0.34837281]
1187.5646495819092,1004,False,2,1,[-7.44851966 -1.12173807  1.35132608],queued,[-0.62185191  0.08809385  0.93462812]
1187.5646495819092,1005,False,1,0,[6.00812759 1.51729848 3.1366818 ],entering,[ 0.50568378 -0.03156594 -0.11489306]
1187.6654708385468,1000,False,6,3,[-0.6585992  -5.58128506  4.        ],exiting,[-0.82138112 -0.19970136 -0.21083176]
1187.6654708385468,1001,False,3,4,[ 7.81751481 -4.07541842  4.        ],exiting,[-0.48080528  0.59740651 -0.20557775]
1187.6654708385468,1002,False,5,2,[-8.09576003  7.92888959  2.21511691],queued,[ 0.5677905  -0.59831228 -0.99408226]
1187.6654708385468,1003,False,0,6,[8.54956881 9.29862075 3.03339183],landing,[ 0.63925976  0.24903542 -0.34837281]
1187.6654708385468,1004,False,2,1,[-7.44851966 -1.12173807  1.41132608],queued,[-0.62185191  0.08809385  0.93462812]
1187.6654708385468,1005,False,1,0,[6.16336706 1.48013814 3.2116818 ],entering,[ 0.50568378 -0.03156594 -0.11489306]
1187.7623324394226,1000,False,6,3,[-0.64154043 -5.67981931  4.        ],exiting,[-0.82138112 -0.19970136 -0.21083176]
1187.7623324394226,1001,False,3,4,[ 7.82017465 -4.19379638  4.        ],exiting,[-0.48080528  0.59740651 -0.20557775]
1187.7623324394226,1002,False,5,2,[-8.09576003  7.92888959  2.29011691],queued,[ 0.5677905  -0.59831228 -0.99408226]
1187.7623324394226,1003,False,0,6,[8.5687649  9.28589439 2.93608022],landing,[ 0.63925976  0.24903542 -0.34837281]
1187.7623324394226,1004,False,2,1,[-7.44851966 -1.12173807  1.48632608],queued,[-0.62185191  0.08809385  0.93462812]
1187.7623324394226,1005,False,1,0,[6.33618956 1.43344697 3.2866818 ],entering,[ 0.50568378 -0.03156594 -0.11489306]
1187.8559753894806,1000,False,6,3,[-0.62448166 -5.77835356  4.        ],exiting,[-0.82138112 -0.19970136 -0.21083176]
1187.8559753894806,1001,False,3,4,[ 7.83780126 -4.29890799  4.        ],exiting,[-0.48080528  0.59740651 -0.20557775]
1187.8559753894806,1002,False,5,2,[-8.09576003  7.92888959  2.36511691],queued,[ 0.5677905  -0.59831228 -0.99408226]
1187.8559753894806,1003,False,0,6,[8.58796099 9.27316803 2.83876861],landing,[ 0.63925976  0.24903542 -0.34837281]
1187.8559753894806,1004,False,2,1,[-7.44851966 -1.12173807  1.56132608],queued,[-0.62185191  0.08809385  0.93462812]
1187.8559753894806,1005,False,1,0,[6.52247161 1.37196255 3.3616818 ],entering,[ 0.50568378 -0.03156594 -0.11489306]
1187.956248998642,1000,False,6,3,[-0.6074229  -5.87688781  4.        ],exiting,[-0.82138112 -0.19970136 -0.21083176]
1187.956248998642,1001,False,3,4,[ 7.86604771 -4.39483577  4.        ],exiting,[-0.48080528  0.59740651 -0.20557775]
1187.956248998642,1002,False,5,2,[-8.09576003  7.92888959  2.44011691],queued,[ 0.5677905  -0.59831228 -0.99408226]
1187.956248998642,1003,False,0,6,[8.60715707 9.26044167 2.74145699],landing,[ 0.63925976  0.24903542 -0.34837281]
1187.956248998642,1004,False,2,1,[-7.44851966 -1.12173807  1.63632608],queued,[-0.62185191  0.08809385  0.93462812]
1187.956248998642,1005,False,1,0,[6.70933813 1.30068207 3.4366818 ],entering,[ 0.50568378 -0.03156594 -0.11489306]
1188.0564210414886,1000,False,6,3,[-0.59036413 -5.97542206  4.        ],exiting,[-0.82138112 -0.19970136 -0.21083176]
1188.0564210414886,1001,False,3,4,[ 7.89429416 -4.49076354  4.        ],exiting,[-0.48080528  0.59740651 -0.20557775]
1188.0564210414886,1002,False,5,2,[-8.09576003  7.92888959  2.51511691],entering,[ 0.5677905  -0.59831228 -0.99408226]
1188.0564210414886,1003,False,0,6,[8.62635316 9.24771531 2.64414538],landing,[ 0.63925976  0.24903542 -0.34837281]
1188.0564210414886,1004,False,2,1,[-7.44851966 -1.12173807  1.71132608],queued,[-0.62185191  0.08809385  0.93462812]
1188.0564210414886,1005,False,1,0,[6.89218221 1.21963861 3.5116818 ],entering,[ 0.50568378 -0.03156594 -0.11489306]
1188.1563775539398,1000,False,6,3,[-0.57330536 -6.07395631  4.        ],exiting,[-0.82138112 -0.19970136 -0.21083176]
1188.1563775539398,1001,False,3,4,[ 7.92254061 -4.58669132  4.        ],exiting,[-0.48080528  0.59740651 -0.20557775]
1188.1563775539398,1002,False,5,2,[-8.07791098  7.91986677  2.59011691],entering,[ 0.5677905  -0.59831228 -0.99408226]
1188.1563775539398,1003,False,0,6,[8.64554924 9.23498895 2.54683377],landing,[ 0.63925976  0.24903542 -0.34837281]
1188.1563775539398,1004,False,2,1,[-7.44851966 -1.12173807  1.78632608],queued,[-0.62185191  0.08809385  0.93462812]
1188.1563775539398,1005,False,1,0,[7.07000031 1.12809233 3.58492953],entering,[ 0.50568378 -0.03156594 -0.11489306]
1188.2680132389069,1000,False,6,3,[-0.5562466  -6.17249056  4.        ],exiting,[-0.82138112 -0.19970136 -0.21083176]
1188.2680132389069,1001,False,3,4,[ 7.95078706 -4.68261909  4.        ],exiting,[-0.48080528  0.59740651 -0.20557775]
1188.2680132389069,1002,False,5,2,[-8.0421992   7.90184823  2.66511691],entering,[ 0.5677905  -0.59831228 -0.99408226]
1188.2680132389069,1003,False,0,6,[8.66474533 9.22226259 2.44952215],landing,[ 0.63925976  0.24903542 -0.34837281]
1188.2680132389069,1004,False,2,1,[-7.44851966 -1.12173807  1.86132608],queued,[-0.62185191  0.08809385  0.93462812]
1188.2680132389069,1005,False,1,0,[7.24154973 1.02527795 3.6471901 ],entering,[ 0.50568378 -0.03156594 -0.11489306]
1188.3676526546478,1000,False,6,3,[-0.53918783 -6.27102481  4.        ],exiting,[-0.82138112 -0.19970136 -0.21083176]
1188.3676526546478,1001,False,3,4,[ 7.97903351 -4.77854687  4.        ],exiting,[-0.48080528  0.59740651 -0.20557775]
1188.3676526546478,1002,False,5,2,[-7.98859454  7.87489409  2.74011691],entering,[ 0.5677905  -0.59831228 -0.99408226]
1188.3676526546478,1003,False,0,6,[8.68394141 9.20953623 2.35221054],landing,[ 0.63925976  0.24903542 -0.34837281]
1188.3676526546478,1004,False,2,1,[-7.44851966 -1.12173807  1.93632608],queued,[-0.62185191  0.08809385  0.93462812]
1188.3676526546478,1005,False,1,0,[7.40532223 0.91048    3.70011159],entering,[ 0.50568378 -0.03156594 -0.11489306]
1188.4664001464844,1000,False,6,3,[-0.52212906 -6.36955906  4.        ],exiting,[-0.82138112 -0.19970136 -0.21083176]
1188.4664001464844,1001,False,3,4,[ 8.00727996 -4.87447464  4.        ],exiting,[-0.48080528  0.59740651 -0.20557775]
1188.4664001464844,1002,False,5,2,[-7.91703991  7.83911961  2.81511691],entering,[ 0.5677905  -0.59831228 -0.99408226]
1188.4664001464844,1003,False,0,6,[8.7031375  9.19680987 2.25489893],landing,[ 0.63925976  0.24903542 -0.34837281]
1188.4664001464844,1004,False,2,1,[-7.44851966 -1.12173807  2.01132608],queued,[-0.62185191  0.08809385  0.93462812]
1188.4664001464844,1005,False,1,0,[7.56090847 0.78481011 3.74509485],entering,[ 0.50568378 -0.03156594 -0.11489306]
1188.569581270218,1000,False,6,3,[-0.5050703  -6.46809331  4.        ],exiting,[-0.82138112 -0.19970136 -0.21083176]
1188.569581270218,1001,False,3,4,[ 8.03552641 -4.97040242  4.        ],exiting,[-0.48080528  0.59740651 -0.20557775]
1188.569581270218,1002,False,5,2,[-7.82748709  7.79462357  2.89011691],entering,[ 0.5677905  -0.59831228 -0.99408226]
1188.569581270218,1003,False,0,6,[8.72233359 9.18408351 2.15758732],landing,[ 0.63925976  0.24903542 -0.34837281]
1188.569581270218,1004,False,2,1,[-7.44851966 -1.12173807  2.08632608],queued,[-0.62185191  0.08809385  0.93462812]
1188.569581270218,1005,False,1,0,[7.70500144 0.64611182 3.78333062],entering,[ 0.50568378 -0.03156594 -0.11489306]
1188.6664068698883,1000,False,6,3,[-0.48801153 -6.56662756  4.        ],exiting,[-0.82138112 -0.19970136 -0.21083176]
1188.6664068698883,1001,False,3,4,[ 8.06377286 -5.06633019  4.        ],exiting,[-0.48080528  0.59740651 -0.20557775]
1188.6664068698883,1002,False,5,2,[-7.71991195  7.74145599  2.96511691],entering,[ 0.5677905  -0.59831228 -0.99408226]
1188.6664068698883,1003,False,0,6,[8.74152967 9.17135715 2.0602757 ],landing,[ 0.63925976  0.24903542 -0.34837281]
1188.6664068698883,1004,False,2,1,[-7.44851966 -1.12173807  2.16132608],entering,[-0.62185191  0.08809385  0.93462812]
1188.6664068698883,1005,False,1,0,[7.83561234 0.49464964 3.81583103],entering,[ 0.50568378 -0.03156594 -0.11489306]
1188.7701270580292,1000,False,6,3,[-0.47095276 -6.66516181  4.        ],exiting,[-0.82138112 -0.19970136 -0.21083176]
1188.7701270580292,1001,False,3,4,[ 8.09201931 -5.16225797  4.        ],exiting,[-0.48080528  0.59740651 -0.20557775]
1188.7701270580292,1002,False,5,2,[-7.59429298  7.67966171  3.04011691],entering,[ 0.5677905  -0.59831228 -0.99408226]
1188.7701270580292,1003,False,0,6,[8.76072576 9.15863079 1.96296409],landing,[ 0.63925976  0.24903542 -0.34837281]
1188.7701270580292,1004,False,2,1,[-7.4354403  -1.10660763  2.23632608],entering,[-0.62185191  0.08809385  0.93462812]
1188.7701270580292,1005,False,1,0,[7.95103473 0.33131662 3.84345637],entering,[ 0.50568378 -0.03156594 -0.11489306]
1188.8667795658112,1000,False,6,3,[-0.453894   -6.76369606  4.        ],exiting,[-0.82138112 -0.19970136 -0.21083176]
1188.8667795658112,1001,False,3,4,[ 8.12026576 -5.25818574  4.        ],exiting,[-0.48080528  0.59740651 -0.20557775]
1188.8667795658112,1002,False,5,2,[-7.45018299  7.61024625  3.11511691],entering,[ 0.5677905  -0.59831228 -0.99408226]
1188.8667795658112,1003,False,0,6,[8.77992184 9.14590443 1.86565248],landing,[ 0.63925976  0.24903542 -0.34837281]
1188.8667795658112,1004,False,2,1,[-7.40929648 -1.07633387  2.31132608],entering,[-0.62185191  0.08809385  0.93462812]
1188.8667795658112,1005,False,1,0,[8.05016898 0.15761458 3.86693792],cruising,[ 0.50568378 -0.03156594 -0.11489306]
1188.9672994613647,1000,False,6,3,[-0.43683523 -6.86223031  4.        ],exiting,[-0.82138112 -0.19970136 -0.21083176]
1188.9672994613647,1001,False,3,4,[ 8.14851221 -5.35411352  4.        ],exiting,[-0.48080528  0.59740651 -0.20557775]
1188.9672994613647,1002,False,5,2,[-7.28735745  7.53377894  3.19011691],entering,[ 0.5677905  -0.59831228 -0.99408226]
1188.9672994613647,1003,False,0,6,[8.79911793 9.13317807 1.76834086],landing,[ 0.63925976  0.24903542 -0.34837281]
1188.9672994613647,1004,False,2,1,[-7.37012125 -1.03088836  2.38632608],entering,[-0.62185191  0.08809385  0.93462812]
1188.9672994613647,1005,False,1,0,[ 8.13170027 -0.02496384  3.88705121],cruising,[ 0.50568378 -0.03156594 -0.11489306]
1189.0674262046814,1000,False,6,3,[-0.41977646 -6.96076456  4.        ],exiting,[-0.82138112 -0.19970136 -0.21083176]
1189.0674262046814,1001,False,3,4,[ 8.17675867 -5.45004129  4.        ],exiting,[-0.48080528  0.59740651 -0.20557775]
1189.0674262046814,1002,False,5,2,[-7.10503265  7.45286435  3.26511691],entering,[ 0.5677905  -0.59831228 -0.99408226]
1189.0674262046814,1003,False,0,6,[8.81831401 9.12045171 1.67102925],landing,[ 0.63925976  0.24903542 -0.34837281]
1189.0674262046814,1004,False,2,1,[-7.31797769 -0.97021712  2.46132608],entering,[-0.62185191  0.08809385  0.93462812]
1189.0674262046814,1005,False,1,0,[ 8.19652991 -0.21416511  3.90399353],cruising,[ 0.50568378 -0.03156594 -0.11489306]
1189.1666440963745,1000,False,6,3,[-0.4027177  -7.05929881  4.        ],exiting,[-0.82138112 -0.19970136 -0.21083176]
1189.1666440963745,1001,False,3,4,[ 8.20500512 -5.54596907  4.        ],exiting,[-0.48080528  0.59740651 -0.20557775]
1189.1666440963745,1002,False,5,2,[-6.92120889  7.37406824  3.34011691],entering,[ 0.5677905  -0.59831228 -0.99408226]
1189.1666440963745,1003,False,0,6,[8.8375101  9.10772535 1.57371764],landing,[ 0.63925976  0.24903542 -0.34837281]
1189.1666440963745,1004,False,2,1,[-7.25298948 -0.89421569  2.53632608],entering,[-0.62185191  0.08809385  0.93462812]
1189.1666440963745,1005,False,1,0,[ 8.2468535  -0.40773043  3.9183945 ],cruising,[ 0.50568378 -0.03156594 -0.11489306]
1189.2764980793,1000,False,6,3,[-0.38565893 -7.15783306  4.        ],exiting,[-0.82138112 -0.19970136 -0.21083176]
1189.2764980793,1001,False,3,4,[ 8.23325157 -5.64189684  4.        ],exiting,[-0.48080528  0.59740651 -0.20557775]
1189.2764980793,1002,False,5,2,[-6.73525085  7.30045027  3.41511691],entering,[ 0.5677905  -0.59831228 -0.99408226]
1189.2764980793,1003,False,0,6,[8.85670619 9.09499899 1.47640602],fake_landed,[ 0.63925976  0.24903542 -0.34837281]
1189.2764980793,1004,False,2,1,[-7.17547448 -0.80262325  2.61132608],entering,[-0.62185191  0.08809385  0.93462812]
1189.2764980793,1005,False,1,0,[ 8.28423995 -0.604205    3.93063532],cruising,[ 0.50568378 -0.03156594 -0.11489306]
1189.372281551361,1000,False,6,3,[-0.36860016 -7.25636731  4.        ],exiting,[-0.82138112 -0.19970136 -0.21083176]
1189.372281551361,1001,False,3,4,[ 8.26149802 -5.73782462  4.        ],exiting,[-0.48080528  0.59740651 -0.20557775]
1189.372281551361,1002,False,5,2,[-6.54769699  7.23099847  3.49011691],entering,[ 0.5677905  -0.59831228 -0.99408226]
1189.372281551361,1003,False,0,6,[8.87206305 9.0848179  1.39855673],fake_landed,[ 0.63925976  0.24903542 -0.34837281]
1189.372281551361,1004,False,2,1,[-7.08575716 -0.69518457  2.68632608],entering,[-0.62185191  0.08809385  0.93462812]
1189.372281551361,1005,False,1,0,[ 8.31032887 -0.80249612  3.94104003],cruising,[ 0.50568378 -0.03156594 -0.11489306]
1189.4688415527344,1000,False,6,3,[-0.3515414  -7.35490156  4.        ],exiting,[-0.82138112 -0.19970136 -0.21083176]
1189.4688415527344,1001,False,3,4,[ 8.28974447 -5.83375239  4.        ],exiting,[-0.48080528  0.59740651 -0.20557775]
1189.4688415527344,1002,False,5,2,[-6.35843795  7.1663377   3.56511691],entering,[ 0.5677905  -0.59831228 -0.99408226]
1189.4688415527344,1003,False,0,6,[8.88358071 9.07718208 1.34016976],fake_landed,[ 0.63925976  0.24903542 -0.34837281]
1189.4688415527344,1004,False,2,1,[-6.98438695 -0.57149135  2.76132608],entering,[-0.62185191  0.08809385  0.93462812]
1189.4688415527344,1005,False,1,0,[ 8.32451988 -1.00199202  3.94988402],cruising,[ 0.50568378 -0.03156594 -0.11489306]
1189.5738036632538,1000,False,6,3,[-0.33448263 -7.45343581  4.        ],exiting,[-0.82138112 -0.19970136 -0.21083176]
1189.5738036632538,1001,False,3,4,[ 8.31799092 -5.92968017  4.        ],exiting,[-0.48080528  0.59740651 -0.20557775]
1189.5738036632538,1002,False,5,2,[-6.16712989  7.10801768  3.63034938],entering,[ 0.5677905  -0.59831228 -0.99408226]
1189.5738036632538,1003,False,0,6,[8.89125914 9.07209154 1.30124512],fake_landed,[ 0.63925976  0.24903542 -0.34837281]
1189.5738036632538,1004,False,2,1,[-6.87254017 -0.43076165  2.83632608],entering,[-0.62185191  0.08809385  0.93462812]
1189.5738036632538,1005,False,1,0,[ 8.33059438 -1.20189975  3.95740142],cruising,[ 0.50568378 -0.03156594 -0.11489306]
1189.666785955429,1000,False,6,3,[-0.31742386 -7.55197006  4.        ],exiting,[-0.82138112 -0.19970136 -0.21083176]
1189.666785955429,1001,False,3,4,[ 8.34623737 -6.02560794  4.        ],exiting,[-0.48080528  0.59740651 -0.20557775]
1189.666785955429,1002,False,5,2,[-5.97356291  7.05770044  3.68579697],entering,[ 0.5677905  -0.59831228 -0.99408226]
1189.666785955429,1003,False,0,6,[8.89509836 9.06954627 1.2817828 ],fake_landed,[ 0.63925976  0.24903542 -0.34837281]
1189.666785955429,1004,False,2,1,[-6.75287042 -0.2716254   2.91132608],entering,[-0.62185191  0.08809385  0.93462812]
1189.666785955429,1005,False,1,0,[ 8.32960176 -1.40189728  3.96379121],cruising,[ 0.50568378 -0.03156594 -0.11489306]
1189.774990081787,1000,False,6,3,[-0.3003651  -7.65050431  4.        ],exiting,[-0.82138112 -0.19970136 -0.21083176]
1189.774990081787,1001,False,3,4,[ 8.37448382 -6.12153572  4.        ],exiting,[-0.48080528  0.59740651 -0.20557775]
1189.774990081787,1002,False,5,2,[-5.7779857   7.01587275  3.73292742],entering,[ 0.5677905  -0.59831228 -0.99408226]
1189.774990081787,1003,False,0,6,[8.89509836 9.06954627 1.2817828 ],fake_landed,[ 0.63925976  0.24903542 -0.34837281]
1189.774990081787,1004,False,2,1,[-6.63610977 -0.10924636  2.98632608],entering,[-0.62185191  0.08809385  0.93462812]
1189.774990081787,1005,False,1,0,[ 8.32009049 -1.601671    3.96922252],cruising,[ 0.50568378 -0.03156594 -0.11489306]
1189.8731637001038,1000,False,6,3,[-0.28330633 -7.74903856  4.        ],landing,[-0.82138112 -0.19970136 -0.21083176]
1189.8731637001038,1001,False,3,4,[ 8.40273027 -6.21746349  4.        ],exiting,[-0.48080528  0.59740651 -0.20557775]
1189.8731637001038,1002,False,5,2,[-5.5807295   6.98285774  3.77298831],entering,[ 0.5677905  -0.59831228 -0.99408226]
1189.8731637001038,1003,False,6,5,[8.89509836 9.06954627 1.2817828 ],waiting,[ 0.63925976  0.24903542 -0.34837281]
1189.8731637001038,1004,False,2,1,[-6.52288477  0.05561752  3.06132608],entering,[-0.62185191  0.08809385  0.93462812]
1189.8731637001038,1005,False,1,0,[ 8.3053012  -1.80112344  3.97383915],cruising,[ 0.50568378 -0.03156594 -0.11489306]
1189.9780142307281,1000,False,6,3,[-0.27180191 -7.83445329  3.98596336],landing,[-0.82138112 -0.19970136 -0.21083176]
1189.9780142307281,1001,False,3,4,[ 8.43097672 -6.31339127  4.        ],exiting,[-0.48080528  0.59740651 -0.20557775]
1189.9780142307281,1002,False,5,2,[-5.38180366  6.96215727  3.80704006],entering,[ 0.5677905  -0.59831228 -0.99408226]
1189.9780142307281,1003,False,6,5,[8.89509836 9.06954627 1.2817828 ],waiting,[ 0.63925976  0.24903542 -0.34837281]
1189.9780142307281,1004,False,2,1,[-6.41381158  0.22325713  3.13632608],entering,[-0.62185191  0.08809385  0.93462812]
1189.9780142307281,1005,False,1,0,[ 8.28564616 -2.00015529  3.97776327],cruising,[ 0.50568378 -0.03156594 -0.11489306]
1190.0720522403717,1000,False,6,3,[-0.26584408 -7.90657271  3.95805335],landing,[-0.82138112 -0.19970136 -0.21083176]
1190.0720522403717,1001,False,3,4,[ 8.45922317 -6.40931904  4.        ],exiting,[-0.48080528  0.59740651 -0.20557775]
1190.0720522403717,1002,False,5,2,[-5.1820725   6.95179082  3.83598405],entering,[ 0.5677905  -0.59831228 -0.99408226]
1190.0720522403717,1003,False,6,5,[8.89509836 9.06954627 1.2817828 ],waiting,[ 0.63925976  0.24903542 -0.34837281]
1190.0720522403717,1004,False,2,1,[-6.30942919  0.393857    3.21132608],entering,[-0.62185191  0.08809385  0.93462812]
1190.0720522403717,1005,False,1,0,[ 8.25877867 -2.19834242  3.98109878],cruising,[ 0.50568378 -0.03156594 -0.11489306]
1190.176729440689,1000,False,6,3,[-0.26542257 -7.96519019  3.91646684],landing,[-0.82138112 -0.19970136 -0.21083176]
1190.176729440689,1001,False,3,4,[ 8.48746962 -6.50524682  4.        ],exiting,[-0.48080528  0.59740651 -0.20557775]
1190.176729440689,1002,False,5,2,[-4.98207254  6.95166662  3.86058645],cruising,[ 0.5677905  -0.59831228 -0.99408226]
1190.176729440689,1003,False,6,5,[8.89509836 9.06954627 1.2817828 ],waiting,[ 0.63925976  0.24903542 -0.34837281]
1190.176729440689,1004,False,2,1,[-6.21044113  0.5676424   3.28632608],entering,[-0.62185191  0.08809385  0.93462812]
1190.176729440689,1005,False,1,0,[ 8.22780092 -2.39592881  3.98393397],cruising,[ 0.50568378 -0.03156594 -0.11489306]
1190.270345211029,1000,False,6,3,[-0.2705213  -8.01002418  3.861481  ],landing,[-0.82138112 -0.19970136 -0.21083176]
1190.270345211029,1001,False,3,4,[ 8.51571607 -6.60117459  4.        ],exiting,[-0.48080528  0.59740651 -0.20557775]
1190.270345211029,1002,False,5,2,[-4.78230517  6.96131019  3.88149848],cruising,[ 0.5677905  -0.59831228 -0.99408226]
1190.270345211029,1003,False,6,5,[8.89509836 9.06954627 1.2817828 ],waiting,[ 0.63925976  0.24903542 -0.34837281]
1190.270345211029,1004,False,2,1,[-6.11768045  0.74483003  3.36132608],entering,[-0.62185191  0.08809385  0.93462812]
1190.270345211029,1005,False,1,0,[ 8.19271051 -2.5928264   3.98634387],cruising,[ 0.50568378 -0.03156594 -0.11489306]
1190.3666307926178,1000,False,6,3,[-0.28112481 -8.04083839  3.79333676],landing,[-0.82138112 -0.19970136 -0.21083176]
1190.3666307926178,1001,False,3,4,[ 8.54396252 -6.69710237  4.        ],exiting,[-0.48080528  0.59740651 -0.20557775]
1190.3666307926178,1002,False,5,2,[-4.58313889  6.97955279  3.89927371],cruising,[ 0.5677905  -0.59831228 -0.99408226]
1190.3666307926178,1003,False,6,5,[8.89509836 9.06954627 1.2817828 ],waiting,[ 0.63925976  0.24903542 -0.34837281]
1190.3666307926178,1004,False,2,1,[-6.03211648  0.92560283  3.43632608],entering,[-0.62185191  0.08809385  0.93462812]
1190.3666307926178,1005,False,1,0,[ 8.15014757 -2.78824492  3.98839229],cruising,[ 0.50568378 -0.03156594 -0.11489306]
1190.4664471149445,1000,False,6,3,[-0.29721723 -8.05741522  3.71226313],landing,[-0.82138112 -0.19970136 -0.21083176]
1190.4664471149445,1001,False,3,4,[ 8.57220897 -6.79303014  4.        ],exiting,[-0.48080528  0.59740651 -0.20557775]
1190.4664471149445,1002,False,5,2,[-4.38473849  7.00479721  3.91438265],cruising,[ 0.5677905  -0.59831228 -0.99408226]
1190.4664471149445,1003,False,6,5,[8.89509836 9.06954627 1.2817828 ],waiting,[ 0.63925976  0.24903542 -0.34837281]
1190.4664471149445,1004,False,2,1,[-5.95490535  1.11009793  3.51132608],entering,[-0.62185191  0.08809385  0.93462812]
1190.4664471149445,1005,False,1,0,[ 8.10355537 -2.98274213  3.99013345],cruising,[ 0.50568378 -0.03156594 -0.11489306]
1190.5742936134338,1000,False,6,3,[-0.31878085 -8.05953554  3.61849798],landing,[-0.82138112 -0.19970136 -0.21083176]
1190.5742936134338,1001,False,3,4,[ 8.60045542 -6.88895792  4.        ],exiting,[-0.48080528  0.59740651 -0.20557775]
1190.5742936134338,1002,False,5,2,[-4.18707658  7.03528934  3.92722525],cruising,[ 0.5677905  -0.59831228 -0.99408226]
1190.5742936134338,1003,False,6,5,[8.89509836 9.06954627 1.2817828 ],waiting,[ 0.63925976  0.24903542 -0.34837281]
1190.5742936134338,1004,False,2,1,[-5.88739571  1.29835958  3.58462717],entering,[-0.62185191  0.08809385  0.93462812]
1190.5742936134338,1005,False,1,0,[ 8.04869401 -3.17507058  3.99161343],cruising,[ 0.50568378 -0.03156594 -0.11489306]
1190.667796611786,1000,False,6,3,[-0.3418818  -8.05751661  3.52122378],landing,[-0.82138112 -0.19970136 -0.21083176]
1190.667796611786,1001,False,3,4,[ 8.62870187 -6.98488569  4.        ],exiting,[-0.48080528  0.59740651 -0.20557775]
1190.667796611786,1002,False,5,2,[-3.98999256  7.0693171   3.93814147],cruising,[ 0.5677905  -0.59831228 -0.99408226]
1190.667796611786,1003,False,6,5,[8.89509836 9.06954627 1.2817828 ],waiting,[ 0.63925976  0.24903542 -0.34837281]
1190.667796611786,1004,False,2,1,[-5.83110389  1.49027423  3.64693309],entering,[-0.62185191  0.08809385  0.93462812]
1190.667796611786,1005,False,1,0,[ 7.98512935 -3.36470057  3.99287142],cruising,[ 0.50568378 -0.03156594 -0.11489306]
1190.7667274475098,1000,False,6,3,[-0.36498276 -8.05549769  3.42394958],landing,[-0.82138112 -0.19970136 -0.21083176]
1190.7667274475098,1001,False,3,4,[ 8.65694832 -7.08081347  4.        ],landing,[-0.48080528  0.59740651 -0.20557775]
1190.7667274475098,1002,False,5,2,[-3.79325939  7.10531796  3.94742025],cruising,[ 0.5677905  -0.59831228 -0.99408226]
1190.7667274475098,1003,False,6,5,[8.89509836 9.06954627 1.2817828 ],waiting,[ 0.63925976  0.24903542 -0.34837281]
1190.7667274475098,1004,False,2,1,[-5.78763474  1.68549316  3.69989313],entering,[-0.62185191  0.08809385  0.93462812]
1190.7667274475098,1005,False,1,0,[ 7.91678051 -3.55265917  3.9939407 ],cruising,[ 0.50568378 -0.03156594 -0.11489306]
1190.866262435913,1000,False,6,3,[-0.38808372 -8.05347877  3.32667538],landing,[-0.82138112 -0.19970136 -0.21083176]
1190.866262435913,1001,False,3,4,[ 8.6781895  -7.16454712  3.98577926],landing,[-0.48080528  0.59740651 -0.20557775]
1190.866262435913,1002,False,5,2,[-3.59619497  7.13945906  3.95530721],cruising,[ 0.5677905  -0.59831228 -0.99408226]
1190.866262435913,1003,False,6,5,[8.89509836 9.06954627 1.2817828 ],waiting,[ 0.63925976  0.24903542 -0.34837281]
1190.866262435913,1004,False,2,1,[-5.75852372  1.88336319  3.74490916],entering,[-0.62185191  0.08809385  0.93462812]
1190.866262435913,1005,False,1,0,[ 7.83730298 -3.73618934  3.9948496 ],cruising,[ 0.50568378 -0.03156594 -0.11489306]
1190.9667427539825,1000,False,6,3,[-0.41118467 -8.05145985  3.22940119],landing,[-0.82138112 -0.19970136 -0.21083176]
1190.9667427539825,1001,False,3,4,[ 8.69241179 -7.23590904  3.9574988 ],landing,[-0.48080528  0.59740651 -0.20557775]
1190.9667427539825,1002,False,5,2,[-3.39909822  7.17341301  3.96201113],cruising,[ 0.5677905  -0.59831228 -0.99408226]
1190.9667427539825,1003,False,6,5,[8.89509836 9.06954627 1.2817828 ],waiting,[ 0.63925976  0.24903542 -0.34837281]
1190.9667427539825,1004,False,2,1,[-5.74499507  2.08290511  3.78317278],entering,[-0.62185191  0.08809385  0.93462812]
1190.9667427539825,1005,False,1,0,[ 7.74522919 -3.91373488  3.99562216],cruising,[ 0.50568378 -0.03156594 -0.11489306]
1191.0667972564697,1000,False,6,3,[-0.43428563 -8.04944093  3.13212699],landing,[-0.82138112 -0.19970136 -0.21083176]
1191.0667972564697,1001,False,3,4,[ 8.69960021 -7.29468915  3.91535392],landing,[-0.48080528  0.59740651 -0.20557775]
1191.0667972564697,1002,False,5,2,[-3.20177098  7.20600073  3.96770946],cruising,[ 0.5677905  -0.59831228 -0.99408226]
1191.0667972564697,1003,False,6,5,[8.89509836 9.06954627 1.2817828 ],waiting,[ 0.63925976  0.24903542 -0.34837281]
1191.0667972564697,1004,False,2,1,[-5.74682374  2.28289675  3.81569687],entering,[-0.62185191  0.08809385  0.93462812]
1191.0667972564697,1005,False,1,0,[ 7.6385125  -4.08288436  3.99627883],cruising,[ 0.50568378 -0.03156594 -0.11489306]
1191.1666512489319,1000,False,6,3,[-0.45738659 -8.04742201  3.03485279],landing,[-0.82138112 -0.19970136 -0.21083176]
1191.1666512489319,1001,False,3,4,[ 8.69973614 -7.34059615  3.85962426],landing,[-0.48080528  0.59740651 -0.20557775]
1191.1666512489319,1002,False,5,2,[-3.00366823  7.23348348  3.97255304],cruising,[ 0.5677905  -0.59831228 -0.99408226]
1191.1666512489319,1003,False,6,5,[8.89509836 9.06954627 1.2817828 ],waiting,[ 0.63925976  0.24903542 -0.34837281]
1191.1666512489319,1004,False,2,1,[-5.76465519  2.48210026  3.84334234],cruising,[-0.62185191  0.08809385  0.93462812]
1191.1666512489319,1005,False,1,0,[ 7.51546751 -4.2404849   3.99684214],cruising,[ 0.50568378 -0.03156594 -0.11489306]
1191.273582458496,1000,False,6,3,[-0.48048754 -8.04540309  2.93757859],landing,[-0.82138112 -0.19970136 -0.21083176]
1191.273582458496,1001,False,3,4,[ 8.69280678 -7.37340108  3.79053732],landing,[-0.48080528  0.59740651 -0.20557775]
1191.273582458496,1002,False,5,2,[-2.80516066  7.25787088  3.97667008],cruising,[ 0.5677905  -0.59831228 -0.99408226]
1191.273582458496,1003,False,6,5,[8.89509836 9.06954627 1.2817828 ],waiting,[ 0.63925976  0.24903542 -0.34837281]
1191.273582458496,1004,False,2,1,[-5.79629009  2.67958249  3.86684099],cruising,[-0.62185191  0.08809385  0.93462812]
1191.273582458496,1005,False,1,0,[ 7.37807775 -4.38414895  3.9973644 ],cruising,[ 0.50568378 -0.03156594 -0.11489306]
1191.3667676448822,1000,False,6,3,[-0.5035885  -8.04338417  2.84030439],landing,[-0.82138112 -0.19970136 -0.21083176]
1191.3667676448822,1001,False,3,4,[ 8.67880137 -7.39288281  3.70831943],landing,[-0.48080528  0.59740651 -0.20557775]
1191.3667676448822,1002,False,5,2,[-2.60589161  7.27495434  3.98016957],cruising,[ 0.5677905  -0.59831228 -0.99408226]
1191.3667676448822,1003,False,6,5,[8.89509836 9.06954627 1.2817828 ],waiting,[ 0.63925976  0.24903542 -0.34837281]
1191.3667676448822,1004,False,2,1,[-5.84115459  2.87448549  3.88681484],cruising,[-0.62185191  0.08809385  0.93462812]
1191.3667676448822,1005,False,1,0,[ 7.22812583 -4.51225052  3.99784618],cruising,[ 0.50568378 -0.03156594 -0.11489306]
1191.4746317863464,1000,False,6,3,[-0.52668946 -8.04136524  2.74303019],landing,[-0.82138112 -0.19970136 -0.21083176]
1191.4746317863464,1001,False,3,4,[ 8.65771073 -7.39881831  3.61320583],landing,[-0.48080528  0.59740651 -0.20557775]
1191.4746317863464,1002,False,5,2,[-2.40625204  7.28695605  3.98314414],cruising,[ 0.5677905  -0.59831228 -0.99408226]
1191.4746317863464,1003,False,6,5,[8.89509836 9.06954627 1.2817828 ],waiting,[ 0.63925976  0.24903542 -0.34837281]
1191.4746317863464,1004,False,2,1,[-5.89555758  3.06694409  3.90379261],cruising,[-0.62185191  0.08809385  0.93462812]
1191.4746317863464,1005,False,1,0,[ 7.06763411 -4.62335471  3.99828882],cruising,[ 0.50568378 -0.03156594 -0.11489306]
1191.5731213092804,1000,False,6,3,[-0.54979041 -8.03934632  2.64575599],landing,[-0.82138112 -0.19970136 -0.21083176]
1191.5731213092804,1001,False,3,4,[ 8.63533595 -7.40226043  3.51580193],landing,[-0.48080528  0.59740651 -0.20557775]
1191.5731213092804,1002,False,5,2,[-2.20625792  7.28848997  3.98567252],cruising,[ 0.5677905  -0.59831228 -0.99408226]
1191.5731213092804,1003,False,6,5,[8.89509836 9.06954627 1.2817828 ],waiting,[ 0.63925976  0.24903542 -0.34837281]
1191.5731213092804,1004,False,2,1,[-5.95706111  3.25725257  3.91822372],cruising,[-0.62185191  0.08809385  0.93462812]
1191.5731213092804,1005,False,1,0,[ 6.89876638 -4.71629738  3.99869332],cruising,[ 0.50568378 -0.03156594 -0.11489306]
1191.6706335544586,1000,False,6,3,[-0.57289137 -8.0373274   2.54848179],landing,[-0.82138112 -0.19970136 -0.21083176]
1191.6706335544586,1001,False,3,4,[ 8.61296117 -7.40570255  3.41839802],landing,[-0.48080528  0.59740651 -0.20557775]
1191.6706335544586,1002,False,5,2,[-2.00689765  7.27250611  3.98782164],cruising,[ 0.5677905  -0.59831228 -0.99408226]
1191.6706335544586,1003,False,6,5,[8.89509836 9.06954627 1.2817828 ],waiting,[ 0.63925976  0.24903542 -0.34837281]
1191.6706335544586,1004,False,2,1,[-6.02327565  3.44597362  3.93049016],cruising,[-0.62185191  0.08809385  0.93462812]
1191.6706335544586,1005,False,1,0,[ 6.72374224 -4.79021119  3.99905997],cruising,[ 0.50568378 -0.03156594 -0.11489306]
1191.7668488025665,1000,False,6,3,[-0.59599233 -8.03530848  2.45120759],landing,[-0.82138112 -0.19970136 -0.21083176]
1191.7668488025665,1001,False,3,4,[ 8.59058639 -7.40914466  3.32099411],landing,[-0.48080528  0.59740651 -0.20557775]
1191.7668488025665,1002,False,5,2,[-1.80997442  7.23755984  3.98964839],cruising,[ 0.5677905  -0.59831228 -0.99408226]
1191.7668488025665,1003,False,6,5,[8.89509836 9.06954627 1.2817828 ],waiting,[ 0.63925976  0.24903542 -0.34837281]
1191.7668488025665,1004,False,2,1,[-6.0919268   3.63382201  3.94091664],cruising,[-0.62185191  0.08809385  0.93462812]
1191.7668488025665,1005,False,1,0,[ 6.54480827 -4.84451094  3.99938853],cruising,[ 0.50568378 -0.03156594 -0.11489306]
1191.8668508529663,1000,False,6,3,[-0.61909328 -8.03328956  2.3539334 ],landing,[-0.82138112 -0.19970136 -0.21083176]
1191.8668508529663,1001,False,3,4,[ 8.56821162 -7.41258678  3.22359021],landing,[-0.48080528  0.59740651 -0.20557775]
1191.8668508529663,1002,False,5,2,[-1.61670559  7.18610931  3.99120113],cruising,[ 0.5677905  -0.59831228 -0.99408226]
1191.8668508529663,1003,False,6,5,[8.89509836 9.06954627 1.2817828 ],waiting,[ 0.63925976  0.24903542 -0.34837281]
1191.8668508529663,1004,False,2,1,[-6.16083939  3.82157466  3.94977914],cruising,[-0.62185191  0.08809385  0.93462812]
1191.8668508529663,1005,False,1,0,[ 6.36422771 -4.87887861  3.99967816],cruising,[ 0.50568378 -0.03156594 -0.11489306]
1191.9764795303345,1000,False,6,3,[-0.64219424 -8.03127064  2.2566592 ],landing,[-0.82138112 -0.19970136 -0.21083176]
1191.9764795303345,1001,False,3,4,[ 8.54583684 -7.4160289   3.1261863 ],landing,[-0.48080528  0.59740651 -0.20557775]
1191.9764795303345,1002,False,5,2,[-1.42768666  7.12074995  3.99252096],cruising,[ 0.5677905  -0.59831228 -0.99408226]
1191.9764795303345,1003,False,6,5,[8.89509836 9.06954627 1.2817828 ],waiting,[ 0.63925976  0.24903542 -0.34837281]
1191.9764795303345,1004,False,2,1,[-6.22786676  4.01000855  3.95731227],cruising,[-0.62185191  0.08809385  0.93462812]
1191.9764795303345,1005,False,1,0,[ 6.18363499 -4.89324634  3.99992763],cruising,[ 0.50568378 -0.03156594 -0.11489306]
1192.0717062950134,1000,False,6,3,[-0.6652952  -8.02925172  2.159385  ],landing,[-0.82138112 -0.19970136 -0.21083176]
1192.0717062950134,1001,False,3,4,[ 8.52346206 -7.41947102  3.02878239],landing,[-0.48080528  0.59740651 -0.20557775]
1192.0717062950134,1002,False,5,2,[-1.24300047  7.04399704  3.99364282],cruising,[ 0.5677905  -0.59831228 -0.99408226]
1192.0717062950134,1003,False,6,5,[8.89509836 9.06954627 1.2817828 ],waiting,[ 0.63925976  0.24903542 -0.34837281]
1192.0717062950134,1004,False,2,1,[-6.29078422  4.19985426  3.96371543],cruising,[-0.62185191  0.08809385  0.93462812]
1192.0717062950134,1005,False,1,0,[ 6.00393342 -4.88763397  4.00013373],cruising,[ 0.50568378 -0.03156594 -0.11489306]
1192.174025774002,1000,False,6,3,[-0.68839615 -8.0272328   2.0621108 ],landing,[-0.82138112 -0.19970136 -0.21083176]
1192.174025774002,1001,False,3,4,[ 8.50108728 -7.42291313  2.93137848],landing,[-0.48080528  0.59740651 -0.20557775]
1192.174025774002,1002,False,5,2,[-1.06094575  6.96119559  3.9945964 ],cruising,[ 0.5677905  -0.59831228 -0.99408226]
1192.174025774002,1003,False,6,5,[8.89509836 9.06954627 1.2817828 ],queued,[ 0.63925976  0.24903542 -0.34837281]
1192.174025774002,1004,False,2,1,[-6.34715515  4.39174568  3.96915812],cruising,[-0.62185191  0.08809385  0.93462812]
1192.174025774002,1005,False,1,0,[ 5.82630462 -4.86212935  4.00029532],cruising,[ 0.50568378 -0.03156594 -0.11489306]
1192.2662813663483,1000,False,6,3,[-0.71149711 -8.02521387  1.9648366 ],landing,[-0.82138112 -0.19970136 -0.21083176]
1192.2662813663483,1001,False,3,4,[ 8.4787125  -7.42635525  2.83397458],landing,[-0.48080528  0.59740651 -0.20557775]
1192.2662813663483,1002,False,5,2,[-0.88292866  6.87003685  3.99540694],cruising,[ 0.5677905  -0.59831228 -0.99408226]
1192.2662813663483,1003,False,6,5,[8.89509836 9.06954627 1.3017828 ],queued,[ 0.63925976  0.24903542 -0.34837281]
1192.2662813663483,1004,False,2,1,[-6.38794056  4.5875429   3.9737844 ],cruising,[-0.62185191  0.08809385  0.93462812]
1192.2662813663483,1005,False,1,0,[ 5.65125853 -4.81679225  4.00040902],cruising,[ 0.50568378 -0.03156594 -0.11489306]
1192.3882546424866,1000,False,6,3,[-0.73459807 -8.02319495  1.8675624 ],landing,[-0.82138112 -0.19970136 -0.21083176]
1192.3882546424866,1001,False,3,4,[ 8.45633773 -7.42979737  2.73657067],landing,[-0.48080528  0.59740651 -0.20557775]
1192.3882546424866,1002,False,5,2,[-0.70825321  6.77262798  3.9960959 ],cruising,[ 0.5677905  -0.59831228 -0.99408226]
1192.3882546424866,1003,False,6,5,[8.89509836 9.06954627 1.3417828 ],queued,[ 0.63925976  0.24903542 -0.34837281]
1192.3882546424866,1004,False,2,1,[-6.41565707  4.78561307  3.97771674],cruising,[-0.62185191  0.08809385  0.93462812]
1192.3882546424866,1005,False,1,0,[ 5.47950318 -4.7517278   4.00047342],cruising,[ 0.50568378 -0.03156594 -0.11489306]
1192.4870948791504,1000,False,6,3,[-0.75769902 -8.02117603  1.7702882 ],landing,[-0.82138112 -0.19970136 -0.21083176]
1192.4870948791504,1001,False,3,4,[ 8.43396295 -7.43323949  2.63916676],landing,[-0.48080528  0.59740651 -0.20557775]
1192.4870948791504,1002,False,5,2,[-0.53524288  6.67229142  3.99668151],cruising,[ 0.5677905  -0.59831228 -0.99408226]
1192.4870948791504,1003,False,6,5,[8.89509836 9.06954627 1.4017828 ],queued,[ 0.63925976  0.24903542 -0.34837281]
1192.4870948791504,1004,False,2,1,[-6.42342584  4.98506488  3.98122677],cruising,[-0.62185191  0.08809385  0.93462812]
1192.4870948791504,1005,False,1,0,[ 5.31079131 -4.66689634  4.00048334],cruising,[ 0.50568378 -0.03156594 -0.11489306]
1192.592541217804,1000,False,6,3,[-0.78079998 -8.01915711  1.673014  ],landing,[-0.82138112 -0.19970136 -0.21083176]
1192.592541217804,1001,False,3,4,[ 8.41158817 -7.43668161  2.54176286],landing,[-0.48080528  0.59740651 -0.20557775]
1192.592541217804,1002,False,5,2,[-0.3645076   6.56813066  3.99717928],cruising,[ 0.5677905  -0.59831228 -0.99408226]
1192.592541217804,1003,False,6,5,[8.89509836 9.06954627 1.4767828 ],queued,[ 0.63925976  0.24903542 -0.34837281]
1192.592541217804,1004,False,2,1,[-6.4112401  5.183203   3.9844331],cruising,[-0.62185191  0.08809385  0.93462812]
1192.592541217804,1005,False,1,0,[ 5.14452542 -4.56221511  4.00043435],cruising,[ 0.50568378 -0.03156594 -0.11489306]
1192.6889321804047,1000,False,6,3,[-0.80390094 -8.01713819  1.57573981],landing,[-0.82138112 -0.19970136 -0.21083176]
1192.6889321804047,1001,False,3,4,[ 8.38921339 -7.44012372  2.44435895],landing,[-0.48080528  0.59740651 -0.20557775]
1192.6889321804047,1002,False,5,2,[-0.19522783  6.46162075  3.99760239],cruising,[ 0.5677905  -0.59831228 -0.99408226]
1192.6889321804047,1003,False,6,5,[8.89509836 9.06954627 1.5517828 ],entering,[ 0.63925976  0.24903542 -0.34837281]
1192.6889321804047,1004,False,2,1,[-6.37943514  5.3774662   3.98737272],cruising,[-0.62185191  0.08809385  0.93462812]
1192.6889321804047,1005,False,1,0,[ 4.97458552 -4.45676165  4.0003692 ],cruising,[ 0.50568378 -0.03156594 -0.11489306]
1192.787897825241,1000,False,6,3,[-0.82700189 -8.01511927  1.47846561],fake_landed,[-0.82138112 -0.19970136 -0.21083176]
1192.787897825241,1001,False,3,4,[ 8.36683862 -7.44356584  2.34695504],landing,[-0.48080528  0.59740651 -0.20557775]
1192.787897825241,1002,False,5,2,[-0.0263755   6.35443451  3.99796203],cruising,[ 0.5677905  -0.59831228 -0.99408226]
1192.787897825241,1003,False,6,5,[8.89087261 9.04999779 1.6267828 ],entering,[ 0.63925976  0.24903542 -0.34837281]
1192.787897825241,1004,False,2,1,[-6.32863902  5.56546269  3.99005949],cruising,[-0.62185191  0.08809385  0.93462812]
1192.787897825241,1005,False,1,0,[ 4.80141376 -4.35670395  4.00031382],cruising,[ 0.50568378 -0.03156594 -0.11489306]
1192.8865823745728,1000,False,6,3,[-0.84548266 -8.01350413  1.40064625],fake_landed,[-0.82138112 -0.19970136 -0.21083176]
1192.8865823745728,1001,False,3,4,[ 8.34446384 -7.44700796  2.24955113],landing,[-0.48080528  0.59740651 -0.20557775]
1192.8865823745728,1002,False,5,2,[0.14214527 6.24672774 3.99826773],cruising,[ 0.5677905  -0.59831228 -0.99408226]
1192.8865823745728,1003,False,6,5,[8.8824211  9.01090083 1.7017828 ],entering,[ 0.63925976  0.24903542 -0.34837281]
1192.8865823745728,1004,False,2,1,[-6.25974072  5.74495918  3.99249888],cruising,[-0.62185191  0.08809385  0.93462812]
1192.8865823745728,1005,False,1,0,[ 4.62473707 -4.26297378  4.00026675],cruising,[ 0.50568378 -0.03156594 -0.11489306]
1192.9867441654205,1000,False,6,3,[-0.85934323 -8.01229278  1.34228173],fake_landed,[-0.82138112 -0.19970136 -0.21083176]
1192.9867441654205,1001,False,3,4,[ 8.32208906 -7.45045008  2.15214723],landing,[-0.48080528  0.59740651 -0.20557775]
1192.9867441654205,1002,False,5,2,[0.31092214 6.13942271 3.99852757],cruising,[ 0.5677905  -0.59831228 -0.99408226]
1192.9867441654205,1003,False,6,5,[8.86974385 8.95225539 1.7767828 ],entering,[ 0.63925976  0.24903542 -0.34837281]
1192.9867441654205,1004,False,2,1,[-6.17377751  5.91402878  3.99467579],cruising,[-0.62185191  0.08809385  0.93462812]
1192.9867441654205,1005,False,1,0,[ 4.44622197 -4.17279418  4.00022673],cruising,[ 0.50568378 -0.03156594 -0.11489306]
1193.0874898433685,1000,False,6,3,[-0.86858361 -8.01148521  1.30337205],fake_landed,[-0.82138112 -0.19970136 -0.21083176]
1193.0874898433685,1001,False,3,4,[ 8.29971428 -7.4538922   2.05474332],landing,[-0.48080528  0.59740651 -0.20557775]
1193.0874898433685,1002,False,5,2,[0.48021002 6.03292569 3.99874843],cruising,[ 0.5677905  -0.59831228 -0.99408226]
1193.0874898433685,1003,False,6,5,[8.85284085 8.87406148 1.8517828 ],entering,[ 0.63925976  0.24903542 -0.34837281]
1193.0874898433685,1004,False,2,1,[-6.07191041  6.07097407  3.99659312],cruising,[-0.62185191  0.08809385  0.93462812]
1193.0874898433685,1005,False,1,0,[ 4.26563577 -4.08683707  4.00019272],cruising,[ 0.50568378 -0.03156594 -0.11489306]
1193.199991941452,1000,False,6,3,[-0.87320381 -8.01108143  1.28391721],fake_landed,[-0.82138112 -0.19970136 -0.21083176]
1193.199991941452,1001,False,3,4,[ 8.2773395  -7.45733431  1.95733941],landing,[-0.48080528  0.59740651 -0.20557775]
1193.199991941452,1002,False,5,2,[0.6506423  5.9282699  3.99893617],cruising,[ 0.5677905  -0.59831228 -0.99408226]
1193.199991941452,1003,False,6,5,[8.83171496 8.77631846 1.9267828 ],entering,[ 0.63925976  0.24903542 -0.34837281]
1193.199991941452,1004,False,2,1,[-5.95503893  6.21469839  3.99823762],cruising,[-0.62185191  0.08809385  0.93462812]
1193.199991941452,1005,False,1,0,[ 4.08402801 -4.00305987  4.00016382],cruising,[ 0.50568378 -0.03156594 -0.11489306]
1193.3000495433807,1000,False,3,6,[-0.87320381 -8.01108143  1.28391721],waiting,[-0.82138112 -0.19970136 -0.21083176]
1193.3000495433807,1001,False,3,4,[ 8.25496473 -7.46077643  1.85993551],landing,[-0.48080528  0.59740651 -0.20557775]
1193.3000495433807,1002,False,5,2,[0.82220096 5.82547092 3.99909574],cruising,[ 0.5677905  -0.59831228 -0.99408226]
1193.3000495433807,1003,False,6,5,[8.80652383 8.65899296 2.0017828 ],entering,[ 0.63925976  0.24903542 -0.34837281]
1193.3000495433807,1004,False,2,1,[-5.82405341  6.34425538  3.99959809],cruising,[-0.62185191  0.08809385  0.93462812]
1193.3000495433807,1005,False,1,0,[ 3.90118118 -3.9220226   4.00013924],cruising,[ 0.50568378 -0.03156594 -0.11489306]
1193.3927507400513,1000,False,3,6,[-0.87320381 -8.01108143  1.28391721],waiting,[-0.82138112 -0.19970136 -0.21083176]
1193.3927507400513,1001,False,3,4,[ 8.23258995 -7.46421855  1.7625316 ],landing,[-0.48080528  0.59740651 -0.20557775]
1193.3927507400513,1002,False,5,2,[0.99580466 5.72616457 3.99923138],cruising,[ 0.5677905  -0.59831228 -0.99408226]
1193.3927507400513,1003,False,6,5,[8.77751311 8.52203558 2.0767828 ],entering,[ 0.63925976  0.24903542 -0.34837281]
1193.3927507400513,1004,False,2,1,[-5.67980021  6.45884967  4.00066478],cruising,[-0.62185191  0.08809385  0.93462812]
1193.3927507400513,1005,False,1,0,[ 3.71771117 -3.84240629  4.00011836],cruising,[ 0.50568378 -0.03156594 -0.11489306]
1193.487408399582,1000,False,3,6,[-0.87320381 -8.01108143  1.28391721],waiting,[-0.82138112 -0.19970136 -0.21083176]
1193.487408399582,1001,False,3,4,[ 8.21021517 -7.46766067  1.66512769],landing,[-0.48080528  0.59740651 -0.20557775]
1193.487408399582,1002,False,5,2,[1.17103565 5.62975864 3.99934667],cruising,[ 0.5677905  -0.59831228 -0.99408226]
1193.487408399582,1003,False,6,5,[8.74508682 8.36537201 2.1517828 ],entering,[ 0.63925976  0.24903542 -0.34837281]
1193.487408399582,1004,False,2,1,[-5.52304808  6.55783354  4.00142909],cruising,[-0.62185191  0.08809385  0.93462812]
1193.487408399582,1005,False,1,0,[ 3.53345347 -3.76463034  4.0001006 ],cruising,[ 0.50568378 -0.03156594 -0.11489306]
1193.5870203971863,1000,False,3,6,[-0.87320381 -8.01108143  1.28391721],waiting,[-0.82138112 -0.19970136 -0.21083176]
1193.5870203971863,1001,False,3,4,[ 8.18784039 -7.47110278  1.56772378],landing,[-0.48080528  0.59740651 -0.20557775]
1193.5870203971863,1002,False,5,2,[1.34812547 5.53681137 3.99944467],cruising,[ 0.5677905  -0.59831228 -0.99408226]
1193.5870203971863,1003,False,6,5,[8.70959436 8.18894487 2.2267828 ],entering,[ 0.63925976  0.24903542 -0.34837281]
1193.5870203971863,1004,False,2,1,[-5.35448515  6.64068019  4.00188472],cruising,[-0.62185191  0.08809385  0.93462812]
1193.5870203971863,1005,False,1,0,[ 3.34871    -3.68801539  4.00008551],cruising,[ 0.50568378 -0.03156594 -0.11489306]
1193.686972618103,1000,False,3,6,[-0.87320381 -8.01108143  1.28391721],waiting,[-0.82138112 -0.19970136 -0.21083176]
1193.686972618103,1001,False,3,4,[ 8.16546561 -7.4745449   1.47031988],fake_landed,[-0.48080528  0.59740651 -0.20557775]
1193.686972618103,1002,False,5,2,[1.52826034 5.44991241 3.99952797],cruising,[ 0.5677905  -0.59831228 -0.99408226]
1193.686972618103,1003,False,6,5,[8.67107346 7.99274835 2.3017828 ],entering,[ 0.63925976  0.24903542 -0.34837281]
1193.686972618103,1004,False,2,1,[-5.17495938  6.70680181  4.0020414 ],cruising,[-0.62185191  0.08809385  0.93462812]
1193.686972618103,1005,False,1,0,[ 3.16341886 -3.61273462  4.00007269],cruising,[ 0.50568378 -0.03156594 -0.11489306]
1193.7872331142426,1000,False,3,6,[-0.87320381 -8.01108143  1.28391721],waiting,[-0.82138112 -0.19970136 -0.21083176]
1193.7872331142426,1001,False,3,4,[ 8.14756579 -7.4772986   1.39239675],fake_landed,[-0.48080528  0.59740651 -0.20557775]
1193.7872331142426,1002,False,5,2,[1.71052266 5.36756896 3.99959878],cruising,[ 0.5677905  -0.59831228 -0.99408226]
1193.7872331142426,1003,False,6,5,[8.63254394 7.79649475 2.3767828 ],entering,[ 0.63925976  0.24903542 -0.34837281]
1193.7872331142426,1004,False,2,1,[-4.98448926  6.75618656  4.00188403],cruising,[-0.62185191  0.08809385  0.93462812]
1193.7872331142426,1005,False,1,0,[ 2.97759287 -3.53878395  4.00006178],cruising,[ 0.50568378 -0.03156594 -0.11489306]
1193.8866786956787,1000,False,3,6,[-0.87320381 -8.01108143  1.28391721],waiting,[-0.82138112 -0.19970136 -0.21083176]
1193.8866786956787,1001,False,3,4,[ 8.13414092 -7.47936387  1.33395441],fake_landed,[-0.48080528  0.59740651 -0.20557775]
1193.8866786956787,1002,False,5,2,[1.89505755 5.29045298 3.99965896],cruising,[ 0.5677905  -0.59831228 -0.99408226]
1193.8866786956787,1003,False,6,5,[8.59458796 7.60012941 2.4517828 ],entering,[ 0.63925976  0.24903542 -0.34837281]
1193.8866786956787,1004,False,2,1,[-4.78950052  6.80067694  4.00160142],cruising,[-0.62185191  0.08809385  0.93462812]
1193.8866786956787,1005,False,1,0,[ 2.79114996 -3.46640274  4.00005252],cruising,[ 0.50568378 -0.03156594 -0.11489306]
1193.9866795539856,1000,False,3,6,[-0.87320381 -8.01108143  1.28391721],waiting,[-0.82138112 -0.19970136 -0.21083176]
1193.9866795539856,1001,False,3,4,[ 8.12519101 -7.48074071  1.29499284],fake_landed,[-0.48080528  0.59740651 -0.20557775]
1193.9866795539856,1002,False,5,2,[2.08304242 5.22217641 3.99971012],cruising,[ 0.5677905  -0.59831228 -0.99408226]
1193.9866795539856,1003,False,6,5,[8.55922485 7.40328061 2.5267828 ],entering,[ 0.63925976  0.24903542 -0.34837281]
1193.9866795539856,1004,False,2,1,[-4.59537565  6.84879694  4.00136121],cruising,[-0.62185191  0.08809385  0.93462812]
1193.9866795539856,1005,False,1,0,[ 2.60420963 -3.39531609  4.00004464],cruising,[ 0.50568378 -0.03156594 -0.11489306]
1194.0868842601776,1000,False,3,6,[-0.87320381 -8.01108143  1.28391721],waiting,[-0.82138112 -0.19970136 -0.21083176]
1194.0868842601776,1001,False,3,4,[ 8.12071606 -7.48142914  1.27551206],fake_landed,[-0.48080528  0.59740651 -0.20557775]
1194.0868842601776,1002,False,5,2,[2.27356954 5.16135357 3.9997536 ],cruising,[ 0.5677905  -0.59831228 -0.99408226]
1194.0868842601776,1003,False,6,5,[8.52506856 7.20621883 2.6017828 ],entering,[ 0.63925976  0.24903542 -0.34837281]
1194.0868842601776,1004,False,2,1,[-4.40180147  6.89908647  4.00115703],cruising,[-0.62185191  0.08809385  0.93462812]
1194.0868842601776,1005,False,1,0,[ 2.41646802 -3.32637345  4.00003794],cruising,[ 0.50568378 -0.03156594 -0.11489306]
1194.201134443283,1000,False,3,6,[-0.87320381 -8.01108143  1.28391721],waiting,[-0.82138112 -0.19970136 -0.21083176]
1194.201134443283,1001,False,4,3,[ 8.12071606 -7.48142914  1.27551206],waiting,[-0.48080528  0.59740651 -0.20557775]
1194.201134443283,1002,False,5,2,[2.46713897 5.11104577 3.99979056],cruising,[ 0.5677905  -0.59831228 -0.99408226]
1194.201134443283,1003,False,6,5,[8.49091227 7.00915704 2.6767828 ],entering,[ 0.63925976  0.24903542 -0.34837281]
1194.201134443283,1004,False,2,1,[-4.20845987  6.95026289  4.00098348],cruising,[-0.62185191  0.08809385  0.93462812]
1194.201134443283,1005,False,1,0,[ 2.22778249 -3.26005775  4.00003225],cruising,[ 0.50568378 -0.03156594 -0.11489306]
1194.2886033058167,1000,False,3,6,[-0.87320381 -8.01108143  1.28391721],waiting,[-0.82138112 -0.19970136 -0.21083176]
1194.2886033058167,1001,False,4,3,[ 8.12071606 -7.48142914  1.27551206],waiting,[-0.48080528  0.59740651 -0.20557775]
1194.2886033058167,1002,False,5,2,[2.66282189 5.06971546 3.99982198],cruising,[ 0.5677905  -0.59831228 -0.99408226]
1194.2886033058167,1003,False,6,5,[8.45823471 6.81184466 2.7517828 ],entering,[ 0.63925976  0.24903542 -0.34837281]
1194.2886033058167,1004,False,2,1,[-4.01443189  6.99877207  4.00083595],cruising,[-0.62185191  0.08809385  0.93462812]
1194.2886033058167,1005,False,1,0,[ 2.03849078 -3.19549269  4.00002741],cruising,[ 0.50568378 -0.03156594 -0.11489306]
1194.4017252922058,1000,False,3,6,[-0.87320381 -8.01108143  1.28391721],waiting,[-0.82138112 -0.19970136 -0.21083176]
1194.4017252922058,1001,False,4,3,[ 8.12071606 -7.48142914  1.27551206],waiting,[-0.48080528  0.59740651 -0.20557775]
1194.4017252922058,1002,False,5,2,[2.85994114 5.03589235 3.99984868],cruising,[ 0.5677905  -0.59831228 -0.99408226]
1194.4017252922058,1003,False,6,5,[8.42911949 6.61397524 2.8267828 ],entering,[ 0.63925976  0.24903542 -0.34837281]
1194.4017252922058,1004,False,2,1,[-3.82024308  7.0466334   4.00071056],cruising,[-0.62185191  0.08809385  0.93462812]
1194.4017252922058,1005,False,1,0,[ 1.84792137 -3.13480247  4.0000233 ],cruising,[ 0.50568378 -0.03156594 -0.11489306]
1194.4868955612183,1000,False,3,6,[-0.87320381 -8.01108143  1.28391721],waiting,[-0.82138112 -0.19970136 -0.21083176]
1194.4868955612183,1001,False,4,3,[ 8.12071606 -7.48142914  1.27551206],waiting,[-0.48080528  0.59740651 -0.20557775]
1194.4868955612183,1002,False,5,2,[3.0580177  5.00822154 3.99987138],cruising,[ 0.5677905  -0.59831228 -0.99408226]
1194.4868955612183,1003,False,6,5,[8.40000427 6.41610583 2.9017828 ],entering,[ 0.63925976  0.24903542 -0.34837281]
1194.4868955612183,1004,False,2,1,[-3.62567474  7.09292769  4.00060398],cruising,[-0.62185191  0.08809385  0.93462812]
1194.4868955612183,1005,False,1,0,[ 1.65589055 -3.07890828  4.00001981],cruising,[ 0.50568378 -0.03156594 -0.11489306]
1194.6019191741943,1000,False,3,6,[-0.87320381 -8.01108143  1.28391721],waiting,[-0.82138112 -0.19970136 -0.21083176]
1194.6019191741943,1001,False,4,3,[ 8.12071606 -7.48142914  1.27551206],waiting,[-0.48080528  0.59740651 -0.20557775]
1194.6019191741943,1002,False,5,2,[3.2567208  4.98548217 3.99989067],cruising,[ 0.5677905  -0.59831228 -0.99408226]
1194.6019191741943,1003,False,6,5,[8.37340951 6.21788192 2.9767828 ],entering,[ 0.63925976  0.24903542 -0.34837281]
1194.6019191741943,1004,False,2,1,[-3.4300298   7.1344374   4.00051338],cruising,[-0.62185191  0.08809385  0.93462812]
1194.6019191741943,1005,False,1,0,[ 1.46220611 -3.02904505  4.00001684],cruising,[ 0.50568378 -0.03156594 -0.11489306]
1194.701759338379,1000,False,3,6,[-0.87320381 -8.01108143  1.28391721],waiting,[-0.82138112 -0.19970136 -0.21083176]
1194.701759338379,1001,False,4,3,[ 8.12071606 -7.48142914  1.27551206],waiting,[-0.48080528  0.59740651 -0.20557775]
1194.701759338379,1002,False,5,2,[3.4558263  4.96658775 3.99990707],cruising,[ 0.5677905  -0.59831228 -0.99408226]
1194.701759338379,1003,False,6,5,[8.34994865 6.01926272 3.0517828 ],entering,[ 0.63925976  0.24903542 -0.34837281]
1194.701759338379,1004,False,2,1,[-3.23383029  7.17324146  4.00043637],cruising,[-0.62185191  0.08809385  0.93462812]
1194.701759338379,1005,False,1,0,[ 1.26669554 -2.98690698  4.00001431],cruising,[ 0.50568378 -0.03156594 -0.11489306]
1194.7887241840363,1000,False,3,6,[-0.87320381 -8.01108143  1.28391721],waiting,[-0.82138112 -0.19970136 -0.21083176]
1194.7887241840363,1001,False,4,3,[ 8.12071606 -7.48142914  1.27551206],waiting,[-0.48080528  0.59740651 -0.20557775]
1194.7887241840363,1002,False,5,2,[3.65518432 4.95057589 3.99992101],cruising,[ 0.5677905  -0.59831228 -0.99408226]
1194.7887241840363,1003,False,6,5,[8.32771981 5.82050186 3.1267828 ],entering,[ 0.63925976  0.24903542 -0.34837281]
1194.7887241840363,1004,False,2,1,[-3.03697176  7.20855034  4.00037092],cruising,[-0.62185191  0.08809385  0.93462812]
1194.7887241840363,1005,False,1,0,[ 1.0692787  -2.95486654  4.00001216],cruising,[ 0.50568378 -0.03156594 -0.11489306]
1194.8903243541718,1000,False,3,6,[-0.87320381 -8.01108143  1.28391721],waiting,[-0.82138112 -0.19970136 -0.21083176]
1194.8903243541718,1001,False,4,3,[ 8.12071606 -7.48142914  1.27551206],waiting,[-0.48080528  0.59740651 -0.20557775]
1194.8903243541718,1002,False,5,2,[3.8546949  4.9365927  3.99993286],cruising,[ 0.5677905  -0.59831228 -0.99408226]
1194.8903243541718,1003,False,6,5,[8.31036164 5.62125655 3.2017828 ],entering,[ 0.63925976  0.24903542 -0.34837281]
1194.8903243541718,1004,False,2,1,[-2.83897551  7.2367901   4.00031528],cruising,[-0.62185191  0.08809385  0.93462812]
1194.8903243541718,1005,False,1,0,[ 0.86968828 -2.94270764  4.00001033],cruising,[ 0.50568378 -0.03156594 -0.11489306]
1194.9875893592834,1000,False,3,6,[-0.87320381 -8.01108143  1.28391721],waiting,[-0.82138112 -0.19970136 -0.21083176]
1194.9875893592834,1001,False,4,3,[ 8.12071606 -7.48142914  1.27551206],waiting,[-0.48080528  0.59740651 -0.20557775]
1194.9875893592834,1002,False,5,2,[4.05429014 4.923875   3.99994293],cruising,[ 0.5677905  -0.59831228 -0.99408226]
1194.9875893592834,1003,False,6,5,[8.29573528 5.42179209 3.2767828 ],entering,[ 0.63925976  0.24903542 -0.34837281]
1194.9875893592834,1004,False,2,1,[-2.64035812  7.26026638  4.00026799],cruising,[-0.62185191  0.08809385  0.93462812]
1194.9875893592834,1005,False,1,0,[ 0.66968964 -2.94197071  4.00000878],cruising,[ 0.50568378 -0.03156594 -0.11489306]
1195.0872769355774,1000,False,3,6,[-0.87320381 -8.01108143  1.28391721],waiting,[-0.82138112 -0.19970136 -0.21083176]
1195.0872769355774,1001,False,4,3,[ 8.12071606 -7.48142914  1.27551206],waiting,[-0.48080528  0.59740651 -0.20557775]
1195.0872769355774,1002,False,5,2,[4.25392117 4.91173202 3.99995149],cruising,[ 0.5677905  -0.59831228 -0.99408226]
1195.0872769355774,1003,False,6,5,[8.28465772 5.22209911 3.3517828 ],entering,[ 0.63925976  0.24903542 -0.34837281]
1195.0872769355774,1004,False,2,1,[-2.440871    7.27458022  4.00022779],cruising,[-0.62185191  0.08809385  0.93462812]
1195.0872769355774,1005,False,1,0,[ 0.4702435  -2.95684474  4.00000746],cruising,[ 0.50568378 -0.03156594 -0.11489306]
1195.1985518932343,1000,False,3,6,[-0.87320381 -8.01108143  1.28391721],waiting,[-0.82138112 -0.19970136 -0.21083176]
1195.1985518932343,1001,False,4,3,[ 8.12071606 -7.48142914  1.27551206],waiting,[-0.48080528  0.59740651 -0.20557775]
1195.1985518932343,1002,False,5,2,[4.45354405 4.89945584 3.99995877],cruising,[ 0.5677905  -0.59831228 -0.99408226]
1195.1985518932343,1003,False,6,5,[8.27972363 5.02215998 3.4267828 ],entering,[ 0.63925976  0.24903542 -0.34837281]
1195.1985518932343,1004,False,2,1,[-2.24090658  7.27835268  4.00019362],cruising,[-0.62185191  0.08809385  0.93462812]
1195.1985518932343,1005,False,1,0,[ 0.27247437 -2.98663353  4.00000634],cruising,[ 0.50568378 -0.03156594 -0.11489306]
1195.2914552688599,1000,False,3,6,[-0.87320381 -8.01108143  1.28391721],waiting,[-0.82138112 -0.19970136 -0.21083176]
1195.2914552688599,1001,False,4,3,[ 8.12071606 -7.48142914  1.27551206],queued,[-0.48080528  0.59740651 -0.20557775]
1195.2914552688599,1002,False,5,2,[4.65314643 4.88685064 3.99996495],cruising,[ 0.5677905  -0.59831228 -0.99408226]
1195.2914552688599,1003,False,6,5,[8.28032267 4.82216088 3.5017828 ],entering,[ 0.63925976  0.24903542 -0.34837281]
1195.2914552688599,1004,False,2,1,[-2.0413687   7.26476469  4.00016458],cruising,[-0.62185191  0.08809385  0.93462812]
1195.2914552688599,1005,False,1,0,[ 0.07832724 -3.03466364  4.00000539],cruising,[ 0.50568378 -0.03156594 -0.11489306]
1195.3865096569061,1000,False,3,6,[-0.87320381 -8.01108143  1.28391721],waiting,[-0.82138112 -0.19970136 -0.21083176]
1195.3865096569061,1001,False,4,3,[ 8.12071606 -7.48142914  1.29551206],queued,[-0.48080528  0.59740651 -0.20557775]
1195.3865096569061,1002,False,5,2,[4.85268374 4.87325419 3.99997021],cruising,[ 0.5677905  -0.59831228 -0.99408226]
1195.3865096569061,1003,False,6,5,[8.28508797 4.62221766 3.57651538],entering,[ 0.63925976  0.24903542 -0.34837281]
1195.3865096569061,1004,False,2,1,[-1.84401404  7.2323434   4.00013989],cruising,[-0.62185191  0.08809385  0.93462812]
1195.3865096569061,1005,False,1,0,[-0.11258977 -3.09425137  4.00000458],cruising,[ 0.50568378 -0.03156594 -0.11489306]
1195.4919710159302,1000,False,3,6,[-0.87320381 -8.01108143  1.28391721],queued,[-0.82138112 -0.19970136 -0.21083176]
1195.4919710159302,1001,False,4,3,[ 8.12071606 -7.48142914  1.33551206],queued,[-0.48080528  0.59740651 -0.20557775]
1195.4919710159302,1002,False,5,2,[5.05210363 4.85803233 3.99997468],cruising,[ 0.5677905  -0.59831228 -0.99408226]
1195.4919710159302,1003,False,6,5,[8.29447398 4.42243802 3.64003807],entering,[ 0.63925976  0.24903542 -0.34837281]
1195.4919710159302,1004,False,2,1,[-1.64883803  7.18868193  4.00011891],cruising,[-0.62185191  0.08809385  0.93462812]
1195.4919710159302,1005,False,1,0,[-0.29999025 -3.16411595  4.00000389],cruising,[ 0.50568378 -0.03156594 -0.11489306]
1195.5946984291077,1000,False,3,6,[-0.87320381 -8.01108143  1.30391721],queued,[-0.82138112 -0.19970136 -0.21083176]
1195.5946984291077,1001,False,4,3,[ 8.12071606 -7.48142914  1.39551206],queued,[-0.48080528  0.59740651 -0.20557775]
1195.5946984291077,1002,False,5,2,[5.25133885 4.84055865 3.99997848],cruising,[ 0.5677905  -0.59831228 -0.99408226]
1195.5946984291077,1003,False,6,5,[8.30676222 4.22281588 3.69403236],entering,[ 0.63925976  0.24903542 -0.34837281]
1195.5946984291077,1004,False,2,1,[-1.45791211  7.12912277  4.00010107],cruising,[-0.62185191  0.08809385  0.93462812]
1195.5946984291077,1005,False,1,0,[-0.48281758 -3.24519718  4.00000331],cruising,[ 0.50568378 -0.03156594 -0.11489306]
1195.6901137828827,1000,False,3,6,[-0.87320381 -8.01108143  1.34391721],queued,[-0.82138112 -0.19970136 -0.21083176]
1195.6901137828827,1001,False,4,3,[ 8.12071606 -7.48142914  1.47051206],queued,[-0.48080528  0.59740651 -0.20557775]
1195.6901137828827,1002,False,5,2,[5.45044059 4.82162468 3.9999817 ],cruising,[ 0.5677905  -0.59831228 -0.99408226]
1195.6901137828827,1003,False,6,5,[8.31649    4.02305259 3.73992751],entering,[ 0.63925976  0.24903542 -0.34837281]
1195.6901137828827,1004,False,2,1,[-1.27154148  7.05655563  4.00008591],cruising,[-0.62185191  0.08809385  0.93462812]
1195.6901137828827,1005,False,1,0,[-0.66225232 -3.33353276  4.00000281],cruising,[ 0.50568378 -0.03156594 -0.11489306]
1195.8012709617615,1000,False,3,6,[-0.87320381 -8.01108143  1.40391721],queued,[-0.82138112 -0.19970136 -0.21083176]
1195.8012709617615,1001,False,4,3,[ 8.12071606 -7.48142914  1.54551206],queued,[-0.48080528  0.59740651 -0.20557775]
1195.8012709617615,1002,False,5,2,[5.6491763  4.79917213 3.99998445],cruising,[ 0.5677905  -0.59831228 -0.99408226]
1195.8012709617615,1003,False,6,5,[8.33142955 3.82361135 3.77893838],cruising,[ 0.63925976  0.24903542 -0.34837281]
1195.8012709617615,1004,False,2,1,[-1.08954719  6.97362145  4.00007302],cruising,[-0.62185191  0.08809385  0.93462812]
1195.8012709617615,1005,False,1,0,[-0.84012195 -3.4249789   4.00000239],cruising,[ 0.50568378 -0.03156594 -0.11489306]
1195.8881015777588,1000,False,3,6,[-0.87320381 -8.01108143  1.47891721],queued,[-0.82138112 -0.19970136 -0.21083176]
1195.8881015777588,1001,False,4,3,[ 8.12071606 -7.48142914  1.62051206],queued,[-0.48080528  0.59740651 -0.20557775]
1195.8881015777588,1002,False,5,2,[5.84738905 4.77249433 3.99998678],cruising,[ 0.5677905  -0.59831228 -0.99408226]
1195.8881015777588,1003,False,6,5,[8.34054069 3.62381899 3.81209762],cruising,[ 0.63925976  0.24903542 -0.34837281]
1195.8881015777588,1004,False,2,1,[-0.91144135  6.88263623  4.00006207],cruising,[-0.62185191  0.08809385  0.93462812]
1195.8881015777588,1005,False,1,0,[-1.01879771 -3.51483974  4.00000203],cruising,[ 0.50568378 -0.03156594 -0.11489306]
1195.9873650074005,1000,False,3,6,[-0.87320381 -8.01108143  1.55391721],queued,[-0.82138112 -0.19970136 -0.21083176]
1195.9873650074005,1001,False,4,3,[ 8.12071606 -7.48142914  1.69551206],queued,[-0.48080528  0.59740651 -0.20557775]
1195.9873650074005,1002,False,5,2,[6.04486568 4.74082444 3.99998876],cruising,[ 0.5677905  -0.59831228 -0.99408226]
1195.9873650074005,1003,False,6,5,[8.34799613 3.423958   3.84028298],cruising,[ 0.63925976  0.24903542 -0.34837281]
1195.9873650074005,1004,False,2,1,[-0.73544308  6.78763829  4.00005276],cruising,[-0.62185191  0.08809385  0.93462812]
1195.9873650074005,1005,False,1,0,[-1.2021418  -3.59474561  4.00000173],cruising,[ 0.50568378 -0.03156594 -0.11489306]
1196.0868680477142,1000,False,3,6,[-0.87320381 -8.01108143  1.62891721],queued,[-0.82138112 -0.19970136 -0.21083176]
1196.0868680477142,1001,False,4,3,[ 8.12071606 -7.48142914  1.77051206],queued,[-0.48080528  0.59740651 -0.20557775]
1196.0868680477142,1002,False,5,2,[6.24131717 4.70331692 3.99999045],cruising,[ 0.5677905  -0.59831228 -0.99408226]
1196.0868680477142,1003,False,6,5,[8.36152195 3.22441589 3.86424053],cruising,[ 0.63925976  0.24903542 -0.34837281]
1196.0868680477142,1004,False,2,1,[-0.56245122  6.68726989  4.00004485],cruising,[-0.62185191  0.08809385  0.93462812]
1196.0868680477142,1005,False,1,0,[-1.39238614 -3.65587952  4.00000146],cruising,[ 0.50568378 -0.03156594 -0.11489306]
1196.1876831054688,1000,False,3,6,[-0.87320381 -8.01108143  1.70391721],queued,[-0.82138112 -0.19970136 -0.21083176]
1196.1876831054688,1001,False,4,3,[ 8.12071606 -7.48142914  1.84551206],queued,[-0.48080528  0.59740651 -0.20557775]
1196.1876831054688,1002,False,5,2,[6.43635231 4.65903045 3.99999188],cruising,[ 0.5677905  -0.59831228 -0.99408226]
1196.1876831054688,1003,False,6,5,[8.37365231 3.02478409 3.88460445],cruising,[ 0.63925976  0.24903542 -0.34837281]
1196.1876831054688,1004,False,2,1,[-0.39164748  6.58322142  4.00003812],cruising,[-0.62185191  0.08809385  0.93462812]
1196.1876831054688,1005,False,1,0,[-1.58638501 -3.69736901  4.00000121],cruising,[ 0.50568378 -0.03156594 -0.11489306]
1196.2871775627136,1000,False,3,6,[-0.87320381 -8.01108143  1.77891721],queued,[-0.82138112 -0.19970136 -0.21083176]
1196.2871775627136,1001,False,4,3,[ 8.12071606 -7.48142914  1.92051206],queued,[-0.48080528  0.59740651 -0.20557775]
1196.2871775627136,1002,False,5,2,[6.62944277 4.60691447 3.9999931 ],cruising,[ 0.5677905  -0.59831228 -0.99408226]
1196.2871775627136,1003,False,6,5,[8.38516073 2.82511548 3.90191378],cruising,[ 0.63925976  0.24903542 -0.34837281]
1196.2871775627136,1004,False,2,1,[-0.22174011  6.47771557  4.0000324 ],cruising,[-0.62185191  0.08809385  0.93462812]
1196.2871775627136,1005,False,1,0,[-1.781032   -3.718869    4.00000098],cruising,[ 0.50568378 -0.03156594 -0.11489306]
1196.3972437381744,1000,False,3,6,[-0.87320381 -8.01108143  1.85391721],entering,[-0.82138112 -0.19970136 -0.21083176]
1196.3972437381744,1001,False,4,3,[ 8.12071606 -7.48142914  1.99551206],queued,[-0.48080528  0.59740651 -0.20557775]
1196.3972437381744,1002,False,5,2,[6.8198776  4.54580328 3.99999413],cruising,[ 0.5677905  -0.59831228 -0.99408226]
1196.3972437381744,1003,False,6,5,[8.4001742  2.62567978 3.91662672],cruising,[ 0.63925976  0.24903542 -0.34837281]
1196.3972437381744,1004,False,2,1,[-0.05287818  6.37054445  4.00002754],cruising,[-0.62185191  0.08809385  0.93462812]
1196.3972437381744,1005,False,1,0,[-1.9733328  -3.72050708  4.00000076],cruising,[ 0.50568378 -0.03156594 -0.11489306]
1196.4870870113373,1000,False,3,6,[-0.87969525 -7.99216421  1.92891721],entering,[-0.82138112 -0.19970136 -0.21083176]
1196.4870870113373,1001,False,4,3,[ 8.12071606 -7.48142914  2.07051206],queued,[-0.48080528  0.59740651 -0.20557775]
1196.4870870113373,1002,False,5,2,[7.00670646 4.47442419 3.99999501],cruising,[ 0.5677905  -0.59831228 -0.99408226]
1196.4870870113373,1003,False,6,5,[8.41343039 2.42611958 3.92913271],cruising,[ 0.63925976  0.24903542 -0.34837281]
1196.4870870113373,1004,False,2,1,[0.11580799 6.2630969  4.00002341],cruising,[-0.62185191  0.08809385  0.93462812]
1196.4870870113373,1005,False,1,0,[-2.1603961  -3.70284313  4.00000056],cruising,[ 0.50568378 -0.03156594 -0.11489306]
1196.5872254371643,1000,False,3,6,[-0.89267814 -7.95432977  2.00391721],entering,[-0.82138112 -0.19970136 -0.21083176]
1196.5872254371643,1001,False,4,3,[ 8.12071606 -7.48142914  2.14551206],queued,[-0.48080528  0.59740651 -0.20557775]
1196.5872254371643,1002,False,5,2,[7.18867333 4.39142986 3.99999576],cruising,[ 0.5677905  -0.59831228 -0.99408226]
1196.5872254371643,1003,False,6,5,[8.42839857 2.22668049 3.9397628 ],cruising,[ 0.63925976  0.24903542 -0.34837281]
1196.5872254371643,1004,False,2,1,[0.28458085 6.15578558 4.0000199 ],cruising,[-0.62185191  0.08809385  0.93462812]
1196.5872254371643,1005,False,1,0,[-2.33989764 -3.66666378  4.00000037],cruising,[ 0.50568378 -0.03156594 -0.11489306]
1196.6870429515839,1000,False,3,6,[-0.91215248 -7.89757812  2.07891721],entering,[-0.82138112 -0.19970136 -0.21083176]
1196.6870429515839,1001,False,4,3,[ 8.12071606 -7.48142914  2.22051206],queued,[-0.48080528  0.59740651 -0.20557775]
1196.6870429515839,1002,False,5,2,[7.36414803 4.29546826 3.9999964 ],cruising,[ 0.5677905  -0.59831228 -0.99408226]
1196.6870429515839,1003,False,6,5,[8.44087438 2.02706998 3.94879838],cruising,[ 0.63925976  0.24903542 -0.34837281]
1196.6870429515839,1004,False,2,1,[0.4538581  6.04927166 4.00001691],cruising,[-0.62185191  0.08809385  0.93462812]
1196.6870429515839,1005,False,1,0,[-2.50964501 -3.6130243   4.00000019],cruising,[ 0.50568378 -0.03156594 -0.11489306]
1196.7868864536285,1000,False,3,6,[-0.93811826 -7.82190925  2.15391721],entering,[-0.82138112 -0.19970136 -0.21083176]
1196.7868864536285,1001,False,4,3,[ 8.12071606 -7.48142914  2.29551206],queued,[-0.48080528  0.59740651 -0.20557775]
1196.7868864536285,1002,False,5,2,[7.5289502  4.18259225 3.99999696],cruising,[ 0.5677905  -0.59831228 -0.99408226]
1196.7868864536285,1003,False,6,5,[8.45388232 1.82749345 3.95647863],cruising,[ 0.63925976  0.24903542 -0.34837281]
1196.7868864536285,1004,False,2,1,[0.62390151 5.9439852  4.00001438],cruising,[-0.62185191  0.08809385  0.93462812]
1196.7868864536285,1005,False,1,0,[-2.66764159 -3.54320092  4.00000003],cruising,[ 0.50568378 -0.03156594 -0.11489306]
1196.88685297966,1000,False,3,6,[-0.97057549 -7.72732316  2.22891721],entering,[-0.82138112 -0.19970136 -0.21083176]
1196.88685297966,1001,False,4,3,[ 8.12071606 -7.48142914  2.37051206],queued,[-0.48080528  0.59740651 -0.20557775]
1196.88685297966,1002,False,5,2,[7.68164192 4.05379968 3.99999743],cruising,[ 0.5677905  -0.59831228 -0.99408226]
1196.88685297966,1003,False,6,5,[8.46402953 1.62775103 3.96300683],cruising,[ 0.63925976  0.24903542 -0.34837281]
1196.88685297966,1004,False,2,1,[0.79547542 5.84121171 4.00001222],cruising,[-0.62185191  0.08809385  0.93462812]
1196.88685297966,1005,False,1,0,[-2.8122069  -3.45855859  3.99999989],cruising,[ 0.50568378 -0.03156594 -0.11489306]
1196.9905326366425,1000,False,3,6,[-1.00952416 -7.61381985  2.30391721],entering,[-0.82138112 -0.19970136 -0.21083176]
1196.9905326366425,1001,False,4,3,[ 8.12071606 -7.48142914  2.44551206],entering,[-0.48080528  0.59740651 -0.20557775]
1196.9905326366425,1002,False,5,2,[7.82065269 3.91041837 3.99999783],cruising,[ 0.5677905  -0.59831228 -0.99408226]
1196.9905326366425,1003,False,6,5,[8.47396705 1.42799806 3.96855581],cruising,[ 0.63925976  0.24903542 -0.34837281]
1196.9905326366425,1004,False,2,1,[0.96839285 5.74071512 4.00001039],cruising,[-0.62185191  0.08809385  0.93462812]
1196.9905326366425,1005,False,1,0,[-2.94188435 -3.36056143  3.99999976],cruising,[ 0.50568378 -0.03156594 -0.11489306]
1197.0987420082092,1000,False,3,6,[-1.05496428 -7.48139932  2.37891721],entering,[-0.82138112 -0.19970136 -0.21083176]
1197.0987420082092,1001,False,4,3,[ 8.10922382 -7.46506061  2.52051206],entering,[-0.48080528  0.59740651 -0.20557775]
1197.0987420082092,1002,False,5,2,[7.9445128  3.75398111 3.99999818],cruising,[ 0.5677905  -0.59831228 -0.99408226]
1197.0987420082092,1003,False,6,5,[8.4831811  1.22821042 3.97327244],cruising,[ 0.63925976  0.24903542 -0.34837281]
1197.0987420082092,1004,False,2,1,[1.14367049 5.64439405 4.00000883],cruising,[-0.62185191  0.08809385  0.93462812]
1197.0987420082092,1005,False,1,0,[-3.05536988 -3.25082451  3.99999964],cruising,[ 0.50568378 -0.03156594 -0.11489306]
1197.1908106803894,1000,False,3,6,[-1.10689585 -7.33006158  2.45391721],entering,[-0.82138112 -0.19970136 -0.21083176]
1197.1908106803894,1001,False,4,3,[ 8.08623936 -7.43232357  2.59551206],entering,[-0.48080528  0.59740651 -0.20557775]
1197.1908106803894,1002,False,5,2,[8.05156763 3.5867003  3.99999849],cruising,[ 0.5677905  -0.59831228 -0.99408226]
1197.1908106803894,1003,False,6,5,[8.48895676 1.02829384 3.97728157],cruising,[ 0.63925976  0.24903542 -0.34837281]
1197.1908106803894,1004,False,2,1,[1.32074224 5.55141236 4.0000075 ],cruising,[-0.62185191  0.08809385  0.93462812]
1197.1908106803894,1005,False,1,0,[-3.15156169 -3.13104135  3.99999955],cruising,[ 0.50568378 -0.03156594 -0.11489306]
1197.291386604309,1000,False,3,6,[-1.16531886 -7.15980662  2.52891721],entering,[-0.82138112 -0.19970136 -0.21083176]
1197.291386604309,1001,False,4,3,[ 8.05176266 -7.383218    2.67051206],entering,[-0.48080528  0.59740651 -0.20557775]
1197.291386604309,1002,False,5,2,[8.14098794 3.40998425 3.99999877],cruising,[ 0.5677905  -0.59831228 -0.99408226]
1197.291386604309,1003,False,6,5,[8.49377174 0.82835181 3.98068933],cruising,[ 0.63925976  0.24903542 -0.34837281]
1197.291386604309,1004,False,2,1,[1.49982379 5.46236294 4.00000638],cruising,[-0.62185191  0.08809385  0.93462812]
1197.291386604309,1005,False,1,0,[-3.22983816 -3.0023677   3.99999948],cruising,[ 0.50568378 -0.03156594 -0.11489306]
1197.3897759914398,1000,False,3,6,[-1.23148689 -6.97111217  2.60391721],entering,[-0.82138112 -0.19970136 -0.21083176]
1197.3897759914398,1001,False,4,3,[ 8.00579372 -7.3177439   2.74551206],entering,[-0.48080528  0.59740651 -0.20557775]
1197.3897759914398,1002,False,5,2,[8.21211497 3.22518391 3.99999899],cruising,[ 0.5677905  -0.59831228 -0.99408226]
1197.3897759914398,1003,False,6,5,[8.49731614 0.62838322 3.98358593],cruising,[ 0.63925976  0.24903542 -0.34837281]
1197.3897759914398,1004,False,2,1,[1.68213151 5.38012003 4.00000542],cruising,[-0.62185191  0.08809385  0.93462812]
1197.3897759914398,1005,False,1,0,[-3.28983215 -2.86558535  3.99999942],cruising,[ 0.50568378 -0.03156594 -0.11489306]
1197.4874062538147,1000,False,3,6,[-1.29767077 -6.78238037  2.67891721],entering,[-0.82138112 -0.19970136 -0.21083176]
1197.4874062538147,1001,False,4,3,[ 7.94833255 -7.23590128  2.82051206],entering,[-0.48080528  0.59740651 -0.20557775]
1197.4874062538147,1002,False,5,2,[8.26443711 3.03357359 3.99999918],cruising,[ 0.5677905  -0.59831228 -0.99408226]
1197.4874062538147,1003,False,6,5,[8.49725924 0.42838322 3.98604804],cruising,[ 0.63925976  0.24903542 -0.34837281]
1197.4874062538147,1004,False,2,1,[1.8666328  5.3029237  4.00000461],cruising,[-0.62185191  0.08809385  0.93462812]
1197.4874062538147,1005,False,1,0,[-3.33136916 -2.72109977  3.99999939],cruising,[ 0.50568378 -0.03156594 -0.11489306]
1197.5870125293732,1000,False,3,6,[-1.36385465 -6.59364857  2.75391721],entering,[-0.82138112 -0.19970136 -0.21083176]
1197.5870125293732,1001,False,4,3,[ 7.87937915 -7.13769014  2.89551206],entering,[-0.48080528  0.59740651 -0.20557775]
1197.5870125293732,1002,False,5,2,[8.3014441 2.8370272 3.9999993],cruising,[ 0.5677905  -0.59831228 -0.99408226]
1197.5870125293732,1003,False,6,5,[8.49588932 0.22838792 3.98814084],cruising,[ 0.63925976  0.24903542 -0.34837281]
1197.5870125293732,1004,False,2,1,[2.05343524 5.23147547 4.00000392],cruising,[-0.62185191  0.08809385  0.93462812]
1197.5870125293732,1005,False,1,0,[-3.35437602 -2.56908866  3.99999938],cruising,[ 0.50568378 -0.03156594 -0.11489306]
1197.6869649887085,1000,False,3,6,[-1.43081661 -6.40519142  2.82891721],entering,[-0.82138112 -0.19970136 -0.21083176]
1197.6869649887085,1001,False,4,3,[ 7.79901555 -7.02305319  2.97051206],entering,[-0.48080528  0.59740651 -0.20557775]
1197.6869649887085,1002,False,5,2,[8.33257345 2.63946464 3.9999994 ],cruising,[ 0.5677905  -0.59831228 -0.99408226]
1197.6869649887085,1003,False,6,5,[8.49298417 0.02840902 3.98991971],cruising,[ 0.63925976  0.24903542 -0.34837281]
1197.6869649887085,1004,False,2,1,[2.24257922 5.16647891 4.00000333],cruising,[-0.62185191  0.08809385  0.93462812]
1197.6869649887085,1005,False,1,0,[-3.35885628 -2.40954332  3.99999939],cruising,[ 0.50568378 -0.03156594 -0.11489306]
1197.7873673439026,1000,False,3,6,[-1.49831555 -6.21692593  2.90391721],entering,[-0.82138112 -0.19970136 -0.21083176]
1197.7873673439026,1001,False,4,3,[ 7.7064389  -6.89257826  3.04551206],entering,[-0.48080528  0.59740651 -0.20557775]
1197.7873673439026,1002,False,5,2,[8.35895371 2.44121207 3.99999949],cruising,[ 0.5677905  -0.59831228 -0.99408226]
1197.7873673439026,1003,False,6,5,[ 8.48836769 -0.1715377   3.99143176],cruising,[ 0.63925976  0.24903542 -0.34837281]
1197.7873673439026,1004,False,2,1,[2.43631918 5.11683187 4.00000283],cruising,[-0.62185191  0.08809385  0.93462812]
1197.7873673439026,1005,False,1,0,[-3.34513406 -2.24171123  3.99999942],cruising,[ 0.50568378 -0.03156594 -0.11489306]
1197.8973116874695,1000,False,3,6,[-1.5658145  -6.02866045  2.97891721],entering,[-0.82138112 -0.19970136 -0.21083176]
1197.8973116874695,1001,False,4,3,[ 7.60095787 -6.74682337  3.12051206],entering,[-0.48080528  0.59740651 -0.20557775]
1197.8973116874695,1002,False,5,2,[8.38446128 2.24284533 3.99999957],cruising,[ 0.5677905  -0.59831228 -0.99408226]
1197.8973116874695,1003,False,6,5,[ 8.47984909 -0.3713562   3.99271699],cruising,[ 0.63925976  0.24903542 -0.34837281]
1197.8973116874695,1004,False,2,1,[2.63205409 5.07574848 4.00000241],cruising,[-0.62185191  0.08809385  0.93462812]
1197.8973116874695,1005,False,1,0,[-3.31425275 -2.06360463  3.99999948],cruising,[ 0.50568378 -0.03156594 -0.11489306]
1197.990942955017,1000,False,3,6,[-1.63458959 -5.8408574   3.05391721],entering,[-0.82138112 -0.19970136 -0.21083176]
1197.990942955017,1001,False,4,3,[ 7.48249108 -6.58585764  3.19551206],entering,[-0.48080528  0.59740651 -0.20557775]
1197.990942955017,1002,False,5,2,[8.40547162 2.04395198 3.99999963],cruising,[ 0.5677905  -0.59831228 -0.99408226]
1197.990942955017,1003,False,6,5,[ 8.46969509 -0.57109827  3.99380944],cruising,[ 0.63925976  0.24903542 -0.34837281]
1197.990942955017,1004,False,2,1,[2.82916625 5.04188412 4.00000204],cruising,[-0.62185191  0.08809385  0.93462812]
1197.990942955017,1005,False,1,0,[-3.27175348 -1.86921851  3.99999955],cruising,[ 0.50568378 -0.03156594 -0.11489306]
1198.0868921279907,1000,False,3,6,[-1.70336468 -5.65305434  3.12891721],entering,[-0.82138112 -0.19970136 -0.21083176]
1198.0868921279907,1001,False,4,3,[ 7.36351816 -6.42509245  3.27051206],entering,[-0.48080528  0.59740651 -0.20557775]
1198.0868921279907,1002,False,5,2,[8.42531303 1.84493862 3.99999969],cruising,[ 0.5677905  -0.59831228 -0.99408226]
1198.0868921279907,1003,False,6,5,[ 8.45772559 -0.77073978  3.99473803],cruising,[ 0.63925976  0.24903542 -0.34837281]
1198.0868921279907,1004,False,2,1,[3.02721032 5.01398168 4.00000174],cruising,[-0.62185191  0.08809385  0.93462812]
1198.0868921279907,1005,False,1,0,[-3.24491463 -1.6710275   3.99999962],cruising,[ 0.50568378 -0.03156594 -0.11489306]
1198.1870522499084,1000,False,3,6,[-1.773281   -5.46567316  3.20391721],entering,[-0.82138112 -0.19970136 -0.21083176]
1198.1870522499084,1001,False,4,3,[ 7.24093978 -6.2670591   3.34551206],entering,[-0.48080528  0.59740651 -0.20557775]
1198.1870522499084,1002,False,5,2,[8.44360465 1.64577683 3.99999974],cruising,[ 0.5677905  -0.59831228 -0.99408226]
1198.1870522499084,1003,False,6,5,[ 8.44378614 -0.97025342  3.99552732],cruising,[ 0.63925976  0.24903542 -0.34837281]
1198.1870522499084,1004,False,2,1,[3.22587334 4.99089475 4.00000148],cruising,[-0.62185191  0.08809385  0.93462812]
1198.1870522499084,1005,False,1,0,[-3.23450867 -1.47129839  3.99999968],cruising,[ 0.50568378 -0.03156594 -0.11489306]
1198.2871520519257,1000,False,3,6,[-1.84273308 -5.27811941  3.27891721],entering,[-0.82138112 -0.19970136 -0.21083176]
1198.2871520519257,1001,False,4,3,[ 7.11932539 -6.10828272  3.42051206],entering,[-0.48080528  0.59740651 -0.20557775]
1198.2871520519257,1002,False,5,2,[8.45742828 1.44625514 3.99999978],cruising,[ 0.5677905  -0.59831228 -0.99408226]
1198.2871520519257,1003,False,6,5,[ 8.42556248 -1.16942143  3.99619822],cruising,[ 0.63925976  0.24903542 -0.34837281]
1198.2871520519257,1004,False,2,1,[3.42493972 4.9715925  4.00000126],cruising,[-0.62185191  0.08809385  0.93462812]
1198.2871520519257,1005,False,1,0,[-3.23995607 -1.27137259  3.99999973],cruising,[ 0.50568378 -0.03156594 -0.11489306]
1198.3867812156677,1000,False,3,6,[-1.91365348 -5.09111594  3.35391721],entering,[-0.82138112 -0.19970136 -0.21083176]
1198.3867812156677,1001,False,4,3,[ 6.99226996 -5.95382587  3.49551206],entering,[-0.48080528  0.59740651 -0.20557775]
1198.3867812156677,1002,False,5,2,[8.46976675 1.24663609 3.99999981],cruising,[ 0.5677905  -0.59831228 -0.99408226]
1198.3867812156677,1003,False,6,5,[ 8.40541978 -1.36840453  3.99676849],cruising,[ 0.63925976  0.24903542 -0.34837281]
1198.3867812156677,1004,False,2,1,[3.62426298 4.95515365 4.00000107],cruising,[-0.62185191  0.08809385  0.93462812]
1198.3867812156677,1005,False,1,0,[-3.25923578 -1.07230403  3.99999977],cruising,[ 0.50568378 -0.03156594 -0.11489306]
1198.4877269268036,1000,False,3,6,[-1.98519322 -4.90434853  3.42891721],entering,[-0.82138112 -0.19970136 -0.21083176]
1198.4877269268036,1001,False,4,3,[ 6.86401914 -5.80036015  3.57051206],entering,[-0.48080528  0.59740651 -0.20557775]
1198.4877269268036,1002,False,5,2,[8.47810822 1.04681012 3.99999984],cruising,[ 0.5677905  -0.59831228 -0.99408226]
1198.4877269268036,1003,False,6,5,[ 8.38315504 -1.56716137  3.99725322],cruising,[ 0.63925976  0.24903542 -0.34837281]
1198.4877269268036,1004,False,2,1,[3.82374396 4.94075438 4.00000091],cruising,[-0.62185191  0.08809385  0.93462812]
1198.4877269268036,1005,False,1,0,[-3.29208181 -0.87501962  3.9999998 ],cruising,[ 0.50568378 -0.03156594 -0.11489306]
1198.58975481987,1000,False,3,6,[-2.0569954  -4.71768186  3.50391721],entering,[-0.82138112 -0.19970136 -0.21083176]
1198.58975481987,1001,False,4,3,[ 6.73413594 -5.64827348  3.63493525],entering,[-0.48080528  0.59740651 -0.20557775]
1198.58975481987,1002,False,5,2,[8.48499599 0.84692876 3.99999986],cruising,[ 0.5677905  -0.59831228 -0.99408226]
1198.58975481987,1003,False,6,5,[ 8.35621834 -1.7653391   3.99766523],cruising,[ 0.63925976  0.24903542 -0.34837281]
1198.58975481987,1004,False,2,1,[4.02331441 4.92765335 4.00000077],cruising,[-0.62185191  0.08809385  0.93462812]
1198.58975481987,1005,False,1,0,[-3.33738252 -0.68021755  3.99999983],cruising,[ 0.50568378 -0.03156594 -0.11489306]
1198.6987512111664,1000,False,3,6,[-2.12868948 -4.53097364  3.57832963],entering,[-0.82138112 -0.19970136 -0.21083176]
1198.6987512111664,1001,False,4,3,[ 6.59734294 -5.50237052  3.68969496],entering,[-0.48080528  0.59740651 -0.20557775]
1198.6987512111664,1002,False,5,2,[8.49022167 0.64699704 3.99999988],cruising,[ 0.5677905  -0.59831228 -0.99408226]
1198.6987512111664,1003,False,6,5,[ 8.32708509 -1.96320586  3.99801545],cruising,[ 0.63925976  0.24903542 -0.34837281]
1198.6987512111664,1004,False,2,1,[4.22289973 4.91478086 4.00000066],cruising,[-0.62185191  0.08809385  0.93462812]
1198.6987512111664,1005,False,1,0,[-3.39416188 -0.48844658  3.99999986],cruising,[ 0.50568378 -0.03156594 -0.11489306]
1198.7894356250763,1000,False,3,6,[-2.19874196 -4.34364332  3.64158018],entering,[-0.82138112 -0.19970136 -0.21083176]
1198.7894356250763,1001,False,4,3,[ 6.45581271 -5.36105812  3.73624072],entering,[-0.48080528  0.59740651 -0.20557775]
1198.7894356250763,1002,False,5,2,[8.49362961 0.44702608 3.9999999 ],cruising,[ 0.5677905  -0.59831228 -0.99408226]
1198.7894356250763,1003,False,6,5,[ 8.29548998 -2.16069446  3.99831313],cruising,[ 0.63925976  0.24903542 -0.34837281]
1198.7894356250763,1004,False,2,1,[4.42251088 4.90231541 4.00000056],cruising,[-0.62185191  0.08809385  0.93462812]
1198.7894356250763,1005,False,1,0,[-3.45976743 -0.29951296  3.99999988],cruising,[ 0.50568378 -0.03156594 -0.11489306]
1198.8888807296753,1000,False,3,6,[-2.2634251  -4.15439192  3.69534316],entering,[-0.82138112 -0.19970136 -0.21083176]
1198.8888807296753,1001,False,4,3,[ 6.31189626 -5.22217667  3.77580461],entering,[-0.48080528  0.59740651 -0.20557775]
1198.8888807296753,1002,False,5,2,[8.49298394 0.24702712 3.99999992],cruising,[ 0.5677905  -0.59831228 -0.99408226]
1198.8888807296753,1003,False,6,5,[ 8.25840979 -2.35722705  3.99856616],cruising,[ 0.63925976  0.24903542 -0.34837281]
1198.8888807296753,1004,False,2,1,[4.6221038  4.8895613  4.00000047],cruising,[-0.62185191  0.08809385  0.93462812]
1198.8888807296753,1005,False,1,0,[-3.5356498  -0.11446738  3.9999999 ],cruising,[ 0.50568378 -0.03156594 -0.11489306]
1198.9910101890564,1000,False,3,6,[-2.32595369 -3.96441777  3.74104168],entering,[-0.82138112 -0.19970136 -0.21083176]
1198.9910101890564,1001,False,4,3,[ 6.16108073 -5.09081962  3.80943392],entering,[-0.48080528  0.59740651 -0.20557775]
1198.9910101890564,1002,False,5,2,[8.49069059 0.04704027 3.99999993],cruising,[ 0.5677905  -0.59831228 -0.99408226]
1198.9910101890564,1003,False,6,5,[ 8.21864127 -2.55323334  3.99878124],cruising,[ 0.63925976  0.24903542 -0.34837281]
1198.9910101890564,1004,False,2,1,[4.82163455 4.87586906 4.0000004 ],cruising,[-0.62185191  0.08809385  0.93462812]
1198.9910101890564,1005,False,1,0,[-3.62213807  0.06586503  3.99999991],cruising,[ 0.50568378 -0.03156594 -0.11489306]
1199.0933170318604,1000,False,3,6,[-2.38763511 -3.77416688  3.77988543],entering,[-0.82138112 -0.19970136 -0.21083176]
1199.0933170318604,1001,False,4,3,[ 6.00325333 -4.96797617  3.83801883],cruising,[-0.48080528  0.59740651 -0.20557775]
1199.0933170318604,1002,False,5,2,[ 8.48659665 -0.15291783  3.99999994],cruising,[ 0.5677905  -0.59831228 -0.99408226]
1199.0933170318604,1003,False,6,5,[ 8.1726877  -2.74788243  3.99896405],cruising,[ 0.63925976  0.24903542 -0.34837281]
1199.0933170318604,1004,False,2,1,[5.02105197 4.86061475 4.00000034],cruising,[-0.62185191  0.08809385  0.93462812]
1199.0933170318604,1005,False,1,0,[-3.71625102  0.24233812  3.99999993],cruising,[ 0.50568378 -0.03156594 -0.11489306]
1199.188949584961,1000,False,3,6,[-2.448799   -3.58374898  3.81290262],cruising,[-0.82138112 -0.19970136 -0.21083176]
1199.188949584961,1001,False,4,3,[ 5.84169585 -4.85008139  3.86231601],cruising,[-0.48080528  0.59740651 -0.20557775]
1199.188949584961,1002,False,5,2,[ 8.47856859 -0.35275664  3.99999995],cruising,[ 0.5677905  -0.59831228 -0.99408226]
1199.188949584961,1003,False,6,5,[ 8.12358088 -2.94176003  3.99911944],cruising,[ 0.63925976  0.24903542 -0.34837281]
1199.188949584961,1004,False,2,1,[5.22038094 4.84424518 4.00000029],cruising,[-0.62185191  0.08809385  0.93462812]
1199.188949584961,1005,False,1,0,[-3.81639428  0.41546041  3.99999994],cruising,[ 0.50568378 -0.03156594 -0.11489306]
1199.2995109558105,1000,False,3,6,[-2.50407709 -3.39153989  3.84096722],cruising,[-0.82138112 -0.19970136 -0.21083176]
1199.2995109558105,1001,False,4,3,[ 5.67376983 -4.74144966  3.88296861],cruising,[-0.48080528  0.59740651 -0.20557775]
1199.2995109558105,1002,False,5,2,[ 8.46884101 -0.55251993  3.99999996],cruising,[ 0.5677905  -0.59831228 -0.99408226]
1199.2995109558105,1003,False,6,5,[ 8.06708853 -3.13361574  3.99925153],cruising,[ 0.63925976  0.24903542 -0.34837281]
1199.2995109558105,1004,False,2,1,[5.41946824 4.82515999 4.00000025],cruising,[-0.62185191  0.08809385  0.93462812]
1199.2995109558105,1005,False,1,0,[-3.92125913  0.58576415  3.99999995],cruising,[ 0.50568378 -0.03156594 -0.11489306]
1199.393729686737,1000,False,3,6,[-2.5496533  -3.19680209  3.86482214],cruising,[-0.82138112 -0.19970136 -0.21083176]
1199.393729686737,1001,False,4,3,[ 5.50259338 -4.63801551  3.90052332],cruising,[-0.48080528  0.59740651 -0.20557775]
1199.393729686737,1002,False,5,2,[ 8.45724742 -0.75218362  3.99999996],cruising,[ 0.5677905  -0.59831228 -0.99408226]
1199.393729686737,1003,False,6,5,[ 8.00669773 -3.32428024  3.9993638 ],cruising,[ 0.63925976  0.24903542 -0.34837281]
1199.393729686737,1004,False,2,1,[5.61820175 4.8026879  4.00000021],cruising,[-0.62185191  0.08809385  0.93462812]
1199.393729686737,1005,False,1,0,[-4.03082518  0.75308205  3.99999995],cruising,[ 0.50568378 -0.03156594 -0.11489306]
1199.4911632537842,1000,False,3,6,[-2.59369696 -3.00171197  3.88509882],cruising,[-0.82138112 -0.19970136 -0.21083176]
1199.4911632537842,1001,False,4,3,[ 5.326959   -4.54234648  3.91544482],cruising,[-0.48080528  0.59740651 -0.20557775]
1199.4911632537842,1002,False,5,2,[ 8.44364427 -0.95172047  3.99999997],cruising,[ 0.5677905  -0.59831228 -0.99408226]
1199.4911632537842,1003,False,6,5,[ 7.93702343 -3.51175155  3.99945923],cruising,[ 0.63925976  0.24903542 -0.34837281]
1199.4911632537842,1004,False,2,1,[5.81642915 4.7761192  4.00000018],cruising,[-0.62185191  0.08809385  0.93462812]
1199.4911632537842,1005,False,1,0,[-4.14271293  0.91885639  3.99999996],cruising,[ 0.50568378 -0.03156594 -0.11489306]
1199.5886929035187,1000,False,3,6,[-2.63696463 -2.80644828  3.902334  ],cruising,[-0.82138112 -0.19970136 -0.21083176]
1199.5886929035187,1001,False,4,3,[ 5.14934227 -4.4504101   3.9281281 ],cruising,[-0.48080528  0.59740651 -0.20557775]
1199.5886929035187,1002,False,5,2,[ 8.42576636 -1.15091982  3.99999997],cruising,[ 0.5677905  -0.59831228 -0.99408226]
1199.5886929035187,1003,False,6,5,[ 7.85699816 -3.69504354  3.99954034],cruising,[ 0.63925976  0.24903542 -0.34837281]
1199.5886929035187,1004,False,2,1,[6.01394363 4.74468625 4.00000015],cruising,[-0.62185191  0.08809385  0.93462812]
1199.5886929035187,1005,False,1,0,[-4.25633412  1.08344747  3.99999997],cruising,[ 0.50568378 -0.03156594 -0.11489306]
1199.6923685073853,1000,False,3,6,[-2.67745012 -2.61058883  3.9169839 ],cruising,[-0.82138112 -0.19970136 -0.21083176]
1199.6923685073853,1001,False,4,3,[ 4.96900319 -4.36393573  3.93890888],cruising,[-0.48080528  0.59740651 -0.20557775]
1199.6923685073853,1002,False,5,2,[ 8.40593787 -1.34993447  3.99999998],cruising,[ 0.5677905  -0.59831228 -0.99408226]
1199.6923685073853,1003,False,6,5,[ 7.76505942 -3.87265905  3.99960929],cruising,[ 0.63925976  0.24903542 -0.34837281]
1199.6923685073853,1004,False,2,1,[6.21046461 4.70754456 4.00000013],cruising,[-0.62185191  0.08809385  0.93462812]
1199.6923685073853,1005,False,1,0,[-4.37077886  1.24746699  3.99999997],cruising,[ 0.50568378 -0.03156594 -0.11489306]
1199.7966182231903,1000,False,3,6,[-2.71931077 -2.41501867  3.92943631],cruising,[-0.82138112 -0.19970136 -0.21083176]
1199.7966182231903,1001,False,4,3,[ 4.78767468 -4.2795558   3.94807255],cruising,[-0.48080528  0.59740651 -0.20557775]
1199.7966182231903,1002,False,5,2,[ 8.38396331 -1.5487236   3.99999998],cruising,[ 0.5677905  -0.59831228 -0.99408226]
1199.7966182231903,1003,False,6,5,[ 7.65908823 -4.04227658  3.9996679 ],cruising,[ 0.63925976  0.24903542 -0.34837281]
1199.7966182231903,1004,False,2,1,[6.40561199 4.66375532 4.00000011],cruising,[-0.62185191  0.08809385  0.93462812]
1199.7966182231903,1005,False,1,0,[-4.48628474  1.41074097  3.99999998],cruising,[ 0.50568378 -0.03156594 -0.11489306]
1199.9024331569672,1000,False,3,6,[-2.76279714 -2.21980357  3.94002087],cruising,[-0.82138112 -0.19970136 -0.21083176]
1199.9024331569672,1001,False,4,3,[ 4.60547571 -4.19707227  3.95586167],cruising,[-0.48080528  0.59740651 -0.20557775]
1199.9024331569672,1002,False,5,2,[ 8.3573429  -1.74694407  3.99999998],cruising,[ 0.5677905  -0.59831228 -0.99408226]
1199.9024331569672,1003,False,6,5,[ 7.53671645 -4.20044769  3.99971787],cruising,[ 0.63925976  0.24903542 -0.34837281]
1199.9024331569672,1004,False,2,1,[6.59887191 4.61227129 4.00000009],cruising,[-0.62185191  0.08809385  0.93462812]
1199.9024331569672,1005,False,1,0,[-4.60241227  1.57357339  3.99999998],cruising,[ 0.50568378 -0.03156594 -0.11489306]
1199.9914515018463,1000,False,3,6,[-2.80741516 -2.02484401  3.94901774],cruising,[-0.82138112 -0.19970136 -0.21083176]
1199.9914515018463,1001,False,4,3,[ 4.42198511 -4.11750343  3.96248242],cruising,[-0.48080528  0.59740651 -0.20557775]
1199.9914515018463,1002,False,5,2,[ 8.32850505 -1.94485409  3.99999999],cruising,[ 0.5677905  -0.59831228 -0.99408226]
1199.9914515018463,1003,False,6,5,[ 7.39936634 -4.34536551  3.99976208],cruising,[ 0.63925976  0.24903542 -0.34837281]
1199.9914515018463,1004,False,2,1,[6.78955207 4.55192995 4.00000008],cruising,[-0.62185191  0.08809385  0.93462812]
1199.9914515018463,1005,False,1,0,[-4.71878167  1.73623304  3.99999998],cruising,[ 0.50568378 -0.03156594 -0.11489306]
